export/defaultDEM.asc
NCOLS 350
NROWS 171
XLLCORNER 152620
YLLCORNER 418050
CELLSIZE 100
NODATA_VALUE -9999
[rows 44 to 65 of 171, columns 50 to 99 of 350]
715.679877143684 761.859156664332 763.205045085452 766.432794185278 424.592827521053 415.242929388152 519.242139423091 523.697270908038 555.845298206787 530.470162309908 935.250119813423 500.305741201258 504.116848932207 488.733447838666 491.872946700504 461.625496222436 479.420665137108 461.49975357592 438.851315903919 435.010557051401 429.231450984636 453.737276904997 450.855431696141 435.267997104223 437.789372944967 434.573530685713 412.015055944697 420.998952214667 433.60204960215 445.383442188054 416.378873818034 439.884270254447 443.151214225079 455.132710616415 443.3180277118 435.93017395851 435.052897308106 431.994906655584 396.53958024144 408.074147459857 415.817305954417 495.403772762533 418.28428938005 431.163786385315 418.234765620068 415.285487171313 425.686892954833 430.230453076609 417.826520300143 428.147586891745
712.950454691503 615.657546782871 618.833006338811 766.838447966496 490.921998505357 489.602059886492 585.465729765344 525.738307442106 489.416695522258 683.065794666538 493.109184978939 479.18925065058 478.246150842654 492.463014626714 476.562806383358 458.999079452119 460.768914250205 430.273378919266 424.622377832587 440.678139774412 442.013156913678 433.296834078821 435.777162233374 465.82286710887 438.648427523214 415.667993942772 442.718631542954 440.008089930631 434.053937567816 430.855043812875 434.571775455471 437.80433607874 433.168768068381 431.118810855448 432.254825636251 440.416454269741 433.731279433353 433.34943084076 394.394407688726 409.988856986185 433.160995785583 428.982414333423 413.400491895429 408.621408529478 423.45348833261 478.977804112828 427.094325602438 429.366323354274 420.71149883782 422.994528365375
608.704285699749 511.692075936967 513.972425704793 429.502781517538 372.256945867067 496.298013575263 595.900957348927 420.495154199608 643.781008690455 574.492133634743 508.230895888317 508.282545423668 494.525544484355 476.477726153409 467.991592555692 460.899766375577 429.503819913608 424.491860828428 429.223266882028 419.154821078613 399.369398233963 424.346360495488 418.259877316695 432.904299649901 422.836756644472 434.321157969552 433.58358506885 406.308530385942 442.863219609454 422.94700229681 442.419110108787 430.962122809922 401.82349857745 419.995549678723 426.187858171077 445.335005008468 428.014685909678 422.416558866482 392.299459578502 400.529742190557 447.81191503267 448.507486690292 397.449743900917 395.641664623629 401.862169126324 421.445511822685 418.81440865751 421.00243001427 423.6462772862 442.548822588299
562.400278686306 468.65244580736 431.137419821453 432.74569889251 372.591307132484 472.80742419849 1016.1060493404 689.391729219651 515.311621792043 500.092079199889 510.282350723834 516.068885216881 489.556490142554 467.828653412796 574.938908380754 460.513909121193 437.031682109501 426.787929506243 421.606117790026 410.374299851075 420.569684774981 415.915481654969 418.827405229405 419.349082790496 424.310484739597 414.056836982298 477.660734551181 431.901380450492 454.973953523918 453.279838666797 445.235654701651 477.878854534889 442.097803514786 435.112633321273 423.031065408565 430.941039057058 422.785050111356 426.85504802538 409.609082032297 418.358740121152 423.579516949853 419.727907686404 424.509369793612 424.917551706483 407.700978007564 437.280403714816 439.52397011706 412.969021663333 442.135280559816 437.309009297362
469.108682441599 474.297433224616 437.760111467025 536.078905358391 460.559753724412 555.213935063636 478.243964021104 500.881880148463 501.787263113906 505.74327803014 512.839746646221 517.292787411399 481.021671184709 516.917093432115 478.235531417509 474.706838185389 448.112841207091 440.764763219449 450.148563751669 414.509648848213 438.758883866706 430.713475086321 421.624128643656 438.855336481954 407.51579242303 432.574018360362 415.778046374461 443.962066841789 444.13898006889 430.027072447745 447.376277286109 462.294503552024 479.846421015401 427.226310524666 442.469210926895 421.206374296567 416.23075687492 418.047552540403 405.395633877928 412.773012672521 414.531627421895 437.667310143047 429.090332814753 434.314455765691 413.453289888188 439.60249595653 446.626034847782 453.921048327075 463.705480108606 450.914102291509
576.992958751197 362.86106800623 466.442988077606 469.340509085145 602.647704636506 478.326402676638 505.779942431055 466.955794146667 475.297747901586 494.730670532687 468.218518632113 531.640450114338 492.372392280374 476.006805103214 467.556777751238 466.53788479298 419.459961418467 411.880102321222 440.238592832984 415.648455816512 434.623720801833 414.991753704333 430.129363651471 416.151137375701 459.676296307639 448.226327543907 435.483230003124 444.8139378581 446.43704818536 447.693821630898 448.852821832827 442.170864226856 446.446572180523 410.047376841266 432.594860437822 409.426217075767 419.010978642991 425.720872005538 427.14919727255 428.884087919503 414.878694135222 413.465556012473 433.69616372504 445.982634345525 427.381310638278 442.86551893206 437.776438259979 441.977031342266 426.826708098669 457.726375613708
375.113663519343 476.071408026208 478.922271955438 1023.15077849997 544.666261266356 519.104283793914 524.079742706361 466.183552188096 477.925216566003 467.721734090054 450.660839662008 441.59238011218 455.316865425606 496.374290431123 454.854484262552 448.970975835355 411.582693064174 427.968098558723 431.093583216275 460.815909149547 445.428127917257 397.559373725899 432.933669108335 452.106815329992 431.535901721239 467.811505592874 433.021306729706 407.664973268931 448.358518441279 440.580384353475 431.170939381832 473.633649434988 437.079757793288 437.535161509159 429.522989152944 408.137324162402 402.562949660366 389.398316195904 414.596867285298 416.170731161339 403.882778253593 413.574455017761 399.803676076259 459.388408729291 493.261715809511 439.432359982962 417.730169534102 442.111990660798 442.414995202217 456.702835844973
719.060406832164 523.992604782748 492.145531888342 543.280678723965 549.223725649856 523.922129721851 496.860994870882 432.128325565984 471.779609304421 426.990120780455 461.331073470326 435.20453321298 424.015550184991 448.174110136041 436.262016033501 446.244991132449 434.50282071152 438.063836872148 448.134864757795 432.759090453562 441.940574110221 442.319087528256 436.469375583722 450.100556905696 459.912404414259 449.86464968254 455.852151926688 430.846846074982 421.53472878183 437.6122534664 416.296670587796 408.826837200775 377.895596585371 427.147640583602 417.417495013565 427.198319949158 412.794344066296 398.323644457266 433.115359522138 409.502216588883 433.809832581602 479.299034536392 420.798231672681 425.922014471379 405.188651354913 394.117297268093 394.301062906025 411.989713211967 410.231140233143 420.482451105754
655.597575611162 443.269847497389 1025.98964103136 580.450312104687 562.489248801996 518.39293302709 515.322868267709 483.887139461254 463.364747358048 460.579199402509 450.474007998257 429.075320125766 466.4332333899 413.926506431677 420.943665599541 440.935425531583 440.972355110834 436.843203973772 450.929969741933 410.3292282781 452.003364676366 470.351193069396 470.733980967065 463.097898402481 463.732222940785 461.838082649235 469.524192004856 429.859513692234 425.56850629719 425.508880124548 406.898401075279 409.177934995952 418.360335147602 391.726347770869 426.427031662926 415.530422658394 391.156234023592 401.38784853124 392.923749755257 419.113722389676 448.688866311933 427.911077884206 416.282724543817 425.256753554063 421.403785766499 404.884988782152 399.479334770656 412.18014855983 406.523089802595 404.443267134197
648.752919282301 570.8109033694 582.694274222733 611.685250938689 576.578438024152 532.095605528142 496.555689379208 481.403399346773 463.643874084935 458.395121796653 446.419577703864 422.824405574289 405.59071731415 423.845218743952 411.330308265104 422.693802722503 430.947685868853 451.54976363734 445.590341463222 446.482378665677 457.911671961378 452.776798208348 485.259602378956 466.815426725359 549.27122800987 504.276442698729 464.035036115622 418.73167197128 398.359654157815 414.170175219979 404.56958022846 406.996293115106 417.882668627589 393.743570708009 456.915497672711 436.156025827741 397.867564433112 396.510975655054 407.173199962425 398.408292096617 404.915999525871 386.760057916067 401.656608315282 406.742796042741 425.534340036524 414.611998206616 409.985968127255 411.148173191564 387.198729460491 429.513134179842
657.137904786886 537.68194131034 583.56423871198 713.752085601849 562.355885402162 587.970068165948 508.610656555078 469.01217642846 472.678632457222 492.624393621949 443.241314709166 485.832167116484 413.092129732163 410.133209248903 420.210759899278 418.560841510112 443.864953705942 408.863804992767 454.34251161442 442.190015838331 448.694752259299 497.546020172133 470.328392267419 711.282929769149 624.66457971726 463.181592414892 420.572095254867 408.113668286711 374.109903519382 398.114493181959 413.794461041589 409.494340184318 384.30001050603 410.658459590205 427.009883917588 435.732416258133 408.862194503879 390.674492038873 408.921235725592 382.438458905404 408.463520082302 410.264255053805 405.515057462593 406.92370694868 393.586413837825 439.434723282657 411.78965639838 421.622991831077 418.351380961955 428.985189642761
640.325875897149 1174.63794340489 570.68442792817 641.901098268396 586.120643908337 525.356867860732 491.724778444088 470.127478654488 452.94810065063 434.945537771676 434.800117356208 422.772940744255 429.299237700494 425.770049295721 418.401511590861 430.497425201524 444.849725524108 443.845858210493 453.295926244192 438.894309037529 472.066603500562 449.324075455406 484.653473044928 500.11506290505 469.079395163673 447.142536530298 409.751458597527 383.205363020032 378.457823861451 412.771582307984 402.663005958795 394.930255987265 412.982537534851 386.945290631897 399.751747208633 429.789807138102 396.094652239877 403.445923057248 402.249721520231 398.419720367891 395.224012641426 404.093880442443 386.126240015477 384.866801379861 400.225401746536 410.414613449408 433.371950576043 435.62080605422 444.488417109861 440.262656206226
483.901921798499 626.662236227977 592.608127687117 720.033510021823 565.944987759542 552.847963717221 502.726162283856 475.409916650493 450.544086829728 427.018327062095 410.892787777107 405.180075801323 401.700380260949 434.757792259989 437.645349305798 429.775180412859 431.532942054382 430.286092323099 433.250567285304 436.412196275295 473.14124590093 467.21752990665 432.80487637521 431.975325146654 413.987232990557 409.681943450334 351.739258616262 355.191850631201 360.923212976173 409.649399810473 375.203911556249 380.377657707516 334.234079528798 331.409543001463 416.435451564626 406.454819908371 413.279892933496 405.015590398387 392.697856725704 413.712143298471 397.386882691791 411.008545790261 412.785985480434 408.104801803106 415.615008914467 416.154070518605 421.017380180811 436.892051748084 436.845690024527 432.671880866487
662.604716621363 509.86032966692 586.034584971138 557.204123463506 589.859423442193 562.2315471103 541.198683727393 458.326902050151 441.089779396898 434.782585279692 442.586553507773 405.229870865458 405.964629069894 417.138601162395 426.837135769437 417.930118065224 434.534649898717 429.469749507984 445.603282725364 447.383451468739 436.232123523915 458.674982218276 379.413037190635 377.13399648991 369.526842121149 373.294896170087 358.616794970105 338.611293194066 335.70110852261 352.408389204415 345.283701380035 344.709495062738 388.08834950482 394.287755047861 406.968723299176 369.732386986084 350.66610994317 390.95586466673 402.219473923756 398.99833643281 404.267719048286 404.362122119672 397.784307058672 415.162103728901 421.793637424708 414.474719798292 421.841489439447 424.140589108903 427.067928385425 431.204444162297
500.777733196442 568.522040043881 650.856065962991 619.472863586935 596.663889062144 603.971818580485 493.600104619387 458.755112260281 424.439041788095 428.692731371834 429.188613385374 395.325165614354 377.056965167948 390.752894734066 411.899050947317 416.390681190968 481.679468423364 433.453751286562 443.628939115446 415.908395410305 371.76222539892 374.582683194089 340.99150919357 344.539230307214 352.542204370335 357.101736713657 346.996870143992 372.808782482215 380.186328308679 402.812870441547 375.821134965743 378.754969022029 385.68970100532 390.484726972642 392.826533303683 391.893553810336 401.135138296593 405.457052122169 390.772216670498 393.386193604378 405.005207306463 406.730018550247 424.904797694458 415.40725640693 411.995279822425 421.46976231454 434.561666911759 464.361955873185 460.260827412716 458.157892585506
526.565196654407 550.417157934937 624.890908649477 611.366402256472 607.256256458813 601.906848244082 518.308447892543 460.424178615562 440.287303399766 434.337235292834 399.236819387232 367.774384901878 389.662837806184 363.935362413618 412.757971456298 414.259513754524 453.073226744583 446.714516947429 399.568858901059 418.609483895659 356.162356920598 360.298151012158 350.759696230528 362.887733035573 356.719844044258 388.45799381393 364.469314458441 378.562267180778 383.155784725632 376.170913030942 379.164880072187 352.844225624067 383.478587992486 393.941674120105 381.153655133977 398.713135642495 344.076215768158 393.331809873481 403.40806790841 402.947637001221 410.375440214672 411.504275668054 405.077395612942 379.291155137287 409.8829736289 429.79011340434 434.132920519967 439.966110539734 442.584550860488 424.16553547202
462.308998845268 566.419485131653 603.601208912501 595.001079581917 666.435713524997 672.580424167081 588.560889134594 477.697297366394 460.171883868542 441.225360742959 401.336670055478 387.052356481428 398.546263553174 397.101875589567 381.26265311968 410.705809625456 415.039155885355 440.690975166591 434.77462412129 438.303740337251 351.174699945482 388.838160606674 393.900903771689 380.661098448586 363.328817393769 372.148686903889 355.886784658923 402.489011832817 388.799928407562 388.261921774034 381.853182328919 395.189626309408 380.906572530439 369.365682679933 363.804053693402 384.066378922532 383.893181758528 401.747235691134 411.609319867878 403.51419488287 411.988821102168 408.091080304767 412.628761697196 426.582863872363 463.334037324847 431.989304908934 416.194239595841 439.779897472455 447.114159252362 457.902828042368
518.385040253003 542.303542308993 554.57344607313 571.075630800623 651.629876388777 631.009151346891 643.081779678833 503.449002328163 481.262040470619 424.095141614204 404.872295530131 408.795219271815 388.421563093217 405.942829683819 406.304721272494 468.651043391136 436.998191649089 394.794859139002 408.849354547408 400.430981903779 418.401355653042 410.822831296129 386.848732966907 378.933508173987 375.397877461621 373.115578805118 355.271108994504 378.776592175402 372.30015543422 368.716025308684 369.698899440369 364.87835747494 375.536659640908 386.875712626213 397.273019638246 384.65214411048 411.505262812192 430.168051765312 407.989530201859 443.226159412594 414.813952498876 428.81507758128 416.862951632494 434.028376007248 434.868692227983 451.427469415227 425.522274215831 432.349097056433 495.6836495065 454.861291792811
564.354372543812 557.265353665834 565.042940094715 603.748024210095 592.984340941243 674.766221256463 572.798855178083 509.955796899406 481.104642707617 427.122394515666 459.746693248331 406.632113203449 403.930248875267 372.926159845055 385.742037225718 402.208680980314 385.845424770825 386.944147322437 409.243849703416 386.739636940982 381.142618569665 281.027728389127 383.609254030377 383.536468652412 379.415283230543 377.53520398877 371.652091589191 351.64708261713 392.682699260701 361.620215625793 381.515364689382 400.08070026441 368.313003255756 374.923028930929 407.233178707778 375.447865696429 370.717558017578 402.018238913347 440.241549297538 442.805188451349 415.074016280369 438.095858857118 417.796801637632 433.241622426365 439.236473232173 447.169732660892 456.900395651874 465.855141172451 510.978415946563 446.532676960032
532.511803808305 548.192003342069 550.415256485921 556.759475423392 550.689162602029 460.828955474527 430.985966087061 455.89951272277 462.632950524339 394.427891064637 431.933176690713 476.526621847139 384.424913555552 357.265818864572 378.601195070972 379.90538825685 380.86182904414 386.056650955961 367.904735496228 391.826877920041 390.358885881987 385.220193870747 400.838782491693 388.499229077317 399.370160750841 384.500929731222 371.657496492521 366.735317901961 370.321416427539 384.925776070821 365.067716555457 395.366746156629 355.21794321976 370.985937754987 394.862878878096 400.169929230845 397.04115596771 431.938657033894 410.081693363404 429.526232604996 451.162248001364 435.148098025924 431.073894297884 439.01528952579 439.279575986346 419.402402918315 439.684324242657 448.412321149306 451.770596094225 450.247431952335
497.785545454034 517.152111972987 537.326548449072 672.292687708834 531.555424376483 490.897180980612 460.031217634262 426.609587330861 420.386513164054 411.908202872667 441.050981480935 415.045762406276 397.933207495439 369.35888557322 376.565062752401 384.649141761674 369.34733467282 374.893543698494 371.023291630131 358.880972205034 370.611761992476 387.398044041005 395.978367527346 382.470355260564 412.067357481403 337.41847321218 385.977313221608 379.775707610579 383.48517545638 371.627409376728 381.555507727695 390.970864739636 421.878156578633 395.560085563188 366.20586063271 420.434994697373 396.012319556826 405.977713394617 424.432077531652 406.58871184556 430.270798695125 440.032953501967 423.943404999901 448.658703626043 438.623496999446 441.394557529575 424.987443004051 435.030239617749 465.320686131097 462.464598457804
545.240350976528 507.684395848008 484.769772372399 556.753600731873 448.332945504999 459.94307809259 440.543849485225 430.934628501571 400.428148117831 410.021288130748 423.199021376489 405.648344675636 359.511100548063 356.276784699247 376.150307548278 366.99590595349 371.057731804587 366.179912988792 386.668213380514 372.957015086345 400.887019224879 405.816193460603 391.252394776324 343.383575997947 380.155060703633 387.2786856201 395.103653977143 391.576715738344 356.834866857578 365.084691908169 391.383628203003 387.735492289836 405.269005635181 430.055752856777 455.043441039348 427.794806416835 421.173463074111 420.886670060083 437.203047687594 452.076154803368 438.023781454637 438.605952717027 445.488480873593 436.69359749972 437.286185239903 444.125242051401 452.158805405561 457.016173949869 452.119632204743 433.757939479106
