export/defaultDEM.asc
NCOLS 350
NROWS 171
XLLCORNER 152620
YLLCORNER 418050
CELLSIZE 100
NODATA_VALUE -9999
[rows 0 to 21 of 171, columns 200 to 249 of 350]
-9999 -9999 -9999 -9999 -9999 -9999 -9999 -9999 -9999 -9999 -9999 -9999 -9999 -9999 -9999 -9999 -9999 -9999 -9999 -9999 -9999 -9999 -9999 -9999 -9999 -9999 -9999 -9999 -9999 -9999 -9999 -9999 -9999 -9999 -9999 -9999 -9999 -9999 -9999 -9999 -9999 -9999 -9999 -9999 -9999 -9999 -9999 -9999 -9999 -9999
-9999 -9999 -9999 -9999 -9999 -9999 -9999 -9999 -9999 -9999 -9999 -9999 -9999 -9999 -9999 -9999 -9999 -9999 -9999 -9999 -9999 -9999 -9999 -9999 -9999 -9999 -9999 -9999 -9999 -9999 -9999 -9999 -9999 -9999 -9999 -9999 -9999 -9999 -9999 -9999 -9999 -9999 -9999 -9999 -9999 -9999 -9999 -9999 -9999 -9999
-9999 -9999 -9999 -9999 -9999 -9999 -9999 -9999 -9999 -9999 -9999 -9999 -9999 -9999 -9999 -9999 -9999 -9999 -9999 -9999 -9999 -9999 -9999 -9999 -9999 -9999 -9999 -9999 -9999 -9999 -9999 -9999 -9999 -9999 -9999 -9999 -9999 -9999 -9999 -9999 -9999 -9999 -9999 -9999 -9999 -9999 -9999 -9999 -9999 -9999
-9999 -9999 -9999 -9999 -9999 -9999 -9999 -9999 -9999 -9999 -9999 -9999 -9999 -9999 -9999 -9999 -9999 -9999 -9999 -9999 -9999 -9999 -9999 -9999 -9999 -9999 -9999 -9999 -9999 -9999 -9999 -9999 -9999 -9999 -9999 -9999 -9999 -9999 -9999 -9999 -9999 -9999 -9999 -9999 -9999 -9999 -9999 -9999 -9999 -9999
-9999 -9999 -9999 -9999 -9999 -9999 -9999 -9999 -9999 -9999 -9999 -9999 -9999 -9999 -9999 -9999 -9999 -9999 -9999 -9999 -9999 -9999 -9999 -9999 -9999 -9999 -9999 -9999 -9999 -9999 -9999 -9999 -9999 -9999 -9999 -9999 -9999 -9999 -9999 -9999 -9999 -9999 -9999 -9999 -9999 -9999 -9999 -9999 -9999 -9999
530.299129841015 662.511212485684 661.377941561987 673.861327488581 858.471415622265 -9999 -9999 -9999 -9999 -9999 -9999 -9999 -9999 -9999 -9999 -9999 -9999 -9999 -9999 -9999 -9999 -9999 -9999 -9999 -9999 -9999 -9999 -9999 -9999 -9999 -9999 -9999 -9999 -9999 -9999 -9999 -9999 -9999 -9999 -9999 -9999 -9999 -9999 -9999 -9999 -9999 -9999 -9999 -9999 -9999
528.355936750715 559.210178772969 559.30262864952 573.876763956468 757.86174768844 776.130152766119 631.55104977833 748.493950477917 720.704026609092 711.416352281382 -9999 -9999 -9999 -9999 -9999 -9999 -9999 -9999 -9999 -9999 -9999 -9999 -9999 -9999 -9999 -9999 -9999 -9999 -9999 -9999 -9999 -9999 -9999 -9999 -9999 -9999 -9999 -9999 -9999 -9999 -9999 -9999 -9999 -9999 -9999 -9999 -9999 -9999 -9999 -9999
933.390531483919 534.040138143026 536.401059670641 569.242005099763 754.493437849396 769.73280500941 618.874611548946 629.445835507966 607.779577730175 603.704601326742 605.076096788256 617.5238079384 720.880527231521 725.389482827454 776.786745243777 758.574363053705 752.114920214329 719.697221771555 1073.8982995505 1049.89704641894 1008.96626903689 983.949144032219 940.423291521272 930.431987500375 920.022111054605 936.601645904531 909.507680948003 898.401520795074 902.827134494417 895.627462804182 846.779497464327 820.655509698048 654.740022625125 745.916890522502 721.854449677482 718.672442404804 1023.50158367118 1093.3084894636 819.949058710281 -9999 -9999 -9999 -9999 -9999 -9999 -9999 -9999 -9999 -9999 -9999
930.278675087193 965.143873674382 784.78955817582 796.108296059509 1110.2216646022 1141.02398062485 1229.25197892802 611.01382859216 591.726236814225 591.067305169917 593.938897748875 604.699609871337 610.034906030385 611.459425759845 657.664591039916 626.812685378967 622.485031212255 600.516884522812 959.31122782259 935.80952366548 897.250426869028 860.301495406281 830.506927911411 819.511037303785 823.544161952006 846.820408487368 802.704160182139 792.782664568636 801.625373371826 784.563357394995 745.694868308687 723.797752632387 555.372082628169 649.891706132162 633.160006127634 628.881203907655 940.361634240523 1022.37502774161 737.372590516393 575.029044234652 733.127412032506 1103.23918115295 1254.66816680512 880.101453340009 734.425660143131 -9999 -9999 -9999 -9999 -9999
1026.20480373497 1059.91551506663 878.713067723938 789.792175473911 1084.0912227608 1128.32847819844 1214.60483041355 1220.91007740793 1034.98628196574 870.522556271885 855.137848781668 852.667040831671 593.112827544847 591.061100582522 633.585056216545 597.58624543435 590.652493894155 573.910625638385 939.073562159736 919.091028658482 870.887438645826 847.39860958108 818.715340487331 801.897693170458 809.734164369351 833.943938666535 814.8880459313 764.510716827416 799.714209271834 784.982615666039 747.080272214591 726.558818526899 560.133253184679 654.677783772485 640.747146662581 643.132708274042 961.214637650351 1042.5094943067 475.428515067567 489.34015626469 643.730797661369 1012.09470879325 801.229256352164 847.668439431633 795.837287692955 1308.85448589312 709.585516797915 -9999 -9999 -9999
888.884419771139 794.802186765406 1071.36825966219 1220.5678721997 1174.08009417303 1200.39421891781 1303.33696657122 1206.26376559151 1022.74712600245 861.065067765611 838.700575156293 835.868255194394 669.351013019328 668.38836765547 669.132380949589 771.981212123052 884.120413195805 905.709732047311 891.673432878705 994.183784155207 951.842027059427 1076.76397594067 703.738041062623 681.142221877189 747.787332848913 785.43421779944 770.523309756334 745.380764215525 700.55914602757 770.446188910103 711.054944383048 673.404249627107 581.077408686774 561.555277997722 582.020558682719 503.836540003921 500.209888160022 831.025394460995 842.1359061241 503.407968755763 652.45148531992 695.642658877359 705.871120173866 749.913188621882 698.591709529449 1210.12532350788 854.094330674093 1335.3010766267 711.098108815105 -9999
920.873766360272 1021.5858204045 956.45278404972 1073.41936115146 1088.37399335938 1191.0981625363 1217.05655951544 1235.90875900194 1108.48033796437 945.290410752517 922.811476510321 921.675140407674 749.513957312097 746.220324391792 644.957565630421 746.52094470711 859.51618270382 885.032647966294 861.039673488971 976.950451728194 937.041296340262 1062.27171163214 689.856627329985 663.31579584005 731.628402907733 758.966100713659 763.545722725213 759.394930574678 717.362245194016 771.046031999048 714.602861808386 677.14108427754 589.111597572021 572.289163265115 586.851006264736 518.550769174454 517.481010545035 849.408693837113 861.125860937864 865.225792742949 577.044309345447 587.539839388234 711.428307339521 753.731464116148 701.142286123491 756.956536944929 756.867216387535 1240.70291014899 807.5681207007 836.811265149573
889.263914418141 920.077569913312 944.645495383297 880.797027180501 750.285515304167 933.277465421322 760.721556024342 741.582923437226 1094.39412887517 930.350300238866 888.486001082261 872.03392330273 865.087195069973 723.665630552174 825.628136019448 823.336768747062 928.178542342396 954.011204828717 945.516325599661 1062.60994569303 1024.59417467409 1150.65615844316 777.468020415463 751.301386356119 821.11059603503 853.155806518482 858.945371372451 855.599051238357 809.205140285787 887.472315446989 822.064317920178 782.219701559739 690.404907686273 678.081568569049 699.432532987364 630.694579753932 630.289223899751 962.984162529847 973.914168390461 876.271353838034 588.494247116093 595.46488597224 599.940888415809 902.939324934839 905.265253716796 763.78884920808 756.767499719985 715.910005027057 710.9737194424 740.01921846554
680.104421108472 680.750581591786 693.640896152112 695.253508138312 722.562446165142 728.012378216668 742.537252063644 811.444859309242 1063.29092884925 918.225952118356 872.670591042016 1033.11206898494 850.946725949199 905.784372329838 879.679653687584 1408.02175817893 909.060354207527 853.88563311127 1008.05130513847 1315.84992008346 903.180928086636 1301.05811344853 883.411647019257 723.562739904027 740.709452532962 758.535881468687 773.920090787885 748.171033907148 911.525117391969 895.231520046436 847.426095367493 850.885643112486 894.521730405367 915.654255997929 907.38745894019 922.077096425905 954.543905851134 973.001248728822 984.302731958219 879.972970108705 698.785881370686 703.802660694492 607.012597405432 911.014733326821 913.896890024562 943.730726681457 935.486280087377 720.983208333438 730.223577425953 1035.37531627552
691.697989029283 665.048312587587 694.313987970111 693.233996431031 706.710244740849 709.489081400452 712.215552110447 808.602438600223 767.290355895781 767.069574620808 1023.64129475488 1017.27128672877 1339.44444691084 780.789317116115 801.178800020367 808.408600552179 745.555364178316 816.912648317215 790.522301578085 1312.38169358142 744.138533957358 707.432782499284 705.783865012423 1130.33272555615 665.218992281858 723.543890381248 734.204361068302 835.59540207232 820.749994996321 818.827932810129 876.619625883772 890.360854799704 809.36695579111 817.035849930963 820.396042861007 864.041425512842 914.842975243042 846.679139105286 908.774497513773 887.50025321545 936.176695549384 982.609784273981 1016.92968164928 1019.0880106515 921.701832369917 946.954940040611 951.208043840456 927.668881433669 799.773111007232 1043.37096987164
672.997545179607 694.724382091228 705.383730625686 703.880770505586 821.746373082809 720.118764212668 754.34263467508 762.590200917143 700.434309362538 694.691450171918 701.354861043195 695.997574537486 829.176115489868 817.192993026512 785.694466644804 820.176450345151 769.778275184109 753.996263030511 760.866016154482 787.72754483694 696.777765853969 701.37213890743 716.224957444561 709.425505850155 740.028219553676 772.532308463394 831.162316930356 833.561965375193 737.954138045516 798.432029963986 804.975324043785 930.268764642173 760.305871125739 789.454731023496 792.866291580997 787.684782717594 882.027603202903 861.721857304536 849.17615847438 899.514666051665 901.72902364423 897.955346696765 925.784883318722 983.689734804001 1068.82828036375 1062.42560905052 956.846342953772 932.964861950442 805.733037561246 804.881849653543
760.391186200601 714.043180455812 722.083731159188 768.003362630612 841.678057184018 709.002724071963 721.480683281612 762.206724911556 730.614937378378 725.015761700449 988.28774415863 984.785880632471 732.401379423586 769.901844775309 767.008060083367 718.378772454828 729.529157683187 748.316887330107 720.807990927539 709.419924878121 727.296376155944 731.868467270257 740.567766715048 710.587908298269 707.117101519846 711.914500090281 756.245528936946 1268.84809829453 831.142346945974 868.149983527613 901.314740097373 931.554614891337 760.826922889195 788.356139874996 814.722914924439 819.487852172623 814.993684530696 837.723645059694 846.263354666563 858.804943797969 896.840315114336 919.090514465773 942.457411272926 938.748650142553 961.727610644897 990.543039653898 1041.01842935551 1037.87287960034 910.734449728695 811.606411187644
544.883910573216 614.62593240234 1293.16194190586 702.497654163749 687.699797585835 789.108928505896 705.716096653306 737.819335838827 719.594875972899 773.977135312087 853.031289697085 740.460640576492 707.26065339272 712.332791607913 773.414666840447 748.816246737666 747.480107022222 735.452717864677 710.498592106828 668.600209531396 701.664779409553 798.781499902089 731.494855336632 677.665953359959 653.007266591511 650.878392866254 662.613491000569 701.167456966702 728.746042573265 799.696168693813 1018.54659309126 872.75107415167 678.688016332551 1299.60034890148 741.49201563219 767.895270450571 687.168721976071 752.080083280572 802.942367890746 792.667963907782 770.45855810112 794.078955824861 847.197611906941 813.147847244415 842.914051006431 903.641134690544 982.008716122771 1023.88986438129 916.045073756527 916.670764127844
1081.0658277404 603.698884481145 1287.49781347848 1137.10241355907 699.234074560909 761.249171563991 721.80330574939 694.362895909514 1118.57376944599 746.790738229892 710.007211745183 664.797513232587 716.815550571184 706.820443902867 725.239041156314 789.565242236438 736.766427917391 705.776208128092 709.688998631965 672.951262571773 706.067839861992 802.562013588602 738.515326884755 685.607941032957 658.529225103204 659.271250350741 725.627257217739 718.304265429009 724.968906639379 731.928675769411 741.17192363734 745.752134941089 701.031068726321 716.429611134941 664.968953073316 1213.53244106883 671.924083059006 706.472117851295 756.23588879253 799.332320285426 842.698062735798 821.293461249382 897.3955854641 870.708081485613 799.768360566837 804.830501747461 891.733737487565 917.155332797716 923.122916985244 1035.50922430876
643.953502000858 680.629177524508 767.699915187627 750.121014807666 1135.05694594844 1380.76147215147 901.531650128785 711.01477108679 660.40891165498 706.628854631213 691.843850855464 683.558315044685 708.947883791217 709.44345882778 736.595049571077 747.798393335911 709.547558927738 729.116413661636 677.666792427314 705.834903520823 706.15070894162 656.566268824961 684.479675840513 661.564601101393 662.52317469677 756.688571879834 760.158936921157 728.066560139435 735.897234260462 722.063121206678 739.956082390964 746.742741102797 734.974124895034 677.137499232497 690.307596852715 639.103016062286 679.791142995403 1178.39559618335 717.442093619634 752.885127223221 769.334566165544 777.930140936374 843.540438569482 904.708514790341 803.737314356613 814.139570333683 920.076334781127 844.466081703144 890.53294819004 917.346783881986
664.416986550212 663.77934515482 680.560983107489 698.84304534231 696.58644451394 680.96377411627 700.319035944076 706.56439638836 691.830330530637 680.717381947627 681.365068745792 684.440644636717 654.239694466483 691.713850980015 730.073741908376 733.012452501815 738.44906483526 710.998288050439 681.038463279958 681.498615646259 701.144323296552 661.254826889981 690.353917367047 667.810130011659 667.549918926582 732.698710203918 736.851469871126 697.914115062204 725.644755825495 707.575052277187 737.395130397402 729.41286259031 737.790718206585 734.776429621869 736.143293479651 738.863592479204 736.611365952711 725.92474465629 765.130507495454 1166.59528452373 1307.23356908409 780.264597374558 750.493651259884 746.216679003363 820.627453278793 843.857784004698 796.429386865098 1026.60243803235 1186.56580436362 865.980760434529
687.20269437023 694.866823683009 698.665899157239 680.725887706315 690.262246902743 697.261441871817 697.694631126727 700.37652224676 704.176409987995 681.777483010566 678.79611212808 664.696096389001 664.967391329428 669.217098957661 685.644164355253 715.555174630579 703.908751047274 696.489723275839 689.285818035845 681.714428495572 745.26164148453 689.325041710987 693.73431492067 685.703394552228 687.18665191291 702.870560580062 681.723616201758 734.791079957714 743.29290111697 761.235065099703 744.006692943221 749.910560916691 731.593904142092 727.803950600438 738.342599494645 735.202630120559 752.460198230399 747.429580370714 763.898635639508 784.811057905172 757.667657908094 743.387662828532 784.428407566787 866.560747914642 764.475249690271 766.746847363813 851.556335512534 909.072719205273 925.188696102269 876.555325741507
