export/defaultDEM.asc
NCOLS 350
NROWS 171
XLLCORNER 152620
YLLCORNER 418050
CELLSIZE 100
NODATA_VALUE -9999
[rows 132 to 153 of 171, columns 300 to 349 of 350]
941.233853877953 962.550979195291 1633.13736729611 1239.22413051411 1042.49319174596 1090.59231525457 1587.01789027383 1509.93293539884 1316.78963054504 1400.89878861667 1345.76682724516 1293.82174843616 1159.34593420966 1455.86895102583 1437.52119963252 1087.03223396872 1143.9738997 1040.59492568614 1061.06713306541 1006.99670622354 968.216913931725 930.855294565008 910.890276392521 878.570655931856 865.982628467826 940.796525646227 857.009059828419 885.969602441887 936.42821137005 896.937620734339 848.477694439572 858.765033487118 884.066317778945 916.190754216874 -9999 -9999 -9999 -9999 -9999 -9999 -9999 -9999 -9999 -9999 -9999 -9999 -9999 -9999 -9999 -9999
859.350393778367 916.700037969685 974.112928955192 1373.50841889825 1161.84348563014 1082.75414460791 1436.13523126437 1793.22693543959 1346.12209054323 1262.26884144546 1261.10864882439 1343.00019702387 1176.77273715333 1193.48085354438 1540.53338014373 1888.85257326155 1671.21515272971 2169.06587303403 1788.3717402721 1447.98477549143 1681.17289226111 958.445306672465 904.036949670008 907.344941797319 861.323956611829 846.71994467575 822.029037866901 926.058624173219 908.444176131865 912.560110221048 830.859177474878 911.77577746636 870.951261849822 923.438244380641 -9999 -9999 -9999 -9999 -9999 -9999 -9999 -9999 -9999 -9999 -9999 -9999 -9999 -9999 -9999 -9999
855.025462010749 845.493499065272 852.163811360057 1079.11389166012 1180.16836645985 1194.96236730672 1389.05998584586 1481.29850300557 1357.24583950877 1284.34818799281 1281.76821257372 1358.62911773916 1310.56605252071 1156.20125147641 1390.23585815242 1482.41151904101 1301.75764966191 1408.63609088502 1177.9240765852 1143.20396393476 1231.13237695049 1221.56228574362 915.705465820398 907.091061844658 879.642502398009 863.567572100873 943.470529336956 876.150394708711 960.030263406356 900.893157451801 856.135489930993 834.392402113439 934.912368034892 902.132497527764 868.673561864733 -9999 -9999 -9999 -9999 -9999 -9999 -9999 -9999 -9999 -9999 -9999 -9999 -9999 -9999 -9999
823.079642466378 794.611467712709 1106.76020234831 1329.38439878433 1133.74561600236 1163.28615109344 1113.98424409666 1638.14693963706 1652.77220181142 1341.60416593554 1255.02827896313 1497.02429454656 1179.84382084669 1151.91085004863 1381.41067787464 1912.39882802787 1435.17454879869 1190.65098984683 1116.63759683301 1078.45424242651 1080.81359930995 1069.53430029046 1274.62676016862 1019.91101353622 894.960620625771 855.277670332463 836.155984850561 867.801176297918 864.451528101883 938.945192920199 903.257012527646 832.689382857216 1096.10718912887 793.238046912486 922.042565156277 908.229580992779 -9999 -9999 -9999 -9999 -9999 -9999 -9999 -9999 -9999 -9999 -9999 -9999 -9999 -9999
805.099079442915 921.339557136834 907.703097506938 1099.53368906094 1050.24150182811 1290.79926293371 1240.26594238527 1141.04126292991 1205.57124695327 1201.09839894647 1234.12382159765 1111.11907231499 1409.0351942069 1671.94486768877 1247.87318232992 1187.20924346303 1119.23759048119 1151.49905798937 1092.79769434161 1081.67572462232 1013.78317933714 1055.14267545879 1019.65173599562 1160.04970991929 1016.73998290398 991.344849015522 875.796808039752 833.137370256315 859.987021473032 870.571692435529 943.578176172771 1477.52550948033 846.233680868633 840.617269052088 819.673532614073 915.106192372263 -9999 -9999 -9999 -9999 -9999 -9999 -9999 -9999 -9999 -9999 -9999 -9999 -9999 -9999
891.587342845553 971.657396916657 967.499428029395 966.636560209847 965.5368028229 1239.95145322616 1227.0924965739 1155.15820990454 1103.42974236856 1237.440974602 1109.91856559868 1064.47124413144 1361.97911101729 1471.41101510058 1367.48783957245 1120.12364759207 1149.00804925492 1039.37309494639 1028.9084696288 1039.47879667465 1056.83091998286 976.498259428378 998.13342591499 1030.9030291425 1048.51420809383 1104.64052015019 1695.39592474601 867.52741425714 816.58687943279 873.682839253219 1315.87649551541 968.354346785595 871.722067369606 862.107849693574 839.508155989109 835.513439557329 894.11906798364 -9999 -9999 -9999 -9999 -9999 -9999 -9999 -9999 -9999 -9999 -9999 -9999 -9999
915.84079165805 956.972329198111 957.230487975421 883.348192720495 884.451251093065 1062.008517998 1346.68870028485 1125.93807095469 1146.70120905671 1200.49692319872 1094.29941526493 1011.39340487967 1167.78275069059 1596.76269977014 1438.88298112435 1334.86361324436 1122.37707134702 1098.94493220067 1094.10428549333 1082.5558574855 1025.3278971788 1002.23801107389 1049.08723598978 1052.40759696263 1006.73960351368 999.792994779627 998.652099386435 979.083011952059 1099.91900602363 1214.67953951802 1058.69905514945 940.030767298472 853.934023101393 876.589624867948 866.31765210476 855.413502059898 783.965029501966 -9999 -9999 -9999 -9999 -9999 -9999 -9999 -9999 -9999 -9999 -9999 -9999 -9999
794.681151171937 879.815461448891 932.612867130722 862.963381844236 871.711998834562 1175.26395257251 1195.18910215061 1153.51885129014 1108.11304571782 1073.37931558331 1066.12925494413 1033.70139429298 1054.4365722493 1091.94541629548 1699.90486756794 1762.53090941493 1044.43853984209 1131.6023753713 1148.41743984955 1126.72857492434 1010.05105800043 1018.29931135723 1046.73117498104 997.600407295672 984.037296159061 1003.78239479976 976.903391805249 928.294193948126 1025.95957753082 1155.68162472704 996.53331006675 921.701129772116 943.980547900985 866.858325948022 890.131339917714 898.486383560909 876.707295526846 875.333436137588 -9999 -9999 -9999 -9999 -9999 -9999 -9999 -9999 -9999 -9999 -9999 -9999
842.64905165851 907.613910669717 871.699817093772 811.561689129261 933.403276039229 1053.60431957447 1052.67629562273 1058.53598030492 1137.6702485456 1095.01452229452 1061.50084591745 1039.05070199099 1020.07194413863 1054.22384604825 1348.09920666119 1539.19282204663 1166.01970822429 1119.30558634485 1072.39030625583 1094.96077512536 1139.20893433919 963.398662710778 991.558472385002 935.768942792232 926.122669052548 968.3726512705 985.665435966845 970.578513905073 926.133364534528 1001.39022879114 1320.24119227225 1032.83615557815 987.798014485226 888.824851312499 878.970685732333 907.791748517266 914.173885597348 858.77311156233 -9999 -9999 -9999 -9999 -9999 -9999 -9999 -9999 -9999 -9999 -9999 -9999
750.439539628992 803.4182058354 895.029821642645 865.263276658491 912.500489380966 969.144076094289 985.049997925533 866.232539661745 1092.1634003967 932.041165940706 986.671091334729 1105.16095836185 1054.91105717523 1108.75278899497 1266.52714762765 1493.60573153465 1109.20260788641 1190.00552081099 1180.72344508206 1117.42283214078 1087.14111827893 982.987638795795 1020.58120910716 955.795253903273 958.184445129176 935.826816589257 930.057420823273 1015.84683001601 892.844295285998 1054.23997430745 1224.50061974227 1021.819535844 949.670630761256 986.727231344317 898.024818113302 903.860492889297 905.906223394506 885.269161631352 831.21585076672 -9999 -9999 -9999 -9999 -9999 -9999 -9999 -9999 -9999 -9999 -9999
794.412051016941 816.464981239013 856.252131959825 901.892824726033 1025.58184210177 1096.39952999626 1214.5230864512 1119.41473119804 1033.2433204257 1106.89266730358 936.551428831347 1153.34733316026 1011.6720405635 1064.45480573971 1385.23655910404 1116.7959286024 1105.25309138399 1052.96085476072 1086.88325888525 1191.76443487699 1351.06756915406 1124.60017224469 1323.51431573535 1079.79998322568 965.290952267822 1000.88143312601 887.997351671918 1011.57025147036 988.276758901778 1010.8391640544 1160.83967639751 1144.4084412325 943.242365868514 978.408946404979 972.966705650493 883.473182809329 938.364794932757 925.724195371972 830.020944311757 -9999 -9999 -9999 -9999 -9999 -9999 -9999 -9999 -9999 -9999 -9999
719.433073643088 774.591397131174 760.203108402555 743.0126181259 910.543363724325 933.235438920359 964.150465029204 1008.62094098396 843.760785803225 798.097468931946 893.077371682299 950.939637406175 1052.47562116963 1066.54897120126 1112.62591074196 1407.91127644736 1084.98561524579 1055.5921917243 1018.84520259058 1037.45630541282 1075.28872991298 1000.18726787368 1134.80507167186 1217.34907380206 1053.10216780425 893.731112697384 1052.09567571474 965.887964860198 1037.90229019666 1000.80978019257 1002.14510329672 1087.01014283145 959.970027556596 867.150909079211 935.309967418192 960.898755976944 907.70837527955 935.383700483656 861.448844890028 -9999 -9999 -9999 -9999 -9999 -9999 -9999 -9999 -9999 -9999 -9999
731.171995486778 717.94751664992 773.258842735869 719.892519761864 781.285673070602 780.705337080803 796.605876234105 746.087414399647 811.893064867191 810.326330145985 770.996538901548 739.644165258621 942.248727608874 1005.32018333172 1056.18820573765 1117.68662980479 1544.79054039976 1104.87132819723 1054.60303744988 1037.23774400903 995.13027180625 923.914181248404 1029.60529610317 1360.88543240266 1160.34506597351 1030.45845780695 1570.63472855385 965.772686257002 1015.76254801726 981.826784259486 1028.42239796932 990.843153859079 871.426845141443 838.62924922604 945.521598624967 929.585380846516 924.122422129991 965.702869355905 870.274415711933 889.469689076304 -9999 -9999 -9999 -9999 -9999 -9999 -9999 -9999 -9999 -9999
761.067657922388 718.758337212376 740.473548159496 755.868739229797 766.072435608575 790.227307687143 780.260768554352 764.551125328976 812.968224260821 830.560062904152 777.949524511796 719.26728891046 761.182703827526 922.88125498066 1003.07601820821 972.795171664903 1082.86549117594 1087.40370898316 1624.79584964293 1023.68416676704 1003.34567258923 989.9411547242 1032.05065651951 1016.0855271077 1466.33774838244 1588.79083068242 978.011376835994 1136.55167607454 988.567542438887 942.23673772286 1088.29987532071 914.809421681187 815.641621477807 836.111585799037 1009.01146329908 924.378304392885 928.800002568671 895.035579275046 872.48928450168 938.003109726817 -9999 -9999 -9999 -9999 -9999 -9999 -9999 -9999 -9999 -9999
798.985692386546 768.630806904901 748.580274885683 750.506886738003 714.251593817041 777.350791302793 789.463423308626 780.135966052518 947.507788376261 869.164969353447 791.681895963297 771.069045001632 723.708485724755 761.035481882146 875.399105249597 938.451890084654 957.655122099627 978.877187418711 1050.34976447872 1066.80567374903 1022.80295735951 1034.09279002019 1049.68683633307 1025.30055201808 992.369352101561 1275.49062260069 1093.58757141343 960.062217853339 1013.31963071325 979.536509510526 972.501898182307 1053.88938315693 847.259342773332 1100.60057762877 957.81360976115 867.469810782111 945.302468773642 922.981576975301 892.412293125047 907.62838387748 -9999 -9999 -9999 -9999 -9999 -9999 -9999 -9999 -9999 -9999
794.29729928368 785.258447634006 766.135107554058 746.587230249875 770.432274973365 831.452936450403 786.977023541671 764.256799394102 753.256360752595 934.559400685105 892.399891340821 818.230492005048 761.596869960333 725.096104114759 784.30540611284 821.363097857625 946.563531735149 944.768928051541 1025.71063899537 1096.33552923673 1000.85701590529 1059.8063857827 1032.42685230691 1118.75547735759 1040.10987997438 1005.57796667038 1001.66151821756 1241.9972723121 959.023631185288 1008.37449219416 943.906367334243 849.538913895327 854.700761448851 863.992311527514 920.117456666135 908.964129437513 951.699921398855 943.618666461115 892.805382355408 898.404829968869 887.616779740818 -9999 -9999 -9999 -9999 -9999 -9999 -9999 -9999 -9999
759.037099452552 805.451286274623 785.240819788786 750.913287866942 732.468157818338 749.039810242074 805.497822266371 807.238907201154 788.173951369452 769.25412609171 851.580936660579 894.034004645112 902.345585070791 853.493260021454 750.969000196616 788.465404180299 837.112805039959 830.51961678931 907.354297022169 960.238015051481 1046.36505227408 1070.46321226482 1090.93812827219 1088.12575250542 985.3427414957 1046.01500509641 1039.64118636076 971.528842189094 912.211591867421 847.841490512561 861.861844242872 854.391803278929 881.644871526067 867.433878165378 928.562283271611 867.371708801524 950.825265663704 954.156075267208 882.444619184232 909.014581889656 914.409229486129 -9999 -9999 -9999 -9999 -9999 -9999 -9999 -9999 -9999
763.276416099207 810.831586184762 794.460486924705 776.282567630238 751.062988075354 738.714701967279 770.064054373072 815.586319938903 805.934602040103 797.737237454622 740.616066215843 861.581045379939 843.642579397551 1079.21149979908 804.057133713049 778.1858697593 753.995150439137 840.238105506039 861.705836315726 838.888114733305 896.807887137474 963.03440075284 1107.99177830631 1145.09074492161 1040.76291936881 1000.53625912155 980.084644340745 933.033269826563 859.022659197683 890.923006086223 849.706884647876 867.818298940192 840.820499350828 850.037932041047 918.719223739223 1010.05861370664 945.792903122742 936.130382158474 923.61455554177 869.526726261759 977.643815436493 940.105052174261 -9999 -9999 -9999 -9999 -9999 -9999 -9999 -9999
756.618053250514 766.698337312502 796.382432442769 777.961700648483 756.258618284261 748.782667635455 741.018960352098 845.226242631043 791.496734686978 818.118169616423 873.664792865934 913.691773029187 790.065987098711 859.943303972705 877.914975300314 829.949949765389 798.452364766564 817.489090807365 799.232666153444 857.750643637045 876.148967712158 908.203617097263 931.044401519694 1043.58858406518 1004.50897773994 941.007188003096 1027.93403456589 976.696935544228 931.188563518581 900.798306020736 840.161946932699 853.409911181507 885.011896794892 859.863419668778 899.199029121145 924.456165428305 943.158867962558 977.714695872201 872.135812927695 945.433236280093 967.489824101679 971.339251083955 -9999 -9999 -9999 -9999 -9999 -9999 -9999 -9999
776.54402065498 770.273097241478 796.739028012039 761.56382908858 769.760854140571 742.290148208649 738.798912894425 791.015121934142 808.741433461624 791.821453987573 883.084691199693 861.904545137156 851.969668824688 844.540270894241 940.907722564799 891.137751576144 891.195108024117 847.735128588058 798.47649720921 821.367567023593 825.776558102978 829.850614953848 831.337050419756 822.090977031761 825.086164396475 823.749229938198 864.124715077439 937.827743225998 962.513318976332 962.820635269213 907.608974989094 897.543834249667 868.65632653462 881.690496791875 1220.80274647715 889.446094794065 875.446361372799 976.269552474002 946.075491016582 973.869862762992 946.997846984528 982.412385993781 944.076573658864 -9999 -9999 -9999 -9999 -9999 -9999 -9999
785.662376835004 787.842317959953 830.942017674513 786.242096722518 773.201131780552 752.456796714403 754.998889962429 729.782800236024 818.910609961622 764.636189062887 819.546951025425 978.010207220159 949.612684193459 841.865015997981 853.978324210348 1005.39433816121 1006.25669689237 938.377765579271 947.294528551087 940.465825417184 907.434835923514 787.886561038278 850.674397161281 847.514605565583 874.597817347335 871.476316612642 851.20931624495 834.620768011081 880.602849724275 962.318758655663 951.033456395556 912.753021589635 872.270565479495 883.58439183864 1170.8207660605 872.919526750975 918.498231732077 1002.49006486664 969.573134370145 994.674174711476 1034.13977509364 1003.25514343675 998.237840460947 -9999 -9999 -9999 -9999 -9999 -9999 -9999
800.817190827731 791.123063739647 762.369517087384 776.177721627733 782.098629774694 770.937379629294 770.428673738137 769.043220742303 761.809556888696 765.04742977975 795.492214306154 845.44450906698 999.34593245709 870.595938686616 736.088232495515 796.891530363728 901.039982939446 941.777195629039 941.265138618461 970.405800239784 901.54555240358 920.846397115274 934.128003856872 903.842919619376 874.69843833591 905.899893041055 897.408123642599 872.271466662655 837.641861635269 821.259512937692 922.021135875922 929.835437837886 918.113335783821 851.987300559604 1224.80674086834 877.534886916944 894.005174677254 979.855232998418 965.610466475508 988.601231339796 998.55060188477 1017.86758014738 991.423417776455 960.942307331951 -9999 -9999 -9999 -9999 -9999 -9999
