export/defaultDEM.asc
NCOLS 350
NROWS 171
XLLCORNER 152620
YLLCORNER 418050
CELLSIZE 100
NODATA_VALUE -9999
[rows 110 to 131 of 171, columns 300 to 349 of 350]
773.901901802932 796.661637155605 845.372971002917 742.330775608599 729.254746931357 938.069188871751 728.071160690824 877.20382897216 869.777481749488 614.72780290405 708.418922882621 631.51922814734 1599.03701917978 796.536891034286 673.376467271726 711.898083926402 1284.32597900694 635.338019667899 913.906283542789 -9999 -9999 -9999 -9999 -9999 -9999 -9999 -9999 -9999 -9999 -9999 -9999 -9999 -9999 -9999 -9999 -9999 -9999 -9999 -9999 -9999 -9999 -9999 -9999 -9999 -9999 -9999 -9999 -9999 -9999 -9999
820.738688581169 660.672377813561 635.459049210273 752.293699779747 686.71082530081 711.362813622954 1175.6304646488 1346.78515300686 637.517885829381 682.93812861049 1283.81527978704 477.749747909905 880.619119115453 668.368997313268 701.487401639726 649.832960999806 798.90634171154 1112.5007884723 963.191818776024 -9999 -9999 -9999 -9999 -9999 -9999 -9999 -9999 -9999 -9999 -9999 -9999 -9999 -9999 -9999 -9999 -9999 -9999 -9999 -9999 -9999 -9999 -9999 -9999 -9999 -9999 -9999 -9999 -9999 -9999 -9999
863.727307537901 865.518167040424 1005.94446129892 772.370708724612 752.361619286618 727.095625528994 581.471015648917 917.780047517722 673.905236368989 1558.01228528139 944.053662134452 687.364831945298 675.345787963524 802.812580620624 690.7593392766 1215.2678544369 689.094876524273 946.611896367319 1678.56510090713 815.556624469587 -9999 -9999 -9999 -9999 -9999 -9999 -9999 -9999 -9999 -9999 -9999 -9999 -9999 -9999 -9999 -9999 -9999 -9999 -9999 -9999 -9999 -9999 -9999 -9999 -9999 -9999 -9999 -9999 -9999 -9999
876.163812953117 856.000793582102 832.325593299808 911.479551120888 775.284523644603 688.87510071986 741.9155623088 761.080215895103 767.854036235198 2194.90524659306 742.159711525303 748.355368417448 709.431638258508 1086.17620280925 1203.50957557724 1026.05922661551 898.623476239842 721.22488072831 941.789663336538 1263.983183417 1075.28194639556 -9999 -9999 -9999 -9999 -9999 -9999 -9999 -9999 -9999 -9999 -9999 -9999 -9999 -9999 -9999 -9999 -9999 -9999 -9999 -9999 -9999 -9999 -9999 -9999 -9999 -9999 -9999 -9999 -9999
833.468117806861 842.422168781752 863.369125322347 782.768395504589 649.040769707569 742.512914343906 701.794850347005 727.122299199925 736.895101254546 1200.31154613634 782.862021512562 976.09751007154 842.852608270718 931.048177959747 727.793425911687 796.12383040736 655.07060447162 825.173666747553 971.401252067414 868.55798380139 877.283233604989 -9999 -9999 -9999 -9999 -9999 -9999 -9999 -9999 -9999 -9999 -9999 -9999 -9999 -9999 -9999 -9999 -9999 -9999 -9999 -9999 -9999 -9999 -9999 -9999 -9999 -9999 -9999 -9999 -9999
904.188218492359 853.869949718094 829.851769488609 852.555271466576 937.726283820484 740.792059486691 695.874103167524 815.704255228017 565.003211274995 989.262943429095 1268.27715249293 688.454327905334 737.796980197957 1182.05258524573 723.189792518164 720.240477694838 1134.70016363741 869.545653251661 849.875641752997 701.497551979438 683.213422054454 690.938316027172 -9999 -9999 -9999 -9999 -9999 -9999 -9999 -9999 -9999 -9999 -9999 -9999 -9999 -9999 -9999 -9999 -9999 -9999 -9999 -9999 -9999 -9999 -9999 -9999 -9999 -9999 -9999 -9999
822.020514528103 769.268270026807 925.414817715942 1092.94704244465 713.60864305463 600.588769327999 1194.595304505 658.44281108038 655.841034983076 1182.35932487587 1082.57718812852 1381.79447588453 880.917119621338 1029.67336650788 786.842291188709 769.684511688668 1321.26844597764 1130.26690106288 756.154614216801 770.874604887112 793.131027719368 797.95464408638 979.310917216427 -9999 -9999 -9999 -9999 -9999 -9999 -9999 -9999 -9999 -9999 -9999 -9999 -9999 -9999 -9999 -9999 -9999 -9999 -9999 -9999 -9999 -9999 -9999 -9999 -9999 -9999 -9999
770.58635647345 652.078069076722 829.996919824475 879.957110175074 1308.07756031357 1321.33745722216 604.828816955368 604.983377644808 661.173244683651 700.84134238475 885.965835904023 834.161355374624 1147.98145117647 1258.46385392441 858.425788555959 974.873573682084 1032.14581235445 789.230810389703 739.514307390762 792.47355783434 856.715463975231 820.431628023828 889.765659341693 -9999 -9999 -9999 -9999 -9999 -9999 -9999 -9999 -9999 -9999 -9999 -9999 -9999 -9999 -9999 -9999 -9999 -9999 -9999 -9999 -9999 -9999 -9999 -9999 -9999 -9999 -9999
790.324297006216 761.867025673503 813.695854632908 895.6871095336 974.716381130263 775.98253881343 744.709987984593 927.562574506321 697.317644599994 704.729597150658 825.297230817837 597.126503889128 803.405691599828 834.642355332285 905.476595601783 986.405227435816 702.214569400101 801.571742636659 827.790219645511 775.500973654033 798.535092006016 852.60901597579 892.106246713264 933.999462340222 -9999 -9999 -9999 -9999 -9999 -9999 -9999 -9999 -9999 -9999 -9999 -9999 -9999 -9999 -9999 -9999 -9999 -9999 -9999 -9999 -9999 -9999 -9999 -9999 -9999 -9999
933.622049520857 857.694285664603 669.595826809948 817.228124797188 1007.14119395765 795.705374602168 721.40571285242 707.205159884814 666.48849724078 714.666031331426 847.94102478222 820.85894687419 811.807848628388 1038.29476462179 1194.8431436332 851.248097309684 770.974584286352 779.514619190431 834.955728184662 804.740936533076 801.957106940227 877.920179569084 867.662548056821 887.461118057915 858.91609789934 -9999 -9999 -9999 -9999 -9999 -9999 -9999 -9999 -9999 -9999 -9999 -9999 -9999 -9999 -9999 -9999 -9999 -9999 -9999 -9999 -9999 -9999 -9999 -9999 -9999
1324.58426737431 1810.58512616963 999.732209823298 1145.10336172064 1289.90147536415 962.874010319862 745.854052846828 740.040577015398 723.980210217083 1354.0718141766 739.676581550178 755.799678512631 798.464101661931 1058.66359215339 886.094234520574 1447.82110508321 784.694446355357 779.53914636308 837.261560818472 817.979263037924 830.734483389316 869.745790902329 909.086022483861 887.742111622248 882.208277237488 912.280318801941 -9999 -9999 -9999 -9999 -9999 -9999 -9999 -9999 -9999 -9999 -9999 -9999 -9999 -9999 -9999 -9999 -9999 -9999 -9999 -9999 -9999 -9999 -9999 -9999
1036.40091108344 947.165347334532 1356.71799400319 943.687444466507 1377.55439912339 1583.11817120603 1094.70201413754 866.417440352756 858.156730060653 896.724207090999 808.772301786139 755.895571693732 830.221173261046 765.354700803196 1040.9315956548 836.724148740368 831.05501487205 819.450303920549 805.734857711708 840.915043876157 805.290493525501 860.986280861669 884.862580851618 828.362794457448 894.788676489844 913.888854831088 -9999 -9999 -9999 -9999 -9999 -9999 -9999 -9999 -9999 -9999 -9999 -9999 -9999 -9999 -9999 -9999 -9999 -9999 -9999 -9999 -9999 -9999 -9999 -9999
1130.04191242957 1071.19870871765 1281.85134597776 985.165442992629 1136.3337110944 1393.36281252283 1427.82177220746 1108.46929932123 1037.65451425246 1229.0561143057 1043.1302020288 841.805257558301 790.581289305114 831.015913469819 858.79790519857 778.111847145246 761.002998229346 777.412154522778 825.708700938718 826.752729710796 865.772788306591 835.307950025957 800.042513827714 815.244503013705 852.956673807638 904.261843048422 883.243193689458 -9999 -9999 -9999 -9999 -9999 -9999 -9999 -9999 -9999 -9999 -9999 -9999 -9999 -9999 -9999 -9999 -9999 -9999 -9999 -9999 -9999 -9999 -9999
1279.87132784884 1015.53515502486 970.61036864559 987.628145237885 918.073984705351 1344.62663412244 1441.9575408576 1087.48067504812 1020.55566614444 1037.65782689327 777.082764236147 773.644318738231 840.252366625455 800.082604944837 837.976529663872 862.622269945174 813.230185130751 789.537940666958 779.409726968331 849.756840571356 778.293920316394 816.851847124037 806.935310637032 827.938473850385 815.389445408378 854.776420580447 873.569791157629 910.101612444509 -9999 -9999 -9999 -9999 -9999 -9999 -9999 -9999 -9999 -9999 -9999 -9999 -9999 -9999 -9999 -9999 -9999 -9999 -9999 -9999 -9999 -9999
1034.5536979374 1022.77855694635 959.833261321716 1057.34530119968 1002.33236957442 1066.89653931445 1457.52622660753 1076.13687755683 1016.82148488058 840.140676050863 789.405805429158 785.799462617128 788.411340374211 812.621734590097 759.223134934476 844.734031090903 870.426320111191 783.400800426985 844.504428247061 803.960094408822 804.438089788875 827.650873683318 836.485442481906 816.458582808466 836.248897442291 845.02692101003 865.356131958834 887.74723574221 880.037709974628 -9999 -9999 -9999 -9999 -9999 -9999 -9999 -9999 -9999 -9999 -9999 -9999 -9999 -9999 -9999 -9999 -9999 -9999 -9999 -9999 -9999
955.838999875395 907.923527333848 920.823832409058 1068.68518928041 1450.20247185596 1054.51089504106 1148.99511740034 1162.36549106754 833.254405176036 792.930078656591 781.473038495671 806.130384123104 806.23524338422 783.847945186404 778.338773382545 865.079087097178 773.281076370619 857.066299895096 867.353695913123 838.207590266922 833.531731780346 833.131595026966 838.03616215678 844.760187430664 839.702363516428 825.225259852356 861.848720450244 891.210922122549 866.741837932428 -9999 -9999 -9999 -9999 -9999 -9999 -9999 -9999 -9999 -9999 -9999 -9999 -9999 -9999 -9999 -9999 -9999 -9999 -9999 -9999 -9999
950.598448041549 894.73160068283 1454.87910964008 1371.12976281232 1072.80151464804 1068.77906132097 1386.64851201663 1090.61736113764 1277.50233844255 982.010947857385 786.30170716652 800.138308296887 822.050946252139 743.436824770912 811.730098162799 815.245626912636 901.423401405186 862.787665197813 881.298459650069 831.680221623424 855.518394682503 807.739447663329 825.913627892732 844.801707769841 828.068155871722 820.996500190027 865.891010319884 896.446134877295 859.038677156642 832.274910528799 -9999 -9999 -9999 -9999 -9999 -9999 -9999 -9999 -9999 -9999 -9999 -9999 -9999 -9999 -9999 -9999 -9999 -9999 -9999 -9999
906.679802115427 981.521727542215 1125.72454447257 1582.27997116417 1982.70165172626 1213.50154376752 1185.95784928941 1057.57631912539 1230.94243304014 950.294622609711 823.280626753502 815.38498430968 828.885586564754 824.628484379072 787.067907808308 831.858423990354 882.859315931406 819.537283887291 929.566309078519 829.75328986656 832.47537478828 868.881454671204 836.714734349107 825.073606069473 834.724445305669 834.105356979711 863.232860088017 936.207016798587 911.367887030289 826.91914857372 842.450462860263 -9999 -9999 -9999 -9999 -9999 -9999 -9999 -9999 -9999 -9999 -9999 -9999 -9999 -9999 -9999 -9999 -9999 -9999 -9999
1047.93350050334 1029.49831970602 928.166485974312 1391.68021171636 1473.58218017105 1413.04023364934 1503.18838468455 1174.68317681458 1049.26093092812 982.636453034782 1032.63579431823 1004.88481427312 1047.33220359239 1016.17893700739 860.077201208275 833.267623658251 889.981673959589 908.176672641669 857.274378460167 923.645562524684 834.936329258715 885.488727938553 889.53800888314 864.584865127896 851.008061064811 813.784503571789 840.62437343707 900.830614812493 900.102959785263 838.128574280616 811.974487892381 -9999 -9999 -9999 -9999 -9999 -9999 -9999 -9999 -9999 -9999 -9999 -9999 -9999 -9999 -9999 -9999 -9999 -9999 -9999
1231.16497675977 941.814225054659 938.452660626859 1423.39784504565 1141.37630871486 1482.54075789624 1416.92048922486 1275.36031436515 1806.88787832992 1417.90998692056 1249.72839575845 1201.05046650567 1186.81746230296 1791.15467650065 1194.20352708617 931.702838566185 899.302731967495 940.41510467934 896.629993232573 887.558541415958 939.704437293288 965.659135927621 900.351330512927 862.002153523333 856.811649615735 858.096119185163 879.212794404509 882.467357581469 873.258841305906 829.704543487848 853.617444523454 885.436879068913 -9999 -9999 -9999 -9999 -9999 -9999 -9999 -9999 -9999 -9999 -9999 -9999 -9999 -9999 -9999 -9999 -9999 -9999
1110.57845437765 998.865367439334 965.397226967179 1127.1429056093 961.641886020607 1329.98763675151 1699.03306683211 1430.08801742044 1335.25291017595 1421.19218348944 1354.58573925415 1118.90303907229 1202.97172105281 1445.54123129032 1023.58524277332 1108.36511530352 1015.91231679547 920.013892990029 926.050523797019 940.786835489695 923.463831009005 883.890466684321 838.489186869261 859.6692157887 867.578016017719 859.191864586737 872.382477491644 908.61356092124 931.413686215022 769.63473811356 820.776301482585 861.172400145669 902.115245583166 -9999 -9999 -9999 -9999 -9999 -9999 -9999 -9999 -9999 -9999 -9999 -9999 -9999 -9999 -9999 -9999 -9999
869.31681298971 1061.82523398348 1393.98324440129 984.664442751683 968.75515870866 1216.66671587673 1318.13283632074 1252.10453004565 1375.80563409663 1448.98061706187 1314.4882540335 1200.29210110964 1143.92097688183 1103.29450247651 1023.07029455019 1083.07582311394 1083.06871381954 974.247021087826 982.073869349234 995.052376469613 914.001738204154 905.978778795786 898.055300994751 933.37561054573 949.988692459262 854.316273570474 856.543213742389 880.657875258282 935.847500304694 790.528854629567 843.035977985453 896.980015042031 911.676333950788 -9999 -9999 -9999 -9999 -9999 -9999 -9999 -9999 -9999 -9999 -9999 -9999 -9999 -9999 -9999 -9999 -9999
