_2160.asc
NCOLS 350
NROWS 171
XLLCORNER 152620
YLLCORNER 418050
CELLSIZE 100
NODATA_VALUE NaN
[rows 0 to 26 of 171, columns 183 to 243 of 350]
-9999 -9999 -9999 -9999 -9999 -9999 -9999 -9999 -9999 -9999 -9999 -9999 -9999 -9999 -9999 -9999 -9999 -9999 -9999 -9999 -9999 -9999 -9999 -9999 -9999 -9999 -9999 -9999 -9999 -9999 -9999 -9999 -9999 -9999 -9999 -9999 -9999 -9999 -9999 -9999 -9999 -9999 -9999 -9999 -9999 -9999 -9999 -9999 -9999 -9999 -9999 -9999 -9999 -9999 -9999 -9999 -9999 -9999 -9999 -9999 -9999
-9999 -9999 -9999 -9999 -9999 -9999 -9999 -9999 -9999 -9999 -9999 -9999 -9999 -9999 -9999 -9999 -9999 -9999 -9999 -9999 -9999 -9999 -9999 -9999 -9999 -9999 -9999 -9999 -9999 -9999 -9999 -9999 -9999 -9999 -9999 -9999 -9999 -9999 -9999 -9999 -9999 -9999 -9999 -9999 -9999 -9999 -9999 -9999 -9999 -9999 -9999 -9999 -9999 -9999 -9999 -9999 -9999 -9999 -9999 -9999 -9999
-9999 -9999 -9999 -9999 -9999 -9999 -9999 -9999 -9999 -9999 -9999 -9999 -9999 -9999 -9999 -9999 -9999 -9999 -9999 -9999 -9999 -9999 -9999 -9999 -9999 -9999 -9999 -9999 -9999 -9999 -9999 -9999 -9999 -9999 -9999 -9999 -9999 -9999 -9999 -9999 -9999 -9999 -9999 -9999 -9999 -9999 -9999 -9999 -9999 -9999 -9999 -9999 -9999 -9999 -9999 -9999 -9999 -9999 -9999 -9999 -9999
401.0519844906 456.3049937956 -9999 -9999 -9999 -9999 -9999 -9999 -9999 -9999 -9999 -9999 -9999 -9999 -9999 -9999 -9999 -9999 -9999 -9999 -9999 -9999 -9999 -9999 -9999 -9999 -9999 -9999 -9999 -9999 -9999 -9999 -9999 -9999 -9999 -9999 -9999 -9999 -9999 -9999 -9999 -9999 -9999 -9999 -9999 -9999 -9999 -9999 -9999 -9999 -9999 -9999 -9999 -9999 -9999 -9999 -9999 -9999 -9999 -9999 -9999
497.7710000052 500 500 500 500 392.5166213395 378.7535857354 500 500 500 500 480.4619606654 476.0511127067 473.9439740729 463.8301117295 414.2712301371 349.1191878413 -9999 -9999 -9999 -9999 -9999 -9999 -9999 -9999 -9999 -9999 -9999 -9999 -9999 -9999 -9999 -9999 -9999 -9999 -9999 -9999 -9999 -9999 -9999 -9999 -9999 -9999 -9999 -9999 -9999 -9999 -9999 -9999 -9999 -9999 -9999 -9999 -9999 -9999 -9999 -9999 -9999 -9999 -9999 -9999
492.867085323 500 500 500 407.9724716201 392.0576209193 386.0445536203 436.7537293819 500 500 500 500 500 500 500 500 446.7215273542 500 499.8142603131 500 500 400.0347893854 -9999 -9999 -9999 -9999 -9999 -9999 -9999 -9999 -9999 -9999 -9999 -9999 -9999 -9999 -9999 -9999 -9999 -9999 -9999 -9999 -9999 -9999 -9999 -9999 -9999 -9999 -9999 -9999 -9999 -9999 -9999 -9999 -9999 -9999 -9999 -9999 -9999 -9999 -9999
500 500 453.7517735347 425.7013747002 407.4085144117 391.7965815726 385.9440576625 444.0750228407 439.4403301403 500 500 500 500 500 500 500 447.6956373175 500 500 500 500 500 493.6456583392 500 390.873994562 418.6639184308 427.9515927585 -9999 -9999 -9999 -9999 -9999 -9999 -9999 -9999 -9999 -9999 -9999 -9999 -9999 -9999 -9999 -9999 -9999 -9999 -9999 -9999 -9999 -9999 -9999 -9999 -9999 -9999 -9999 -9999 -9999 -9999 -9999 -9999 -9999 -9999
500 500 449.1382154427 426.166479437 407.3652459821 391.9469836572 394.1295423741 443.4216782257 446.7545501653 431.6468834322 429.1788437797 406.3551284196 358.1669979803 330.4647954942 462.7723182012 496.0149236762 452.6482956307 337.1944340397 500 500 500 500 500 500 500 500 500 500 500 500 497.5571943586 446.1599319423 464.3723141324 470.8317569718 500 196.6866659756 220.6879191071 261.6186964892 286.6358214938 330.1616740048 340.1529780257 350.5628544715 333.9833196215 361.0772845781 372.183444731 367.7578310316 374.9575027219 423.8054680617 449.929455828 500 476.0620491149 500 500 274.0683365172 204.2614307248 477.6208614781 -9999 -9999 -9999 -9999 -9999
474.3544978285 470.2159129826 349.0569014831 325.7893804745 317.1291902039 292.689861265 295.6078762961 343.0514812278 445.9891823062 433.7575086063 429.7086228881 420.372928757 360.6666200859 333.108097901 466.1595391838 499.6749992485 455.3838098943 340.3062904378 305.4410918512 485.7954073501 474.4766694665 160.3633009238 129.5609849012 41.332986598 500 500 500 500 500 500 500 500 500 500 500 311.2737377035 334.7754418606 373.334538657 410.2834701198 440.0780376147 451.0739282223 447.0408035741 423.7645570387 467.8808053439 477.8023009574 468.9595921542 486.0216081311 500 500 500 500 500 500 357.2082859479 275.1948924468 500 500 500 147.2074407948 -9999 370.3451686077
500 500 376.1637758433 330.619195243 318.5629676252 303.4421344982 296.2198373726 445.3105459109 445.3270843642 419.0769246223 428.3731634675 323.9299345662 274.0963007239 233.6971656711 369.5995745417 403.1579803271 359.0707100219 244.3801617901 210.669450459 391.8718978019 480.7927900521 186.4937427652 142.2564873276 55.9801351125 49.6748881181 235.5986835603 400.0624092542 415.4471167444 417.9179246944 500 500 500 500 500 500 331.5114033663 351.4939368676 399.6975268802 423.186355945 451.8696250387 468.6872723556 460.8508011567 436.6410268595 455.6969195948 500 470.8707562542 485.60234986 500 500 500 500 500 500 336.3552825381 255.0604258817 500 500 500 238.3519131545 449.2173655956 402.7781825161
500 500 482.1744826373 434.8317738796 422.1761134057 406.3572940743 398.2514940919 500 500 419.5530490028 319.8070612581 460.2782887857 24.252880171 301.1367668343 -9999 -9999 339.9398807112 381.7005457539 475.7827787602 199.2167058637 50.0170933263 96.504871353 70.1907466082 -9999 64.3211999345 247.8378395236 409.5198977604 431.8843903698 434.7167103317 500 500 500 498.603753403 386.4645523303 364.8752334788 378.9115326474 276.4011813709 318.7429384666 193.8209895854 500 500 500 485.1507477266 500 500 500 500 500 500 500 500 500 500 500 466.5445257274 455.4340140643 500 500 500 500 500
500 500 500 500 500 500 500 493.677475856 482.8543711714 366.7223930105 500 500 500 489.3424733932 448.806951758 186.3585528728 410.2740391764 349.7111991648 248.9991451211 314.1321814762 197.1656043745 182.2109721667 79.4868029897 53.5284060106 34.6762065241 162.1046275617 325.2945547735 347.7734890157 348.9098251184 500 500 500 500 411.0687828222 385.5523175598 409.5452920371 293.6345137979 333.5436691858 208.3132538939 500 500 500 500 500 500 500 500 500 500 500 500 500 500 500 448.1612263513 436.4440592506 432.3441274455 500 500 500 500
500 500 479.1812216917 403.7706650372 500 500 500 500 500 500 500 500 500 500 457.8781983759 500 424.6765441206 381.3210511069 350.5073956123 325.9394701425 389.7879383454 500 337.3075001047 500 500 176.1908366509 340.2346652872 382.0989644438 398.5510422233 405.4977704561 500 444.9568295066 447.248196779 342.4064231837 316.5737606973 325.0686399264 207.975019833 245.990790852 119.9288070829 493.1169451106 500 476.4593241534 444.4141136699 438.624548816 441.9708689501 488.3647799026 410.0976047414 475.5056022682 500 500 500 500 500 500 334.5857576586 323.655751798 421.2985663504 500 500 500 394.6305952536
500 500 450.1042552851 425.8516648614 500 500 500 500 500 471.1698845973 500 497.0994222595 500 460.7837119129 321.643216121 311.4713941191 370.8617015944 500 500 500 500 500 500 500 459.1401062168 207.2940366768 352.3590134077 397.914374484 237.4728965411 419.6382395769 364.8005931962 390.9053118385 -9999 361.5246113185 416.6993324148 262.5336603876 -9999 367.4040374394 -9999 387.1733185068 500 500 500 500 500 386.0448027965 402.338400142 450.1438248209 446.6842770759 403.0481897831 381.9156641905 390.1824612482 375.4928237625 343.0260143373 324.5686714596 313.2671882302 417.5969500797 500 500 500 386.5551868616
500 416.0788245763 487.1168682494 493.9183801692 500 500 500 500 500 462.0859334055 500 500 500 500 500 320.8966133749 500 500 500 500 500 500 500 500 461.9825269258 500 500 246.9436707712 253.3136787973 -9999 489.7956484099 469.4061655057 462.1763649739 500 453.6723172088 480.062663948 -9999 500 500 500 98.9392147958 500 500 500 461.9745181161 476.8199251921 478.7419873783 420.9502943047 407.2090653887 488.2029643973 480.5340702575 477.1738773274 433.5284946756 382.7269449454 450.8907810831 388.7954226747 410.069666973 361.393224639 314.9601359144 280.6402385392 278.4819095369
500 500 488.0463849237 500 478.0002610071 474.6115525858 500 500 500 500 500 500 500 500 500 500 500 500 500 500 500 400.4213499381 500 500 500 500 500 500 500 441.4088500362 453.3919724995 484.8904988813 450.4085151809 500 500 500 473.7133078503 500 500 497.2092385276 500 500 500 466.4076032581 464.0079548132 500 499.1378902244 492.5945961446 367.3011555463 500 500 500 500 415.5423169855 435.8480628839 448.393761714 398.0552541368 395.8408965442 399.6145734917 371.7850368697 313.8801853844
18.6311986777 421.4792854108 500 500 173.2022474072 -9999 500 500 491.6333886872 482.4167744493 430.607103247 55.4671575955 466.828975913 379.5354844681 500 500 500 454.1089440598 500 500 454.1643603903 380.4896658369 500 500 500 500 500 248.3755170838 251.87738061 500 500 500 500 500 500 500 500 486.1378198162 481.5657287019 472.8664292571 500 500 500 500 28.7218218939 466.4275732424 429.4199366608 396.2551800911 366.0153052971 500 500 482.847005264 478.0820680158 482.5762356577 459.8462751287 451.3065655219 438.7649763905 400.7296050741 378.4794057227 355.1125089155 358.8212700459
500 278.1908741581 500 500 500 500 472.613420727 500 469.4825652182 462.7290393061 473.0719581426 463.7508773444 500 500 500 117.115425638 425.0898379515 500 500 -9999 500 500 422.0703504415 500 500 500 462.6861259304 383.6319715454 496.2026206659 500 500 493.9383288763 500 500 500 500 500 500 414.6526960701 481.9393406355 500 500 500 500 500 500 497.8737514946 279.0233270972 424.8188460368 500 -9999 500 500 500 500 494.6275522977 500 500 500 450.3723082815 484.422072944
500 500 -9999 500 495.2304647915 500 128.8897849948 500 297.0530283496 291.2170908969 196.9565640264 127.2179472826 57.4207645065 459.6555239107 500 500 500 66.2348817576 500 -9999 66.5416085075 500 449.9301073834 489.375973198 500 118.0894917964 489.8725230125 500 500 494.199787894 500 500 460.3438239449 500 500 500 500 500 410.8721823836 474.9188690874 500 500 500 500 500 500 500 500 500 500 490.3195308057 500 56.4471076763 500 500 500 498.237599903 454.8718574526 476.276458939 400.1743347243 426.8618387028
500 406.4363863349 367.3341097317 500 500 500 500 488.0756802698 500 298.3059113346 500 500 500 451.5008152311 500 500 500 500 500 435.9441068789 453.5230072589 68.5870761181 -9999 309.6476288186 500 500 500 500 500 500 500 500 500 500 485.4879170058 500 500 500 500 500 500 500 469.8367363994 466.366371358 498.4587481398 490.6280740187 500 500 500 500 500 500 500 500 53.003413928 500 500 500 500 454.029481619 392.8614053981
500 500 500 460.4635704096 500 500 500 500 299.3666347025 -9999 500 472.2246104272 -9999 500 500 471.8597714349 230.5953643293 500 500 500 500 500 500 500 500 500 500 500 500 500 500 500 500 495.4520283161 500 500 500 500 500 499.7755018331 500 500 493.8265980753 489.6738384081 500 500 500 500 500 498.05763202 500 500 499.1241540134 500 500 500 108.482788353 -9999 500 500 500
500 500 500 500 500 469.4984769979 478.2754797508 471.3322171865 488.8661898066 497.58872898 500 500 -9999 500 500 498.5263610683 500 495.7015324732 488.0374031605 484.2383276862 500 500 500 500 500 496.5703626856 500 500 500 500 500 500 500 500 500 500 500 456.2122195405 500 496.3951042795 500 500 500 500 500 494.3125206762 476.3703566934 493.5987288499 487.6948608764 500 500 500 500 500 500 500 490.2670149715 500 500 500 431.0091722738
500 500 500 499.9985932117 500 500 500 500 494.8103519842 500 464.2500698661 500 498.4545337138 500 500 484.5605036848 480.9587322627 485.9398498382 500 496.5805511068 500 500 500 500 500 500 500 500 486.1711638316 488.5916155149 500 500 500 500 500 500 500 486.4192059748 500 500 500 500 500 477.9785099871 500 500 492.8078309359 500 500 500 500 500 500 500 500 500 488.4797902587 500 500 500 437.4688722862
500 500 500 500 500 500 500 482.8515371034 500 500 500 457.8641696239 500 486.9352624552 486.0456823407 465.2236330897 500 496.7126088554 497.7747099561 500 500 500 500 500 500 500 500 500 500 445.4059564843 500 491.5600333872 481.5330340435 500 500 500 500 500 500 500 500 500 473.672504775 439.8445560162 500 500 500 460.2572732834 492.1073507607 500 500 493.2797817349 497.5777565368 500 500 500 500 473.8034797767 500 495.1611501633 465.936335372
482.147356269 500 484.5132648077 492.4599146323 500 500 500 474.3266564307 500 500 500 485.4229538298 500 491.4013509844 479.5279407102 464.95876515 485.6551457563 500 479.7785227419 475.0886839654 428.9737087838 500 498.8560983808 500 500 500 491.6408797521 480.6470389543 500 500 465.0496639652 500 500 483.8860431559 500 500 500 500 500 500 500 500 480.4217850974 453.0404809615 232.0929285823 500 500 500 492.7684835798 500 500 500 500 500 494.9497998953 500 500 488.8945722374 464.9272908251 458.2240238403 449.2725726503
500 496.6515563887 497.4599876752 462.5263334414 500 500 500 485.6199920056 488.9503520169 500 500 436.2605023153 443.9733268774 495.1359856437 478.5744948809 475.3684196581 490.4029816026 500 495.5973919812 500 500 500 500 500 500 500 445.8997569833 480.4019573291 500 498.1306364412 500 500 500 451.9616939127 500 500 500 500 500 500 500 500 482.6517626322 424.5538784842 443.6706865633 500 500 497.1156648409 500 500 500 500 500 475.5218439856 500 500 500 500 476.4857932743 461.3674615069 478.8932117574
500 493.1470734274 500 500 500 496.0975309825 500 500 492.0918787103 500 492.4695181372 483.1849177092 450.7825998275 456.6811478303 497.7794273641 495.8122395365 500 500 500 500 500 500 500 500 500 500 500 500 500 500 480.5242781425 500 500 500 500 500 500 473.2824889905 499.7491761338 500 500 500 437.582193634 454.8761871476 487.5818655947 500 500 500 498.2395159371 500 500 500 500 500 500 500 500 500 500 481.0185633073 472.026479629
