_2160.asc
NCOLS 350
NROWS 171
XLLCORNER 152620
YLLCORNER 418050
CELLSIZE 100
NODATA_VALUE NaN
[rows 27 to 53 of 171, columns 244 to 304 of 350]
450.202781769 430.6297805527 431.5894280743 444.1212997215 467.9358040786 459.4821552315 464.708712531 460.060926108 445.3982944645 417.8213204492 426.9694740199 446.1867078374 148.1208084507 500 407.4316045179 412.3250898323 500 500 500 -9999 421.5864875947 373.4760123661 500 400.7157772288 353.2501784746 382.2772045406 388.7890605624 357.9003415805 414.2027313698 186.481509458 141.1557415467 163.3930118278 233.3086853491 282.3303307862 268.2238272928 458.8394839852 472.4193627302 344.077708441 445.6892438952 500 500 500 385.6860366687 390.6544175346 430.6203782419 500 500 500 314.430949828 322.4865947563 327.3996289972 332.7403457059 345.3083353438 500 500 406.3965178496 -9999 -9999 -9999 -9999 -9999
461.9890982773 489.3166569061 437.0841265142 458.7078641479 500 480.4272677615 475.0795050275 473.0068128779 437.6265138662 435.9229022073 430.7050698945 442.8773939764 489.2930119748 500 500 500 500 500 500 -9999 500 500 500 500 457.6695453212 311.8022873882 272.9013231643 470.3317118457 303.4752224114 199.1395625432 155.949588663 367.2047766183 263.6909152934 292.2102613204 265.4904829211 349.3725560206 311.7433097047 358.1539263311 205.7713719519 500 500 500 391.5082419852 397.4133036851 439.6785812356 441.5929385184 485.150368678 500 500 422.4194948218 340.2656826595 344.9313240735 348.5412868123 500 500 500 500 500 355.9304008057 357.2723598008 251.5330254393
500 461.9151616247 447.4935276887 474.1800799648 463.6518534153 498.1097542032 473.9408429214 461.8932706005 458.9934267897 448.1180713131 448.0540368657 457.3794280215 496.0910842209 500 500 493.0409718066 500 500 -9999 500 500 500 491.6164931009 465.8405114167 389.6958222047 467.3678074856 444.6311921769 304.6335317423 188.3291457674 324.8465907241 329.7648281485 -9999 319.6014786821 172.2835001951 217.4738015852 215.6187561996 385.5708885557 387.3855117637 214.2350233848 500 430.8159493133 292.3046623812 297.4709724277 308.8884596806 348.8150857478 451.6945505231 494.5491740742 500 500 443.4902774783 500 500 500 500 500 500 500 500 357.6686591793 358.809763315 353.9184006826
500 500 500 500 419.2456568956 489.4408779377 500 483.2408476892 488.9768922723 407.649714625 482.8068343686 496.3993621961 493.2987003056 500 500 500 500 500 -9999 500 500 500 479.8590280482 487.5175174178 459.2537900838 481.6474607045 452.463981013 438.7705594614 420.0689298384 406.9429890312 445.9862916542 370.84496459 452.9307585446 428.5171791622 418.1464590039 398.908353796 380.5703755719 79.0537751004 342.3736565586 268.3098685126 433.4641824732 389.249446809 306.7598111534 316.6376204965 359.3995223102 367.2868664359 411.0876145836 437.3047338827 435.2909931279 348.8564659709 412.0655700271 500 500 500 500 404.6642811694 407.4001194629 500 500 424.6392815625 356.3151194962
500 500 498.0141523756 477.8654601104 469.9729642105 484.1988985548 452.0950392415 477.2020130907 500 478.300770619 467.1467696197 498.3045348251 500 500 500 500 500 96.1140729453 500 500 500 500 498.916211646 500 491.5408987448 488.3738568877 479.2196912249 449.1334097843 459.2846031412 454.227125494 452.7867319916 444.4574972595 480.3971629007 463.5429709557 450.9321430767 422.8895725949 425.7467863181 481.8313710153 448.6688329762 385.8953782349 295.7624408088 370.475891217 445.7788180259 466.9837506584 405.2366466336 -9999 339.6601698389 315.0904752566 326.009997607 355.1233599186 416.3805446391 500 500 500 500 303.1667762481 406.3783959321 500 500 432.2639791773 429.3782209543
500 500 500 490.3077241794 500 500 500 492.1999575645 447.8631001396 500 500 483.6239464102 497.9784621093 500 500 500 500 -9999 500 500 500 500 500 500 500 482.7217535041 480.3860464095 500 500 489.1501974608 490.705748879 466.0096228392 469.3180003724 478.9596786647 479.9508136637 470.3908210071 447.6111100662 472.0700676346 468.5827425935 406.9926841251 465.6591404397 466.4101821787 468.3424782732 483.3626434484 475.3859054403 475.7847618209 500 448.2770838996 383.972938656 -9999 455.6790833787 500 294.1439221491 283.8481434286 276.4794891329 302.4838269971 359.2272434405 500 500 326.0927241812 430.4813203228
500 498.9340615014 500 489.6509144717 496.2469329444 474.9425635786 497.0487990604 500 500 500 479.4125326545 500 458.1853778642 499.3979983676 500 500 252.2342589317 500 500 500 500 500 500 500 500 500 500 500 500 494.9184979328 500 500 480.3023359682 500 500 493.2343782348 478.6282112501 438.2828666102 484.8797298096 473.1629655967 456.6478587055 494.4970328996 499.6080447643 499.7725376424 490.4375047226 500 500 496.9268315631 459.3822905934 464.3612280632 -9999 500 458.4051689828 500 283.8772543265 275.7692781263 292.7853182697 401.5389488014 381.30824065 325.8775150793 500
500 500 500 500 500 500 471.9636999167 500 496.0167456315 485.8804104419 486.5241906087 500 497.3648922564 494.58678574 500 191.2448082683 500 500 500 500 500 367.108744955 282.8993525792 500 500 488.4227558479 500 500 500 491.5786132711 474.3991861874 500 500 470.2830006713 491.2814260327 500 474.2408409616 472.5895637963 460.8663478807 473.4444973208 500 467.8879910069 494.7359294308 500 500 500 500 472.8741925013 486.7304510497 455.2928712804 457.7356253913 -9999 431.3744918108 249.2389517382 242.2550924704 256.4187011642 264.2435732131 416.2606918604 394.3877247844 339.5932073469 46.2086227789
500 500 488.9509127211 500 500 500 500 500 500 500 500 491.91199122 500 500 500 500 497.6963866384 500 500 500 500 486.9039321669 388.5060968725 433.1732162287 500 500 486.5793282422 499.489760854 500 500 470.4635924604 495.8305967685 476.7738610844 500 500 481.4141639749 483.6820389529 496.1577023896 500 480.0225528154 456.7622668763 467.3051125151 476.8417826778 500 497.2946538778 500 500 500 499.0628458597 500 472.5697187607 440.4577880209 430.6800409736 -9999 280.0742671298 389.982406873 384.1366142938 392.0502598417 389.1469311924 37.4502512099 61.578022413
500 500 500 500 500 500 500 500 492.7336748427 500 500 500 500 500 368.3256973924 500 500 500 500 500 53.9669720324 473.5135512432 500 316.7469328349 125.2664736647 447.8997269773 498.3550177481 445.7191261149 497.3787667161 500 500 378.7517316164 496.8680697558 500 486.4609012228 467.1104197097 481.9767026773 500 480.5917495898 500 500 500 482.2143585178 500 500 500 497.5758226845 500 500 496.1834327022 474.0723454396 456.8426181286 380.9463237687 452.4203486644 354.9731987488 233.7013920258 369.0599966088 366.8527927091 333.1701577411 458.1990298989 48.6695017707
425.048828025 500 500 500 500 500 500 498.9439468665 500 500 500 500 500 368.8194989741 500 500 500 500 500 340.9895344756 220.650450967 500 500 500 -9999 500 500 500 500 500 497.9640963137 497.788204588 500 488.6725805275 491.8176746875 484.473845259 499.3390005181 500 466.4866663224 500 500 500 489.4316483458 500 500 467.80877756 500 500 498.2295531889 498.5368467289 467.8856104292 473.263828883 385.9711200018 462.9911212369 404.9307367724 381.0004216107 280.9847914545 363.6042722962 305.9780117652 500 500
500 500 500 500 500 500 500 500 500 500 500 500 482.1514502549 500 500 500 16.4469341443 390.2985279366 131.6655487485 242.6646496733 476.6163875545 500 386.9313068088 -9999 500 -9999 -9999 412.0770322693 500 484.8900614259 500 500 467.2874642481 490.0919262245 440.3415256674 500 486.821165407 500 490.3826291895 487.4954925114 492.8686334907 500 500 500 500 479.9518591215 500 500 500 487.2628479802 475.5682218192 466.3427051733 439.4015473635 413.1771180349 410.1329397664 411.3685821522 429.780336784 360.2899655536 500 500 500
500 500 500 465.8077022604 500 500 500 500 500 500 500 500 500 500 500 500 500 445.526912576 500 33.9836224125 201.8101235957 367.6952219159 500 500 467.6066432569 388.7744703612 270.9021757736 500 500 500 500 500 500 498.2995026165 468.7787905784 415.8693867985 457.2986471482 491.1583997324 488.1206012913 500 490.837747828 500 489.5816401795 500 500 482.2269219049 500 500 500 486.6848821112 475.6816360508 462.933866205 447.7941148765 459.6907726957 415.9457677469 447.0203252009 420.0407795516 454.5789192495 -9999 500 500
463.1702388096 500 500 500 500 500 499.6597192105 500 500 500 500 431.9340268344 500 500 500 500 500 440.3847943535 472.6716590572 407.6210099764 459.748675641 200.2705162604 500 264.730051248 500 500 500 484.9687827642 500 500 500 500 500 500 500 500 475.4183676779 500 364.0458981337 484.9270615361 500 500 497.5633669222 479.5067981614 500 500 152.5327527544 500 500 471.2638424024 458.024749491 488.8147352462 483.2435592215 455.8927505664 443.581368507 438.1566192493 363.9745680804 404.0376918562 442.6431416599 249.3899903687 335.4416664477
500 500 500 500 500 500 500 500 430.0047292765 500 418.5991329303 444.7025830178 500 500 500 500 317.6879079738 269.1245498033 500 500 500 402.7425124771 483.0800554652 500 375.4773706781 500 500 496.6251821367 500 500 500 500 500 500 421.3084664247 469.5376337682 53.5846655071 500 457.842612346 495.9257562548 493.3763928271 404.2403357102 161.2153901039 500 493.0398225007 481.5352467295 183.6703431084 500 500 474.8840972704 492.9009249891 476.7946945657 453.9288959122 439.3528757231 466.7553437968 421.1536798549 376.0837901446 416.4277424246 410.6289459172 427.214464794 460.9147886577
500 500 488.4111218026 500 499.1646188163 500 500 500 492.693706936 466.298912351 377.8381447488 490.0958264585 500 496.6857846375 500 500 212.3337534801 -9999 477.812863341 500 500 500 500 395.6093990376 500 500 500 492.8264822999 500 500 500 500 415.9874206876 500 500 439.3812757238 500 500 465.1079317507 500 498.9820569701 500 460.904578106 220.9822892298 483.987438236 27.8684750899 491.5323244477 500 500 457.3495646765 463.272044845 437.0788414965 442.230667413 438.0585439559 474.6961312148 427.483040734 422.0571037842 428.5550740864 443.3755088077 437.9939582597 418.1884460741
500 482.5923856333 500 500 500 500 500 496.2862783605 500 500 500 500 478.3609918452 500 500 440.1353305339 439.5291299083 500 500 500 500 488.5681773123 484.1166000038 500 500 485.3250574337 500 500 497.4117750713 500 500 500 316.7763230073 496.5030042029 500 167.3721066581 500 500 486.0592375956 500 500 473.4620246786 472.8318668551 432.3603369637 500 487.7152745939 466.1233924791 500 500 492.2986896906 455.2657575552 460.7586799806 446.3233044764 448.4663818517 438.145068988 372.2510822665 426.6667370968 418.7113289361 425.579206969 424.3868608752 459.0787584655
486.5735126742 494.8786205695 500 489.0689822935 500 500 500 500 438.7471181475 500 500 477.9915890366 500 500 500 500 500 500 500 488.2519836067 493.1189705017 494.6162905017 487.716093096 494.3749569092 481.0444733571 461.1178927854 500 500 500 500 500 500 448.7496961884 446.8372688601 500 500 500 500 494.5241449169 500 500 500 500 421.738689083 433.8675775663 375.3497418656 497.2463566027 500 500 461.2085525304 471.672329215 465.3137217007 461.9837060845 462.3281926601 468.5015271401 448.7038067364 491.0246172434 448.5779806969 449.6477241354 436.7437298225 410.2075562215
500 494.3174737798 493.2656700234 500 500 500 500 408.7222884805 500 500 500 500 491.0048218508 488.5650452801 500 500 499.7159589254 498.065405714 500 500 500 490.0117416916 500 500 460.2438156667 473.6723304906 500 500 500 500 446.9199105458 500 500 500 500 371.6241280956 427.8833555042 500 404.4202199438 500 500 500 386.5729940762 500 -9999 348.7548172159 500 204.776529472 491.2514558087 450.5405187315 437.109875407 467.1190998569 366.9937816043 465.8383143949 450.3785945799 450.3721414953 476.4468325194 430.3589719992 410.5269661155 412.1804067329 405.8504181958
500 500 500 500 462.8392606935 500 465.6241475115 500 500 500 500 500 497.6586522638 500 500 500 500 500 468.4125174951 500 500 475.1747731273 491.2882358717 467.8484065861 407.9082423347 500 500 500 500 500 500 -9999 500 239.0370272803 150.4063542241 500 473.2226539816 500 500 500 158.2777492707 -9999 141.3526465678 491.5429458152 -9999 -9999 477.177804071 477.3651645181 337.3403652424 459.153149442 256.4298463785 363.3826034043 -9999 431.1517462988 422.1382970716 380.4663537224 439.314618286 411.2796574962 419.3952586736 418.286665074 426.6916429278
500 500 500 500 495.9838823175 500 500 500 496.410485808 500 499.2589653398 500 498.5046892783 500 490.126112287 500 500 500 499.4563428534 500 498.0637656623 490.8256814953 475.8812123375 467.7635574755 481.6023432295 500 500 500 500 500 500 93.5425407324 500 222.6882357174 408.7441441167 42.5985944588 486.3835184735 500 500 216.2370842389 482.5986807814 263.4481751472 70.8595328761 500 178.5180391857 306.1269285437 500 500 9.0708765769 347.6969855684 377.4394779288 346.0539701166 458.5422154481 439.8739433718 426.7525704956 426.8175625431 412.6786670009 412.6050583558 390.0251366485 391.8216364712 348.7880223854
500 500 500 500 500 475.6245049692 492.4165685887 492.1597268783 500 500 500 500 500 500 500 500 499.0170722758 500 489.1473904738 496.6078754738 491.86441706 500 495.1855711909 500 500 500 500 500 500 500 500 500 500 500 500 278.1374577231 59.3330138383 500 500 478.9396562951 500 500 178.2469527056 500 -9999 264.9833495874 500 500 267.8365591559 500 499.3979913987 272.5420115526 406.4733249391 -9999 500 471.2357719671 435.3320227449 433.0507078421 406.3770142342 415.3452104323 410.5195439994
161.6919449668 195.3360338987 334.4082143334 500 459.1706901373 500 500 500 500 500 500 497.3811868099 500 500 500 500 500 486.4149747713 500 500 500 500 500 500 500 500 500 500 500 500 500 247.0165849592 464.3633793733 500 500 500 500 500 500 500 37.7740546325 500 500 500 466.8140200905 500 464.4440435127 461.3965839483 331.4827912384 298.2549115817 500 482.9414278539 402.2222796706 447.2949236188 483.4256458749 487.3189226603 445.6450210291 477.7185851645 423.411155232 451.1585860219 427.789218959
124.0803695 -9999 387.5081238439 500 500 403.2594476429 500 500 500 500 500 500 500 500 500 500 494.9137635598 500 500 500 497.2113466621 500 500 500 500 500 500 496.440422297 491.4624190144 500 500 500 441.4768516729 403.9912770202 500 500 275.7369213325 436.9435756367 500 500 500 500 500 163.3629704215 474.0520731372 393.2159768392 205.8038463033 467.7767105868 500 402.8656028772 433.5515589742 451.7259359361 445.1007213693 151.5511298604 295.0286398154 500 438.1095394955 472.9309102916 453.5221528438 457.2316697173 420.8423444663
231.446838858 500 241.1891341217 -9999 427.4748595367 362.1447697509 500 500 500 500 475.8409105843 500 500 491.9475163343 500 498.1228736284 500 464.3268975905 500 494.6643333279 500 500 500 500 500 500 499.061649403 496.9348750132 500 500 500 464.8539200289 357.6683640275 500 500 500 357.9180556501 335.2466506057 319.085730352 76.1196533935 314.1496728997 500 500 500 500 500 488.9254366909 500 500 500 435.6482329 500 342.3642615857 500 500 500 500 472.6675858884 477.0892270507 495.9664940726 465.6819901699
500 460.4614070089 497.1071564947 500 108.3884275845 86.5972808983 301.5400102131 500 480.295687229 500 500 500 500 476.4382294564 500 500 499.8697547761 500 500 500 500 500 500 500 500 500 500 500 500 500 500 433.5743178447 473.5240880488 500 500 500 500 500 390.7015401615 101.0320730856 500 500 294.3192975318 500 432.9501650203 471.1651103498 500 500 500 500 500 500 96.9175837286 500 500 500 500 500 500 474.8777606828 421.8115530555
500 435.5561212045 500 358.0585275488 238.0079601386 500 500 291.6741085116 345.3529165187 500 500 500 500 500 500 465.164448909 40.1425743861 500 459.9575497932 500 351.2531491981 237.6873440754 500 500 500 -9999 344.7830838343 500 500 10.0143437745 487.0590709482 500 500 500 500 500 500 315.2981873685 500 489.5322657117 500 123.3779110722 339.198596562 390.4701557351 500 500 88.3474477071 500 500 500 500 500 500 500 500 500 500 500 500 500 500
