_2160.asc
NCOLS 350
NROWS 171
XLLCORNER 152620
YLLCORNER 418050
CELLSIZE 100
NODATA_VALUE NaN
[rows 27 to 53 of 171, columns 61 to 121 of 350]
-9999 -9999 -9999 -9999 -9999 -9999 -9999 -9999 -9999 -9999 -9999 -9999 -9999 -9999 -9999 -9999 -9999 -9999 -9999 1.6587139624 -9999 13.3879034781 -9999 -9999 1.8094105902 0.4153232449 46.6036742615 71.303253022 47.1722047931 81.5848054598 103.0764916772 124.3295941248 112.5820128473 109.5249954463 138.4131707881 182.3373732603 177.5153073664 180.2392628428 148.2744225947 260.2343801952 261.6595527018 267.0997964986 299.5399555081 -9999 -9999 123.3026100916 325.6391777293 227.3713649979 58.9584185959 239.9611395612 211.4546263904 192.8663752075 388.682336797 357.5656682086 -9999 -9999 500 414.5588184262 281.7693088993 500 500
-9999 -9999 -9999 -9999 -9999 -9999 -9999 -9999 -9999 -9999 -9999 -9999 -9999 -9999 -9999 -9999 -9999 59.6655707141 80.0706274084 88.6101577896 84.2174218586 43.8007731227 21.58692465 52.7252328318 27.0382935561 37.3307738277 68.2515408148 44.4021264324 112.0495387694 113.2045000385 114.55249205 155.5018970218 176.1517526157 185.8964021711 179.1872570842 202.026976845 209.8384509866 219.9835119952 126.1104602406 283.5870773629 -9999 300.1088094062 255.4149517546 318.1195260945 226.0170277686 330.4533118541 334.5185706213 118.7266984899 311.7080257392 69.9384056748 279.3793548346 402.6295878551 233.4598787508 73.2283066555 408.5812694016 426.9725101775 9.5549406608 -9999 489.2993325701 500 487.8264997898
-9999 -9999 -9999 -9999 -9999 -9999 -9999 -9999 -9999 -9999 -9999 7.1902569991 12.7566270431 61.5599699218 77.0175090461 119.8188113515 15.1947640327 96.3888955054 106.4553437643 85.3625867958 -9999 44.7577591815 93.5440507616 83.3782695124 90.9301330436 94.9677933216 93.1335120009 116.020917668 142.4071195889 156.4262685584 142.4655872374 167.9355888559 187.9274783111 191.1546179103 205.3239209157 217.9225134174 216.6824435274 213.1339617944 -9999 287.9529352465 308.5280634594 304.9852040993 306.8876358296 283.606752274 303.7611293136 320.2578744546 326.5312665322 214.586220166 305.8161056241 -9999 326.9147455965 183.3311572769 2.1274056622 173.6051370504 435.8145957853 464.1888443571 487.2008286521 477.0849006577 500 500 492.3332677583
-9999 -9999 -9999 -9999 -9999 -9999 -9999 -9999 -9999 -9999 -9999 9.6766793388 26.8066597584 102.4882671665 118.7556135768 131.0627578679 105.6987974893 138.5290396495 134.2542828848 148.1103557843 119.2408030105 137.1810853929 142.6245499044 152.160866329 156.5109438142 154.2446609007 83.1601303274 106.4546527712 161.0383815872 167.2178519508 122.0246855946 183.9034840659 177.4998313825 204.0920407634 203.799332736 225.5976566477 228.8021145938 240.7492320517 40.8945694194 -9999 313.1333172452 311.158690231 99.9879930268 139.3309718298 298.4847754771 302.4526532479 279.9744253467 284.5683506951 40.4068278951 219.0622334425 372.7007403286 393.093303013 167.8872847307 404.2536432456 19.6570209257 430.5564009579 492.988107759 495.6006898287 500 479.8593310356 466.4235043884
-9999 -9999 -9999 -9999 -9999 -9999 -9999 -9999 -9999 -9999 -9999 64.4840984863 78.6109178353 109.8972648812 80.1609352058 105.7477485168 118.3096622194 115.684339737 115.8055987187 113.3209655359 103.1716678658 152.445829343 156.0842221118 151.9409489725 153.4312014645 157.9290272699 168.0826542698 160.5369456632 178.7875495958 158.7531983679 106.039229788 138.4618992336 184.5806424792 210.0220482206 180.9013886972 214.6472362726 236.0661291758 236.8233061515 230.5334894828 251.947492194 280.9865137538 296.5361558787 238.0778156142 -9999 315.7731774176 261.302124548 360.8086515034 169.0506178204 334.072996659 297.4045588982 95.7288584657 303.5931858817 404.3109909173 389.5263703412 265.6926895317 396.4203673902 473.1787954759 461.4342278442 477.0079909285 448.6424646919 462.6421663364
-9999 -9999 -9999 -9999 -9999 -9999 -9999 6.6572650377 3.8213020749 24.9869010709 62.7042326386 81.4010072563 80.7317625152 114.7633420999 91.3904090887 91.891223885 101.3706517763 92.4935648656 94.2517659064 112.060764465 113.8256690528 144.0606534211 151.7052058092 146.5827268433 153.1562671539 166.7482495191 151.3675930829 195.1646408684 180.9406006242 183.8169771963 129.2749640994 197.0587539553 220.4565118095 234.7660458036 166.1300767795 159.9671880293 158.605194892 212.327690521 226.631330265 225.1925532339 264.4271992075 286.8289499121 250.4435566071 217.0249109021 270.8837000906 306.7273868503 -9999 -9999 311.6297400641 357.1806093073 255.3364080227 192.9592440536 379.6333173826 341.1733117318 433.3909068013 472.266921623 444.9078459244 443.4244901327 454.9095159968 436.1610675226 438.9145858287
-9999 -9999 -9999 -9999 -9999 -9999 -9999 -9999 9.4111971408 45.168641886 64.9091168356 87.2738614593 97.0303771799 106.2122032259 116.8046968606 90.1693854414 88.8331286588 110.8026297359 105.5767088386 144.7345918284 134.1046503462 132.7997365426 144.5018615826 139.5838837488 141.1908207187 161.0957409517 147.535580297 166.0388732797 187.6214428351 182.8277964697 132.7298353952 198.0305527428 200.2607257389 206.3149370586 222.5685820709 228.6233282956 243.1739311624 261.8740288235 257.4952045708 255.9718697038 262.5880557165 277.6032843244 297.4401493748 326.8619237401 345.6107925822 345.5663422921 333.4981866183 177.4748677139 329.5013594374 244.8283419004 398.2371945221 376.0956681414 26.9126000375 406.2537403295 447.1691406256 436.544918373 434.5043755231 451.6890459906 451.1056353654 446.8435692273 468.6371389826
-9999 -9999 -9999 -9999 -9999 0.0073815856 -9999 -9999 19.5564337632 49.3654546559 84.2371209483 96.0354991134 89.8122592621 94.4369038779 98.8711303202 79.6362338493 97.7987551445 107.13415286 139.8178288849 116.7997158978 129.1121617033 136.4547577753 158.1477025231 127.1556138426 110.2622004393 142.0039262581 161.6102482758 176.6492571086 187.2065718783 179.3906669038 125.0441584416 198.1788787916 221.9805635068 229.4483989424 221.7397480509 233.550652397 225.9416860951 234.0649153269 245.5596498449 253.2547056694 260.2913493783 277.1444985904 303.650593535 323.305779339 329.5147218552 337.2551851697 328.1444111707 356.1347703567 351.2054396162 333.4129625109 369.5172245914 393.6374197348 412.9607048449 411.0463686797 442.0949922309 421.4850468508 421.6663315873 441.7354623417 452.0145687504 452.0250700924 463.6883002627
-9999 -9999 -9999 -9999 8.7357889733 4.8507848031 0.5684600139 9.8749980653 23.8565448218 50.3399537212 65.7266067253 79.5704690663 99.510982669 122.1386462457 113.2955831418 68.009160227 111.7582246505 128.2717169917 119.955439001 89.3245762931 135.9842874278 142.7448765955 155.3160736543 140.2733410962 153.5616347069 147.6473886136 174.7380784452 180.2682325452 193.0894514849 198.5709770024 167.3190822785 200.3483849472 211.6863702599 224.1591134102 227.4281146524 239.9604858773 241.2695816981 244.3029360746 247.216937259 275.6736032346 278.9627522854 287.3980543699 299.677700304 329.1880329309 338.9042090488 308.7584068843 335.6595208726 340.9611266702 337.2151613035 310.0679510629 389.1710977598 413.4320194935 439.054979473 409.5127816416 443.4460880333 457.1498435909 444.0557266903 472.2609529915 460.8597045353 469.9561947012 475.3069221783
-9999 -9999 -9999 -9999 -9999 1.3158914085 -9999 12.1643481812 34.7731048558 59.7841210362 81.8822339326 84.566524128 93.9393305196 109.1306544953 118.134418243 122.0864088681 113.3127246813 128.8981009885 132.2860473399 135.1156967669 156.7793861597 149.9014482563 153.8812233395 152.8581097843 151.0400364693 160.7402627166 177.8491658531 175.2695375467 199.0700610441 200.2324501975 251.8565442883 227.5411201576 218.9271317904 229.1683374339 244.8641708532 248.5712286038 228.5652956515 229.5253543833 247.7499752971 262.3985888903 271.1499122805 283.0253023909 296.1896882769 283.6672779147 291.5678766631 333.2813594558 312.3916752477 297.1201002011 361.4802204515 384.1501174472 392.9836202598 427.0939809373 422.1919875185 413.1519983543 430.1657600444 441.4411479347 458.319382995 473.3756742439 470.9440459246 500 498.1268201981
-9999 -9999 -9999 -9999 -9999 -9999 19.7167214178 109.4470887724 47.2775250483 79.9510976204 81.264250216 98.1215507762 92.5985253612 107.9068548927 99.2532865922 118.2051884912 92.9203741057 137.9535416799 142.4496986936 146.8984285925 172.9320894673 174.1076027219 161.6308726635 170.2356034119 171.0349457949 176.3054124472 166.6769245766 175.8250747176 198.7777272407 202.2044222071 215.1340553922 241.094678375 214.5848456791 229.2095498745 267.8983213512 236.2241158758 247.8223622024 263.2219507541 260.5300933535 271.545614357 288.2466949806 296.1700520159 307.6861272985 299.1018030722 285.5153614013 294.9794209917 340.385377174 348.044198469 369.8535875365 386.2987618793 374.7507002729 405.6991898986 418.6356337159 425.5073860704 443.5046549469 450.713245133 484.4788858007 487.051339435 482.7813567031 500 500
-9999 -9999 -9999 -9999 1.6525067992 45.5179873431 17.040326923 106.2397701965 57.0337342056 62.6981697005 89.414115342 97.628886189 106.9166359871 122.6588312943 126.1677797108 147.8196788607 157.7617667631 141.5187399417 138.4536164042 153.8409966174 146.649713372 181.9821588859 170.0160372092 175.7678934941 167.041645016 165.1216749173 160.7382600079 166.2819467741 182.0733576849 195.4302217022 220.1881844043 255.1353828379 248.6383200948 228.8493151852 255.506759223 232.4406693003 250.198267268 253.9831429183 304.8102848936 289.6231251128 279.2365447815 302.5607187837 313.820132134 305.2382430151 305.679774361 278.1484209205 354.8319134215 357.1930046027 373.8197038259 397.7452117692 403.6482063091 428.7246875415 423.0400895217 455.9932283475 452.3499077774 491.4978544472 485.8622866771 486.2704910497 480.2613025854 500 489.6044539206
-9999 0.0311557051 7.1594075627 2.3808966062 13.529822574 39.5835003911 59.2043676985 68.2998612119 46.6513122921 63.6882328328 82.1325447548 97.4286797262 106.8306354694 101.4429911182 139.7940980605 152.8284295745 157.4839447625 149.4686189245 149.6017983941 139.8277576835 163.2584550213 154.9939897022 172.8759170379 165.1402154125 193.9825781941 172.4487794109 169.8037014583 181.7136857655 201.7073118101 194.207508316 124.9129183096 227.9174462655 240.0810850408 224.2288636557 237.6166566032 235.8697723714 266.3663723623 263.319869342 297.3625287601 293.8392920001 297.9280933771 305.6657861513 316.492834858 320.5544602786 353.8111257581 366.4491618137 351.108710456 357.8479914749 384.4602209645 394.3140603284 398.7511343071 418.7376012539 434.7732187674 444.3936419658 463.6357032566 467.1375463319 500 483.2045809771 478.1241731484 497.5396481727 481.8408331862
-9999 -9999 -9999 1.8826586547 15.6737725843 36.0323607713 49.1706718811 57.82883735 70.2646014115 71.1525564847 87.6520651614 110.8056314072 118.2083050632 96.5358222738 134.8665895374 130.3317559162 127.9198829906 120.1322031189 168.5373050423 164.5163685378 162.3457704304 149.7471504254 166.0408843376 179.5139630224 195.9096306665 178.2948305799 176.1442701871 192.5086609956 190.1661326176 183.9066468559 208.9038458917 209.1546594203 209.9337208557 224.6572559367 249.7118457365 237.1235854986 258.5744602278 272.7526287853 294.7984455233 287.9861256986 299.633448356 300.7356907702 321.2759122273 331.973866015 318.3566389255 326.8227101429 373.9832120708 358.974770499 370.6313383244 388.3436403875 387.1152797824 412.0296734739 422.4445888345 444.8005326388 459.3249242151 445.0284868628 483.114317505 464.3589672523 491.7406709114 487.6251843738 473.5234191241
-9999 -9999 -9999 -9999 21.2219672775 42.3364755337 52.7323626286 65.1253872233 59.3786373729 74.0049330251 93.3561832557 85.6922552421 96.7537855132 101.2435074944 101.5710437421 144.8240660994 137.2471160887 141.1735283573 166.4070537498 151.5483471873 168.892212034 165.7873875968 185.9877641638 193.3668858754 220.7984652201 188.169087287 183.0758432099 186.421036734 196.7237863251 191.8135536886 174.6098306374 226.1047103151 222.4676766943 243.7557321141 257.5025420967 249.9788642216 276.618909229 285.7755351735 317.6168672496 307.1067694176 318.109316171 313.0752702989 350.545733668 329.1521398412 321.8207225919 332.846944619 348.9609909714 364.1582196417 380.919422002 395.2785188047 381.8264868537 408.6862019559 421.6421573431 426.8140703699 451.3094792556 441.732283809 473.7531942398 470.8540815739 472.4439338062 478.2636925067 500
-9999 -9999 -9999 2.4606983161 -9999 55.536148466 40.9133347264 57.6905837014 59.6348344804 73.7348336862 81.8126821936 92.8734790784 110.5559141287 120.5123201698 135.6751250053 134.3046913879 129.7339184376 138.8200538396 160.1187336481 129.0918906187 148.0742282955 168.4978476901 195.4835901577 193.9371382267 196.3551376138 198.7848903377 197.0709361007 197.5224647408 206.6171056396 206.6051337422 111.0300476815 239.4368557261 234.4413300415 256.7865682886 272.4454762775 264.1431810762 259.2538162507 284.3066556227 296.6765085797 300.0188969483 307.5968891822 315.1902396028 359.2937166324 327.7767467776 332.0346503928 349.6058025389 357.1954699668 374.99054121 394.8735699031 402.0661521764 428.1257345292 402.6622759324 427.2181718916 441.2158296082 443.8503005418 432.3536314782 451.1982377304 469.5768512144 476.5833905793 479.543117306 500
-9999 -9999 -9999 4.4510516692 29.277947519 45.8265209829 50.6509248213 68.420032046 84.140681613 71.5902665375 93.1537374328 103.4218775351 119.2560420283 117.9513749909 110.524020953 122.1818326964 141.2636560619 146.6845681521 148.0383121791 136.2346692282 130.8034617111 148.9229831895 166.5458571812 183.099778857 189.6870388598 197.1948785828 220.5922790852 201.4198961226 196.1748703776 224.108209544 135.8876363321 216.003959771 266.9885809485 283.0488685323 283.0644713612 269.8670452971 265.6486369097 275.6378304537 279.3565565438 279.7356329593 293.8005661329 310.6098588761 341.3254397625 323.2243326368 344.2810147427 355.613815765 364.0325114532 375.577668111 398.3962878304 384.3485457962 427.5815616413 414.6187998026 430.3473226053 454.4850600593 446.5432538058 435.6026413599 446.9393106015 474.8653730984 479.1583507242 487.6859502588 490.9760504579
-9999 -9999 8.3573772734 8.7992548234 42.937688659 29.7408527385 52.3118258658 79.7074650788 88.3965317427 99.09763408 79.5697845793 87.486408685 108.1121553641 110.7536406929 119.1328341995 146.9724901855 143.3565735263 136.2108945493 129.9688716567 164.6482317149 147.0226334204 149.7024496174 143.8553999204 161.9575896645 175.8284172757 183.410828746 193.342294513 235.8298320921 231.5958876025 231.403546447 159.5506725391 244.7759016259 240.2922152798 261.8218793817 273.6653720917 272.4317991643 277.4035765814 299.7889931591 299.7089938083 298.5802359823 310.9815322258 313.0478556278 333.7174755285 349.3573136539 356.0213696519 353.9713832573 372.5759815686 402.9576017899 390.3824443514 425.0374580652 433.6434232069 421.5317961629 435.6819362764 457.9643784481 446.4002956771 448.8690076259 452.1006320839 445.1539364645 500 492.2855227125 491.9581023779
8.0790317821 15.0725947589 4.4682191202 23.862827598 45.4855222069 48.3256165587 83.4607388814 93.8736816727 82.6448004893 86.2354300774 99.9616191475 102.4893135984 77.5648169569 109.8101364592 137.9930226109 116.2178502871 124.3174409798 135.7132368166 144.4754711213 146.4498060142 149.0454242048 159.6513633231 167.867752201 173.0038953618 171.3479876187 184.6476029964 191.9144696673 237.91226096 229.622775005 213.9879558318 225.9730682946 249.5728199138 262.7466542095 256.529411771 209.9101503544 271.0158512451 278.2316574288 296.8748690259 304.7714525575 300.8280393377 283.7974202554 285.600773276 322.328264778 326.1058715018 330.5373819661 329.1846567627 352.676872104 375.3291609702 397.4812701502 399.1278010019 434.3323973361 387.2893283037 422.3205170549 443.5606354759 454.8992450808 454.4606555759 454.265798418 375.2464843724 500 500 496.5080744977
-9999 0.4625063944 20.0704942433 32.1754988929 43.4731619465 79.4540295606 89.1797245897 89.1977695547 104.1118306641 128.812598193 108.8336577426 119.995781518 110.3621303043 125.5712563721 119.2814774264 125.3603392593 157.9279678811 126.8622219893 152.3350678939 138.5868773328 155.892358234 191.015619483 178.9722099837 179.0791784643 166.3811944488 190.3973572103 202.8616752047 239.9932671799 239.0030381348 199.29283349 206.4651604526 265.5297359835 275.6841041169 278.0861695978 267.3771046817 279.2191016959 286.5746855895 293.8604465885 285.2054692292 300.7366995435 309.720513741 306.894722206 338.638892527 302.3319688583 334.442825215 340.2974031052 352.0120798302 371.4347667045 383.5060127999 392.2005618962 428.1809290252 346.7403179788 442.066221393 427.9612526336 453.5579043753 458.2015685959 464.6375254646 479.7712699794 485.7733196614 500 500
-9999 2.1712602559 24.4816291009 -9999 43.7651770246 71.8975269403 86.752658514 96.7517388716 112.8281886997 107.5809117574 117.2040761267 119.3452334528 123.8942660135 124.0601963575 139.5319042448 81.2422322091 132.3558104607 114.7365748017 122.0053037335 135.7447982041 108.9468487782 150.7429647848 163.8668640452 182.1581646506 180.7843216744 195.5721013871 198.3473006776 222.6772722888 221.1969476933 223.5090107327 235.1362050383 238.4742674279 246.3442920352 272.2025629014 251.5220702306 258.4607989295 294.5541612005 275.3303699308 290.3861649547 287.7977951344 305.9114877169 322.6106774458 305.5898063365 304.4551416987 316.7402426592 350.7675398337 327.8161310991 361.3987539531 372.8607637426 394.5137965541 407.3940177513 388.7945642316 435.0229615041 433.2418193465 455.7726820776 453.8317650599 457.7854526042 463.3069224799 484.4134385171 484.9425452485 487.0757067173
-9999 7.2415662517 -9999 21.3497365258 29.5108694368 60.7229832085 72.7847390802 68.1620172853 108.6345404645 89.3214579188 102.3404909117 116.458335379 104.3567377132 140.8528259637 120.9955971493 143.0904443857 120.2572715893 125.5709641702 145.234534062 133.5490094198 124.5026069962 112.9490682499 171.657900504 162.7347874585 190.4436490582 202.1275284678 207.1350646756 226.8229153377 226.7792468626 232.5280714894 217.245027694 233.8024413082 236.9947671957 266.3747796736 249.2119814765 251.3994080392 253.6364884435 253.6934715819 276.6876597074 294.5963659032 302.1255933028 323.4824395714 329.4055383186 321.4367271598 317.9769561195 328.7626808293 333.1468475499 361.584088937 385.2862769842 384.417920073 389.6260755462 393.3196790637 423.8590231747 430.9932323593 442.2228653497 455.1479813876 458.4881104154 470.816027936 477.7383999654 486.688061764 490.908767099
-9999 1.0551414841 20.0964047917 32.0024633125 37.5919004573 89.2939528875 101.5968171929 78.0097092689 107.5041556164 93.4459724923 118.0313714976 107.9454904685 127.0451911597 88.6606744768 105.3016871639 123.3516732508 119.3675645161 123.209668359 127.5113277666 132.0726575942 144.6036477655 146.3142360785 188.795553702 172.5524260218 202.1887425782 199.288181783 199.4265599042 205.0817992976 210.5981303038 232.1638286246 241.3641100997 229.175245316 225.2120172433 252.4827520371 245.8584647983 260.1876423134 265.5498728841 290.6032614632 269.9684418567 283.7406843365 294.0859965376 309.8753702117 286.9449840678 332.7436677197 308.3360268331 338.2847424124 331.5006834863 399.038982809 382.2151590391 401.4872646832 370.784936478 348.3990270199 429.6121387421 426.2132113126 431.3931219408 470.381440742 439.8457902087 431.9287276712 469.2449209495 469.8282456505 481.4125216185
43.961653336 36.4194659012 0.8595750109 44.6610337447 55.0550279274 97.0941237285 85.4650624621 87.1276787495 62.2649408894 82.5514593765 135.4250286361 105.0529628773 91.028798263 116.766795239 85.6765138933 125.7428695981 156.4818404157 121.2253701276 134.6041381131 149.7143446301 113.0899571916 155.6206506592 161.3043082322 175.5703827356 203.4703373875 215.6764702187 235.7438670162 217.5636491748 223.3122233105 243.1144878759 241.1821961565 263.0812614848 211.7920211993 186.5368252351 249.2462032186 280.1534678793 265.3720757667 274.9548357605 270.8554976722 280.7127153074 308.8893985801 301.7869476133 322.6933666019 339.7699730111 355.4858472159 359.6850218686 367.2205622622 372.1529625325 376.7922213577 404.2171747317 412.7489741233 420.0087018313 422.4351070157 442.3628857421 447.7527106971 436.0691286915 455.3908203395 459.3736545615 447.2001023493 462.0173424437 444.5105097165
51.1886221215 66.9617025757 47.8242172376 63.1533961823 57.739044564 74.1405887783 75.3041309966 70.0010708359 90.2366780036 86.0071109353 90.5773846026 101.5166242998 93.0852445774 88.6000203886 103.5617908881 102.8423089513 133.2653021404 148.000497025 137.497665359 164.5486609607 177.8944577079 214.8019207988 171.6368555497 187.7069589401 184.3481172024 205.3930407435 226.773146898 198.9972184465 229.9463758777 213.1677310456 175.437354798 241.9858349497 245.2159660492 274.5597492581 294.5725414043 303.6083719722 295.4326024204 307.0997377747 307.0809812975 303.8015787316 328.4864055045 312.5968893552 322.4090655909 357.5212654014 358.903144694 376.1150225948 361.8152375032 368.5987017294 382.3058555472 384.9913950151 387.8271177872 391.9093854902 385.0859611284 434.471873927 442.4172100218 432.179011384 450.5315684451 447.4544474483 452.9559704771 470.5403474965 476.5461185337
57.5107580845 24.1769598445 81.2203589268 78.421697793 62.9499981712 67.6055235833 76.4444371047 67.1656195894 112.612891157 75.8759784436 62.4894728238 67.2350744723 80.3315743813 85.5736537294 91.5421272875 89.1151220991 134.1800140614 143.9228748559 149.6020548545 173.8967129893 177.4556453641 174.2337038258 207.0209736663 178.6087148956 196.0318951193 227.0451424769 223.6192272728 239.1322355904 220.2804537417 198.2310287759 226.7347705246 246.474870589 245.7547880855 258.28841082 283.7403904923 298.3448277367 295.1775302976 310.7597406495 323.0880213375 316.7131367868 324.5089087963 343.4737257884 330.9925450807 344.2639681074 367.004465079 357.9819757523 355.7938959519 364.1053042031 356.7466222733 397.5701368927 405.6497935171 427.3076674702 411.7316171935 424.7789190715 442.1730449339 427.6401043804 447.6219638345 471.9909918428 465.7095108158 467.6001055394 475.242423521
64.2111141396 84.8835973478 71.0131726299 87.9388071082 81.1353457491 77.4643461245 61.5896385782 72.2133436362 76.0621303984 69.2320365815 79.0202976733 51.5157162627 76.2000480507 1.1756666034 49.0139771847 94.5500801781 145.236038238 171.082810954 160.8758049115 176.157829657 179.6095469953 174.695205871 204.9843874315 148.0671745597 175.347379341 220.2540039879 228.4682274311 224.8840296014 240.9336942028 241.9574481991 267.8929835933 261.0087397155 264.2995749714 254.0960759173 273.966026407 287.8348164917 296.2523124355 330.0554073229 297.9077722452 314.5052479754 313.5938105049 335.4721350552 343.9477244944 352.2999786524 348.735347121 348.4577464183 365.4939446908 363.1591904413 330.4877639186 394.068960594 366.6897180246 405.0458661133 410.7551272478 385.4489859165 443.2178068984 436.9752429096 447.7665965991 458.8499179809 472.0629447722 465.7556577225 480.0960661184
