_2160.asc
NCOLS 350
NROWS 171
XLLCORNER 152620
YLLCORNER 418050
CELLSIZE 100
NODATA_VALUE NaN
[rows 81 to 107 of 171, columns 183 to 243 of 350]
498.4416120448 491.0836838181 462.4122567875 500 500 497.9599991844 500 500 500 500 500 500 500 500 496.9078566712 499.2391454912 485.0948055209 495.9873073192 500 500 500 500 490.4743138305 498.5625959285 500 500 491.797648082 466.9408198377 458.3990080004 500 500 500 463.1792367223 500 500 500 500 500 500 500 500 500 486.2795818873 411.1280419774 409.6396123706 308.3174864693 380.3055447812 464.9239196058 198.8038485463 266.8691943406 57.7532529744 138.2544606707 157.7234778326 456.8135007278 495.8442219991 470.4200767271 493.4116304556 484.623166677 492.4891838422 500 500
500 500 495.8148697881 500 442.2136777261 500 500 500 500 493.8992222832 500 498.2973378965 496.679800594 495.214993492 489.0344843569 495.8924113904 481.0046452081 487.3555931488 495.3379379231 493.4349040757 500 500 500 493.6969761195 500 500 499.4774243869 470.4689523881 458.5566803837 500 492.5333465675 498.7682475672 500 500 500 500 500 500 494.6953609125 500 448.0631878792 500 469.0323414092 459.1101145133 483.0178244177 382.5744919278 491.4258337044 336.9015927897 372.5867726177 312.4879652741 -9999 143.4890707649 -9999 426.8377767558 482.7361259634 500 472.2850810681 500 500 466.856399058 500
500 500 500 500 500 500 499.2268894568 500 500 500 489.0356603779 481.3812582262 479.8065314673 485.1070595479 469.6132095996 469.399450289 481.9930771255 490.9603503032 497.1929021132 464.5027822868 495.5154649015 500 500 491.9587248211 500 500 500 475.2115675898 466.9940181967 500 481.5113480777 494.1864565346 500 497.2631797469 500 498.2935599822 500 491.1756778892 500 497.2000580479 500 496.0427771025 462.3859717237 500 500 500 410.4867276268 500 422.6126881075 219.3566829988 -9999 120.2304013834 135.5319432664 156.5859190349 295.415595471 459.7991794923 500 500 495.0455172063 448.4093594469 428.9039495014
481.3859587376 493.9641397675 500 500 500 500 500 496.4568514503 483.372768305 500 467.557801161 488.71682765 474.9636421537 466.2776572712 466.0000115498 485.33469185 488.988547284 462.8388568858 479.1871742767 475.6953500619 500 500 492.8267123541 500 495.0780291016 500 500 485.538243735 485.8153951316 500 475.632612164 488.1729786127 496.1397741012 491.6127512395 500 490.6376005777 496.8392429725 500 497.0281512629 500 500 474.6523458754 500 500 500 498.8144469428 454.4974899036 493.9198387808 402.6984876388 229.557052789 286.0671359367 131.6163702557 136.7241297012 303.6022789362 346.873584973 459.8773344153 473.9187430906 400.2920454532 431.424435518 382.2166482527 398.2795980031
469.2997658586 500 487.7940504847 500 500 496.9135759898 500 500 486.4487524701 487.0509511384 481.7425940334 481.6859742647 478.1436751313 464.3698722574 477.9562710681 472.1703106378 474.0676531058 486.5752142646 480.3143522497 473.7918367304 469.2909305718 500 500 494.3761448615 500 465.696312085 500 485.1658195792 462.6467344624 499.6350498685 500 500 500 500 500 500 495.9831339476 500 500 484.5081810544 500 500 498.6197437191 430.5100611268 496.2266960337 500 500 473.0831313747 453.0557676448 326.420852838 402.6944103027 385.1249813566 404.4124273233 469.5910235265 344.3948174422 472.2347440481 429.2324026896 482.0464705289 500 500 456.1686104587
477.8431754616 480.1620210256 500 498.142915115 499.3438291659 500 500 498.2883271523 471.8332034678 487.1391590003 490.2749913476 478.956403033 442.1819638431 468.1715618965 481.7432651786 473.1404107316 487.1831779518 460.8776697929 465.6555023859 471.0142515126 487.8360168672 500 493.3666824777 500 500 500 500 500 488.4721342754 465.174403008 479.634977218 488.576168353 479.2551055109 489.2826044695 499.3754535945 500 500 488.540467693 498.177467261 500 496.893941158 500 495.6133410686 500 418.2993514241 500 500 500 500 470.7780711483 500 471.869132701 411.0197178451 495.5535165023 449.3265534706 459.0864153475 382.1782447409 359.3995287598 428.9680010283 494.3343211571 386.6980463266
468.0862356625 472.6072025197 496.069313718 500 498.554919225 499.1872609549 468.3641283388 453.535977625 458.580972367 486.1734134789 482.7666968167 463.1188080968 495.3891745671 433.8337358232 475.919720513 467.8953169755 496.6419879459 455.2807305439 472.7910119063 469.4099164388 481.7332773102 487.5073433915 500 500 500 500 500 500 500 484.1269197569 469.558161567 478.2325664706 478.8981974349 448.0909525805 458.6368010005 477.4149015573 500 500 500 498.0255588864 500 500 480.0492589639 500 416.3791787114 -9999 500 500 500 500 500 492.2272965975 481.2334632987 500 500 466.3701560162 469.2134816491 481.8810720903 428.8413604203 416.7120815118 401.7653906322
379.791789769 88.4990400279 500 500 482.6320891738 487.0471999975 471.5541465876 483.5559662584 458.1425494147 458.8304162283 472.7729641009 476.8395580969 476.2456820929 500 468.4875226772 479.2343402252 485.8092725481 461.1382829522 467.8399184062 469.4242167403 474.1092213612 484.3338218542 496.4106731533 498.2726495084 500 500 500 500 500 486.9576439669 482.0760232491 488.3173861801 485.0652241534 466.9204298285 454.2825635777 446.4429841893 470.5768684864 500 480.8528934513 498.6977946124 498.3831357562 489.6629869944 481.883673672 495.5536347933 490.2096608056 499.4603258858 487.9429279767 500 500 486.6192647213 500 500 500 496.2917104892 500 478.9163111865 440.8092939118 450.4224694154 368.446554079 315.9363263303 304.4112122142
500 494.4341596022 405.1700325698 376.4584547066 213.4759738565 491.8986303084 460.6118080538 446.7577460377 444.7007391376 361.3502924956 396.1047083812 456.7274234461 483.8906765871 372.9709881595 469.986490302 460.7241921844 200.205030491 481.2127767983 462.8084417528 486.4423556237 484.0111202306 473.677491663 494.6625939653 478.0691333298 489.1813502539 499.1551053926 491.9206273491 491.3837684902 500 500 500 500 500 494.8760098358 484.8272097845 461.7575997119 468.9718709646 488.549151658 482.7998058715 472.5792676244 500 479.0483649285 479.7802725113 489.6725780802 490.4443801846 500 500 500 499.4685558844 497.1842119142 500 500 499.0180793234 500 500 477.5037069712 422.5738147026 439.2873696361 388.203337811 405.7988570951 327.1586715466
500 500 500 500 487.4983651682 470.7989682372 295.9354292149 373.2413572546 318.0285239797 73.3324123961 448.4898554181 124.9629848261 399.00309235 500 500 500 449.8617652154 500 127.3095420379 495.7192855532 474.9117982401 492.5457825075 478.4013692085 497.773293013 490.7615667874 485.5571624984 488.06991977 486.4230342367 486.2512816076 500 500 500 500 500 496.8247588796 481.308744916 483.8453608183 488.0687080748 462.8716588206 489.910955263 497.5358525348 487.396169768 471.4072195293 479.5540791842 487.631379316 493.3411042331 492.3570963518 500 500 500 500 500 500 500 500 416.0919333297 444.8837843079 428.1064957094 405.7234867156 377.424936762 287.2465718658
500 500 500 500 352.7837459245 340.9988479379 413.4359257352 277.0576250042 245.7734658465 360.692340133 300.6867938648 500 500 500 498.9330970738 500 500 500 500 500 500 480.3048422163 476.8148259354 488.9158460036 495.7115116874 496.9748147632 490.9148454755 485.8577807512 499.6196340917 500 498.9232494621 497.3235404402 500 500 500 499.9493975297 488.0339921573 500 478.7553355482 467.931138618 475.0333514655 468.7069378959 497.805480788 432.0936697935 500 500 500 500 426.2399292557 500 500 500 500 500 500 465.8761286307 437.4019274706 417.00618472 437.6961965681 350.7868362009 344.9401088099
500 500 500 500 465.5329249519 467.021087321 453.6279148527 341.1671219367 129.8650896754 364.4778834095 500 378.8849917997 303.3656330679 260.4156079449 257.1744315896 402.2663218996 500 500 500 500 500 481.8664212509 490.2654376823 500 490.9533629366 500 495.7845741787 481.2899384609 500 500 500 495.7151954925 498.7149467301 500 496.9676155545 491.2570610835 500 500 464.7940967961 442.8640891431 458.4370867764 474.6739387055 474.4433064804 400.9422056579 498.3758693181 500 488.7212149086 483.0467958084 452.5671893268 500 500 500 500 500 500 500 500 500 432.0671266306 459.3779256948 434.4810298336
500 500 500 486.1455614289 482.8452876752 483.2389688663 469.4419402675 457.50216799 134.2169163247 500 444.5665167263 381.7822691531 364.7750111673 358.7982355481 337.3783504347 266.3633388246 500 500 459.8788177135 419.0583483688 500 500 100.5527376717 500 500 492.4930181628 474.0275750452 500 497.5221262201 500 500 500 497.1212542653 500 500 483.741469076 456.2455674301 500 500 432.8789726105 427.1081666363 435.9820738671 480.2964294146 423.8374452499 496.0508009196 500 500 500 486.1362030263 429.960146481 444.6246794751 442.220220928 422.1773408155 467.0437789989 482.5225634604 500 466.1563656902 500 500 500 500
500 500 500 500 500 500 500 500 242.0390214616 500 500 482.9515205751 464.1042173333 460.9093878887 364.597021926 362.2388559065 316.7800694761 500 445.3043484467 403.2419687058 448.1785359049 500 447.126126103 319.0207457218 500 488.1133851478 500 500 500 500 500 500 500 500 500 498.5022886157 479.5491704199 415.6451850547 500 500 345.3404295534 427.7652903641 407.4085801828 477.7655901488 495.2001315347 500 500 500 453.7632645041 479.9073828444 500 436.1836261688 371.8760178174 484.4714270267 500 469.2185404695 461.1866734362 472.3369897548 472.8008205767 500 500
500 500 500 500 500 500 500 500 456.0210238585 346.0533850884 334.4515317991 370.2806046269 466.7869415612 466.3927566607 466.87216745 463.8757131494 366.7917196323 498.2743947232 500 423.2736545159 361.9495695888 447.0786109999 497.4381714933 482.3447249248 464.1919303954 475.1634686743 500 487.8834891863 454.177177376 500 500 487.5341372858 500 500 493.8619965814 500 500 462.0296577014 457.4812499034 433.2392087677 500 472.0735144469 444.8981222031 481.4858328209 487.2673341505 500 500 500 489.2804413732 500 500 454.1517286311 397.6862220832 387.6426191012 484.720982963 500 500 499.6452485447 485.3058463902 470.358728407 482.6538276865
292.5467498853 410.1597099987 267.7665359032 500 500 489.6000935126 461.5982193602 445.4910549432 426.0685367073 410.8646369253 375.5798502678 387.3209869487 389.0879532284 368.2099615563 391.663169161 493.0959463337 468.0156574617 487.1819365065 500 397.4398255853 408.8174112867 392.4516464562 448.3732645735 500 436.4249997692 472.7597785087 486.7012402103 500 462.340132854 493.9681883858 498.0173882384 500 494.1305766723 500 500 498.3162324965 498.8391152194 493.0189216157 479.4531462241 427.2463207372 453.628830612 498.597129337 500 488.0189154032 493.4852148782 492.2484331934 495.9747308968 500 500 500 473.3869599931 500 416.2201570823 402.9363305835 500 500 500 492.7075820656 477.0576578043 485.551167299 495.0491567502
-9999 -9999 -9999 -9999 -9999 -9999 -9999 -9999 -9999 -9999 -9999 -9999 373.5267880381 360.1107649953 353.2044754872 336.0656498372 438.9876055134 500 498.7896402642 417.5690963418 394.8797698249 375.5789595555 425.1652739314 491.4485194518 147.6600155686 500 477.8332343872 480.5174534831 500 482.7303447471 488.3686125481 495.9053361456 500 500 500 500 483.1629409473 497.7704971846 474.0111286327 500 495.5576106235 500 435.3065212493 500 500 500 500 500 500 500 500 500 500 500 500 496.6839167023 500 475.3047115591 500 493.8843053112 499.3274654204
-9999 -9999 -9999 -9999 -9999 -9999 -9999 -9999 -9999 -9999 -9999 -9999 -9999 -9999 343.0623917602 320.7311992167 335.3248292411 437.7359349833 500 431.4442069516 408.5390565229 407.0878235982 381.8455743157 482.4585220651 479.6630253949 500 476.7229556572 479.8193285874 500 499.7097373398 473.6162548835 480.7090368164 500 499.0065591293 496.8466136854 500 500 500 496.7136101541 500 500 457.2302117968 410.2013956059 405.7448661314 500 500 500 500 500 500 500 500 500 500 500 500 500 500 500 500 500
-9999 -9999 -9999 -9999 -9999 -9999 -9999 -9999 -9999 -9999 -9999 -9999 -9999 -9999 -9999 327.2813560869 338.6219789073 333.8409856776 500 429.0203236602 389.1205510757 411.2433783576 354.9518292334 412.7146011369 422.6962749522 368.8934707247 488.347279381 492.0337033676 500 500 469.2970731588 445.7200701844 487.351394867 485.2647674432 500 500 500 494.4246301187 500 500 500 500 424.8523353532 183.8152458147 315.3992746744 500 500 500 500 500 500 500 500 500 500 500 500 490.369536753 495.3222049444 498.5491187707 500
-9999 -9999 -9999 -9999 -9999 -9999 -9999 -9999 -9999 -9999 -9999 -9999 -9999 -9999 -9999 -9999 343.8272042627 336.6637451666 331.781077529 500 400.6841642179 397.8868632243 393.4241902203 407.5410007358 410.1267687605 428.7769456237 476.046249103 485.260604051 490.2858888526 493.4783283657 452.5057882364 403.3852941286 411.4884760535 475.3359504955 490.9184863868 500 500 500 486.8540340625 500 255.8914490669 485.5053673611 497.0414749549 172.8268905324 415.6536153411 222.4701192008 -9999 -9999 487.8503701411 500 500 500 422.5975280791 225.0399834747 500 500 493.3257936623 500 500 437.64062911 500
-9999 -9999 -9999 -9999 -9999 -9999 -9999 -9999 -9999 -9999 -9999 -9999 -9999 -9999 -9999 -9999 354.6545787089 336.5918099968 433.0028935393 500 400.7289915093 393.5793684392 390.5199697717 356.0132447463 375.7795484025 408.9323639996 137.5644474594 484.2117962534 488.802183554 492.6266321184 469.4168125304 426.0540890022 389.5031129904 493.5603609577 486.259007576 500 500 500 500 500 455.9947981455 500 426.6263072812 500 500 500 500 500 500 500 -9999 292.4153109109 298.5826073665 17.9967516034 122.1273476595 448.3252017311 329.1312303642 289.5478065254 500 500 500
-9999 -9999 -9999 -9999 -9999 -9999 -9999 -9999 -9999 -9999 -9999 -9999 -9999 -9999 -9999 -9999 -9999 334.3379566982 351.9519047553 448.0371854008 500 386.8976632905 387.6833422228 373.0729625529 331.2115485946 360.33030532 384.6236416207 79.611991579 500 467.930853872 467.3462339878 442.3143828864 450.9906016945 467.4426220211 484.7113714305 496.9529495705 498.5681161808 500 500 500 500 492.5864486447 500 500 500 500 500 500 500 500 500 500 500 500 156.4452071713 500 500 500 500 56.9342361495 500
-9999 -9999 -9999 -9999 -9999 -9999 -9999 -9999 -9999 -9999 -9999 -9999 -9999 -9999 -9999 -9999 -9999 453.0999690652 346.2699152941 341.2375307264 490.1706309617 386.607545718 386.4742952431 381.4606305804 343.3119885489 337.391458915 338.8563179179 379.6342197394 213.7297126342 500 472.5184711681 485.9781091349 468.8564107322 488.9710682571 441.2945537697 436.0686779427 500 500 500 500 500 358.4732057316 500 500 500 500 500 500 500 500 500 407.8498112655 500 259.1377671228 194.4840945476 317.5214088917 500 478.8620541004 500 182.364495642 500
-9999 -9999 -9999 -9999 -9999 -9999 -9999 -9999 -9999 -9999 -9999 -9999 -9999 -9999 -9999 -9999 -9999 -9999 455.9387212905 448.5290096949 500 488.5494053512 389.3537617465 385.4106455262 360.633605094 360.9487119745 427.2147311854 408.9406167094 76.9803287386 500 500 500 500 500 500 500 500 482.6875516763 474.5242419105 500 216.8586210283 228.6077120242 500 500 500 493.8574249121 500 500 500 500 500 201.9902756805 500 500 500 500 500 491.4199236879 500 452.7316855678 500
-9999 -9999 -9999 -9999 -9999 -9999 -9999 -9999 -9999 -9999 -9999 -9999 -9999 -9999 -9999 -9999 -9999 -9999 418.850034005 442.107752141 500 490.3077405327 387.8841862939 393.2021630899 396.1110399007 357.0031585329 351.2743034646 382.0799011879 406.1275920721 478.3508157868 482.7758566228 485.0900668886 500 500 500 500 494.331319485 478.0055069039 461.1729976012 420.5352718091 500 154.8964242702 500 500 500 500 500 500 500 500 500 -9999 500 500 500 500 500 500 500 483.312891533 500
-9999 -9999 -9999 -9999 -9999 -9999 -9999 -9999 -9999 -9999 -9999 -9999 -9999 -9999 -9999 -9999 -9999 -9999 -9999 374.5536366296 473.1760303199 493.6335882718 391.1086514225 397.7677702485 400.6050319575 355.0464069615 357.0166101986 419.2668237267 500 500 500 497.5474280165 500 500 500 483.6373628473 471.2679157488 472.2323203519 495.6724318172 470.2845934476 500 498.1246280301 500 500 500 500 500 500 500 500 500 343.1391555187 500 500 500 500 500 500 500 500 500
-9999 -9999 -9999 -9999 -9999 -9999 -9999 -9999 -9999 -9999 -9999 -9999 -9999 -9999 -9999 -9999 -9999 -9999 -9999 102.8377883243 203.4878610966 496.6500141286 495.8329354303 398.3959552411 406.8810345742 423.5762100797 432.6707764204 120.2503957279 500 500 500 500 500 500 500 500 500 500 500 500 440.0467927987 500 436.7881599638 500 500 500 500 500 500 500 500 500 500 500 421.5766112848 496.3661497575 500 397.3406209901 398.8476211889 454.3170380244 415.3131746787
