export/dem/dem17.asc
NCOLS 350
NROWS 171
XLLCORNER 152620
YLLCORNER 418050
CELLSIZE 100
NODATA_VALUE -9999
[rows 66 to 87 of 171, columns 50 to 99 of 350]
538.475775718689 451.960556030273 435.483011245728 429.861351013184 444.328920841217 501.412422180176 528.075561523438 492.107223510742 286.582260131836 365.505016326904 498.915069580078 323.698402404785 307.602615356445 364.817579269409 482.129104614258 583.568572998047 544.243469238281 310.340972900391 549.61572265625 409.19287109375 445.757522583008 411.962791442871 236.990936279297 514.988182067871 492.939788818359 522.893829345703 387.380917370319 310.84024810791 253.583129882812 309.637954711914 534.205978393555 594.292175292969 445.820976257324 408.290258169174 507.58903503418 600.513610839844 419.249176025391 370.333805084229 398.534450531006 469.915950775146 422.258853912354 534.3681640625 385.412326812744 380.213897705078 441.169981956482 348.955276489258 532.038040161133 448.961773872375 501.310394287109 416.614009857178
493.591934204102 499.21875667572 435.121071815491 601.675506591797 378.28438949585 387.200821876526 423.802555084229 286.383529663086 386.580936908722 496.631008148193 588.848175048828 431.026382446289 566.207809448242 488.442481994629 507.35954284668 580.755249023438 490.454559326172 550.867691040039 504.721755981445 397.041507720947 420.716865539551 395.833783149719 502.531066894531 519.390701293945 365.364868164062 473.950065612793 383.422938883305 353.123565673828 364.802433013916 411.316993713379 272.322174072266 309.58723449707 307.340225219727 490.288284301758 574.763473510742 508.632926940918 445.542161941528 460.201515197754 483.578887939453 508.054389953613 421.499503135681 394.176784515381 425.610325813293 442.137527942657 311.814224243164 476.22869682312 463.186697006226 352.503044128418 353.163482666016 415.935245513916
497.285370588303 538.391181945801 433.288866043091 434.391700744629 527.706550598145 366.375654220581 644.088073730469 359.669273376465 409.799785614014 294.869518280029 427.541320800781 358.479688644409 513.776733398438 475.109008789062 486.556251525879 452.017295837402 602.507736206055 434.790649414062 468.69654083252 315.747371673584 425.7057762146 342.736743927002 471.907684326172 454.401023864746 450.602058410645 446.287883758545 344.105178833008 484.39965057373 483.057609558105 416.25857925415 219.344345092773 387.183641433716 419.316856384277 537.305519104004 376.295959472656 345.520412445068 519.510528564453 542.432754516602 502.120048522949 416.594277381897 359.117752075195 453.831793785095 239.288208007812 367.087417602539 443.436654984951 382.366600036621 603.994735717773 456.930855989456 547.478927612305 472.794452667236
481.001210212708 419.563655853271 427.326761245728 344.917579650879 374.841157913208 324.589130401611 388.567464828491 478.398612976074 299.914897918701 386.379997253418 398.768840789795 513.946884155273 392.313711643219 309.054874420166 423.32063293457 499.810745239258 384.137888431549 413.71861076355 534.308059692383 406.464401245117 411.938606262207 320.731346130371 393.823037147522 394.17756652832 374.047050476074 405.512216567993 419.189779281616 468.897499084473 535.286102294922 412.8561668396 386.927406311035 351.56031036377 419.023614883423 363.289264678955 423.593549728394 372.941283226013 496.358848571777 410.12439262867 502.635459899902 441.182752609253 299.627326965332 225.435577392578 381.003555297852 432.768036842346 274.397842407227 419.206924438477 387.768112182617 339.901847839355 371.840690612793 406.087940216064
610.039916992188 612.577850341797 494.526702880859 499.890747070312 376.072143554688 393.034838676453 448.462730407715 394.900157928467 434.984832763672 357.174705982208 382.763385772705 292.670440673828 235.149612426758 291.388870239258 411.27774810791 525.086380004883 394.998508453369 496.261329650879 415.757102966309 404.690456390381 456.477493286133 415.606065750122 338.584716796875 347.151500701904 456.789615631104 435.902370452881 400.052259922028 327.336982727051 396.01053237915 450.523769378662 338.717113494873 479.618255615234 451.93773651123 634.558853149414 350.897472381592 354.293472290039 472.411979675293 508.323135375977 349.300788879395 457.765033721924 300.67985534668 367.288410186768 455.67840385437 489.039585113525 445.860950469971 443.153986930847 375.797012329102 342.249938964844 405.024631500244 530.069389343262
381.686420440674 491.330226898193 473.059608459473 472.782455444336 237.00634765625 300.345710754395 504.408180236816 362.094530105591 312.848991394043 408.056182861328 432.560325622559 450.02091217041 474.156768798828 537.464935302734 470.8659324646 367.136548280716 395.76361656189 495.524353027344 396.609729766846 361.95336151123 381.495414733887 504.800163269043 425.504413604736 258.668914794922 250.798477172852 419.065700531006 450.876712799072 446.715450286865 414.229983329773 303.00853729248 405.748312711716 501.771240234375 403.659643173218 504.899459838867 519.977310180664 408.418055057526 473.355621337891 396.587530136108 587.897750854492 439.67267036438 633.022338867188 306.680709838867 335.716995239258 311.475799560547 429.385011672974 417.363834381104 419.692832946777 423.002285003662 438.3948802948 388.457382202148
402.135417938232 414.547116279602 474.629386901855 459.472778320312 474.395156860352 337.88657951355 277.088409423828 349.994046211243 351.7615878582 378.968856811523 413.64750289917 411.33553314209 464.605247497559 505.208114624023 545.273345947266 478.11563873291 520.431610107422 432.180610656738 506.138656616211 471.688995361328 519.204956054688 467.168991088867 330.977626800537 320.325584411621 455.40015411377 477.474235534668 569.884521484375 246.737854003906 406.006368637085 408.845273017883 305.562438964844 310.503067016602 371.769214630127 349.064586639404 441.385368347168 373.334072113037 532.291069030762 413.647333145142 500.65389251709 476.366630554199 293.420333862305 464.738388061523 455.435244321823 537.15894317627 473.867435455322 358.901153564453 377.458778381348 519.087215423584 457.244121551514 499.80778503418
494.522693634033 547.406860351562 381.472751617432 432.247978210449 456.486351013184 324.540531158447 361.22224855423 360.171369552612 222.986724853516 369.198532104492 530.767974853516 458.804054260254 422.534393310547 392.481595993042 418.925903320312 437.826629638672 485.206199645996 364.375491142273 307.588638305664 476.484573364258 420.756443023682 355.426207542419 231.520782470703 382.825474739075 486.812156677246 400.727781295776 399.873176574707 358.101678848267 411.788307189941 412.757343292236 318.481929779053 231.595687866211 357.891593933105 289.008186340332 335.424522399902 259.465789794922 497.850257873535 419.028444290161 548.891632080078 455.7398853302 437.278289794922 497.924018859863 363.25032043457 557.406829833984 372.594573974609 433.936195373535 543.922050476074 468.106045722961 443.953674316406 588.88053894043
387.932686805725 391.350009918213 414.288816452026 378.314338207245 459.238845825195 391.279895782471 508.784469604492 358.527586460114 395.11368560791 444.784675598145 276.166137695312 340.585333824158 422.504730224609 324.209411621094 473.697875976562 620.156219482422 635.484146118164 528.87964630127 388.194753646851 557.070739746094 424.919525146484 303.190589904785 428.293518066406 401.321716308594 349.873050689697 455.64924621582 462.330017089844 399.100736618042 394.194466590881 323.855926513672 435.410705566406 363.577382087708 315.679908752441 393.623016357422 346.622428894043 354.176105499268 608.914093017578 399.795579910278 505.160572052002 370.192222595215 536.534255981445 405.856239318848 482.835445404053 379.981712341309 338.165298461914 530.816333770752 613.277046203613 644.351608276367 523.157566070557 508.4662733078
358.250259399414 418.651062011719 229.456741333008 585.410552978516 327.249454498291 324.382759094238 361.900296449661 341.591167449951 335.75422668457 465.585830688477 298.294612884521 457.781517028809 361.236529111862 222.392486572266 494.768287658691 482.593391418457 540.506774902344 455.338333129883 426.618217468262 396.514656066895 377.768159866333 317.002380371094 503.94758605957 376.157398223877 409.527130126953 452.66633605957 316.358024597168 377.2797498703 430.899322509766 358.819438934326 347.245388031006 288.921203613281 234.454650878906 395.257689476013 379.264533996582 520.011596679688 469.697914123535 428.203417778015 474.831615447998 424.116161346436 394.798652648926 387.033416748047 423.121204376221 443.390111923218 426.013336181641 541.454948425293 514.113694190979 479.155142307281 411.155944824219 868.052650928497
646.651382446289 415.255561828613 376.644466400146 271.874046325684 446.927135467529 322.115421295166 497.072624206543 516.554153442383 489.139389038086 342.717959880829 327.65323638916 371.898074388504 476.317161560059 464.953926086426 386.483390808105 394.534547805786 407.887239456177 403.140331268311 427.871738433838 483.301216125488 244.552864074707 490.004547119141 305.138656616211 406.392938613892 400.526058197021 358.566358566284 365.54398226738 433.103698730469 435.661270141602 338.842132568359 369.666168212891 468.306205749512 380.004413604736 302.023361206055 488.913795471191 487.561233520508 467.284477233887 463.570158004761 445.760997772217 522.439674377441 422.436767578125 461.901892662048 571.579597473145 411.6927318573 418.290901184082 575.041999816895 611.180591583252 886.609423160553 682.458160400391 731.020111083984
398.176231384277 397.954711914062 308.531520843506 365.917704582214 399.594367980957 435.037107467651 473.296249389648 467.086898803711 477.866981506348 286.606590270996 486.426898956299 429.02522277832 490.01301574707 373.796929359436 358.480671405792 478.803344726562 426.64998626709 409.454362869263 328.713634490967 395.795267105103 212.381927490234 334.923442840576 356.676195144653 412.285133361816 439.69947052002 391.897554397583 373.117435455322 458.938629150391 490.012977600098 386.930026531219 312.290115356445 205.460693359375 488.052314758301 333.387886047363 576.119903564453 617.215621948242 299.368469238281 432.858211517334 328.061996459961 613.640014648438 350.974426269531 416.104621887207 423.003454685211 268.019165039062 253.857818603516 754.442388534546 438.473495483398 829.129497528076 491.414054870605 651.542490959167
383.535942077637 521.937728881836 482.179092407227 620.453109741211 377.038928985596 423.83275604248 212.561935424805 343.080986022949 363.591802597046 407.076602935791 316.663814544678 408.702835083008 358.282319068909 456.730949401855 380.00169467926 250.122192382812 387.400165557861 470.555465698242 231.670745849609 319.430526733398 331.358355522156 374.155558586121 424.051826477051 390.517265319824 477.059684753418 377.149564743042 613.692337036133 399.557300567627 464.097015380859 495.394317626953 503.168167114258 559.35563659668 485.106597900391 419.086874008179 560.21785736084 662.378631591797 583.397148132324 407.060569763184 512.121633529663 472.198709487915 608.719253540039 591.304672241211 446.991089820862 837.159729003906 586.41674041748 559.432952880859 374.156669616699 506.092060089111 490.846057891846 712.915203094482
334.056280136108 264.261009216309 406.746246337891 488.580833435059 455.661282539368 355.016098022461 247.804023742676 258.812034606934 312.638236999512 293.275142669678 265.339683532715 322.985576629639 517.456512451172 338.727491378784 223.244079589844 420.214614868164 388.294021606445 307.234441757202 407.616512298584 487.33277130127 395.104545593262 421.13907623291 342.360284805298 301.941116333008 292.133529663086 397.313022613525 492.296722412109 385.790042877197 450.349319458008 272.880111694336 491.95027923584 502.587295532227 432.338321685791 348.185195922852 446.847992420197 406.747005462646 500.678709983826 612.537338256836 443.106376647949 470.545742034912 573.048610687256 401.62523651123 973.273803710938 505.099784851074 508.713043212891 563.177280426025 503.550987243652 554.888546407223 467.4404296875 570.311790466309
456.489814758301 335.558559417725 316.331932067871 454.071662902832 483.664428710938 317.284255981445 441.372177124023 386.955665588379 322.781276702881 238.918830871582 251.162063598633 256.435272216797 323.85196685791 266.945655822754 316.364013671875 386.74022769928 481.205017089844 203.395263671875 294.735054016113 327.997123718262 582.589294433594 421.862495422363 384.9383020401 428.210006713867 300.499435424805 603.982498168945 451.103115081787 460.585754394531 427.523145675659 429.650608062744 385.677518844604 503.157440185547 460.251712799072 340.092025756836 546.296649932861 619.415878295898 608.596481323242 361.926574707031 471.173321723938 524.15288734436 541.824710845947 547.508259773254 810.404024124146 471.819174706936 467.606945037842 484.727308273315 603.680229187012 528.930562973022 393.432388305664 471.117317199707
308.244770050049 281.832321166992 287.482509613037 322.743469238281 399.403249740601 245.223129272461 328.770469665527 243.278587341309 400.03426361084 329.783334732056 273.463798522949 374.370441436768 347.657041549683 279.326354980469 441.176025390625 258.648017883301 285.074111938477 407.711791992188 399.888311386108 311.589553833008 396.64037322998 305.226303100586 424.662746429443 527.654724121094 319.185646057129 506.088508605957 496.626678466797 565.921188354492 361.885947227478 314.836402893066 535.093505859375 393.278575897217 292.004974365234 382.990951538086 558.901420593262 533.094226837158 544.258434295654 581.772453308105 452.87085723877 560.232709884644 894.436847686768 650.565284729004 765.356800079346 691.70373916626 506.466942548752 453.508628845215 476.318296432495 471.650672912598 541.809370040894 377.208877563477
354.230339050293 184.399673461914 228.085815429688 311.004615783691 354.395915031433 393.686676025391 426.738103866577 353.408336639404 257.343162536621 301.534450531006 392.682609558105 339.458163261414 423.12092590332 453.556381225586 377.339555740356 385.60329246521 283.644096374512 454.642280578613 398.618938446045 315.216163635254 507.162322998047 405.719215393066 394.357585906982 348.79061126709 431.236743927002 498.298416137695 394.300196647644 383.067762374878 487.907646179199 476.461395263672 320.075019836426 400.821729660034 315.121383666992 405.671337127686 485.884475708008 371.059509277344 387.214508056641 636.806087493896 816.049812316895 733.594917297363 472.857536315918 343.997146606445 410.590198516846 630.495941162109 628.099868774414 586.819938659668 446.098487854004 602.950859069824 520.608172774315 409.965087890625
371.411911010742 462.853553771973 441.233352661133 491.433456420898 383.941179275513 359.743414878845 169.634628295898 439.419082641602 371.490329742432 408.822280883789 212.72176361084 330.112697601318 349.847465753555 270.839561462402 209.465057373047 283.477966308594 281.283348083496 375.417623519897 437.291770935059 120.225814819336 226.648162841797 545.336639404297 477.206741333008 486.85604095459 580.162246704102 533.738082885742 416.637603759766 596.429153442383 515.036430358887 686.736907958984 459.562568664551 411.823710441589 455.890523910522 466.192846298218 434.960578918457 628.952163696289 548.270248413086 651.403003692627 672.409311294556 638.542098999023 409.388244628906 355.834060668945 491.268009185791 618.189186096191 566.06476020813 550.657203674316 641.28528213501 598.348569869995 675.566272735596 434.069473266602
416.969226837158 460.248516082764 415.718082427979 347.984890937805 448.537864685059 424.684020996094 200.461906433105 312.344295501709 362.696838378906 442.162467956543 376.251697540283 216.20671081543 258.929389953613 316.955234527588 284.227874755859 265.804702758789 215.20378112793 302.859313964844 481.732635498047 312.11706161499 132.050476074219 483.57022857666 366.053718566895 439.945899963379 454.996067047119 384.242101669312 397.191977500916 535.991958618164 550.082702636719 371.529628753662 440.860345840454 513.761978149414 451.825155735016 589.991271972656 374.367729187012 695.182083129883 757.25044631958 546.813743591309 750.884140014648 407.98860168457 544.233123779297 587.380630493164 662.043079376221 619.936384677887 675.828968048096 698.135559082031 638.516906738281 556.980407714844 661.560457229614 684.233976364136
336.743621826172 417.796291351318 422.254476547241 478.711776733398 465.003128051758 357.630403995514 298.470740318298 354.89204788208 402.498640060425 459.38782119751 336.131964921951 361.164604187012 318.789226531982 231.403823852539 328.819227218628 224.265930175781 461.607009887695 484.818016052246 134.788955688477 182.119750976562 273.047607421875 320.276500701904 319.479995727539 342.064289093018 423.630575180054 209.469329833984 298.113929748535 456.639957427979 403.668805122375 399.079717636108 455.816741943359 441.741523742676 397.707904815674 460.934031486511 363.033737182617 408.266872406006 479.98738861084 576.578236103058 560.022233009338 453.523814797401 556.077705383301 658.971965789795 523.166114807129 738.49291229248 778.478286743164 -9999 -9999 1011.4691619873 725.26490020752 929.753513336182
432.853626251221 490.449890136719 379.383674621582 562.780670166016 345.472015380859 372.477069854736 381.517904281616 279.173789978027 345.346868515015 440.119514465332 368.914861679077 210.719146728516 334.143497467041 351.612795352936 387.465950012207 356.637539505959 209.299880981445 206.657867431641 182.594711303711 160.250701904297 551.916976928711 258.32795715332 362.162317276001 289.158180236816 320.045417785645 254.713500976562 373.393802642822 414.455380439758 430.457520723343 441.604009628296 510.615127563477 535.940925598145 467.021041184664 376.737770080566 426.292022705078 811.782001495361 670.72306060791 560.587814331055 504.28338432312 427.173248291016 597.45294380188 649.295063018799 -9999 -9999 -9999 -9999 -9999 -9999 -9999 -9999
290.240715026855 475.596076965332 393.952828407288 487.089027404785 353.49987411499 251.572158813477 205.257446289062 252.565425872803 449.097984313965 332.346636295319 234.468353271484 327.88126373291 340.503760814667 277.912483215332 353.491727828979 254.568603515625 474.479370117188 370.645363330841 316.444194793701 302.657066345215 366.779508590698 445.604232788086 352.943859100342 408.050508499146 354.510986328125 487.342636108398 434.911684036255 417.685841560364 397.706783294678 485.182550430298 393.70824432373 506.289085388184 551.328002929688 401.866668701172 415.56616973877 617.793106079102 538.982471466064 495.739044189453 616.050628662109 511.006744384766 515.870635986328 -9999 -9999 -9999 -9999 -9999 -9999 -9999 -9999 -9999
