export/dem/dem17.asc
NCOLS 350
NROWS 171
XLLCORNER 152620
YLLCORNER 418050
CELLSIZE 100
NODATA_VALUE -9999
[rows 22 to 43 of 171, columns 50 to 99 of 350]
-9999 -9999 -9999 -9999 -9999 -9999 -9999 -9999 -9999 540.159553527832 366.775543212891 653.178163528442 585.144142150879 514.213668823242 498.655557632446 390.059600830078 421.803573608398 445.694244384766 696.93133354187 620.794841766357 633.825416564941 531.321731567383 577.728832244873 575.757987976074 918.886089324951 686.77262878418 513.118026733398 636.285393714905 736.52848815918 522.599723815918 634.844345092773 489.74585723877 569.046905517578 638.192588806152 610.932969093323 511.739898681641 613.271179199219 617.8727684021 636.402908325195 493.614646911621 384.04271697998 558.599626541138 1010.30863952637 686.269746780396 671.376129150391 517.148567199707 687.388656616211 699.831867456436 437.757667541504 1303.99345397949
-9999 -9999 -9999 -9999 -9999 -9999 -9999 -9999 760.511581420898 435.843841552734 492.468002319336 504.135589599609 562.171043395996 481.603580474854 400.096786499023 438.924758911133 443.531631469727 485.985397338867 437.078399658203 534.744262695312 592.936283111572 864.349581718445 501.449409484863 599.148208618164 664.969108581543 706.783012390137 546.845996856689 532.872817993164 579.2014503479 507.833126068115 491.64626121521 453.242218017578 552.233997344971 637.381160736084 638.205177307129 554.133453369141 476.015884399414 824.205337524414 673.671035766602 1070.13912200928 856.646842956543 530.167129516602 479.625282287598 630.040332794189 537.177932739258 506.944747924805 667.394218444824 618.611122131348 534.534595489502 1308.92194366455
-9999 -9999 -9999 -9999 -9999 -9999 -9999 979.079025268555 765.104431152344 856.554672241211 667.998708724976 557.458824157715 339.649261474609 404.564762115479 542.648602485657 667.985301971436 609.566139221191 536.413909912109 497.847930908203 535.026748657227 596.408233642578 741.65860748291 397.845886230469 658.95010471344 603.940170288086 667.974403381348 603.187448501587 496.025894165039 424.519989013672 1174.09847068787 579.439926147461 536.242225646973 693.862547874451 607.713024139404 776.820888519287 719.693515777588 592.842288970947 609.439289093018 497.410911560059 486.941131591797 701.936538696289 639.866054534912 630.308929443359 474.293815612793 461.772895812988 737.521362304688 695.86515045166 690.439865112305 575.605167388916 1028.08603286743
-9999 -9999 -9999 -9999 -9999 -9999 886.081604003906 738.790573120117 792.451019287109 785.139892578125 567.022926330566 565.247528076172 372.203430175781 508.577545166016 451.532802581787 615.404294967651 621.210977911949 745.366394042969 543.885961532593 802.725685119629 729.978672027588 585.830780029297 484.410079956055 615.604398310184 631.515293121338 490.39771270752 494.820251464844 967.673919677734 665.444725036621 757.203040242195 683.180061340332 630.723007202148 691.278755187988 903.727091789246 619.487152099609 527.42170715332 576.96919631958 558.343734741211 574.503639221191 607.566600799561 590.487511634827 431.700004577637 639.39412689209 563.51371717453 759.992134094238 557.740684509277 547.681192398071 581.465630054474 585.298811912537 897.722923278809
-9999 -9999 -9999 -9999 -9999 640.531898498535 495.604789733887 438.755516052246 528.440586090088 402.614471435547 413.077102661133 599.812931060791 830.258407592773 642.804842710495 618.103046417236 780.160499572754 627.316696166992 468.719482421875 490.031936645508 462.418029785156 629.306373596191 471.73609161377 410.135696411133 627.297515869141 554.6760597229 781.939186096191 596.813400268555 908.375190734863 789.578323364258 615.379531860352 499.814743041992 665.077416419983 596.683944702148 654.163368225098 564.065689086914 596.16722869873 422.654266357422 463.047485351562 498.409065246582 546.921318054199 660.462753295898 699.596069335938 629.37532043457 600.30193901062 398.359848022461 442.637275695801 462.336029052734 565.690454483032 632.567070007324 622.749633789062
-9999 -9999 -9999 -9999 485.518447875977 514.055221557617 461.399707794189 470.262573242188 331.63703918457 511.510383605957 525.059448242188 766.78267288208 626.765117645264 770.398681640625 571.288623809814 734.333727836609 563.761848449707 631.523529052734 589.122264862061 553.91992855072 655.078964233398 623.958633422852 453.69506072998 936.784385681152 997.020938873291 800.597151279449 651.201488494873 626.734916687012 622.094192504883 559.995071411133 410.539260864258 580.007415771484 494.447044372559 713.270973205566 624.196823120117 603.319828033447 530.490409851074 391.309051513672 545.840074539185 456.045150756836 629.681018829346 604.906517028809 488.051761627197 461.345314025879 455.547729492188 541.411815643311 339.128982543945 518.809928894043 596.406700134277 551.499176025391
-9999 -9999 -9999 1171.08824062347 567.418968200684 415.055145263672 588.352447509766 607.702217102051 604.070728302002 574.456787109375 741.147755384445 711.972507476807 702.362251281738 473.979064941406 670.887649536133 652.358741760254 726.247386932373 570.257572174072 642.922431945801 480.913444519043 535.341869115829 279.693817138672 755.506500244141 424.607711791992 549.95092010498 649.936065673828 650.851154327393 530.058647155762 351.982574462891 456.936241149902 441.080299377441 411.531120300293 649.322906494141 555.810230255127 610.873767852783 605.519149303436 642.69934463501 415.166030883789 552.309093475342 510.509590148926 594.565292358398 528.508199691772 532.223088264465 563.752834320068 353.432754516602 353.795181274414 587.475028991699 611.582153320312 457.370697021484 557.904457092285
-9999 -9999 581.161308288574 1162.78871917725 342.360618591309 426.961090087891 576.735515594482 289.807678222656 643.0458329916 818.199371337891 801.602890014648 601.227428436279 508.597465515137 717.09884262085 769.804962158203 565.074172973633 883.514007568359 649.624195098877 1108.28819274902 623.600302696228 1209.42219543457 607.013576745987 648.654052734375 422.262298583984 459.745998382568 566.728363037109 445.459028244019 433.376174926758 278.013549804688 342.300735473633 490.648527145386 558.741306304932 439.571350097656 319.639877319336 401.681793212891 449.670722961426 525.208755016327 388.157760620117 582.329296112061 548.647350311279 476.434223175049 616.892143249512 400.813484191895 403.048461914062 542.1474609375 514.445503234863 413.356811523438 457.247467041016 536.266574859619 744.738143920898
-9999 -9999 659.372894287109 1070.68751430511 1025.56043624878 471.096143722534 571.072074890137 433.191688537598 645.444343566895 537.059875488281 449.213668823242 590.724960327148 623.288352966309 698.404896736145 663.716407775879 615.368263244629 705.593467712402 618.648597717285 1046.77412414551 506.950286865234 537.589701652527 515.937019348145 502.247043609619 386.717056274414 421.481552124023 467.904644012451 404.819938659668 270.987121582031 223.577774047852 330.774765014648 323.178451538086 423.299503326416 387.645782470703 369.524383544922 452.537565231323 368.507011413574 395.972816467285 499.111331939697 384.551040649414 446.517772674561 425.955612182617 548.235436439514 578.221015930176 449.270153045654 372.714248657227 468.379760742188 493.757458209991 564.869792938232 408.832214355469 674.047065734863
-9999 645.563986778259 703.047653198242 617.694702863693 748.335105895996 490.47972869873 457.389266967773 807.01774597168 638.841888427734 781.5947265625 836.522827148438 652.078672885895 704.983800888062 631.717966079712 488.258892059326 622.368320465088 644.077812194824 597.365379333496 671.141151428223 577.876667022705 576.013404846191 419.240173339844 443.766105651855 511.353572845459 416.847309112549 456.690591812134 492.416507720947 462.838253498077 452.126487731934 295.787261962891 356.833824157715 311.443511962891 270.736831665039 493.46789932251 323.535263061523 620.638671875 545.314880371094 607.928344726562 635.276214599609 339.880722045898 408.716255187988 483.05640411377 477.785095214844 402.892883300781 340.355850219727 446.015525817871 416.221405029297 476.090881347656 525.482206851244 439.077095031738
613.953568458557 629.730098724365 626.009345531464 614.139171123505 526.90185546875 718.927017211914 646.73823928833 810.024559020996 553.031784057617 733.75309753418 773.718734741211 996.288452148438 867.549530029297 699.675727844238 792.746932983398 672.819915771484 510.712562561035 619.154983520508 480.347581863403 459.873394012451 602.106597900391 459.450342178345 438.04096031189 447.65651512146 516.548286437988 570.653579711914 417.809761047363 409.807361602783 458.438234329224 213.004913330078 427.856735229492 430.946876525879 418.671180725098 259.462661743164 365.538154602051 418.579971313477 363.148452758789 483.895496368408 406.727596282959 311.715057373047 371.919448852539 655.50065612793 436.661193847656 393.029960632324 443.744242668152 479.465885162354 449.137100219727 502.204963684082 342.962158203125 352.728164672852
601.289356708527 587.612697601318 550.56604218483 585.019584655762 392.019790649414 669.789329528809 796.443534851074 570.581142425537 589.648601531982 620.646209716797 678.587036132812 616.686103820801 578.860200881958 554.37760925293 658.864953994751 550.183059692383 537.374341964722 436.915306091309 410.266204833984 572.445259094238 422.459426879883 509.53003692627 393.974082946777 436.19538974762 381.444244384766 509.931510925293 525.434524536133 528.746845245361 411.611427307129 559.955986022949 270.354873657227 437.535640716553 357.674171447754 456.647802770138 397.670616149902 471.697208404541 385.975730895996 495.993352890015 599.834045410156 465.069292068481 516.473678588867 579.159107208252 506.53423500061 498.54557800293 489.634029388428 448.271062850952 397.562637329102 438.716945648193 438.684631347656 387.282806396484
518.897903442383 478.216598510742 469.414363861084 673.350288391113 578.921640872955 613.429035186768 669.979789733887 431.989633560181 765.718097686768 585.58283996582 592.241400718689 634.222869873047 499.155584335327 736.956405639648 581.79500579834 736.687004089355 584.803337097168 528.969829082489 417.649909973145 517.718723297119 306.271911621094 495.856563568115 483.752712249756 382.983528137207 373.492317199707 372.417449951172 371.902984619141 491.431434631348 349.672996520996 363.622291564941 336.138252258301 559.552421569824 501.190982818604 479.751247406006 481.297016143799 565.109092712402 582.239387512207 464.297271728516 496.312797546387 484.681020736694 573.982810974121 592.203765869141 486.037125587463 432.693868637085 426.540748596191 508.370693206787 399.39608001709 547.367778778076 469.83065032959 526.093097686768
533.642261505127 531.697858810425 538.057691574097 378.618286132812 524.160429000854 629.120122909546 574.971380233765 961.959335327148 609.763292431831 661.540335476398 646.265869140625 531.837924957275 609.791328430176 448.843994140625 563.524761199951 467.426902770996 392.259239196777 532.689058303833 486.052862167358 354.166290283203 436.135213851929 325.621398925781 490.411350250244 406.24910736084 370.734828948975 456.414974212646 591.279266357422 466.94889831543 377.473373413086 356.570793151855 498.115463256836 342.714828491211 446.532950788736 432.45320558548 360.990196228027 582.627738952637 522.523059844971 525.825492858887 498.667255401611 385.640815734863 501.409927368164 360.485214233398 546.911773681641 393.672210693359 599.882995605469 518.758853912354 541.773803710938 464.74257183075 537.849914550781 355.268997192383
717.079490661621 616.428071022034 383.213981628418 461.747734069824 664.776275634766 564.446027755737 736.157402038574 899.896423339844 654.516395568848 806.793915271759 365.757881164551 642.263618469238 549.497282028198 472.295074462891 594.86791229248 589.021602630615 522.349187850952 522.216895103455 568.466506958008 448.101631164551 443.866811752319 543.219924926758 294.771224975586 380.069282531738 514.213729858398 414.516697883606 457.141326904297 414.639041900635 485.948059082031 364.444282531738 368.892486572266 360.846115112305 418.650094985962 425.752010345459 469.741777420044 490.969219207764 362.508392333984 477.90718460083 432.587106704712 524.480270385742 503.397960662842 414.215165138245 564.24715423584 510.866321563721 506.322158813477 373.528854370117 437.033145904541 569.534301757812 489.341360092163 535.266208648682
781.271697998047 479.898271560669 383.470748901367 553.957069396973 703.693912506104 548.645622253418 516.672064781189 585.674747467041 783.537734985352 692.39365196228 325.390518188477 789.581535339355 683.49299621582 469.022338867188 461.658020019531 628.812126159668 638.35302734375 494.386719703674 439.417343139648 705.728958129883 490.471324920654 359.637298583984 530.851692199707 426.064628601074 428.63258266449 502.525135040283 495.406066894531 447.901906967163 412.954802513123 466.96019744873 381.168113708496 528.033012390137 471.816444396973 440.281099319458 322.185455322266 482.784240722656 465.358591079712 459.796083658934 429.890493392944 505.695079803467 473.196870803833 504.971519470215 504.630699157715 580.826431274414 451.82069081068 425.698124170303 544.895317077637 517.982089996338 407.370590209961 503.653209686279
659.957515716553 526.7815284729 446.457542419434 614.492141246796 420.626655578613 412.673767089844 476.403999328613 1162.9506149292 1034.16392421722 1201.01305389404 513.892910003662 463.175628662109 407.756683349609 661.61100769043 526.408371925354 495.633900165558 372.252349853516 507.145488739014 467.598136901855 447.217295646667 481.113616943359 347.994361877441 407.199422836304 380.264450073242 515.381156921387 393.743350982666 381.533847808838 475.951988220215 470.152381896973 408.72989654541 350.557846069336 414.53614616394 434.553714752197 458.92102432251 590.266677856445 438.993055820465 536.755638122559 540.91561126709 375.02564239502 457.349452018738 438.328594207764 523.573097229004 479.62117767334 543.323570251465 450.925652742386 448.1312084198 544.876014709473 445.895853996277 457.652550697327 440.307646751404
445.112277984619 415.571311950684 527.950252532959 948.615509033203 389.450687408447 501.658401489258 444.578550338745 505.591529846191 624.124614715576 666.648519515991 419.292152404785 591.717338562012 443.239688873291 303.642913818359 465.38010597229 468.968658447266 534.043960571289 513.797325134277 344.458847045898 446.996124267578 349.307632446289 392.466281890869 365.541244506836 466.760875701904 482.169784545898 265.068725585938 244.11164855957 384.822654724121 348.235824584961 465.085063934326 581.732025146484 482.542583465576 457.193422317505 578.702453613281 403.119762420654 367.406467437744 542.596572875977 503.347400665283 417.36731338501 336.923698425293 456.106475353241 644.464698791504 531.883399963379 399.40552520752 481.107168197632 411.906726837158 571.790687561035 528.976699829102 481.639801025391 437.093183994293
491.966911315918 628.566230773926 690.691596984863 684.582721710205 682.118110656738 494.698204040527 273.094161987305 548.576759338379 545.307968139648 530.543762207031 486.50080871582 501.541263580322 637.412925720215 529.254818916321 375.573043823242 595.342658996582 601.365493774414 505.441871643066 380.960357666016 409.145210266113 323.231994628906 368.792556762695 442.90265083313 487.814353942871 512.790969848633 392.349363327026 531.837615966797 490.987361907959 443.427100658417 404.728693008423 456.2659034729 421.811336994171 515.999458312988 423.364085197449 429.724800229073 416.034149646759 472.117935180664 523.546516418457 378.605209350586 506.698741912842 439.216176986694 510.115802764893 464.544906616211 480.939256668091 463.770338058472 495.483825683594 557.266944885254 580.588928222656 446.396813809872 508.380844116211
541.953518867493 603.938930511475 546.828002929688 689.150478363037 609.877319335938 490.160885334015 461.927753448486 588.986503601074 735.525846481323 1157.46282148361 588.833587646484 458.555938720703 538.071253061295 521.946074008942 531.993609428406 494.826203346252 377.074150085449 467.524464607239 509.96947479248 453.96170938015 409.798938751221 472.533210754395 544.20027923584 567.765701293945 526.142784118652 303.343643188477 455.160411834717 563.560516357422 328.066253662109 435.070003509521 482.969371795654 460.964424133301 411.546537399292 562.639862060547 331.516571044922 555.975173950195 497.046424865723 433.679395675659 376.479919433594 539.761016845703 580.446281433105 503.2241563797 458.280552864075 423.777877807617 462.75185585022 421.059425354004 489.613956451416 406.634748458862 367.083541870117 305.504470825195
887.130065917969 871.806829452515 721.012855529785 683.006126403809 433.73738861084 417.980102539062 532.661804199219 448.097640991211 447.044555664062 446.718990325928 463.393844604492 385.216110229492 492.807594299316 478.557971954346 597.259559631348 497.637450218201 339.00114440918 471.978192329407 515.646659851074 427.670598983765 349.116584777832 366.597915649414 391.971614837646 367.397159576416 464.682590484619 480.044120788574 530.680999755859 406.510671615601 431.431319236755 399.767108917236 358.909782409668 426.872792243958 461.120208740234 484.475440979004 541.299942016602 407.393629074097 469.198120117188 423.122883796692 461.240875244141 364.203330993652 595.211196899414 590.096771240234 381.932918548584 411.955856323242 348.543998718262 434.670239448547 484.731395721436 406.934638977051 418.70739364624 311.96607208252
510.531463623047 795.727882385254 608.170257568359 615.061447143555 313.211357116699 475.166366577148 353.052688598633 488.8424243927 480.260772705078 294.08415222168 465.720581054688 546.025394439697 423.927307128906 462.723369598389 458.434314727783 357.108001708984 525.366744995117 390.971004486084 557.009475708008 512.943885803223 554.860282897949 421.176308631897 440.449138641357 300.791191101074 421.816178321838 545.801971435547 508.319389343262 473.388973236084 396.690864562988 372.341159820557 478.496952056885 500.500183105469 497.740966796875 506.924865722656 370.46159362793 457.707263946533 405.482236862183 456.258804321289 488.612693786621 412.158580780029 527.49845123291 502.746486663818 370.581031799316 448.881820678711 418.974367141724 575.860626220703 446.666593551636 479.503067016602 409.126670837402 520.679412841797
