export/dem/dem16.asc
NCOLS 350
NROWS 171
XLLCORNER 152620
YLLCORNER 418050
CELLSIZE 100
NODATA_VALUE -9999
[rows 88 to 109 of 171, columns 250 to 299 of 350]
1009.98934173584 1215.66485595703 1017.85615539551 858.528114318848 870.371887207031 791.336601257324 809.643524169922 658.85858297348 629.993835449219 793.059127807617 876.120712280273 660.616184234619 561.222518920898 819.655120849609 869.002811431885 1066.00905609131 632.52303314209 568.912689208984 658.11841583252 697.966499328613 484.504608154297 761.37841796875 702.029724121094 664.900218963623 519.929985046387 541.906448364258 635.620134353638 766.538583755493 611.480934143066 812.611179351807 872.648483276367 629.433040618896 727.192915916443 636.296279907227 678.020240783691 723.309773921967 678.001239776611 738.675630569458 689.759087562561 610.428695678711 690.573890686035 689.510915756226 762.50513458252 842.3095703125 534.606956481934 711.349594116211 753.452583312988 646.568794250488 766.289123535156 440.750152587891
827.195516586304 991.400009155273 1019.85179138184 1068.70819854736 1019.53778076172 968.500282287598 750.285029411316 707.574291229248 690.809316635132 784.14527130127 701.811016082764 963.117431640625 856.188758850098 655.473937988281 751.867485046387 853.810400009155 471.035598754883 576.040641784668 726.606128692627 694.447116851807 462.485855102539 564.509628295898 526.0966796875 542.511566162109 602.950492858887 579.637748718262 663.63990020752 559.99568939209 659.850014686584 691.901966094971 623.493461608887 804.32947063446 604.337905883789 555.397888183594 696.573196411133 711.314151763916 710.420473098755 648.990884780884 542.92936706543 506.030029296875 1215.95484924316 623.402702331543 657.602935791016 859.00235748291 665.506149291992 596.621154785156 722.735374450684 865.772804260254 582.142852783203 686.534637451172
813.183557510376 942.548156738281 838.691210746765 1170.44297027588 942.341094970703 869.807769775391 1009.99461364746 443.289611816406 711.009145736694 638.920906066895 790.796180725098 914.526840209961 623.30200958252 728.506507873535 663.83984375 639.803451538086 626.422214508057 639.383373260498 700.27916097641 805.614669799805 728.990560531616 608.609733581543 472.012283325195 709.534278869629 801.171531677246 749.261085510254 826.599875450134 664.814315795898 807.314418792725 741.050594329834 767.908561706543 857.678560733795 728.776578903198 726.608310699463 658.876914978027 557.734260559082 723.684886932373 682.367782592773 614.430431365967 532.226547241211 942.445808410645 522.736419677734 558.52815246582 630.962066650391 658.353210449219 767.259334564209 1089.61723136902 686.818756103516 590.847442626953 926.855865478516
759.089455842972 683.70930480957 752.511817932129 936.272983551025 1268.1185836792 1392.92725944519 709.161128997803 688.952507019043 719.1852684021 733.846656799316 728.547710418701 683.659881591797 650.025054931641 589.030029296875 561.805511474609 611.228828430176 661.540084838867 519.294036865234 672.974319458008 782.097371101379 689.330436706543 720.399593353271 801.183006763458 774.148777008057 673.837348937988 731.835075378418 858.752000808716 837.008333206177 886.343620300293 1282.16801166534 752.669097900391 700.074686050415 705.313297271729 767.878904342651 730.845167160034 838.914505004883 680.328941345215 588.574924468994 679.587069511414 541.28987121582 1027.12118530273 957.148498535156 561.31143951416 485.476867675781 554.732704162598 563.002868652344 754.825241088867 765.701166152954 985.58699798584 1005.39175415039
740.484535217285 664.290679931641 697.265663146973 974.765907287598 971.433589935303 966.491744995117 1210.13997650146 616.751113891602 640.125747680664 787.794647216797 859.377197265625 732.148773193359 722.892181396484 492.537658691406 667.200744628906 1107.23054504395 811.99942779541 638.282836914062 607.322807312012 599.100875854492 735.666669845581 776.696514129639 897.10359954834 831.718780517578 618.542678833008 743.36340713501 894.847321033478 650.572601318359 895.232486724854 1027.47356319427 693.083404541016 680.897399902344 814.55158996582 771.243731021881 627.780296325684 774.434448242188 698.270593643188 662.757614135742 574.938842773438 497.636505126953 491.379745483398 1253.78645324707 509.859375 633.050842285156 673.480178833008 708.204794883728 744.137104034424 629.942352294922 706.782211303711 518.768371582031
815.244811534882 708.690113067627 805.519401550293 953.7170753479 874.839790344238 959.328281402588 689.068092346191 799.633029937744 978.964782714844 1089.69899654388 1012.30455780029 880.410435676575 840.675552368164 960.158538818359 969.216171264648 589.856567382812 647.928573608398 670.636363983154 615.252532958984 836.525505065918 669.461837768555 634.294403076172 860.055183410645 825.766609191895 761.112558364868 747.234683990479 1027.82678222656 1314.71263504028 735.385360717773 862.151344299316 745.468032836914 796.325332641602 782.835006713867 715.675735473633 881.648052215576 920.633796691895 713.620620727539 677.410346984863 587.489852905273 569.919998168945 439.479766845703 1210.71957397461 503.634323120117 677.250907897949 658.735977172852 795.255427837372 583.778518676758 680.01545715332 879.48063659668 836.419036865234
699.120422363281 631.177963256836 936.78182220459 1090.75035858154 898.409973144531 810.633932113647 785.612100601196 829.885677337646 780.438979625702 737.710079193115 975.594383239746 786.05876159668 696.340530395508 880.873504638672 987.00740814209 660.765487670898 741.236726760864 760.177010059357 712.034183502197 582.996322631836 668.763717651367 729.593097686768 579.884338378906 624.03645324707 695.253868103027 1195.36335802078 710.708145141602 940.332397460938 752.74813079834 949.184432983398 854.380798339844 742.160308837891 787.858818054199 871.843452453613 772.116195678711 789.53596496582 731.41535949707 688.077682495117 513.635269165039 466.584091186523 402.435821533203 468.726287841797 653.183288574219 646.963274002075 683.176490783691 725.292495727539 487.737854003906 807.109569549561 706.419479370117 764.572479248047
724.440139770508 785.416580200195 892.929067611694 920.885768890381 785.733074188232 902.478134155273 1075.67971801758 989.1559715271 703.706298828125 1042.98714828491 815.620124816895 1300.70864677429 832.495956420898 661.859756469727 725.527877807617 949.455013275146 817.248783111572 740.201607704163 839.82007598877 706.012794494629 763.643312811852 692.955413818359 683.289733886719 807.894836425781 919.012313842773 1136.85925292969 1008.70819091797 675.539825439453 656.276870727539 810.743137359619 1522.61824035645 795.117813110352 866.353454589844 790.403667449951 781.941299438477 850.244888305664 783.254680633545 875.694217681885 663.4296875 554.527847290039 618.688102722168 559.030914306641 1184.50547790527 637.886093139648 663.549194335938 673.977806091309 1044.01322937012 657.806968688965 359.455718994141 1004.4554977417
882.721675872803 944.600173950195 842.94213104248 772.30054473877 963.938977241516 936.176349639893 805.368427276611 760.738418579102 1237.78689575195 1011.70448684692 700.621444702148 610.23607635498 673.88321685791 667.012046813965 747.839330673218 710.09651184082 706.562088012695 799.580619812012 720.300712585449 1086.4953918457 928.963180541992 1338.90391540527 1167.8225402832 700.823837280273 863.460479736328 629.044982910156 464.207763671875 401.086181640625 621.492935180664 1235.59494018555 550.875915527344 728.029876708984 470.698364257812 828.781661987305 1113.5552520752 723.839904785156 676.090042114258 762.822831630707 877.827713012695 529.453720092773 724.351016998291 536.944915771484 1035.55052185059 685.386695861816 812.127395629883 620.916458129883 623.865356445312 614.790115356445 415.988006591797 878.032211303711
691.905685424805 726.155868530273 757.168239593506 872.418976783752 750.506246566772 918.983245849609 980.576614379883 799.758666992188 1337.48613938689 1347.29373168945 791.40397644043 707.769966125488 1227.43005371094 958.444068908691 514.802978515625 744.246856689453 626.694412231445 694.310852050781 853.140396118164 655.104202270508 690.527801513672 717.550094604492 696.517929077148 603.764709472656 512.41130065918 758.552032470703 641.003479003906 383.923828125 534.786560058594 867.912551879883 504.608276367188 1410.25526428223 1196.24374389648 828.320541381836 880.793936729431 679.810592651367 790.126846313477 734.664549827576 762.343863487244 690.890209197998 582.711288452148 672.577857971191 966.070297241211 1686.21712493896 694.341995239258 809.51628112793 500.050079345703 608.303970336914 755.77640914917 781.999882698059
706.47974395752 1263.21090698242 1071.45875167847 804.394218444824 771.790821075439 837.740232467651 1021.79900360107 1300.35500717163 922.176654815674 731.832580566406 842.838238716125 809.97477722168 637.556976318359 622.488586425781 542.171157836914 632.960388183594 681.993103027344 569.357818603516 522.590148925781 650.435218811035 729.102447509766 702.837844848633 770.207946777344 1316.9585723877 512.247817993164 907.545104980469 1635.25772094727 1057.56686401367 1250.20989990234 682.955062866211 941.226181030273 665.097442626953 781.173263549805 1061.55004119873 747.774017333984 765.976234436035 922.950469970703 769.967439651489 808.622985839844 759.342916488647 862.044540405273 533.954772949219 999.627262115479 842.837356567383 624.103080749512 508.292495727539 543.912902832031 531.70832824707 660.417381286621 1244.31523132324
748.147798538208 781.721179962158 1484.62076568604 663.007278442383 654.280426025391 870.952682495117 1377.54523468018 1262.21905899048 778.002670288086 864.540588378906 808.29100227356 1060.24794769287 1252.77030944824 1142.86110687256 946.586349487305 899.496948242188 895.848007202148 485.474365234375 598.285797119141 463.559936523438 1044.19554138184 763.030349731445 925.405891418457 679.2119140625 1285.13348388672 777.022857666016 731.188323974609 1258.54452514648 1181.93099975586 564.458038330078 932.713973999023 772.027252197266 637.133605957031 924.523391723633 861.459125518799 701.621124267578 744.953731536865 833.268863677979 759.069575309753 583.889404296875 567.311309814453 557.986450195312 670.245559692383 1182.7541809082 1443.32011413574 753.910961151123 664.914409637451 659.822944641113 798.469635009766 833.328870773315
1264.98340034485 790.390305042267 655.52783203125 793.218334197998 691.234550476074 1190.67350959778 896.792892456055 985.402992248535 729.437835693359 872.65062713623 933.076019287109 807.095752716064 775.064697265625 1058.65709686279 673.543853759766 702.158813476562 573.339233398438 572.593017578125 529.663391113281 722.564582824707 1173.11079406738 1284.30976867676 766.930648803711 924.735855102539 722.390625 1233.21055603027 771.6767578125 537.247680664062 1391.52494812012 657.338912963867 1082.52491760254 619.48583984375 793.043411254883 695.468597412109 732.325317382812 701.235397338867 709.785713195801 770.8698387146 788.067962646484 609.844041824341 791.030967712402 780.825057983398 831.495910644531 800.601432800293 821.384826660156 816.080703735352 644.274284362793 762.086654663086 656.99934387207 779.171604156494
625.390106201172 672.817161560059 975.460708618164 769.069442749023 728.407726287842 1168.21822357178 888.770362854004 858.743728637695 784.805328369141 815.290840148926 551.855728149414 1003.07460784912 646.884246826172 713.209930419922 906.419647216797 561.205307006836 638.784790039062 1111.28984069824 578.162567138672 704.594055175781 1077.98071289062 734.353401184082 1131.45086669922 572.418090820312 665.348342895508 924.482696533203 1211.38928985596 1532.90689086914 817.123107910156 1182.14727783203 819.872543334961 678.812347412109 836.470634460449 615.862045288086 814.494655609131 812.656047821045 597.45475769043 850.724645614624 849.800170898438 855.752456665039 626.056076049805 585.157676696777 662.878137588501 755.690269470215 1083.20117473602 876.48169708252 899.930297851562 848.863208770752 830.094955444336 773.545419692993
780.269939422607 1169.04098320007 999.994262695312 661.364868164062 746.145580291748 885.933876037598 696.881759643555 1034.18152618408 732.067047119141 1399.02893066406 609.853897094727 1044.51016235352 807.640014648438 810.131023406982 666.922897338867 759.06298828125 592.504699707031 611.093559265137 1405.58265686035 836.481865406036 646.683929443359 803.614547729492 745.205459594727 1251.92713165283 901.569854736328 758.700973510742 645.922698974609 1697.06789779663 971.766494750977 580.7685546875 852.869873046875 1266.26208496094 878.727844238281 885.137616038322 922.591701507568 808.088375091553 897.038787841797 869.331344604492 705.184967041016 524.629104614258 628.617347717285 702.850555419922 704.255783081055 759.086032867432 826.385292053223 719.701133728027 824.611000061035 824.011596679688 795.032653808594 829.800121307373
720.657470703125 1343.02759838104 1055.58502960205 816.612674713135 1337.92619132996 1115.34638214111 896.86491394043 796.792129516602 741.555046081543 734.163009643555 761.243316650391 733.895446777344 555.94921875 897.722061157227 699.617370605469 711.857788085938 1059.69251251221 659.495971679688 628.487319946289 996.146604537964 726.280517578125 767.053871154785 921.351024150848 1076.50875854492 877.585290908813 801.84782409668 888.638153076172 785.511436462402 768.794242858887 654.882019042969 1023.4688873291 1148.80187988281 806.981739044189 804.27400970459 821.727001190186 906.163642883301 963.584533691406 988.324584960938 728.3811378479 739.033760070801 747.279205322266 711.35765838623 730.578804016113 734.083036422729 749.233039855957 768.25356388092 753.835406303406 681.618732452393 937.648635864258 737.38249206543
1176.43684959412 722.040069580078 943.9814453125 575.606964111328 608.789932250977 769.995544433594 745.39461517334 815.909959793091 853.46838760376 891.51929473877 799.940185546875 910.228542327881 764.930252075195 1116.90312194824 881.323379516602 901.775634765625 824.424575805664 777.609329223633 762.428634643555 812.02099609375 658.884948730469 1052.73119354248 684.184494018555 544.687698364258 764.160232543945 936.802118301392 1072.22336196899 913.612735748291 1643.59521102905 1491.44556427002 1306.96103286743 835.70011138916 791.968132019043 902.480764389038 874.759387969971 922.1617603302 979.478164672852 979.531536102295 840.910430908203 866.394561767578 785.109642028809 549.957107543945 618.985860824585 732.544013977051 738.435255050659 1087.8438949585 825.532260894775 751.32500743866 646.043067932129 901.040042877197
659.862045288086 519.33772277832 600.38623046875 912.324214935303 723.507232666016 1042.76251983643 774.217450141907 831.972351074219 842.111660003662 1077.18925094604 1034.77671432495 1232.4746131897 1272.21675109863 774.151184082031 863.891700744629 824.96019744873 877.090675354004 834.618408203125 1143.0646853447 1137.26791381836 647.077331542969 773.557342529297 1083.35607147217 1292.66430473328 941.655258178711 931.391467094421 887.804584503174 743.437828063965 740.699859619141 740.402038574219 707.090927124023 943.485332489014 725.63623046875 937.200988769531 871.576400756836 908.824230194092 948.416900634766 974.767044067383 1094.94702148438 909.274993896484 884.148838043213 773.425420761108 727.556121826172 594.379470825195 771.391081809998 955.248889923096 743.551555633545 641.473770141602 995.817596435547 983.996376037598
804.388534545898 979.062393188477 1402.8727645874 712.298156738281 944.445983886719 953.529067993164 607.156951904297 1118.87921905518 1884.01698303223 656.579750061035 1307.12120056152 690.077850341797 1070.5756072998 825.313232421875 891.062328338623 974.462600708008 832.307907104492 763.995376586914 786.037506103516 788.766319274902 728.208877563477 879.617599487305 572.920196533203 661.725799560547 779.98913192749 750.479633331299 844.687362670898 897.781860351562 786.475784301758 839.613761901855 954.426338195801 903.002906799316 964.767776489258 873.352149963379 841.38466835022 963.198181152344 1094.79861450195 858.317863464355 894.256607055664 806.067230224609 919.957191467285 870.733940124512 743.021808624268 703.961025714874 695.194953918457 832.099944114685 792.69291305542 891.337911605835 1044.90285491943 726.66602897644
998.748607635498 855.916702270508 888.516435027122 781.33003616333 863.350456237793 1305.24654388428 1635.79724502563 902.060577392578 803.87671661377 787.70911026001 1405.82765197754 729.105575561523 790.297760009766 1026.82615661621 947.606925964355 1064.54431533813 824.433280944824 885.800216674805 634.639465332031 660.878479003906 911.049591064453 729.390899658203 856.898666381836 796.705600738525 813.467789649963 857.399307250977 819.962705612183 828.906890869141 722.714477539062 882.981949925423 872.473037719727 748.678016662598 934.835884094238 762.797722578049 949.61376953125 863.600608825684 1081.41896057129 1031.55996704102 741.592544555664 898.594543457031 817.10334444046 691.417434692383 829.884826660156 721.977798461914 731.844232559204 621.055629730225 792.937797546387 705.491115570068 604.187103271484 751.676918268204
740.738321304321 1268.25535964966 1077.40742492676 860.650615692139 1100.70989608765 873.772895812988 800.950271606445 1469.16807556152 1487.83967590332 640.474700927734 774.490905761719 1088.96234130859 772.983291625977 1116.73403167725 990.400413513184 914.503067016602 1034.45707511902 798.637496948242 1604.7045135498 1384.44577217102 785.705642700195 709.442001342773 825.067317962646 607.051284790039 625.13346862793 781.392120361328 964.567939758301 800.296945571899 843.261657714844 1057.68830108643 911.512107849121 856.558736801147 925.377834320068 723.789833068848 1015.89259338379 845.136526107788 1015.05776977539 958.158050537109 748.614688873291 711.149080276489 776.762752532959 1014.43347167969 960.68293762207 756.537155151367 594.517723083496 612.163089752197 799.503726959229 659.807739257812 866.643556594849 1044.40510940552
703.055099487305 635.339431762695 491.928955078125 794.861541748047 1116.88650512695 986.104080200195 673.599594116211 1082.95155334473 1648.65286254883 766.459838867188 971.214584350586 698.567474365234 871.017639160156 810.922176361084 968.614685058594 1045.23316955566 978.292959213257 868.071296691895 1319.06357216835 956.473678588867 1180.53591156006 800.760864257812 872.920471191406 770.487640380859 769.427734375 952.208396911621 898.991342544556 855.981254577637 833.381636381149 947.99783706665 954.697452545166 891.81957244873 831.757953643799 761.167831420898 921.035919189453 963.524261474609 847.293775558472 946.323608398438 915.501052856445 787.926195144653 840.722927093506 807.465731739998 895.081512451172 697.869515419006 581.366729736328 661.679244041443 850.823501586914 914.607265472412 810.602890014648 1000.89707946777
