export/dem/dem10.asc
NCOLS 350
NROWS 171
XLLCORNER 152620
YLLCORNER 418050
CELLSIZE 100
NODATA_VALUE -9999
[rows 44 to 65 of 171, columns 150 to 199 of 350]
542.432945251465 553.016881942749 512.048065185547 465.271675109863 372.134506225586 421.493194580078 443.166160583496 509.370788574219 678.696311950684 508.576606750488 562.442702531815 549.063182830811 550.692553520203 519.874332427979 528.605255126953 663.292541503906 723.75114440918 574.183874130249 571.871034622192 588.523246765137 450.535202026367 604.542701721191 678.821350097656 708.005233764648 535.32105922699 570.148933410645 536.955642700195 687.576080322266 555.252118587494 519.493015289307 745.740051269531 637.095962524414 738.885204315186 728.429844141006 685.940589904785 741.411071777344 730.644916534424 681.389839172363 624.403182983398 580.423748016357 517.946323394775 585.387311935425 481.892463684082 905.53003692627 816.911879062653 658.319423675537 609.675937652588 597.459510803223 1228.85324478149 1108.24011993408
545.411758422852 691.561981201172 534.166398286819 462.812971115112 379.981391906738 419.965446472168 575.397052764893 408.310317993164 469.747085571289 619.628471374512 615.089065551758 575.644809007645 536.53621673584 516.78589630127 692.777778625488 664.023880004883 666.69425201416 666.62378692627 495.36743927002 597.123382568359 514.562705039978 626.677124023438 605.398399353027 585.150928497314 562.864589691162 701.588806152344 569.938947200775 654.523574829102 576.86159992218 538.633918762207 721.729942321777 596.742321014404 654.740951538086 857.230255126953 875.156997680664 658.710824012756 650.901647567749 536.369873046875 540.845924377441 497.795631408691 622.686847686768 556.05290222168 614.670932769775 586.31681728363 462.109985351562 638.240558624268 508.232749938965 640.698593139648 651.097932100296 861.366981506348
499.594072341919 557.102369308472 548.819312572479 591.243553161621 538.23762512207 443.905891418457 622.069854736328 520.724460601807 589.119012832642 326.249130249023 516.070205688477 676.064338684082 617.796535491943 464.250129699707 530.557689666748 600.726488113403 618.986274719238 637.714324951172 579.438659667969 585.158897399902 695.961990356445 514.870756149292 681.794738769531 682.534851074219 586.366069793701 651.114204406738 549.805728673935 498.464466094971 516.250293731689 393.760681152344 508.845169067383 553.070380687714 619.510025024414 599.538345336914 609.880975723267 541.136371612549 630.881238937378 631.06364440918 653.288307189941 627.00591468811 569.807188987732 640.208190917969 648.379341125488 648.827606201172 582.97584104538 494.811904907227 609.224300384521 695.442878723145 628.668474197388 615.809289932251
504.276418685913 531.837745666504 530.590463638306 556.238395690918 754.769973754883 607.731109619141 629.492370605469 645.38166809082 471.028663635254 616.36589050293 524.01469039917 684.484222412109 657.29776763916 496.545310974121 589.002355873585 542.083591461182 606.223291397095 580.55989074707 579.810920715332 586.205226898193 626.114692687988 645.044662475586 541.048227310181 550.990476608276 505.296463012695 430.565628051758 496.043846130371 374.260223388672 451.87434387207 483.539520263672 533.864557266235 468.674270629883 480.281364440918 508.593753814697 512.626480102539 545.920658588409 381.903823852539 522.443916320801 612.093955993652 509.816436767578 495.219223022461 566.611516952515 515.224960327148 575.085977554321 549.116321563721 534.339012145996 654.983890533447 555.587178707123 548.233165740967 613.408111572266
383.08235168457 571.772373199463 617.713623046875 624.171653747559 556.337743759155 495.385974884033 663.261108398438 727.077224731445 641.248336791992 569.69194984436 630.777011871338 583.436372756958 489.297523498535 538.317005157471 654.02222442627 649.594793319702 663.695190429688 694.779472351074 639.25170135498 609.081478118896 701.662750244141 563.714140415192 541.953420162201 514.679557800293 687.650611877441 417.860717773438 622.426216125488 552.853785276413 455.389663696289 431.714973449707 509.654235839844 600.659980773926 441.404838562012 529.93012046814 666.064956665039 378.976211547852 456.735664367676 441.077201843262 550.234797477722 545.033214569092 462.523864746094 591.216180801392 431.287170410156 504.812210083008 572.320411682129 594.033802986145 904.488830566406 729.621536254883 567.416460037231 426.599426269531
550.336864471436 481.156454086304 448.992538452148 535.709422111511 550.827455997467 674.843048095703 572.820976257324 708.355697631836 737.058609008789 763.062652587891 589.107471466064 618.850421905518 577.750379085541 518.746379852295 548.183525085449 784.967262268066 695.186920166016 723.36462020874 724.755259990692 666.545608520508 605.661106109619 581.231140136719 564.447830200195 593.946880340576 493.082572937012 578.857251167297 505.585807800293 394.186416625977 436.888793945312 538.75316619873 342.470016479492 638.238418579102 650.769515991211 493.653167724609 525.298053741455 516.320138931274 439.239082336426 486.775241851807 611.402271270752 515.722320556641 535.626039505005 623.538593292236 567.518511772156 589.391456604004 766.303314208984 585.660341262817 627.35090637207 629.011318206787 557.204956054688 505.122032165527
505.895975112915 499.671497106552 521.850239753723 755.051620483398 675.914672851562 687.923858642578 784.455352783203 626.186447143555 656.10285949707 591.520362854004 651.822898864746 566.619155883789 569.900303065777 543.476621627808 606.785102844238 679.649337768555 696.076850891113 582.81897354126 762.395568847656 756.41471862793 629.532712936401 522.596664428711 694.223836898804 619.837013244629 577.600517272949 518.437984466553 622.287174224854 535.60325050354 593.688787460327 641.193634033203 609.426280975342 476.852241516113 610.738307952881 576.423198699951 593.436130523682 521.568603515625 543.014602661133 463.748970031738 594.323719024658 633.828498840332 572.718609809875 555.823371887207 591.589908599854 507.26636505127 643.649131774902 621.138694763184 577.220272541046 643.287460327148 667.520941734314 628.197887420654
539.385719299316 583.822151184082 451.149482727051 620.538208007812 762.630355834961 609.685409545898 753.731582641602 656.454925537109 558.612952232361 592.294975280762 637.705699920654 524.450141906738 546.875564575195 759.910491943359 779.317031860352 642.797512054443 611.785293579102 595.720066070557 683.247108459473 554.169967651367 583.117248535156 572.010192871094 591.660308837891 616.332481384277 690.716432571411 650.598342895508 564.356811523438 555.652492523193 507.127326965332 473.35718536377 515.226512908936 434.777877807617 625.815475463867 576.201118469238 699.820236206055 535.163290977478 699.897537231445 565.071611881256 587.521870613098 449.381393432617 550.648020744324 624.885143280029 574.365493774414 552.343057632446 688.32080078125 723.041549682617 694.875450134277 787.253051757812 607.807424545288 567.078943252563
386.291366577148 553.375473022461 482.849090576172 562.056842803955 637.948112487793 734.899780273438 656.878311157227 562.4919962883 529.444697678089 717.602249145508 586.86728811264 602.62427520752 432.840789794922 707.843170166016 466.355575561523 650.357706069946 714.762268066406 596.556533813477 467.900894165039 707.127281188965 639.037593841553 585.686603546143 584.182741165161 689.482261657715 534.205752372742 552.163818359375 670.148460388184 533.727920532227 594.86771774292 586.829198598862 554.302781581879 450.054702758789 546.442925930023 632.611419677734 527.954584121704 482.090240478516 651.257026672363 691.385559082031 534.914779663086 744.672988891602 585.554382324219 590.215894699097 626.509857177734 759.749359130859 424.375595092773 599.172920227051 769.403549194336 727.508605957031 599.092247009277 364.76025390625
531.220240235329 497.378524780273 513.946142196655 454.87654876709 649.684234619141 657.083145141602 729.717575073242 563.722458362579 690.220947265625 550.208517551422 647.086288452148 593.984317779541 549.978675842285 800.421401977539 739.154602050781 700.235702514648 846.961578369141 687.866966247559 540.033073425293 570.051292419434 568.850114822388 507.932029724121 527.373992919922 617.184989929199 742.773780822754 523.565216064453 505.566268920898 590.506706237793 679.15795135498 404.879013061523 467.557281494141 580.063468933105 674.219879150391 585.448280334473 670.423965454102 458.882354736328 713.239440917969 524.516300201416 544.074829101562 572.83325701952 503.338111877441 596.868572235107 650.27367401123 471.207382202148 793.418228149414 611.58399772644 569.605906486511 488.022178649902 543.930160522461 516.36296081543
368.904769897461 488.44128036499 596.930480957031 751.313262939453 596.313461303711 689.714836120605 554.284541130066 614.961585998535 427.098754882812 764.81103515625 497.368293762207 529.061294555664 607.412854194641 664.609802246094 584.274583816528 532.319717407227 598.001170158386 527.229022979736 604.661193847656 528.740646362305 631.205230712891 583.409102916718 562.915061950684 530.455322265625 680.089237213135 581.867965698242 506.985702514648 572.354309082031 595.59677696228 467.76326751709 521.522499084473 569.386820793152 499.817565917969 456.137115478516 572.033009529114 568.24315071106 590.198543548584 634.709087371826 586.672439575195 608.094030380249 652.237640380859 541.724273681641 595.492189884186 656.894714355469 540.13060760498 869.189422607422 618.69938659668 405.817413330078 740.832069396973 585.462859153748
413.357727050781 491.493408203125 507.723140716553 400.818008422852 560.748022079468 528.743679046631 597.624778747559 629.071437835693 527.3073387146 562.032151222229 670.731819152832 493.915367126465 494.551147460938 585.867020606995 726.072158813477 639.665271759033 541.998737335205 510.290153503418 440.647109985352 416.120040893555 539.712169647217 543.026585578918 428.81657409668 600.930995941162 478.641181945801 678.854215621948 718.098751068115 526.629959106445 544.594383239746 540.48649597168 517.184455871582 471.866836547852 617.996612548828 512.337860107422 524.625759124756 521.061298370361 546.87068939209 578.391160726547 482.120697021484 570.748411178589 608.730735778809 532.506011962891 675.324806213379 708.81307220459 585.048387527466 652.090347290039 535.38109588623 483.98616027832 617.518871307373 582.735677719116
365.076629638672 588.555377960205 577.881616592407 520.378772735596 527.738388061523 478.681541442871 596.333889007568 568.219735145569 646.606063842773 616.024085998535 554.447934150696 601.108642578125 621.094924926758 550.945278167725 571.413389205933 578.15843629837 524.615730285645 644.862495422363 559.313261032104 502.817924499512 508.018707275391 425.199249267578 598.810256958008 692.908519744873 475.222259521484 621.961971282959 755.57480430603 420.999038696289 632.081073760986 542.958751678467 513.032188415527 640.278650283813 581.011539459229 511.583389282227 497.744789123535 650.086135864258 570.783544063568 532.017532348633 701.035831451416 782.140502929688 658.557556152344 588.688247203827 684.958305358887 478.698654174805 694.589935302734 665.033336639404 547.924430847168 745.83642578125 578.88024520874 543.926231384277
567.938652992249 646.952438354492 462.444526672363 635.135902404785 467.292015075684 502.195449829102 594.338416039944 630.226329803467 489.335647583008 738.325607299805 491.195755004883 792.333969116211 607.698078155518 535.265510559082 686.022567749023 608.862365722656 517.297874450684 594.485508918762 410.680725097656 584.215092658997 495.306533813477 487.676040649414 812.553756713867 558.25842666626 649.96887588501 416.162948608398 519.657653808594 653.944633483887 674.440658569336 535.284576416016 666.759357452393 750.984825134277 597.581680297852 572.584876060486 614.538721084595 620.408548355103 367.971221923828 625.222457885742 640.507141113281 546.945030212402 521.122398376465 552.043640136719 540.480348587036 531.342666625977 469.653076171875 605.193206787109 607.944056510925 650.53560256958 594.018747329712 588.990339279175
454.993316650391 615.820606231689 607.064743041992 500.70556640625 484.540428161621 571.804161548615 675.938026428223 631.98709487915 717.31623840332 404.666091918945 477.403663635254 612.31213760376 552.751417160034 613.809080123901 461.186592102051 568.413540363312 550.548007965088 453.353256225586 487.070053100586 632.729122161865 538.429122924805 453.23112487793 544.175796508789 454.725723266602 566.373966217041 654.615112304688 694.438724517822 600.256275177002 721.248603820801 747.812886238098 718.279823303223 636.105745911598 733.69372177124 581.699913024902 758.170078277588 760.935111999512 593.606121063232 482.210845947266 574.913564682007 416.547271728516 677.411003112793 547.420009613037 705.830978393555 673.773475646973 563.31547164917 649.931684494019 565.157508850098 634.419984817505 568.151679992676 517.13338470459
516.818210601807 536.253494262695 595.774442672729 496.91130065918 437.436141967773 412.952239990234 550.434319496155 451.100929260254 589.515846252441 550.248643875122 580.698091506958 644.391380310059 639.427177429199 583.813589692116 356.480865478516 523.235107421875 444.638557434082 512.379123687744 479.242584228516 460.618560791016 557.644950866699 565.436950683594 517.03849029541 584.389947891235 673.355056762695 549.611267089844 698.612091064453 610.380071640015 714.831867218018 511.860015869141 774.974723815918 497.911010742188 693.05248260498 554.667640686035 632.070575714111 698.578685760498 601.720832824707 440.69319152832 650.050170898438 609.202243804932 686.440523147583 671.788475036621 644.820417404175 611.952055931091 728.720573425293 675.42879486084 552.062377929688 664.257354736328 475.002220153809 612.867806434631
679.296051025391 796.076812744141 741.473434448242 730.778503417969 567.041139602661 521.991645812988 531.356245040894 501.616012573242 465.537010192871 590.680349349976 626.818550109863 672.713569641113 542.027412414551 484.356788635254 563.447117328644 502.747241973877 622.044784545898 525.557319641113 620.742122650146 600.882371902466 409.35612487793 389.073516845703 418.877563476562 586.81685590744 395.423202514648 544.877952575684 684.869705200195 467.917495727539 712.403457641602 552.882110595703 662.089464187622 626.654421806335 655.875849962234 507.725494384766 670.911691665649 588.859352111816 558.940589904785 490.628799438477 514.116493225098 687.761022567749 536.609268188477 658.392269134521 590.589111328125 750.156700134277 679.715022087097 600.28674697876 528.84538269043 497.991317749023 560.804935455322 626.212635040283
539.339763641357 692.111389160156 543.596462726593 694.423538208008 551.063900947571 570.269470214844 532.432000160217 677.044555664062 420.260955810547 435.018745422363 506.576461791992 627.251449584961 536.336120605469 471.392524719238 627.907409667969 488.348693847656 595.130744934082 661.057556152344 654.231491088867 609.958187103271 652.257347106934 638.657566070557 549.325355529785 539.693801879883 477.387390136719 682.05126953125 696.503730773926 674.889869689941 550.298202514648 431.639038085938 787.707290649414 592.713027954102 574.275856018066 599.435413360596 553.124252319336 489.636749267578 550.177715301514 568.814270019531 505.28059387207 596.692756652832 605.809997558594 602.33189201355 692.567951202393 883.759502410889 642.16813659668 776.788284301758 768.519027709961 654.500455856323 689.534934997559 624.019943237305
588.901279449463 695.171737670898 616.172576904297 499.496253967285 697.83967590332 483.034580230713 504.438629150391 464.353164672852 478.18531036377 384.239959716797 665.568435668945 636.672966003418 591.296419143677 554.048833847046 565.810322731733 657.203552246094 406.607879638672 496.774841308594 449.17066192627 575.6922082901 493.250068664551 568.965562343597 553.52855682373 490.073844909668 609.735927581787 782.84782409668 559.09423828125 690.156158447266 519.515403747559 567.156467437744 547.304893493652 687.146774291992 524.228302001953 538.680198669434 564.700248718262 500.668304443359 481.413261413574 509.891044616699 553.063785552979 569.700798034668 449.072082519531 500.987243652344 803.402053833008 802.505508422852 843.873069763184 555.654563903809 660.181564331055 711.285362243652 526.655235290527 625.119806289673
698.988235473633 589.789405822754 590.942607879639 386.410354614258 637.058891296387 565.414468765259 690.522499084473 481.131294250488 638.174514770508 590.69512462616 654.31005859375 616.181129455566 482.919853210449 576.484006881714 603.611808776855 691.040161132812 636.437553405762 673.673881530762 613.326866149902 486.762603759766 608.74188041687 370.414642333984 614.335426330566 579.671842575073 664.947380065918 732.594871520996 653.18864440918 662.426204681396 695.585388183594 637.881607055664 527.991760253906 699.879928588867 588.046262741089 551.913265228271 669.188522338867 472.944686889648 524.868583679199 506.434509277344 497.394691467285 621.92302441597 666.68754196167 595.845191955566 572.52795791626 814.352737426758 699.433784484863 519.845458984375 595.98267364502 625.816854000092 570.289833068848 541.45471572876
682.785079956055 597.257001876831 731.435089111328 521.007137298584 611.288497924805 617.059532165527 554.385325908661 557.956632852554 632.358063697815 401.560302734375 284.417388916016 406.703018188477 664.482078552246 630.771541595459 519.725467681885 470.055488586426 596.906600952148 514.139461517334 555.48602771759 458.563491821289 456.171508789062 594.440116882324 558.503061294556 713.8505859375 494.294502258301 628.638736724854 721.607139587402 631.870147705078 663.40746307373 504.076347351074 633.307498931885 622.375165939331 507.627319335938 580.243125915527 464.664611816406 562.431972503662 472.851593017578 502.462768554688 460.186584472656 523.032348632812 487.099685668945 621.461775779724 776.536659240723 658.296627044678 740.344749450684 623.554472446442 469.121078491211 596.89023399353 666.763900756836 596.330707550049
528.837560653687 650.817100524902 761.911773681641 694.724029541016 612.11727142334 572.879846572876 401.609725952148 445.26375579834 554.238962173462 556.620772361755 454.971336364746 519.919509887695 417.916107177734 525.735015869141 650.634468078613 460.467041015625 538.410999298096 512.954341888428 459.429428100586 585.933576583862 626.697120666504 501.157417297363 478.63330078125 643.805358886719 632.912406921387 501.790534973145 549.933280944824 652.322357177734 572.276695251465 602.537401199341 690.486137390137 421.316864013672 567.283851623535 597.276792883873 629.217071533203 606.704338431358 538.055023193359 509.800445556641 456.668914794922 524.752243041992 692.984985351562 642.899311065674 645.242446899414 662.610210418701 752.657608032227 612.129169464111 624.812232017517 459.078201293945 590.2935962677 565.124496459961
