export/dem/dem13.asc
NCOLS 350
NROWS 171
XLLCORNER 152620
YLLCORNER 418050
CELLSIZE 100
NODATA_VALUE -9999
[rows 44 to 65 of 171, columns 50 to 99 of 350]
815.377487182617 813.237646102905 773.615943908691 1014.22427368164 437.4708776474 571.061485290527 400.521087646484 348.38362121582 378.95231628418 299.140060424805 806.365600585938 488.474866867065 538.044281005859 449.653076171875 286.502395629883 411.214263916016 361.503952026367 484.029277801514 471.888397216797 425.098275184631 401.823411941528 441.193162679672 400.06954574585 302.339416503906 375.289897918701 385.198406219482 273.164375305176 455.460235595703 263.10710144043 374.2998046875 389.741302490234 360.414253234863 447.279967069626 435.008674621582 519.071922302246 447.731729984283 375.496406555176 473.482089996338 434.605007171631 323.455108642578 523.065612792969 579.037437438965 455.16717338562 467.521839141846 440.34801197052 367.283386230469 587.373245239258 420.585819244385 396.774789810181 330.490882873535
933.133697509766 604.881610870361 590.897644042969 762.678279876709 618.09334564209 669.47998046875 423.625732421875 729.777236938477 308.704956054688 629.905120849609 224.789855957031 402.535148620605 409.69856262207 382.869285583496 408.044876098633 446.986410140991 485.625574111938 346.888580322266 242.477630615234 302.013298034668 321.547966003418 566.725128173828 374.707405090332 444.562017679214 407.065159797668 410.430183410645 443.988730430603 453.328544616699 462.948993682861 400.590288162231 465.090801239014 263.134078979492 319.072746276855 387.394275665283 388.826053619385 522.354537963867 538.996925354004 455.262148857117 462.139171600342 504.677070617676 418.543273925781 271.73503112793 387.68713760376 473.807762145996 392.246376037598 572.519187927246 491.063510894775 404.949201583862 421.157218500972 437.438943862915
612.498954772949 485.48637008667 551.516414642334 355.181610107422 235.54914855957 580.270881652832 656.272750854492 369.521896362305 580.595230102539 520.417587280273 477.677013397217 428.058631896973 395.65306854248 378.783996582031 378.827491760254 459.639379620552 453.302772521973 268.6650390625 528.263877868652 424.367748260498 410.292352676392 321.690940856934 466.071228027344 389.878957748413 583.453857421875 488.878173828125 410.438576221466 362.113632202148 326.84716796875 478.853561401367 474.151702880859 469.734943389893 273.241241455078 501.707328796387 404.357921600342 386.208000183105 508.749320983887 386.693290710449 224.239974975586 370.587760925293 356.860954284668 255.478042602539 337.876174926758 534.389198303223 526.526779174805 309.090309143066 327.302955627441 445.804397583008 558.441162109375 446.561341285706
504.08032989502 358.635940551758 374.455055236816 347.009605407715 371.727535247803 383.439865112305 994.565361022949 741.727973937988 609.596176147461 444.908325195312 482.408485412598 426.428558349609 319.357437133789 457.38543510437 571.15153169632 290.488952636719 298.867950439453 467.551071166992 413.065681934357 333.433246612549 504.841384887695 373.700757980347 269.193099975586 377.561902999878 348.007301330566 477.782440185547 485.384078979492 402.898405075073 506.87141418457 461.834856033325 470.069259643555 364.624702453613 556.891304016113 485.043537139893 525.191360473633 509.071189880371 459.552419662476 378.40633392334 331.343368530273 417.229076385498 449.881758272648 379.683822631836 426.281639099121 323.127052307129 405.322731018066 441.86398100853 526.031562805176 343.77320098877 368.370071411133 367.161102294922
391.304656982422 397.744071960449 364.935302734375 559.20708990097 371.485771179199 426.256439208984 554.533214569092 396.144889831543 451.006381988525 561.457801818848 518.458571910858 525.449196338654 483.120450973511 528.063349723816 567.181854248047 224.983596801758 419.349597930908 396.220771789551 537.470588684082 459.403423309326 333.75146484375 415.330859661102 188.254287719727 423.755805015564 239.285568237305 267.934280395508 352.19945526123 500.7880859375 487.08854675293 409.771210670471 521.279006958008 414.443519592285 536.518836975098 350.581924438477 290.02522277832 445.368667602539 429.665924072266 512.406921386719 296.908378601074 326.420501708984 387.880096435547 430.834045410156 452.908980369568 335.821090698242 428.164973258972 323.561103820801 371.071830749512 379.082962036133 452.043927192688 398.741172790527
560.487819671631 217.560317993164 331.43034362793 403.95198059082 617.073429584503 388.987739562988 564.177993774414 357.028984069824 466.785329818726 577.42366027832 440.17162322998 535.628767967224 466.886058807373 390.871574401855 483.57590675354 447.505191802979 368.677833557129 357.019508361816 326.061164855957 261.947769165039 239.433624267578 425.534358978271 473.594749450684 413.186449050903 370.591659545898 508.684677124023 461.611221313477 523.593116760254 381.934852600098 469.847469329834 464.207681655884 357.085250854492 405.555847167969 460.053726196289 391.456260681152 461.475513458252 346.774147033691 301.236434936523 216.484848022461 334.36735534668 344.158432006836 333.435012817383 441.433027267456 447.070352554321 378.913040161133 317.964874267578 487.221935272217 487.828979492188 360.357032775879 523.996650695801
362.019431114197 368.455574035645 471.781752586365 898.495651245117 581.732269287109 565.202461242676 580.299926757812 499.779758453369 612.946319580078 533.26823425293 361.810012817383 454.412878036499 407.679973602295 544.095573425293 371.175270080566 464.722059249878 350.430290222168 378.179233551025 441.281856536865 434.881958007812 368.416290283203 466.395851135254 312.208511352539 341.159950256348 252.029907226562 360.426612854004 452.237880706787 405.392486572266 438.058583259583 402.991851806641 325.745346069336 367.90185546875 592.351974487305 375.560863494873 536.986282348633 395.072009086609 460.420337677002 453.583015441895 336.454368591309 414.687484741211 202.584243774414 318.095977783203 448.518375396729 624.734436035156 476.344633102417 526.464859008789 456.476963043213 577.905731201172 413.147388458252 446.814009666443
734.770967483521 254.356109619141 418.660438537598 403.342987060547 548.325729846954 554.942863464355 516.294549942017 421.879230976105 596.484481811523 355.979583740234 275.832489013672 391.592716217041 360.841331481934 430.10740852356 321.249862670898 423.0665807724 294.082778930664 367.188674926758 407.111251831055 412.596635341644 477.669025421143 245.374237060547 481.416351318359 561.524505615234 450.631401062012 397.438579559326 382.308937072754 512.957809448242 426.807079315186 342.502906799316 500.880416870117 544.513641357422 360.567601203918 442.31272315979 338.016990661621 424.00758934021 482.390853881836 480.079917907715 325.006355285645 450.220077514648 306.642837524414 281.233734130859 422.403707504272 397.022407531738 321.605819702148 411.732421875 388.445185661316 406.168360710144 422.565348625183 415.088670969009
609.447238922119 324.417610168457 1061.20657730103 477.293563842773 586.67236328125 577.286666870117 549.506324768066 417.799823760986 513.571250915527 433.592788696289 398.53201675415 498.10774230957 332.801666259766 396.461893081665 225.605178833008 441.587189674377 307.796295166016 410.450305938721 470.946968078613 292.230445861816 454.166255950928 309.93675994873 500.381988525391 441.678478240967 418.348512530327 456.122985839844 443.56566286087 421.353180885315 431.456966400146 280.912338256836 359.230525970459 386.344632148743 510.47428894043 354.462373733521 367.088123321533 341.888092041016 414.148969650269 479.424957275391 407.99093914032 502.948173522949 566.306205749512 380.201232910156 354.410270690918 333.76350402832 487.271476745605 433.916809082031 388.898996353149 324.720474243164 368.187629699707 219.123550415039
699.781639099121 500.556289672852 587.635242462158 556.583770751953 561.6057305336 713.722137451172 554.979309082031 364.234252929688 511.413230895996 457.921643018723 408.711479187012 508.634414672852 338.770042419434 448.230531692505 417.768575668335 373.861270904541 427.043841362 439.116513729095 398.885633468628 449.961986541748 456.928596496582 206.899322509766 556.498947143555 553.714904785156 478.464943408966 630.342849731445 533.601341247559 181.052474975586 358.875171661377 405.017931938171 367.116306304932 419.162202835083 530.515159606934 380.737348079681 384.951065063477 408.132301330566 376.231084823608 384.575569152832 525.207061767578 393.346245765686 364.673610687256 297.834289550781 484.26358795166 352.30216217041 514.768218994141 327.697158813477 461.741565704346 398.117710113525 385.320038557053 459.919593811035
730.440826416016 587.535385131836 601.862705230713 775.507514953613 611.4140625 509.320755004883 660.412124633789 366.862281799316 405.395824432373 412.239669799805 445.851042747498 523.020057678223 311.957099914551 233.031066894531 461.514198303223 387.593620300293 517.227020263672 347.950374603271 373.516929626465 516.417152404785 468.566082000732 371.057899475098 416.735493659973 448.30012512207 550.149338006973 349.685813903809 445.201774597168 264.490028381348 426.904228210449 326.9543800354 394.741414070129 341.887481689453 449.080810546875 376.762676239014 404.317802429199 572.77326965332 382.145137786865 323.888122558594 445.020595550537 373.319681167603 532.649589538574 295.546661376953 284.262580871582 455.297382354736 376.57533454895 548.346160888672 353.325450897217 376.635131835938 461.487369537354 340.600433349609
707.462882995605 1257.39877319336 641.711570739746 644.227039337158 663.937080383301 513.57075214386 446.374128341675 428.529571533203 444.17574930191 406.221225738525 370.82954788208 344.850616455078 390.158279418945 468.193229675293 353.419960021973 528.761001586914 376.846138000488 497.271820068359 584.883926391602 447.088439941406 502.597724914551 367.888526916504 268.811126708984 471.72297668457 265.922256469727 390.869792938232 407.607135772705 391.261306762695 544.320541381836 484.192932128906 327.461296081543 306.784240722656 269.179763793945 265.627494812012 311.902435302734 373.944141387939 461.348937988281 287.087509155273 381.290115356445 333.253486633301 455.138931274414 394.233956336975 415.902914047241 276.956443786621 248.945098876953 437.090253829956 367.539306640625 344.095138549805 418.547231674194 414.405508041382
420.689859390259 665.207336425781 720.03239440918 903.201568603516 690.308074951172 626.744117736816 417.400741577148 441.182035446167 500.981761932373 444.530649185181 350.18342590332 293.487686157227 403.83189201355 390.285453796387 308.288619995117 434.208507537842 585.08186340332 444.612064361572 349.318943023682 481.012977600098 458.909755706787 379.780914306641 473.358497619629 359.356405258179 160.739685058594 338.301914215088 432.025390625 383.47091293335 373.232702255249 428.557872772217 323.755870819092 196.451217651367 271.235900878906 354.595455169678 522.340469360352 346.351795196533 367.056819915771 435.85725402832 443.27672958374 503.121406555176 446.689918518066 302.540618896484 233.536819458008 401.001061439514 422.557718753815 296.290168762207 403.685565948486 448.658025741577 468.232997894287 389.588981628418
723.383232116699 590.225891113281 651.993354797363 647.871734619141 594.934642791748 538.294585704803 514.454431533813 426.43888092041 488.787815093994 561.769088745117 458.205825805664 385.413335800171 476.606407165527 391.132257461548 368.008033752441 345.333450317383 393.702018737793 394.512415885925 429.382148742676 543.168060302734 304.479667663574 442.962784767151 326.56512260437 399.787326812744 338.33930337429 441.194435119629 462.581085205078 418.403854370117 407.149856567383 469.659683227539 244.786575317383 336.532713413239 424.00806427002 284.969566345215 473.531768798828 419.25931930542 433.868110656738 327.377109527588 304.21728515625 253.759490966797 424.20224571228 375.853235244751 418.190519332886 406.101265907288 399.807794570923 375.162857055664 400.850315093994 508.766738891602 631.710464477539 407.00096321106
471.479047775269 685.801574707031 644.394860267639 641.713085174561 662.588874816895 744.742614746094 402.908340454102 465.677072525024 365.096977233887 456.524854660034 370.228507995605 406.180290222168 458.047927856445 430.885299682617 425.120510101318 303.69197845459 414.537433624268 382.164436340332 425.37926864624 476.086196899414 355.552976608276 247.390342712402 256.876266479492 356.325380325317 346.233048439026 253.880531311035 333.851789698005 434.667572021484 436.260204315186 441.809814453125 437.918319702148 342.185668945312 393.951238632202 454.381546020508 458.093765258789 427.302722930908 493.584999084473 400.337888151407 323.572185516357 314.267097473145 289.836250305176 367.260593414307 376.178581237793 392.671846389771 583.908187866211 172.79899597168 402.360580444336 497.540966033936 297.290954589844 477.944633483887
701.452819824219 495.284435272217 696.450675964355 609.305666446686 635.667331695557 639.528671264648 550.201038360596 373.777214050293 485.060256958008 438.205384254456 561.948684692383 454.540336608887 449.911865234375 451.797119140625 279.265151977539 296.339706420898 265.423034667969 338.25106048584 370.944279670715 383.996662139893 349.544561386108 292.480186462402 315.491149902344 355.120132684708 455.754203796387 409.499086380005 295.663219451904 479.763336181641 568.869674682617 460.722045898438 500.731506347656 387.810195922852 308.487190246582 395.191809654236 362.67829990387 443.131443023682 358.335765838623 382.60985994339 384.536145210266 259.579742431641 399.876299381256 379.967700958252 466.535667419434 347.233880996704 350.96764755249 332.662460327148 328.298492431641 342.166244506836 402.59984588623 447.607131958008
553.696449279785 608.597961425781 707.20011138916 666.982818603516 725.778549194336 640.155172348022 657.660934448242 368.155624389648 536.686111450195 536.70085144043 475.147758483887 447.262500762939 427.635578155518 439.636981964111 320.064865112305 647.940780639648 264.993423461914 329.118362426758 425.451365947723 303.751457214355 393.638977050781 379.903643608093 328.934497833252 548.303939819336 370.757167816162 456.727630615234 461.632301330566 400.893060207367 484.51921081543 437.822200775146 575.905227661133 436.398509979248 565.530319213867 340.516189575195 337.743955612183 415.184940338135 431.144111633301 314.452239990234 416.515946388245 406.486381530762 492.206878662109 509.54248046875 332.924110412598 499.539497375488 468.448106765747 372.554309844971 348.773559570312 348.209243774414 569.578842163086 553.544464111328
604.414405822754 552.669101417065 592.962421417236 666.709854125977 614.717086791992 547.704460144043 665.0657081604 435.12572479248 438.919387817383 509.48705291748 388.779488563538 285.054901123047 275.707885742188 514.365730285645 429.565940856934 386.640884399414 226.706420898438 271.834403991699 325.889007568359 405.488946914673 386.629726409912 339.006370544434 478.327911376953 511.751281738281 383.804709434509 364.585235595703 503.865081787109 396.979286193848 527.460754394531 410.895046234131 405.15412902832 397.331523895264 454.641586303711 295.265510559082 469.601020812988 320.298374176025 303.260406494141 404.089790344238 430.707237243652 502.748031616211 426.091779708862 455.751819610596 512.510208129883 459.958511352539 322.935691833496 356.625160217285 535.016555786133 547.374252319336 677.346176147461 616.188369750977
677.705017089844 586.915967941284 495.614959716797 590.478885650635 588.039319992065 712.254215240479 510.052349090576 559.679122924805 289.761489868164 526.733322143555 421.063674926758 415.742637634277 467.986396789551 465.923210144043 428.476085662842 363.385053634644 166.540771484375 510.929122924805 373.117208480835 381.962895393372 396.526975631714 300.599256515503 307.562400817871 315.673648834229 578.374176025391 478.189224243164 364.058581352234 458.989875793457 469.563102722168 512.265518188477 351.866855621338 582.475189208984 356.933100700378 573.817230224609 382.870979309082 291.426979064941 312.357162475586 451.49137878418 491.14635848999 483.03063583374 534.525177001953 357.716735839844 254.14111328125 421.747695922852 350.777366638184 495.808296203613 478.884061813354 398.206161499023 532.365814208984 535.324234008789
630.23388671875 551.082168102264 567.787311553955 575.489480018616 444.134117126465 431.860805511475 247.020095825195 336.775291442871 298.249099731445 354.322582244873 276.552154541016 382.586524963379 617.345504760742 413.065307617188 423.17911529541 407.795810699463 474.66722869873 315.380561828613 423.327556610107 485.147315979004 523.077560424805 479.06755065918 433.187557220459 511.957412719727 545.364700317383 534.377975463867 429.669761657715 462.052680969238 612.209259033203 255.870010375977 419.528667449951 415.881227493286 345.639019012451 310.280563354492 422.00804901123 352.962928771973 324.438064575195 459.826362609863 602.467483520508 395.032091140747 613.416427612305 444.773051261902 393.529190063477 420.113397598267 424.326810836792 458.081649780273 368.3759765625 335.52742767334 474.822259902954 399.52562713623
567.472007751465 527.254484176636 472.087219238281 665.831440925598 453.97827911377 499.413052797318 439.367044448853 266.276611328125 306.477561950684 472.589073181152 406.563121795654 379.025346755981 438.303100585938 435.483413696289 377.981834411621 400.202236175537 416.771835327148 395.807004928589 425.779891967773 227.334419250488 388.781583786011 432.049713134766 417.177520751953 540.637878417969 442.602226257324 399.672271728516 647.841796875 357.6862449646 352.772117614746 430.88013458252 437.835536956787 322.522216796875 553.144882202148 469.602813720703 291.764343261719 319.829742431641 334.96545791626 368.208642959595 304.660491943359 400.129095315933 280.902786254883 438.573962211609 332.299499511719 502.68981552124 504.041534423828 533.746124267578 452.157188415527 377.460990905762 473.789794921875 613.854736328125
629.399864196777 496.601539611816 527.98233795166 576.661026954651 341.16381072998 463.303071975708 319.571006774902 305.157821655273 412.900861740112 385.20969581604 569.684707641602 579.658630371094 427.449546813965 447.353012084961 397.373243331909 306.519714355469 197.735214233398 388.081249237061 399.741022109985 336.582429885864 536.106994628906 370.004543304443 434.262763977051 418.994117736816 518.050033569336 475.098846435547 475.306098937988 407.876094818115 343.264496803284 360.975528717041 387.771795272827 463.443756103516 692.027221679688 337.852851867676 413.336734771729 292.831550598145 355.67652130127 412.112359404564 450.025964736938 479.560646057129 389.995941162109 462.864070892334 409.032285690308 462.626705169678 340.889823913574 463.493068695068 501.848609924316 542.921775817871 425.719312667847 419.386958122253
