export/dem/dem1.asc
NCOLS 350
NROWS 171
XLLCORNER 152620
YLLCORNER 418050
CELLSIZE 100
NODATA_VALUE -9999
[rows 0 to 21 of 171, columns 200 to 249 of 350]
-9999 -9999 -9999 -9999 -9999 -9999 -9999 -9999 -9999 -9999 -9999 -9999 -9999 -9999 -9999 -9999 -9999 -9999 -9999 -9999 -9999 -9999 -9999 -9999 -9999 -9999 -9999 -9999 -9999 -9999 -9999 -9999 -9999 -9999 -9999 -9999 -9999 -9999 -9999 -9999 -9999 -9999 -9999 -9999 -9999 -9999 -9999 -9999 -9999 -9999
-9999 -9999 -9999 -9999 -9999 -9999 -9999 -9999 -9999 -9999 -9999 -9999 -9999 -9999 -9999 -9999 -9999 -9999 -9999 -9999 -9999 -9999 -9999 -9999 -9999 -9999 -9999 -9999 -9999 -9999 -9999 -9999 -9999 -9999 -9999 -9999 -9999 -9999 -9999 -9999 -9999 -9999 -9999 -9999 -9999 -9999 -9999 -9999 -9999 -9999
-9999 -9999 -9999 -9999 -9999 -9999 -9999 -9999 -9999 -9999 -9999 -9999 -9999 -9999 -9999 -9999 -9999 -9999 -9999 -9999 -9999 -9999 -9999 -9999 -9999 -9999 -9999 -9999 -9999 -9999 -9999 -9999 -9999 -9999 -9999 -9999 -9999 -9999 -9999 -9999 -9999 -9999 -9999 -9999 -9999 -9999 -9999 -9999 -9999 -9999
-9999 -9999 -9999 -9999 -9999 -9999 -9999 -9999 -9999 -9999 -9999 -9999 -9999 -9999 -9999 -9999 -9999 -9999 -9999 -9999 -9999 -9999 -9999 -9999 -9999 -9999 -9999 -9999 -9999 -9999 -9999 -9999 -9999 -9999 -9999 -9999 -9999 -9999 -9999 -9999 -9999 -9999 -9999 -9999 -9999 -9999 -9999 -9999 -9999 -9999
-9999 -9999 -9999 -9999 -9999 -9999 -9999 -9999 -9999 -9999 -9999 -9999 -9999 -9999 -9999 -9999 -9999 -9999 -9999 -9999 -9999 -9999 -9999 -9999 -9999 -9999 -9999 -9999 -9999 -9999 -9999 -9999 -9999 -9999 -9999 -9999 -9999 -9999 -9999 -9999 -9999 -9999 -9999 -9999 -9999 -9999 -9999 -9999 -9999 -9999
518.348609924316 780.348724365234 578.955841064453 719.844955444336 968.777191162109 -9999 -9999 -9999 -9999 -9999 -9999 -9999 -9999 -9999 -9999 -9999 -9999 -9999 -9999 -9999 -9999 -9999 -9999 -9999 -9999 -9999 -9999 -9999 -9999 -9999 -9999 -9999 -9999 -9999 -9999 -9999 -9999 -9999 -9999 -9999 -9999 -9999 -9999 -9999 -9999 -9999 -9999 -9999 -9999 -9999
632.479965209961 457.530867576599 570.209739685059 531.288509368896 647.721940994263 667.546855926514 544.363288879395 808.418884277344 659.862442016602 700.343795776367 -9999 -9999 -9999 -9999 -9999 -9999 -9999 -9999 -9999 -9999 -9999 -9999 -9999 -9999 -9999 -9999 -9999 -9999 -9999 -9999 -9999 -9999 -9999 -9999 -9999 -9999 -9999 -9999 -9999 -9999 -9999 -9999 -9999 -9999 -9999 -9999 -9999 -9999 -9999 -9999
994.761566162109 528.320125579834 564.919723510742 531.867111206055 700.230792999268 761.760787963867 643.428024291992 714.543594360352 622.600524902344 565.751747131348 590.2998046875 523.610084533691 812.625183105469 735.89289855957 743.387725830078 725.656951904297 579.86820602417 616.680244445801 946.317172527313 935.342844963074 976.280513763428 913.158276319504 924.781984329224 1003.7236328125 896.299104690552 989.980213165283 951.159801483154 896.54270362854 967.959010407329 899.208374023438 811.40421295166 814.314590454102 585.632110595703 842.34418296814 914.932147979736 979.889129638672 1234.63003540039 1130.05838012695 1005.15289497375 -9999 -9999 -9999 -9999 -9999 -9999 -9999 -9999 -9999 -9999 -9999
1055.63868713379 1054.75532531738 868.966430664062 697.610193252563 964.657054901123 1145.7437210083 1202.53088378906 729.475326538086 544.335075378418 608.857086181641 650.537887573242 566.481399536133 600.755126953125 524.397319793701 771.2451171875 609.651473999023 686.04963684082 521.102390289307 814.514102935791 862.803985595703 886.640758514404 777.41820526123 732.053596496582 717.084510803223 761.258094787598 856.061695098877 751.96647644043 965.292449951172 828.987781524658 775.070343017578 732.2177734375 744.747779846191 609.111492156982 570.672378540039 770.807769775391 720.328193664551 1030.32715988159 1102.78911590576 751.197624206543 766.354309082031 703.899429321289 1202.47975730896 1330.09552550316 1044.62805938721 775.563014984131 -9999 -9999 -9999 -9999 -9999
1112.36610412598 1040.65205764771 808.37531375885 742.671527862549 1101.41851806641 910.583122253418 1162.01561355591 1286.26887512207 962.285957336426 858.360328674316 937.342834472656 765.16185760498 593.172813415527 627.43603515625 606.393737792969 653.466995239258 487.890323638916 627.979919433594 846.197203397751 904.145114898682 781.361320495605 847.963809967041 700.398948669434 864.681365966797 895.257942199707 871.302555084229 743.25129699707 799.801441192627 875.27550983429 860.875874519348 757.31908416748 844.583713531494 475.983993530273 608.561737060547 563.128341674805 849.160552978516 1027.8370513916 1003.31379699707 497.095153808594 435.939254760742 778.334739685059 934.21533203125 889.500396728516 959.350513458252 967.580810546875 1335.53115653992 636.469085693359 -9999 -9999 -9999
846.032691955566 821.479797363281 1118.5244140625 1198.7705078125 1199.06365203857 1306.27262878418 1158.94748687744 1173.92476654053 920.789813518524 874.99089050293 892.161911010742 886.184585571289 494.714157104492 592.201141357422 650.055816650391 774.650833129883 856.964286804199 872.255306243896 915.518753051758 1020.41007995605 969.647911071777 985.053001403809 684.186229705811 653.911594390869 695.516326904297 756.767833709717 808.973260879517 734.211318969727 661.827728271484 824.779602050781 756.296482086182 739.394451141357 579.688743591309 569.969085693359 594.586967468262 566.843906402588 666.199962615967 1015.61696624756 981.740852355957 626.275726318359 658.796241760254 867.362365722656 817.190826416016 773.168308258057 766.862295150757 1198.72798919678 826.346290588379 1420.01925086975 731.684185028076 -9999
994.255661010742 855.813293457031 888.997667312622 1098.45971679688 1120.97711181641 1161.42183303833 1227.24181365967 1161.84820556641 1018.67326140404 862.851033210754 994.773742675781 966.592269897461 676.056684494019 774.888870239258 633.056777954102 618.674961090088 907.151977539062 914.09691619873 845.005752563477 917.137716293335 904.079387664795 1029.63946723938 734.8098487854 649.209701538086 823.742286682129 800.444995164871 894.740180969238 793.864177703857 724.68376159668 829.764524459839 774.269245147705 758.180947542191 531.270385742188 666.685134887695 624.388095855713 619.946206569672 489.979270935059 879.563694000244 889.300769805908 909.612590789795 605.883434295654 689.528778076172 823.911380767822 824.909646987915 699.092361450195 867.790489196777 865.497840881348 1385.56945037842 873.659326553345 968.890747070312
1006.67887878418 1033.14984130859 913.716644138098 799.474090576172 831.724838256836 898.210311889648 791.125350952148 853.396911621094 1067.05467605591 954.713722229004 858.233772277832 800.506110191345 774.969472885132 671.720052719116 856.522430419922 843.38077545166 1002.14099884033 995.926361083984 813.042892456055 1147.51655578613 992.040407180786 1264.01476287842 821.942575454712 887.331039428711 917.135688781738 775.447250366211 871.756694793701 926.318586349487 835.860218048096 831.188842773438 831.19620513916 888.141229629517 741.365747451782 789.454248428345 762.701652526855 625.492614746094 664.575736999512 1056.01335525513 1129.04508972168 1023.07201385498 604.727428436279 744.573249816895 578.254669189453 981.136167526245 1014.76010513306 859.57103729248 821.713501930237 655.083312988281 912.952209472656 709.986083984375
659.218246459961 710.621845245361 554.492446899414 718.230690002441 796.919952392578 723.679668426514 679.10417175293 739.048812866211 1086.0795135498 982.627349853516 888.319496154785 952.860004425049 845.852096557617 903.006145477295 845.240672111511 1375.63307142258 935.268936157227 668.975189208984 1074.87967681885 1393.62931060791 914.516288757324 1480.59623718262 856.684234619141 716.854228973389 732.365783691406 766.49080657959 805.924839019775 887.934425354004 894.66951751709 919.059955596924 843.405937194824 936.023662567139 917.084209442139 902.206230163574 874.065948486328 751.993927001953 779.886016845703 994.280208587646 1165.49828338623 1110.50469970703 702.101509094238 823.144920349121 519.573455810547 890.783592224121 991.814159393311 994.891167640686 1047.86832046509 661.378471374512 852.275718688965 1013.31086730957
646.576000213623 692.467258453369 570.867324829102 564.333625793457 701.143142700195 671.358272075653 449.895324707031 691.78630065918 772.918495178223 915.301040649414 915.698028564453 949.676420211792 1357.84823989868 800.926464080811 820.353889465332 720.284698486328 868.689590454102 775.889760971069 789.666794776917 1400.70792388916 809.623153686523 782.373500823975 774.982730865479 1286.5922088623 680.140674591064 722.192581176758 747.243495941162 894.789032936096 852.080545425415 847.860410690308 832.444900512695 1072.92292785645 887.780906677246 1026.64901733398 883.267852783203 843.208351135254 917.117530822754 797.575881958008 875.267150878906 940.423809051514 999.796752929688 1022.9261770919 1066.60064888 960.015800476074 854.954177856445 1040.54735183716 1015.26483345032 992.259090423584 849.625518798828 918.795654296875
619.148933410645 647.789100646973 674.800399780273 805.936218261719 785.170823097229 677.726515769958 839.862922668457 905.272766113281 857.129302978516 655.063692092896 657.691505432129 678.632844924927 773.332946777344 848.034595489502 770.733191490173 692.826927185059 744.220144271851 672.794204711914 898.52001953125 788.281505942345 742.040422439575 793.577293395996 755.984076023102 743.6783452034 699.309623718262 770.036197662354 722.539108276367 839.541694641113 759.645063400269 749.198760986328 811.636077880859 1057.03424835205 833.442991256714 746.26091003418 813.78931427002 862.684028625488 946.456629514694 890.336734771729 899.52999162674 871.061462402344 997.655860900879 1011.80103302002 1021.27513885498 981.360847473145 1074.22281837463 1144.96539306641 1045.6801071167 1021.59561157227 899.787284851074 854.625030517578
678.734161376953 726.764938354492 642.703109741211 798.845430374146 890.47811126709 465.413299560547 664.504280090332 899.518569946289 712.062060832977 735.856351852417 929.554748535156 912.049263000488 739.259243011475 880.399757385254 853.011856079102 624.347579956055 701.534076690674 784.359474182129 618.847236633301 719.479462862015 755.978172302246 806.709716796875 720.301902770996 727.778539657593 715.298185348511 745.329686045647 804.24151134491 1296.07839202881 790.220527648926 829.811408996582 1033.4432220459 968.847803115845 687.777587890625 716.317657470703 662.983489990234 794.830787658691 889.437075614929 991.012878417969 898.713994026184 903.422869682312 1075.74479675293 862.175910949707 1097.25213623047 951.995522975922 1063.81178283691 1164.95713806152 1061.15005636215 1051.61844205856 1091.52908325195 702.159286499023
591.61483001709 684.496053218842 1249.46011352539 641.46549987793 848.860107421875 895.242149353027 690.424712657928 705.325592041016 660.673305511475 804.871433258057 904.875770568848 816.768966674805 623.47029876709 796.803779602051 798.435380935669 712.019458770752 799.535236358643 767.536859512329 619.012413024902 719.48921585083 686.486515045166 791.936847686768 763.212085723877 669.536655426025 651.849489212036 505.61848449707 670.10964012146 541.278900146484 928.682571411133 788.497482299805 1153.1213684082 1077.33685302734 722.133563041687 1359.12921905518 710.827690124512 867.251758575439 783.18231010437 831.287965774536 802.259418487549 844.146314620972 910.964126586914 857.382698059082 954.733131408691 951.104751586914 912.864833831787 901.791330337524 1018.49407196045 1130.93721008301 1053.25872802734 926.697138786316
1019.11750793457 686.007446527481 1291.97295761108 1243.14228820801 832.068237304688 666.85913848877 704.766607284546 714.835332870483 1148.74663925171 728.283660888672 704.990615606308 618.124317169189 728.145399093628 632.611358642578 764.109825134277 770.83483505249 763.418064117432 671.96658706665 633.466468811035 697.906009674072 714.717639327049 665.663513183594 622.595138549805 596.015625 613.389205932617 676.635191917419 707.785175323486 807.898368835449 826.766540527344 766.488290786743 817.003894805908 848.810264587402 877.365905761719 825.123973846436 726.555820465088 1130.71391296387 705.161636352539 590.960464477539 769.316358566284 831.750974655151 978.829147338867 901.402145385742 1049.66787719727 892.117977142334 865.681396484375 845.357128143311 1015.76086425781 980.985725402832 987.120941162109 1052.02717781067
644.610260009766 709.438869476318 824.76522064209 790.29736328125 1077.34365844727 1369.7648639679 872.763114929199 912.218811035156 614.996471405029 591.271171569824 705.869510650635 611.09748840332 649.553050994873 650.040599822998 741.345632553101 632.071594238281 636.688751220703 675.212070465088 807.925704956055 757.08438873291 717.347709655762 531.906112670898 547.517837524414 630.761360168457 557.777565002441 594.930603027344 691.963325500488 739.041549682617 840.351654052734 691.580112457275 757.720431804657 833.967422485352 861.12776184082 677.471399307251 641.444953918457 632.496055603027 654.586883544922 1292.78755950928 691.325096130371 820.833724975586 816.251163482666 723.678203582764 944.560211181641 909.339282035828 898.536514282227 877.189956665039 1066.2829284668 892.933906555176 973.548355102539 924.782814443111
666.314109802246 584.475532531738 698.885401725769 739.051120758057 598.126487731934 711.009469985962 839.795669555664 520.019882202148 747.721645355225 684.533473968506 629.736919403076 701.795011520386 546.981781005859 588.43310546875 755.523530960083 606.281158447266 749.618627548218 796.791053771973 806.775741577148 536.508987426758 602.265434265137 599.873550415039 607.970504760742 526.501449584961 536.171615600586 805.780662536621 686.699272155762 578.226806640625 623.097358703613 527.614715576172 695.550193786621 812.709289550781 773.852293014526 511.834762573242 638.897399902344 675.113357543945 747.455595016479 661.991081237793 685.196350097656 1217.92306137085 1345.80799865723 839.410064697266 801.508323669434 695.936429977417 878.781898498535 1007.97785949707 779.213034629822 1074.2491607666 1140.87888336182 779.013168334961
686.716985702515 670.371868133545 676.834484100342 555.397903442383 732.860080718994 755.635196685791 737.364906311035 737.822902679443 729.426464080811 645.069660186768 644.034280776978 740.148277282715 572.668319702148 581.538757324219 609.565200805664 726.112733840942 707.219449996948 735.820323944092 579.948387145996 686.265164375305 588.901428222656 516.124664306641 681.251328468323 657.209428787231 439.792221069336 687.079160690308 711.133180618286 764.877300262451 638.794769287109 936.184524536133 729.221630096436 793.624336242676 784.48087310791 656.66414642334 803.727481842041 643.672760009766 728.881580352783 635.313461303711 541.556213378906 673.994941711426 666.028694152832 663.38207244873 788.777704238892 872.493679046631 838.998428344727 767.851512908936 879.123355865479 893.409188270569 902.061279296875 973.524887084961
