export/dem/dem10.asc
NCOLS 350
NROWS 171
XLLCORNER 152620
YLLCORNER 418050
CELLSIZE 100
NODATA_VALUE -9999
[rows 88 to 109 of 171, columns 200 to 249 of 350]
623.840797424316 644.657962799072 538.435134887695 561.671089172363 676.11238861084 721.346481323242 659.962825775146 566.206466674805 755.4208984375 493.638488769531 585.558582305908 542.45792388916 548.424583435059 631.262584686279 796.833999633789 571.588020324707 698.355194091797 859.746154785156 760.2043800354 674.456457436085 606.571224212646 587.338043212891 556.713989257812 525.699989318848 767.591766357422 787.531181335449 700.902820587158 699.129751205444 721.650672912598 745.395317077637 808.620712280273 597.199831008911 637.314060211182 616.590072631836 740.887199401855 582.2073097229 613.873212814331 590.831495285034 687.577323436737 574.659164428711 664.682220458984 786.106996536255 786.376319885254 807.107860565186 764.853876113892 798.427833557129 833.159706115723 902.954265594482 755.238929748535 885.045032501221
513.67236328125 484.907211303711 492.554443359375 555.976699829102 741.322135925293 610.721214294434 487.497268676758 710.499244689941 607.978971481323 593.046947479248 625.809871673584 748.756881713867 652.140371322632 673.123760223389 598.260513305664 636.279707431793 760.17845916748 671.510452270508 657.263977050781 635.624988555908 792.072357177734 587.799728393555 564.349624633789 568.683029174805 646.004125595093 709.546815872192 766.977310180664 668.49499797821 659.840564250946 644.646320343018 601.574661254883 650.220623254776 587.153957366943 531.472640991211 741.851272583008 630.649147987366 526.924369812012 604.67903470993 693.864093929529 742.8211145401 664.321578979492 686.663055419922 707.043983459473 864.20344543457 735.723468780518 737.114440917969 799.624347686768 1092.08949279785 946.743431091309 796.918129920959
536.08056640625 896.397064208984 648.482845306396 617.275169372559 665.017700195312 498.577758789062 586.076431274414 725.796394348145 593.815391540527 827.728698730469 597.540378570557 668.952886581421 710.504035949707 669.852737426758 485.481918334961 503.158813476562 643.211521148682 739.72371673584 701.311824798584 713.429267883301 579.992218017578 693.310367584229 753.087738037109 617.725593566895 830.561477661133 750.018135070801 703.395013809204 736.430763244629 604.282035827637 758.97257232666 680.445016860962 644.779006958008 547.022342681885 610.195248603821 589.804122790694 458.621276855469 557.409141540527 574.830848693848 746.494031906128 577.926773071289 612.849365234375 700.377269744873 905.674690246582 908.023452758789 791.74488067627 697.071808815002 860.55029296875 937.525896072388 987.498016357422 879.235935211182
500.252624511719 416.771377563477 615.742771148682 744.653800964355 652.364799499512 739.334175109863 605.261367797852 573.444679260254 738.932334899902 624.07119178772 571.074508666992 750.716705322266 696.79955291748 496.538528442383 759.872161865234 586.874725341797 649.646081924438 745.000228881836 546.763702392578 763.640129089355 570.090637207031 738.910911560059 686.354752540588 795.660903930664 811.212074279785 727.177658081055 656.756591796875 518.173873901367 661.65162563324 766.97981262207 490.377502441406 879.333099365234 631.707364082336 587.321998596191 547.26146697998 484.082672119141 545.657051086426 592.958026885986 673.670753479004 688.692905426025 693.117679595947 766.021713256836 764.2526512146 869.322299957275 675.180999755859 495.803405761719 679.278235435486 720.883214950562 1038.793800354 714.361480712891
569.069904327393 589.269897460938 479.718551635742 582.812801361084 704.864410400391 649.950090885162 562.734390258789 672.922473907471 579.005023956299 555.676918029785 707.293209075928 682.944660186768 626.248693466187 752.085006713867 790.309112548828 752.17749786377 588.686866760254 737.893432617188 602.606632232666 620.423490524292 685.344947814941 654.228670120239 603.465324401855 584.427467346191 700.580026626587 704.756308555603 805.300731658936 718.996784210205 629.020275115967 602.851913452148 687.006067156792 730.755447387695 621.049816131592 592.676876068115 599.109230041504 522.628479003906 475.451324462891 620.457912445068 566.479305267334 503.848556518555 530.165512084961 761.068283081055 614.362434387207 790.879726409912 553.081245422363 645.11030960083 693.310634613037 645.695869445801 593.488372802734 1035.10803222656
529.948013305664 678.686531066895 566.771606445312 810.67414855957 610.555877685547 1039.11087083817 639.580444335938 639.211870193481 671.865917205811 584.054100036621 632.685453891754 616.133988380432 565.017959594727 587.926116943359 656.518352508545 645.312774181366 615.29870223999 612.854389190674 705.895034790039 631.398468017578 702.944389343262 406.628005981445 785.654373168945 769.823745727539 908.518341064453 718.809032440186 887.537445068359 684.9704246521 676.730764389038 479.48112487793 556.386306762695 784.684455871582 741.365116119385 843.456962585449 731.344160914421 759.100593566895 646.407279968262 679.454748153687 676.671443462372 794.873359680176 735.033279418945 789.704132080078 736.554817199707 585.391502380371 594.387966156006 697.062602996826 551.349319458008 801.825289726257 742.257759094238 732.239562988281
695.400272369385 697.976628303528 686.589889526367 604.299545288086 610.516830444336 718.329496383667 886.913307189941 631.967023134232 739.042297363281 604.318603515625 638.926431655884 600.495126724243 627.451434135437 563.030776977539 592.961671829224 642.398418426514 687.370525360107 655.519260406494 686.932193756104 716.505447387695 689.693901062012 593.366634368896 463.96907043457 711.566764831543 688.623371124268 789.885313034058 650.943778991699 672.381872177124 612.68989944458 599.166412353516 742.13550567627 530.039199829102 712.422173976898 765.867729187012 847.707656860352 839.828346252441 655.672336578369 724.704460144043 612.104919433594 679.516307830811 669.976844787598 798.695205688477 621.170280456543 624.001457214355 502.403472900391 760.402908325195 694.084873199463 519.076454162598 693.573274612427 781.475967407227
647.933433532715 639.108798980713 802.355857849121 711.015869140625 728.153224945068 579.162147521973 666.947065114975 616.130348205566 547.533393859863 607.97749710083 678.054666519165 574.996131896973 713.972557067871 619.865165710449 603.627960205078 572.155544281006 557.574207305908 687.832088470459 696.241046905518 699.029479980469 605.240570068359 639.703628540039 689.997554779053 407.649688720703 629.595474243164 707.052454948425 565.250793457031 689.91188621521 632.105857849121 625.958076477051 637.990692138672 688.908079147339 615.485382080078 665.433517456055 776.073595046997 671.177017211914 793.139320373535 718.655081748962 710.368633270264 595.925941467285 650.591217041016 777.611236572266 800.241928100586 840.137084960938 831.558938980103 858.863059997559 807.894599914551 608.578056335449 733.146034240723 656.984489440918
691.131306648254 623.645541191101 721.844219207764 640.862640380859 612.390228271484 703.594456195831 560.914894104004 805.97925567627 676.047937393188 740.163124084473 489.983016967773 689.847498893738 554.203521728516 752.944282531738 696.475898742676 579.412269592285 609.953576087952 738.112808227539 693.637790679932 576.242706298828 604.692375183105 790.66429901123 709.253456115723 709.90265417099 566.901527404785 736.719573974609 656.576734542847 704.205266952515 682.60546875 664.712839126587 764.723220825195 603.005317687988 699.594745635986 685.458168029785 576.486297607422 762.016744613647 710.287040710449 763.058444976807 644.061218261719 571.947196960449 646.014175415039 668.435115814209 691.226182937622 856.873306274414 779.027122497559 816.788719177246 657.299587249756 568.89729309082 783.095970153809 634.15210723877
582.536645889282 763.30916595459 701.476860046387 778.016258239746 645.33122253418 744.32573890686 549.926918029785 986.287902832031 528.038612365723 640.090476989746 578.996070861816 608.038543701172 821.821762084961 645.271984636784 713.571891784668 566.391372680664 677.429927825928 799.394149780273 683.277084350586 597.617637634277 638.383818626404 497.583419799805 661.791752815247 595.176284790039 679.40417098999 755.450305938721 495.726493835449 746.876899719238 768.473617553711 644.200290679932 726.16438293457 654.947179079056 637.186285495758 802.887542724609 604.095144271851 735.872699737549 665.330253601074 627.035598754883 582.689659118652 654.898910522461 743.625490665436 560.1201171875 636.294891357422 789.092292785645 676.491203308105 820.032283782959 724.413396835327 614.313995361328 820.4873046875 592.129821777344
816.021484375 473.811065673828 747.204273223877 753.909669876099 642.642082214355 625.813095092773 559.483726501465 468.846374511719 573.441879272461 495.612640380859 700.953592300415 599.566707611084 749.522010803223 653.485198020935 710.721172332764 529.96183013916 551.90926361084 825.539855957031 687.027008056641 716.579444885254 606.012500762939 767.368957519531 694.378002166748 808.186233520508 720.25332069397 814.690322875977 837.385643005371 830.059631347656 734.186183929443 664.804504394531 721.955713272095 793.414245605469 663.474390506744 538.729881286621 541.386901855469 673.734537124634 488.93635559082 462.606536865234 524.173858642578 496.592254638672 476.137405395508 534.756675720215 713.315155029297 605.980850219727 599.651168823242 632.31867980957 735.653951644897 710.540176391602 778.695311069489 690.161056518555
917.31844329834 561.901802062988 662.972801208496 726.106693267822 623.318351745605 664.353759765625 756.806257247925 694.869979858398 728.726093292236 565.953002929688 552.369979858398 699.48836517334 705.414825439453 622.850524902344 729.089340209961 675.727548599243 658.296812057495 683.30103302002 678.275428771973 590.568092346191 718.303272247314 622.09499168396 586.695755004883 764.616996765137 786.874702453613 866.709327697754 988.382579803467 951.863952636719 757.57096862793 565.099151611328 616.08438873291 639.494003295898 597.439476013184 482.947647094727 582.866634368896 492.816375732422 646.008220672607 446.305709838867 522.553344726562 451.355804443359 496.860763549805 705.71399718523 621.692733764648 668.654587745667 737.786451339722 658.991722106934 879.331069946289 990.881671905518 886.305358886719 907.329467773438
873.61408996582 1028.13151550293 767.714904785156 888.285522460938 728.764799118042 744.037938117981 744.143046140671 751.962734222412 726.802720069885 780.147079467773 759.622886657715 692.766401290894 767.103088378906 759.912445068359 653.890594482422 720.646365642548 661.972270846367 585.299770355225 623.980053901672 662.434226036072 516.819473266602 735.51774597168 688.793510437012 893.875343322754 931.377395629883 566.680061340332 1033.96560585499 744.423614501953 940.936683654785 1205.99578857422 1327.37091183662 681.578601837158 601.973098754883 525.554977416992 688.847236633301 756.768547058105 751.828430175781 642.392467498779 622.908111572266 496.771301269531 480.806823730469 485.239715576172 771.77547454834 745.318382263184 838.016319274902 906.983963012695 1055.94062042236 734.310417175293 857.589340209961 662.245101928711
866.481754302979 755.410369873047 697.619941711426 880.342239379883 799.520133972168 803.40376663208 885.381805419922 829.498847961426 835.963836669922 1006.41566848755 595.169418334961 664.792809963226 829.988494873047 684.847762107849 671.275867462158 844.584487915039 629.036338806152 703.501968383789 527.827575683594 631.895406723022 711.124221801758 677.298614501953 516.54564666748 768.975536346436 857.782608032227 746.383909225464 539.712173461914 710.513938903809 666.824657440186 645.362705230713 583.06999206543 449.092926025391 601.890335083008 1263.97877502441 868.465797424316 831.078224182129 1111.92855834961 994.868713378906 603.611709594727 630.378570556641 739.824066162109 609.852710723877 648.051536560059 610.329544067383 774.18949508667 852.885391235352 643.314056396484 875.233032226562 1454.21617221832 646.577201843262
807.338354110718 932.004684448242 782.359855651855 556.414688110352 707.42403793335 855.638191223145 898.169921875 794.983243942261 855.143848419189 745.707935333252 1192.97863769531 625.128849029541 635.045124053955 768.223152160645 772.557189941406 575.381652832031 694.403844833374 710.423091888428 619.535734176636 745.185806274414 680.383968353271 764.270454406738 587.470375061035 798.273216247559 779.930931091309 648.072595536709 775.236831665039 728.063510894775 597.405014038086 657.814971923828 697.057556152344 532.046401977539 558.467422485352 608.282577514648 664.417091369629 590.474319458008 576.708419799805 850.060623168945 504.725769042969 535.833557128906 604.665512084961 472.800521850586 1129.66186523438 732.647432327271 1093.88684844971 607.682067871094 734.549085617065 813.76008605957 860.755065917969 659.480171203613
692.886178970337 818.450055599213 772.199989318848 637.399446487427 804.524749755859 671.150901794434 817.184669494629 741.826709747314 781.621269226074 867.206665039062 942.653106689453 1084.03636169434 573.740238189697 721.116985321045 717.118843078613 690.34720993042 586.10880279541 795.961585998535 642.725944519043 577.372476577759 645.68501663208 502.376960754395 681.864456176758 558.652976989746 843.337392807007 686.4885597229 678.827524185181 720.789966583252 598.605697631836 502.927719116211 661.552178382874 650.27808380127 480.034759521484 490.481079101562 777.277263641357 763.096488952637 939.020950317383 872.738494873047 813.44140625 524.622100830078 432.582305908203 641.817977905273 960.301452636719 571.812759399414 973.787696838379 874.530075073242 763.095823287964 1069.92744064331 728.004356384277 1355.15382766724
-9999 635.198432922363 655.421501159668 670.975196838379 624.606422424316 860.826431274414 702.24552154541 838.628776550293 736.259449005127 844.494323730469 762.129532814026 1231.47143554688 650.883519172668 593.565048217773 555.653182983398 616.272500038147 657.291444778442 601.862077713013 484.295707702637 623.966249465942 541.904838562012 573.030204772949 729.543807983398 1040.89960479736 1115.05456542969 695.380626678467 746.686454772949 584.096611022949 600.961318969727 659.918155826628 570.47314453125 733.965827941895 741.77082824707 536.464370727539 931.264785766602 480.914123535156 542.071701049805 515.30192565918 748.741550445557 569.526885986328 594.07177734375 583.306259155273 681.817016601562 557.138214111328 639.102783203125 1092.66638565063 685.070785522461 680.962074279785 528.359924316406 883.776500701904
-9999 581.399322509766 789.965667724609 651.657230377197 600.648513793945 653.820739746094 858.196632385254 668.263748168945 731.859230041504 799.833641052246 787.966227769852 853.450843811035 559.268707275391 732.781219482422 714.82084274292 643.932007789612 558.597724914551 662.543190002441 636.533290863037 461.01448059082 474.478225708008 687.50094127655 774.624881744385 621.356245040894 982.395614624023 543.931655883789 470.198974609375 650.51259958744 585.00537109375 580.842803955078 720.562080383301 637.538869857788 748.469947814941 496.172973632812 1180.71834564209 521.609497070312 598.078620910645 601.19352722168 587.308212280273 519.466690063477 547.642791748047 726.194553375244 657.309539794922 655.806732177734 699.846092224121 667.892250061035 907.691589355469 741.961038589478 755.43500328064 689.45280456543
-9999 -9999 553.921615600586 617.188056945801 458.537780761719 775.205083847046 835.877326965332 583.195159912109 584.841857910156 680.688003540039 615.796340942383 498.085433959961 591.374183654785 567.102233886719 522.738357543945 505.877700805664 729.31950378418 381.391479492188 777.96012878418 680.587463378906 554.127433776855 560.382385253906 540.6904296875 511.177375793457 574.177574157715 734.429580688477 698.976455688477 574.044853210449 626.558391571045 620.692420959473 581.055885314941 716.527687072754 751.077972412109 616.129348754883 876.285316467285 471.170623779297 567.419364929199 625.242454528809 589.318092346191 523.726593017578 400.326019287109 665.49715423584 664.060958862305 643.650039672852 690.862628936768 720.851221084595 636.193740844727 600.959518432617 827.00407409668 705.551239013672
-9999 -9999 1024.6559753418 953.928304195404 647.701204299927 626.926551818848 679.560173034668 713.876064300537 689.410537719727 641.371490478516 921.696853637695 606.364822387695 517.515029907227 700.835067749023 646.473770141602 610.484912872314 666.319686889648 601.859729766846 617.703735351562 566.804525375366 472.981521606445 477.395477294922 431.405326843262 645.463665008545 548.361694335938 629.906478881836 761.301177978516 532.045906066895 499.735534667969 612.872596740723 544.527206420898 590.727294921875 499.086181640625 491.971054077148 518.832885742188 607.828266143799 655.221336364746 745.722648620605 650.56640625 729.305124044418 692.022384643555 773.669990539551 931.719352722168 632.472442626953 680.697647094727 900.812377929688 757.110321044922 865.977386951447 800.064361572266 691.665130615234
-9999 -9999 -9999 709.663314819336 574.029647827148 661.146551132202 812.481323242188 708.119316101074 817.662307739258 688.673944950104 515.113494873047 572.642074584961 737.917297363281 540.603179931641 622.526037216187 604.039308547974 560.128779411316 551.682455062866 537.109489440918 506.48543548584 415.590118408203 535.09859085083 526.403932571411 1282.10348510742 534.918701171875 629.248519897461 690.159749984741 658.54345035553 518.205276489258 625.44783782959 737.576141357422 602.554023742676 523.190307617188 587.549003601074 595.000869750977 633.977142333984 565.679290771484 783.525196075439 677.587657928467 659.790412902832 699.86799621582 641.533111572266 601.56477355957 590.664947509766 620.178024291992 732.934646606445 673.200256347656 590.650695800781 749.064538478851 1015.6551361084
-9999 -9999 -9999 754.656089782715 506.82332611084 670.095805168152 655.716278076172 731.470314025879 611.922805786133 948.57804107666 806.205955505371 583.944046020508 593.994228363037 547.66569519043 691.390075683594 687.691795349121 535.549560546875 503.126693725586 556.599033355713 531.29411315918 440.532913208008 622.363780975342 656.717918395996 706.768081665039 552.801570892334 632.447452545166 687.219997406006 663.900954723358 700.6868724823 553.201538085938 615.313152313232 560.96768951416 488.658813476562 680.135297775269 583.121520996094 1159.73443984985 699.452177047729 698.048982620239 502.877975463867 531.425567626953 621.382011413574 633.050994873047 633.863639831543 854.214477539062 705.977142333984 1257.00256347656 842.741714477539 905.188945770264 1052.43516540527 910.716796875
