export/dem/dem11.asc
NCOLS 350
NROWS 171
XLLCORNER 152620
YLLCORNER 418050
CELLSIZE 100
NODATA_VALUE -9999
[rows 110 to 131 of 171, columns 250 to 299 of 350]
942.934621810913 585.842475891113 798.402305603027 572.254119873047 1060.87258911133 780.086639404297 642.439605712891 981.123596191406 699.157836914062 560.141357421875 638.777450561523 834.031318664551 954.005950927734 927.743301391602 895.123870849609 776.378616333008 1066.67496871948 1165.03656101227 799.573272705078 947.572128295898 729.32763671875 799.208908081055 987.513763427734 1035.10636901855 1269.79695320129 853.006271362305 785.500792503357 827.452972412109 989.556739807129 738.995445251465 886.06075668335 840.637567996979 786.964019775391 865.883522033691 987.280330657959 995.98804473877 1000.57346343994 849.613464355469 994.124198913574 979.976593017578 707.64369392395 707.111625671387 571.356414794922 896.389221191406 637.658769607544 795.118087768555 745.707069396973 582.511238098145 852.567279815674 725.46852016449
926.569980621338 538.005706787109 472.782791137695 861.87389755249 756.868967056274 551.3857421875 602.225738525391 1047.39581298828 316.466003417969 648.714378356934 512.682678222656 736.652099609375 1026.74161338806 693.686477661133 666.944381713867 663.798004150391 631.457763671875 918.422911643982 899.956951141357 967.148271560669 1184.32822418213 971.851755142212 943.167877197266 914.095132827759 973.147850036621 1308.17687225342 791.781547546387 863.714525222778 1028.71627807617 1005.8076171875 942.138694763184 967.691268920898 854.850624084473 820.968908309937 929.155305862427 1054.60011291504 1071.38707447052 986.919700622559 804.270755767822 941.340129852295 781.716919898987 805.824577331543 823.302583694458 649.172386169434 938.116592407227 766.01353263855 959.995254516602 695.092611789703 772.45970916748 831.832584381104
826.259735107422 899.674758911133 817.1240234375 723.463821411133 1011.66482543945 645.192611694336 730.389801025391 646.384368896484 663.815795898438 665.938568115234 438.265991210938 531.521514892578 782.584182739258 926.74341583252 1183.20379638672 868.324630737305 666.56462097168 694.218704223633 743.92008972168 663.990005493164 745.896064758301 817.308170318604 1197.79669189453 942.841796875 1076.43836212158 967.726940155029 919.676741600037 958.621109008789 1036.42633056641 974.812110900879 890.866096496582 976.069213867188 986.031608581543 842.386936187744 745.590785980225 1058.1238861084 1213.31549072266 695.416542053223 772.847261428833 844.771564483643 751.53723526001 735.145072937012 747.700155317783 938.551956176758 974.23747253418 906.616676330566 749.351975440979 814.081758499146 690.496543884277 787.285751342773
739.284295082092 900.641623049974 664.144790649414 548.302032470703 907.330966949463 1193.25706481934 681.326644897461 537.654724121094 720.466575622559 455.665435791016 519.7607421875 465.756820678711 491.873947143555 575.21159362793 728.28751373291 660.680870056152 735.686416625977 684.355018615723 758.981580734253 799.157548904419 702.320457458496 822.271377563477 786.227233886719 784.187438964844 665.299362182617 1016.08712768555 974.855869293213 1109.59963989258 1256.61228179932 1338.69260597229 951.076620101929 910.905752182007 1019.77884674072 820.899725914001 724.306979179382 937.957855224609 1000.89921569824 781.134338378906 784.800888061523 688.87516784668 871.868835449219 553.188968658447 612.699115753174 921.616333007812 900.804672241211 830.360893249512 600.880290985107 902.309045791626 810.954502105713 862.711982727051
851.509384155273 1206.1791343689 1422.39854049683 623.790740966797 583.068267822266 663.036949157715 1918.75715637207 623.048782348633 1134.11514282227 1133.31553649902 631.451614379883 552.423988342285 708.272075653076 552.006126403809 757.157884597778 917.013023376465 824.963314056396 691.765438079834 657.609329223633 650.560188293457 818.826110839844 710.345581054688 779.482901096344 635.667190551758 807.52915763855 581.546478271484 839.10856628418 1014.78286457062 1345.48133087158 1441.58071899414 951.553121566772 903.718650817871 842.040111541748 768.608142852783 525.623481750488 669.053833007812 745.773094177246 879.007141113281 729.016726970673 790.224159240723 678.369960784912 729.506287574768 665.771083831787 778.440391540527 682.984603881836 748.790580749512 415.428482055664 904.182121276855 750.491836935282 722.063591003418
777.888092041016 1004.92699813843 685.820129394531 858.335243225098 719.053619384766 1069.18229675293 549.151580810547 595.451568603516 652.177230834961 805.834274291992 722.347587585449 630.536094665527 797.638847351074 610.925380706787 728.935760498047 872.995254516602 909.09895324707 837.874912261963 768.409510135651 646.103202819824 773.413619995117 761.852661132812 846.77793598175 721.728500366211 630.94938659668 782.46724319458 744.751083374023 959.432739257812 1081.75497055054 1705.37599372864 1211.07659912109 936.022605895996 856.266189575195 907.195831298828 791.91870880127 905.380462646484 941.760055541992 900.297988891602 1006.77673339844 962.23030090332 932.190139770508 787.358627319336 616.777519226074 918.853759765625 823.28157043457 764.52360534668 762.354040145874 773.221691131592 736.27906036377 755.418070793152
889.097091674805 1403.88185119629 762.984901428223 782.23819732666 1265.06034851074 684.113067626953 731.71622467041 1124.2201385498 683.624877929688 939.601043701172 878.356979370117 652.50904083252 685.248615264893 718.002090454102 674.968627929688 778.20849609375 741.299034118652 877.766418457031 778.5959815979 857.328121185303 820.327082157135 711.498474121094 903.312393188477 904.924217224121 872.084175109863 640.872741699219 895.726348876953 831.675638198853 882.338478088379 1007.79065132141 1153.76672363281 775.438591003418 835.505332946777 654.867248535156 919.734848022461 1352.87857055664 1433.65258789062 1795.95806121826 1713.07550048828 928.217323303223 824.141693115234 908.417022705078 893.749588012695 772.100421905518 820.50023651123 864.892791748047 880.034881591797 703.940124988556 770.127937316895 682.637321472168
579.628952026367 906.883651733398 692.196144104004 708.571670532227 828.258193969727 811.661380767822 995.137420654297 709.127201080322 713.558242797852 930.864639282227 934.454010009766 692.488830566406 740.740188598633 668.755043029785 630.372226715088 777.433784484863 617.663764953613 802.317203521729 792.875785827637 669.599934875965 598.848272323608 815.102729797363 822.152652740479 875.800811767578 864.846920013428 854.504637718201 989.467845916748 979.049736022949 785.001140594482 884.183940887451 732.287887573242 1009.28614425659 824.744060516357 725.646881103516 989.870792388916 855.01895904541 1138.67854309082 1228.30249023438 1639.20294189453 2058.48696899414 1132.16529846191 1006.71725463867 800.579336166382 723.363570213318 805.34455871582 909.29931640625 966.073883056641 877.757965087891 1068.7077331543 817.585258483887
676.457065582275 796.595100402832 719.96949005127 731.074020385742 1010.688621521 723.133079528809 1050.05416870117 719.960327148438 958.662837982178 886.099189758301 779.614540100098 931.240726470947 820.026435852051 720.262664794922 665.653328418732 853.978820800781 705.394008636475 1003.85905456543 720.627765655518 960.373046875 661.28157043457 707.491092681885 670.684833526611 824.73365020752 845.944763183594 794.52604675293 949.917549133301 647.189880371094 700.895191192627 844.616409301758 2131.89967727661 2825.8992767334 913.951713562012 1070.29496765137 1087.09069824219 1057.7424697876 1176.22203063965 1081.30893707275 1190.59714508057 1180.91404724121 1332.69309997559 1423.92950439453 1210.93801498413 1354.75035858154 1190.32263946533 1031.70111846924 1021.53527832031 917.746398925781 977.448394775391 773.650417327881
640.648971557617 591.143295288086 562.043746948242 636.235855102539 679.558227539062 1314.83501434326 788.326141357422 681.20231628418 1184.10706710815 617.251174926758 571.717483520508 755.581840515137 745.751487731934 770.871845245361 707.779029846191 542.812072753906 609.978172302246 724.854669570923 836.740231513977 765.461326599121 814.244659423828 859.022754669189 692.933725357056 765.059371948242 703.435665130615 990.210372924805 836.747728347778 953.084678649902 829.829916000366 727.205181121826 767.243474960327 2152.31408691406 719.032814025879 862.619876861572 1162.70935058594 1250.41858673096 1249.6796875 1376.99542236328 1664.56755828857 1390.08793640137 1190.3959197998 1210.92715454102 1072.52003479004 1207.21728515625 1497.84703505039 1508.67027282715 1218.56714630127 1533.45616149902 1413.13928222656 940.920269012451
474.767623901367 535.227472305298 384.989944458008 470.012512207031 896.876686096191 778.238426208496 756.497367858887 840.769908905029 735.946601867676 558.636322021484 767.811454772949 733.41788482666 649.459465026855 700.322319030762 617.813453674316 551.987884521484 575.149948120117 674.0906457901 571.598403930664 645.154373168945 855.067840576172 798.395307540894 790.609443664551 763.546977996826 654.0377368927 837.586840629578 809.499740600586 970.818588256836 929.394104003906 763.383644104004 611.555328369141 722.285343170166 901.151840209961 817.297332763672 1023.15824890137 1042.23999786377 974.563034057617 1157.02220153809 1221.53796005249 1185.77561187744 1293.68725395203 1144.32267856598 947.039909362793 1021.12412071228 1291.05291366577 1256.52547073364 1263.94606018066 1234.05769348145 1200.06073760986 1556.76883888245
646.110427856445 620.552833557129 465.218353271484 430.724258422852 480.217224121094 519.354562759399 682.380344390869 605.007698059082 821.83219909668 813.756278991699 602.317863464355 702.838554382324 809.314453125 839.13224029541 646.390159606934 648.822471618652 663.81153011322 684.172517776489 648.770286560059 757.124687194824 815.49044418335 745.54634475708 847.033699035645 947.376235961914 838.796409606934 811.91724395752 912.419532775879 839.691879272461 1040.47384643555 829.893199920654 662.279373168945 740.65922832489 863.280494689941 834.947671890259 910.978515625 1147.86169433594 1018.23177814484 1154.61099243164 966.41056060791 1104.54579162598 1269.73312711716 1435.03911590576 1187.57717895508 744.039855957031 1174.76620483398 1378.07000732422 1204.71696472168 1058.48802185059 1306.96731567383 1391.27805328369
685.487789154053 616.982330322266 581.759033203125 555.998092651367 686.980546951294 434.735900878906 532.933228492737 410.631362915039 707.052417755127 869.971248626709 744.64771270752 662.343872070312 765.38240814209 532.87548828125 624.702682495117 606.496772766113 589.342712402344 773.778558969498 620.21647644043 659.793106079102 599.16429901123 689.978881835938 862.198348999023 912.847587585449 610.646209716797 909.513542175293 743.35984992981 865.968421936035 931.687580108643 822.236619949341 806.100025177002 802.621315002441 796.41529083252 935.77889251709 1116.88174438477 984.167915344238 994.512313842773 1036.09925842285 891.455528259277 748.317878723145 859.449989318848 866.153984069824 912.731184005737 920.470703125 778.401000976562 1019.46225357056 941.44034576416 995.767021179199 1118.19250488281 1059.77479743958
660.636680603027 553.886947631836 576.657272338867 740.584629058838 537.558654785156 490.214172363281 622.856185913086 438.980041503906 650.014705657959 829.0830078125 859.328147888184 677.006538391113 886.840194702148 648.804992675781 1120.0083770752 618.596481323242 848.785804748535 566.854248046875 653.10279083252 607.396827697754 688.727327346802 607.977195739746 647.109436035156 747.064651489258 783.639240264893 557.97705078125 847.840019226074 904.701461791992 946.692894935608 901.318454742432 850.283720016479 882.781493186951 917.757141113281 788.86555147171 824.557762622833 931.827156066895 887.34294128418 877.417823791504 729.505950927734 794.233470916748 824.625228881836 765.560249328613 601.204086303711 733.825691223145 729.13843536377 824.600063323975 849.701057434082 1180.57667541504 796.746308326721 1027.54594421387
700.76554107666 535.21012878418 676.951011657715 479.656707763672 687.097202301025 651.114295959473 598.107208251953 652.497111320496 740.713317871094 747.623023986816 808.570634841919 726.116981506348 593.176559448242 789.295913696289 1389.00062179565 819.230743408203 625.34644317627 591.522583007812 636.394470214844 575.034873962402 525.938095092773 612.300796508789 701.472152709961 694.534461975098 723.29020690918 670.164588928223 898.391189575195 816.016860961914 740.14820098877 1005.61990356445 821.651546478271 969.900089263916 1179.16630554199 805.59789276123 884.600379943848 861.348979949951 851.434059143066 936.846466064453 961.167221069336 714.229839324951 775.762055635452 689.692718505859 755.799427032471 748.200790405273 803.168868780136 724.251045227051 670.333656311035 738.547370910645 768.282020568848 678.547378540039
652.340560913086 848.625938415527 652.552543640137 762.82458114624 712.007957458496 700.218574523926 557.477600097656 634.888423919678 488.371543884277 473.446716308594 539.203109741211 804.552639007568 1136.05899047852 788.894313812256 688.876899719238 674.231842041016 838.993682861328 795.705499649048 837.40877532959 1279.90513324738 590.03369140625 640.409301757812 791.091789245605 806.947400093079 800.837646484375 600.865829467773 670.081707596779 665.188835144043 715.971694946289 774.504625320435 739.741052865982 813.987493515015 854.751487731934 823.6005859375 829.1461353302 662.080604553223 757.106290817261 851.91788482666 789.385452747345 852.214111328125 673.223846435547 794.545263290405 699.596984863281 806.159306526184 661.850341796875 819.568389892578 555.2978515625 611.428955078125 573.766159057617 907.382934570312
809.476885080338 643.988708496094 637.097473144531 796.273349761963 659.014404296875 663.444145202637 631.59839630127 725.484447479248 603.862851142883 691.850631713867 635.226890563965 1447.42204284668 665.702239990234 754.400856018066 1017.9511756897 591.559783935547 799.863946914673 808.543727874756 1309.68701934814 660.933752059937 807.267272949219 707.270076751709 672.882234573364 731.124671936035 669.083518981934 560.7587890625 671.343444824219 601.531227111816 700.377391815186 803.530899047852 719.573930740356 782.648062705994 667.685424804688 751.864387512207 721.88990020752 626.98307800293 632.890701293945 801.12962770462 828.706829071045 782.293190956116 645.247192382812 659.68920135498 596.581008911133 793.253777503967 703.75870513916 866.215951919556 732.076232910156 829.609867095947 684.159881591797 643.279411315918
618.150207519531 675.376041412354 758.699211597443 600.391189575195 770.280588150024 702.349945068359 679.872119903564 655.491493225098 594.479554831982 644.960098266602 513.424705505371 494.128631591797 603.537223815918 1297.81179046631 769.50118637085 702.97607421875 680.728775024414 924.227387905121 645.460876464844 749.975448608398 776.914928436279 630.573715209961 783.088600158691 663.709224700928 758.554126739502 746.288105010986 700.028308868408 585.574188232422 618.10164642334 697.305486679077 715.617602348328 814.176483154297 768.167026519775 832.353706359863 877.965881347656 906.071022033691 779.403903961182 771.115200042725 771.568820953369 900.125583648682 846.99430847168 752.055015563965 793.441308021545 556.298583984375 630.51171875 596.72802734375 671.894477844238 936.503723144531 809.500896453857 965.173751831055
848.282489776611 734.204875946045 688.535339355469 655.397598266602 496.41552734375 639.29736328125 710.341659545898 638.135429382324 660.707870483398 768.640838623047 660.276235580444 711.540105819702 630.945953369141 805.233619689941 785.764717102051 709.749588012695 676.017974853516 833.817260742188 728.393218994141 865.536666870117 747.465789794922 737.319236755371 743.349239349365 585.551422119141 592.792694091797 773.768081665039 741.838701248169 700.817217826843 700.208362579346 668.084075927734 544.495559692383 847.430030822754 781.304672241211 643.096710205078 788.028923034668 893.513885498047 863.807233810425 722.246719360352 833.397308349609 1094.96417236328 764.729393005371 654.286178588867 707.572891235352 859.039444923401 725.225425720215 768.259253025055 793.600178718567 635.225036621094 1084.71742630005 946.158091545105
815.349464416504 688.461814880371 640.753875732422 651.010364532471 696.523956298828 718.928855895996 715.06364274025 551.89826965332 665.673160552979 566.002166748047 760.188584804535 745.668960571289 636.628341674805 631.006690979004 746.091744065285 722.358339309692 682.391044616699 772.2138671875 783.615043640137 682.553665161133 636.761806488037 833.008544921875 701.264938354492 824.666618347168 842.169815063477 836.124252319336 810.775161743164 834.061492919922 666.197114944458 614.460746765137 693.491394042969 919.877647399902 749.59130859375 701.085784912109 786.724739074707 1011.53701782227 841.228855133057 718.197830200195 989.978590965271 950.541710853577 1000.30978679657 915.715551376343 729.449180603027 830.000152587891 728.21858215332 892.788848876953 725.381633758545 681.783508300781 685.385566711426 853.000785827637
865.31941986084 757.591980457306 796.994667053223 659.018547058105 769.855735838413 785.52453994751 672.551647186279 563.123947143555 548.353950500488 589.720022201538 742.804847717285 744.720457553864 720.776455879211 765.223140716553 783.354084014893 792.218082427979 751.389397621155 750.233505249023 609.491836547852 782.771598815918 780.570320129395 704.22776222229 636.965927124023 666.092653274536 778.281074523926 746.820551872253 633.937438964844 762.176342010498 723.556454181671 593.573143005371 575.12922668457 676.849426269531 595.524345397949 848.200912475586 893.935367584229 747.28116607666 953.670715332031 966.418142318726 1276.80418395996 1098.18978118896 996.940971374512 1102.70491790771 970.084030151367 622.048828125 971.027493953705 786.098739624023 945.560001373291 717.191722869873 734.548580169678 857.717514038086
686.914070129395 742.943458557129 756.694316864014 787.617660522461 755.471458435059 653.850639343262 534.867721557617 567.060930252075 682.299629449844 606.725982666016 635.339370727539 740.693850517273 813.044746398926 724.236064910889 564.340560913086 577.322769165039 747.909305095673 663.962814331055 689.735118865967 873.583541870117 895.391708374023 725.782014846802 692.835115432739 785.167938232422 749.360660552979 619.658981323242 749.214202880859 617.571952819824 728.711139678955 709.555418014526 677.933812141418 549.854042053223 586.739219665527 641.220553398132 556.438812255859 620.212776184082 587.293739318848 893.912832260132 1005.21308135986 1088.21758651733 938.623016357422 1024.34133911133 1001.74241638184 937.308647155762 840.992961883545 742.769538879395 851.497615814209 616.083236694336 977.02473449707 1069.70827484131
