export/dem/dem11.asc
NCOLS 350
NROWS 171
XLLCORNER 152620
YLLCORNER 418050
CELLSIZE 100
NODATA_VALUE -9999
[rows 44 to 65 of 171, columns 50 to 99 of 350]
832.568054199219 807.54660320282 785.506674766541 863.958526611328 347.013374328613 484.164806365967 567.340288162231 452.01049041748 445.587295532227 413.298233032227 902.419162750244 384.648933410645 464.603427886963 381.881805419922 593.976181030273 452.668814659119 405.085990905762 443.08291387558 455.809688568115 322.596694946289 331.320785522461 413.715757369995 469.732814788818 305.347938537598 535.487800598145 438.95205116272 494.593620300293 444.103691101074 538.976013183594 582.530899047852 423.486171722412 430.502488613129 340.953948974609 418.871097564697 439.785828113556 459.6494140625 389.503402709961 472.303243637085 348.526763916016 393.973789215088 371.631385803223 492.308973312378 334.481834411621 386.609973907471 418.129712104797 413.834860801697 381.44128036499 389.902004241943 373.139518737793 297.664215087891
860.261283874512 646.224627256393 587.721797943115 797.293941497803 485.849363327026 643.127601623535 611.369281291962 446.013610839844 592.972183227539 781.714752197266 529.740991592407 426.174674987793 503.713108062744 495.495003581047 461.616516113281 474.405170440674 322.441741943359 461.946075439453 470.038414001465 513.407150268555 327.772438049316 405.260050773621 258.592529296875 344.090972900391 438.869840621948 450.979236602783 449.660972595215 404.292873382568 491.543785095215 305.240303039551 521.249450683594 422.034963607788 392.442863464355 515.075805664062 295.518280029297 529.673538208008 474.334686279297 471.359182357788 455.940162658691 322.920341491699 355.395393371582 316.420150756836 404.331888198853 218.285568237305 430.987371206284 487.908983230591 398.324005126953 290.999496459961 420.844135567546 449.06357383728
533.345153808594 534.752732276917 552.6707239151 513.901481628418 421.451992034912 513.337338447571 763.741744995117 441.683902144432 599.507965087891 576.892928123474 539.920789718628 583.043014526367 623.116897583008 358.819328308105 499.914663314819 578.83048248291 444.732007980347 443.719573974609 398.232839584351 492.048263549805 271.735397338867 275.735000610352 405.349151611328 270.249099731445 338.437438964844 435.299312591553 428.493129730225 435.924892425537 642.386276245117 378.780902862549 505.007537841797 364.642894744873 381.575117111206 465.948757171631 406.916524887085 327.337944030762 384.959587097168 551.045082092285 345.134300231934 265.979644775391 474.238042116165 401.509918212891 502.764595031738 318.548835754395 435.648839950562 434.674208164215 298.784706115723 367.80655670166 362.541683197021 226.118255615234
509.024627685547 306.833572387695 542.496917724609 515.969497680664 444.297157287598 520.169242858887 1007.60271453857 772.122703552246 529.54425740242 514.936146736145 615.300354003906 558.718421936035 524.25923538208 528.901428222656 633.287441253662 530.62287902832 536.831481933594 449.439250946045 328.458427429199 370.049388885498 420.29852104187 391.219001293182 439.505592346191 298.907783508301 475.295074462891 322.022323608398 530.114700317383 470.897361755371 382.088085174561 619.015502929688 610.189895629883 506.1376953125 564.979789733887 397.831768035889 364.172176361084 538.51050567627 303.923965454102 329.165115356445 324.993949890137 251.510055541992 277.141067504883 530.349784851074 286.510528564453 319.960479736328 354.697937011719 398.884845733643 436.771156311035 379.624881744385 290.52165222168 421.165420532227
541.970230102539 504.696272850037 537.814964294434 430.611701965332 519.687145233154 616.832836151123 481.947665214539 472.366161346436 620.245941162109 489.38013458252 570.044757843018 588.951217651367 430.816841125488 621.77611541748 599.516555786133 486.899422645569 609.66796875 411.576244354248 507.061676025391 341.54418182373 407.188752174377 369.156852722168 341.859092712402 389.214651107788 374.04260635376 339.273727416992 419.533527374268 468.373115539551 494.059761047363 650.856307983398 620.831939697266 620.612564086914 465.443079948425 425.30130648613 504.605323791504 376.58239364624 353.003807067871 473.420490264893 472.799430847168 479.09294128418 429.357142448425 304.59684753418 399.787872314453 489.479637145996 274.450393676758 420.307851791382 323.614280700684 411.746814727783 369.462203979492 242.449401855469
607.949143409729 437.176044464111 393.300735473633 487.84837436676 597.816453933716 414.334602355957 566.496601104736 408.400047302246 512.702484130859 543.494869232178 505.127437591553 585.426879882812 359.945281982422 486.953698158264 621.104522705078 529.910758972168 501.830093383789 433.605121612549 492.341255187988 378.716051101685 544.386734008789 428.922199249268 421.341018676758 409.210771560669 351.366622924805 594.229385375977 408.012496471405 579.720108032227 457.05940246582 308.851364135742 569.172576904297 597.115905761719 389.766010284424 389.528430938721 498.700263977051 334.628921508789 361.540302276611 388.919937133789 498.715240478516 370.024154663086 406.876260757446 269.030853271484 263.935302734375 331.357376098633 421.653889656067 522.388076782227 424.842624664307 314.581008911133 248.72135925293 381.362144470215
313.274955749512 305.239608764648 371.796783447266 1102.72509765625 573.935283660889 298.311462402344 484.512042999268 292.196731567383 318.395095825195 391.514991760254 399.41153717041 451.669246673584 468.792274475098 454.055194854736 513.049240112305 536.825988769531 368.480167388916 476.60001373291 286.062606811523 430.358435630798 341.012596130371 489.671852111816 493.812278747559 360.587593078613 275.481658935547 585.221282958984 496.9951171875 565.68180847168 603.6640625 430.369869709015 424.129964828491 555.862045288086 472.014770507812 482.629703521729 315.021781921387 513.197052001953 370.548389434814 467.293327331543 424.705477952957 362.554412841797 278.199935913086 468.567981719971 294.210372924805 428.169513702393 482.535577774048 288.438140869141 378.714389801025 350.798011779785 394.486465454102 376.523345947266
778.42951965332 511.562405765057 413.186370849609 585.36243057251 499.120700836182 402.839172363281 401.679107666016 484.364990234375 314.766021728516 457.167819976807 570.080169677734 368.75959777832 331.732055664062 361.473968505859 374.063087463379 508.76774597168 531.789360046387 539.828735351562 504.225936889648 366.582862854004 500.516136169434 492.969367980957 521.667488098145 452.93586730957 478.805187225342 483.056938171387 542.187881469727 389.68864440918 330.879905700684 479.92684173584 458.200057983398 350.276153564453 391.759016036987 427.700996875763 371.018325805664 402.077686309814 431.192655563354 380.921529769897 524.312026977539 547.498275756836 335.133506774902 438.679302215576 522.977729797363 318.252578735352 383.34546661377 405.815623760223 375.859924316406 262.450866699219 223.691040039062 368.469841003418
637.028804302216 423.308608531952 1043.46760177612 649.294746398926 705.424743652344 646.418884277344 344.457107543945 418.210113525391 476.347032546997 316.820983886719 291.465759277344 402.249076843262 491.448356628418 527.574630737305 499.039054870605 418.433824539185 466.418792724609 377.536212921143 411.118114471436 390.185590267181 360.010364532471 454.027412414551 483.079513549805 333.752128601074 361.42261505127 424.234489679337 455.288951873779 436.365882873535 433.089715957642 333.704238891602 347.377326965332 421.07431602478 371.148559570312 294.926773071289 443.8743019104 475.531047821045 410.069820404053 176.869369506836 318.651954650879 519.609130859375 389.069488525391 271.520065307617 305.224914550781 386.206211090088 337.339485168457 351.970081329346 475.655014038086 462.004333496094 342.680358886719 267.700485229492
604.868112564087 516.848037719727 571.871574401855 557.190814971924 599.416904449463 496.289743423462 438.697303771973 328.113784790039 518.146625518799 465.71097946167 529.436706542969 426.157936573029 489.836631774902 461.14652633667 475.60823059082 433.869289398193 526.873931884766 373.80883026123 427.951117992401 468.121265411377 535.412101745605 439.502914428711 395.390525817871 353.885509490967 434.509475708008 390.720550537109 433.904389381409 433.416816711426 497.433929443359 408.797389030457 374.501628875732 421.417325973511 432.864692687988 429.674350738525 420.875061035156 351.804901123047 278.494903564453 484.78190612793 376.674369812012 330.130973815918 403.959474563599 386.527660369873 490.070465087891 262.937530517578 335.998489379883 403.141549110413 423.222811698914 431.666397094727 269.44261932373 319.107398986816
850.758224487305 537.302890777588 406.411346435547 691.864498138428 503.740682601929 611.499328613281 479.096804618835 384.394538879395 478.55292224884 546.312168121338 378.641094207764 504.262371063232 357.472431182861 332.921562194824 551.813201904297 360.476306915283 278.754913330078 412.789567947388 438.148369789124 487.391159057617 403.583862304688 560.480209350586 412.913639783859 703.721466064453 414.445159912109 329.958274841309 547.709915161133 403.33066368103 313.250038146973 441.977077484131 494.614761352539 486.743148803711 316.692939758301 331.983367919922 408.701500892639 291.27946472168 357.629791259766 579.938018798828 537.387420654297 324.612895965576 388.745040893555 499.70849609375 435.90728187561 415.592668294907 364.012180328369 525.206329345703 469.80806350708 486.261589050293 457.51810836792 404.915678024292
654.778881072998 1091.52292251587 571.661685943604 530.314918518066 671.344421386719 505.828022480011 475.935733854771 419.17720413208 404.347057342529 397.505531311035 549.830108642578 435.939582824707 369.116237640381 436.66028213501 413.222161054611 536.345588684082 455.788135528564 383.071392059326 528.211082458496 334.759666442871 376.85221862793 531.520050048828 494.15979385376 572.133728027344 409.877418279648 504.694023132324 317.349216461182 459.737365722656 400.323444366455 441.433685302734 420.924652099609 348.688491821289 477.931343078613 287.092819213867 292.394828796387 510.157165527344 292.264404296875 531.374694824219 550.645217895508 498.429298400879 343.449981689453 295.265830993652 328.826274871826 442.921199798584 480.86669921875 368.339420318604 386.800010681152 354.029861450195 448.493703365326 421.520904541016
383.489761352539 597.627065658569 500.327911376953 695.861939430237 607.994995117188 533.464928150177 586.520057678223 376.341537475586 509.149971008301 498.598571777344 507.429054260254 350.956890106201 353.536743164062 511.181381225586 609.546722412109 541.137825012207 559.005645751953 596.847198486328 416.737361907959 698.094055175781 506.973487854004 415.04444694519 566.128814697266 493.85018157959 397.054779052734 409.513835906982 377.492660522461 343.60827589035 385.778049468994 230.053802490234 392.022121429443 257.959465026855 307.964805603027 284.054084777832 304.823028564453 137.294891357422 400.252977371216 320.466110229492 438.832511901855 491.118522644043 285.735260009766 503.542556762695 381.108417510986 472.872024536133 452.109359741211 285.279296875 546.869766235352 478.711784362793 401.574729919434 523.120758056641
579.371910095215 385.771507263184 473.679901123047 505.790409088135 539.740392684937 404.183883666992 497.462186813354 402.546398162842 566.555969238281 449.727495193481 513.577728271484 328.663871765137 444.504516601562 383.471685409546 558.970565795898 602.829071044922 691.244659423828 422.262710571289 514.022407531738 539.549201965332 496.931076049805 588.423675537109 325.479461669922 291.727031707764 312.788234710693 236.4970703125 286.176040649414 461.200897216797 483.277694702148 412.13777923584 396.273426055908 326.693568229675 356.564670562744 237.872604370117 331.681480407715 447.652137756348 344.512801676989 271.382148742676 458.173904418945 338.822471618652 387.884420394897 385.549560546875 404.967633247375 473.889060974121 454.081211090088 416.966613769531 426.654052257538 351.739158630371 425.380478173494 331.620208740234
323.035293579102 576.659091949463 670.37015914917 541.074085235596 563.887090682983 578.016327857971 545.32706451416 388.385498046875 413.2538022995 574.102127075195 520.639205932617 238.037414550781 350.360691070557 350.027429580688 516.502990722656 395.498121261597 500.699142456055 443.58554649353 337.993072509766 198.746139526367 348.274210691452 407.275196075439 262.523918151855 416.809455871582 262.467926025391 219.383941650391 284.193592071533 447.992317199707 355.110580444336 375.759603500366 342.34873008728 426.306106567383 393.977473258972 320.925724029541 326.639865875244 406.456214904785 370.846687316895 318.217910766602 268.24397277832 386.269236564636 504.115997314453 411.205020427704 494.095397949219 427.176463127136 558.700714111328 350.373657226562 430.645797014236 484.792568206787 201.667877197266 251.218856811523
671.611312866211 526.243564605713 617.472810864449 533.453422546387 581.160765647888 641.647815704346 542.710601806641 461.124545097351 557.74919128418 510.901824951172 370.473161697388 305.321826934814 428.46724319458 284.544815063477 442.394054412842 228.728698730469 405.973407745361 396.272994995117 382.368308097124 461.869140625 364.617183685303 236.93921661377 381.488441467285 262.129501342773 226.763191223145 373.541074752808 349.667992115021 239.718841552734 323.893424987793 283.418792724609 406.345039367676 264.649375915527 210.971786499023 387.094995737076 233.867263793945 494.186134338379 284.293434143066 336.033813476562 312.481986999512 504.557342529297 508.380249023438 437.025539398193 330.041206359863 298.344833374023 385.643371582031 500.286697387695 486.233428955078 191.635589599609 315.934455871582 235.617431640625
391.102447509766 460.459503173828 618.936080932617 606.475247383118 834.77278137207 775.276748657227 594.216770172119 716.808380126953 453.665479660034 446.130460739136 324.194297790527 276.508193969727 352.350860595703 256.660400390625 376.357259750366 256.710968017578 556.722534179688 476.425861358643 388.451557159424 452.889663696289 306.57251739502 465.933044433594 388.772434458137 345.43279838562 279.330131530762 475.795539855957 456.938522338867 303.37345123291 346.171367645264 305.024169921875 337.888862609863 303.919052124023 373.868341326714 427.965263366699 362.142541885376 359.090526580811 405.312007904053 413.284568786621 285.050498962402 443.848415374756 377.760732650757 485.687477111816 539.268432617188 384.669277191162 369.675758361816 504.347839355469 359.776531219482 346.016693115234 409.17541885376 350.469329833984
495.940395355225 551.300527870655 602.142456054688 725.646072387695 757.324348449707 809.141723632812 653.186104774475 628.629302978516 580.081634521484 571.852279663086 405.08792424202 374.89542388916 426.698806762695 229.400390625 290.284446716309 375.876365661621 424.572372496128 402.276449203491 453.357227325439 316.278968811035 395.829261779785 395.695614814758 222.860260009766 389.901036262512 330.822425842285 366.397816181183 286.348190307617 548.257125854492 421.903614044189 307.798835754395 465.455848693848 392.251434326172 198.030364990234 379.609755754471 278.383666992188 511.820755004883 263.052810668945 392.654024124146 326.193496704102 363.825752258301 334.872421264648 417.368161201477 408.337289333344 374.979316711426 355.467964172363 417.302160263062 292.882339477539 419.293145179749 254.728958129883 294.759307861328
549.36979675293 712.350723266602 507.434356689453 654.767799377441 772.838668823242 812.892074584961 815.621002197266 582.662658691406 534.962734222412 482.167823791504 380.656730651855 434.176692962646 122.109405517578 299.914154052734 254.413429260254 334.951717376709 319.221225738525 357.233570098877 393.093431472778 444.200981140137 270.343208312988 342.271118164062 320.484363555908 326.543254852295 234.970733642578 251.852607727051 366.428557932377 227.066497802734 251.063903808594 281.065376281738 330.384387969971 262.2412109375 197.229110717773 344.099313735962 428.801187515259 425.992393493652 260.900238037109 255.782623291016 281.431671142578 303.250289916992 394.728165626526 342.625717163086 210.065155029297 339.344993591309 389.383403778076 318.204010009766 494.754013061523 492.576606750488 344.96435546875 317.581298828125
654.420448303223 851.689971923828 524.699634552002 585.843107223511 736.08544921875 521.744117736816 555.823516845703 495.998222351074 422.79691696167 396.246144294739 345.894943237305 395.78840637207 271.887596130371 203.644302368164 359.317169189453 401.877346038818 343.105730056763 428.343311309814 385.540205001831 451.688987731934 220.076019287109 223.236373901367 396.857033848763 425.682651519775 385.788695335388 232.729461669922 311.163581848145 275.69994354248 388.258718490601 210.684982299805 282.014793395996 283.121574401855 249.551559448242 464.311744689941 301.296730041504 306.488304138184 391.567345142365 426.724420547485 190.562484741211 264.476943969727 468.426376342773 189.594512939453 361.721115112305 507.50032043457 449.368695259094 451.199359893799 329.221031188965 495.289489746094 587.772552490234 273.422515869141
435.016426086426 519.990592002869 541.673499107361 783.643356323242 763.942642211914 484.493622779846 394.788764953613 480.551933288574 450.501087188721 377.153535842896 540.632499694824 430.081169128418 429.98706817627 258.181358337402 383.43351650238 474.335571289062 460.265502929688 475.113334655762 470.368965148926 357.90979385376 320.881370544434 479.955535888672 351.772071838379 430.562950134277 299.335884094238 233.014175415039 326.80553817749 216.043563842773 447.536102294922 350.238626480103 202.915603637695 388.958916664124 471.888484954834 303.102890014648 316.41544342041 352.968879699707 347.75651550293 287.86051940918 381.881759643555 494.823921203613 336.889625549316 346.095077514648 381.209526062012 592.631469726562 410.831800460815 451.84145450592 412.431481361389 292.832092285156 453.771422863007 230.960922241211
410.610702514648 582.172019958496 623.582901000977 471.137916564941 411.155406951904 460.404734134674 375.543251037598 236.428970336914 445.228862762451 245.327285766602 364.239295959473 362.086490631104 263.829635620117 236.09619140625 395.388843536377 412.964534759521 267.161735534668 329.934284210205 224.289169311523 384.938776016235 310.129341125488 264.132690429688 247.145324707031 529.926177978516 444.032997131348 322.736206054688 590.810028076172 559.871124267578 354.358077526093 339.185535430908 378.996397972107 261.196899414062 301.291496276855 389.449256896973 611.394546508789 332.927436828613 298.306549072266 399.104457855225 543.148216247559 449.945322036743 508.227973937988 545.222534179688 535.457580566406 559.752944946289 623.374588012695 495.610763549805 462.264760017395 377.798782348633 543.94539642334 336.330680847168
