export/dem/dem12.asc
NCOLS 350
NROWS 171
XLLCORNER 152620
YLLCORNER 418050
CELLSIZE 100
NODATA_VALUE -9999
[rows 66 to 87 of 171, columns 150 to 199 of 350]
644.378944396973 397.082672119141 421.07341003418 663.840866088867 523.892066955566 594.7649269104 613.173187255859 464.515556335449 623.55578994751 413.654891967773 635.235336303711 574.843303203583 562.023703575134 584.576057434082 504.168743133545 506.111740112305 585.558218002319 710.938613891602 652.233123779297 773.153045654297 669.029273986816 547.164730072021 675.295524597168 685.525543212891 537.380104064941 570.803571224213 569.285223960876 578.339642167091 581.61287021637 514.583755493164 568.510871887207 529.681953430176 544.76123046875 540.395614624023 739.913223266602 711.066162109375 775.977279663086 635.682211875916 527.751373291016 620.422627449036 592.038862228394 627.83418738842 660.385059356689 518.118515014648 677.804214477539 687.323329925537 741.682144165039 722.273979187012 735.291656494141 658.909336090088
484.078498840332 517.868402481079 608.50463104248 528.185235023499 500.096828460693 549.694312095642 549.112149715424 518.283702850342 600.400833129883 700.826553344727 558.158845901489 540.563537597656 591.850997924805 575.124806404114 648.781929016113 606.409175872803 649.026901245117 563.129072904587 527.410120010376 492.821983337402 641.716918945312 702.072631835938 653.942817687988 613.440280914307 447.708068847656 637.735317230225 599.97399520874 483.267387390137 597.884357452393 631.933897018433 546.873096466064 448.825393676758 440.32585144043 508.31307220459 558.351333618164 686.353538513184 640.147762298584 783.232604980469 564.122806549072 565.480163574219 647.562175750732 655.74934387207 686.342079162598 731.35498046875 757.713134765625 810.199768066406 641.900895118713 646.512384414673 773.11067199707 757.250457763672
552.228123083711 552.846093177795 555.514405846596 604.800273895264 545.354458808899 558.536340713501 349.854461669922 605.032192230225 590.126365661621 670.524002075195 624.929615020752 535.126424789429 709.999893188477 660.683052062988 634.396305084229 554.631747722626 686.700408935547 603.298069000244 549.115632414818 744.58935546875 560.239170074463 677.849334716797 487.909118652344 595.677299499512 545.305480957031 550.535757064819 667.295059204102 497.518829345703 599.180342197418 678.023956298828 630.891689300537 534.265769958496 608.566494941711 504.611335754395 617.727819442749 577.311294555664 531.16858291626 442.260131835938 615.206037521362 691.724258422852 727.476333618164 675.417778015137 655.119947433472 628.332542419434 579.384944915771 728.975715637207 749.067161560059 890.168334960938 778.513641357422 750.808197021484
600.11731338501 459.430503845215 530.041975021362 733.993133544922 584.117824554443 684.501319885254 537.550531387329 514.138572692871 468.65690612793 540.282745361328 585.296775817871 509.566961288452 533.073383331299 565.934698581696 536.870002746582 536.069097518921 525.675674438477 637.306579589844 580.377624511719 657.177848815918 605.383199691772 523.825653076172 474.46460723877 552.037561416626 501.169952392578 566.060815811157 425.74560546875 539.884860992432 547.402240753174 512.503456115723 569.161730766296 436.792297363281 597.258177995682 576.039011001587 546.023735046387 641.73131942749 734.974510192871 687.97908782959 630.616302490234 782.387222290039 628.952716827393 654.637321472168 638.128290653229 625.782572746277 751.602546691895 647.748924255371 776.131744384766 787.00456237793 660.541881561279 818.429428100586
566.837709188461 505.486930847168 610.289745330811 566.075562000275 525.120988845825 491.221279144287 413.385360717773 594.92684173584 520.561631202698 612.292785644531 534.492891311646 632.029930114746 421.606025695801 628.939956665039 606.178466796875 683.222526550293 524.087852478027 544.141780853271 686.35799407959 588.379288673401 421.434371948242 427.050689697266 510.334854125977 601.518349647522 510.23127746582 359.747268676758 531.68514251709 515.805892944336 579.540284633636 614.753160476685 617.213108062744 535.440696716309 704.634468078613 733.077682495117 568.819309234619 540.999225616455 504.522270202637 550.159400939941 530.14172744751 546.150287628174 469.049377441406 692.756889343262 456.653137207031 659.852836608887 727.7021484375 683.219566345215 819.335357666016 696.732063293457 763.367118835449 708.363090515137
597.609996795654 438.5966796875 486.85090637207 417.358276367188 562.750155448914 613.736511230469 554.911104202271 542.411024093628 474.433544158936 401.609359741211 467.750091552734 340.524688720703 491.433780670166 559.054588794708 614.585693359375 653.43620300293 545.701919555664 744.425964355469 574.676411569118 435.861480712891 625.381908416748 508.024749755859 600.81325006485 463.353439331055 665.105442047119 564.06120300293 564.971343994141 449.038833618164 611.87562084198 651.179092407227 449.409286499023 455.029251098633 527.278495788574 509.326126098633 649.592445373535 611.515695571899 730.246849060059 559.861389160156 597.864381790161 541.872741699219 523.186370849609 673.02201461792 621.009457588196 789.570022583008 661.372985839844 696.683929443359 750.450065612793 637.224695205688 626.416088581085 722.262962341309
565.786268234253 389.41178894043 297.986145019531 446.602523803711 592.994209289551 543.170899391174 570.257301330566 562.393398284912 420.065979003906 531.149597167969 514.809272766113 553.106605291367 654.46110534668 542.500238418579 586.912273406982 597.344966888428 546.180086135864 582.325120925903 564.803146362305 616.431672096252 558.813419342041 644.693367004395 553.387554168701 549.876342773438 450.81071472168 637.116886138916 507.156890869141 606.391128540039 496.732162475586 466.453895568848 470.080909729004 611.230400085449 679.300231933594 538.582813262939 625.078903198242 596.371776580811 469.278427124023 723.182998657227 491.343994140625 545.79225730896 661.667236328125 754.524673461914 697.417297363281 663.819896697998 799.862976074219 667.80037689209 700.23193359375 534.144691467285 588.128602981567 799.046798706055
499.497631072998 513.837135314941 617.364227294922 412.75830078125 647.871208190918 661.901901245117 683.834625244141 585.69246673584 504.563148498535 508.700794219971 586.257709503174 613.283000946045 650.369567871094 569.446911811829 637.295524597168 670.41552734375 661.349609375 503.876556396484 629.444581985474 516.449546813965 602.564707756042 523.303176879883 696.861759185791 588.133163452148 520.695587158203 516.302368164062 556.652687072754 863.080596923828 554.769432067871 548.965114593506 450.357635498047 563.616485595703 585.229192733765 581.381719589233 496.467903137207 708.955444335938 638.719074249268 698.732002258301 617.697095870972 541.886878967285 578.806517601013 739.504425048828 515.869445800781 554.31128692627 719.109855651855 765.585052490234 524.020957946777 612.230810165405 624.147062778473 550.32723236084
616.570175170898 536.873321533203 488.823150634766 530.477363586426 491.004447937012 625.302040100098 697.998443603516 548.936480998993 566.793329000473 674.112403869629 584.128305435181 705.258529663086 531.155681610107 743.063217163086 618.840648651123 636.29260635376 774.818206787109 653.312107086182 579.572118759155 473.23509979248 552.374359130859 424.027618408203 538.125610351562 579.780799865723 573.244132995605 673.014366149902 669.694061279297 744.269309997559 596.41291809082 638.012119293213 600.472496986389 550.091087341309 558.998571395874 785.919052124023 680.918472290039 445.147933959961 632.835441589355 532.582344055176 620.15571975708 509.492576599121 619.872497558594 557.559200286865 710.355690002441 550.356338500977 653.162162780762 618.437169075012 562.950786590576 655.715217590332 604.91685295105 659.706760406494
984.800476074219 671.947044372559 643.418369293213 513.640804290771 627.263805389404 724.673721313477 670.676048278809 484.486671447754 547.405777931213 591.933982849121 593.325750350952 631.785453796387 501.306526184082 785.22673034668 719.659873962402 750.444404602051 747.522476196289 581.209993362427 648.134393692017 651.258499145508 498.871253967285 407.596343994141 750.156608581543 518.151977539062 787.425628662109 680.826950073242 861.198654174805 735.589782714844 785.287078857422 649.353488922119 509.88501739502 697.593368530273 549.375839233398 651.060592651367 752.638122558594 596.452431201935 507.867279052734 608.492597579956 518.04695892334 532.736568450928 735.938339233398 659.653961181641 614.41725063324 569.333683013916 615.42183303833 571.404808044434 603.714204788208 617.003923416138 555.8408203125 747.87809753418
610.296890258789 719.147270202637 789.27321434021 915.630605697632 753.723358154297 504.601947784424 576.188787460327 620.890918731689 409.334243774414 569.060184597969 511.766201019287 689.886375427246 617.51961517334 573.639461517334 599.068726062775 679.273468017578 742.618225097656 550.702774047852 606.854274749756 632.531867027283 613.726238250732 543.24169921875 566.608840942383 611.617441415787 708.136037826538 544.151794433594 562.55100440979 683.308078765869 657.100475311279 627.281757354736 477.971481323242 709.462905883789 485.578956604004 722.166412353516 637.218406677246 416.64094543457 457.804733276367 593.872184276581 647.040416717529 633.207763671875 575.745681762695 412.70100402832 632.302740097046 648.53938293457 625.755779743195 478.715644836426 622.521646499634 663.45539855957 630.228900909424 700.6513671875
624.593753814697 686.737434387207 744.443016052246 762.728897094727 638.516242980957 630.692024230957 547.918124198914 409.646209716797 433.716262817383 525.047691345215 492.309104919434 537.469097137451 682.562782287598 764.635116577148 566.655341148376 611.621252059937 772.598892211914 610.018762588501 684.174739837646 696.930513381958 604.395732879639 668.438331604004 633.6286277771 677.158203125 735.772674560547 829.53694152832 685.660453796387 647.703273773193 699.510948181152 582.220840454102 660.75301361084 599.939044833183 676.13892364502 645.814842224121 700.923866271973 627.68620300293 438.764739990234 607.118605613708 617.417395830154 501.408142089844 546.357383728027 659.197227478027 542.292942047119 580.866178512573 683.493270874023 642.989715576172 597.139270782471 713.621475219727 580.436136245728 591.86261177063
570.695401668549 507.850769042969 519.858776092529 630.997901916504 831.011291503906 538.798141479492 491.643943786621 514.024253845215 568.172674179077 656.797046661377 558.201770782471 580.689215779305 650.704032897949 682.065521240234 629.499419212341 639.572891235352 768.141479492188 550.647232055664 533.526542663574 688.931027889252 566.844841003418 569.624797821045 635.356330871582 415.442230224609 628.853187561035 655.55004119873 485.021072387695 629.873418807983 564.32251739502 493.334655761719 595.229286193848 699.144207000732 804.423858642578 644.089019775391 704.200325012207 553.33890914917 667.766731262207 585.629563689232 600.376850128174 590.216720581055 613.516156196594 666.002388000488 654.346214294434 558.871328353882 677.653144836426 560.432905197144 576.667036056519 608.671612262726 543.124671936035 619.910545349121
538.769660949707 455.300355911255 576.391458272934 622.481143951416 673.549942016602 642.256118774414 447.458267211914 502.622680664062 628.331671237946 649.227878570557 655.296253204346 685.253143310547 614.959903717041 616.653568267822 889.413047790527 622.299345016479 737.481391906738 732.804410934448 711.001823425293 770.349044799805 710.999519348145 571.270957946777 386.012741088867 592.820472717285 549.306674957275 570.059665679932 697.020072937012 462.512817382812 661.881418228149 625.764381408691 721.561058044434 711.501960754395 926.393096923828 795.144226074219 792.71125793457 650.077709197998 458.738342285156 476.28784942627 556.454555511475 557.176879882812 531.996040344238 731.105239868164 670.85033416748 606.196323394775 660.116313934326 657.579723358154 634.318380355835 648.696756362915 718.560775756836 651.370588302612
548.655174255371 411.61164188385 483.180252075195 738.424253463745 597.548866271973 665.741256713867 725.086654663086 429.244659423828 484.65852355957 563.435287475586 702.889549255371 518.61058807373 761.14404296875 827.810279846191 845.054769515991 645.040693461895 606.992404937744 955.295196533203 683.856910705566 682.050540924072 733.045875549316 613.889921188354 690.638618469238 607.850898742676 647.989109039307 694.20987701416 615.834016799927 558.592971801758 569.895111083984 595.169143676758 687.548755645752 684.338863372803 714.769462585449 728.769859313965 666.753910064697 563.383483886719 498.944709777832 624.087919235229 607.599472045898 738.229568481445 646.477100372314 605.114099502563 761.962142944336 670.329784393311 535.756729125977 581.986385345459 586.677536010742 542.353691101074 677.657920837402 642.989822387695
673.983783721924 635.673755645752 428.866424560547 959.046257019043 682.888032913208 761.583770751953 597.15478515625 383.165390014648 572.727733612061 596.47966003418 718.760101318359 954.822450637817 685.25146484375 1039.15761566162 1121.28494262695 953.183074951172 840.902038574219 848.164619445801 729.312509536743 677.877002716064 695.182537078857 638.205408096313 719.153366088867 808.486450195312 591.697696685791 705.516345977783 571.764236450195 609.598239898682 640.794937133789 721.983085632324 613.909503936768 751.005836486816 625.687498092651 754.614967346191 617.382022857666 597.820571899414 593.554288864136 688.499221801758 732.55534362793 688.383018493652 621.207588195801 730.319366455078 816.515350341797 578.741500854492 715.237457275391 584.419025421143 750.17879486084 626.720859527588 690.948219299316 657.47576251626
868.251052856445 566.771660804749 603.746269226074 873.983894348145 701.741973876953 786.132633209229 819.450099945068 777.46475982666 690.088233947754 926.055534362793 496.194137573242 524.367862701416 608.945308685303 577.097093582153 727.927764892578 579.656987667084 739.078125 765.354263305664 792.974678039551 812.685211181641 654.035570144653 682.493595123291 819.033386230469 712.949432373047 776.558990478516 830.170822143555 765.074333190918 700.809047698975 498.848556518555 658.251106262207 719.500526428223 502.491470336914 588.308197021484 649.01255607605 610.347229957581 659.562990188599 598.348425626755 630.184978485107 571.929929733276 578.873184204102 657.503925323486 521.169013977051 651.785210132599 720.8642578125 559.095199584961 695.929225921631 785.479446411133 641.018112182617 632.413773536682 668.632775306702
733.437477111816 799.097518920898 516.311489105225 582.253623962402 657.629653930664 744.791351318359 630.935726165771 858.858303070068 478.892807006836 724.539123535156 510.596412658691 435.168132781982 644.574630737305 533.686836242676 342.208831787109 534.186454772949 617.887546539307 572.202171325684 729.604682922363 968.434247970581 703.574272155762 572.422508239746 622.512390136719 618.846115112305 697.948642730713 693.009567260742 745.408668518066 650.138344526291 856.098754882812 660.797226905823 545.123229980469 691.018943786621 594.73016166687 694.495208740234 711.615020751953 597.434864044189 692.124053955078 489.911331176758 664.499050140381 709.829566955566 571.486309051514 610.232738494873 551.570243835449 616.998424530029 596.98836517334 652.965002059937 635.272285461426 524.71061706543 802.616691589355 641.478652954102
756.808883666992 800.977020263672 736.283447265625 486.510551452637 465.172451019287 589.734073638916 644.415008544922 900.764556884766 643.754550933838 568.385520935059 712.880210876465 529.583011627197 599.915634155273 599.288513183594 643.147649765015 660.688714981079 621.072044372559 570.714595794678 660.292266845703 911.429206848145 558.787185668945 566.377474784851 901.348056793213 854.741104125977 801.497756958008 632.341594696045 767.296951293945 725.203742980957 577.389389038086 637.921756744385 414.464660644531 581.703229904175 655.85685300827 644.017073631287 582.264602661133 728.958915710449 590.061344146729 627.738677024841 644.083669662476 691.12223815918 746.439880371094 628.308439254761 438.828948974609 643.274972915649 561.247856140137 663.364374637604 635.27453994751 619.136219024658 538.544570922852 660.306817054749
691.371597290039 616.217468261719 774.055404663086 743.123336791992 704.422584533691 662.689727783203 507.170446395874 539.041847229004 795.685691833496 647.947578430176 765.043674468994 689.827236652374 700.78003692627 869.314086914062 787.152648925781 872.199447631836 672.059219360352 544.090667724609 495.458282470703 957.46932220459 560.581230163574 543.272636413574 610.092765808105 609.626465797424 876.787155151367 688.221863985062 580.02367401123 713.188781738281 570.655643463135 776.591537475586 604.425354003906 557.211837768555 568.165084838867 772.549835205078 643.918030738831 614.344453811646 614.732845306396 547.992572784424 750.032264709473 672.069110870361 727.079658508301 668.781803131104 565.063941955566 575.939292907715 537.756546020508 752.530403137207 654.97632598877 499.624816894531 703.209859848022 653.960519790649
630.256500244141 714.002853393555 784.152770996094 825.85099029541 -9999 -9999 -9999 -9999 -9999 -9999 -9999 -9999 -9999 -9999 -9999 868.338088989258 739.501130819321 626.393402099609 566.154235839844 519.967811584473 763.178802490234 770.493141174316 676.27587890625 598.919593811035 484.573852539062 501.650573730469 1097.32879257202 750.986892700195 729.382583618164 1070.16933441162 568.499816894531 601.317316055298 579.79711151123 707.206455230713 749.102653503418 463.373809814453 612.221714019775 667.088298797607 615.480779647827 702.732444763184 520.422882080078 563.011085510254 562.56339263916 548.3447265625 733.983123779297 686.532878875732 626.992794036865 718.361778259277 691.984003067017 508.145385742188
-9999 -9999 -9999 -9999 -9999 -9999 -9999 -9999 -9999 -9999 -9999 -9999 -9999 -9999 -9999 -9999 -9999 -9999 584.927200317383 674.026596069336 826.205207824707 832.39134979248 757.770289421082 549.618232727051 445.503845214844 475.344890594482 743.788906097412 559.320098876953 674.964973926544 540.41682434082 664.398544311523 1175.94161987305 589.089202880859 719.927558898926 695.101554870605 576.955421447754 743.51579284668 670.809501647949 673.254522323608 738.34349822998 809.420928955078 691.874091625214 594.269165039062 811.075531005859 585.260467529297 798.662506103516 693.775484085083 726.212154388428 710.905220031738 541.98908996582
