export/dem/dem19.asc
NCOLS 350
NROWS 171
XLLCORNER 152620
YLLCORNER 418050
CELLSIZE 100
NODATA_VALUE -9999
[rows 44 to 65 of 171, columns 200 to 249 of 350]
799.345363140106 770.828071594238 591.800668716431 640.948448181152 584.718152999878 557.98859167099 666.797721862793 827.662033081055 486.622482299805 662.134056091309 653.906364440918 630.309440612793 761.765647888184 673.298751831055 623.730205535889 648.443943023682 623.181034088135 457.403121948242 697.039443969727 518.180713653564 557.502552032471 721.222724914551 628.268436431885 656.72900390625 772.100860595703 604.440791130066 619.936452865601 687.845531463623 603.098266601562 738.886932373047 688.584213256836 720.089893341064 1283.97585296631 740.609497070312 819.010513305664 846.756851196289 606.054237365723 641.236152648926 828.399719238281 746.578567504883 857.101516723633 800.033515930176 755.520919799805 724.073551177979 828.565971374512 763.74674987793 744.881954193115 718.978808403015 596.537521362305 666.931009292603
1135.14867401123 1420.46810150146 930.000396728516 929.957260131836 922.387977600098 1038.57551956177 1005.51321411133 782.91003704071 642.413917541504 668.167755126953 737.687019348145 562.927261352539 594.641441345215 1067.17542076111 801.879463195801 953.534523010254 688.242374420166 491.458343505859 624.76366853714 420.586883544922 551.082683563232 467.672927856445 647.441200256348 625.549768447876 647.667636871338 658.111442565918 739.732322692871 679.604362487793 565.144378662109 625.296794891357 489.169738769531 672.638793945312 755.440155029297 665.932095527649 733.78923034668 669.603754043579 774.943534851074 726.432174682617 689.439294815063 727.166418075562 695.214611291885 716.017276763916 735.221626281738 543.061584472656 683.876574039459 813.053039550781 704.547629833221 684.338443279266 752.190326690674 732.95050239563
696.775329589844 952.867774963379 1681.55201721191 1147.39944076538 787.202117919922 739.077758789062 616.866966247559 666.514091491699 571.411568641663 602.81861114502 564.877740859985 641.878749847412 538.75203704834 763.161693572998 590.180389404297 1014.02075195312 1549.38375854492 620.794296264648 459.513664245605 452.623565673828 399.568054199219 601.570679724216 529.423416137695 565.298892974854 647.620578765869 578.777465820312 731.491546630859 471.631698608398 765.504608154297 706.251403808594 679.705726623535 615.261920928955 587.720134735107 648.231797620654 721.563343048096 809.547302246094 710.311920166016 770.987396240234 753.466667175293 813.258590698242 734.978092193604 689.287790298462 681.791839599609 658.121601104736 685.143982887268 567.99193572998 788.822357177734 786.135200500488 764.154036521912 722.907453536987
568.68873500824 606.536008834839 824.116249084473 1287.76964855194 948.218627929688 744.568008422852 887.889617919922 609.634788513184 579.892463684082 465.167900085449 614.243774414062 688.994369506836 602.171424865723 556.031349182129 868.530418395996 1070.89714050293 1131.48854064941 1805.51321411133 1403.1872177124 682.029613494873 470.189956665039 531.43904876709 502.939018249512 603.97349023819 456.235641479492 551.907611846924 604.075225830078 468.779449462891 668.125099182129 677.253395080566 707.044836044312 590.12154006958 591.455116271973 697.545150756836 728.874481201172 800.603668212891 756.229652404785 680.90699005127 798.686210632324 722.411469459534 567.262878417969 607.872829437256 584.571640014648 631.969879150391 782.765922546387 695.736385345459 589.772422790527 633.283073425293 928.320281982422 612.016525268555
611.472150802612 669.959243774414 753.429550170898 624.76016998291 723.605026245117 733.6428565979 743.820404052734 736.572120666504 734.244094848633 579.48907661438 604.36531829834 547.948022842407 589.683748245239 600.984809875488 580.118061065674 950.571060180664 1118.38924312592 1435.38769054413 1185.26700019836 868.10604095459 649.838207244873 622.767518997192 664.577365875244 538.984069824219 546.872207641602 616.409078598022 519.375282287598 549.857269287109 710.118995666504 652.47167301178 596.367256164551 659.820430755615 524.63892364502 631.742185592651 637.594027042389 714.948715209961 610.12126159668 693.259805679321 725.805145263672 697.647141456604 603.571529388428 775.635879516602 580.446960449219 691.747922897339 674.798098564148 709.218606948853 770.364692687988 656.628067016602 612.12427520752 799.373355865479
612.443073272705 635.598636627197 621.408115386963 619.387788772583 734.993621826172 517.279571533203 759.263191223145 816.475677490234 702.145366668701 543.475875854492 590.354377746582 490.201057434082 542.314800262451 590.978900909424 630.807949185371 684.908782958984 767.750228881836 1292.02830505371 1972.05549621582 1624.12104415894 902.860572814941 956.34684753418 665.233601570129 696.744285583496 657.174530029297 668.553413391113 687.220169067383 575.704567909241 672.203533172607 605.123241424561 698.99976348877 637.792453765869 747.349830627441 554.886222839355 628.965527534485 628.344253540039 598.590431213379 720.494148254395 716.96070098877 670.208038330078 636.990272521973 633.136505126953 589.640674591064 1058.44479465485 818.045837402344 918.112831115723 800.209564208984 671.809349060059 684.080207824707 526.052658081055
632.397871017456 582.509572029114 587.069437026978 552.120277404785 644.038185119629 565.867060661316 637.306377410889 686.806106567383 793.358757019043 676.722354888916 550.60447883606 643.29248046875 628.176536560059 659.412315368652 521.384294509888 633.216125488281 759.826995849609 1164.37937927246 1645.03554534912 1784.70441055298 790.533271789551 595.335296630859 637.480163574219 624.421781539917 573.502578735352 542.589942932129 593.927616119385 591.492858886719 550.971969604492 561.556221008301 669.085647583008 648.143603801727 687.446701049805 761.882537841797 720.494701385498 724.027015686035 669.386953353882 676.414169788361 574.489471435547 642.314617156982 643.136162757874 627.722774505615 657.354328155518 755.177589416504 1137.31879806519 1294.60872650146 746.179107666016 847.588371276855 597.673210144043 626.966659545898
478.596771240234 710.359790802002 624.105270385742 720.864646911621 416.010787963867 736.600189208984 773.395225524902 490.527572631836 529.854751586914 597.975479125977 727.419952392578 614.617042541504 580.2643699646 645.649436950684 603.67993927002 637.795963287354 734.458446502686 1011.84994888306 1353.38020324707 1389.55532455444 1224.77105712891 501.570617675781 634.566495895386 615.319563865662 577.874557495117 556.470176696777 672.471374511719 672.008522033691 757.535003662109 734.527168273926 676.964351654053 601.577079772949 750.478416442871 802.560943603516 665.997598648071 689.298454284668 651.274021148682 577.004611968994 655.815933227539 791.878440856934 664.420221686363 638.07833480835 706.608459472656 743.06517791748 1067.50290679932 503.760177612305 1000.90856742859 1314.82117843628 690.001449584961 755.651458740234
478.247673034668 489.613151550293 752.354808807373 674.391302108765 713.651908874512 783.095367431641 871.151336669922 720.61873626709 725.004936218262 661.020668029785 691.699312210083 723.985702514648 615.477714538574 584.282245635986 559.518711566925 467.737449645996 715.888656616211 922.137886047363 1015.49970436096 1598.29879379272 1982.70779800415 1227.87590408325 643.866889953613 626.946588516235 561.705711364746 545.987213134766 589.543117523193 597.200235366821 571.053352355957 687.492492675781 656.662885665894 797.165451049805 668.193016052246 592.243408203125 752.342376708984 651.976402282715 526.79264831543 514.05143737793 519.625679016113 576.997932434082 665.750436782837 692.165884017944 588.01114654541 722.688869476318 719.15348815918 658.253341674805 687.318939208984 538.085342407227 979.864837646484 903.711486816406
590.045816421509 611.274360656738 686.475202560425 751.03133392334 607.250680923462 611.60645198822 636.504531860352 600.861953735352 616.23028755188 676.264163970947 715.110023498535 545.116767883301 692.843147277832 768.469711303711 617.164207458496 531.875514984131 512.037261962891 675.223690986633 793.781455993652 1057.11240005493 1201.57373809814 1256.39094543457 1576.46646118164 692.598266601562 528.740127563477 635.750574111938 638.167905807495 632.065980911255 785.006118774414 814.543884277344 618.284885406494 737.740333557129 643.583685398102 552.026374816895 571.825592041016 596.756435394287 518.30061340332 548.30770111084 635.099756240845 602.236618041992 488.148834228516 726.820976257324 663.091013431549 688.49596786499 571.289890289307 684.149459838867 508.615249633789 677.645935058594 859.012619018555 415.773132324219
570.146484375 574.316371917725 618.544057369232 528.625419616699 589.71903192997 640.698751449585 484.91138458252 644.405639648438 760.294578552246 951.319747924805 584.885393619537 762.754829406738 767.51399230957 661.166957855225 651.712799072266 726.484260559082 529.853189468384 480.641059875488 540.962005615234 775.7518491745 950.588729858398 1123.10626220703 1725.94161224365 866.566009521484 802.98006439209 666.336288452148 667.890029907227 753.230728149414 668.372470855713 548.784511566162 638.308847427368 701.766815185547 628.341502189636 648.799076080322 603.481164932251 750.449935913086 606.547588348389 603.351844787598 542.88875579834 754.128273010254 679.345149993896 699.15523147583 629.598550796509 661.364667892456 711.553610801697 652.947509765625 374.097076416016 528.000015258789 632.224052429199 501.326019287109
671.407913208008 591.590145111084 591.281398773193 675.812501907349 512.398368835449 388.72248840332 585.926040649414 525.192184448242 697.306640148163 730.95757484436 654.408603668213 688.834182739258 807.818634033203 676.676635742188 806.161849975586 482.070899963379 638.136581420898 744.312431335449 617.823312759399 597.019081115723 676.702529907227 989.224321365356 1228.48114013672 1406.94800186157 894.327075958252 605.735408782959 740.140083312988 588.300535202026 564.145294189453 618.002310752869 658.117431640625 607.294376373291 481.432861328125 600.780250549316 614.511775970459 533.404266357422 691.691551208496 694.997303009033 837.463745117188 718.779098510742 790.057052612305 737.267890930176 688.15224647522 637.642026901245 691.213027954102 650.692338347435 693.007104873657 656.70713186264 442.580108642578 757.411201477051
656.715553283691 558.287734985352 749.412002563477 710.191429138184 645.912143707275 618.115849494934 607.898101806641 673.57213973999 669.564336776733 944.611053466797 888.053558349609 779.597259521484 507.114677429199 861.077575683594 769.13892364502 897.760803222656 797.104927062988 753.064977169037 738.230192184448 783.4977684021 709.094924926758 818.14875793457 1277.37940979004 1105.01951599121 945.554534912109 673.736042022705 664.242393493652 592.058216094971 541.408058166504 747.972061157227 567.211673736572 534.150882720947 577.541080474854 646.294500350952 613.791800737381 615.709920883179 795.362152099609 562.30256652832 687.599643707275 683.200698852539 680.721572875977 801.463256835938 692.559055328369 693.052703857422 668.692821502686 627.885055541992 659.05876718089 588.325073242188 616.586647033691 681.60401058197
658.144123077393 701.492317199707 686.548385620117 744.131782531738 564.031936645508 629.748865127563 778.223663330078 799.323585510254 686.43203830719 585.851249694824 775.499992370605 865.234169006348 769.92208480835 803.15771484375 607.528825759888 597.765281677246 713.616897583008 966.632026672363 882.09147644043 702.864196777344 779.501232147217 900.059448242188 917.348459243774 942.128337860107 769.009294509888 677.428199768066 673.884140014648 564.638118743896 611.399408340454 574.978687286377 459.477615356445 620.136730194092 600.776386260986 479.442474365234 653.409809112549 719.546844482422 728.54224395752 541.813980102539 597.405839920044 772.705902099609 697.556251525879 598.931457519531 818.662002563477 752.995071411133 669.740629196167 681.971555709839 627.20108795166 714.012302398682 594.431064605713 827.260848999023
661.409023284912 746.198699951172 633.079999923706 629.245471954346 780.341636657715 746.057518005371 676.400615692139 711.070121765137 665.434226512909 614.21515083313 638.138229370117 650.686622619629 832.540916442871 817.333793640137 785.155075073242 832.286010742188 793.371402740479 812.652270317078 781.350093841553 810.42628633976 896.744766235352 1019.55508422852 894.272712230682 799.077568054199 585.178230285645 666.895832061768 471.017822265625 764.068359375 576.355327606201 424.702667236328 552.135480880737 722.627563476562 692.96196603775 678.692520141602 557.940185546875 615.585199058056 733.00651550293 642.646759033203 625.008058547974 693.458534240723 649.129676818848 564.696681976318 665.740383148193 601.877319335938 844.756362915039 691.956859588623 765.880325317383 608.483039855957 568.686546325684 664.722579956055
669.391651153564 608.951726913452 560.523002624512 647.423389434814 762.01668548584 623.252771377563 703.903942108154 552.492401123047 706.549236297607 784.061614990234 657.169216156006 804.236610412598 731.541826248169 749.052391052246 616.584693908691 621.165424346924 711.839760780334 710.588234424591 853.825531005859 847.298500061035 822.726634740829 913.74600982666 1059.59315490723 616.395553588867 593.098957061768 665.279052734375 643.192735671997 662.683338165283 503.148811340332 681.175285339355 846.781936645508 767.618053436279 667.791442871094 667.485397338867 679.406553387642 534.453834533691 626.585619449615 667.778079986572 603.193110466003 446.717208862305 663.456809997559 663.547721862793 665.574831008911 699.969268798828 749.42813873291 686.007390975952 732.891311645508 741.96293258667 696.256195068359 675.15682888031
659.764179229736 604.038480758667 749.741119384766 689.705253601074 781.130920410156 704.467807769775 593.374378204346 795.608322143555 682.779893875122 629.068042755127 609.391090393066 613.762203216553 658.951179504395 686.881757259369 676.350744247437 694.575988769531 740.831803321838 660.129459381104 941.010192871094 885.982597351074 849.512891769409 851.918395996094 594.851152896881 556.891090393066 398.844848632812 638.340969085693 472.145942687988 510.607223510742 634.515538215637 753.848266601562 690.972434997559 562.452465057373 630.207813262939 475.030532836914 649.998672008514 655.10627746582 692.930883407593 608.689512968063 472.040954589844 476.142150878906 600.457164764404 608.69193649292 662.188268661499 650.743980407715 743.584289550781 714.081428527832 700.196544647217 705.883480072021 875.317535400391 666.208122253418
685.830001831055 777.702560424805 526.58683013916 839.08470916748 577.219467163086 645.741191864014 715.571769714355 666.83682346344 702.782814025879 614.279312133789 648.410251140594 765.48942565918 649.751415252686 665.228240966797 788.730842590332 867.245513916016 701.369846343994 728.506721496582 925.078414916992 956.033134460449 682.080345153809 584.523624420166 659.015985488892 718.825927734375 630.983098983765 562.497318267822 477.900588989258 486.791946411133 641.286945343018 813.344193458557 504.179138183594 719.361679077148 573.32608795166 503.013534545898 603.249706268311 631.619499206543 661.044868469238 736.576766967773 692.320497512817 505.969314575195 677.224158287048 684.929042816162 704.681602478027 472.072235107422 456.037734985352 677.0891456604 414.300308227539 701.304962158203 799.273712158203 593.821640014648
728.664093017578 711.973930358887 602.22537612915 607.010540962219 575.140064239502 613.926067352295 672.469959259033 632.075071811676 617.505203723907 767.062911987305 557.937515258789 650.397689819336 711.237930297852 631.135801792145 755.710121154785 878.819747924805 761.159403324127 700.35652923584 603.766672134399 592.910335540771 652.748025894165 696.895324707031 457.023193359375 546.257766723633 490.906364440918 413.895324707031 461.223602294922 554.132873535156 577.892852783203 815.659893035889 469.18701171875 618.361827850342 671.725143432617 623.092123031616 652.324188232422 584.766990661621 624.790023803711 1048.83333969116 1021.91904550791 635.816177368164 769.722290039062 581.16130065918 567.324272155762 629.822933197021 750.622611999512 725.874725341797 674.221336364746 592.447643280029 710.373756408691 579.517143249512
670.7756690979 704.012699127197 526.626762390137 607.395938873291 494.107025146484 549.868370056152 591.152236938477 795.104568481445 488.538864135742 723.307624816895 534.335334777832 722.923973083496 823.383102416992 719.023399353027 664.693031311035 686.146324157715 604.427000045776 469.956069946289 589.079700469971 493.625091552734 795.409439086914 683.280521392822 517.197166442871 524.458160400391 571.554809570312 467.788459777832 641.260100364685 468.494430541992 564.21117401123 708.679183959961 536.36100769043 629.563133239746 669.649770736694 722.128707885742 681.417826652527 685.641330718994 570.123184204102 927.267397403717 555.435558319092 511.750122070312 512.714050292969 515.299034118652 664.427291870117 724.616081237793 590.644641876221 601.216444015503 694.683399200439 583.530494689941 601.261791229248 800.71533203125
563.153350830078 685.241882324219 625.389171600342 637.471272468567 695.463848114014 494.205718994141 809.688247680664 622.819976806641 549.12922668457 452.617553710938 555.894714355469 696.456420898438 643.660407066345 642.615171432495 438.504455566406 645.230731964111 745.662170410156 809.771263122559 565.04211807251 575.734111785889 564.432991027832 607.101665496826 671.537838935852 632.361520767212 625.597621917725 509.160667419434 447.008285522461 512.241622924805 607.212013244629 593.395893096924 635.4951171875 735.680063247681 603.458011627197 601.622840881348 574.207916259766 664.814682006836 680.28503036499 812.270450592041 576.931304931641 660.834468841553 549.958511352539 609.372085571289 719.135417938232 664.136684417725 544.758651733398 607.283220291138 581.982711791992 603.52640914917 768.668998718262 603.760829925537
722.710441589355 591.324270248413 662.161041259766 585.759754180908 754.646743774414 683.160785675049 804.493194580078 774.385314941406 637.448736280203 488.773735046387 419.120223999023 594.275714874268 389.195495605469 622.398876190186 753.695457458496 642.856915950775 619.532182693481 584.664745330811 572.799083709717 584.605670928955 608.049684047699 750.563377380371 727.18758392334 682.116611480713 647.239204406738 655.685314178467 608.007874488831 623.447594642639 597.837224960327 599.398086547852 649.325847625732 652.361396789551 583.1237449646 508.061393737793 668.134159088135 1029.80032348633 925.404647827148 846.030303955078 633.855262756348 672.571128845215 559.483615875244 588.134033203125 587.943477630615 640.132095813751 571.220993041992 490.207275390625 628.152094364166 669.74444770813 581.913772583008 681.079305648804
