export/dem/dem14.asc
NCOLS 350
NROWS 171
XLLCORNER 152620
YLLCORNER 418050
CELLSIZE 100
NODATA_VALUE -9999
[rows 88 to 109 of 171, columns 250 to 299 of 350]
852.274291992188 989.129049301147 980.047988891602 996.161949157715 823.729034423828 736.925354003906 496.829162597656 651.226075291634 513.713226318359 809.899923324585 652.006546020508 717.915120124817 811.675598144531 906.327178955078 801.705989837646 786.346923828125 767.121547698975 782.976776123047 706.870703697205 566.773139953613 463.297424316406 813.286178588867 564.87606048584 656.816623687744 558.958549499512 546.973007202148 535.770248413086 817.021085739136 546.491348266602 888.461479187012 743.236854553223 757.382148742676 672.593990325928 785.730735778809 788.75545501709 732.492399692535 562.973907470703 728.233316421509 724.394891738892 763.706764221191 769.781234741211 543.31819152832 609.706016540527 763.613479614258 698.906753540039 582.764022827148 566.606857299805 636.896499633789 716.178916931152 632.072204589844
732.87247467041 727.526458740234 922.959800720215 980.960834503174 870.119604110718 912.253150939941 682.023281097412 738.602508544922 511.677474975586 855.43359375 772.317380905151 836.298480987549 795.740234375 748.641902923584 677.454849243164 873.234998703003 601.137359619141 765.519760131836 728.213653564453 909.971649169922 742.695358276367 609.499219894409 539.611763000488 583.105735778809 820.323150634766 760.814849853516 785.575225830078 696.691347122192 711.340908050537 742.315567016602 742.068428039551 843.599830627441 741.788145065308 662.963558197021 737.801354408264 777.828384399414 677.981971740723 591.916778564453 723.460945129395 571.805595397949 1311.85708618164 597.356491088867 649.325698852539 769.248962402344 648.008728027344 685.448196411133 703.556137084961 653.093704223633 682.678741455078 625.688995361328
792.46178817749 849.990606307983 715.85905456543 1231.45697021484 863.661346435547 584.135147094727 841.516525268555 664.842399597168 546.292510986328 707.596369743347 808.05509185791 1013.47073364258 653.788757324219 860.873282432556 706.253662109375 723.990447998047 566.130424499512 648.566543579102 802.517555236816 668.137340545654 745.177272796631 751.034194946289 614.479572296143 655.559120178223 752.380958557129 704.376754760742 845.679836273193 875.506942749023 761.591660022736 715.934520721436 793.095817565918 847.880603790283 692.377220153809 640.022785186768 726.850694656372 598.560649871826 604.603404998779 775.004112243652 495.512313842773 534.273124694824 929.509185791016 551.457397460938 498.880249023438 569.817695617676 582.390518188477 665.616516113281 944.328536987305 748.907611846924 532.918487548828 826.229644775391
688.247276306152 851.492473602295 898.991775512695 925.427963256836 1340.28910827637 1370.38169288635 519.692474365234 587.775375366211 679.03791809082 812.944310665131 861.44310760498 819.551452636719 696.750099182129 565.158157348633 666.045783996582 657.279685974121 846.316215515137 637.299900054932 735.893894195557 761.062685012817 842.674270629883 816.573703765869 859.635261535645 807.061860084534 808.972705841064 754.599098205566 944.437564849854 844.899478912354 946.265798568726 1216.59313964844 800.494115829468 643.901512145996 608.676025390625 736.665550708771 600.962615966797 462.271713256836 677.928902626038 502.130325317383 694.46614074707 588.336402893066 1177.73834991455 1036.66528320312 396.797790527344 626.581405639648 533.547760009766 692.437129974365 830.777420043945 633.191513061523 926.589859008789 1241.60127258301
850.455059051514 810.180261611938 686.647987365723 920.271968841553 1006.7842874527 898.30362701416 1221.95812988281 667.639938354492 891.898307800293 720.441970825195 632.987213134766 809.984786987305 678.127532958984 759.038209915161 724.302879333496 1012.95695495605 795.976249694824 714.324295043945 759.116302490234 824.650146484375 934.72053527832 775.74408531189 805.90384054184 897.307624816895 663.470893859863 859.431098937988 942.207927703857 710.178359985352 869.50129699707 903.717391967773 730.121032714844 752.293006896973 784.995190620422 697.376739501953 560.674377441406 545.213043212891 575.362678527832 669.105651855469 605.134185791016 651.110015869141 463.429214477539 1233.89978027344 447.705352783203 704.832439422607 552.148208618164 433.322265625 622.037826538086 693.265762329102 691.479217529297 617.83659362793
866.85786819458 766.713667869568 988.34147644043 1092.75451660156 899.602386474609 811.033218383789 800.642124652863 807.443349838257 736.333290100098 1068.71539115906 777.433883666992 823.949527740479 915.39461517334 1211.59614181519 1205.38680362701 860.896743774414 776.152465820312 600.955596923828 785.697978973389 846.095878601074 724.1337890625 647.407196044922 656.605033874512 653.226257324219 692.467353820801 631.74787902832 1103.78187942505 1378.2735773325 661.186309814453 834.176177978516 780.797416687012 773.194694519043 800.776866912842 953.57886505127 808.419593811035 664.822601318359 698.599578857422 740.211564540863 599.994094848633 628.956214904785 420.814453125 1117.65704345703 547.154144287109 444.031311035156 714.266752243042 710.045860290527 696.044490814209 784.0544090271 736.560348510742 850.188583374023
874.902137756348 885.892593383789 923.735305786133 1111.76554870605 863.851539611816 698.198532104492 749.623310089111 733.064109802246 781.38739168644 703.025344848633 954.302795410156 845.574981689453 638.772323608398 966.093452453613 930.732070922852 699.601987838745 774.155731201172 816.488983154297 726.218276977539 752.199384689331 801.142101287842 653.181007385254 505.432708740234 739.255874633789 747.382434844971 1065.23187255859 632.406387329102 952.622650146484 721.766098022461 689.959197998047 889.070640563965 777.61808013916 732.298477172852 870.918472290039 764.636260986328 765.887359619141 847.461886405945 684.141357421875 839.714324951172 589.64234161377 550.279205322266 632.757194519043 542.192626953125 553.719955444336 496.771926879883 476.462554931641 574.276184082031 621.760025024414 811.741901397705 817.07112121582
791.831576228142 792.481479644775 794.565734863281 1021.40402603149 894.660591125488 786.245800018311 1089.38252639771 984.403882980347 802.817230224609 994.663339674473 719.333885192871 1267.55152893066 901.871185302734 736.590927124023 845.820695877075 1028.55534744263 833.755355834961 883.103103637695 1048.67860412598 720.639503479004 672.103317260742 779.508518218994 755.921325683594 948.96280670166 864.731216430664 1111.88591003418 803.84033203125 766.420104980469 670.691131591797 621.915786743164 1637.32080459595 690.563583374023 795.123886108398 685.229583740234 708.097366333008 884.720802307129 816.511346817017 1006.86534118652 810.94202041626 790.187648773193 524.895736694336 534.558532714844 1210.04225921631 548.500564575195 589.874252319336 597.350395202637 1075.60638427734 707.48263168335 523.294731140137 1046.82876586914
801.332511901855 1206.84307098389 903.972038269043 872.346069335938 951.523773193359 977.127544403076 919.823348999023 816.268207550049 1229.69568252563 770.907180786133 698.915134429932 698.968697547913 534.764770507812 697.047775268555 685.32048034668 951.288787841797 776.197704315186 793.902381896973 843.342559814453 1070.63939666748 966.689125061035 1241.84651184082 1250.98579406738 715.897537231445 807.025497436523 594.181915283203 371.288513183594 427.837890625 591.438415527344 1412.86228942871 563.27001953125 753.769805908203 791.181188583374 885.12149810791 1211.43647766113 692.881240844727 858.917629241943 782.778956413269 723.030563354492 699.815086364746 751.678549766541 498.992965698242 1115.77674865723 659.801525115967 911.19499206543 625.490997314453 672.92325592041 510.01887512207 518.709754943848 1075.12730026245
633.953811645508 761.291862487793 772.998302459717 800.231555938721 792.547909736633 861.159828186035 903.153463363647 773.755676269531 1345.42732143402 1349.7727432251 852.382587432861 854.121223449707 1371.06011199951 973.074577331543 757.259880065918 463.532928466797 633.881683349609 543.846313476562 766.637835502625 873.457237243652 857.697700500488 985.11083984375 740.597434997559 665.399719238281 504.171279907227 695.92919921875 657.567504882812 514.157196044922 552.230804443359 952.215293884277 721.23021697998 1345.86181640625 1284.70483398438 747.182556152344 720.246200561523 691.31770324707 856.739900588989 710.301616668701 727.374599456787 747.189303636551 744.961776733398 642.823722839355 936.737480163574 1590.31050109863 619.486236572266 785.557075500488 541.755554199219 777.142606735229 675.034233093262 739.416221618652
700.102493286133 1218.48307800293 996.30827331543 772.307683944702 788.796201318502 811.729446411133 891.508941650391 1267.9884929657 724.998519897461 796.782550811768 863.198810577393 817.876792907715 667.264762878418 808.58861541748 638.284934997559 889.379020690918 733.810119628906 712.561248779297 725.044561386108 840.783279418945 730.715545654297 606.565460205078 792.946365356445 1156.44750976562 361.30908203125 987.791732788086 1595.87783813477 963.500274658203 1236.11117553711 560.819808959961 985.869644165039 753.110145568848 640.85270690918 996.19059753418 680.648590087891 809.140518188477 732.753021240234 697.167503356934 836.672401428223 766.147750854492 702.593727111816 649.866432189941 800.751708984375 859.892883300781 523.59928894043 521.811538696289 574.773956298828 879.800415039062 661.741577148438 1292.73165130615
668.82470703125 641.47582244873 1327.748878479 602.982757568359 817.789916992188 829.491714477539 1200.92596435547 1208.82637023926 807.170806884766 977.722278594971 672.813606262207 1119.58054351807 1241.46980285645 1173.43116760254 997.754707336426 1110.01440048218 833.650787353516 519.037445068359 615.670257568359 522.816619873047 1074.28054046631 738.058532714844 762.33512878418 751.234680175781 1261.47955322266 763.547302246094 772.817718505859 1231.04019165039 1168.94595336914 636.25146484375 985.815902709961 977.277061462402 790.172302246094 1010.52054595947 857.468866348267 765.004608154297 704.841850280762 744.888580322266 698.469921112061 579.732486724854 644.790149688721 462.090805053711 743.982753753662 1188.78188323975 1348.1936340332 633.265663146973 597.805244445801 686.956039428711 663.81867980957 840.142681121826
1353.34802246094 757.915559768677 653.927619934082 684.874740600586 565.341415405273 1013.83106994629 762.723442077637 949.807342529297 795.820209503174 832.238655090332 1085.06692504883 821.928157806396 1071.09420776367 992.411148071289 686.603240966797 546.763793945312 619.868408203125 528.255645751953 730.350444793701 816.666666507721 1174.42842102051 1248.12055969238 833.566627502441 948.815986633301 677.149841308594 1177.9443359375 709.760879516602 804.804382324219 1334.04423522949 675.8037109375 1003.6951751709 920.700294494629 846.826965332031 721.891235351562 831.993977546692 764.284156799316 751.765640258789 837.351459503174 694.141431808472 701.802673339844 732.175708770752 619.146381378174 701.279541015625 665.424049377441 900.791778564453 671.501655578613 568.675674438477 677.597305297852 763.453414916992 953.442962646484
776.739105224609 684.493118286133 866.995971679688 763.396137237549 742.04712677002 1001.5901184082 885.968475341797 921.778617858887 832.216186523438 738.478012084961 601.941665649414 1012.11001586914 791.669639587402 639.971099853516 960.388084411621 686.621658325195 656.229034423828 1218.5673828125 521.032379150391 712.220291137695 1191.02925109863 767.653987884521 1295.01030921936 736.264778137207 649.877044677734 851.508590698242 1260.53657150269 1776.16745758057 731.873458862305 1152.09573364258 938.994583129883 772.514923095703 793.60920715332 691.246063232422 839.59677696228 833.870002746582 672.500907897949 843.994720458984 841.43147277832 608.469577789307 550.798288345337 421.005233764648 566.39429473877 743.106037139893 1028.00011825562 873.887001037598 898.469482421875 746.101844787598 684.370254516602 749.974853515625
813.10082244873 1075.63487243652 734.742828369141 783.796463012695 685.164360046387 704.091453552246 820.960783004761 1034.17031097412 746.308135986328 1320.9147644043 650.818450927734 1202.54367828369 1023.2830619812 683.866973876953 682.82292175293 860.73356628418 665.942123413086 637.262550354004 1473.63720703125 649.287490844727 894.374311447144 811.144752502441 910.342196464539 1232.34845733643 920.959747314453 700.10139465332 796.466041564941 1531.57095336914 1094.55567932129 671.459136962891 924.780143737793 1218.90478515625 954.83260345459 830.084716796875 803.680976867676 849.172836303711 772.667289733887 947.148109436035 629.908996582031 552.386150360107 613.300270080566 628.612464904785 461.258125305176 766.046222686768 673.405494689941 818.714086532593 726.073843002319 833.487668991089 824.420394897461 808.655398845673
783.788402557373 1366.11006593704 1017.23280334473 866.425384521484 1303.95316696167 972.08235168457 909.857269287109 801.071952819824 643.541458129883 823.39720916748 809.806350708008 816.54914855957 812.566070556641 773.840103149414 785.098731994629 672.548263549805 1102.05471038818 801.647443532944 828.094020843506 1014.04606151581 802.392112731934 654.188903808594 742.340148925781 1039.91491699219 767.485092163086 672.766418457031 974.780422210693 749.278160095215 674.333221435547 745.548095703125 1265.08480453491 1171.44683074951 838.38462638855 896.933393478394 798.112808227539 869.893969774246 938.459630966187 898.450386047363 682.972579956055 778.163940429688 717.262924194336 652.228004455566 605.890392303467 661.634918212891 818.86127281189 881.250610351562 758.59740447998 727.099581718445 656.011245727539 752.302536010742
1032.02088165283 798.743793487549 798.828842163086 522.922180175781 643.792510986328 698.471466064453 700.009902954102 722.314392089844 818.571441650391 991.17173576355 885.069240570068 690.345062255859 759.096328735352 1159.5738067627 883.783813476562 984.784576416016 899.518148422241 1030.18706130981 783.623611450195 751.156524658203 699.741119384766 1135.03952407837 758.147964477539 671.068351745605 738.390014648438 798.621063232422 1003.93988800049 876.393070220947 1445.42840576172 1523.47874450684 1200.11177062988 881.579307556152 972.794052124023 877.865111589432 1011.31204986572 1078.02490234375 927.370399475098 1091.42156982422 955.71794128418 715.257583618164 815.294921875 482.464256286621 618.270963668823 548.377998352051 754.037150144577 1326.05535125732 873.179359436035 831.658103942871 741.65814781189 768.604583740234
856.283432006836 634.560676574707 694.293785095215 673.681167602539 786.061889648438 1025.22407531738 838.749534606934 954.632572174072 660.32568359375 1042.21714305878 728.17268371582 1118.55862426758 1469.31372642517 765.051910400391 816.557083129883 894.980732917786 1023.65470123291 877.073173522949 864.843414306641 1084.03094482422 760.103786468506 852.955894470215 940.680389404297 1187.89393615723 957.980575561523 1023.56242370605 739.602722167969 882.415534973145 690.55712890625 803.398048400879 900.702217102051 835.160217285156 729.120277404785 936.027976989746 886.847339630127 856.048322677612 879.59192276001 904.996964454651 1049.6746673584 963.129531860352 1003.9541015625 693.303394317627 691.815086364746 594.482894897461 713.57063293457 1187.02922058105 893.78092956543 849.951487541199 980.029823303223 861.13879776001
824.422462463379 950.421954631805 1386.15180206299 1026.63744354248 1006.93626022339 921.977264404297 996.761848449707 1112.51629638672 2054.97535133362 645.157180786133 1210.75396728516 663.083015441895 1014.10914611816 689.117218017578 898.688968658447 929.885269165039 960.686599731445 690.316360473633 826.51838684082 817.998970031738 829.298980712891 893.641098022461 697.686828613281 683.972549438477 570.27668762207 603.168640136719 624.3955078125 759.572235107422 788.24683380127 792.944442749023 847.210010528564 719.056861877441 751.412529945374 950.575698852539 710.188568115234 954.632511138916 1024.51706695557 924.312530517578 855.228260040283 999.676254272461 895.144836425781 833.072177886963 699.956416368484 778.936378479004 851.940689086914 873.669315338135 886.36629486084 916.122493743896 917.574451446533 723.164123535156
858.35969543457 1056.76712226868 738.630630493164 895.125289916992 1127.71397399902 1347.59027910233 1521.14288330078 1264.04221343994 838.35330581665 950.267593383789 1114.27398681641 839.562236785889 809.117336273193 830.212188720703 699.867538452148 1096.35592269897 936.237274169922 967.26053237915 810.985967636108 869.95841217041 1048.59554290771 892.228433609009 814.65322303772 682.860946655273 626.142395019531 747.465835571289 638.765975952148 688.002774238586 731.79020690918 972.569320678711 932.085031032562 950.276992797852 941.278991699219 749.373748779297 1005.70246887207 893.883476257324 1096.70620727539 967.236282348633 910.356918334961 1007.6529083252 973.002227783203 558.70841217041 628.874332427979 543.353271484375 790.564033508301 720.973960876465 811.991992950439 655.508728027344 668.160125732422 757.886827468872
700.478706359863 1128.29655456543 1164.23979568481 833.867088317871 999.504512786865 1027.78637313843 831.442108154297 1567.97905731201 1417.46337127686 640.087188720703 728.96363067627 1142.72653961182 876.911191418767 1147.51169872284 988.369140625 1014.3579788208 874.906875610352 910.559497833252 1637.05104827881 1352.00619506836 867.395401000977 791.94450378418 681.810836791992 818.890284538269 656.24641418457 872.918737411499 689.041763305664 784.824460983276 740.604099273682 1170.59460449219 931.923267364502 974.167594909668 835.90443611145 890.287544250488 977.938186645508 863.948574066162 908.738502502441 890.478439331055 846.651107788086 749.751865386963 994.063537597656 916.421125411987 986.647613525391 639.902076721191 460.170227050781 641.317245483398 662.037818908691 840.911853790283 731.373397827148 834.770965576172
811.567398071289 838.505645751953 644.890884399414 913.34334564209 1259.2026348114 849.556564331055 723.075332641602 1082.66438293457 1837.04710388184 770.293029785156 1071.49713134766 795.236892700195 1015.70582199097 769.72225189209 918.202175140381 1010.25421142578 1009.76986312866 903.811344146729 1219.48121643066 967.276947021484 977.830413818359 850.237060546875 897.108627319336 820.113872528076 816.579284667969 781.187210083008 857.216676712036 848.210609436035 748.340621948242 961.435890197754 1160.24243164062 793.478449821472 900.790393829346 878.889877319336 905.964134216309 935.719108581543 1031.32876586914 983.279235839844 1155.78402709961 816.52116394043 834.92537689209 810.275274634361 793.353314757347 767.898429870605 616.496814727783 674.965276181698 796.253751754761 817.68229675293 931.705974578857 807.333263397217
