export/dem/dem12.asc
NCOLS 350
NROWS 171
XLLCORNER 152620
YLLCORNER 418050
CELLSIZE 100
NODATA_VALUE -9999
[rows 44 to 65 of 171, columns 250 to 299 of 350]
525.219528198242 770.258750915527 782.896055221558 797.049369812012 670.955337524414 727.529714584351 740.207381248474 604.422950744629 619.628295898438 698.975322723389 793.074348449707 758.728437423706 697.98703956604 739.013771057129 738.056888580322 567.580688476562 795.088424682617 749.411667346954 811.494243621826 727.055526733398 767.714747428894 717.060894012451 712.074947357178 663.258995056152 646.741600036621 527.076904296875 891.547788143158 697.000137329102 872.956916809082 871.883941650391 658.582580566406 774.76725769043 732.998397827148 833.654663085938 728.227546691895 721.056091308594 690.95499420166 905.983753204346 950.109384536743 819.64289855957 851.377912521362 849.484962463379 786.808668136597 780.67749786377 732.417335510254 768.758918762207 955.202018737793 939.705154418945 680.772735595703 729.281455993652
815.792953491211 828.452550888062 802.83032989502 710.63369178772 857.352340698242 721.817337036133 620.83275604248 611.259773254395 813.532241821289 706.628713607788 773.103578567505 774.386507034302 737.276197433472 742.283050060272 786.300785064697 684.968559265137 628.991050720215 586.546325683594 676.654861450195 721.830474853516 774.085544586182 648.25218963623 696.429615020752 743.088118553162 879.771484375 662.252456665039 614.753509521484 630.371627807617 703.003837585449 917.654640197754 798.906616210938 833.417259216309 692.052795410156 754.474311828613 536.91618347168 798.019050598145 1128.49685668945 758.850811004639 1386.1627368927 998.208616018295 759.382789611816 994.29833984375 584.074295043945 783.232231140137 812.03002166748 776.890625 810.449737548828 822.60064125061 792.200817108154 854.217743396759
544.30126953125 873.341003417969 708.077704429626 760.778491973877 784.050651550293 817.034873962402 809.600456237793 798.464782714844 730.4692735672 718.242427825928 848.131118774414 755.741674423218 744.123386383057 661.143711090088 741.583952903748 728.053730010986 624.884292602539 724.385746002197 697.628356933594 668.757080078125 892.697189331055 809.436935424805 701.689071655273 690.228496551514 549.786163330078 1295.61836242676 660.880737304688 923.64030456543 1099.26554870605 696.000160217285 964.456787109375 543.214538574219 752.578475952148 685.549560546875 1121.91137695312 1559.97035884857 1391.33882141113 718.289886474609 1425.87094116211 1384.01257038116 738.62956237793 784.064033508301 897.238464355469 825.558006286621 975.432090759277 744.655578613281 1395.30599975586 690.225463867188 862.320117950439 918.24807882309
709.038509368896 774.630760192871 837.152076721191 582.534950256348 728.32035446167 720.58892250061 837.699401855469 669.442947387695 925.623626708984 818.749977111816 654.995826721191 601.516525268555 849.169387817383 712.902365684509 749.891054868698 641.796104431152 638.159255981445 786.764500617981 875.118591308594 712.959228515625 664.995178222656 680.334968566895 597.04411315918 672.09935760498 817.389785766602 1124.76441955566 667.716842651367 1016.99494934082 958.049068450928 1182.30448913574 698.871398925781 767.162094116211 785.558067321777 1184.62014317513 779.556976318359 1212.71067810059 1334.0351524353 800.640127182007 1096.64791870117 920.243041992188 646.606903076172 820.97564125061 1290.13234329224 863.497459411621 758.102523803711 1000.68489265442 903.511796951294 864.104320526123 887.789247751236 823.866214752197
674.242736816406 826.695732116699 868.740539550781 703.800221443176 697.162630558014 835.088882446289 837.335739135742 870.969940185547 808.34252166748 783.918975830078 765.324857711792 652.426574707031 785.89190864563 735.159374237061 661.162651062012 722.70037651062 706.216144561768 932.137435913086 674.975406646729 626.917953491211 569.850372314453 765.234535217285 736.935871124268 612.544204711914 718.703842163086 693.268852233887 509.557037353516 823.760864257812 568.004699707031 925.441177368164 1166.60054016113 674.398803710938 724.974655151367 910.300096511841 770.123817443848 869.503833770752 1130.66138458252 777.38835144043 1747.62121963501 1087.52770996094 826.822378158569 727.313369750977 1004.26528930664 845.159536838531 673.429000854492 1030.10525131226 817.34854888916 1822.60233306885 811.803365707397 832.54004240036
670.025970458984 531.794219970703 675.842455863953 631.164810180664 806.48323059082 838.322105407715 797.665252685547 807.429954528809 761.429832458496 708.145776748657 689.070659637451 791.248184204102 761.928281784058 674.2307472229 724.156720161438 688.353736877441 819.488967895508 853.013877868652 830.498580932617 712.795471191406 795.199108123779 623.264533996582 665.437885284424 639.195121765137 641.129547119141 909.990524291992 841.444892883301 648.108642578125 731.557033538818 760.013275146484 775.317657470703 634.292022705078 791.082611083984 835.751815795898 1288.33926391602 793.640693664551 680.927871704102 729.39769744873 875.272937774658 693.841529846191 787.342315673828 787.570922851562 977.682815551758 991.765953063965 747.965232849121 704.941390991211 786.810729980469 896.117267012596 765.240585327148 804.114435195923
558.466827392578 699.411408662796 536.762588500977 701.498945832253 760.172496795654 705.565489768982 746.027503967285 748.614524841309 831.898063659668 730.008155822754 903.037857055664 698.124173164368 829.736259460449 746.533264160156 738.971711993217 800.682884216309 823.55558013916 819.36181640625 669.744583129883 614.348892211914 729.97006881237 715.615882873535 475.857788085938 642.934425354004 723.17414855957 720.24356842041 788.331329345703 883.381126403809 575.826065063477 629.309951782227 991.551513671875 815.089080810547 737.285453796387 919.404399871826 860.126197814941 864.285816192627 667.39421081543 1245.72267723083 822.22541809082 871.779266357422 1158.64094543457 831.638916015625 734.700485229492 787.495544433594 854.688179016113 743.867202758789 725.902084350586 1140.06462097168 926.042892456055 699.003601074219
704.290586471558 584.617027282715 804.913047790527 841.24528503418 812.118202209473 693.309434890747 753.364105224609 751.508306503296 788.92268371582 705.706676483154 794.569496154785 829.661422729492 809.768280029297 840.543830871582 717.377924442291 732.199824810028 729.297328948975 613.531837463379 715.599047780037 660.777053833008 705.383033752441 686.391883850098 604.832778930664 682.467735290527 669.014099121094 822.522743225098 992.746450424194 837.044103622437 859.988189697266 898.659965515137 1070.46081924438 968.183013916016 989.507507324219 1304.15344238281 1046.10731506348 770.861221313477 681.976364135742 740.410354614258 788.583473205566 958.136306762695 772.004776000977 781.33614730835 736.318473815918 796.994430541992 768.029098510742 764.436679840088 1079.37993621826 824.541609764099 927.452987670898 705.132446289062
928.65177154541 763.199600219727 634.460433959961 643.354274749756 648.114643096924 754.163383483887 639.213165283203 734.221662521362 844.009124755859 901.534271240234 798.552940368652 777.197486877441 756.448606491089 685.507795333862 592.261489868164 709.684962749481 658.787879943848 592.439636230469 716.399889945984 739.618906021118 653.459800720215 446.980377197266 586.267654418945 603.117065429688 824.169038772583 909.691051483154 912.672143936157 845.229118347168 727.985984802246 792.446830749512 685.305419921875 526.933288574219 1021.67671966553 1293.32513427734 712.330596923828 691.035751342773 1067.71223449707 745.676132202148 927.766876220703 680.320770263672 928.726089477539 795.749903202057 632.27653503418 686.625968933105 772.478538513184 815.16873550415 1092.33770751953 898.051137924194 762.334297180176 924.819404602051
460.644592285156 948.129437923431 986.462478637695 707.939563751221 675.082182884216 684.072688102722 700.667277932167 690.88313293457 724.996200561523 637.003707885742 1091.30240631104 832.666358947754 799.298675537109 734.910054683685 920.903428077698 964.949684143066 719.373962402344 659.634078979492 527.540481567383 1595.97203063965 693.557861328125 576.536804199219 538.769836425781 1154.00836181641 677.801834106445 726.768413543701 756.270704269409 853.40824508667 806.912675857544 616.634063720703 695.665405273438 929.11262512207 621.491546630859 812.459884643555 689.341705322266 1131.13818359375 982.597473144531 897.118698120117 525.885467529297 769.335422515869 1187.40157318115 882.993156433105 690.332382202148 785.174396514893 646.170379638672 756.058582305908 751.775955200195 925.434257507324 916.166221618652 633.390441894531
633.486232757568 712.102897644043 811.416282653809 762.243339538574 588.844436645508 823.447441101074 783.773017883301 733.427505493164 717.890132904053 973.963104248047 718.898632049561 1537.51716423035 1067.1795501709 1236.24638366699 1016.85800170898 1647.6275100708 580.276016235352 899.34644317627 687.453201293945 459.298675537109 480.957397460938 442.461517333984 574.728393554688 907.147895812988 462.397247314453 758.410614013672 741.77278137207 874.485940933228 704.915924072266 658.408828735352 665.844467163086 543.212448120117 850.453308105469 584.781677246094 682.74186706543 904.613662719727 1366.80590820312 798.746337890625 706.748611450195 663.597137451172 811.290878295898 795.881294250488 766.176074981689 792.112686157227 753.208290100098 867.261211395264 824.997635364532 865.139005661011 738.787544250488 673.273101806641
657.035613059998 713.00513458252 799.362289428711 524.775482177734 648.671531677246 619.198974609375 558.566879272461 1264.69667816162 704.08731842041 768.578079223633 858.314643859863 841.975959777832 736.799965858459 768.044708251953 606.881546020508 1480.37995910645 644.595458984375 1418.88986968994 525.512268066406 491.523162841797 1361.72938537598 1434.41235351562 1654.77072143555 625.418731689453 855.997253417969 1253.15972137451 748.507957458496 650.983497619629 726.659843444824 717.412582397461 750.75715637207 649.239463806152 613.023330688477 813.89176940918 869.386184692383 744.635330200195 964.052825927734 1004.02001953125 614.003463745117 1155.71188354492 1291.50550842285 930.149017333984 1540.90110588074 811.530398368835 634.551177978516 729.206920266151 730.546245574951 692.619697570801 638.033218383789 498.133209228516
674.790405273438 643.354646682739 700.644197463989 604.548622131348 595.461975097656 550.414916992188 765.148506164551 687.191329479218 701.881443977356 716.487188339233 874.696807861328 805.471946716309 880.572677612305 756.710321426392 444.909454345703 728.428325653076 942.683715820312 683.940475463867 605.46647644043 643.072570800781 656.667922973633 629.454742431641 1702.05902099609 1679.14846801758 636.417098999023 686.840087890625 790.818344116211 613.188385009766 684.834106445312 786.36304473877 602.088821411133 528.001068115234 567.851623535156 717.923767089844 583.476257324219 709.734733581543 522.555633544922 775.576721191406 912.826267242432 1186.4974822998 604.265487670898 728.647308349609 681.37548828125 850.542381286621 671.064788818359 711.630645751953 845.857326507568 757.95210647583 545.967681884766 849.347473144531
655.207492828369 592.696105957031 480.507049560547 727.373199462891 595.063568115234 671.468780517578 710.748134613037 601.395576477051 681.107703454792 766.788200378418 495.201217651367 590.250946044922 602.363822937012 554.917465209961 562.7265625 504.227844238281 721.123817443848 747.250659942627 763.426864624023 704.604564666748 783.329990386963 514.797561645508 1151.62610626221 435.542877197266 695.521286010742 707.43278503418 827.349300384521 743.299446105957 647.635612487793 733.36340713501 757.894241333008 799.94527053833 537.774536132812 695.245681762695 875.643737792969 1196.34593200684 672.78498840332 811.996103286743 716.525032043457 619.347274780273 574.99430847168 948.634673118591 843.237243652344 703.432670593262 769.076267242432 726.054100036621 738.463745117188 681.822906494141 455.700927734375 1274.07458496094
669.741044044495 617.791812896729 778.930267333984 672.991037368774 681.282748222351 571.83422088623 682.873753547668 747.580696105957 657.074876785278 838.986038208008 810.392120361328 611.443450927734 623.997367858887 704.99221098423 488.807388305664 492.611785888672 611.247207641602 587.971801757812 834.323379516602 623.252082824707 829.463104248047 548.783401489258 971.713516235352 447.202972412109 943.588027954102 734.732357025146 791.396180152893 720.266120910645 764.92479801178 823.890518188477 693.69010925293 558.202926635742 671.167068481445 1048.22660064697 781.767287254333 895.373428344727 737.575103759766 756.866035461426 688.043365478516 739.814605712891 775.409484863281 786.905111312866 760.296878814697 736.92004776001 714.931686401367 661.72526550293 739.62483215332 679.525268554688 917.732086181641 2068.14654541016
708.752246856689 694.018589019775 801.75968170166 756.344657897949 680.126979827881 669.383604049683 777.637664794922 811.396133422852 751.584587097168 616.351875305176 599.411033630371 619.164733886719 627.617088317871 715.710914611816 614.036735534668 603.095932006836 561.455352783203 633.106811523438 645.044853210449 932.482727050781 771.989105224609 598.533721923828 702.972427368164 723.028205871582 711.804885864258 687.715881347656 634.524257659912 709.601669311523 773.264619708061 699.596031188965 698.247291564941 643.236854553223 764.438688278198 617.258850097656 757.618235588074 759.930202484131 775.335983276367 783.022087097168 834.168705940247 735.175094604492 593.845611572266 652.162994384766 647.236770629883 811.861179351807 725.259708404541 733.320861816406 516.828216552734 586.71955871582 1167.03799438477 1437.77502441406
737.21524810791 697.260818481445 639.113288879395 675.210744857788 621.213352203369 884.561874389648 751.620277404785 724.128753662109 870.342483520508 756.742065429688 642.842765808105 723.597841262817 526.803176879883 662.399122238159 588.17652130127 596.773254394531 588.612373352051 602.634376525879 687.130968093872 568.094085693359 1054.68064117432 1219.31492614746 527.580764770508 627.93408203125 655.968936920166 655.301513671875 819.21363067627 732.364807128906 610.674835205078 843.461950659752 887.205871582031 766.117971420288 782.242897033691 576.587951660156 755.620054244995 683.542797088623 675.901496887207 625.769233703613 912.095993041992 654.2998046875 516.639984130859 728.35737991333 741.3740234375 584.64045715332 713.960830688477 651.333740234375 621.814453125 740.555236816406 625.904739379883 1108.45379638672
634.903385162354 639.534078598022 621.256175994873 757.893913269043 655.591430664062 837.862854003906 788.159744262695 787.696317672729 826.849426269531 645.981870651245 715.757987976074 637.866445541382 677.510340690613 576.994735717773 502.708770751953 557.333312988281 641.214683532715 690.710292816162 584.537872314453 790.452606201172 599.634414672852 704.232032775879 660.241317749023 605.463447570801 690.587650299072 599.150405883789 609.55770111084 818.161301612854 726.538365364075 1135.86954641342 597.61360168457 704.736850738525 667.473278045654 677.130996704102 704.72954082489 601.72053527832 642.752647399902 746.595741271973 674.368408203125 639.702972412109 760.095524787903 660.991622924805 750.348108291626 735.820129394531 719.59977722168 833.753665924072 709.216789245605 579.026077270508 589.341262817383 564.605346679688
642.338199615479 794.924102783203 708.827632904053 733.939163208008 695.0732421875 705.113265991211 702.458707809448 764.524116516113 828.253219604492 861.76318359375 690.853683948517 816.110244750977 647.797843933105 538.075622558594 651.925029754639 452.20637512207 649.152374267578 601.702362060547 605.458541870117 617.637718200684 961.600112915039 646.979553222656 585.644927978516 793.474327087402 635.930252075195 686.378303527832 487.444885253906 774.234428405762 730.749771118164 694.234901428223 832.774124145508 743.920958518982 715.938669204712 762.453950881958 656.915267944336 706.505638122559 819.625541687012 671.927680969238 610.39323425293 773.791363716125 596.914108276367 580.020538330078 627.407455444336 848.01212310791 726.132415771484 797.700551986694 607.667388916016 689.3359375 585.963821411133 697.439521789551
721.848552703857 642.313823699951 694.496688842773 653.097064971924 705.519226074219 694.269229888916 753.450790405273 683.410210609436 706.59250831604 798.510154724121 688.827898025513 738.36803817749 637.76452255249 599.44807434082 548.341415405273 602.162307739258 733.5751953125 577.767967224121 666.456615447998 616.342880249023 662.550148010254 609.440612792969 646.802021026611 644.58464050293 641.964340209961 695.792417526245 576.918975830078 732.678767204285 770.144373416901 671.052597045898 750.780586242676 808.173919677734 761.094934463501 757.035358428955 617.24186706543 531.89860534668 664.108791351318 758.011451721191 750.491046905518 707.978931427002 658.911949157715 674.812767028809 757.692076206207 832.308723449707 732.373977661133 738.05339050293 737.17748260498 811.802186965942 530.593078613281 552.688247680664
605.066558837891 807.783935546875 651.359331130981 692.182935714722 617.027729034424 713.028022766113 768.264678955078 659.527438163757 667.753313824534 683.924067974091 822.941604614258 690.696141242981 672.001689910889 702.584247589111 560.165374755859 756.803520202637 821.680267333984 583.924545288086 788.475677490234 838.73921585083 789.41625213623 738.705318450928 773.403617858887 631.326278686523 716.61837387085 664.462493896484 628.613632202148 678.078002929688 757.664848327637 811.698623657227 764.416732788086 659.209533691406 679.327056884766 760.774383544922 597.434722900391 686.9821434021 689.623867034912 684.390266418457 621.651161193848 677.606128692627 710.283824920654 574.284576416016 802.543872833252 835.765579223633 633.149238586426 781.038028717041 767.52938079834 734.627101898193 724.251083374023 697.060806274414
673.910133361816 610.448616027832 625.543239593506 706.329605102539 759.285751342773 762.589012145996 552.62043762207 594.566513061523 752.589431762695 602.510841369629 752.34676361084 788.101745605469 750.323822021484 843.841934204102 666.050454854965 680.662998437881 617.673778533936 721.640371322632 569.261688232422 751.639560699463 697.074420928955 618.842842102051 752.730369567871 737.226369857788 652.320991516113 774.001052856445 746.129674911499 754.724960327148 837.650001525879 859.315338134766 901.865264892578 739.198076248169 714.950366020203 845.761436462402 835.736427307129 576.934310913086 545.082641601562 542.184036254883 627.38850402832 744.338450431824 522.592376708984 629.644714355469 828.669136047363 726.408250808716 711.824165344238 780.998817920685 692.814308166504 689.5615234375 735.194067001343 729.393085479736
