export/dem/dem18.asc
NCOLS 350
NROWS 171
XLLCORNER 152620
YLLCORNER 418050
CELLSIZE 100
NODATA_VALUE -9999
[rows 0 to 21 of 171, columns 100 to 149 of 350]
-9999 -9999 -9999 -9999 -9999 -9999 -9999 -9999 -9999 -9999 -9999 -9999 -9999 -9999 -9999 -9999 -9999 -9999 -9999 -9999 -9999 -9999 -9999 -9999 -9999 -9999 -9999 -9999 -9999 -9999 -9999 -9999 -9999 -9999 -9999 -9999 -9999 -9999 -9999 -9999 -9999 -9999 -9999 -9999 -9999 -9999 749.635341644287 763.513187408447 558.727149963379 528.091110229492
-9999 -9999 -9999 -9999 -9999 -9999 -9999 -9999 -9999 -9999 -9999 -9999 -9999 -9999 -9999 -9999 -9999 -9999 -9999 -9999 -9999 -9999 -9999 -9999 -9999 -9999 -9999 -9999 -9999 -9999 -9999 -9999 -9999 -9999 -9999 -9999 -9999 -9999 -9999 -9999 856.71900177002 770.203392982483 845.644844055176 759.749031066895 611.486905574799 833.877670288086 599.717399597168 695.00700378418 613.702701568604 468.410095214844
-9999 -9999 -9999 -9999 -9999 -9999 -9999 -9999 -9999 -9999 -9999 -9999 -9999 -9999 -9999 -9999 -9999 -9999 -9999 -9999 -9999 -9999 -9999 -9999 -9999 -9999 -9999 -9999 -9999 -9999 -9999 -9999 -9999 -9999 -9999 -9999 -9999 805.805973052979 776.983489990234 695.67120218277 705.45569229126 737.368227005005 907.902633666992 661.001159667969 515.387817382812 510.209350585938 515.151374816895 491.79704284668 411.027557373047 428.049102783203
-9999 -9999 -9999 -9999 -9999 -9999 -9999 -9999 -9999 -9999 -9999 -9999 -9999 -9999 -9999 -9999 -9999 -9999 -9999 -9999 -9999 -9999 -9999 -9999 -9999 -9999 -9999 -9999 -9999 -9999 -9999 -9999 -9999 -9999 832.579414367676 877.225883483887 799.372630119324 738.699226379395 753.08903503418 533.049533843994 721.04426574707 777.978118896484 714.468547821045 665.460457801819 682.664205551147 595.659204483032 503.58869934082 716.818477630615 668.914688110352 466.710342407227
-9999 -9999 -9999 -9999 -9999 -9999 -9999 -9999 -9999 -9999 -9999 -9999 -9999 -9999 -9999 -9999 -9999 -9999 -9999 -9999 -9999 -9999 -9999 -9999 -9999 -9999 -9999 -9999 -9999 -9999 -9999 -9999 732.339122772217 700.820456981659 690.049259185791 732.017993927002 766.967189788818 767.529426574707 737.462692260742 482.024024963379 540.461708068848 770.767845153809 669.708410263062 775.775299072266 696.040865898132 603.779418945312 782.909606933594 741.626501083374 780.79451751709 850.545394897461
-9999 -9999 -9999 -9999 -9999 -9999 -9999 -9999 -9999 -9999 -9999 -9999 -9999 -9999 -9999 -9999 -9999 -9999 -9999 -9999 -9999 -9999 -9999 -9999 -9999 -9999 -9999 -9999 -9999 -9999 613.448352813721 648.447219848633 760.817184448242 523.014915466309 579.127569198608 775.392951965332 717.709239006042 771.044277191162 784.758895874023 567.281997680664 691.170552253723 714.199868202209 688.015746593475 740.581165313721 717.289245605469 788.560655593872 780.665138244629 847.163957178593 914.466163635254 603.113761901855
-9999 -9999 -9999 -9999 -9999 -9999 -9999 -9999 -9999 -9999 -9999 -9999 -9999 -9999 -9999 -9999 -9999 -9999 -9999 -9999 -9999 -9999 -9999 -9999 -9999 -9999 -9999 641.693580627441 748.564247131348 551.141023635864 454.980056762695 537.826366424561 518.474739074707 506.059539794922 491.93660736084 643.450618743896 732.740526199341 656.406423568726 607.812896728516 773.15620803833 950.493179321289 788.498336791992 859.86319732666 747.732501983643 646.767750740051 734.45937538147 955.001426696777 1035.67468261719 873.87841796875 861.09700012207
-9999 -9999 -9999 -9999 -9999 -9999 -9999 -9999 -9999 -9999 -9999 -9999 -9999 -9999 -9999 -9999 -9999 -9999 -9999 -9999 -9999 -9999 -9999 -9999 750.341318130493 631.689834594727 753.570755004883 521.523773193359 630.15060043335 564.114532470703 535.588386535645 584.004389286041 572.698942661285 636.072425842285 560.741306304932 571.86127281189 604.949340820312 563.538566589355 744.30933380127 723.437252044678 786.432210922241 787.224029541016 762.022010803223 904.958914041519 755.312858581543 1083.89688110352 927.163963317871 985.43285369873 734.449035644531 1083.4939956665
-9999 -9999 -9999 -9999 -9999 -9999 -9999 -9999 -9999 -9999 -9999 -9999 -9999 -9999 -9999 -9999 -9999 -9999 -9999 -9999 -9999 -9999 746.52409362793 702.071346282959 597.283405303955 587.22910118103 549.660552978516 606.684105873108 612.528305053711 494.575386047363 526.272079467773 631.428115844727 654.578514099121 566.333883285522 752.946105957031 588.735968112946 593.535258293152 750.855262756348 691.769950866699 817.584037780762 1011.17105865479 683.518274307251 691.519540786743 641.221221923828 633.834575653076 1086.20683383942 908.557250976562 517.474517822266 579.21549987793 327.832427978516
-9999 -9999 -9999 -9999 -9999 -9999 -9999 -9999 -9999 -9999 -9999 -9999 -9999 -9999 -9999 -9999 -9999 -9999 -9999 1149.39487838745 652.154747009277 676.345932006836 778.372970581055 604.929830551147 597.789443969727 450.779121398926 557.384765625 595.024286270142 596.36936378479 541.376941680908 387.103179931641 456.81681060791 552.642639160156 684.116348266602 637.322231292725 640.082782745361 638.613254547119 608.737869262695 616.237390518188 625.173416137695 695.006410598755 684.933517456055 645.540195465088 653.353084564209 604.020523071289 843.714096069336 635.86597442627 579.918907165527 624.765815734863 505.183197021484
-9999 -9999 -9999 -9999 -9999 -9999 -9999 -9999 -9999 -9999 -9999 -9999 -9999 -9999 -9999 -9999 -9999 1117.46813201904 1044.53689575195 926.527557373047 621.201917648315 759.424736022949 554.413591384888 501.918304443359 445.511596679688 593.280471801758 536.171630859375 693.192832946777 636.078136444092 641.82816696167 648.790224075317 486.023460388184 369.340972900391 543.509149551392 633.005508422852 471.822105407715 619.738761901855 518.494781494141 589.850685119629 577.776649475098 671.069024085999 670.822023391724 581.206535339355 479.894454956055 587.666954040527 644.297504425049 668.407239198685 417.489410400391 504.307220458984 588.90930557251
-9999 -9999 -9999 -9999 -9999 -9999 -9999 -9999 -9999 -9999 -9999 -9999 -9999 -9999 581.000091552734 801.901725769043 693.609743118286 941.906372070312 924.711009979248 770.038696289062 958.43713760376 607.621450424194 623.053123474121 634.035034179688 676.214600563049 592.112731933594 653.990814208984 760.334838867188 542.065383911133 583.978721618652 657.077480316162 362.578308105469 520.399143218994 408.637268066406 597.73671913147 672.547180175781 360.299285888672 511.805305480957 532.963317871094 734.227535247803 671.93249130249 777.637062072754 828.546875 631.560340881348 491.922775268555 644.046733856201 588.835914611816 615.806907653809 552.404434204102 550.097732543945
-9999 -9999 -9999 -9999 -9999 -9999 -9999 -9999 -9999 -9999 -9999 -9999 912.637649536133 798.173027038574 794.036407470703 661.939640045166 581.028076171875 670.836887359619 904.489387512207 974.942090034485 900.902160644531 674.110046386719 552.813591003418 615.064865112305 367.045837402344 684.472763061523 735.628314971924 503.081558227539 611.974746704102 373.806304931641 418.084915161133 487.156471252441 370.448738098145 387.919876098633 684.869758605957 577.414861679077 437.931037902832 578.724166870117 517.465919494629 623.188022613525 624.209892272949 612.63729095459 542.236450195312 605.985202789307 607.487182617188 565.377964019775 664.823295593262 569.733222961426 573.355087280273 566.436235427856
-9999 -9999 -9999 -9999 -9999 -9999 -9999 -9999 -9999 -9999 688.802505493164 711.952880859375 747.910089015961 735.128197193146 637.229652404785 673.906566619873 530.010696411133 456.834548950195 499.488983154297 475.890914916992 591.213104963303 592.16076862812 513.224868774414 671.485328674316 720.566101074219 726.134003639221 670.183395385742 829.446887969971 813.96891784668 596.167827606201 515.366577148438 395.776298522949 386.38614654541 270.392379760742 597.560815811157 539.965034484863 524.121383666992 711.455310821533 552.123336791992 478.665687561035 537.816055297852 568.305480957031 730.952377319336 602.356269836426 439.44938659668 610.225929260254 641.020099639893 626.656709671021 498.417747497559 635.294603347778
769.299600601196 728.54016494751 700.14933013916 667.547054290771 746.619819104671 576.097080230713 445.806289672852 316.655426025391 340.996887207031 143.333862304688 752.471321105957 517.498504638672 559.562004089355 530.523063659668 748.717864990234 637.018022537231 773.066940307617 712.948348999023 462.185974121094 550.269878387451 487.914688110352 578.70580291748 765.410461425781 754.746181488037 632.762580871582 572.791229248047 655.835838317871 713.130393028259 544.233772277832 606.032253265381 403.90438079834 624.882947921753 313.460906982422 229.5751953125 592.448120117188 675.168950080872 715.872997283936 475.53303527832 434.426528930664 675.612482070923 573.946311950684 744.005317687988 363.776870727539 509.463943481445 621.660120010376 566.976490020752 532.362174987793 525.93127822876 557.137044906616 726.824962615967
700.99511560332 822.704742431641 690.189834594727 671.640270233154 650.499588012695 308.197204589844 351.134368896484 289.748077392578 340.98624420166 375.688690185547 653.590511322021 530.971557617188 491.796600341797 497.402191162109 552.812759399414 505.106872558594 724.535369873047 488.068992614746 551.03678894043 675.965881347656 811.258773803711 716.529005050659 518.653984069824 681.315994262695 675.333770751953 738.60383605957 624.414180755615 418.300895690918 634.897968292236 714.536560058594 633.737236022949 452.116149902344 445.444686889648 337.641395568848 632.488243103027 701.378601074219 673.597034811974 557.215545654297 580.667928695679 611.918344497681 569.635803222656 551.870063781738 447.531158447266 595.190071105957 743.560512542725 1206.93594408035 792.622253417969 920.703765869141 567.136363983154 464.017959594727
577.788774490356 784.709503173828 612.504043579102 611.365642547607 373.348480224609 351.867118835449 363.130813598633 387.193656921387 269.254425048828 382.949966430664 526.64119720459 433.224304199219 444.914520263672 429.317306518555 497.563568115234 746.022970199585 765.645324707031 593.631759643555 669.156967163086 773.056196212769 732.106494903564 1007.42247009277 652.598979949951 619.003364562988 625.716742753983 671.00191116333 589.549194335938 592.100875854492 450.297204971313 574.016773223877 559.461418151855 714.38805770874 530.828857421875 787.266229629517 576.324253082275 820.501510620117 586.570533752441 462.291511535645 525.523796081543 598.692459106445 711.059219360352 533.647705078125 875.638275146484 785.577125549316 760.423492431641 594.8125 628.554639816284 731.376182556152 571.805446624756 769.550720214844
485.816078186035 570.36986541748 834.201629638672 480.61026763916 526.344345092773 499.586975097656 675.827835083008 1023.9673614502 526.794578552246 497.184478759766 509.456909179688 302.574462890625 487.962448120117 645.594635009766 641.145622253418 644.338802337646 611.981353759766 793.936997652054 514.792020887136 815.593203544617 694.326663970947 700.88011932373 521.182624816895 712.308013916016 644.207214355469 522.409729003906 655.52269744873 781.485260009766 759.28670501709 700.008026123047 638.184307098389 709.21419262886 651.974294662476 593.348932266235 647.150085449219 1082.80616760254 687.034282684326 458.921737670898 506.497055053711 471.56135559082 1089.03851318359 664.962028503418 469.293701171875 436.351959228516 655.636500835419 690.892217636108 692.290615081787 671.397996902466 745.645614624023 679.051811218262
752.410606384277 573.78547668457 969.965316772461 455.176376342773 733.379095077515 565.71900177002 878.606676101685 964.208557128906 503.346405029297 709.525771141052 731.651920318604 653.535335540771 552.383758544922 700.797664642334 560.805700302124 502.969253540039 812.020858764648 623.908233642578 506.922668457031 759.036254882812 657.758445739746 627.559616088867 781.56111907959 476.507400512695 495.381225585938 556.531227111816 521.360094070435 458.261901855469 1186.64822769165 901.683780670166 729.406856536865 838.415586471558 1126.52426147461 1128.21713256836 794.995426177979 1203.75150299072 1167.21569061279 808.235336303711 511.49853515625 560.701179504395 579.509777784348 517.238010406494 517.995529174805 524.87190246582 516.874084472656 726.102836608887 789.94270324707 629.250092506409 685.857719421387 694.965606689453
830.219093322754 739.706457138062 1299.21675872803 633.105224609375 833.741460800171 718.443702697754 746.391387939453 1036.92407226562 912.244686126709 705.802072525024 741.896865844727 1032.79736709595 895.145988464355 915.976295471191 489.15824508667 1084.94457244873 609.399276733398 647.406253814697 696.322883605957 1049.42563152313 901.260885238647 712.827998638153 617.8596534729 615.71993637085 1103.4969329834 1113.95487594604 792.376636505127 538.26025390625 647.979808807373 590.905883789062 552.182267189026 523.831573486328 533.468021392822 558.572944641113 576.053413391113 1213.24995231628 606.00606918335 668.274343490601 683.540071487427 481.801910400391 613.055065155029 602.080074310303 596.188377380371 660.634840011597 534.279136657715 568.717308044434 714.897743225098 569.038264274597 699.699745178223 475.874603271484
775.237560272217 507.926231384277 542.586547851562 595.230872154236 486.733024597168 671.148826599121 815.785335540771 491.123794555664 847.896064758301 591.339172363281 649.864944458008 979.74303817749 688.134784698486 897.832458496094 1021.46954345703 1136.02695178986 1194.73923492432 1215.42715454102 604.226696014404 551.746131896973 835.820430755615 371.971496582031 1072.74217987061 407.470794677734 481.521682739258 1010.87091064453 382.609893798828 557.688583374023 509.540946960449 393.971649169922 673.529754638672 496.996650695801 641.052913665771 600.541790008545 782.467483520508 569.140113830566 542.100036621094 758.749549865723 612.591690063477 678.289470672607 619.308048248291 637.365455627441 592.609222412109 655.180372238159 613.074251525104 733.912910461426 612.730522155762 684.370010375977 586.157131195068 586.532709121704
547.747467041016 595.513966560364 594.810260772705 654.536041259766 604.708430528641 809.300720214844 689.08797454834 809.560241699219 797.55387878418 480.33219909668 743.575885772705 825.966690063477 585.60181427002 677.841430664062 412.718887329102 2254.07998657227 1233.66285133362 725.372611999512 488.944320678711 836.104522705078 929.387835860252 499.840354919434 549.731086730957 1087.12312316895 1036.08090209961 1585.51399803162 946.992340087891 818.505393981934 601.123992919922 349.371765136719 607.964044570923 567.945201873779 503.61759185791 704.276596069336 604.854970932007 600.685354232788 543.457511901855 708.165882110596 650.794082641602 774.982872009277 726.594879150391 635.313959121704 732.524078369141 679.523990631104 764.522674560547 724.021957397461 582.681968688965 760.909301757812 634.867712020874 740.553825378418
