export/dem/dem12.asc
NCOLS 350
NROWS 171
XLLCORNER 152620
YLLCORNER 418050
CELLSIZE 100
NODATA_VALUE -9999
[rows 110 to 131 of 171, columns 200 to 249 of 350]
-9999 -9999 -9999 748.136428833008 727.33186340332 558.869895935059 605.910213470459 745.493194580078 702.246719360352 956.17741394043 638.271415710449 793.233024597168 668.180603504181 712.799671173096 566.889991760254 580.618007659912 820.013360023499 638.398644924164 530.402366638184 654.860776901245 578.669544219971 625.084355831146 696.935102462769 469.645126342773 434.844306945801 550.496726989746 646.24963760376 738.070755004883 775.648551940918 753.870620727539 647.365546226501 633.026794433594 599.27010345459 600.723846435547 471.220184326172 433.552093505859 545.556045532227 633.963584899902 553.746561050415 484.99781036377 526.690292358398 644.390642166138 806.680225372314 678.308975219727 1232.22137451172 757.833679199219 832.534957885742 1250.84477996826 660.477401733398 813.52515411377
-9999 -9999 -9999 -9999 686.515846252441 584.852806091309 741.929473876953 730.757762908936 685.639678955078 846.509938716888 714.783298492432 711.39762878418 766.609901428223 830.657485961914 556.934036254883 575.025894165039 644.996854066849 386.502471923828 570.592517852783 675.901309967041 561.138214111328 555.978126525879 1310.41801452637 526.470703125 477.183799743652 568.436717987061 720.666263580322 837.060348510742 636.608692169189 482.265380859375 613.517004966736 728.158260345459 510.445785522461 677.423869132996 637.169017791748 533.647964477539 708.357746124268 772.468379974365 647.139220237732 576.241020202637 805.080662727356 552.498306274414 698.901872634888 994.974263191223 587.410118103027 756.631896972656 1114.99113464355 815.057945251465 569.248977661133 885.270294189453
-9999 -9999 -9999 -9999 897.300666809082 854.229644775391 632.196517944336 807.584035873413 852.003211975098 731.736183166504 636.662528991699 783.287113189697 709.820117950439 599.980293273926 577.95970916748 537.632781982422 338.051086425781 598.798667907715 530.434928894043 523.422958374023 674.1075963974 670.272121429443 625.135063648224 633.083890914917 583.388668060303 669.220252990723 651.2952003479 629.227458953857 644.232234954834 593.496429443359 654.846347808838 438.227569580078 572.178001403809 446.263031005859 589.512298583984 637.577724456787 655.529413223267 649.888130187988 810.818290710449 825.986789703369 665.518692016602 711.804689407349 684.416668891907 726.591934204102 516.882392883301 838.919082641602 1149.54663848877 757.373626708984 691.68529510498 739.527473449707
-9999 -9999 -9999 -9999 -9999 881.475200653076 723.918555557728 846.798034667969 665.198455810547 823.017578125 1252.11446380615 758.123680114746 686.720299720764 731.65225982666 588.889305114746 557.342300415039 477.505584716797 568.026443481445 590.75724029541 556.455390930176 470.464416503906 922.302932739258 617.758918762207 382.090896606445 695.07039642334 645.595617294312 684.72435760498 857.242767333984 731.974227905273 728.471038818359 579.076343536377 808.964469909668 624.089302062988 441.165878295898 515.409255981445 596.034934997559 543.332504272461 720.129917144775 671.722999572754 678.517272949219 777.629440307617 781.831001281738 790.414647340775 814.137819051743 835.037651538849 799.02921962738 1023.7054901123 1331.84458637238 800.467491149902 894.503845214844
-9999 -9999 -9999 -9999 -9999 830.016192436218 836.310348510742 704.959781646729 662.192304611206 856.295921325684 1256.86167144775 801.047554016113 584.611129760742 706.739486694336 643.572895050049 815.654983520508 616.753646850586 495.973266601562 543.770431518555 542.900009155273 1103.31706237793 520.538970947266 626.100034713745 513.318313598633 705.40217590332 689.260097503662 732.796550750732 724.484531402588 712.934261322021 912.48258972168 777.223609924316 702.330575942993 606.444526672363 500.565414428711 500.078018188477 675.707709312439 761.904541015625 664.279083251953 729.023785591125 676.213665008545 761.223818302155 914.341857910156 854.612277984619 568.238784790039 885.050300598145 704.862060546875 729.855743408203 701.37956237793 537.206466674805 511.389709472656
-9999 -9999 -9999 -9999 -9999 898.384974718094 760.836622238159 686.828007698059 845.797943115234 735.673179626465 902.423942565918 718.837989807129 722.597749650478 608.222473144531 607.211372375488 553.300476074219 647.526847839355 422.504180908203 559.123908996582 1180.78028106689 529.853668212891 791.22437286377 624.97985458374 702.091659545898 576.188430786133 760.76194190979 913.505798339844 636.565475463867 809.488945007324 672.712594985962 743.371635437012 597.77311706543 575.043701171875 475.378311157227 740.801677703857 719.162644863129 658.819402694702 750.121475219727 454.02326965332 695.663562774658 558.283882141113 858.478371500969 670.780250549316 933.913879394531 776.750155925751 762.478176116943 595.802993774414 707.401519775391 701.40348815918 652.629150390625
-9999 -9999 -9999 -9999 -9999 -9999 935.937656402588 1035.36363220215 860.061790466309 825.883834838867 888.634727478027 836.499118804932 734.455471038818 635.930320739746 665.492671966553 576.920989990234 532.704666137695 603.439781188965 665.259780883789 539.578544616699 498.087326049805 587.291381835938 605.560199737549 678.100405931473 704.085941314697 659.769630432129 791.323287963867 666.374137878418 664.854236602783 673.056255340576 777.060585021973 707.431894302368 608.827529907227 712.572303771973 691.457527160645 642.273025512695 678.017001152039 687.539832115173 609.439926147461 634.214431762695 689.763542175293 796.394452095032 681.462085723877 763.329751968384 960.669387817383 871.287994384766 954.824180603027 968.606945037842 835.404088973999 836.462890625
-9999 -9999 -9999 -9999 -9999 -9999 894.624963760376 1319.75731658936 1250.66630935669 694.387189865112 724.678409576416 811.709987640381 1008.57797241211 704.466537475586 672.881538391113 681.800254821777 554.308883666992 703.837925434113 1050.16200256348 576.134834289551 612.788734436035 536.844085693359 524.590484619141 826.20100402832 709.586416244507 901.693756103516 682.303497314453 846.548431396484 634.31812286377 715.670177102089 707.667388916016 737.751649856567 692.89790725708 855.694854736328 924.75821685791 915.322002410889 968.610343933105 618.019073486328 523.034530639648 653.876216888428 653.261795043945 681.707778930664 596.640823364258 541.656936645508 656.505851745605 669.376647949219 713.162910461426 741.135116577148 920.62190246582 755.816520690918
-9999 -9999 -9999 -9999 -9999 -9999 -9999 1073.92518615723 733.960189819336 798.009044647217 636.455646514893 705.060718536377 631.746635437012 754.883804321289 684.332870483398 549.052200317383 650.465911865234 1333.65232849121 671.784317016602 622.400535583496 661.060930252075 590.486534118652 751.325325012207 724.16609954834 990.166946411133 832.09130859375 742.376462936401 1175.51885986328 841.279714584351 525.982849121094 631.853527069092 845.172668457031 614.169428825378 803.266487121582 879.543252944946 906.109199523926 1005.65370178223 959.356121063232 1127.44256210327 648.968547821045 616.762847900391 850.954772949219 720.521022796631 690.88191986084 860.805023193359 566.029739379883 721.407612800598 602.198127746582 713.645603179932 535.323333740234
-9999 -9999 -9999 -9999 -9999 -9999 -9999 -9999 766.607299804688 935.298828125 830.235282897949 554.21711730957 662.603851318359 582.528701782227 609.026138305664 549.893478393555 1438.07711791992 528.065200805664 650.211494445801 595.574401855469 737.236380577087 592.193908691406 694.832809448242 821.551467895508 867.088973999023 814.351806640625 686.499614715576 696.875053405762 879.281133651733 748.096000671387 645.459327697754 585.81477355957 703.679542541504 859.775043487549 842.719058990479 636.500335693359 949.996373176575 834.444198608398 956.228660583496 913.672470092773 542.985153198242 729.055108070374 727.350481033325 552.123672485352 616.685958862305 580.504318237305 581.760158538818 519.897117614746 733.71280670166 595.172130584717
-9999 -9999 -9999 -9999 -9999 -9999 -9999 -9999 -9999 1381.75640869141 1277.2911605835 1272.80146408081 559.829025268555 471.843292236328 661.906402587891 644.861038208008 832.30940246582 606.824752807617 618.49397277832 761.934070587158 784.282115936279 733.806977272034 587.338684082031 734.065707683563 794.97021484375 935.577651977539 674.282688140869 605.056205749512 822.104427337646 658.296674728394 654.848735809326 585.294841766357 657.768692016602 454.546607971191 736.07071685791 662.115188598633 705.143814086914 788.651718139648 955.146705627441 925.438034057617 1116.7159576416 755.59136390686 819.083503723145 882.078598022461 674.0739402771 515.124092102051 531.009323120117 586.313439130783 334.408584594727 517.211074829102
-9999 -9999 -9999 -9999 -9999 -9999 -9999 -9999 -9999 -9999 883.632247924805 612.583000183105 459.82479095459 705.987503051758 630.679161071777 737.948603153229 757.343830108643 829.499446868896 731.986831665039 793.09407043457 763.079216957092 695.341442108154 740.3272356987 859.769798278809 1105.52659809589 847.323322296143 517.501301765442 591.482196807861 784.813747406006 747.396322250366 641.374671936035 614.002349853516 328.980972290039 427.504196166992 697.549758911133 743.784057617188 668.669311523438 1007.81032562256 875.287710189819 817.439590454102 1001.16394042969 659.269702911377 630.160537719727 818.069379806519 598.376363754272 635.537196159363 610.358089447021 553.842903137207 531.354804992676 559.166893005371
-9999 -9999 -9999 -9999 -9999 -9999 -9999 -9999 -9999 -9999 -9999 1282.71830749512 991.20751953125 806.520263671875 528.312187194824 729.243675231934 898.11100769043 809.121227264404 840.988288879395 629.605377197266 811.88535118103 753.067831039429 869.617324829102 641.856582164764 1016.22945594788 847.240348815918 1122.25198364258 907.338629722595 754.019710540771 795.05583190918 798.290336608887 887.741683959961 701.798564910889 741.211086273193 583.115447998047 827.464415550232 706.143844604492 834.819879055023 874.582921981812 799.428436279297 942.899638175964 660.120704650879 664.411270141602 500.139053344727 644.703741073608 519.633758544922 658.979412555695 721.571949005127 742.735282897949 863.257827758789
-9999 -9999 -9999 -9999 -9999 -9999 -9999 -9999 -9999 -9999 -9999 -9999 1130.59914779663 1113.73083496094 564.354331970215 703.169860839844 635.458419799805 638.180290222168 741.470481872559 661.733455657959 686.295523643494 622.067359924316 465.102081298828 469.565475463867 710.674331665039 957.598846435547 921.53254699707 677.821791172028 859.603164672852 746.943916320801 856.871273994446 785.354736328125 683.086982727051 680.534454345703 690.450839996338 661.367111206055 782.881542205811 791.675746917725 739.996215820312 752.224632263184 768.746864318848 899.860904693604 696.333724975586 556.959358215332 651.914337158203 635.076416015625 729.689777374268 606.006958007812 780.314659118652 636.774261474609
-9999 -9999 -9999 -9999 -9999 -9999 -9999 -9999 -9999 -9999 -9999 -9999 -9999 -9999 722.879314422607 775.055639266968 602.427558898926 988.072483062744 510.279518127441 811.899520874023 691.033958435059 611.606178283691 484.557312011719 573.444063186646 565.815460205078 787.012077331543 796.431716918945 751.211573600769 764.75032043457 962.261360168457 803.617736816406 778.261871337891 544.954360961914 582.066818237305 557.705718994141 539.549598693848 802.165084838867 896.423114776611 913.597175598145 1158.30659484863 926.345550537109 994.53938293457 558.464836120605 548.388626098633 621.075035095215 452.695281982422 757.306991577148 701.276021957397 646.81428527832 711.890830993652
-9999 -9999 -9999 -9999 -9999 -9999 -9999 -9999 -9999 -9999 -9999 -9999 -9999 -9999 -9999 -9999 -9999 1220.33731079102 856.948867797852 865.716674804688 894.636161804199 884.858436584473 954.556884765625 732.713264465332 848.380302429199 712.776458740234 523.09440612793 615.45320892334 730.201782226562 718.790279388428 693.644058227539 738.904934883118 908.447608947754 797.924350738525 642.515830993652 637.965700149536 515.44889831543 858.681251525879 846.522810935974 614.713745117188 474.122032165527 1012.22665405273 577.116214752197 685.080631256104 537.694030761719 765.14379119873 647.349388122559 786.848320007324 714.023849487305 633.37243270874
-9999 -9999 -9999 -9999 -9999 -9999 -9999 -9999 -9999 -9999 -9999 -9999 -9999 -9999 -9999 -9999 -9999 -9999 -9999 -9999 901.445780754089 810.994033813477 703.891311645508 887.60009086132 1020.96606445312 847.249839782715 697.930992126465 708.931571960449 914.488510131836 645.524536132812 848.639041900635 760.409648895264 957.391784667969 667.026329040527 730.957271575928 568.415130615234 638.064247131348 804.147132873535 1009.02208709717 672.386034488678 698.800800323486 717.861701965332 591.531246185303 781.201072692871 627.146278381348 743.732118606567 701.962270736694 565.134773254395 615.668327331543 708.578519821167
-9999 -9999 -9999 -9999 -9999 -9999 -9999 -9999 -9999 -9999 -9999 -9999 -9999 -9999 -9999 -9999 -9999 -9999 -9999 -9999 -9999 -9999 -9999 -9999 -9999 923.486844062805 988.053436279297 883.174833297729 831.005073547363 772.44303894043 871.157543182373 849.326892852783 622.067825317383 662.825022697449 662.005104064941 847.562151908875 854.991348266602 869.053531646729 698.38903427124 819.643447875977 705.886352539062 1020.01413154602 551.15731048584 634.736022949219 561.669525146484 750.018898010254 698.810125350952 782.724472045898 718.888658285141 725.1810297966
-9999 -9999 -9999 -9999 -9999 -9999 -9999 -9999 -9999 -9999 -9999 -9999 -9999 -9999 -9999 -9999 -9999 -9999 -9999 -9999 -9999 -9999 -9999 -9999 -9999 -9999 -9999 -9999 -9999 980.110504150391 966.106071472168 879.287475585938 852.367602348328 768.275039672852 673.48123550415 714.665424346924 767.417633056641 866.352111816406 770.095037460327 748.187141418457 626.090496063232 673.63200378418 782.013931274414 579.048187255859 741.277816772461 733.563638687134 572.775001525879 643.831527709961 815.010818481445 691.202903747559
-9999 -9999 -9999 -9999 -9999 -9999 -9999 -9999 -9999 -9999 -9999 -9999 -9999 -9999 -9999 -9999 -9999 -9999 -9999 -9999 -9999 -9999 -9999 -9999 -9999 -9999 -9999 -9999 -9999 -9999 -9999 966.859741210938 946.868562698364 784.834465026855 822.597827911377 791.359970092773 872.230443954468 607.078323364258 717.138525009155 516.297462463379 983.68147277832 557.423515319824 647.631328582764 692.00217628479 686.174603462219 714.849201202393 570.259490966797 646.543807983398 700.977554321289 650.276092529297
-9999 -9999 -9999 -9999 -9999 -9999 -9999 -9999 -9999 -9999 -9999 -9999 -9999 -9999 -9999 -9999 -9999 -9999 -9999 -9999 -9999 -9999 -9999 -9999 -9999 -9999 -9999 -9999 -9999 -9999 -9999 -9999 723.636913299561 977.58016204834 839.845333099365 781.330694198608 753.409670352936 778.692287445068 638.653173446655 483.988784790039 694.919189453125 658.126861572266 665.040561676025 596.239868164062 682.532072067261 751.655899047852 638.560859680176 659.411987304688 682.784515380859 731.198101997375
-9999 -9999 -9999 -9999 -9999 -9999 -9999 -9999 -9999 -9999 -9999 -9999 -9999 -9999 -9999 -9999 -9999 -9999 -9999 -9999 -9999 -9999 -9999 -9999 -9999 -9999 -9999 -9999 -9999 -9999 -9999 -9999 -9999 917.586702346802 904.747137784958 844.539138793945 726.609836578369 690.484212875366 660.18603515625 817.021717071533 851.676257252693 601.781616210938 855.91618347168 574.187301635742 676.817672729492 680.883838653564 630.465377807617 825.756217956543 707.174117743969 866.227462768555
