export/dem/dem18.asc
NCOLS 350
NROWS 171
XLLCORNER 152620
YLLCORNER 418050
CELLSIZE 100
NODATA_VALUE -9999
[rows 22 to 43 of 171, columns 100 to 149 of 350]
615.100254058838 524.971942901611 565.650373458862 607.216167449951 623.09154510498 437.899612426758 726.710668563843 643.428928375244 700.555961608887 654.385925292969 875.856224060059 509.582504272461 425.450653076172 876.807662963867 535.406372070312 293.917327880859 785.782653808594 793.581436157227 531.878875732422 643.511962890625 926.222274780273 918.803653717041 492.787857055664 427.204071044922 431.112930297852 471.343383789062 457.635093688965 412.487243652344 519.063247680664 506.986549377441 378.886459350586 721.640525817871 510.423141479492 615.246633529663 614.48760509491 596.465042114258 637.290609359741 788.584350585938 735.096420288086 828.793487548828 744.647834777832 735.45930480957 714.102996826172 684.239479064941 709.886627197266 678.268821716309 729.001197814941 706.522789001465 524.859588623047 597.74019241333
516.74231338501 600.020135879517 429.276214599609 499.904861450195 622.787979125977 778.96955871582 653.717586517334 617.723541259766 539.878799438477 625.519672393799 1426.03579711914 518.880706787109 430.948013305664 913.012359619141 415.175903320312 552.258483886719 755.141876220703 459.003128051758 587.592590332031 366.870651245117 674.859832763672 472.850967407227 1202.4239654541 949.352569580078 565.681312561035 672.175559997559 493.522941589355 472.776344299316 544.357234954834 457.274803161621 463.722915649414 402.7783203125 545.471248626709 655.616640090942 690.906494140625 767.273773193359 632.434417724609 765.430938720703 784.599792480469 741.013557434082 795.834533691406 711.287498474121 619.602767944336 753.589096069336 656.685684204102 670.483371734619 620.461207389832 600.624043464661 616.772201538086 608.240344643593
473.204963684082 517.075082778931 580.674713134766 650.013370513916 575.32600402832 846.31005859375 484.978286743164 634.943405151367 458.429458618164 435.512329101562 578.199188232422 1008.91278457642 587.29460144043 717.998512268066 414.496047973633 531.589706420898 666.058361053467 600.577951431274 595.307739257812 765.849647521973 769.36344909668 495.879173278809 573.111980438232 472.762939453125 627.763259887695 667.830993652344 558.776233673096 446.080184936523 445.949890136719 639.446159362793 430.010345458984 519.139064788818 474.147354125977 680.033939361572 624.010627746582 633.241500854492 649.064163208008 549.846214294434 756.28466796875 898.868194580078 754.48804473877 748.009376525879 616.34204018116 765.674377441406 578.621687889099 612.523012161255 435.274520874023 617.296020507812 595.542018890381 542.784088134766
624.945999145508 495.616619110107 537.091232299805 555.328659057617 444.406585693359 511.287231445312 888.46817779541 884.367126464844 521.431549072266 784.580047607422 891.022300720215 863.082214355469 864.312042236328 802.266632080078 634.038970947266 973.000366210938 554.242111206055 640.253173828125 432.200660705566 751.725036621094 1489.59259414673 549.687187194824 640.249174118042 653.534965515137 537.149261474609 489.05916595459 469.639274597168 513.027027130127 307.171463012695 492.57307434082 465.04500579834 644.213005065918 665.134815216064 794.210469722748 879.032119750977 639.900273323059 627.587844848633 704.883857727051 686.82283782959 724.922164916992 535.324356079102 619.949512481689 471.42546081543 643.06787109375 701.831367492676 713.43115234375 672.096748352051 503.041328430176 804.265075683594 535.290733337402
533.888656616211 422.521087646484 693.617111206055 423.578140258789 403.359924316406 475.166778564453 646.897965431213 767.515466451645 1041.32884979248 601.090126037598 586.07666015625 771.443229675293 794.426803588867 541.240295410156 794.49592590332 1071.28605651855 536.09846496582 785.196109771729 638.4033203125 478.009368896484 1160.60586929321 627.976013183594 705.126508712769 587.430375099182 576.961311340332 594.278701782227 607.006414413452 550.989339351654 439.653396606445 595.490339279175 553.352761268616 569.472684860229 395.964416503906 559.649833858013 659.876811981201 576.815319061279 408.592132568359 585.579352378845 630.770938873291 690.121616363525 582.980799615383 493.012817382812 549.337841033936 577.164300918579 614.478363037109 808.844802856445 507.140617370605 736.520141601562 587.429275512695 508.19979095459
509.400424957275 506.515640258789 448.162078857422 362.086975097656 1019.65068054199 1408.59467983246 772.451705932617 481.800491333008 647.150279998779 946.111267089844 657.46410369873 708.990394592285 718.82780456543 477.608489990234 547.529663085938 1035.53694915771 1267.06275939941 513.096176147461 581.393661499023 744.035942077637 504.84504699707 516.955673217773 443.411041259766 615.671415328979 730.828666687012 483.390090942383 542.420927047729 526.907302379608 524.942420959473 585.949625015259 506.808650970459 416.203918457031 460.124717712402 489.529006958008 449.009819030762 495.077255249023 621.20387840271 604.188219070435 619.879409790039 629.275875091553 568.745772838593 428.605560302734 686.283905029297 664.063262939453 514.450046539307 728.21142578125 560.633413314819 714.288436889648 568.856143951416 511.67166519165
521.648688316345 811.682502746582 458.426254272461 533.466323852539 463.352630615234 571.852561950684 525.98950958252 522.962295532227 827.062463760376 485.330749511719 862.623985290527 651.670162200928 339.634826660156 626.071411132812 916.345104217529 583.872703552246 514.70728302002 935.803939819336 1150.98673248291 469.58088684082 549.156009674072 588.384098052979 554.389961242676 437.978042602539 591.257564544678 594.042957305908 556.458267211914 519.959486961365 494.930770874023 451.542961120605 406.798873901367 469.322685241699 631.356872558594 616.739685058594 438.43009185791 566.347704172134 500.694427490234 669.930397033691 594.180225372314 719.818336486816 478.305114746094 496.015869140625 635.209350585938 400.677368164062 557.442628860474 599.928936004639 729.390777587891 789.571624755859 690.823181152344 762.038833618164
345.243225097656 254.163482666016 342.282379150391 613.759651184082 373.903182983398 443.911560058594 448.815872192383 651.856376647949 601.910903930664 547.310874938965 765.009689331055 550.423316955566 539.368804931641 943.275493621826 877.753017425537 415.447250366211 512.615707397461 489.386703491211 496.817359924316 421.684112548828 382.183959960938 638.725952148438 548.447380542755 569.60510635376 531.98429107666 657.413345336914 576.689804077148 369.49397277832 441.370643615723 564.066234588623 437.534049987793 407.330261230469 488.901191711426 383.442016601562 418.701301574707 584.846584320068 583.234160423279 453.199020385742 574.082931518555 574.919767379761 550.444499015808 477.568458557129 626.282295227051 670.027816772461 548.03685760498 619.805988311768 598.115081787109 602.172843933105 687.401931762695 573.00022649765
803.935749053955 422.437057495117 512.803961753845 527.436996459961 609.805305480957 434.903228759766 589.86132144928 678.435340881348 608.244729042053 827.650863647461 668.063339233398 599.281471252441 540.709533691406 681.860977172852 512.231071472168 930.427406311035 575.927238464355 541.596874713898 483.001136779785 543.713438510895 461.903984069824 739.314590454102 517.254806518555 658.98405456543 844.579010009766 1687.40380096436 597.856468200684 545.182926177979 585.390190124512 407.58869934082 464.841697692871 523.170659422874 647.150390625 585.014656066895 484.200942993164 473.890636444092 474.922313690186 638.395118713379 594.340377807617 636.381698608398 545.720872879028 541.616735458374 529.731391906738 436.272514343262 679.595809936523 564.121648788452 628.213813781738 428.380393981934 710.952438354492 666.561950683594
509.778106689453 494.126817703247 406.548355102539 445.199722290039 1155.45063781738 464.835067749023 465.31037902832 665.307373046875 743.612596511841 483.258369445801 693.014694213867 690.070861816406 532.672691345215 524.463829040527 525.068737030029 599.563758850098 411.077850341797 485.149574279785 491.259498596191 433.475830078125 634.61994934082 534.296394348145 660.719955444336 616.521057128906 467.758125305176 610.521644592285 670.873596191406 490.464855194092 502.908427238464 567.375190734863 428.016563415527 520.078006744385 668.661041259766 423.114669799805 347.962646484375 417.308891296387 523.311882972717 618.825248718262 545.522843360901 540.499788761139 573.216896057129 451.548843383789 525.468709945679 800.122177124023 611.535480499268 709.281646728516 425.511260986328 504.768398284912 553.372266769409 668.320930480957
506.256816864014 478.53914642334 613.867973327637 552.797580718994 595.574710845947 490.20263671875 504.205860137939 1121.14532089233 1139.13665771484 547.790809631348 597.746982574463 620.540420532227 598.495376586914 581.831479072571 481.048950195312 507.114652633667 617.913597106934 390.318084716797 418.394271850586 500.987873077393 518.792011260986 528.600395202637 575.456935882568 472.285120010376 615.329887390137 646.280349731445 622.239540100098 536.806930541992 569.587287902832 494.596774101257 480.932693481445 534.959062576294 503.263479709625 617.133506774902 540.117357254028 444.38391494751 564.287036895752 581.013721466064 544.022716522217 551.743072509766 602.942405700684 483.244640350342 605.575393676758 519.654342651367 421.531463623047 712.927978515625 524.914318084717 499.924407958984 484.926586151123 537.697495937347
642.368515014648 433.429382324219 458.05451965332 571.730804443359 427.29719543457 430.680648803711 616.040908813477 609.505233764648 626.932598114014 558.324137210846 513.584548950195 572.069499969482 321.514297485352 900.820192813873 491.778141021729 520.07618522644 577.986015319824 441.845794677734 423.008148193359 528.55367898941 442.522346496582 603.801040649414 658.994766235352 503.601984977722 466.460792541504 471.629995822906 471.222290039062 597.378730773926 496.109846711159 339.342864990234 498.792432785034 630.522155761719 488.299713134766 564.171051025391 522.254767894745 509.873205184937 393.790901184082 499.963754653931 530.604814052582 598.707832336426 484.906050682068 602.299613952637 614.965278625488 592.290184020996 535.111737251282 574.761196136475 528.161091566086 456.727661132812 591.26097869873 677.779159545898
467.176610946655 631.798217773438 502.824694633484 417.480121612549 557.193168640137 481.814170956612 549.998970031738 549.904697418213 502.299383640289 507.556147575378 540.279831886292 426.950378417969 375.140335083008 638.332595825195 513.260844230652 422.57347869873 375.237091064453 681.562225341797 533.685146331787 389.728500366211 651.053237915039 640.413566589355 355.22492980957 300.884216308594 396.105133056641 336.968338012695 513.117847442627 465.236736297607 558.977363586426 527.018760681152 438.040019989014 516.648376464844 673.513534545898 654.538467407227 590.893852233887 495.435663223267 425.470588684082 496.497502326965 490.41840171814 543.605388641357 644.305557250977 446.339820861816 493.518770217896 567.34069442749 501.685852050781 420.958763122559 542.44797039032 492.876369476318 504.353137969971 701.715606689453
376.385368347168 501.009498596191 478.046540021896 418.832153320312 520.597785949707 343.961555480957 462.377071380615 593.37077331543 588.611442565918 527.92036151886 701.45475769043 498.286058664322 559.910034179688 550.485069274902 476.256553649902 493.674922943115 577.062690734863 451.312271118164 484.826555728912 510.626220703125 471.83423614502 638.547836303711 630.186172485352 342.56494140625 461.810398101807 409.014053344727 382.780609130859 512.781681060791 655.338439941406 514.425085067749 497.181199073792 340.377975463867 653.033508300781 695.26416015625 600.647735595703 611.136184692383 502.951107025146 576.065490722656 622.834213256836 598.566360473633 638.263069152832 667.434997558594 519.822285175323 498.050590515137 509.74702167511 606.549011230469 449.374443054199 574.55011177063 531.695276260376 624.985656738281
605.23802947998 304.193511962891 375.434112548828 512.916297912598 557.704200744629 471.119235992432 643.187850952148 396.404647827148 605.914482116699 563.365600585938 373.35009765625 491.211084961891 402.845970153809 486.504286766052 582.817779541016 526.185302734375 468.968198776245 479.138766765594 406.34407043457 440.418941497803 555.277870178223 437.550262451172 498.176558494568 392.947166442871 542.32674407959 317.252487182617 416.897693634033 420.833347320557 590.848770141602 415.655426025391 368.919723510742 523.503807067871 473.595634460449 290.773742675781 616.506561279297 533.40795135498 613.290245056152 474.961553573608 459.480979919434 640.626731872559 487.485278367996 596.827537536621 527.087145805359 617.319320678711 449.262672424316 519.155578613281 585.897148132324 535.369433760643 569.029371261597 431.787094116211
546.914543151855 507.452053070068 549.851135253906 521.959083557129 513.947336196899 526.47247505188 707.260620117188 357.45051574707 591.341995239258 520.481575012207 326.414932250977 605.66381072998 565.083305358887 540.557056427002 523.00301361084 429.282623291016 515.65625 425.682830810547 466.433754920959 573.756980895996 542.828063964844 446.835536956787 501.712997436523 415.569255828857 444.193614006042 441.522356033325 451.143018722534 511.578437805176 581.11100769043 446.326608657837 424.014019012451 389.485557556152 482.444949150085 393.928024291992 595.879058837891 505.390375137329 530.342060089111 522.338787078857 699.711563110352 668.950042724609 622.788818359375 559.940544128418 606.49397277832 496.182970046997 695.551010131836 493.865261077881 605.011451721191 493.857154846191 503.898797988892 561.921500205994
604.474411010742 552.898796081543 489.60083770752 631.161026000977 561.369354248047 520.82911491394 553.376272201538 333.414886474609 556.289672851562 401.137084960938 408.165454864502 466.786194801331 469.917434692383 474.102794766426 463.063876152039 341.207870483398 493.958061218262 466.356565475464 352.622856140137 418.480934143066 503.044578552246 402.948059082031 510.788665771484 572.797416687012 465.758821964264 376.917098999023 349.296463012695 392.323989868164 514.976051330566 492.321815490723 417.760665893555 545.876747131348 478.134851694107 400.183540344238 625.922775268555 569.611557006836 665.830825805664 593.620582580566 499.593660354614 588.386009216309 691.352722167969 710.782485961914 605.695404052734 446.830780029297 577.639068603516 677.089965820312 668.816482543945 593.782287597656 521.013217926025 391.43864440918
493.381195068359 544.788009643555 296.487365722656 531.744468688965 455.435391902924 445.968000411987 457.142492294312 409.606304168701 494.334560394287 338.43367767334 462.394158363342 523.06364440918 592.096778869629 502.18932723999 355.110534667969 538.672889709473 415.712871551514 570.138519287109 423.045871734619 447.192701339722 327.50927734375 673.09782409668 606.48908996582 568.948089599609 443.912895202637 446.868877410889 455.353005468845 326.533485412598 370.490646362305 466.794467926025 380.034378051758 575.710823059082 484.94239616394 443.395679473877 437.361808776855 437.656410217285 388.992774963379 577.057205200195 679.713104248047 640.395935058594 508.293949127197 718.835571289062 520.9104347229 579.724975585938 684.998657226562 588.753219604492 593.782722473145 637.766998291016 421.425582885742 436.565200805664
452.587752580643 447.572046935558 501.523406982422 401.340370178223 502.99694442749 550.091423034668 539.869987487793 344.386703491211 523.2799949646 517.745304107666 441.527086257935 619.860397338867 592.40754699707 510.144828796387 388.199447631836 395.963195800781 454.107490539551 522.683975219727 570.655044555664 475.178363800049 370.900253295898 422.625602722168 452.857736587524 541.562622070312 356.907836914062 316.204956054688 493.436054229736 421.813564300537 384.048873901367 442.864498138428 540.857978820801 510.965103149414 470.44608259201 454.264354705811 424.982257843018 260.899703979492 509.914691925049 604.844886779785 474.880786895752 570.716598510742 531.841939926147 513.611158370972 632.196899414062 604.025115966797 621.667999267578 540.042525291443 478.423240661621 487.258792877197 524.442380905151 360.970581054688
437.094227313995 405.222246170044 299.756729125977 495.672805786133 474.72981262207 621.966644287109 507.45943069458 483.361355781555 568.790641784668 419.094921112061 510.408149719238 490.54624414444 453.935173034668 516.252288818359 513.446102142334 564.077224731445 541.319454193115 317.218780517578 412.06814956665 566.697929382324 539.596565246582 631.0771484375 535.221504211426 510.60693359375 597.265983581543 352.950378417969 422.5452003479 680.247177124023 446.896104812622 446.064023971558 361.632774353027 369.437698364258 545.107315063477 484.507193565369 491.418291091919 436.500637054443 472.079489707947 552.119281768799 375.996803283691 593.524738311768 525.028828620911 484.335723876953 378.650001525879 481.795461654663 478.36544418335 498.078121185303 580.588901519775 478.909812927246 480.328014373779 347.402984619141
437.119184739888 355.679061889648 517.311164855957 416.585450172424 478.569757461548 417.469066619873 399.066867828369 396.590473175049 510.443046569824 417.435632705688 634.670043945312 333.905723571777 460.173294067383 319.352890014648 487.792713165283 584.366470336914 581.109756469727 494.473307609558 525.824573516846 532.90013885498 466.309555053711 592.269523620605 481.017523765564 461.929714202881 384.926391601562 488.097534179688 472.026205062866 454.28337097168 318.322128295898 483.788333415985 362.117073059082 406.778472900391 490.761984825134 368.391471862793 411.01277923584 497.930349349976 494.251309633255 379.467445373535 507.555463790894 485.003776550293 431.440147399902 401.063583374023 430.951080322266 566.970188140869 533.330005645752 429.854080200195 486.160814285278 387.391128540039 420.506591796875 533.667324066162
414.695941925049 409.598091125488 386.236621856689 268.080261230469 451.491112232208 538.07592010498 496.997173309326 457.229019165039 429.026044845581 468.401580810547 409.809379577637 425.962985038757 592.387802124023 608.737258911133 555.421722412109 513.146148681641 503.46262550354 531.92501449585 413.272415161133 462.98046207428 692.996520996094 339.302429199219 524.24723815918 478.291127204895 513.033172607422 444.766242980957 442.815006256104 588.311851501465 398.991500854492 462.701538085938 423.443588256836 368.88207244873 480.354869842529 314.584976196289 563.049697875977 450.51570892334 491.974349021912 479.264925003052 432.415885925293 512.341889619827 398.096527099609 371.051078796387 537.235190391541 488.207659721375 549.675918579102 606.290679931641 681.632202148438 590.210777282715 403.74878692627 462.414627075195
