export/dem/dem14.asc
NCOLS 350
NROWS 171
XLLCORNER 152620
YLLCORNER 418050
CELLSIZE 100
NODATA_VALUE -9999
[rows 66 to 87 of 171, columns 200 to 249 of 350]
607.755063056946 528.34400177002 620.299434661865 799.119094848633 656.006935954094 630.292175292969 573.757469177246 756.71662902832 589.077171325684 624.356290817261 709.297668457031 638.290168762207 690.222663879395 597.973234176636 492.728889465332 632.788011550903 688.803424835205 770.49755859375 686.406185150146 641.686462879181 623.708227157593 477.351051330566 409.713455200195 610.437456130981 668.906465530396 910.656799316406 553.127996444702 500.63053894043 730.380218505859 475.509155273438 509.674255371094 730.807283401489 604.979036331177 684.058658599854 466.045883178711 506.529830932617 652.778282165527 410.025772094727 544.704856872559 629.577118396759 624.241104125977 696.79309463501 700.594463348389 762.766357421875 702.738166809082 666.497488021851 836.279678344727 738.229316711426 803.967239379883 783.651565551758
592.364841461182 502.48600769043 626.252374649048 553.971038818359 634.337695121765 630.558200836182 530.041473388672 679.611419677734 626.396757125854 622.690549850464 717.588600158691 660.80436706543 683.53657913208 537.138648986816 430.359550476074 732.075782775879 510.240566253662 734.206085205078 714.765060424805 731.383453369141 472.637542724609 455.545013427734 692.603302001953 599.903951942921 707.816452026367 703.101497650146 633.716135025024 626.394414901733 505.520469665527 635.809138774872 638.420383453369 522.952499389648 752.853538513184 549.632247924805 649.555786132812 776.789807319641 651.277034759521 505.302185058594 521.017181396484 626.546088218689 628.335262298584 523.081756591797 594.000177383423 563.230850219727 672.168830871582 732.535980224609 749.101264953613 635.823780059814 641.689754486084 642.68883228302
614.351098299026 639.098318099976 491.39826965332 564.133094787598 611.088333129883 586.020000457764 521.587516784668 620.232906341553 688.237316131592 670.670345306396 586.894630432129 685.353645324707 647.222854614258 562.968780517578 618.111255645752 633.401817321777 477.112609863281 532.542175292969 797.805191040039 567.30753326416 622.249509811401 644.304050445557 546.529541015625 673.983833312988 460.040023803711 460.992668151855 520.311225891113 628.146430969238 506.299987792969 775.460052490234 757.874938964844 933.790740966797 676.306751251221 666.993010044098 476.413269042969 657.959350585938 626.347061157227 415.43571472168 584.234893798828 729.89427947998 570.185157775879 654.997344970703 624.383080482483 541.765617370605 681.933521270752 721.264945983887 754.541801452637 755.811317443848 652.05454826355 491.60237121582
517.434997558594 492.595062255859 613.346130371094 492.224975585938 616.749380111694 589.154102325439 635.782748222351 672.253044128418 564.308769226074 640.037775039673 676.886667251587 646.963119506836 694.624376296997 656.659601211548 731.123596191406 567.953342437744 683.016395568848 626.412830352783 534.660705566406 642.334739685059 599.842964172363 667.916124343872 655.625156402588 513.916526794434 524.551727294922 719.093116760254 473.822067260742 653.562942504883 644.552391052246 624.686748504639 500.079139709473 646.822397232056 600.352814406157 747.634582519531 692.868900299072 724.941543579102 612.458072662354 548.609664916992 667.550986289978 662.774458408356 548.631278991699 558.821723937988 698.658737182617 622.734214782715 759.577163696289 781.359954833984 753.266426086426 552.0146484375 724.03099822998 662.530016899109
494.832778930664 617.408464431763 507.99910736084 521.692672729492 508.084854125977 661.0744972229 693.113521575928 581.25146484375 660.004816055298 709.221084594727 667.903868079185 582.477752685547 530.957054138184 479.293472290039 749.320693969727 529.01171875 587.924201965332 580.707297563553 555.865447998047 505.218994140625 656.826240539551 595.603958129883 665.885486602783 587.932197570801 435.346694946289 567.521114349365 562.155204772949 632.875169277191 662.235361099243 648.541423797607 602.863415718079 702.337997436523 716.92985534668 663.730255126953 601.973411560059 625.348566055298 662.010860443115 593.940227508545 530.524223327637 620.957657814026 681.649837493896 677.871353149414 655.720813751221 526.362892150879 649.639087677002 851.410766601562 872.402114868164 756.83211517334 695.319473266602 714.61092376709
434.801055908203 632.008048057556 668.740552902222 453.087646484375 408.252395629883 740.922225952148 538.570976257324 640.809386253357 657.851280212402 718.717281341553 614.475862503052 462.478332519531 784.739471435547 592.055999755859 745.465263366699 465.677093505859 497.546569824219 600.807899475098 647.611740112305 672.508636474609 542.688934326172 679.478303909302 643.854333877563 648.537059783936 603.662612915039 458.959228515625 531.544448852539 588.260688781738 670.514251708984 487.518981933594 670.382843017578 721.979431152344 687.443428039551 709.367858886719 693.384521484375 496.783264160156 585.225784301758 491.646385192871 564.786804199219 593.320766448975 698.82152557373 867.782440185547 834.550079345703 557.157192230225 658.91902923584 714.410942077637 764.323509216309 763.064628601074 811.042114257812 689.299491882324
569.402565002441 633.160397529602 460.549926757812 573.537826538086 568.667942047119 565.938453674316 746.546356201172 658.292851448059 557.287620544434 525.357803344727 565.518310546875 636.594440460205 630.81822013855 792.253463745117 670.702777862549 711.642189025879 592.306713104248 672.193535804749 736.804138183594 916.48127746582 794.81761932373 876.221809387207 645.689111709595 644.143740653992 557.850074768066 581.547092437744 619.124988555908 619.567710876465 476.986526489258 519.664207458496 587.302295684814 589.703559875488 580.024349212646 614.85146689415 469.991256713867 610.122396469116 613.461072921753 668.838809967041 571.251247406006 789.32470703125 641.775362014771 748.051696777344 791.232223510742 550.858467102051 616.852807283401 500.524055480957 714.377075195312 754.628959655762 770.206443786621 835.234161376953
650.336029052734 700.109855651855 599.704648971558 564.828758239746 639.927013397217 722.892066955566 680.197574615479 710.053588867188 648.901248931885 794.614799499512 632.214138031006 753.111442565918 661.03183555603 755.974624633789 649.430673599243 671.82039642334 683.364643096924 755.593650817871 715.120416641235 666.588592529297 825.356740355492 774.407341957092 760.370529174805 598.104579925537 699.570610046387 573.015693664551 503.204742431641 746.137825012207 610.654764652252 666.576316833496 537.999351501465 749.916862487793 644.248519897461 539.327774047852 400.156387329102 534.767059326172 531.882438659668 539.660278320312 650.164837837219 710.033843994141 755.429794311523 681.950099945068 639.874151468277 743.615074157715 614.564949035645 816.852127075195 717.426399230957 536.565559387207 507.043975830078 659.16864490509
531.497428894043 527.636840820312 626.524193048477 511.806991577148 693.535800933838 692.226272583008 582.738883972168 670.57576751709 719.28858757019 612.670524597168 624.521099090576 637.962121009827 622.600250244141 515.00048828125 681.628105163574 772.351852416992 728.216598510742 751.299163818359 705.973282814026 798.296466827393 876.71448135376 939.424301147461 1068.29598915577 762.875022888184 650.23376083374 660.67308807373 652.126180648804 541.665134429932 578.366424560547 616.467788696289 538.437408447266 936.791313171387 573.522758483887 735.972137451172 600.735879898071 671.628574371338 650.395660400391 565.590717315674 564.820121765137 639.741779327393 539.704345703125 649.579409599304 626.017337799072 502.716590881348 663.284080505371 696.945457458496 680.292610168457 531.126121520996 569.481651306152 482.469299316406
761.208023071289 635.27056646347 573.592720031738 687.560264587402 606.956382751465 633.119995117188 739.464286804199 677.441753387451 561.220886230469 784.482849121094 645.205636024475 610.71851336956 641.03800201416 641.953926086426 638.671068191528 641.775812149048 671.676071166992 627.527983665466 855.25048828125 608.192352294922 550.54386138916 658.164924621582 795.408924102783 660.94510269165 754.154518127441 800.238414764404 1155.32833862305 677.322937011719 522.721748352051 724.35913848877 579.44019317627 621.394638061523 551.706153869629 609.903745651245 641.781627655029 518.743171691895 523.543685913086 584.662986755371 641.47593164444 668.701538085938 655.683263778687 558.44995880127 592.77543258667 484.365982055664 675.259315490723 534.468635559082 618.630192279816 530.553024291992 654.978199005127 706.313667297363
707.331451416016 587.696285247803 502.56812286377 613.889741897583 872.682266235352 701.293350219727 483.492630004883 619.618293762207 665.310123205185 677.509841918945 685.197263717651 635.891928672791 499.241821289062 523.994430541992 751.723815917969 781.831253051758 689.838439941406 669.940647125244 939.103118896484 639.932331085205 691.006462097168 686.197967529297 728.836156845093 606.724319458008 703.933822631836 640.039321899414 754.07022857666 831.455706119537 951.123931884766 777.728759765625 1242.67008972168 694.851135253906 557.655662536621 754.83568572998 427.432174682617 625.125720977783 625.019069671631 695.47282409668 717.267036437988 638.681878089905 715.654647827148 439.598724365234 521.923286437988 569.30073928833 593.70719909668 580.467922210693 696.111923217773 564.795516967773 624.368738651276 805.269195556641
824.734100341797 556.713161468506 608.160984992981 700.85619354248 547.484794616699 702.300270080566 640.204637289047 635.484579086304 571.943672180176 645.022659301758 635.479671478271 596.355010986328 641.269686222076 701.073532104492 774.720474243164 790.756561279297 794.302124023438 598.697481155396 903.687383651733 1020.02439880371 767.507418632507 715.865776062012 779.419013977051 853.408054351807 659.096504211426 668.877555847168 697.940948486328 900.799690246582 1131.40126037598 910.216983795166 835.862525939941 707.203081130981 758.642738342285 574.649215698242 599.39669418335 644.843985557556 547.097503662109 627.544235229492 640.345988273621 558.369926452637 604.842014312744 550.018058776855 484.470748901367 567.945262908936 448.855316162109 402.398727416992 613.120223887265 558.322574615479 636.700244903564 649.29634475708
546.013942718506 531.140594482422 596.045341491699 574.745639801025 668.987403869629 586.321992874146 629.066455699503 578.652519226074 769.764694213867 680.01224899292 611.244132995605 624.222965240479 764.140739440918 632.635550498962 790.073806762695 866.41047668457 741.441055297852 738.706359863281 833.73291015625 858.049942016602 767.518455505371 900.847038269043 840.244323730469 676.057216644287 523.285202026367 806.944725036621 642.947624206543 965.861087799072 1177.99761104584 1193.04446601868 782.501789093018 842.80436706543 679.846878051758 692.488510131836 560.869850158691 749.845825195312 596.364471435547 676.901456832886 726.520057678223 707.681640625 597.242919921875 724.847427368164 593.074882507324 529.854934692383 752.053268432617 517.615325927734 564.266746520996 583.558071136475 623.040991544724 813.494766235352
739.302223205566 550.991718292236 674.010551452637 711.65119934082 592.407369613647 710.15113067627 559.302024841309 537.762756347656 732.132095336914 705.487179040909 639.737867355347 629.135631561279 713.777412414551 622.508903503418 677.747169494629 665.951921463013 816.804550170898 765.055130004883 719.925765991211 803.809805393219 664.622467041016 764.618423461914 728.659698486328 871.251071929932 644.692428588867 671.970947265625 734.182239532471 639.98225402832 1319.86862182617 1104.21736907959 1056.49596405029 983.838287353516 948.34748840332 683.2353515625 604.715003967285 622.614814758301 770.329872131348 658.912662506104 598.476531982422 626.119800567627 569.716583251953 734.815963745117 681.31103515625 592.148899078369 655.980009078979 712.983184814453 578.126602172852 670.820400238037 689.41987991333 647.004383087158
657.688060760498 423.172424316406 583.366569519043 565.473808288574 774.850036621094 563.288055419922 669.549373626709 731.416938781738 594.867931365967 747.636688232422 595.739959716797 606.165969848633 733.94815826416 493.34130859375 677.480655193329 785.932502746582 560.852691650391 750.160167694092 767.513191223145 741.285873413086 707.884323120117 656.403234481812 719.195285797119 816.162300109863 656.553981781006 709.002582550049 734.233106613159 684.717834472656 789.24524307251 900.330337524414 952.687036752701 1340.11843109131 1106.016040802 1020.36742401123 1152.6134223938 854.02571105957 683.881441116333 771.339241027832 593.296875 574.485610961914 590.030799865723 660.998863220215 485.90576171875 539.11580657959 593.946556091309 637.272915124893 584.468286514282 633.411714553833 694.198143005371 733.431427001953
644.42436170578 545.274116516113 694.767227172852 774.169937133789 555.366195678711 619.058993339539 717.520317077637 693.230613708496 621.474514007568 601.078826904297 696.386489868164 750.596641540527 640.78516317904 648.806622266769 622.803825378418 647.062679290771 703.243854522705 642.96276473999 637.111988067627 676.379676818848 676.481510162354 566.3623046875 544.260040283203 593.826843261719 626.730153083801 667.11030960083 759.13618850708 803.449921607971 733.892303466797 860.600807189941 750.881114959717 1092.14430236816 820.744514465332 1098.61360549927 948.617261886597 1064.55150604248 711.960729598999 537.888916015625 702.779928684235 633.130958557129 740.418266296387 563.808929443359 700.636924743652 694.957145690918 803.545562744141 784.479522705078 519.363479614258 687.487577438354 719.934455871582 692.357509613037
606.062732696533 557.585784912109 647.802748382092 615.88733959198 599.075967788696 618.208257585764 569.303009033203 685.715713500977 781.822372436523 602.587882995605 800.586517333984 734.833248138428 716.236892700195 696.626930236816 739.423187255859 779.855163574219 641.833826065063 547.737747192383 765.261535644531 754.864311218262 736.004379272461 749.128883361816 659.201738357544 622.744895935059 697.904518127441 795.284156799316 609.889038085938 692.130155563354 810.747951984406 780.74732208252 959.85205078125 903.795867919922 926.632179260254 1294.33637619019 1062.3448638916 1297.60514593124 849.260986328125 763.861228942871 676.897768974304 557.036209106445 392.139770507812 553.141334533691 712.510726451874 502.302917480469 690.177719116211 688.365600585938 637.948791503906 677.43431854248 595.526739120483 708.798919677734
478.923614501953 662.664167404175 692.139290809631 736.746383666992 794.53759765625 618.3163626194 669.626171112061 771.223480224609 526.54141998291 745.000312805176 638.774341583252 910.721893310547 732.141372680664 751.080513000488 714.724170684814 599.098606109619 649.463842749596 593.243110656738 666.376600265503 493.611480712891 571.889717102051 604.810207366943 595.733139038086 668.610609054565 616.728382110596 715.87867128849 620.396280288696 731.608879089355 589.344886779785 751.490040779114 687.017343521118 797.23836517334 817.173210144043 1245.83175969124 1128.14347839355 1042.47057342529 1083.40325927734 915.980514526367 612.171493530273 536.849290847778 603.830463409424 447.308898925781 517.940139770508 740.489430427551 713.878067016602 671.47575378418 717.251609802246 614.530886650085 536.370544433594 694.722202301025
628.930034637451 773.092788696289 529.218185424805 751.532440185547 640.253326416016 633.570047855377 681.275680541992 637.29506111145 632.345693588257 687.653034210205 744.191200256348 841.487915039062 742.041358947754 736.881721496582 681.968030929565 704.385566711426 694.370197296143 651.118588447571 701.038696289062 588.162414550781 669.877935409546 777.595733642578 716.53003692627 800.512237548828 754.169006347656 710.445762634277 801.296783447266 584.019443511963 602.25122833252 749.863906860352 649.345308303833 820.140571594238 927.009386062622 839.921192169189 1067.07249450684 1005.23176383972 874.073322296143 842.993013381958 584.519653320312 610.299873352051 666.027633666992 753.367671966553 699.77880859375 785.046308994293 934.627569198608 846.72004699707 983.307548522949 1069.23586273193 545.000289916992 646.061540603638
703.208404541016 659.399034976959 572.467094421387 805.552185058594 632.079721450806 576.070880889893 545.811668395996 618.672911643982 715.299510955811 661.972888946533 652.757504463196 700.801681518555 816.393783569336 777.78401184082 599.200653076172 663.978034973145 701.076866149902 602.292810440063 746.741928100586 813.137969970703 649.192713260651 741.421607971191 780.483955383301 647.418800115585 708.177295684814 745.110626220703 640.904449462891 800.828834533691 642.610810279846 627.14037322998 641.442844390869 844.208084106445 920.509628295898 909.187438964844 815.268562316895 806.669147491455 706.799374580383 911.586853027344 762.769016265869 739.286730766296 572.138458251953 522.672996520996 727.659774780273 626.597229003906 834.735633850098 757.513313293457 897.408645629883 873.004623413086 897.505340576172 719.063270568848
650.369281768799 637.294300079346 659.951641082764 653.637900710106 737.69482421875 642.190004348755 476.036712646484 731.502532958984 564.678047180176 693.705505371094 734.488372802734 704.027080535889 666.899488449097 557.718254089355 653.282532215118 618.301776885986 692.817218780518 699.813583374023 643.895330429077 722.164733886719 790.135101318359 794.939376831055 649.403098106384 591.7236328125 669.527856826782 807.360443115234 735.921447753906 752.740107774734 745.67357635498 692.323566436768 669.152179718018 749.212425231934 664.979335784912 678.053884506226 742.875175476074 825.204559326172 780.892570495605 626.199157714844 669.226921081543 911.715881347656 812.670119047165 629.543556213379 811.817413330078 773.412190914154 800.301822662354 868.390779495239 846.973907470703 989.349841594696 983.885372161865 678.962827682495
694.208854079247 610.100082397461 509.437561035156 654.954552173615 616.258144378662 566.229228973389 631.046471595764 759.797836303711 573.106101989746 639.907690048218 536.14429473877 719.539031982422 627.515430450439 680.875851631165 504.535186767578 605.890193939209 783.835693359375 594.967636108398 671.781741380692 685.262481689453 660.735536575317 692.070083618164 736.03653717041 605.90299987793 588.210292816162 683.954606533051 884.934585571289 918.109268188477 1219.11734771729 593.748573303223 548.812896728516 704.466918945312 741.387306213379 796.225387573242 724.10599899292 593.693008422852 733.134071350098 810.501251220703 761.641738891602 801.487800598145 737.213226318359 724.365411758423 929.367630004883 691.062271118164 681.575698852539 738.238212585449 916.957059860229 985.984664916992 934.886791229248 925.323624610901
