export/dem/dem19.asc
NCOLS 350
NROWS 171
XLLCORNER 152620
YLLCORNER 418050
CELLSIZE 100
NODATA_VALUE -9999
[rows 22 to 43 of 171, columns 150 to 199 of 350]
573.900562286377 495.189056396484 609.04647064209 620.916338920593 455.650588989258 598.168695926666 402.709701538086 546.354747772217 557.282371520996 628.378874778748 610.85308265686 782.618509292603 1145.4762878418 520.440078735352 582.258575439453 617.592224121094 885.316207885742 693.514511108398 622.188026428223 538.30046081543 728.211204528809 574.916473388672 818.783580780029 609.427062988281 694.682716369629 693.869026184082 1047.20260620117 641.067520141602 595.09944152832 540.656707763672 441.943511962891 576.971336007118 449.139862060547 608.203009605408 516.702102661133 712.302021026611 766.216239929199 749.998100280762 699.999212265015 653.338019371033 771.431930541992 798.083992004395 714.643829345703 736.348056793213 739.141418457031 629.927181243896 602.45450592041 625.969099998474 484.784484863281 766.686622619629
589.029139518738 597.994812011719 565.855285644531 607.638784408569 705.650718688965 657.631450653076 456.754745483398 720.578300476074 613.038356781006 537.558380126953 705.139434814453 661.911361694336 684.68391418457 723.0501537323 701.859642028809 670.259124755859 662.241844177246 858.830116271973 791.271369934082 578.763145446777 586.40739440918 448.007629394531 484.367126464844 462.16845703125 667.028739929199 667.118301391602 1292.30904006958 720.747383117676 623.103446960449 543.91633605957 456.755111694336 499.518981933594 633.853727340698 723.636344909668 642.012316703796 792.195236206055 535.616256713867 637.132552146912 575.690299987793 759.734725952148 681.477140426636 600.870491027832 674.953392028809 601.556900024414 707.038667678833 632.772668838501 569.819915771484 589.664413452148 733.535995483398 719.189819335938
405.320495605469 553.151507377625 514.471542358398 433.087371826172 590.26389503479 614.209006071091 586.59481048584 713.473365783691 631.833847522736 512.442642211914 653.70791387558 905.392166137695 1049.97527313232 752.699157714844 781.712051391602 1496.34840393066 790.364395141602 534.734985351562 492.961929321289 595.219482421875 634.474075317383 514.395523071289 690.931932926178 502.527374267578 654.802494049072 585.398498535156 661.031749725342 710.313705444336 496.405883789062 515.279022216797 374.874389648438 609.630027770996 561.707229614258 544.363647460938 645.83180141449 657.258194923401 574.458358764648 668.783809661865 707.764068603516 689.249214887619 680.057952880859 633.760250091553 542.674468994141 716.651851654053 765.598403930664 566.938854217529 686.929241418839 594.102363586426 709.395398259163 673.855945587158
525.161628723145 517.805465698242 397.659484863281 513.163970947266 435.519989013672 496.456970214844 512.659118652344 649.525405883789 554.58814239502 600.350654602051 637.240188598633 680.199478149414 1181.34676361084 620.559154510498 884.026649475098 559.713653564453 735.468147277832 872.403030395508 583.573791503906 691.123558044434 1064.95192718506 911.781723022461 699.394441604614 677.463924884796 638.67414855957 531.846694946289 737.713297009468 773.935554504395 725.45613861084 565.984306335449 815.824600219727 666.941752433777 579.533561706543 682.163898468018 536.099166870117 604.555576324463 828.992919921875 665.807441711426 723.888870239258 742.544216156006 721.123660087585 730.064294815063 619.422271728516 595.793968200684 698.803833007812 763.577709197998 684.129384994507 677.408776283264 787.880905151367 641.768459320068
515.972312927246 550.907287597656 631.245307922363 557.097145080566 665.391815185547 730.324851989746 564.667282104492 517.29182434082 705.712524414062 621.894259214401 564.161563873291 631.750462532043 636.373031616211 771.52815246582 600.633190155029 657.392990112305 585.156341552734 794.483030796051 530.293884277344 553.658462524414 574.826850891113 724.565284729004 852.371391296387 600.385414123535 692.201775550842 664.995679855347 904.910879135132 680.029874801636 589.201778411865 690.095325469971 675.547348022461 507.4970703125 667.425947219133 538.576431274414 716.388282775879 810.5458984375 721.084167480469 659.197875976562 805.905471801758 770.496139526367 609.624458312988 650.04866027832 841.931381225586 843.001770019531 515.983215332031 608.054718017578 734.957323074341 493.13298034668 576.209419250488 554.974906921387
605.372313499451 666.506904602051 565.093405723572 655.109504699707 567.952608108521 635.944080352783 596.196155548096 589.22875213623 586.436183929443 484.33911895752 513.615585327148 729.094398498535 711.912715911865 709.950372219086 703.653532981873 690.790580749512 626.144958496094 604.727058410645 357.600830078125 665.396591186523 508.896148681641 860.218231201172 614.835548400879 697.87407207489 634.605827331543 759.563262939453 650.277019500732 810.642360687256 617.667183876038 638.365779876709 653.141493201256 634.321471691132 787.558639526367 635.830080747604 820.580108642578 666.280149459839 609.170422911644 823.590744018555 814.885711669922 645.267772674561 751.918712615967 732.857948303223 752.391311645508 726.342834472656 688.517551422119 585.184665679932 574.550384521484 568.350563049316 609.23161315918 466.333770751953
541.81880569458 524.990615844727 443.374557495117 662.892379760742 466.199256896973 602.888706207275 553.514442443848 687.334899902344 601.638514518738 563.885009765625 647.501411437988 1099.54769134521 800.721157073975 801.874654769897 764.776607513428 1116.36873626709 697.42565536499 1148.65860748291 570.458137512207 814.588645935059 834.947231292725 815.183303833008 601.743682861328 838.283836364746 726.135398864746 728.620607376099 665.457161903381 795.838548660278 524.630630493164 644.251586914062 672.575832366943 600.951997756958 558.597423553467 501.85050201416 789.553741455078 800.028244018555 694.811866760254 735.712684631348 612.115118980408 659.137977600098 968.389053344727 1008.11322402954 638.200801849365 819.73698425293 564.38941192627 645.837471008301 715.885063171387 593.363328933716 499.35066986084 546.150894165039
464.126502990723 473.741081237793 526.061134338379 551.646270751953 505.176055908203 583.867723464966 537.652322769165 521.46541595459 485.859664916992 598.481878757477 620.921897888184 1054.90643310547 884.359977722168 1042.92893600464 936.980487823486 817.522043228149 525.427047729492 523.056083679199 455.068069458008 619.534912109375 841.151123046875 590.697547912598 585.258377075195 902.317092895508 662.423820495605 745.184020996094 791.162048339844 705.374104321003 671.439590454102 725.105209350586 499.030860900879 588.996326446533 557.882915496826 746.557678222656 694.429008483887 569.449817657471 588.60627746582 584.516122817993 773.172866821289 730.396980285645 762.121246337891 753.945785522461 646.564510345459 763.470458984375 641.992660522461 650.69492149353 642.341274261475 632.828386306763 617.223539352417 577.42743396759
567.681183815002 552.124862670898 480.128936767578 506.859943389893 637.295745849609 705.860305786133 444.157676696777 594.628569602966 454.294952392578 639.51908493042 761.868923187256 933.432295799255 964.606201171875 786.183237075806 704.658668518066 667.750541687012 569.53914642334 611.634334564209 514.201416015625 875.515815734863 865.893343925476 678.230175018311 671.950168609619 548.366050720215 627.519460678101 557.565200805664 749.283668518066 791.471252441406 637.844705581665 617.575523376465 714.092475891113 522.784324645996 488.364685058594 537.297416687012 650.747589111328 550.731540679932 623.179330825806 612.589736938477 558.769432544708 661.346389770508 800.62561416626 796.94603729248 507.618965148926 714.632354736328 730.918960571289 707.858322143555 648.592945098877 607.94970703125 500.215225219727 559.520561218262
482.716209411621 490.803245544434 474.596588134766 483.655471801758 391.742446899414 495.060691833496 662.76602935791 663.469863891602 633.2981300354 803.733390808105 707.52400970459 703.337963104248 891.651601970196 550.686889648438 631.334190368652 614.828504323959 704.272918701172 528.910575866699 510.286544799805 537.987987518311 659.421203613281 431.699935913086 589.107069015503 669.969287872314 584.074582099915 529.689140319824 850.60368347168 693.202476501465 601.369560956955 592.973844528198 492.62028503418 664.995246887207 568.705159187317 458.535140991211 661.722465515137 556.027444839478 478.823059082031 559.695039749146 539.468059539795 586.72918510437 773.796617507935 665.054054260254 742.305862426758 660.529724121094 619.09766292572 631.098445892334 658.749252319336 499.965187072754 437.087219238281 526.36315536499
428.04695892334 623.092124938965 598.637241363525 507.888805389404 678.603416442871 713.308074951172 575.541098117828 570.557770341635 941.377395629883 694.920734405518 679.492628097534 651.754984214902 759.174407958984 463.481895446777 434.48274230957 556.633548736572 703.856475830078 485.224411010742 688.782577514648 487.643661499023 553.752059936523 551.752363204956 635.320686340332 513.204830169678 708.276840209961 639.812194824219 659.256942749023 640.545820236206 579.753100559115 617.437995910645 478.352672576904 553.606719017029 544.207728385925 463.941276550293 557.821262359619 696.722457885742 570.906414031982 546.608814239502 466.741371154785 608.047426939011 598.568153381348 586.872573852539 818.359329223633 593.029346466064 524.308498382568 600.32533454895 605.988098144531 547.496829986572 413.065734863281 477.508209228516
471.056579589844 568.769923210144 471.666091918945 596.549407958984 481.589859008789 585.685169219971 515.527286529541 526.747699737549 819.484313964844 591.364864349365 662.420032501221 748.629577636719 648.663848876953 630.039157867432 635.416408538818 623.73180770874 590.964004516602 574.537475585938 556.998404979706 630.257080078125 638.350662231445 551.215071678162 641.754241943359 709.335372924805 501.282272338867 562.255073070526 600.673694610596 686.612358093262 457.899894714355 652.095531463623 499.631256103516 490.965774536133 561.184680938721 678.317352294922 552.659695267677 535.478427886963 573.751439332962 539.286979675293 484.98902130127 628.625186920166 599.176001548767 707.762268066406 609.408535003662 672.663993835449 640.321853637695 592.855657577515 551.373556137085 551.167486190796 514.914905548096 432.08772277832
544.443859100342 553.828659534454 453.712799072266 626.962814331055 432.314056396484 588.485021591187 632.689060211182 498.332748413086 609.806171417236 626.533184051514 577.853656053543 607.507506370544 635.58975982666 526.295585632324 493.902206420898 609.134773254395 610.05912399292 676.119476318359 632.625564575195 487.039497375488 479.638748168945 404.353302001953 650.604278564453 501.634941101074 658.006744384766 600.912879943848 601.132606506348 589.300641059875 534.712003707886 488.206413269043 487.111915588379 562.91543006897 552.784961938858 551.915782928467 724.009490966797 575.803974807262 583.109676837921 713.186416625977 421.05827331543 462.841934204102 485.918937683105 596.201473236084 623.217514038086 514.114465713501 711.786109924316 494.828094482422 531.973417282104 615.49462890625 409.531219482422 420.240600585938
537.088312149048 468.211387634277 522.808492660522 549.352653503418 529.447822570801 733.071807861328 649.506996154785 627.394689083099 612.361024856567 732.24885559082 626.067573547363 582.322212934494 521.217319488525 456.794677734375 535.92431640625 494.527042388916 697.611724853516 579.271496295929 658.423728942871 644.527854919434 647.584213256836 670.907272338867 391.470794677734 627.035140991211 774.760604858398 518.866466522217 599.858139038086 568.896957397461 623.186111450195 652.76042175293 585.858810424805 565.081781387329 636.25602722168 680.065475463867 440.63427734375 570.997101783752 734.064559936523 274.882354736328 517.635210037231 541.382823944092 526.34188079834 478.370758056641 703.856475830078 772.050582885742 1016.82062530518 468.459609985352 606.298137664795 507.27099609375 434.588829040527 448.12419128418
571.015693664551 580.249229431152 524.925437927246 474.87614440918 720.983673095703 664.594078063965 554.662848472595 480.654678344727 690.434303283691 729.351684570312 656.890121459961 674.837142944336 432.651062011719 507.377166748047 610.17992401123 469.181259155273 700.795150756836 546.660545825958 544.821769714355 563.422254562378 382.423889160156 532.188173294067 500.408493041992 668.164558410645 714.618179321289 641.768394470215 549.667949676514 649.737991333008 498.57593536377 530.587720870972 588.820354700089 621.443065166473 555.195917129517 713.164772033691 779.267868041992 532.672954559326 498.975364685059 592.500579833984 577.525066375732 582.342765808105 514.30150604248 605.997859954834 579.708372116089 627.828430175781 1082.85662078857 584.364055633545 541.938422203064 609.252922058105 534.264848709106 649.094390869141
446.292152404785 790.78092956543 589.712387084961 602.18083190918 608.88907623291 660.486785888672 557.836110830307 594.607847213745 647.404342651367 518.84944152832 635.316497802734 582.937523841858 425.734596252441 492.919239044189 462.056861877441 528.120492935181 392.604080200195 529.023948669434 419.33154296875 410.316757202148 690.013938903809 553.184735298157 563.337913513184 624.09253692627 761.782196044922 657.743942260742 672.986297607422 809.470993041992 1070.32750701904 590.463172912598 728.143173217773 581.387626647949 614.495048522949 486.013961791992 614.761039733887 593.83016204834 546.291782975197 536.500442504883 611.183300018311 396.795333862305 412.458892822266 410.865127563477 653.397499084473 619.30500793457 690.39421081543 477.042358398438 490.539583206177 398.078521728516 657.41813659668 655.046073913574
560.030873775482 654.796867370605 641.207202911377 657.869102478027 490.018257141113 599.580955505371 630.343084216118 539.864727020264 405.302810668945 547.661935806274 577.396106243134 562.013633728027 631.446922302246 552.269132614136 498.191627502441 436.969703674316 647.758819580078 582.587089538574 404.896003723145 591.358707427979 490.246147155762 566.216226577759 691.937744140625 583.525005340576 511.436624526978 632.095344543457 543.278438568115 819.712463378906 1039.98989868164 729.298629760742 505.074024200439 581.643325805664 583.862010955811 435.911987304688 509.992866516113 607.910316467285 484.743968963623 509.864128112793 597.462413787842 665.87914276123 567.059160232544 586.389642715454 599.224761962891 640.691993713379 514.153678894043 686.253875732422 563.624828338623 547.091226369143 591.009799957275 631.151100158691
704.472797393799 533.722759246826 587.26162147522 487.123611450195 263.764739990234 387.243545532227 562.852340698242 580.847320556641 572.248233556747 566.795412063599 481.842620849609 549.59447479248 401.928527832031 577.731192588806 533.816707611084 604.355812072754 633.528564453125 587.458534240723 618.093353271484 697.209457397461 610.654800415039 564.157350540161 452.047470092773 636.439765930176 604.580429077148 686.643402099609 645.864151000977 715.069534301758 957.711311340332 865.745872497559 645.983283996582 611.117660522461 544.549289703369 487.750099182129 509.736986160278 636.326072692871 524.163022041321 457.733825683594 545.928399562836 623.634101867676 630.569860160351 555.304914474487 568.489776611328 465.243003845215 638.849578857422 315.342590332031 406.292068481445 447.100746154785 426.902099609375 541.731090545654
698.735794067383 626.935287475586 544.239855766296 598.672985076904 475.525566101074 464.102462768555 402.527961730957 441.974342346191 437.238357543945 552.984275817871 414.129455566406 495.324798583984 404.397750854492 492.109451293945 355.367691040039 653.191093444824 677.249519348145 521.709289550781 639.98705291748 537.818962097168 656.317535400391 411.26050567627 435.371253967285 571.792819976807 636.11109161377 823.869644165039 623.185369491577 838.547294616699 787.422210693359 612.016036987305 591.545085906982 615.367813110352 567.518562316895 607.609443664551 626.188499450684 615.023246765137 496.401496887207 629.164360046387 532.257561683655 589.711353302002 671.906448364258 518.155828475952 607.631774902344 688.559967041016 527.746238708496 700.910873413086 520.673807144165 535.338823318481 561.586801528931 450.319236755371
530.035383224487 541.061970949173 512.184299468994 567.000354766846 621.439163208008 503.427108764648 505.039249420166 542.025802612305 573.644821166992 710.800621032715 409.401336669922 416.859237670898 327.566696166992 460.743980407715 620.017440795898 586.167510986328 671.923835754395 597.348571777344 541.969041824341 644.798439025879 567.241016864777 581.103939056396 517.809238433838 605.949821472168 652.276039123535 593.834487915039 694.664627075195 863.686828613281 851.259717941284 771.937316894531 703.625793457031 543.573961257935 621.44083404541 536.636853218079 712.146606445312 580.158111572266 538.537017822266 464.067810058594 460.71021270752 571.790405273438 579.588237762451 461.784942626953 537.354678630829 561.84716796875 582.780494689941 528.02765417099 541.278158187866 755.757797241211 601.573047637939 437.399299621582
381.631118774414 614.652641296387 509.389691352844 575.296825408936 557.260963439941 625.017631530762 403.98567199707 571.120701789856 458.374839782715 611.107390403748 471.246101379395 386.98900604248 435.140895843506 473.234972000122 563.730496406555 557.656293869019 531.65328836441 304.436798095703 432.397232055664 533.563660621643 463.25 581.432426452637 610.439979553223 521.918964385986 567.480392932892 559.496338844299 657.218780517578 737.899932861328 852.617652893066 806.099159240723 785.175033569336 702.158020019531 487.002899169922 470.457273483276 430.71070098877 517.446451187134 541.4336810112 602.072418212891 554.033308029175 389.641014099121 572.160903930664 597.809524536133 652.150695800781 544.737782478333 511.580718994141 583.632068634033 726.314086914062 453.044937133789 348.38020324707 521.435764312744
452.308319091797 525.576457023621 560.320581436157 574.552642822266 595.257869720459 602.312644958496 546.2330493927 618.490379333496 672.167221069336 406.813674926758 519.423530578613 563.101439476013 507.098728179932 588.866291046143 363.389053344727 601.127410888672 322.525039672852 455.823295593262 452.658378601074 481.642421722412 512.669311523438 586.985992431641 452.972396850586 684.342971801758 558.875244140625 515.035449981689 724.21337890625 727.724761962891 561.770765304565 496.343475341797 790.934707641602 881.418884277344 814.209213256836 641.945465087891 519.797904968262 614.451904296875 556.063388824463 544.194133758545 562.70090675354 608.047842979431 717.492218017578 565.46312379837 956.475273132324 821.55037689209 550.426773071289 735.39729309082 686.212615966797 759.939186096191 561.352952957153 352.553329467773
