export/dem/dem100.asc
NCOLS 350
NROWS 171
XLLCORNER 152620
YLLCORNER 418050
CELLSIZE 100
NODATA_VALUE -9999
[rows 22 to 43 of 171, columns 200 to 249 of 350]
574.693145751953 775.756011962891 559.898048400879 673.720422744751 614.678092956543 771.56827545166 664.056535720825 728.881214141846 652.228572845459 812.584701538086 624.386058807373 595.129730224609 708.226943969727 492.197967529297 666.785869598389 660.064990997314 614.551681518555 577.298690795898 649.545806884766 755.657432556152 843.300765991211 786.784889221191 762.841148376465 809.069915771484 702.996545791626 550.770584106445 648.246849060059 503.14794921875 722.625150680542 623.407760620117 742.732313156128 764.542171478271 762.023220062256 818.113525390625 806.790027618408 714.919078826904 890.353073120117 774.853436470032 685.518142700195 775.584221839905 666.848495483398 727.542171478271 816.125846862793 819.25953578949 896.293891906738 1320.5753364563 712.118705749512 938.484283447266 930.277160644531 823.570686340332
682.40873169899 722.467067718506 687.677672386169 584.863395690918 759.459190368652 708.133750915527 685.381895065308 696.919555664062 786.616348266602 551.237182617188 567.868614196777 640.342421531677 461.976898193359 546.269271850586 632.845329284668 661.442970275879 578.494636535645 618.834060668945 563.057243347168 603.847816467285 636.813743591309 680.462664604187 730.328556060791 831.420379638672 749.393211364746 618.499977111816 766.623466491699 583.936706542969 649.286323547363 684.922241210938 918.802261352539 843.567024230957 773.485691070557 796.522113800049 961.570205688477 832.57495880127 826.380714416504 762.540475845337 817.807395935059 755.552092552185 758.565212249756 868.708839416504 780.621603965759 798.719614863396 813.418738365173 873.804943084717 838.593395233154 1068.28466033936 745.388935089111 1324.77719497681
800.569686889648 736.088348388672 729.509326934814 686.585121154785 858.596740722656 806.292221069336 581.570297241211 730.625244140625 706.736156463623 776.179145812988 642.35277557373 631.318135261536 697.840003967285 765.608169555664 574.112449645996 625.067110061646 634.428649902344 581.056999206543 630.556230545044 690.166738510132 643.213523864746 624.038764953613 578.599800109863 748.625457763672 693.149932861328 683.179615020752 724.110446929932 985.167026519775 707.032049655914 607.136093139648 770.8232421875 738.601366996765 862.358856201172 831.063171386719 854.919792175293 980.018112182617 830.081489562988 971.735397338867 809.879383087158 884.124961853027 897.539642333984 935.735397338867 878.652297973633 895.541893005371 969.125335693359 795.302810668945 682.760070800781 731.101936340332 851.977596759796 730.030382156372
767.598335266113 666.151955604553 570.622703552246 773.877014160156 434.738739013672 697.768165588379 547.69229888916 754.46248626709 527.605377197266 686.547630310059 715.88946723938 635.088590621948 669.236804962158 586.524171829224 603.590900421143 446.879096984863 731.020890593529 551.772315979004 495.610168457031 645.067768096924 557.816070556641 618.850322723389 692.912208557129 555.572494506836 735.935020446777 722.274275779724 693.671012878418 829.429306030273 734.343044281006 735.249700546265 813.658889770508 788.042900085449 866.453903198242 807.131767272949 752.277439117432 753.250723838806 813.945453643799 634.64510345459 806.012989044189 850.263763427734 708.745513916016 745.578048706055 820.692083358765 762.278734207153 804.468998908997 897.57116317749 890.036560058594 881.293704032898 916.344482421875 804.413488388062
625.775065422058 665.152141571045 622.511229038239 774.373718261719 553.269081115723 639.431383132935 721.952865600586 570.959396362305 624.59845161438 652.497198104858 571.955315828323 500.795051574707 675.19953918457 627.876781463623 629.878273010254 484.897689819336 382.284057617188 451.185600280762 448.131286621094 683.970443725586 673.089073181152 693.341976165771 662.487729549408 576.24877166748 630.422752380371 728.051448822021 748.754406929016 621.214279174805 789.154899597168 866.862014770508 735.437446594238 708.677305221558 821.486457824707 804.414596557617 793.437698364258 745.402890205383 683.293018341064 941.360534667969 797.189182281494 807.676788330078 649.93968963623 883.745048522949 874.36262512207 1003.70498657227 811.899690628052 842.253284931183 834.472694635391 849.153583526611 888.403831481934 823.396865844727
725.221954345703 635.0930519104 604.425699234009 559.205215454102 638.042499542236 612.734878540039 458.743362426758 596.53120803833 712.310081481934 420.073303222656 551.966575622559 368.391662597656 692.917179107666 439.59602355957 518.339288711548 408.750244140625 627.589645385742 528.938865661621 613.842071533203 565.664623260498 600.746284484863 579.746055603027 615.589576721191 677.054607868195 549.574035644531 556.904647827148 671.049797058105 676.201657295227 627.052223205566 689.871234893799 749.858299255371 661.540634155273 733.823734283447 970.275024414062 684.950859069824 873.088256835938 933.788360595703 815.482513427734 704.562652587891 636.976745605469 752.481822252274 872.760627746582 889.304092407227 783.192380905151 896.151344299316 888.753330230713 853.320624440908 721.598602294922 909.965965270996 970.452102661133
623.747829437256 592.841896057129 529.577030181885 459.587944030762 508.517227172852 472.892883300781 588.888721466064 621.024785995483 665.738876342773 667.863548278809 690.808113098145 639.268760681152 535.706115722656 600.456491470337 435.976043701172 400.603927612305 593.98360824585 458.355278015137 461.253791809082 501.10856628418 637.24719619751 713.408432006836 582.183158874512 677.460436820984 716.222755432129 827.729202270508 707.143812179565 619.701683044434 682.964923143387 709.652915000916 807.521415710449 819.438278198242 822.705795288086 796.514572143555 825.376480102539 796.670928955078 702.542510986328 756.450210571289 696.663471221924 758.413997173309 790.075859069824 922.823471069336 714.123948097229 655.642852783203 730.122772216797 709.312126159668 926.841201782227 814.830635070801 800.596214294434 812.979710102081
564.933965682983 449.522193908691 479.031448364258 470.824806213379 440.618179321289 561.383272171021 503.040916442871 584.432229042053 496.82283782959 541.714363098145 594.90075135231 636.232009887695 617.176704406738 667.535499572754 495.390174865723 434.562835693359 360.15544128418 476.913841247559 299.309524536133 530.418313980103 515.12329864502 736.461196899414 658.22191619873 731.243236541748 656.55405330658 646.049865722656 608.833236694336 576.958862304688 632.905143737793 473.114364624023 718.495115280151 835.589126586914 911.365631103516 804.00740814209 728.797358989716 716.112239837646 643.310882568359 661.168182373047 629.785636901855 663.279586791992 832.750190734863 691.126342773438 896.44881439209 780.25118637085 767.762857437134 892.249580383301 929.288581848145 751.625926971436 817.435897827148 804.879329681396
539.387378692627 619.140419006348 516.60521697998 337.920257568359 439.530181884766 642.156089782715 594.484359741211 646.108299255371 535.138427734375 577.49534702301 621.237077713013 514.937744140625 760.402778625488 475.689422607422 376.500427246094 479.904802322388 458.874980926514 473.935684204102 550.341232657433 306.399139404297 568.806480407715 655.278926849365 598.459815979004 701.892055511475 741.154579162598 607.212738037109 745.141990661621 764.161773681641 806.731369018555 798.365013122559 669.16805434227 749.847885131836 755.032497406006 774.693420410156 660.654296875 710.16666841507 672.227656006813 620.40380859375 728.002489566803 799.356307983398 787.471103668213 709.537017822266 711.79859161377 705.801307678223 750.43113899231 766.46918964386 807.234621047974 783.398900985718 930.613616943359 855.043319702148
648.910814285278 621.199485778809 447.15470123291 444.978790283203 500.648658752441 394.138442993164 480.776107788086 550.327363967896 618.10652923584 505.775695800781 433.509414672852 481.59171295166 524.948768615723 497.577430725098 438.150444030762 391.801322937012 434.429107666016 696.630165100098 454.904251098633 330.165115356445 649.041095733643 612.918489456177 495.962249755859 661.697722911835 620.238403320312 683.151287078857 834.44189453125 807.379699707031 733.548774719238 793.019622802734 751.972274780273 866.881469726562 594.09098815918 716.085948944092 730.415380477905 642.699787139893 776.931770324707 632.214012145996 731.30883026123 725.848657608032 718.575525760651 630.841377258301 757.831237792969 669.251396179199 643.043167114258 917.232467651367 842.741367340088 667.848403930664 754.591152191162 728.90491104126
599.938041687012 445.867568969727 541.755363464355 431.562210083008 648.737049102783 490.185165405273 392.764068603516 444.940612792969 558.519155502319 558.860929489136 525.667602539062 517.981956481934 668.106323242188 493.531204223633 590.49340057373 483.606159210205 571.840526580811 543.762351989746 444.167633056641 509.10668182373 474.175476074219 575.931812286377 465.942687988281 708.616367340088 772.989837646484 730.373992919922 843.813720703125 840.478607177734 771.820793151855 762.156448364258 708.406232833862 753.113166809082 689.080177307129 546.988342285156 677.593750715256 769.606903076172 639.001819610596 771.459796905518 837.273895263672 961.797973632812 654.943054199219 736.417814314365 597.320983886719 759.0974868536 758.520325183868 673.883476257324 646.074920654297 803.199385643005 827.593544006348 748.92000579834
524.73433303833 555.469295501709 533.948104858398 646.125198364258 610.045375823975 485.409934997559 541.192445755005 692.556510925293 336.1474609375 721.446014404297 507.768661499023 448.46760559082 633.984924316406 650.337001800537 358.264602661133 519.696960449219 433.273483276367 624.652996063232 458.171279907227 648.976776838303 524.411041259766 725.969909667969 684.993679046631 671.897192001343 629.537984848022 803.760955810547 687.453550338745 721.271457672119 744.799125671387 792.903549194336 831.470138549805 688.472178459167 636.024284362793 614.26708984375 773.294090270996 720.102802276611 775.476852416992 640.210792541504 739.197189331055 812.15828704834 747.317303657532 640.930099487305 719.008155822754 810.520011901855 754.262141227722 802.234884262085 684.802711486816 714.516426086426 803.594131469727 815.976514816284
662.679412841797 637.278411865234 559.928666591644 496.320304870605 580.786244392395 501.808578491211 581.741683959961 796.390930175781 630.072650909424 636.792644500732 615.55696105957 534.297157287598 652.062911987305 744.509338378906 460.014907836914 457.701755523682 468.893089294434 617.40535736084 511.463333129883 668.729145050049 644.85458946228 539.484931945801 678.784858703613 580.657375335693 587.080516815186 630.519086837769 653.554087638855 793.825965881348 755.882369995117 882.318069458008 771.904922485352 766.318992614746 577.472724914551 706.269905090332 635.848838806152 617.638481140137 674.549152374268 669.01904296875 785.812473297119 728.173891067505 599.91382598877 805.791137695312 704.1461353302 769.904257774353 730.122779846191 691.982841491699 738.907232284546 833.021202087402 757.744469642639 850.867553710938
595.333347320557 531.977878570557 551.362205505371 558.66495513916 502.876800537109 619.341728210449 603.938180923462 586.554039001465 649.798820495605 599.176022052765 718.554878234863 660.728618621826 847.725189208984 665.703889846802 512.320915222168 411.235321044922 577.826829910278 591.815273284912 522.103988647461 676.331974029541 692.379029273987 640.323345184326 651.372265815735 671.298999786377 551.48681640625 680.846378326416 658.76323223114 598.744869232178 574.247459411621 736.547340393066 805.762565612793 686.506278991699 642.924806594849 696.784091949463 708.263729095459 817.363265991211 796.958717346191 839.180206298828 721.997430801392 623.186828613281 650.5393409729 648.089218139648 761.576654434204 806.116600036621 668.986488342285 711.637756347656 743.873983383179 863.658569335938 797.346664428711 902.305801391602
539.336878061295 526.262073516846 641.571029663086 670.552154541016 612.040084838867 668.58373260498 690.797271728516 510.565948486328 537.834506988525 665.192024230957 622.391012191772 1310.46988677979 593.949180603027 696.482055664062 611.789360046387 596.326709747314 575.671676635742 635.048002243042 639.410636901855 495.823059082031 685.130146026611 681.397735595703 686.340362548828 580.356750488281 722.061531066895 615.797645568848 546.868019104004 709.799781799316 587.276481628418 726.905975341797 593.347900390625 592.932907104492 683.5506067276 625.126739501953 727.246788024902 802.420715332031 677.051507949829 687.617969512939 732.062595367432 797.274429321289 761.294431686401 573.372344970703 672.382110595703 673.03116607666 732.257113695145 680.055774688721 588.222366333008 698.178451538086 745.778573036194 713.965892791748
586.822448730469 605.515640258789 654.330718994141 425.817398071289 569.823801994324 564.848610401154 694.184768676758 579.532336235046 699.340179443359 766.002822875977 529.670501708984 962.223495483398 874.600927352905 615.000503540039 520.579032897949 469.081726074219 548.755332946777 588.71565246582 669.702154159546 554.258159637451 549.920280456543 470.81022644043 570.69681930542 538.610374450684 668.134010314941 657.231063842773 671.901050567627 653.424449920654 699.599998474121 659.151241540909 728.366355895996 526.633850097656 644.440998077393 708.479125976562 710.178318023682 671.789604187012 822.894958496094 827.587997436523 695.800136566162 657.161895751953 694.623146057129 800.538879394531 692.709350585938 795.781188964844 718.93733215332 655.764312744141 661.199600219727 723.965002059937 733.731703996658 836.515281677246
818.900909423828 729.66764831543 665.277191162109 660.322441101074 744.374496459961 600.125253677368 507.533401489258 689.294364929199 640.447620391846 613.610374450684 637.459815979004 564.142059326172 551.926639556885 482.007164001465 754.343048095703 575.405645370483 419.332321166992 550.852687835693 592.221303939819 667.382991790771 532.485214233398 701.553855895996 642.699516296387 738.018974304199 587.290285110474 675.08423614502 811.088470458984 800.151992797852 745.42456817627 633.908420562744 621.310813903809 732.160034179688 514.63508605957 680.631081581116 656.979537963867 584.418685913086 747.313041687012 836.526504516602 705.202047348022 722.463188171387 630.515686035156 607.91251373291 646.695472717285 789.136787414551 680.843841552734 665.169513702393 845.501502990723 774.96794128418 607.775787353516 779.256679534912
687.630897521973 648.046928405762 648.203437805176 546.031916618347 588.319593429565 709.087356567383 554.001997947693 628.25825881958 753.206192016602 714.844009399414 566.902994155884 649.902854919434 538.839504241943 648.052452087402 613.001819610596 637.358804702759 643.682956695557 590.703149795532 633.063013076782 535.287979125977 713.249877929688 815.257431030273 709.682067871094 613.715869426727 431.301818847656 751.143581390381 612.320976257324 674.84211730957 653.628962516785 713.280254364014 719.452217102051 726.405914306641 663.121250152588 668.811716079712 666.339580535889 763.000144958496 634.084424972534 701.663646697998 620.748344421387 682.747652053833 661.920696258545 823.74146270752 777.320415496826 663.925773620605 753.870540618896 666.983654022217 744.279357910156 671.076530456543 664.136135101318 798.797348022461
612.414741516113 530.296422958374 568.920751571655 475.35131072998 621.005874633789 668.856330871582 587.287202835083 609.837249755859 677.024856567383 603.005218505859 618.07755279541 603.603833198547 558.379535675049 484.152229309082 514.958862304688 506.826438903809 435.197784423828 491.067047119141 549.54630279541 670.584888458252 537.202117919922 699.038703918457 663.706811904907 706.311531066895 623.394567489624 733.624794006348 606.019050598145 772.564865112305 684.114177703857 608.175640106201 625.146095275879 517.580383300781 665.022682189941 607.466934204102 750.24658203125 872.568923950195 666.358102798462 782.778701782227 699.867476940155 773.404357910156 791.651573181152 740.38650894165 689.752002716064 556.985275268555 713.157409667969 611.31330871582 669.893753051758 510.626373291016 816.749557495117 628.41845703125
494.126686096191 536.472612380981 611.438674926758 522.242374420166 569.58348608017 427.895065307617 691.314651489258 645.54695892334 550.188060760498 656.329193115234 571.964054107666 553.393501281738 531.35245513916 631.287712097168 530.255271911621 631.546047210693 503.451812744141 508.645748138428 537.104110717773 684.802131652832 647.913158416748 736.483245849609 667.512069702148 603.752210617065 613.525966644287 582.194988250732 603.343992233276 572.445117950439 558.837417602539 748.661834716797 652.124505519867 679.593348503113 699.051898956299 690.885456085205 863.103916168213 663.221179485321 603.319534301758 609.031272888184 848.870788574219 720.475643157959 764.959095001221 863.015487670898 634.793792724609 679.872455596924 744.301044464111 713.377981185913 803.159515380859 611.626777648926 650.810371398926 589.673751831055
510.665519714355 483.625984191895 510.595640182495 531.17956161499 629.438972473145 502.417030334473 743.860687255859 615.000831604004 670.310356140137 534.644641876221 668.189949035645 544.87811756134 558.280955314636 596.189746856689 557.792395591736 491.108261108398 507.576248168945 671.902534484863 710.519989013672 761.186370849609 614.819854736328 646.801357269287 659.89608001709 599.044966600835 644.019701004028 518.103576660156 627.272300839424 570.842292785645 640.237458705902 643.076982021332 699.42372751236 682.649452209473 554.605155944824 500.292144775391 701.348049163818 603.48469543457 530.786949157715 764.099311828613 751.626724243164 644.806045532227 739.467170715332 821.612854003906 809.820693969727 709.208528518677 746.624172210693 706.401594161987 587.283470153809 474.828033447266 584.244560241699 707.886532247066
536.654145240784 633.208023071289 433.999282836914 593.281692504883 634.875549316406 496.083656311035 572.62855437398 564.291784286499 591.014339447021 614.653202056885 781.888824462891 601.469722747803 598.670208930969 555.16662979126 601.46706867218 657.49210357666 780.755722045898 641.844980239868 658.004493713379 720.403228759766 669.443061828613 466.424346923828 819.442092895508 537.873374938965 555.598510742188 549.832695007324 567.789093017578 559.858337402344 804.049926757812 522.972473144531 628.408325195312 687.968132019043 877.996429443359 693.496437400579 702.186893463135 631.48885345459 518.340438842773 617.073722839355 570.926956176758 747.472724914551 771.349853515625 684.816710501909 785.042022705078 781.615272521973 724.484153747559 677.194328308105 656.047161102295 647.953559875488 875.676605224609 625.237846374512
