export/dem/dem1.asc
NCOLS 350
NROWS 171
XLLCORNER 152620
YLLCORNER 418050
CELLSIZE 100
NODATA_VALUE -9999
[rows 22 to 43 of 171, columns 150 to 199 of 350]
526.741401672363 614.998823165894 664.930210113525 570.389801025391 455.708831787109 427.562789916992 664.165508270264 592.370936393738 599.021095275879 615.510503768921 564.72412109375 659.140625 911.166938781738 646.530311584473 801.139101028442 681.920532226562 870.437232971191 585.782104492188 475.677627563477 532.96533203125 576.286224365234 522.380722045898 567.245971679688 591.266143798828 546.768661499023 570.882095336914 857.739700317383 521.409362792969 775.402366638184 694.000663757324 629.210603713989 458.751747131348 616.473111629486 694.663818359375 497.847152709961 504.084167480469 738.048416137695 543.642021179199 714.162391662598 723.104373931885 628.49747467041 790.302314758301 625.300045013428 805.413375854492 514.756439208984 567.71427154541 699.540773391724 526.224494934082 730.282859802246 805.655921936035
588.471286773682 490.388031005859 643.358825683594 597.16686630249 561.398178100586 602.017501831055 800.906646728516 590.770248413086 526.840980529785 714.81616973877 643.544354438782 702.14927482605 714.457218170166 582.558074951172 667.47682595253 632.856552124023 608.288017272949 843.143142700195 568.872741699219 566.401412963867 650.000427246094 574.659637451172 606.071075439453 621.299667358398 701.39927482605 584.767395019531 1101.01928710938 705.103164672852 603.161354064941 631.018356323242 570.66172504425 671.880220413208 683.047004699707 694.433212280273 446.749114990234 443.643737792969 663.611423492432 780.934127807617 482.048583984375 763.290008544922 674.360523223877 795.383316040039 589.845108032227 628.782737731934 595.155487060547 595.282962799072 617.404792785645 681.76157283783 795.430191040039 576.585731506348
611.374347686768 566.019030332565 663.020164489746 558.078521728516 692.991661071777 683.736831665039 700.374084472656 604.308193445206 511.095375061035 589.282413482666 553.304832458496 510.226470947266 849.864929199219 603.713256835938 500.104110717773 1286.84976959229 633.516906738281 513.689155578613 474.007949829102 754.670274734497 714.406173706055 621.909233093262 593.435447692871 632.674697875977 617.851051330566 627.73705291748 638.104885101318 554.423210144043 609.633085250854 612.290955543518 631.106192588806 617.147357940674 635.582526683807 633.168384552002 625.370804786682 662.965362787247 798.045745849609 743.621955871582 796.012802124023 696.789691925049 893.653533935547 691.667663097382 571.9241065979 665.546678066254 668.653554916382 676.475406646729 714.730159759521 672.023921966553 685.862085342407 631.152061462402
569.496183395386 590.219515815377 574.508409500122 655.303958892822 668.108840942383 411.725616455078 605.632434129715 579.149217605591 428.526184082031 676.43957901001 397.295669555664 520.363250732422 1020.30126190186 506.996307373047 836.136016845703 599.814765930176 551.079467773438 1021.75497436523 615.09351348877 531.851959228516 1004.18965148926 927.588897705078 521.415435791016 565.320976257324 461.734390258789 616.891941070557 595.649597167969 670.061489105225 641.48367857933 419.535766601562 791.53044128418 805.170074462891 519.511184692383 622.089953422546 648.16007232666 708.315078735352 789.076354980469 695.164318084717 879.316299438477 750.498542785645 863.209075927734 731.160634994507 623.817573547363 669.940559864044 767.350200653076 666.846771240234 713.306316375732 567.243949890137 555.294937133789 641.761432647705
514.685859680176 561.318876266479 563.781072616577 580.809741973877 647.50386428833 434.27815246582 655.097537994385 660.552474975586 552.571441650391 555.179145812988 691.977432250977 394.32048034668 555.000396728516 647.039520263672 640.377929210663 698.465965270996 571.729965209961 750.382244110107 679.804231643677 542.188369750977 502.527267456055 688.743771314621 622.317085266113 588.520805358887 590.397499084473 472.658065795898 818.141487121582 663.109754562378 539.643989562988 529.384452819824 665.159885406494 698.420505523682 683.760232925415 631.826332092285 704.70361328125 768.590698242188 636.091190338135 610.018884658813 738.675899505615 825.285415649414 767.722190856934 727.375713348389 671.73927116394 756.711219787598 715.488906860352 848.323677062988 768.498867034912 671.64393222332 621.290103912354 534.211837768555
511.179710388184 508.617107391357 409.944686889648 514.856117248535 544.59366607666 511.943237304688 443.96076965332 601.343028068542 581.099485397339 603.860161781311 573.837463378906 571.514793395996 582.493270874023 764.289035797119 540.502243041992 725.100997924805 739.782577514648 673.907072067261 491.744262695312 848.071575164795 641.818084716797 577.10026550293 566.482574462891 606.350746154785 534.76399230957 817.820579528809 678.192954540253 852.377380371094 569.577945709229 512.052452087402 608.924755096436 669.586906433105 596.131542205811 851.787185668945 659.890478134155 680.574077606201 670.474391937256 765.23991394043 790.538162231445 867.371078491211 795.569557189941 660.769005775452 547.734283447266 672.999813079834 696.979866027832 721.670280456543 771.470001220703 614.058113098145 674.994514465332 722.292671203613
512.810077667236 517.00260925293 641.472763061523 545.962387084961 442.002082824707 504.89022064209 658.645309448242 651.342067718506 699.975204467773 482.74072265625 704.951217651367 1047.13027954102 798.887542724609 693.484558105469 632.816146850586 999.181716918945 648.540934085846 1026.55964660645 619.026941299438 1005.85021209717 686.604248046875 676.08056640625 445.347579956055 570.789978027344 605.412406921387 637.313278198242 636.264091491699 789.190532684326 553.696502685547 629.121824264526 585.885234832764 623.137101113796 649.20690536499 617.152172088623 689.769256591797 488.426086425781 376.114028930664 587.40153503418 647.644096374512 604.114087939262 811.022956848145 988.214329719543 800.884826660156 567.2412109375 700.091205596924 764.209976196289 788.405364990234 543.725852966309 447.362701416016 656.792610168457
474.205055236816 424.295440673828 638.841232299805 584.202479362488 681.668739318848 471.629745483398 474.950103759766 590.181745409966 611.928237915039 595.285622835159 607.859603881836 1056.54075622559 758.702110290527 796.980606079102 870.844106435776 728.37767791748 489.993988037109 554.758033752441 635.343670845032 709.868812561035 949.677467346191 518.949264526367 604.097759246826 842.297506332397 468.518630981445 536.700157165527 623.913245916367 611.461471557617 550.458438873291 477.468658447266 520.639320373535 470.704528808594 510.923721313477 483.657608032227 638.372236251831 556.257232666016 671.053451538086 559.14656829834 696.421279907227 666.188007354736 789.409255981445 716.518795013428 770.982971191406 643.885705947876 562.17919921875 611.261486053467 739.372230529785 720.430587768555 681.95337677002 558.741491317749
575.315423965454 441.05598449707 624.986709594727 619.448379516602 650.132110595703 660.583305358887 560.712720870972 466.335922241211 571.955112457275 693.218884885311 823.718844413757 980.884693145752 918.960311889648 741.721744537354 659.341430664062 411.664505004883 578.467351913452 584.727089881897 582.475435018539 830.657083511353 842.466423988342 604.326026916504 488.67845916748 465.320877075195 605.780086517334 491.334945678711 670.281963348389 565.389972686768 700.547317504883 705.128349304199 662.891670227051 494.771095275879 689.772964477539 683.366012573242 706.454032897949 582.485443115234 483.872909545898 587.470148086548 572.681711196899 702.513092041016 794.922790527344 575.639892578125 481.279373168945 761.453498840332 717.980331420898 773.028228759766 560.812278747559 725.463531494141 620.294322967529 558.956184387207
619.425704956055 569.222053527832 631.841285705566 648.714653015137 559.663867950439 571.001800537109 605.034931182861 557.320115089417 588.333109855652 701.654067993164 827.727989196777 724.654716491699 1022.08053588867 707.622337341309 632.21462059021 539.036750793457 407.696868896484 717.1591796875 556.979038238525 560.439715385437 589.09008026123 411.398696899414 480.108604431152 588.346714019775 565.801580429077 626.703981399536 794.329383850098 608.849358558655 645.561790466309 433.276077270508 536.538093566895 626.951221466064 382.936630249023 561.238664627075 609.007745742798 589.243280887604 447.241241455078 648.053909301758 638.268550872803 734.040542602539 824.472320556641 777.633251190186 663.689147949219 448.016082763672 718.488632202148 634.12850189209 652.521095275879 601.293955802917 631.495086669922 624.074920654297
419.760223388672 563.894864082336 509.927997589111 626.321952819824 665.753929138184 693.786773681641 626.342247009277 532.882774353027 979.711181640625 611.996253967285 779.741455078125 740.583763122559 613.22078704834 440.695266723633 555.818508148193 625.296192169189 655.558227539062 580.379319190979 512.655384063721 469.208183288574 644.081878662109 489.053588867188 651.509101867676 512.847373962402 529.89852142334 701.167770385742 658.56958770752 611.539551734924 659.388153076172 605.148262023926 529.015894412994 547.760862350464 568.01415348053 628.875717163086 498.37622833252 431.532135009766 505.682125091553 664.512115478516 581.03396987915 690.124984741211 572.733055114746 729.40584564209 582.168947711587 594.549680709839 559.234857559204 637.139297485352 514.306411743164 539.393955230713 619.788333892822 666.188804626465
391.395706176758 536.499206542969 580.836362838745 618.219440460205 568.532835960388 548.833847045898 586.323787689209 563.997932434082 546.774932861328 725.784233093262 691.187705993652 536.289978027344 713.295333862305 598.309564590454 656.054977416992 691.614959716797 564.355445861816 512.325843811035 584.271968841553 378.619171142578 558.328596115112 649.930061340332 739.757843017578 526.909896850586 673.053161621094 617.330821990967 717.718032836914 613.716331481934 680.724044799805 526.841808319092 660.577476501465 483.992897033691 579.97331237793 578.304105758667 494.445510864258 515.61600112915 571.760904669762 562.994613170624 736.742126464844 554.348495483398 513.622550964355 533.541309356689 486.675964355469 456.408615112305 529.748498916626 609.159400939941 558.66398525238 496.519836425781 540.597806930542 694.513648986816
573.688128232956 485.088088989258 447.35050201416 619.099662780762 651.399002075195 619.458312988281 690.303680419922 755.444000244141 641.317741394043 572.449252605438 636.042728424072 676.395401000977 648.575843811035 385.93034362793 601.450736999512 544.241142272949 514.911491394043 537.456285476685 536.743076324463 531.065938949585 713.964981079102 528.099460601807 569.114471435547 499.258144378662 663.915603637695 804.743118286133 672.41194152832 604.916902542114 648.270866394043 510.046234130859 579.338151931763 439.893157958984 481.151695251465 439.25505065918 513.325065612793 576.168730735779 585.876436710358 513.19458770752 545.792881011963 597.73455619812 666.137908935547 539.436290740967 510.340797424316 579.791847229004 659.410068511963 520.856895446777 658.446014404297 685.11717414856 602.076614379883 650.132694244385
475.79150390625 470.799385070801 635.208068847656 569.845070838928 662.977767944336 741.295028686523 630.430011749268 593.781871795654 502.90650177002 597.574157714844 428.178924560547 654.199287414551 576.470151901245 599.64554977417 665.491340637207 502.169971466064 622.749061584473 543.49513053894 485.031723022461 425.323791503906 598.299255371094 605.410068511963 595.795824050903 655.355537414551 807.921524047852 613.745635986328 588.890177726746 684.01633644104 582.671607971191 446.735900878906 679.493804931641 622.36890411377 592.166088104248 524.90864944458 544.229969024658 704.608596801758 664.69873046875 588.84094619751 578.507495880127 506.356399536133 530.04598236084 635.696067810059 669.892734527588 674.667030334473 1092.80400180817 525.350978851318 436.366729736328 576.336414337158 485.098297119141 647.143211364746
665.124755859375 532.634746551514 553.217046737671 549.908139228821 586.383041381836 668.645210266113 683.135643005371 770.878753662109 500.788467407227 779.377212524414 674.383506774902 669.873069763184 551.760909035802 408.313385009766 643.619110107422 564.323598861694 553.929578520358 519.829723358154 436.726585388184 538.000915288925 413.247177124023 403.869750976562 756.735000610352 575.505827903748 681.870872497559 633.015014648438 547.376859664917 689.293464660645 604.225988388062 502.296493530273 609.208295822144 528.014518737793 684.700057983398 598.511027336121 598.575620412827 677.458946228027 529.429871320724 723.331581115723 741.006401062012 466.62744140625 487.457275390625 494.887405395508 581.491815567017 441.651214599609 1169.45361328125 523.208742141724 522.29959487915 421.363952636719 586.634107589722 639.251625061035
597.903293609619 596.006210327148 544.193683624268 521.546527862549 514.908233642578 625.021308898926 718.731567382812 553.139129638672 621.346633911133 703.167236328125 387.516006469727 607.373899459839 511.833197593689 486.299976348877 428.965858459473 580.487453460693 597.920921325684 369.232818603516 598.269142150879 285.187469482422 572.933585643768 552.643404960632 514.069239616394 646.855094909668 518.628603935242 642.733306884766 550.090915679932 693.123931884766 803.382476806641 601.582824707031 579.140451431274 569.327339172363 620.451580047607 485.708488464355 428.679962158203 535.976875305176 623.791000366211 441.185836791992 568.073474884033 494.096797943115 484.836906433105 618.929298400879 507.772796630859 558.649276733398 620.894324302673 473.36051940918 359.739013671875 482.993263244629 637.131820678711 499.497421264648
603.048309326172 483.339538574219 505.034492492676 553.799089431763 519.842796325684 594.726753234863 567.075042724609 652.434600830078 552.623832702637 603.321876525879 600.567918777466 637.360633850098 597.765892028809 695.891555786133 585.207075119019 597.251655578613 675.717727661133 609.575408935547 439.559158325195 353.373229980469 396.036697387695 505.412273406982 649.375267028809 470.022655487061 714.74333190918 566.21648979187 404.695495605469 589.292251586914 708.141326904297 685.391998291016 637.740325927734 587.073165893555 399.104629516602 563.934715270996 552.061989784241 553.09934425354 551.639974594116 619.123947143555 540.017224311829 433.312141418457 423.310150146484 522.374111175537 576.200748443604 514.933349609375 510.110260009766 400.589462280273 463.099395751953 554.60585641861 558.687042236328 497.353454589844
749.580627441406 498.966896057129 557.884548187256 443.975715637207 556.031589508057 450.436592102051 505.720779418945 466.920852661133 602.878963470459 548.102283000946 457.557647705078 545.766555786133 529.103420257568 517.971294403076 552.901935100555 641.117301940918 706.529968261719 592.064914703369 496.532764434814 530.981932640076 688.993835449219 451.887481689453 600.594474315643 562.531397819519 441.66819691658 654.688903808594 597.543079376221 573.45454788208 742.580039978027 930.810754776001 627.957626342773 534.722717285156 696.677093505859 494.708089828491 562.638425827026 493.365345001221 440.662803649902 611.688232421875 440.442535400391 511.985763549805 599.691904067993 450.569709777832 663.115966796875 566.570116043091 556.498355865479 498.865375518799 740.667221069336 646.834358215332 572.828371047974 552.304613113403
620.64612197876 561.094573974609 513.130832672119 552.306109905243 424.568954467773 360.31330871582 576.412117004395 591.663791656494 577.456569671631 594.538463592529 634.405227661133 428.177139282227 622.923202514648 568.070648193359 542.492349624634 538.780272483826 572.406494140625 490.406005859375 482.383445739746 310.497421264648 547.393088936806 570.200302124023 534.770961761475 546.178142368793 494.473899841309 453.791038513184 513.087928771973 743.350464344025 553.509788513184 602.512115478516 526.313974380493 578.818655014038 463.669651031494 489.8557472229 722.406692504883 489.215347290039 370.365844726562 392.972183227539 470.463874816895 518.636688232422 424.352935791016 569.062686920166 641.625350952148 601.056854248047 508.584827423096 613.195518493652 486.7311668396 765.904891967773 565.324228286743 472.744857788086
482.359870910645 431.366905212402 644.040092468262 446.53630065918 600.596405029297 353.246688842773 530.74534702301 489.563400268555 464.20059967041 585.801509857178 653.575759887695 462.204452514648 457.570251464844 466.287994384766 493.721837520599 379.316177368164 453.148498535156 393.393692016602 472.206573486328 486.15559387207 445.138725280762 551.902404785156 498.663063049316 527.076287269592 639.959754943848 694.032699584961 542.609668731689 518.401351928711 885.145698547363 539.302803039551 281.206237792969 481.918159484863 587.815811157227 509.369148254395 465.213996887207 465.886196136475 468.597549438477 406.16291809082 440.591415405273 434.859024047852 678.297027587891 539.447770118713 447.597297668457 366.638763427734 525.822143554688 504.761480331421 520.842868804932 614.577491760254 604.715526580811 687.908767700195
318.6279296875 526.518216133118 459.844158172607 611.299240112305 572.531650543213 527.668664932251 487.434234619141 466.870231628418 509.868324279785 447.78141784668 590.592234134674 532.196399688721 437.007228851318 396.98934173584 501.917495727539 527.959762573242 556.106908798218 336.69921875 391.609359741211 477.490333557129 578.149085998535 520.322135925293 503.710762023926 463.899078369141 649.920104980469 568.812215805054 667.722557067871 545.544021606445 786.567518234253 644.66854095459 634.270745754242 604.650997161865 502.660015106201 437.207984924316 385.919586181641 463.320335388184 455.616882324219 383.793807983398 543.705554008484 605.296836853027 447.860496520996 499.269245147705 539.044467449188 601.237983703613 462.355575561523 641.300849914551 611.748519897461 498.552825927734 463.86580657959 584.64217376709
455.222263336182 516.929912567139 587.923004150391 461.867050170898 456.305442810059 552.009579658508 590.372749328613 537.81597328186 548.893594741821 526.318243026733 621.770709991455 544.425826072693 339.248077392578 483.814949035645 361.728591918945 498.353698730469 596.189472198486 445.242652893066 460.113822937012 540.783777236938 400.275955200195 526.041698455811 508.535327911377 510.596374511719 527.05760383606 545.881551742554 665.490409851074 646.822967529297 567.744197845459 548.195732116699 766.54711151123 790.65047454834 714.707279205322 652.888595581055 577.225291728973 584.9782371521 582.597591400146 509.68563079834 485.585838317871 629.041126251221 619.571967124939 597.365346908569 855.073593139648 727.493661880493 622.884704589844 653.432735443115 568.321311950684 684.768478393555 538.068515777588 390.072021484375
