export/dem/dem13.asc
NCOLS 350
NROWS 171
XLLCORNER 152620
YLLCORNER 418050
CELLSIZE 100
NODATA_VALUE -9999
[rows 44 to 65 of 171, columns 100 to 149 of 350]
601.120849609375 404.301368713379 535.722434997559 374.816734313965 254.884994506836 342.338111877441 433.964950561523 348.851890563965 271.93244934082 451.818029403687 430.958061218262 594.276153564453 509.632530212402 417.295433044434 438.503214120865 314.49609375 405.812545776367 425.060543060303 305.769027709961 575.097793579102 509.175415039062 559.055709838867 528.000732421875 569.116233825684 506.724066734314 414.32160949707 476.718784332275 708.759689331055 469.119365692139 574.510093688965 434.278465270996 454.218727111816 450.681274414062 442.78736114502 505.995128631592 471.761089086533 614.538063049316 485.59707069397 593.893180847168 647.247833251953 494.166782617569 438.944320678711 519.341012954712 595.386276245117 627.90869140625 463.240104675293 435.204437255859 434.180473327637 580.978622436523 373.185501098633
429.596971988678 385.341819763184 434.88151550293 445.3855676651 524.964828491211 485.141813278198 442.835510253906 560.163154602051 462.246732711792 546.270065307617 488.523036956787 436.081346511841 422.336814880371 546.037773132324 421.720697402954 448.373409748077 547.848045349121 498.413385391235 600.47509765625 547.027725219727 504.919319152832 478.734527170658 471.006908416748 593.900337219238 437.884536743164 463.40518951416 508.051378250122 401.268341064453 590.299007415771 505.124380588531 541.389061927795 481.514090538025 594.870971679688 433.961647033691 437.963008880615 483.834725260735 385.826889038086 600.396011352539 502.564011096954 511.371985435486 467.738739013672 424.702072143555 482.769004821777 443.841770172119 514.500037670135 543.939273834229 435.357330322266 585.67017364502 475.374687194824 450.887451171875
444.588634490967 426.158802032471 383.593658447266 399.492361068726 372.271179199219 529.56356048584 514.144344329834 469.832447052002 337.406555175781 514.681823730469 549.083755493164 332.227523803711 587.783966064453 401.561332702637 406.040325164795 385.731903076172 352.178977966309 397.282043457031 502.906162261963 413.183994293213 399.86750793457 352.468452453613 402.723365783691 592.548110961914 411.404075622559 404.328628540039 554.451965332031 566.009895324707 505.854610443115 644.701995849609 554.152526855469 520.168147087097 473.007816314697 401.73348236084 433.125205993652 443.00276184082 393.682479858398 546.381820678711 637.618209838867 411.748649597168 299.938323974609 439.396907806396 498.706144332886 607.407623291016 410.277168273926 473.075519561768 508.727994918823 433.945068359375 496.406500816345 610.589256286621
418.487579345703 412.921438217163 344.460006713867 334.451965332031 373.571266174316 293.460922241211 385.384273529053 674.461410522461 624.206359863281 573.183410644531 394.002941131592 489.696758270264 557.085830688477 344.300888061523 379.114326477051 403.192970275879 517.163944244385 426.465354919434 418.357608795166 525.140914916992 486.901670455933 667.786010742188 626.135787963867 664.5458984375 651.858413696289 518.163341522217 557.872032165527 507.014295578003 436.865715026855 422.360504150391 395.258842468262 456.922954559326 434.239471435547 478.278270721436 421.890232086182 657.394317626953 304.144836425781 358.089294433594 606.218521118164 501.537951469421 434.349586486816 483.339168548584 610.194091796875 677.585235595703 482.028818130493 505.511316299438 416.39234161377 471.31969165802 564.58984375 583.36311340332
221.802291870117 345.341270446777 340.571479797363 288.966812133789 274.934173583984 428.144123077393 415.079162597656 577.375595092773 595.769836425781 531.921516418457 475.508529663086 619.549011230469 497.722633361816 477.852828979492 347.612205505371 564.368507385254 386.214004516602 408.256309509277 457.836791992188 336.153167724609 577.625770568848 649.37890625 547.08024597168 576.547920227051 645.071716308594 638.860641479492 560.363609313965 522.554859161377 467.039939880371 580.689224243164 534.435142040253 491.320285797119 538.008108139038 391.92073059082 539.959911346436 616.267707824707 506.957996368408 600.991500854492 461.020557403564 505.182682752609 381.322654724121 589.419006347656 436.169902801514 383.402847290039 467.802417755127 448.061485290527 516.067762374878 543.251789093018 528.27067565918 491.371078491211
395.117923736572 392.776062011719 403.618782043457 462.50874710083 371.797912597656 471.003636360168 408.492176055908 546.702331542969 528.815734863281 446.7660779953 498.601417541504 597.161407470703 597.929321289062 340.697593688965 467.697326183319 558.62393951416 474.008735656738 520.057918548584 374.160095214844 522.170684814453 522.661781311035 589.347320556641 486.176860809326 690.234283447266 572.961029052734 532.32328414917 581.08031463623 551.005067825317 590.818870544434 460.913311004639 498.972784042358 413.895530700684 440.041809082031 432.597106933594 460.344692230225 496.228652000427 486.615957260132 571.87028503418 615.275054931641 720.405181884766 552.180610656738 570.455924987793 370.933609008789 485.532707214355 478.786724090576 322.627746582031 503.247836336493 462.729888916016 382.719589233398 482.433532714844
511.215297698975 383.601181030273 414.728591918945 400.345657348633 329.348098754883 325.39729309082 448.045425653458 418.481266021729 391.38468170166 515.144763946533 479.060733795166 378.978828430176 482.245803833008 510.63138961792 505.768516540527 475.334787368774 667.331756591797 395.971260070801 374.83415222168 435.91332244873 411.20751953125 598.218414306641 476.225504875183 639.406036376953 624.214996337891 496.543706893921 501.839309692383 489.714561462402 527.320266723633 656.080627441406 586.35913848877 634.014106750488 394.158027648926 495.669828146696 576.360034942627 459.727516174316 556.410041809082 413.345436096191 453.896305084229 587.223022460938 488.712507247925 634.559432983398 381.497749328613 486.06697845459 429.413719177246 474.350563049316 474.665927886963 305.265869140625 476.380832672119 539.148960113525
249.002563476562 427.236132621765 280.075988769531 424.047290802002 400.17560005188 407.953870773315 386.658191680908 554.641670227051 510.984733581543 449.918601036072 508.923137664795 475.732626438141 555.825714111328 483.224340438843 536.975551605225 430.82160949707 522.689935684204 360.30297088623 423.699897766113 442.939182281494 444.618015289307 526.701034545898 398.148834228516 477.004833221436 577.273094177246 509.596431732178 556.683826446533 522.57966709137 510.635966300964 394.964714050293 545.163879394531 661.087417602539 471.877994537354 470.041175842285 509.177289962769 568.287443161011 470.7004737854 492.903659820557 448.865287780762 565.692623138428 519.869478702545 523.568392276764 399.920852661133 485.442012786865 563.896305084229 395.684791564941 527.669209241867 492.803128957748 438.04500579834 547.613178253174
356.048568725586 297.433807373047 347.479431152344 458.828304290771 371.26668548584 453.883796691895 629.592742919922 514.196479797363 498.732643127441 579.670219421387 405.270332336426 420.985683441162 481.974048614502 457.399690628052 515.515056610107 446.440242767334 519.745040893555 318.719772338867 510.593154907227 548.947078704834 480.43364238739 438.466480255127 637.625473022461 535.752128601074 506.325387954712 413.268119812012 440.747352600098 421.587169647217 565.985450744629 499.167314529419 557.640830993652 538.807203292847 537.611923217773 597.258506774902 451.277236938477 563.309028625488 442.532028198242 586.462650299072 552.788080215454 649.639450073242 590.906181335449 480.09948348999 491.107666015625 638.424987792969 469.572196960449 431.934547424316 474.43970489502 443.037399291992 572.387218475342 393.765609741211
275.738525390625 396.808368682861 429.237160682678 392.349754333496 549.06128692627 538.869567871094 485.946199417114 462.152529716492 440.134944915771 345.408233642578 209.319183349609 558.461933135986 514.363403320312 574.661323547363 647.048027038574 440.191310882568 504.798780441284 458.703887939453 513.52244758606 440.396850585938 412.813110351562 542.30199432373 498.055952787399 465.572788238525 501.548020124435 321.798706054688 397.217872619629 370.534561157227 445.708251953125 641.003448486328 467.870895385742 521.42257976532 440.132919311523 555.978343963623 422.941383361816 459.608657836914 471.350704193115 414.727554321289 582.564807891846 659.174545288086 560.737127304077 353.519165039062 572.683395385742 452.918609619141 489.547408103943 555.370792388916 434.295120239258 558.988441467285 543.226887702942 556.064708709717
363.770767211914 380.308353424072 379.17017364502 535.633888244629 492.683296203613 305.148986816406 567.160842895508 409.241695404053 367.305015563965 398.914520263672 368.120414733887 523.061954498291 438.794914245605 560.269912719727 494.738614082336 454.458301544189 384.827110290527 460.09180188179 503.990728378296 465.497138977051 599.933235168457 450.000217437744 487.951494216919 375.005981445312 585.922706604004 468.598934173584 458.370708465576 340.873901367188 466.357685089111 302.716659545898 396.747611999512 548.209171295166 453.350799560547 497.997228622437 400.135589599609 377.831405639648 521.841732025146 441.841918945312 508.129553794861 496.715456008911 567.671340942383 492.952545166016 549.643603801727 615.24861907959 436.777488708496 536.484943151474 468.892562866211 557.74033164978 452.919281005859 552.265617370605
409.553453445435 425.772555828094 380.059722900391 407.042217254639 551.114311218262 541.208915710449 526.996234893799 478.495221138 360.343727111816 531.349197387695 462.404104232788 569.900321960449 466.673364639282 492.763761520386 461.734375 532.36648529768 346.056640625 396.999732971191 403.407218933105 465.976596832275 467.970684051514 516.445574760437 557.790504455566 584.299446105957 398.339004516602 431.068206787109 506.664672136307 535.491539001465 442.905487060547 435.935768127441 459.718185424805 545.889605998993 352.636734008789 458.236282348633 341.125503540039 379.85417175293 470.250102996826 337.227462768555 620.056350708008 502.411484479904 593.040386199951 535.127090454102 585.14965057373 477.190460205078 466.419532775879 538.836466193199 516.69841003418 600.853595733643 614.601364135742 446.99341583252
522.200859069824 521.129295349121 324.08081817627 503.528755187988 400.23316192627 326.134605407715 412.311634063721 344.012092590332 490.602701187134 575.955200195312 480.399077892303 538.690475463867 387.173988342285 602.07592010498 464.444885253906 387.066268920898 464.785022735596 503.818070411682 458.218742370605 523.590943336487 339.895965576172 508.791801452637 511.951339244843 478.123641967773 370.256080627441 504.572612285614 351.811386108398 532.990761756897 586.888572692871 595.891667366028 534.421291351318 505.563278198242 500.261890411377 361.731475830078 637.580406188965 532.68630027771 508.842079162598 588.57604598999 757.614898681641 546.607771873474 549.664544582367 438.316474914551 602.958541870117 627.74690246582 597.16471862793 600.257904052734 668.371398925781 623.129364013672 598.576778411865 644.443069458008
409.340877532959 443.810724258423 585.605010986328 434.482349395752 403.053367614746 380.485450744629 427.874786376953 443.204431533813 566.646743774414 385.361228942871 424.856906890869 416.423301696777 518.44686126709 425.005905151367 358.587966918945 423.085861206055 535.408222198486 438.051147460938 449.534991264343 425.116203308105 597.918579101562 392.209838867188 465.449954032898 484.235673904419 445.064004898071 444.665691375732 284.64599609375 310.601989746094 322.799468994141 519.349578857422 593.299713134766 543.692237854004 563.011867523193 580.781856536865 416.376518249512 433.711959838867 539.245196700096 741.894882202148 726.607727050781 693.310958862305 499.307723999023 466.324012756348 509.973371505737 508.743585586548 452.495101928711 630.565299987793 481.89270401001 550.498900413513 501.002254486084 597.165103912354
502.690895080566 431.100454092026 394.788394927979 333.437835693359 503.957504272461 363.379737854004 340.762344360352 526.98881149292 408.319320678711 597.533813476562 427.289184570312 368.084861755371 616.823486328125 523.758392333984 358.301139831543 436.769195556641 470.801535606384 452.170932769775 469.675782203674 502.638340950012 467.117710113525 516.025932312012 484.58217048645 447.478481292725 493.94791431725 525.449996948242 393.86270904541 414.643218994141 538.232213973999 495.536426544189 625.432456970215 563.736801147461 667.042846679688 690.04280090332 517.11695098877 592.636157989502 608.822494506836 514.68034362793 545.730163574219 595.01464176178 625.60725402832 657.140151977539 456.446113586426 503.774467468262 634.575706481934 560.845825195312 650.54695892334 493.622150421143 647.404418945312 428.580589294434
396.190181732178 448.340801239014 541.990386962891 322.021453857422 326.481185913086 465.284172534943 401.807029724121 445.997817993164 482.101821899414 447.019798755646 439.955493927002 447.250045776367 514.646301269531 358.668762207031 541.913108825684 443.931436538696 567.313835144043 584.441444396973 414.930992126465 556.014358520508 698.009262084961 503.628261566162 560.73868560791 500.019088745117 460.59751701355 541.842674255371 502.475419998169 366.335342407227 418.514366149902 467.821277618408 612.854629516602 651.233306884766 627.588062286377 703.642097473145 672.981811523438 435.801330566406 831.890472412109 663.250694274902 590.048473358154 676.388847351074 583.051246643066 450.668701171875 579.639499664307 437.482208251953 545.55059337616 563.369094848633 453.212203979492 494.991325378418 416.348739624023 398.296539306641
442.713374376297 519.090507507324 512.050926208496 406.74193572998 289.087295532227 421.750324249268 394.910415649414 310.587936401367 402.528419494629 502.975563049316 435.008953094482 446.053955078125 548.148971557617 501.698560714722 502.632532119751 576.530319213867 362.31037902832 574.627395629883 426.224239349365 354.924438476562 481.033731460571 551.446014404297 590.974250793457 490.465084075928 647.631423950195 382.896324157715 518.061529159546 451.864593505859 445.232566833496 537.289356231689 515.390232086182 507.684247970581 553.100240707397 577.219631195068 599.424427032471 465.656471252441 499.1715965271 670.142189025879 374.053375244141 442.224563598633 576.919763565063 520.881313323975 414.809562683105 541.736517906189 481.093662261963 676.212091445923 592.705020904541 567.925930023193 724.520950317383 568.921202301979
450.880838394165 330.658187866211 430.721071243286 301.020950317383 347.96021270752 401.111309051514 383.952728271484 577.098182678223 455.909589767456 413.051551818848 261.275817871094 536.446731567383 450.479841530323 529.908027648926 520.709362030029 486.517190933228 406.656410217285 568.338897705078 419.605476379395 377.045623779297 438.34183883667 569.887557983398 414.244171142578 445.021285057068 348.065734863281 450.361488342285 411.72428894043 305.942687988281 485.251504898071 466.602035522461 506.743602275848 414.35196685791 472.24137878418 501.83291053772 472.181427001953 597.474639892578 628.538887023926 513.285121917725 562.120468139648 456.174018859863 524.709588050842 617.765998840332 667.114189147949 545.360366821289 540.712243080139 483.184677124023 893.347633361816 618.126045316458 613.146514892578 423.428245544434
517.448093414307 681.327499389648 453.963425636292 390.897018432617 552.618934631348 530.279205322266 552.621429443359 564.631240844727 499.096943855286 447.33748626709 440.061721801758 533.864112854004 370.772026062012 454.616485595703 506.715877532959 492.913084030151 532.837005615234 481.470026016235 326.635681152344 327.988082885742 399.708450317383 543.980464935303 599.783134460449 482.923080444336 571.743835449219 348.038345336914 361.773941040039 330.223617553711 404.741737365723 457.163932800293 519.71195936203 497.204069137573 456.766094207764 443.969657897949 658.327087402344 459.61589050293 511.201482772827 394.646041870117 466.993682861328 555.568343162537 451.810455322266 396.119201660156 454.299331665039 471.134140014648 579.301277160645 493.028316497803 795.84601187706 620.374603271484 669.912902832031 583.378448486328
380.361656188965 451.248254776001 384.750877380371 363.656059265137 394.529693603516 315.10627746582 354.766654968262 510.772319793701 543.375648498535 464.097100257874 399.01953125 472.126485824585 602.270874023438 473.570867538452 603.708549499512 490.214744567871 399.45645904541 521.748880386353 394.449844360352 267.659194946289 444.020622253418 507.433718681335 397.959053039551 297.860824584961 304.668685913086 423.340934753418 516.736855506897 522.151384353638 250.254028320312 440.666213989258 455.654674530029 527.779459953308 469.773292541504 571.835079193115 572.120868682861 592.40087890625 413.185394287109 508.90337562561 365.812637329102 418.875823974609 536.490688800812 433.305191040039 378.024108886719 484.698223114014 530.164574623108 701.078147888184 572.057383537292 535.54660987854 492.115459442139 574.837043762207
429.842388153076 470.036364737898 431.629446029663 466.312887191772 467.374114990234 367.311950683594 427.427640914917 409.519546508789 552.013893127441 510.820602178574 446.899509429932 560.896949768066 373.701347351074 497.825441360474 420.077434539795 510.234001159668 393.3415184021 645.268981933594 427.362037658691 353.680389404297 366.33602142334 332.962860107422 502.851399540901 486.991920471191 477.437789916992 441.30517578125 543.691051483154 605.504592895508 595.989234924316 472.848583221436 479.93537902832 507.585198402405 537.793804168701 592.83268737793 562.087909698486 585.346546173096 522.440440654755 433.111557006836 372.791809082031 445.013511657715 605.23966217041 466.323490142822 490.781490325928 457.855194091797 447.700088500977 434.160125732422 707.869659423828 520.208415985107 598.641654968262 607.494007110596
515.32096862793 393.101715087891 608.86344909668 517.599834442139 444.587480545044 442.67845916748 589.209938049316 636.621841430664 644.296401977539 414.333656311035 538.576850891113 464.251629829407 503.251184463501 451.802339553833 512.296188354492 468.340799808502 371.253631591797 570.969062805176 396.905883789062 466.249959945679 620.381805419922 521.471691131592 353.41015625 429.134696960449 371.17155456543 488.574962615967 571.357711791992 565.796318054199 523.787658691406 443.82536315918 452.371299743652 488.01216506958 490.787996292114 430.427864074707 387.833572387695 567.492309570312 579.051906585693 645.736183166504 447.473693847656 502.240131378174 401.69091796875 438.179656982422 529.092794418335 538.450187206268 639.300819396973 656.519203186035 639.861602783203 533.071681976318 540.144967317581 699.490859985352
