export/dem/dem17.asc
NCOLS 350
NROWS 171
XLLCORNER 152620
YLLCORNER 418050
CELLSIZE 100
NODATA_VALUE -9999
[rows 22 to 43 of 171, columns 200 to 249 of 350]
692.485208511353 695.986059188843 734.471012115479 657.98558807373 784.842086791992 708.275173187256 678.557303905487 725.596992492676 642.150737762451 535.036758422852 579.37638092041 726.366863250732 739.806034088135 566.577583312988 693.514328956604 687.740618228912 715.477214813232 587.903900146484 536.080688476562 737.224891662598 776.092651367188 789.849884033203 695.030263900757 669.101624488831 748.23119354248 725.324279785156 698.575382232666 771.527465820312 728.648481369019 824.174270629883 638.224418640137 692.3804063797 693.393573760986 868.913192749023 732.148300170898 832.915740966797 845.746795654297 782.329369544983 720.604026794434 938.424591064453 769.112474441528 663.761947631836 704.084964752197 825.650869846344 749.522567749023 1256.08117675781 643.654739379883 812.71853351593 745.123794555664 811.288272857666
625.286888122559 672.533772468567 698.404838562012 684.114669799805 659.434928894043 666.426086425781 590.629165649414 736.912628173828 685.398013591766 770.28311920166 720.696250915527 726.909538269043 598.553771972656 666.320425987244 672.95623588562 795.450889587402 686.436243772507 752.514556884766 562.306869506836 814.456619262695 682.873314142227 730.857864379883 738.681102752686 807.294380187988 798.644920349121 821.794021606445 737.281791687012 752.937885284424 715.635673642159 497.26252746582 747.565088272095 680.421100616455 636.653335571289 709.881053924561 724.249534606934 780.848794937134 761.066822052002 783.546922683716 795.521369934082 743.052471160889 932.743988037109 742.974742889404 754.742469787598 833.931529998779 884.830223083496 844.34624671936 788.728446960449 948.375408172607 709.354991912842 1362.01070213318
665.942512512207 810.296737670898 732.881614685059 781.042446136475 658.958216071129 515.681945800781 667.275674819946 741.393775939941 603.043174743652 587.339691162109 686.787671685219 640.142067909241 661.538709640503 818.78980255127 557.326454162598 755.916969299316 862.077056884766 634.413702011108 740.110862731934 663.837648868561 631.001983642578 624.990005493164 574.066413879395 858.086090087891 773.853591918945 762.92866897583 575.704010009766 1122.2366027832 713.496489524841 651.97172164917 667.956424713135 819.472915649414 797.13883972168 846.447723388672 700.176830291748 805.278648376465 742.22693157196 593.443588256836 835.333595275879 678.874389648438 727.195892333984 824.060575485229 771.939258575439 696.30982208252 875.908931732178 878.690231323242 778.720054626465 657.60578918457 839.876178741455 622.046478271484
674.077902793884 658.186334609985 761.622024536133 686.172775268555 619.298551559448 533.397743225098 634.571054458618 688.202892303467 617.646099090576 831.095581054688 660.556819915771 706.029991149902 822.825897216797 612.055831313133 702.494155883789 489.20304107666 636.462730407715 657.284752845764 623.451007843018 678.232931137085 623.449005126953 606.678104400635 698.498573303223 701.318811416626 687.503629684448 757.097230911255 932.596054077148 862.901420593262 737.287220001221 770.084461212158 679.855945587158 764.74174118042 634.930522918701 846.697044372559 665.223815917969 869.07585144043 887.381927490234 598.850379943848 726.625347137451 631.372436523438 726.980037689209 828.314916610718 784.597465515137 787.053541254252 829.980312347412 848.480443954468 882.59669303894 973.527450561523 898.492897033691 919.507957458496
729.306518554688 668.964164733887 721.26530456543 689.1689453125 743.481750488281 696.007591247559 537.46858215332 690.267227172852 563.642616271973 482.222549438477 620.735591888428 708.140411376953 619.982620239258 624.565577507019 489.925540924072 654.993421554565 726.123748779297 457.798759460449 550.218779563904 411.414321899414 405.550506591797 628.965953826904 668.411425590515 763.203979492188 794.747566223145 762.863872528076 777.93759727478 807.645622253418 713.584738731384 579.184204101562 761.966175079346 649.677276611328 745.205690383911 814.174964904785 694.011299133301 866.908004760742 886.225326538086 688.195373535156 631.024078369141 815.315395355225 720.977806091309 674.158737182617 844.627716064453 817.860759735107 898.169013977051 831.669533252716 861.578742980957 923.305654525757 944.783378601074 828.803844451904
689.325286865234 581.482088088989 678.717315673828 703.343109130859 670.984062194824 599.916700363159 627.290305137634 677.664287567139 604.283475875854 561.369220733643 625.464712142944 694.542007446289 658.9537525177 430.453468322754 582.331134796143 629.53101348877 656.73113822937 498.24299621582 410.789901733398 327.482131958008 687.04062795639 643.314601898193 677.015505313873 739.937385559082 805.708786010742 775.591300964355 821.424423217773 714.884998321533 771.736831665039 695.74582695961 773.196830749512 857.862976074219 817.214004516602 938.493408203125 713.528144836426 894.707107543945 721.566932678223 693.910091400146 632.600051879883 732.850128173828 596.999237060547 764.683753013611 826.371070861816 733.723731994629 774.872138977051 910.265636444092 834.736387252808 817.266920089722 682.817047119141 754.189010620117
679.794822692871 817.43896484375 439.523544311523 531.70032119751 602.56386756897 707.766662597656 707.495178222656 668.273704528809 655.604175567627 614.617651939392 670.06623840332 590.470289230347 734.495384216309 577.533668875694 715.848495483398 492.420516967773 583.486640930176 586.701246261597 474.201820373535 495.903366088867 571.136749267578 783.428527832031 635.40193939209 761.406997680664 793.255500793457 765.440528869629 799.322235107422 775.214782714844 734.438152313232 564.153991699219 565.310943603516 687.6160364151 597.997085571289 839.149971008301 609.459938049316 748.785858154297 895.214218139648 740.663538217545 681.44607925415 773.769374847412 783.215171813965 813.6188621521 771.557628631592 805.803811073303 811.909913063049 884.006927490234 895.08256149292 827.922878503799 806.616443634033 865.85901260376
593.298315048218 583.806261062622 570.740036725998 669.379386901855 651.594085693359 716.037322998047 636.70930480957 636.556209564209 670.715881347656 668.747177124023 566.779058456421 707.978094100952 759.330955505371 582.017578125 480.882011413574 450.160995483398 392.738006591797 390.419937133789 679.02653503418 518.442178726196 606.668594360352 627.842279434204 493.925277709961 603.350471496582 714.999778747559 750.579795837402 706.589511871338 686.621973991394 677.083179950714 667.773909568787 570.975830078125 581.727020263672 840.73420715332 714.934677124023 613.723533630371 755.060240268707 784.122192382812 815.765716552734 761.876201629639 785.726238250732 948.727203369141 783.567034721375 945.187194824219 768.487356185913 849.544906616211 900.993217468262 833.504908561707 858.885360717773 1033.3931427002 775.892621994019
767.400741577148 517.276222229004 506.375579833984 640.870578765869 600.332487106323 590.873183250427 631.482635498047 589.973134279251 725.154846191406 615.444374084473 661.329833984375 493.654960632324 714.011123657227 542.418664097786 394.094711303711 500.451879024506 348.297317504883 540.955675125122 640.17943572998 628.351676940918 517.679443359375 605.356639862061 598.255737304688 692.333660125732 646.969049453735 691.333495140076 789.694145202637 757.343132019043 713.172119140625 632.853244781494 714.802978515625 677.612110853195 760.41625213623 647.036060333252 699.940280199051 678.160976409912 816.98779296875 717.806044578552 717.309662342072 806.129371643066 808.670448303223 809.714111328125 800.224106788635 816.875881195068 704.371360778809 715.746002197266 721.59521484375 705.201385498047 888.098388671875 738.164596557617
693.808944702148 615.35290145874 441.145370483398 506.158615112305 630.246810913086 609.417510986328 771.243667602539 583.22696685791 548.911827087402 677.617233276367 494.405700683594 563.238031387329 635.010129928589 550.410995483398 472.254989624023 522.912433624268 491.488716125488 495.882637023926 454.730438232422 478.616458892822 547.980903625488 606.626304626465 876.33381652832 663.082193374634 620.518766403198 649.466382980347 812.770370483398 518.647125244141 569.375877380371 638.334880828857 581.732513427734 832.708450317383 723.433883666992 590.624397277832 630.497482299805 596.028091430664 804.476745605469 715.581870555878 874.359878540039 665.961837768555 712.476633161306 664.513916015625 805.394329071045 825.878536224365 710.15608215332 832.603183746338 874.736694335938 1021.90937805176 905.355354309082 699.046714782715
595.33975982666 590.534323692322 610.481090545654 539.434494018555 600.588102340698 522.397533416748 522.158603668213 567.524631023407 590.201370894909 649.986778259277 622.192260742188 622.405779838562 523.296447753906 649.41459274292 530.3365650177 460.555904388428 575.683414459229 595.733142852783 561.687292098999 491.87589263916 631.662993431091 502.74169921875 731.642234802246 626.502780914307 779.515075683594 552.384872436523 610.727710723877 704.770175933838 624.405750274658 618.070838928223 675.591867923737 576.319053649902 674.982929229736 682.930233955383 755.166435241699 614.368766784668 644.530281066895 755.410303115845 723.052949905396 631.28980255127 642.071144104004 948.682342529297 677.436145782471 627.211242675781 863.464088439941 803.194536209106 873.88606262207 797.667041778564 712.724588632584 644.097156524658
476.034637451172 609.090942382812 583.039518356323 540.830902099609 634.840217590332 457.331382751465 622.860851287842 637.182178497314 556.408433914185 687.097785949707 696.136238098145 639.654933929443 600.98168182373 639.92102432251 537.372974395752 450.118804931641 480.950328826904 614.951658248901 599.14973449707 731.758262634277 639.096137046814 744.132354736328 678.445064544678 831.113067626953 668.292382240295 739.80322265625 481.43766784668 648.313155174255 577.821327209473 536.275848388672 678.413446426392 625.088241577148 781.498634338379 679.498892784119 640.986423492432 718.05517578125 812.252799987793 748.799730300903 832.976837158203 869.099212646484 820.315246582031 668.937412261963 767.06193447113 593.933303833008 637.744697570801 781.22980761528 691.941856384277 844.173984527588 820.098468780518 825.714725494385
572.239391803741 442.826271057129 411.016937255859 578.253659725189 555.192917823792 566.509039878845 615.603679656982 700.050693511963 640.38330078125 665.356513977051 482.580612182617 547.629747390747 893.15495300293 658.238521575928 643.208436965942 337.25163269043 468.647399902344 581.862640380859 692.148746490479 544.703636169434 535.51000213623 570.584762573242 691.962196350098 655.594923973083 498.115188598633 602.851577758789 588.118762969971 553.512710571289 567.732093811035 629.73286819458 577.902641296387 726.654117584229 659.092872142792 699.129238128662 668.274078369141 679.199020385742 710.065442085266 688.699268341064 778.783798217773 663.037616729736 672.60179901123 801.77282333374 673.253761291504 684.486518859863 770.350221633911 730.323234558105 947.979934692383 932.769622802734 797.148513793945 610.100814819336
528.423257827759 439.032241821289 553.005598068237 487.516639709473 485.50853729248 499.231391906738 476.385375976562 595.827823638916 516.581489562988 520.142669677734 653.039548873901 770.089942932129 811.650611877441 772.641555786133 578.84321975708 413.517807006836 558.481582641602 648.690941810608 782.895965576172 477.108993530273 678.601849555969 727.663112640381 584.353897094727 812.130920410156 610.03763961792 516.401458740234 729.674446105957 575.41242980957 679.850395202637 587.086647033691 815.053100585938 740.992095947266 665.35883808136 708.44193649292 594.482620239258 699.105459213257 716.199347496033 735.529757976532 650.543350219727 614.830383300781 695.820297241211 572.389343261719 713.786283493042 747.250951290131 833.723541259766 747.30658853054 824.495010375977 883.235794067383 771.343985557556 772.702046871185
524.943057060242 547.509181022644 639.635646820068 565.59320640564 541.855575561523 348.365646362305 578.447695732117 684.518486022949 619.67041015625 594.66570854187 544.002624511719 1249.71534919739 704.49243927002 601.259178161621 774.191543579102 636.220717430115 697.61905670166 543.266723632812 563.460315704346 523.966728210449 548.316665649414 460.993270874023 671.479513168335 777.228393554688 501.951942443848 456.756393432617 632.581632614136 528.512519836426 625.074990749359 639.907076478004 791.72582244873 705.395191192627 682.538138389587 542.243049621582 773.913604736328 747.025207519531 655.610149383545 745.911218643188 617.923782348633 592.428848266602 693.667652130127 763.047967910767 679.065273284912 713.43540763855 799.429668426514 805.747230529785 772.139980316162 807.128868103027 670.721778869629 790.056285858154
526.773496627808 557.053665161133 846.485824584961 733.21598815918 564.231692314148 599.023670196533 562.5 575.371848464012 531.667114257812 653.971115112305 544.583278656006 1201.66859436035 907.800483703613 832.232791900635 656.683368682861 654.160781860352 593.317991256714 689.638389587402 666.676979064941 705.507904052734 577.490478515625 646.43686580658 631.643174171448 600.378116130829 454.882629394531 603.334012985229 727.651641845703 547.212471008301 650.832612991333 619.784606933594 694.117469787598 632.878746032715 558.969589233398 721.862976074219 518.636199951172 464.114807128906 631.771797180176 566.72705078125 699.48090171814 608.439102172852 761.026168823242 681.331241607666 639.164581298828 741.653300285339 831.230272293091 798.771408081055 866.781524658203 855.615135192871 702.314178466797 703.168800354004
615.950936317444 489.458770751953 519.61088180542 623.271003723145 707.461242675781 569.853523254395 503.527473449707 605.756048202515 551.216285705566 492.18921661377 467.96997833252 776.999374389648 557.616706848145 747.185134887695 613.822291374207 597.708250880241 621.189098358154 730.799179077148 680.219882965088 548.833435058594 659.299434661865 793.694030761719 551.900985717773 489.383972167969 673.510246276855 460.630096435547 604.880659103394 647.985541343689 529.322418212891 654.687454938889 725.51895904541 529.230209350586 690.667022705078 560.700408935547 668.047899246216 564.666404724121 676.506104946136 728.526340484619 631.054141998291 570.418251037598 583.039169311523 586.997711181641 571.102951049805 674.439155578613 669.131175994873 644.169486999512 934.510314941406 828.68920135498 793.598232269287 698.973318099976
593.56396484375 613.758636474609 659.004875183105 460.622100830078 651.102546691895 644.331649780273 598.364479064941 694.475791931152 460.583770751953 662.411918640137 743.035217285156 713.023719787598 629.268295288086 686.42790222168 596.851037979126 555.005928039551 669.981590270996 600.14831829071 705.49193572998 623.538557946682 576.167526245117 635.508296847343 767.521301269531 710.476982116699 763.446136474609 688.420372009277 613.196810722351 677.156238555908 432.585235595703 816.114242553711 745.278709411621 622.500465393066 696.583877563477 481.62614440918 377.560394287109 593.035690307617 495.958282470703 622.515144348145 669.130765914917 622.876930236816 653.53889465332 766.265823364258 666.203815460205 609.963218688965 588.511253356934 782.758926391602 746.306602478027 753.638916015625 637.999603271484 817.108154296875
626.16535949707 580.663990020752 640.674774169922 667.107299804688 638.982917785645 587.326011657715 610.014381408691 614.072330474854 540.00439453125 597.297842979431 752.754928588867 568.553131103516 492.804237365723 673.644088745117 740.699295043945 611.568278312683 547.266311645508 636.394708633423 782.781402587891 706.35693359375 699.093681335449 732.386932373047 701.410144805908 553.028984069824 591.375118255615 711.713386535645 639.805397033691 756.802051544189 636.665768146515 706.405834197998 530.48397064209 595.645580291748 625.066534519196 565.142669677734 741.693260192871 711.743866920471 695.404592514038 716.11131477356 724.384773254395 676.288220405579 669.290786743164 674.09122467041 614.223030090332 732.893898010254 716.3987159729 786.416618347168 652.38911819458 645.303169250488 688.515111923218 575.283081054688
685.142105102539 600.061504364014 685.580360412598 657.577926635742 756.265930175781 650.497932434082 718.652069091797 680.879318237305 463.980194091797 742.607009887695 664.705772399902 691.978569030762 717.271911621094 531.489757537842 703.022796630859 589.854533195496 537.291103363037 563.089184403419 643.188400268555 680.847633361816 599.578090667725 803.764602661133 586.114471435547 626.094216346741 652.006099700928 605.861363887787 573.057270050049 670.961585998535 628.018870353699 621.025022029877 732.236557006836 689.452514648438 630.325839042664 569.052116394043 816.114001274109 721.939544677734 741.179794311523 496.133407592773 596.832077026367 620.06591796875 660.533790588379 761.366428375244 748.681468963623 627.894012451172 653.037570953369 667.232936859131 700.716638565063 677.115159988403 578.353622436523 568.894088745117
590.73514175415 600.280158996582 534.689092636108 662.793159484863 681.798988342285 665.709335327148 584.853026390076 481.678604125977 730.911865234375 657.44416809082 532.868152618408 653.74520111084 505.241020202637 622.215909957886 625.52392578125 646.390881538391 496.806022644043 481.952560424805 584.09006690979 718.401298522949 506.363800048828 637.47257232666 687.520195007324 720.496292114258 691.545516967773 645.542629241943 691.531044006348 633.76973772049 646.098675489426 587.493804931641 771.930618286133 578.859474182129 604.432821273804 638.97402381897 651.264183521271 600.169311523438 746.666351318359 671.051671028137 804.500679016113 711.472766876221 752.381797790527 899.984115600586 595.85718536377 666.452314376831 607.575531005859 623.887939453125 583.345161437988 649.57021522522 665.293930053711 593.183876037598
663.957290649414 580.701054573059 464.868141174316 472.848609924316 758.743209838867 666.015029907227 638.601531982422 543.679127693176 613.217784881592 556.54047203064 532.2744140625 521.402229309082 551.525928497314 591.074021339417 550.655624389648 487.136215209961 599.062515258789 588.750116348267 394.529205322266 797.593887329102 483.590942382812 634.304393768311 738.354675292969 805.388809204102 740.7978515625 709.479942321777 681.414722442627 797.835342407227 673.546285629272 494.994125366211 662.591843128204 617.586242675781 762.592254638672 634.42264175415 670.647972106934 758.773811340332 656.57234954834 649.697347640991 792.661827087402 813.898254394531 723.101009368896 780.78483581543 502.905059814453 727.389259338379 616.482482910156 632.15518951416 666.297729492188 631.17741394043 617.687980651855 558.284393310547
