export/dem/dem19.asc
NCOLS 350
NROWS 171
XLLCORNER 152620
YLLCORNER 418050
CELLSIZE 100
NODATA_VALUE -9999
[rows 44 to 65 of 171, columns 150 to 199 of 350]
458.816600799561 660.770782470703 538.73611831665 762.563430786133 683.054847717285 603.368625640869 470.592906951904 529.342859268188 568.497928142548 603.484870910645 571.672856330872 610.902992248535 534.833490371704 521.542289733887 498.655815124512 523.03596496582 393.782028198242 348.528259277344 382.660308837891 357.157379150391 321.25537109375 524.83810043335 422.179397583008 534.254741668701 585.19673538208 583.516943335533 302.330474853516 444.789215087891 494.909240722656 540.571388244629 782.557991027832 703.74341583252 665.461988449097 644.979454040527 677.873653411865 744.021812438965 672.732897043228 795.89714050293 728.978874206543 666.468292236328 587.273393154144 411.249160766602 571.260339736938 691.487396240234 814.784647941589 613.44707775116 551.75569152832 700.660348892212 1197.37422370911 1206.57437324524
450.053362846375 483.177909851074 525.719566345215 663.044967651367 471.912227392197 594.181789398193 483.906406402588 537.609283447266 532.278907775879 494.766780853271 523.742378234863 616.85075378418 630.912479400635 513.755882263184 532.32137298584 542.517598152161 422.071060180664 433.470314025879 475.778182983398 485.106678009033 482.079216003418 362.028411865234 627.522354125977 466.101821899414 594.831718444824 626.118423461914 562.638038635254 480.877922058105 585.669576644897 508.576019287109 673.014831542969 589.310800790787 488.243186950684 684.495018005371 695.211786270142 647.378600120544 681.713565826416 705.08154296875 818.299255371094 534.773643493652 615.326572418213 414.797866821289 551.672832489014 608.344249725342 445.324020385742 574.575347900391 606.412359237671 528.366451263428 557.286483764648 990.487228393555
405.261779785156 447.077674865723 385.461395263672 576.119476318359 432.132701873779 509.685331344604 507.11314201355 597.026802062988 639.662017822266 661.73656463623 573.153449416161 538.525463104248 419.055023193359 552.823747873306 595.286828994751 412.683563232422 523.948554992676 378.949920654297 418.58324432373 510.266990661621 329.740539550781 338.651290893555 592.475162506104 505.199367523193 549.564145565033 449.461242675781 644.472793579102 580.624973297119 476.765937805176 376.979568481445 652.982002258301 520.265186309814 652.408416748047 713.123718261719 578.208192825317 598.746021270752 670.569068908691 755.419006347656 513.870491027832 486.760665893555 437.592132568359 512.913082122803 574.697414398193 709.595329284668 527.573459625244 566.952629089355 590.37700933218 441.444931030273 751.8125 497.7939453125
581.038196563721 440.501029968262 440.152549743652 407.957336425781 485.127582550049 655.958206176758 578.430221557617 525.179395675659 350.112548828125 591.715255737305 513.737838745117 510.563148498535 533.759250640869 545.543329238892 520.149322509766 484.104782104492 569.450723648071 526.274366378784 420.184349060059 494.360565185547 515.5661277771 571.263807296753 730.035202026367 534.5767993927 578.812015533447 607.184425354004 628.16911315918 546.023759841919 454.977996826172 351.711334228516 544.259696364403 565.03543806076 646.789085388184 683.114051818848 721.503280639648 561.266448974609 399.421356201172 673.727390289307 620.989252090454 529.896509170532 555.808127403259 568.662989795208 602.882923126221 573.39928150177 449.521148681641 476.064788818359 591.132509231567 448.648246765137 425.062606811523 584.850602626801
563.418838500977 457.427284240723 402.908340454102 396.646331787109 512.5793800354 441.48429107666 514.546926498413 607.305503845215 353.304641723633 414.56770324707 492.921806335449 600.473819732666 688.748199462891 557.053382873535 612.969478607178 632.718631744385 552.355495452881 505.943618774414 455.639152526855 555.315549850464 481.726959228516 571.329893112183 668.581886291504 617.857677459717 427.354827880859 395.138534545898 544.800497055054 660.985763549805 553.578181266785 610.813552856445 669.204986572266 745.009063720703 520.098035812378 569.349667549133 552.467670440674 625.481796264648 579.666233062744 624.596496582031 531.523401260376 563.469263076782 520.135639190674 554.710624694824 528.283405303955 380.371459960938 607.346824645996 381.140655517578 649.036372184753 435.635147094727 617.574172973633 552.888194561005
510.907085418701 482.262771606445 403.597206115723 522.636232376099 592.453022003174 455.657485961914 399.01025390625 402.204765319824 602.465816497803 548.014249801636 645.318725585938 552.728105545044 621.965991973877 555.475639343262 593.850355148315 774.313758850098 507.465377807617 486.672378540039 737.94150352478 671.792636871338 483.839248657227 516.152687072754 652.354211807251 530.992713928223 537.226234436035 514.219207763672 671.904914855957 472.776023864746 585.679504394531 577.445971488953 472.372150421143 604.952003479004 476.238502502441 509.569065093994 562.160886764526 564.545925140381 553.68017578125 679.388626098633 643.505241394043 665.004791259766 618.856437683105 500.873458862305 573.946989059448 569.306541442871 563.728721618652 456.542922973633 597.143796920776 526.82544708252 540.393573760986 465.135292053223
546.763704299927 558.003463745117 501.772432327271 427.335563659668 510.410642623901 502.484443664551 522.987375259399 614.115600585938 475.489082336426 406.389938354492 576.817538499832 381.476013183594 553.547319412231 667.691902160645 615.03519821167 475.685218811035 662.617347717285 509.647003173828 656.704193115234 576.061094284058 577.012241363525 487.079925537109 683.740978240967 653.978332519531 654.033377170563 566.968773841858 494.46883392334 481.686141967773 627.045097351074 637.505554199219 661.258422851562 427.531272888184 554.227064847946 503.214256286621 542.513783276081 508.474910736084 605.893943786621 523.856870651245 563.704711914062 588.931379318237 504.877178192139 474.247032165527 478.113975524902 540.19721698761 470.224578857422 497.361398696899 698.434867858887 512.507514953613 626.910583496094 581.479913711548
375.12451171875 584.534019470215 530.121311426163 452.937957763672 421.361022949219 556.605508923531 512.696559906006 519.402725219727 571.884599685669 595.187994003296 517.775398254395 560.66107749939 548.215532302856 594.449133872986 605.274938941002 622.432647705078 499.482997894287 668.578437805176 542.62801361084 700.493161678314 443.525573730469 635.097157478333 573.822982788086 573.844673156738 651.108003616333 640.639282226562 645.726295471191 490.986328125 547.750270843506 454.407135009766 681.120582580566 469.144927978516 455.814247131348 543.976916313171 547.565155506134 560.818381309509 526.784279346466 475.103218078613 613.716041564941 511.450794219971 571.402278423309 527.692378997803 491.566062927246 585.85898399353 566.131859779358 568.230093002319 570.904462814331 557.289772033691 574.367217063904 570.102746963501
362.624877929688 490.827201843262 557.26469373703 570.345491409302 483.790279388428 676.473831176758 554.079519271851 582.279504776001 672.95198059082 545.96124458313 647.320827484131 488.183288574219 540.317512512207 490.518081665039 559.034606933594 776.618667602539 702.504707336426 612.324814319611 613.97420501709 589.112419128418 653.873167037964 646.016502380371 498.533958435059 641.89139175415 389.658615112305 644.833435058594 765.760761260986 658.428190231323 491.543449401855 492.264266967773 669.58065032959 464.080215454102 454.587242126465 540.661817550659 473.619804382324 502.471935272217 477.799537658691 381.406311035156 555.502271652222 534.540382385254 552.489234924316 637.528137207031 611.783195495605 498.597457885742 575.408262252808 604.553747177124 581.491863250732 729.821273803711 708.951484680176 599.246576309204
558.132978439331 473.063228607178 664.360321044922 492.060623168945 493.919151306152 559.452053070068 618.572555541992 644.246452331543 407.355094909668 593.352500915527 565.406699895859 673.849967956543 559.548746109009 628.524475097656 640.606262207031 724.435516357422 624.0546875 661.637275695801 552.797752380371 536.999145507812 527.66259765625 433.474838256836 518.989738464355 608.580709457397 718.341243743896 669.188415527344 688.199016571045 580.415050506592 451.404724121094 490.191917419434 751.150314331055 389.022232055664 687.175338745117 585.652873039246 382.883331298828 487.07071685791 470.956840515137 488.815727233887 608.836605072021 526.407096862793 590.311959266663 766.797958374023 482.827949523926 554.786582946777 487.995590209961 531.450172424316 587.950895309448 533.006824493408 549.265892028809 473.887344360352
522.224332809448 526.348966598511 719.499404907227 628.317169189453 604.89094543457 643.017105102539 415.523239135742 617.836761474609 564.369401931763 718.345031738281 700.823989868164 696.701812744141 726.938735961914 629.623302459717 600.493562698364 673.059120178223 594.066076278687 585.760401964188 659.627197265625 509.278778076172 567.085952758789 612.41722869873 680.860610961914 575.308121681213 439.904739379883 669.404609680176 700.742408752441 612.613571166992 601.661457061768 593.363670110703 482.034286499023 608.062286376953 556.818985939026 606.61483001709 452.233703613281 482.375961303711 487.788745880127 546.126708984375 562.64672088623 493.589874267578 515.469375610352 519.054397583008 554.439262390137 457.14143371582 529.43342590332 616.991918385029 549.761756896973 562.017435073853 698.629325866699 732.294692993164
674.94157409668 509.019485473633 606.32421875 425.097373962402 505.063407897949 514.460105895996 527.607076644897 480.748291015625 591.268367767334 614.861671447754 524.949089050293 618.804401397705 740.258544921875 532.821380615234 581.834171295166 679.638221740723 678.269287109375 550.469333648682 724.392135620117 644.459526062012 575.933980941772 473.257545471191 637.036136627197 632.676918029785 554.952117919922 659.824362397194 711.240215301514 603.657155990601 521.460823059082 457.166091918945 413.203674316406 511.184669494629 519.201854705811 613.172885894775 679.529663085938 626.426319122314 614.182525634766 538.410152435303 591.721179485321 641.532432556152 619.07181930542 641.949806213379 664.541316986084 687.890830993652 519.99161529541 553.998809814453 284.289916992188 507.897552490234 541.044036865234 593.986698150635
539.713724136353 543.145793676376 576.583532333374 651.805274963379 591.680545806885 594.046783447266 426.604995727539 667.694725036621 609.751644134521 532.039957046509 588.100727081299 548.528433799744 726.374298095703 487.055938720703 471.518936157227 524.587551116943 597.761882781982 624.515712738037 699.619087219238 588.880300521851 619.650932312012 483.119003295898 531.594350814819 650.398948669434 592.992256164551 614.56591796875 710.287139892578 571.915687561035 440.295867919922 388.448272705078 599.938439846039 542.006423950195 670.619697570801 528.112684249878 480.698028564453 556.918560028076 508.180084228516 467.756500244141 638.085732042789 690.801406860352 553.05481338501 741.137985229492 672.99320602417 584.50756072998 598.117309570312 485.66242980957 545.06575012207 505.859298706055 584.903011322021 670.833309173584
485.926734924316 534.93861579895 481.945404052734 593.800102233887 624.5881690979 520.523094177246 538.950759887695 641.440567016602 621.137619018555 500.180698394775 552.291122436523 584.140655517578 538.903812408447 671.097061157227 675.868766784668 699.953887939453 567.130281448364 742.139434814453 570.519256591797 544.718940734863 674.171752929688 558.660020828247 674.143447875977 605.676963806152 695.341949462891 714.57088470459 472.372848510742 566.552139282227 465.256301879883 596.22843170166 753.916053771973 733.134090423584 526.538421630859 554.483110427856 483.105354309082 446.351333618164 539.916309356689 492.650245666504 642.634498596191 608.977437973022 708.961578369141 628.188371658325 757.717056274414 618.742177963257 629.940654754639 718.930892944336 559.40881729126 640.896862030029 741.288902282715 675.875545501709
519.005630493164 614.44115447998 684.034408569336 663.564643859863 578.170679092407 633.793720245361 459.889236450195 610.962623596191 386.246063232422 550.277812957764 494.955406188965 515.31965637207 552.683183670044 662.736038208008 524.590309143066 544.375986099243 598.186054229736 704.071128845215 643.484432220459 786.746505737305 534.173084259033 600.540583610535 564.700511932373 582.911544799805 523.353149414062 528.104316711426 591.013248443604 577.102527618408 549.713790893555 676.993114471436 684.141983032227 773.449996948242 684.796615600586 546.770500183105 683.020519256592 626.526784896851 613.623669147491 646.727020263672 658.313449859619 520.997528076172 693.877464294434 612.758196234703 642.889461517334 574.010116577148 802.423583984375 745.741485595703 724.722381591797 780.382446289062 610.831323862076 532.491828918457
493.224304199219 580.73100566864 574.738806724548 609.748886108398 480.765090942383 531.32442855835 597.415775299072 430.08235168457 553.160991668701 467.874496459961 572.242446899414 428.60205078125 538.181789398193 607.52988243103 379.018981933594 453.130493164062 493.415893554688 624.097694396973 574.168196201324 570.832187652588 742.25830078125 695.040916442871 599.901852607727 510.576873779297 704.904243469238 487.179443359375 504.867721557617 494.20792388916 458.709030151367 685.910097122192 718.013242721558 702.265907287598 535.469825744629 508.516189575195 731.615833282471 545.647941589355 655.09938955307 565.665023803711 568.192302703857 661.162414550781 550.610748291016 607.545633792877 658.392379760742 668.338317871094 714.777420043945 804.536895751953 661.520378112793 758.949661254883 699.286926269531 857.75764465332
545.434154510498 651.013008117676 744.927886962891 451.573570251465 476.752502441406 505.3291015625 551.774102210999 518.462203979492 543.057884216309 531.279792785645 546.219033241272 682.41431427002 428.60124206543 468.731872558594 499.170944213867 470.647926330566 537.065698623657 551.793384552002 596.54581451416 653.609954833984 560.565582275391 605.370534896851 710.278656005859 536.802917480469 583.169909477234 671.738647460938 606.482259750366 522.132926940918 795.644012451172 643.633675098419 751.38939666748 727.770469665527 693.210437774658 629.179689407349 681.211837768555 677.41393661499 551.570362091064 671.425804138184 508.029418945312 552.941307067871 639.474464416504 842.059089660645 744.230354309082 736.217235565186 724.776386260986 762.418762207031 631.137591123581 675.344429016113 796.806076049805 810.508499145508
363.519943237305 513.651657104492 543.505556583405 703.683441162109 434.222305297852 583.54581451416 506.174533843994 542.030784606934 572.925498962402 566.06579208374 576.336846858263 650.726493835449 605.715745925903 672.227958679199 574.290662765503 567.632228851318 641.526412963867 583.378405570984 608.79058265686 620.470405578613 485.88818359375 432.747177124023 592.134344339371 671.946670532227 588.330059051514 574.233543395996 576.742849349976 487.487640380859 567.992698669434 531.225969314575 643.471017837524 730.520637512207 708.93896484375 634.194488048553 454.954711914062 627.634578704834 521.905952453613 734.587020874023 609.670883178711 545.534400939941 653.83437538147 675.89510345459 583.282287597656 882.062866210938 981.119674682617 638.56536334753 730.607322692871 787.357772827148 731.818855285645 694.96227645874
595.008968353271 571.611791610718 596.91185760498 648.633079528809 628.068954467773 630.827194213867 555.929604530334 560.87167930603 433.855911254883 634.642997741699 325.364212036133 590.769153594971 632.21231842041 529.671035766602 515.326141357422 491.74031829834 667.626106262207 539.534255504608 517.618394851685 501.37818145752 682.799163818359 673.833831787109 592.648080825806 690.478805541992 583.367736816406 614.383402824402 494.56901550293 543.720771789551 539.167640686035 503.733619689941 631.22350692749 594.397585868835 568.306442379951 630.757411956787 737.773933410645 645.779474258423 621.819389343262 588.325058937073 514.26490020752 542.014297485352 645.787980556488 569.63207244873 628.629405975342 756.696014404297 862.176498413086 678.658145904541 696.050079345703 758.554733276367 751.772964477539 759.280624389648
584.257968902588 502.376522064209 627.090805053711 695.907974243164 619.397048950195 543.167227745056 601.92650604248 481.008369445801 618.178371429443 675.464424133301 470.306221008301 648.147407531738 646.624664306641 571.459223747253 342.111358642578 502.927185058594 514.647487640381 493.378227233887 594.38053894043 487.935943603516 532.734382629395 719.866775512695 435.033554077148 665.399749755859 641.701057434082 548.205543518066 640.157264709473 549.600605010986 689.785186767578 530.976768493652 404.888092041016 550.606639862061 582.745931625366 768.803497314453 659.38501739502 526.777420043945 598.635143280029 473.782501220703 498.806655883789 522.231262207031 677.945552825928 507.919403076172 687.479209899902 530.415626525879 609.677013874054 750.016296386719 593.37967300415 642.029773712158 749.650672912598 638.677024841309
598.369918823242 705.885406494141 573.895929336548 564.090625762939 552.48922586441 552.583245396614 594.882152557373 619.821979522705 586.087299346924 633.209697723389 575.086623191833 567.436525344849 498.358451843262 653.478561401367 567.687169075012 584.006868362427 593.242206573486 598.627601623535 539.23229598999 503.101028442383 488.641159057617 605.136116027832 525.362167358398 463.578231811523 568.66558265686 577.43666934967 666.105884552002 575.018039703369 496.459259033203 660.349769592285 604.740421295166 694.450057983398 619.574171066284 665.347064971924 656.864807128906 640.685180664062 669.870685577393 503.882652282715 574.864669799805 567.586784362793 620.78048324585 581.812789916992 714.501571655273 583.633296966553 664.905424118042 590.772640228271 739.501487731934 567.875163078308 763.15673828125 665.088846206665
597.228981018066 457.562194824219 691.427642822266 648.475212097168 605.971138000488 594.497966766357 441.467308044434 532.013596534729 486.22533416748 427.253433227539 557.159283638 547.528339385986 587.479753494263 450.890701293945 571.776182174683 492.549453735352 562.584639072418 649.262313842773 517.316719055176 460.414741516113 500.407432556152 512.097057342529 558.848637580872 626.769081115723 516.145755767822 471.465087890625 601.157375335693 492.755928039551 661.899593353271 631.85132598877 581.130588531494 461.989051818848 681.548149108887 582.027772903442 540.344459533691 602.947027206421 675.198951721191 477.718124389648 561.171310424805 629.153613090515 465.752975463867 482.960601806641 698.770179748535 619.700399398804 757.836448669434 604.42915725708 551.289161682129 617.035432931036 711.308929443359 785.213943481445
