export/dem/dem18.asc
NCOLS 350
NROWS 171
XLLCORNER 152620
YLLCORNER 418050
CELLSIZE 100
NODATA_VALUE -9999
[rows 22 to 43 of 171, columns 150 to 199 of 350]
697.270202636719 695.553161621094 717.114593505859 444.607269287109 790.589401245117 601.973172426224 550.977439880371 414.505172729492 686.437059402466 504.303253173828 519.869926452637 674.977432250977 948.350076675415 657.929978370667 634.644226074219 811.645790100098 984.023624420166 759.957520127296 611.147415161133 758.29721736908 547.660888671875 414.073440551758 523.268127441406 523.317520141602 629.54296875 642.686744689941 832.405990600586 707.648034572601 636.830463409424 737.993217468262 474.351257324219 585.903401374817 632.010484695435 625.600364685059 662.373829841614 596.557922363281 719.93480682373 657.256036520004 709.973049163818 735.340827941895 690.752133771777 561.755828857422 612.246692657471 570.033950805664 397.299728393555 489.581481933594 581.671760559082 534.540657043457 714.928467750549 563.644668579102
683.690299987793 666.001600265503 596.516593933105 663.469955444336 547.057910919189 618.375734329224 618.656772613525 530.79483795166 557.905342102051 600.6302318573 600.411727905273 664.883438110352 667.968421936035 722.297037124634 516.309722900391 770.388917922974 484.809875488281 915.566635131836 634.502212524414 488.83610534668 666.247520446777 421.222717285156 581.344833374023 508.596038818359 739.453619003296 630.623168945312 1154.60415649414 727.341682434082 560.63557434082 642.336940765381 542.795936584473 640.213381290436 653.398788452148 757.760108947754 629.967710494995 679.450664520264 716.10799407959 615.646984100342 735.204864501953 638.420532226562 724.260094642639 672.971207380295 550.013305664062 722.342071533203 561.512512207031 692.682521820068 809.062622070312 786.594146728516 903.748779296875 696.81175994873
471.354713439941 675.839279174805 735.46272277832 720.960205078125 581.120281219482 721.019348144531 700.443893432617 639.211645126343 648.478042602539 582.716430664062 480.497009277344 608.128929138184 871.096054077148 833.710402965546 639.208878099918 1359.85770797729 729.962215423584 381.358673095703 437.438659667969 670.368316650391 633.371307373047 591.628112792969 564.736663818359 451.933227539062 595.654968261719 548.20475769043 533.36555480957 486.361480712891 639.937942743301 419.387100219727 647.509336769581 665.11600112915 566.338966369629 553.276489257812 734.578704833984 781.640647888184 674.062755584717 618.429824829102 653.640253067017 572.942413330078 718.369974255562 729.392433166504 676.188480377197 735.315490722656 684.461532592773 704.604782104492 697.079584121704 706.838663101196 657.827739715576 483.290786743164
496.681312561035 609.733682632446 481.027755737305 472.901931762695 472.860824584961 503.608322143555 426.366485595703 351.832595825195 604.375494003296 551.411468505859 569.11109161377 596.639003753662 1079.53786087036 670.938634872437 854.37345123291 538.576400756836 607.253898620605 984.118186950684 468.800064086914 745.809940338135 977.764007568359 974.572269439697 489.184005737305 577.617034912109 435.30436706543 528.15495300293 640.757286071777 557.31706237793 536.115432739258 435.182556152344 705.580265045166 723.725040435791 675.899059295654 675.119579315186 686.688346862793 734.945449829102 509.088607788086 489.390853881836 668.944209098816 641.413883209229 633.750839233398 798.006973266602 801.991081237793 780.050636291504 641.711410522461 647.774726867676 707.805282592773 702.762350082397 658.453681945801 643.714447021484
736.918579101562 661.336418151855 553.738830566406 507.207000732422 494.570106506348 508.138870239258 639.815423965454 698.304496765137 561.433227539062 458.745834350586 517.167808532715 664.533771514893 671.987632751465 485.258422851562 555.304641723633 671.801231384277 619.446228027344 801.237922668457 484.353820800781 606.991271972656 539.851699829102 583.582748413086 536.846481323242 567.634979248047 602.953674316406 622.849349975586 817.267616271973 595.238628387451 374.60302734375 523.295585632324 647.380584716797 744.890632629395 667.015750257298 611.486769676208 656.353807449341 727.692153930664 601.652368545532 648.960154533386 549.324035644531 621.07035446167 734.22908782959 858.709884643555 726.001625061035 668.941584587097 603.455917358398 666.672172546387 662.56111907959 736.32364654541 660.494569778442 560.794898986816
617.219165802002 555.004990577698 519.096534729004 508.532035827637 658.507247924805 500.064872741699 691.628982543945 655.946392059326 342.657867431641 507.535415649414 402.656265258789 602.811985015869 574.389251708984 552.113906860352 465.584548950195 641.508239746094 725.448387145996 435.159164428711 590.111785888672 773.437133789062 401.816741943359 674.646636962891 579.645690917969 639.571754455566 459.922576904297 733.841064453125 477.876205444336 620.140289306641 647.186820030212 507.923751831055 572.931938171387 628.3177754879 636.939447164536 725.893775939941 615.192611694336 685.738056659698 633.175758361816 604.675060272217 507.385437011719 670.066934585571 696.808310464025 632.052392959595 773.599960327148 700.064735412598 608.856594085693 723.082099914551 606.372817993164 691.383209228516 732.561515808105 669.783573150635
708.077133178711 597.193525314331 595.88041973114 648.474174499512 586.874488830566 808.27995300293 595.24928855896 509.621200561523 589.869675278664 456.834014892578 639.459167480469 1152.28370666504 480.518798828125 605.410949707031 583.980743408203 1062.73472595215 463.744766235352 1153.83379745483 445.905319213867 741.584625244141 893.104497432709 479.833923339844 515.378082275391 677.790046691895 628.36515045166 636.297706604004 551.537414550781 680.993881225586 554.055320739746 762.757629394531 586.934532165527 540.563232421875 593.200969696045 542.48030090332 653.982563018799 587.713779449463 457.281341552734 507.967010498047 620.751173019409 695.99845123291 848.788352966309 982.657072305679 717.01721572876 736.564529418945 757.144157409668 665.829620361328 724.080703735352 636.205890655518 610.222736358643 628.146703720093
552.335406303406 485.846420288086 600.430591583252 658.060852050781 755.258758544922 531.650547027588 636.64656829834 698.831970214844 587.394269943237 513.007499694824 702.751777648926 932.126335144043 734.325065612793 994.716356277466 643.416412353516 553.411743164062 561.431396484375 568.099479675293 541.510543823242 473.999710083008 814.804489135742 549.34016418457 592.301551818848 690.923980712891 639.094462394714 500.492485046387 598.351095199585 756.269130706787 629.917388916016 603.847936630249 594.011542320251 605.972677230835 614.343837738037 538.50422668457 660.82661819458 705.233306884766 780.626586914062 643.595304489136 655.513114929199 757.626625061035 768.548095703125 911.236953735352 547.127304077148 650.871503829956 703.210189819336 621.737363100052 859.689956665039 672.307247161865 608.891496658325 599.356782913208
635.427627563477 462.083320617676 583.996253967285 720.897735595703 550.508193969727 432.973129272461 572.583798408508 662.580459594727 645.565143585205 838.417526245117 965.007217407227 961.93629360199 799.459365844727 724.268424987793 768.876914978027 456.041534423828 471.848037719727 549.28932762146 562.557876586914 664.114685058594 724.522842407227 483.495178222656 372.340454101562 472.687408447266 567.020774841309 623.638291567564 642.134199142456 586.616077423096 630.313758850098 662.539947509766 540.340538024902 477.064163208008 614.960168838501 564.599231719971 591.942113876343 634.455646514893 676.53190612793 640.436210632324 690.736770629883 706.215103149414 886.860717773438 809.392196655273 566.95925617218 753.256675720215 574.963973999023 578.519905090332 673.916687011719 662.83935546875 541.609142303467 517.289936065674
595.954452514648 543.920243263245 586.582874298096 699.062149047852 523.664369106293 714.326309204102 454.601982116699 531.790866851807 624.896339416504 663.846143722534 771.743450164795 577.089279174805 866.563070297241 646.037055969238 543.924667358398 460.905502319336 537.662178039551 422.254409790039 459.65145111084 463.217620849609 516.501163482666 650.41088104248 575.397940158844 436.276550292969 469.854675292969 352.180572509766 642.861568450928 639.925170898438 614.194125175476 448.023361206055 539.918731689453 599.907585144043 621.151924133301 664.327156066895 623.641159057617 691.834991455078 651.722198486328 651.061126708984 712.247009277344 739.282287597656 692.00089263916 801.84937286377 636.893659591675 602.291453361511 634.248405456543 542.503700256348 510.025024414062 626.653736114502 544.598026275635 635.267852783203
629.847503662109 741.396987915039 672.477180480957 559.599300324917 659.813697814941 567.033019065857 640.703125 730.920608520508 1031.00810241699 703.774070739746 789.724327087402 722.009048461914 783.321487426758 527.776386260986 523.411277770996 589.582226276398 582.90255355835 555.1845703125 493.082496643066 604.204900741577 499.978378295898 347.919921875 428.830535888672 372.804138183594 432.677963256836 499.381706237793 400.15380859375 752.819549560547 513.618698120117 449.753349304199 485.005165100098 646.674652099609 630.740234375 613.830509185791 565.060988426208 717.397232055664 673.236419677734 610.864374160767 524.98908996582 712.698143005371 663.686655670404 770.291870117188 514.795112609863 585.023443222046 557.836537361145 645.617218017578 781.443740844727 713.434707641602 530.628143310547 663.090942382812
478.086936950684 499.976860046387 548.227478027344 572.702529907227 518.716510772705 590.407180786133 464.60383605957 681.405860900879 655.507495880127 711.682392120361 653.16716003418 619.360664367676 553.395729064941 589.705826282501 585.606596946716 646.190776824951 494.131896972656 559.917093276978 501.859275817871 662.874267578125 494.465385437012 567.10416841507 550.951692581177 608.364585876465 573.500646829605 579.25756072998 498.047355651855 616.356300354004 490.309684753418 568.882352828979 646.285682678223 433.205718994141 660.039085388184 761.041885375977 697.416809082031 584.694770812988 732.638549804688 598.265350341797 595.211497545242 616.603157043457 700.45336151123 502.972854614258 755.11589050293 761.165100097656 542.57703602314 711.644027709961 501.475692749023 699.749130249023 497.743598937988 607.74901008606
409.653366088867 561.151337623596 369.706680297852 461.534385681152 680.236068725586 530.779582977295 639.514877319336 645.116928100586 473.844108581543 626.629692077637 581.659826755524 774.238479614258 514.872230529785 602.827083587646 609.485774993896 523.209367752075 622.95645904541 495.087455749512 422.746627807617 542.358123779297 487.638328552246 490.521209716797 466.483711242676 447.292015075684 504.938621520996 595.821333885193 474.62784576416 488.034606933594 659.334815979004 610.063259124756 647.804229736328 540.286552429199 664.940803527832 695.042709350586 773.560119628906 612.699020385742 576.034097790718 534.007934570312 629.668937683105 580.689402103424 693.384246826172 586.35856628418 706.836692810059 697.422653198242 712.745037078857 600.421451568604 595.626113891602 657.55247426033 711.867336273193 660.795394897461
564.022763252258 400.672790527344 577.680097579956 604.906463623047 338.525497436523 445.043197631836 637.358930587769 640.969366073608 421.815505981445 637.766605377197 873.481842041016 619.934387207031 580.639232635498 741.22575378418 632.36775970459 584.401565551758 619.372039794922 586.425877571106 573.757026672363 515.400774002075 573.25577545166 532.712238311768 515.56583404541 562.25675201416 590.745898246765 526.862034797668 690.760856628418 731.337684631348 571.17133140564 474.340450286865 614.67423248291 604.202236175537 628.407318115234 649.610443115234 733.35498046875 670.093353271484 650.432052612305 781.436233520508 658.791030883789 637.325210571289 748.186752319336 660.438400268555 595.981700897217 695.15161895752 1044.7659072876 801.070419311523 688.738967895508 523.174430847168 623.75647354126 637.948051452637
512.277603149414 617.997005462646 544.639492034912 604.547740936279 537.120018482208 481.644515991211 492.961372375488 655.020401000977 667.216354370117 794.798751831055 578.943512916565 704.557624816895 589.360816955566 661.637664794922 527.296138763428 519.87070274353 567.192378997803 492.019577026367 440.20085144043 659.832229614258 656.728302001953 428.090072631836 614.342683792114 587.206924438477 650.309226989746 541.251037597656 627.574981689453 685.05419921875 675.91805267334 539.457094192505 583.431491851807 644.192045211792 409.509033203125 642.377830505371 727.979499816895 706.372573852539 631.517921447754 650.294163703918 450.157424926758 526.833618164062 594.848958969116 620.384471893311 757.394287109375 729.776840209961 1185.88786315918 611.342796325684 697.187683105469 590.988819122314 775.240142822266 533.819522857666
496.861911773682 547.583944797516 410.957092285156 491.552513122559 488.075065612793 416.557266235352 290.709625244141 616.169342041016 563.84139251709 704.947250366211 623.180870056152 588.212307453156 447.445190429688 414.987014770508 559.934963226318 463.131256103516 434.051803588867 511.622797966003 569.546367645264 510.305534362793 526.598617553711 512.812101364136 458.038181304932 296.789840698242 562.410615921021 664.165451049805 556.184982299805 678.288335800171 945.470183372498 527.372358322144 599.806290149689 700.881549835205 718.779899597168 789.056411743164 516.060887336731 549.807318210602 630.493949890137 584.66580581665 813.686309814453 574.919515609741 750.920074462891 598.63187789917 647.618690490723 618.967979431152 819.050186157227 669.503700256348 475.593788146973 565.651517868042 615.464366912842 604.221569061279
446.214721679688 548.846803665161 732.231979370117 504.799217224121 610.779860973358 522.131942749023 425.743896484375 595.247777938843 617.988160133362 577.708572387695 624.582225799561 413.245101928711 558.393093585968 557.599102020264 627.739280700684 640.741989135742 660.700897216797 508.773086547852 743.785690307617 686.944610595703 568.602543830872 533.497816085815 458.178817749023 417.324676513672 579.994472503662 555.940089225769 444.816864013672 566.661315917969 769.825397491455 629.021120071411 473.391067504883 626.240043640137 636.168228149414 667.764282226562 584.614826202393 538.202624320984 546.991418838501 575.308776855469 618.333160400391 634.298789978027 646.32258605957 504.848011016846 628.997222900391 600.327533721924 460.599784851074 600.908771514893 568.764177322388 584.274551391602 534.51951789856 406.98698425293
641.466163635254 360.080780029297 530.245208740234 456.954795837402 541.380249023438 432.144500732422 468.63862991333 479.623954772949 542.891616821289 618.042221069336 723.686828613281 741.143295288086 705.398223876953 546.698883056641 442.480834960938 518.536692619324 651.288139343262 393.481857299805 644.89485168457 588.834461212158 690.762634277344 539.514257758856 630.874206542969 711.159530639648 410.814846038818 535.701778411865 539.652785301208 555.384202957153 841.522193670273 1076.71187591553 638.665267944336 436.351737976074 457.450584411621 464.072132110596 605.648719787598 538.154197692871 610.328407287598 415.591873168945 517.23498916626 526.493009567261 712.034034729004 624.48038482666 589.30241394043 600.979637145996 772.227569580078 427.751564025879 476.629203796387 502.235805511475 438.028816223145 614.482688903809
519.982555389404 375.208190917969 341.065689086914 508.492179870605 454.730041503906 547.424514770508 510.386383056641 511.152275085449 501.649852752686 620.140582084656 561.638198971748 690.199890136719 505.226657867432 463.714698791504 534.479783058167 619.006744384766 648.078029632568 633.02347946167 696.562469482422 480.399160385132 467.554267883301 644.265502929688 473.04759979248 654.221282958984 614.460548400879 497.672737121582 441.907211303711 758.928747177124 671.164001464844 586.370937347412 551.975732207298 567.354603767395 462.666854858398 444.067047119141 645.940780639648 622.815315246582 482.533737182617 514.024827957153 560.920913696289 449.020050048828 717.139297485352 485.58980178833 556.334373474121 581.249866485596 600.078815460205 475.964942932129 568.532255172729 447.907585144043 568.33296585083 592.073532104492
257.066131591797 353.234313964844 387.664581298828 456.094825744629 262.644958496094 277.628875732422 488.298034667969 365.414398193359 583.879419326782 689.597171783447 634.829429626465 466.355113983154 595.218719482422 406.556686401367 506.666687965393 502.178112030029 426.308921813965 591.829677581787 473.022277832031 750.806594848633 573.513199329376 392.722091674805 513.192649841309 629.896507263184 531.241393089294 400.471496582031 509.624549865723 612.439414978027 886.481174468994 394.546127319336 537.746489048004 475.406837463379 453.965728759766 440.189094543457 565.140579223633 557.43278503418 569.085987091064 521.658905029297 572.102388381958 675.980072021484 550.980888366699 588.045837402344 493.860301971436 461.412231445312 500.871317863464 540.916766166687 455.347122192383 504.863380432129 454.616455078125 601.696865081787
522.513607025146 339.435852050781 371.830184936523 379.283004760742 419.009010314941 365.571929931641 449.82430267334 546.397329330444 448.558906555176 596.161949634552 582.602077007294 526.870464324951 543.55908203125 401.477317810059 551.189293861389 492.191841125488 589.418869018555 600.047546386719 379.055892944336 456.835243225098 463.484672546387 406.338333129883 511.938549041748 536.220713615417 586.192197799683 650.285575866699 593.163402557373 492.056243896484 858.246055603027 748.275105476379 663.909437179565 668.309158325195 443.587478637695 490.005796432495 370.8837890625 525.185581445694 570.389904022217 499.648849487305 499.417213439941 497.875936508179 459.140411376953 636.881538391113 535.412678718567 412.273620605469 583.50358581543 483.223461151123 632.206748962402 559.898206710815 552.879144668579 428.733955383301
441.220733642578 529.895775318146 344.437515258789 412.804428100586 461.076805114746 580.272708892822 303.047790527344 465.475730895996 605.135101318359 569.953285217285 464.846176147461 515.259750366211 603.768329620361 541.661165237427 472.457778930664 610.849884033203 439.985069274902 509.349620819092 567.24028968811 496.703407287598 604.408424377441 424.621864318848 508.824733734131 565.940134525299 610.113243103027 514.489250183105 561.545249938965 533.977462768555 594.374396324158 697.875583648682 686.321746826172 655.262062072754 550.242080688477 550.629759311676 647.782871246338 468.184562683105 472.469177246094 534.515556335449 480.495422363281 494.525001525879 534.742622375488 555.801909446716 705.418548583984 762.690956115723 693.480723381042 701.428596496582 740.65739440918 609.461095809937 513.724746704102 630.702781677246
