export/dem/dem1.asc
NCOLS 350
NROWS 171
XLLCORNER 152620
YLLCORNER 418050
CELLSIZE 100
NODATA_VALUE -9999
[rows 110 to 131 of 171, columns 250 to 299 of 350]
797.639266967773 613.316223144531 559.326629638672 628.174598693848 1110.54150390625 914.694076538086 771.888595581055 1179.51351928711 899.554702758789 788.966217041016 802.954369544983 860.522270202637 1151.17052078247 976.81600189209 1030.94317626953 985.562004089355 1049.54959106445 1065.98913574219 926.357925415039 1047.62852478027 654.660278320312 838.482208251953 1077.49098968506 1005.83836364746 1207.68825531006 992.081894636154 760.840782165527 823.532308578491 862.063652038574 935.950202941895 982.127571105957 939.709449768066 930.910995483398 928.31258392334 986.847278594971 933.213989257812 837.709037780762 847.431758880615 927.409512519836 832.856044769287 697.860202789307 681.101884841919 762.483916282654 886.826293945312 702.924545288086 672.983680725098 755.943082809448 531.825820922852 676.221908569336 835.932456970215
847.295028686523 470.542114257812 467.571350097656 729.446319580078 580.672241210938 533.615600585938 762.167999267578 1153.82191467285 531.65975189209 615.286804199219 630.55908203125 888.63189125061 1032.18647956848 785.29345703125 842.224090576172 723.215324401855 838.461891174316 846.211479187012 886.59428024292 916.037712097168 1134.21895599365 941.510597229004 821.389999389648 828.859832763672 976.936828613281 1417.43330001831 840.581569671631 863.581586837769 942.358512878418 814.98118019104 992.792625427246 987.728057861328 867.275717735291 935.578384399414 900.001518249512 1004.73058319092 1125.27146911621 943.303955078125 892.427467346191 1007.15167999268 766.650691986084 773.19037437439 1010.1665802002 830.422595977783 803.645309448242 739.455260515213 823.901610851288 612.391746520996 773.532867431641 894.601861953735
703.627624511719 835.161636352539 893.957725524902 594.471893310547 1090.2381362915 659.211059570312 686.113647460938 705.507781982422 824.891223907471 968.294038772583 476.993530273438 767.440032958984 878.124603271484 1060.82135772705 1267.79944610596 1008.78628349304 796.308143258095 746.167064666748 897.968414306641 792.750686645508 796.73978805542 765.488189697266 1395.39228820801 998.439445495605 1051.20413208008 1111.66490936279 873.989452362061 1112.9100112915 960.699195861816 981.996189117432 931.032062530518 968.468688964844 909.536583900452 782.37296295166 810.203686714172 1096.43500518799 987.622827529907 918.530830383301 949.938995361328 770.020111083984 767.275016784668 597.540145874023 569.862747192383 861.52765083313 831.94842338562 618.443313598633 734.10798740387 660.994598388672 659.23551940918 754.640464782715
567.092559814453 759.731201171875 611.696441650391 518.080322265625 798.76530456543 986.331329345703 604.931686401367 604.165802001953 782.799751281738 585.112899780273 594.488357543945 538.933517456055 827.304840087891 593.001762390137 887.461303710938 811.519264221191 800.725128173828 723.161228179932 818.345882415771 865.251152038574 778.875576019287 988.029106140137 780.32642364502 770.543167114258 826.94465637207 1211.20800018311 1197.13539123535 992.877788543701 1352.89028596878 1214.41458892822 969.8616065979 978.433700561523 916.073276519775 909.435676574707 855.951522827148 955.033851623535 1026.90609741211 774.316390991211 625.165631175041 644.125972747803 745.023849487305 467.201324462891 572.69556427002 786.58810377121 751.933756351471 656.549842834473 535.919937133789 897.196844100952 856.786351680756 955.265872955322
772.362274169922 1127.20275878906 1344.28390884399 616.293319702148 591.988494873047 485.169403076172 1788.9997253418 699.914474487305 1215.83168029785 1217.41603279114 696.484146118164 593.089668273926 667.605724334717 636.641574859619 790.566581726074 1099.63826751709 757.276924133301 547.53776550293 686.516777038574 721.762763977051 751.248611450195 1123.0277557373 711.603351593018 684.284381866455 737.015823364258 736.046680450439 992.883865356445 1073.35292816162 1148.0555267334 1392.54745483398 1111.2661895752 1000.94609069824 873.286949157715 780.909786224365 529.99779510498 771.442291259766 689.590126037598 855.503860473633 958.859619140625 839.690216064453 789.85871887207 604.304740905762 749.144302368164 636.239799499512 615.558067321777 661.961708068848 536.813148498535 743.742988586426 650.104904174805 888.079521179199
708.294540405273 819.278442382812 744.64045715332 561.888580322266 735.533065795898 1040.54106140137 501.84130859375 607.359771728516 596.236587524414 663.863067626953 593.43635559082 626.525981903076 654.901206970215 604.404838562012 821.005447387695 745.805639266968 813.866535186768 727.476593017578 724.649688720703 745.542356491089 790.781246185303 1016.6724319458 854.300528287888 973.669738769531 669.980785369873 816.175670623779 781.654747009277 850.80823135376 1152.05807876587 1599.71362304688 1121.95261383057 815.941825866699 839.675704956055 791.848670959473 703.38442325592 833.107269287109 731.422498703003 715.191202163696 703.61438369751 713.60640001297 813.512130737305 686.741386413574 753.401494979858 762.02579498291 763.948324203491 766.305973052979 552.228881835938 514.876220703125 626.877075195312 855.180244445801
749.461456298828 1311.00743103027 689.427856445312 658.197814941406 1236.37367248535 679.747573852539 597.95182800293 1183.04859924316 517.303115844727 956.436744689941 837.951782226562 631.906616210938 522.367965698242 511.297470092773 591.307510375977 751.89715385437 711.680335044861 606.797027587891 666.317428588867 796.036436080933 819.300821781158 752.873222649097 698.675979614258 843.626392364502 738.817874908447 707.137245178223 909.095474243164 831.877252578735 949.752590179443 907.329536437988 1228.65760803223 809.61727142334 771.658546447754 737.011947751045 785.287843704224 1236.80410003662 1491.00534057617 1720.67892074585 1725.02220153809 915.514015197754 1039.38946533203 839.193387031555 791.386363983154 823.567741394043 814.398929595947 844.772384643555 725.70272064209 708.139640569687 656.49715423584 678.606536865234
519.061416625977 908.804550170898 709.02815246582 708.973518371582 862.973846435547 827.905366897583 983.88298034668 608.833969116211 685.949401855469 670.110626220703 803.341979980469 853.033206939697 615.461410522461 594.230209350586 750.46647644043 693.785655975342 686.398864746094 753.344930648804 683.528836250305 774.16300201416 498.268310546875 822.692588806152 761.537250518799 871.709175109863 869.431205749512 923.749206542969 828.131492614746 1101.76225280762 766.899566650391 791.652309417725 892.100090026855 1027.25135040283 734.995849609375 963.429725646973 1033.41543722153 786.53148651123 931.548919677734 1238.12831115723 1377.74542236328 1984.37896728516 1134.47692108154 973.140294313431 913.770309448242 758.537813186646 884.092956542969 842.392684936523 798.909465789795 785.577339172363 895.209548950195 735.332551956177
488.369537353516 696.19465637207 739.132327079773 845.735609650612 1029.06615447998 785.984851837158 937.893463134766 592.603622436523 833.491180419922 561.051895141602 657.583389282227 672.117828369141 741.012439727783 533.980445861816 466.655426025391 550.050628662109 648.634878158569 790.069133758545 774.073596000671 768.409385681152 643.403579711914 710.24462890625 680.823558807373 962.637222290039 916.056106567383 889.380373477936 881.400573730469 734.756755828857 640.140230178833 711.754955291748 2004.68141174316 2925.44580841064 942.042556762695 968.034950256348 1222.08495330811 1026.03290939331 1156.07398223877 1125.9977722168 1215.25866699219 1117.51498413086 1154.58473205566 1232.84312820435 1180.24410057068 1424.94586181641 1321.63098049164 1157.84223937988 1229.52072143555 806.624752044678 787.878620147705 711.57675743103
548.374240875244 483.702781677246 558.201644897461 568.880126953125 821.127487182617 1136.840675354 658.09846496582 533.552856445312 1049.34024047852 385.315979003906 536.618667602539 669.973693847656 602.230926513672 587.479263305664 718.289810180664 517.87873840332 537.408401489258 507.45751953125 750.46053314209 503.541473388672 646.504745483398 810.538628458977 546.453720092773 807.23983001709 795.588962554932 765.144233703613 898.515007019043 928.735610961914 784.61647605896 796.723602294922 744.9621925354 2174.40036010742 710.452117919922 797.735237121582 1048.65347290039 1443.16528320312 1170.02377319336 1166.268242836 1739.20625305176 1363.02764892578 1113.10651779175 1219.88737487793 1116.00243377686 1032.14188551903 1711.54196166992 1700.31243896484 1467.68569946289 1423.46690368652 1262.85668945312 967.120491027832
446.182472229004 528.970307350159 525.806337356567 382.241104125977 707.539184570312 685.303848266602 644.792266845703 821.600135803223 704.224868774414 683.774881362915 646.916427612305 658.906173706055 503.411529541016 633.288047790527 499.456024169922 568.568115234375 629.894287109375 506.999435424805 626.478858947754 710.407760620117 747.118160247803 722.688354492188 733.375564575195 725.506135940552 805.685935974121 978.064178466797 726.241781234741 938.570880889893 1004.31788635254 915.468559265137 834.103073120117 714.87491607666 838.451560974121 784.773590087891 890.106882095337 911.41491317749 1106.60495758057 1076.07917785645 1356.99722290039 1166.37385559082 1324.91744613647 1173.95756530762 1170.37352752686 1058.20072174072 1466.72758483887 1252.48011779785 1450.50872802734 1113.00004577637 1127.89470672607 1549.98975086212
746.521537780762 676.595567703247 665.785343170166 436.348388671875 299.268524169922 318.887161254883 570.845859527588 513.874542236328 668.017730712891 682.059783935547 605.804428100586 772.052227020264 803.888984680176 758.618709564209 637.601791381836 642.330238342285 642.216199874878 664.114658355713 605.474517822266 514.097869873047 804.451063156128 849.778541564941 791.91202545166 727.950942993164 822.037872314453 805.135459899902 935.063850402832 735.143760681152 882.422566413879 742.170295715332 664.602359771729 862.681327819824 818.417406022549 902.027732849121 1003.83465576172 1051.37972259521 984.402050018311 1026.77812194824 1084.65075683594 1005.53801727295 1182.91159820557 1611.35870361328 1074.7940864563 1073.08799743652 1513.03591918945 1404.90246582031 1259.0841217041 1120.54248046875 1228.17036437988 1457.0544052124
710.374492645264 545.422103881836 610.01309967041 489.693542480469 565.092803955078 385.743041992188 294.575134277344 338.838195800781 558.207550048828 891.655685424805 828.040866851807 721.036758422852 644.550567626953 545.694313049316 609.137054443359 473.592391967773 689.553123474121 737.52713394165 432.267974853516 682.796817779541 726.928109169006 882.273529052734 716.80933380127 855.108840942383 837.361671447754 774.317863464355 885.954605102539 838.213684082031 902.561541557312 644.534805297852 804.458854675293 874.664199829102 690.621768951416 806.547192573547 816.903457641602 951.568004608154 818.75659942627 919.421531677246 841.769111633301 783.730548858643 973.201622009277 861.119674682617 1048.83206176758 978.385261535645 873.18631362915 1071.21150875092 1053.79711914062 930.012941360474 1023.143409729 1179.8603515625
698.422450065613 636.365089416504 779.657665252686 562.423828125 666.460622787476 461.568969726562 535.51286315918 343.794952392578 464.729934692383 733.810813903809 754.021524429321 632.203399658203 1101.24435710907 708.642868041992 948.824142456055 571.693771362305 580.286346435547 656.541854858398 721.162822932005 801.599548339844 742.159637451172 676.097190856934 966.839332580566 849.183470249176 706.72257232666 710.545581817627 880.240242004395 941.13215637207 1040.29963684082 998.271297454834 835.07604598999 925.648818969727 877.66040802002 829.983104705811 809.921096801758 888.170942306519 938.829284667969 819.949048995972 725.873542785645 871.06004524231 843.799194335938 820.957270622253 837.155860900879 826.982139587402 837.293920993805 903.783731460571 926.177508458495 1029.61786651611 852.451416015625 792.441366195679
732.05736541748 581.074577331543 647.298324584961 674.676097869873 757.92930316925 727.355116844177 574.715713500977 432.902862548828 594.631813049316 447.591979980469 713.693969726562 720.641273498535 816.476657867432 760.353015899658 1338.50789642334 779.367645263672 778.994235992432 773.937911987305 628.908805847168 589.187271118164 802.128387451172 535.632446289062 569.8349609375 813.165775299072 774.959037780762 730.439598083496 716.61939239502 887.575336456299 924.576431274414 920.312572479248 901.269887924194 1090.87641143799 1135.64110565186 655.026290893555 822.600026130676 937.691917419434 787.270787239075 820.470746040344 916.691368103027 751.858101844788 651.611335754395 686.752288818359 770.563119411469 697.833061218262 858.591159820557 807.897294998169 853.147506713867 811.182662963867 778.583208084106 964.630142211914
585.435729980469 574.715942382812 872.20085144043 686.329196929932 711.611434936523 674.497337341309 525.597045898438 624.227725982666 499.466144561768 431.438217163086 683.515720367432 726.864931106567 1122.37413024902 886.389514923096 806.473829269409 697.31120300293 818.747312545776 858.59986114502 847.601699829102 1259.25519561768 635.006683349609 735.403869628906 750.341529846191 883.163612365723 647.781112670898 869.092590332031 539.424743652344 925.070877075195 888.075607299805 765.107581138611 614.897720336914 913.396781921387 911.862766265869 798.563175201416 919.235313415527 823.363563537598 1038.32635498047 856.089012145996 830.134761810303 782.975198745728 820.81872177124 848.523338317871 550.275466918945 680.184432983398 907.593730926514 821.50325012207 687.881042480469 853.412857055664 859.480960845947 878.824409484863
778.028816223145 648.028121948242 663.454509735107 852.569847106934 794.932474136353 931.171798706055 816.035865783691 588.434356689453 606.736252784729 614.632722854614 566.023876190186 1319.12521743774 630.044219970703 964.151977539062 996.288000106812 614.099517822266 891.470085144043 781.268753051758 1218.04219460487 751.043586730957 726.200277328491 623.907123565674 731.51123046875 832.227394104004 732.690701007843 801.139526367188 843.872253417969 773.573608398438 959.191055297852 917.567764282227 688.443374633789 942.339660644531 917.08081817627 1017.28303527832 723.665046691895 781.279514312744 844.217964172363 930.767242431641 746.462398529053 843.257347106934 750.812315940857 540.278076171875 683.96654510498 684.768745422363 829.935394287109 612.56462097168 832.448333740234 653.333694458008 692.507568359375 720.564037322998
698.545364379883 764.955070495605 820.834766387939 765.504211425781 785.852717399597 874.718883514404 842.603134155273 781.008743286133 543.584701538086 363.161956787109 619.777223587036 419.225952148438 593.795740127563 1271.35749816895 778.827877044678 652.226989746094 755.994701385498 818.789825439453 729.615798950195 606.975860595703 573.109802246094 518.692642211914 549.835388183594 662.523796081543 701.56010389328 702.554981231689 787.817054748535 735.256721496582 861.234512329102 800.563331604004 655.973861694336 766.383251190186 841.940050125122 794.178560256958 695.270210266113 685.360748291016 916.722106933594 852.989730834961 846.817014694214 959.687362670898 826.779891967773 778.830980300903 736.185482025146 758.397200584412 721.247291564941 621.129943847656 759.72007894516 683.563812255859 793.767086029053 858.56566619873
867.632423400879 727.611703872681 639.152557373047 678.853340148926 813.215446472168 676.624954223633 851.585487365723 712.824884414673 491.670082092285 756.878082275391 516.303283691406 731.828769683838 777.072319030762 614.497207641602 626.340065002441 770.826835632324 408.631607055664 674.480308532715 531.551132202148 634.626396179199 637.670043945312 560.78099822998 526.109786987305 730.810535430908 736.678981781006 742.071308135986 830.689910888672 786.393669128418 677.912826538086 824.275810241699 814.868255615234 782.607480049133 982.943283081055 885.369644165039 947.471282958984 925.031097412109 872.520118713379 843.04517364502 972.379100799561 1103.95352172852 755.899887084961 868.208831787109 752.014167785645 904.024662017822 625.400054931641 686.84831237793 607.918060302734 742.602249145508 951.375701904297 886.605045318604
780.908697128296 766.212069034576 685.843463897705 692.321300506592 835.191017150879 827.849742889404 875.712280273438 644.083803772926 724.102226257324 576.287609100342 672.8671875 799.17845916748 674.151588439941 666.356170654297 766.385334014893 534.855407714844 614.408966064453 740.51122033596 658.558891296387 712.961813926697 542.967071533203 601.436248779297 699.013902664185 676.212896347046 793.908241271973 706.813541412354 725.101976394653 761.62663269043 791.88777923584 688.437652587891 751.82400894165 899.594705581665 1045.22184753418 823.160167694092 928.589179992676 1061.31524658203 746.872406005859 936.39204788208 1046.55192565918 900.988998413086 1072.18197631836 875.019203186035 694.957336425781 890.585525512695 755.867401123047 892.662338256836 638.221015930176 677.342086791992 787.519459724426 865.64924621582
646.282539367676 669.628440856934 816.522975921631 698.029365539551 632.371932983398 853.155700683594 613.556976318359 525.208282470703 446.423004150391 533.794639587402 582.774894714355 626.945152282715 714.4026927948 672.148422241211 755.216232299805 689.314659118652 650.99877166748 643.305465698242 551.427993774414 660.921417236328 568.198440551758 705.331454277039 680.423824548721 556.767211914062 709.55800819397 851.316909790039 718.450065612793 805.062215805054 667.98770904541 781.41918182373 664.029602050781 959.466888427734 705.305360794067 963.091682434082 1086.06781005859 756.111389160156 668.402801513672 989.002967596054 1212.38129425049 1014.7032418251 1056.82838153839 1071.1884765625 1012.53441619873 786.184104919434 927.494777679443 953.686828613281 766.520797729492 685.861976623535 851.268753051758 837.130889892578
831.740745544434 661.496070861816 774.8407548666 912.234817504883 734.841175079346 737.317035198212 656.061230182648 550.234560012817 673.865308761597 645.81823348999 667.695449829102 878.666259765625 772.4375 838.428215026855 712.549816131592 704.732925415039 606.395614624023 672.633575439453 608.420104980469 555.54736328125 745.293426513672 777.151458740234 630.477165222168 765.459228515625 764.40510559082 711.981960296631 733.823204040527 574.153434753418 463.513946533203 644.546127319336 754.169906616211 716.426956176758 632.272066116333 756.090789794922 702.566654205322 637.052655220032 487.838485717773 895.187210083008 1003.50485992432 1064.5150847435 1061.25034332275 1043.80268859863 952.431846618652 964.656303405762 847.215995788574 848.155474662781 1041.87864685059 664.791603088379 918.694662094116 1001.91496944427
