export/dem/dem15.asc
NCOLS 350
NROWS 171
XLLCORNER 152620
YLLCORNER 418050
CELLSIZE 100
NODATA_VALUE -9999
[rows 22 to 43 of 171, columns 50 to 99 of 350]
-9999 -9999 -9999 -9999 -9999 -9999 -9999 -9999 -9999 672.354713439941 606.22131729126 641.603900909424 524.360916137695 510.927368164062 393.101356506348 369.91748046875 315.219436645508 387.182006835938 731.984008789062 637.164697647095 571.479042053223 650.789380788803 507.134552001953 594.648143768311 868.14195728302 654.828516960144 636.029445648193 791.236328125 538.152633666992 572.816230773926 699.103378295898 673.467567443848 558.043998718262 541.035587310791 609.291699409485 524.593635559082 529.992572784424 619.845226287842 606.204378128052 508.740844726562 448.813724517822 481.121597290039 1012.95215606689 659.925350189209 703.195114135742 490.421981811523 471.183418273926 673.02038192749 372.232528686523 1198.21182250977
-9999 -9999 -9999 -9999 -9999 -9999 -9999 -9999 907.745166778564 459.211685180664 636.415998458862 594.771446228027 550.306884765625 345.046646118164 355.92887878418 542.309947967529 662.611747741699 647.367239952087 516.091926574707 700.872982025146 625.592439651489 762.739364624023 508.440086364746 658.154148101807 597.052085876465 587.589149475098 613.499008178711 594.227104187012 496.91423034668 535.70397567749 414.955986022949 482.87593460083 498.153781890869 495.789131164551 624.98299407959 851.000190734863 501.576675415039 866.253158569336 684.594261169434 1167.0081744194 594.468856811523 552.438983917236 690.648452758789 566.90682220459 466.175933837891 620.205995559692 463.326370239258 590.985733032227 461.419960021973 1067.93612670898
-9999 -9999 -9999 -9999 -9999 -9999 -9999 877.535919189453 906.134803771973 911.964534759521 510.989547729492 415.045104980469 402.618347167969 210.626281738281 577.515098571777 607.472389221191 508.650520324707 632.223950386047 678.407318115234 681.869686126709 586.527671813965 615.26277923584 581.071605682373 602.821128845215 642.93082690239 495.877906799316 594.835075378418 540.628361701965 594.14372253418 1072.36589050293 658.198097229004 456.660919189453 603.422660827637 509.073638916016 912.512969970703 661.189811706543 606.4612865448 725.164405822754 630.822069168091 607.736854553223 710.286109924316 648.39208984375 540.340179443359 539.854496002197 590.4636926651 688.925971984863 511.134883880615 553.750136375427 451.386222839355 1055.70661354065
-9999 -9999 -9999 -9999 -9999 -9999 705.184631347656 832.828964233398 797.978576660156 858.756942749023 517.301147460938 487.23095703125 437.679466247559 607.654441833496 385.429214477539 617.998411178589 590.440179824829 606.613985061646 524.3766746521 699.342028617859 540.021682739258 598.171440124512 572.795106887817 462.529266357422 528.323829650879 597.833186149597 491.315811157227 1049.08966064453 774.751214027405 680.23747253418 736.746708869934 619.458778381348 589.881607055664 800.802337646484 735.621917724609 843.176193237305 528.422859191895 663.209934234619 798.375411987305 507.672950744629 613.607637405396 504.804523468018 581.125617980957 616.038719177246 565.90690612793 570.135405182838 497.940185546875 497.908447265625 582.426105499268 807.104116439819
-9999 -9999 -9999 -9999 -9999 611.360794067383 462.611190795898 430.080581665039 425.815628051758 633.160914897919 535.367126464844 441.950836181641 642.176612854004 509.24641418457 580.545997619629 603.435264587402 636.40803527832 553.482237815857 551.439978599548 525.930065155029 745.532619476318 604.423835754395 527.328414916992 470.488487243652 418.356552124023 746.050506591797 745.960550308228 824.088088989258 757.181884765625 745.355357170105 685.266937255859 595.849494934082 627.06937789917 624.841300964355 645.8173828125 730.433917999268 587.863675117493 510.124568939209 680.332405090332 709.743438720703 707.2587890625 608.831935882568 468.466156005859 599.390716552734 471.330177307129 411.446517944336 415.703536987305 534.664203643799 638.788011550903 519.000823974609
-9999 -9999 -9999 -9999 322.129348754883 508.945907592773 179.568786621094 297.212783813477 581.396141052246 468.123443603516 540.993942260742 627.99479675293 514.523338317871 457.112533569336 597.206771850586 714.42024230957 391.939094543457 515.965400695801 506.856197357178 679.892875671387 652.820594787598 551.20404958725 535.008598327637 1008.4744682312 1048.32244873047 614.26872253418 805.373680114746 764.656234741211 743.629163742065 872.025360107422 582.321384429932 678.566827774048 489.748916625977 620.349117279053 550.781471252441 509.722694396973 658.620615005493 646.702125549316 586.606065750122 635.571765899658 653.434349060059 519.53169631958 537.613525390625 544.702383041382 538.662071228027 553.134698867798 582.055229187012 504.786026000977 606.752227783203 595.678958892822
-9999 -9999 -9999 1101.59290313721 477.5068359375 534.434547424316 559.331207275391 367.580963134766 544.42894744873 676.877407073975 752.543814659119 573.955604553223 555.302093505859 569.579437255859 683.341094970703 628.450439453125 738.08390045166 643.944889068604 509.805248260498 529.051427841187 700.548355102539 423.114929199219 818.406658172607 661.718032836914 545.868217468262 529.556137084961 631.712701797485 602.303803443909 467.584999084473 451.653312683105 556.961502075195 539.415704727173 675.131675720215 654.571662902832 434.602416992188 525.776611328125 711.362861633301 674.248100280762 537.688583374023 562.149925231934 638.689277648926 604.805210113525 609.756378173828 451.82693862915 414.401473999023 614.838569641113 521.9797706604 540.908965349197 499.456680297852 571.662445068359
-9999 -9999 844.434020996094 1135.60179138184 216.822525024414 445.088775634766 523.185173034668 200.268707275391 535.567726135254 690.325016021729 680.966830253601 615.014043807983 637.787902832031 802.909164428711 774.80606842041 707.759826660156 731.48046875 611.760316848755 1017.76985931396 668.094989776611 1131.53629302979 601.360582351685 502.989437103271 403.410858154297 488.05805015564 386.506172180176 488.198438644409 455.628227233887 532.523624420166 443.846717834473 642.934181213379 591.532295227051 600.971672058105 497.52751159668 467.548454284668 529.51281952858 481.753135681152 482.738288879395 596.482688903809 463.473903656006 406.090110778809 572.250526428223 554.449199676514 443.896839141846 387.331008911133 411.482261657715 540.167995452881 596.073978424072 566.493006706238 808.097450256348
-9999 -9999 642.170043945312 996.951377868652 1074.98045015335 345.390037536621 482.443206787109 503.753086090088 619.065716743469 613.254234313965 578.250785827637 559.667892456055 812.017074584961 670.141237258911 789.382316589355 606.203723907471 655.086009979248 552.229814529419 849.553767204285 552.226009368896 528.985643386841 544.419992446899 474.782112121582 519.695192337036 481.59015083313 544.565338134766 291.462142944336 344.457809448242 442.197386741638 380.811477661133 636.494888305664 510.665813446045 479.426678657532 443.921606063843 447.206873893738 357.246589660645 567.470428466797 515.799434661865 436.759216308594 577.932716369629 436.18864440918 534.636416912079 443.978889465332 639.761001586914 509.816402435303 603.886116027832 508.138439178467 423.907196044922 539.77025604248 771.113477706909
-9999 427.535842895508 682.75227355957 603.063653945923 558.486186981201 584.216926574707 695.577026367188 592.85701751709 597.323486328125 630.232407093048 632.785821914673 568.43888092041 635.344573974609 750.968307495117 537.708383560181 619.992317199707 595.533237457275 505.49290561676 553.185631275177 390.182846069336 417.588768005371 409.670623779297 529.178653717041 484.658978462219 457.554972648621 416.820098876953 343.555793762207 396.020401000977 460.358086585999 445.698858261108 518.892139434814 388.175354003906 390.699569702148 439.858609199524 312.859771728516 467.686432361603 372.110412597656 442.461507797241 454.965970993042 493.127372741699 391.750778198242 585.7057762146 598.157272338867 609.267166137695 553.010398864746 611.807022094727 497.192451477051 485.126569747925 445.457633972168 475.292457580566
723.33056640625 644.098896503448 698.228561401367 644.962644577026 585.366451263428 667.341491699219 533.534622192383 747.338043212891 725.393348693848 669.623712539673 646.659691810608 774.582427978516 634.674068450928 661.236061096191 690.43868637085 469.148788452148 516.159057617188 555.477909088135 528.108306884766 454.80362701416 514.474588394165 467.626070976257 528.092338562012 505.331653594971 575.226287841797 402.347557067871 514.11466217041 483.268949508667 332.477066040039 552.170867919922 464.367765426636 384.257362365723 450.015423774719 409.970138549805 547.840881347656 576.360992431641 417.167207717896 453.924050331116 329.067932128906 377.599006652832 552.748672485352 513.953420639038 609.511138916016 611.450744628906 535.693046569824 564.415975570679 555.34836935997 534.683921813965 591.608070373535 535.878061294556
656.388046264648 571.768392562866 640.632629394531 540.222122192383 505.705085754395 410.984725952148 568.025901794434 507.358139038086 583.034744262695 691.403198242188 749.045555114746 629.976531982422 633.598087310791 482.631595611572 657.636442184448 524.698287963867 503.5016746521 617.624069213867 316.577011108398 436.150207519531 459.902866363525 521.372032165527 483.966022491455 372.836791992188 528.793655395508 543.276748657227 514.536724090576 364.091705322266 482.31077003479 402.97151184082 501.613731384277 512.518993377686 315.556884765625 420.177967071533 328.008651733398 548.762832641602 494.48221206665 408.827411651611 373.081657409668 365.957153320312 460.778768539429 524.406907081604 622.027938842773 503.973609924316 474.900166511536 427.431823730469 455.92794418335 477.198300600052 529.505458831787 573.71019744873
611.934377670288 609.357307434082 348.055953979492 529.997695922852 535.589538574219 663.683905601501 541.584213256836 495.837100982666 674.161617279053 653.79320526123 633.227853775024 547.418422698975 439.734264373779 593.223876953125 509.702956557274 624.360431671143 544.726989746094 668.083129882812 420.544563293457 512.906211853027 395.177635192871 361.336692810059 378.300155639648 369.809768676758 499.47679901123 553.726089477539 415.343170166016 535.749290466309 545.634384155273 431.756340026855 493.798713684082 554.127479553223 424.055902481079 481.48734664917 605.254333496094 491.605872154236 556.18180847168 484.05883026123 404.457160949707 313.850524902344 343.648712158203 683.057968139648 585.023780822754 587.646789550781 653.900115966797 504.090436935425 419.986995697021 474.955741882324 327.508697509766 519.554656982422
374.505554199219 462.088298797607 283.561599731445 502.976949691772 555.200691223145 520.05606842041 402.330551147461 750.664939880371 630.177368164062 603.336658477783 576.895580291748 493.221960067749 564.156803369522 547.807321548462 494.697322845459 435.918281555176 416.708633422852 369.753540039062 475.350357055664 630.38427734375 624.08610534668 491.40454864502 593.224029541016 442.843333005905 411.301424980164 572.818099975586 473.44185256958 412.622585296631 522.376281738281 372.377426147461 339.675918579102 472.12375831604 486.958301544189 501.306728363037 548.115608215332 525.931945800781 600.824066162109 434.805676460266 452.186988085508 461.495272636414 399.294651031494 451.468154907227 514.167980194092 460.273430347443 460.014183044434 427.116718292236 497.280101776123 532.628440856934 438.075603485107 439.97974395752
469.152526855469 523.241943359375 471.193901062012 362.870697021484 610.71147236228 664.174743652344 715.812728881836 857.417999267578 703.474702358246 891.650123596191 479.347526550293 609.1784324646 574.809112548828 480.046569824219 514.82252407074 480.634662628174 419.166481018066 567.120582580566 503.803935050964 580.520332336426 495.631496429443 283.582672119141 204.1103515625 462.113693237305 440.134867668152 409.37349319458 460.806619644165 374.447944641113 419.35750579834 394.811637878418 445.290674209595 505.550765991211 423.305978775024 503.838069915771 574.438316345215 433.868307113647 534.847351074219 675.863357543945 468.044972419739 479.982303619385 481.957777023315 401.673246860504 508.341468811035 404.847373962402 446.958818912506 375.453201293945 536.120414733887 419.04923248291 556.687511444092 433.205863952637
532.434448242188 459.614486694336 387.106376647949 465.566162109375 642.680452346802 349.297180175781 475.540046691895 510.250422477722 614.97631072998 709.404739379883 442.252674102783 678.172607421875 477.793914794922 581.842880249023 447.473655700684 588.067710876465 536.624732017517 514.487468719482 583.193618774414 407.187099456787 631.058502197266 385.422309875488 436.881016731262 456.258102416992 446.520755767822 390.139751434326 457.39574432373 446.16220664978 303.543525695801 290.900756835938 438.367017745972 563.706329345703 563.252975463867 424.048075675964 413.28070640564 432.896929264069 387.725883483887 430.406343460083 392.699363708496 417.91442489624 315.984634399414 419.221544265747 467.22928237915 532.736068725586 413.270538330078 491.016777038574 468.826568126678 337.236831665039 376.69361114502 527.571586608887
505.316993713379 389.078887939453 554.458019256592 494.981422424316 562.152145385742 494.635139465332 330.609085083008 953.88646697998 950.381088256836 1108.83060836792 549.955051422119 444.627029418945 342.591857910156 548.734142303467 402.487022399902 461.738567352295 528.756225585938 481.326497077942 372.622905731201 495.872245788574 333.282501220703 423.144313812256 286.851867675781 628.060470581055 551.115386962891 399.59916305542 313.979827880859 406.897397994995 436.926938056946 516.039566040039 414.708353996277 448.883536338806 465.307628631592 470.486797332764 416.380525588989 555.813293457031 437.231260299683 534.900169372559 372.089805603027 340.561294555664 365.586769104004 412.462585449219 322.520317077637 431.322222709656 416.591926574707 446.491567611694 373.779586791992 408.825454711914 417.688205718994 393.868885040283
451.506814956665 579.057189941406 498.92992401123 826.918008804321 470.443397521973 372.836116790771 496.903518676758 639.993927001953 487.118118286133 624.573333740234 501.322658538818 467.719596862793 460.475696563721 623.117858886719 525.232389450073 489.748729586601 513.651470184326 608.917785644531 542.486625671387 365.690551757812 515.823272705078 515.369667053223 343.87287902832 309.465843200684 325.99584197998 470.376022338867 517.284049987793 427.548721313477 362.769561767578 451.386764526367 502.882358551025 433.801795959473 487.091590881348 253.515396118164 587.351455688477 432.769413948059 398.098171234131 476.016101837158 355.152114868164 420.714336395264 518.239116668701 459.766426086426 268.831939697266 537.972686767578 492.35665512085 449.06514787674 555.73575592041 378.032356262207 307.844253540039 435.118143081665
455.617248535156 598.294315338135 677.280883789062 647.981678009033 783.840026855469 433.25222492218 395.173683166504 765.197662353516 554.450933456421 618.937294006348 534.98864364624 471.353332519531 448.363922119141 442.516868591309 411.11466217041 400.470352172852 376.843612670898 336.617530822754 459.950053691864 403.775421142578 499.728401184082 469.641775131226 366.935024261475 387.593299865723 411.358011245728 479.24267578125 357.81400680542 364.857330322266 430.937131881714 382.660007476807 533.186553955078 356.106857299805 398.677318572998 358.516502380371 474.332412719727 417.252258062363 384.514728546143 490.555778503418 263.783706665039 416.319942474365 445.422857284546 415.484683990479 447.747104644775 422.004341125488 411.675598144531 333.182205200195 438.679616928101 483.541278839111 362.918434143066 389.605606079102
454.652137756348 629.27885890007 571.950706481934 479.548828125 557.564071655273 602.786796569824 654.254837036133 662.420709848404 730.740364074707 1075.81882476807 563.517450332642 588.193039894104 492.308204650879 711.836502075195 518.760587692261 422.679279327393 456.645777702332 443.204483985901 302.283203125 453.958514392376 428.289060592651 612.049087524414 317.302978515625 201.854385375977 271.348388671875 457.478008270264 461.732357025146 550.071990966797 466.499114990234 390.637487411499 351.843452453613 461.228134155273 437.971897602081 346.666511535645 325.596534729004 412.139629364014 389.135478973389 477.92737197876 567.651161193848 425.249017715454 639.567230224609 551.934238433838 357.373077392578 312.55046081543 460.535430908203 444.336809158325 383.722999572754 454.911170959473 389.450183868408 419.370792388916
727.673377990723 841.67310333252 761.587799072266 709.325012207031 443.395847320557 432.539951324463 736.013290405273 493.177841186523 645.93049621582 435.699554443359 667.42395401001 308.004608154297 491.991836547852 500.323509216309 393.656478881836 476.443622589111 427.246740341187 464.424599647522 461.717967987061 395.062431335449 410.267448425293 439.925821758807 266.295043945312 374.327522277832 360.297973632812 501.398132324219 572.500946044922 610.327239990234 410.333856582642 467.746768951416 479.763515472412 353.849830627441 454.233207702637 256.574447631836 526.796852111816 516.524078369141 370.104259490967 531.265602111816 450.189435482025 500.856147766113 376.270790100098 514.170555114746 425.042798995972 418.501749038696 434.855427026749 647.294631958008 539.964172363281 546.410522460938 460.986326217651 389.51343536377
493.58341217041 779.333557128906 698.873344421387 731.593856811523 453.510833740234 444.403656005859 483.9576587677 528.968463897705 614.840864181519 430.242706298828 655.624490737915 359.984191894531 450.696197509766 565.696323394775 566.108421325684 408.939392089844 443.308150291443 495.525127410889 343.501098632812 445.657369613647 328.734848022461 324.281532287598 398.13489151001 305.862228393555 333.228561401367 431.324898004532 364.824443817139 536.784446716309 474.046836853027 476.538932800293 394.941959381104 482.268957138062 476.615268707275 539.26522064209 537.420143127441 370.600704193115 555.163955688477 452.775466918945 442.100830078125 381.990608215332 392.086532592773 510.403942108154 431.251008987427 402.248899459839 338.922485351562 393.72193145752 462.594663619995 497.940319061279 365.976264953613 563.875839233398
