export/dem/dem18.asc
NCOLS 350
NROWS 171
XLLCORNER 152620
YLLCORNER 418050
CELLSIZE 100
NODATA_VALUE -9999
[rows 88 to 109 of 171, columns 200 to 249 of 350]
646.841178894043 691.190373256803 565.928939819336 573.152908325195 617.458190917969 651.48420381546 785.599349975586 584.226875305176 707.01611328125 624.458998203278 622.071513175964 514.772468566895 568.783226013184 849.385528564453 723.486610412598 685.726718902588 771.926536560059 811.000549316406 791.016792297363 699.186044692993 730.640319824219 667.103627331555 581.316734313965 701.540397644043 665.672240376472 694.33770942688 699.058639526367 668.421896457672 608.739833831787 745.232803344727 626.599224090576 604.691761016846 707.620666503906 570.001358032227 593.815036773682 658.194952011108 654.129123687744 558.658964157104 757.085514068604 735.451597213745 711.932891845703 921.9873046875 902.330905914307 714.169479370117 771.283849716187 671.134769439697 691.345878601074 970.789253234863 947.253631591797 962.281448364258
649.669040679932 607.492141723633 654.145971298218 638.387271881104 588.53581237793 754.173851013184 682.980325698853 576.669631958008 641.196574211121 677.982330322266 684.702884674072 784.7333984375 804.538436889648 692.895694732666 822.654190063477 819.670272827148 792.551422119141 769.003601074219 713.80641746521 757.404685974121 696.598438262939 797.494567871094 803.057510375977 684.126514434814 735.963348388672 668.81732749939 607.758949279785 492.883026123047 634.659393310547 715.794254302979 678.496078491211 567.568168640137 600.133628845215 561.109741210938 363.735626220703 553.255104064941 606.702252388 531.177040100098 712.548608779907 835.73176574707 661.549865722656 877.801338195801 871.211013793945 840.449276924133 710.194648742676 651.76252746582 723.987121582031 960.855337142944 1084.04871368408 958.591430664062
667.879104614258 929.989387512207 550.826309204102 555.325729370117 639.956966400146 717.253612518311 485.643402099609 605.963188171387 526.4599609375 626.474906921387 690.450168609619 804.966659545898 599.233758926392 624.1172914505 667.254760742188 745.87686920166 752.253814697266 663.132780075073 573.466217041016 613.565536499023 559.837371826172 669.954069137573 725.075302124023 674.10431098938 634.469058990479 751.979873657227 717.706256866455 650.215906143188 739.570732116699 637.684898376465 599.008018493652 659.158546447754 480.381713867188 581.734859466553 492.219306945801 492.183982849121 433.087997436523 552.710426330566 735.89444732666 738.440848350525 748.598813533783 664.583930969238 671.741134643555 785.489707946777 689.935455322266 751.695304870605 674.60863494873 1099.61521911621 1001.5179901123 936.638816833496
447.433242797852 539.380382537842 557.710014343262 584.788238525391 548.227752685547 513.766815185547 545.706466674805 632.703683853149 536.032302856445 669.621990203857 630.719291687012 705.473236083984 599.029453277588 656.868709564209 814.608062744141 692.304351806641 680.301933288574 676.361600875854 526.843330383301 686.157592773438 658.431423187256 671.355619430542 678.127855062485 686.712414741516 706.861131668091 713.458423614502 682.467330932617 511.947479248047 619.027179718018 621.409961700439 445.198913574219 587.621826171875 622.187555551529 533.638534545898 641.794807434082 820.087387084961 645.810257911682 716.584419250488 633.190376281738 689.310165405273 659.94554901123 693.720790863037 584.189590454102 853.724420547485 601.991622924805 609.867881774902 830.490570068359 700.543647766113 854.397994995117 912.04186630249
673.182182312012 687.769844055176 575.383556365967 619.719381332397 632.488166809082 375.163269042969 552.301765441895 407.960876464844 601.825723648071 634.784648895264 711.284027099609 712.053642272949 719.451400756836 792.375473022461 704.458053588867 741.764663696289 631.473019838333 803.298873901367 734.708480834961 602.090187072754 545.793510437012 775.477867126465 705.827163100243 709.754494667053 591.755462646484 633.46794128418 770.616781711578 698.711086273193 693.634792327881 569.276962280273 519.654373168945 458.122894287109 620.13794708252 611.422370910645 623.02689743042 662.218310594559 689.164739608765 701.435688018799 574.949291229248 581.177656173706 650.935053825378 673.938102722168 598.82706451416 636.105255126953 600.512439727783 609.061447143555 669.776653289795 733.208530426025 871.585926055908 871.273604393005
673.34334564209 704.765837669373 587.354736328125 575.795906066895 435.323318481445 914.888931274414 723.07787322998 618.185446739197 691.83374786377 609.257625579834 617.095564842224 634.208719491959 798.724487304688 575.769184112549 741.483940124512 828.559020996094 589.951831817627 692.99097442627 700.950546264648 703.788372993469 661.954078674316 515.418838500977 697.304666519165 665.88395690918 626.775680541992 630.414722442627 693.830142974854 749.286903381348 609.109661102295 668.629545211792 560.842781066895 639.304481506348 731.350419998169 702.198701858521 761.236042022705 893.055786132812 759.207065582275 765.528182983398 595.473663330078 704.896037101746 658.899218559265 684.997676849365 527.979293823242 555.71150970459 628.744567871094 615.379959106445 579.869277954102 646.357040405273 699.02197265625 873.361637115479
573.395965576172 746.866840362549 695.666053771973 608.674140930176 595.229030609131 609.168350219727 705.202621459961 643.004266738892 635.546466827393 768.356628417969 584.190593719482 638.780281066895 544.805877685547 583.759250640869 655.261596679688 872.76530456543 704.086952209473 716.688842773438 699.49356842041 804.127471923828 776.639453887939 706.142562866211 603.472902297974 861.977478027344 709.645431518555 820.620578765869 847.912414550781 715.508140563965 666.003391742706 728.391418457031 689.157530784607 667.764461517334 755.065742492676 648.196159362793 772.46925163269 766.833572387695 748.840930938721 514.49250793457 744.334548950195 721.512366771698 668.348712921143 660.794261932373 637.662094116211 585.32886505127 579.580085754395 668.583671569824 592.897201538086 569.018226623535 584.171661376953 869.155914306641
600.884712219238 584.471675872803 697.206130981445 701.584838867188 566.481597900391 469.874359130859 488.87255859375 647.291175842285 621.973648071289 530.73543548584 654.292407512665 703.100637435913 503.930969238281 613.165544509888 750.23494720459 667.499774932861 589.718799591064 645.575757980347 688.137718200684 820.175064086914 647.084228515625 559.899703979492 710.776365280151 475.490570068359 635.470024108887 571.574890136719 748.693435668945 629.042789459229 750.646018981934 725.164939880371 630.743434906006 661.309627532959 620.158157348633 668.75715637207 809.810745239258 803.112765192986 747.717052459717 721.348963737488 624.918045043945 498.582015991211 552.170669555664 540.600082397461 625.578727722168 686.404939651489 707.426406860352 802.221115112305 702.020327568054 669.016250610352 706.676544189453 639.930953979492
777.443954467773 665.104545593262 778.580358505249 682.451107025146 639.455993652344 809.760246276855 590.296985626221 685.185335159302 768.239730834961 628.449298858643 339.698425292969 838.282562255859 719.89958190918 656.7057056427 479.759735107422 669.022136688232 602.004461288452 581.050285339355 694.818397521973 637.500552177429 544.286735534668 639.659366607666 822.43586730957 772.911140441895 665.95223903656 598.260165214539 696.310840606689 729.821632385254 724.770755767822 784.852645874023 596.475090026855 613.942111968994 640.411737442017 664.604019165039 730.464660644531 852.698993682861 776.104084014893 752.025074005127 643.593490600586 654.725448608398 697.172090530396 718.665117263794 733.959577560425 626.270858764648 634.062294006348 784.273729324341 691.773944854736 629.512626647949 711.670392036438 621.500038146973
609.193813323975 852.766372680664 735.108798503876 823.148162841797 740.653182983398 555.010955810547 654.824848145247 1082.70516204834 470.303482055664 550.364738464355 712.099964141846 488.752029418945 575.211265563965 538.542465209961 649.741319656372 642.582897186279 700.412940979004 466.723846435547 452.782424926758 673.947758674622 608.276531219482 677.509816765785 661.985916137695 570.667404174805 573.563316345215 716.074410438538 655.644966125488 580.163166046143 658.908399581909 605.065128326416 529.698745727539 521.342086791992 568.752410888672 638.444086074829 608.903471946716 611.667922973633 736.805616378784 733.660858154297 783.601181030273 710.474510669708 797.292045593262 645.71134185791 678.736141204834 636.480918884277 630.23095703125 738.886894226074 744.840744018555 608.659622192383 1001.02987670898 654.768562316895
854.60905456543 530.12353515625 845.95100402832 729.301484107971 622.265335083008 589.026443481445 566.926681518555 573.89933013916 527.702270507812 700.449264526367 761.54141998291 632.263819158077 608.134092330933 487.770263671875 752.976135253906 583.144536972046 712.78978729248 665.325588226318 785.012985229492 533.366241455078 517.591644287109 454.253189086914 601.631664276123 626.405679702759 632.278938293457 703.939933776855 847.151977539062 735.417137145996 578.735557556152 648.669017791748 615.876419067383 397.367462158203 572.607528686523 694.514400482178 694.815452575684 440.534774780273 633.875459671021 686.176511764526 631.81526184082 674.395565032959 804.391784667969 538.014465332031 751.282524108887 645.061626434326 617.977996826172 680.323699951172 725.58740234375 764.140563964844 737.326816558838 713.057922363281
960.998611450195 709.508666992188 756.147468566895 746.353025436401 612.826240539551 721.610534667969 808.768135070801 750.3918800354 747.101169586182 728.545555114746 728.313278198242 639.720623016357 813.446578979492 734.203094482422 650.691143035889 807.682846069336 665.869750022888 618.807259559631 676.13756942749 636.614506721497 594.791980743408 610.308216094971 651.803740501404 645.487118959427 641.9479637146 809.332653045654 865.13102722168 779.072578430176 642.337669372559 713.028790473938 555.387176513672 424.021820068359 560.369117736816 491.215087890625 512.009201049805 632.875579833984 599.98201751709 661.357597351074 555.048782348633 686.722538232803 693.832505226135 595.723907470703 505.384857177734 517.210845947266 639.914047241211 606.509735107422 716.848304748535 928.131233215332 956.350927352905 967.771255493164
1003.02188110352 831.851300239563 671.617916107178 814.017158508301 702.124370574951 739.867342948914 766.049205780029 766.996601104736 824.96061706543 760.84041595459 543.999572753906 736.351081848145 651.022434949875 685.067979812622 805.822952270508 637.073440551758 683.21654510498 611.480514526367 576.78768157959 708.613262176514 617.826389312744 553.730911254883 501.345489501953 810.467163085938 698.237181186676 508.679000854492 862.054229736328 634.890075683594 870.333999633789 1125.90505981445 1208.93350982666 573.951126098633 533.404998779297 604.625953674316 728.578209877014 849.550930023193 976.272455215454 633.949897766113 674.796936035156 482.879333496094 711.349290251732 520.829635620117 562.228286743164 627.103469848633 777.692665100098 812.959289550781 1074.01358413696 717.819976806641 955.290895462036 666.785919189453
970.178970336914 514.446884155273 636.162721633911 771.282663345337 783.262224197388 943.756484985352 870.39119720459 761.705324172974 732.145620346069 1044.80266904831 845.427978515625 623.653221130371 613.4231300354 733.07986831665 720.59955739975 767.326355934143 563.189086914062 698.629306793213 583.394004821777 486.040023803711 616.859153747559 599.230579376221 575.1676902771 716.587366580963 541.643508911133 562.021911621094 548.993087768555 376.436462402344 565.017509460449 541.688613891602 652.225509643555 545.368896484375 469.997283935547 1181.27136230469 834.639831542969 902.783504486084 1081.87475585938 901.12873840332 715.367427825928 791.083381652832 746.499420166016 378.634124755859 579.823791503906 665.383720397949 775.167283058167 821.304786682129 717.299377441406 1021.71981811523 1230.82987976074 527.757095336914
850.406341552734 788.247997283936 601.897071838379 778.108306884766 779.492492675781 766.097858428955 792.333518981934 836.8391456604 893.360008239746 775.340552806854 886.862686157227 662.076833248138 711.029151916504 635.427021026611 666.903423309326 707.204053878784 660.982333183289 677.330718994141 546.544075012207 605.939987182617 463.210983276367 485.275772094727 588.693084716797 618.020584106445 728.649044036865 671.283800125122 564.033378601074 647.277917861938 597.372993469238 520.407821655273 659.166221618652 518.373229980469 524.240356445312 445.887359619141 708.855754852295 678.105448722839 588.402816772461 1148.30992889404 669.87001991272 747.2109375 341.109771728516 543.18522644043 1131.46672058105 691.109867095947 1206.33097076416 814.894981384277 736.758249759674 937.671325683594 1058.16207122803 702.085941314697
833.654975891113 743.169700622559 885.521659851074 735.795944213867 761.011481761932 869.229103088379 881.655448913574 826.806957244873 856.286884307861 977.574371337891 755.85037612915 892.412635803223 599.735080718994 441.624786376953 530.739440917969 602.791374206543 659.139109611511 653.799621582031 713.746710777283 337.729553222656 420.039932250977 434.515014648438 526.276435852051 629.369674921036 826.639672279358 542.099960327148 608.186511993408 564.72265625 451.531539916992 653.088492393494 524.139984130859 641.539764404297 581.003944396973 510.820266723633 753.047828674316 715.408069610596 923.307579040527 1022.46081924438 974.866760253906 723.736497879028 599.29426574707 529.929550170898 918.044357299805 638.266731262207 883.870971679688 976.494384765625 700.326042175293 1118.0561504364 809.994647026062 1326.58114624023
-9999 631.160621643066 736.972253799438 678.650268554688 519.7197265625 607.697463989258 746.169094085693 852.462154388428 831.349258422852 744.555111885071 823.872360229492 1043.41216278076 529.929962158203 706.590980529785 453.358016967773 583.858457565308 679.58748626709 592.057188034058 572.055476427078 476.219879150391 659.180928230286 523.190826416016 480.052200317383 865.13890838623 786.862197875977 522.621276855469 565.32292175293 612.286701202393 519.360504150391 549.555839538574 401.599487304688 569.048431396484 570.931938171387 726.977722167969 1089.74273681641 844.147903442383 648.07488822937 612.39864730835 497.486068725586 672.765989303589 734.82225894928 521.705520629883 749.620910644531 705.386989593506 792.417355656624 985.961166381836 662.865127563477 677.777725219727 717.657579421997 855.854148864746
-9999 621.697509765625 649.189567565918 604.337705612183 469.220138549805 865.340774536133 866.491523742676 793.718235015869 843.663551330566 852.8466796875 631.544830322266 648.69938659668 613.594673156738 636.509628295898 733.7431640625 564.180107116699 470.675277709961 473.704277038574 763.368988037109 503.335929870605 586.348438262939 552.068618774414 717.723562717438 578.163528442383 926.372276306152 573.935241699219 432.281021118164 424.428192138672 651.995895385742 510.174514770508 535.420913696289 497.827880859375 430.631408691406 578.80152130127 1212.08075523376 678.239700317383 632.938739776611 605.754047393799 577.09676361084 504.608474731445 538.569976806641 601.168792724609 546.135757446289 600.231643676758 570.335220336914 802.00185585022 842.668930053711 609.587158203125 782.68236541748 653.063751220703
-9999 -9999 845.628036499023 657.347332000732 625.853462219238 710.233394622803 723.737716674805 691.424591064453 836.359359741211 896.105697631836 669.378059387207 643.320541381836 587.963348388672 673.383480072021 672.337701797485 372.655776977539 412.821899414062 484.187557220459 597.66622543335 604.465431213379 374.766876220703 521.791244506836 483.912261962891 438.602569580078 626.478187561035 561.623329162598 447.444778442383 604.541404724121 514.080307006836 660.99919128418 602.725883483887 491.860916137695 458.804077148438 545.59253692627 698.100448608398 445.732620239258 537.355575561523 558.202110290527 625.53551864624 595.421531677246 504.805969238281 681.941120147705 764.94105052948 718.278778076172 630.215835571289 616.611999511719 771.422194004059 643.844673156738 901.210487365723 803.012302398682
-9999 -9999 1009.37814712524 939.451652526855 585.643730163574 662.869115963578 712.90100479126 647.766830444336 681.810791015625 651.772323608398 982.634971618652 467.294021606445 424.193206787109 552.679183959961 659.745613098145 538.84546661377 546.844250679016 338.918106079102 397.852737426758 491.383522033691 317.018035888672 393.793823242188 352.272247314453 528.312576293945 564.09344291687 738.427331924438 560.827430725098 712.067947387695 628.808265686035 566.651863098145 649.588293075562 498.182006835938 709.225292205811 666.763454437256 552.837684631348 514.428283691406 532.18994140625 635.386734008789 647.848022460938 831.143417358398 783.403228759766 712.149215698242 836.916284561157 804.053298950195 662.554611206055 959.463659286499 807.564979076385 903.09708404541 1115.08265686035 766.054176330566
-9999 -9999 -9999 894.486419677734 670.290218353271 752.41975402832 779.950181007385 703.586078643799 612.288391113281 613.295692443848 598.310150146484 554.556907653809 394.099273681641 547.347518920898 654.386730194092 638.904654502869 433.290069580078 519.445293426514 566.262069702148 608.325908660889 342.362380981445 340.858673095703 392.263687133789 1314.20251464844 403.946212768555 539.881256103516 528.373153686523 601.21443939209 450.105758666992 672.320096969604 722.670799255371 679.219846725464 459.830261230469 714.179431915283 560.231918334961 728.095779418945 477.415344238281 561.817169189453 756.63744354248 613.669550180435 770.095478057861 681.336944580078 618.670852661133 828.190302848816 578.652389526367 815.665504455566 724.0009765625 502.055053710938 617.141357421875 1089.32041168213
-9999 -9999 -9999 583.076507568359 586.91460609436 657.824540615082 810.972991943359 643.91414642334 770.843823671341 1000.31937408447 509.879257202148 786.677955627441 550.276260375977 632.422037124634 734.244438171387 618.411278247833 551.145694732666 559.805912017822 667.279716491699 693.805366516113 551.228240966797 564.561731338501 512.351692199707 586.825897216797 487.589973449707 637.955083847046 616.510036468506 747.1123046875 680.305969238281 611.51473236084 603.64525604248 694.441722869873 583.851119995117 584.055503845215 794.639083862305 950.967208862305 590.527946472168 469.826293945312 561.694046020508 389.366546630859 585.045906066895 790.33553314209 797.093994140625 702.360626220703 895.166938781738 1202.17404174805 811.245086669922 738.181381225586 1102.15343666077 914.803688049316
