export/dem/dem12.asc
NCOLS 350
NROWS 171
XLLCORNER 152620
YLLCORNER 418050
CELLSIZE 100
NODATA_VALUE -9999
[rows 22 to 43 of 171, columns 50 to 99 of 350]
-9999 -9999 -9999 -9999 -9999 -9999 -9999 -9999 -9999 667.364054679871 616.52758026123 537.254302978516 628.825942993164 598.310249328613 488.012283325195 581.19051361084 523.109432220459 552.858165740967 617.810085296631 543.344833374023 538.304588317871 587.535827636719 616.387605667114 720.776931762695 839.432191848755 695.425687789917 663.804696798325 678.14345741272 530.743782043457 476.137634277344 565.211883544922 626.543838500977 647.327167510986 786.546157836914 622.357124328613 531.109420776367 589.97003364563 655.628494262695 671.78409576416 537.345134735107 624.637268066406 745.764144897461 1150.35037612915 711.359924793243 621.509365081787 471.411094665527 510.962310791016 705.385545730591 549.721355438232 1172.48910522461
-9999 -9999 -9999 -9999 -9999 -9999 -9999 -9999 740.431869506836 467.415740966797 520.116363525391 547.89973449707 605.821960449219 286.333923339844 244.266510009766 603.093242645264 720.211074829102 614.057580947876 662.271808624268 522.979721069336 585.765007019043 841.349271774292 827.219253540039 735.129919052124 697.246155261993 544.965110778809 454.501136779785 625.314502716064 528.167415618896 633.923713684082 427.510192871094 525.023226261139 600.139278411865 750.321731567383 432.745758056641 628.160469055176 461.06763458252 1069.1404876709 1011.23258972168 1191.59071922302 729.034156799316 550.807613372803 586.850260734558 562.427133560181 509.904571533203 702.556205749512 577.418355941772 662.216045379639 620.21745300293 1074.13226318359
-9999 -9999 -9999 -9999 -9999 -9999 -9999 725.981201171875 738.583435058594 682.482940673828 509.15966796875 581.269462585449 478.274452924728 394.217872619629 344.816314697266 671.281137466431 680.184143066406 596.255001068115 693.900772094727 561.650718688965 538.101379394531 590.585998535156 580.000846862793 667.231357574463 622.581216812134 659.815567016602 669.339115142822 470.476539611816 664.932281494141 1204.65161037445 728.42008972168 703.32527923584 764.298351287842 698.646583557129 870.141899108887 720.433547973633 587.982284545898 614.104232788086 631.648557662964 673.888038635254 520.231704711914 689.046173095703 628.036365509033 527.362060546875 529.523590087891 577.535430908203 570.834919452667 546.482789993286 493.926540374756 1020.87638092041
-9999 -9999 -9999 -9999 -9999 -9999 568.472900390625 594.143981933594 777.338195800781 754.628936767578 424.093612670898 493.832107543945 457.532312393188 511.074886322021 512.837724685669 778.743835449219 580.433036804199 500.673110961914 563.404020905495 657.809394836426 650.325836181641 564.565139770508 515.608339309692 586.682325363159 529.137100219727 670.131706237793 493.747718811035 1203.14134216309 802.147640228271 773.772866249084 819.724403381348 756.137550354004 687.700294494629 887.291564941406 691.911811292171 798.566711425781 683.946319580078 609.09898519516 638.117824554443 685.940093994141 560.741132736206 637.484046936035 390.155853271484 526.751628875732 691.871215820312 676.078018188477 502.373847961426 690.982887268066 443.34912109375 806.815132141113
-9999 -9999 -9999 -9999 -9999 578.825576782227 309.744903564453 229.342803955078 295.576629638672 435.099578857422 505.116485595703 590.487922668457 575.803695678711 580.199996948242 569.448486328125 655.579011917114 709.313758850098 577.408714294434 423.384338378906 456.618591308594 754.7939453125 521.695346832275 608.878715515137 516.117057800293 464.849220275879 746.710914611816 802.756795883179 865.655028104782 987.572418212891 944.276901245117 999.130126953125 750.446174621582 707.676776885986 681.848016738892 922.834243774414 815.325653076172 549.237176895142 660.447982788086 577.709960520267 663.106292724609 523.568511962891 643.73331451416 508.302642822266 598.620661735535 527.606912612915 534.313756942749 563.369477272034 563.486261367798 539.571533203125 675.277456283569
-9999 -9999 -9999 -9999 410.356704711914 557.06233215332 200.352813720703 246.129913330078 436.350914001465 566.422462463379 562.726989746094 674.819744110107 525.539932250977 667.037281036377 610.247470855713 593.419570922852 378.606025695801 674.731735229492 573.07719039917 584.631732940674 531.472110748291 518.638822555542 433.748550415039 942.411888122559 972.799263000488 814.543130874634 716.024513244629 753.85370016098 718.794645309448 705.482995986938 704.151840209961 731.937141418457 668.23853302002 824.009124755859 785.956085205078 789.558319091797 727.992378234863 601.285340309143 513.602199554443 501.406372070312 617.794857025146 422.91633605957 452.955863952637 515.719013214111 491.339126586914 420.544631958008 418.164794921875 487.903221130371 567.854553222656 544.47144317627
-9999 -9999 -9999 1087.98244476318 369.678970336914 337.820281982422 394.346969604492 428.297264099121 601.235893249512 465.989791870117 642.954689025879 479.084426879883 706.889137268066 463.353363037109 774.993495941162 543.050605773926 726.601543426514 573.681129455566 718.416152954102 506.228549957275 513.578346252441 524.14012336731 766.922752380371 599.852632522583 720.438056945801 450.542861938477 510.047317504883 644.52445602417 412.769485473633 556.998281478882 589.491241455078 573.871994018555 638.07640838623 506.858505249023 732.527038574219 629.296756744385 743.071472167969 657.067260742188 757.223129272461 527.639674186707 632.665840148926 623.830665588379 490.425533294678 468.266502380371 463.912616729736 541.911192893982 436.559455871582 537.59593629837 536.304586410522 509.696029663086
-9999 -9999 632.511108398438 1007.27735900879 296.948425292969 371.001457214355 382.825164794922 330.987609863281 565.868461608887 687.397068023682 778.873558044434 448.391464233398 447.582427978516 629.75032043457 745.920520782471 676.075256347656 735.791797637939 590.321636199951 1061.56857299805 670.685516357422 1284.36693954468 694.571731567383 583.440055847168 464.692321777344 418.80883026123 426.350982666016 289.127960205078 563.201237678528 359.888565063477 533.649604797363 404.189865112305 635.411127090454 646.522338867188 495.354753494263 571.698471069336 728.881118774414 640.034088134766 597.694541931152 667.304046630859 430.128913879395 472.202760696411 529.198907852173 353.440887451172 335.885345458984 395.860252380371 509.114363670349 570.78470993042 496.187740325928 397.004928588867 847.814292907715
-9999 -9999 613.700736999512 916.106643676758 993.887756347656 233.466995239258 377.739379882812 483.837045669556 449.610443115234 651.578433990479 489.173370361328 593.821334838867 673.893119812012 514.697555541992 695.982337972149 583.652420043945 708.577011108398 694.370223999023 1019.23226928711 642.267959594727 663.531768798828 642.091094970703 568.702945709229 511.965564727783 314.342666625977 382.072776794434 343.797622680664 388.817779541016 331.623863220215 343.521224975586 389.966632843018 522.201824188232 831.075378417969 538.927391052246 478.475170135498 637.070907592773 578.462059020996 692.282073974609 486.631549835205 493.567138671875 407.692092895508 483.483768463135 518.761182785034 421.604766845703 400.83854675293 539.500274658203 361.592361450195 492.521760940552 438.166687011719 738.393012046814
-9999 624.204021453857 683.024433135986 519.921180725098 422.690048217773 418.596420288086 414.881134033203 598.408813476562 607.637229919434 465.128326416016 468.814712524414 442.702728271484 595.58292388916 594.503059387207 486.255264282227 926.228698730469 506.431785583496 638.602920532227 444.333534240723 538.213880062103 528.565390586853 655.446189880371 506.593465805054 548.88410949707 277.157730102539 547.086143493652 404.620399475098 488.412593841553 517.078273773193 439.372058868408 360.622200012207 533.500534057617 306.309844970703 471.431446075439 550.511573791504 677.725067138672 504.824256896973 572.152694702148 512.27241897583 498.324325561523 523.096078872681 524.589826583862 546.807266235352 437.378398895264 455.901947021484 480.82396697998 458.475215911865 420.158843994141 515.951313972473 504.84204864502
597.373372077942 574.875381469727 392.411895751953 410.365356445312 419.40852355957 344.662170410156 483.253273010254 761.44087600708 509.362258911133 521.772491455078 667.465278625488 608.71834564209 575.712425231934 581.084505081177 643.091480255127 589.256952285767 536.909427642822 549.768802642822 408.284637451172 616.886329650879 571.575347900391 398.466148376465 330.002288818359 521.63610458374 403.71496963501 555.014114379883 476.023154258728 602.438232421875 400.720794677734 426.034622192383 497.303377151489 513.045755386353 567.845001220703 601.713150024414 544.982559204102 434.707822799683 664.403778076172 508.875339508057 430.514918804169 382.375389099121 418.995655059814 498.16072845459 396.322906494141 531.669296264648 415.550197601318 507.959213256836 594.718265533447 461.827568054199 530.657808303833 516.936825752258
452.732284545898 477.78653717041 578.548204421997 580.796730041504 491.263381958008 497.62718963623 739.807987213135 449.819549560547 587.80749130249 578.07349395752 625.339515686035 582.926906585693 477.950241088867 525.494644165039 684.166641235352 517.550983428955 618.148731231689 513.10990190506 595.08472442627 614.115547180176 607.686767578125 521.080127716064 480.701559066772 433.682060241699 421.366889953613 510.187377929688 681.249481201172 387.097839355469 463.951878618449 493.270267486572 286.291000366211 460.280316948891 370.098304748535 518.590473175049 492.746570587158 493.620016098022 343.92985534668 540.697853088379 540.059501647949 433.364086151123 422.208904266357 468.152423858643 430.316940307617 511.557584762573 470.397767066956 625.392471313477 414.517150878906 212.446655273438 356.280296325684 582.598075866699
567.077449798584 465.10181427002 530.161289215088 404.270736694336 387.585662841797 589.691284179688 660.679141998291 418.748386383057 600.520530700684 668.93190574646 464.819091796875 605.565118789673 555.8984375 543.87516784668 490.414365768433 769.20044708252 584.955978393555 592.040554046631 542.618204116821 487.185361385345 471.757910981774 560.508239746094 452.413359642029 566.007270812988 409.642723083496 478.341888427734 517.854084014893 459.218640327454 373.079002380371 327.169486999512 374.04322052002 565.183265686035 499.94783782959 545.558586120605 403.655143737793 349.557800292969 499.15142250061 478.285043716431 514.094646453857 248.179595947266 514.377849578857 627.758590698242 435.94457244873 368.521942138672 338.215980529785 431.008144378662 470.065533638 346.413635253906 427.775321960449 595.211853027344
445.515960693359 427.907417297363 513.562567710876 466.751346588135 375.712203979492 552.098281860352 447.676475524902 811.074001312256 528.62158203125 623.937389373779 409.07080078125 447.078895568848 548.731435775757 567.422924041748 617.110649108887 521.797019958496 611.698654174805 594.967559814453 615.542098999023 597.789741516113 508.899631500244 398.599754333496 492.166923522949 440.906274795532 424.301628798246 377.280876159668 454.13977432251 442.73575925827 495.763191223145 394.401271820068 453.559741973877 464.300048828125 563.154434204102 466.81526184082 495.434246063232 480.510353088379 498.972381591797 539.07080078125 536.240951538086 556.674919128418 574.236183166504 529.950897216797 590.091972351074 514.064926147461 352.772354125977 423.303691864014 350.078979492188 332.836227416992 409.279861450195 478.933706283569
454.28515625 530.238739013672 395.678131103516 416.544372558594 406.655364990234 488.837944030762 519.07755279541 664.227226257324 627.653686523438 780.659383773804 281.659286499023 440.717109680176 514.684225082397 448.63402557373 495.560749053955 561.006156921387 562.581420898438 500.634026527405 547.444229125977 535.726879119873 481.247919082642 531.648712158203 435.510284423828 523.08911895752 429.013465881348 489.64253616333 265.395935058594 421.787628173828 270.220947265625 402.26969909668 580.910552978516 557.967971801758 602.744430541992 520.426864624023 419.493774414062 501.431785583496 464.270429611206 435.326794624329 522.211906433105 448.902673721313 423.055948257446 493.642204284668 481.622222900391 504.92667388916 371.566215515137 565.261650085449 336.998458862305 354.300735473633 518.158134460449 498.884424209595
589.305530548096 405.848678588867 553.197322845459 592.370314598083 488.235260009766 473.418842315674 453.98779296875 238.771118164062 526.061431884766 608.962112426758 415.527805328369 635.9365234375 519.360986709595 546.563128471375 448.875564575195 483.902555465698 439.149604797363 597.204727172852 467.262367248535 543.18448638916 423.104904174805 494.839447021484 455.512996673584 446.192002296448 396.738620758057 364.434150695801 243.777801513672 393.468055725098 421.765545368195 433.858743667603 380.153957366943 538.426040649414 356.187129974365 331.390449523926 384.783664703369 402.758563995361 387.618709564209 545.631729125977 451.00722360611 415.255769729614 361.19115447998 357.576698303223 309.815780639648 382.421081542969 310.906982421875 335.439476013184 478.054550170898 456.297449588776 563.052703857422 546.240043640137
572.429534912109 502.165885925293 476.353218078613 535.822052001953 371.717651367188 510.768081665039 425.579460144043 901.660186767578 1061.95167350769 1032.74655151367 564.001538276672 421.845558166504 616.213798522949 464.016361236572 372.912689208984 458.518013000488 480.922758102417 505.606894493103 417.848714828491 546.616790771484 304.626876831055 311.400909423828 474.491176605225 549.209487915039 482.19552230835 386.869213104248 393.515829086304 317.46907043457 490.656471252441 432.783378958702 483.697742462158 484.261737823486 472.342254638672 399.539051055908 481.628776550293 365.458862304688 271.986389160156 510.263511657715 526.815624237061 391.075569152832 329.837257385254 357.935768127441 491.905014038086 383.475978851318 433.46612739563 482.713424682617 557.811706542969 523.968902587891 417.075157165527 488.154747009277
312.148956298828 303.594619750977 465.072494506836 728.22566986084 366.466430664062 334.503059387207 357.728019714355 521.941764831543 493.011840820312 683.555863380432 505.047723770142 393.447463989258 423.726356506348 370.544830322266 371.83235168457 475.558054924011 360.566062927246 290.492126464844 498.904872894287 541.137809753418 397.678779602051 472.732566833496 507.62671661377 365.657325744629 447.738104820251 407.638743281364 248.635101318359 434.058753967285 511.284423828125 296.288040161133 580.793838500977 392.091869354248 309.259841918945 315.73999786377 264.399627685547 363.812927246094 371.896728515625 473.760945320129 452.567471265793 369.348754882812 401.885005950928 547.114419937134 454.364768028259 359.126129150391 543.743324279785 347.657203674316 432.38941192627 503.718452453613 417.886177062988 431.061964742839
428.69686126709 444.850067138672 564.663757324219 694.183094024658 783.291107177734 400.80535697937 608.949241638184 605.137992858887 608.037000656128 583.284568786621 474.13875579834 517.409141540527 348.120544433594 298.363189697266 318.402633666992 387.344436645508 372.967338562012 441.126649856567 433.899230957031 340.487510681152 540.665046691895 465.401063919067 485.38109588623 335.973739624023 425.351600646973 466.953926086426 550.166290283203 479.258991241455 559.823799133301 411.504468202591 487.476303100586 341.661560058594 382.581073760986 305.707534790039 367.334033966064 398.462352752686 536.522071838379 396.435974121094 497.594841003418 445.678074836731 380.287750244141 428.279491424561 477.463713645935 427.174701690674 264.093460083008 395.525405883789 454.926293373108 419.31886100769 446.308350265026 354.761672973633
351.283386230469 602.882286071777 629.799354553223 558.034721374512 756.878810882568 615.360015869141 632.597885131836 680.227998733521 704.765357971191 1010.78196716309 571.969129562378 617.833557128906 259.452667236328 301.075225830078 466.708358764648 373.249542236328 513.242877960205 378.701522827148 430.223864555359 466.850103378296 640.930038452148 425.414415836334 553.622497558594 619.14665222168 409.989044189453 379.787509918213 433.258068084717 505.306602478027 413.925580024719 380.918918609619 377.87760925293 397.384117126465 350.240829467773 418.785031318665 352.812423706055 517.152351379395 347.634834289551 341.281707763672 444.064651966095 397.026069641113 358.739418029785 527.833236694336 428.342195510864 312.981323242188 523.505737304688 421.97093963623 467.890190124512 332.198509216309 464.705604553223 466.805587768555
773.638214111328 699.192993164062 779.660074234009 798.438215732574 462.761228561401 569.913513183594 642.893417358398 640.619926452637 525.678123474121 492.405804634094 584.752155303955 537.806798458099 412.343811035156 532.290583491325 452.605319976807 386.959030151367 541.525207519531 511.439395904541 418.761682510376 393.51842880249 441.185023844242 480.048007965088 491.623622894287 469.993156433105 373.822799682617 364.594291687012 442.569799423218 345.438804626465 448.455215454102 265.698471069336 445.194857597351 503.200145721436 444.304269790649 272.53840637207 446.077816009521 291.837158203125 424.451582491398 490.556037902832 422.842914581299 377.017978668213 347.486366271973 536.302080154419 408.011993408203 403.353282928467 430.638244509697 475.04727935791 377.482704162598 486.272087097168 447.514611244202 481.155723571777
565.514533996582 881.734325408936 772.880266189575 783.472670555115 486.303009033203 375.219898223877 482.389938354492 646.813446044922 612.351079940796 547.544269561768 612.17299079895 530.46290397644 313.451034545898 500.916784286499 430.181907653809 477.574703454971 454.169028520584 557.811790466309 495.48314666748 299.48323059082 574.876327514648 408.422080993652 516.825645446777 300.623634338379 337.684448242188 422.759650230408 444.937377929688 499.19612121582 412.50692653656 369.205451965332 475.396465301514 374.085426330566 493.171955108643 379.324596405029 487.493721008301 381.589023590088 398.951261520386 471.350063323975 449.77260017395 462.559126853943 351.847602844238 473.306079864502 354.457000732422 400.465419769287 304.82007598877 497.923599243164 377.918678283691 553.128799438477 480.512176513672 384.45512008667
