export/dem/dem16.asc
NCOLS 350
NROWS 171
XLLCORNER 152620
YLLCORNER 418050
CELLSIZE 100
NODATA_VALUE -9999
[rows 110 to 131 of 171, columns 250 to 299 of 350]
922.189189910889 571.975654602051 718.158645629883 756.42057800293 1214.70943450928 920.271209716797 688.715728759766 1119.91165161133 938.241302490234 798.803482055664 635.227600097656 900.006988525391 1083.93885421753 1083.65286827087 988.661029815674 875.505435943604 827.833770751953 1095.68965530396 844.518966674805 854.398513793945 787.995941162109 759.919921875 1062.14131164551 1082.01453399658 1161.42279052734 962.889156341553 865.187393188477 889.807483673096 826.833824157715 897.135410308838 774.193534851074 833.175220489502 866.432022094727 735.336311340332 917.918746948242 835.686260223389 1079.91304016113 1007.02837371826 983.458290100098 904.879692077637 750.928050994873 523.682891845703 689.690383911133 756.920555830002 658.489395141602 767.892623901367 798.505979537964 488.586502075195 761.427833557129 678.556354522705
785.287384033203 757.306793212891 573.071407318115 729.060760498047 739.280868530273 742.507524490356 571.822174072266 1133.91516113281 471.247314453125 533.189361572266 500.220062255859 811.65869140625 979.593132019043 862.447107315063 781.513961791992 617.846740722656 566.524719238281 720.081787109375 905.447542190552 825.456153869629 1180.8978729248 997.784033298492 870.156326293945 640.665252685547 934.381301879883 1554.1637878418 834.915512084961 851.048331260681 784.72541809082 810.447673797607 872.249712467194 798.784217834473 916.722072601318 812.740112304688 951.435724258423 944.330410003662 1157.52420806885 897.386301994324 938.022438049316 808.941291809082 842.088584899902 843.912216186523 884.938125610352 806.879512786865 591.511451721191 783.195594787598 799.41019821167 597.370620727539 833.567516326904 905.199329376221
904.268001556396 829.129104614258 1078.5913772583 618.98583984375 1089.31736755371 728.101142883301 621.097793579102 796.731887817383 715.512878417969 736.369812011719 639.558792114258 588.83617401123 899.2135887146 976.681304931641 1181.09616088867 788.350692749023 754.203712463379 723.276458740234 792.91011428833 986.951591491699 859.479549407959 926.165649414062 1195.18760681152 1085.45310211182 1088.963098526 1102.72074890137 879.932390213013 962.504699707031 810.52326965332 1006.69019317627 895.324861526489 956.741931915283 1036.48090362549 991.000846862793 819.342502593994 1010.95909881592 1091.78314208984 932.355590820312 832.687721252441 849.724136352539 773.125152587891 688.856470108032 728.71820640564 788.348899841309 841.418142318726 775.099533081055 681.877033233643 719.322471618652 719.096897125244 959.992065429688
530.188537597656 878.542375564575 616.222137451172 848.031055450439 915.892333984375 1311.33935165405 742.304374694824 570.81396484375 575.75927734375 528.827377319336 462.944274902344 695.486034035683 596.669097900391 655.78596496582 721.26139831543 593.828857421875 684.096672058105 691.974563598633 704.742324829102 748.40051651001 710.066329956055 833.309585571289 911.772216796875 900.526821136475 918.161903381348 1032.74057769775 985.821231842041 854.342262268066 1250.42057800293 1234.64952850342 1065.14945983887 894.648778915405 960.315361022949 873.010662078857 863.78645324707 1004.11909484863 1018.26368713379 710.065521240234 773.572906494141 486.765937805176 717.18913269043 609.662658691406 596.840896606445 810.617332458496 629.757591247559 858.327056884766 669.735668182373 878.014984130859 864.324376106262 858.07494354248
864.249610900879 1079.83129882812 1317.81482696533 682.567749023438 679.451591491699 540.238845825195 1691.83096313477 545.725494384766 1112.70048522949 1106.2579498291 504.463531494141 785.60961151123 752.370468139648 574.666091918945 650.816581726074 866.238052368164 754.937438964844 709.04313659668 809.179233551025 573.950408935547 753.004011154175 1089.2762298584 890.823036193848 917.06477355957 918.209915161133 806.097551345825 915.370439529419 1018.49770736694 1245.06629180908 1266.26602935791 885.657276153564 971.51705121994 885.672962188721 859.493881225586 716.731498718262 599.793844223022 735.570487976074 829.249938964844 820.993873596191 526.843368530273 829.906600952148 759.583675384521 605.736320495605 681.560401916504 700.607034683228 647.161346435547 528.628753662109 734.865615844727 746.559378385544 825.010005950928
662.605911254883 886.235809326172 764.36548614502 731.265289306641 830.836328029633 992.852890014648 447.914947509766 512.845581054688 616.619277954102 747.302963256836 682.410003662109 627.23836517334 576.882858276367 529.005874633789 651.653121948242 716.437156677246 693.688987731934 612.461227416992 704.624542236328 636.626686096191 769.287452697754 880.765975952148 834.674146652222 827.678802490234 710.923953056335 794.607841491699 886.379028320312 719.0771484375 1129.43767166138 1597.7717590332 980.224822998047 871.340057373047 671.348197937012 838.312156677246 712.555011034012 818.741310119629 793.043533325195 887.897232055664 789.128135681152 707.188106536865 967.000595092773 826.240348815918 817.737007141113 713.63037109375 721.124994277954 773.496719360352 747.551676750183 690.608100891113 681.610897064209 819.581161499023
780.842712402344 1199.64515686035 798.932083129883 800.589664459229 1372.74220466614 628.158233642578 688.287811279297 1123.22964477539 475.434020996094 917.551742553711 931.946990966797 726.247327804565 536.825439453125 698.493446350098 504.406387329102 679.999374389648 703.986987113953 747.354923248291 693.136444091797 763.864860534668 725.939674377441 785.114658355713 916.573417663574 758.821800231934 630.382263183594 719.818164825439 1104.17572021484 868.258129119873 966.030658721924 976.639316558838 1011.55766296387 740.517669677734 724.312683105469 807.897872924805 651.365356445312 1268.63085174561 1441.08085632324 1781.00232696533 1670.9133605957 1075.36080932617 818.828483581543 948.715003967285 905.146789550781 829.685150146484 874.474830627441 694.537612915039 701.450065612793 745.5505027771 800.019683837891 626.558544158936
609.307975769043 1045.85354995728 800.290097475052 740.607376098633 918.717788696289 646.501953125 848.138336181641 679.524230957031 640.781707763672 913.094287872314 822.236724853516 869.260988235474 547.727447509766 553.131439208984 732.967144012451 679.031299591064 705.203810691833 730.346208572388 753.753456115723 670.609642386436 814.652313232422 632.244812011719 723.04076385498 649.485092163086 844.693907737732 890.766033172607 939.130888223648 876.465900421143 802.476621627808 672.717391967773 665.879043579102 886.632537841797 696.87956237793 1031.29135131836 1017.37180137634 855.412189483643 1006.25591850281 1316.42034912109 1557.27337646484 2046.26063537598 1162.75284576416 1002.60251617432 1005.11578369141 776.448543548584 722.563411474228 793.419570922852 713.935123443604 825.930961608887 813.961036682129 835.946853637695
592.590209960938 652.906921386719 625.062728881836 708.283920288086 1030.5189743042 634.372283935547 1162.7106628418 635.213455200195 868.514453887939 751.381671905518 692.903121948242 821.268520355225 610.858703613281 459.506896972656 636.656539916992 846.136428833008 722.43824005127 800.158031463623 803.783884048462 779.738079071045 840.231945037842 665.317737579346 722.309398174286 652.912788391113 690.248336791992 805.765449523926 1036.0640335083 812.258354187012 703.810211181641 670.702178955078 1985.62532043457 2811.30944824219 918.297136306763 934.971656799316 1129.11520004272 1039.06468200684 1259.36022949219 1281.83197021484 1127.59646224976 1245.35949707031 1164.00131988525 1300.14814758301 1296.0845489502 1338.30032348633 1370.85056686401 915.868427276611 944.905375480652 989.890975952148 939.767868041992 619.955253601074
368.527099609375 353.072158813477 513.442489624023 723.171284675598 848.459022521973 956.054443359375 623.227386474609 681.308090209961 1034.11512756348 579.067184448242 498.937271118164 823.668750762939 716.751861572266 539.002502441406 653.689635276794 806.893981933594 699.275745391846 633.485427856445 763.667644500732 812.973659515381 790.552315711975 870.243362426758 764.36209487915 736.668636322021 605.198486328125 795.769439697266 842.264495849609 860.319117337465 868.340766906738 751.993443489075 871.201881408691 2140.02704620361 906.18431854248 911.518754005432 1105.58518600464 1377.51258850098 1199.47001647949 1172.86126899719 1683.5626449585 1217.2052116394 1074.37841415405 1075.39137458801 1042.65539169312 1066.92859268188 1410.11512756348 1580.79189300537 1158.25102233887 1482.14479064941 1229.28525543213 1082.93539428711
462.344902038574 465.058475494385 394.347274780273 498.25260925293 935.036151885986 735.019996643066 639.032669067383 716.837860107422 645.974243164062 672.139701843262 714.01261138916 850.025786399841 673.696662902832 744.036207199097 616.657447814941 574.258361816406 545.940780639648 591.940521240234 506.078948974609 850.904655456543 612.452728271484 780.396436691284 801.753049850464 804.890640258789 737.507106781006 774.032600402832 707.767570495605 742.941268920898 934.730430603027 832.122480392456 629.898300170898 580.228118896484 697.988121032715 893.161670684814 946.310165405273 1128.69026184082 1165.92706298828 1154.70462036133 1455.45809936523 1165.05428314209 1239.72582817078 1320.18899536133 1031.5453414917 982.428956985474 1307.36540222168 1272.73933029175 1264.11521148682 1094.40224456787 1177.13037109375 1580.01633453369
643.52522277832 586.060302734375 573.25212097168 694.574005126953 391.817031860352 399.035400390625 560.405181884766 649.008708953857 648.428298950195 608.684867858887 497.596466064453 727.617919921875 854.236228942871 732.244373321533 799.521615982056 654.405014038086 566.612083435059 801.979804992676 686.777267456055 695.085993051529 698.850143432617 730.907917022705 766.078521728516 736.807571411133 717.974744796753 688.961109161377 786.172183990479 904.738212585449 875.485210418701 948.418037414551 655.204292297363 655.954330444336 919.575317382812 994.426483154297 936.75212097168 1161.67105102539 1184.93182373047 1261.6946105957 915.757999420166 944.146356582642 1290.18733978271 1502.67181396484 956.265075683594 831.266738891602 1292.53039550781 1334.848777771 961.275413513184 987.948307037354 1068.8664560318 1534.45524597168
740.617166519165 611.946487426758 633.714164733887 594.089279174805 628.214645385742 464.88890838623 399.787628173828 519.515173912048 660.517112731934 776.580924987793 775.336006164551 757.047264099121 790.860564231873 591.964588165283 612.280960083008 595.58512878418 760.623699188232 774.234222412109 628.357917785645 644.017677307129 677.575077056885 757.057479858398 682.842575073242 852.800960540771 763.394409179688 839.772285461426 649.231048583984 637.66569519043 837.489776611328 1001.46926879883 920.372814178467 983.519096374512 801.029983520508 903.948219299316 990.070419311523 941.941555023193 899.574317932129 1031.12393188477 974.615356445312 754.32373046875 868.775318145752 997.996608734131 946.905048370361 1012.87811279297 1029.6579284668 1159.96299743652 1049.03765106201 1006.03338241577 838.986885070801 1008.01473808289
838.592651367188 751.128225326538 789.71630859375 568.696395874023 659.063055038452 685.78409910202 662.746538162231 576.243459701538 722.17822265625 761.755250930786 753.235816955566 662.864883422852 1052.46380233765 750.921184539795 1002.45440673828 661.033828735352 527.421676635742 572.860275268555 804.023170471191 682.192588806152 604.446006774902 724.028497695923 723.328125 834.204322814941 720.814908981323 558.288787841797 649.140968322754 683.816665649414 1067.33050537109 1003.57580947876 1021.16775512695 975.449058532715 862.197326660156 859.200782775879 950.300430297852 1033.44123840332 964.044692993164 977.578491210938 878.352081298828 803.633163452148 794.341089725494 806.865114212036 902.891952514648 974.613479614258 867.13987159729 968.36457824707 862.686386108398 1124.75479125977 782.970404148102 911.524894714355
741.448610305786 798.990852355957 697.286834716797 610.516334533691 842.989074707031 606.143974304199 547.383392333984 437.414703369141 532.523315429688 601.255187988281 860.657367706299 736.219772338867 697.804656982422 814.63973325491 1435.59511375427 818.876068115234 718.668462753296 694.591979980469 740.943765640259 434.244812011719 598.606262207031 756.256214141846 721.25017952919 626.866897583008 724.615539550781 664.642038345337 734.222877502441 851.359268188477 941.390487670898 1020.02304077148 1127.39872741699 1005.00514221191 1110.53974914551 979.124786376953 1002.02897644043 1039.64956665039 896.580703735352 874.52978515625 780.775785446167 698.487606048584 807.369140625 802.678001403809 802.546991348267 869.79850769043 728.735511779785 920.66529083252 888.571304321289 904.97518157959 780.453241348267 805.414864063263
803.853004455566 642.287559509277 829.015869140625 728.731057167053 614.133743286133 727.794095993042 589.01749420166 588.63419342041 543.806756973267 495.082023620605 756.752515792847 675.727569580078 1052.38794708252 709.880279541016 767.142973899841 719.849594116211 704.769187927246 656.108032226562 597.370101928711 1354.89079284668 601.780952453613 737.546577453613 579.847869873047 845.161808013916 622.095062255859 700.231313705444 642.953584671021 766.034215927124 922.751892089844 798.263404846191 718.260028839111 1050.4133605957 997.975700378418 800.644207000732 841.360496520996 774.81224822998 885.187767028809 818.38009262085 773.37456035614 775.605255126953 883.36840057373 747.328533172607 706.85718536377 862.716217041016 855.579626560211 836.765144348145 953.819831848145 865.117218017578 951.722747802734 867.845428466797
949.597747802734 783.074584960938 693.651657104492 880.611183166504 753.852926254272 667.138053894043 615.357948303223 473.732421875 549.309368133545 495.549041748047 348.976135253906 979.075073242188 718.285285949707 661.58381652832 837.875442504883 655.149879455566 624.461151123047 504.489013671875 1194.64984893799 457.927474975586 629.618232727051 576.253959655762 571.303825378418 654.079696655273 747.831523895264 575.150360107422 890.272109985352 678.462179660797 822.661483764648 885.289978027344 765.879739761353 830.698226928711 812.685168266296 784.09684753418 782.878887176514 896.474578857422 836.305961608887 836.734489440918 885.21964263916 821.151920318604 713.753416061401 700.537006378174 787.249160766602 773.479163169861 906.450134277344 776.171867370605 855.036235809326 868.755905151367 761.615624427795 709.217376708984
859.970672607422 622.375305175781 792.627510070801 775.724548339844 683.13648223877 905.765769958496 644.293739318848 639.811264038086 661.856231689453 562.416210174561 659.874580383301 577.434192657471 620.435814857483 1065.28257751465 571.846038818359 588.17138671875 571.336654663086 746.90446472168 580.052490234375 601.04175567627 712.878437519073 536.25749206543 718.029895782471 596.983184814453 648.753189086914 674.780015945435 632.40225982666 619.380920410156 777.853988647461 569.557952880859 685.101177215576 630.193557739258 839.562698364258 904.586959838867 895.99072265625 850.645668029785 848.687545776367 793.671674251556 801.860876083374 764.687324523926 614.924865722656 828.441055297852 861.767967224121 804.788951873779 730.833381652832 645.733192443848 711.535110473633 985.810188293457 874.424222946167 935.133350372314
939.787200927734 767.776700973511 672.622406005859 760.886808395386 819.730457305908 877.492149353027 769.082662582397 656.760025024414 516.512298583984 568.110996246338 581.045944213867 617.769348144531 719.060911178589 547.743240356445 637.677139282227 839.607757568359 480.026565551758 593.703643798828 402.070556640625 546.834381103516 559.966888427734 666.166433334351 633.538993835449 778.590461730957 543.184524536133 527.610595703125 672.322906494141 708.994018554688 835.449432373047 684.529853820801 701.922218322754 781.210136651993 772.576141357422 705.063354492188 805.692081451416 880.653438568115 1020.20979309082 687.746505737305 1015.22618103027 1125.82092094421 782.545124053955 785.4186668396 785.663970947266 852.310167312622 650.633209228516 647.479454040527 730.517044067383 767.169658660889 1054.24664402008 841.885246276855
673.903053283691 944.066101074219 647.201133728027 709.984720110893 770.159388065338 703.823204040527 691.993837356567 747.70450592041 572.594779968262 494.774520874023 546.558670043945 654.497406005859 628.731117248535 783.566303253174 694.036624908447 688.038654327393 546.450592041016 660.759757995605 748.899940490723 606.101188659668 692.297054290771 684.495594024658 717.540260314941 704.181731700897 686.809600830078 679.971420288086 690.941528320312 709.298054695129 754.881958007812 673.572525024414 837.372665405273 840.13437461853 905.18957901001 857.737037658691 807.741238594055 1067.23355865479 762.578109741211 871.621583938599 925.930809020996 1043.91389465332 975.931445121765 1007.59275817871 810.57116317749 937.710754394531 780.978103637695 834.049911499023 554.021514892578 706.032806396484 670.099914550781 818.313446044922
844.997314453125 786.715213775635 754.168989181519 602.347114562988 749.807313919067 745.384604454041 552.846115112305 488.68766784668 543.979034423828 592.838749885559 649.810256958008 696.472358703613 617.256156921387 701.782779693604 725.979986190796 639.176025390625 611.528137207031 768.227434158325 601.68620300293 612.165870666504 647.632137298584 652.169227600098 596.878189086914 645.54736328125 673.198259353638 543.766693115234 759.651081085205 800.302238464355 662.891044616699 649.80895614624 751.654258728027 807.290603637695 690.837892532349 946.928622603416 1015.47595977783 718.879768371582 763.211921691895 964.222507476807 1060.2926940918 1046.45169258118 1194.9319229126 1195.9416847229 1013.15995788574 688.674377441406 803.316879272461 727.6630859375 825.887298583984 728.99506187439 810.321887969971 932.525726318359
879.35359954834 872.693817138672 808.938522338867 743.921946525574 763.052026748657 768.214996337891 425.763687133789 576.759655237198 674.70353937149 764.682960510254 698.325839996338 629.18628692627 667.111999511719 843.521949768066 638.451065063477 622.931571960449 584.433563232422 585.878707885742 585.687973022461 594.308181762695 728.114855766296 703.530547618866 595.90650177002 683.474036216736 599.773590087891 742.274963378906 634.833080291748 692.92626786232 827.847549438477 616.563110351562 640.309984207153 636.174842834473 645.666750431061 738.147338867188 661.665898323059 776.681015014648 823.367301940918 912.078437805176 998.94474029541 1144.18282318115 1205.03576660156 1017.40873718262 985.19359588623 981.97940826416 868.632057189941 755.516273498535 835.571128845215 780.645385742188 786.166931152344 1025.63048934937
