export/dem/dem100.asc
NCOLS 350
NROWS 171
XLLCORNER 152620
YLLCORNER 418050
CELLSIZE 100
NODATA_VALUE -9999
[rows 66 to 87 of 171, columns 50 to 99 of 350]
524.138374045491 492.644589543343 491.314441680908 449.888219833374 435.474539756775 283.828674316406 410.493534088135 526.418548583984 327.84130859375 307.324584960938 324.897575378418 371.978882789612 353.838899612427 408.053588867188 398.480804443359 351.780596256256 277.830799102783 353.13813495636 466.351020812988 378.86856842041 366.722086906433 377.825973033905 457.289398193359 380.559924125671 283.72785949707 290.092613220215 355.717203140259 256.436264038086 308.975212097168 425.369400024414 488.912620544434 310.626152038574 476.096496582031 527.071434020996 503.892517089844 474.402046203613 516.338684082031 400.582508087158 685.71598815918 600.423141479492 532.981307983398 531.959396362305 489.757541656494 393.46647644043 471.253303527832 433.173092365265 404.331073760986 299.736557006836 407.231098175049 429.776657104492
437.358901977539 522.080123901367 425.226546287537 361.463577270508 352.157424926758 367.007051467896 561.060997009277 205.16911315918 495.466278076172 387.813400268555 338.492287635803 327.622447967529 187.296524047852 479.958168029785 452.845054626465 425.58113861084 433.825897216797 375.852675676346 350.678218841553 412.762741088867 326.331295013428 405.074918746948 231.227447509766 397.613011360168 469.937118530273 276.454902648926 293.193138122559 236.915100097656 293.76097869873 388.329798698425 277.011207580566 468.190422058105 388.429627418518 311.603256225586 393.755388259888 430.418273925781 458.079296112061 584.941146850586 565.732315063477 529.292991638184 553.057426452637 373.01602935791 561.071304321289 375.450904846191 560.551918029785 430.889698028564 339.924674987793 253.97282409668 419.656814575195 422.123985290527
460.638687133789 548.760704040527 469.163419723511 356.204864501953 379.194543838501 382.726294517517 461.089912414551 445.510108947754 376.624373435974 403.950302124023 216.270004272461 481.364326477051 340.956247329712 396.050373077393 499.542633056641 503.290084838867 477.549858093262 433.850944519043 273.622955322266 338.743850708008 406.865695953369 378.258412122726 402.354423522949 476.22925567627 298.701217651367 442.437721252441 370.030891418457 335.233894348145 233.59489440918 292.55297088623 461.453643798828 350.944374084473 436.680728912354 343.878311157227 485.167900085449 402.057913303375 428.261711120605 464.538455963135 544.358322143555 483.389625549316 542.816688537598 540.280288696289 513.697265625 622.557037353516 325.946273803711 375.637359619141 383.582176208496 484.578619003296 384.549415588379 402.341369628906
528.737197875977 454.836822509766 560.799369812012 555.237503051758 318.738822937012 323.239078521729 476.277198791504 433.586051940918 305.856307983398 316.629508972168 322.424110412598 388.101142883301 351.124141693115 476.049331665039 418.080696105957 390.569658279419 570.739440917969 585.620574951172 458.034729003906 333.53918838501 395.916738510132 463.497413635254 345.427967071533 386.738535881042 325.031295776367 402.559285163879 378.41545009613 361.803455352783 421.634225845337 352.743137359619 404.158124685287 402.645037651062 353.123050689697 244.592163085938 396.947850227356 318.528442382812 415.679229736328 503.060768127441 417.592626571655 685.293365478516 496.506446838379 534.238121032715 453.365708351135 452.869169235229 416.813095092773 400.60228729248 387.60765838623 373.591384887695 456.407388091087 355.964172363281
426.97815322876 414.381717681885 400.146615982056 276.657653808594 364.834226608276 383.920325279236 369.622196674347 341.897419571877 240.93041229248 440.370536804199 252.866592407227 349.595338821411 327.393218994141 269.173118591309 377.008697509766 487.554962158203 651.318389892578 427.683883666992 496.387588500977 358.737399101257 327.337863922119 489.678253173828 436.661056518555 357.001916885376 382.600907325745 285.95263671875 377.091509819031 416.926971435547 417.726463317871 411.536972045898 434.975311279297 439.802276611328 279.957214355469 396.870134353638 447.126045227051 332.597702026367 328.138481140137 474.922325134277 311.762619018555 497.772445678711 503.857131958008 481.003528594971 427.122800827026 426.909927368164 461.777664661407 643.413818359375 434.223133087158 551.356201171875 325.299774169922 476.939065933228
305.266036987305 329.11149597168 430.005171775818 352.2541847229 385.535526275635 495.646331787109 280.649368286133 370.246120452881 400.153823852539 354.012809276581 264.312828063965 259.958549499512 215.196922302246 422.534187316895 327.591674804688 312.026531219482 410.420631408691 441.059555053711 563.009490966797 488.623733520508 217.05583190918 491.978065490723 304.065254211426 308.262668609619 420.31774520874 362.064155578613 356.400592803955 381.611497402191 354.472023010254 512.912414550781 467.551654815674 544.267242431641 343.066272735596 440.737138748169 479.384307861328 544.245147705078 483.375213623047 382.770477294922 307.470680236816 480.591251373291 343.20768737793 467.10863494873 649.991729736328 365.483253479004 491.643371582031 421.674293518066 462.996570587158 527.642784118652 493.056468963623 467.653202533722
399.940372467041 264.308990478516 344.494697570801 388.120013713837 430.885400772095 241.852813720703 352.691697120667 477.204078674316 374.398231506348 383.004550933838 357.723644256592 403.291862487793 383.874801635742 406.842109680176 499.362258911133 456.396697998047 415.600399017334 409.749061584473 514.451019287109 308.818229675293 304.796463012695 456.80322265625 354.005662918091 359.363787651062 490.464294433594 330.354320526123 386.749840259552 460.543228149414 570.513946533203 545.341659545898 463.893592834473 492.324661254883 528.877456665039 400.341070175171 344.549022674561 410.079271316528 493.809707641602 421.49910068512 473.338203430176 400.945388793945 364.512687683105 493.902870178223 334.518028259277 634.52751159668 437.571692466736 510.551013946533 326.933410644531 412.739635467529 522.22465133667 516.931652069092
402.940273284912 340.580024719238 521.366401672363 380.62283372879 353.229005813599 389.825778961182 361.77688574791 628.583801269531 419.957954406738 389.354801177979 481.982559204102 462.538047790527 340.758845329285 433.664810180664 327.111839294434 465.647720336914 283.67212677002 229.723617553711 359.684957504272 213.582931518555 333.959218978882 456.244506835938 459.165061950684 487.786964416504 490.772438049316 380.966684341431 462.13988494873 314.854156494141 480.346771240234 421.435829162598 456.858283996582 292.705993652344 266.46435546875 431.630680084229 303.746200561523 404.955261230469 477.261150360107 566.470169067383 503.247611999512 392.659858703613 499.965919494629 591.272918701172 425.690967559814 714.55500793457 488.33788394928 498.47900390625 506.367117881775 483.568161010742 438.491394042969 424.123252868652
244.661743164062 339.731048583984 334.464302062988 457.142387390137 391.879314422607 466.416862487793 289.26390838623 435.399742126465 487.648666381836 382.93536567688 469.210639953613 330.886520385742 387.588790893555 464.669944763184 388.937854766846 411.94356918335 389.301580667496 298.720733642578 440.368431091309 392.572601318359 254.47566986084 363.125149726868 239.930335998535 337.553291320801 414.001598358154 460.900245666504 300.460990905762 329.479740142822 400.666402816772 426.905715942383 417.523057937622 494.292366027832 303.258117675781 340.378440856934 284.278190612793 388.585663199425 635.521820068359 530.46248626709 351.764793395996 531.621765136719 307.590515136719 441.967949867249 582.510208129883 523.406352996826 554.930641174316 569.367027282715 552.453353881836 527.506139755249 571.906112670898 496.975175857544
420.302978515625 247.888824462891 267.318283081055 464.190032958984 482.665466308594 368.107250213623 350.866973876953 343.019035339355 306.410438537598 472.436920166016 295.907981872559 311.278881072998 334.363431930542 387.996036529541 538.438751220703 436.037055969238 421.870193481445 371.222246408463 217.149368286133 428.333457946777 276.128639221191 469.354682922363 411.206516265869 410.655059814453 425.444290161133 309.050834655762 318.410045623779 447.985748291016 404.655502319336 532.920913696289 521.533668518066 237.195449829102 326.270492553711 420.953598022461 512.616149902344 464.324035644531 396.689630508423 623.088134765625 502.826595306396 619.636352539062 403.429824829102 411.156593322754 510.923318862915 538.328437805176 352.118095397949 532.03141784668 341.336288452148 505.208885192871 421.99861907959 722.345001220703
611.24759054184 234.623962402344 300.400955200195 329.13591003418 375.478065490723 462.972999572754 342.135791778564 320.708766937256 325.293701171875 429.637962341309 395.64937210083 446.096015930176 395.182113647461 434.24584197998 464.487342834473 326.950374603271 348.960796356201 385.723550796509 369.614109992981 357.266429901123 468.706764221191 397.137340545654 192.884872436523 322.350967407227 329.120893478394 452.089996337891 377.201072692871 416.693630218506 366.219619750977 381.349964141846 555.062149047852 511.760627746582 451.892417907715 303.413391113281 409.996887683868 455.302680969238 504.472183227539 515.225143432617 403.306915283203 475.848709523678 420.153491973877 476.1001496315 417.742588043213 364.604972839355 402.450031280518 368.246368408203 578.954788208008 702.421356201172 487.638740539551 615.640909194946
490.498096466064 537.160537719727 352.764535903931 380.551290392876 425.574604034424 414.17991566658 426.767562866211 391.036994934082 459.297401428223 580.756332397461 480.241989135742 536.336090087891 394.399730682373 241.649429321289 500.939880371094 340.242490768433 335.848318099976 422.828121185303 360.997173309326 411.906433105469 348.217400550842 408.665683746338 271.412422180176 309.554710388184 293.743270874023 434.668994903564 410.113466262817 375.093761444092 536.822875976562 478.010581970215 438.716205596924 524.992500305176 489.363746643066 354.652870178223 524.501106262207 464.032668113708 343.182418823242 679.320266723633 591.997009277344 538.615230560303 556.605175018311 546.641613006592 383.730922698975 333.672187805176 442.19701385498 669.99479675293 494.25838470459 708.908462524414 472.377812385559 641.442916870117
405.831260681152 263.297584533691 351.042024612427 395.406572341919 414.547687530518 342.051975250244 351.299617767334 411.869270324707 392.077800750732 448.390815734863 450.00089263916 498.294296264648 420.42041015625 539.369689941406 558.804122924805 381.126728057861 393.275959014893 299.931495666504 346.238219916821 355.125497817993 383.071449279785 219.729598999023 416.246181488037 347.068635940552 230.705642700195 347.709095001221 379.965263366699 399.981099128723 456.899887084961 334.119697570801 419.456439971924 383.802760124207 532.659599304199 533.27188873291 562.352256774902 499.367954611778 539.424026489258 466.17594909668 513.206760406494 633.98713684082 517.053861141205 374.712707519531 368.909385681152 773.808498382568 517.563529968262 595.494552612305 393.41828918457 273.068206787109 633.178642272949 632.392900466919
278.990634918213 383.09593963623 320.096646308899 458.62100982666 501.37476348877 537.056182861328 442.778381347656 431.946632385254 399.394332885742 498.156860351562 440.841331481934 590.593368530273 456.860343933105 297.659088134766 421.168014526367 270.38053894043 343.809146881104 216.591201782227 289.935958862305 473.587203979492 364.539258003235 151.685882568359 328.393264770508 306.539436340332 512.803741455078 362.877416610718 417.899814605713 251.127655029297 319.431602478027 316.582916259766 477.306800842285 352.914817810059 535.927558898926 464.001623153687 515.60962677002 424.338027954102 415.551513671875 533.786403656006 363.434020996094 483.930995941162 677.820999145508 425.765327453613 891.469696044922 483.633911132812 591.20486831665 522.575347900391 762.164901733398 745.637573242188 685.377548217773 744.787788391113
543.650569915771 349.212226867676 430.125812530518 393.858716964722 350.325487136841 405.921981811523 446.521636962891 371.462434768677 422.780334472656 409.807964324951 531.272384643555 387.65412902832 465.892997741699 438.765914916992 443.666374206543 261.815185546875 371.169292926788 130.990295410156 298.833564758301 307.731966018677 295.076080322266 344.439430236816 271.789207458496 273.268692016602 284.087181091309 423.168079376221 472.111389160156 272.970481872559 312.997039794922 340.807178497314 428.555389404297 318.880325317383 420.047587394714 426.728935241699 328.182556152344 440.011262893677 452.510394692421 550.928272247314 392.213577270508 536.240882873535 549.964372634888 548.976849555969 839.508002281189 332.112182617188 451.615447998047 518.135812759399 705.660133361816 629.890754699707 646.414245605469 672.354286193848
292.718711853027 390.928798675537 274.307384490967 437.012889862061 469.551452636719 500.469345092773 419.366561889648 293.528873443604 369.147941589355 528.060485839844 402.506618499756 429.140510559082 289.027893066406 305.856784820557 396.282939910889 155.069274902344 406.89395904541 252.425254821777 302.742340087891 306.496688842773 277.443977355957 265.39786529541 313.950637817383 295.81884765625 450.679454803467 337.807167053223 456.993690490723 502.274383544922 382.264258384705 525.393165588379 324.182945251465 354.948616027832 376.171382904053 334.872413635254 540.360343933105 527.678340911865 424.981575012207 515.908579349518 400.78589630127 540.449043273926 851.542693138123 547.369218826294 678.354965209961 768.398010253906 407.640182495117 516.930641174316 512.849650382996 622.940254211426 606.043128967285 511.267958641052
434.889892578125 214.860176086426 230.009056091309 352.170412063599 391.634824752808 482.942916870117 452.867866516113 423.585716247559 407.240245819092 423.409187316895 320.09393119812 417.469276428223 477.477066040039 442.770561218262 291.172386169434 353.756280422211 335.218849182129 255.409660339355 219.840286254883 138.269195556641 358.527925491333 349.145919799805 322.867500305176 313.302635192871 439.660339355469 396.129825115204 365.976657867432 370.862791061401 407.190551757812 417.242545127869 376.811981201172 325.092041015625 506.526519775391 530.244621276855 448.093198023736 442.426446914673 595.03101348877 530.80152130127 693.405544281006 826.047775268555 698.139030456543 421.936904907227 565.972694396973 569.038116455078 545.827186584473 585.401145935059 478.623208999634 514.436390280724 581.462505340576 592.14070892334
466.548477172852 331.023288726807 375.063091278076 265.073505401611 418.820560455322 210.506240844727 419.329086303711 411.528327941895 444.295745849609 469.760246276855 340.863827705383 496.843353271484 576.067443847656 416.589561462402 362.510776519775 273.224594116211 185.013214111328 267.153663635254 336.738658905029 394.205181121826 243.06608581543 241.07633972168 292.507965087891 400.061461448669 517.492446899414 500.535598754883 437.666796684265 366.256099700928 383.190954208374 309.200721740723 337.366245269775 509.541694641113 216.735733032227 302.106704711914 508.088638305664 493.958478927612 597.146179199219 601.783462524414 590.354671478271 464.480545043945 454.468519210815 378.020454406738 459.735862731934 445.325588226318 742.395111083984 600.346144199371 653.11111831665 501.309211730957 605.792981147766 782.651840209961
344.824123382568 396.461393356323 320.947372436523 340.589354038239 409.688488006592 386.26390838623 402.521781921387 393.050754547119 361.604846954346 488.622085571289 567.421752929688 474.745986938477 391.709476470947 323.045530319214 462.159248352051 341.242432594299 336.669938087463 345.04801940918 401.237884521484 236.427612304688 218.352462768555 391.699926376343 397.960563659668 315.164611816406 346.271671295166 354.201126098633 320.325424194336 485.221138000488 470.874137878418 317.934356689453 369.426750183105 408.839311599731 408.116355895996 408.299171447754 376.383888244629 368.274681091309 592.918487548828 519.874641418457 453.861686706543 655.19539642334 359.457885742188 456.371482849121 612.546737670898 646.839328765869 443.503768920898 656.089057922363 644.571006774902 704.750785827637 708.440940856934 709.967632293701
517.493995666504 368.840056419373 455.440105438232 442.439624786377 450.365409851074 346.33521938324 353.689159393311 308.270023345947 487.367210388184 491.469055175781 415.576889038086 531.748291015625 537.324249267578 397.531829833984 417.380577087402 459.383270263672 445.655166625977 556.504501342773 362.736618757248 209.746597290039 196.628204345703 188.354919433594 242.436920166016 243.723571777344 431.512554168701 434.894081115723 337.706214904785 430.988558769226 294.310974121094 299.698272705078 494.519844055176 399.517208099365 401.461780548096 508.300777435303 338.277534484863 488.298526763916 516.991405487061 422.889022827148 508.300407409668 409.53734588623 548.564601898193 538.485847473145 585.900026321411 607.585911750793 491.737854003906 -9999 -9999 846.283851623535 624.191131591797 1007.31298828125
271.318954467773 442.502235412598 287.532112121582 363.389232635498 357.505958557129 386.744598388672 575.693771362305 401.039367675781 451.133834838867 321.851612091064 354.021987915039 377.199909210205 283.50008392334 393.260509490967 495.905639648438 438.605781555176 417.593788146973 450.665641784668 388.180110931396 380.510902404785 420.270587921143 391.204849720001 422.022579193115 247.929656982422 368.663673400879 531.253227233887 252.157516479492 346.942909240723 305.962585449219 327.400970458984 439.520678520203 495.815368652344 441.681629180908 319.807144165039 335.475082397461 861.700956344604 513.570831298828 398.602966308594 439.927131652832 352.108169555664 462.661026000977 558.415626525879 -9999 -9999 -9999 -9999 -9999 -9999 -9999 -9999
393.874197006226 318.868003845215 455.337009429932 383.418632030487 495.822021484375 434.388252258301 432.896286010742 228.265182495117 412.670440673828 365.308061599731 355.041401863098 438.097373962402 499.174575805664 420.42098236084 488.369567871094 369.642596244812 320.073711395264 297.251884460449 450.766609191895 406.527231216431 291.79377746582 375.484705924988 384.164129257202 273.691909790039 342.142333984375 364.240268707275 353.92361831665 415.281315803528 263.338287353516 264.476181030273 255.931167602539 512.046447753906 491.283037185669 409.951461791992 441.733394622803 428.073669433594 549.834358215332 532.948471069336 333.641510009766 443.932571411133 545.824909210205 -9999 -9999 -9999 -9999 -9999 -9999 -9999 -9999 -9999
