export/dem/dem13.asc
NCOLS 350
NROWS 171
XLLCORNER 152620
YLLCORNER 418050
CELLSIZE 100
NODATA_VALUE -9999
[rows 66 to 87 of 171, columns 50 to 99 of 350]
562.54235458374 478.043214797974 406.493480682373 392.988777160645 636.620712280273 400.57509803772 399.183670043945 304.740592956543 404.704849243164 336.357147216797 432.075496673584 458.352928161621 428.01863861084 463.560089111328 385.943363189697 455.015258789062 261.284530639648 297.779777526855 360.289993286133 478.849235534668 489.423492431641 444.12064743042 424.007362365723 321.874816894531 478.305549621582 490.429725646973 413.775527954102 422.221351623535 391.31173324585 456.845527648926 541.443466186523 371.691947937012 418.856960296631 355.668598175049 445.584716796875 484.376178741455 387.003922939301 456.432640075684 494.690250396729 358.94384765625 340.16487121582 443.411292076111 398.795852661133 400.170639038086 408.347415924072 394.71618270874 438.768029212952 492.312858581543 361.596885681152 502.688926696777
391.366386413574 391.580055236816 386.610095977783 548.878684997559 456.037261962891 486.121711730957 408.927085876465 304.867538452148 308.010292053223 358.950134277344 415.647583007812 565.318801879883 520.132171630859 451.21556854248 410.982290267944 327.230965852737 392.670169830322 395.604383468628 339.518306732178 460.898315429688 630.646759033203 298.558929443359 427.880241394043 524.761154174805 475.000007629395 497.739799499512 396.022688865662 374.902610778809 479.630699157715 476.139556884766 497.982559204102 383.556016921997 405.528959989548 488.61856842041 432.134733200073 291.118690490723 334.505966186523 545.154479980469 314.768966674805 376.157047271729 353.489929199219 306.039459228516 527.848587036133 269.745162963867 327.976333618164 458.698729038239 401.994277954102 399.148273468018 435.154742717743 503.196250915527
626.07243347168 562.95044708252 542.103515625 550.394317626953 482.150947570801 394.507137298584 247.293746948242 323.609683990479 259.118019104004 312.585577011108 208.123413085938 447.097373962402 414.98921585083 503.937286376953 468.512596130371 278.845970153809 336.629354476929 475.377044677734 413.297222137451 393.085845947266 457.691909790039 200.995712280273 397.117516517639 360.721546173096 395.930786132812 367.382171630859 381.47988653183 386.707468032837 411.837757110596 275.413139343262 529.834762573242 506.628608703613 388.420181274414 405.052778720856 426.606731414795 518.698875427246 342.361141204834 334.422897338867 363.276527404785 277.048248291016 340.447494506836 316.55632019043 464.768817901611 224.193695068359 590.323822021484 331.427528381348 517.100296020508 452.358375191689 432.318862915039 555.777412414551
449.28754234314 542.15291595459 350.393928527832 364.560073852539 277.02848815918 396.412621498108 287.874244689941 356.914905548096 298.599437713623 336.301658630371 395.46753692627 281.938491821289 513.358039855957 472.666526794434 452.42798614502 478.896881103516 492.637100219727 563.1708984375 461.54313659668 287.193252563477 307.72384262085 441.706954956055 379.407431364059 416.454708099365 377.591745376587 417.544172286987 394.577665328979 353.565032958984 302.891960144043 405.621397972107 447.538627624512 220.901748657227 469.307876586914 509.678558349609 405.343413829803 266.931190490723 377.368183135986 282.627792358398 263.975341796875 396.243019104004 255.847763061523 265.174606323242 332.317962646484 467.911943435669 345.948577880859 480.051198005676 558.493629455566 347.145027160645 475.102987289429 510.738800048828
522.195995330811 465.921203613281 472.465648651123 325.305130004883 307.579216003418 448.468200683594 275.823097229004 354.002582550049 279.903617858887 294.067890167236 311.874580383301 274.339874267578 457.822578430176 382.447853088379 219.092559814453 427.270034790039 461.851844787598 391.157937645912 450.363594055176 469.597122192383 306.920585632324 343.705940246582 390.950183868408 350.114767074585 458.172317504883 330.575298309326 435.847919464111 405.404417037964 351.622575759888 461.265647888184 430.147659301758 412.417356491089 385.272382736206 477.813056945801 318.261558532715 409.249147415161 361.840908050537 398.437420845032 382.285743713379 466.827396392822 460.256332397461 368.263568878174 379.817714691162 517.320640563965 464.956292152405 597.062652587891 495.627635955811 429.857471466064 567.190040588379 523.565711975098
413.699821472168 396.237453460693 379.844955444336 351.174259185791 417.774766921997 489.454742431641 286.591087341309 316.959499359131 342.833303451538 387.410636901855 246.440299987793 316.999046325684 296.149684906006 455.574745178223 383.916851043701 471.665367126465 411.014303207397 239.980735778809 424.308753967285 202.610153198242 406.139465332031 493.877174377441 455.822273254395 472.46955871582 435.501884460449 305.217880249023 257.930557250977 297.303047180176 314.740356445312 409.489368438721 434.075252532959 410.385997772217 429.514804840088 436.27748298645 490.325485229492 451.598663330078 358.278297424316 439.088580131531 538.097518920898 508.285118103027 464.300584793091 404.950687408447 405.814735412598 458.497387647629 501.476348876953 384.814712524414 485.315383911133 599.042449951172 382.317413330078 614.883911132812
455.585915565491 293.685409545898 482.410415649414 378.052472114563 379.284286499023 297.779258728027 331.509876251221 223.637298583984 316.654438018799 328.033611297607 361.74047088623 396.319328308105 369.760633468628 360.400033950806 369.039175033569 342.532348632812 324.487071990967 314.624568939209 403.118448257446 464.428787231445 288.113792419434 325.552631378174 296.876564025879 345.49938583374 405.623455047607 396.171754837036 412.559543609619 577.362686157227 313.720077514648 416.808479309082 384.705423355103 664.185363769531 592.563262939453 630.923797607422 448.996616363525 366.641693115234 394.866073608398 459.687379837036 406.718593597412 438.527927577496 449.038496017456 402.041667938232 323.352935791016 588.461013793945 451.53401184082 350.141540527344 507.012599945068 485.327839851379 452.597308158875 571.419776916504
387.557899475098 594.625289916992 378.233699798584 472.413665771484 527.89436340332 379.951348781586 450.020660400391 467.362144470215 346.536374092102 252.823448181152 284.264770507812 483.749526977539 455.775886535645 314.154193878174 500.596115112305 466.982772827148 425.3056640625 453.415985107422 395.570636749268 431.701663970947 323.181648254395 269.313781738281 322.702312469482 245.583801269531 374.583895564079 216.09587097168 212.548233032227 360.488291740417 450.082298278809 453.492446899414 342.544904708862 450.586715698242 380.805474758148 556.283737182617 355.475894927979 334.66561126709 470.109390258789 569.946517944336 508.164123535156 382.238842010498 562.464141845703 440.851991653442 384.233993530273 339.369804382324 345.517868041992 541.346305847168 554.727077484131 446.177757263184 511.673543930054 427.155174255371
301.822975158691 429.530910968781 387.353021621704 460.402984619141 451.527328491211 282.38973236084 314.28023147583 499.496231079102 319.692611694336 232.250930786133 349.892400741577 325.013338088989 232.522918701172 257.283241271973 335.274030685425 417.071575164795 419.513708114624 298.419700622559 525.607040405273 435.635612487793 367.390339851379 314.694393157959 447.923835754395 483.65055847168 316.848625183105 446.212249755859 190.782409667969 528.792388916016 407.652624130249 500.753784179688 341.825096130371 385.363971710205 340.895057678223 447.559856414795 386.704919815063 349.361404418945 437.897434234619 427.755332410336 460.690299987793 526.926162719727 590.252822875977 442.944696426392 523.94263458252 485.769740104675 465.757926940918 433.130779266357 617.106010437012 468.609718322754 437.870101928711 467.471439361572
565.310935974121 528.811195373535 409.009548187256 511.578048706055 495.949836730957 425.206764221191 370.545823097229 342.643253326416 356.614462137222 374.339361190796 368.60976600647 327.987731933594 307.229080200195 325.164138793945 404.296997070312 437.900856018066 309.547401428223 468.893737792969 363.642590522766 346.778026580811 363.134583473206 459.056686401367 387.951616287231 360.57909488678 410.351863861084 402.464347839355 383.936465501785 521.172058105469 436.632865905762 501.453666687012 382.138460159302 269.970420837402 298.335517883301 212.627487182617 173.288604736328 261.781829833984 216.584915161133 370.64762878418 430.662133216858 468.290734797716 525.316051483154 550.225090026855 535.806201934814 515.614948272705 491.106899261475 380.29328918457 576.275169372559 507.268520355225 351.876205444336 766.26237487793
704.988128662109 327.647914886475 425.22660446167 427.428787231445 354.751480102539 398.283092498779 304.690116882324 390.697860717773 253.141937255859 278.021915435791 290.88786315918 373.551448345184 341.42329120636 323.447052001953 368.73853302002 343.039560317993 415.044651031494 441.949676513672 410.408538818359 493.338188171387 298.617252349854 334.342995643616 298.308387756348 429.909824371338 381.140705108643 220.076858520508 476.928665161133 390.550880432129 528.748779296875 293.865539550781 312.786529541016 441.962635040283 411.69572019577 321.357772827148 432.231472015381 387.149002075195 554.268081665039 426.266586303711 658.810195922852 502.139078140259 658.738998413086 466.865002155304 451.177213668823 372.610107421875 568.215866088867 419.815307617188 804.656311035156 875.338979721069 521.05876159668 647.152805328369
509.851997375488 514.51485824585 340.761198043823 438.182228088379 334.410049438477 539.96004486084 407.65026473999 393.003276824951 270.235549926758 382.820801734924 523.582427978516 321.195133209229 293.154735565186 398.057266235352 439.43212890625 451.473320007324 365.484671592712 437.026206970215 305.756057739258 407.096733093262 331.990100860596 463.855308532715 497.136169433594 406.947460174561 420.649543762207 334.655086517334 315.840408325195 378.100800037384 346.324893951416 339.558143615723 367.945297241211 307.17960357666 212.873001098633 165.97526550293 270.010528564453 401.550876617432 422.397032737732 376.790313720703 560.364570617676 518.881582260132 636.368804931641 445.153305053711 295.009857177734 424.586477279663 411.371562957764 778.734573364258 538.182273864746 649.004867553711 539.306709289551 700.495216369629
496.705827713013 385.339256286621 412.356246948242 357.253074645996 496.602073669434 477.492729187012 492.481704711914 367.817749023438 371.791404724121 427.076099395752 333.82893371582 453.811630249023 278.599555969238 275.302490234375 312.91170501709 282.81143951416 129.969329833984 518.597091674805 340.086062431335 302.251617431641 397.189220428467 477.445663452148 356.40306854248 368.682257175446 409.944316864014 295.76326751709 394.540773749352 363.80345916748 273.375305175781 428.873672485352 248.977920532227 321.001457214355 418.146772861481 335.497848510742 394.160514831543 469.324853897095 530.858276367188 649.932464599609 499.566358566284 473.583322525024 634.320693969727 557.44571685791 501.437553405762 611.187377929688 568.029205322266 660.321411132812 455.112672805786 584.282852172852 632.46337890625 739.862060546875
434.349540710449 382.50989151001 581.784332275391 432.977394104004 538.026458740234 624.68782043457 350.774118423462 313.227226257324 330.040985107422 295.082973480225 400.299892425537 434.247402191162 260.954437255859 291.759559631348 352.10134601593 272.587425231934 440.218490600586 535.720321655273 298.527084350586 448.113586425781 321.815536499023 260.212135314941 397.354600906372 329.498912811279 432.196615219116 439.021335601807 359.119535446167 458.55309677124 444.862651824951 379.31665802002 484.855712890625 388.442827224731 308.457656860352 330.16569519043 356.562995910645 309.798614501953 300.303573608398 403.807327270508 529.102996826172 564.302143096924 597.381031036377 440.234672546387 832.078658103943 743.540512084961 650.935527801514 654.584585189819 577.492919921875 566.00486946106 437.496696472168 571.97696685791
476.779312133789 374.474632263184 392.876035690308 442.549850463867 401.808446884155 537.176895141602 380.223085403442 398.194133758545 340.904638171196 423.412139892578 225.371200561523 401.471668243408 336.713275909424 363.56189250946 261.620048522949 217.118392944336 396.387088775635 294.648460388184 316.415447235107 353.32648563385 399.09338760376 446.63497543335 170.903427124023 475.876663208008 430.956478118896 432.79541015625 431.622341156006 443.782562255859 443.723583221436 355.199844360352 414.019500732422 270.131439208984 303.137054443359 389.945602416992 392.309120178223 461.159405469894 474.663883209229 398.356307983398 498.151605606079 582.418914794922 538.425623893738 513.382400512695 896.672676086426 310.348098754883 507.034782938659 373.386856079102 628.597608327866 551.868588924408 445.718536376953 479.015670776367
460.955902099609 357.702200889587 351.300031661987 433.199607849121 400.55387878418 360.881130218506 339.377536773682 439.67504119873 308.043521881104 360.355427265167 493.239639282227 297.235244750977 330.754428863525 208.605194091797 260.214920043945 273.392242431641 474.193565368652 233.436233520508 205.968063354492 410.837436676025 503.152084350586 295.598587036133 264.036331176758 282.724884033203 519.761138916016 470.71118927002 363.291570663452 556.049728393555 407.679565429688 427.54274559021 304.728569030762 372.048297405243 364.578727722168 302.179016113281 512.875114440918 356.057304382324 314.571136474609 352.532684326172 349.011871337891 650.231986999512 922.188514709473 414.253875732422 813.714950561523 649.202743530273 506.328734755516 587.919647216797 474.477436065674 424.584922790527 455.010200500488 522.366345882416
418.569995880127 443.67724609375 255.375152587891 227.385925292969 367.421986103058 305.595901489258 466.783309936523 435.132499694824 421.410179138184 322.325227737427 311.676864624023 439.967323303223 336.253204345703 413.025100708008 338.810778617859 435.545440673828 378.581797122955 496.970596313477 369.589608609676 324.85578918457 338.983253479004 304.076988220215 532.863739013672 355.468788146973 430.385921478271 408.013055801392 504.42456817627 398.067055940628 403.619420051575 447.70280456543 304.967185974121 413.826186209917 362.506805419922 382.308395385742 382.550727844238 301.571823120117 373.476684570312 437.633224487305 696.088230133057 548.43692779541 630.462242126465 420.362987518311 416.621204376221 577.976051330566 347.21907043457 433.992290496826 506.379392147064 507.365177154541 597.950378417969 487.974151611328
414.269713640213 416.93004989624 368.883327484131 354.300617218018 401.711143493652 256.506149291992 373.551216125488 368.316771507263 383.573043823242 470.785499572754 459.431503295898 350.113974571228 191.518295288086 408.024593353271 328.418790817261 207.256408691406 303.042549133301 379.650544166565 302.729675292969 315.274208068848 435.999656677246 402.58500289917 248.088340759277 429.160842895508 383.629222869873 238.436401367188 378.323387145996 513.082305908203 358.101364135742 289.388603210449 485.745147705078 393.136703491211 332.530029296875 576.03978729248 327.945281982422 387.725646972656 398.547760009766 700.033375740051 551.704139709473 515.841781616211 459.501863479614 451.31156539917 525.424243927002 398.107711791992 628.573644638062 526.6923828125 712.810729980469 561.594032287598 538.087684631348 523.821601867676
412.330837249756 332.938034057617 387.79369354248 359.683626174927 440.438446044922 338.454282045364 285.958536148071 342.735409736633 327.978321075439 418.153232574463 154.267486572266 377.130805969238 282.647155761719 459.985717773438 342.653159618378 260.501953125 307.703548431396 310.419055938721 454.662307739258 461.245567321777 399.452966690063 496.958267211914 350.963579177856 311.89720916748 489.877151489258 397.133600234985 365.213531494141 478.0224609375 331.335578918457 414.246048927307 378.410751342773 419.050772666931 420.7523021698 415.040538787842 404.198295593262 226.455078125 502.380798339844 523.372287750244 734.733123779297 679.722511291504 524.526260375977 502.318544387817 574.475551605225 504.06803894043 545.250839233398 434.48600769043 530.774475097656 688.759223937988 641.106830120087 631.280881881714
370.150032043457 426.619319915771 387.730710506439 498.150650024414 619.208862304688 355.390424966812 253.495380401611 98.4270629882812 190.414627075195 392.495469093323 255.255767822266 350.154831886292 320.041721343994 340.248935699463 313.435607910156 445.91561126709 561.750640869141 553.122329711914 510.41096496582 476.441436767578 375.292368531227 582.495681762695 465.315498352051 413.842166900635 519.551460266113 400.974453687668 536.704147338867 533.612518310547 504.636116027832 430.175939559937 375.967056274414 448.730550765991 407.946990966797 403.842697143555 325.299072265625 418.365955352783 361.052841186523 511.736377716064 610.633567810059 547.956436157227 615.980308532715 668.569488525391 560.752574920654 404.173263549805 619.837255954742 -9999 -9999 850.18522644043 697.252780914307 1017.10260009766
261.701614379883 424.880447387695 500.369445800781 407.574169158936 354.798006057739 443.602317810059 328.085788726807 166.479919433594 168.129730224609 381.756315231323 369.516054153442 281.095413208008 330.370866775513 282.744102478027 293.608829498291 496.919799804688 403.95756149292 416.906433105469 506.924438476562 578.82405090332 478.633155822754 452.417285919189 505.099235534668 567.012619018555 435.964576721191 414.080581665039 548.280303955078 393.732217788696 520.555198669434 402.38934135437 434.301921844482 384.133041381836 343.389656066895 386.11442565918 351.278503417969 772.211685180664 595.513533592224 532.923553466797 412.197227478027 539.616836547852 653.312568664551 689.410102844238 -9999 -9999 -9999 -9999 -9999 -9999 -9999 -9999
430.501638412476 293.49193572998 420.129217147827 490.717666625977 292.740921020508 354.472463607788 202.187225341797 216.756996154785 190.346130371094 182.303726196289 301.76326751709 205.741973876953 360.99705696106 440.010185241699 264.753532409668 446.261932373047 369.16961145401 448.674201965332 515.253158569336 558.425857543945 671.597564697266 405.177526473999 604.740493774414 305.17903137207 449.687320709229 520.933288574219 298.579650878906 534.789245605469 543.504623413086 486.67847442627 512.630920410156 489.278156280518 483.854801177979 484.943314552307 378.466354370117 529.807712554932 488.362266540527 503.205703735352 448.455669403076 518.75456237793 675.03889465332 -9999 -9999 -9999 -9999 -9999 -9999 -9999 -9999 -9999
