export/dem/dem15.asc
NCOLS 350
NROWS 171
XLLCORNER 152620
YLLCORNER 418050
CELLSIZE 100
NODATA_VALUE -9999
[rows 66 to 87 of 171, columns 250 to 299 of 350]
657.616918563843 615.985583305359 520.93620300293 514.390693664551 649.072012901306 572.365432739258 552.651092529297 513.059112548828 649.709694862366 719.853904724121 783.404647827148 584.794769287109 734.411422729492 637.178520202637 664.698623657227 607.416706085205 741.052429199219 745.154716491699 729.137201309204 784.381568908691 821.602020263672 911.387359619141 704.788238525391 721.942842483521 710.338501930237 790.687255859375 639.614456176758 819.84504699707 726.508462190628 530.762557983398 541.871795654297 727.530497550964 848.266616821289 848.58576965332 866.200500488281 748.813714981079 797.732578277588 778.538230895996 801.161315917969 818.928535461426 826.819316864014 636.922866821289 647.671966552734 687.304527282715 701.38924407959 630.012153625488 703.692695617676 735.090444564819 694.603462219238 1023.08088684082
619.617448806763 611.037157058716 720.305198669434 681.224294662476 629.70631980896 606.587696075439 865.708374023438 642.475947380066 566.804527282715 725.503379821777 553.200660705566 545.739524841309 564.47721862793 706.886085510254 715.320785522461 610.861362457275 626.044452667236 779.366134643555 734.125747680664 620.318088531494 656.037548065186 808.325538635254 786.689727783203 767.29874420166 759.093029022217 679.175752639771 783.255386352539 767.619903564453 599.789115905762 729.324438095093 502.607177734375 723.127597808838 563.335006713867 905.424011230469 804.630393981934 821.604026794434 746.433547973633 814.283966064453 764.225452423096 779.023929595947 957.895065307617 921.246513366699 835.569660186768 760.170414924622 681.679298400879 685.725929260254 615.858108520508 785.506616592407 789.890382766724 750.92083978653
772.415031433105 750.747917175293 726.480598449707 670.089504241943 688.00492477417 670.50372505188 620.23927116394 640.729140758514 551.797203063965 580.443695068359 663.666140556335 582.737487792969 664.257651805878 684.68874168396 723.928863525391 642.863731384277 642.531502723694 706.978843688965 765.242416381836 678.529537200928 929.176223754883 649.495235443115 721.567840576172 704.485577106476 757.355403900146 791.815780639648 741.344728469849 785.104446411133 574.179382324219 645.123352050781 785.142105102539 821.041870117188 621.866561889648 687.746255874634 586.899810791016 737.391401290894 651.98030090332 714.25020980835 690.987998962402 663.470741271973 723.477771997452 801.865684509277 1012.73975372314 1369.0636138916 702.265151977539 764.727155506611 615.143371582031 683.818408966064 810.092182159424 688.533843994141
626.680395126343 659.188457489014 681.911706924438 629.766084134579 545.932098388672 604.732069015503 542.158332824707 675.85684967041 542.705444335938 623.675811767578 608.348003387451 741.196243286133 574.425918579102 675.915203094482 621.87574005127 617.806903839111 520.205612182617 591.240310668945 631.283420562744 597.544387817383 784.502265930176 732.081485748291 587.261566162109 713.371826171875 605.999961853027 727.697257995605 675.915513038635 905.908386230469 745.005729675293 825.665100097656 788.189300537109 811.296752929688 465.00178527832 710.403956890106 759.106758117676 843.90225982666 739.556415557861 744.718597412109 635.496231079102 817.869819641113 707.203544616699 686.590797424316 664.815761566162 714.430015563965 827.714910507202 1271.70419311523 732.333072662354 739.559585571289 656.709312438965 776.741058349609
665.051868438721 744.456581115723 551.434371948242 564.39045715332 550.729667663574 598.39793586731 521.351791381836 739.858322143555 739.048683166504 630.718529820442 650.163032889366 672.257936477661 445.544067382812 526.135902404785 488.540588378906 581.085052490234 641.813514709473 601.882339477539 549.389953613281 715.759590148926 704.520601272583 613.04524230957 663.358141899109 500.589736938477 700.832691192627 647.669044494629 631.621994018555 862.119018554688 565.61759185791 678.198291778564 672.691690921783 598.621520996094 642.993541717529 656.391189575195 613.882316589355 770.405200958252 797.246711730957 858.455795288086 698.600929260254 570.743515014648 775.641988754272 837.385517120361 850.401382446289 803.656608581543 732.655204772949 722.046195983887 904.928771972656 1209.6196975708 909.167778015137 767.543823242188
694.147239685059 744.804054260254 626.711267948151 595.094764709473 609.092702865601 572.508102416992 711.296241760254 693.931869506836 642.279666900635 620.195554733276 618.067539215088 663.623870849609 668.382930755615 676.821260452271 550.811332702637 526.094207763672 643.598449707031 637.243734359741 633.758324980736 784.282470703125 611.452575683594 693.145389556885 869.595520019531 867.5478515625 509.393844604492 753.412942886353 707.579797744751 688.815858840942 668.056352615356 634.487289428711 620.768264770508 636.880233764648 569.488037109375 634.314979553223 601.659828186035 479.735168457031 735.932291030884 599.40495300293 802.397937774658 886.015625 604.434646606445 678.53833770752 833.464572906494 809.003955841064 587.843635559082 1042.94683837891 527.682769775391 777.858761787415 725.663246154785 592.733558654785
786.130645751953 571.792655944824 724.116470336914 692.568092346191 649.002300262451 707.900775909424 718.708438873291 582.222156524658 580.819496154785 615.805697441101 586.830436706543 621.828893661499 662.826622009277 609.247856140137 643.698917388916 730.436073303223 567.343872070312 747.191398620605 759.52320098877 597.39080619812 554.448593139648 765.057210922241 748.643760681152 828.776443481445 731.414657592773 613.935752868652 702.016211509705 552.363418579102 702.032104492188 723.774658203125 685.028160095215 826.850814819336 648.222671508789 651.313804626465 678.561408996582 660.828163146973 666.476051330566 853.695495605469 739.384219646454 697.614253997803 844.953704833984 1227.65703582764 727.745727539062 804.306943893433 574.572418212891 767.141136169434 631.058502197266 565.795440673828 673.360824584961 518.258316040039
809.033447265625 698.145927429199 774.810616493225 849.255355834961 725.727876663208 474.557342529297 867.521530151367 818.480792999268 584.605400085449 676.105875015259 624.906055450439 539.518165588379 596.038217544556 769.10823059082 674.207347869873 753.037864685059 713.696342468262 631.167226791382 589.050926208496 633.63890838623 593.228420257568 818.757507324219 832.601486206055 735.879379272461 610.072311401367 517.418319702148 823.37629699707 689.027670860291 762.021461486816 730.801750183105 573.393943786621 662.980669021606 577.37272644043 638.774223327637 629.862688064575 563.548492431641 716.579635739326 825.588348388672 705.83904838562 747.184006690979 639.15905380249 910.067756652832 1000.05319976807 981.291458129883 898.097454071045 741.7412109375 527.377746582031 715.18571472168 906.747116088867 634.959930419922
708.568267822266 693.575225830078 719.420074462891 555.195487976074 679.38410949707 535.603378295898 815.384796142578 793.320690155029 606.353691101074 559.418983459473 721.91881942749 577.541397094727 743.466590881348 725.869735717773 675.282161712646 525.112342834473 689.477912902832 624.163951873779 643.928058624268 657.353578567505 602.727951049805 707.392238616943 636.549701690674 794.848449707031 676.069080591202 703.769844055176 637.902465820312 574.418792724609 647.77172088623 692.759124755859 711.020305633545 522.891571044922 515.198425292969 496.594192504883 748.9052734375 553.819259643555 782.809314727783 696.969985961914 662.440116882324 936.871795654297 654.738326072693 910.822624206543 584.777572631836 1049.3228302002 954.036590576172 575.732452392578 874.473576545715 577.092010498047 720.469390869141 860.479278564453
611.390796661377 634.387020111084 649.323585510254 599.872758865356 667.507972717285 602.743591308594 744.131622314453 693.543481826782 752.557910919189 650.322105407715 714.878692626953 849.631099700928 787.733963012695 634.065511703491 562.812431335449 483.000396728516 567.09041595459 648.920367240906 540.571144104004 639.515501260757 485.124526977539 573.688369750977 655.956939697266 628.379341125488 715.013097763062 813.712463378906 676.901549339294 662.892303466797 712.188670158386 703.886177539825 650.493474006653 650.699035644531 577.514305114746 558.801406860352 796.632347106934 679.491344451904 634.368339538574 707.07857131958 884.572677612305 745.896911621094 818.834625244141 996.785759925842 881.545867443085 869.29040145874 828.71573638916 968.162155151367 844.558280944824 677.323760986328 636.676208496094 1103.97385406494
634.967304229736 524.431312561035 747.712348937988 726.158920288086 662.931243896484 639.488920211792 553.79317855835 561.159576416016 678.404365539551 764.953689575195 733.443876743317 655.24324798584 673.76353931427 578.450820922852 583.629566192627 568.198844909668 614.980178833008 648.799566984177 523.987991333008 525.513870239258 462.990493774414 757.324928283691 652.87553691864 736.756328582764 747.244819641113 608.008560180664 670.381524085999 635.574844360352 586.037330627441 587.550720214844 549.927352905273 706.901992797852 708.237161636353 766.762439727783 791.366752624512 639.091918945312 748.837426185608 620.835136413574 725.789051055908 661.373043060303 764.135132789612 868.220087051392 682.482208251953 820.50124168396 825.26225566864 630.012924194336 714.060325622559 643.03288269043 670.157043457031 674.28003692627
556.844680786133 624.488922357559 614.785610198975 715.12134552002 759.256618499756 630.504600524902 541.689785003662 616.94614982605 787.591926574707 724.383378982544 729.901676177979 654.631881713867 662.8317527771 688.937763214111 715.175359725952 685.570672988892 595.573085784912 682.365968704224 617.72068977356 579.990844726562 676.332124710083 811.952903747559 642.408996582031 643.642039895058 695.40537071228 693.382802963257 708.494850158691 606.484107971191 600.362533569336 750.082050323486 742.582344055176 500.567962646484 545.281753540039 513.619277954102 690.200769424438 774.98992729187 579.978363037109 558.720153808594 558.382331848145 611.750038146973 1066.50975799561 631.16828918457 631.869445800781 1080.56432723999 705.063629150391 733.53589630127 638.813430786133 715.893608093262 684.977416992188 991.73779296875
637.55493927002 622.784551620483 422.225921630859 686.322639465332 688.8701171875 703.161876678467 617.039131164551 505.446395874023 640.93355178833 674.688877105713 562.97583770752 576.42024230957 676.24485206604 509.820190429688 751.257457733154 625.496541976929 698.539142608643 634.512134552002 755.525527954102 798.91389465332 607.947174072266 553.274826049805 636.11727142334 646.842798233032 813.224502563477 648.008859634399 671.497182846069 504.099426269531 677.20467376709 680.639966964722 564.908576965332 624.700475692749 627.769584655762 614.114791870117 664.79320526123 797.138912200928 583.606201171875 626.630317687988 542.482009887695 627.645606994629 635.459373474121 1195.08829879761 808.469985961914 766.879253387451 681.118141174316 581.600692749023 742.856979370117 884.584617614746 1084.50543212891 752.278335571289
696.838653564453 653.813591003418 588.80651473999 549.95809173584 642.974259853363 619.024253845215 694.809532165527 639.78565788269 650.778427124023 613.238945007324 653.471015930176 657.855178833008 545.14820098877 454.289245605469 574.870903015137 593.790184020996 678.912536621094 630.150260925293 628.990844726562 698.860674858093 610.479782104492 620.20970916748 724.993528366089 781.052101135254 658.552112579346 766.38069152832 666.347747802734 610.348358154297 669.077279090881 637.161716461182 652.650512695312 503.741668701172 666.601745605469 604.289524078369 641.94603729248 761.771644592285 562.823051452637 627.718389511108 603.82642364502 762.471664428711 454.292617797852 641.712203979492 812.307708740234 880.499320983887 1046.36584472656 541.73046875 1061.85501098633 660.950942993164 761.489685058594 717.583595275879
821.83723449707 591.763807296753 548.742485046387 388.678451538086 532.678554534912 646.970594406128 568.824508666992 738.576854705811 645.733925819397 593.562191009521 749.307403564453 732.226272583008 680.314029693604 540.031806945801 503.993850708008 612.434772491455 636.170337677002 621.43648147583 695.53639125824 660.918849945068 695.125669002533 568.876205444336 538.965179443359 747.695247650146 675.524337768555 603.977144241333 657.033630371094 723.709777832031 629.595016479492 661.218769073486 569.900283813477 754.121688842773 468.332229614258 558.449951171875 659.639982223511 785.34334564209 611.964992523193 623.211418151855 714.860252380371 545.595794677734 558.167861938477 836.814769744873 664.223190307617 974.843757629395 632.624351501465 681.636413574219 1239.78677368164 661.820571899414 615.38996887207 838.913341522217
691.034301757812 635.704153060913 637.127968788147 675.814872741699 640.459305047989 699.165069580078 454.180419921875 563.524604797363 860.105834960938 581.842788696289 670.540447235107 655.770788192749 729.785903930664 551.07447052002 586.136993408203 621.437553405762 666.621335983276 646.514610290527 650.589698791504 647.22868347168 688.720757007599 573.566474914551 728.388439178467 744.928314208984 586.583946228027 612.096927642822 746.325813293457 806.39909362793 597.012161254883 719.502578735352 751.884803771973 706.279072761536 536.905136108398 595.665672302246 699.790969848633 728.816152572632 571.7939453125 586.373359680176 641.858974456787 687.552001953125 649.150566101074 705.951950073242 549.847518920898 632.290267944336 794.868637084961 633.442687988281 1086.65386962891 711.957809448242 707.062866210938 798.602821350098
805.320281982422 669.339859008789 569.181137084961 623.31729888916 566.785591125488 650.288387298584 672.957492828369 834.954864501953 690.50089263916 765.617004394531 727.213241577148 715.665016174316 622.723313331604 534.453659057617 621.192463874817 699.952365875244 643.349551916122 563.798347473145 620.339525222778 675.55658531189 582.510238647461 572.027992248535 717.227600097656 933.387664794922 648.910320281982 758.512687683105 508.817764282227 655.072231292725 657.782578468323 848.744132995605 563.705024719238 565.674026489258 576.52278137207 658.384284973145 649.331155776978 735.351240158081 711.572158813477 627.463214874268 616.159591674805 711.310386657715 598.926513671875 725.342498779297 495.362380981445 702.447296142578 658.783477783203 655.454467773438 761.440633773804 706.941246032715 834.306137084961 1081.60054016113
638.887937545776 447.886283874512 628.435523986816 645.566963195801 512.22053527832 557.995487213135 644.5325756073 793.14892578125 735.170623779297 795.768890380859 620.12321472168 568.118270874023 683.693006515503 726.878517150879 673.579231262207 732.208084106445 537.42822265625 753.622894287109 516.420776367188 695.337730407715 688.61566734314 616.378223419189 752.92350769043 858.537078857422 596.053176879883 849.714416503906 733.613826751709 716.586086273193 698.97534942627 610.055526733398 574.63166809082 609.400157928467 582.051025390625 850.443321228027 705.616828918457 716.37509727478 612.998527526855 537.858932495117 680.049946784973 754.588310241699 655.519081115723 1001.04832458496 549.193618774414 717.196075439453 788.202880859375 866.450283050537 970.372619628906 657.072967529297 877.981704711914 686.87809753418
612.925430297852 632.673854827881 592.800182342529 829.171539306641 741.073318481445 672.948347091675 710.447486877441 628.065808057785 717.142440795898 672.089752197266 701.254066467285 585.816696166992 468.447662353516 1167.74670410156 921.169025421143 648.392709732056 716.342094421387 674.570056915283 690.952201843262 680.64888381958 539.710388183594 629.369220733643 677.027717590332 1076.91619873047 529.62020111084 765.229782104492 431.438232421875 664.017360687256 760.029685974121 596.469299316406 557.977416992188 512.249816894531 724.719511032104 638.505966186523 611.745719909668 633.604541778564 591.623794555664 653.043590545654 686.148328781128 855.667873382568 659.427261352539 629.686386108398 676.229354858398 424.239807128906 786.642440795898 923.360710144043 711.876205444336 616.211669921875 612.739807128906 595.108108520508
654.646634817123 735.218444824219 768.99201965332 664.307806015015 741.839347839355 607.983184814453 656.087047576904 692.329395294189 694.808849334717 692.679149627686 633.060791492462 744.112121582031 618.315926074982 706.863563537598 641.258806228638 456.550201416016 671.859432220459 571.080883026123 567.450950622559 655.413299560547 598.060485839844 599.195198059082 635.298217773438 676.68035697937 717.055074214935 698.509148597717 737.613516807556 716.179786682129 806.294364929199 680.358791351318 617.652095794678 633.715026855469 680.243461608887 723.301471710205 604.820266723633 569.571197509766 652.241500854492 590.356687545776 580.207748413086 871.26872253418 1135.95182037354 659.893283843994 937.358657836914 654.318344116211 500.581298828125 553.646957397461 733.24568939209 636.87190246582 625.440628051758 986.293411254883
694.570556640625 847.655899047852 687.071876525879 655.416597366333 843.429565429688 623.970102310181 701.762229919434 573.773742675781 807.341232299805 655.647667884827 682.92359828949 724.713670730591 676.4140625 585.204201221466 611.887638092041 661.38582611084 785.458961486816 997.930191040039 648.035003662109 622.04345703125 736.134408950806 662.023594856262 1362.37699508667 581.007934570312 677.881484985352 681.13586807251 674.281621932983 807.265396118164 642.459209442139 767.640228271484 637.806396484375 646.268463134766 574.910751342773 584.262786865234 664.001220703125 555.4609375 617.993911743164 630.328170776367 532.040252685547 973.039222717285 546.366958618164 710.527985572815 757.174215316772 1331.43157958984 602.93098449707 1649.2048034668 683.041549682617 613.927642822266 861.622863769531 813.73416519165
948.853820800781 1048.89820861816 853.095703125 733.236028671265 642.45768737793 634.672396659851 619.094913482666 637.503749370575 716.736583709717 656.804275512695 674.084781169891 885.099563598633 791.789512634277 768.184899330139 853.886100769043 1202.23482894897 1090.70571422577 799.849327087402 566.413146972656 646.493040084839 692.365261077881 577.325218200684 549.738319396973 793.736324310303 709.106758117676 777.526153564453 580.288200378418 750.323577880859 578.175628662109 762.674373626709 665.265151977539 712.289890289307 648.108741760254 582.050674438477 520.314697265625 799.732383728027 683.338363647461 828.005653381348 577.81177520752 741.379814147949 428.732711791992 659.656188964844 733.318609237671 605.084945678711 846.904235839844 822.235443115234 778.806827545166 821.79681968689 695.63500213623 596.506149291992
