export/dem/dem17.asc
NCOLS 350
NROWS 171
XLLCORNER 152620
YLLCORNER 418050
CELLSIZE 100
NODATA_VALUE -9999
[rows 44 to 65 of 171, columns 50 to 99 of 350]
703.657493591309 441.265625 793.255113124847 752.048698425293 417.440456390381 409.063262939453 538.043346405029 533.504320144653 632.636116027832 470.281547546387 1050.57563781738 477.154460906982 481.142469406128 439.254684448242 665.522216796875 454.133337974548 363.475288391113 454.781061172485 458.537551879883 392.022706985474 464.487201690674 417.936107635498 423.807920455933 503.57112121582 525.381767272949 507.627716064453 497.777801513672 436.365375518799 441.068967819214 361.313316345215 344.649528503418 418.927536010742 454.826048851013 709.012893676758 482.256015777588 433.030611991882 471.358613967896 418.030935287476 492.156074523926 491.947792053223 410.903184890747 616.73722076416 471.945484161377 360.868865966797 414.201742172241 521.250061035156 454.76929473877 534.070381164551 469.064445495605 425.213455200195
683.938758850098 435.79411315918 593.26443862915 787.570747852325 324.917419433594 559.15193939209 684.51326751709 519.799139022827 551.252819061279 725.777235031128 426.653160095215 607.047027587891 445.991672515869 409.362640380859 466.786967277527 424.732120513916 516.429473876953 368.879341125488 341.221076965332 404.968765258789 382.085971832275 387.763607025146 363.183704376221 471.960369110107 477.29732131958 556.438247680664 606.328140258789 515.593284606934 423.441317141056 467.584770202637 435.8251953125 435.95992231369 593.190902709961 565.61279296875 482.927356719971 466.926357269287 356.463691711426 369.925384521484 456.712623596191 434.815224170685 510.257125854492 438.088461875916 434.207132577896 453.205272674561 447.013273239136 472.961298942566 432.189972877502 413.237550735474 411.817178726196 276.510864257812
615.785303115845 453.195259094238 425.623138427734 328.999183654785 313.760322570801 492.345113754272 711.219924926758 347.672790527344 590.451675415039 646.552085876465 630.122596740723 494.623811721802 574.195678710938 461.260152816772 225.082763671875 337.463760375977 273.360702514648 313.254173278809 278.769607543945 306.30729675293 483.399864196777 335.376358032227 497.559158325195 491.552879333496 413.067980766296 630.725112915039 391.980390548706 311.506820678711 514.168029785156 440.506202697754 378.666877746582 426.762683272362 465.436737060547 401.111721038818 408.304656982422 483.377944946289 455.555467605591 428.337242126465 282.354133605957 281.214157104492 490.077498435974 407.912673950195 571.665115356445 405.442923069 473.388366699219 408.55385017395 518.18017578125 321.444328308105 479.150211334229 461.178115844727
527.86156463623 379.020431518555 314.156494140625 487.076328277588 362.240600585938 611.981315612793 1004.30218887329 683.57727432251 625.035140991211 519.819766998291 620.906883239746 642.346168518066 481.873413085938 307.597076416016 549.981918334961 500.488513946533 408.988067626953 384.788944244385 309.935234069824 357.57035446167 483.573791503906 374.601184844971 165.243743896484 438.223419189453 395.853099346161 325.987861633301 502.082286834717 357.709732055664 438.117351174355 408.775276184082 440.69519329071 533.533824920654 587.985595703125 500.601211547852 491.821342468262 370.859390258789 401.322889328003 494.760929107666 412.484722137451 481.183609008789 457.17934513092 421.348550796509 396.301563262939 380.628513336182 336.580192565918 433.252387046814 487.065010070801 427.294190406799 520.091369628906 464.702180862427
473.615215301514 438.450824737549 402.264781951904 577.202205657959 366.152893066406 468.781463623047 335.415725708008 643.670700073242 640.252975463867 677.074127197266 450.142921447754 673.385467529297 510.085781097412 382.271148681641 554.285705566406 581.80362701416 422.477186203003 445.477882385254 516.386978149414 370.422863006592 364.261165618896 454.267154693604 413.985841751099 385.50083732605 237.760986328125 322.56876373291 460.399192810059 484.472248077393 420.274758815765 440.931835174561 356.836784362793 431.041728973389 543.034301757812 417.081785202026 393.059520721436 393.131500244141 490.575988769531 467.343650817871 253.993057250977 457.263341903687 453.780605316162 410.868625640869 375.723358154297 369.494895935059 363.073017120361 435.50882434845 429.67561340332 329.96263885498 419.669124603271 444.867487430573
737.585327148438 433.275833129883 525.184268951416 604.609344482422 406.911636352539 393.273696899414 449.723579406738 393.033996582031 404.085075378418 636.563903808594 336.557983398438 631.772041320801 457.650630950928 648.122665405273 411.093761444092 634.626174926758 368.402797698975 354.474239349365 402.960134506226 359.424968719482 201.17658996582 329.780696868896 523.969375610352 244.644866943359 454.06644821167 398.773914337158 374.136066436768 378.338794708252 322.507301330566 439.098853111267 456.217720031738 501.016616821289 358.26545715332 323.929466247559 273.286346435547 259.328186035156 284.574661254883 390.835441589355 513.518135070801 454.720677375793 331.380310058594 557.089538574219 378.458343505859 360.781455993652 355.217475891113 388.630260467529 454.995318412781 411.647869110107 421.951303958893 437.711925506592
480.349395751953 466.003746032715 460.081972122192 1004.19539451599 499.92866897583 551.151002883911 554.878862380981 490.156318664551 471.118047714233 446.254962921143 443.329591274261 373.689491271973 503.198890686035 653.072860717773 397.292362213135 403.640357971191 393.392753601074 274.645919799805 361.366718292236 364.929168701172 476.756809234619 446.462394714355 411.442708969116 497.783142089844 256.453399658203 326.711853027344 351.578189849854 277.017837524414 384.088932037354 493.399635314941 395.797719955444 568.07935333252 543.532325744629 427.770310878754 495.839706420898 298.770156860352 302.728874206543 329.552597045898 368.258934020996 334.791976928711 412.421899080276 314.49373626709 221.148132324219 449.208120346069 452.937057495117 504.900344848633 325.405128479004 392.994297027588 532.039939880371 520.996841430664
655.599174499512 352.40412902832 336.318496704102 480.593662261963 666.139030456543 433.21265411377 517.331548690796 371.377571105957 477.317219734192 476.364681243896 371.230651855469 270.65380859375 635.029937744141 416.773448944092 487.960037231445 424.549838066101 467.439884185791 476.780708312988 344.128463745117 481.496551513672 475.50110244751 355.800174713135 390.957471847534 422.323570728302 437.821851730347 295.133407592773 372.669376373291 467.993923187256 402.821596503258 454.968982696533 427.525001525879 462.551425933838 280.359954833984 279.046524047852 308.583854675293 452.235961914062 294.996101379395 246.253494262695 479.519214630127 448.381378173828 391.110237121582 425.664070129395 440.320879936218 498.12886428833 527.407447814941 433.601726531982 399.302949428558 303.028694152832 421.836829185486 475.006984710693
654.233968734741 333.083587646484 872.493408203125 525.40177154541 504.008094787598 438.358848571777 541.828453063965 513.971675872803 491.199230194092 592.245376586914 450.505416631699 467.39782333374 552.044128417969 480.876403808594 331.195167541504 496.920215606689 429.88080394268 457.698165893555 344.065063476562 455.942642211914 405.451215744019 567.96418762207 513.981140136719 611.905944824219 367.771949768066 245.927383422852 351.073486328125 257.367370605469 382.353988647461 427.951633453369 305.554092407227 314.785987854004 457.389122009277 192.350875854492 369.326583862305 208.434600830078 309.310394287109 368.672603607178 410.596513748169 308.954086303711 442.25659942627 483.022846221924 385.199241638184 419.320960044861 435.171025276184 308.736694335938 606.005645751953 367.459297180176 493.362731933594 479.293418884277
735.873382568359 466.168701171875 575.045572280884 623.221218109131 629.022956848145 502.672966003418 490.158453941345 481.875460624695 574.548347473145 326.436325073242 365.466865539551 425.574149131775 374.899614334106 367.709945678711 433.833524703979 486.761245727539 355.55248260498 473.538394927979 359.930797576904 377.069423675537 535.610748291016 499.683326721191 602.661163330078 416.031482696533 569.458213806152 467.503590583801 445.086265563965 234.923080444336 345.924068450928 535.463439941406 360.198659896851 465.906112670898 552.304565429688 390.84654211998 343.006057739258 461.755355834961 464.222206115723 384.39341545105 498.174812316895 445.200637817383 400.904644012451 333.266700744629 366.610233306885 371.890731811523 446.423421859741 417.094076752663 409.236583948135 440.132387161255 486.499496459961 457.199939727783
603.063323020935 402.061042785645 495.175361633301 752.8857421875 665.542572021484 586.651109695435 527.704093933105 571.659164428711 601.081985473633 483.674248695374 432.934962749481 435.971515655518 441.719509124756 419.036190032959 373.17049407959 339.055381774902 312.920669555664 403.024492263794 479.598693847656 436.185712814331 463.970401763916 636.364715576172 467.242527008057 652.762331008911 483.015155792236 464.382930755615 396.088635444641 406.488309860229 337.922702789307 293.847579956055 427.108926773071 421.298427581787 285.33171081543 379.332485198975 378.29133605957 284.199508666992 176.228149414062 289.329551696777 485.527267456055 348.937694549561 317.756805419922 540.972442626953 306.811187744141 344.476089477539 412.331489562988 413.585657119751 355.445041656494 410.731188774109 352.287261962891 449.356689453125
495.488624572754 1102.40781211853 563.114654541016 749.863845825195 526.506980895996 582.465759277344 511.360195159912 450.851187705994 508.052505493164 418.075671195984 446.875878334045 278.150421142578 556.311004638672 387.814798355103 251.420486450195 354.67520904541 374.30094909668 429.571244239807 402.266658782959 536.655532836914 610.05908203125 462.4719581604 510.284866333008 565.215896606445 382.686979293823 400.115198612213 342.894802093506 394.095573425293 324.345161437988 364.223278045654 449.277015686035 322.311069488525 303.092704772949 382.659630298615 326.721923828125 340.196365356445 386.222681522369 474.011291503906 305.136856079102 316.016273498535 419.901720046997 301.411102294922 369.552387237549 139.181503295898 448.306205749512 380.82576751709 492.584976196289 593.692031860352 388.167709350586 526.216163635254
408.550262451172 697.145240783691 651.922843933105 696.182312965393 430.02449798584 523.655278682709 475.562951087952 503.643238067627 523.419540405273 448.520225524902 506.208480834961 534.669906616211 286.59627532959 367.84753036499 342.078712463379 223.410308837891 256.28971862793 440.26354598999 568.701446533203 291.171577453613 395.66166305542 415.649872779846 548.279190063477 455.463920593262 501.661041259766 440.886764526367 131.007446289062 405.692352294922 335.685116767883 350.39571762085 404.131523132324 330.751796722412 365.040584564209 310.130773544312 413.105062007904 508.006416320801 350.773330688477 567.399200439453 385.937812328339 465.400051116943 371.532062530518 417.813044548035 213.015579223633 245.028533935547 360.811790466309 480.03145980835 451.218215942383 535.151878356934 492.616641998291 377.68762588501
547.477561950684 400.768333435059 480.230255126953 487.180683135986 573.37308549881 549.660522937775 513.146282196045 434.855503082275 436.35483622551 435.620351314545 500.790538787842 500.229499816895 394.952303409576 409.476981729269 310.659103393555 386.261812210083 438.820079803467 248.512664794922 414.254084348679 311.329414367676 240.717727661133 420.830770492554 294.446159362793 494.51106262207 447.337356567383 461.924140930176 279.054565429688 292.032894134521 377.236415863037 453.134994506836 377.809535980225 261.658058166504 441.524387359619 383.326610326767 395.925377368927 393.426404953003 317.08324432373 276.822532653809 408.015236854553 360.96363067627 353.475147247314 355.099639892578 280.229949951172 414.305131137371 532.73282623291 445.868009567261 554.597045898438 501.288429260254 402.596801757812 403.692840576172
563.947784423828 476.128936767578 534.941566467285 444.651763916016 469.676856994629 720.76139831543 358.234786987305 465.725827217102 482.720375061035 453.474594116211 466.52311706543 304.426132202148 282.404296875 396.411185264587 416.06897354126 393.53031539917 425.820255279541 469.210018157959 348.408813476562 307.926284790039 411.816635131836 308.191493988037 397.370086669922 542.3154296875 439.32373046875 387.822109222412 388.20426940918 234.581359863281 451.753311157227 367.493518829346 370.914717435837 416.849227905273 371.682033538818 374.701090812683 508.562065124512 371.525441169739 558.997772216797 451.592182159424 376.177182197571 372.706438064575 310.662223815918 364.882995605469 316.295791625977 373.255493164062 347.575130462646 517.499229431152 456.514049530029 486.929033279419 543.593231201172 539.396965026855
516.654563903809 486.184524536133 602.219125747681 500.814018249512 696.94263458252 795.954711914062 504.353431224823 486.716579437256 389.211303710938 481.211669921875 532.96240234375 386.579870223999 315.859367370605 485.272888183594 406.403244972229 344.669486999512 522.23006439209 300.613174438477 482.95189666748 253.877578735352 386.113082885742 397.646999359131 441.034568786621 502.323348999023 483.235702514648 416.256874084473 345.780293464661 462.862152099609 414.997970581055 511.07014465332 387.570837974548 259.899963378906 404.267965316772 530.038101196289 330.754814147949 363.645711898804 406.682357788086 566.1044921875 442.499866485596 494.71662902832 368.329154968262 483.219108581543 279.400482177734 315.510120391846 321.738288879395 411.753038406372 542.234413146973 529.112762451172 454.890354156494 539.86589050293
448.318271636963 568.936263561249 531.113670349121 524.519256591797 639.208675384521 613.262897491455 598.057186126709 355.755180358887 395.361438751221 448.498335838318 468.31649017334 317.835037231445 406.253890037537 419.266324996948 467.982299804688 243.704849243164 414.584722518921 413.365602493286 386.075160980225 424.234663963318 540.993072509766 382.043923139572 350.263763427734 494.186668395996 394.634113311768 301.629341125488 395.842338562012 433.061656951904 433.562690734863 305.86669921875 424.733039855957 385.917332649231 433.372871398926 417.751449584961 366.616421699524 401.739025115967 334.737564086914 394.518750667572 539.69596862793 356.196041107178 412.709734916687 564.391815185547 408.730802446604 392.7741355896 491.360706329346 491.432884216309 459.612079620361 606.871704101562 406.851806640625 558.500839233398
539.752467155457 542.885035514832 528.23872756958 486.490646362305 601.525413513184 745.721000671387 747.269493103027 496.248950958252 615.641204833984 437.187631607056 487.095077514648 471.265815734863 458.458160400391 517.88338470459 476.426940917969 522.003395080566 543.969337463379 398.670499801636 277.397018432617 424.693513870239 409.323271274567 398.31872844696 379.934077978134 461.776657104492 554.435638427734 490.718788146973 448.937797546387 405.082046508789 345.895559310913 291.72590637207 301.269004821777 417.498802185059 366.148976802826 490.575355529785 366.103120803833 262.100471496582 403.078256487846 387.518184661865 437.273403167725 551.266441345215 467.492668151855 515.267242431641 306.52522277832 446.661099433899 430.107083559036 424.447250366211 471.76326751709 517.20068359375 605.870506286621 527.191017150879
516.473133087158 543.125820159912 659.593330383301 385.411224365234 553.013458251953 639.032974243164 552.550010681152 533.708110809326 264.66389465332 396.956312179565 455.966693043709 422.322103500366 565.798950195312 405.55655670166 377.593401193619 531.314666748047 425.735160827637 382.009020805359 381.23708152771 377.350740194321 315.936820983887 141.610046386719 432.053676605225 554.193344116211 326.011829376221 173.015029907227 455.698593139648 213.438323974609 345.811374664307 446.23543548584 435.757785797119 624.984375 409.567184448242 570.759658813477 404.14558839798 297.242179870605 275.419853210449 275.576362609863 380.542236328125 420.671643257141 434.935905456543 358.343231201172 400.778582572937 351.291404724121 430.025911808014 497.535182952881 616.491821289062 667.359252929688 598.021469116211 491.813652038574
498.022136688232 555.453426122665 517.337482452393 485.813858032227 290.317840576172 539.750495910645 446.483289718628 411.574913024902 455.570242166519 293.078544616699 479.511985778809 527.022914886475 369.094169616699 424.33821105957 461.729904174805 498.279922485352 436.199935913086 359.915494918823 275.702247619629 332.730007171631 286.446830749512 277.120780944824 371.498807907104 346.854084014893 419.663927078247 366.067411422729 352.438079833984 374.218441963196 370.610177695751 337.344017028809 394.390617370605 430.483196258545 348.296597957611 372.168394088745 303.155944824219 446.83740234375 290.875694274902 435.261078834534 350.543384552002 531.473892211914 425.39387512207 456.169448852539 468.728675842285 323.90145111084 469.052669525146 519.400199890137 377.825096130371 500.347835540771 527.121528625488 555.915679931641
442.935546875 538.347226142883 547.067080847919 531.924911499023 517.809253692627 363.23469543457 330.209091186523 205.341751098633 282.920745849609 210.253372192383 492.739974975586 450.848304748535 454.891181945801 349.192234992981 453.171363830566 368.806358337402 438.97875213623 297.828971862793 379.461496353149 452.845626831055 199.098556518555 519.656402587891 291.171699523926 547.434280395508 350.507831573486 356.06273651123 394.943302154541 483.88240814209 264.12141418457 492.524154663086 556.551574707031 499.135787963867 417.041656494141 593.800491333008 487.556732177734 449.23853302002 409.52555847168 322.752700805664 284.224639892578 382.925617218018 447.759376525879 384.888938903809 241.231704711914 415.717933654785 477.100299835205 542.534553527832 465.114067077637 499.69059753418 539.322883605957 457.826351881027
511.389030456543 429.572250366211 479.641913414001 574.6513671875 338.639862060547 345.841262817383 261.079452514648 312.196472167969 283.446228027344 268.843811035156 390.204708099365 318.791564941406 427.70866394043 495.731323242188 400.95235824585 460.521942138672 591.12727355957 549.428802490234 475.236175537109 363.908009052277 418.479299545288 313.766960144043 339.828639984131 405.474403381348 577.969970703125 406.153381347656 374.729080200195 215.864151000977 325.40634727478 364.536176204681 453.690719604492 307.192581176758 527.030746459961 601.376968383789 460.368052482605 513.518249511719 385.839883804321 485.634254455566 367.551750183105 488.530941009521 450.495162963867 293.335647583008 416.487831115723 357.389823913574 323.277442932129 447.662987232208 356.589477539062 487.842418670654 587.757553100586 579.446060180664
