export/dem/dem11.asc
NCOLS 350
NROWS 171
XLLCORNER 152620
YLLCORNER 418050
CELLSIZE 100
NODATA_VALUE -9999
[rows 66 to 87 of 171, columns 150 to 199 of 350]
626.00707244873 675.73747253418 538.361983299255 656.450355529785 686.164215087891 588.646020889282 820.600677490234 459.80786895752 553.816711425781 562.343158721924 534.801387786865 506.881065368652 541.794198989868 736.107696533203 560.906591415405 502.074417114258 733.143295288086 330.382095336914 602.265514373779 733.669342041016 556.350017547607 611.205154418945 647.597244262695 740.683822631836 622.014549255371 585.383429527283 416.853515625 561.663548469543 500.286552429199 657.755226135254 558.156726837158 435.000091552734 515.998466491699 717.120719909668 567.98807144165 565.068305969238 613.740897893906 498.649688720703 573.688930511475 515.257171630859 517.74828338623 470.965270996094 582.640621185303 768.294242858887 637.799706935883 749.197647094727 626.262622356415 512.710151672363 609.184074401855 774.58967590332
447.039649963379 523.70737361908 626.401107788086 576.87423324585 557.671533584595 434.700035095215 453.261947631836 524.164560317993 467.897087097168 471.482704162598 459.607795715332 498.387847900391 444.859420776367 499.598663330078 399.00749206543 603.440635681152 551.515695095062 555.244944572449 512.123500823975 550.272620201111 595.528137207031 601.304992675781 602.130916595459 557.456634521484 577.785466194153 579.281663417816 439.411651611328 694.509727478027 523.612777709961 641.249496459961 729.704093933105 531.989841461182 603.271218299866 595.336235046387 548.801830291748 719.065826416016 609.402668237686 544.555236816406 679.124504089355 535.32222366333 511.381271362305 578.047262191772 493.60302734375 778.599876403809 642.449025154114 637.803274393082 710.005786895752 679.74945640564 545.325538635254 618.897790908813
605.654346466064 571.295589447021 499.973552703857 509.974590301514 571.499740600586 613.848159790039 651.300437927246 567.723588943481 475.519096374512 614.777338027954 444.638694763184 385.408462524414 474.397537231445 473.444732666016 817.128448486328 542.649619102478 553.51371049881 640.33544921875 553.204262256622 618.645195007324 524.622451782227 583.605256557465 514.005104064941 560.987104773521 604.874618530273 715.62077331543 705.6396484375 529.08130645752 426.34521484375 538.155933380127 634.760841369629 536.979423522949 520.644248962402 554.789409637451 672.575119018555 599.670492172241 747.624053955078 624.737386703491 701.527442932129 588.647769927979 728.885131835938 632.91756439209 734.800979614258 652.577991485596 586.486277580261 611.904804229736 873.159362792969 642.538463115692 695.613616943359 583.768091201782
487.026580810547 511.737403869629 594.385025024414 433.007476806641 467.192893981934 554.185138702393 795.401428222656 625.81517791748 615.831958770752 472.706413269043 460.679321289062 440.027534484863 562.151821136475 574.281467437744 617.177391052246 470.327453613281 556.833146095276 608.920085906982 497.744079589844 466.021240234375 498.524185180664 446.392166137695 526.754325866699 477.39582824707 508.398452758789 519.362403869629 565.049995183945 571.64691606164 485.402770996094 618.685132980347 577.201592445374 707.817649841309 712.219139099121 561.24227142334 677.802124023438 739.471405029297 637.841508865356 667.621776580811 629.248802185059 733.473587036133 539.791427612305 636.840244293213 751.422927856445 531.096473693848 642.410176277161 652.248798370361 537.857681274414 636.479837417603 725.783180236816 597.986665725708
456.234725952148 514.453651428223 436.48046875 501.116172790527 555.9065990448 614.970962524414 636.074028015137 611.379417419434 667.952438354492 493.713020324707 498.966793060303 534.702625274658 378.544387817383 522.587177276611 444.647483825684 524.019229888916 533.587589263916 467.734146118164 555.397037506104 465.208351135254 578.387825965881 435.549850463867 730.817855834961 470.307495117188 790.844680786133 565.855052947998 587.75089263916 617.863498687744 548.313440322876 645.390525817871 470.352401733398 635.400020599365 608.207570075989 612.96854019165 635.606357574463 814.110610961914 693.920783996582 761.537841796875 730.440338134766 619.259887695312 624.186645507812 515.246788024902 616.67599105835 565.570428848267 613.085277557373 766.755958557129 787.182510375977 749.832061767578 687.177001953125 540.244522094727
536.182599067688 535.271059036255 497.344192504883 472.356887817383 645.335510253906 576.027988433838 528.525043487549 519.056884765625 528.593128204346 509.574245452881 537.702966690063 608.348297119141 535.474443435669 516.303497314453 461.142799377441 604.847911834717 584.410123825073 449.492034912109 671.435127258301 642.140716552734 503.600212097168 706.780662536621 493.424987792969 431.987319946289 525.413131713867 456.150024414062 574.013633728027 498.686584472656 559.769012451172 667.976802825928 592.073528289795 531.564685821533 634.204746246338 575.618133544922 634.144075393677 728.059417724609 706.979751586914 669.215301513672 689.841201782227 535.878005981445 621.93921661377 730.786209106445 622.321426391602 697.689842224121 643.437271118164 727.353393554688 806.538619995117 701.232818603516 627.615239620209 544.294967651367
457.324615478516 489.305027008057 509.606394767761 410.335899353027 369.27978515625 574.002298355103 492.404243469238 533.503117084503 673.471397399902 563.852591991425 608.500911712646 688.000305175781 580.896188735962 695.467658996582 580.223442077637 485.339691162109 672.45581817627 512.843620300293 564.860334396362 475.388969421387 680.11026763916 761.655914306641 649.396495819092 433.730804443359 607.995703101158 466.573471069336 665.74923324585 646.190719604492 547.60578918457 547.318450927734 498.795028686523 672.041107177734 570.278512001038 736.734481811523 678.263130187988 675.489883422852 634.42129278183 555.656509399414 702.431259155273 524.036556243896 549.265110015869 626.390623092651 637.145114898682 574.236017227173 532.728130340576 548.819358825684 493.785461425781 756.618698120117 822.846237182617 716.638961791992
548.078067779541 570.647108078003 636.956466674805 519.569259643555 624.727256774902 525.878425598145 546.236034393311 597.333000183105 490.56188583374 536.761931419373 617.677284240723 559.011005035602 641.563163757324 575.791083335876 572.442811965942 538.369434356689 592.866651058197 641.218437194824 627.461702346802 644.835395812988 399.395416259766 580.161113739014 577.867126464844 702.860137939453 526.117492675781 525.412864685059 475.69563293457 611.300368309021 565.577495574951 557.526016235352 567.910575866699 613.919369697571 497.76399230957 654.985580444336 604.147375106812 758.010025024414 510.27840423584 558.291683197021 601.192811012268 505.007568359375 625.974323272705 623.922702789307 568.278953552246 684.25666809082 657.300212860107 651.156688690186 680.292907714844 692.348762512207 734.882415771484 687.714420318604
570.142711639404 504.414833068848 475.391357421875 663.274925231934 477.001533508301 537.66361618042 556.236736297607 565.52271270752 602.671604156494 630.978530883789 626.657569885254 646.85131072998 486.196670532227 513.001136779785 590.762174606323 711.612701416016 673.833206176758 659.533020019531 696.09383392334 560.387699127197 582.771095275879 709.265739440918 512.012084960938 531.506652832031 473.197875976562 556.018676757812 515.13011932373 485.792770385742 585.669174194336 477.326187133789 452.438079833984 498.608764648438 727.735992431641 556.676691055298 759.722442626953 594.90894985199 514.680641174316 538.982677459717 561.017690658569 565.674724578857 400.514343261719 713.205902099609 462.864410400391 629.385818481445 675.928199768066 506.508590698242 554.358539581299 481.04158782959 634.428369522095 698.053337097168
626.405715942383 651.898780822754 593.432521343231 529.269386291504 616.642513275146 545.626979827881 490.578689575195 518.436176300049 547.281794548035 581.4052734375 545.621868133545 516.429092407227 663.259796142578 655.634666442871 500.669418334961 537.315505981445 759.818069458008 607.622646331787 570.732032775879 488.430053710938 338.476135253906 549.629890441895 612.911296844482 533.853881835938 607.633056640625 577.159996986389 526.871315002441 570.203048706055 680.003150939941 455.953491210938 776.343505859375 648.194225311279 508.161880493164 442.566909790039 661.974746704102 673.743286132812 609.078929901123 661.195434570312 568.854063034058 622.414093017578 699.102773666382 572.163146972656 563.58065032959 534.261390686035 588.162939071655 625.90092086792 649.221054077148 510.628723144531 528.383834838867 395.20930480957
570.603485107422 760.514045715332 776.240839004517 1075.3664855957 619.340240478516 500.685905456543 530.872283935547 656.254508972168 423.970718383789 470.482147216797 418.210952758789 500.269119262695 585.534729003906 421.008193969727 578.14031791687 616.458241939545 557.849227905273 570.544361114502 583.649933815002 589.600383758545 454.334167480469 557.475021362305 726.772552490234 513.84407043457 723.647353172302 497.695274353027 482.786186218262 599.663297653198 507.208274841309 594.333707809448 580.690132141113 635.045227050781 613.08571434021 623.156448364258 429.911819458008 598.171468436718 703.116226196289 553.87036895752 537.849609375 634.624938964844 614.471015930176 717.669151306152 650.044704437256 625.593297958374 519.088897705078 750.188186645508 621.755174636841 665.201625823975 565.919357299805 540.662635803223
700.804809570312 545.891176223755 772.324417114258 604.610210418701 664.678665161133 665.596008300781 560.700883865356 603.34112739563 814.752456665039 763.798965454102 533.790142059326 459.479331970215 408.07731628418 488.965484619141 585.054989337921 561.716583251953 641.20897102356 540.274948120117 615.255256652832 627.613063812256 681.980308532715 583.239181518555 574.637557983398 639.04061794281 733.441520690918 876.389831542969 719.062057495117 496.166381835938 686.008888244629 604.733089447021 594.664560317993 638.703895568848 536.944095611572 536.974544525146 598.387889862061 547.123668670654 535.30207824707 564.881938934326 376.473983764648 596.133638381958 437.260772705078 669.369812011719 532.083068847656 518.031982421875 554.361248016357 504.138862609863 679.638290405273 595.729877948761 729.232948303223 692.911888122559
567.588591814041 676.749214172363 532.85701751709 479.069381713867 689.449304580688 653.682582855225 551.38427734375 582.819614887238 509.10782623291 641.677551269531 516.413902282715 477.905975341797 622.587448120117 637.435623168945 493.499244689941 593.245674133301 617.534310102463 573.894477844238 644.787592887878 753.973861694336 639.821716308594 686.272811889648 687.375717163086 635.318962097168 532.709159851074 618.731399536133 699.249229431152 626.717910766602 599.022132873535 572.513595581055 705.856174468994 730.837097167969 719.79029083252 644.254825592041 547.280220031738 575.438953399658 445.921508789062 587.805031299591 617.069458007812 489.573455810547 635.927534103394 572.658020019531 575.492572784424 455.846298217773 571.115547180176 724.639068603516 591.473759174347 668.884811401367 753.004043579102 686.442108154297
509.30460357666 423.657397031784 486.512397766113 739.189193725586 866.675399780273 572.492681503296 688.039817810059 462.699409484863 615.284189224243 556.979164123535 550.077796936035 512.564872741699 465.524856567383 414.987167358398 797.780614852905 668.376497268677 703.635494232178 753.321849822998 760.455513000488 649.92356300354 503.801773071289 705.430488586426 629.611303329468 616.838943481445 666.368095397949 602.281903266907 671.182289123535 720.579341888428 642.302592754364 726.915107727051 625.52307510376 697.608226776123 722.536096572876 644.566864013672 553.640003204346 493.368812561035 526.832000732422 676.194725036621 543.093154907227 652.61111831665 680.191360473633 580.384136199951 602.157950878143 592.443416595459 417.766159057617 525.475357055664 602.723790168762 559.326690673828 778.073104858398 624.158164620399
600.377479553223 408.797937393188 512.951970100403 969.552642822266 826.020553588867 770.172210693359 403.255813598633 574.536443471909 606.358303070068 763.603973388672 606.520126342773 482.951446533203 603.698938369751 858.921939849854 761.435424804688 603.0266456604 632.142726898193 865.580459594727 713.10969543457 642.244468688965 665.664556503296 688.43904876709 651.210311889648 503.490119934082 541.205196380615 586.965171813965 665.931196212769 686.191020965576 611.570640563965 714.336540222168 567.137573242188 552.279396057129 537.549186706543 602.099582672119 648.996513366699 740.461990356445 717.15064239502 540.581260681152 530.506340026855 548.029861450195 588.805708885193 601.459328174591 616.904005050659 687.61686706543 604.029968261719 564.088188171387 694.609573364258 567.849414825439 699.99813079834 685.023239135742
572.216087341309 502.620101928711 517.234172821045 999.15673828125 726.784660339355 799.902160644531 553.952011108398 515.391736984253 645.196544647217 663.520735740662 679.641713619232 957.353588104248 425.997817993164 891.418369293213 792.438282012939 619.386756896973 676.596645355225 696.233375549316 781.247528076172 806.880111694336 575.478149414062 651.407623291016 687.743995666504 708.580780029297 644.38051700592 633.985515594482 730.979843139648 578.042961120605 574.997680664062 713.744358062744 493.425186157227 530.194358825684 586.150695800781 677.21533203125 631.153315544128 596.163627624512 650.057216644287 564.50093460083 559.278476715088 580.068435668945 679.183120727539 633.761833190918 698.644493103027 761.580429077148 665.269554138184 742.601295471191 416.580139160156 641.224676847458 752.316390991211 689.857646942139
719.394512176514 602.357942581177 538.542922973633 806.058902740479 703.781867980957 883.747192382812 793.105319976807 776.8317527771 726.712726593018 1005.61234521866 626.904644012451 478.237152099609 526.085998535156 537.388278961182 613.920234680176 661.753677368164 581.866628646851 602.678657531738 775.395992279053 557.826950073242 765.313987731934 611.801756858826 673.414306640625 529.094673156738 620.906074523926 646.030342102051 656.946568489075 430.634918212891 641.266425132751 766.896697998047 852.361587524414 743.174789428711 612.846025794744 531.269287109375 715.015266418457 723.434951782227 640.928195953369 580.698257446289 676.057075500488 642.448986053467 684.092086791992 492.936416625977 650.016270637512 668.945262908936 653.501550674438 630.674133300781 576.668746948242 497.759506225586 753.059669494629 558.842041015625
601.296244621277 622.765412330627 567.815319061279 592.459266662598 604.511756896973 768.567237854004 594.746921539307 763.115493774414 626.372323036194 1114.89488220215 402.227531433105 486.447451591492 471.617002487183 339.382263183594 556.500602722168 492.658996582031 646.582992553711 673.301937103271 867.252456665039 889.99418258667 664.03596496582 714.586273193359 481.697242736816 537.476986885071 681.16871547699 615.955772399902 597.515525817871 663.543744087219 539.311080932617 856.940078735352 579.414840698242 657.032176971436 590.454872131348 652.995862960815 610.336282014847 531.331809997559 609.506109237671 787.191879272461 584.154331207275 694.458282470703 506.362457275391 685.402740478516 683.612464904785 620.05228805542 797.427368164062 715.985607147217 647.31919002533 635.501117706299 755.485244750977 649.807114601135
635.094232559204 589.748193740845 403.807228088379 402.429172515869 480.264114379883 653.131538391113 520.291301727295 843.688629150391 605.081971168518 745.293663024902 696.05485534668 545.662330627441 687.334506988525 574.623474121094 544.691139221191 679.168186187744 484.640884399414 494.336023330688 406.820236206055 893.57740020752 736.505744934082 543.701200485229 763.247230529785 764.689517974854 641.044726371765 593.859161376953 752.412124633789 594.114074707031 580.078018188477 735.739456176758 652.720550537109 694.406814575195 841.368316650391 732.001930236816 606.675704956055 581.980037689209 494.166511535645 583.956790924072 653.658905029297 625.52876663208 650.811168193817 680.295263290405 546.161712646484 733.735347747803 724.084426879883 505.743179321289 674.086087703705 647.207847595215 614.097465515137 739.645446777344
521.507659912109 489.339906692505 481.652938842773 599.821863174438 564.642486572266 742.04931640625 492.093322753906 779.541381835938 654.019081115723 840.167266845703 747.539438247681 835.492004394531 755.213529586792 771.837032318115 810.176063537598 609.588684082031 554.142791748047 613.585370063782 609.074417114258 669.601501464844 555.261722564697 327.461853027344 714.908886194229 628.088516235352 982.629195213318 660.082509994507 671.773833751678 752.924028396606 594.446174621582 684.317901611328 457.67839050293 634.384857177734 859.088226318359 809.749572753906 565.462013244629 554.250938415527 734.696762084961 711.944190979004 701.322761535645 770.856109619141 740.982765197754 742.555892944336 621.251026153564 719.049266815186 850.368438720703 808.467330932617 734.566123962402 709.985164642334 729.129688262939 598.461029052734
433.610061645508 592.612512588501 644.36580657959 579.2353515625 -9999 -9999 -9999 -9999 -9999 -9999 -9999 -9999 -9999 -9999 -9999 600.395660400391 622.614372253418 772.408176422119 692.754783630371 644.922214508057 663.409385681152 669.041515350342 586.119741439819 391.857330322266 611.506507873535 575.235515594482 976.981430053711 672.694358825684 600.163520812988 1020.27919387817 608.753154754639 677.128971099854 639.655487060547 750.637535095215 596.578952789307 582.084953308105 617.913484573364 547.182800292969 762.349311828613 771.969848632812 720.405532836914 660.371124267578 614.015518188477 568.517112731934 622.422645568848 778.744995117188 788.645874023438 692.030630111694 691.383647918701 708.657283782959
-9999 -9999 -9999 -9999 -9999 -9999 -9999 -9999 -9999 -9999 -9999 -9999 -9999 -9999 -9999 -9999 -9999 -9999 615.724830627441 758.553047180176 699.416904449463 689.766235351562 604.242385864258 796.066986083984 585.475884437561 498.427871704102 680.761122703552 645.92493057251 717.920391082764 690.889801025391 787.473190307617 953.086410522461 690.465858459473 617.392822265625 634.370887756348 632.271793365479 672.946491241455 637.607244729996 690.775585174561 612.597076416016 820.589828491211 726.568508148193 753.88761138916 763.33780670166 756.668167114258 685.176931381226 767.942558288574 642.248985290527 691.532563209534 767.999633789062
