export/dem/dem10.asc
NCOLS 350
NROWS 171
XLLCORNER 152620
YLLCORNER 418050
CELLSIZE 100
NODATA_VALUE -9999
[rows 0 to 21 of 171, columns 100 to 149 of 350]
-9999 -9999 -9999 -9999 -9999 -9999 -9999 -9999 -9999 -9999 -9999 -9999 -9999 -9999 -9999 -9999 -9999 -9999 -9999 -9999 -9999 -9999 -9999 -9999 -9999 -9999 -9999 -9999 -9999 -9999 -9999 -9999 -9999 -9999 -9999 -9999 -9999 -9999 -9999 -9999 -9999 -9999 -9999 -9999 -9999 -9999 719.610300064087 800.683345794678 719.035110473633 570.357433319092
-9999 -9999 -9999 -9999 -9999 -9999 -9999 -9999 -9999 -9999 -9999 -9999 -9999 -9999 -9999 -9999 -9999 -9999 -9999 -9999 -9999 -9999 -9999 -9999 -9999 -9999 -9999 -9999 -9999 -9999 -9999 -9999 -9999 -9999 -9999 -9999 -9999 -9999 -9999 -9999 501.976852416992 634.429107666016 661.169853210449 563.383995056152 568.773132324219 657.499717712402 664.536113739014 747.999374389648 522.597019195557 684.771865844727
-9999 -9999 -9999 -9999 -9999 -9999 -9999 -9999 -9999 -9999 -9999 -9999 -9999 -9999 -9999 -9999 -9999 -9999 -9999 -9999 -9999 -9999 -9999 -9999 -9999 -9999 -9999 -9999 -9999 -9999 -9999 -9999 -9999 -9999 -9999 -9999 -9999 845.82640838623 722.953857421875 420.892395019531 593.048309326172 695.463035583496 701.6923828125 613.031158447266 689.35521697998 527.197448730469 521.702369689941 634.588388442993 726.282791137695 584.712333679199
-9999 -9999 -9999 -9999 -9999 -9999 -9999 -9999 -9999 -9999 -9999 -9999 -9999 -9999 -9999 -9999 -9999 -9999 -9999 -9999 -9999 -9999 -9999 -9999 -9999 -9999 -9999 -9999 -9999 -9999 -9999 -9999 -9999 -9999 714.340408325195 782.0533618927 883.306861877441 839.305679321289 688.26075553894 646.972053527832 525.886695861816 662.88568353653 660.952884674072 684.7452044487 801.865715026855 677.478340148926 672.764644622803 683.714416503906 669.523693084717 670.317428588867
-9999 -9999 -9999 -9999 -9999 -9999 -9999 -9999 -9999 -9999 -9999 -9999 -9999 -9999 -9999 -9999 -9999 -9999 -9999 -9999 -9999 -9999 -9999 -9999 -9999 -9999 -9999 -9999 -9999 -9999 -9999 -9999 747.703433990479 756.817474365234 560.290519714355 787.073593139648 637.096626281738 643.00016784668 762.105537414551 634.479976654053 596.394077301025 619.532764434814 740.479125976562 701.484426498413 603.533828735352 668.570846557617 658.363288879395 826.26342010498 762.301578521729 781.448574066162
-9999 -9999 -9999 -9999 -9999 -9999 -9999 -9999 -9999 -9999 -9999 -9999 -9999 -9999 -9999 -9999 -9999 -9999 -9999 -9999 -9999 -9999 -9999 -9999 -9999 -9999 -9999 -9999 -9999 -9999 863.451782226562 528.72456741333 568.486904144287 525.83617401123 546.543655395508 769.96378326416 792.546287536621 791.790351867676 856.523498535156 654.747638702393 852.455612182617 885.577331542969 800.130348205566 750.716659545898 695.395004272461 682.004600524902 851.513069152832 860.112540245056 805.067962646484 722.295816659927
-9999 -9999 -9999 -9999 -9999 -9999 -9999 -9999 -9999 -9999 -9999 -9999 -9999 -9999 -9999 -9999 -9999 -9999 -9999 -9999 -9999 -9999 -9999 -9999 -9999 -9999 -9999 511.543006896973 792.089134216309 697.658500671387 618.168155670166 745.856887817383 612.040325164795 626.20241355896 636.474124908447 538.488121032715 665.215412139893 912.176513671875 800.237762451172 1021.25250244141 742.800727844238 942.249618530273 730.686431884766 674.091598510742 609.769989013672 763.661457061768 1133.05953979492 1184.31336975098 967.621486663818 1032.45871925354
-9999 -9999 -9999 -9999 -9999 -9999 -9999 -9999 -9999 -9999 -9999 -9999 -9999 -9999 -9999 -9999 -9999 -9999 -9999 -9999 -9999 -9999 -9999 -9999 779.189846038818 642.159339904785 750.955902099609 618.539710998535 582.200533866882 654.582855224609 762.142990112305 586.541821479797 836.518402099609 611.352982521057 629.390933990479 568.659914016724 711.566867828369 728.162586212158 797.055320739746 865.391052246094 840.466215133667 918.212059020996 1044.71656799316 885.373550415039 923.064231872559 1159.02935791016 1060.54061126709 1031.49718475342 922.10951423645 1112.69147872925
-9999 -9999 -9999 -9999 -9999 -9999 -9999 -9999 -9999 -9999 -9999 -9999 -9999 -9999 -9999 -9999 -9999 -9999 -9999 -9999 -9999 -9999 692.061683654785 800.338203430176 517.990097045898 608.151021957397 762.477523803711 681.785186767578 442.818695068359 753.777572631836 634.055763244629 691.341415405273 726.943908691406 705.641441345215 671.118278503418 618.676254272461 707.935173034668 739.371984481812 881.738021850586 823.55647277832 968.63046169281 1045.216796875 863.961303710938 812.96230506897 793.685333251953 951.319786071777 808.689826965332 769.111610412598 798.232322692871 484.9375
-9999 -9999 -9999 -9999 -9999 -9999 -9999 -9999 -9999 -9999 -9999 -9999 -9999 -9999 -9999 -9999 -9999 -9999 -9999 889.71565246582 683.490669250488 796.275051116943 653.849266052246 638.244031906128 510.568655490875 534.211803436279 625.566274642944 834.203872680664 664.085357666016 653.135627746582 594.421741485596 753.972686767578 690.396545410156 635.602375030518 624.279632568359 589.65083694458 541.24658203125 715.974212646484 652.59125328064 874.810485839844 792.734703063965 772.996826171875 772.877937316895 555.266723632812 737.501266479492 667.273750305176 713.174352169037 846.593139648438 677.176513671875 665.455234527588
-9999 -9999 -9999 -9999 -9999 -9999 -9999 -9999 -9999 -9999 -9999 -9999 -9999 -9999 -9999 -9999 -9999 1043.28387832642 938.398696899414 940.123779296875 588.427742004395 641.593684911728 385.937683105469 601.615240097046 570.317371368408 712.410430908203 880.200256347656 742.39631652832 795.846229553223 754.278335571289 766.188369750977 627.634120941162 691.413024902344 601.575319290161 699.109741210938 629.698623657227 702.845779418945 528.15380859375 803.051300048828 764.466575622559 721.849723815918 805.27799987793 770.982055664062 719.93083190918 783.115783691406 715.527521133423 729.106910705566 678.285496711731 718.686424255371 548.668334960938
-9999 -9999 -9999 -9999 -9999 -9999 -9999 -9999 -9999 -9999 -9999 -9999 -9999 -9999 631.502676963806 813.015113830566 794.426345825195 873.50276184082 1063.16464233398 881.72713470459 1053.57965087891 575.048084259033 739.451248168945 709.160690307617 793.592544555664 659.834777832031 897.473724365234 708.067335128784 855.39030456543 673.637460231781 767.891357421875 686.466659545898 704.105606079102 744.31965637207 722.474899291992 564.343734741211 751.717132568359 669.338287353516 593.199188232422 567.78052520752 755.874820709229 720.567558288574 651.322216033936 767.164733886719 638.660938262939 626.353630065918 658.711458444595 791.020225524902 765.585502624512 635.322965621948
-9999 -9999 -9999 -9999 -9999 -9999 -9999 -9999 -9999 -9999 -9999 -9999 727.372174263 654.066078186035 483.548904418945 733.983635902405 597.237783432007 590.782424926758 1086.80924987793 762.908294677734 998.267625808716 649.056846618652 713.887580871582 522.403465270996 793.287651062012 863.304420471191 918.796813964844 691.725759506226 740.778957366943 831.911315917969 669.60962677002 584.054796218872 576.265029907227 745.882873535156 708.67936706543 671.553237915039 555.230025053024 621.946769714355 623.216054916382 616.360725402832 823.879402160645 735.160091400146 766.841484069824 753.866645812988 663.535095214844 715.362174987793 749.106292724609 657.211280822754 573.005096435547 585.07878112793
-9999 -9999 -9999 -9999 -9999 -9999 -9999 -9999 -9999 -9999 686.456275939941 641.995590209961 819.968696594238 747.941478729248 488.457015991211 661.434112548828 620.538744688034 579.108604431152 720.162857055664 631.791507720947 542.963756561279 586.7169008255 633.986835479736 811.551727294922 728.966049194336 702.561656951904 786.447528839111 897.059722900391 766.880882263184 586.847499847412 642.20581817627 465.456176757812 433.73641204834 385.310871124268 702.048217773438 677.018173217773 515.271999359131 768.453956604004 625.718048095703 712.046714782715 757.348304748535 719.388164520264 783.184661865234 749.291450500488 725.850952148438 680.86909866333 703.299732208252 709.344669342041 800.090713500977 553.113059997559
716.123683929443 885.960952758789 741.329886436462 617.547828674316 732.081589698792 298.819763183594 453.62508392334 470.485382080078 411.135101318359 304.615570068359 364.012023925781 568.87419128418 618.737796783447 586.095729827881 482.558090209961 668.752090454102 641.49360370636 513.07640838623 670.260719299316 507.91626739502 508.447113037109 622.017433166504 581.428070068359 765.121894836426 689.207670211792 842.203216552734 913.789077758789 788.871673583984 603.457534790039 631.79317855835 471.27352142334 569.158124923706 645.55241394043 478.880111694336 533.601142883301 753.157897949219 605.469680786133 686.265075683594 598.64048576355 717.901454925537 759.790802001953 650.485270500183 583.146658658981 522.089279174805 592.334697723389 577.623760223389 546.180606842041 499.336952209473 555.511291503906 740.686248779297
704.844190597534 799.545587539673 763.800773620605 563.65599822998 578.755271911621 405.872097015381 294.500701904297 267.832122802734 180.163909912109 231.132476806641 361.764678955078 445.144134521484 636.430234909058 573.895156860352 529.276092529297 477.339477539062 651.767333984375 592.740281820297 681.068619728088 564.832077026367 673.548622131348 487.858749389648 693.374908447266 713.677806854248 634.580511569977 766.317199707031 591.390800476074 540.795402526855 498.40486907959 592.211531639099 483.954931259155 496.028182983398 637.984268188477 406.812152862549 604.722831726074 693.779483795166 682.20463180542 684.587013244629 662.071304321289 610.811115264893 577.245727539062 721.065391540527 536.820655822754 738.93839263916 745.967037200928 1343.04183959961 1023.92922210693 735.242811203003 567.542198181152 666.425415039062
440.511566162109 564.688140869141 619.03031539917 473.548126220703 551.56583404541 393.594757080078 412.587837219238 367.09196472168 345.879814147949 603.216716766357 521.179496765137 459.838761329651 398.40340423584 515.251525878906 523.637580871582 574.109085083008 809.31763458252 874.70743560791 811.423587799072 794.554281234741 736.234684944153 999.660140991211 616.552033424377 653.324529647827 669.215488433838 673.313320159912 422.590087890625 682.0172290802 491.299591064453 480.932922363281 651.893120527267 638.253051757812 695.863498687744 796.633769989014 684.509399414062 742.772088050842 653.271430969238 732.892044067383 526.952407836914 604.398403167725 829.714324951172 570.133125305176 866.313606262207 829.306629180908 583.243583679199 853.338714599609 604.512222290039 716.195793151855 594.858531951904 826.159729003906
567.075866699219 623.124435424805 658.413205623627 447.07666015625 666.108779907227 723.680484771729 937.865440368652 1088.2090587616 612.890163421631 608.906286239624 391.863052368164 502.798944473267 612.260231018066 696.075210571289 554.051620483398 658.952629089355 680.353565216064 874.319938659668 479.507579803467 715.248794555664 641.282112121582 772.772674560547 536.140098571777 645.54483795166 645.438491821289 553.43977355957 581.627523899078 860.417922973633 808.359375 679.535064697266 668.148536682129 619.24080657959 514.714988708496 518.05736541748 656.488353729248 1228.30452728271 539.95809173584 466.658424377441 497.13346862793 552.14094543457 1313.76054382324 688.367820739746 702.43692779541 568.296405792236 392.623443603516 761.118110656738 794.087112426758 818.818222045898 683.774803161621 605.630737304688
550.803352355957 599.42427444458 1141.35632705688 585.564128875732 721.793209075928 659.245057106018 789.269451141357 1277.00909423828 663.31392288208 725.499380111694 645.021575927734 622.835433959961 683.844071388245 662.101608276367 392.441787719727 553.782890319824 513.499389648438 607.459846496582 397.668472290039 760.107727050781 442.149505615234 647.292854309082 567.961372375488 591.825714111328 448.04621887207 446.706085205078 450.980339050293 589.165637969971 1212.6919708252 925.573867797852 729.013278961182 711.800979614258 1002.20301055908 1088.96838849783 786.836898803711 1206.74970626831 1178.07653045654 856.841896057129 477.933059692383 572.921669006348 655.25235748291 577.389875411987 506.984840393066 576.295099258423 444.636444091797 532.558334350586 690.710472106934 661.563411712646 647.020067214966 606.379512310028
616.586410522461 699.552040100098 1195.23965525627 661.437564849854 627.826171875 724.102699279785 831.115921020508 1290.37049102783 924.305183410645 623.001281738281 984.553421020508 850.41340637207 891.192726135254 971.979393005371 518.70032119751 946.329528808594 412.406539916992 521.866714477539 375.57292175293 903.853286743164 635.781829833984 675.553609848022 630.686973571777 495.676193237305 1172.04209899902 1088.93118286133 712.830978393555 642.682214736938 473.575134277344 558.577210426331 530.903490066528 492.194694519043 533.466110229492 588.855186462402 543.259704589844 1206.41777801514 506.981018066406 446.056381225586 528.106491088867 503.364547729492 660.810340881348 532.452644348145 513.522842407227 713.100227355957 595.367305755615 526.090469360352 545.767593383789 695.115516662598 683.261169433594 643.31707572937
727.122716903687 533.991607666016 701.177391052246 513.163230895996 637.385601043701 715.854441165924 839.596633911133 681.650718688965 893.052597045898 524.713363647461 637.582454681396 1077.27238845825 649.463966369629 973.067893981934 1045.09440612793 903.614044189453 1198.82009124756 1118.8539276123 538.961349487305 446.495544433594 763.369346618652 417.924285888672 1120.22592926025 340.904846191406 523.278099060059 1202.54623031616 504.472389221191 566.110168457031 497.076248168945 455.728614807129 534.384269714355 490.376075744629 472.53076171875 660.38134765625 504.190811157227 555.059432983398 629.561431884766 527.213943481445 426.128814697266 617.892061233521 580.669189453125 743.711769104004 648.202705189586 641.32225894928 653.708854675293 771.394638061523 607.877872467041 680.787395477295 726.518264770508 655.571952819824
448.192092895508 541.607765197754 454.637596130371 478.450141906738 540.501907348633 879.631464004517 581.682849884033 759.352973937988 572.123199462891 554.913558959961 674.507907867432 872.742023468018 615.455604553223 810.152027130127 462.707443237305 2213.75839233398 1081.82508850098 754.570365905762 263.510833740234 743.891571044922 675.198699951172 543.559547424316 390.32600402832 921.749969482422 1172.57886886597 1415.45941162109 936.686630249023 771.190361022949 528.859119415283 638.470695495605 477.36604309082 592.371571540833 532.745239257812 623.194590568542 458.833862304688 503.954933166504 627.463520050049 526.949325561523 606.22029876709 534.086715698242 516.32243347168 451.701370239258 471.160064697266 624.238980770111 733.828338623047 617.723621368408 652.096723079681 559.953422546387 639.599716186523 771.22193145752
