export/dem/dem11.asc
NCOLS 350
NROWS 171
XLLCORNER 152620
YLLCORNER 418050
CELLSIZE 100
NODATA_VALUE -9999
[rows 110 to 131 of 171, columns 300 to 349 of 350]
700.793609619141 686.078834533691 865.903123855591 707.429618835449 673.886512756348 885.045028686523 695.276016235352 821.702194213867 996.247161865234 718.987442016602 863.712615966797 641.78483581543 1687.05751037598 866.736541748047 634.501312255859 684.992004394531 1479.8934211731 565.584381103516 1164.12415313721 -9999 -9999 -9999 -9999 -9999 -9999 -9999 -9999 -9999 -9999 -9999 -9999 -9999 -9999 -9999 -9999 -9999 -9999 -9999 -9999 -9999 -9999 -9999 -9999 -9999 -9999 -9999 -9999 -9999 -9999 -9999
873.201068878174 756.647071838379 614.650281906128 765.418630599976 729.077141523361 693.594779968262 1168.49998474121 1384.26937866211 721.092437744141 625.703567504883 1420.84214019775 564.002990722656 899.142013549805 583.426208496094 672.102676391602 621.362930297852 875.611663818359 1236.20356750488 1125.97827911377 -9999 -9999 -9999 -9999 -9999 -9999 -9999 -9999 -9999 -9999 -9999 -9999 -9999 -9999 -9999 -9999 -9999 -9999 -9999 -9999 -9999 -9999 -9999 -9999 -9999 -9999 -9999 -9999 -9999 -9999 -9999
821.516841888428 790.598907470703 956.634750366211 766.921493530273 854.9450340271 642.262725830078 587.109848022461 980.430656433105 775.197788238525 1788.90985107422 928.273956298828 857.692055702209 748.914009094238 669.812774658203 621.026412963867 1225.90319824219 753.627883911133 974.292266845703 1853.40839385986 920.123573303223 -9999 -9999 -9999 -9999 -9999 -9999 -9999 -9999 -9999 -9999 -9999 -9999 -9999 -9999 -9999 -9999 -9999 -9999 -9999 -9999 -9999 -9999 -9999 -9999 -9999 -9999 -9999 -9999 -9999 -9999
822.759208679199 839.365699768066 844.272764205933 915.793865203857 734.310340881348 701.589744567871 687.998382568359 801.426704406738 815.468856811523 2336.99492454529 786.636421203613 839.83219909668 688.982940673828 1129.80223083496 1203.94367980957 1076.2491607666 1082.94754600525 599.550079345703 960.178039550781 1286.41725158691 1056.13259887695 -9999 -9999 -9999 -9999 -9999 -9999 -9999 -9999 -9999 -9999 -9999 -9999 -9999 -9999 -9999 -9999 -9999 -9999 -9999 -9999 -9999 -9999 -9999 -9999 -9999 -9999 -9999 -9999 -9999
821.609212398529 708.540405273438 839.629154205322 799.097655296326 670.148401260376 722.081001281738 591.486694335938 724.953590393066 782.749801635742 1263.16128540039 746.000717163086 979.240783691406 1048.71970748901 940.822570800781 794.341911315918 843.147933959961 758.063194274902 840.003433227539 1025.87074279785 920.005821228027 1107.28755950928 -9999 -9999 -9999 -9999 -9999 -9999 -9999 -9999 -9999 -9999 -9999 -9999 -9999 -9999 -9999 -9999 -9999 -9999 -9999 -9999 -9999 -9999 -9999 -9999 -9999 -9999 -9999 -9999 -9999
781.286842346191 863.720428466797 748.986633300781 837.581378936768 1130.76890563965 786.168067932129 602.512237548828 862.794639587402 582.956405639648 922.97509765625 1309.7883605957 687.408325195312 779.481750488281 1211.89991760254 793.78263092041 882.983581542969 1115.67401123047 960.990573883057 900.61824798584 734.669486999512 728.012031555176 615.973388671875 -9999 -9999 -9999 -9999 -9999 -9999 -9999 -9999 -9999 -9999 -9999 -9999 -9999 -9999 -9999 -9999 -9999 -9999 -9999 -9999 -9999 -9999 -9999 -9999 -9999 -9999 -9999 -9999
841.626712799072 739.768629074097 893.981002807617 1096.29940414429 563.180541992188 636.447931289673 1206.8433380127 871.418418884277 604.146240234375 1095.25201416016 1091.18515014648 1500.4636554718 1045.58089447021 1091.90923309326 783.919792175293 786.422286987305 1227.314453125 1042.86936950684 758.906242370605 877.898206710815 694.357040405273 793.054580688477 1040.63626128435 -9999 -9999 -9999 -9999 -9999 -9999 -9999 -9999 -9999 -9999 -9999 -9999 -9999 -9999 -9999 -9999 -9999 -9999 -9999 -9999 -9999 -9999 -9999 -9999 -9999 -9999 -9999
850.643699645996 817.532989501953 935.017036437988 874.958541870117 1284.11372756958 1358.95810508728 584.954452514648 520.583892822266 712.908012390137 755.849464416504 829.969085693359 989.168491363525 1216.46801376343 1158.0474395752 770.152297973633 923.037658691406 922.340530395508 777.091979980469 739.161949157715 699.184585571289 750.981140136719 655.363632202148 861.235794067383 -9999 -9999 -9999 -9999 -9999 -9999 -9999 -9999 -9999 -9999 -9999 -9999 -9999 -9999 -9999 -9999 -9999 -9999 -9999 -9999 -9999 -9999 -9999 -9999 -9999 -9999 -9999
841.564674377441 745.090873718262 860.198699951172 959.458061218262 925.549644470215 786.306644439697 681.305633544922 904.719818115234 635.148376464844 764.572658538818 665.806549072266 637.943943023682 790.769813537598 854.51575088501 964.257207870483 1038.49484062195 819.518241882324 774.79418182373 776.362632751465 744.744812011719 804.72774887085 882.651637077332 915.960418701172 895.077919006348 -9999 -9999 -9999 -9999 -9999 -9999 -9999 -9999 -9999 -9999 -9999 -9999 -9999 -9999 -9999 -9999 -9999 -9999 -9999 -9999 -9999 -9999 -9999 -9999 -9999 -9999
1123.06820678711 928.186706542969 770.612350463867 735.41667175293 932.022033691406 784.442138671875 689.109817504883 752.993253707886 688.502418518066 548.560607910156 814.548522949219 776.278602600098 780.255722045898 1067.35329627991 1225.93734550476 904.341708540916 762.840728759766 727.688507080078 885.128222465515 797.99634552002 786.513893127441 816.9462890625 798.467514038086 835.514999389648 988.798652648926 -9999 -9999 -9999 -9999 -9999 -9999 -9999 -9999 -9999 -9999 -9999 -9999 -9999 -9999 -9999 -9999 -9999 -9999 -9999 -9999 -9999 -9999 -9999 -9999 -9999
1383.60223388672 1742.71886444092 962.875976085663 1169.96062088013 1225.82624816895 933.364479064941 700.744728088379 802.782945156097 693.534492492676 1322.75498962402 518.756927490234 872.818244934082 797.02437210083 1072.05984592438 803.680656433105 1558.07162475586 831.070938110352 808.440710067749 777.468727111816 935.806213378906 738.646499633789 890.973261833191 1016.62336730957 817.167724609375 833.239410400391 996.84464263916 -9999 -9999 -9999 -9999 -9999 -9999 -9999 -9999 -9999 -9999 -9999 -9999 -9999 -9999 -9999 -9999 -9999 -9999 -9999 -9999 -9999 -9999 -9999 -9999
1058.96125793457 1029.51655578613 1257.45072937012 908.998688697815 1457.12103271484 1674.32056045532 1058.22779083252 786.406784057617 834.33918762207 859.741470336914 827.540412902832 759.060031890869 926.518413543701 621.040542602539 866.146072387695 824.754264831543 980.873306274414 941.114395141602 844.182931900024 801.024379730225 775.125450134277 727.389862060547 852.268684387207 661.268798828125 869.670253753662 832.459953308105 -9999 -9999 -9999 -9999 -9999 -9999 -9999 -9999 -9999 -9999 -9999 -9999 -9999 -9999 -9999 -9999 -9999 -9999 -9999 -9999 -9999 -9999 -9999 -9999
1166.71688079834 1133.9617767334 1369.87843322754 987.882514953613 1293.23533630371 1581.26106262207 1478.63753294945 1123.10862731934 978.470054626465 1117.1117401123 1034.1035118103 922.740222930908 954.409866333008 924.721534729004 925.912113189697 781.380729436874 808.742988586426 867.453132629395 835.405529022217 717.451942443848 679.337951660156 757.436729431152 884.335113525391 806.625331878662 810.704456329346 910.894011974335 926.367309570312 -9999 -9999 -9999 -9999 -9999 -9999 -9999 -9999 -9999 -9999 -9999 -9999 -9999 -9999 -9999 -9999 -9999 -9999 -9999 -9999 -9999 -9999 -9999
1248.22962188721 928.169150829315 838.23498916626 992.113655090332 1134.14570617676 1436.94655609131 1561.27856445312 1043.87068939209 890.365188598633 1044.27586174011 775.022232055664 700.573265075684 839.501554489136 807.992143630981 812.564613342285 834.675975799561 777.199630737305 890.343933105469 819.66170501709 903.487747192383 821.904079437256 716.895202636719 829.539297103882 796.186029434204 748.400646209717 796.150466918945 783.86971282959 854.350685119629 -9999 -9999 -9999 -9999 -9999 -9999 -9999 -9999 -9999 -9999 -9999 -9999 -9999 -9999 -9999 -9999 -9999 -9999 -9999 -9999 -9999 -9999
1047.90978240967 1020.76658630371 827.780162811279 936.874664306641 1001.52515411377 1156.50089263916 1523.68915367126 997.624603271484 948.447250366211 792.159797668457 755.322124481201 714.018043518066 749.482475280762 740.568061828613 751.38597202301 934.653465270996 943.450592041016 802.453269958496 903.223049163818 844.642894744873 659.527923583984 815.482057094574 741.693168640137 831.617618560791 821.909631252289 820.428834915161 770.564071655273 853.274078369141 781.250549316406 -9999 -9999 -9999 -9999 -9999 -9999 -9999 -9999 -9999 -9999 -9999 -9999 -9999 -9999 -9999 -9999 -9999 -9999 -9999 -9999 -9999
956.037811279297 808.27515411377 870.063915252686 1137.66703796387 1484.42791748047 987.152542114258 1139.45853424072 1096.86198425293 790.618881225586 674.462509155273 849.209865570068 720.114196777344 834.305252075195 669.976165771484 882.383026123047 773.843597412109 727.584568023682 1027.14483642578 840.23316192627 876.219440460205 970.078796386719 793.924345016479 877.961353302002 1028.58163452148 779.636867523193 827.243713378906 853.011194229126 973.001411437988 962.574371337891 -9999 -9999 -9999 -9999 -9999 -9999 -9999 -9999 -9999 -9999 -9999 -9999 -9999 -9999 -9999 -9999 -9999 -9999 -9999 -9999 -9999
841.213371276855 929.475620269775 1631.86463928223 1478.49240112305 1127.44524765015 1061.15837287903 1469.36292076111 1167.4166135788 1260.2946472168 876.297348022461 796.671924591064 810.944135248661 678.364593505859 965.173736572266 879.009796142578 838.256284713745 896.804683208466 803.067436218262 967.761299133301 1024.43647766113 931.215400695801 770.129266738892 864.934993743896 778.916641235352 758.936222076416 757.402904510498 943.483856201172 852.523998260498 789.611053466797 873.901859283447 -9999 -9999 -9999 -9999 -9999 -9999 -9999 -9999 -9999 -9999 -9999 -9999 -9999 -9999 -9999 -9999 -9999 -9999 -9999 -9999
957.235057830811 1055.82658004761 1170.37372970581 1727.11521911621 1922.04890823364 1280.41906738281 1174.40358352661 1100.15381622314 1213.06674957275 918.410247802734 937.591232299805 910.030303955078 740.974853515625 828.101357460022 809.317756652832 826.103046417236 761.132743835449 857.21760559082 994.907295227051 873.632675170898 846.224361419678 942.388511657715 913.214096069336 957.587295532227 858.919956207275 931.989303588867 936.607177734375 948.646306991577 979.931789398193 795.848289489746 813.321464538574 -9999 -9999 -9999 -9999 -9999 -9999 -9999 -9999 -9999 -9999 -9999 -9999 -9999 -9999 -9999 -9999 -9999 -9999 -9999
1175.94268035889 1015.55387496948 958.512788772583 1402.22452545166 1494.51837921143 1456.65894317627 1687.34103393555 1307.68821716309 1078.6276512146 1044.61351776123 1072.88632202148 1053.55099487305 1173.84959411621 1028.6844291687 892.157516479492 867.768585205078 871.5192527771 900.683086395264 585.411727905273 944.402542114258 825.497985839844 979.787979125977 942.49976348877 866.479927062988 849.04665184021 913.680274963379 943.163192749023 885.52579832077 876.158973693848 935.957717895508 772.692470550537 -9999 -9999 -9999 -9999 -9999 -9999 -9999 -9999 -9999 -9999 -9999 -9999 -9999 -9999 -9999 -9999 -9999 -9999 -9999
1364.41188049316 926.245567321777 1028.64236450195 1324.95446014404 1226.09759521484 1530.2311706543 1572.74681091309 1281.09236907959 1878.25030517578 1362.44256305695 1270.80771636963 1241.73233795166 1281.49110412598 1706.35443878174 1308.27462768555 925.955940246582 904.397689819336 903.64208984375 842.284982681274 954.627136230469 988.282073974609 1004.35683441162 923.276058197021 937.920867919922 1050.50483703613 990.024017333984 1014.00727844238 780.796073913574 1006.61424255371 881.405960083008 872.617218017578 953.879936218262 -9999 -9999 -9999 -9999 -9999 -9999 -9999 -9999 -9999 -9999 -9999 -9999 -9999 -9999 -9999 -9999 -9999 -9999
1123.28095841408 1056.37573242188 961.710547447205 1268.11956787109 945.568229675293 1283.9129447937 1782.63931274414 1554.63497924805 1282.99864578247 1388.00527191162 1224.2961730957 1038.37270545959 1247.48291015625 1394.7192325592 976.215038299561 1138.13423156738 874.213272094727 862.374568939209 945.074478149414 885.159343719482 1044.24365234375 935.417518615723 911.373352050781 984.57373046875 939.847541809082 856.666193008423 978.852966308594 1043.34748840332 926.86269068718 965.090194702148 786.732349395752 920.5810546875 867.014694213867 -9999 -9999 -9999 -9999 -9999 -9999 -9999 -9999 -9999 -9999 -9999 -9999 -9999 -9999 -9999 -9999 -9999
676.402786254883 875.004959106445 1431.6001625061 965.840713500977 918.229133605957 1208.07025146484 1345.89288330078 1332.47955322266 1374.77141571045 1371.81445789337 1298.88835144043 1177.68688583374 1015.58781433105 1054.79977035522 977.877988815308 1162.66700744629 1007.95569229126 909.135108947754 1149.68826293945 827.396224975586 834.79522895813 824.059938430786 900.34952545166 927.346796035767 970.456588745117 822.408420562744 906.899604797363 1028.39259338379 900.816305160522 965.37907409668 903.596874237061 858.526462554932 870.243495941162 -9999 -9999 -9999 -9999 -9999 -9999 -9999 -9999 -9999 -9999 -9999 -9999 -9999 -9999 -9999 -9999 -9999
