export/dem/dem15.asc
NCOLS 350
NROWS 171
XLLCORNER 152620
YLLCORNER 418050
CELLSIZE 100
NODATA_VALUE -9999
[rows 44 to 65 of 171, columns 50 to 99 of 350]
583.520309448242 721.599998474121 924.72216796875 763.754096984863 265.203338623047 373.596046447754 501.958896636963 532.701232910156 484.348793029785 539.347621440887 999.431049346924 542.687149047852 427.421401977539 504.196317672729 405.026840209961 394.258369445801 489.897144317627 311.985305786133 277.462890625 394.667798995972 407.109764099121 325.210304260254 307.138290405273 391.045944213867 222.859634399414 307.608497619629 486.906051635742 370.201194763184 315.795776367188 479.76448059082 343.775146484375 597.734375 449.685973644257 448.777069091797 491.416721343994 564.319931030273 557.946868896484 616.302001953125 375.303215026855 354.025840759277 364.351951599121 425.869132995605 478.535842895508 386.911884307861 420.409132003784 445.872232437134 434.805935382843 334.605255126953 435.072984695435 478.101856231689
634.451797485352 534.020812988281 632.961318016052 682.301048278809 317.735916137695 566.559219360352 467.2099609375 567.032670974731 429.647567749023 630.197624206543 426.057540893555 494.807951927185 350.465789794922 358.425003051758 384.019729614258 455.048690438271 508.022842407227 518.056373596191 324.73412322998 483.545337677002 360.89933013916 362.998527526855 181.086227416992 313.057601928711 267.907272338867 186.219985961914 377.474140167236 468.044258117676 306.847717285156 393.800365447998 441.129168510437 560.773155212402 411.955320358276 422.542217254639 541.96118927002 477.392938613892 527.567962646484 423.578786849976 406.675364732742 341.702903747559 446.266994476318 372.730751037598 289.955062866211 355.035690307617 246.14372253418 485.420120954514 536.376777648926 422.239135742188 437.441482543945 551.351516723633
651.399394989014 600.919185638428 598.096282958984 334.80802154541 404.579689025879 379.311111450195 525.966827392578 460.946895599365 653.477573394775 575.990676879883 491.933561325073 517.78924036026 444.660545349121 344.219100952148 463.488180160522 379.972366333008 369.600891113281 468.914432525635 415.90404856205 226.129455566406 387.290711164474 298.573745727539 137.426086425781 406.227917194366 312.517395019531 233.086898803711 350.109512329102 534.161361694336 538.183464050293 364.079528808594 280.626037597656 526.441444396973 315.488555908203 444.739145278931 384.42414855957 526.377403259277 466.636547088623 389.36287689209 396.749742507935 289.977401733398 366.364105224609 393.899353027344 294.274871826172 270.347183227539 374.393016815186 339.277770996094 380.990699768066 438.438241958618 456.876792907715 528.228492736816
684.582954406738 410.495018005371 503.163925170898 395.211246490479 345.293060302734 435.954883575439 1116.75231933594 654.475639343262 553.899412155151 578.552803039551 581.343467712402 513.738496303558 419.484405517578 380.134162902832 503.747566223145 333.506736755371 300.560729980469 204.730026245117 305.585929870605 193.298889160156 288.655830383301 334.993392944336 273.390182495117 137.572296142578 191.865814208984 316.573600769043 414.193714141846 306.26643371582 453.481501579285 386.450653076172 485.587795257568 634.963989257812 397.836071014404 416.293352127075 402.349216461182 488.098819732666 460.268350601196 596.92073059082 451.812488555908 418.826601028442 381.510047912598 442.599528431892 330.949325561523 482.232574462891 415.927786111832 336.697639465332 415.17066192627 489.21842956543 377.266311645508 311.892082214355
416.585594177246 400.409317016602 428.144187927246 586.8610496521 345.263214111328 483.409080505371 446.647060394287 551.786758422852 509.065535783768 504.327020645142 529.692064285278 497.20753288269 415.958145141602 460.58194732666 517.704803466797 237.158706665039 372.434432983398 518.329780578613 414.91180229187 364.326396942139 380.439441680908 316.414276123047 303.946723937988 324.964965820312 261.727844238281 408.261492729187 363.357986450195 286.181381225586 513.407814025879 543.900665283203 533.28889465332 483.816913604736 430.249629974365 464.857738494873 518.921585083008 416.305948257446 434.760128974915 464.29320526123 366.584457397461 420.388069152832 336.987060546875 364.069145202637 427.855369567871 414.164089202881 331.652336120605 440.706807136536 575.355964660645 489.169033050537 556.994438171387 390.384468078613
626.299507141113 498.229988098145 355.276245117188 435.747619628906 646.698844909668 498.435718536377 696.060577392578 420.05228805542 491.245258331299 474.392881393433 542.908889770508 598.322227478027 533.908012390137 552.910797119141 478.117190361023 429.9993724823 554.982299804688 277.033073425293 547.34033203125 365.912528991699 417.621291637421 312.53401184082 451.912559509277 433.413501739502 350.127548217773 455.97876739502 333.98127746582 420.834720373154 484.751575469971 390.37211227417 527.81591796875 547.45140838623 396.252017974854 471.772094726562 427.541103363037 475.624923706055 534.717903137207 487.209255218506 380.191104888916 381.436412811279 383.139751434326 362.048721313477 302.409423828125 502.102298736572 337.735015869141 393.305934906006 483.559322357178 484.466018676758 340.136764526367 388.025856018066
463.689735412598 511.193775177002 428.808921813965 1015.72160243988 568.360673904419 561.508434295654 643.858337402344 569.050117492676 436.045829772949 462.841371417046 445.845763683319 607.384780883789 469.536244392395 303.072906494141 409.406475067139 467.81628036499 304.390014648438 419.530219078064 504.321235656738 612.059616088867 290.982696533203 470.423393249512 311.498527526855 500.986595153809 521.082534790039 451.051993370056 348.406558990479 345.661148071289 477.187030792236 405.315351486206 533.575119018555 390.101890563965 450.12287902832 363.311614990234 302.637489318848 469.025203704834 444.387187957764 309.61841583252 286.109466552734 307.200332641602 361.698501586914 295.517044067383 237.141418457031 389.543739318848 495.109793663025 499.850490570068 560.031631469727 546.487548828125 427.508413314819 460.145119667053
708.457339525223 613.571350097656 430.501644134521 572.950771331787 605.108390808105 510.62920331955 467.998378753662 474.890865325928 535.685821533203 419.325070381165 462.74104642868 432.284540891647 541.328483581543 438.549345970154 355.111137390137 524.421920776367 579.617874145508 540.228179931641 291.933486938477 466.171051025391 430.461135864258 546.983535766602 351.991851806641 330.540451049805 409.651145935059 344.01212310791 351.624435424805 232.632461547852 477.42765045166 373.50110244751 465.697334289551 476.695648193359 368.972860982642 432.904767990112 519.96012878418 423.959334850311 457.784259796143 395.956338882446 296.652862548828 373.309314727783 388.403964996338 288.726547241211 216.854919433594 436.770971894264 339.817489624023 366.62671661377 336.016918182373 435.649831771851 312.33805847168 428.565975189209
753.352233886719 499.404846191406 951.250595092773 598.486377716064 646.448913574219 674.923828125 610.819152832031 481.076048374176 440.829341888428 377.52906036377 526.869148254395 521.446090698242 538.158721923828 281.443267822266 331.990043640137 454.325199127197 470.558280944824 523.937004089355 574.08366394043 406.68256187439 414.006802082062 379.155548095703 600.100219726562 535.950569152832 471.463954925537 342.104942321777 394.862358093262 319.95450592041 398.093603134155 475.121948242188 358.561553955078 477.944915771484 478.636520385742 315.906280517578 308.085990905762 367.543197631836 240.074035644531 365.560264587402 381.371089935303 235.625900268555 433.938907623291 262.268173217773 331.6787109375 393.088203430176 329.656051635742 346.633304595947 329.137886047363 462.375782012939 407.718837499619 371.557081222534
739.925033569336 568.880889892578 495.46369934082 660.611755371094 623.47541809082 555.258888244629 440.410793304443 635.055847167969 488.994665145874 518.874717712402 576.475631713867 355.553558349609 363.899578094482 278.576690673828 448.258113861084 471.586624145508 385.641487121582 549.188751220703 556.092620849609 460.580257415771 535.828018188477 437.52933883667 453.938594818115 529.960311889648 504.339267730713 329.53604888916 604.200546264648 129.36962890625 278.820098876953 488.873245239258 582.659378051758 584.034561157227 456.628726959229 335.306022644043 346.481002807617 538.321556091309 146.905334472656 422.253940582275 394.928899765015 325.37816619873 242.185012817383 335.394844055176 295.799659729004 225.029434204102 362.907043457031 395.506135940552 475.846530914307 365.582359313965 393.195922851562 551.14818572998
636.823253631592 485.39204788208 639.263885498047 657.281744003296 451.28978729248 746.384521484375 698.538711547852 651.316192626953 502.801830291748 451.359024047852 552.869415283203 581.323127746582 400.496342658997 271.947784423828 421.795960426331 519.732429504395 517.020431518555 276.493728637695 414.058205604553 335.125610351562 353.358867645264 493.831260681152 303.257339477539 719.873184204102 536.05667591095 431.097961425781 477.2568359375 371.829824447632 380.716369628906 459.887634277344 496.208335876465 454.326972961426 346.621021270752 403.910993240774 337.727378845215 516.871551513672 479.626853942871 451.512447357178 255.140060424805 292.436584472656 304.146728515625 361.387111663818 301.029792785645 380.875228881836 343.432258605957 248.148223876953 373.386821746826 338.390830993652 455.509872436523 431.626029968262
618.899812698364 1185.37882995605 532.979083061218 595.979621209204 510.573146820068 548.979167938232 585.707847595215 700.407531738281 409.720073699951 374.283168792725 490.377502441406 407.700054168701 488.285369873047 539.66121673584 427.915313720703 464.389930725098 435.033729553223 565.682220458984 260.417343139648 484.933349609375 477.937622070312 387.894651412964 328.727226257324 457.550443649292 555.553436279297 432.064697265625 315.487781524658 426.67854309082 571.506912231445 294.05738067627 428.397796630859 372.589487075806 338.264717102051 435.073986053467 464.544822692871 523.399482727051 406.975798606873 462.374820709229 270.355438232422 443.226650238037 308.165184020996 251.015579223633 231.407653808594 341.445426940918 326.628677368164 526.051979064941 408.239994049072 268.796661376953 393.575927734375 340.652709960938
535.730247497559 683.213935852051 601.336128234863 658.390483856201 509.282468795776 508.601745605469 580.795394897461 504.748031616211 554.471794128418 359.291770935059 400.765558719635 365.888484954834 408.087781906128 432.314544677734 458.72380065918 418.147238105536 463.894542694092 351.203502655029 299.481407165527 491.522262573242 489.108055114746 498.276466369629 322.61302947998 358.074075698853 513.389190673828 544.695739746094 369.361061096191 383.801803588867 243.694564819336 397.423716306686 310.517303466797 337.537506103516 292.678337097168 349.964361190796 621.037185668945 447.801319122314 397.919627189636 559.545120239258 323.06462097168 340.201263427734 265.595932006836 464.51815032959 428.906824111938 326.373115539551 335.015922546387 303.806060791016 335.533500671387 341.785522460938 488.203929901123 380.592567443848
781.309997558594 561.289924621582 552.979808807373 427.185218811035 543.899442672729 804.867401123047 674.34407043457 581.798004150391 408.323797225952 406.545095443726 414.563007354736 274.357315063477 481.161888122559 429.833662033081 453.950927734375 431.914916992188 426.923197746277 424.05304145813 430.677713394165 464.674755096436 295.839462280273 412.825651168823 454.986061096191 488.303421020508 510.852096557617 303.083045959473 291.223442077637 322.659609794617 168.343154907227 300.275897979736 299.694438934326 343.667312145233 441.324115753174 360.79734992981 364.28787612915 384.367380142212 360.603784561157 426.45991897583 455.081817626953 456.211273193359 334.371994018555 271.427963256836 348.109745025635 468.691879272461 403.011152267456 237.887069702148 439.897006988525 471.847332000732 304.603523254395 445.417018890381
500.686786174774 390.422332763672 529.840507507324 563.533893585205 621.470367431641 724.561264038086 508.348058700562 337.741836547852 284.602310180664 317.314117431641 432.598658323288 390.703748703003 269.382217407227 530.355484008789 343.066814422607 544.448120117188 396.616546630859 419.897632598877 447.102073669434 404.932889938354 432.274307250977 501.693908691406 275.139755249023 203.464149475098 237.182762145996 241.545974731445 292.414455413818 264.815895080566 393.124298095703 401.972512245178 469.545883178711 341.655010223389 403.514005661011 438.889556884766 464.026435852051 344.967948913574 475.270355224609 527.036033630371 412.381126403809 439.870750427246 339.013603210449 281.006881713867 414.835005760193 337.843597412109 386.266344070435 356.822059631348 338.911567687988 503.881099700928 438.467830657959 397.14094543457
416.84790802002 632.496185302734 646.920915603638 592.371815681458 551.024311065674 506.923400878906 415.915473937988 304.433227539062 385.915023803711 506.584831237793 474.167854309082 374.254059791565 433.334823608398 325.140497207642 482.938018798828 334.015312194824 468.991760253906 430.667772054672 405.321195602417 415.177735328674 429.705825805664 385.113430023193 532.460876464844 396.732620239258 340.107148170471 412.078468322754 317.676250457764 289.627586364746 185.138305664062 331.5080909729 321.064769744873 352.565062046051 302.107559204102 344.380043029785 380.42570734024 540.34553527832 450.144958496094 490.767372131348 343.554866790771 544.913665771484 302.41455078125 507.563133239746 564.039566040039 412.447032928467 391.553419113159 393.721485137939 441.898833274841 464.805772781372 466.651996612549 494.080841064453
430.562602996826 624.800601959229 652.390880584717 641.442043304443 778.854904174805 612.01965713501 475.644981384277 555.501487731934 406.617973327637 382.450393676758 479.616142272949 350.533973693848 390.454339027405 265.246788024902 437.120567321777 254.338470458984 557.792495727539 417.889349937439 394.123294830322 373.184242248535 365.556831359863 508.882888793945 341.490417480469 394.524757385254 421.575866699219 236.148910522461 340.331110954285 300.939666748047 252.131088256836 476.343811035156 318.386257171631 159.907821655273 473.235626220703 401.298229217529 329.135879516602 209.909515380859 308.989448547363 445.46883392334 325.243774414062 501.094383239746 436.519184112549 509.080123901367 499.904174804688 456.818069458008 493.657428741455 414.427582740784 399.935326576233 395.312587738037 453.98339176178 407.741436004639
493.123424530029 535.959568023682 541.4469165802 543.664205551147 603.070568084717 715.063270568848 799.700241088867 530.467792510986 440.290618896484 421.557798862457 311.952766418457 388.278059005737 386.579972982407 368.614450454712 372.804107666016 457.129024982452 300.777755737305 410.705783843994 327.284523010254 469.370002746582 534.015655517578 510.40251159668 456.751441955566 418.537540435791 283.590950012207 177.879653930664 436.233695983887 406.856687545776 406.832489013672 247.096282958984 330.869049072266 353.529655456543 180.059204101562 455.21265411377 326.420059204102 332.602619171143 366.200450897217 444.178094863892 308.454582214355 576.744476318359 541.131607055664 520.952697753906 466.870365142822 548.407211303711 321.063926696777 452.49861073494 394.309656143188 381.193260192871 518.080570220947 469.048727035522
473.570671081543 509.895141601562 580.583000183105 503.891090393066 414.712585449219 643.201070785522 700.34065246582 473.711441040039 443.724109649658 334.405212402344 535.115737915039 354.801704406738 365.376647949219 447.208984375 312.955596923828 306.777336120605 255.073539733887 370.85130572319 436.182678222656 411.333583831787 382.937573432922 167.523933410645 479.760231018066 468.560882568359 247.956619262695 461.888633728027 390.781471252441 292.777740478516 410.699371337891 356.590175628662 338.139804840088 336.9421043396 312.777011871338 414.177356719971 367.408626556396 383.549210548401 462.755569458008 341.158767700195 602.550201416016 386.557216644287 452.344390869141 459.47447013855 394.743021011353 242.569839477539 576.545700073242 415.797885894775 351.332527160645 428.554275512695 529.862396240234 426.636539459229
458.649002075195 471.821548461914 642.01579284668 612.509468078613 552.163673877716 423.773376464844 369.854274749756 390.529655456543 399.369132995605 357.748943328857 472.826316833496 475.567243099213 382.983456134796 313.712707519531 343.470569610596 255.738166809082 272.868240356445 347.459482192993 379.214241027832 456.326248168945 401.979711532593 424.163558959961 376.207483291626 207.405303955078 184.448532104492 396.031513214111 304.623039245605 375.925506591797 401.152965545654 454.533348083496 385.745542526245 373.836715698242 393.307037353516 387.116960525513 298.70970916748 486.571014404297 397.833687782288 566.525543212891 418.964870452881 469.402576446533 496.293533325195 529.148765563965 432.476396560669 361.91820526123 509.506301879883 413.439292430878 448.589394569397 552.658798217773 393.83247756958 382.173492431641
538.177373886108 377.805603027344 228.112884521484 614.104740142822 584.690620422363 376.447235107422 378.804405212402 411.820125579834 426.682222366333 471.825828552246 419.626986503601 382.162172317505 348.298973083496 318.842517852783 362.329510688782 324.143760681152 354.510203838348 418.879917144775 411.207336425781 463.830024719238 422.924911499023 392.741733551025 487.704956054688 376.529993772507 428.684135437012 149.029968261719 224.852615356445 350.041790008545 416.269487380981 349.374126434326 358.388185501099 506.422752380371 349.266807556152 527.875244140625 375.451965332031 443.180263519287 245.039749145508 377.844005584717 515.90087890625 460.799770355225 301.441505432129 398.086566925049 376.472160339355 403.439720153809 486.074550628662 406.25750541687 268.89274597168 346.78099822998 368.724975585938 295.085968017578
445.352989196777 522.795746803284 322.674911499023 475.488876342773 512.516128540039 464.015184640884 221.097076416016 318.896072387695 329.61262512207 585.909393310547 533.878356933594 397.227062225342 376.08589553833 251.696662902832 415.532760620117 300.32935333252 351.552963256836 375.682159423828 409.589975357056 402.226261138916 378.184019088745 417.455326080322 372.083634376526 293.577800750732 323.697227478027 279.675712585449 354.845420837402 268.673973083496 262.408149719238 341.740900039673 205.599411010742 439.839233398438 552.082260131836 273.461578369141 563.174819946289 378.826488494873 405.555716991425 296.729690551758 463.820350646973 445.141351222992 290.697479248047 368.155700683594 473.779144287109 524.68807220459 584.277145385742 361.107765197754 546.240577697754 423.776056289673 406.4573097229 256.005065917969
