export/dem/dem100.asc
NCOLS 350
NROWS 171
XLLCORNER 152620
YLLCORNER 418050
CELLSIZE 100
NODATA_VALUE -9999
[rows 0 to 21 of 171, columns 150 to 199 of 350]
628.366843700409 565.797325134277 566.026596069336 -9999 -9999 -9999 -9999 -9999 -9999 -9999 -9999 -9999 -9999 -9999 -9999 -9999 -9999 -9999 -9999 -9999 -9999 -9999 -9999 -9999 -9999 -9999 -9999 -9999 -9999 -9999 -9999 -9999 -9999 -9999 -9999 -9999 -9999 -9999 -9999 -9999 -9999 -9999 -9999 -9999 -9999 -9999 -9999 -9999 -9999 -9999
588.656032562256 491.325805664062 698.102172851562 656.645179748535 652.193077087402 610.738784790039 667.188886880875 -9999 -9999 -9999 -9999 -9999 -9999 -9999 -9999 -9999 -9999 -9999 -9999 -9999 -9999 -9999 -9999 -9999 -9999 -9999 -9999 -9999 -9999 -9999 -9999 -9999 -9999 -9999 -9999 -9999 -9999 -9999 -9999 -9999 -9999 -9999 -9999 -9999 -9999 -9999 -9999 -9999 -9999 -9999
458.670928955078 395.602645874023 586.589149475098 591.490341186523 706.815685272217 780.806106567383 541.063827514648 535.648559570312 646.065505981445 833.861530303955 783.723023056984 897.134376525879 883.614433526993 889.461431503296 -9999 -9999 -9999 -9999 -9999 -9999 -9999 -9999 -9999 -9999 -9999 -9999 -9999 -9999 -9999 -9999 -9999 -9999 -9999 -9999 -9999 -9999 -9999 -9999 -9999 -9999 -9999 -9999 -9999 -9999 -9999 -9999 -9999 -9999 -9999 -9999
419.053253173828 287.588287353516 504.327758789062 603.046516418457 667.735706806183 595.293472290039 474.48974609375 911.925121307373 969.386850833893 835.901840209961 645.601974487305 642.016738891602 657.108711242676 686.578025817871 597.210578918457 547.407920837402 892.123077392578 937.567073822021 908.918224334717 767.48489689827 798.287014007568 790.955909729004 825.770660400391 715.039115905762 763.527248382568 697.882217407227 645.242980957031 647.76488494873 662.448722839355 525.372528076172 763.528831481934 764.603324890137 880.879848003387 775.342002868652 733.915878295898 -9999 -9999 -9999 -9999 -9999 -9999 -9999 -9999 -9999 -9999 -9999 -9999 -9999 -9999 -9999
1027.82356071472 511.427978515625 578.93448638916 812.14973449707 1014.01317214966 934.345062255859 923.958882331848 1055.06845855713 834.429595947266 791.323379516602 871.409271240234 599.879814147949 775.677618026733 677.942108154297 638.788017272949 630.353538513184 680.755641937256 986.963531494141 801.765228271484 527.279510498047 913.130645751953 803.210056304932 783.902816772461 751.858154296875 786.214714229107 733.736476898193 644.229415893555 702.971981048584 539.664810180664 674.704177856445 869.944686889648 753.300270080566 656.897476196289 688.591003417969 665.564147949219 554.619674682617 617.009880065918 573.993026733398 845.559453964233 887.474496841431 707.345252990723 652.209218025208 542.845794677734 609.398174285889 747.36020565033 805.885345458984 821.203964233398 1039.07702636719 747.605850219727 739.616317749023
974.698020935059 641.198841094971 714.070350646973 958.663242340088 1121.21055984497 969.621597290039 780.636962890625 859.396301269531 882.821853637695 814.127990722656 830.651123046875 610.890106201172 734.804901123047 362.479370117188 720.078967124224 407.430969238281 863.951538085938 843.811225891113 812.065254211426 745.556629180908 779.040794372559 548.243530273438 789.542991638184 761.620910644531 718.899559020996 517.48860168457 667.065968513489 576.352462768555 353.0810546875 489.947830200195 770.989063262939 749.689500808716 664.594924926758 596.189224243164 579.918304443359 591.204566955566 851.624206542969 780.851425170898 932.032791137695 847.096210479736 833.208886176348 657.154503583908 740.638031005859 574.192321777344 659.767862945795 834.029083251953 539.441589355469 664.414471149445 592.007202148438 702.220458984375
1143.61036920547 1145.16522216797 819.678428649902 790.296062469482 1007.28459072113 881.765953063965 705.045166015625 853.412811279297 926.875595092773 936.445114135742 1140.771484375 692.33292388916 564.634841918945 331.544845581055 685.204319000244 579.604736328125 679.12202835083 635.669616699219 592.316177368164 796.079048156738 717.255455970764 735.180042922497 699.574520111084 619.336235046387 781.852348327637 645.950668334961 784.927894592285 507.024551391602 624.978540420532 665.679244995117 660.39421081543 777.505301475525 621.216228485107 638.773166656494 770.523506164551 787.137420654297 835.289634227753 769.984252929688 894.76749420166 871.608005523682 798.269905090332 844.468905448914 723.253234863281 685.334226608276 623.838325500488 705.968738555908 752.107391357422 686.80184173584 708.701206505299 769.146220386028
1165.7067232132 778.691101074219 676.635276794434 556.956680297852 872.691925048828 863.539413452148 811.848373413086 670.805084228516 906.629867553711 994.022186279297 1094.73973035812 534.805053710938 753.977527618408 468.524108886719 730.032730102539 805.523796081543 612.458541870117 751.465625762939 605.248123168945 697.238235473633 948.282907485962 909.289596557617 884.221626281738 919.083984375 625.729120254517 692.873775482178 562.816352844238 676.491354584694 590.426147460938 666.96076965332 712.437152862549 621.000015258789 601.010879516602 612.825378417969 791.377449035645 864.937572479248 926.023262023926 910.469131469727 657.201766967773 876.311218976974 856.12427520752 845.92036819458 773.13062286377 809.838190078735 899.390174865723 910.817512512207 932.928798675537 842.425849914551 699.215435028076 652.608200073242
750.529563903809 606.230209350586 761.462837219238 729.826509475708 918.558799743652 566.627563476562 785.657958984375 755.912902832031 802.475311279297 872.664047241211 675.796005249023 825.445030212402 564.277626037598 592.228424072266 834.126004219055 630.590324401855 719.667434692383 680.429870605469 734.281951904297 764.512321472168 754.450561523438 1019.71820068359 994.116622924805 827.457061767578 652.470916748047 744.176950454712 766.429885864258 768.150928497314 739.099231719971 927.319290161133 735.646858215332 850.778697013855 853.706893920898 773.238019943237 645.798446655273 947.512189865112 978.074718475342 991.32299041748 972.667479395866 848.756500244141 868.290618896484 895.00857925415 747.962074279785 853.158758163452 863.784126281738 915.716941833496 893.683221340179 830.612274169922 859.773483276367 756.731192588806
594.87890625 760.840614318848 658.944791793823 673.037105441093 643.391284942627 652.010498046875 510.604309082031 510.002502441406 541.620536804199 535.302810668945 538.501235961914 435.258850097656 504.860198974609 750.327548980713 771.117721557617 1011.4104309082 900.337432861328 479.292114257812 928.001197814941 799.283489227295 873.336486816406 945.494369506836 1196.99807167053 1217.31285476685 702.390556335449 869.628845214844 735.850286483765 655.784042358398 668.263885498047 595.539901733398 850.590445280075 772.666763305664 800.937423706055 937.676315307617 685.435844421387 982.904434204102 955.509046554565 860.03588104248 962.898882865906 1021.02892303467 697.043212890625 778.799335479736 835.045648574829 886.894924163818 1056.70490264893 914.507972717285 923.87703704834 881.555768966675 825.267282962799 809.61625289917
678.353742599487 664.02311706543 647.992134094238 719.204063415527 550.397171020508 679.617969512939 493.315124511719 337.218826293945 520.722015380859 601.743385314941 449.504302978516 665.100074768066 411.885620117188 706.692615509033 543.609344482422 893.238967895508 1013.82112884521 517.923126220703 1011.90718078613 625.27018737793 927.423126220703 914.939529418945 674.66748046875 918.010391235352 864.60718536377 911.753280639648 557.086128234863 464.237258911133 510.907051086426 632.834526062012 630.450294494629 810.44310760498 503.383483886719 516.815650939941 788.053558349609 947.984252929688 910.897560119629 840.498647689819 869.988124370575 970.536926269531 680.09183716774 822.994827270508 820.58758354187 851.049270629883 842.818504333496 1271.85960769653 893.268775939941 1228.11506652832 1377.03004455566 833.22974395752
776.574867248535 574.622482299805 640.429126739502 679.374042510986 604.665557861328 534.976821899414 243.590423583984 526.582611083984 581.926689147949 493.854064941406 515.792541503906 803.033157348633 541.54377746582 866.612899780273 668.668273925781 725.710708618164 693.022521972656 769.923610687256 868.521648406982 795.885986328125 668.096336364746 1168.95003700256 759.717651367188 768.446151733398 740.999977111816 738.774631500244 1181.98828125 1197.94533157349 1007.43740844727 1146.89057922363 1098.17652893066 659.252738952637 774.661018371582 514.630035400391 572.540023803711 721.935884475708 746.201187133789 723.588333129883 552.974273681641 616.775894165039 740.239414215088 812.510416030884 848.204700469971 690.386339187622 580.373184204102 669.500633239746 579.664611816406 773.718788146973 1042.31884384155 826.563079833984
455.160064697266 475.493522644043 577.952041625977 629.857768535614 707.232383728027 662.229499816895 649.253082275391 556.031185150146 554.661514282227 631.683624267578 757.724044799805 736.311561584473 1220.73962402344 917.116233825684 819.72932434082 452.725936889648 568.204696655273 720.53116607666 983.94669342041 738.674934387207 678.464080810547 1076.82981491089 832.987335205078 698.480072021484 749.535362243652 662.776565551758 967.134231567383 1267.37050628662 676.10913848877 993.294448852539 1202.68121337891 623.348999023438 757.026622772217 705.330837249756 748.626129150391 907.502685546875 904.372722625732 637.17594909668 599.091079711914 677.928035736084 764.571117401123 669.014541625977 768.112559318542 601.350738525391 613.303516387939 726.342772483826 728.972229003906 692.10620880127 668.728256225586 765.927795410156
497.493499755859 507.754776000977 571.070085525513 1007.82077026367 1003.50772094727 1223.54425811768 1145.05262756348 627.373023986816 597.672649383545 513.818176269531 507.072280883789 560.229202270508 701.38162946701 688.405081748962 772.139801025391 663.495914459229 573.206420898438 631.948509216309 707.317169189453 704.852245330811 694.324066162109 526.648910522461 895.312606811523 757.531936645508 768.489326477051 947.925902843475 628.523971557617 708.349349975586 908.290844917297 703.057510375977 1346.05043411255 693.789421081543 625.689514160156 593.435684204102 644.414609909058 982.077560424805 981.299743652344 776.786594390869 601.70191860199 681.240079879761 532.522964477539 567.318344116211 828.31326675415 687.087482452393 634.731262207031 647.333885192871 818.561813354492 1026.11437225342 976.849920272827 841.779781341553
1216.87747955322 670.794803619385 505.610572814941 431.930618286133 674.755199432373 686.550788879395 797.985679626465 687.423263549805 838.381332397461 613.143432617188 652.504898071289 721.132284164429 548.059371948242 570.36344909668 1204.0549621582 643.167114257812 702.339033126831 604.910783052444 803.32364654541 844.890529632568 644.725814819336 726.861190795898 810.670288085938 685.136428833008 661.709167480469 736.568199157715 873.98860168457 932.225484132767 720.377807617188 670.428276062012 659.215484619141 937.399673461914 1267.48913192749 735.94873046875 851.675708770752 770.308532714844 847.941032409668 699.82054901123 592.775203704834 580.282081604004 720.885793685913 832.60107421875 692.85359954834 686.10834980011 597.272548675537 730.547065734863 781.451801300049 766.784080505371 865.022819519043 698.502429962158
615.656311035156 513.978668212891 599.692093849182 601.544363021851 649.541505813599 695.98063659668 621.449562072754 702.954830169678 599.086795806885 669.844650268555 596.194458007812 558.598122596741 573.999099731445 1039.75749206543 553.530075073242 710.762710571289 716.779745101929 900.855609893799 783.53539276123 1184.17336273193 1258.30291748047 994.330932617188 1141.59985351562 714.396423339844 826.310050964355 737.783981323242 1053.59630823135 1072.30551147461 888.284289360046 779.444221496582 950.646499633789 670.272304534912 811.410905122757 539.405868530273 682.734901428223 821.315145492554 623.931407928467 730.333980560303 799.659118652344 647.345094680786 732.663906097412 551.252426147461 732.556949615479 631.277206420898 583.979583740234 591.457489013672 562.261993408203 778.554550170898 782.74658203125 752.900722503662
659.644229888916 715.684242248535 567.868053436279 651.48645401001 685.623153686523 561.885082244873 897.605041503906 762.989265441895 628.862121582031 541.09260559082 595.15355682373 504.650650024414 1425.23262023926 1493.70508003235 700.848236083984 808.461418151855 564.348770141602 697.963745117188 712.228681564331 703.534233093262 1220.53401184082 598.14714050293 678.029342651367 525.932907104492 622.137756347656 562.660720825195 1792.48974609375 1137.26054382324 843.021560668945 733.54879283905 968.25492477417 648.687812805176 685.665517807007 1182.61507797241 854.435579299927 765.093379974365 710.080013275146 1063.13323783875 1255.54601669312 723.360481262207 652.715000152588 757.16625213623 691.046550750732 758.70351600647 1122.57313537598 722.794933319092 653.31120300293 701.072071075439 782.43482208252 867.959182739258
507.101890563965 561.590007781982 599.824357032776 693.287605285645 479.208557128906 774.270782470703 676.234798431396 616.650081634521 666.851428985596 691.908767700195 602.173244476318 603.6575756073 666.038748990744 523.076416015625 516.066162109375 1029.99482727051 532.886093139648 682.959033966064 578.382499694824 667.293149471283 542.016616821289 565.933334350586 722.892890930176 862.27530670166 739.376335144043 943.075912475586 593.9501953125 796.727977752686 654.711318969727 729.079040527344 811.130069732666 775.811126708984 760.707107543945 621.130676269531 1118.32543945312 838.950393676758 600.420280456543 602.544731140137 675.625334739685 611.33504486084 684.047203063965 918.211654663086 843.919876098633 717.777505874634 689.414978027344 563.168670654297 636.08683013916 697.741349220276 1099.2206993103 810.723489761353
603.61328458786 651.409965515137 612.897371530533 529.924644470215 688.036041259766 661.957511901855 1108.42569541931 868.093684196472 636.579809427261 592.332077026367 693.803207397461 505.213577270508 566.354202270508 609.00114440918 544.8388671875 1077.42900085449 1011.82096862793 1138.82540130615 823.448463439941 848.338845729828 508.631164550781 579.142837524414 1057.87280273438 518.365142822266 919.385528564453 594.640953063965 657.423385620117 609.577163696289 669.322639465332 785.526901245117 832.279710769653 714.808921813965 580.139114379883 608.379127502441 531.581176757812 1395.84625434875 567.847732543945 643.665969848633 607.221534729004 1089.00156211853 701.251922607422 917.242052078247 918.06256377697 1123.6629486084 1240.47949981689 1342.26787567139 739.833587646484 607.836540222168 601.411678314209 413.303405761719
570.694368362427 510.45694732666 622.411266326904 517.674949645996 570.977779388428 545.094657897949 897.936752319336 554.174583435059 616.311836242676 658.638849973679 953.871780395508 489.978607177734 568.630264282227 585.247688293457 634.615653991699 608.053119659424 449.749801635742 595.220848083496 609.582481384277 416.861633300781 671.803100585938 684.940765380859 727.011833190918 697.053970336914 922.726922035217 688.844757080078 522.029479980469 874.944290161133 835.212532043457 582.105575561523 833.105045318604 691.714744567871 1092.04284667969 646.190731048584 711.800201416016 613.10954284668 612.871967315674 570.791786193848 691.520732879639 832.072708129883 698.344306588173 680.884887695312 1016.28300476074 573.986072540283 663.799509048462 566.810897827148 772.729766845703 569.763862609863 626.61255645752 478.358093261719
542.997379302979 491.466873168945 548.675086975098 506.428283691406 597.666633605957 683.805549621582 682.675826787949 504.676834106445 1286.44361495972 611.570953369141 490.452621459961 639.963417053223 549.169303894043 566.23713684082 590.738655090332 439.316207885742 512.100082397461 451.665924072266 710.082885742188 629.060211181641 701.157470703125 681.325656890869 576.12825012207 829.221298217773 789.334869384766 867.915718078613 902.038314819336 701.308479309082 565.272514343262 742.184099197388 580.933265686035 795.673477172852 640.318161010742 576.801933288574 569.343978881836 617.36576461792 658.620834350586 671.571404457092 683.650236129761 808.792373657227 623.577857971191 747.933532714844 1173.6188659668 625.181147575378 786.286338806152 1237.26588058472 608.715026855469 485.169845581055 683.015579223633 810.708450317383
578.999904632568 626.970211131498 624.184246063232 624.961675643921 787.119522094727 719.331260681152 1019.35532569885 561.863906860352 636.790771484375 541.107727050781 573.335639953613 678.449684143066 543.174880981445 1054.93474578857 518.287307739258 596.240379333496 720.285675048828 623.548522949219 1016.65833282471 669.997314453125 750.817733764648 1270.46041870117 1000.94728088379 587.448944091797 717.086378574371 959.925464630127 925.24178314209 749.547096252441 1590.30974197388 725.944999694824 606.420272827148 699.97133731842 538.129428863525 636.839858055115 632.171857833862 488.838317871094 588.560707092285 610.692516326904 740.406953811646 714.860729694366 605.071006774902 621.590950012207 683.958776473999 699.814228057861 527.688705444336 1265.81512451172 481.820114135742 655.938205718994 697.480584144592 616.979133605957
