export/dem/dem100.asc
NCOLS 350
NROWS 171
XLLCORNER 152620
YLLCORNER 418050
CELLSIZE 100
NODATA_VALUE -9999
[rows 22 to 43 of 171, columns 150 to 199 of 350]
595.888925552368 525.340965270996 599.69217300415 595.870826721191 558.623306274414 569.977718353271 582.25470161438 496.64070892334 535.803802490234 696.230037689209 474.886627197266 661.506362915039 809.556655883789 454.290344238281 814.824399471283 607.442329406738 836.898162841797 653.737617492676 488.52229309082 680.443740844727 558.108154296875 552.492294311523 744.132141113281 717.124847412109 743.230640411377 536.441635131836 823.52995300293 726.086156845093 634.808662414551 666.508304595947 561.800556182861 451.354339599609 561.562000274658 434.427780151367 571.541313171387 534.990631103516 557.710350036621 560.279373168945 637.979175567627 615.563934326172 649.689807891846 759.642009735107 618.562278747559 791.171035766602 635.2688331604 636.222560882568 802.950759887695 697.093002319336 715.907310962677 711.290761351585
745.17414855957 571.434036254883 654.559997558594 752.672958374023 524.954803466797 659.904876708984 541.54736328125 567.768928527832 518.265754699707 651.242668151855 509.201171875 589.070236206055 691.006332397461 660.92546081543 536.952941894531 508.891647338867 695.987539291382 722.0751953125 586.10124206543 720.083751678467 688.494705200195 543.103179931641 773.253398895264 580.923675537109 678.080825805664 617.727584838867 1084.64476013184 722.846527099609 623.722156524658 604.640151977539 617.442050933838 702.301441192627 431.02082824707 325.550842285156 541.324577331543 642.202923297882 587.913352966309 740.920387268066 625.943241119385 640.646015167236 687.683067321777 673.96176803112 618.682273864746 706.068355560303 678.431858062744 677.925964355469 815.389144897461 784.071319580078 813.185577392578 752.484161376953
557.802974700928 532.675910949707 670.716648101807 614.965324401855 606.373918533325 762.62483215332 614.49935489893 565.706275939941 670.436080932617 639.316453933716 579.932891845703 568.745880126953 838.008605957031 653.036560058594 468.588607788086 1207.55305480957 657.851303100586 428.337265014648 572.239196777344 768.034767150879 727.734169006348 687.195392608643 724.003797531128 685.868230104446 577.452369689941 506.068389892578 574.41527557373 414.260208129883 658.776727676392 424.757049560547 597.913269042969 570.704284667969 532.000267028809 544.930633544922 610.65135383606 638.616306304932 583.581611633301 807.291305541992 814.305709838867 655.17658996582 754.931411743164 706.128700256348 724.085670471191 740.423881530762 679.723926544189 608.350414276123 775.421188354492 715.23641204834 740.928525924683 612.372108459473
769.062377929688 615.633224487305 545.943500518799 418.110717773438 577.437240600586 613.041688919067 686.482467651367 645.033931732178 535.442245483398 587.372423171997 511.456451416016 542.643615722656 1130.03343963623 540.594924926758 754.979400634766 345.875091552734 273.534637451172 993.423973083496 596.706634521484 684.730331420898 1068.73309707642 937.656044006348 580.688232421875 516.024749755859 567.322273254395 621.388008117676 655.296279907227 545.212753295898 385.419174194336 500.671104431152 625.72513961792 537.637023925781 364.775054931641 532.953369140625 628.468976020813 628.748782157898 776.440963745117 761.153579711914 601.150588989258 600.202491760254 638.898719787598 753.771598815918 830.517303466797 691.788669586182 724.961207389832 700.156135559082 722.211650848389 699.963334083557 743.488010406494 765.662719726562
630.58971786499 624.028842926025 599.319727420807 640.885823249817 547.939826965332 545.349418640137 502.677536010742 539.085845947266 656.765426635742 582.208522796631 566.144824981689 485.818710327148 573.538223266602 610.617095947266 570.8567237854 582.013595581055 531.125961303711 523.835906982422 506.359420776367 608.515380859375 521.300628662109 461.665756225586 627.201118469238 485.216979980469 619.74781036377 561.967529296875 842.189811706543 487.884674072266 523.981369018555 529.585472106934 679.739986419678 577.810997009277 523.538146972656 579.864036560059 671.854785919189 529.224403381348 684.726264953613 636.977300882339 690.922208309174 620.019386291504 623.171039581299 674.488965988159 736.596885681152 570.491897583008 745.999900817871 847.620010375977 749.356792449951 770.990333557129 693.566167831421 691.535400390625
755.290267944336 756.61442565918 604.808931350708 615.1845703125 500.067115783691 571.692920684814 594.420894622803 548.109771728516 484.820297241211 559.9212474823 615.489852905273 731.259902954102 611.103637695312 581.884887695312 572.039703369141 689.654663085938 684.37589263916 487.991256713867 523.793556213379 821.006103515625 638.092590332031 523.534454345703 529.231033325195 474.539886474609 590.7646484375 787.111335754395 633.021373748779 814.49535369873 513.991973876953 742.301483154297 797.904510498047 588.228145599365 715.545303344727 651.471749305725 737.851188659668 861.349426269531 612.326171636581 673.865892410278 630.09764289856 562.944534301758 698.677208185196 590.744953155518 544.885116577148 680.762756347656 732.862594604492 587.784660339355 610.277050018311 664.953107833862 767.848526000977 744.182838439941
618.400012969971 519.447364807129 606.568983078003 684.884269714355 431.840400695801 627.773918151855 637.495334625244 570.660488128662 638.749675750732 648.604419708252 746.747481912374 1222.71486282349 796.068977355957 859.873500823975 742.271110534668 1046.59136962891 471.957550048828 1065.31653594971 503.606857299805 717.202102661133 920.825790405273 505.999114990234 412.073455810547 487.224060058594 495.767486572266 588.594360351562 536.366928100586 657.557220458984 615.194990158081 605.312808990479 459.339599609375 581.442031860352 639.329872131348 577.823798179626 817.616134643555 684.941516876221 532.093067169189 585.66212272644 614.320203781128 544.676776885986 824.144271850586 1004.44891929626 605.262390136719 586.235900878906 569.422256469727 734.41170501709 624.167808532715 612.086301326752 597.421065330505 645.585083007812
355.728851318359 425.650421142578 638.370849609375 598.709009170532 602.592384338379 498.017219543457 353.299774169922 527.851982116699 574.070134431124 513.74006652832 786.939422607422 1097.17462158203 902.408485412598 1095.75297546387 866.4968791008 614.884201049805 756.555534362793 489.346405029297 563.766677856445 613.195436477661 923.682678222656 533.656723022461 548.161033630371 612.891311645508 295.353851318359 514.757377624512 647.509113311768 608.836227416992 660.277675628662 603.674501419067 614.747547149658 551.008281707764 512.369506835938 752.04972076416 545.170280456543 637.176189422607 641.030084609985 655.764820098877 709.748008728027 799.57243347168 674.293910980225 824.563507080078 695.428527832031 652.831739425659 655.833829879761 553.385139465332 694.785312652588 625.187600135803 657.551662445068 583.137150526047
545.202475547791 432.045257568359 597.02331161499 489.385803222656 664.514595031738 592.403615951538 633.286911010742 542.286224365234 514.94799041748 643.241176605225 879.019424438477 851.386306762695 1016.75303649902 903.073249816895 868.340019226074 611.499954223633 546.582332611084 606.558441162109 535.618427276611 850.351676940918 634.651916503906 606.809326171875 528.169898986816 406.636474609375 459.476913452148 549.008438110352 602.810552597046 710.965476989746 729.471946716309 664.901077270508 662.981079101562 642.525096893311 580.966558456421 747.531188964844 457.022033691406 567.071649551392 834.739303588867 747.439056396484 724.749649047852 597.356401443481 771.607093811035 782.757522583008 543.093704223633 724.937141418457 851.340927124023 625.329160690308 559.334850311279 558.559303283691 593.828699946404 529.044250488281
510.662189483643 547.461434364319 512.537784576416 578.195035934448 654.487327575684 457.223152160645 583.781156539917 498.919158935547 527.152015686035 742.032104492188 716.346115112305 639.718048095703 908.096895217896 491.130096435547 621.433952331543 501.000755310059 644.600536346436 564.630256652832 576.06805896759 499.91625213623 448.752258300781 503.841133117676 455.387420654297 553.998062133789 452.973785400391 444.435501098633 651.286861419678 683.838485717773 587.031976699829 541.885793685913 583.770780563354 637.732963562012 496.430572509766 514.264083862305 678.945709228516 480.289573669434 711.778747558594 690.750854492188 667.603370666504 610.020725250244 802.032173156738 648.146461486816 678.556266784668 677.78197479248 676.076591491699 595.09810256958 474.61572265625 591.73824262619 624.309627532959 520.458190917969
613.15013885498 602.722995758057 656.09400177002 475.822654724121 612.04301071167 450.680458068848 594.007773399353 510.497219085693 870.922110795975 590.630798339844 734.338809967041 602.193630218506 673.030014038086 594.21244430542 778.368942260742 517.201484680176 579.236926078796 739.180130004883 581.841784477234 541.567722320557 548.484304428101 637.284423828125 464.426071166992 634.713722229004 434.124816894531 552.775288581848 391.747360229492 575.730304718018 550.668689727783 591.038465499878 616.07600402832 603.282371520996 624.48518371582 541.065298080444 503.760314941406 599.453746795654 551.820306777954 605.409152984619 680.093643188477 543.05908203125 632.220394134521 685.363732814789 582.852356672287 540.187503814697 490.44270324707 591.219399452209 476.115440368652 480.050338745117 393.030075073242 586.925941944122
428.553199768066 577.277921676636 463.955276489258 511.167335510254 610.813201904297 465.618850708008 566.536783218384 530.625526428223 653.835529327393 679.226100921631 573.148406982422 457.904876708984 695.533226013184 539.379543304443 598.3541431427 608.09511756897 683.852363586426 716.003158569336 695.573593139648 569.971201896667 576.645142316818 590.065126419067 470.786552429199 516.030376434326 387.245056152344 567.381255865097 502.762756347656 628.377460479736 547.89680814743 576.695158004761 598.873648643494 717.839309692383 536.85697555542 506.287872314453 564.8168592453 587.994190216064 514.260932922363 611.995254516602 499.689239501953 655.00365447998 530.401069641113 523.803298950195 505.166641235352 600.937685012817 563.232236862183 582.202308654785 414.460586547852 551.693691253662 532.401317596436 531.159042358398
529.557525634766 599.947242736816 460.273918151855 462.266288757324 539.95468711853 537.018585205078 628.765682220459 472.184631347656 573.832796573639 684.925476074219 665.71265411377 520.866958618164 616.688907623291 681.833656311035 589.610446929932 487.875755310059 574.012428283691 696.833740234375 545.242702484131 432.660064697266 520.19429397583 517.187740325928 589.249412536621 443.901733398438 550.66677570343 614.316764831543 514.554302215576 571.70135307312 518.14933013916 425.883354187012 441.692611694336 485.421245574951 403.298202514648 670.093818664551 546.851318359375 696.699432373047 676.788528442383 516.324256896973 587.55100440979 625.879123687744 596.652332305908 636.543891906738 551.044948577881 603.021778106689 708.106456756592 574.37246131897 524.750045776367 701.606433868408 647.413394927979 655.600238800049
506.849674224854 518.005748748779 669.647918701172 546.45955657959 504.804836273193 380.903030395508 498.769111633301 459.204299926758 659.507530212402 460.124450683594 374.773208618164 517.518333435059 575.687683105469 597.976764678955 468.113609313965 459.554878234863 421.051406860352 685.309898376465 543.403148651123 509.561946868896 556.806283950806 508.373268127441 648.48755645752 553.084655761719 584.507084846497 528.145941734314 501.600425720215 663.080933570862 480.590259552002 531.60831785202 441.181846618652 600.196155548096 429.277770996094 547.824378967285 642.072128295898 672.295936584473 734.352714538574 680.233428955078 392.028396606445 496.918224334717 457.600471496582 715.639633178711 433.264755249023 692.175186157227 1157.79175186157 431.888298034668 587.17892074585 506.146026611328 548.988434791565 628.60725402832
616.245246887207 391.9931640625 458.255409240723 390.677474975586 367.830810546875 460.500152587891 436.187477111816 505.325302124023 440.056549072266 534.61791229248 596.606904983521 508.986320495605 625.168739318848 443.633422851562 524.985790252686 626.603507995605 531.542924880981 572.082088470459 541.714762926102 542.794755399227 577.199604034424 549.538660049438 508.041793823242 536.640821456909 673.744300842285 712.413208007812 459.541702270508 628.128433227539 550.695821762085 583.169788360596 464.771591186523 636.12770652771 570.529019355774 596.148107528687 550.736026763916 607.312984466553 536.051165103912 551.352806091309 620.188136339188 679.087615966797 732.956115722656 689.038856506348 514.09309387207 529.299984931946 886.851303100586 539.034801483154 543.557374954224 545.72376537323 604.94421005249 718.356567382812
656.410682678223 503.434169769287 626.511741638184 482.938537597656 453.529418945312 436.838928222656 372.353149414062 605.888477325439 477.334403991699 610.574293613434 370.166870117188 489.710372924805 407.622283935547 509.740203857422 582.770893096924 629.468307495117 478.154453277588 579.527980804443 594.477603912354 549.134177684784 544.740859985352 426.706390380859 474.886131286621 588.239753723145 586.559276580811 511.03083562851 599.540846765041 619.598545074463 942.345355033875 561.92310333252 538.328388214111 699.544952392578 621.357889175415 559.096904754639 522.848979949951 506.130489349365 529.111731529236 520.888450622559 535.303705215454 594.376724243164 477.283309936523 446.108108520508 575.367496490479 421.164657592773 589.657754898071 567.11104631424 538.532283782959 480.795135498047 632.94718170166 646.573348999023
525.224990844727 623.868366241455 539.165821075439 519.480949401855 557.213684082031 558.572357177734 530.980697631836 434.665466308594 578.908634185791 393.985290527344 454.615921020508 583.300540924072 435.44066619873 457.954750061035 563.246298551559 502.022329330444 608.61735534668 534.642870664597 506.012786865234 603.366569519043 657.345993041992 472.650421142578 487.261276245117 511.481538772583 583.624187469482 543.309145212173 575.809623718262 706.489105224609 743.72798538208 493.800666809082 476.947311401367 699.388137817383 552.837601661682 599.667724609375 513.825546264648 409.624015808105 468.548927307129 534.577302217484 607.274879455566 516.884075164795 501.835277557373 481.307167053223 694.32145690918 540.802910804749 544.91658616066 510.348026275635 522.103170394897 538.627968788147 591.897693634033 690.931884765625
607.090065002441 788.569671630859 554.969253540039 666.214294433594 605.025428771973 468.460872650146 581.863948822021 489.812919616699 539.124576568604 569.745855331421 598.682506561279 537.563346862793 715.948272705078 612.730377197266 436.600860595703 617.841697692871 538.068465232849 486.476467132568 554.6256980896 573.704744338989 527.258819103241 516.522407531738 526.234962463379 461.184112548828 383.632858276367 569.657931089401 325.987548828125 452.680145263672 806.16068649292 944.919857978821 498.630752563477 464.616790771484 432.489654541016 367.586990356445 469.633472442627 426.858833312988 598.266216278076 591.050407409668 472.648391723633 598.836723327637 655.555234909058 431.386642456055 600.004241943359 407.990997314453 564.626722335815 450.92017364502 433.019332885742 547.610486984253 597.722675323486 556.970458984375
594.359939575195 609.123970031738 535.627950668335 571.795446395874 752.251480102539 509.234466075897 389.423126220703 592.014465332031 582.410316467285 757.419860839844 588.636270523071 399.187973022461 498.72477722168 665.946304321289 418.238418579102 592.524002075195 598.754591941833 812.45182800293 676.154891967773 528.124160766602 672.361778259277 492.139476776123 437.863922119141 566.862421035767 551.289178848267 549.040504455566 457.898559570312 617.621383666992 641.240442752838 486.114845275879 551.801458597183 499.041187286377 424.825538635254 547.563938140869 523.89995765686 575.724235534668 618.165199279785 606.838417053223 551.476737976074 544.558238983154 411.518081665039 392.698135375977 427.86988067627 565.207813262939 367.414138793945 490.29719543457 495.373569488525 525.644535064697 412.528915405273 638.010932922363
635.46703338623 628.912422180176 768.02571105957 574.835670471191 755.348114013672 507.002586364746 548.676147937775 445.326927185059 438.36442565918 587.595294952393 604.200101852417 364.885238647461 366.006011962891 438.495582580566 431.538726806641 504.143241882324 480.164680480957 713.482833862305 688.016036987305 753.810485839844 603.878761291504 643.204795837402 624.596687316895 576.294258117676 435.42310333252 643.53491973877 510.779449462891 530.598533630371 857.45873260498 529.095230102539 535.582969665527 542.519716262817 507.433324813843 440.133193969727 576.331516265869 625.74779510498 615.72349357605 509.775478363037 418.04076385498 475.257080078125 418.561241149902 509.469661712646 351.405166625977 451.802833557129 368.002090454102 395.726409912109 504.488838195801 405.060577392578 482.409523010254 507.128128051758
671.590484619141 588.315521240234 502.606374740601 492.712936401367 529.745644569397 612.706645965576 440.801071166992 378.203491210938 443.435989379883 494.41576385498 440.885375976562 249.582763671875 372.044410705566 454.10237121582 483.230377197266 623.706657409668 552.436141967773 577.847312927246 569.84098815918 665.159698486328 613.044960021973 618.189170837402 462.960609436035 431.108856201172 486.02995300293 777.31103515625 473.144493103027 651.039909362793 830.052337646484 585.096893310547 618.376766204834 629.556873321533 537.908994674683 397.217765808105 535.081511497498 565.09712600708 544.388734817505 497.679035186768 504.085723876953 475.973011016846 424.217735290527 538.255958557129 314.363204956055 417.944000244141 512.036476135254 492.384853363037 499.496387481689 557.385250091553 431.872001647949 547.377991676331
555.160873413086 416.914978027344 557.547903060913 738.929000854492 551.141275167465 516.801090240479 572.615873336792 332.732833862305 253.033081054688 659.578918457031 556.026432037354 562.018838405609 532.081842422485 418.189636230469 425.876243591309 400.417129516602 440.768920898438 588.672550201416 648.602615356445 529.805650889874 604.322059631348 510.792543411255 478.387794494629 503.991592407227 610.987358093262 573.829514980316 607.737212181091 513.44132232666 530.37283706665 593.353107452393 602.952392578125 760.803924560547 729.166007995605 463.013137817383 720.865997314453 513.769460678101 614.749076843262 684.826240539551 386.295913696289 544.76091003418 563.55436706543 486.607452392578 800.661087036133 621.836990356445 510.141296386719 504.503509521484 792.440124511719 577.209480285645 589.475090503693 661.07332611084
