export/dem/dem13.asc
NCOLS 350
NROWS 171
XLLCORNER 152620
YLLCORNER 418050
CELLSIZE 100
NODATA_VALUE -9999
[rows 110 to 131 of 171, columns 300 to 349 of 350]
581.415222167969 704.844993591309 861.776805877686 790.580678939819 642.542098999023 769.925079345703 816.394004821777 882.280792236328 805.468505859375 668.72053527832 803.895896911621 684.582870483398 1623.27470397949 817.064193725586 835.727285385132 686.83039855957 1305.31214904785 621.381652832031 984.290176391602 -9999 -9999 -9999 -9999 -9999 -9999 -9999 -9999 -9999 -9999 -9999 -9999 -9999 -9999 -9999 -9999 -9999 -9999 -9999 -9999 -9999 -9999 -9999 -9999 -9999 -9999 -9999 -9999 -9999 -9999 -9999
715.307723999023 642.944454193115 606.064422607422 680.920875549316 748.134815216064 679.757713317871 1089.63780212402 1375.15770721436 591.246109008789 671.566833496094 1363.89443206787 628.960098266602 901.090438842773 479.166748046875 746.496185302734 734.039260864258 883.047927856445 1116.90036010742 1022.49740600586 -9999 -9999 -9999 -9999 -9999 -9999 -9999 -9999 -9999 -9999 -9999 -9999 -9999 -9999 -9999 -9999 -9999 -9999 -9999 -9999 -9999 -9999 -9999 -9999 -9999 -9999 -9999 -9999 -9999 -9999 -9999
993.259246826172 762.236663818359 865.689529418945 780.438648223877 584.249298095703 656.592071533203 519.804702758789 918.452590942383 659.121185302734 1689.49803543091 917.142364501953 672.964477539062 595.130554199219 839.259750366211 710.784393310547 1299.59997558594 648.957275390625 1007.92053222656 1745.21673583984 948.782775878906 -9999 -9999 -9999 -9999 -9999 -9999 -9999 -9999 -9999 -9999 -9999 -9999 -9999 -9999 -9999 -9999 -9999 -9999 -9999 -9999 -9999 -9999 -9999 -9999 -9999 -9999 -9999 -9999 -9999 -9999
858.233997344971 840.300821304321 785.133926391602 736.287002563477 774.376174926758 619.484222412109 814.694714546204 814.058574676514 745.036041259766 2058.25735473633 748.665115356445 847.392616271973 621.612091064453 1090.76922607422 1258.47985839844 1120.68444824219 872.130340576172 783.116394042969 1039.68206787109 1329.37759399414 1095.6517791748 -9999 -9999 -9999 -9999 -9999 -9999 -9999 -9999 -9999 -9999 -9999 -9999 -9999 -9999 -9999 -9999 -9999 -9999 -9999 -9999 -9999 -9999 -9999 -9999 -9999 -9999 -9999 -9999 -9999
850.862823486328 702.16960144043 834.859375 777.502498626709 502.847595214844 799.393062591553 627.261184692383 745.96475982666 737.828552246094 1341.0393371582 660.914184570312 1048.1741027832 752.353302001953 1015.57009124756 720.836563110352 806.454513549805 655.423141479492 924.064392089844 980.928848266602 906.643501281738 984.776853561401 -9999 -9999 -9999 -9999 -9999 -9999 -9999 -9999 -9999 -9999 -9999 -9999 -9999 -9999 -9999 -9999 -9999 -9999 -9999 -9999 -9999 -9999 -9999 -9999 -9999 -9999 -9999 -9999 -9999
855.037233352661 854.495369911194 849.948362350464 906.261323928833 895.897033691406 655.493453979492 779.192002773285 912.671396255493 471.339416503906 975.773010253906 1121.98110961914 786.316940307617 726.572463989258 1153.17335510254 668.319137573242 762.965682983398 1163.15786743164 873.576759338379 981.795756816864 802.248765945435 722.761123657227 664.330558776855 -9999 -9999 -9999 -9999 -9999 -9999 -9999 -9999 -9999 -9999 -9999 -9999 -9999 -9999 -9999 -9999 -9999 -9999 -9999 -9999 -9999 -9999 -9999 -9999 -9999 -9999 -9999 -9999
745.301296234131 703.841903686523 920.987005233765 943.133697509766 690.658462524414 501.073196411133 1285.76356136799 655.790657043457 697.011741638184 1207.04542541504 1051.43449401855 1367.89144897461 864.364151000977 1003.57984924316 936.412776947021 800.099311828613 1377.68675994873 1135.73680114746 972.58772277832 900.725120544434 966.742904663086 889.848640441895 942.636573791504 -9999 -9999 -9999 -9999 -9999 -9999 -9999 -9999 -9999 -9999 -9999 -9999 -9999 -9999 -9999 -9999 -9999 -9999 -9999 -9999 -9999 -9999 -9999 -9999 -9999 -9999 -9999
743.835319519043 591.391204833984 807.127040863037 798.469833374023 1163.59330749512 1291.01486206055 494.184326171875 494.884674072266 616.190994262695 651.357177734375 882.750091552734 779.411163330078 1097.46076965332 1168.13418579102 807.2138671875 967.405570983887 1019.5001449585 739.0322265625 818.171619415283 889.757511138916 1016.25160980225 884.99076461792 837.490005493164 -9999 -9999 -9999 -9999 -9999 -9999 -9999 -9999 -9999 -9999 -9999 -9999 -9999 -9999 -9999 -9999 -9999 -9999 -9999 -9999 -9999 -9999 -9999 -9999 -9999 -9999 -9999
981.381942749023 655.67130279541 876.421691894531 767.10856628418 814.459487915039 651.608322143555 620.534469604492 833.826919555664 710.09260559082 771.244884490967 806.567291259766 691.466320037842 701.64533996582 889.749437332153 1006.10391616821 1175.23848724365 884.221420288086 725.492324829102 871.288200855255 903.163345336914 868.333759307861 739.044052124023 897.101100921631 773.737731933594 -9999 -9999 -9999 -9999 -9999 -9999 -9999 -9999 -9999 -9999 -9999 -9999 -9999 -9999 -9999 -9999 -9999 -9999 -9999 -9999 -9999 -9999 -9999 -9999 -9999 -9999
927.556571960449 811.173071861267 610.103256225586 791.154104232788 1089.41035842896 653.526504516602 591.246398925781 653.567726135254 476.242492675781 710.730674743652 981.599967956543 780.952583312988 807.303707122803 934.272766113281 1179.68546295166 947.900806427002 771.08487701416 796.350009918213 702.733978271484 898.067237854004 807.160846710205 888.715453505516 781.56770324707 1061.95945739746 769.121116638184 -9999 -9999 -9999 -9999 -9999 -9999 -9999 -9999 -9999 -9999 -9999 -9999 -9999 -9999 -9999 -9999 -9999 -9999 -9999 -9999 -9999 -9999 -9999 -9999 -9999
1347.54723358154 1832.51908111572 1040.32486724854 1048.8073348999 1207.41105651855 1046.57430648804 690.021339416504 651.605270385742 585.686172485352 1197.28224182129 877.880332946777 792.641812324524 747.317817687988 1033.67346191406 969.550758361816 1429.75423431396 869.608531951904 898.138977050781 902.980052947998 911.213287353516 856.408467292786 882.420573949814 931.772779464722 994.55980682373 872.400311470032 813.600189208984 -9999 -9999 -9999 -9999 -9999 -9999 -9999 -9999 -9999 -9999 -9999 -9999 -9999 -9999 -9999 -9999 -9999 -9999 -9999 -9999 -9999 -9999 -9999 -9999
926.118673324585 864.02813911438 1288.37466239929 925.622536659241 1379.39673876762 1494.09077453613 1164.49515247345 800.013832092285 821.564476013184 983.575828552246 826.879850387573 749.342136383057 861.431606769562 892.430358886719 1057.59500026703 807.574073791504 887.838542938232 1016.66323852539 780.588157653809 908.087520599365 902.97932434082 1017.64186096191 996.522567749023 776.589298248291 851.384059906006 1038.52869415283 -9999 -9999 -9999 -9999 -9999 -9999 -9999 -9999 -9999 -9999 -9999 -9999 -9999 -9999 -9999 -9999 -9999 -9999 -9999 -9999 -9999 -9999 -9999 -9999
1242.16999816895 1095.37672424316 1239.87734603882 1063.44121551514 1194.66167831421 1423.10702800751 1346.5044708252 1046.21926116943 1020.34497070312 1296.08717155457 1083.01036119461 981.981872558594 771.917625427246 821.765670776367 976.778503417969 889.599220275879 739.636190414429 748.590942382812 909.33846282959 784.748657226562 958.387962341309 729.251106262207 791.387619972229 859.269844055176 951.463806152344 996.666030883789 1007.48133850098 -9999 -9999 -9999 -9999 -9999 -9999 -9999 -9999 -9999 -9999 -9999 -9999 -9999 -9999 -9999 -9999 -9999 -9999 -9999 -9999 -9999 -9999 -9999
1311.72275543213 929.127977848053 1011.94018554688 890.689937591553 890.239770889282 1243.42771148682 1214.08477783203 1077.97554779053 1114.33237838745 1103.67062568665 916.170303344727 780.870515823364 841.600889205933 666.013565063477 776.449584960938 789.446243286133 840.435945510864 906.841514587402 706.731163024902 910.883274078369 790.771443843842 708.206260681152 749.718631744385 808.087523460388 969.493942260742 939.170501708984 927.749237060547 1007.82304382324 -9999 -9999 -9999 -9999 -9999 -9999 -9999 -9999 -9999 -9999 -9999 -9999 -9999 -9999 -9999 -9999 -9999 -9999 -9999 -9999 -9999 -9999
1045.92073059082 1070.99896240234 887.834720849991 991.607543945312 970.951610565186 1038.73250198364 1409.67346954346 1003.90085601807 1035.15082931519 729.985992431641 715.23657989502 842.129177093506 715.270065307617 798.973184585571 733.140113830566 793.658809661865 813.015312194824 805.108018875122 927.123008728027 931.197998046875 671.777374267578 892.444107055664 764.882820129395 953.017395019531 952.625518798828 850.303567409515 1132.13134765625 803.285377502441 1041.49182128906 -9999 -9999 -9999 -9999 -9999 -9999 -9999 -9999 -9999 -9999 -9999 -9999 -9999 -9999 -9999 -9999 -9999 -9999 -9999 -9999 -9999
929.352805674076 703.833892822266 916.855629920959 1045.36367225647 1324.38366699219 1137.28552627563 1167.53044891357 1212.70749282837 784.318893432617 688.648727416992 620.217407226562 838.788585662842 723.316055297852 828.284252166748 705.722846984863 928.417766571045 751.856344223022 868.874517440796 815.624221801758 1002.38284301758 764.889324188232 875.019317626953 891.504295349121 914.637893676758 849.410829544067 850.460483551025 1092.03106689453 832.62149810791 951.467742919922 -9999 -9999 -9999 -9999 -9999 -9999 -9999 -9999 -9999 -9999 -9999 -9999 -9999 -9999 -9999 -9999 -9999 -9999 -9999 -9999 -9999
876.438995361328 887.782146215439 1368.70897674561 1469.59661865234 944.735702514648 1139.60258865356 1401.08512496948 1090.04442977905 1307.42469644547 847.874862670898 824.434280395508 713.556564331055 700.761222839355 666.937057495117 927.115867614746 745.230895996094 900.681716918945 903.581184387207 880.393083572388 899.69034576416 855.381397247314 867.827529907227 780.180290222168 830.748987197876 1039.52000427246 823.192211389542 841.800588607788 1111.27478027344 906.931529998779 830.352447748184 -9999 -9999 -9999 -9999 -9999 -9999 -9999 -9999 -9999 -9999 -9999 -9999 -9999 -9999 -9999 -9999 -9999 -9999 -9999 -9999
849.126266479492 1123.83190917969 976.72737121582 1644.34479522705 2001.39952468872 1263.07410430908 1168.6223526001 1010.2900390625 1213.07582473755 854.65731048584 682.533493041992 774.5224609375 783.339641571045 700.389518737793 946.657302856445 880.065528869629 987.135498046875 774.507975578308 897.745794534683 787.500673294067 910.823204040527 774.111534118652 897.123390197754 926.60661315918 784.395275115967 962.977523803711 905.011260986328 986.765254974365 963.454113006592 790.244304656982 880.711868286133 -9999 -9999 -9999 -9999 -9999 -9999 -9999 -9999 -9999 -9999 -9999 -9999 -9999 -9999 -9999 -9999 -9999 -9999 -9999
952.854125976562 979.996726989746 860.070915222168 1438.57646942139 1439.0234746933 1320.54447174072 1489.20434951782 1237.5910949707 1036.68012928963 952.927989959717 933.491088867188 807.703109741211 1090.04038619995 923.219970703125 774.780693054199 668.321258544922 896.424324035645 946.404426574707 941.728408813477 948.952667236328 911.884384155273 922.704719543457 830.771862030029 964.696159362793 862.220323562622 830.940591812134 876.097431182861 932.735023498535 806.85083770752 868.310358047485 892.741195678711 -9999 -9999 -9999 -9999 -9999 -9999 -9999 -9999 -9999 -9999 -9999 -9999 -9999 -9999 -9999 -9999 -9999 -9999 -9999
1289.99565505981 933.136322021484 822.454788208008 1329.33822631836 1102.28525161743 1346.20226669312 1346.29138088226 1267.39894485474 1820.1178894043 1463.05283355713 1329.02493286133 1126.34283447266 1132.32297515869 1845.50252532959 1182.97579956055 916.739307403564 830.327343463898 1147.7741394043 842.597852706909 821.568506717682 965.963096618652 1109.27668762207 894.858736038208 768.22924041748 726.071975708008 790.508110046387 893.494733810425 900.576049804688 730.133499145508 904.888999938965 749.973342895508 895.198073387146 -9999 -9999 -9999 -9999 -9999 -9999 -9999 -9999 -9999 -9999 -9999 -9999 -9999 -9999 -9999 -9999 -9999 -9999
1129.82073688507 1090.69219207764 876.872337341309 1090.62513637543 930.356670379639 1156.73989868164 1617.95656204224 1345.69992637634 1254.31930685043 1351.0213663578 1299.33486843109 1048.72782611847 1146.41506671906 1434.60301971436 1157.69969177246 1175.5933380127 884.941474914551 977.496109008789 950.624938964844 1037.92794799805 1035.09465026855 871.475986480713 786.983286857605 748.650192260742 777.228065490723 874.256721496582 829.038051605225 967.956565856934 868.225757598877 809.551132202148 751.789558410645 876.125800132751 1023.85283660889 -9999 -9999 -9999 -9999 -9999 -9999 -9999 -9999 -9999 -9999 -9999 -9999 -9999 -9999 -9999 -9999 -9999
929.129104614258 1149.28026580811 1372.70257997513 954.546531677246 992.154678344727 1087.72137236595 1229.72064208984 1128.8418674469 1224.55735588074 1400.83898544312 1309.04325866699 1186.65032958984 1175.43376159668 1145.56346893311 1046.20257568359 1051.74768447876 1097.22128295898 931.486717224121 970.818283081055 1019.89414978027 998.300994873047 913.884017944336 960.396759033203 742.972854614258 875.343948364258 679.066833496094 795.249523162842 748.141456604004 845.599304199219 815.255264282227 778.17756652832 889.811492919922 803.961853027344 -9999 -9999 -9999 -9999 -9999 -9999 -9999 -9999 -9999 -9999 -9999 -9999 -9999 -9999 -9999 -9999 -9999
