export/dem/dem10.asc
NCOLS 350
NROWS 171
XLLCORNER 152620
YLLCORNER 418050
CELLSIZE 100
NODATA_VALUE -9999
[rows 88 to 109 of 171, columns 0 to 49 of 350]
-9999 -9999 -9999 -9999 -9999 -9999 -9999 -9999 -9999 -9999 -9999 -9999 -9999 -9999 -9999 -9999 -9999 479.386436462402 549.45002746582 300.757925033569 306.960700035095 545.33372592926 621.716064453125 664.85559463501 405.217269897461 752.575325012207 615.956702504307 352.118766307831 598.000305175781 461.579381942749 380.934432983398 381.587374448776 690.748840332031 399.980829238892 371.58056640625 324.52783203125 398.665431976318 717.019590377808 812.119094848633 791.036651611328 726.259987592697 724.976463317871 372.365943908691 259.287658691406 419.486999511719 380.707279205322 540.671253204346 471.329509735107 480.354644775391 414.392625808716
-9999 -9999 -9999 -9999 -9999 -9999 -9999 -9999 -9999 -9999 -9999 -9999 -9999 -9999 -9999 -9999 -9999 471.22194480896 442.313710689545 560.674697875977 425.810890197754 530.450649261475 492.661479949951 522.832625389099 549.008625030518 595.258544921875 513.927307128906 996.876800537109 511.700637817383 411.33024597168 203.334136962891 364.156051635742 378.14391040802 346.783706665039 539.659729003906 560.747123718262 552.958246231079 729.187477111816 750.118362426758 601.950794219971 907.856307983398 803.491134643555 756.138076782227 574.766830444336 513.54850769043 452.086288452148 526.98653793335 505.868623733521 285.903610229492 374.469635009766
-9999 -9999 -9999 -9999 -9999 -9999 -9999 -9999 -9999 -9999 -9999 -9999 -9999 -9999 -9999 -9999 566.314487457275 456.290771484375 325.647890090942 458.286430358887 512.04136800766 532.154636383057 597.256141662598 488.267383575439 583.940196990967 502.23957824707 618.150199890137 449.999008178711 405.776382446289 201.845321655273 365.035221099854 426.101303100586 279.15266418457 512.214668273926 659.726062774658 650.807552337646 850.534301757812 504.032844543457 560.455842971802 510.912006378174 348.311032295227 402.769161224365 608.214279174805 489.047302246094 583.184753417969 590.009346008301 495.272426605225 404.873916625977 281.643953323364 428.836318969727
-9999 -9999 -9999 -9999 -9999 -9999 -9999 -9999 -9999 -9999 -9999 -9999 -9999 -9999 -9999 -9999 479.809349060059 391.895774841309 547.342754364014 586.538753509521 622.642127990723 682.417434692383 723.683944702148 439.173488616943 606.438020706177 504.762683868408 553.006078720093 596.854068756104 637.186573028564 300.44856262207 704.193374633789 444.455116271973 372.653327941895 515.606369018555 846.067771911621 433.591903686523 719.796920776367 647.673337936401 608.649772644043 232.048151493073 215.060207366943 349.226503372192 306.614097595215 153.141411781311 611.775360107422 460.588973999023 331.963050842285 463.47834777832 389.339012145996 356.58931350708
-9999 -9999 -9999 -9999 -9999 -9999 -9999 -9999 -9999 -9999 -9999 -9999 -9999 -9999 -9999 579.27244758606 663.479614257812 522.232448577881 705.110946655273 551.61803817749 675.356151580811 575.333822250366 590.881526947021 869.888927459717 574.009414672852 708.646688461304 700.564918518066 489.699851989746 668.37548828125 626.547904968262 638.461936950684 799.500070571899 619.022491455078 267.506225585938 536.808258056641 687.046518325806 632.083965301514 749.298645019531 787.924560546875 421.676284790039 390.168640136719 423.793853759766 494.517593383789 127.37007522583 261.665554046631 418.482467651367 359.599365234375 269.093957901001 464.914558410645 420.68994140625
-9999 -9999 -9999 -9999 -9999 -9999 -9999 -9999 -9999 -9999 -9999 -9999 -9999 -9999 -9999 482.059555053711 465.039173126221 619.971176147461 535.570472717285 568.578918457031 776.595672607422 593.950019836426 748.22993850708 704.303699493408 870.581029891968 722.201324462891 541.957809448242 416.883319854736 611.515556335449 385.544624328613 234.317794799805 285.158584594727 349.174934387207 344.467752993107 555.00560760498 740.652000427246 618.064739227295 758.303642272949 783.660331726074 212.591871261597 441.820602416992 294.769872665405 541.349319458008 383.658111572266 452.874664306641 413.696472167969 435.121719360352 306.760540008545 353.909957885742 343.697967529297
-9999 -9999 -9999 -9999 -9999 -9999 -9999 -9999 -9999 -9999 -9999 -9999 -9999 -9999 622.387016296387 506.736378669739 407.810447692871 510.956535339355 541.182456970215 475.718368530273 471.635444641113 349.749801635742 668.294570922852 711.838781356812 552.619720458984 317.845611572266 706.374870300293 405.997902870178 449.309246063232 291.430030822754 443.822746276855 309.200443267822 309.178909301758 303.868881225586 459.551528930664 637.957628250122 634.457000732422 640.869144439697 -9999 -9999 380.716079711914 336.210372924805 154.826667785645 426.397842407227 349.269790649414 422.832984924316 467.096079826355 705.804916381836 431.415420532227 290.199938774109
-9999 -9999 -9999 -9999 -9999 -9999 -9999 -9999 -9999 -9999 -9999 -9999 -9999 -9999 480.769973754883 472.651165008545 470.104965209961 432.665481567383 477.712240219116 586.74126625061 413.27938079834 650.795415878296 357.621551513672 629.78381729126 443.678085327148 606.005904197693 758.012130737305 658.51699090004 592.98713684082 530.072822570801 467.251976013184 244.446063995361 288.266073226929 347.296761989594 355.365427017212 -9999 -9999 -9999 -9999 -9999 -9999 -9999 268.25902557373 357.975021362305 313.797798156738 365.892715454102 344.277684688568 804.444671630859 300.657036364079 291.746218681335
-9999 -9999 -9999 -9999 -9999 -9999 -9999 -9999 -9999 -9999 -9999 -9999 -9999 589.123035430908 308.868270874023 484.073215484619 402.538864135742 159.915126800537 302.513977050781 594.479919433594 746.218673706055 739.284980773926 961.364040374756 676.815093994141 538.058414459229 601.139640808105 621.100107192993 547.118026733398 726.424048423767 738.799839019775 478.342250823975 493.180099487305 406.734531402588 329.761108398438 355.689136505127 -9999 -9999 -9999 -9999 -9999 -9999 -9999 -9999 435.601928710938 347.06169128418 386.25959777832 323.573890686035 499.694320678711 567.765464782715 338.888069152832
-9999 -9999 -9999 -9999 -9999 -9999 -9999 -9999 -9999 -9999 -9999 -9999 -9999 644.490196228027 374.881713867188 530.708602905273 338.701782226562 108.671508789062 284.558655738831 684.509605407715 761.245330810547 641.169723510742 768.055847167969 642.44457244873 646.068786621094 531.134178161621 583.387266159058 572.294013977051 560.132732391357 653.079307556152 430.918215274811 411.444286346436 511.681579589844 441.214401245117 -9999 -9999 -9999 -9999 -9999 -9999 -9999 -9999 -9999 -9999 399.810470581055 309.150695800781 231.374950408936 358.321662902832 486.720760345459 288.097311019897
-9999 -9999 -9999 -9999 -9999 -9999 -9999 -9999 -9999 -9999 -9999 -9999 480.391754150391 425.067989349365 386.217384338379 512.274024963379 761.724960327148 522.267276763916 646.4821434021 706.079662322998 618.562726974487 435.524570465088 566.318121910095 426.680252075195 560.448680877686 552.006050109863 637.139553070068 653.198673248291 671.91760635376 470.659446716309 424.881759643555 458.630149841309 421.237648010254 -9999 -9999 -9999 -9999 -9999 -9999 -9999 -9999 -9999 -9999 -9999 479.254211425781 426.728210449219 199.810699462891 263.72473526001 466.73335647583 673.191383361816
-9999 -9999 -9999 -9999 -9999 -9999 -9999 -9999 -9999 -9999 -9999 396.120208740234 501.900344848633 485.33012008667 459.479768753052 458.706714630127 665.690937042236 675.266510009766 622.979093551636 565.718383789062 573.573247671127 890.759559631348 595.71875 308.290603637695 551.291271209717 582.923887252808 675.315788269043 619.527717590332 497.834533691406 452.527996063232 415.932121276855 460.379421234131 572.572532653809 -9999 -9999 -9999 -9999 -9999 -9999 -9999 -9999 -9999 -9999 -9999 -9999 475.297119140625 494.405776977539 223.34090423584 195.900466918945 611.19568157196
-9999 -9999 -9999 -9999 -9999 -9999 -9999 -9999 -9999 -9999 -9999 487.182569980621 362.302886962891 477.863788604736 389.661689758301 443.746208190918 512.846442222595 723.924476623535 766.27067565918 680.572898864746 451.754253387451 563.200103759766 600.600402832031 527.104188919067 642.754909515381 574.368804931641 576.832000732422 517.714580535889 441.751403808594 438.494295120239 491.506702423096 598.198616027832 -9999 -9999 -9999 -9999 -9999 -9999 -9999 -9999 -9999 -9999 -9999 -9999 -9999 532.257820129395 503.260040283203 339.004916191101 396.36580657959 515.781749725342
-9999 -9999 -9999 -9999 -9999 -9999 -9999 -9999 -9999 -9999 575.370834350586 341.337577819824 431.773544311523 370.053604125977 368.003839492798 639.316757202148 742.660369873047 706.143985748291 541.591339111328 794.195434570312 494.725419521332 515.254962921143 511.394134521484 534.108745574951 587.463186264038 709.398303985596 369.766983032227 563.429056167603 330.88737487793 493.428806304932 595.301559448242 -9999 -9999 -9999 -9999 -9999 -9999 -9999 -9999 -9999 -9999 -9999 -9999 -9999 -9999 -9999 706.825958251953 623.432907104492 313.663702964783 389.004579544067
-9999 -9999 -9999 -9999 -9999 -9999 -9999 -9999 -9999 -9999 616.922714233398 436.32765173912 341.463760375977 434.066329956055 366.415477752686 321.513244628906 735.236343383789 625.297988891602 569.563236236572 570.008010864258 547.34556388855 620.977661132812 749.610565185547 482.027389526367 531.268030166626 389.801586151123 583.432479858398 276.919673919678 254.932186126709 223.913022756577 -9999 -9999 -9999 -9999 -9999 -9999 -9999 -9999 -9999 -9999 -9999 -9999 -9999 -9999 -9999 -9999 -9999 634.387592315674 407.61112165451 308.23973941803
-9999 -9999 -9999 -9999 -9999 -9999 -9999 -9999 -9999 539.323195934296 334.43871307373 451.8695936203 237.146705627441 302.376209259033 559.33935546875 337.596939086914 660.054336547852 619.779628753662 689.036087036133 1095.66452789307 579.661186218262 752.285995483398 496.380966186523 626.091537475586 315.798950195312 455.562282562256 275.155860900879 238.356796264648 241.628387451172 345.366729736328 -9999 -9999 -9999 -9999 -9999 -9999 -9999 -9999 -9999 -9999 -9999 -9999 -9999 -9999 -9999 -9999 -9999 -9999 442.379627227783 594.000595092773
-9999 -9999 -9999 -9999 -9999 -9999 -9999 -9999 445.540435791016 475.360042572021 364.603790283203 480.814491271973 509.914516448975 229.561040878296 423.712928771973 665.462059020996 627.091148376465 581.59511756897 383.310806274414 689.59602355957 617.422382354736 587.041370391846 667.439727783203 367.342416763306 379.004409790039 393.22526550293 262.375638961792 278.585949897766 144.630111694336 -9999 -9999 -9999 -9999 -9999 -9999 -9999 -9999 -9999 -9999 -9999 -9999 -9999 -9999 -9999 -9999 -9999 -9999 -9999 -9999 1024.69062805176
-9999 -9999 -9999 -9999 -9999 -9999 -9999 -9999 502.787605285645 513.62198638916 352.822547912598 646.547317504883 530.105766296387 600.7444190979 566.030681610107 690.28466796875 469.479072570801 579.32795715332 771.703330993652 480.141510009766 557.539680480957 505.485980987549 791.998001098633 205.304294586182 314.187164306641 267.414110183716 319.803581237793 168.570365905762 -9999 -9999 -9999 -9999 -9999 -9999 -9999 -9999 -9999 -9999 -9999 -9999 -9999 -9999 -9999 -9999 -9999 -9999 -9999 -9999 -9999 -9999
-9999 -9999 -9999 -9999 -9999 -9999 -9999 351.489349365234 410.888971328735 578.164978027344 614.938140869141 606.532424926758 484.481811523438 600.384696960449 478.707317352295 422.762451171875 570.12640953064 576.709299087524 580.765396118164 404.617637634277 289.425796508789 539.746004104614 401.71459197998 411.776527404785 135.98860168457 288.456298828125 114.439033508301 242.284832119942 -9999 -9999 -9999 -9999 -9999 -9999 -9999 -9999 -9999 -9999 -9999 -9999 -9999 -9999 -9999 -9999 -9999 -9999 -9999 -9999 -9999 -9999
-9999 -9999 -9999 -9999 -9999 -9999 481.057277679443 496.580421447754 688.93505859375 491.776176452637 496.841388702393 385.508598327637 564.206391334534 572.2275390625 519.834941864014 575.783767700195 375.76277923584 602.402870178223 428.428688049316 466.971000671387 482.829193115234 587.285810470581 437.361749410629 165.083755493164 161.723777770996 195.208847045898 193.129230499268 -9999 -9999 -9999 -9999 -9999 -9999 -9999 -9999 -9999 -9999 -9999 -9999 -9999 -9999 -9999 -9999 -9999 -9999 -9999 -9999 -9999 -9999 -9999
-9999 -9999 -9999 -9999 444.447950363159 510.639614105225 580.547576904297 139.249256134033 174.631524085999 448.692236423492 513.311672210693 651.079635620117 590.999843597412 437.94261932373 428.299102783203 507.808156967163 756.064674377441 524.195922851562 417.921802520752 512.253858089447 668.051078796387 766.656295776367 320.675231933594 41.8638858795166 75.3729364871979 204.514842987061 -9999 -9999 -9999 -9999 -9999 -9999 -9999 -9999 -9999 -9999 -9999 -9999 -9999 -9999 -9999 -9999 -9999 -9999 -9999 -9999 -9999 -9999 -9999 -9999
357.936653137207 466.591094970703 353.66389465332 577.727737426758 646.205963134766 489.815605163574 504.431941986084 636.851379394531 356.86198425293 481.152822494507 622.666206359863 524.748739242554 489.252239227295 523.445595741272 547.462708473206 529.122650146484 837.239883422852 259.82112121582 264.46541595459 602.491401672363 515.229648590088 372.474746704102 64.6039419174194 -17.8359222412109 236.476135253906 10.2853507995605 -9999 -9999 -9999 -9999 -9999 -9999 -9999 -9999 -9999 -9999 -9999 -9999 -9999 -9999 -9999 -9999 -9999 -9999 -9999 -9999 -9999 -9999 -9999 -9999
