export/dem/dem14.asc
NCOLS 350
NROWS 171
XLLCORNER 152620
YLLCORNER 418050
CELLSIZE 100
NODATA_VALUE -9999
[rows 22 to 43 of 171, columns 250 to 299 of 350]
816.867721557617 746.506309509277 848.452537536621 878.893304347992 770.169662475586 949.2633934021 1003.45220947266 911.028270721436 803.599380493164 604.967056274414 696.810447692871 761.888175964355 711.120071411133 777.013679504395 744.156932830811 922.171585083008 849.939302921295 843.610565185547 692.720596313477 796.329292297363 808.265335083008 762.700401306152 826.987396240234 1018.6745300293 921.87296295166 861.609031677246 905.779838562012 968.982315063477 671.338836669922 976.237190246582 769.461376190186 -9999 -9999 -9999 -9999 -9999 -9999 -9999 -9999 -9999 -9999 -9999 -9999 -9999 -9999 -9999 -9999 -9999 -9999 -9999
839.289867401123 751.817087173462 720.821868896484 747.970161437988 758.864795684814 909.398384094238 967.272411346436 980.893249511719 1116.70568084717 935.282115936279 1088.77776789665 758.549743652344 831.291053771973 738.076271057129 770.825769424438 920.828273773193 865.152946472168 876.120288848877 770.242204666138 717.414939880371 830.294288635254 727.672542572021 760.353591918945 633.776430130005 708.393672943115 669.354538917542 925.399444580078 962.503204345703 820.091011047363 838.975135803223 806.55712890625 1007.64316749573 876.459615707397 709.198043823242 -9999 -9999 -9999 -9999 -9999 -9999 -9999 -9999 -9999 -9999 -9999 -9999 -9999 -9999 -9999 -9999
725.094732761383 1168.8443069458 1148.34309387207 618.471984863281 827.234182357788 706.608669281006 872.057537078857 1027.48446655273 953.5771484375 841.68383026123 860.82445526123 1009.85573530197 991.208278656006 789.647789001465 795.358972549438 921.546920776367 905.796669006348 968.056419372559 1010.26355743408 893.040479183197 987.687606811523 875.545043945312 863.475189208984 737.238304138184 587.502510070801 735.330146789551 997.503814697266 973.176696777344 940.185836791992 768.855176925659 1105.2494354248 1045.31726074219 706.025554656982 746.15453338623 867.465219497681 942.096656799316 872.598616600037 -9999 -9999 -9999 -9999 -9999 -9999 -9999 -9999 -9999 -9999 -9999 -9999 -9999
769.505855560303 866.103742599487 793.971911430359 699.210033416748 647.050796508789 721.817291259766 941.224414825439 1093.38027954102 922.840021133423 969.795692443848 978.18399810791 1005.81484794617 926.703998565674 1052.64522361755 823.446228027344 794.374397277832 970.20677947998 964.035148620605 926.318946838379 795.97021484375 1139.76454162598 1046.02011108398 1135.15975952148 1072.60203552246 793.238731384277 822.508880615234 1039.20911407471 870.11389541626 884.702993392944 920.06848526001 689.768989562988 997.493659973145 769.037132263184 833.42350769043 823.030479431152 921.224714279175 709.86181640625 756.665966033936 789.434131622314 807.273845672607 924.598175048828 -9999 -9999 -9999 -9999 -9999 -9999 -9999 -9999 -9999
668.839294433594 905.628854751587 805.13138961792 747.364044189453 764.14973449707 847.616718292236 693.059310913086 817.162097930908 855.861404418945 788.768648862839 958.047698974609 1121.84699106216 1105.46650695801 1295.00995635986 784.22998046875 786.716690063477 917.928718566895 881.671100616455 939.820997238159 1040.62953186035 1151.2883605957 1041.02938842773 1254.46058654785 1091.94442176819 921.148420333862 948.183944702148 860.681732177734 886.458755493164 834.93236541748 851.683510780334 726.503753662109 1033.01435852051 997.495468139648 718.046829223633 555.098049163818 759.352157592773 735.04976272583 792.845744132996 713.817523956299 626.635986328125 745.91429901123 828.026138305664 892.385589599609 854.281829833984 908.105529785156 -9999 -9999 -9999 -9999 -9999
860.714632034302 942.724891662598 768.987457275391 827.924499511719 875.235674142838 733.790405273438 1229.32273864746 795.466084480286 896.01535987854 1055.06207275391 877.940261602402 923.329093933105 897.730491638184 2005.0838470459 829.623123168945 788.957672119141 595.1767578125 821.931114196777 1156.85897827148 968.74471282959 939.350524902344 1076.42514038086 1068.07611083984 1217.91790771484 1043.83221054077 1188.57025909424 992.99122428894 1031.01719665527 1034.55103302002 888.748191833496 748.561796188354 994.985794067383 756.58487701416 679.006980895996 711.711372375488 682.722885131836 882.571745872498 841.634784698486 906.640727996826 679.545059204102 649.768562316895 621.12809753418 969.630278587341 891.522651672363 1017.43915939331 918.681217193604 887.767799377441 789.844209060073 517.136535644531 792.099716186523
613.264312744141 775.409107208252 809.236705780029 774.97566986084 829.814304351807 753.663513183594 701.320671081543 855.077056884766 917.308975219727 860.527423858643 855.945140838623 753.76244354248 774.774223327637 1836.58053588867 730.064567565918 693.519462585449 840.760157585144 839.616010665894 900.738891601562 916.226760864258 1055.94552993774 950.426666259766 1007.45559692383 1102.20370864868 1263.59809875488 997.136543273926 1057.604347229 1010.81428527832 847.187522888184 1019.2216796875 916.256586074829 884.363754272461 1056.30886793137 725.869049072266 642.648544311523 543.52490234375 821.289428710938 869.001678466797 771.643348693848 683.873046875 871.804328918457 725.869113922119 702.73705291748 768.498527526855 910.552822113037 814.88346862793 854.069427490234 634.35871887207 607.352264404297 674.032691955566
903.205680847168 759.211265563965 620.066070556641 787.265655517578 801.303607940674 877.935691833496 864.520721435547 906.450233459473 919.616592407227 752.222145080566 771.989692687988 559.357543945312 1291.25291442871 540.810577392578 612.12727355957 860.718717575073 732.492752075195 843.062309265137 837.100051879883 664.602661132812 827.852819919586 1188.01371765137 1074.47671961784 869.101524353027 1024.90103149414 1376.98410415649 895.950466156006 1138.0645942688 1150.60749816895 1144.34027099609 989.612037658691 936.789035797119 1302.71925354004 889.028457641602 898.74324798584 1057.0280456543 912.583908081055 988.680387198925 821.253753662109 683.352951049805 744.526470184326 728.191555023193 855.29305267334 802.535438537598 821.891233444214 788.932957649231 619.612212181091 540.56791305542 491.916854858398 795.225583076477
638.500076293945 763.963973999023 753.403827667236 888.937026977539 741.974155426025 807.313953399658 857.137794494629 1083.09832763672 717.23006439209 806.565952301025 715.819534301758 629.114288330078 1770.6078414917 683.401344299316 757.234518051147 834.157887458801 789.772644042969 870.45291519165 885.389430999756 914.917663574219 977.139312744141 900.754405975342 940.997573852539 952.851112365723 863.087043762207 1016.58013916016 788.405246734619 921.921630859375 896.776237487793 850.367712020874 980.090110778809 1366.34524536133 999.735656738281 1210.91928100586 1084.05462646484 869.958532333374 963.216926574707 1102.68369293213 825.183883666992 744.3076171875 822.440383911133 926.266929626465 695.666793823242 905.681076049805 899.492821455002 753.63404083252 587.419364929199 420.246757507324 427.593269348145 894.856960296631
919.910484313965 793.009502053261 706.468868255615 617.310546875 802.992316246033 810.967967987061 864.296485900879 954.507583618164 930.550315856934 644.293167114258 672.244194030762 1024.84700012207 664.246459960938 552.782302856445 933.100601196289 732.715629577637 771.036560058594 883.475898742676 847.003067016602 917.482109069824 764.152610778809 789.358629226685 911.47444152832 942.453491210938 781.957767486572 930.84593963623 753.591541290283 882.116744995117 853.412265777588 847.687570095062 950.101287841797 853.782444000244 887.387252807617 898.242333233356 1082.16890716553 990.377883911133 815.0676612854 817.601615905762 672.363494873047 1177.01298522949 1021.03144836426 964.086685180664 951.271903991699 946.966299057007 728.035202026367 580.348587036133 639.741134643555 584.318881988525 643.946004867554 1106.00745391846
634.925598144531 732.749870300293 748.430809020996 631.883323669434 626.706451416016 799.242010116577 950.966247558594 994.531509399414 753.508697509766 908.313064575195 958.486602783203 1465.53715324402 806.339683532715 844.811698913574 577.991973876953 785.106485366821 837.023612976074 721.504180908203 898.499977111816 931.998115539551 902.106292724609 798.373859405518 838.752738952637 866.028930664062 887.53678894043 992.652618408203 804.702933728695 755.385303497314 833.715721130371 888.259948730469 1005.22746276855 819.451930046082 863.252300262451 951.212471008301 790.951015472412 915.565338134766 895.788722991943 773.93673324585 810.926357269287 833.760297775269 672.413619995117 771.432571411133 753.863708496094 1179.99465942383 868.397868990898 681.907836914062 911.606803894043 940.81526184082 1064.14589691162 1119.88780975342
799.368953704834 730.035195350647 689.47093963623 775.865619659424 768.630486011505 869.504745483398 891.946563720703 736.56120300293 987.649627685547 885.260055541992 1212.86206817627 818.485431671143 702.973808288574 684.46070098877 906.24243927002 896.782485961914 777.49397277832 887.104286193848 847.517051696777 706.676556348801 862.226001739502 762.366406440735 731.306554794312 781.78532075882 969.828536987305 861.242279052734 913.410209655762 834.561622619629 768.582540512085 883.234031677246 764.584045410156 814.079406738281 858.35375213623 832.68149471283 681.64469909668 765.724571228027 688.22932434082 804.727604866028 723.446334838867 823.063669681549 679.035095214844 973.885055541992 899.042427062988 747.379508972168 1438.314453125 630.813377380371 807.766876220703 721.664253234863 1116.96003723145 1125.51104736328
838.206886291504 668.324371337891 804.043937683105 873.256561279297 759.41134262085 902.784851074219 796.017124176025 765.769180297852 946.343109130859 978.098205566406 765.562576293945 741.63854598999 644.793319702148 861.305221557617 783.905948638916 970.197860717773 1073.26245117188 796.827615737915 869.960060119629 706.318252563477 611.732467651367 671.489000320435 840.743045806885 763.187294006348 794.993480682373 784.927349090576 697.129592895508 786.457290649414 793.931092023849 809.701330184937 912.619468688965 707.472061157227 985.297332763672 692.638229370117 789.468034744263 818.047901153564 666.434387207031 827.199111938477 758.558284759521 595.613952636719 793.904523849487 685.214416503906 746.903800964355 827.9755859375 848.662676811218 1481.77366638184 887.347923517227 1098.14034843445 1070.91338920593 1305.5998840332
629.336349487305 860.03385925293 814.023189544678 885.823760986328 751.839059352875 991.702331542969 760.37851524353 717.727489471436 867.798927307129 667.272468566895 685.127632141113 677.875961303711 708.397338867188 648.375694274902 834.495735168457 724.57568359375 923.581108093262 919.495620727539 698.813873291016 749.573207855225 696.257377624512 712.814575195312 764.64631652832 900.332191467285 928.271553039551 786.021705627441 967.557388305664 743.861980438232 776.889320373535 931.931976318359 760.691295623779 877.265991210938 731.561637878418 855.741802215576 935.451370239258 825.217695236206 782.716159820557 750.479164123535 829.04163312912 698.349464416504 713.85733795166 914.960868835449 800.624565124512 669.047637939453 783.653831481934 918.867160797119 851.639377593994 1409.68253040314 1024.52729892731 1017.11380767822
748.648056030273 863.276550292969 619.70930480957 706.840320587158 854.54182434082 813.644863128662 887.033950805664 783.999156951904 1042.08219146729 733.316621780396 823.747444152832 575.235687255859 709.984302520752 702.38468170166 1368.89212799072 957.239868164062 828.694605231285 971.62451171875 1152.66836929321 831.113243103027 841.214986801147 802.596157073975 657.121673583984 759.297187805176 750.382705688477 751.606536865234 856.526702880859 898.275268554688 744.736137390137 847.886003494263 879.291625976562 944.313217163086 786.429138183594 739.762205123901 738.503723144531 739.214851379395 858.600505828857 860.589794158936 887.818389892578 754.061767578125 767.455062866211 796.862895965576 740.737434387207 630.438827514648 668.171936035156 904.962070465088 1013.64862060547 894.363632202148 1055.52336120605 1228.09811401367
603.60856628418 786.829448699951 654.290893554688 870.236793518066 615.733818054199 716.496997833252 778.408081054688 938.799514770508 608.010665893555 841.406593322754 681.053489685059 809.380680084229 813.88599395752 932.622482299805 1115.90430450439 878.758253097534 652.794128417969 861.433925628662 1422.03887844086 787.01664352417 732.97241973877 848.651092529297 668.71183013916 796.334681510925 654.542236328125 729.30712890625 779.385082244873 834.885343551636 704.83423614502 753.793014526367 743.204647064209 802.598213195801 710.092926025391 788.927621841431 807.558431625366 729.98469543457 885.537509918213 728.515296936035 720.506423950195 775.69898223877 808.525857925415 866.285633087158 744.715599060059 684.781936645508 756.453811645508 894.561210632324 1000.16036605835 847.299879074097 1097.52561950684 1052.40520477295
721.622138023376 685.558326721191 755.452558517456 732.17529964447 727.744768381119 771.258951187134 697.963592529297 577.728912353516 974.370223999023 703.28915977478 1247.75747299194 915.927028656006 1242.07110023499 1021.77159118652 1011.94697570801 838.506603240967 888.76335144043 1720.09111785889 761.740072250366 1398.569480896 1441.43391418457 996.008506774902 840.700897216797 825.01427936554 815.847248077393 772.483583450317 762.733306884766 714.855377197266 1016.10929870605 788.295850753784 861.795188903809 886.791870117188 816.898982048035 835.00766658783 708.90185546875 935.151519775391 865.295032501221 671.408508300781 796.072996139526 891.452449798584 975.365463256836 758.429397583008 776.420894622803 814.721078872681 1002.52864074707 836.56542301178 914.437320709229 880.349390029907 956.315032958984 925.978248596191
530.773162841797 738.793884277344 690.457950592041 756.587844848633 685.153818130493 847.255256652832 832.975219726562 823.199775695801 702.453464508057 687.381832122803 797.00616979599 902.579586982727 900.360748291016 1225.99945831299 1265.1907119751 962.792518615723 761.954040527344 734.083827972412 875.871982574463 1005.10893249512 968.613651275635 650.621406555176 766.754693984985 719.459053039551 745.554626464844 774.099798202515 839.25218963623 966.656631469727 736.919151306152 874.183916091919 901.98628616333 759.057792663574 929.930145263672 746.216373443604 805.305767059326 816.582362174988 860.082462310791 697.720924377441 666.748977661133 826.37077331543 796.793649673462 803.670967102051 731.04296875 867.720430374146 903.901794433594 978.490737915039 1026.62652587891 968.49853515625 1005.33909606934 1002.83355712891
717.995251178741 535.523895263672 726.783336162567 674.220684051514 665.268089294434 781.779092788696 607.560813903809 733.757354736328 645.539772033691 621.982040405273 790.188959121704 729.823547363281 839.270149230957 802.102157592773 740.296661376953 1109.37917327881 545.910263061523 987.96923828125 738.503147125244 707.627868652344 627.99951171875 746.23575592041 808.339015960693 720.543090820312 714.206035614014 725.073921203613 826.462543487549 678.932205200195 798.54930305481 948.981994628906 943.526245117188 845.805849075317 922.545322418213 780.572387695312 884.42667388916 819.199329376221 757.337242126465 842.016584396362 707.928718566895 779.222190856934 1272.23466873169 780.633354187012 817.904905319214 981.16357421875 902.603458404541 937.050109863281 904.034355163574 976.712188720703 792.554973602295 970.808364868164
788.677505493164 694.041801452637 708.02059173584 681.514560699463 804.898235321045 734.562049865723 644.777931213379 651.516189575195 807.389610290527 860.175750732422 972.743783950806 1101.4815864563 574.208366394043 490.478271484375 524.759262084961 1036.2709274292 828.297630310059 790.187683105469 968.092454910278 725.641510009766 633.556915283203 816.648525238037 620.524383544922 772.352537631989 780.443268537521 849.69864654541 687.331176757812 771.063552856445 927.658623456955 1012.8920135498 1398.7427520752 811.097664833069 796.270606994629 945.193016052246 772.011375427246 906.641286849976 1114.42287063599 806.047619819641 914.85652923584 640.350280761719 1162.04630851746 876.67977142334 904.468254089355 828.596492767334 913.48908996582 929.504508972168 777.842956542969 1003.58746337891 903.153610229492 1094.27972412109
696.871175765991 721.489607810974 676.867431640625 781.501128673553 797.396842956543 654.493598937988 617.986915588379 849.100173950195 707.288442611694 869.19620513916 1111.37892150879 1402.43523740768 759.00759601593 781.360855102539 647.462425231934 618.381896972656 744.925110816956 1006.0680847168 742.911161422729 695.396099090576 669.005088806152 591.903259277344 766.946706771851 790.216234207153 684.609184265137 814.990097045898 927.048484802246 908.248916625977 422.726593017578 880.983173370361 916.611221313477 775.089653015137 938.875438690186 875.292221069336 721.388145446777 743.608139038086 757.674766540527 1180.50798797607 799.011775970459 1183.11656188965 836.899855613708 806.257459640503 788.206754684448 942.254463195801 766.581481933594 926.832534790039 1003.59802246094 936.726661682129 853.742202758789 1108.1332244873
791.65803527832 626.332427978516 613.061614990234 699.581605911255 769.643100738525 679.145248413086 647.526184082031 700.03267288208 822.571418762207 851.336173057556 863.377064228058 688.914531707764 753.78129863739 686.230598449707 668.265045166016 689.075622558594 713.877838134766 718.957979202271 804.17098236084 669.294090270996 719.973663330078 637.117599487305 684.480644226074 718.373817443848 803.398555755615 755.12913775444 785.271682739258 641.791854858398 794.004932403564 1195.17004847527 819.803994178772 710.389711856842 874.767260551453 851.038589477539 932.114288330078 894.172204971313 774.602210998535 797.889488220215 767.696281433105 727.50447845459 729.656036376953 749.396381378174 711.194915771484 809.444558620453 766.980598449707 863.122909545898 941.978218078613 823.527212142944 840.958913803101 1027.87030792236
