export/dem/dem19.asc
NCOLS 350
NROWS 171
XLLCORNER 152620
YLLCORNER 418050
CELLSIZE 100
NODATA_VALUE -9999
[rows 110 to 131 of 171, columns 200 to 249 of 350]
-9999 -9999 -9999 944.565574645996 910.761215209961 698.465019226074 708.713764190674 767.206840485334 769.61350941658 973.476928710938 536.996994018555 544.089431762695 634.251724243164 672.795415878296 539.309272766113 572.759353637695 752.88219833374 735.593246459961 527.384521484375 788.972229003906 732.524131774902 654.147619247437 676.901866912842 564.804458618164 426.20849609375 691.725929260254 504.398834228516 560.684020996094 616.296863555908 623.880863189697 689.913120269775 621.259784698486 821.614059448242 599.284324645996 611.285125732422 580.902626037598 564.75227355957 707.061028003693 429.363952636719 651.786514282227 591.000411987305 573.309715270996 743.63579416275 699.829933166504 1186.68165588379 817.612800598145 844.918991088867 1042.87315368652 595.677520751953 869.768630981445
-9999 -9999 -9999 -9999 892.654029846191 798.546188354492 615.877365112305 718.266860961914 732.085544586182 979.224838256836 592.05738067627 655.33287525177 680.879012107849 590.805725097656 677.840536117554 614.856061935425 596.399608612061 625.206428527832 627.65619122982 611.707363128662 675.814504623413 617.040851593018 1424.40388011932 627.719373703003 538.525966644287 569.618648529053 517.922409057617 614.043006896973 606.661849975586 536.421199798584 571.326595306396 694.450638771057 656.262359619141 524.884262084961 354.331451416016 585.667678833008 650.087440490723 703.419765472412 534.689064025879 654.217066764832 714.79810333252 569.308502197266 526.589370727539 890.996086120605 605.401924133301 700.48518371582 947.455741882324 893.877288818359 528.880630493164 872.342426300049
-9999 -9999 -9999 -9999 914.313949584961 638.557525634766 897.96891784668 921.379119873047 925.789886474609 858.511352539062 673.668090820312 590.675537109375 502.5869140625 674.236667633057 561.24877166748 740.062232971191 739.367835998535 666.412227630615 736.872589111328 593.484786987305 654.690327167511 672.475852966309 543.824195861816 609.896277062595 643.621238708496 586.602886199951 647.824687957764 627.848541259766 666.342227935791 538.602905273438 771.184356689453 564.006706237793 646.485893249512 550.693618774414 663.385760307312 535.061569213867 580.026458740234 727.759239196777 815.284704208374 716.251724243164 774.623783111572 666.790100097656 584.411178588867 838.731651306152 405.292495727539 900.112510681152 790.350311279297 720.597595214844 722.424446105957 788.986045837402
-9999 -9999 -9999 -9999 -9999 780.819988250732 723.159717068076 862.834609985352 729.799346923828 796.833984375 1216.30499815941 804.089645385742 805.787811279297 645.555665969849 525.014907836914 552.323181152344 569.820846557617 463.749450683594 683.046482086182 689.604562759399 611.645248413086 1012.79202651978 600.520214080811 494.580711364746 672.367702484131 565.1015625 858.162933349609 619.542068481445 733.471408843994 555.918975830078 433.744491577148 688.572666168213 578.465408325195 458.837631225586 663.608238220215 569.254516601562 546.097747802734 563.885696411133 679.196098327637 817.175476074219 719.490982055664 801.417724609375 759.660642623901 520.407531738281 671.901351928711 622.531433105469 1003.16845703125 1265.70459747314 648.58918762207 665.502182006836
-9999 -9999 -9999 -9999 -9999 880.430213928223 684.631301879883 646.582401275635 705.790992736816 812.762504577637 1159.96406173706 604.035491943359 734.28399515152 760.107933044434 731.207471847534 565.579315185547 568.60432434082 540.303695678711 496.638870239258 744.808090209961 1266.90376281738 602.665920257568 684.042007446289 686.96166229248 693.599266052246 677.49217414856 678.469383239746 631.734222412109 642.99195098877 791.500518798828 520.049575805664 606.373237609863 449.956848144531 471.962509155273 659.899510078132 706.42179107666 532.542083740234 628.80248260498 690.514863967896 812.172714233398 608.425323486328 695.737258911133 695.643142700195 474.170471191406 573.94563293457 634.91902923584 607.91535949707 769.492782592773 555.90495300293 625.63264465332
-9999 -9999 -9999 -9999 -9999 1059.18391418457 706.973236083984 585.759582519531 498.718231201172 825.919876098633 732.332214355469 829.234405517578 754.10046005249 646.13431930542 492.339950561523 523.992614746094 683.476028442383 816.156066894531 689.674292564392 1288.48161697388 773.73796081543 750.614646911621 563.54443359375 794.887741088867 580.753479003906 862.833534240723 661.734497070312 636.042289733887 751.711868286133 749.505641937256 699.823648452759 416.075576782227 790.989906311035 629.53369140625 723.070209503174 595.833938598633 499.722763061523 756.64811706543 753.115989685059 740.087803840637 587.667922973633 880.018739700317 704.431750297546 938.721286773682 533.516159057617 535.731231689453 592.61735534668 619.778762817383 551.392807006836 701.332847595215
-9999 -9999 -9999 -9999 -9999 -9999 911.920768737793 929.425064086914 579.284942626953 642.2798371315 673.497352600098 836.885125160217 546.110290527344 654.482166290283 573.041152954102 465.703094482422 692.927265167236 535.405426025391 645.922485351562 662.008538246155 606.418025970459 765.132354736328 624.182804107666 618.602931976318 636.589515686035 799.876926422119 777.084716796875 776.898048400879 751.921663284302 637.775001525879 615.175422668457 528.368270874023 708.582643508911 682.752989292145 684.262825012207 595.787506103516 597.970893859863 642.957592010498 556.082931518555 631.943923950195 621.502090454102 727.777328491211 595.683097839355 679.988883972168 890.949615478516 901.317291259766 1046.0922203064 905.527473449707 696.882843017578 706.149017333984
-9999 -9999 -9999 -9999 -9999 -9999 831.823280334473 1362.00981330872 1190.5658416748 558.584915161133 615.973743438721 558.867599487305 1006.52325439453 420.955596923828 660.935974121094 525.940795898438 540.051177978516 598.53791809082 1148.14666748047 647.380340576172 700.014835357666 645.550979614258 629.936679840088 691.603366374969 582.671447753906 819.12313079834 667.309680938721 678.743682861328 744.182255744934 546.736694335938 752.364826202393 795.298908233643 629.011138916016 998.22066450119 849.854141235352 995.987777709961 835.998397827148 730.600297927856 703.442817687988 637.548179626465 720.527274727821 665.424045562744 713.544256210327 689.284744262695 567.210205078125 611.368194580078 743.881052017212 807.632484436035 1133.81845092773 663.465049743652
-9999 -9999 -9999 -9999 -9999 -9999 -9999 1020.0093460083 848.225063323975 910.913497924805 764.485313415527 676.374122619629 728.801928520203 794.767135620117 763.565315246582 491.129959106445 635.246475219727 1262.04093933105 624.109268188477 650.207019805908 624.957889556885 680.066974163055 667.567920684814 631.963516235352 716.990505218506 643.436553955078 711.763311862946 1072.73711395264 959.733680725098 615.136306762695 633.915952682495 669.689353942871 623.126678943634 984.87963104248 920.415000915527 934.597198486328 911.442886352539 864.722610473633 1133.40222835541 730.328590393066 731.847053527832 688.259941101074 804.386642456055 613.609115600586 786.84693145752 655.613563537598 620.589973449707 603.899475097656 685.244297027588 670.403301239014
-9999 -9999 -9999 -9999 -9999 -9999 -9999 -9999 793.082366943359 892.649480819702 809.519844055176 659.903254508972 764.10410118103 680.206771850586 525.235977172852 616.655609130859 1394.77247619629 641.830001831055 725.879615783691 552.575012207031 870.967681884766 723.184488296509 679.750095367432 732.182289123535 678.829948425293 500.186080932617 717.751657485962 782.269569396973 888.927955627441 603.803672790527 465.543426513672 630.882392883301 671.329303741455 846.679660797119 783.639175415039 872.593561172485 792.855514526367 1054.22121429443 1041.63620376587 869.630744934082 576.619186401367 666.428024291992 756.391516685486 720.681327819824 727.812644958496 687.38826751709 688.261257171631 620.628526687622 736.024388428777 543.053897857666
-9999 -9999 -9999 -9999 -9999 -9999 -9999 -9999 -9999 1158.76628112793 1367.5298538208 1271.67301559448 599.328357696533 706.123645782471 542.070556640625 423.644134521484 815.839218139648 618.181289672852 697.130977630615 734.159481048584 622.776466369629 801.57152557373 715.133853912354 654.502616882324 793.173450469971 868.712070465088 585.172203063965 515.89608001709 785.100070953369 718.028022766113 638.921109437943 590.390705108643 657.318374633789 622.360786437988 1037.1626739502 751.749794006348 803.414604187012 747.546936035156 1103.82753753662 1011.17755508423 1224.64878845215 731.303798675537 713.223068237305 643.348129272461 780.257751464844 611.130523681641 640.61424306035 455.669372558594 600.209936141968 547.235801696777
-9999 -9999 -9999 -9999 -9999 -9999 -9999 -9999 -9999 -9999 1001.84987449646 802.660934448242 575.350353240967 587.638160705566 410.447326660156 498.153137207031 717.227504730225 570.835968017578 654.349304199219 740.030701637268 811.312465667725 743.880429267883 735.10214984417 846.57006072998 1059.81251907349 817.052772521973 502.63335609436 797.763702392578 831.324638366699 849.159706115723 845.347869873047 635.350696563721 627.540534973145 585.851951599121 821.639568328857 826.385387420654 613.015640258789 821.454177856445 981.323616027832 991.997602462769 955.537762641907 756.302581787109 894.925354003906 861.945108413696 685.475547790527 725.502891540527 775.906860351562 414.311752319336 713.840118408203 545.332778930664
-9999 -9999 -9999 -9999 -9999 -9999 -9999 -9999 -9999 -9999 -9999 1233.79268264771 1264.75921630859 1004.17454910278 412.007141113281 546.449005126953 721.755565643311 705.43977355957 645.422286987305 733.422006607056 812.276483058929 808.21692276001 629.742469787598 622.571002960205 872.121398925781 711.94439125061 985.000541687012 945.724983215332 863.092636108398 856.665016174316 725.623336791992 892.813091278076 900.186370849609 706.436958312988 680.177177429199 780.774078369141 895.99450302124 785.722122192383 801.788581848145 810.762966156006 1102.24266052246 907.743499755859 936.524047851562 682.332138061523 725.481735229492 635.640434265137 643.900886535645 726.300048828125 832.705749511719 925.441497802734
-9999 -9999 -9999 -9999 -9999 -9999 -9999 -9999 -9999 -9999 -9999 -9999 1200.87913513184 1041.36251831055 627.160202026367 613.069305419922 676.650783538818 612.171298980713 636.552791595459 716.990992546082 607.163009643555 580.14998626709 505.804412841797 499.003875732422 624.465782165527 909.295509338379 945.754272460938 872.01969909668 885.862838745117 830.808464050293 904.381362915039 891.227081298828 723.785776138306 677.071105957031 614.641662597656 686.953056335449 871.358379364014 859.766639709473 827.958053588867 632.383651733398 788.583648681641 952.553993225098 869.971405029297 703.504325866699 749.963035583496 790.649810791016 780.755714416504 727.826419830322 860.772735595703 769.809656143188
-9999 -9999 -9999 -9999 -9999 -9999 -9999 -9999 -9999 -9999 -9999 -9999 -9999 -9999 775.999168395996 822.680572509766 681.844421386719 965.488788604736 646.23802947998 584.164306640625 539.432720184326 592.87412071228 550.139585494995 395.841278076172 630.39729309082 730.411437511444 636.236534118652 821.114723205566 940.799839019775 966.144355773926 723.922943115234 796.572036743164 744.559143066406 729.228063583374 809.887432098389 543.594985961914 754.731513977051 987.575981140137 743.513359069824 1083.00930595398 1037.92433547974 1084.39622497559 643.167320728302 565.867225646973 674.850009918213 668.245760917664 769.578987121582 710.813974380493 705.833909988403 697.394645690918
-9999 -9999 -9999 -9999 -9999 -9999 -9999 -9999 -9999 -9999 -9999 -9999 -9999 -9999 -9999 -9999 -9999 1222.97006988525 729.7668800354 531.372085571289 877.691268920898 626.154708862305 673.167526245117 908.060653686523 881.826187133789 774.26589679718 606.521644592285 508.885147094727 687.998550415039 855.100494384766 643.065315246582 652.127174377441 793.168060302734 878.854900360107 755.172667503357 659.931747436523 745.729675292969 962.630784988403 869.613500595093 581.592138290405 455.132705688477 1046.78200721741 687.736785888672 815.595344543457 709.558395087719 848.120185852051 769.884601593018 624.641941070557 787.062118530273 788.070693969727
-9999 -9999 -9999 -9999 -9999 -9999 -9999 -9999 -9999 -9999 -9999 -9999 -9999 -9999 -9999 -9999 -9999 -9999 -9999 -9999 926.185707092285 837.67387008667 752.19841003418 955.593215942383 784.410942077637 888.249017238617 740.076461791992 754.815139770508 847.443313598633 742.335777282715 832.883741378784 757.348410606384 677.019905090332 784.841133117676 778.742824077606 534.541633605957 793.312896728516 865.079701423645 914.716569900513 849.869583129883 705.537796020508 755.327302932739 600.377025604248 589.612838745117 692.022802352905 727.680364608765 731.295543670654 645.558589935303 705.604108810425 776.476615905762
-9999 -9999 -9999 -9999 -9999 -9999 -9999 -9999 -9999 -9999 -9999 -9999 -9999 -9999 -9999 -9999 -9999 -9999 -9999 -9999 -9999 -9999 -9999 -9999 -9999 919.081503868103 804.855003356934 777.464477539062 863.528434753418 838.654525756836 992.073265075684 728.800559997559 834.28148651123 620.963943481445 690.723054885864 807.944065093994 954.156429290771 924.802093505859 726.828832626343 858.925590515137 556.238006591797 986.603439331055 666.770348548889 666.400295257568 669.806488037109 570.022567749023 630.330699920654 667.692408561707 790.31421661377 923.851028442383
-9999 -9999 -9999 -9999 -9999 -9999 -9999 -9999 -9999 -9999 -9999 -9999 -9999 -9999 -9999 -9999 -9999 -9999 -9999 -9999 -9999 -9999 -9999 -9999 -9999 -9999 -9999 -9999 -9999 870.514492034912 1025.23670196533 888.156059265137 826.871026992798 791.133113861084 697.768547058105 736.064059495926 952.314422607422 1044.76796722412 839.127151489258 743.239334106445 657.182683467865 710.114386558533 683.231075286865 774.477478027344 900.398681640625 515.786544799805 678.811130285263 642.045585632324 630.187599182129 594.79655456543
-9999 -9999 -9999 -9999 -9999 -9999 -9999 -9999 -9999 -9999 -9999 -9999 -9999 -9999 -9999 -9999 -9999 -9999 -9999 -9999 -9999 -9999 -9999 -9999 -9999 -9999 -9999 -9999 -9999 -9999 -9999 1232.51557922363 807.25658416748 862.386299133301 771.089979171753 692.633728027344 809.476806640625 697.605281829834 891.505508422852 680.027809143066 887.965068817139 702.449474334717 831.230674743652 773.791580200195 649.179222106934 738.519065856934 708.050607681274 657.660484313965 725.457169532776 705.681463241577
-9999 -9999 -9999 -9999 -9999 -9999 -9999 -9999 -9999 -9999 -9999 -9999 -9999 -9999 -9999 -9999 -9999 -9999 -9999 -9999 -9999 -9999 -9999 -9999 -9999 -9999 -9999 -9999 -9999 -9999 -9999 -9999 861.309509277344 909.035360336304 862.635536193848 758.74430847168 785.014888763428 675.696235656738 601.657382965088 744.034210205078 900.145629882812 876.984161376953 844.007400512695 610.403274536133 616.203338623047 654.192470550537 601.068870544434 708.956684112549 705.49781036377 808.694129943848
-9999 -9999 -9999 -9999 -9999 -9999 -9999 -9999 -9999 -9999 -9999 -9999 -9999 -9999 -9999 -9999 -9999 -9999 -9999 -9999 -9999 -9999 -9999 -9999 -9999 -9999 -9999 -9999 -9999 -9999 -9999 -9999 -9999 1015.18031311035 898.783576011658 743.765632629395 755.861618041992 679.261637449265 960.454208374023 883.185958862305 1027.13034057617 600.431869506836 486.969009399414 702.620865821838 663.559944152832 561.185470581055 674.68968963623 607.724197387695 662.022399902344 693.790710449219
