export/dem/dem14.asc
NCOLS 350
NROWS 171
XLLCORNER 152620
YLLCORNER 418050
CELLSIZE 100
NODATA_VALUE -9999
[rows 66 to 87 of 171, columns 250 to 299 of 350]
675.581937789917 514.460601806641 709.478832244873 530.470527648926 539.646858215332 440.384231567383 631.799161911011 570.527450561523 709.337490081787 730.727439880371 709.534671783447 683.977639198303 661.103294372559 673.607612609863 682.180881500244 750.468391418457 822.462326049805 633.522830963135 668.822639465332 722.347999572754 462.930450439453 554.890686035156 701.709197998047 518.528991699219 762.276229858398 686.202583312988 677.871116638184 709.088693618774 689.441970825195 767.271392822266 711.522797942162 680.581432342529 737.398745656013 701.400562286377 649.794708251953 717.148815631866 619.173431396484 799.865272521973 965.274238586426 980.752395629883 904.025901794434 646.492416381836 627.347442626953 542.246017456055 684.017646789551 598.592697143555 505.371994018555 640.077796936035 683.524032592773 853.2229347229
583.218006134033 620.313940048218 557.113258361816 553.763931274414 628.684080123901 703.252418518066 531.406600952148 589.674491882324 729.017074584961 601.887920379639 660.22329044342 543.050003051758 658.291024208069 651.74543762207 705.885620117188 566.429557800293 713.572666168213 891.949111938477 735.838600158691 595.698463439941 663.007286071777 639.668594360352 670.154155731201 590.501487731934 742.835161209106 900.994659423828 565.839172363281 677.998596191406 735.186771392822 817.229370117188 745.394401550293 668.803539276123 713.353149980307 780.021682739258 645.904487609863 678.065547943115 760.048934936523 707.114543914795 630.649673461914 714.874383926392 1069.57313728333 968.805305480957 932.045631408691 667.7841796875 529.45556640625 634.834487915039 644.212966918945 766.450260877609 842.461311340332 720.158042907715
606.957504272461 706.165360212326 627.47572517395 686.909942626953 645.856307029724 568.98038482666 549.054725646973 585.598934173584 503.609886169434 590.337692260742 665.302356719971 531.56169128418 587.550750732422 587.331344604492 521.19450378418 780.996078491211 723.868507385254 776.576377868652 752.791160583496 627.647796630859 754.817691802979 723.101930618286 840.241470336914 736.80740737915 519.372329711914 608.546646118164 698.23138999939 787.160331726074 761.346626281738 705.587603569031 779.035015106201 797.186492919922 610.834434509277 804.277946472168 575.729667663574 632.556976318359 801.362152099609 847.975227355957 898.648910522461 642.219383239746 621.679100036621 750.4314661026 934.595748901367 1268.51452636719 806.344875335693 672.025390625 545.943511962891 582.730361938477 651.563247680664 848.452842712402
553.00341796875 680.070259094238 574.180473327637 620.500729560852 535.227020263672 630.562879323959 653.957702636719 574.228950500488 674.09508895874 608.217632293701 589.045562744141 676.695156097412 702.131702423096 725.948570251465 574.74503326416 731.658630371094 740.82640838623 899.826614379883 811.926193237305 666.839933395386 657.519466400146 730.535430908203 595.069389343262 743.014022827148 732.984394073486 670.083112716675 716.295888900757 682.963722229004 861.214111328125 848.396377563477 672.115325927734 724.571471214294 722.023164749146 616.557678222656 800.943519592285 644.745094299316 713.040247891098 817.425590515137 746.468902587891 789.904312133789 716.995819091797 655.138626098633 517.070175170898 777.83606338501 795.041946411133 1288.09423828125 732.134788513184 569.71021270752 603.45979309082 727.772457122803
760.962898254395 657.233753204346 759.911468505859 636.501849651337 665.16060256958 650.984037399292 705.266780853271 738.130393981934 722.664772033691 638.295973777771 708.899139404297 575.96314239502 619.134922027588 725.914337158203 684.468864440918 636.577751159668 677.597645998001 659.246225357056 761.770370483398 637.343860626221 658.060047149658 834.981307983398 634.787536621094 792.91658782959 637.387104034424 744.573165893555 792.298698425293 760.268390655518 622.327857971191 847.518630981445 700.632339477539 737.882556915283 735.293342590332 672.650829315186 619.076881408691 715.72713470459 770.6240234375 615.319664001465 769.524375915527 709.250328063965 664.219886779785 780.888415634632 652.82837677002 546.164825439453 655.340454101562 689.769332885742 761.223098754883 921.949768066406 762.884910583496 703.539682388306
849.794921875 733.942588806152 612.783882141113 582.199531555176 591.960311889648 552.082511901855 734.647331237793 603.995990753174 637.795959472656 497.663650512695 678.289974212646 669.556907653809 800.859115600586 592.317771911621 726.700981140137 871.919235229492 761.916202545166 594.69047164917 652.448274612427 641.025829315186 569.055534362793 693.805765151978 778.625961303711 720.438924789429 762.208728790283 779.223224639893 652.712802886963 740.175149917603 731.649085998535 832.619293212891 782.303009033203 789.62890625 746.030246734619 671.993518829346 716.648978710175 674.06619310379 689.803253173828 623.019760131836 746.130288600922 562.862869262695 708.379272460938 608.519653320312 768.500841140747 688.327301025391 613.033714294434 1045.72663879395 549.629806518555 592.50666809082 786.323335647583 724.991790771484
780.308670043945 610.382263183594 515.365539550781 554.034477233887 682.714791297913 682.46630859375 726.959300041199 688.934673309326 632.643466949463 606.236875534058 690.192640304565 754.512710571289 803.828903198242 838.535507202148 780.157844543457 694.515256881714 572.541206359863 614.80680847168 525.04955291748 697.160659790039 772.793380737305 744.481320381165 606.012634277344 782.943267822266 601.323669433594 684.844151735306 925.324768066406 836.252075195312 676.887788295746 600.293724060059 634.943656921387 815.378372192383 813.030838012695 691.004017829895 773.468944549561 735.929649353027 775.559665679932 809.634201049805 770.294609069824 801.750129699707 836.303123474121 1321.82900714874 723.218311309814 601.089248657227 722.350797176361 749.613830566406 694.758079528809 656.951332092285 754.194137573242 778.358978271484
719.680477142334 647.980051994324 674.787139892578 735.883209228516 772.486061096191 730.498615264893 763.653663635254 831.206035614014 753.225128173828 651.483264803886 585.473747253418 658.599231719971 874.200500488281 680.820831298828 882.068756103516 759.199317932129 621.692192077637 618.368246078491 651.961889266968 681.773066520691 763.715660095215 620.803398132324 757.988277435303 680.445211410522 675.70487177372 656.94972038269 626.600090026855 693.240984916687 584.639808654785 703.790225028992 543.936141967773 613.487457275391 652.0461769104 865.4052734375 671.997623443604 685.527053833008 675.923812866211 608.603958129883 738.375520706177 694.026435852051 699.713355064392 837.653004646301 643.655426025391 922.344039916992 743.864044189453 807.647842407227 611.492218017578 832.535273551941 1163.51287078857 684.24388885498
627.951568603516 620.679931640625 550.140274047852 673.996925354004 636.751218795776 687.62832069397 713.273446083069 809.674869537354 699.74048614502 621.867752075195 752.041702270508 726.557041168213 595.724826812744 667.955657958984 610.213813781738 550.773796081543 713.676277160645 757.136154174805 771.558952331543 688.295902252197 671.729243278503 491.503524780273 656.440519332886 583.820930480957 685.264247894287 724.740417480469 525.83479309082 500.437744140625 563.540542602539 662.16675567627 659.359354019165 737.591709136963 788.267196655273 880.190216064453 856.843673706055 740.928909301758 776.12441444397 710.654346466064 777.430351257324 691.140733242035 650.980588912964 933.502521514893 620.560562133789 973.69482421875 863.454833984375 559.640258789062 710.392990112305 812.230937004089 813.246520996094 956.858692169189
652.284968018532 655.902637481689 523.181221008301 583.251569271088 751.988708496094 696.129089355469 738.069890499115 785.502716064453 754.659289360046 829.096641540527 801.79988861084 644.29069519043 516.498565673828 665.1689453125 697.487285614014 644.955273628235 727.042335510254 642.592610001564 671.357757568359 567.50611114502 627.157123565674 639.408386230469 725.441676139832 621.180477142334 555.315612792969 585.642219543457 671.361055374146 577.236770629883 645.04842376709 535.544082641602 596.75341796875 636.538513183594 687.66516494751 697.69514465332 753.171157836914 782.392158508301 740.788084030151 818.590232849121 709.028285980225 564.081489562988 842.173307418823 947.979480743408 647.679443359375 757.064270019531 685.336990356445 929.285171508789 841.147827148438 733.138809204102 955.322179794312 955.681137084961
728.090972900391 640.148190498352 676.350238800049 676.497711181641 770.017230987549 602.391100883484 592.785051345825 824.343406677246 671.961067199707 646.76619720459 764.71403503418 697.334609985352 501.295791625977 645.231294631958 559.772155761719 534.758735656738 725.003578186035 675.356346130371 725.626838684082 771.137344360352 629.680587768555 416.890960693359 553.249626159668 625.71284866333 640.566589355469 655.043853759766 676.199590444565 766.709915161133 741.083683013916 677.649238586426 644.098278999329 707.263082504272 621.005920410156 852.63215637207 648.402072906494 680.117408752441 836.288032531738 711.823385238647 740.42017364502 662.017459869385 796.31813621521 786.509174346924 803.072608947754 662.030410766602 819.935413837433 665.008934020996 555.127258300781 746.843162536621 804.491790771484 760.993511199951
733.480495452881 757.947967529297 619.90838432312 750.02513885498 875.074737548828 828.936782836914 508.61661529541 537.579921722412 694.48112487793 694.405620574951 712.938952445984 808.843727111816 586.629726409912 571.995597839355 787.251892089844 760.59716796875 711.150428771973 836.955581665039 625.853771209717 693.361827850342 682.197436332703 842.162734985352 734.992362976074 622.08215713501 681.696714878082 557.389152526855 805.523208618164 774.467987060547 666.943004608154 625.110748291016 613.137191772461 639.401000976562 681.218162536621 679.794860839844 711.284406661987 665.643310546875 716.60064125061 741.567155838013 572.182205200195 681.71040558815 897.397285461426 812.232449054718 655.007919311523 1128.57616043091 767.198425292969 587.161010742188 676.193969726562 584.513061523438 825.234970092773 1218.24652290344
645.830530166626 691.248237609863 648.273971557617 745.954574584961 634.582244873047 703.331527709961 766.047760009766 579.065183639526 636.083522796631 623.76294708252 621.942810058594 667.175104618073 486.948638916016 590.461097717285 821.609931945801 650.228333950043 852.576965332031 882.276306152344 771.967872619629 604.240295410156 643.403564453125 740.795696258545 734.169628143311 568.360404968262 463.092987060547 670.191435337067 584.122222900391 488.801536560059 868.182640075684 840.659530639648 609.525409698486 755.3212890625 580.502296447754 818.317962646484 692.287848472595 846.844993591309 777.535778045654 648.466300964355 556.095886230469 714.972995758057 436.697174072266 1118.06983947754 944.505966186523 752.900447845459 709.974151611328 774.244251251221 722.093109130859 808.446228027344 1109.53244018555 860.929641723633
652.780368804932 721.99405670166 652.162746429443 837.055313110352 784.299118041992 724.994525909424 771.358963012695 633.218467712402 683.979917526245 799.579399108887 687.761024475098 765.799924850464 695.545211791992 681.121489524841 596.194236755371 679.337245941162 734.93098449707 685.183746337891 585.802803039551 617.706962585449 620.459945678711 782.257026672363 678.154598236084 723.235908508301 693.729848861694 794.547370910645 680.212482452393 609.7737159729 751.230964660645 945.118072509766 623.496978759766 742.690330505371 814.043731689453 544.90357208252 633.964370727539 756.087043762207 642.53706741333 595.806488037109 654.588123321533 839.894916057587 739.058349609375 859.329608917236 1137.89037322998 828.334754943848 1185.16788864136 583.574966430664 1064.23573303223 836.741164207458 730.553886413574 725.120132446289
713.384399414062 595.730278015137 810.073944091797 827.011047363281 676.356956481934 741.441009521484 663.851339459419 677.329702377319 658.266844272614 583.009178161621 564.110626220703 678.859170913696 594.573440551758 676.493656158447 698.359645843506 698.682678222656 737.497673034668 628.233814239502 659.361808776855 696.697545051575 706.573345184326 448.783096313477 577.924560546875 636.767593383789 593.276824951172 663.976793289185 536.147300720215 684.42364358902 825.321212768555 672.408912658691 798.875511169434 807.188507080078 667.079261779785 543.582733154297 515.875473022461 840.679290771484 564.301567077637 795.815940856934 710.413806915283 854.906845092773 856.904693603516 996.621253967285 985.967391967773 1091.41971302032 796.019466400146 786.723709106445 1128.88247680664 686.790916442871 588.284072875977 728.615867614746
703.554473876953 611.451217651367 686.985935211182 727.29320526123 649.849596977234 723.475875854492 761.546882629395 738.878715515137 750.861911773682 661.337326049805 506.591720581055 549.534210205078 595.597869873047 652.579608917236 713.766254425049 456.584106445312 645.597551345825 641.536674499512 591.14185333252 622.741226196289 543.057510375977 488.437225341797 636.238388061523 663.948535919189 704.860145568848 629.620552062988 718.246133804321 622.654853820801 690.432515144348 630.56597328186 854.274749755859 973.886932373047 798.406578063965 700.207548141479 872.752861022949 762.011825561523 698.27954864502 625.337879180908 639.509284973145 610.067321777344 608.050354003906 779.521255493164 661.512111663818 721.261646270752 918.947476387024 670.810195922852 892.486389160156 638.804641723633 584.893157958984 781.811325073242
631.172106266022 647.74084854126 846.192306518555 744.917083740234 732.738273620605 707.375244140625 670.049592018127 709.441070556641 668.67679977417 686.509002685547 465.53938293457 654.266744613647 725.890060424805 565.627830505371 590.51587677002 437.624801635742 585.828178405762 667.61522102356 652.773428201675 563.073440551758 603.980438232422 630.559692382812 658.979133605957 739.376731872559 618.22095489502 686.302753448486 643.231185913086 743.483318328857 794.239120483398 573.58528137207 668.424634933472 875.394226074219 620.81778717041 788.15544128418 685.784260749817 704.78201790154 559.659255981445 581.172546386719 657.145360946655 700.178512573242 592.576141357422 874.904815673828 628.800598144531 718.836608886719 866.524948120117 718.72306060791 585.227874755859 575.037796020508 699.929168701172 1092.52038955688
749.433319091797 697.097854614258 652.082939147949 656.61067199707 935.6875 822.340316772461 618.475563049316 635.805631637573 742.046867370605 641.767483711243 657.934064865112 774.730018615723 772.710266113281 768.584587097168 655.401582717896 628.368021965027 596.341331481934 635.909477233887 637.50584602356 545.795120239258 652.086227416992 686.565923690796 508.593437194824 788.743362426758 583.943580627441 864.974349975586 642.113182067871 664.039505004883 701.556565284729 710.742122650146 678.153854370117 556.086402893066 779.689746856689 752.048272132874 757.738616943359 708.968642234802 686.882340431213 605.861938476562 600.576782226562 550.115966796875 675.062339782715 1072.99607086182 537.364990234375 818.413879424334 1044.6159362793 739.709114074707 872.292083740234 590.37614440918 795.468002319336 699.681831359863
663.601658821106 758.706558227539 721.366851806641 692.831474304199 701.756843566895 658.859846115112 760.455749511719 526.840606689453 586.255741119385 610.400996208191 718.09839630127 566.620788574219 514.386001586914 778.00959777832 931.484680175781 617.113845825195 897.066520690918 717.35599899292 654.958093643188 686.335166931152 729.40025138855 587.212791442871 732.327335357666 961.957420349121 695.45189666748 788.729469299316 612.696834564209 555.786727905273 801.279800415039 591.42374420166 746.071582794189 736.337688446045 801.610404968262 781.076110839844 752.833560943604 525.469444274902 641.507526397705 778.860458374023 626.516593933105 908.993300914764 696.081130981445 723.77751159668 692.466873168945 569.095649719238 632.727081298828 801.794525146484 642.324249267578 640.111404418945 629.599197387695 524.24658203125
680.546947479248 681.622524261475 621.550394535065 818.096755981445 594.663131713867 689.354301452637 640.340791225433 582.823154449463 684.979263305664 584.961196899414 750.795135498047 694.205123901367 538.713661193848 799.73632311821 670.773280143738 547.958549499512 445.753814697266 599.77746963501 705.661296844482 733.573921203613 594.725059509277 648.939025878906 577.970733642578 720.880012512207 912.320175170898 812.311401367188 793.222579956055 704.611190915108 660.600845336914 706.645163536072 621.204048156738 736.867919921875 750.81027841568 780.905780792236 670.555870056152 785.299682617188 699.363569259644 465.999237060547 753.979961395264 989.597357273102 1226.70131635666 413.142303466797 900.299697875977 597.005905151367 492.239471435547 565.160705566406 601.266891479492 537.180267333984 519.937927246094 959.527130126953
773.759223937988 777.156707763672 639.122051239014 835.07975769043 748.580810546875 769.472473144531 766.846206665039 600.857124328613 703.452816009521 609.188816070557 633.107051849365 842.721839904785 643.042114257812 542.075050354004 520.891563415527 657.183971405029 760.377544403076 771.031418800354 700.036987304688 690.333908766508 591.556533813477 570.775985717773 1320.06258773804 796.082565307617 726.309432983398 554.401718139648 626.262622833252 600.264869689941 728.549396514893 696.956920623779 686.876510620117 778.40191078186 848.376251220703 749.348808288574 760.489349365234 804.37963104248 696.015294075012 649.634010314941 602.800079345703 1027.30532836914 628.99942779541 611.11644744873 711.465393066406 1444.13334655762 772.980625152588 1580.92532348633 527.556945800781 617.135162353516 1080.59254074097 729.705833435059
1047.42164611816 970.980339050293 958.893463134766 716.312886953354 687.075138092041 594.22620010376 623.644529342651 713.00659942627 505.377563476562 762.533836364746 631.424320220947 880.822742462158 933.479133605957 697.852832794189 713.055263519287 1102.94678878784 1008.93651580811 582.937774658203 742.680450439453 536.383651733398 619.355098724365 539.581901550293 586.57982635498 708.258186340332 900.513320922852 706.308393001556 712.909873962402 756.648895263672 737.909236907959 845.099594116211 805.13257598877 788.620719909668 979.254425048828 835.200912475586 771.868385314941 747.637392044067 636.686111450195 594.497833251953 552.557861328125 651.93522644043 536.048667907715 729.480580329895 675.034576416016 679.173187255859 781.509338378906 936.625671386719 704.74976348877 559.364349365234 617.706817626953 620.831359863281
