export/dem/dem16.asc
NCOLS 350
NROWS 171
XLLCORNER 152620
YLLCORNER 418050
CELLSIZE 100
NODATA_VALUE -9999
[rows 22 to 43 of 171, columns 100 to 149 of 350]
612.178718566895 461.551445007324 561.00298500061 490.667892456055 725.694360733032 614.410543441772 714.649890899658 632.26375579834 735.848243072629 696.592798233032 849.608200073242 647.557621955872 585.646820068359 826.810081481934 614.11589050293 513.262184143066 759.25651550293 693.126220703125 688.279666900635 513.483551025391 991.786544799805 884.753234863281 494.789825439453 446.89794921875 437.879852294922 551.70626449585 440.645645141602 588.05447769165 707.786552429199 702.541236877441 602.602771759033 656.76070022583 660.192017555237 550.630393981934 566.565910339355 676.567115783691 660.015922546387 656.201761245728 641.277843475342 621.276962280273 649.983907699585 641.588336110115 436.622528076172 740.255615234375 728.187057495117 658.835981369019 520.549751281738 728.80143737793 547.917854309082 639.913438081741
604.035367965698 688.912986755371 530.205593109131 554.725734710693 631.488723754883 849.147766113281 560.498977661133 529.648880004883 657.238647460938 577.606086730957 1406.2431640625 558.722373962402 457.749771118164 1121.32518005371 536.252738952637 575.177276611328 825.999755859375 472.498138427734 482.064636230469 509.057426452637 802.144668579102 527.633766174316 1092.30223083496 878.735733032227 637.897554397583 787.47599029541 572.01815700531 411.606735229492 578.25458240509 609.923866271973 597.299844384193 565.189910888672 655.520217895508 711.658782958984 656.707172393799 493.659713745117 624.262613773346 544.953910827637 794.416564941406 669.289394378662 597.158679962158 564.313053131104 604.302432060242 568.515422821045 495.090774536133 489.027069091797 564.641536712646 622.944856643677 528.391342163086 612.414396762848
524.038387298584 471.872734069824 601.886590957642 550.364334106445 571.663513183594 949.104904174805 555.631118774414 582.306915283203 565.691543579102 564.661731719971 551.938461303711 1083.72682380676 743.275175094604 636.469772338867 556.25106048584 627.743087768555 583.017127990723 482.556350708008 394.681427001953 711.634613037109 775.363021850586 523.791221618652 531.285022735596 592.467395782471 727.273941040039 682.068725585938 583.784989356995 392.235778808594 525.763328552246 751.581268310547 878.673767089844 618.61385345459 605.848925590515 773.652683258057 680.67528629303 616.230007171631 682.518970489502 673.572830200195 706.937652587891 615.121105194092 532.054710388184 482.445526123047 689.134269714355 524.426078796387 665.373023986816 508.56103515625 587.145901679993 492.90503692627 501.448692321777 671.978160858154
323.540252685547 373.980163574219 588.76383972168 491.15983581543 498.237579345703 559.132217407227 669.073028564453 817.307067871094 523.101577758789 1233.04853820801 984.565197944641 761.635696411133 780.766815185547 897.120643615723 875.377275466919 939.108871459961 616.165313720703 578.62907409668 387.407531738281 542.280090332031 1286.29302978516 620.161207199097 537.336585998535 369.936492919922 728.377307891846 494.371105194092 512.094192504883 549.738582611084 597.169898986816 692.171722412109 513.370346069336 551.291677474976 567.51587677002 811.175310134888 697.383304595947 650.25449025631 515.44465637207 522.916290283203 504.316070556641 675.952133178711 591.79948425293 596.784632205963 581.375279903412 669.561149597168 473.757263183594 555.286638259888 554.693787574768 496.783832550049 555.397226333618 587.095203399658
479.708595275879 527.658023834229 764.195182800293 580.881416320801 605.651351928711 496.666320800781 416.58251953125 625.075042724609 1060.33681488037 726.52267742157 688.231075286865 762.217041015625 713.108001708984 567.843872070312 868.749008178711 682.845672607422 595.205200195312 649.709457397461 672.983306884766 362.734252929688 906.955810546875 504.659103393555 664.91263961792 433.415756225586 462.369735717773 539.092529296875 500.620208740234 656.188766479492 541.755286216736 537.484252929688 490.512939453125 529.890596389771 622.186037063599 536.738971710205 554.083190917969 717.369178771973 550.724117279053 658.505332946777 662.218376159668 552.434265136719 635.650604248047 606.802770614624 601.520030975342 569.842290878296 685.134872436523 580.035488128662 470.224197387695 477.771606445312 436.327011108398 527.541976928711
512.668113708496 554.083040237427 395.643798828125 441.97216796875 947.13037109375 1220.41455078125 541.455139160156 608.171154975891 635.523307800293 862.598861694336 569.228317260742 761.751251220703 611.09880065918 476.554656982422 617.069995880127 1111.21030426025 1260.71868896484 356.162017822266 580.155014038086 702.664459228516 376.537231445312 426.64111328125 441.960113525391 653.983198165894 798.737827539444 621.602813720703 372.517700195312 576.103229522705 584.293754577637 547.388937950134 492.391445159912 550.170328617096 660.666618347168 725.119888305664 687.420372009277 534.388261795044 484.689140319824 671.286010742188 499.928176879883 783.883682250977 554.734359741211 554.974014282227 544.389230728149 646.942565917969 667.119125366211 620.06494140625 554.590659856796 416.050811767578 503.745460510254 490.787559509277
399.373428344727 879.777198791504 374.271514892578 409.308120727539 471.583923339844 591.777099609375 433.41845703125 475.296752929688 693.138282775879 357.905609130859 685.169326782227 636.034324645996 458.299789428711 746.35816192627 852.882568359375 483.94401550293 607.707260131836 800.917572021484 959.674423217773 405.497268676758 569.664319992065 673.986747741699 581.200021743774 492.85139465332 456.847671508789 649.586162567139 488.165935516357 569.976409912109 548.745800018311 564.217655181885 619.442718505859 460.290451049805 537.134929656982 545.11059910059 461.640838623047 628.541934967041 638.746604919434 646.138442993164 648.327285766602 607.220093727112 606.226295471191 687.781120300293 656.249450683594 553.530884742737 522.709825515747 464.072593688965 601.811038970947 521.234610557556 541.090716362 594.752309799194
355.618850708008 292.500183105469 405.649200439453 495.259117126465 467.296569824219 460.215827941895 499.860412597656 347.229644775391 499.561538696289 542.699378967285 945.993202209473 469.840454101562 795.761119365692 939.873008728027 836.395907402039 580.505109786987 472.579750061035 475.370872497559 558.023323059082 392.413635253906 412.976722717285 603.16491317749 510.731605529785 561.66420173645 518.343727111816 552.786605834961 462.774536132812 421.275001525879 530.306167602539 492.605703353882 565.122009277344 468.444709777832 590.958423614502 603.040496826172 650.050651550293 636.22673034668 513.667057037354 576.297058105469 497.752475738525 644.80485534668 633.598930358887 446.523414611816 412.221267700195 600.059509277344 477.810977935791 642.653778076172 610.166229248047 469.329246520996 594.836444854736 422.119262695312
626.315383911133 427.237991333008 323.121612548828 602.600524902344 694.117790222168 424.009521484375 533.82092666626 526.18970489502 467.353408813477 850.699283599854 618.733520507812 373.132568359375 606.885536193848 572.941955566406 514.819023132324 871.471183776855 581.309658050537 467.71923828125 536.733484268188 399.348602294922 455.393684387207 445.185218811035 609.703317642212 556.085788726807 703.70680809021 1617.61100006104 558.884733200073 720.929275512695 602.749610900879 551.206493377686 483.430992126465 562.235710144043 515.513293266296 551.634616851807 493.074459075928 708.496795654297 535.449382781982 605.724617481232 525.014404296875 442.342788696289 540.921036064625 501.488857269287 629.184043884277 577.842922210693 787.397033691406 594.922855377197 463.482482910156 599.252536773682 489.492301940918 493.387439727783
435.649551391602 484.673748016357 261.037139892578 530.494899749756 1199.80963897705 455.735221862793 386.871047973633 538.047143936157 718.966589927673 497.718162536621 454.298782348633 718.269996643066 509.76481628418 516.330963134766 412.708099365234 646.021476745605 594.715770244598 490.993026733398 549.62410736084 536.059438228607 570.571006774902 463.736686706543 612.48217010498 499.71166229248 619.75804901123 651.129470825195 658.179763793945 491.456953048706 409.275695800781 549.901519775391 584.386779785156 618.965023040771 498.018049240112 654.110000610352 660.240280151367 464.343418121338 465.79857635498 589.885852813721 473.536708831787 432.364059448242 624.127193450928 649.855545043945 625.415481567383 671.148544311523 600.095748901367 476.143905639648 470.650184631348 559.277919769287 546.444448471069 636.18497467041
393.371429443359 335.961364746094 507.356932640076 490.491485595703 567.35844039917 489.866477966309 541.852299213409 1070.05331993103 1019.19281005859 469.915702819824 514.932540893555 513.754653930664 654.592819213867 410.3984375 532.389495849609 365.43293762207 421.321678161621 527.847110748291 489.843231201172 375.991317749023 505.903175354004 426.715530395508 464.497085571289 603.249557495117 536.386199951172 441.050079345703 548.558322906494 577.822673797607 474.95072555542 511.773996949196 546.799644470215 549.241588592529 611.47615814209 565.421325683594 628.230354309082 632.847808837891 561.471199035645 653.10090637207 303.475296020508 388.071647644043 565.336666107178 620.03345489502 608.400939941406 480.747192382812 475.121604919434 447.823287963867 558.492097854614 539.865467071533 607.271896362305 502.307661056519
473.741243362427 499.684933900833 411.891845703125 486.282238960266 444.166347503662 483.050910949707 466.010053634644 498.233367919922 587.611534118652 452.456657409668 613.200309753418 419.186508178711 468.288230895996 872.225929260254 528.676975727081 427.234840393066 549.647373199463 639.080017089844 564.412326812744 488.036811828613 499.067195892334 543.303756713867 525.509348869324 379.487716674805 550.59326171875 452.675685882568 635.332794189453 464.102851867676 408.223541259766 484.55272102356 573.643356323242 620.30199432373 339.118499755859 526.203997135162 477.421409606934 502.492528915405 461.812576293945 373.726547241211 323.694747924805 544.091205596924 416.553649902344 563.871658325195 626.750854492188 735.411483764648 728.245239257812 570.346244812012 521.511450767517 761.868728637695 571.119857788086 539.569999694824
523.778337478638 376.617202758789 631.099090576172 593.77269744873 484.01881313324 334.98095703125 511.708103179932 416.139747619629 513.258596420288 724.232391357422 373.2919921875 491.662952423096 370.397277832031 464.055233001709 532.676055908203 548.091148376465 630.596405029297 567.366142272949 602.579521179199 597.798927307129 449.199661254883 547.424158096313 574.480590820312 480.516946792603 556.513047218323 587.884239196777 521.649917602539 550.642406463623 577.353271484375 605.089019775391 437.87425994873 434.759372711182 382.317733764648 392.507995605469 269.951019287109 387.92756652832 403.266159057617 601.33065032959 407.585540771484 490.55665063858 427.967269897461 658.866744995117 621.686813354492 591.283638000488 439.384384155273 474.085136413574 578.828182220459 628.808052062988 621.007350921631 449.605453491211
479.23298740387 422.297813415527 499.440675735474 467.622804641724 572.728378295898 505.451782226562 660.397186279297 599.750328063965 358.291290283203 398.959800720215 493.657485961914 409.420890808105 466.522167205811 554.227630615234 458.849578857422 536.117282867432 468.435677528381 500.725748181343 511.307682037354 563.707847595215 552.685676574707 552.052440643311 506.189901933074 496.835137248039 377.85765838623 557.545692443848 406.902332305908 414.240768432617 543.227783203125 230.294830322266 399.336982727051 417.203033447266 381.73258972168 443.387317657471 278.441329956055 402.57479095459 363.275291442871 401.166534423828 527.646305084229 445.122261047363 522.786429405212 616.409484863281 656.923355102539 589.397399902344 529.00181388855 622.70238494873 662.461799621582 619.130744934082 676.283554077148 493.892509460449
510.622354507446 582.514335632324 726.381195068359 508.278295516968 467.945388793945 660.049850463867 374.861228942871 433.403663635254 496.743900299072 400.548126220703 472.519351959229 313.619506835938 468.552835226059 433.135566711426 500.094979524612 566.721984863281 549.516647338867 395.17887878418 399.369743347168 529.613201141357 437.63768863678 449.785587310791 513.039875030518 593.284690856934 432.133464813232 430.068725585938 558.285522460938 570.837539672852 434.049114227295 335.867523193359 303.49430847168 465.828635215759 443.605052947998 356.901794433594 417.066253662109 395.873802185059 394.298248291016 329.218788146973 368.884338378906 656.584747314453 585.996391296387 623.09593963623 531.3382396698 551.917301177979 571.860683441162 611.976745605469 548.003589630127 381.72705078125 555.0491065979 608.202522277832
557.619804382324 562.182144165039 666.096878051758 643.034042358398 547.768745422363 546.025978088379 595.622680664062 506.033365249634 618.166198730469 484.767925083637 466.954057693481 511.016272544861 509.086709976196 580.84196472168 485.250211834908 489.177481651306 489.063056945801 472.109052658081 494.259220123291 524.945751190186 712.094635009766 430.099502563477 420.43027305603 387.192802429199 436.194739341736 447.265021324158 475.226540565491 511.120704650879 603.518630981445 406.566772460938 445.969717025757 482.289244174957 516.626651763916 478.842127799988 495.712558746338 508.092540740967 426.105026245117 380.207984924316 521.752285003662 504.173970222473 612.542633056641 428.944290161133 597.586402893066 569.673538208008 544.817687988281 588.388359069824 546.809328079224 684.018173217773 570.812351226807 555.818482398987
473.430816650391 504.217868804932 550.48201751709 379.092239379883 410.735748291016 379.070770263672 605.056648254395 534.601425170898 461.577854156494 440.973426818848 347.977989196777 349.494422912598 491.595153808594 468.395648956299 450.645891427994 469.189166516066 314.874145507812 382.800193786621 464.646554946899 495.952299118042 523.912109375 556.328636169434 429.812362670898 567.053405761719 396.638656616211 450.209962844849 368.52197265625 514.908264160156 366.332878112793 374.855323791504 501.379400253296 447.980340957642 390.091186523438 553.527626037598 411.066192626953 365.376113891602 495.32642364502 530.435684204102 563.51061630249 662.441802978516 560.767532348633 608.533126831055 643.029724121094 515.368451535702 593.620864868164 644.534271240234 505.538642883301 525.344926834106 563.157828807831 760.951293945312
333.743530273438 545.114112854004 561.988479614258 408.961006164551 518.13952255249 487.283676147461 465.683589935303 558.229667663574 560.916458129883 402.754539489746 502.939872741699 417.609481811523 392.801513671875 474.011735916138 508.368740081787 598.777008056641 461.654353380203 396.312660217285 364.988006591797 367.195457458496 545.504089355469 561.247840881348 553.174900054932 401.137184143066 401.124465942383 482.844318389893 480.56526184082 601.361190795898 458.782161712646 461.87944984436 415.961303710938 446.206266403198 423.8219871521 410.625823974609 480.390246391296 406.517463684082 528.571521759033 530.627330780029 424.598670959473 456.81897354126 638.291030883789 580.694942474365 609.789215087891 752.594100952148 669.348358154297 576.901100158691 536.462537765503 455.504749298096 611.798637390137 646.588947296143
499.381122589111 482.238319396973 486.638484954834 477.571668624878 357.566749572754 454.40553855896 521.262241363525 221.149124145508 545.59595489502 435.973880767822 518.277275085449 598.641555786133 483.189616203308 425.37963104248 462.198050260544 311.476989746094 523.345672607422 623.65950012207 597.721870422363 400.999629974365 394.907829284668 380.77490234375 527.719917297363 505.481597900391 338.389312744141 557.646713256836 591.316535949707 562.490447998047 507.395568847656 486.797963142395 492.076499938965 533.079082489014 416.261909484863 454.101928710938 463.355291843414 436.050546646118 474.201679229736 458.984069824219 565.862621307373 660.201156616211 435.259086608887 534.623293161392 564.463882446289 614.180503845215 519.573215007782 607.83219909668 606.316665649414 499.863555908203 479.112041473389 590.826766967773
494.945205688477 451.586416244507 376.64289855957 455.982162475586 571.065467834473 590.794998168945 434.936195373535 297.031234741211 416.002872467041 396.968055725098 410.716506958008 485.472728490829 416.080936431885 463.454161643982 503.515838623047 331.308059692383 283.936904907227 522.291526794434 340.471572875977 541.369724273682 567.337966918945 470.436586380005 548.250282287598 431.838665008545 569.8056640625 419.164779663086 631.183715820312 642.865432739258 532.738994598389 572.85750579834 379.179916381836 501.651599884033 520.758598327637 380.247161865234 459.41786813736 439.857500076294 676.193328857422 372.387664794922 478.390589237213 644.763832092285 636.659934997559 675.545852661133 600.63737487793 658.981857299805 567.771602630615 705.054672241211 666.647956848145 598.794410705566 431.318916320801 488.085762023926
373.478443145752 450.742100715637 387.8131980896 375.506271362305 523.531066894531 502.84610748291 494.967136383057 482.806346893311 436.572366714478 488.495449066162 501.736415863037 336.335807800293 399.58366394043 440.273014068604 528.742904663086 481.453938484192 595.275672912598 507.506294250488 549.023498535156 404.291938781738 594.579063415527 746.098999023438 679.826721191406 707.309173583984 587.37882232666 500.740627288818 521.726425170898 631.9287109375 581.39949798584 642.091720581055 451.070863723755 471.059826850891 477.086408615112 481.995795249939 560.020378112793 594.530410766602 524.510795593262 397.09317779541 656.418685913086 449.385482788086 575.507247924805 396.934593200684 596.236366271973 550.084020614624 454.369819641113 611.109939575195 504.097182273865 562.101554870605 528.422436714172 602.948959350586
422.646892547607 367.581611633301 316.979690551758 509.526313781738 553.41316986084 473.292194366455 489.795074462891 451.120875120163 453.000487327576 375.370212554932 472.34583568573 460.277793884277 719.419738769531 594.578918457031 360.030288696289 462.887654781342 549.311767578125 515.78249168396 382.730628967285 541.088928222656 454.197427749634 600.432479858398 630.219741821289 402.693962097168 620.792701721191 634.80224609375 524.465229034424 463.938041687012 539.448085784912 568.741653442383 625.352294921875 275.59684753418 564.703109741211 466.370541572571 601.695701599121 508.724924087524 603.33812713623 612.134803771973 480.823429107666 602.282455444336 561.699077606201 612.107414245605 578.393112182617 506.772826910019 562.740657806396 568.923553466797 635.086502075195 444.373439788818 550.421875 699.980026245117
