export/dem/dem16.asc
NCOLS 350
NROWS 171
XLLCORNER 152620
YLLCORNER 418050
CELLSIZE 100
NODATA_VALUE -9999
[rows 110 to 131 of 171, columns 300 to 349 of 350]
621.221038818359 730.418643951416 733.740036010742 844.313186645508 837.943752288818 967.229457855225 885.639549255371 943.57763671875 993.640480041504 752.283313751221 784.988418579102 772.395606994629 1605.52702331543 848.137817382812 749.147613525391 666.41975402832 1347.25712585449 663.783477783203 1017.93695831299 -9999 -9999 -9999 -9999 -9999 -9999 -9999 -9999 -9999 -9999 -9999 -9999 -9999 -9999 -9999 -9999 -9999 -9999 -9999 -9999 -9999 -9999 -9999 -9999 -9999 -9999 -9999 -9999 -9999 -9999 -9999
876.405220031738 717.771518707275 663.872528076172 595.998565673828 693.798557281494 806.689332962036 1224.35628890991 1267.48101806641 749.780857086182 707.622573852539 1397.68712615967 611.665622711182 931.69091796875 806.370216369629 675.697402954102 660.190399169922 769.754241943359 1118.20314025879 1028.92835998535 -9999 -9999 -9999 -9999 -9999 -9999 -9999 -9999 -9999 -9999 -9999 -9999 -9999 -9999 -9999 -9999 -9999 -9999 -9999 -9999 -9999 -9999 -9999 -9999 -9999 -9999 -9999 -9999 -9999 -9999 -9999
966.018348693848 958.811393737793 979.732730865479 775.590116500854 741.519874572754 651.675201416016 731.047779083252 949.438591003418 694.308456420898 1579.94932556152 929.488128662109 831.840293884277 611.081970214844 958.553092002869 616.94140625 1264.99391174316 664.86376953125 1092.63751983643 1705.95362854004 872.279663085938 -9999 -9999 -9999 -9999 -9999 -9999 -9999 -9999 -9999 -9999 -9999 -9999 -9999 -9999 -9999 -9999 -9999 -9999 -9999 -9999 -9999 -9999 -9999 -9999 -9999 -9999 -9999 -9999 -9999 -9999
862.8714427948 825.704616546631 826.389583587646 998.534976959229 754.280570983887 765.292714595795 904.144912719727 760.674049377441 733.928558349609 2173.15870666504 549.263031005859 724.323883056641 514.796325683594 1076.61735534668 1216.7262878418 1038.29443359375 1094.15056228638 728.853958129883 1007.56663513184 1331.03634643555 1037.35771179199 -9999 -9999 -9999 -9999 -9999 -9999 -9999 -9999 -9999 -9999 -9999 -9999 -9999 -9999 -9999 -9999 -9999 -9999 -9999 -9999 -9999 -9999 -9999 -9999 -9999 -9999 -9999 -9999 -9999
837.909982681274 953.413032531738 868.641849040985 869.948509216309 842.134307861328 880.712715148926 690.443916320801 864.875398635864 863.801080703735 1222.50180053711 684.804626464844 917.781295776367 869.797836303711 808.785217285156 646.968597412109 911.665832519531 670.853179931641 784.40705871582 1096.66086578369 908.382553100586 900.203018188477 -9999 -9999 -9999 -9999 -9999 -9999 -9999 -9999 -9999 -9999 -9999 -9999 -9999 -9999 -9999 -9999 -9999 -9999 -9999 -9999 -9999 -9999 -9999 -9999 -9999 -9999 -9999 -9999 -9999
959.847862243652 902.770355224609 791.71072769165 996.712127685547 1010.9250831604 861.662590026855 774.989951133728 911.574388504028 545.478607177734 1041.21991729736 1266.4319152832 709.109970092773 669.215682983398 1181.38455200195 688.438339233398 742.360542297363 1206.56348800659 940.645492553711 944.280906677246 805.527885437012 747.481254577637 929.307952880859 -9999 -9999 -9999 -9999 -9999 -9999 -9999 -9999 -9999 -9999 -9999 -9999 -9999 -9999 -9999 -9999 -9999 -9999 -9999 -9999 -9999 -9999 -9999 -9999 -9999 -9999 -9999 -9999
847.816745758057 790.6770362854 1009.83307647705 1127.7159204483 842.697319030762 749.73893737793 1233.79226303101 655.845733642578 563.105392456055 1137.91209411621 1070.17909240723 1347.08164978027 801.677322387695 1073.77891540527 811.315238952637 612.196655273438 1483.53158569336 1221.36791992188 768.00366973877 1008.50302124023 1043.82208251953 875.38351392746 1147.80246734619 -9999 -9999 -9999 -9999 -9999 -9999 -9999 -9999 -9999 -9999 -9999 -9999 -9999 -9999 -9999 -9999 -9999 -9999 -9999 -9999 -9999 -9999 -9999 -9999 -9999 -9999 -9999
721.604220032692 645.008930206299 879.994297027588 909.340625762939 1363.05141067505 1336.80472946167 720.232688903809 572.406143188477 696.862434387207 690.620346069336 949.850868225098 755.108917236328 1200.7915802002 1224.61685180664 791.582992553711 1102.56712341309 1140.72738838196 911.653186798096 882.25789642334 880.795984268188 913.986677646637 745.309448242188 922.058740139008 -9999 -9999 -9999 -9999 -9999 -9999 -9999 -9999 -9999 -9999 -9999 -9999 -9999 -9999 -9999 -9999 -9999 -9999 -9999 -9999 -9999 -9999 -9999 -9999 -9999 -9999 -9999
794.406478881836 797.575233459473 918.830833435059 1114.16268920898 947.717445373535 677.422348022461 708.87914276123 1043.40664672852 832.320964813232 848.42264175415 921.010776519775 520.073959350586 935.941638946533 822.148750305176 1119.54669189453 1072.85431289673 774.520799636841 879.044841766357 947.989486694336 772.369548797607 882.561283111572 860.890071868896 842.545204162598 953.154801368713 -9999 -9999 -9999 -9999 -9999 -9999 -9999 -9999 -9999 -9999 -9999 -9999 -9999 -9999 -9999 -9999 -9999 -9999 -9999 -9999 -9999 -9999 -9999 -9999 -9999 -9999
981.829177856445 921.713531494141 794.297424316406 871.003471374512 1072.139793396 799.493309020996 728.924388885498 671.422378540039 788.131423950195 699.167182922363 948.996379852295 827.548446655273 856.89142036438 1030.87717819214 1234.12346220016 891.63038444519 920.857894897461 863.318996429443 1001.27998352051 939.74129486084 811.333658218384 884.563265323639 900.975074768066 892.470272064209 934.868690490723 -9999 -9999 -9999 -9999 -9999 -9999 -9999 -9999 -9999 -9999 -9999 -9999 -9999 -9999 -9999 -9999 -9999 -9999 -9999 -9999 -9999 -9999 -9999 -9999 -9999
1361.2847442627 1789.15902900696 1112.63720703125 1326.54972839355 1501.19035339355 1046.5573425293 724.74845123291 639.169342041016 734.547939300537 1389.98078346252 679.081161499023 785.08438205719 829.951906085014 988.800399780273 1043.44993591309 1444.44682693481 829.481078147888 813.80014193058 962.696891784668 928.420478820801 924.002052307129 865.660327911377 858.618759155273 924.270572662354 754.416030883789 832.242897033691 -9999 -9999 -9999 -9999 -9999 -9999 -9999 -9999 -9999 -9999 -9999 -9999 -9999 -9999 -9999 -9999 -9999 -9999 -9999 -9999 -9999 -9999 -9999 -9999
963.187498092651 1047.11540222168 1401.3616104126 837.268653869629 1493.01277923584 1525.41011810303 1018.98947143555 862.569068908691 922.053970336914 935.388472557068 808.554382324219 640.054077148438 1015.65263366699 796.507139086723 1159.19717407227 1027.60125732422 873.287397384644 849.313391685486 866.36381149292 924.234008789062 1029.19264221191 859.990925312042 797.924278259277 813.643842697144 879.477505683899 968.148139953613 -9999 -9999 -9999 -9999 -9999 -9999 -9999 -9999 -9999 -9999 -9999 -9999 -9999 -9999 -9999 -9999 -9999 -9999 -9999 -9999 -9999 -9999 -9999 -9999
1184.44404602051 992.595985651016 1087.14190673828 832.063339233398 1098.62924957275 1351.26860046387 1407.32964324951 874.420227050781 1210.88186645508 1199.28800201416 1022.94870376587 891.691554069519 830.769374847412 634.081619262695 926.471103668213 779.952974319458 669.735343933105 825.178112030029 1017.66552734375 879.740421295166 810.571311950684 801.754039764404 625.003402709961 862.568691253662 881.581872940063 818.827583312988 955.220245361328 -9999 -9999 -9999 -9999 -9999 -9999 -9999 -9999 -9999 -9999 -9999 -9999 -9999 -9999 -9999 -9999 -9999 -9999 -9999 -9999 -9999 -9999 -9999
1361.98867797852 967.09370803833 866.111530303955 785.327651977539 894.360502243042 1268.09140014648 1446.18140029907 990.139984130859 1071.68339490891 947.963516235352 737.819290161133 734.273994445801 948.201934814453 631.388519287109 940.816215515137 883.086954116821 792.814777374268 919.394821166992 845.93119430542 875.946622848511 827.210105895996 684.796615600586 784.663615226746 891.098503112793 690.510154724121 793.87425994873 953.422637939453 841.40601348877 -9999 -9999 -9999 -9999 -9999 -9999 -9999 -9999 -9999 -9999 -9999 -9999 -9999 -9999 -9999 -9999 -9999 -9999 -9999 -9999 -9999 -9999
1039.46589279175 1044.65507507324 855.202812194824 998.081203460693 749.544830322266 985.0126953125 1505.82674407959 951.590560913086 1140.12747955322 823.219551086426 871.146808624268 705.089019775391 705.007507324219 747.146713256836 706.071029663086 850.017008304596 748.061897277832 725.902500152588 858.164752006531 923.76099395752 780.067501068115 723.256698608398 932.384071350098 772.863842010498 799.872098922729 924.280448913574 892.248765945435 935.464275360107 992.16495513916 -9999 -9999 -9999 -9999 -9999 -9999 -9999 -9999 -9999 -9999 -9999 -9999 -9999 -9999 -9999 -9999 -9999 -9999 -9999 -9999 -9999
978.135623931885 938.006675720215 1044.55908203125 1164.61839294434 1216.42359924316 1033.29750061035 1074.88116455078 1137.66847229004 775.871520996094 862.786148071289 912.503433227539 883.534286499023 669.904846191406 703.009689331055 767.05004119873 956.294898986816 758.769548416138 870.372720718384 885.181457519531 817.154666900635 751.86986541748 799.484098434448 880.889656066895 914.612953186035 783.134494781494 896.264961242676 891.7223072052 820.885780334473 913.40502166748 -9999 -9999 -9999 -9999 -9999 -9999 -9999 -9999 -9999 -9999 -9999 -9999 -9999 -9999 -9999 -9999 -9999 -9999 -9999 -9999 -9999
1026.64702606201 947.819957733154 1420.49863433838 1369.9605050087 931.927978515625 1019.44618225098 1362.4538192749 1014.60890197754 1200.15879821777 991.479990005493 814.723555088043 796.893644332886 917.892539978027 618.909393310547 865.834049224854 910.494316101074 934.336898803711 917.283088684082 785.174835205078 762.39421081543 851.196960449219 834.19514465332 783.917194366455 867.200080871582 870.471603393555 817.177098274231 899.310276031494 764.617645263672 870.418951034546 796.171321868896 -9999 -9999 -9999 -9999 -9999 -9999 -9999 -9999 -9999 -9999 -9999 -9999 -9999 -9999 -9999 -9999 -9999 -9999 -9999 -9999
857.080078125 1048.37099075317 1099.19686889648 1548.78640365601 1937.61989212036 1222.63098907471 1164.49537467957 916.091491699219 1138.55282592773 899.921936035156 831.524549484253 803.686593055725 804.729948043823 993.244216918945 796.317373275757 916.985916137695 874.495875358582 699.456504821777 923.818271636963 800.487685203552 726.383087158203 862.584209442139 743.750328063965 723.528549194336 706.333549499512 824.159620642662 870.414028167725 952.122797012329 870.92419052124 861.314512252808 822.222372055054 -9999 -9999 -9999 -9999 -9999 -9999 -9999 -9999 -9999 -9999 -9999 -9999 -9999 -9999 -9999 -9999 -9999 -9999 -9999
1139.20853424072 952.627746582031 971.776203155518 1370.34412574768 1668.85021972656 1320.7296962738 1517.10196685791 1091.55349731445 976.024105072021 836.591567993164 1048.01330184937 1140.57035827637 1146.83058166504 1010.49176979065 832.075884580612 772.10472869873 998.895614624023 926.06600189209 931.645309448242 882.293828964233 787.778607845306 941.405342102051 883.997764587402 830.966625213623 780.802509307861 819.428625106812 799.504459381104 903.41392326355 964.268085479736 938.569396972656 679.466705322266 -9999 -9999 -9999 -9999 -9999 -9999 -9999 -9999 -9999 -9999 -9999 -9999 -9999 -9999 -9999 -9999 -9999 -9999 -9999
1260.8351764679 852.286186218262 797.230133056641 1370.3715801239 1061.94468688965 1419.54474639893 1432.62112426758 1163.66843032837 1805.31589508057 1372.09208393097 1311.41763305664 1137.03699207306 1164.10470962524 1714.09149169922 1219.46530914307 869.87592124939 786.260341644287 826.831871032715 855.292133331299 711.160453796387 1055.81649780273 1033.09106445312 818.168453216553 883.118217468262 745.183494567871 998.17057800293 918.491504669189 884.669158935547 701.460922241211 745.135238647461 651.910766601562 954.347610473633 -9999 -9999 -9999 -9999 -9999 -9999 -9999 -9999 -9999 -9999 -9999 -9999 -9999 -9999 -9999 -9999 -9999 -9999
1143.61289787292 1115.23958587646 898.536041259766 1085.49833762646 927.038681030273 1320.5746307373 1656.5952911377 1415.51804351807 1327.432762146 1373.37832069397 1290.21656751633 1121.38111114502 1213.43991088867 1425.95314788818 947.590166091919 991.006233215332 941.00585269928 867.081825256348 1024.52629089355 892.611015319824 972.348075866699 783.559280395508 843.927585601807 691.920181274414 898.603687286377 813.335485458374 761.109573364258 912.188285827637 777.816329956055 670.115196228027 687.505737304688 729.799743652344 941.763866424561 -9999 -9999 -9999 -9999 -9999 -9999 -9999 -9999 -9999 -9999 -9999 -9999 -9999 -9999 -9999 -9999 -9999
846.94055557251 960.067008972168 1463.45923614502 1041.38994598389 1009.3903503418 1168.41645812988 1319.21612548828 1185.44721221924 1364.47750854492 1439.23913574219 1348.76464080811 1366.07331848145 1190.63498687744 1148.0246887207 957.81838363409 1038.47260284424 1030.73253631592 948.925064086914 805.43631362915 826.309577941895 972.622894287109 939.676284790039 847.234541118145 930.517276763916 905.723278045654 792.348514556885 790.719459533691 829.8864402771 936.375655651093 585.411697387695 689.859878540039 797.276924133301 1009.50528717041 -9999 -9999 -9999 -9999 -9999 -9999 -9999 -9999 -9999 -9999 -9999 -9999 -9999 -9999 -9999 -9999 -9999
