export/dem/dem15.asc
NCOLS 350
NROWS 171
XLLCORNER 152620
YLLCORNER 418050
CELLSIZE 100
NODATA_VALUE -9999
[rows 66 to 87 of 171, columns 150 to 199 of 350]
608.899921417236 632.370246887207 476.138809204102 465.802551269531 443.068542480469 530.082027435303 541.353326797485 609.650825500488 665.74683380127 542.25768661499 593.689874649048 643.124324798584 550.458278656006 591.395629882812 618.500457763672 619.246402740479 484.21516418457 565.500687599182 522.237869262695 495.443969726562 578.572407722473 568.546089172363 703.234252929688 509.935073852539 335.430541992188 475.797180175781 530.210960388184 573.643844604492 692.330154418945 569.959732055664 655.131217956543 530.34561920166 520.812561035156 704.211364746094 544.276622772217 725.345657348633 665.551990509033 686.465030670166 603.069025039673 613.085183382034 635.661123275757 621.293329715729 414.370071411133 630.145618438721 553.414573669434 589.125518798828 621.800726890564 585.649173736572 544.917991638184 703.856729507446
523.486585617065 495.331169128418 556.149063825607 336.612915039062 651.520652770996 572.250961303711 664.210472106934 636.573600769043 598.231739044189 652.930671691895 702.202835083008 638.009918212891 754.151992797852 508.611415863037 628.207290649414 486.781112670898 527.571918487549 419.762237548828 515.967002868652 382.297637939453 620.998691558838 500.054695129395 497.105049133301 588.664951324463 517.008197784424 504.271278381348 480.888603210449 589.066398143768 515.317642211914 687.117362976074 607.535464793444 627.165145874023 533.133117675781 482.603332519531 692.006393432617 663.139533996582 589.867029190063 656.495918273926 653.689861297607 541.430530548096 564.627426147461 521.250091552734 584.818534851074 635.400382995605 584.662757873535 680.236705780029 605.269874572754 623.880016326904 590.439743041992 624.94563293457
700.829406738281 554.222713470459 661.450408935547 531.13273525238 567.637449264526 472.532424926758 449.93180847168 462.315689086914 505.014064788818 670.896240234375 599.364803314209 640.676177978516 677.08137512207 646.196708679199 682.903518676758 635.434684753418 566.867329597473 519.034603118896 507.417766571045 517.677375793457 517.693901062012 541.321628570557 474.936645507812 564.742187976837 468.539505004883 547.54167175293 518.125034332275 610.920045852661 597.824066638947 592.724305152893 452.538345336914 587.225486755371 692.446113586426 576.385271072388 544.04768371582 651.38892364502 709.326110839844 699.892913818359 552.348445892334 565.38561630249 618.2965259552 462.610046386719 618.588344573975 687.444518089294 549.139625549316 716.562747955322 573.217620849609 686.403057098389 668.698989868164 629.325517654419
590.500211715698 618.129642486572 531.950946807861 516.171325683594 391.599548339844 615.63455581665 539.04792881012 514.879066467285 591.72582244873 591.046915054321 660.950088500977 592.260612487793 425.188514709473 496.655647277832 469.59529876709 686.422470092773 408.620346069336 550.195630073547 614.256130218506 418.765106201172 483.86026763916 401.517578125 617.185367584229 597.10551071167 464.087715148926 516.991439819336 512.72912979126 541.292783737183 566.427095413208 691.240707397461 613.775094985962 675.7102394104 586.458327293396 618.292549133301 575.670063018799 706.714332580566 571.576721191406 730.592559814453 642.178943634033 496.350540161133 565.790534973145 657.204322814941 452.693069458008 600.26700592041 664.897104263306 633.971704483032 596.453596115112 617.355944633484 646.449913024902 665.256542205811
507.795860290527 489.319831848145 472.226364135742 494.614410400391 393.443054199219 387.399948120117 563.528324127197 554.075872421265 428.434257507324 375.806625366211 489.571392059326 674.741966247559 467.721252441406 637.792449951172 497.805160522461 622.461750030518 578.499811172485 699.598655700684 460.502876281738 404.585952758789 504.8701171875 569.809747219086 451.408210754395 525.272964477539 660.550838470459 633.496479034424 739.792724609375 634.894588470459 506.740585327148 627.137628555298 623.105281829834 689.004325866699 680.044761657715 501.311096191406 534.360122680664 725.805068969727 607.063777923584 648.684825897217 685.989402770996 579.307804107666 414.411880493164 602.69021987915 606.095223963261 543.72891998291 596.53556060791 744.498443603516 676.487253189087 755.623893737793 854.851974487305 592.301349639893
350.708450317383 540.585548400879 552.842115879059 383.130004882812 518.496753692627 504.615684509277 444.829216003418 372.032867431641 519.072900772095 500.217922210693 603.739463806152 433.987091064453 622.648727416992 477.866569519043 540.366621017456 488.475112915039 539.521194458008 736.842681884766 630.114372253418 559.95463180542 439.186721801758 544.087844848633 565.878837585449 454.228408813477 660.337299346924 688.583450317383 624.769686698914 554.985111236572 703.848999023438 560.134899139404 623.13200378418 443.936111450195 553.386291503906 681.299301147461 633.432929992676 473.749496459961 651.880657196045 595.163991451263 748.273590087891 685.993179321289 747.855850219727 803.758575439453 571.147373199463 434.148529052734 560.692665100098 527.792053222656 499.825454711914 754.165367126465 642.449527740479 702.233528137207
423.799873352051 444.541885375977 385.135940551758 402.913909912109 466.88948059082 484.78532409668 392.924926757812 434.985847473145 536.074330329895 491.225708007812 483.649536132812 384.603576660156 435.985679626465 527.117134094238 393.560546875 589.885025024414 573.158627510071 599.512298583984 565.822449684143 496.540031433105 504.614761352539 617.660051345825 590.383071899414 530.354774475098 658.559181213379 645.087661743164 719.060897827148 488.619514465332 741.967483520508 542.839431762695 620.28923034668 429.134918212891 404.524826049805 350.048477172852 651.814952850342 602.455786108971 642.394099235535 693.87557220459 653.004005432129 548.913522720337 734.699638366699 439.664993286133 655.06164932251 552.303493499756 528.614356994629 507.710464477539 729.369972229004 626.739820957184 651.750457763672 647.669823884964
464.603614807129 324.957321166992 421.655204772949 491.51634979248 465.847694396973 436.607551574707 449.912002563477 498.787872314453 416.124771118164 426.185333251953 599.777893066406 471.914596557617 638.039543151855 354.086486816406 571.666783332825 635.838272094727 510.456573486328 613.653861045837 502.581382751465 588.86213684082 571.433448791504 530.406631469727 533.284721374512 606.408271789551 698.068824768066 767.218734741211 688.124084472656 711.470558166504 647.646911621094 569.40588760376 481.250038146973 490.776710510254 720.872650146484 519.186126708984 641.29345703125 742.001358032227 674.265533447266 605.340801239014 768.517242431641 647.742542266846 640.226589202881 576.713844299316 384.10124206543 579.931118011475 411.666976928711 590.95719909668 492.879364013672 610.2333984375 544.276725769043 696.770652770996
553.912014007568 448.443550109863 466.698577880859 455.343154907227 409.099884033203 608.082088470459 532.068176269531 610.856914520264 689.979888916016 639.812566757202 662.23957824707 631.7431640625 618.261745452881 443.418434143066 476.639709472656 420.920928955078 594.976199150085 573.462839126587 584.440703392029 730.85400390625 698.366554260254 620.610246658325 507.890762329102 573.938579559326 728.128814697266 512.965423583984 640.095205307007 649.117979049683 570.637092590332 558.818176269531 614.319570541382 661.470649719238 658.85457611084 644.481468200684 642.266586303711 558.891065597534 635.811710357666 622.290348052979 762.585418701172 616.680572509766 633.699867248535 577.732112884521 492.375495910645 581.177080631256 627.897676467896 596.756157875061 558.447505950928 666.303001403809 594.933299064636 770.384063720703
881.73014831543 417.148483276367 506.668869018555 470.245635986328 560.382627487183 613.43770980835 603.343013763428 563.787165760994 686.815650939941 677.663375854492 798.396636962891 694.606246948242 703.662948608398 440.162445068359 523.211608886719 546.013122558594 673.014442443848 509.485824584961 512.905242919922 644.877212524414 681.902877807617 657.585105895996 638.0615234375 833.627883911133 779.561393737793 634.671543121338 585.775947570801 611.076644897461 569.366653442383 473.24732208252 512.415573120117 612.5198802948 635.07177734375 668.880668640137 644.120803833008 577.597004890442 622.954486846924 520.543327331543 632.748870849609 475.450584411621 765.210807800293 705.596939086914 606.55032491684 576.045034408569 540.52453994751 599.792149543762 478.551475524902 314.296630859375 667.186889648438 611.753996491432
610.713298797607 546.420707702637 693.248023986816 923.372211456299 668.336715698242 569.255662918091 653.121273040771 662.808715820312 667.80517578125 722.857498168945 533.539392471313 784.803802490234 580.861280202866 642.591724395752 621.97947883606 589.835721969604 565.226028442383 640.74182510376 546.289836883545 768.666152954102 666.084999084473 725.625045776367 738.341659545898 672.265182495117 743.624582290649 772.750518798828 563.875915527344 574.674427032471 574.031196594238 425.987701416016 566.116535186768 514.076362609863 628.677581787109 539.089149475098 540.132949829102 628.99863243103 704.506782531738 698.29532623291 479.972007751465 656.96216583252 688.881902694702 647.810119628906 670.778594970703 611.95601940155 504.088882446289 585.902830123901 581.249250411987 685.039916992188 604.632206916809 643.048904418945
460.392906188965 563.697451114655 606.876056671143 575.311569213867 616.058824539185 759.369255065918 679.368835449219 607.280342102051 656.589309692383 541.05672454834 601.209289550781 648.181358337402 565.132236480713 632.341110229492 622.863864898682 682.856960296631 651.373956680298 619.500492095947 774.489196777344 884.52197265625 671.28999710083 716.453369140625 583.211807250977 623.743686676025 783.048422336578 849.787559509277 732.326553344727 603.226583480835 611.604693412781 618.092035293579 467.696578979492 630.054691314697 414.601165771484 504.63011932373 549.413265228271 497.698387145996 550.876884460449 684.041038513184 540.749481201172 577.683784484863 588.350818634033 709.278663635254 663.258209228516 479.57470703125 584.960397720337 483.985885620117 613.058059692383 491.231826782227 650.325206756592 599.719355583191
562.03534579277 553.300573348999 472.731258392334 510.03466796875 633.141723632812 496.388175964355 558.308090209961 653.373687744141 631.127513885498 538.214653015137 602.464277267456 551.236892700195 696.426536560059 736.140563964844 755.03288269043 701.461669921875 636.696208953857 640.24422287941 753.151985168457 849.318572998047 693.867778778076 664.387363433838 560.790641784668 505.165809631348 627.196701049805 595.682302474976 564.686637878418 636.449203491211 675.886512756348 528.403511047363 520.723083496094 740.548721313477 563.317485809326 498.700126647949 722.496025085449 745.230560302734 595.339228153229 701.745880126953 548.742160797119 597.574975013733 569.624767303467 585.078563690186 658.823173522949 518.821701049805 664.802322387695 589.732537031174 648.147506713867 584.800806045532 609.91686630249 496.734481811523
628.485679626465 410.257604598999 562.97038269043 549.65071105957 612.348854064941 515.345161437988 608.609084129333 523.417190551758 633.617959856987 550.08821105957 624.782121658325 611.409839630127 689.300445556641 667.028770446777 904.223426818848 693.74365234375 668.141434669495 728.072080612183 782.139617919922 801.821655273438 860.058975219727 602.668894529343 559.243770599365 615.03653717041 577.598663330078 453.820739746094 558.266742706299 613.994663238525 617.208045959473 578.409538269043 465.193984985352 718.899120330811 704.348170280457 808.74626159668 739.694427490234 750.377090454102 660.030590057373 775.660263061523 625.183654785156 552.715644836426 510.962181091309 710.381362915039 709.670204162598 556.789192199707 729.190093994141 561.629878997803 639.648937225342 568.204406738281 661.605422973633 577.252815246582
591.750389099121 516.769287109375 564.86141204834 729.907188415527 715.176246643066 716.883209228516 582.697978019714 667.68724822998 546.393623352051 642.311645030975 684.33137512207 588.822746276855 751.063545227051 891.898398399353 968.128723144531 793.911071777344 827.771514892578 876.312957763672 513.694427490234 653.44881439209 517.873153686523 664.202571868896 606.852890014648 530.427951812744 498.221855163574 551.214767456055 439.240020751953 497.641510009766 626.412574768066 516.340034484863 540.343482971191 567.279472351074 602.117918014526 615.436981201172 632.632291793823 524.656311035156 732.308212280273 564.818901062012 711.676551818848 608.867179870605 543.22452545166 667.730194091797 649.229072570801 620.515794277191 677.159828186035 551.49382019043 603.5080909729 561.916652679443 617.047372102737 522.711067199707
765.928451538086 704.618396759033 517.748698711395 996.770095825195 826.632827758789 682.414177894592 663.644760131836 449.888641357422 618.783814430237 593.882389068604 758.656646728516 1258.05520629883 709.848430633545 1035.59234619141 982.446197509766 767.315856933594 833.111312866211 790.9348487854 760.772857666016 653.413247108459 673.40372467041 682.167114257812 635.858543395996 540.679671287537 587.5422706604 607.513298034668 541.938545227051 656.394125938416 598.085765838623 418.811828613281 732.424758911133 657.519414901733 637.059125900269 647.669185638428 692.748435974121 645.518379211426 560.00318145752 601.494237184525 581.954442977905 529.372581481934 571.549816131592 653.493480682373 526.835517883301 697.664367675781 625.274837970734 751.847244262695 561.750686645508 537.013595581055 596.01388168335 575.56566619873
776.562652587891 549.737670898438 642.503364562988 854.379222869873 779.510625839233 977.676834106445 792.49666595459 782.338850021362 902.677703857422 1060.62055969238 780.501373291016 563.143233299255 733.531768798828 616.955501556396 537.176307678223 572.636115133762 784.541275024414 687.893510818481 856.62654876709 617.283195495605 561.740852355957 663.054039001465 587.965896606445 611.75044631958 486.692626953125 656.752426147461 621.844039916992 600.736274719238 688.857555389404 616.45760551095 591.147119522095 555.560432434082 578.059650421143 531.296173095703 561.234664916992 560.784019470215 609.425194263458 733.740997314453 565.128505706787 611.790153980255 649.346240997314 685.149299621582 660.935441970825 585.742462158203 801.789855957031 768.70531463623 660.352955818176 564.561080932617 683.87540435791 451.034545898438
713.416442871094 589.073734283447 691.871482849121 513.393587827682 500.832388877869 733.051681518555 717.39225769043 911.796852111816 712.416137695312 962.460762023926 553.510940551758 579.092735290527 540.769565582275 642.702941894531 400.417018890381 507.755256652832 762.700393676758 556.344032287598 700.630857467651 1026.60647583008 406.790863037109 485.878444671631 410.384094238281 520.10470199585 640.264230728149 427.77734375 751.613670349121 566.22087097168 543.433822631836 747.722038269043 644.598945617676 637.864191055298 659.530334472656 640.487113952637 501.670677185059 630.556660652161 606.331260681152 615.256316184998 647.147388458252 605.773257255554 692.86589050293 520.498107910156 689.593635559082 552.11986541748 693.771106719971 725.661903381348 674.894043922424 693.553882598877 558.117240905762 797.610382080078
709.836265563965 642.4114112854 597.206192016602 341.418113708496 539.729766845703 800.455535888672 643.580581665039 638.004814147949 688.234817504883 636.178420066833 701.900047302246 766.929580688477 731.870964050293 674.581478118896 642.156654596329 707.957992553711 404.197570800781 596.058937072754 576.85818862915 997.977645874023 593.687423706055 475.041000366211 853.215426445007 670.63207244873 540.994155883789 677.213834762573 584.242057800293 673.258240699768 778.610137939453 596.863061904907 651.488220214844 709.316116333008 629.487693786621 696.803958892822 587.360794067383 667.106197357178 600.958145141602 590.211740493774 699.170234680176 460.125076293945 466.319061279297 499.008316040039 762.560012817383 746.60115814209 627.948678970337 772.30339050293 710.909427642822 623.117259979248 605.436073303223 565.087615966797
565.688186645508 468.702774047852 702.930809020996 599.558495521545 740.018142700195 680.414222717285 483.497064590454 639.972169876099 759.664226531982 782.844257354736 663.876934051514 778.185012817383 820.515289306641 815.571838378906 680.243843078613 789.915985107422 678.602558135986 579.847721099854 683.976165771484 849.652801156044 524.265815734863 562.503578186035 900.494781494141 622.160943984985 905.813171386719 482.383636474609 645.207014083862 847.695991516113 702.424346923828 585.583118438721 634.340400695801 622.385414540768 836.79759979248 773.568023681641 474.463973999023 587.825191497803 697.685821533203 562.858348846436 630.704030036926 688.795196533203 591.225540161133 590.259216308594 635.888166427612 563.499351501465 626.968238830566 777.584228515625 592.359886169434 526.871780395508 607.386871337891 732.979732513428
553.218914031982 645.344604492188 812.81803894043 842.925018310547 -9999 -9999 -9999 -9999 -9999 -9999 -9999 -9999 -9999 -9999 -9999 744.948223114014 787.879028320312 645.798377990723 733.386940956116 683.950603485107 634.22227025032 697.221729278564 651.651699066162 500.855502128601 743.240634918213 491.042770385742 1139.90936279297 832.066390991211 582.426399230957 868.662979125977 482.040596008301 481.596481323242 580.185874938965 725.60481262207 465.485488891602 544.776962280273 666.080480575562 529.932518005371 772.520462036133 745.072082519531 570.371604919434 592.712196350098 649.270067214966 464.471374511719 732.205165863037 750.863956451416 548.827575683594 556.455421447754 715.48197555542 805.403274536133
-9999 -9999 -9999 -9999 -9999 -9999 -9999 -9999 -9999 -9999 -9999 -9999 -9999 -9999 -9999 -9999 -9999 -9999 634.340858459473 785.485698699951 785.471927642822 771.402606964111 748.341767311096 716.223693847656 582.774033546448 628.555458068848 681.457158088684 686.376815795898 581.377731323242 491.78150177002 541.627872467041 995.740280151367 590.39510345459 713.422904968262 702.424160003662 536.103874206543 529.285636901855 603.880279541016 667.025873184204 868.278396606445 699.796371459961 689.47136926651 736.15355682373 702.002670288086 688.853930413723 746.623626708984 727.243247032166 732.055397033691 774.550903320312 507.774826049805
