export/dem/dem1.asc
NCOLS 350
NROWS 171
XLLCORNER 152620
YLLCORNER 418050
CELLSIZE 100
NODATA_VALUE -9999
[rows 0 to 21 of 171, columns 100 to 149 of 350]
-9999 -9999 -9999 -9999 -9999 -9999 -9999 -9999 -9999 -9999 -9999 -9999 -9999 -9999 -9999 -9999 -9999 -9999 -9999 -9999 -9999 -9999 -9999 -9999 -9999 -9999 -9999 -9999 -9999 -9999 -9999 -9999 -9999 -9999 -9999 -9999 -9999 -9999 -9999 -9999 -9999 -9999 -9999 -9999 -9999 -9999 639.107261657715 721.210554122925 788.457382202148 757.363998413086
-9999 -9999 -9999 -9999 -9999 -9999 -9999 -9999 -9999 -9999 -9999 -9999 -9999 -9999 -9999 -9999 -9999 -9999 -9999 -9999 -9999 -9999 -9999 -9999 -9999 -9999 -9999 -9999 -9999 -9999 -9999 -9999 -9999 -9999 -9999 -9999 -9999 -9999 -9999 -9999 566.905288696289 642.414833068848 745.454471588135 594.297721862793 653.348323822021 576.799987792969 546.441864013672 539.089286804199 560.350996494293 615.420837402344
-9999 -9999 -9999 -9999 -9999 -9999 -9999 -9999 -9999 -9999 -9999 -9999 -9999 -9999 -9999 -9999 -9999 -9999 -9999 -9999 -9999 -9999 -9999 -9999 -9999 -9999 -9999 -9999 -9999 -9999 -9999 -9999 -9999 -9999 -9999 -9999 -9999 761.416967391968 689.201683044434 542.660583496094 605.452175140381 764.258836269379 747.058601379395 445.034896850586 570.10498046875 612.490754127502 502.674522399902 639.183692932129 682.597984313965 636.350807189941
-9999 -9999 -9999 -9999 -9999 -9999 -9999 -9999 -9999 -9999 -9999 -9999 -9999 -9999 -9999 -9999 -9999 -9999 -9999 -9999 -9999 -9999 -9999 -9999 -9999 -9999 -9999 -9999 -9999 -9999 -9999 -9999 -9999 -9999 719.992877960205 730.371276855469 843.561916351318 526.766067504883 827.522491455078 627.608367919922 506.624996185303 571.291046142578 556.183303833008 683.938706159592 685.308141708374 562.747520446777 729.096153259277 648.096885681152 655.54084777832 482.825981140137
-9999 -9999 -9999 -9999 -9999 -9999 -9999 -9999 -9999 -9999 -9999 -9999 -9999 -9999 -9999 -9999 -9999 -9999 -9999 -9999 -9999 -9999 -9999 -9999 -9999 -9999 -9999 -9999 -9999 -9999 -9999 -9999 613.882331848145 808.795791625977 646.169309139252 730.068004608154 569.480667114258 755.37024307251 783.595855712891 628.486274719238 608.806495666504 596.792495727539 840.846664428711 607.980545043945 657.307708740234 739.8815574646 733.437748908997 825.621536254883 653.152046203613 645.729026794434
-9999 -9999 -9999 -9999 -9999 -9999 -9999 -9999 -9999 -9999 -9999 -9999 -9999 -9999 -9999 -9999 -9999 -9999 -9999 -9999 -9999 -9999 -9999 -9999 -9999 -9999 -9999 -9999 -9999 -9999 809.448638916016 613.798210144043 655.447299957275 667.194351196289 592.783492565155 744.769062042236 736.323162078857 685.266002655029 700.04091835022 776.889892578125 720.681602478027 551.82649230957 613.349578857422 695.478309631348 883.358200073242 704.935066223145 753.012252807617 781.639373779297 751.112167358398 661.009296417236
-9999 -9999 -9999 -9999 -9999 -9999 -9999 -9999 -9999 -9999 -9999 -9999 -9999 -9999 -9999 -9999 -9999 -9999 -9999 -9999 -9999 -9999 -9999 -9999 -9999 -9999 -9999 556.618425369263 784.529609680176 668.435264587402 613.31330871582 777.161056518555 739.705307006836 698.57479095459 717.27759552002 502.006393432617 711.688102960587 630.445281982422 725.887390136719 722.716995239258 820.569080352783 838.022796630859 707.136787414551 741.930603027344 727.545906066895 653.542285919189 974.716709136963 1019.06926345825 943.225877165794 947.707977294922
-9999 -9999 -9999 -9999 -9999 -9999 -9999 -9999 -9999 -9999 -9999 -9999 -9999 -9999 -9999 -9999 -9999 -9999 -9999 -9999 -9999 -9999 -9999 -9999 758.404195785522 705.758069992065 596.823389053345 943.230133056641 665.288139343262 556.683067321777 682.826225280762 680.716514587402 588.136204719543 638.473052978516 663.431274414062 669.902709960938 634.263946533203 623.254962921143 765.190780639648 809.101455688477 874.856643676758 874.929546356201 833.545722961426 811.411254882812 726.376335144043 1000.13531494141 981.965908050537 1097.61938476562 877.878608703613 1118.26484680176
-9999 -9999 -9999 -9999 -9999 -9999 -9999 -9999 -9999 -9999 -9999 -9999 -9999 -9999 -9999 -9999 -9999 -9999 -9999 -9999 -9999 -9999 824.091384887695 764.476657867432 755.415374755859 674.255065917969 648.519762039185 710.476501464844 625.453720092773 757.67626953125 710.846527099609 577.912783503532 649.477310180664 680.587287902832 807.468414306641 644.894222259521 505.656341552734 743.069297790527 739.035806655884 769.228466033936 923.115867614746 553.004211425781 587.501136779785 768.812889099121 820.252197265625 1110.82783508301 670.487529754639 843.652770996094 796.062538146973 505.009643554688
-9999 -9999 -9999 -9999 -9999 -9999 -9999 -9999 -9999 -9999 -9999 -9999 -9999 -9999 -9999 -9999 -9999 -9999 -9999 1136.49272155762 702.067863464355 799.390018463135 667.855271339417 670.303565979004 636.981826782227 693.424179077148 851.766906738281 649.967380523682 585.485145568848 612.658866882324 554.104623794556 535.031818389893 528.699966430664 511.589668273926 521.243587493896 540.015495300293 557.128831863403 604.41934967041 667.564464569092 631.295135498047 730.67677116394 598.668746948242 660.771066665649 651.606616973877 760.069435119629 580.555274963379 753.242763519287 770.181938171387 737.915836334229 615.240913391113
-9999 -9999 -9999 -9999 -9999 -9999 -9999 -9999 -9999 -9999 -9999 -9999 -9999 -9999 -9999 -9999 -9999 1034.49097442627 1136.25423431396 1090.7983891964 605.580604553223 503.595687866211 670.210800170898 770.543563842773 601.67276763916 631.614151000977 743.310043334961 739.056686401367 791.367599487305 564.637512207031 623.939838409424 433.612075805664 636.02751159668 630.587497711182 533.694499969482 553.792702391744 611.648183822632 582.985172982328 701.499349594116 627.86262512207 718.518424987793 636.46203994751 654.036380767822 739.732517242432 588.461082458496 733.616653442383 814.791549682617 711.38744354248 690.864386558533 610.441631317139
-9999 -9999 -9999 -9999 -9999 -9999 -9999 -9999 -9999 -9999 -9999 -9999 -9999 -9999 669.640003204346 675.071029663086 594.091758728027 813.311157226562 1013.83750915527 1034.85168838501 825.15153503418 622.926675796509 655.92259979248 659.232917785645 784.786766052246 610.828632354736 776.009063720703 834.271636962891 652.624996185303 760.474716186523 768.050392150879 616.672145843506 494.320899963379 660.349807739258 560.997580528259 422.739303588867 531.57798576355 538.190687179565 670.318043708801 541.759353637695 654.140911102295 811.104598999023 541.917556762695 734.258129119873 694.385314941406 884.785995483398 771.364959716797 749.696311950684 684.462326049805 642.787837505341
-9999 -9999 -9999 -9999 -9999 -9999 -9999 -9999 -9999 -9999 -9999 -9999 811.95809173584 745.78080368042 658.068504333496 639.303619384766 536.885353088379 530.982322692871 962.547962188721 840.052124023438 868.273994445801 602.814070701599 576.656589508057 723.358909606934 753.770690917969 839.140518188477 881.069297790527 867.367172241211 808.802139282227 747.966285705566 608.512550354004 508.455883026123 516.340141296387 645.87971496582 534.793865203857 468.874923706055 402.320281982422 673.317302703857 698.047622680664 697.358510971069 676.128025054932 726.261470794678 735.476844787598 606.377407073975 656.705886602402 718.866882324219 677.801486968994 685.765567779541 636.227170944214 479.247482299805
-9999 -9999 -9999 -9999 -9999 -9999 -9999 -9999 -9999 -9999 727.26639175415 769.582857131958 792.484603881836 732.847726821899 574.883525848389 600.479497909546 507.85962677002 545.245071411133 594.469375014305 450.89208984375 499.406646728516 587.502689361572 518.297149658203 733.95743560791 675.502460479736 747.193692207336 792.251216888428 854.60432434082 802.91015625 598.187143325806 502.298767089844 496.691205978394 357.772445678711 498.678184509277 585.46266078949 466.410751342773 438.269729614258 574.671188354492 685.391796112061 640.993927001953 716.450042724609 861.302047729492 670.256397247314 653.880613327026 486.107192993164 564.344287872314 809.096862792969 632.805418014526 527.014358520508 649.048099517822
619.118148803711 628.166915893555 834.198204040527 563.524719238281 748.068214535713 449.796401977539 378.88215637207 359.515899658203 471.027351379395 542.451553344727 690.374832034111 671.941516876221 667.174308776855 593.062316894531 709.623390197754 623.554729938507 619.076417922974 454.441101074219 429.307861328125 539.099239349365 591.952696681023 592.157936096191 653.621616363525 543.276824951172 749.623390197754 758.90705871582 921.698226928711 784.005645751953 857.347320556641 547.345706939697 503.8505859375 605.820578575134 400.356567382812 460.207891464233 467.841735839844 580.070877075195 681.977602958679 680.817100524902 641.833488464355 678.737157821655 705.835994720459 691.079044342041 622.19556427002 681.752052307129 661.164093017578 725.565155029297 443.3681640625 718.641754150391 575.829795837402 619.73509979248
630.4931640625 735.934246063232 745.615584373474 618.267851829529 649.556069612503 322.559539794922 415.869041442871 272.281799316406 419.216148376465 313.324096679688 672.426471710205 611.598022460938 576.110046386719 636.573320388794 606.38981628418 545.402420043945 553.771125793457 530.344940185547 527.50146484375 411.363891601562 643.75025177002 523.364471435547 517.358383178711 677.563697814941 665.376197814941 612.446310043335 740.088897705078 688.748184204102 586.704623222351 567.574977874756 555.92374420166 570.258205413818 551.048827171326 441.001613855362 630.838760375977 830.900382995605 594.497100830078 666.94804418087 625.384580612183 581.346515655518 770.338119506836 691.451606750488 556.125238418579 720.174392700195 785.878395080566 1234.51243591309 922.702317237854 814.054779052734 722.109443664551 608.347141265869
536.333557128906 622.198822021484 504.787353515625 554.514793395996 600.973056793213 297.49250793457 547.394050598145 298.487869262695 324.384429931641 513.590385437012 550.878700256348 323.669494628906 474.574200391769 679.748069763184 738.689849853516 633.028587341309 738.483105659485 647.960975646973 719.813571929932 645.469833374023 654.96102142334 1071.51580047607 215.675537109375 645.6116065979 567.57731628418 669.340667724609 646.162368774414 723.552780151367 497.471942901611 564.932056427002 708.702152252197 645.015514373779 642.367467880249 802.911786079407 618.386232376099 705.2096824646 589.143539428711 435.095794677734 537.719345092773 643.698670387268 505.140380859375 592.165092468262 798.598514556885 860.218704223633 662.771892547607 692.711133956909 599.490772247314 680.062677383423 625.60233104229 810.331588745117
591.073407173157 702.327186584473 657.295629262924 509.469665527344 654.808807373047 493.251312255859 720.139541625977 1110.03066586331 618.96781373024 534.865570068359 526.598487854004 421.837368011475 481.702545166016 630.56925201416 724.169057846069 784.29776763916 842.203109741211 690.729621887207 558.432521820068 662.204513549805 527.721099853516 768.351846694946 539.138153076172 663.029371261597 673.188674926758 489.489288330078 727.454574584961 883.56852722168 796.990287780762 763.996887207031 539.451278686523 691.863638877869 564.399490356445 662.79759979248 535.506439208984 1237.78494286537 533.178100585938 434.787826538086 632.568331718445 524.325073242188 1271.28822898865 763.893203258514 529.125686645508 534.743267059326 619.195030212402 569.966186523438 653.366844177246 504.354873657227 699.075252532959 756.235244750977
687.323085784912 678.894994735718 1052.34775924683 664.235706329346 714.252815246582 583.261138916016 799.534744262695 1088.84154701233 481.108871459961 593.928207397461 559.094787597656 727.71501159668 788.012649536133 695.189044952393 510.353992462158 723.036056518555 690.023288726807 696.523548126221 482.852096557617 683.094184875488 648.064224243164 759.464887619019 593.965530395508 570.156242370605 399.750679016113 509.892769813538 669.424621582031 523.886722564697 1155.01161003113 817.142627716064 681.637720763683 820.105351448059 845.040496826172 1100.66546916962 631.527404785156 1031.82412719727 1165.21912384033 863.843994140625 666.868852615356 594.597259521484 509.14998626709 443.449775695801 592.059916734695 570.777973175049 540.856880187988 564.640686035156 649.11384421587 663.18590927124 608.307706832886 629.297592163086
759.168360710144 646.154205322266 1298.15789794922 680.6047706604 918.973304748535 734.347278594971 795.419937133789 1073.11663818359 916.910694122314 613.556297302246 949.835097312927 922.149337768555 836.389663696289 956.872457504272 603.240089416504 1067.74807739258 606.305072784424 806.57209777832 559.120502471924 893.063919067383 686.205764770508 664.183650970459 522.949661254883 575.839569091797 1177.05127716064 1103.88868331909 925.836112976074 774.139282226562 582.344850540161 502.995315551758 512.219787597656 541.563163757324 243.868499755859 507.698791503906 636.869682312012 1204.04254150391 641.311019659042 585.176773071289 540.453170776367 635.362062454224 562.429260253906 471.793388366699 589.185775756836 661.929780960083 519.519958496094 560.585762023926 738.180435180664 570.867243766785 605.395263671875 595.20251083374
734.82813835144 668.262351989746 641.620887756348 557.884010314941 577.380992889404 608.556526184082 803.464859008789 427.402053833008 1018.06964874268 653.909404754639 718.601354598999 1058.27478027344 508.149032592773 1133.04496002197 1206.55847549438 1162.76589775085 1380.23835754395 1297.15658187866 626.268241882324 494.70654296875 605.191986083984 385.819564819336 973.299591064453 367.435562133789 342.806060791016 1165.17051696777 505.253829956055 536.400588989258 459.132438659668 491.418251037598 440.598854064941 553.796392440796 576.561058044434 607.708435058594 709.244911193848 627.525054931641 604.180870056152 630.689701080322 691.975863337517 671.449596405029 608.929107666016 742.096870422363 634.773880958557 635.360418319702 562.321353912354 766.151412963867 560.828636169434 606.058355331421 617.77388381958 545.006469726562
566.602918624878 516.094253540039 332.717620849609 508.122730255127 607.12286657095 675.424880981445 700.053958892822 753.881759643555 737.826038360596 802.233169555664 598.290321350098 854.031391143799 639.137325286865 679.617034912109 656.077091217041 2266.68534469604 1193.83536911011 672.875366210938 516.231948852539 887.97802734375 798.654525756836 398.925933837891 378.87353515625 1063.72094726562 856.866119384766 1512.16477966309 917.821151733398 635.619049072266 490.256683349609 556.476871490479 442.89436340332 517.520706176758 639.08727645874 661.49906539917 579.607536315918 596.204357147217 590.579483032227 591.430267333984 628.099811553955 776.798141479492 662.212182998657 465.118759155273 685.792030334473 692.589492797852 602.620761871338 645.420715332031 822.703201293945 756.488967895508 602.184341788292 741.218116760254
