export/dem/dem22.asc
NCOLS 350
NROWS 171
XLLCORNER 152620
YLLCORNER 418050
CELLSIZE 100
NODATA_VALUE -9999
[rows 44 to 65 of 171, columns 200 to 249 of 350]
801.725396871567 705.681299209595 720.426956176758 725.942169189453 598.889902114868 635.728881835938 740.924995422363 785.560733795166 674.417157530785 656.371620178223 688.525365829468 780.397087097168 749.10767364502 871.752746582031 633.393798828125 550.415378570557 482.439781188965 499.733039855957 634.409130096436 498.614654541016 480.309089660645 649.863620758057 557.416107177734 576.12091255188 535.866569519043 654.346145629883 557.081676483154 671.980808258057 624.324199676514 604.245960235596 731.257568359375 867.635894775391 1151.23137283325 711.54061126709 818.617973327637 727.907649993896 691.682825088501 733.274284362793 718.67102432251 661.1169090271 656.758085250854 706.152293324471 646.325889587402 771.71452331543 606.159210205078 704.769000053406 650.617969512939 600.851806640625 494.460571289062 732.535064697266
1152.60549926758 1507.19261550903 1120.82384109497 1011.2509765625 786.288633346558 973.4857006073 836.297897338867 796.998241424561 736.096845626831 800.165145874023 981.028259277344 739.994026184082 735.929004669189 1249.95611572266 699.087451934814 945.415496826172 754.658471107483 559.679206848145 579.621387481689 571.907972335815 663.885097503662 623.695609092712 620.113327026367 576.01541519165 508.28874206543 718.720855712891 626.571764469147 652.839290618896 596.792325973511 621.096046447754 566.857299804688 723.611923217773 749.513320922852 743.45100402832 705.408569335938 735.320404052734 632.749031066895 761.368286132812 790.002670288086 534.252044677734 833.842147827148 640.609226226807 674.702728271484 615.728591918945 672.674765586853 818.42894744873 719.224214553833 646.440101623535 563.105895996094 709.369312286377
609.337738037109 967.869228363037 1708.14915466309 1275.82403564453 711.673623085022 699.26442861557 677.849594116211 705.836647033691 486.14754486084 608.896503448486 609.558382034302 618.830879211426 831.626724243164 829.4301404953 803.924842834473 750.807739257812 1455.01657676697 709.722023010254 562.369840621948 605.539319038391 628.990684509277 477.614166259766 471.738571166992 592.472363471985 743.432403564453 608.183185577393 632.928691864014 744.937530517578 733.593933105469 616.865301132202 736.269599914551 649.600651979446 611.455678939819 821.611785888672 762.857048034668 693.994722366333 664.311910629272 704.547512054443 767.916885375977 689.352707862854 654.107839584351 783.665061950684 614.529136657715 538.077697753906 738.720909118652 626.535015106201 739.227233886719 569.105575561523 768.280519485474 654.411804199219
438.542572021484 685.250144958496 1038.24160766602 1235.46075057983 790.007011413574 647.00795173645 744.201260566711 678.437994003296 556.423805236816 506.310832977295 529.188994407654 496.127944946289 555.750371932983 501.76171875 709.264854431152 960.293552398682 1349.88515472412 2019.20118331909 1324.08532714844 749.780564308167 547.019515991211 600.513427734375 535.41788482666 669.647872924805 560.837394714355 631.090297698975 680.87797164917 601.16911315918 679.187198638916 709.311302185059 755.439514160156 517.707138061523 693.526927947998 653.93684387207 814.683486938477 759.471084594727 739.221229553223 741.08162689209 771.817886352539 589.631248474121 721.700233459473 781.761749267578 477.654037475586 797.687294006348 663.186395645142 632.67183303833 582.995223999023 708.876512527466 674.163444519043 584.715026855469
615.666921615601 725.935073852539 842.228744506836 560.789329528809 579.744508266449 742.348579406738 562.268341064453 632.528114318848 664.595294952393 400.494995117188 541.422359466553 559.070769548416 490.378059387207 460.490829467773 728.631042480469 780.200853347778 1091.33879089355 1297.80947875977 1123.84902954102 970.721996545792 638.370388031006 486.794281005859 545.016242980957 547.541076660156 499.510040283203 670.902946472168 663.673721313477 669.797481536865 704.490020751953 666.563920974731 782.483154296875 686.790819168091 600.398803710938 727.718658447266 693.230289459229 756.066078186035 771.208724975586 758.264518737793 723.059448242188 753.046073913574 656.297174453735 994.912109375 745.633037567139 680.012922048569 750.43025970459 710.43466758728 680.816990375519 499.373306274414 504.867767333984 637.541442871094
579.536222457886 763.409576416016 513.662738800049 549.910331726074 604.43713760376 512.866081237793 749.708168029785 663.456733703613 722.851535797119 472.443664550781 477.991149902344 473.902267456055 621.814510345459 431.334548950195 639.74703502655 596.499542236328 910.71070098877 1099.02784729004 1865.25864982605 1597.47539520264 850.328895568848 721.908515930176 590.893699645996 747.081695556641 406.164932250977 698.6416015625 395.718551635742 609.752986907959 599.279232025146 563.23966217041 768.306823730469 624.172432899475 461.372970581055 722.788650512695 568.669273376465 816.705581665039 770.871231079102 627.750755310059 533.419387817383 703.697946548462 626.502449035645 705.722150802612 627.223524093628 1271.04829406738 885.452880859375 1073.87813186646 806.886878967285 596.668403625488 729.264423370361 580.505325317383
537.531120300293 693.09058380127 747.950012207031 469.17667388916 554.826816558838 620.675895690918 783.678970336914 530.849109649658 772.846248626709 719.3772315979 573.276572465897 390.968017578125 575.364776611328 791.215881347656 523.549189567566 673.373435974121 704.232582092285 1019.00956726074 1543.13553285599 1687.56327438354 884.222337245941 864.939682006836 590.988639831543 361.104675292969 490.921073913574 541.915428161621 595.667556762695 570.732284545898 757.268974304199 578.666709899902 726.450134277344 612.851615905762 673.355278015137 701.535472869873 672.243713378906 798.731643676758 817.994064331055 719.345840454102 776.447135925293 640.147571563721 610.241897583008 580.026512145996 730.434326171875 546.696258544922 976.421051025391 1450.62869262695 693.077774047852 609.368667602539 545.952514648438 689.268341064453
659.037467956543 741.20597076416 715.07381439209 560.544033050537 531.167724609375 704.378997802734 676.248947143555 601.526837348938 627.601786613464 737.295650482178 631.718263626099 458.226593017578 518.470962524414 424.941513061523 564.466042518616 576.109764099121 632.997291564941 808.37158203125 1443.42790222168 1335.99081420898 1439.41189956665 897.282455444336 623.998212814331 496.833114624023 406.905349731445 557.491081237793 541.179748535156 630.360103607178 546.340049743652 717.048538208008 652.308074951172 680.420024871826 724.138008117676 865.036331176758 586.618064880371 812.522689819336 634.764892578125 768.53401184082 652.785827636719 608.221397399902 626.672313690186 657.157825469971 586.545471191406 622.309902191162 965.191743850708 636.701095581055 959.864658355713 1202.37699890137 747.69905090332 778.397613525391
551.731372833252 646.623352050781 687.788654327393 642.417629241943 582.314250946045 672.124200820923 888.667274475098 732.164742469788 678.525150299072 773.175634384155 712.232164502144 732.001724243164 658.256610870361 645.853240966797 623.706447601318 606.48356628418 626.160677611828 823.021309614182 1109.79986572266 1586.41084289551 1923.97666931152 1337.23750305176 648.108058929443 753.285949707031 528.306602478027 490.946853637695 596.998487472534 495.611869812012 563.524467468262 675.728740692139 742.028076171875 710.77864074707 589.636280059814 713.913970947266 651.081310272217 732.052558898926 709.402618408203 802.030151367188 627.504734039307 652.089497089386 543.087814331055 695.263286590576 618.748229980469 697.220022201538 667.382147789001 784.248892784119 704.865146636963 435.671539306641 952.737487792969 1003.92555236816
694.327774047852 496.059364318848 579.420043945312 631.278003692627 650.468086242676 573.235454559326 807.251075744629 743.248252868652 527.191883087158 922.81494140625 669.941101074219 748.517021179199 558.100727081299 707.010627746582 624.613864898682 556.004867553711 554.672177314758 643.906200408936 839.084281921387 1119.02671813965 1240.91681671143 1332.91870880127 1531.83380126953 864.372523754835 659.014572143555 686.38591003418 559.942451477051 562.176231384277 609.671896934509 609.626093387604 657.561058044434 513.439514160156 710.320640563965 548.97444152832 712.992938995361 616.569035053253 795.854782104492 699.796726226807 704.475284576416 766.616714477539 721.012878417969 567.503902435303 662.727099895477 877.931274414062 679.763286590576 701.413398742676 611.818439483643 901.424315452576 737.089538574219 389.191497802734
657.084175109863 712.078643798828 622.33938574791 745.452415466309 518.683975219727 544.942779541016 629.158180236816 677.223175048828 682.043770551682 817.112083435059 705.808235168457 559.746032714844 735.245933532715 652.411281585693 595.041466712952 605.240814834833 562.75207567215 544.524200439453 653.229198455811 799.242694854736 799.002891540527 1290.13230514526 1663.14652657509 955.484531402588 691.52116394043 631.11597776413 650.700439453125 569.404758453369 713.568634033203 560.036907196045 599.520511627197 651.499933242798 594.95679473877 557.392318725586 623.898456573486 627.191669464111 723.328811645508 722.662784576416 763.095207214355 741.774436950684 767.636581420898 830.610076904297 754.473762512207 737.093696594238 693.69896697998 705.161249160767 581.244400024414 434.482925415039 568.827270507812 596.797065734863
625.819839477539 726.660522460938 604.361463546753 677.633195877075 605.342888355255 549.00012588501 723.249412536621 610.650144577026 586.420860290527 795.501884460449 688.318727493286 596.570870399475 506.871173858643 579.032567977905 633.60977935791 527.081848144531 689.231430053711 540.978248596191 611.305740356445 613.733991622925 780.608703613281 739.187515258789 1259.11479949951 1345.19777297974 750.553283691406 548.963401794434 563.871238708496 678.237785339355 600.419452667236 680.90357208252 509.72826385498 578.807167053223 503.813201904297 679.043785095215 729.320846557617 603.773085594177 676.877407073975 613.177661895752 747.206497192383 596.213649749756 649.231604576111 784.934906005859 845.883148193359 853.526885986328 749.147285461426 596.861316680908 686.008659362793 713.125423431396 708.196521759033 621.762180328369
576.414505004883 475.460144042969 489.85986328125 590.489992141724 596.821254730225 613.280532836914 603.743640899658 620.250665664673 715.843606948853 629.338081359863 887.244850158691 691.574953079224 626.076053619385 715.635833740234 864.24104309082 663.903575897217 754.137521743774 788.800045013428 855.928352355957 858.612186431885 858.593322753906 985.896755218506 1139.37596893311 963.613868713379 786.895622253418 700.311134338379 684.472885131836 722.129600524902 591.459266662598 629.778072357178 514.052505493164 561.129852294922 629.820127010345 531.323951721191 675.328296661377 676.890033721924 682.260452270508 792.060455322266 677.674407958984 613.261504888535 747.519401550293 681.900522232056 620.605292320251 816.195327758789 697.702556610107 830.062286376953 603.184429168701 737.73999786377 682.419120788574 622.71212387085
512.542778015137 561.391914367676 578.98070526123 621.739602565765 579.784572601318 599.748752593994 522.364807128906 528.325592041016 563.372344970703 645.717458724976 770.926240205765 729.359920501709 780.034339904785 695.333232879639 565.91918182373 731.710098266602 751.985907077789 842.143594264984 803.119321584702 825.504453659058 862.172721862793 772.476341247559 942.391178131104 1006.71143341064 913.039123535156 570.669635772705 556.136535644531 638.446376800537 689.250274658203 662.475749969482 639.067113876343 716.532653808594 509.769378662109 611.12858581543 567.797676086426 748.920097351074 657.373847961426 717.300483703613 479.979415893555 667.138145446777 655.608493804932 552.94457244873 681.84349822998 653.464930534363 619.793579101562 724.246803283691 671.41524553299 633.366516113281 602.693374633789 646.667858123779
544.23949432373 777.05973815918 613.108352661133 711.797096252441 669.844735145569 726.030456542969 542.665733337402 658.497597694397 783.68766784668 713.547309875488 652.474914550781 685.483570098877 647.016258239746 766.716484069824 626.690246582031 759.295967102051 886.305770874023 919.9921875 698.860401153564 889.984062194824 909.622192382812 814.827574729919 889.347848892212 837.677661895752 543.700714111328 485.269836425781 651.339584350586 543.085380554199 569.14391708374 432.43701171875 511.265518188477 786.190383911133 441.039993286133 666.122638344765 644.679176330566 688.51749420166 699.012573242188 654.996608734131 729.08154296875 719.915969848633 722.487106323242 744.559127807617 750.266273498535 698.957340240479 772.886512756348 541.107727050781 761.413444519043 614.18091583252 668.268857955933 828.22541809082
746.514999389648 745.415802001953 686.340393066406 675.090156555176 685.621585845947 619.75185585022 671.37220954895 734.579849243164 543.250907897949 592.685642242432 525.236999511719 601.090896606445 729.405691146851 497.576354980469 724.431884765625 623.91849899292 872.355773925781 740.344402313232 809.14245223999 877.877906799316 845.025003433228 947.73356628418 936.162536621094 623.82555770874 743.42130279541 720.086143493652 635.068695068359 559.437656402588 539.472450256348 372.906616210938 734.484039306641 708.824325561523 712.573097229004 808.080337524414 731.612598419189 679.397649765015 559.867515563965 600.438889741898 729.783721923828 644.586227416992 562.153190612793 750.899959564209 618.242457389832 428.201965332031 487.180709838867 661.672097206116 640.844841003418 765.681381225586 699.521030426025 772.501609802246
582.421325683594 653.5435962677 709.870208740234 752.701118469238 699.635375976562 669.513557434082 594.320350646973 652.151426315308 580.679679870605 525.182739257812 592.225242614746 671.228910446167 649.332530975342 717.575185775757 614.507972717285 699.770168304443 797.689506530762 711.025149822235 629.691200256348 1089.21005249023 1009.53869628906 893.366607666016 599.613569021225 715.561973571777 462.207122802734 493.057762145996 560.335260391235 562.201759338379 621.793763265014 822.311740875244 703.881675720215 417.09748840332 499.500953674316 489.931777954102 591.937580108643 830.933906555176 717.173310756683 691.087272644043 620.501248031855 612.411443829536 547.070983886719 763.273178100586 693.165084838867 658.386669158936 613.100551605225 585.926197052002 797.436050415039 627.292360305786 655.682807922363 587.472267150879
630.13879776001 623.699933052063 637.446025848389 860.795654296875 740.187522888184 825.25798034668 716.867469787598 682.507549285889 596.608623504639 591.576559066772 670.598962783813 648.261180877686 565.38162612915 606.347862243652 626.101989746094 880.748046875 857.219467163086 676.435741424561 822.803756713867 871.59987449646 980.564224243164 665.334976196289 752.038238525391 647.020856618881 538.086463928223 592.270748138428 564.755214691162 676.64066696167 640.261524200439 731.232696533203 427.975250244141 383.300369262695 386.300399780273 474.338928222656 704.217300415039 783.781837463379 730.951217651367 787.526957511902 679.887260437012 427.128356933594 697.814521789551 611.827633857727 613.848838806152 659.715246200562 630.229633331299 654.01749420166 646.370876312256 656.834419250488 602.592998504639 580.484550476074
686.369636535645 620.779528617859 545.409873962402 797.480758666992 731.63232421875 702.264659881592 662.158519744873 547.492530822754 651.855089187622 522.948104858398 627.882878422737 477.883895874023 600.786794662476 592.008224487305 714.546762943268 872.751842498779 721.767398834229 689.252662658691 726.120109558105 687.696968078613 667.941143035889 830.205871582031 726.610717773438 467.213317871094 637.653158187866 584.809312820435 680.823806762695 667.135611534119 620.347658157349 698.65357208252 497.306091308594 403.576156616211 463.343688964844 470.772155761719 655.374551773071 620.34241104126 769.904430389404 1056.90191650391 1211.06315612793 813.423713684082 651.305089950562 602.37229347229 797.798797607422 438.341613769531 692.021335601807 564.879959106445 706.699722290039 661.204406738281 694.688770294189 722.178619384766
708.91877746582 593.102489471436 631.043006896973 687.925369262695 624.355388879776 663.639680862427 515.563400268555 622.943257808685 647.008028030396 766.952629089355 489.583602905273 388.456405639648 587.63618850708 525.34871673584 680.755208969116 664.564208984375 593.460900306702 644.869365692139 633.955718040466 708.752906799316 742.503326416016 628.980850219727 616.280960083008 587.133387088776 663.314407348633 581.812871456146 642.020524978638 459.358901977539 479.257019042969 631.217439651489 544.156127929688 684.380991697311 525.383880615234 630.615093231201 566.843048095703 735.958114624023 587.507316589355 850.103988647461 586.025346755981 698.564270019531 586.415363311768 668.230613708496 641.203774452209 626.744956970215 586.513969421387 604.160970687866 762.588508605957 663.050533294678 799.959655761719 682.080295562744
614.539476394653 761.434284210205 638.410318374634 589.409770965576 654.075674057007 679.785079956055 478.505157470703 625.387615203857 597.65552520752 564.14807510376 483.937622070312 492.640869140625 471.02458190918 525.293678283691 525.677093505859 512.190368652344 446.688003540039 662.133255004883 517.405578613281 563.194856643677 474.338638305664 749.66968536377 699.649829864502 585.908134460449 558.489719390869 527.891246795654 593.389726161957 609.663829803467 453.86848449707 458.447601318359 609.411521911621 671.018505096436 653.087339401245 635.028376102448 633.204975128174 785.786972045898 456.697998046875 845.058565139771 497.601898193359 553.631553649902 640.849314689636 647.469413757324 795.414375305176 671.871515274048 637.025854110718 658.962335586548 645.833120346069 585.871494293213 620.862586975098 662.270196914673
626.430587768555 539.313011169434 572.91626739502 659.700358390808 653.345646858215 402.248031616211 596.489761352539 599.889806747437 621.807342529297 553.065101623535 480.617294311523 615.754289627075 381.358367919922 579.674957275391 649.999862670898 723.018768310547 564.121841430664 533.939529418945 534.601852416992 653.423408508301 698.414558410645 541.197593688965 571.040893554688 643.68528842926 673.06324005127 679.113567352295 613.828895568848 534.825912475586 605.436307907104 619.078628540039 692.258501052856 736.715579986572 620.320116996765 567.400291442871 535.828239440918 857.299644470215 799.93627166748 681.297630310059 463.216384887695 671.337223052979 561.352046966553 625.662075042725 571.996482849121 828.277847290039 656.53341293335 774.977233886719 673.063869476318 693.723636627197 690.73645401001 670.643051147461
