export/dem/dem27.asc
NCOLS 350
NROWS 171
XLLCORNER 152620
YLLCORNER 418050
CELLSIZE 100
NODATA_VALUE -9999
[rows 132 to 153 of 171, columns 300 to 349 of 350]
929.167520999908 846.130523681641 1681.4965133667 1213.20678329468 1140.66279602051 1165.32675170898 1743.23992919922 1545.40393066406 1256.05040740967 1325.38957595825 1242.44244003296 1112.97400665283 1158.95021057129 1543.71632385254 1519.06149291992 974.11452293396 1100.90444946289 907.75154876709 1195.94964599609 1210.83560180664 1045.5368347168 931.349266052246 1026.66952514648 893.506008148193 729.883476257324 1047.76282501221 798.83362197876 708.074600219727 1007.83486175537 952.64920425415 848.952512741089 795.18440246582 1008.01983642578 1016.62275695801 -9999 -9999 -9999 -9999 -9999 -9999 -9999 -9999 -9999 -9999 -9999 -9999 -9999 -9999 -9999 -9999
832.494248390198 895.276720046997 974.92121887207 1395.74526977539 1065.25925064087 1054.26249694824 1429.77795410156 1733.5871887207 1416.56945800781 1137.39672851562 1283.6587677002 1331.1018371582 1210.56246185303 1208.31217956543 1555.6798248291 1756.28809833527 1694.44175720215 2160.01599121094 1901.74813842773 1595.7063293457 1848.58422851562 1107.41284179688 1074.6056060791 884.566233634949 840.767663300037 677.61833190918 845.227451324463 944.423055648804 875.638397216797 841.033653259277 842.416024446487 853.70051574707 1032.59941101074 997.748138427734 -9999 -9999 -9999 -9999 -9999 -9999 -9999 -9999 -9999 -9999 -9999 -9999 -9999 -9999 -9999 -9999
911.611724853516 784.230840682983 812.149463653564 1145.66857910156 1366.75827026367 1294.3896484375 1444.54620361328 1441.49917602539 1461.20391845703 1262.87359619141 1218.18310546875 1398.6861114502 1372.47009277344 1218.09861755371 1395.03118896484 1374.63228034973 1424.06604003906 1439.3738861084 1313.81707763672 1175.76139831543 1422.96771240234 1168.4924659729 880.12254178524 929.706733703613 875.862390518188 790.24715423584 801.700698852539 755.121383666992 868.964958190918 899.371501922607 921.167736053467 804.327175140381 932.180700302124 912.170184135437 917.443359375 -9999 -9999 -9999 -9999 -9999 -9999 -9999 -9999 -9999 -9999 -9999 -9999 -9999 -9999 -9999
753.450275421143 620.256744384766 1068.60874938965 1327.54791259766 1176.57789611816 1066.09867858887 1002.90588378906 1631.6577911377 1588.7762298584 1194.06909942627 1208.12118530273 1547.79008483887 1069.92773342133 1232.03915405273 1226.91028594971 1897.38468170166 1469.32615661621 1214.67625427246 1136.59436035156 1052.41861724854 1133.12800598145 1122.60900878906 1282.49774169922 948.513851165771 870.753821372986 823.593851089478 729.626930236816 888.215784072876 870.883751630783 922.186586380005 916.972755908966 871.353107452393 1044.67160797119 838.675197601318 979.210186004639 934.518882751465 -9999 -9999 -9999 -9999 -9999 -9999 -9999 -9999 -9999 -9999 -9999 -9999 -9999 -9999
736.840950012207 915.991302490234 989.9677734375 1025.59397506714 828.004821777344 1209.57704162598 1154.6697769165 1039.73757171631 1230.98138427734 1356.37490844727 1189.23104095459 1089.74927520752 1396.40174865723 1725.45121002197 1196.8658657074 1248.38934326172 1221.95947265625 1201.1957244873 1073.17286682129 994.830282211304 926.541553974152 1082.733253479 972.673191308975 1053.0793762207 1094.83902740479 959.173721313477 906.967975616455 701.799896240234 798.287574768066 761.903251647949 949.754943847656 1378.71408081055 807.92919921875 1004.18431091309 792.25785446167 807.619674682617 -9999 -9999 -9999 -9999 -9999 -9999 -9999 -9999 -9999 -9999 -9999 -9999 -9999 -9999
977.380104064941 975.465103149414 971.935050964355 981.326713562012 864.343296051025 1208.8420715332 1251.61911010742 1135.89129638672 1213.11251831055 1320.48834228516 1261.42105102539 935.892742156982 1307.3087887764 1561.08016967773 1456.71769714355 1119.88872528076 1117.76934814453 1020.95525360107 946.67170715332 989.159976959229 881.795249938965 1096.23556518555 1019.33985900879 960.727394104004 966.293029785156 1067.24735641479 1652.60345077515 817.840854644775 671.534454345703 844.827754974365 1347.18686151505 1022.56673812866 916.785623550415 882.084173679352 841.662027359009 729.528266906738 883.602842330933 -9999 -9999 -9999 -9999 -9999 -9999 -9999 -9999 -9999 -9999 -9999 -9999 -9999
982.937744140625 964.999847412109 1005.03002166748 891.361011505127 838.335929870605 1161.45704650879 1418.27679443359 1200.62281799316 1055.99340820312 1113.63283538818 1153.08354187012 1087.66603088379 1244.12359619141 1633.40981292725 1488.2247543335 1339.63285064697 1025.15179157257 1121.6989440918 1126.59582519531 1103.7730255127 1056.07577514648 989.070083618164 1049.87565994263 1031.20779871941 1032.17643356323 889.760787963867 995.601045846939 974.050934791565 1187.76307678223 1221.75683021545 1063.63477325439 956.242580413818 716.128051757812 875.691686630249 950.290863037109 836.655773162842 770.926696777344 -9999 -9999 -9999 -9999 -9999 -9999 -9999 -9999 -9999 -9999 -9999 -9999 -9999
870.026023864746 662.895889282227 903.190259218216 832.336437225342 798.409492492676 1283.79078674316 1166.11779785156 1122.71614837646 1203.59857177734 1077.54349517822 1099.52984619141 1028.28293800354 990.422336578369 1081.55238342285 1708.97407531738 1910.34074401855 1007.60039520264 1111.29276275635 1246.64208984375 957.263786315918 1003.48628234863 1027.20895385742 1085.73779296875 1044.55706787109 995.405054092407 985.330078125 871.755485534668 909.077823638916 1135.10646057129 1197.33547592163 1110.74705505371 867.688331604004 850.123046875 863.574913024902 844.614898681641 865.973728179932 887.007478237152 923.7028465271 -9999 -9999 -9999 -9999 -9999 -9999 -9999 -9999 -9999 -9999 -9999 -9999
749.235542297363 866.890985488892 798.262493133545 780.188352108002 834.538917541504 1140.05151367188 957.956787109375 1145.6697845459 1356.62243652344 1106.75144958496 1022.30356693268 1143.79975891113 1152.24171447754 878.144515991211 1316.7371635437 1448.2982711792 1136.96997070312 1211.07850646973 1054.30529022217 947.305229187012 1196.47779846191 970.278373718262 1075.27612304688 872.694816589355 758.401916503906 908.978443145752 1019.52318000793 990.015504360199 886.61349105835 1020.68632507324 1294.59317398071 1140.33187103271 1087.81723022461 1097.80169677734 859.124809265137 815.011077880859 951.705823898315 930.52885055542 -9999 -9999 -9999 -9999 -9999 -9999 -9999 -9999 -9999 -9999 -9999 -9999
783.999862670898 838.463760375977 842.902149200439 852.214294433594 907.746360778809 993.925247192383 1034.55686187744 800.716228246689 1164.97560119629 945.789031982422 936.281394958496 1098.29071998596 878.495727539062 1089.45122623444 1254.39556503296 1491.5991973877 1194.45001220703 1189.69730377197 1231.37387084961 1105.22069168091 1040.64553070068 911.710025787354 1141.66987609863 1078.29168701172 908.94153213501 999.447395324707 787.42854309082 933.972602844238 937.171892166138 955.533515930176 1186.16325378418 1052.33071419597 1084.3293762207 1028.64007568359 915.617733955383 884.162509918213 1002.53260040283 933.866790771484 748.369338989258 -9999 -9999 -9999 -9999 -9999 -9999 -9999 -9999 -9999 -9999 -9999
810.688045501709 880.932350158691 826.921113014221 969.478904724121 1056.22058486938 1178.47064208984 1297.72299194336 1138.89966583252 1020.0033454895 1219.38836669922 944.944610595703 1093.68041610718 933.709678649902 1060.55851364136 1467.67687225342 1178.34638977051 1094.35754394531 1113.68741607666 1221.99824523926 1260.22574615479 1348.18299865723 1208.21676635742 1263.19431304932 988.429901123047 996.627532958984 1016.48644924164 913.5969581604 973.917991638184 957.600852966309 958.381202697754 1178.59928226471 1102.76406097412 1130.85984802246 1009.31440591812 1015.86585712433 986.534645080566 932.982521057129 926.822374343872 805.975933074951 -9999 -9999 -9999 -9999 -9999 -9999 -9999 -9999 -9999 -9999 -9999
732.919248580933 934.623458862305 806.090789794922 741.01847076416 848.614696502686 833.795463562012 1040.77445983887 950.038785934448 888.356857299805 774.248087644577 845.776580810547 994.810619354248 955.098159790039 961.446563720703 1117.8540058136 1370.16994857788 1189.30494689941 1005.37824678421 1016.36036300659 993.593367099762 1168.75227355957 930.254016876221 1297.60223388672 1152.19484710693 980.123527526855 827.915550231934 1146.65937805176 979.546615600586 917.742340087891 1058.09628868103 1064.99499702454 1084.50996017456 850.858459472656 875.516765594482 1124.1703338623 1063.19430541992 1103.18357849121 952.581419736147 838.272800445557 -9999 -9999 -9999 -9999 -9999 -9999 -9999 -9999 -9999 -9999 -9999
680.17858505249 748.647254943848 987.197082519531 647.7678565979 821.210594177246 768.27871799469 770.734715461731 694.771326065063 758.292911529541 745.496482849121 659.040618896484 810.025314331055 844.61247253418 947.528514862061 1010.4130859375 960.926574707031 1400.06814575195 1178.05337524414 1143.12056732178 1093.51412963867 1123.33659362793 904.057474143803 1012.76153326035 1206.82986450195 1137.32168960571 1083.42391204834 1651.22547531128 994.9901881814 971.186058044434 963.203125 973.364570617676 896.737915039062 729.605880737305 851.024391174316 1026.07403755188 928.805191040039 833.712310791016 1097.39353942871 977.722511291504 920.641122817993 -9999 -9999 -9999 -9999 -9999 -9999 -9999 -9999 -9999 -9999
754.465120315552 734.231884002686 697.683423995972 816.734001159668 877.559440612793 909.055923461914 809.590538024902 786.712593078613 738.716506958008 813.118938446045 689.853775024414 701.92163848877 801.377191543579 932.004069566727 1012.40231990814 875.733879089355 1087.1932144165 1085.75530147552 1718.23617553711 1121.10643005371 967.867925643921 1036.04346847534 956.823013305664 904.726318359375 1367.03900909424 1535.82164001465 869.770690917969 1120.03744125366 869.610473632812 903.984848022461 987.664489746094 898.165977478027 891.012387275696 694.113235473633 1055.05160140991 974.282178878784 932.697860717773 844.654403686523 860.628065109253 973.027059555054 -9999 -9999 -9999 -9999 -9999 -9999 -9999 -9999 -9999 -9999
622.131805419922 742.302796363831 673.164615631104 629.855880737305 697.846089363098 803.507389068604 762.543754577637 670.146606445312 721.690002441406 906.717182159424 716.043556213379 759.526893615723 712.475212097168 834.426696777344 939.824234008789 997.280681610107 1056.91635131836 991.175880432129 1164.94928741455 1129.65698242188 1082.05735015869 1055.22618103027 1000.85914230347 981.371234893799 1179.673828125 1306.00926733017 974.072341918945 896.31559753418 953.196739196777 1028.2870554924 799.810119628906 1069.76779556274 748.756851196289 1196.18659210205 1006.64086723328 812.06470489502 898.865882873535 752.592971801758 938.751523971558 884.579074859619 -9999 -9999 -9999 -9999 -9999 -9999 -9999 -9999 -9999 -9999
680.951873779297 822.090221405029 755.764661669731 734.518694877625 710.477672576904 675.911193847656 736.044342041016 568.161422729492 611.856689453125 883.378547668457 859.363922119141 829.487800598145 729.700172424316 848.121467590332 769.240127563477 979.336517333984 1098.68644714355 1013.25511169434 1124.95332336426 1180.06914520264 1135.44900512695 1108.40705490112 1168.30567932129 1126.01143826731 1025.79759979248 926.251106262207 1025.72671866417 1132.54510498047 901.17992401123 1050.89664816856 919.778877258301 837.574195861816 984.012405395508 854.462501525879 957.358839035034 981.343994140625 938.06409072876 763.890167236328 782.154037475586 809.090919494629 796.374038696289 -9999 -9999 -9999 -9999 -9999 -9999 -9999 -9999 -9999
682.525253295898 839.16960144043 798.471006393433 660.639236450195 704.232473373413 672.524749755859 668.251876831055 768.355270385742 760.429039001465 934.567047119141 792.832275390625 800.370300292969 851.887710571289 964.030082702637 773.96759223938 996.386901855469 936.315734863281 785.402477264404 981.826240539551 1017.92762374878 1109.56159973145 1259.91899108887 1248.85656738281 1146.80070114136 1086.62762451172 1133.60704803467 960.204223632812 942.741725921631 782.940093994141 834.326210021973 729.308883666992 872.25457572937 685.991455078125 865.009746551514 887.49821472168 821.13459777832 971.823289871216 910.197608947754 836.408790588379 803.541961669922 969.920234680176 -9999 -9999 -9999 -9999 -9999 -9999 -9999 -9999 -9999
841.226104736328 736.090179443359 719.006851196289 841.695083618164 628.641525268555 636.548286437988 591.620635986328 820.429433822632 742.787384033203 707.162139892578 812.459177017212 797.282302856445 752.428359985352 1096.37218093872 846.558125168085 898.477195739746 837.926582336426 897.867504119873 920.343589782715 747.645225524902 939.066951751709 1018.15159988403 1065.5599861145 1028.1872177124 1084.53552246094 1028.13191223145 886.411231994629 952.864347934723 664.097183227539 998.868072509766 765.754425048828 740.952880859375 916.121192932129 885.468132019043 991.504121780396 983.555393218994 930.332660675049 1015.49446105957 939.257636189461 953.960678100586 1045.47400665283 1106.07775878906 -9999 -9999 -9999 -9999 -9999 -9999 -9999 -9999
646.996292114258 765.837036728859 840.230945587158 818.456104278564 645.804542541504 742.586139678955 799.129558563232 839.47629737854 688.257263183594 785.999969482422 867.09241104126 843.389572143555 819.575267791748 1003.91333770752 758.380462646484 974.798187255859 904.727432250977 852.357076644897 787.791912078857 919.710567474365 926.84561920166 970.418151855469 876.437976837158 1086.06229782104 925.03727722168 877.255668640137 1077.69789886475 891.542205810547 788.560348510742 875.95189666748 874.564072489738 821.687545776367 899.861019134521 772.583404541016 827.247398376465 856.742225646973 851.930000305176 841.429183959961 968.156784057617 940.82891368866 1018.62392044067 1068.36673736572 -9999 -9999 -9999 -9999 -9999 -9999 -9999 -9999
779.490422725677 677.958740234375 642.90185546875 674.703559875488 732.00963973999 707.083438873291 799.963947296143 841.729639053345 726.081924438477 755.510246276855 986.990489959717 819.575531005859 837.411674499512 1074.41078186035 1076.92886352539 848.223457336426 1118.71070861816 906.264530181885 702.240097045898 731.168571472168 829.925971746445 840.994790554047 860.055944442749 850.300266265869 705.719245910645 842.776828765869 875.390051364899 839.914001464844 810.919357299805 1015.13311576843 891.440723419189 1005.45901489258 875.56986618042 728.142181396484 1157.09087371826 939.022008419037 818.87606048584 952.135032653809 905.435005187988 1053.32880401611 1057.43006134033 964.586206436157 985.707057952881 -9999 -9999 -9999 -9999 -9999 -9999 -9999
832.358196258545 676.874992370605 738.059524536133 663.543869018555 721.225910186768 771.890597820282 871.133140563965 719.21138381958 811.482109069824 687.979179382324 845.891582489014 956.78002166748 1029.00399208069 833.315650939941 989.073661804199 954.690124511719 1057.1891078949 1069.43699645996 998.210182189941 963.314851760864 857.062656402588 768.533737182617 811.116718292236 926.564949035645 747.868377685547 792.161270141602 892.377815246582 729.899993896484 920.359287261963 845.935119628906 931.981616973877 1020.79217910767 856.520767211914 939.504016876221 1113.69149780273 877.162071228027 1054.81010437012 970.122913360596 979.17356967926 1146.98388671875 1040.06556582451 1020.84056568146 842.543212890625 -9999 -9999 -9999 -9999 -9999 -9999 -9999
745.748443603516 965.981323242188 653.701530456543 832.108112335205 891.595260620117 661.035942077637 720.695983886719 635.988922119141 768.396932601929 673.423973083496 768.090950012207 848.320838928223 1083.21007156372 857.847305297852 675.153015136719 947.374473571777 826.908996582031 897.109909057617 927.496440887451 951.073759078979 826.077949523926 1053.54128265381 961.902118682861 875.732460021973 794.118759155273 776.04817199707 793.956809997559 781.698181152344 862.725673645735 847.176806926727 1062.26065063477 989.496952056885 900.270080566406 839.358383178711 1236.18787384033 808.460754394531 950.463120937347 936.85472869873 1064.68928527832 1134.93281555176 1000.53532409668 1090.02569580078 1007.00202846527 884.336738586426 -9999 -9999 -9999 -9999 -9999 -9999
