export/dem/dem25.asc
NCOLS 350
NROWS 171
XLLCORNER 152620
YLLCORNER 418050
CELLSIZE 100
NODATA_VALUE -9999
[rows 22 to 43 of 171, columns 250 to 299 of 350]
742.917785644531 788.270932197571 804.026103973389 753.006629943848 992.326301574707 959.229560852051 1055.00380945206 866.521553039551 965.696281433105 880.283248901367 792.102727890015 748.238136291504 751.71201133728 699.972755432129 738.183181762695 762.053451538086 842.522129714489 666.000221252441 585.163940429688 841.005527496338 737.350814819336 664.517419815063 573.880970001221 740.257835388184 955.754470825195 933.087554931641 879.411628723145 875.632446289062 818.901935577393 966.030578613281 894.707015991211 -9999 -9999 -9999 -9999 -9999 -9999 -9999 -9999 -9999 -9999 -9999 -9999 -9999 -9999 -9999 -9999 -9999 -9999 -9999
775.646932601929 750.092641830444 920.611450195312 852.46911239624 679.143646240234 968.281898498535 905.940334320068 1081.3345451355 1081.71332550049 992.149238586426 1114.32948684692 904.605875968933 824.390998840332 726.121406555176 750.183799743652 956.099563598633 935.858528614044 698.112930297852 746.347942352295 966.827178955078 662.424263000488 844.250289916992 718.584785461426 700.036315917969 807.01383972168 688.16215133667 999.484146118164 862.591251373291 735.472370147705 814.812824249268 629.099287033081 1168.39407348633 972.282569885254 834.451858520508 -9999 -9999 -9999 -9999 -9999 -9999 -9999 -9999 -9999 -9999 -9999 -9999 -9999 -9999 -9999 -9999
699.408506393433 1058.14727783203 1234.88920593262 860.42049407959 956.325119018555 802.778461456299 852.963802039623 838.906387329102 935.624317169189 910.754215240479 853.634845733643 1099.01117706299 801.838043212891 714.489250183105 848.350845336914 942.430179595947 1003.99019241333 815.706729888916 817.302169799805 855.729763031006 824.090332984924 862.524681091309 829.406776428223 871.618499755859 797.317504882812 697.432132720947 930.909408569336 961.501510620117 928.795501708984 892.911834716797 842.6572265625 917.600306510925 798.449588775635 745.095970153809 780.227676391602 872.84107208252 825.511184692383 -9999 -9999 -9999 -9999 -9999 -9999 -9999 -9999 -9999 -9999 -9999 -9999 -9999
859.872142791748 749.988586425781 882.274131774902 717.26294708252 726.306762695312 867.520847320557 912.215608596802 807.92652130127 811.904014587402 820.136512756348 923.488603591919 924.632919311523 916.226860046387 986.334571838379 922.722717285156 874.111743927002 1036.81099700928 840.519939422607 907.403625488281 848.548370361328 1042.88916015625 992.738296508789 1015.26765441895 1043.07128143311 763.809634685516 783.246110916138 1056.73506164551 891.661224365234 813.342594146729 1074.02709960938 822.984283447266 1013.91744995117 781.765773773193 611.042812347412 868.190950393677 965.384750366211 835.421306610107 866.912117004395 715.057929992676 734.270275115967 886.192476272583 -9999 -9999 -9999 -9999 -9999 -9999 -9999 -9999 -9999
849.777739405632 796.94490814209 792.975257873535 738.350296020508 936.598602294922 842.675834655762 691.431610107422 657.090850830078 817.850246429443 717.117446899414 854.654982566833 887.082000732422 991.626770019531 1176.79983520508 814.616424560547 965.47053527832 996.842638492584 824.749702453613 851.128349304199 777.221633911133 723.3583984375 916.316818237305 1051.20360374451 1189.6526260376 983.926177978516 987.870264053345 1073.85176086426 1117.37966918945 1059.31541442871 835.6539478302 672.105695009232 822.354620933533 893.015960693359 619.459774017334 653.957962036133 923.704296112061 765.000883102417 843.727569580078 677.21955871582 781.112836837769 786.903749465942 851.361518859863 1040.22253417969 934.969867706299 1092.71939086914 -9999 -9999 -9999 -9999 -9999
764.259162902832 942.955230712891 776.680335998535 793.766426086426 856.463718414307 928.209754943848 1023.43448638916 812.098690032959 810.191261291504 837.162055969238 841.883769989014 692.831604003906 702.498466491699 1985.4768371582 807.843551635742 834.586944580078 584.972473144531 867.637477874756 808.993728637695 986.612152099609 832.804998397827 937.398426055908 818.286142349243 1178.24473571777 1112.14319801331 1119.70897674561 1131.62034606934 1054.71781921387 1015.22230148315 865.80493927002 783.824431419373 926.886405944824 869.348762512207 655.084915161133 477.032752990723 611.290591239929 863.128660202026 824.584136962891 696.234924316406 711.491260528564 671.891006469727 823.857299804688 1004.79750442505 888.344093322754 977.600610733032 1041.46198272705 862.280647277832 904.678565979004 781.008563041687 725.428131103516
723.170280456543 743.509506225586 705.845520019531 838.066110610962 781.724601745605 775.244270324707 733.890350341797 581.914703369141 695.50757598877 679.478302001953 691.854248046875 657.309875488281 669.638092041016 1705.89471435547 732.734580993652 625.597869873047 798.833263397217 738.921409606934 762.87385559082 879.340805053711 814.888290405273 713.129051208496 994.486099243164 1018.02214050293 1114.29035377502 1019.76556396484 1094.39450836182 996.197696685791 1071.66246032715 938.644908905029 991.354305267334 985.196784973145 1129.36736297607 779.374420166016 561.309036254883 578.874996185303 861.085563659668 831.205932617188 823.262411117554 821.438385009766 829.635858535767 855.493804931641 808.759925842285 999.153884887695 1074.74195098877 1030.88661193848 1026.90505981445 895.232635498047 950.285400390625 734.159900665283
763.419929504395 659.804748535156 889.860836029053 657.768814086914 931.46704864502 778.482635498047 904.476425170898 825.437545776367 815.630359649658 689.435913085938 652.666152954102 533.632781982422 1203.8642578125 613.115707397461 564.817749023438 730.019515991211 647.101669311523 775.243942260742 851.021049499512 811.251414299011 771.390632629395 987.044828414917 1126.29787063599 903.829526901245 1129.8037109375 1564.31135559082 996.213283538818 1135.63351821899 1007.56205749512 1061.81622886658 883.43465423584 901.663982391357 960.964248657227 582.521926879883 667.617736816406 972.226401329041 1020.3069152832 915.346893310547 852.85083770752 976.770347595215 850.592052459717 744.417514801025 816.937397003174 904.09635925293 922.033546447754 841.177581787109 681.332695007324 555.544527053833 475.965663909912 726.842887878418
485.150543212891 707.254043579102 738.148292541504 946.447875976562 725.123489379883 771.716327428818 813.71632194519 878.004318237305 752.554832458496 730.502067565918 820.582689285278 639.43635559082 1773.3675994873 501.799285888672 502.940643310547 647.324829101562 831.494247436523 818.507802963257 918.618949890137 825.764798402786 894.985652923584 870.51985168457 830.028756856918 859.192665100098 965.962539672852 931.19917678833 877.09342956543 919.911499023438 978.354782104492 924.005573272705 971.844261169434 1227.09442710876 921.545893669128 877.980560302734 797.478668212891 853.908672332764 1047.74128723145 964.936630249023 942.861974716187 914.885761260986 812.231712341309 800.690238952637 986.840660095215 961.748768806458 977.439765930176 801.247964307666 487.710983276367 573.253807067871 499.890628814697 872.41487121582
885.609191894531 695.131057739258 779.55885887146 852.717880249023 900.699180603027 880.57772064209 731.458457946777 877.13077545166 770.710826873779 761.25789642334 700.746650695801 1102.52850341797 784.152111053467 519.450927734375 527.557952880859 855.587623596191 816.292324066162 901.902816772461 870.664222717285 828.492401599884 910.232490539551 803.996324539185 728.460678100586 920.190925598145 848.149837493896 838.971314430237 836.831871032715 857.205154418945 813.860044956207 733.765579223633 934.85099029541 866.254905700684 679.966857910156 816.736694335938 917.23046875 833.632759094238 798.160572052002 853.347101688385 794.714859008789 1404.50202941895 1120.78288269043 920.900375366211 1084.038230896 960.015118247829 802.903266906738 862.801795959473 677.346492767334 582.168338775635 600.258014678955 887.671051025391
676.754398345947 721.303146362305 870.927997589111 675.398811340332 627.868782043457 830.670196533203 785.195648193359 861.581283569336 893.743049621582 838.129531860352 902.666366577148 1567.21672821045 683.910545349121 668.497596740723 635.976913452148 737.004100799561 775.159435272217 748.169750213623 819.694442749023 883.526683807373 843.423812866211 982.285568237305 828.79647064209 764.326467514038 798.737007141113 941.623352050781 788.881042480469 845.206275939941 754.7770652771 968.002075195312 809.807317733765 755.232707977295 913.039794921875 832.55638885498 686.435562133789 759.262786865234 886.405700683594 811.829776763916 812.57999420166 826.171466827393 695.077438354492 753.211090087891 819.709533691406 1353.39878082275 853.714985847473 793.489990234375 1011.74830627441 1045.24014186859 912.370971679688 973.141700744629
884.855445861816 845.924545288086 650.511421203613 703.744472503662 905.880828857422 625.516799926758 704.350288391113 837.430004119873 883.926902770996 903.413841247559 1189.08945465088 852.373153686523 688.706825256348 697.286323547363 935.926803588867 740.377143859863 743.59016418457 638.988311767578 664.718055725098 760.132488250732 870.202617645264 891.809036254883 803.744041442871 766.535707473755 753.30274772644 802.596706390381 925.108222961426 636.859672546387 756.349248886108 646.161407470703 724.148635864258 762.521560668945 780.662008285522 833.058079719543 734.960731506348 874.19161605835 861.146160125732 898.29808807373 760.47322845459 773.834842681885 701.096313476562 752.952911376953 841.207653045654 882.983907699585 1318.76857757568 597.077003479004 829.859539031982 786.321412086487 1072.82985305786 974.584518432617
801.184729337692 678.981414794922 842.432441711426 804.870203018188 943.069946289062 715.34449005127 927.164566040039 865.185997009277 863.173065185547 1130.84501457214 702.692853927612 883.323417663574 754.757377624512 896.091293334961 766.085214614868 963.223297119141 1186.15081787109 800.894384384155 759.188144683838 862.299634933472 800.678489685059 966.811096191406 771.30092048645 952.157012939453 820.816268920898 676.872894287109 670.125160217285 781.037620544434 903.37809753418 878.535308837891 677.656646728516 783.380790710449 806.937177658081 979.512649536133 693.715507507324 1089.58042907715 790.791763305664 815.50128364563 809.382556915283 716.781478881836 804.168115139008 707.587158203125 763.213256835938 862.42662525177 710.547561645508 1313.08419799805 949.828315734863 939.855514526367 1035.62710952759 998.118309020996
800.606395721436 697.826305389404 773.532946586609 829.854225158691 829.852188110352 757.817972183228 793.072998523712 810.431245803833 865.653411865234 654.885009765625 585.063659667969 728.22110748291 884.929328918457 698.732097625732 708.048486709595 781.118637084961 839.364227294922 1060.0020904541 874.359882354736 752.41919708252 952.84553527832 797.507741451263 796.240720748901 704.101867675781 737.779609680176 741.286922454834 697.240097045898 689.66153717041 591.924163818359 671.696441650391 816.610784769058 768.352977752686 854.908172607422 859.169918060303 823.408239364624 906.767868041992 869.628025054932 714.885894775391 780.143001556396 605.957138061523 870.519332885742 821.256115078926 729.902694702148 949.164886474609 825.922668457031 905.968271255493 857.103065490723 1438.41179466248 1081.75064086914 857.756912231445
773.585528373718 663.490119934082 873.185722351074 713.507831573486 879.642425537109 847.024002075195 830.241664886475 813.2399559021 950.582576751709 709.259956359863 829.824325561523 712.866764068604 893.096603393555 821.58042049408 1437.43780517578 903.201553344727 856.797798156738 1170.47482299805 1298.91372680664 998.130004882812 758.788959503174 752.877632141113 785.402805328369 930.040740966797 704.829696655273 905.068207740784 629.332855224609 756.251895904541 608.638061523438 727.716209411621 715.876403808594 800.532659888268 813.462338447571 673.314292907715 912.412269592285 750.717700958252 903.617530822754 766.027729034424 702.735008239746 771.818565368652 784.628021240234 787.524677276611 697.236320495605 889.042991638184 928.474792480469 744.184753417969 895.61474609375 869.786106109619 890.798927307129 1045.49169921875
829.179817199707 1007.68852233887 934.265960693359 762.496852874756 712.948703765869 791.372955322266 913.616744995117 1028.03897094727 663.554389953613 747.960825920105 746.275462150574 694.159873962402 999.874404907227 1020.7533197403 1044.16268920898 892.852640151978 727.016891479492 892.603145599365 1572.70629882812 1099.18127441406 1025.17211914062 900.327499389648 810.147956848145 666.037139892578 999.349380493164 698.933639526367 747.061027526855 771.471549987793 760.972343444824 792.630737304688 731.09065246582 662.742958068848 782.561367034912 1048.2594909668 621.011764526367 723.90599822998 808.712749481201 752.937599182129 715.3212890625 747.453163146973 825.732092857361 910.603523254395 938.392753601074 754.552505493164 732.24055480957 913.488330841064 978.324718475342 940.203178405762 831.714088439941 930.039244279265
753.736339569092 744.767902374268 701.042903900146 775.057312011719 759.791662216187 822.439506530762 775.781204223633 710.283208847046 874.281311035156 700.42459487915 1314.18791675568 997.575988769531 1260.32286834717 1023.64929199219 1069.51138305664 976.999313354492 942.774841308594 1562.18362426758 737.212127685547 1389.49687385559 1395.25084686279 987.96703338623 729.622753143311 658.02278137207 717.585884094238 745.247714996338 857.928642272949 918.992225646973 826.952941894531 738.036483764648 856.223386764526 885.172760009766 930.425346374512 907.180725097656 790.333562850952 729.05973815918 752.501029968262 751.863178253174 738.594589233398 743.734573364258 681.182662963867 824.485397338867 686.943588256836 702.429290771484 760.844985961914 702.196304321289 842.308065414429 994.689453125 826.209274291992 919.65746307373
749.455335617065 914.671173095703 774.298488616943 742.323691368103 552.306274414062 888.910583496094 816.359802246094 802.860382080078 759.9908618927 768.18009185791 850.556781768799 826.411064147949 857.108264923096 1319.68676114082 1169.23165798187 1027.4909324646 645.990188598633 707.044136047363 760.24681854248 857.41495513916 1023.36141681671 714.022560119629 698.113624572754 740.590209960938 914.116317749023 760.226898193359 755.429931640625 792.169786453247 708.939163208008 797.519554138184 781.254730224609 777.781993865967 825.764356851578 818.939706802368 743.117919921875 773.050796508789 821.553318977356 757.339408874512 767.139881134033 734.584045410156 753.100738525391 848.205988407135 933.841148376465 917.50269317627 865.948320388794 832.545112609863 781.583183288574 753.570945739746 1068.38848876953 931.855018615723
768.830413818359 852.195617675781 892.08415222168 740.418244361877 657.286136627197 851.987964630127 723.054139852524 741.193828582764 588.160369873047 821.777801513672 785.309852600098 873.028387069702 792.946006774902 889.609069824219 863.158958435059 1116.0941696167 735.026061058044 1022.22569656372 869.699363708496 735.076419830322 861.419593811035 587.046112060547 672.495483398438 788.838483572006 619.70622253418 670.455284118652 680.583511352539 653.999786376953 643.243774414062 710.875442504883 781.716041564941 651.461288452148 881.38591003418 826.216480493546 789.498286247253 757.797950744629 766.158424377441 705.313781738281 755.521034240723 765.441577911377 1174.02603912354 710.368347167969 882.691860198975 754.475914001465 784.123840332031 732.536849975586 795.586214065552 919.571891784668 1002.6713104248 988.555114746094
792.528747558594 730.227478981018 836.013339996338 653.491241455078 790.05504989624 720.051849365234 700.700857162476 723.413286209106 733.203197479248 700.04768371582 831.429763793945 988.360610961914 560.444290161133 805.286640167236 787.726863861084 950.901746749878 781.485984802246 817.737133741379 924.91960811615 592.952072143555 562.797439575195 706.877418518066 674.833106994629 833.431610107422 840.489353179932 734.081745147705 777.457988739014 697.179290771484 851.956268310547 806.07160949707 1183.94521331787 760.379165649414 826.528511047363 814.772336006165 857.09884262085 943.030508041382 1286.90719604492 915.912437438965 984.098968505859 718.335784912109 1170.72581505775 671.806686401367 731.825141906738 873.283893585205 863.344413757324 837.427055358887 964.700370788574 925.327011108398 833.376758575439 967.857414245605
715.597532272339 627.606544494629 623.393157958984 811.930965423584 838.18837928772 761.870595932007 620.573745727539 701.002872467041 754.027902603149 711.228691101074 814.756652832031 1209.75579833984 816.068042755127 817.429260253906 826.872894287109 560.593460083008 668.881271362305 1019.08040618896 748.099046707153 758.833218574524 747.921787261963 730.470226287842 775.5025806427 671.059043884277 628.900421142578 814.252246856689 870.076265335083 653.831848144531 578.336502075195 921.347556114197 702.101127624512 773.118055343628 913.17110824585 772.589363098145 759.983810424805 682.823852539062 947.472557067871 1150.49111938477 802.518169403076 1276.31535720825 865.792886734009 889.760639190674 625.120941162109 772.476829528809 881.020473480225 783.263671875 760.62077331543 1040.65863037109 880.044044494629 895.893421173096
590.749076843262 539.878875732422 574.262145996094 511.66926574707 662.36506652832 746.266893386841 725.323518753052 690.478420257568 690.444709777832 782.170829772949 835.916625976562 554.39729309082 674.194946289062 645.589080810547 800.985416412354 694.809158325195 820.38586807251 584.699325561523 596.839126586914 586.478698730469 688.767730712891 895.29035949707 670.322792053223 684.643211364746 692.521072387695 708.912509918213 1012.90145051479 793.712261199951 699.04084777832 1160.38833999634 858.544067382812 693.676132202148 867.302095413208 876.111221313477 838.692629814148 820.205272674561 827.101787567139 916.630999475718 628.405914306641 833.336316108704 728.201675415039 644.770294189453 750.554260253906 693.589286804199 817.909620285034 851.416835784912 774.063514709473 927.768974304199 955.855194091797 1005.56163787842
