export/dem/dem22.asc
NCOLS 350
NROWS 171
XLLCORNER 152620
YLLCORNER 418050
CELLSIZE 100
NODATA_VALUE -9999
[rows 132 to 153 of 171, columns 250 to 299 of 350]
786.653887271881 804.939244270325 727.467632293701 747.468822479248 892.114547729492 684.561813354492 606.484945774078 648.159748077393 506.158706665039 722.196243286133 620.506736755371 687.892932891846 725.72793006897 804.250564575195 841.592456817627 708.144756317139 560.249938964844 694.463859558105 832.828864097595 728.720393180847 739.116146087646 603.639511108398 691.105948448181 874.616546630859 648.020961761475 706.392488479614 736.1787109375 802.601455688477 718.495765686035 774.991455078125 591.860046386719 530.085479736328 651.871300756931 638.386359214783 664.560619354248 754.285484313965 627.971176147461 773.949653625488 691.025430679321 748.259323120117 1088.04932403564 1107.07992172241 843.714897155762 1034.5680847168 911.137710571289 850.468421936035 845.097785949707 661.499694824219 830.14599609375 954.665603637695
837.724617004395 832.637474060059 759.953804016113 650.464080810547 579.216125488281 522.304000854492 493.386611938477 731.483619689941 637.904808044434 796.097124099731 643.773063659668 760.077048301697 665.168548583984 875.670852661133 759.079508781433 592.554763793945 664.263664245605 943.154277801514 1055.77118301392 616.709930419922 679.017604827881 514.530548095703 554.245681762695 500.848022460938 638.337928771973 753.811302185059 732.543304443359 661.814716458321 716.286094665527 652.835950374603 455.485656738281 733.56827545166 537.689109802246 588.885513305664 656.996075630188 593.297584533691 604.842727661133 582.177513122559 751.75764465332 569.135543823242 544.387908935547 899.500942230225 1067.5470905304 988.81787109375 913.435958862305 886.899559020996 990.064239501953 878.435432434082 841.921325683594 896.749408721924
714.540855407715 898.024909973145 703.945610046387 631.178714752197 640.260810852051 558.940439224243 572.224662780762 780.424333572388 752.482986450195 790.251064300537 729.826126098633 670.315391540527 644.571723937988 692.760620117188 715.833135604858 846.39820098877 750.344602584839 750.974124908447 903.665027618408 703.370681762695 624.431518554688 625.13215637207 670.946506977081 642.433662414551 600.994209289551 790.412117004395 483.687057495117 577.471801757812 684.311784744263 571.790008544922 451.461822509766 722.561702728271 684.448984146118 672.814712524414 599.486000061035 593.677185058594 533.690063476562 633.164947509766 485.315139770508 411.864105224609 624.280101776123 690.592599868774 624.813854217529 736.830078125 806.673011779785 874.910266876221 807.25390625 879.578918457031 860.698862075806 798.263000488281
676.644424438477 635.66340637207 734.661224365234 530.282432556152 609.189190626144 649.990245342255 747.04317855835 761.741239547729 862.472434997559 773.675098419189 727.583393096924 639.454986572266 768.628632068634 598.226501464844 657.431777954102 730.866472244263 709.690250396729 715.367519378662 748.364170074463 766.373546600342 713.791137695312 804.957984924316 752.150199890137 613.624794006348 658.822156429291 628.1086769104 742.039329528809 592.950847625732 675.108903884888 629.475422382355 771.345405578613 666.714625358582 628.068168640137 543.666381835938 679.444875240326 576.865692138672 661.279155731201 515.402313232422 549.304824829102 581.705657958984 693.933675765991 715.951782226562 703.128713607788 692.892877578735 548.358581542969 754.204666137695 1034.1849822998 848.893843650818 914.624988555908 1070.27688598633
524.784286499023 611.079635620117 661.559722900391 605.128389358521 653.975521087646 866.768394470215 868.293338775635 716.231803894043 767.482833862305 819.09838104248 850.528106689453 755.018788337708 656.971401572227 733.071347236633 778.781818389893 726.043018341064 781.262205123901 771.728240966797 848.828620910645 721.456329345703 876.224849700928 559.061264038086 717.298729896545 585.932220458984 568.903968811035 700.251075744629 591.324523925781 503.632568359375 522.603164672852 759.796264648438 668.81182718277 620.126019954681 755.022102355957 631.542224884033 714.593183517456 512.815673828125 585.921379089355 709.412742614746 677.724538803101 707.13618850708 578.452430725098 702.020629882812 737.666278839111 786.823028564453 663.168207168579 640.591995239258 849.740310668945 940.456535339355 824.454057693481 953.595685958862
502.821563720703 815.368965148926 641.848510742188 774.735523223877 873.208137512207 782.663359642029 852.1591796875 818.103538513184 831.344802856445 806.024421691895 787.604030609131 728.778180122375 706.344730377197 725.855465888977 613.905151367188 745.495540618896 711.979058265686 861.721817016602 782.434646606445 582.817756652832 536.433486938477 666.981437683105 619.162414550781 553.541275024414 586.004234313965 580.254585266113 509.449401855469 571.715492248535 650.335750579834 645.936185836792 759.248306274414 701.733019828796 721.609428405762 644.157638549805 533.843643188477 480.868240356445 574.719123840332 774.878059387207 693.030554771423 593.632148742676 703.747237682343 607.750717163086 683.64977645874 675.706111907959 777.181617736816 723.41463470459 951.408828735352 860.366844177246 872.318927764893 880.769813537598
736.921867370605 684.134538650513 692.52806854248 720.604206085205 652.284164428711 795.412053108215 883.034660339355 907.886947631836 789.486886978149 735.621326446533 789.061651229858 785.011358261108 810.09838104248 786.308250427246 780.439113616943 662.688854217529 735.671968460083 609.797080993652 655.015327453613 527.961273193359 631.699615478516 622.209484100342 740.906078338623 518.379104614258 550.609252929688 591.817947387695 652.688088417053 573.07787322998 683.750241279602 637.137614250183 713.310548782349 668.982513427734 575.778961181641 512.437103271484 730.051649093628 571.720092773438 599.429748535156 552.865112304688 541.540802001953 666.080444335938 576.908966064453 635.133911132812 576.283462524414 806.662475585938 810.83536529541 759.58349609375 830.801528930664 730.798067092896 865.539333343506 698.486492156982
704.395036697388 831.80517578125 815.282180786133 841.497573852539 801.492182731628 832.20858001709 827.04149055481 706.338386535645 783.705627441406 738.461154937744 945.352828979492 864.001609802246 768.748001098633 743.151638031006 820.014831542969 853.101387023926 704.878242492676 814.805191040039 613.174964904785 662.61043548584 552.960540771484 658.817924499512 766.680244445801 787.151226043701 770.256008148193 615.541839599609 687.256147384644 759.370555877686 712.038209676743 627.743156433105 725.671947479248 728.430072784424 655.980697631836 738.638313293457 775.459075927734 634.249946594238 614.559295654297 580.33122253418 506.36848449707 612.021324157715 566.435287475586 603.507911682129 775.096374511719 746.559862136841 665.588073730469 665.087230682373 661.222412109375 658.680366516113 794.338887214661 782.860950469971
752.272867202759 823.9817237854 932.877647399902 827.829298973083 824.079527854919 799.128811359406 846.441558837891 847.404567718506 866.325454711914 603.47575378418 848.68822479248 732.521797180176 714.530002593994 631.591857910156 625.800750732422 869.812835693359 836.722705841064 771.363380432129 719.591896057129 782.613330841064 725.086356163025 679.203634262085 720.104358673096 690.369857788086 623.249923706055 684.520355224609 608.857009887695 644.667266845703 732.342266082764 595.328521728516 693.88799571991 622.659072875977 733.272804260254 659.134899616241 778.734870910645 697.337757110596 597.356506347656 584.180953979492 721.663471221924 558.038070678711 675.93514251709 558.743408203125 609.758865356445 802.491302490234 697.771452903748 823.439422607422 652.503032684326 688.107350349426 623.481231689453 707.260522842407
648.299125671387 803.415628433228 987.109893798828 852.441694259644 902.683540344238 747.06867980957 703.720344543457 679.629531860352 694.339942932129 741.93285369873 740.199317932129 744.498020172119 717.324775695801 682.450508117676 651.711547851562 801.324760437012 734.795387268066 654.549362182617 802.576511383057 670.537521362305 734.98286819458 654.849979400635 586.310272216797 706.50997543335 642.385078430176 725.254314422607 900.168083190918 908.335778236389 813.898462295532 744.057197570801 840.841018676758 761.659328460693 724.332790374756 718.379123687744 666.696743011475 668.828405380249 526.426559448242 652.417709350586 663.559516906738 638.252975463867 658.653274536133 612.381820678711 632.742942810059 773.597396850586 692.494201660156 655.504104614258 696.11209487915 497.717712402344 743.033985137939 683.172897338867
851.930171966553 978.734191894531 1140.17806053162 843.445896148682 834.187788009644 868.412487030029 846.390762329102 653.338181495667 761.672161102295 689.709381103516 721.779800415039 631.186599731445 667.668365478516 617.184844970703 686.111808776855 776.04956817627 848.852842330933 813.693034172058 955.780494689941 588.156860351562 701.336457014084 707.865068435669 702.685681343079 683.67440032959 713.713770508766 659.875305175781 790.673754274845 843.307609558105 816.792045593262 719.755569458008 760.800212860107 604.205551147461 799.490913391113 824.439598083496 784.210144042969 803.302925109863 600.032211303711 662.394990921021 600.758476257324 577.469497680664 686.685001373291 721.700126647949 561.898315429688 526.749450683594 699.361798286438 634.998970031738 554.251068115234 776.523288726807 743.104885101318 574.006744384766
770.821647644043 584.51318359375 1057.07209300995 814.381660461426 872.172203063965 730.620679855347 797.997439801693 944.606330871582 721.895046234131 566.315643310547 746.892623901367 614.246810913086 852.002613067627 812.574970245361 764.973258972168 925.856246948242 912.277503967285 877.340896606445 803.817512512207 597.798263549805 774.374378204346 660.770526885986 610.18433380127 547.72314453125 827.92688369751 754.024513244629 878.817825317383 720.683067321777 908.899810791016 772.080541849136 838.823322296143 663.588008880615 771.475898742676 783.426910400391 679.120050430298 533.216110229492 636.055824279785 695.424935340881 552.155960083008 694.562253475189 728.729639053345 697.309760630131 725.015968322754 738.675302505493 712.385535001755 689.585254669189 737.266324996948 705.557016372681 749.394155740738 719.471855163574
721.81068611145 693.31697511673 730.372802734375 750.711219787598 657.836700439453 451.709487915039 596.362403869629 793.043601989746 568.491226196289 701.578269958496 915.882236480713 658.889190673828 734.965431213379 774.754776000977 897.454158782959 636.565979003906 787.309499740601 846.306685447693 803.909849308431 682.479064941406 793.236127138138 743.108289718628 669.36247253418 730.513885498047 811.267305374146 629.449550628662 588.869956970215 886.67707824707 901.597053527832 855.881641387939 763.909057617188 862.722373962402 725.524444580078 866.413558959961 679.920328140259 717.582250595093 708.784358024597 688.987919807434 842.613471984863 741.325351715088 620.97225189209 606.198944091797 698.260526657104 671.211322784424 842.302658081055 720.32456111908 594.97639465332 798.395812988281 711.339366912842 690.459255218506
-9999 -9999 -9999 774.435081481934 853.268142700195 826.479232788086 767.65948343277 624.358489990234 456.023910522461 519.429260253906 800.125259399414 736.899560928345 905.989811897278 982.345710754395 788.666893005371 812.617488861084 966.061714172363 783.357704162598 940.336158752441 836.781212329865 779.866245269775 902.810459136963 815.366050720215 777.752578735352 950.1455078125 833.470886230469 691.494945526123 684.058380126953 894.938827514648 706.051681518555 876.88752746582 767.858715057373 783.959387779236 845.220657348633 618.737411499023 673.948143005371 655.52751159668 814.468963623047 768.26586151123 599.66130065918 873.323356628418 807.534843444824 646.208274841309 743.29478263855 814.268493652344 733.417091846466 713.297945976257 755.140003204346 826.372871398926 776.021276473999
-9999 -9999 -9999 -9999 -9999 -9999 626.090637207031 734.590637207031 679.875991821289 636.607437133789 508.361587524414 535.436019897461 814.043699264526 1019.63054656982 860.145322322845 805.355018615723 724.304275512695 626.378082275391 738.466361999512 814.979866027832 605.266616821289 858.377190351486 773.635818481445 816.849922180176 763.426628112793 629.974884033203 894.465839385986 734.860239028931 756.037010669708 826.14924621582 852.364049911499 913.268245697021 888.261199951172 797.832315444946 691.562156677246 741.689895629883 862.967765808105 793.524822711945 812.073909759521 876.825731277466 938.900535583496 713.777587890625 704.985343933105 789.803798675537 664.767742156982 752.916744232178 681.150626182556 728.12570810318 800.525581359863 824.015998840332
-9999 -9999 -9999 -9999 -9999 -9999 -9999 -9999 -9999 678.41911315918 744.287868499756 789.497636795044 904.047584533691 820.369604110718 713.693431854248 873.575836181641 1065.4859046936 801.47395324707 882.146385192871 763.504035949707 787.189002990723 759.802215576172 917.634155273438 695.525634765625 901.038103103638 831.641101837158 791.085510253906 822.510780334473 771.282089233398 898.701953887939 776.204299926758 840.113494873047 714.502734184265 589.820816040039 681.25087928772 679.481384277344 623.126113891602 564.853149414062 704.992414474487 746.386169433594 614.316513061523 582.986976623535 796.828643798828 752.270650863647 854.624305725098 737.892045974731 769.505619049072 797.089263916016 707.224082946777 816.589527130127
-9999 -9999 -9999 -9999 -9999 -9999 -9999 -9999 -9999 -9999 -9999 786.483001708984 903.170104980469 868.273803710938 859.100128173828 768.987617492676 741.640548706055 1177.02630615234 708.376708984375 761.688617706299 921.647079467773 959.028125762939 819.48010635376 872.032661437988 891.302655220032 725.2936668396 793.521392822266 703.670555114746 760.736808776855 947.867938041687 763.836517333984 843.603107452393 748.742511749268 802.149978637695 770.888955116272 594.145690917969 679.562650680542 666.727268218994 643.979793548584 573.325942993164 691.720371246338 806.251953125 741.513319015503 737.543091773987 790.153507232666 662.751125335693 884.102691650391 812.587280273438 898.909484863281 733.086703062057
-9999 -9999 -9999 -9999 -9999 -9999 -9999 -9999 -9999 -9999 -9999 -9999 803.800155639648 800.539403915405 772.831924438477 780.182426452637 807.733552932739 1402.67270469666 1195.75373744965 1127.43991851807 1167.89365386963 1125.88104820251 1329.1371307373 940.223838806152 840.2258644104 848.132148742676 732.976680755615 884.168426513672 765.082401275635 832.835079193115 823.26847076416 715.221122741699 838.068274974823 798.6711769104 501.919464111328 703.134673595428 743.123746871948 657.273910522461 665.864624023438 700.205770492554 789.643592834473 793.234107971191 767.429075241089 729.538717269897 881.288299560547 763.03475189209 656.926734924316 727.768049240112 684.4931640625 976.976516723633
-9999 -9999 -9999 -9999 -9999 -9999 -9999 -9999 -9999 -9999 -9999 -9999 803.775779724121 711.191539764404 824.506660461426 727.176040649414 655.617729187012 968.054382324219 893.742443084717 791.302461624146 889.571334838867 889.010173797607 797.12474822998 834.744033336639 941.319107055664 792.260225206614 1330.2748260498 790.018037199974 872.824256896973 987.867830276489 855.084573984146 901.554988861084 795.473321914673 633.214729309082 721.137844085693 720.708343505859 791.705169677734 654.454147338867 754.438230514526 591.466705322266 941.662734985352 831.336235046387 862.109195709229 675.092422485352 791.221920490265 666.114936828613 749.182256221771 597.364135742188 873.821472167969 835.655059814453
-9999 -9999 -9999 -9999 -9999 -9999 -9999 -9999 -9999 -9999 -9999 -9999 -9999 988.385429382324 884.48802947998 937.581359863281 816.457206726074 748.499755859375 904.810554504395 971.377914428711 848.15194272995 961.675048828125 809.249652862549 843.150369644165 930.752090454102 835.827564239502 752.26385974884 813.768573284149 714.809711456299 933.843559265137 1136.49921703339 867.54475402832 869.741149902344 957.744964599609 701.062580108643 1009.36247253418 814.999767303467 788.63151550293 762.119079589844 665.606307983398 668.16625213623 696.786224365234 792.562168121338 667.941093444824 701.659645080566 896.592102050781 679.262680053711 603.103073120117 806.627723693848 913.848602294922
-9999 -9999 -9999 -9999 -9999 -9999 -9999 -9999 -9999 -9999 -9999 -9999 -9999 -9999 780.713338851929 737.754413604736 832.396458625793 926.353942871094 716.646240234375 925.895133972168 913.668251037598 752.599838256836 923.74754524231 934.776878356934 859.311023712158 688.554447174072 792.764183044434 843.981247663498 772.286113739014 854.075386047363 751.786754608154 714.795621871948 814.750629425049 744.241959571838 859.895133972168 825.683422088623 942.871850967407 796.600109100342 790.291799545288 839.380336761475 915.225341796875 902.815437316895 881.069068908691 823.152145385742 742.72883605957 861.60372543335 806.463381767273 713.823501586914 914.949691772461 616.600021362305
-9999 -9999 -9999 -9999 -9999 -9999 -9999 -9999 -9999 -9999 -9999 -9999 -9999 -9999 868.695429563522 733.003135681152 636.263076782227 888.349327087402 699.588226318359 939.146743774414 736.762832641602 811.362930297852 1001.21771240234 820.634101867676 849.121493339539 849.985424041748 1147.36297607422 959.406089782715 905.799041748047 797.110572814941 944.179504394531 775.53141450882 1103.85988044739 827.566539764404 773.56298160553 815.151473999023 671.976135253906 681.050796508789 884.29647064209 852.503276824951 788.438697814941 812.563299179077 791.424709320068 641.130294799805 737.157676696777 831.344867706299 833.643858909607 912.613594055176 754.037410736084 730.365165710449
