export/dem/dem20.asc
NCOLS 350
NROWS 171
XLLCORNER 152620
YLLCORNER 418050
CELLSIZE 100
NODATA_VALUE -9999
[rows 132 to 153 of 171, columns 300 to 349 of 350]
976.687385559082 970.689979553223 1680.1736831665 1179.99534988403 1048.55700683594 943.610271453857 1637.77931213379 1560.3490447998 1456.16223144531 1312.85328674316 1275.89936447144 1223.07330703735 1145.82991027832 1592.54183959961 1673.79635620117 1269.71975708008 1229.90054321289 996.016326904297 1130.03317260742 1103.41235351562 1023.97982788086 797.410648345947 786.885597229004 780.160987854004 803.495616912842 935.509082794189 744.303024291992 908.021898269653 965.165992736816 914.330230712891 807.586986541748 817.784832000732 877.10521697998 857.949584960938 -9999 -9999 -9999 -9999 -9999 -9999 -9999 -9999 -9999 -9999 -9999 -9999 -9999 -9999 -9999 -9999
788.17663192749 845.335014343262 992.433959960938 1508.36692810059 1182.58570861816 1209.96597290039 1514.16833496094 1861.18103027344 1367.47671508789 1200.24717712402 1221.11541748047 1364.18936157227 1182.83099365234 1193.97370910645 1661.95233154297 1954.5173034668 1671.99722290039 2205.36672973633 1713.45059204102 1593.47045898438 1600.81397247314 872.308748722076 854.918697953224 835.80651473999 820.804832458496 759.066627502441 725.022232055664 827.051536560059 828.788581848145 1015.32735443115 871.948799133301 825.207160949707 907.848443984985 878.075912475586 -9999 -9999 -9999 -9999 -9999 -9999 -9999 -9999 -9999 -9999 -9999 -9999 -9999 -9999 -9999 -9999
757.268348693848 930.94026184082 755.299900054932 976.599716186523 1170.73057556152 1362.3459777832 1509.60293579102 1644.31991577148 1445.03439331055 1309.65679931641 1280.17251586914 1394.13771057129 1337.49073791504 1017.67811965942 1369.74747467041 1564.98051452637 1456.95516967773 1383.40184020996 1175.16358947754 1119.94201660156 1273.38888549805 1130.89603233337 952.334579467773 819.049644470215 801.610622406006 682.265182495117 917.417873382568 883.502239644527 816.387054443359 916.915583848953 893.993015289307 904.403450012207 1113.64350891113 1030.18599700928 863.83052444458 -9999 -9999 -9999 -9999 -9999 -9999 -9999 -9999 -9999 -9999 -9999 -9999 -9999 -9999 -9999
712.11003112793 785.376163482666 1211.24678039551 1463.59936523438 1054.40000915527 1193.96994018555 1197.78549194336 1638.08044433594 1649.8402557373 1363.45974731445 1306.8200378418 1424.62342071533 1169.67822265625 1087.18308448792 1510.32562255859 2033.12181091309 1454.22601318359 1166.97302246094 1256.69299316406 1059.4416809082 998.987300872803 972.501777648926 1269.04960632324 1049.31190872192 904.010553359985 816.403886795044 836.592328310013 854.098051071167 832.956981658936 852.171104431152 861.285083770752 855.051477909088 1084.93682289124 857.10920715332 829.47095489502 1025.2580871582 -9999 -9999 -9999 -9999 -9999 -9999 -9999 -9999 -9999 -9999 -9999 -9999 -9999 -9999
784.987562179565 939.989929199219 1097.38909912109 1191.43733215332 1098.46858215332 1254.78210449219 1249.83299255371 1224.62445068359 1329.63186645508 1293.91592407227 1225.44873046875 1260.05072021484 1341.42417931557 1514.69718933105 1243.95147705078 1214.56832122803 1130.9842300415 1243.9013671875 1190.27507019043 1148.63842773438 1081.25674438477 1036.36982345581 1066.84990692139 1351.22573852539 1067.65074920654 943.623466491699 678.733627319336 879.311359405518 884.30588722229 884.17487680912 1034.01508331299 1574.48779296875 831.439453125 831.851100921631 772.559032440186 869.107215881348 -9999 -9999 -9999 -9999 -9999 -9999 -9999 -9999 -9999 -9999 -9999 -9999 -9999 -9999
865.604248046875 969.151870727539 1010.87116241455 1004.48262786865 1018.16763305664 1219.59967041016 1175.93488311768 1117.23544311523 1138.79563903809 1236.70277404785 1042.22219848633 1100.40956115723 1358.67090988159 1471.14516830444 1371.99628829956 1129.82862091064 1196.58290100098 1071.3634185791 1134.10882568359 1096.06295776367 1017.90554428101 1026.5382232666 1037.28948974609 1098.87026977539 1049.23227310181 1121.67503547668 1594.35546112061 950.18350982666 623.393768310547 923.689514160156 1314.58218955994 1007.70825386047 853.807712554932 1072.50088500977 760.22501373291 858.901332855225 1014.52559661865 -9999 -9999 -9999 -9999 -9999 -9999 -9999 -9999 -9999 -9999 -9999 -9999 -9999
904.058299064636 1157.29309082031 975.58122253418 931.122756958008 792.862983703613 823.247055053711 1215.28862667084 947.671741485596 1163.03988647461 1119.19704437256 950.619255065918 1051.0700378418 1151.13221168518 1569.15043067932 1482.66438293457 1285.85366821289 1181.95191955566 1040.05854034424 1246.82510375977 986.782819271088 862.012542724609 912.802528381348 1122.27143859863 1094.71241760254 1057.26113891602 716.087890625 912.04948425293 895.28199005127 981.117919921875 1029.37426757812 1024.04676818848 908.591835021973 1051.15962219238 883.751861572266 929.198532104492 721.450408935547 813.847852706909 -9999 -9999 -9999 -9999 -9999 -9999 -9999 -9999 -9999 -9999 -9999 -9999 -9999
767.567579269409 809.276935577393 1112.62297058105 860.404945373535 1002.01794433594 1098.41897952557 1022.51663208008 1164.40061187744 1115.18460845947 1068.30221557617 977.32626914978 999.26717633009 836.176406860352 1026.26839828491 1723.61264801025 1881.56105041504 1039.62297821045 1135.97770690918 1190.38983154297 1049.05784988403 1113.23579406738 999.477832794189 1004.11257374287 1133.55821228027 903.589782714844 825.006576538086 1009.20484161377 776.169738769531 816.274169921875 1090.46488952637 1010.53622817993 1025.69820404053 929.237213134766 840.268299102783 917.75466632843 914.1642537117 929.317459106445 879.613989114761 -9999 -9999 -9999 -9999 -9999 -9999 -9999 -9999 -9999 -9999 -9999 -9999
960.102447509766 946.724002838135 986.343368530273 799.843421936035 1010.52159881592 969.589067459106 833.203704833984 981.130505084991 1091.64818954468 1171.3624420166 872.907028198242 974.622173309326 1027.94478225708 995.172880172729 1264.18417549133 1604.8362121582 1042.46332168579 1134.1014251709 1164.73332214355 1146.35308837891 1185.5814666748 972.716407775879 1059.93445587158 1079.75028991699 898.671424865723 867.91332244873 816.788330078125 925.542327880859 879.07852935791 935.980079650879 1379.65699577332 1042.42245292664 965.781867980957 881.821435928345 913.109636306763 933.224487304688 970.762027740479 792.727905273438 -9999 -9999 -9999 -9999 -9999 -9999 -9999 -9999 -9999 -9999 -9999 -9999
796.69970703125 664.491806030273 783.852638244629 833.891722679138 853.568439483643 976.619159698486 1002.79547119141 779.940721511841 899.980255126953 804.768676757812 938.391180038452 1209.90005493164 844.20361328125 1011.74806976318 1202.01703834534 1455.26630020142 953.814865112305 1176.63732910156 1011.53881835938 903.934600830078 927.22412109375 926.312829017639 971.63760471344 947.683893680573 874.116470336914 857.949508666992 820.648780822754 828.772354125977 922.50329875946 1047.05204772949 1217.05660247803 1029.23273658752 993.042315483093 990.075328826904 866.142864227295 994.81672668457 985.647384643555 776.165786743164 802.895656585693 -9999 -9999 -9999 -9999 -9999 -9999 -9999 -9999 -9999 -9999 -9999
925.104919433594 830.07307434082 905.452026367188 932.154872894287 1020.27233886719 1133.92779541016 1191.84256362915 1178.8130645752 1056.90288543701 1114.88996887207 890.769703865051 1144.36748409271 965.432800292969 1093.24982452393 1346.95543146133 1064.85468259454 1164.73761749268 936.519245147705 1084.87441635132 975.699096679688 1141.43293762207 1118.95421981812 1393.057762146 1132.49813842773 946.905576705933 905.098587036133 775.735122680664 861.282150268555 997.248644828796 978.869609832764 1141.74933624268 1215.95085144043 971.138269424438 955.427513122559 957.295192718506 874.351333618164 931.691781997681 894.045162200928 715.892997741699 -9999 -9999 -9999 -9999 -9999 -9999 -9999 -9999 -9999 -9999 -9999
757.948657989502 901.821655273438 711.672733306885 775.167324066162 770.908699035645 976.251502990723 1005.1538772583 926.453819274902 980.159606933594 836.982315063477 770.957733154297 935.346341133118 1090.69161605835 1042.81485366821 1006.9757232666 1393.98897075653 897.253128051758 941.563865661621 822.242736816406 878.40193939209 967.306564331055 951.222078323364 1125.20776748657 1130.44162750244 1008.20641326904 852.048408508301 996.864234924316 784.935043334961 1119.93254470825 968.519706726074 1061.87707710266 1137.57937908173 1066.27324295044 834.181846618652 921.234191894531 951.253967285156 969.071346282959 1030.93216705322 859.387971878052 -9999 -9999 -9999 -9999 -9999 -9999 -9999 -9999 -9999 -9999 -9999
648.891162872314 691.768927589059 866.178298950195 783.187759399414 806.123226165771 772.552955627441 773.598763465881 804.205749511719 794.504900455475 968.414367675781 779.249502182007 775.67943572998 902.48112487793 954.267337799072 1006.31122589111 1088.52063941956 1402.39289855957 901.498138427734 941.596969604492 1042.7724647522 800.58952331543 914.471101760864 1005.74657535553 1330.42110061646 1120.75509643555 926.702857971191 1632.35659790039 1006.6828212738 1006.21534347534 968.457321166992 962.184410095215 1108.91648101807 957.668153762817 873.923585891724 868.883422851562 1018.88460159302 943.924659729004 989.56667470932 874.520683288574 785.980903625488 -9999 -9999 -9999 -9999 -9999 -9999 -9999 -9999 -9999 -9999
896.618072509766 851.351409912109 733.246735572815 858.300552368164 833.156517028809 786.262661933899 702.360069274902 815.160305023193 921.208854675293 900.869594573975 833.011463165283 786.705513000488 823.160980224609 882.628959655762 1032.14610481262 1071.31014251709 1033.4773979187 999.620208740234 1605.98451268673 1010.4941072464 849.561782836914 907.020332336426 879.233444213867 1052.52933502197 1414.43296432495 1597.23596096039 1000.15821790695 1260.88124847412 1073.09648895264 930.37984085083 1170.62728309631 957.668176651001 790.017105102539 962.583786010742 1193.2786026001 962.295786857605 947.513021469116 1046.0764541626 885.68918466568 1102.11167907715 -9999 -9999 -9999 -9999 -9999 -9999 -9999 -9999 -9999 -9999
874.228820800781 811.324817657471 781.198921203613 737.628435134888 661.978244781494 880.060966491699 806.595809936523 682.079437255859 959.871597766876 875.080762863159 832.329482078552 748.473785400391 573.037872314453 647.995986938477 775.763496398926 925.261135101318 967.25705242157 845.339004516602 1080.18997573853 921.032318115234 938.060188293457 1035.09733867645 946.117874145508 911.794898986816 942.765815734863 1174.28265380859 999.39338684082 897.429740905762 834.104537963867 1034.83078193665 917.1083984375 1067.68040466309 912.085815429688 1136.82271957397 1036.23093080521 997.822189331055 970.325407981873 1111.63195800781 981.901725769043 809.732025146484 -9999 -9999 -9999 -9999 -9999 -9999 -9999 -9999 -9999 -9999
1005.2287902832 741.014339447021 930.348709106445 828.140640258789 858.513710021973 703.048477172852 806.518325805664 798.302841186523 801.259864807129 954.201963424683 929.152933120728 763.697326660156 781.752271652222 654.79077911377 796.936467170715 692.767547607422 1035.2970123291 884.47660446167 1150.50133514404 1122.18451881409 1065.69400024414 1109.90018844604 1056.79670333862 1041.51293945312 989.82413482666 937.385299682617 1157.23188781738 1292.63249397278 983.019658088684 969.579429626465 845.590087890625 902.525442123413 745.423553466797 906.70979309082 968.417953491211 918.339347839355 869.135635375977 811.413696289062 858.944976806641 898.980494499207 905.306198835373 -9999 -9999 -9999 -9999 -9999 -9999 -9999 -9999 -9999
897.398681640625 702.152984619141 702.792549133301 817.662796020508 726.295417785645 657.955223083496 728.213279724121 950.19278717041 842.146585464478 905.632690429688 882.576671600342 791.103729248047 1000.02819061279 771.853691101074 729.423336029053 785.352670669556 929.829360961914 817.095314025879 958.04842376709 942.561460494995 1093.45581436157 1137.04549026489 1165.77207183838 1140.20921325684 848.742462158203 1017.69467163086 1056.76886463165 1050.24990844727 937.377688407898 778.639755249023 751.596313476562 792.163650512695 869.30797958374 875.720993041992 923.839668273926 827.635650634766 1010.76284980774 980.545960187912 834.664367675781 943.137916564941 815.080757141113 -9999 -9999 -9999 -9999 -9999 -9999 -9999 -9999 -9999
770.667314529419 811.034165382385 842.688663482666 695.56583404541 639.353507995605 674.914253234863 783.622010231018 934.183769226074 718.141151428223 854.9573802948 840.547061920166 788.026428222656 827.902236938477 956.65673828125 789.970973968506 635.839935302734 785.374372005463 824.104179382324 986.180015563965 872.682168960571 873.117113113403 906.526763916016 1197.05770874023 1380.69769287109 1159.87957000732 1071.2568359375 993.359407901764 826.888862609863 769.291549682617 822.113845825195 751.46044921875 812.851768493652 856.178726196289 822.931358337402 771.937545776367 874.000396728516 816.835418701172 834.679626464844 858.55541229248 695.555740356445 873.96166229248 741.466445922852 -9999 -9999 -9999 -9999 -9999 -9999 -9999 -9999
768.910062789917 683.574058532715 799.283758878708 859.953636169434 665.776184082031 651.791343688965 689.675964355469 757.089897155762 669.483261108398 759.623229980469 845.369636535645 819.458404541016 848.357303142548 921.28737449646 904.801126480103 724.25944519043 693.751113891602 748.174354553223 750.779453277588 763.27326965332 887.451720952988 829.782890319824 1056.50450897217 1033.97905731201 1019.18842411041 1113.50721740723 1053.62941837311 1023.46329498291 857.180053710938 866.141151428223 788.115356445312 748.323364257812 850.242416381836 836.364112854004 738.917175292969 1172.2448425293 945.59143447876 944.218978881836 892.933185577393 704.239349365234 787.098892211914 955.736770629883 -9999 -9999 -9999 -9999 -9999 -9999 -9999 -9999
694.347564697266 874.187995910645 961.810470581055 623.050399780273 668.285842895508 565.761932373047 604.090118408203 807.788358688354 747.86865234375 798.503265380859 856.046890258789 615.998901367188 815.524398803711 730.296035766602 873.42073059082 755.207702636719 680.956420898438 771.676391601562 771.164512634277 746.753456115723 862.77059173584 911.912933349609 679.45198059082 827.827152207494 928.80778503418 953.99885559082 703.729080200195 966.438944816589 966.216400146484 886.278121948242 839.712097167969 843.029800415039 781.080871582031 851.46314239502 1298.12497997284 799.261962890625 643.181060791016 958.394710540771 703.531188964844 802.615158081055 849.229141235352 792.167083740234 908.539978027344 -9999 -9999 -9999 -9999 -9999 -9999 -9999
765.917152404785 818.744371414185 869.851291656494 892.774795532227 794.658755302429 758.84633731842 662.223442077637 780.208208084106 643.138122558594 687.10107421875 832.628662109375 826.637985229492 846.393615722656 829.239673614502 903.351433753967 900.359512329102 925.087593078613 918.729907989502 839.633316040039 897.881954193115 821.848968505859 937.698226928711 850.810768127441 957.178192138672 758.497993469238 960.837463378906 767.50269317627 909.508827209473 757.223495483398 917.042633056641 1077.65941619873 996.085597991943 796.090896606445 945.881155014038 1124.8950958252 906.616474151611 904.945293426514 899.633941650391 950.442321777344 892.303131103516 859.485809326172 916.389724731445 999.076131820679 -9999 -9999 -9999 -9999 -9999 -9999 -9999
743.981964111328 857.499736785889 863.204803466797 832.02375793457 803.675314903259 847.29935836792 614.477355957031 669.344116210938 732.875057220459 728.335372924805 684.891052246094 766.7451171875 942.383354187012 972.585548400879 562.105529785156 808.970773696899 852.77522277832 879.049362182617 1031.0104598999 928.731929779053 896.71764755249 1030.40120697021 924.380462646484 903.380934238434 769.515670776367 995.890548706055 869.096012115479 794.044662475586 817.319530487061 753.30493927002 834.592041015625 968.703288078308 961.437122344971 972.59981918335 1377.28157043457 851.246894836426 848.17830657959 927.360252380371 895.244705200195 980.168291091919 867.842620849609 891.829162597656 783.910003662109 920.835437774658 -9999 -9999 -9999 -9999 -9999 -9999
