export/dem/dem2.asc
NCOLS 350
NROWS 171
XLLCORNER 152620
YLLCORNER 418050
CELLSIZE 100
NODATA_VALUE -9999
[rows 88 to 109 of 171, columns 50 to 99 of 350]
321.794906616211 494.318725585938 498.554595947266 540.912078857422 445.788619995117 496.638595581055 496.010787963867 490.947456359863 507.459671020508 445.361541748047 399.766006469727 391.398490905762 421.232875823975 399.488189697266 351.249542236328 471.814636230469 495.700225830078 455.772010803223 352.526575088501 228.120254516602 437.571979522705 342.913177490234 374.708345413208 426.68113732338 381.168193817139 392.947770118713 489.184978485107 239.17707824707 375.968112945557 384.996807098389 340.377067565918 270.951507568359 252.98161315918 447.179473876953 486.778768539429 599.186010360718 507.421737670898 476.014150381088 472.645565032959 497.892990112305 772.60400390625 -9999 -9999 -9999 -9999 -9999 -9999 -9999 -9999 -9999
394.578784942627 460.163888931274 521.33423614502 584.637557983398 617.100738525391 472.126655578613 570.192184448242 525.345321655273 426.643127441406 592.066284179688 393.312000274658 313.557004928589 408.242679595947 484.746170043945 445.700653076172 396.406436920166 444.444480895996 362.095606803894 427.661354064941 375.231158256531 303.329597473145 234.622100830078 432.021867752075 214.070053100586 397.810046195984 306.902587890625 391.223831176758 418.210906982422 316.53311920166 280.296539306641 424.79914855957 468.505088806152 333.30632019043 375.068237304688 588.601015090942 572.863077163696 477.178703308105 528.327575683594 502.731819152832 624.880929946899 -9999 -9999 -9999 -9999 -9999 -9999 -9999 -9999 -9999 -9999
899.693706512451 563.682960510254 723.65950012207 514.173957824707 561.710021972656 557.674011230469 600.698486328125 538.560134887695 542.900741577148 320.056354522705 358.899586677551 287.01049041748 472.672164916992 365.475862443447 323.707557678223 583.127899169922 360.223033905029 268.710388183594 307.060203552246 472.45972442627 411.489631652832 318.169010162354 308.694076538086 383.618709564209 370.186141967773 408.615410804749 524.248443603516 379.724075317383 326.158103942871 293.200378417969 316.304809570312 325.696441650391 477.040809631348 351.570724487305 823.00802230835 550.781749725342 388.049896240234 490.344217300415 360.239822387695 516.106811523438 -9999 -9999 -9999 -9999 -9999 -9999 -9999 -9999 -9999 -9999
693.293869018555 1049.72738647461 625.839477539062 547.595108032227 557.634613037109 624.583312988281 636.349884033203 634.973236083984 479.250228881836 483.388977050781 501.911010742188 326.357707977295 352.258277893066 350.950342178345 496.620010375977 429.771373748779 429.378494262695 441.103645324707 238.188568115234 430.196197509766 401.007124662399 334.966583251953 471.469547271729 508.562477111816 491.998641967773 526.430328369141 459.372909545898 367.79923248291 182.908004760742 308.44807434082 182.586181640625 475.763339996338 492.719455718994 558.394412994385 782.08415222168 494.353271484375 391.420776367188 448.665420532227 616.737035751343 -9999 -9999 -9999 -9999 -9999 -9999 -9999 -9999 -9999 -9999 -9999
365.026260375977 496.280410766602 810.664901733398 449.243549346924 731.73974609375 754.499603271484 648.667144775391 419.866089105606 388.140642166138 518.243095397949 373.447023391724 399.902318000793 305.272315979004 327.579200744629 460.570770263672 386.476762771606 237.441741943359 285.377555847168 467.78596496582 348.995239257812 424.098369598389 467.417453765869 421.311210632324 383.85782623291 435.169301986694 351.510635375977 410.059601783752 452.143104553223 369.27375793457 276.062301635742 394.765174865723 409.894512176514 556.811130523682 714.634929656982 665.429428100586 634.837524414062 414.031051635742 591.072641372681 566.85279083252 -9999 -9999 -9999 -9999 -9999 -9999 -9999 -9999 -9999 -9999 -9999
465.201705932617 588.273315429688 408.916511535645 1046.43771362305 259.45910859108 448.98611831665 446.864988327026 451.047388076782 373.29328918457 415.180477142334 327.949073791504 431.980972290039 343.331066131592 383.330365777016 299.893280029297 395.954656600952 393.986447811127 457.663101196289 351.365516662598 368.530059814453 412.990880966187 483.114044189453 620.126312255859 396.370021820068 378.009712219238 286.113311767578 522.468376159668 451.990028381348 463.488496780396 220.958084106445 304.328948974609 373.364067077637 576.811386108398 709.122653961182 704.000709533691 698.222702026367 466.052921295166 648.776523590088 424.848937988281 -9999 -9999 -9999 -9999 -9999 -9999 -9999 -9999 -9999 -9999 -9999
567.588195800781 409.852577209473 589.265441894531 457.68677520752 755.793121337891 541.656173706055 536.327018737793 410.453500747681 568.646514892578 468.386222839355 401.02955532074 449.490398406982 358.118144989014 307.677070617676 625.608627319336 436.071174621582 438.892757415771 370.731349945068 323.382125854492 488.644691467285 472.437824249268 505.976722717285 410.927280426025 460.475746154785 480.602867126465 406.761581420898 418.316436767578 444.340267181396 603.194030761719 352.711532592773 481.095370292664 500.169288635254 607.874580383301 626.212768554688 653.82283782959 695.289009094238 427.253593444824 550.157493591309 -9999 -9999 -9999 -9999 -9999 -9999 -9999 -9999 -9999 -9999 -9999 -9999
421.711219787598 407.070976257324 376.139610290527 579.57958984375 530.367401123047 341.244827270508 336.449417114258 392.379337310791 428.029607772827 649.010955810547 476.517139434814 526.854789733887 439.550157308578 382.596545696259 585.76237487793 239.801544189453 495.930587768555 409.376268863678 386.914852142334 463.0026512146 312.602607727051 437.071144044399 442.290241241455 472.907820701599 495.144212722778 547.945362091064 475.15039396286 511.056873321533 537.76390838623 456.335994720459 443.137756347656 423.477981567383 428.91431427002 447.143646240234 464.994033813477 481.86750793457 462.830268859863 508.536560058594 -9999 -9999 -9999 -9999 -9999 -9999 -9999 -9999 -9999 -9999 -9999 -9999
401.411712646484 352.114250183105 288.792481541634 359.705688476562 576.136077880859 725.970626831055 469.288642883301 483.234558105469 489.607948303223 522.950553894043 435.429702758789 458.048767089844 529.910202026367 503.584671020508 390.731466293335 351.874076843262 462.224548339844 335.688484191895 484.048782348633 447.854898929596 438.771440505981 422.365039825439 671.448333740234 555.236385345459 285.299514770508 493.657477140427 506.187774658203 509.810111999512 458.465642929077 532.176040649414 392.925003051758 421.58141708374 429.562896728516 595.407936096191 519.452983856201 587.25409412384 616.35213470459 581.708923339844 -9999 -9999 -9999 -9999 -9999 -9999 -9999 -9999 -9999 -9999 -9999 -9999
301.326208114624 395.567855834961 280.027610778809 585.099594116211 525.063466072083 596.38207244873 653.251541137695 418.933731079102 417.881629943848 475.232973098755 390.919853210449 360.517112731934 447.882200717926 453.933639526367 328.064666748047 414.554422497749 361.78129196167 478.747692108154 442.600536346436 339.846000671387 332.633827209473 710.522987365723 490.796754837036 509.330610275269 650.030723571777 323.234336853027 477.027202129364 520.436840057373 434.199279785156 534.257011413574 434.757211685181 468.62228679657 853.190591812134 798.289318084717 571.024229049683 530.816722869873 481.120086669922 -9999 -9999 -9999 -9999 -9999 -9999 -9999 -9999 -9999 -9999 -9999 -9999 -9999
667.538230895996 439.259658813477 668.40412902832 697.742324829102 525.459968566895 565.694403648376 564.895980834961 589.721183776855 406.53173828125 502.852619171143 555.698417663574 464.689346313477 313.249938964844 463.042255401611 539.844825744629 364.063541412354 346.635520935059 306.715347290039 231.259963989258 350.406578063965 479.763328552246 613.188297271729 664.979835510254 499.185451507568 427.41584777832 971.178802490234 500.454568862915 420.544464111328 510.999221801758 821.312324523926 638.493156433105 674.281982421875 533.086410522461 576.233680725098 230.56477355957 540.990852355957 371.126190185547 -9999 -9999 -9999 -9999 -9999 -9999 -9999 -9999 -9999 -9999 -9999 -9999 -9999
573.474057197571 540.61014175415 511.89101600647 575.809694290161 669.650749206543 642.790035247803 543.828624725342 526.611213684082 635.042213439941 445.983810424805 622.89608001709 467.725875854492 379.845169067383 491.806934356689 389.492721557617 318.947441101074 402.389743804932 219.428253173828 455.065925598145 369.794235229492 461.051971435547 544.373044967651 644.708641052246 392.94953918457 476.824829101562 558.9078540802 856.81848526001 521.996627807617 738.557350158691 772.608520507812 629.292957305908 716.445390701294 594.897979736328 392.800193786621 361.330276489258 454.843921661377 595.637248039246 -9999 -9999 -9999 -9999 -9999 -9999 -9999 -9999 -9999 -9999 -9999 -9999 -9999
549.684551239014 554.655456542969 597.065904378891 551.477447032928 578.315646886826 636.935331344604 665.41773223877 590.279857397079 525.333221435547 719.398368835449 655.256977081299 523.159679412842 383.287200927734 516.511917114258 420.923564910889 338.991004943848 462.422823905945 472.430450439453 467.374923706055 630.098243713379 553.69749546051 696.343124389648 592.078712463379 704.367004394531 554.440595626831 602.891784667969 488.967975616455 558.199188232422 510.567413330078 647.784452438354 630.537582397461 682.872577667236 670.521766662598 662.364158630371 575.16236114502 704.872985839844 654.254554748535 -9999 -9999 -9999 -9999 -9999 -9999 -9999 -9999 -9999 -9999 -9999 -9999 -9999
235.252151489258 456.478523254395 716.798988342285 561.900619506836 481.12377166748 626.46583366394 660.423114776611 643.356554031372 594.68724822998 528.3193359375 676.610557556152 741.06510925293 829.536791801453 438.2207903862 509.283409118652 840.844482421875 693.553176879883 502.339813232422 636.812141418457 598.623220443726 584.72869682312 596.128492355347 485.838333129883 505.939811706543 551.286893844604 594.97045135498 588.117050170898 519.489463806152 646.495262145996 612.318170547485 665.995132088661 527.458389282227 568.734062194824 535.128316879272 535.419326782227 695.201179504395 -9999 -9999 -9999 -9999 -9999 -9999 -9999 -9999 -9999 -9999 -9999 -9999 -9999 -9999
209.185066223145 565.827690124512 685.004745483398 560.060079574585 680.251981735229 625.342199325562 575.800079345703 658.728080749512 599.334072113037 660.449548721313 596.451438903809 494.921829223633 572.045883178711 671.904628753662 589.567443847656 486.794975280762 663.251846313477 442.736640930176 457.446823120117 531.24880361557 583.433853149414 664.98233795166 785.484588623047 770.460479736328 684.956062316895 563.447019577026 634.09349822998 611.019550323486 452.278785705566 458.266250610352 523.781055450439 537.290699005127 671.056732177734 509.118865966797 669.83549118042 -9999 -9999 -9999 -9999 -9999 -9999 -9999 -9999 -9999 -9999 -9999 -9999 -9999 -9999 -9999
424.755638122559 362.245803833008 498.708946228027 569.268074035645 440.187717437744 451.921733856201 622.448760986328 638.099678516388 577.711631774902 462.54850769043 444.213851928711 270.791351318359 337.815002441406 547.08927154541 611.916801452637 526.850857496262 637.375701904297 482.668838500977 533.051567554474 535.159261703491 831.977294921875 642.637268066406 644.902099609375 640.979637145996 673.215522766113 657.716220855713 658.499221801758 458.075753211975 505.611150741577 419.012599945068 444.30814743042 665.601524353027 568.898355484009 702.07398223877 -9999 -9999 -9999 -9999 -9999 -9999 -9999 -9999 -9999 -9999 -9999 -9999 -9999 -9999 -9999 -9999
786.126895666122 361.755477905273 147.279006958008 423.770736694336 331.479187011719 371.458637237549 470.454214692116 434.77613067627 402.507976531982 269.98811340332 314.471374511719 446.527084350586 517.118597984314 432.248466491699 404.380592346191 613.347732543945 480.485328674316 503.227167129517 552.267211914062 491.026752471924 625.488128662109 462.771179199219 542.656032562256 718.880187988281 595.71363067627 514.583547592163 500.570274353027 465.175456494093 525.376449584961 527.173496246338 533.400566101074 637.653392791748 539.754688262939 -9999 -9999 -9999 -9999 -9999 -9999 -9999 -9999 -9999 -9999 -9999 -9999 -9999 -9999 -9999 -9999 -9999
-9999 330.541748046875 921.063873291016 431.069278717041 344.16349697113 821.914131164551 433.869480133057 371.623029708862 322.06372833252 302.040596008301 482.194778442383 378.018398284912 471.461406707764 444.706431388855 330.843330383301 440.342510223389 491.213954925537 580.963806152344 482.117855072021 357.240608215332 436.039697647095 425.654804229736 370.216186523438 577.632652282715 452.153072357178 452.371120452881 357.035202026367 493.419423818588 464.301922142506 475.161865234375 586.703874349594 579.567800521851 -9999 -9999 -9999 -9999 -9999 -9999 -9999 -9999 -9999 -9999 -9999 -9999 -9999 -9999 -9999 -9999 -9999 -9999
-9999 -9999 -9999 -9999 758.894220352173 1022.15325927734 368.094665527344 265.863296508789 726.10977935791 743.370475769043 600.313568115234 442.922069549561 457.578004837036 442.862235069275 476.277156829834 487.756942749023 434.031923294067 127.733528137207 -105.664215087891 572.060634613037 658.515342712402 411.800086975098 511.1502161026 454.331443786621 535.350120544434 595.74641418457 717.17236328125 647.168102264404 493.224578857422 567.416401863098 -9999 -9999 -9999 -9999 -9999 -9999 -9999 -9999 -9999 -9999 -9999 -9999 -9999 -9999 -9999 -9999 -9999 -9999 -9999 -9999
-9999 -9999 -9999 -9999 -9999 -9999 -9999 -9999 -9999 931.842982292175 666.635777950287 594.802361130714 635.697784423828 462.853256225586 498.292289733887 652.937942504883 546.988730430603 189.150398254395 97.2442760467529 648.094353675842 512.67024230957 619.71492767334 550.159072875977 682.246150970459 619.076152324677 824.913803100586 677.715535640717 679.139144897461 -9999 -9999 -9999 -9999 -9999 -9999 -9999 -9999 -9999 -9999 -9999 -9999 -9999 -9999 -9999 -9999 -9999 -9999 -9999 -9999 -9999 -9999
-9999 -9999 -9999 -9999 -9999 -9999 -9999 -9999 -9999 -9999 -9999 -9999 -9999 -9999 -9999 -9999 737.680526733398 883.837419509888 853.402351379395 730.852989196777 1052.2445526123 1060.80637359619 946.427619934082 1003.46936035156 830.548614501953 -9999 -9999 -9999 -9999 -9999 -9999 -9999 -9999 -9999 -9999 -9999 -9999 -9999 -9999 -9999 -9999 -9999 -9999 -9999 -9999 -9999 -9999 -9999 -9999 -9999
-9999 -9999 -9999 -9999 -9999 -9999 -9999 -9999 -9999 -9999 -9999 -9999 -9999 -9999 -9999 -9999 -9999 -9999 -9999 -9999 -9999 -9999 -9999 -9999 -9999 -9999 -9999 -9999 -9999 -9999 -9999 -9999 -9999 -9999 -9999 -9999 -9999 -9999 -9999 -9999 -9999 -9999 -9999 -9999 -9999 -9999 -9999 -9999 -9999 -9999
