export/dem/dem25.asc
NCOLS 350
NROWS 171
XLLCORNER 152620
YLLCORNER 418050
CELLSIZE 100
NODATA_VALUE -9999
[rows 66 to 87 of 171, columns 250 to 299 of 350]
678.843061447144 646.660715103149 768.00325012207 549.220817565918 666.238700985909 778.097961425781 613.677742004395 579.299583435059 556.735900878906 608.134210586548 689.741670608521 683.19935798645 647.617176055908 598.73087310791 694.370512008667 821.580764770508 745.776271820068 695.728128433228 739.509407043457 598.112548828125 726.273971557617 744.705154418945 772.65544128418 719.774950027466 805.957389831543 768.168407440186 670.462726593018 643.142780303955 748.226633071899 655.668403625488 783.722244262695 661.550998687744 672.813842773438 745.757009506226 754.274337768555 752.13720703125 741.482880592346 641.562217712402 865.164655685425 888.056463241577 712.742828369141 761.76805305481 719.049041748047 746.694580078125 697.632312774658 676.896392822266 630.91382598877 791.083211898804 666.975807189941 683.418167114258
565.908256530762 790.976959228516 734.52742767334 580.092422485352 568.379623413086 680.681432723999 661.088031232357 586.82861328125 664.884268760681 535.023895263672 667.447896420956 601.821897506714 712.687545776367 579.08309173584 816.867965698242 704.776214599609 633.495449066162 719.335062980652 735.39098739624 702.757732391357 797.244750976562 739.193286895752 680.47384262085 763.648658752441 835.131690979004 626.074737548828 744.138610839844 619.419288635254 818.96688079834 698.650944828987 786.306358337402 663.24210357666 715.544806241989 751.335941314697 675.420616149902 764.950019836426 676.412086486816 754.687864303589 801.961814880371 702.322834014893 1119.61155319214 887.560523986816 784.992919921875 708.73380279541 781.819059371948 626.205825805664 651.043823242188 730.542240142822 691.45580291748 700.540882110596
763.744850158691 788.415054321289 566.285774230957 332.497802734375 659.868743896484 600.437480926514 598.147483825684 595.190406799316 557.940605163574 674.519507408142 784.707748413086 693.829029083252 823.373245239258 734.224098205566 757.360511779785 673.968011856079 701.092388153076 756.323684692383 803.290817260742 841.165344238281 778.422203063965 772.572074890137 818.086029052734 768.568283081055 637.190696716309 800.500534057617 696.011697769165 722.314895629883 744.199047088623 816.472526550293 780.899150848389 735.877918243408 756.084716796875 858.108779907227 696.139034867287 781.280616760254 809.370376586914 792.09986114502 787.191089630127 633.733299255371 746.14933013916 801.409908294678 1030.18407440186 1532.32050323486 775.881988525391 741.257215499878 747.399814605713 770.02600479126 551.078414916992 705.566856384277
641.747463226318 558.446067810059 637.569978713989 751.068046569824 473.839508056641 470.722793579102 675.835899353027 574.342979431152 560.852661132812 560.638236999512 660.292161941528 900.014785766602 878.750213623047 684.310871124268 708.697570800781 667.068459868431 583.574203491211 764.232368469238 654.420694351196 756.974258422852 662.295358657837 488.84098815918 589.956954956055 673.638315677643 786.899978637695 709.098075866699 726.4264793396 628.33129119873 706.755583763123 893.111038208008 748.774837493896 881.607894897461 913.078033447266 769.675643920898 752.919254302979 762.868789672852 809.116989135742 768.411880493164 645.042350769043 778.384553909302 631.845367431641 805.655158996582 563.68083190918 781.291893005371 662.320404052734 1454.82195854187 578.572036743164 609.283752441406 518.736022949219 758.63109588623
437.931594848633 612.541035652161 620.277495384216 613.422831535339 628.516929626465 535.214263916016 539.817558288574 648.374420166016 722.984580993652 677.742855072021 630.449996948242 661.17998790741 619.74969291687 727.142440795898 643.347261428833 548.304977416992 582.54997253418 763.864585876465 694.009806632996 661.899382591248 733.528411865234 654.654718399048 679.121501207352 721.397388458252 688.54235458374 707.749105453491 811.106925964355 814.947479248047 795.879943847656 797.948936462402 732.335746765137 812.782081604004 832.019561767578 771.884147644043 774.24422454834 755.66333770752 818.173377990723 808.627021789551 681.939388275146 822.421005249023 635.700561523438 678.500396728516 646.23957824707 651.517417907715 551.815582275391 585.431243896484 947.779528617859 1085.44889068604 984.167877197266 640.798431396484
634.773716926575 652.586894989014 675.809078216553 715.673965454102 582.213104248047 644.786233901978 600.620998382568 675.537691116333 616.182929992676 800.728210449219 776.494232177734 753.404357910156 736.993721008301 769.455673217773 505.146560668945 609.285934448242 785.045623779297 609.014366149902 682.547519683838 729.050819396973 734.935260772705 593.532501220703 724.877513885498 700.977457046509 674.778301239014 657.55005645752 633.248413085938 683.178907394409 735.933681488037 890.766387939453 733.784454345703 722.460082054138 802.762237548828 686.479804992676 790.758422851562 687.2669672966 698.571548461914 584.092514038086 730.570750236511 619.779106140137 630.785079956055 599.523681640625 690.79899597168 667.230163574219 738.846878051758 1263.86611175537 594.362457275391 750.207836151123 768.547439575195 508.693817138672
483.88493347168 744.027313232422 589.517848968506 653.4012799263 632.647029876709 833.505447387695 690.894479751587 456.34602355957 660.669157803059 629.691695928574 681.488159656525 677.661106109619 569.174140930176 792.880844116211 556.784591674805 702.244398117065 548.337814331055 573.079368591309 625.609733581543 718.265403747559 758.932342529297 824.835433959961 619.976997375488 677.470967769623 735.599132537842 606.28702545166 655.10221862793 710.758472442627 661.61981010437 795.406425476074 747.395729064941 764.345283508301 614.611824035645 645.871726989746 808.784088134766 715.252453804016 839.000701904297 610.217697143555 780.364334106445 585.14192199707 635.448593139648 1150.53587341309 669.030570983887 677.048271179199 705.644845962524 861.272926807404 775.396367073059 666.290550231934 677.349197387695 610.886169433594
745.031723022461 633.364123106003 784.695928573608 822.68482208252 679.290079116821 617.222427368164 722.756412506104 818.393733978271 635.389389038086 618.340595245361 655.962036132812 619.554903030396 622.211858510971 767.962783813477 733.056586265564 617.998748779297 532.729522705078 443.301483154297 737.86791229248 707.198574066162 591.098075866699 637.754007339478 731.30334854126 754.178596496582 704.13275718689 679.601109981537 608.794998168945 671.878179550171 755.518486022949 724.218437194824 656.539546966553 541.900177001953 719.728891372681 648.606239318848 641.300605773926 646.336738586426 677.346214294434 725.509670257568 671.254859924316 708.41383934021 616.808036804199 601.353393554688 711.460464477539 967.552230834961 823.346832275391 948.96382522583 888.594841003418 739.566223144531 794.144683837891 615.50732421875
530.007186889648 609.590482234955 581.792440414429 544.552913665771 566.981967926025 690.588939189911 875.006927490234 737.572782516479 794.879760742188 616.002174377441 931.756805419922 682.934297561646 665.007328033447 628.389696121216 555.381034851074 568.576770782471 557.331520080566 555.570449829102 669.850879669189 676.347159862518 628.147243499756 672.997581481934 659.816223144531 711.224941253662 605.287147521973 730.320705413818 676.456706047058 606.118774414062 674.477541923523 763.39041519165 675.650247573853 676.256824493408 799.278861999512 635.374961853027 640.852230072021 586.328399658203 628.348838806152 749.462243080139 708.264797210693 549.813369750977 660.727210998535 792.881896972656 626.657447814941 1000.25494384766 717.912231445312 555.637481689453 616.026626586914 625.689102172852 597.603225708008 707.104034423828
716.865074157715 568.64139175415 690.074699401855 664.437088012695 692.152816772461 694.244598388672 848.741470336914 631.026466369629 672.872032165527 694.13756942749 792.071611404419 904.845420837402 686.349506378174 704.56810760498 587.319812774658 590.346618652344 486.703979492188 601.666553497314 644.164388656616 650.278409004211 647.984575271606 670.767981052399 561.449188232422 652.564912796021 662.113973617554 592.747772216797 667.046875 640.474479675293 700.809792280197 751.966205596924 710.465362548828 744.970302581787 576.866020202637 655.032145023346 608.311401367188 661.017082214355 591.063232421875 833.979682922363 636.292495727539 491.100234985352 752.729034423828 951.939712524414 732.546157836914 716.210983276367 588.238616943359 824.24609375 714.742645263672 455.333251953125 694.625045776367 958.480941772461
607.958765029907 636.16916847229 750.913642883301 762.459541320801 752.749000549316 663.12718963623 559.64310836792 722.781140327454 738.241923332214 733.16135597229 764.066986083984 806.713302612305 641.359870910645 621.115320205688 649.118446350098 594.13257598877 685.702770233154 611.242168426514 811.692657470703 589.047409057617 667.324712395668 445.903060913086 664.171762466431 522.955001831055 705.164505004883 550.197570800781 745.189468383789 756.091316223145 746.942295074463 769.906646728516 734.41130065918 739.33419418335 666.870584487915 768.663261413574 593.628486633301 646.233242034912 664.755470275879 738.328220844269 606.134971618652 750.586856842041 790.478430747986 566.430297851562 782.247417449951 753.645572662354 752.567180633545 662.640914916992 506.527435302734 650.96110534668 535.607269287109 680.875900268555
742.216598510742 575.80150604248 704.971523284912 781.385787963867 721.163796424866 691.002869606018 632.660652160645 611.327102661133 736.223903656006 752.01277923584 732.221420288086 769.264137268066 628.21793794632 604.012771606445 604.776229858398 678.704988479614 721.797546386719 714.490196228027 745.237854003906 699.311807632446 638.651041030884 875.591766357422 730.343528747559 660.153869628906 747.757286071777 554.42765045166 765.65754699707 720.918083190918 707.254939079285 701.364130020142 720.563255310059 664.75409412384 485.555923461914 580.466102600098 640.785293579102 560.419830322266 662.180152893066 480.683776855469 588.602935791016 707.14695930481 913.90796661377 709.67366027832 778.395973205566 1051.83713912964 870.381427764893 782.999588012695 632.154388427734 791.378540039062 838.047256469727 1166.00371551514
613.175414085388 699.30867767334 663.546974182129 643.010164260864 600.311340332031 523.169296264648 483.878051757812 601.56165933609 802.835037231445 733.634941101074 555.309509277344 752.915138244629 618.60684967041 547.987670898438 660.547466278076 666.856989860535 797.909332275391 783.080238342285 614.426563262939 746.813014984131 923.91828918457 694.79181098938 629.431343078613 710.599021911621 778.301330566406 638.441513061523 652.944721221924 564.071929931641 669.483276367188 525.267715454102 615.894260406494 712.573432922363 585.077610015869 675.0866355896 572.349914550781 663.422966003418 764.834541320801 703.571432113647 655.981081545353 764.751947402954 691.538369178772 1233.07798480988 925.714462280273 615.702789306641 593.481948852539 719.225105285645 547.400451660156 774.372055053711 1033.83145141602 756.139526367188
460.504516601562 697.085540771484 616.301773548126 621.193395614624 718.917533874512 685.04455280304 828.00944519043 579.253807067871 667.753030896187 632.349857330322 663.524871826172 629.897499084473 558.023391723633 455.729827880859 703.775724887848 858.179229736328 662.70566368103 661.490645885468 646.700256347656 707.668384552002 578.661422729492 669.030082702637 850.081268310547 710.801261901855 882.381500244141 798.463562011719 676.222141265869 679.209000587463 697.249166488647 572.080909729004 587.50757598877 635.15799331665 651.891368865967 427.421142578125 592.15234375 650.179321289062 544.159301757812 513.029876708984 785.382118225098 956.562393188477 718.951446533203 792.125049591064 948.609024047852 912.776624679565 915.367797851562 647.833511352539 807.080627441406 681.428100585938 691.470489501953 680.056884765625
647.389610528946 801.574172973633 788.087265014648 600.80736541748 635.794235229492 897.574371337891 694.686382293701 763.136589050293 748.834320068359 586.195346832275 763.109767913818 547.858596801758 505.23828125 456.1220703125 515.903945922852 675.268995285034 814.980575561523 631.198936462402 630.089550018311 643.618320465088 805.810218811035 773.190147399902 634.853451430798 696.350489348173 694.324979782104 575.104671478271 664.871170043945 604.424652099609 547.877105712891 481.988357543945 685.90013217926 704.958028316498 590.909912109375 515.474227905273 731.239463806152 680.084978103638 727.490745544434 782.79426574707 684.348112106323 825.19789981842 624.954147338867 793.495956420898 762.730613708496 890.138778686523 562.474578857422 704.434814453125 1169.9501953125 623.824234008789 552.784530639648 606.332977294922
745.530654907227 748.623725891113 737.284965515137 748.27734375 746.520919799805 709.051300048828 744.821029663086 635.452154159546 695.535972118378 684.029956817627 749.202850341797 742.530494689941 663.824067831039 662.360736846924 745.759635925293 599.581211090088 575.351066589355 718.062393188477 585.560722351074 684.86120223999 632.759029388428 562.846942901611 697.781336784363 602.956405639648 717.031391143799 710.704975128174 764.941444396973 649.505355834961 630.870941162109 657.231704711914 628.053176879883 603.925102233887 596.878715515137 566.973999023438 790.756416320801 527.559799194336 664.209146499634 621.839649200439 603.545867919922 766.487693786621 636.128730773926 620.228546142578 774.663135528564 509.798095703125 769.362701416016 583.620544433594 1032.77363586426 645.104309082031 510.106292724609 658.57731628418
631.0511906147 714.207038879395 769.470901489258 787.907943725586 786.766952514648 667.581325531006 926.070526123047 787.645095825195 716.817375183105 766.087097167969 746.506439208984 547.098297119141 596.097255706787 646.508106708527 597.833503723145 565.381248474121 575.363639831543 644.091403007507 479.69709777832 723.322841644287 713.892513275146 668.452264785767 725.123046875 633.716552734375 719.774307250977 666.571886062622 604.027038574219 582.981643676758 607.929466247559 690.811382293701 647.064609527588 663.211090087891 492.285369873047 532.964126586914 657.853419303894 773.215301513672 799.768714904785 845.505996704102 591.023406982422 823.536674499512 692.768775939941 815.740112304688 516.517822265625 797.614799499512 819.323829650879 649.018890380859 588.388885498047 581.625274658203 772.906494140625 877.650360107422
735.550285339355 592.33878326416 597.132255554199 656.711402893066 679.522082328796 652.097526550293 761.246612548828 766.044486999512 662.34176158905 587.181915283203 598.512859344482 689.441020965576 625.426380157471 595.19849395752 708.908592224121 679.321250915527 604.154811859131 706.783992767334 548.363983154297 679.653982162476 714.527767181396 750.753150939941 536.246650695801 704.917600631714 582.198768615723 797.614196777344 628.53556060791 714.250694274902 721.975267887115 610.303382873535 749.551286697388 580.918121337891 724.014914512634 715.872852325439 639.528503417969 468.191497802734 729.286922454834 631.230175018311 718.273359298706 845.922545909882 602.609222412109 1131.76698303223 517.303558349609 848.648370742798 958.294128417969 594.858306884766 810.856109619141 625.962509155273 716.857391357422 554.283477783203
661.460476875305 657.740905761719 644.168937683105 665.001434326172 780.906677246094 652.081731677055 554.457489013672 565.582706451416 688.313789367676 635.757862091064 729.28303527832 716.470832824707 633.632261276245 1017.74412584305 805.527236938477 782.04768371582 856.548652648926 642.355653762817 556.683700561523 718.465063095093 827.733413696289 674.474675178528 648.511070251465 739.659149169922 637.299182891846 633.193794250488 547.495986938477 569.50959777832 770.29252243042 658.048645019531 721.409610748291 629.403060913086 643.219833374023 615.192596435547 661.128440856934 575.663330078125 623.577434539795 651.131828308105 595.450035095215 655.546417236328 647.415298461914 708.632965087891 745.207794189453 590.404113769531 639.294418334961 689.514663696289 777.012359619141 680.083023071289 506.683074951172 730.952861785889
765.111045837402 631.18138885498 525.482734680176 624.048964500427 682.154109954834 785.441375732422 650.392267227173 674.248428344727 620.982173919678 641.483587265015 677.902244567871 502.241928100586 658.579677581787 599.728103637695 587.507698059082 643.018328666687 735.840362548828 582.402542114258 531.939743041992 856.070663452148 680.970078706741 589.294654846191 752.500965118408 679.903677940369 763.763851165771 583.818466186523 677.18648147583 713.7172498703 633.475051879883 716.855234205723 582.803733825684 751.572427749634 705.049842834473 717.797071456909 544.181976318359 588.02660369873 487.404693603516 491.970993041992 769.724269866943 929.115413665771 1179.38485336304 584.767021179199 955.538131713867 723.877967834473 516.52897644043 766.268125534058 668.439926147461 712.250831604004 764.562091827393 1199.61433029175
717.726875305176 629.987934112549 602.028781890869 561.77481842041 678.0964012146 707.06275177002 716.391731262207 557.806076049805 631.11742401123 695.266750335693 489.151229858398 642.341697692871 521.116912841797 452.708740234375 606.16770362854 668.307441711426 633.892288208008 776.596603393555 607.091442108154 590.671974182129 841.731971740723 562.820518493652 1247.11283111572 672.966779053211 514.354339599609 579.942497253418 677.3244972229 710.558691978455 684.307189941406 539.094024658203 641.736068725586 710.281204223633 718.129148483276 726.409186601639 591.723678588867 502.620010375977 689.283042907715 629.260711669922 673.677537918091 1079.59492206573 603.716636657715 568.078887939453 608.573608398438 1491.85313415527 741.033271789551 1626.59602355957 564.146957397461 655.006118774414 922.852493286133 642.372604370117
860.397426605225 992.641326904297 806.584384918213 786.302406311035 636.118774414062 695.555191040039 568.88996887207 414.145492553711 567.064163208008 541.336151123047 606.622932434082 862.011909484863 777.301544189453 603.599136352539 771.583660125732 1095.01773071289 955.796401977539 701.01330947876 544.772346496582 673.283082962036 775.266883850098 812.461791992188 796.846588134766 737.161539077759 682.394119262695 794.123374938965 774.640563964844 638.415096282959 667.83779335022 684.960382461548 678.683643341064 628.268775939941 800.566738128662 735.872713088989 808.111976623535 691.041204452515 826.65665435791 617.120277404785 600.453620910645 759.510723114014 539.04158782959 531.501388549805 697.238277435303 843.480894088745 1035.67150497437 1202.6482925415 723.441284179688 711.229507446289 733.104446411133 769.082059860229
