export/dem/dem29.asc
NCOLS 350
NROWS 171
XLLCORNER 152620
YLLCORNER 418050
CELLSIZE 100
NODATA_VALUE -9999
[rows 22 to 43 of 171, columns 150 to 199 of 350]
741.376815795898 699.241165161133 653.906191825867 715.479187011719 616.0905418396 614.938034057617 714.25220489502 514.72087097168 677.252520561218 623.644264221191 720.844657897949 582.084899902344 742.215896606445 611.886280059814 734.350692749023 634.324348449707 811.287155151367 713.300754547119 435.573791503906 543.874633789062 565.396423339844 477.363327026367 689.667327880859 726.978754043579 710.44686126709 696.179138183594 1043.75687217712 652.078765869141 658.278610229492 557.174003601074 580.541954040527 629.843597412109 454.204299926758 555.246089935303 787.389511108398 580.906097412109 658.951507091522 498.511184692383 662.453905105591 665.919154405594 574.725151062012 689.127368927002 560.099739074707 692.453105926514 763.443420410156 794.489372253418 627.322334289551 705.347595214844 981.888671875 847.850250244141
438.535110473633 652.662841796875 709.74828338623 611.875767230988 566.831390380859 661.592693328857 686.661781311035 596.507621765137 603.098905563354 583.882949829102 631.443787813187 453.934417724609 750.514546632767 575.911880493164 695.566383361816 764.507605314255 564.351181030273 849.006958007812 634.677742004395 548.417617797852 611.153167724609 499.411193847656 548.248794555664 618.45728302002 503.052108764648 713.402068138123 1144.62451171875 738.165214538574 573.758430480957 605.66845703125 601.43335723877 596.792808532715 613.083740949631 601.707935333252 721.892875671387 704.848979949951 580.866115570068 686.96496963501 675.328548431396 782.127517700195 682.387456893921 738.221618652344 620.532119750977 689.957872390747 711.778643608093 816.203948974609 747.642684936523 858.525497436523 715.381310105324 639.770875930786
698.194160461426 515.94800567627 587.533462524414 536.43920135498 787.436813354492 658.645847320557 781.638580322266 628.648904800415 538.333106994629 478.968338012695 461.19352722168 584.741760253906 787.664199829102 667.529510498047 547.462585449219 1229.73352050781 644.315139770508 532.952728271484 567.825439453125 666.979446411133 780.447776794434 570.779327392578 459.778915405273 529.32421875 599.063987731934 663.17261505127 721.504600524902 607.573776245117 652.540567398071 512.365676879883 547.180603027344 543.549453735352 598.533512115479 597.999710083008 548.757484436035 690.342926025391 678.805097579956 568.89697265625 721.542663574219 674.557289123535 676.359214782715 608.033500671387 522.389617919922 726.788414001465 758.755699157715 752.565612792969 749.665802001953 765.42943572998 701.153969764709 760.07056427002
555.310718536377 517.789657592773 671.199645996094 594.570877075195 526.757064819336 657.792778015137 689.287948608398 536.219116210938 631.837424278259 557.446144104004 617.979909896851 539.421173095703 960.738983154297 495.379150390625 862.686630249023 564.018676757812 542.237113952637 969.924163818359 641.65104675293 687.186630249023 977.905540466309 855.686965942383 573.530136108398 502.031219482422 505.913192749023 538.062149047852 653.062973022461 559.001510620117 498.873245239258 603.612767219543 593.138633728027 647.24129486084 681.78271484375 751.994453430176 597.281902313232 656.316608428955 707.786449432373 685.300331115723 733.860843658447 737.108890533447 744.342361450195 590.663803100586 699.59797668457 734.872608184814 740.778154730797 819.220802307129 790.311706542969 745.114406585693 781.77661895752 782.098770141602
577.802648544312 685.242691040039 555.740901947021 611.086776733398 593.930228233337 422.410629272461 397.220550537109 648.84778213501 552.138732910156 384.589736938477 476.84342956543 531.935844421387 542.179977416992 632.783042907715 403.647888183594 669.98055267334 696.370578765869 652.372482299805 552.13005065918 571.771774291992 473.387939453125 494.016662597656 576.303863525391 460.723999023438 540.8994140625 613.969413757324 782.153434753418 495.341125488281 535.296211242676 440.588668823242 666.304237365723 613.495132446289 599.147003173828 600.868455886841 855.170227050781 559.5133934021 565.844436645508 773.233825683594 737.038505554199 795.422988891602 664.68842124939 744.507164001465 560.828269958496 615.04305267334 638.811309814453 845.461975097656 618.243614196777 601.765495300293 811.045608520508 761.301483154297
679.671073913574 450.979202270508 470.952262878418 638.991622924805 554.222103118896 595.923742055893 609.138696670532 619.961835384369 522.755340576172 563.204999923706 652.102550506592 534.285202026367 703.587064743042 641.59574508667 540.983947753906 605.454895019531 597.726593017578 499.543395996094 394.322006225586 794.008018493652 622.285949707031 670.069732666016 545.353652954102 670.896545410156 505.418472290039 727.633255004883 522.515579223633 531.165817260742 531.749092102051 602.66833114624 527.318580627441 607.362459182739 681.368255615234 930.443725585938 865.16242980957 740.743015289307 680.484825134277 842.826217651367 912.746520996094 634.771083831787 677.970123291016 732.706535339355 630.879091262817 578.374908447266 740.461158752441 558.022415161133 665.920033454895 668.840570449829 663.308696746826 794.499359130859
525.025199890137 642.371437072754 483.437240600586 546.003845214844 594.610305786133 649.895301818848 574.202596664429 546.272312164307 605.078363418579 556.658321380615 547.91764831543 1286.70406341553 757.172397613525 857.929830551147 725.391883850098 1127.65715026855 685.606422424316 1112.56063079834 503.716537475586 752.358810424805 671.69775390625 672.821884155273 495.546722412109 536.111206054688 431.956695556641 573.541290283203 629.170093536377 779.796781897545 623.731839299202 523.736854553223 524.675979614258 522.287986755371 746.717529296875 661.819305419922 613.53911113739 662.03540802002 732.104904174805 691.869575500488 661.471187591553 567.732219696045 817.998012542725 912.991073608398 674.817404747009 709.327499389648 586.625228881836 630.690591454506 608.609413146973 606.421838760376 575.279684066772 669.329895019531
573.00377368927 563.444269895554 610.852348327637 508.378879547119 594.196321487427 463.378067016602 492.777206420898 652.270641326904 495.372436523438 577.787006378174 719.45556640625 1089.90726470947 863.768091201782 919.126335144043 843.510328292847 770.901412963867 511.839782714844 577.480140686035 689.14183807373 584.566112518311 830.505462646484 626.209510803223 723.542427062988 809.74174118042 497.483840942383 624.376255989075 524.009017944336 761.996223449707 660.578971862793 733.968826293945 730.135772705078 636.468048095703 496.851760864258 711.007392883301 647.940841674805 539.528633117676 585.880172729492 595.362236022949 644.651302337646 591.229515075684 649.926571369171 877.333305358887 538.256195068359 534.921463012695 615.196739196777 498.75178527832 494.445861816406 592.594402313232 592.682697534561 545.435131072998
572.023229598999 389.492477416992 403.507843017578 534.84068107605 625.399070739746 617.088047027588 568.420133113861 618.998073577881 692.555130004883 668.280597686768 808.234920501709 944.019910812378 961.346351623535 777.668807983398 749.077926635742 623.786364078522 400.383575439453 480.314498901367 505.06233215332 622.070449829102 687.992782592773 636.361186981201 567.50997543335 581.469078063965 695.175849914551 515.797653198242 593.241725921631 696.925369262695 635.494365692139 555.378005981445 693.511871337891 579.845485687256 472.988243103027 715.733123779297 604.478221893311 664.723648071289 655.844917297363 797.473220825195 598.910614013672 585.985667228699 884.464614868164 772.474716186523 699.021759033203 713.339359283447 684.766700744629 647.330596923828 651.409950256348 773.78337097168 644.27693939209 625.338382720947
496.985279083252 492.685928344727 487.685920715332 494.219078063965 627.182243347168 693.692398071289 570.629163622856 574.979454755783 515.767768859863 562.317245483398 797.117146492004 678.727500915527 846.408367156982 477.381958007812 502.53759765625 642.845706939697 477.769653320312 576.711381912231 505.954696655273 438.174468994141 441.286987304688 616.384014129639 441.163803100586 582.52303314209 584.251777172089 503.516700744629 682.885307073593 606.771844863892 567.083713531494 585.798881530762 645.23738861084 655.324653625488 539.977508544922 567.168466567993 512.377304077148 547.116432189941 683.160339355469 636.448089599609 650.994789123535 607.064011573792 712.836463928223 818.452537536621 628.549152374268 571.128210067749 565.062438964844 635.907680511475 585.850202560425 645.047714233398 602.477458953857 627.998195648193
486.77653503418 685.90502166748 453.069801330566 523.159343719482 641.271492004395 687.285278320312 450.910125732422 471.867965698242 761.075592041016 510.837417602539 790.761932373047 611.548919677734 578.533655166626 559.630975723267 625.818056106567 577.692622184753 674.60440826416 623.869735717773 519.938499450684 430.364852905273 430.079666137695 518.619930267334 534.00252532959 399.130340576172 512.681491851807 567.789311885834 604.274311065674 674.626850128174 547.24275970459 725.386077880859 627.735710144043 565.584233164787 650.164131164551 553.60083770752 463.099067687988 486.620964050293 558.934789657593 643.864833831787 687.96647644043 574.670120239258 730.687522888184 566.909439086914 607.473728179932 640.446647644043 760.306030273438 578.352997779846 643.037437438965 586.717256546021 535.745796203613 641.01891708374
490.787586212158 531.308673858643 605.934524536133 601.794681549072 464.958030700684 590.825624465942 595.380573272705 564.07936668396 646.14900970459 529.874504089355 647.306747436523 466.272048950195 421.487976074219 503.474388122559 543.545177459717 570.231604576111 654.026466369629 630.158107757568 674.813636779785 519.829864501953 632.182800292969 589.411409378052 525.780128479004 695.703918457031 578.087429046631 585.87816619873 547.210200309753 669.904634475708 555.021108627319 663.679878234863 575.271458625793 565.413553237915 492.559001922607 612.543304443359 565.056583404541 588.933542251587 621.263774871826 529.573448181152 735.138244628906 584.425447463989 605.941774368286 667.241287231445 527.949672698975 524.045112609863 418.528678894043 629.315116882324 646.043167114258 564.214965343475 596.630836486816 692.203796386719
632.264228820801 650.066703796387 586.896907806396 598.11792755127 638.386688232422 575.217454910278 582.644826889038 513.637268066406 507.258941650391 781.854385375977 426.284530639648 600.685861587524 565.776294708252 449.319709777832 502.818008422852 696.076507568359 426.867645263672 549.206813812256 575.681307315826 610.126979827881 455.489715576172 577.089580535889 550.489557981491 524.618209838867 547.214632987976 598.476849555969 549.553068161011 706.965698242188 673.184463500977 562.591156959534 687.556991577148 555.519472122192 534.123870849609 597.83171081543 539.191795349121 709.192504882812 501.519676208496 530.098091125488 691.074836730957 557.985893249512 543.987302780151 637.989692687988 653.303565979004 625.408081054688 749.885986328125 647.030517578125 592.726680755615 907.629776000977 669.590013980865 692.869422912598
565.152762413025 656.596992492676 421.016563415527 526.333969116211 604.646068572998 405.943054199219 627.314916610718 566.605339050293 524.334121704102 679.431526184082 579.218715667725 596.781147956848 640.578247070312 629.291366577148 626.595497131348 494.885189056396 519.813919067383 594.196401596069 542.777468204498 593.002353668213 501.772491455078 575.095280647278 586.754787445068 682.708312988281 590.744922637939 605.36572265625 634.809406280518 575.460235595703 581.439922332764 591.972064971924 558.015594482422 395.369110107422 484.863059997559 551.147186279297 586.769643783569 653.270072937012 559.272338867188 593.826379776001 653.998924255371 481.243682861328 541.94760799408 564.148023605347 687.004020690918 642.36435174942 1061.38611984253 596.802227020264 643.303817749023 579.099273681641 742.476928710938 419.103317260742
584.536434173584 674.081497192383 501.337512969971 640.37663269043 595.318267822266 546.237935066223 524.703399658203 507.65336227417 599.452299118042 458.009353637695 592.871440887451 578.927962779999 445.438598632812 510.052492141724 574.947839736938 636.841972351074 578.847854614258 565.903787612915 585.861141204834 663.403511047363 632.938865661621 517.656154632568 481.814697265625 447.140190124512 556.527324676514 596.37523651123 558.97326374054 770.394855499268 571.27393913269 617.266342163086 567.426774978638 639.267080307007 470.850204467773 611.305616378784 664.440223693848 601.528659820557 465.642272949219 630.347147941589 649.624088287354 452.108551025391 532.563869476318 603.790893554688 745.220779418945 562.27109336853 1057.2082862854 491.171543121338 602.597030639648 355.414749145508 542.944858551025 571.445167541504
414.193893432617 546.764870166779 553.764084875584 503.62141418457 527.166753768921 399.035263061523 489.285385131836 326.181442260742 553.404336929321 703.112846374512 515.037200927734 631.19994354248 516.529045581818 433.320724487305 709.011901855469 552.464359283447 432.261474609375 670.671905517578 470.387516021729 717.462142944336 653.467765808105 653.15454864502 431.521522521973 523.218606948853 611.152923583984 469.977939605713 525.156631469727 701.574321746826 997.327907562256 527.629329681396 792.652618408203 727.926048278809 657.055153846741 536.119499206543 459.836921691895 581.899787902832 567.428211212158 494.745567321777 477.073394775391 628.572746276855 524.12149810791 667.369354248047 647.527008056641 661.641624450684 431.391967773438 788.218566894531 553.259918212891 447.794761657715 639.034881591797 464.262069702148
536.203861236572 497.699562072754 645.720626831055 659.70783996582 446.158752441406 684.452330112457 602.158149719238 556.944988250732 597.917725563049 492.754829406738 622.176361083984 606.111736297607 445.349655151367 472.128448486328 396.386169433594 533.899145007133 751.578521728516 612.035713195801 640.772880554199 465.568641662598 573.737051010132 582.554376602173 510.363773345947 426.942863464355 538.682600736618 478.412296295166 589.636680603027 659.197742462158 763.625663757324 748.258010864258 528.605690002441 468.465141296387 570.106637954712 495.683532714844 633.860168457031 605.218544006348 604.931526184082 638.120094299316 386.892028808594 509.380729675293 488.158233642578 445.28434753418 497.404026031494 494.765300750732 503.305458068848 538.102823257446 717.065994262695 443.844566345215 575.662590026855 558.355052947998
605.37841796875 365.696060180664 462.252075195312 503.280948638916 502.075429916382 400.542915344238 437.386566162109 613.813636779785 462.282203674316 373.596923828125 487.901168823242 692.734733581543 386.762222290039 502.65255355835 563.377343177795 402.60986328125 670.651206970215 670.053649902344 492.535045623779 385.582138061523 579.411602020264 334.687759399414 582.949820518494 466.68830871582 368.097076416016 531.351345062256 421.288452148438 605.781608581543 808.606555938721 928.72306060791 414.270217895508 590.61897277832 508.317919254303 602.037414550781 434.938819885254 526.734006881714 505.498350143433 633.53116607666 633.975517272949 713.932662963867 615.916603088379 504.867198944092 525.945969104767 616.003173828125 496.675235748291 596.710594177246 497.133724212646 526.370567321777 595.637680053711 625.171680450439
615.140110015869 540.076536417007 593.635189056396 608.381576538086 591.739194869995 486.817565917969 655.965042114258 645.830978393555 467.768974304199 580.627994537354 493.427215576172 587.236156463623 517.409923553467 589.726379394531 487.98148727417 545.779518127441 602.972400665283 597.265407323837 697.383010864258 507.392959594727 508.45911026001 448.498344421387 543.836047172546 429.799873352051 489.505317687988 538.826173782349 479.747848510742 735.260675370693 559.774703979492 611.090881347656 593.528514862061 585.206161499023 356.136703491211 481.755275726318 527.363515853882 445.485321044922 529.207420349121 587.13134765625 464.585456848145 561.890712738037 587.04568862915 509.205715179443 480.271427154541 548.946060657501 410.205276489258 446.947265625 322.488159179688 603.198123931885 599.679496765137 552.896073818207
521.073383331299 470.740837097168 590.808319091797 443.015296936035 502.952571868896 517.548852920532 613.75887298584 588.587049484253 459.254409790039 596.728071212769 649.639636993408 515.010813713074 505.166185379028 508.518725395203 422.953163146973 518.374053955078 606.191753387451 582.026344299316 517.390842437744 591.559970855713 436.139572143555 552.397808074951 467.467262268066 682.486114501953 563.003410339355 396.188354492188 570.246949195862 613.789192199707 617.130249023438 552.423727035522 396.401916503906 544.909566879272 459.450080871582 508.335998535156 420.161277770996 536.845195770264 452.878601074219 573.135734558105 551.389899253845 483.589508056641 709.708847045898 601.944835662842 479.207748413086 392.349075317383 402.715408325195 505.956615447998 606.208213806152 388.582107543945 454.839935302734 647.835540771484
595.933525085449 714.594375610352 586.01050567627 544.71376490593 473.081657409668 597.684001922607 631.22972869873 539.754503250122 621.314437866211 463.223007202148 549.423934936523 522.634090423584 464.735618591309 569.844863891602 634.161338806152 469.475433349609 523.773903846741 531.436444282532 460.375030517578 615.459594726562 508.681346893311 518.016933441162 680.377822875977 425.277839660645 564.207333087921 439.733627319336 630.451766967773 491.808731079102 620.985916137695 725.308379173279 592.230018615723 439.297439575195 276.203002929688 324.230987548828 315.91178894043 475.989696502686 537.864949703217 496.31530380249 402.487731933594 416.079460144043 440.295951843262 595.512748718262 620.002159118652 448.851318359375 582.812767028809 476.10472869873 441.588905334473 475.130477905273 551.010718822479 480.6845703125
524.474098205566 645.73509979248 537.911559939384 615.491722106934 686.547882080078 613.187000274658 657.865798950195 551.217531681061 546.308187484741 576.330032348633 608.713386535645 671.920448303223 591.40747833252 501.298789978027 507.83837890625 462.567245483398 531.910757064819 652.465881347656 427.185653686523 553.672092437744 453.92259979248 536.993086338043 509.230556488037 556.583365917206 556.943445205688 353.208618164062 415.136260986328 504.556205749512 429.488708496094 532.269844055176 593.252227783203 634.402938842773 563.134773254395 469.476173400879 540.611778259277 501.735569000244 526.594794273376 656.320487976074 506.350059509277 645.412452697754 568.067951202393 467.514831542969 801.594509124756 533.101913452148 593.170516967773 531.680137634277 554.319370269775 652.659482955933 458.74600982666 563.211666107178
