export/dem/dem22.asc
NCOLS 350
NROWS 171
XLLCORNER 152620
YLLCORNER 418050
CELLSIZE 100
NODATA_VALUE -9999
[rows 132 to 153 of 171, columns 300 to 349 of 350]
840.96354675293 1015.68307495117 1483.90242767334 1119.32368850708 1112.59007263184 1163.05165100098 1635.59230041504 1478.55197143555 1202.61143875122 1251.93694210052 1183.75045394897 1332.89756774902 1259.57995605469 1522.41431427002 1423.31894302368 978.606534957886 1103.11031341553 1035.43960571289 1003.23448181152 1076.27056884766 867.680938720703 1105.0666809082 901.564914703369 812.581567764282 826.251292228699 824.355537414551 896.497871398926 726.636352539062 901.665342330933 759.864349365234 724.440277099609 781.412757873535 684.062927246094 1042.34798431396 -9999 -9999 -9999 -9999 -9999 -9999 -9999 -9999 -9999 -9999 -9999 -9999 -9999 -9999 -9999 -9999
817.187520980835 726.253890991211 886.76379776001 1271.76111125946 1186.9203338623 999.290946960449 1487.25109863281 1716.1148223877 1339.47813415527 1245.25440979004 1336.35752868652 1241.00319290161 1230.82484436035 1158.78744125366 1775.96365356445 1958.14012145996 1726.11799621582 1925.82775944471 1699.83497619629 1359.94542694092 1616.06359863281 869.56725358963 1054.18106079102 870.577291488647 839.864216327667 820.418403625488 788.966804504395 801.939483642578 736.346206665039 890.646045684814 874.415357589722 1056.20657348633 850.23868560791 896.87659072876 -9999 -9999 -9999 -9999 -9999 -9999 -9999 -9999 -9999 -9999 -9999 -9999 -9999 -9999 -9999 -9999
846.152809143066 775.137920379639 820.716449737549 1153.44360351562 1096.72894287109 1171.92335510254 1397.12680053711 1487.45401000977 1425.43807983398 1234.06120300293 1278.1597442627 1410.95622253418 1440.71244812012 1260.55992126465 1488.62698364258 1476.8910369873 1296.12034606934 1435.78221130371 1179.32366943359 1165.85433959961 1143.16340255737 1302.22967529297 855.368587493896 783.402893066406 727.506286621094 953.720329284668 947.724442481995 848.691787719727 746.569183349609 815.870239257812 835.167213439941 719.322998046875 944.072882652283 874.507759094238 920.542289733887 -9999 -9999 -9999 -9999 -9999 -9999 -9999 -9999 -9999 -9999 -9999 -9999 -9999 -9999 -9999
610.900131225586 636.595588684082 1114.38544464111 1366.16905212402 1250.79183959961 1302.37210083008 1182.59771728516 1544.1297454834 1580.22506713867 1300.65408325195 1206.45323181152 1389.78199005127 1262.85020446777 1155.0280380249 1597.40441894531 1815.85873222351 1355.90907669067 1202.74624633789 1122.65209960938 1130.58769226074 1051.32266235352 1043.23274230957 1341.0608215332 976.568271636963 761.501815795898 810.493114471436 832.267187058926 801.267204284668 828.05396270752 640.254638671875 916.63191318512 781.392608642578 1188.14682769775 866.418037414551 773.92463684082 758.579605102539 -9999 -9999 -9999 -9999 -9999 -9999 -9999 -9999 -9999 -9999 -9999 -9999 -9999 -9999
922.558288574219 897.288423538208 905.629592895508 1101.83497619629 1047.51490783691 1266.05978393555 1210.41998291016 1198.79290771484 1178.43873596191 1144.79234313965 1150.15430450439 1223.08381652832 1385.36608123779 1846.20030212402 1268.65924072266 1286.01689147949 1146.55523681641 1089.18998718262 971.677245140076 1154.95986938477 1083.64503479004 1063.19885253906 1051.64156341553 1090.40644073486 828.712997436523 910.400718688965 855.947359085083 936.26749420166 868.463430702686 708.020065307617 931.565185546875 1555.74325942993 757.150733947754 737.630828857422 797.410724639893 812.455215454102 -9999 -9999 -9999 -9999 -9999 -9999 -9999 -9999 -9999 -9999 -9999 -9999 -9999 -9999
834.730169296265 1020.60427093506 986.696846008301 974.723983764648 1059.00741577148 1376.86102294922 1252.74784851074 1114.95021057129 1017.72371673584 1146.63620758057 1006.29559135437 1011.17317962646 1426.30764770508 1433.38350963593 1397.78460693359 1182.15601348877 1178.38109588623 1068.14790344238 1114.1212310791 912.586238861084 1055.51382446289 1108.55026245117 1074.97145843506 1010.06345415115 862.389923095703 956.095657348633 1720.17322158813 825.937637329102 833.380463123322 738.014541625977 1282.76955032349 955.023273468018 774.275573730469 817.199642181396 847.811415910721 808.117111206055 850.609462738037 -9999 -9999 -9999 -9999 -9999 -9999 -9999 -9999 -9999 -9999 -9999 -9999 -9999
843.052417755127 855.19800567627 969.882411956787 818.511969566345 874.154449462891 1106.42189025879 1369.7693939209 1159.36224365234 1180.80488586426 1155.97601318359 1050.98637390137 953.82488155365 1160.91206169128 1764.8936920166 1339.11273574829 1256.10438299179 1061.79619026184 1208.52546691895 1072.17302703857 1075.07581329346 1063.05453491211 1123.96800231934 1019.82560062408 969.2858543396 808.341217041016 730.991149902344 900.853942871094 870.625068664551 990.763328552246 1110.75312805176 1005.62236022949 978.064041852951 946.713676452637 976.340614318848 825.508518218994 917.372226715088 741.868194580078 -9999 -9999 -9999 -9999 -9999 -9999 -9999 -9999 -9999 -9999 -9999 -9999 -9999
581.819793701172 827.82160949707 1013.32724761963 1021.24987792969 980.057586669922 1029.14556884766 1277.78622436523 1261.41836547852 984.351881027222 960.184379577637 1016.9678735733 877.779563903809 1012.69235897064 928.664680480957 1630.73017734289 1584.80313110352 900.294910430908 1145.12171936035 1064.15448379517 1154.76504516602 1222.97171020508 795.132507324219 1080.40787506104 968.288218021393 793.90461730957 847.228607177734 1073.72844696045 866.069526672363 1006.22896957397 1267.24005126953 1009.81913566589 1046.49752044678 1185.83625793457 1162.49337768555 856.681827545166 908.13650894165 890.647413730621 818.127128601074 -9999 -9999 -9999 -9999 -9999 -9999 -9999 -9999 -9999 -9999 -9999 -9999
657.851654052734 959.798027038574 805.789142608643 869.334297180176 1032.78277587891 1157.24946594238 1047.353515625 1112.08507537842 1088.41221046448 1060.62656593323 1118.36798858643 1197.18255615234 1042.00956344604 1082.39798736572 1309.15331840515 1604.85003662109 1301.3948059082 1116.47408294678 1179.8779296875 1076.13478088379 1081.28028392792 884.897686004639 1048.75183868408 979.654777526855 1067.74993896484 944.99786567688 951.419025421143 844.520751953125 1002.60202026367 1005.10173606873 1315.72702026367 1020.55686187744 1062.9235496521 937.59309387207 894.314969062805 934.470042228699 1122.12455749512 936.272392272949 -9999 -9999 -9999 -9999 -9999 -9999 -9999 -9999 -9999 -9999 -9999 -9999
732.205367565155 806.479995727539 1025.59558105469 732.267288208008 803.897125244141 896.205150604248 1036.60442352295 827.978340148926 1140.16720581055 947.914291381836 978.746044158936 988.020858764648 856.056198120117 1068.72966194153 1309.34199523926 1479.38863372803 1137.13296508789 1313.08056640625 1211.60334014893 1151.83797454834 1119.67953491211 1008.70748138428 1061.48229217529 1086.27391052246 1077.73789978027 953.501232147217 839.619468688965 946.083351135254 1025.71467590332 1155.27128601074 1239.66956138611 1149.9914932251 967.137016296387 894.656539916992 855.653854370117 738.089233398438 833.925086975098 992.64892578125 837.987337350845 -9999 -9999 -9999 -9999 -9999 -9999 -9999 -9999 -9999 -9999 -9999
895.113342285156 832.631671905518 904.388473510742 916.572799682617 992.699100494385 1071.00206184387 1273.11651611328 1086.86578369141 1068.40250396729 1171.19691467285 890.22798538208 1172.86399459839 1008.00867605209 1017.59164810181 1432.97525024414 1026.18142318726 1129.06782531738 1027.8214225769 997.976634979248 1163.24600219727 1446.07554626465 1085.07331252098 1467.74868774414 1039.03867721558 949.350409030914 1047.23908615112 826.264976501465 1043.29922199249 1088.08283233643 1134.77519989014 1159.09540939331 1066.85494995117 906.600318908691 1036.80755233765 1046.30157089233 796.589256286621 902.976451873779 934.960785865784 765.308128356934 -9999 -9999 -9999 -9999 -9999 -9999 -9999 -9999 -9999 -9999 -9999
615.078826904297 811.764820098877 769.212465286255 804.407051086426 925.340579986572 919.670463562012 934.479207038879 973.062989234924 677.789672851562 787.805094718933 838.871994018555 1045.65502929688 1131.29196166992 1221.39295959473 1122.81890487671 1399.50155830383 995.459049224854 978.553874969482 958.146894454956 1148.99577331543 964.219177246094 968.696441173553 1076.01432800293 1165.33941650391 1106.87044906616 938.30700302124 1103.34233474731 898.416946411133 1204.53828430176 970.693199157715 899.124374389648 1218.21337890625 1083.5770111084 850.786296844482 862.721900939941 802.15185546875 830.136619567871 960.708530426025 991.522262573242 -9999 -9999 -9999 -9999 -9999 -9999 -9999 -9999 -9999 -9999 -9999
750.084308624268 767.864707946777 704.038661956787 667.102556228638 806.462772369385 749.783683538437 823.186912536621 700.217149734497 738.698425292969 954.809066772461 698.435287475586 623.564743041992 663.817626953125 974.354503631592 1064.55596256256 1035.2297668457 1634.19320678711 984.670890808105 1193.45321655273 1011.95290517807 936.347616195679 844.421485900879 1048.90900421143 1287.14590454102 1048.16882324219 994.62272644043 1643.5753326416 1061.14069366455 1004.48450469971 935.551628112793 1057.51301956177 994.788455963135 812.998893737793 770.134010314941 815.086044311523 906.034477233887 853.079551696777 917.942291259766 721.688842773438 802.021041870117 -9999 -9999 -9999 -9999 -9999 -9999 -9999 -9999 -9999 -9999
880.280548095703 841.074966430664 664.646190643311 664.154907226562 700.400737762451 821.334533691406 913.197860717773 748.702470779419 640.274078369141 653.457733154297 792.230341911316 605.6728515625 692.316101074219 864.048973083496 1063.23012542725 1099.89234924316 1016.21156311035 1111.68391799927 1539.26533508301 931.510902404785 1047.84418869019 1058.24554443359 973.754493713379 983.542221069336 1492.81040763855 1584.79424476624 1056.37971496582 1388.02998352051 952.021408081055 1047.62459945679 1165.10351371765 1007.32876586914 771.59049987793 860.257381439209 1009.90647888184 981.650755405426 965.895197346807 872.554050445557 890.9127150774 888.848197937012 -9999 -9999 -9999 -9999 -9999 -9999 -9999 -9999 -9999 -9999
870.539741516113 736.658937454224 771.041133880615 843.394203186035 681.165668487549 851.448249816895 749.648109436035 553.272277832031 837.398635864258 906.217803955078 760.015640258789 657.956146240234 652.316848754883 873.506767272949 865.755893707275 945.126915097237 1060.78596496582 931.300270080566 1012.52983283997 1307.20901489258 1061.47553253174 1070.80256652832 1035.64501094818 1049.53870201111 933.594841003418 1289.0776014328 1121.31710621715 959.568874359131 1034.07204818726 991.304759979248 1105.46903991699 990.656776428223 723.597366333008 1006.85440063477 934.249252319336 967.311038970947 887.583511352539 904.150215148926 922.048813819885 927.606564044952 -9999 -9999 -9999 -9999 -9999 -9999 -9999 -9999 -9999 -9999
771.735639572144 825.121891021729 759.874572753906 721.111116409302 758.774705886841 893.199710845947 794.773848056793 786.568039894104 610.254028320312 1045.05276489258 938.652824878693 712.31672668457 780.649696350098 678.236938476562 827.331972122192 1007.13209533691 905.91291809082 1079.04949951172 887.252334594727 1059.42607307434 1004.41381454468 1027.70182800293 1027.81393790245 1056.52291107178 1038.73084163666 853.503540039062 902.106658935547 1282.45686912537 1085.8161239624 1030.70934295654 959.859310150146 1016.28318786621 815.667320251465 833.64737701416 895.332725524902 937.533433914185 912.094841003418 889.047897338867 954.389469146729 907.937755584717 841.308044433594 -9999 -9999 -9999 -9999 -9999 -9999 -9999 -9999 -9999
866.020805358887 839.490440368652 832.725902557373 656.926322937012 626.387367248535 770.784544944763 776.514228820801 812.88071346283 844.720785140991 845.710189819336 774.523445129395 809.870544433594 852.174873352051 793.685363769531 749.797672271729 834.855958938599 706.870513916016 907.567138671875 851.394088745117 941.891372680664 937.105918884277 917.793182373047 1148.01139450073 1010.95770263672 913.983497619629 947.71102142334 1134.58721160889 893.42032623291 811.318908691406 908.982975006104 949.414108276367 961.375988006592 1054.47932434082 922.945672988892 1041.18002319336 989.120613098145 998.975017547607 982.359826564789 996.49186706543 991.29719543457 950.586132049561 -9999 -9999 -9999 -9999 -9999 -9999 -9999 -9999 -9999
768.76658821106 859.209087371826 844.476768493652 734.92554473877 807.982414245605 717.445304870605 621.375701904297 839.916764080524 726.587577819824 787.865489959717 689.04573059082 899.134088516235 889.521363258362 1071.77712631226 1014.21844482422 773.330574035645 681.396354675293 893.308666229248 826.842624664307 786.073146820068 981.930130004883 957.466469764709 1138.75452613831 1110.86414718628 1011.68070983887 992.622514724731 867.876274108887 947.025856375694 782.824913024902 1038.93375396729 808.885681152344 910.428509712219 832.284984588623 983.921226501465 1076.69992828369 1081.61043930054 854.36109161377 1120.26715087891 959.87264251709 909.818483352661 1001.69883346558 1050.12122344971 -9999 -9999 -9999 -9999 -9999 -9999 -9999 -9999
701.183227539062 710.996131896973 715.773727416992 753.378484725952 738.603944778442 664.258232116699 731.704828262329 795.704162597656 702.39958190918 918.192729949951 677.603668212891 933.593143463135 893.677215576172 792.433303833008 875.430141448975 902.057064056396 707.639556884766 990.389343261719 778.03088760376 1005.17471313477 941.854606628418 788.259506225586 796.09228515625 1041.81438827515 991.564231872559 836.510704040527 1119.14848327637 1057.61332702637 1083.07275390625 830.210441589355 935.735198974609 1038.32392883301 939.086460113525 1009.35175323486 990.627559661865 856.812965393066 1100.07060241699 872.413375854492 961.628433227539 864.956565856934 856.885681152344 914.551441192627 -9999 -9999 -9999 -9999 -9999 -9999 -9999 -9999
757.343963623047 804.943458557129 760.921493530273 896.61238861084 768.94831943512 749.527743339539 739.509887695312 868.113368988037 759.654945373535 794.609802246094 876.354785919189 904.321929931641 1018.21784210205 726.084075927734 933.887531280518 836.818824768066 928.999673843384 931.096183776855 902.548622131348 872.948947906494 834.211768627167 922.735412597656 879.219123840332 879.917995452881 809.849479675293 563.411804199219 862.530540466309 860.189956665039 1030.65486907959 1043.04391860962 922.408042907715 1018.45861816406 909.849762916565 898.138221740723 1496.03601074219 977.591239929199 983.845962524414 904.249389648438 917.955123901367 1068.11363983154 1026.03410339355 991.909705638885 1067.84837341309 -9999 -9999 -9999 -9999 -9999 -9999 -9999
778.799745559692 825.396167755127 743.16869354248 660.133865356445 764.607095718384 887.270240783691 647.322303771973 805.984592437744 999.96794128418 837.475351333618 835.137626647949 1027.37344169617 948.729915618896 823.063339233398 777.096725463867 1103.89292907715 1087.21303939819 1048.53958892822 1045.21417999268 1064.4743270874 1033.41529083252 810.223707199097 865.167401313782 821.801139831543 802.983322143555 734.685012817383 909.377105712891 739.781745910645 785.449073791504 1048.51212310791 978.529907226562 1036.12522888184 806.40104675293 898.408302307129 1234.55921554565 1039.79907989502 943.359676361084 959.186340332031 855.982269287109 1014.29788398743 1000.4317741394 944.022079467773 907.504898071289 -9999 -9999 -9999 -9999 -9999 -9999 -9999
918.261627197266 892.062400817871 825.892646789551 722.889511108398 761.265712738037 756.313583374023 710.215637207031 843.902584075928 802.806287765503 782.328570365906 849.161354064941 875.355611801147 1069.79225540161 900.532321929932 798.851572036743 865.238269805908 751.342834472656 855.711112976074 1011.28084182739 940.762790679932 906.335359573364 846.824821472168 1159.98004150391 823.219047546387 762.61302947998 914.411658763885 836.592018127441 781.887077331543 832.12885093689 663.966369628906 876.022644042969 932.923099517822 957.253761291504 816.371757507324 1181.96675109863 703.287780761719 908.617191314697 986.193294525146 860.809982299805 851.383163452148 962.946933746338 1031.4564101696 931.223167419434 865.822975158691 -9999 -9999 -9999 -9999 -9999 -9999
