export/dem/dem26.asc
NCOLS 350
NROWS 171
XLLCORNER 152620
YLLCORNER 418050
CELLSIZE 100
NODATA_VALUE -9999
[rows 132 to 153 of 171, columns 250 to 299 of 350]
984.471160888672 848.920955657959 929.740570068359 887.661239624023 782.490489959717 676.759917259216 467.880142211914 501.477584838867 639.955947875977 747.685718536377 725.910755157471 655.373641967773 799.21057510376 619.608169555664 790.996596813202 780.918212890625 663.801765441895 603.638305664062 778.26335144043 708.822334289551 756.160564422607 677.807117462158 684.452795028687 751.60856628418 662.985706329346 761.509483337402 688.161998748779 710.203048706055 565.494186401367 555.088043212891 611.656551361084 642.943200111389 668.51605796814 759.459190368652 794.006439208984 649.598600387573 659.234924316406 666.446792602539 704.941371917725 765.613929748535 979.778958797455 1067.73072814941 740.126068115234 1150.67970275879 1010.10667419434 812.507461547852 854.574394226074 739.799041748047 1001.5694732666 827.495864868164
758.70859336853 648.632690429688 841.47509765625 706.263900756836 690.032684803009 478.365432739258 609.582677841187 475.391555786133 626.694404602051 724.602275848389 627.765018463135 821.5849609375 835.481506347656 673.007148742676 729.952540397644 729.515787601471 734.69878578186 893.405456542969 962.553020477295 814.894401550293 832.075103759766 669.807106018066 815.734878540039 750.922653198242 721.154957771301 613.081832885742 622.858333826065 580.939880371094 633.229230880737 643.144777297974 500.384780883789 616.763380050659 646.894725799561 651.570162296295 557.856491088867 616.084476470947 693.321479797363 603.191284179688 634.542079925537 600.134338378906 630.898345947266 724.663665771484 905.569702148438 1038.60171508789 944.135597229004 916.887596130371 1135.84357261658 856.555057525635 765.298080444336 1025.40204620361
885.492553710938 897.318229675293 847.258369445801 614.309226989746 414.00032043457 517.355453491211 622.485050201416 687.874153137207 688.61986541748 792.434517860413 725.371856689453 809.368854522705 762.504618644714 747.658513963223 843.658142089844 725.168144226074 818.44603729248 964.948379516602 910.876670837402 768.386487007141 910.369445800781 782.220676422119 788.661262512207 778.663856506348 690.3849401474 604.139854431152 645.880332946777 705.66971206665 735.764610290527 730.771629333496 660.896349906921 632.048419952393 606.112548828125 436.617370605469 549.851272583008 480.700134277344 693.874420166016 714.4280128479 669.814041137695 794.086860656738 639.679260253906 602.368499755859 745.717956542969 804.437867164612 924.948427200317 1080.93438720703 883.85551738739 799.439105987549 941.043300628662 759.554428100586
727.389511108398 630.066902160645 639.121551513672 610.804077148438 556.293087005615 560.191146850586 795.204105377197 779.075881958008 824.913393974304 1016.81550598145 878.306838989258 1037.72859191895 881.044731140137 795.285362243652 653.179573059082 786.331350326538 853.83317565918 764.17193031311 795.065052032471 915.878433227539 879.987419128418 790.797161102295 679.122058868408 744.940502166748 716.936828613281 542.603134155273 621.044555664062 548.986518859863 695.605346679688 692.231979370117 720.808265686035 715.436176300049 769.606018066406 551.540405273438 669.38612985611 641.296039581299 580.527637481689 715.911194801331 728.569358825684 593.083236694336 719.475082993507 668.558912038803 759.085388183594 643.434871673584 643.781494140625 911.217593193054 920.462310791016 1039.92063903809 969.33805847168 911.320810317993
746.178621292114 742.296192169189 661.084339141846 678.944122314453 725.711387634277 877.179893493652 915.91788482666 873.460380554199 924.078033447266 853.698883056641 883.217079162598 877.059494018555 658.249985873699 796.680675506592 738.85720539093 691.211540222168 747.500091552734 812.655608415604 703.622123718262 814.241424560547 806.404850959778 741.728080749512 716.542359352112 787.573257446289 682.33104133606 497.989700317383 620.278060913086 713.088233947754 693.97186088562 673.229721069336 616.760116577148 571.345211029053 553.781341552734 693.518384933472 695.842572212219 561.75927734375 663.512886047363 649.988700866699 573.246002197266 654.852508544922 539.141830444336 607.871910095215 716.71192741394 584.979881286621 822.029602050781 854.402774810791 843.942522525787 870.342849731445 783.173374176025 1035.02879333496
793.115745544434 725.521556854248 760.035373687744 621.599464416504 812.130243301392 704.230094909668 835.603126525879 892.706916809082 780.321346282959 768.828035354614 831.110862731934 801.31941986084 818.647972106934 656.079029083252 831.694313049316 733.420331001282 747.664136886597 864.158798217773 728.811542510986 730.799907684326 668.099565029144 679.876712799072 712.870662212372 733.058174133301 615.639656066895 659.013560295105 656.069993019104 537.429382324219 572.496757507324 715.79634475708 628.10022354126 656.979370117188 627.832766532898 645.542507171631 709.291465759277 713.10729598999 810.326538085938 753.305503845215 660.491991043091 627.26448059082 668.466438293457 499.557052612305 662.428970336914 817.293792724609 724.062948226929 705.170627593994 852.654433250427 931.94660949707 725.287605285645 838.739431381226
738.869071960449 733.384191513062 767.352459669113 795.034620285034 815.97444152832 715.157180786133 768.417475700378 765.101423740387 750.855620384216 823.425247192383 896.341613769531 920.928314208984 704.66828918457 870.879438400269 715.791507720947 631.121620178223 755.536319732666 657.694213867188 644.464515686035 670.706321716309 808.16438293457 789.864768981934 803.572456359863 732.9870262146 676.52045249939 683.410474777222 575.499847412109 573.141204833984 678.754477739334 563.418083190918 694.032242298126 725.915828704834 631.160396575928 779.613227844238 763.832359313965 665.782740354538 542.942207336426 755.289276123047 656.745342254639 661.525470733643 545.726181030273 648.660682678223 750.21964263916 716.461932182312 950.82975769043 695.179563999176 614.156318664551 745.57172870636 853.906913757324 901.150665283203
755.008378982544 768.699421882629 875.037948608398 749.6442527771 722.973030090332 814.41229057312 828.238475799561 791.193619728088 945.974655151367 904.780410766602 663.424690246582 674.550590515137 906.739639282227 734.337814331055 827.8157081604 860.13111114502 665.27400970459 983.589218139648 671.516647338867 749.005034446716 867.33642578125 734.350452423096 880.040939331055 753.759441375732 745.754053115845 675.550819396973 687.383529663086 672.500335693359 674.326850891113 781.507911682129 577.070953369141 743.495899200439 718.419580459595 596.557083129883 805.761451721191 665.291082382202 653.792907714844 759.492305755615 429.501739501953 680.436637878418 691.502605438232 714.662270545959 690.781240463257 746.128366470337 912.34162902832 782.620098114014 630.362281799316 815.503288269043 847.932010650635 837.785507202148
898.485412597656 789.633831858635 803.190507888794 925.116165161133 721.32347869873 756.85852432251 812.699829101562 789.981719017029 802.467493057251 680.680213928223 659.012023925781 967.596694946289 651.27815246582 665.079376220703 779.121971130371 641.953842163086 1093.75573730469 943.316223144531 631.031799316406 612.364295959473 652.190441131592 716.442801475525 809.212669372559 802.365085601807 794.062553405762 695.200942993164 886.27562713623 726.745216369629 659.831514358521 840.623306274414 735.442977905273 788.982292175293 712.514501571655 690.37278175354 686.563456535339 609.057720184326 708.202617645264 643.863128662109 682.30973815918 857.836090087891 608.910934448242 678.915470123291 981.548217773438 914.8408203125 783.718643188477 853.41471862793 681.288047790527 782.468780517578 890.997467041016 830.533447265625
693.834596633911 797.803689956665 825.083588600159 880.344146728516 787.518577575684 825.695718765259 722.490829467773 860.373880386353 915.087478637695 933.35041809082 599.171234130859 820.742847442627 660.137420654297 828.653982162476 818.479755401611 767.467903137207 846.653629302979 781.439551115036 831.327480316162 697.767585754395 688.632968902588 608.095748901367 772.851142883301 803.618194580078 926.555953979492 856.985893249512 857.946231842041 890.272759914398 746.772323608398 873.713233947754 897.940887451172 807.867767333984 785.963600158691 620.108657836914 616.465072631836 749.627151489258 685.867684841156 703.236701011658 771.529076576233 697.241602897644 758.294288635254 641.58268737793 503.309417724609 734.347478866577 845.839515686035 815.462562561035 639.340744018555 729.504676818848 725.082817077637 773.90106010437
847.615653991699 809.135746002197 1171.38529014587 863.536224365234 877.152273178101 732.025520324707 610.848449707031 640.319264888763 921.589477539062 724.24494934082 915.728523254395 839.556804656982 707.82169342041 952.419982910156 910.036613464355 938.323867797852 787.21199798584 891.238464355469 883.918746948242 658.25040435791 567.2607421875 624.376991271973 767.489791870117 890.652923583984 820.174598693848 847.111473083496 856.878486633301 801.026570320129 738.062843322754 851.676719665527 699.498397827148 655.779758453369 710.416751861572 762.529663085938 697.919281005859 791.812255859375 681.348781585693 783.66983795166 791.400802612305 767.931148529053 838.821197509766 789.207275390625 766.664665222168 727.353164672852 753.753952026367 659.877243041992 768.216239929199 824.290519714355 673.621528625488 717.135219573975
633.958576202393 696.795258283615 996.258460998535 824.767295837402 828.921028137207 686.221969604492 802.507437705994 1010.72895431519 927.861694335938 873.250282287598 874.697555541992 779.308366060257 664.364898681641 875.674217224121 846.329751968384 776.473182678223 870.306529998779 778.950382232666 908.272594451904 834.678833007812 590.552505493164 785.617919921875 774.535652160645 730.494738578796 889.786636352539 633.803611755371 815.41178894043 883.655944824219 729.332416534424 827.488731384277 725.65157699585 723.757511138916 720.772504806519 712.966672897339 771.471755981445 793.149261474609 862.128768920898 832.870040893555 824.136047363281 711.616276741028 759.075168609619 747.023571014404 576.602088928223 747.699504852295 525.588729858398 619.946731567383 661.509719848633 917.036865234375 731.095022201538 575.646827697754
599.353317260742 648.855674743652 806.066333770752 766.822973251343 836.841667175293 705.613456726074 772.002655029297 848.23957824707 760.869285583496 799.18511557579 850.881423950195 854.945983886719 849.626033782959 834.743280410767 826.043972015381 883.783561706543 842.844961166382 966.976425170898 642.957977294922 787.083463668823 930.335739135742 830.471813201904 788.03137588501 828.162006378174 931.957229614258 732.162506103516 644.929237365723 909.593811035156 1016.47715759277 909.260803222656 977.317123413086 977.179229736328 706.937139511108 808.040618896484 765.876777648926 739.84280538559 740.124242782593 720.34103012085 819.71492767334 751.886098861694 720.900266647339 776.291034698486 725.492383003235 860.186798095703 721.034093379974 872.347518920898 647.382530212402 686.778179168701 576.152770996094 771.948753356934
-9999 -9999 -9999 863.299170732498 959.462219238281 833.193115234375 789.252048492432 767.1335978508 735.014877319336 800.184844970703 929.04906463623 702.847511291504 932.367904663086 963.367311477661 883.823192596436 989.245796203613 1067.3275604248 903.68140411377 829.636692047119 954.70491027832 764.271423339844 876.94916343689 861.534952163696 855.805706977844 784.43265914917 693.87854385376 740.126028060913 805.639831542969 689.129603385925 806.126613616943 937.481903076172 871.649925231934 811.122100830078 808.804050445557 806.322372436523 817.145233154297 808.131134033203 759.083927154541 848.565559387207 736.991703033447 793.021356105804 777.134162545204 757.879816055298 715.406584739685 694.457401275635 844.138031005859 694.193626403809 719.889610290527 743.132516860962 921.414199829102
-9999 -9999 -9999 -9999 -9999 -9999 782.020309448242 786.671348571777 744.870866775513 804.984447479248 728.938549041748 546.53881072998 788.020737409592 827.811241149902 757.256187438965 836.537948608398 895.40665435791 748.075286865234 867.547847747803 1018.87261199951 924.789520263672 929.598609924316 869.609405517578 1035.5111541748 870.063985824585 750.856515884399 816.095241546631 811.871559143066 677.002967834473 724.031806945801 673.591659545898 1004.96064376831 749.60417175293 747.992458343506 873.448974609375 676.761894226074 875.481563568115 830.487064361572 884.29764175415 1011.63684082031 959.066032409668 851.744682312012 786.968353271484 639.64372253418 701.405960559845 677.709075927734 597.708702087402 774.25993347168 942.491607666016 808.028579711914
-9999 -9999 -9999 -9999 -9999 -9999 -9999 -9999 -9999 840.986988067627 751.840600967407 752.308621406555 840.465203762054 822.803169250488 608.861679077148 657.283233642578 1160.86416625977 891.523601531982 953.121604919434 973.957885742188 750.529052734375 695.307205200195 855.618766784668 1011.19075012207 988.632904052734 948.300827026367 668.36865234375 655.687404632568 736.64444732666 903.476669311523 860.850574374199 928.188751220703 704.983076095581 733.76491355896 849.556884765625 788.741828918457 737.107927322388 770.23282623291 631.962989807129 672.442779541016 697.682149887085 759.735527038574 760.865825653076 592.045288085938 826.100761413574 789.859062194824 855.59895324707 755.563823699951 672.649803161621 756.704241752625
-9999 -9999 -9999 -9999 -9999 -9999 -9999 -9999 -9999 -9999 -9999 673.500900268555 835.928192138672 633.702865600586 657.254528045654 691.07442855835 657.240676879883 1248.51292419434 681.021469116211 643.105377197266 955.08073425293 820.684745788574 951.530944824219 899.415946960449 931.243366241455 727.714150428772 757.657350540161 764.827381134033 798.287981033325 821.911674499512 883.057975769043 769.251544952393 752.680656433105 771.412178039551 755.451930999756 676.233451843262 678.608558654785 614.765640258789 667.08017539978 642.148937225342 778.814647674561 690.591331481934 645.895957946777 760.683668136597 658.403427124023 487.687637329102 823.155067443848 882.97673034668 766.216121673584 852.822593688965
-9999 -9999 -9999 -9999 -9999 -9999 -9999 -9999 -9999 -9999 -9999 -9999 976.051956176758 708.213104248047 662.943111419678 582.405120849609 680.796279907227 1312.76817321777 1099.6940536499 1207.28302001953 1129.92075538635 1199.07938766479 1061.60036087036 1039.34669113159 795.531791687012 808.411014556885 801.588752746582 719.181701660156 782.041316986084 815.641799926758 751.231678009033 791.841537475586 892.479095458984 771.83483505249 806.813941955566 739.634407043457 856.640274047852 744.744565963745 677.503952026367 675.076362609863 757.335828304291 694.409896850586 821.077629089355 620.099838256836 564.222137451172 673.093360900879 725.180366516113 632.368553161621 754.29856967926 850.438323974609
-9999 -9999 -9999 -9999 -9999 -9999 -9999 -9999 -9999 -9999 -9999 -9999 722.011856079102 630.982276916504 562.64111328125 502.736999511719 569.349739074707 790.496995925903 882.204830169678 781.472118377686 841.715281009674 730.91276550293 831.383014678955 670.953964233398 773.708896636963 677.669456481934 1118.57488250732 597.220062255859 929.294328689575 962.044220924377 848.535688400269 1006.16426086426 816.805937886238 702.107051849365 819.981685638428 882.563280105591 805.631304740906 741.0726146698 655.476112365723 728.410562515259 841.058986663818 741.988233566284 885.258148193359 716.195846557617 864.694404602051 764.323472976685 714.411739349365 634.539283752441 601.266845703125 860.327507019043
-9999 -9999 -9999 -9999 -9999 -9999 -9999 -9999 -9999 -9999 -9999 -9999 -9999 822.23193359375 640.880683898926 692.057685852051 669.091163635254 453.171051025391 769.934280395508 793.612503051758 819.926189422607 743.404823303223 763.658787727356 740.982192993164 782.669178009033 774.119685709476 730.662929534912 814.169016957283 690.335678100586 754.270957946777 1194.52605438232 598.870819091797 821.770142555237 591.78889465332 617.045722961426 727.240188598633 938.443405151367 683.980438232422 822.793488502502 674.190040588379 622.115966796875 713.196842193604 695.675514221191 707.753303527832 806.864337921143 590.844360351562 755.793300628662 619.814163208008 826.968765258789 740.582401275635
-9999 -9999 -9999 -9999 -9999 -9999 -9999 -9999 -9999 -9999 -9999 -9999 -9999 -9999 725.051174163818 633.178771972656 764.938053131104 654.399963378906 916.148571968079 602.541442871094 735.547378540039 784.299652099609 853.572021484375 659.529693603516 741.900970458984 624.925788879395 743.927005767822 809.188285827637 650.836563110352 905.058670043945 718.918800354004 663.441925048828 866.848747253418 768.819778442383 705.986869812012 889.141525268555 951.404067993164 723.030715942383 760.179050445557 749.958541870117 752.821418762207 767.983833312988 805.048095703125 782.559741973877 926.754287719727 600.221145629883 739.412437438965 678.662979125977 745.616092681885 795.094799995422
-9999 -9999 -9999 -9999 -9999 -9999 -9999 -9999 -9999 -9999 -9999 -9999 -9999 -9999 824.707698822021 730.12886428833 594.263458251953 649.025390625 633.397720336914 815.541839599609 540.575653076172 735.425918579102 780.364181518555 760.599617004395 816.36856842041 796.642734527588 720.720092773438 816.728031158447 574.638214111328 715.010795593262 668.870338439941 753.886713027954 1110.15377426147 849.402923583984 872.509651184082 604.978454589844 850.043670654297 780.732824683189 701.657012939453 750.094985961914 745.503074645996 800.9912109375 896.932525634766 856.152388572693 728.701545715332 827.989475250244 745.857360839844 749.004493713379 748.284015655518 722.575500488281
