export/dem/dem27.asc
NCOLS 350
NROWS 171
XLLCORNER 152620
YLLCORNER 418050
CELLSIZE 100
NODATA_VALUE -9999
[rows 22 to 43 of 171, columns 250 to 299 of 350]
824.55019056797 735.561866760254 812.118187904358 883.530735969543 859.744644165039 1006.2087097168 1068.26624584198 942.490317463875 898.59506726265 820.005928039551 713.058574676514 681.208503723145 859.11319732666 771.303333282471 722.265829086304 650.85498046875 803.302768707275 806.283393859863 709.51651763916 735.093421936035 713.446014404297 756.598518371582 600.077239990234 1027.1915435791 891.002990722656 1007.35063171387 851.758979797363 809.167423725128 840.606925964355 889.133201599121 745.095890045166 -9999 -9999 -9999 -9999 -9999 -9999 -9999 -9999 -9999 -9999 -9999 -9999 -9999 -9999 -9999 -9999 -9999 -9999 -9999
637.915985107422 686.563911437988 679.976493835449 728.22095489502 738.357486724854 811.343139648438 951.035518407822 930.048332214355 1160.11212158203 994.521774291992 1104.67900562286 882.491459846497 813.976039886475 812.054761886597 747.241970062256 821.933513641357 847.850044250488 764.465278625488 587.658721923828 780.033972740173 815.928886413574 738.811622619629 660.875370025635 750.623657226562 779.403030395508 809.427841186523 847.608772277832 928.373588562012 641.138496398926 810.124820709229 423.3798828125 999.642199516296 762.330558776855 720.821712493896 -9999 -9999 -9999 -9999 -9999 -9999 -9999 -9999 -9999 -9999 -9999 -9999 -9999 -9999 -9999 -9999
598.371490478516 1268.52178943157 1087.89895629883 801.549865722656 780.745002746582 784.674928665161 832.682580947876 859.228866577148 735.480819702148 737.070541381836 658.305099487305 889.076431274414 955.867408752441 803.18465423584 773.160564422607 807.302032470703 849.305458068848 753.364707946777 910.261722564697 906.596321105957 815.614777803421 1065.01553344727 835.668754577637 603.266171455383 735.773551940918 716.831443786621 928.474906921387 820.925895690918 825.782047271729 886.365127563477 953.455272674561 1047.38363647461 786.641712188721 580.736671447754 806.263473510742 993.388046741486 884.382167339325 -9999 -9999 -9999 -9999 -9999 -9999 -9999 -9999 -9999 -9999 -9999 -9999 -9999
767.020988464355 699.696685791016 796.01181602478 674.904945373535 730.465797424316 808.201544642448 847.270011901855 842.835380554199 754.022705078125 817.891036987305 847.905345916748 782.760543823242 929.525352478027 988.711891174316 920.68586730957 874.871738433838 740.74919128418 709.295639038086 749.356903076172 978.478698730469 1151.20121765137 1107.21159362793 1062.37767028809 1006.80002593994 843.653800964355 789.409679412842 807.520904541016 798.167957305908 764.91527557373 825.197959899902 652.003656387329 919.203989982605 658.901931762695 627.81468963623 845.4856300354 737.357864379883 763.788447380066 758.220907211304 790.400337219238 661.38045501709 814.504894256592 -9999 -9999 -9999 -9999 -9999 -9999 -9999 -9999 -9999
671.69221496582 891.997444152832 960.82935333252 712.762298583984 981.560745239258 875.486083030701 748.781616210938 825.656749725342 644.52131652832 714.812286376953 696.760192871094 926.578689575195 998.957641601562 1307.18639373779 828.037643432617 840.457092285156 922.292793273926 932.318116188049 875.357494354248 1025.09989929199 997.271331787109 871.605289936066 1082.41593074799 1055.2846622467 998.124252319336 1032.05447387695 915.332674026489 963.274118423462 1025.17377471924 875.183999061584 717.173938751221 859.107086181641 712.667350769043 630.816854476929 442.706161499023 745.439041137695 789.354073524475 994.042251586914 782.234775543213 744.848722457886 686.799957275391 811.080795288086 1054.92451477051 915.065086364746 1003.07527542114 -9999 -9999 -9999 -9999 -9999
705.37434387207 822.954385757446 727.91926574707 881.05444893986 761.717422485352 862.545613288879 1201.14834594727 763.391761779785 921.390532493591 839.535758972168 844.013666152954 731.318328857422 566.224792480469 2000.32360839844 838.10319519043 889.678970336914 753.407386779785 855.053977966309 942.883461952209 1003.52927398682 873.861898422241 857.709854125977 706.244842529297 1038.30841636658 1032.19144821167 1002.75817871094 908.651802062988 869.911849975586 888.127433776855 657.570594787598 877.327270507812 929.440288543701 830.068458557129 558.461364746094 552.627147674561 535.956230163574 938.198692321777 883.449115276337 823.867366790771 762.646036088467 774.768686294556 801.535533905029 1065.95053863525 907.550632476807 936.491874694824 882.405822753906 933.193407058716 778.99008846283 794.648176193237 932.782348632812
686.952575683594 791.175930023193 797.068466186523 715.723648071289 926.309600830078 752.778045654297 817.48130273819 764.914863586426 670.450408935547 724.902961730957 712.114463806152 640.704971313477 705.901214599609 1739.17327880859 709.987564086914 614.990158081055 719.671783447266 618.558258056641 902.0478515625 1074.43656158447 1030.64989471436 809.430452346802 963.480350494385 963.108665466309 1169.98875427246 889.453495025635 1019.32871246338 921.886226654053 803.681350708008 900.418931484222 925.760801315308 898.725200653076 1193.95695495605 714.223140716553 678.434501647949 632.48091506958 916.115127563477 800.377876281738 749.908325195312 801.752868652344 805.636807322502 772.211071014404 889.267204284668 958.875007629395 963.727864265442 1006.31531906128 759.558624267578 739.849071502686 777.875061988831 734.404621124268
753.793720245361 738.926208496094 835.960639953613 876.694175720215 910.047027587891 976.48664855957 955.800308227539 823.867975234985 773.183757632971 741.925712585449 716.947227478027 732.069828033447 1131.03726196289 552.265655517578 485.633270263672 731.881683349609 793.118118286133 937.283309936523 824.566436767578 941.407936096191 956.581047058105 933.196601867676 1089.07179641724 875.370475769043 839.482978820801 1279.83218383789 847.775009155273 980.475555419922 1067.05463409424 1087.2784614563 780.51586151123 955.295097351074 1173.36639404297 673.713356018066 797.536312103271 1012.19639778137 869.700881958008 951.175754547119 966.516787528992 778.102592468262 726.215324401855 694.833084106445 656.058952331543 819.461692810059 782.683261871338 971.373962402344 330.209320068359 508.177434921265 498.882907867432 683.454193115234
784.19592666626 791.53520488739 843.179447174072 829.545776367188 772.22202205658 775.238319635391 830.567386627197 737.590023040771 792.123260498047 721.049858093262 734.391777038574 657.809692382812 1575.01440429688 585.977005004883 611.197372436523 727.562431335449 860.572641372681 720.499282836914 973.889038085938 842.61675453186 915.765502929688 778.50910949707 859.82693862915 677.152053833008 763.740222930908 877.608822822571 837.788778305054 880.431735992432 839.119356393814 727.713226318359 790.048034667969 1047.5680847168 955.685260772705 1061.87260055542 919.351951599121 888.546534061432 984.895458698273 999.417691230774 778.173706054688 986.975620269775 817.390296936035 811.927474975586 795.06640625 888.331420898438 882.502624511719 755.541542053223 613.903304100037 398.805541992188 438.393692016602 927.432675361633
1106.56063842773 888.996711730957 840.45027923584 898.608268737793 891.292999267578 743.397367477417 738.866231918335 824.694530487061 851.021659851074 757.95788192749 692.228958129883 1183.92813491821 745.935020446777 641.415145874023 720.95825958252 793.711078643799 809.033611297607 892.84854888916 855.328554153442 894.038932800293 904.981170654297 767.628952026367 796.508699417114 725.961547851562 768.478221893311 810.164224624634 836.287502288818 993.363204956055 907.219116210938 756.528915405273 922.181327819824 812.727339744568 919.012229919434 844.825531005859 970.80651473999 1005.68622589111 884.71071434021 670.500335693359 843.622444152832 1244.19784545898 1064.59427642822 949.535507202148 929.523262023926 857.310577392578 815.800247192383 752.097120285034 572.718215942383 631.94718170166 481.321090698242 969.785099029541
797.325653076172 734.528831481934 881.407165527344 766.292669296265 737.284785270691 890.954895019531 898.58618927002 890.413650512695 787.164005607367 714.059432983398 865.023612976074 1424.80515289307 830.195377349854 687.845283508301 669.531425476074 708.734851837158 701.621757507324 752.833236694336 762.210662841797 811.256631851196 690.560897827148 826.493103027344 726.019676208496 780.677145689726 726.738666534424 907.302146911621 876.598472595215 794.467651844025 764.238903045654 827.212295532227 807.34741973877 868.301605224609 871.291648864746 928.88224029541 772.592788696289 701.635833740234 826.821100234985 632.2734375 714.201538085938 721.09016418457 614.324356079102 805.210746765137 827.403778076172 1334.10507202148 789.562118530273 692.442207336426 959.943962097168 952.600479125977 819.03401184082 914.708068847656
781.114673614502 685.25461769104 666.07243347168 737.870292663574 788.923632621765 981.356842041016 1050.44328308105 887.463851928711 839.023796081543 852.847606658936 993.376167297363 834.532684326172 790.285036087036 793.172103881836 737.040111541748 751.013172149658 717.836364746094 858.892673492432 705.907306671143 685.00185585022 688.195465087891 643.519432067871 791.861614227295 862.579605102539 783.615970611572 886.947082519531 706.575225830078 714.743465423584 779.54930639267 673.332260131836 829.011968612671 941.681114196777 934.983177185059 816.710409164429 684.977127075195 761.237060546875 920.394592285156 815.198181390762 679.517333984375 619.289474487305 869.357215881348 642.066146850586 798.717422485352 806.699462890625 1269.67276000977 734.19490814209 832.99720954895 709.393455505371 989.813247680664 855.60725402832
827.570398330688 754.662380218506 773.528869271278 703.01033782959 713.935710906982 775.021097183228 955.841156005859 867.072799682617 840.380310058594 1116.79938387871 755.254453659058 673.189666748047 586.482879638672 874.648193359375 806.042492866516 1032.06135940552 1188.56575012207 883.676315307617 684.896240234375 854.117404937744 757.61792755127 713.481363296509 725.937522888184 803.909672260284 954.768539428711 837.266670227051 851.156211853027 803.613918304443 782.801285743713 792.805304527283 770.456253051758 763.805725097656 752.973281860352 810.207095146179 776.022941589355 952.291198730469 809.599126815796 760.21004486084 685.081924438477 759.964935302734 885.89533996582 770.669281005859 838.432466745377 877.855431079865 867.667929887772 1373.15230560303 687.093307495117 972.599418640137 1042.31938171387 911.298263549805
789.395341873169 726.582906723022 820.249839782715 797.639339447021 805.116455078125 833.115039825439 712.514823913574 727.090465545654 698.920799255371 737.030944824219 524.720825195312 776.277821063995 811.722076416016 680.578758239746 751.48895072937 832.094747543335 968.727027416229 1094.62979125977 890.570770263672 806.735710144043 872.8313331604 838.697429656982 750.197002410889 590.502349853516 706.14981842041 843.47550201416 764.876892089844 804.663617134094 859.065315246582 741.466262817383 725.232368469238 864.909214019775 827.741617202759 871.127796173096 730.422843933105 842.093700408936 898.03698348999 855.659343719482 767.837795257568 733.160430908203 717.63240814209 799.812330245972 861.423236846924 858.828254699707 965.441802978516 787.26197052002 814.139686584473 1314.26599121094 890.998275756836 803.334403991699
716.821590423584 802.537300109863 904.668174743652 747.836893439293 706.790725708008 852.003234863281 835.789253234863 765.124602794647 811.242347717285 783.424760818481 760.361231565475 795.324932098389 593.30583190918 727.164726257324 1187.40731811523 865.913059234619 833.660063505173 1024.23795509338 1250.07242584229 827.485282897949 842.249769210815 743.840705871582 681.860832214355 850.511959075928 817.57596206665 853.041095733643 999.634613037109 679.418937683105 812.64419054985 907.599647521973 758.202167510986 783.77507686615 841.014591217041 739.626937866211 657.985916137695 895.114051818848 805.894453048706 859.963008880615 771.981460571289 656.112167358398 831.812755227089 789.310279846191 859.820793151855 826.536405086517 943.631370544434 814.425025939941 802.571960449219 911.326854705811 806.562301635742 1062.0780506134
762.52325630188 778.622339248657 801.921588897705 709.092468261719 809.12646484375 679.033905029297 795.934120178223 931.245977401733 721.938663482666 830.65991973877 868.101600646973 695.895111083984 875.298225402832 986.770643234253 1123.71130752563 710.62419128418 687.213836669922 820.293256759644 1451.76742935181 762.521728515625 744.241523742676 905.223205566406 817.412199020386 819.626978874207 725.372085571289 984.889297485352 906.011436462402 812.697742313147 944.774398803711 770.965648651123 798.395849227905 702.878513336182 646.212066650391 721.416725158691 768.001350402832 849.222457885742 768.640823364258 820.041975021362 759.493919372559 791.707176208496 727.87776184082 837.445816040039 863.26805305481 761.543785095215 760.185592651367 746.063011169434 819.238845825195 703.172729492188 744.932678222656 1019.75801086426
751.634634017944 654.628135681152 709.166110992432 638.603820800781 539.275787353516 811.190963745117 738.898277282715 728.597418785095 875.260620117188 670.427364349365 1395.14080810547 946.518154144287 1066.14070129395 1098.58596324921 728.707489013672 717.822998046875 747.139343261719 1429.06387329102 711.579216003418 1372.18171858788 1269.90678024292 888.597952842712 766.577925682068 873.353790283203 820.641061782837 656.306579589844 775.49337387085 885.557777404785 755.116592407227 850.502830505371 746.644721984863 756.20658493042 855.789749145508 911.040809631348 732.373580932617 790.020172119141 838.70890045166 805.945225715637 626.648056030273 859.061935901642 880.51159286499 747.32360458374 710.952514648438 782.913455963135 772.90438079834 709.106597900391 821.908390045166 810.252944946289 888.743577480316 793.119987487793
661.89493560791 715.38751745224 716.15393447876 670.92569732666 657.944316864014 755.31707572937 775.153402328491 761.023975372314 901.794219970703 829.499374389648 904.708168029785 874.873606681824 818.038214683533 1143.28591918945 1014.18099975586 989.598663330078 825.985500335693 729.357288360596 694.36360168457 891.432308197021 978.581691741943 630.092849731445 844.011054992676 801.378620624542 680.603134155273 943.574249267578 855.958992004395 990.327575683594 670.421142578125 867.957904815674 939.842361450195 759.879287719727 692.453659057617 772.646848678589 746.612976074219 793.131128311157 794.867202758789 937.060592651367 674.923675537109 712.485458374023 729.082084655762 796.71178817749 730.409378051758 777.681056976318 872.309152603149 682.931671142578 834.62806892395 780.98645401001 898.160675048828 717.431686401367
747.062280654907 846.496734619141 763.437404632568 639.556709289551 654.801399230957 707.037857055664 702.244354248047 666.766830444336 849.48023223877 667.636291503906 822.364328384399 903.669080734253 831.630771636963 1072.50163269043 646.418792724609 1080.51847839355 791.150901794434 1118.60919189453 799.031730651855 735.769645690918 817.198154449463 777.129264831543 644.326400756836 686.152198791504 784.858910560608 777.818984985352 786.333646297455 923.071182250977 680.98210144043 749.438941955566 773.541915893555 697.274490356445 889.236640930176 736.238487243652 644.05908203125 749.843883514404 928.331169128418 772.87474822998 827.066250801086 787.240779876709 1057.0934753418 717.308067321777 628.710144042969 676.572647094727 765.718162536621 674.79231262207 788.189826965332 805.391185760498 923.53483581543 675.520370483398
730.522785186768 781.024517059326 823.507471084595 768.64501953125 724.212287902832 831.599018096924 756.316013336182 854.917739868164 649.396789550781 956.273727416992 1006.88731002808 1112.22446060181 694.082683563232 815.074825286865 770.030891418457 848.106575012207 844.18890953064 793.498929977417 1005.42636108398 629.849517822266 830.607269287109 780.780991315842 811.519763946533 891.128929138184 877.48038482666 621.337310791016 697.457931518555 714.878005981445 784.768005371094 757.085639953613 1298.29594516754 721.738586425781 786.362312316895 752.236640930176 734.54906463623 749.733779907227 1086.92938995361 830.038571357727 877.448970794678 722.468307495117 1057.17639923096 739.320861816406 666.89079284668 809.990304946899 905.257316589355 828.106621742249 899.395267486572 865.836480140686 788.681175231934 899.047668457031
718.419328689575 792.084884643555 715.077711105347 827.394828796387 661.804077148438 637.763343811035 665.676048278809 713.366268157959 801.797431945801 821.385730743408 1121.57378005981 1433.76366043091 771.523443460464 700.07638168335 583.682632446289 638.689422607422 708.367935180664 801.386413574219 809.783233642578 763.796521186829 820.001434326172 701.310585021973 960.601654052734 772.062547206879 757.874285697937 680.807739257812 700.240829467773 660.587036132812 736.572025299072 861.948348999023 715.065788269043 836.143854141235 871.194734573364 735.849479675293 645.292236328125 838.537093639374 970.759483337402 1018.4895324707 1038.76176452637 1405.49000549316 888.258354187012 802.431652069092 697.555953979492 699.874450683594 850.741645812988 995.375640869141 836.848541259766 1011.67729187012 917.5478515625 768.104423522949
836.604049682617 1001.24493408203 815.081031799316 514.06413269043 658.937301635742 678.41130065918 677.899299621582 734.182809829712 830.001960754395 862.486747264862 767.075912475586 723.178320884705 784.130523681641 720.105983734131 771.588510513306 668.298149108887 865.557250976562 831.930351257324 797.023857116699 784.002482414246 713.820152282715 858.538513183594 789.397819519043 658.181251525879 656.992172241211 732.362882614136 951.353893280029 696.87483215332 726.709114074707 1172.76968193054 799.907765388489 630.886962890625 749.423049926758 552.73193359375 809.952907562256 819.970363616943 738.024871826172 953.112716674805 815.553709030151 795.908252716064 884.308547973633 806.473392486572 783.198751449585 732.11368560791 840.89107131958 766.946975708008 852.340006947517 918.593681335449 867.813809394836 1003.954246521
