export/dem/dem23.asc
NCOLS 350
NROWS 171
XLLCORNER 152620
YLLCORNER 418050
CELLSIZE 100
NODATA_VALUE -9999
[rows 44 to 65 of 171, columns 50 to 99 of 350]
671.822052001953 730.818340301514 660.208557128906 714.084915161133 283.545135498047 370.382316589355 347.419982910156 275.450714111328 515.221370697021 533.840369224548 910.514301300049 548.187759399414 432.582710266113 612.908401489258 444.121437072754 512.903644561768 454.1783618927 658.0517578125 411.684531211853 571.00700378418 477.251308441162 590.86994934082 468.903114318848 588.217086791992 558.875350952148 527.400924682617 476.312393188477 542.347137451172 432.342933654785 459.283784866333 345.438323974609 492.23860168457 357.084854125977 444.609573364258 346.645439147949 447.069098472595 446.716494083405 442.541490912437 432.969337463379 346.64599609375 354.918128967285 469.618957519531 524.49681854248 427.096044540405 409.781229019165 320.280242919922 414.898253440857 332.682113647461 408.123937606812 311.686553955078
804.545570373535 564.874824523926 684.962108612061 667.360740661621 465.051136016846 421.986923217773 379.219635009766 329.386642456055 428.543769836426 817.376251220703 431.212020874023 486.001113116741 446.353435516357 472.968608856201 496.13639831543 535.350395202637 518.184211730957 581.763885498047 439.53883934021 416.224501609802 442.86704826355 440.24072265625 345.586647033691 461.560980796814 576.385314941406 376.554904937744 425.112502574921 397.367635726929 503.454322814941 616.029937744141 499.65308380127 320.748992919922 371.069923400879 249.747299194336 485.060241699219 317.892425537109 512.64737701416 374.856254577637 361.641094207764 379.088226318359 574.986427307129 414.517440795898 278.302124023438 403.106210708618 461.830099105835 472.927325248718 491.730480194092 496.539962768555 345.374824523926 509.532600402832
545.780685424805 581.912185668945 471.535865783691 344.712905883789 306.910835266113 348.90901184082 513.677490234375 251.560150146484 469.814910888672 512.506637573242 467.541797637939 446.808143615723 353.70539855957 477.91518163681 524.34627532959 521.385654449463 517.297805786133 326.440536499023 449.984813690186 314.259925842285 368.418477058411 478.995178222656 389.814044952393 423.662671089172 486.493522644043 412.32829618454 510.508644104004 328.606918334961 619.245681762695 441.826763153076 378.748615264893 433.31476354599 329.200416564941 200.121215820312 370.294654846191 525.800834655762 501.482536315918 474.264053344727 275.19873046875 338.092338562012 369.478065490723 413.77938079834 297.802108764648 447.310466766357 451.212535858154 387.99898147583 396.795825958252 408.818603515625 270.221603393555 589.354675292969
580.018103599548 443.623439788818 449.320363521576 344.229064941406 314.97583770752 288.722991943359 834.107757568359 674.950164794922 479.446681976318 243.197906494141 347.446166992188 525.124126434326 666.226119995117 486.315502166748 521.501533508301 265.551330566406 402.685752868652 530.609481811523 242.609466552734 417.060945510864 386.094930648804 324.495697021484 339.941482543945 535.206451416016 520.425148010254 549.265167236328 471.261884689331 451.817310333252 577.360748291016 412.867124557495 579.080352783203 419.60262298584 505.441070556641 295.796920776367 384.183795928955 329.913009643555 316.946556091309 508.506462097168 397.681480407715 362.140426635742 424.552360534668 418.425937652588 399.133083343506 370.072563171387 338.506294250488 395.194789886475 419.317499160767 456.476226806641 512.212265014648 644.621795654297
542.860290527344 535.171466827393 348.356521606445 514.634979248047 491.780475616455 559.597246170044 437.457637786865 466.159076690674 535.160106658936 475.439208984375 383.281295776367 499.909210205078 557.910987854004 432.946281433105 606.644470214844 368.272369384766 381.946189880371 386.896713256836 442.733251333237 414.050989151001 406.505088806152 548.351287841797 350.230136871338 456.92671585083 328.278888702393 447.941112518311 361.736785888672 488.48853302002 601.948852539062 423.121760368347 389.169078826904 418.559658050537 393.286918640137 362.355354309082 423.132272720337 439.986516952515 376.276836395264 402.363780975342 427.004766464233 281.535232543945 281.509490966797 426.39860534668 451.237145900726 473.124513626099 314.951774597168 276.31867980957 366.376182556152 401.404186248779 484.561504364014 487.901294708252
556.883518218994 344.188869476318 493.394666671753 479.017005681992 576.531986236572 492.784739971161 467.234600067139 400.615776062012 489.670251846313 471.756105422974 502.171092987061 659.910118103027 488.800891399384 344.715698242188 541.070220947266 460.42436671257 354.120239257812 401.086470723152 447.908121109009 421.153469085693 523.078559875488 285.235252380371 365.960693359375 461.452285766602 389.1887550354 520.53670501709 356.336116790771 403.769819259644 411.506812095642 487.738765716553 367.319343566895 339.904693603516 463.615873336792 350.047870635986 499.748863220215 417.627448558807 399.320346832275 425.048559188843 480.043834686279 214.018676757812 469.366653442383 334.411766052246 327.964820861816 372.17805480957 328.962051391602 541.98469543457 427.104445457458 473.869750976562 503.332275390625 596.759368896484
512.898345947266 521.276260375977 654.305130004883 1093.08972167969 547.930339097977 426.818374633789 427.754302978516 446.727003097534 426.761447906494 522.173408508301 462.497437477112 502.538051605225 503.651790618896 444.828952789307 639.518783569336 347.150764465332 300.984420776367 373.551959991455 538.545783996582 527.83129119873 380.832977294922 446.214881896973 465.145389556885 390.650318145752 313.335655212402 505.21215057373 385.128299713135 498.432121276855 411.652194976807 392.737991333008 443.029930114746 467.881867408752 434.783857345581 577.10270690918 363.4609375 488.524475097656 517.383407592773 484.253074645996 410.113622665405 433.597558021545 405.666445732117 376.266933441162 366.596485137939 450.789224624634 409.006736755371 513.950691223145 494.428993225098 470.651245117188 462.893707275391 586.743087768555
574.383010864258 612.786399841309 638.866912841797 693.881378173828 751.52278137207 546.638299942017 522.304880142212 370.556285858154 633.718841552734 439.175889968872 447.594674110413 423.721752166748 279.121124267578 226.022094726562 354.799606323242 430.724621772766 461.706436157227 387.684860229492 524.273300170898 407.782541155815 412.453051328659 510.717506408691 385.333641052246 401.557591438293 503.067977905273 414.22141122818 419.282608985901 440.54220199585 499.683708190918 480.276359558105 570.886734008789 470.654434204102 436.519706726074 407.145801544189 504.305053710938 462.61173248291 485.604606628418 414.146825790405 407.367595672607 386.267560958862 410.786319732666 483.043336391449 465.072933197021 564.85481262207 398.414608955383 398.257397532463 436.49178314209 382.852312088013 562.077087402344 461.052711486816
636.232959747314 562.172546386719 1096.68167114258 750.613052368164 559.091512680054 643.303085327148 641.854751586914 449.11194229126 501.401565551758 363.14444732666 384.34090423584 549.048034667969 445.099185943604 366.480209350586 244.870910644531 420.308193206787 418.310092926025 461.58470916748 492.851417541504 404.643308639526 426.37360906601 503.350051879883 424.697290897369 341.023345947266 422.14616060257 421.881551504135 418.192226409912 458.226539611816 375.931987762451 424.462084770203 424.90566444397 325.488395690918 478.901069641113 445.557598114014 470.156810760498 517.540672302246 566.329086303711 629.98747253418 476.114974975586 549.156753540039 502.501800537109 433.559938907623 520.713409423828 428.426042556763 350.218811035156 425.827899932861 246.269515991211 420.683958530426 246.874893188477 493.876556396484
668.543815612793 533.453573703766 565.707021713257 560.74914932251 480.939025878906 478.246192932129 614.512008666992 465.078240394592 514.165458679199 394.938385009766 600.127883911133 553.33283996582 318.80135345459 394.422752380371 439.638828277588 245.52685546875 367.945545196533 490.381568908691 401.064905166626 578.644821166992 475.982406616211 355.622638702393 360.171836853027 456.687618255615 532.088470458984 422.241888046265 518.724403381348 413.30598449707 467.659774780273 407.583664894104 443.771800994873 357.087539672852 464.271446228027 391.420861244202 490.028854370117 458.438411712646 551.702239990234 640.786880493164 416.728265762329 444.596096038818 388.470148086548 453.755554199219 511.725517272949 359.041805267334 388.971485137939 559.693969726562 333.744262695312 380.910144805908 276.307830810547 280.133895874023
628.927591323853 602.684463500977 486.737476348877 684.089637756348 522.942060470581 601.530708312988 489.891770124435 508.772079467773 439.827087402344 606.355651855469 398.638381958008 466.702395439148 459.328872680664 413.786540985107 413.553595244884 376.718322753906 437.963141441345 380.244443416595 560.873840332031 591.327407836914 493.948280334473 444.734497070312 528.324104309082 721.845794677734 600.538021087646 520.227699279785 495.862884521484 453.817314147949 417.735282897949 456.501976013184 479.612998962402 307.425277709961 314.981182098389 525.329536437988 442.768438339233 545.302291870117 483.3505859375 508.90259552002 425.983094215393 491.698379516602 434.532848358154 295.897979736328 433.846519470215 404.825348377228 371.264516830444 516.550170898438 316.755027770996 329.064300537109 221.338333129883 395.809406280518
816.893402099609 1167.98561096191 616.859428405762 616.130758285522 592.332038879395 681.341827392578 651.881637573242 533.048561096191 515.500411987305 382.468116760254 532.405418395996 439.35747718811 494.99836730957 530.562873840332 483.375877380371 432.392181396484 444.204557418823 507.629974365234 386.587642669678 533.661972045898 466.083114624023 393.669095039368 472.998931884766 488.005397796631 443.80525970459 502.559310913086 251.282272338867 416.411334991455 194.8056640625 419.627023696899 404.749948501587 474.442863464355 494.386863708496 481.736793518066 295.430351257324 310.469436645508 485.195404052734 380.307968139648 328.578094482422 329.310493469238 434.29097366333 692.901550292969 337.588649749756 374.609576225281 380.472576141357 394.4781665802 354.368583679199 225.079360961914 361.554649353027 374.052852630615
495.272151947021 829.772750854492 595.045879364014 778.552780151367 538.68976855278 577.882305145264 467.427646636963 409.323474884033 440.671364784241 527.477928161621 451.065605163574 342.348114013672 436.483779907227 575.113250732422 485.256141662598 454.409973144531 404.700912475586 350.979091644287 425.220485687256 463.23087310791 416.054533004761 358.566932678223 481.750694274902 396.001188278198 373.916063308716 201.58708190918 334.266016960144 268.81494140625 274.983306884766 567.252578735352 391.650260925293 467.044746398926 386.080089569092 220.657005310059 340.27677154541 329.568618774414 509.996589660645 320.896980285645 219.784271240234 437.277503967285 495.812889099121 413.158293008804 462.457969665527 368.272594451904 467.838088989258 415.555087804794 309.026580810547 265.176193237305 246.344436645508 447.62650680542
808.688659667969 616.087707519531 602.599750518799 597.428581237793 613.640342712402 661.768699645996 616.072563171387 429.844619750977 251.38801574707 461.001733779907 394.139053344727 323.908973693848 474.742561340332 476.904067993164 543.033317565918 492.650100708008 519.109825134277 374.102159500122 537.520851135254 490.975860595703 440.227920532227 474.852565765381 307.405574798584 313.832260131836 348.856605529785 213.493377685547 242.408798217773 213.845901489258 428.32479095459 325.437540054321 273.533988952637 143.680770874023 341.287483215332 348.819370269775 330.739158630371 438.994766235352 298.863521575928 427.615051269531 482.600723266602 504.876693725586 507.318939208984 444.889724731445 556.222274780273 346.853775024414 543.737983703613 425.235666275024 418.628517627716 370.053913116455 390.274433135986 457.470935821533
511.089326858521 645.763252258301 804.113693237305 526.13671875 661.161911010742 662.694480895996 580.486343383789 397.886589050293 312.459747314453 406.513050079346 399.094398498535 439.417922973633 456.228340148926 476.570701599121 451.443237304688 389.434567451477 423.184185028076 586.575744628906 342.584098815918 427.504196166992 462.143836975098 334.868604660034 379.789489746094 401.363258361816 394.704303741455 313.344982147217 247.594291687012 161.931259155273 330.474433898926 359.667015075684 416.887359619141 344.581300735474 396.290189743042 517.99055480957 286.05615234375 249.857192993164 181.995727539062 273.575294494629 289.091728210449 358.797811508179 357.397415161133 442.721904754639 573.120178222656 335.330039978027 425.889280319214 404.128917694092 523.33568572998 330.004241943359 439.914207458496 612.687194824219
550.59080696106 564.392422676086 714.928428649902 621.351285934448 536.351112365723 618.073234558105 513.622675180435 327.645629882812 548.358413696289 298.911361694336 327.105392456055 374.781499862671 475.090324401855 516.518203735352 569.345062255859 447.910900115967 533.720329284668 611.257705688477 405.250095367432 395.137598991394 340.434228897095 324.176120758057 334.333045482635 451.589286804199 426.28881072998 280.399673461914 239.472236633301 405.515579223633 193.92741394043 392.875110626221 337.306842803955 312.264614105225 443.321029663086 337.370891571045 354.932052612305 475.744216918945 209.002960205078 528.958938598633 398.144489362836 487.872505187988 442.446907043457 393.544882774353 398.80503320694 300.767433166504 374.425239562988 528.536445617676 487.435512542725 514.290390014648 524.554779052734 441.132524490356
567.005226135254 603.600831985474 589.858046531677 657.565994262695 606.611305236816 591.892868041992 526.123039245605 421.414806365967 477.214002609253 384.035541534424 474.303146362305 329.078819274902 300.35668182373 368.646848678589 309.875026702881 409.732709884644 470.787422180176 429.864201545715 367.260166168213 414.428733825684 250.532699584961 487.18586730957 449.242321014404 516.455490112305 212.659118652344 406.249881744385 357.765085697174 348.032688140869 424.720012664795 338.174774169922 263.115592956543 370.147258758545 353.978170394897 331.316326141357 417.52791595459 290.799522399902 444.671768188477 262.551086425781 641.638442993164 594.895736694336 600.627227783203 458.897037506104 350.207588195801 396.862855911255 407.676242828369 385.171012878418 461.811985015869 470.803737640381 574.819580078125 413.685348510742
574.510524749756 629.760322570801 557.509161472321 466.874160766602 585.181686401367 657.51806640625 527.117454528809 547.900177001953 467.927444458008 285.266036987305 280.212043762207 477.257400512695 372.695211410522 480.619094848633 292.843170166016 276.305419921875 360.525890350342 393.813626289368 523.99732208252 378.982434272766 283.08952331543 381.711645126343 438.424430847168 463.330986022949 477.208969116211 210.509582519531 231.148422241211 471.882148742676 421.075325012207 387.904653549194 327.629508972168 446.996482849121 473.862915039062 385.755271911621 393.443875312805 256.690872192383 380.086595535278 473.580013275146 390.410120010376 555.907272338867 478.315788269043 510.351020812988 538.00350189209 452.197755813599 545.239639282227 448.001217663288 422.810443758965 562.53581237793 420.573776245117 554.965789794922
527.470726013184 521.826999664307 609.850646972656 502.810256958008 692.409317016602 596.609931945801 592.764568328857 632.810501098633 476.962455153465 248.949829101562 454.250227034092 491.293395996094 505.04817199707 301.370311737061 232.751083374023 469.160621643066 480.472747802734 315.911560058594 237.691192626953 266.548645019531 314.786304473877 243.791847229004 327.833339691162 349.25795173645 316.42692565918 313.793827056885 199.09033203125 365.789030075073 388.82399559021 297.283485412598 456.876609802246 428.588542938232 399.182140350342 478.700019836426 388.151624679565 404.514297485352 421.542102813721 431.444095611572 410.409883499146 401.951427459717 468.162586212158 472.573986053467 383.204069137573 390.177875518799 530.671417236328 350.840438842773 400.396457672119 378.608131408691 624.167617797852 528.0927734375
461.539611816406 483.476921081543 491.567710876465 585.946918487549 636.474380493164 491.396520614624 499.053749084473 466.072022438049 394.804103851318 362.667623519897 266.469451904297 367.139549255371 313.120910644531 236.642463684082 249.963157653809 448.936416625977 397.170547485352 514.130523681641 343.190839767456 406.929426193237 427.961032867432 426.144466400146 494.389656066895 223.791152954102 329.991706848145 328.540023803711 227.722366333008 440.081481933594 295.268608093262 341.235233306885 275.275772094727 328.87638092041 282.428749084473 325.474716186523 437.520835876465 354.731441497803 458.573768615723 362.151424407959 319.742698669434 393.317960739136 457.512318611145 539.170593261719 459.098484039307 477.693542480469 231.009170532227 379.961582183838 441.350432395935 497.133922576904 297.026473999023 258.565704345703
421.032928466797 661.580978393555 392.093048095703 574.25951385498 578.373420715332 422.632820129395 506.523666381836 456.061679840088 425.324124336243 596.852355957031 375.995616912842 530.150848388672 426.604598999023 218.767166137695 277.482757568359 425.27991104126 319.926345825195 434.442359924316 362.140823125839 356.667087078094 395.074672698975 415.059986114502 369.559671401978 254.261077880859 344.686569213867 317.450374603271 476.061096191406 446.526718139648 490.113502502441 282.067001342773 467.938049316406 397.186812400818 372.344913482666 394.765563964844 344.832258224487 335.252220153809 462.97721862793 417.759504318237 443.314924240112 263.124923706055 389.791034698486 344.507095336914 462.634552001953 279.062255859375 309.414131164551 319.083770751953 378.753101348877 385.221752166748 389.736282348633 364.68302154541
507.227344512939 550.656555175781 424.804382324219 549.044423103333 373.220100402832 424.045791625977 486.051574707031 438.214378356934 512.451522827148 440.509418487549 395.293491363525 434.236965179443 311.409515380859 466.150749206543 222.660537719727 420.0871925354 433.296485900879 466.717414855957 481.075294494629 247.747825622559 289.00626373291 313.187805175781 199.658004760742 123.78742980957 374.088717937469 355.223907470703 328.199493408203 440.400135040283 485.145736694336 430.482364654541 391.020739078522 462.346176147461 397.004323482513 482.541599273682 416.416339874268 220.001998901367 288.921943664551 477.577354431152 426.764184236526 415.644170761108 455.448541641235 405.824819564819 556.791572570801 468.930068969727 388.978843688965 334.220085144043 355.302581787109 498.031234741211 501.305004119873 650.323486328125
