export/dem/dem21.asc
NCOLS 350
NROWS 171
XLLCORNER 152620
YLLCORNER 418050
CELLSIZE 100
NODATA_VALUE -9999
[rows 0 to 21 of 171, columns 100 to 149 of 350]
-9999 -9999 -9999 -9999 -9999 -9999 -9999 -9999 -9999 -9999 -9999 -9999 -9999 -9999 -9999 -9999 -9999 -9999 -9999 -9999 -9999 -9999 -9999 -9999 -9999 -9999 -9999 -9999 -9999 -9999 -9999 -9999 -9999 -9999 -9999 -9999 -9999 -9999 -9999 -9999 -9999 -9999 -9999 -9999 -9999 -9999 928.299987792969 762.761226654053 633.022872924805 646.339651107788
-9999 -9999 -9999 -9999 -9999 -9999 -9999 -9999 -9999 -9999 -9999 -9999 -9999 -9999 -9999 -9999 -9999 -9999 -9999 -9999 -9999 -9999 -9999 -9999 -9999 -9999 -9999 -9999 -9999 -9999 -9999 -9999 -9999 -9999 -9999 -9999 -9999 -9999 -9999 -9999 897.649749755859 888.420501708984 768.664400100708 837.351272583008 661.841129302979 795.91771697998 520.610977172852 625.496875762939 460.54305267334 656.549194335938
-9999 -9999 -9999 -9999 -9999 -9999 -9999 -9999 -9999 -9999 -9999 -9999 -9999 -9999 -9999 -9999 -9999 -9999 -9999 -9999 -9999 -9999 -9999 -9999 -9999 -9999 -9999 -9999 -9999 -9999 -9999 -9999 -9999 -9999 -9999 -9999 -9999 846.709564208984 888.057754516602 729.053443908691 718.285583496094 864.762977600098 859.660255432129 752.90079498291 644.468629837036 593.385280609131 573.310413360596 587.108335494995 596.67658996582 474.741634368896
-9999 -9999 -9999 -9999 -9999 -9999 -9999 -9999 -9999 -9999 -9999 -9999 -9999 -9999 -9999 -9999 -9999 -9999 -9999 -9999 -9999 -9999 -9999 -9999 -9999 -9999 -9999 -9999 -9999 -9999 -9999 -9999 -9999 -9999 731.492181777954 829.954986572266 831.888912200928 817.029846191406 810.455123901367 796.661209106445 763.420394897461 833.460174560547 740.697280883789 930.726501464844 833.191558837891 478.907577514648 479.129501342773 694.386737823486 640.39102935791 569.698085784912
-9999 -9999 -9999 -9999 -9999 -9999 -9999 -9999 -9999 -9999 -9999 -9999 -9999 -9999 -9999 -9999 -9999 -9999 -9999 -9999 -9999 -9999 -9999 -9999 -9999 -9999 -9999 -9999 -9999 -9999 -9999 -9999 598.314544677734 832.187545776367 736.961219787598 798.769256591797 744.325996398926 792.152900695801 652.671971321106 561.582412719727 738.216979980469 736.104545593262 786.61767578125 842.332504272461 914.443008422852 620.490211486816 710.438704013824 731.241090774536 690.137874603271 685.488597869873
-9999 -9999 -9999 -9999 -9999 -9999 -9999 -9999 -9999 -9999 -9999 -9999 -9999 -9999 -9999 -9999 -9999 -9999 -9999 -9999 -9999 -9999 -9999 -9999 -9999 -9999 -9999 -9999 -9999 -9999 636.436748504639 594.713523864746 532.53239440918 528.775093078613 501.7626953125 666.860710144043 587.745223999023 725.279706954956 666.636806488037 597.472221374512 671.816080093384 932.784591674805 720.384014129639 866.905731201172 734.126945495605 715.095886230469 816.403815150261 823.618814468384 782.237953186035 694.136371612549
-9999 -9999 -9999 -9999 -9999 -9999 -9999 -9999 -9999 -9999 -9999 -9999 -9999 -9999 -9999 -9999 -9999 -9999 -9999 -9999 -9999 -9999 -9999 -9999 -9999 -9999 -9999 612.770565032959 711.90202331543 590.020294189453 542.691276550293 572.370837211609 515.357971191406 661.877883911133 658.71178817749 585.429530143738 795.413902282715 567.177803039551 680.677058696747 668.120567321777 787.455523490906 826.442991256714 760.520164489746 807.217887878418 667.239532470703 661.70337677002 1066.41377639771 1086.99955272675 1067.35815429688 955.925289154053
-9999 -9999 -9999 -9999 -9999 -9999 -9999 -9999 -9999 -9999 -9999 -9999 -9999 -9999 -9999 -9999 -9999 -9999 -9999 -9999 -9999 -9999 -9999 -9999 626.81559753418 813.839492797852 556.772541046143 606.175838470459 713.14387512207 699.815277099609 615.684154510498 466.793960571289 457.55818939209 635.565486907959 594.484092116356 458.19270324707 584.824287414551 708.459968566895 723.899158477783 881.305839538574 711.6044921875 887.076904296875 710.188766479492 828.363388061523 893.338497161865 979.755920410156 992.837312936783 1020.97388839722 960.086374282837 1125.9122428894
-9999 -9999 -9999 -9999 -9999 -9999 -9999 -9999 -9999 -9999 -9999 -9999 -9999 -9999 -9999 -9999 -9999 -9999 -9999 -9999 -9999 -9999 762.918380737305 872.083969116211 646.361145019531 809.404220581055 758.697219848633 615.137570858002 702.440093994141 636.797702789307 542.628723144531 562.588430404663 426.432632446289 571.70366859436 559.587802886963 617.935531616211 564.327110290527 768.428886413574 628.369201660156 796.737106323242 863.243759155273 553.153167724609 695.007516860962 836.321426391602 638.22912979126 1070.00205135345 766.36710357666 562.63850402832 634.017478942871 602.923631668091
-9999 -9999 -9999 -9999 -9999 -9999 -9999 -9999 -9999 -9999 -9999 -9999 -9999 -9999 -9999 -9999 -9999 -9999 -9999 1183.4729385376 819.368293762207 800.040836334229 597.754188537598 573.12760925293 634.241912841797 756.29866027832 747.333450317383 662.757778167725 655.081512451172 673.670700073242 494.189987182617 618.01554107666 543.936267852783 496.121154785156 455.911361694336 526.60648727417 639.851932525635 754.894317626953 688.655467987061 813.546165466309 802.847457885742 715.887765884399 638.011623382568 503.352203369141 757.79035949707 723.346214294434 686.132406234741 685.054026603699 570.779479980469 619.717819213867
-9999 -9999 -9999 -9999 -9999 -9999 -9999 -9999 -9999 -9999 -9999 -9999 -9999 -9999 -9999 -9999 -9999 1289.22512817383 928.879531860352 1155.18357086182 589.07873916626 753.854736328125 437.277587890625 657.341552734375 573.586627960205 876.662307739258 708.413028717041 952.000610351562 846.658203125 755.29411315918 666.41316318512 532.855503082275 402.988800048828 529.939514160156 475.16291809082 440.369689941406 502.543251037598 549.727691650391 548.450469970703 640.829971313477 613.658012390137 747.733734130859 586.265266418457 675.207454681396 617.617588043213 760.15128326416 649.513242721558 685.635471343994 638.71643447876 521.650588989258
-9999 -9999 -9999 -9999 -9999 -9999 -9999 -9999 -9999 -9999 -9999 -9999 -9999 -9999 754.00048828125 590.042945861816 705.843237876892 952.581470489502 851.214721679688 1001.62990760803 1048.11127090454 855.65153503418 660.739570617676 591.716547012329 930.382385253906 859.646820068359 831.586944580078 813.959045410156 780.807632446289 708.805715560913 569.63109588623 529.017177581787 606.070606231689 517.463447570801 633.481269836426 708.542449951172 620.460899353027 492.860340118408 610.834098815918 640.348224639893 655.69017791748 878.513229370117 825.510009765625 847.010452270508 639.188367843628 620.215118408203 618.560771942139 573.405426025391 757.870723724365 616.224729537964
-9999 -9999 -9999 -9999 -9999 -9999 -9999 -9999 -9999 -9999 -9999 -9999 703.373477935791 671.111629486084 499.176918029785 643.504638671875 474.742645263672 496.547462463379 949.832275390625 885.097846984863 877.403450012207 704.09587097168 717.167625427246 546.057991027832 831.206619262695 917.305160522461 1045.45050048828 816.671966552734 727.278625488281 747.241004943848 438.293807983398 579.213453292847 317.329116821289 518.399208068848 479.471771240234 568.366209030151 717.827484130859 507.224761962891 563.220458984375 519.976913452148 713.138180732727 755.595611572266 716.497337341309 615.822456359863 650.852979660034 557.142681121826 690.16178894043 736.308727264404 653.372340679169 713.490127563477
-9999 -9999 -9999 -9999 -9999 -9999 -9999 -9999 -9999 -9999 896.335144042969 751.976039886475 919.727081298828 762.280906677246 759.763809204102 640.918281555176 370.376510620117 614.75152015686 472.455810546875 509.447044372559 542.834747314453 612.91247177124 748.480819702148 831.783905029297 804.081901550293 768.079723358154 841.711318969727 791.210144996643 836.61296081543 584.294328689575 619.828666687012 446.185802459717 447.347696304321 364.460250854492 434.739273071289 455.166893005371 717.426208496094 616.745250701904 631.510498046875 642.879592895508 773.214141845703 731.867378234863 628.557954788208 560.747497558594 702.099597930908 758.123504638672 657.671679615974 646.316428661346 737.766799926758 818.039001464844
653.497543334961 854.448516845703 776.304214477539 778.236434936523 735.484154701233 610.812236785889 506.979267120361 626.905830383301 584.778438568115 376.119178771973 597.63387298584 705.106864929199 550.933929443359 700.185882568359 715.582328796387 586.284021377563 689.97526550293 493.068428039551 628.986717224121 608.535448074341 616.236824035645 641.767379760742 698.470421075821 638.52262878418 677.576385498047 817.850944519043 972.80322265625 865.346038818359 779.161071777344 620.901485443115 620.877059936523 612.970907211304 423.577095031738 422.462921142578 545.145702362061 611.574905395508 614.490272521973 496.655647277832 688.519287109375 799.81721496582 748.116035461426 718.335845947266 589.25920009613 716.435729980469 826.74836730957 756.007888793945 613.328772068024 626.112648010254 642.109283447266 705.96138137579
636.69709777832 823.020771026611 773.791017532349 616.524403572083 639.9658203125 616.71923828125 618.315780639648 467.239248275757 499.344501495361 423.134857177734 606.723190307617 599.627876281738 608.012401580811 767.059951782227 665.153514862061 611.381587982178 526.225387573242 564.18621635437 781.088356018066 642.709968566895 768.949920654297 619.393562316895 751.025146484375 830.994583129883 800.164855957031 710.08674621582 799.458709716797 653.737762451172 776.967636108398 796.863433837891 623.367706298828 755.815567016602 622.103103637695 289.105270385742 395.252716064453 541.774154663086 731.671005249023 498.267837524414 541.549041748047 759.787048339844 596.618286132812 643.736377716064 509.858779907227 675.420572280884 725.189628601074 1352.20195007324 973.258583068848 659.98518371582 592.629653930664 555.355092048645
398.841934204102 653.228475570679 569.058502197266 713.979690551758 533.956665039062 352.077079772949 426.591112136841 407.442794799805 421.102920532227 544.119438171387 539.790596008301 447.335464477539 487.783355712891 611.16051864624 651.627307891846 708.63676071167 768.248600006104 707.524723052979 746.537441253662 721.290802001953 716.414403915405 1246.02437591553 697.660751342773 773.105010986328 628.926578342915 737.821578979492 681.795639038086 839.050415039062 499.172779083252 681.748252868652 499.553695678711 511.680145263672 609.158754348755 815.368837118149 581.136302947998 717.173974990845 528.391159057617 541.429809570312 471.415573120117 650.843503236771 745.013206481934 557.533843994141 754.767807006836 884.155877232552 770.057899475098 780.792739868164 669.276962280273 789.123519897461 724.302452087402 573.418964385986
591.702023506165 568.561752319336 507.560180664062 628.669128417969 648.967750549316 591.356498718262 778.622749328613 1170.4380531311 500.39022064209 676.51868057251 584.654541015625 443.11766242981 544.534194946289 780.419322967529 735.188606262207 715.130535125732 667.590400695801 595.795455932617 564.402145385742 697.381423950195 685.763542175293 590.617248535156 458.351867675781 690.107022285461 819.882247924805 689.755279541016 669.433006286621 797.941371917725 703.304184913635 667.283535003662 588.122488021851 733.007068634033 422.72265625 431.187774658203 510.206428527832 1103.16151428223 709.900447845459 564.467296600342 418.97785949707 591.761501312256 1472.59606933594 803.517456054688 577.876327514648 754.53889465332 686.220727920532 817.124038696289 665.257286071777 563.570404052734 637.394534289837 525.526382446289
640.99645614624 683.49245262146 897.217346191406 675.858070373535 616.658676147461 662.49595117569 740.736358642578 964.688735961914 567.578918457031 661.141738891602 732.129408836365 612.412879943848 741.088073730469 736.687120437622 557.371643066406 671.863493204117 550.597885131836 610.461303710938 570.471682429314 616.85774230957 579.768081665039 650.210922241211 573.994667053223 552.578857421875 562.255126953125 631.822418212891 585.230621337891 670.246398925781 1124.50613927841 903.204895019531 602.901481628418 752.784145355225 1054.4651222229 1090.87176203728 708.666511535645 988.25341796875 1113.82038879395 859.687072753906 511.32975769043 701.370193481445 622.41389465332 657.517471313477 587.734766960144 600.584868431091 563.812622070312 640.529747962952 678.210680007935 533.251182556152 603.533613204956 618.879808425903
736.523849487305 810.180892944336 1175.02876853943 584.484710693359 746.903671264648 734.613773345947 861.497955322266 1212.12694072723 784.127853393555 499.933242797852 918.400535583496 1002.09203577042 1056.62129211426 1121.03765869141 581.259437561035 1210.28089904785 526.826614379883 685.960042953491 418.711929321289 1016.33806037903 688.953979492188 485.470993041992 679.060363769531 696.453535079956 1261.25121688843 1200.69926071167 742.583648681641 809.011962890625 603.465658187866 750.148483276367 614.202926635742 769.307861328125 520.837768554688 569.510051727295 628.778999328613 993.40104675293 613.142980575562 621.451038360596 695.397705078125 778.77742767334 687.658054351807 604.580646514893 783.678695678711 554.710708618164 738.941719055176 725.448585510254 574.151794433594 603.452310562134 656.291072845459 486.525344848633
596.610168457031 432.667037963867 519.709045410156 602.600110054016 562.938928604126 741.681831359863 829.544979095459 489.300689697266 884.333648681641 680.181861877441 635.730628967285 1025.97257614136 793.370082855225 1090.00174713135 1142.76182603836 1081.23263549805 1231.78036880493 1047.16589355469 574.306358337402 605.201347351074 765.400482177734 571.356227874756 1089.32978057861 459.389053344727 383.127807617188 1259.14971542358 597.95308303833 463.120880126953 680.95475769043 615.76778793335 611.340133666992 633.677253723145 572.101648330688 626.075811386108 671.667613983154 598.627563476562 587.393486022949 549.510398864746 557.709915161133 535.15160369873 705.741554260254 770.451137542725 686.508045196533 635.864683151245 632.733703613281 802.092491149902 656.77481842041 547.316749572754 645.668098449707 587.839092254639
573.617735624313 510.553245544434 384.138259887695 435.236907958984 508.851402282715 717.178680419922 591.045612335205 762.650016784668 648.70792388916 787.332801818848 974.826843261719 943.95777130127 688.858148574829 795.12873840332 419.764083862305 2364.1222038269 1080.8016204834 647.897186279297 428.187652587891 903.147567749023 739.411239624023 356.188690185547 447.920364379883 1057.44438171387 1187.91098594666 1591.38508033752 1099.24086380005 809.50777053833 627.588047027588 611.264869689941 602.209170341492 592.853398323059 667.869632720947 657.637636184692 518.516273498535 667.986885070801 507.733093261719 551.079528808594 611.080917358398 614.60969543457 686.487730026245 635.369910240173 777.9462890625 652.434761047363 673.615386962891 735.128921508789 611.47212600708 399.571319580078 584.070581436157 599.740158081055
