export/dem/dem29.asc
NCOLS 350
NROWS 171
XLLCORNER 152620
YLLCORNER 418050
CELLSIZE 100
NODATA_VALUE -9999
[rows 22 to 43 of 171, columns 250 to 299 of 350]
858.196617126465 852.35343170166 617.950454711914 983.724899291992 1007.71106719971 893.749114513397 875.683654785156 878.476959228516 852.003253936768 660.191070556641 735.75479888916 661.143671989441 807.773010253906 657.037635803223 743.222625732422 967.861236572266 980.867263793945 832.474464416504 861.776985168457 945.235000610352 935.641448974609 772.385833740234 778.604919433594 800.760768890381 851.498783111572 914.863052368164 803.855323791504 837.54588508606 875.69482421875 760.556266784668 750.957946777344 -9999 -9999 -9999 -9999 -9999 -9999 -9999 -9999 -9999 -9999 -9999 -9999 -9999 -9999 -9999 -9999 -9999 -9999 -9999
594.306854248047 836.787490844727 594.003143310547 919.153297424316 689.337715148926 825.656265258789 958.133477210999 868.13606262207 1143.29439544678 818.279815673828 1017.12315368652 885.338017463684 897.860639572144 848.008310317993 842.382286071777 973.068428039551 979.306163787842 1119.52703857422 921.335662841797 940.706100463867 1077.3244934082 808.33317565918 771.0390625 713.520156860352 792.566482543945 807.003814697266 863.233329772949 844.187124252319 682.005477905273 777.422082901001 455.411071777344 1081.83703613281 1012.64801025391 762.562495231628 -9999 -9999 -9999 -9999 -9999 -9999 -9999 -9999 -9999 -9999 -9999 -9999 -9999 -9999 -9999 -9999
740.971092224121 1236.71831130981 1052.34417724609 772.78155708313 722.076385498047 702.567657470703 762.446487426758 937.531046867371 916.143974304199 794.579139709473 641.765060424805 989.292129516602 956.969573974609 817.696552276611 883.730751037598 936.820125579834 1220.85418701172 1019.01887512207 977.526847839355 1212.00845336914 953.565322875977 902.784934997559 902.057647705078 876.358306884766 751.681518554688 926.340484619141 939.229110717773 913.732749938965 947.053848266602 832.134216308594 1022.52005004883 774.2529296875 770.343984603882 676.059181451797 833.110404968262 964.077823638916 937.19552230835 -9999 -9999 -9999 -9999 -9999 -9999 -9999 -9999 -9999 -9999 -9999 -9999 -9999
702.330902099609 771.325584411621 636.403732299805 669.786262512207 866.47875213623 739.281982421875 996.879180908203 958.656047821045 829.292556762695 859.310466766357 868.984642028809 893.407493591309 1048.1999206543 1141.15565490723 1078.43457794189 1021.70426177979 1006.87701416016 930.105979919434 864.811740875244 1044.24862670898 1132.83547973633 1106.83679199219 1137.91616821289 1236.35064697266 930.384994506836 841.736389160156 977.352466583252 887.520092010498 876.067321777344 831.80700302124 670.221322581172 1091.4061126709 719.657871246338 693.457387924194 947.483745574951 840.203639984131 725.051383972168 782.26254940033 660.83048248291 779.035665512085 904.338645935059 -9999 -9999 -9999 -9999 -9999 -9999 -9999 -9999 -9999
706.336624145508 819.858917236328 917.17259979248 902.163970947266 702.893310546875 822.976943969727 718.912437438965 767.291026115417 823.47953414917 782.151768684387 724.344146728516 1029.50327301025 1068.04969787598 1253.89587402344 924.066299438477 919.268882751465 1005.30805397034 1097.52513122559 1293.26300048828 1151.17655944824 1035.28631591797 1242.63391113281 1237.62019348145 1132.34674453735 946.959621429443 1119.11907958984 977.113445281982 1094.47850036621 1123.4874420166 857.191230297089 600.317947387695 844.145420074463 837.815286636353 605.59374332428 650.538867950439 1067.8469543457 860.67497253418 890.93807220459 979.861267089844 706.546440124512 810.669124603271 718.579864501953 929.642992019653 977.778537750244 1090.86241149902 -9999 -9999 -9999 -9999 -9999
793.216739654541 687.711730957031 714.529495239258 803.748001098633 1044.23266601562 837.024759292603 1288.33126831055 877.033012390137 943.58500289917 940.040277481079 939.083877563477 705.169067382812 601.212463378906 2049.90789794922 851.036315917969 985.778886795044 761.278650283813 951.321674346924 1242.35479736328 1097.12562561035 1006.5590057373 1042.90872192383 928.275856018066 1192.76319885254 1163.4400100708 1159.46242523193 1095.46389770508 848.076988220215 1035.92329406738 934.936294555664 860.541519165039 859.944065093994 748.523300170898 634.684215545654 649.065258026123 567.817802429199 862.056739807129 852.420352935791 874.20664024353 808.97847366333 772.041244506836 591.615417480469 788.97346496582 954.50067615509 879.618377685547 938.23797416687 1026.61074829102 836.11368560791 833.760063171387 807.480857849121
736.580451965332 713.061836242676 739.269905090332 707.022811889648 925.861572265625 789.143981933594 874.51114654541 674.257385253906 688.624526977539 696.944160461426 685.96501159668 514.774475097656 628.932586669922 1799.3314666748 624.572448730469 815.308724999428 863.475718975067 753.681579589844 951.410522460938 1164.78086853027 1118.94924163818 953.87158203125 982.26831817627 1106.06346893311 1076.46804428101 994.235206604004 1069.28082275391 1029.44176483154 1100.02631378174 858.377128601074 885.13565826416 911.453357696533 1053.72431898117 658.549320220947 692.004722595215 636.887825012207 921.601768493652 860.305614471436 798.8942527771 750.78197479248 846.514541625977 744.453760147095 840.862236022949 810.384914398193 904.685237884521 1037.18457794189 970.803661346436 852.34211730957 892.232688903809 867.433753967285
704.993995666504 849.466384887695 838.706102371216 783.487487792969 822.584357261658 784.061519622803 911.613235473633 659.369903564453 718.519161224365 888.33939743042 759.421699523926 550.672576904297 1133.13372802734 485.919311523438 737.322845458984 656.236083984375 889.304029464722 895.900844573975 915.677334547043 752.770957946777 944.607650756836 862.248908996582 1176.15525817871 863.501651763916 1005.95588684082 1426.34801197052 887.613037109375 1126.40449523926 1171.56176757812 1126.39686584473 784.951454162598 931.457103729248 1149.966796875 580.55387878418 828.711884498596 1007.91371154785 995.862071990967 929.543682098389 838.588104248047 835.831334114075 669.736129760742 705.950630187988 683.911834716797 758.258239746094 727.45573425293 747.297180175781 688.939468383789 510.969366073608 493.254146575928 781.971022605896
732.418106079102 920.271469116211 783.368234634399 879.72705078125 807.496520996094 839.342063903809 897.324829101562 885.843826293945 712.955757141113 748.413887023926 708.119964599609 558.541076660156 1573.21810913086 598.498794555664 527.093627929688 636.992111206055 770.372665405273 900.338710784912 893.750888824463 795.556846618652 730.605667114258 780.734306335449 870.350021362305 851.405402421951 976.44401550293 906.590817451477 799.830395698547 846.862931251526 776.09854888916 913.685596466064 958.403587341309 1237.49496078491 914.581827163696 1035.90146827698 888.888233184814 888.5322265625 971.016796112061 945.969715118408 858.284561157227 936.79626750946 891.655028343201 889.053709030151 755.932891845703 827.617172241211 825.34619140625 677.776184082031 544.048133850098 450.618270874023 449.358940124512 874.362277984619
907.489738464355 715.890296936035 619.139938354492 917.134048461914 716.435111999512 812.038673400879 806.557228088379 762.981344223022 877.091232299805 770.110158920288 752.290224075317 1104.36148071289 633.466659545898 711.783493041992 762.792739868164 708.951164245605 748.517013549805 755.657096862793 807.203729629517 826.984067440033 941.40518951416 857.572967529297 818.858024597168 942.050247192383 907.62931060791 851.568489074707 825.742115020752 921.230010986328 773.390266418457 743.97159576416 791.591789245605 931.169937133789 797.588333129883 1053.7183380127 1170.55293273926 937.910565376282 798.542476654053 864.570234298706 830.224655151367 1239.57987976074 870.364402770996 849.344482421875 825.528274536133 781.811767578125 803.803413391113 779.35909986496 651.074104309082 651.862545967102 569.934471130371 919.62873840332
785.803749084473 758.707429885864 919.834190368652 710.717304229736 783.740161895752 841.327812194824 855.249557495117 846.741386413574 743.824096679688 814.144779205322 727.571250915527 1321.49586486816 641.628387451172 720.294464111328 778.670748949051 615.075119018555 802.558189868927 861.132034301758 736.853790283203 808.818881988525 868.125770568848 728.609436035156 697.386207580566 840.672790527344 852.127639770508 860.656894683838 818.659713745117 792.548678874969 860.545516967773 872.438365936279 759.790107727051 825.751475334167 878.448905944824 839.010906219482 749.082420349121 862.769218444824 835.986390590668 923.311492919922 803.821628570557 767.557670593262 773.200485229492 849.658365249634 916.191808700562 1378.83850860596 922.697834014893 693.732933044434 1004.75306510925 973.70491027832 1043.08537346125 966.151180267334
665.20548248291 775.690170288086 700.397266387939 652.063232421875 801.907068252563 675.359977722168 812.276230573654 678.151123046875 758.68138885498 868.949905395508 899.247131347656 712.374626159668 647.377136230469 691.848739624023 617.494216918945 702.203338623047 812.598269462585 765.82791519165 639.255973815918 752.150871276855 773.665008544922 797.375568389893 676.471473693848 764.672348022461 568.145385742188 871.257591247559 734.594291687012 940.454071044922 670.995811462402 690.802536010742 729.922332763672 863.902203559875 747.110218048096 864.353206634521 882.685916900635 892.778900146484 857.810459136963 872.447479248047 751.081314086914 741.136993408203 807.772241592407 802.818254470825 880.186018943787 793.655609130859 1371.47846603394 630.354629516602 787.417404174805 804.221205711365 901.834213256836 1062.7545337677
875.344932556152 801.591262817383 870.546981811523 863.085388183594 785.396758079529 835.788948059082 770.27426815033 868.836730957031 827.35758972168 1075.94427490234 612.43123626709 738.12682723999 730.17057800293 649.236175537109 753.533977508545 976.457179069519 1061.29597499967 851.305675506592 711.954780578613 747.489265441895 916.385688781738 756.507888793945 706.397689819336 607.214080810547 784.609710693359 725.94255065918 719.911838531494 988.32341003418 942.799453735352 847.562355041504 679.760635375977 851.636703491211 856.593721389771 731.021438598633 838.94303894043 859.082590103149 745.074851989746 904.867576599121 689.838600158691 736.963493347168 825.160152435303 718.504852294922 929.345695495605 806.721050262451 818.159702301025 1157.53112792969 769.570770263672 973.657096862793 1133.66152191162 1144.24018859863
850.743049621582 738.827304840088 626.499786376953 747.213439941406 768.664855003357 761.439840316772 740.018898010254 870.656219482422 755.521406173706 600.03816986084 794.582471847534 735.589454650879 831.548728942871 754.427484035492 616.44701385498 892.437456130981 973.875333786011 990.338676452637 764.470035552979 787.130245387554 850.829807281494 716.194763183594 753.649085998535 863.976097106934 719.66967010498 734.623767852783 841.57975769043 827.593021392822 728.510269165039 782.560447692871 659.207717895508 685.171806335449 724.556846618652 799.05775642395 815.033546447754 879.989940643311 697.74089050293 756.362041473389 736.783546447754 753.408798217773 860.522087097168 763.159130096436 904.410385131836 796.754873275757 741.469329833984 827.369033813477 705.731033325195 1242.95031738281 1032.9008705616 1032.81254577637
709.60481262207 800.489677429199 779.943210959435 753.938855648041 703.709217071533 658.903480529785 837.380393981934 706.138111114502 856.295860290527 690.386909484863 615.940383911133 483.752166748047 726.664653778076 750.780979156494 1257.37096405029 784.273338317871 802.694360733032 926.967468261719 1160.14888000488 755.278190612793 608.242172241211 771.211387634277 686.79655456543 750.018154144287 769.439018249512 927.308444976807 882.257125854492 745.738224029541 743.039360046387 680.411178588867 723.773918151855 790.396162033081 584.056243896484 742.613380432129 724.269271850586 821.286817550659 794.166809082031 759.683406829834 756.064727783203 825.573216497898 945.65998840332 847.804886817932 786.706686019897 892.046348571777 729.842880249023 729.643569946289 806.583511352539 749.003936767578 900.294570922852 899.7646484375
665.838066101074 910.283752441406 698.819534301758 733.069321632385 740.780930280685 655.956298828125 657.658660888672 951.397563934326 655.638740539551 614.860824584961 821.178298950195 856.853969573975 609.593215942383 973.717231750488 1107.74858474731 876.877297401428 745.115118026733 730.177001953125 1386.13584136963 546.187591552734 696.950019836426 561.711944580078 820.024621963501 770.563037872314 849.761703491211 702.409339904785 805.115796089172 840.398773193359 822.289651870728 698.133415222168 811.172969818115 564.764801025391 728.685623168945 697.665901184082 660.726806640625 818.022782325745 756.856735229492 764.219058990479 832.11157989502 684.515106201172 701.523902893066 736.040100097656 899.674510955811 918.65633392334 897.572437286377 745.581642150879 760.223541259766 636.538955688477 889.783330917358 841.583473205566
731.531736016273 790.238048553467 878.879989624023 685.435668945312 665.663009643555 705.990242004395 740.019050598145 842.157051086426 667.211135864258 729.684688568115 1177.36273193359 818.651039123535 1124.03589630127 1125.60291099548 918.069374084473 822.632308959961 814.775955200195 1654.08961677551 694.086357116699 1157.06504821777 1379.76936340332 836.410800933838 898.443710327148 841.077905654907 805.253450393677 747.355690002441 781.135719299316 616.977401733398 729.893508911133 784.298950195312 929.86971282959 730.510147094727 734.801628112793 749.572738647461 784.275249481201 771.894763946533 708.838737487793 672.321975708008 756.640804290771 908.982883453369 916.260307312012 887.064491271973 842.613483428955 760.370697021484 832.456795692444 849.84953045845 854.255741119385 727.650177001953 858.70964050293 751.926742553711
653.075248718262 718.142075061798 822.20906829834 684.711536407471 567.46501159668 801.128723144531 681.109268188477 669.907077789307 657.291984558105 801.961402893066 644.667724609375 615.151275634766 646.583892822266 1302.7333984375 1239.62501525879 899.723075866699 755.732479095459 647.723480224609 747.098777770996 781.575469970703 1015.97970974445 711.486835479736 961.232086181641 905.404121398926 734.175685882568 877.755561828613 893.333946228027 827.327426433563 739.30558013916 863.369216918945 979.284111022949 777.316375732422 630.634338378906 801.100191116333 921.736877441406 673.583190917969 882.012565612793 808.120771884918 738.603080749512 857.984129905701 802.194265365601 995.180648803711 766.565788269043 776.487617492676 994.467788696289 900.083560943604 907.387924194336 834.815577507019 828.47046661377 730.470809936523
884.606353759766 689.34010887146 888.738098144531 775.839138031006 675.032440185547 865.987770080566 609.399429321289 678.519512176514 614.842178344727 583.555648803711 662.801315307617 669.888870239258 753.152328491211 937.30157327652 995.805130004883 1150.15207050741 724.374135971069 911.894027709961 680.33226776123 751.212020874023 639.829666137695 661.189712524414 722.345188140869 914.833435058594 756.139172554016 800.453680038452 697.917999267578 824.206035614014 647.799468994141 792.777214050293 795.895622253418 768.556346893311 777.821166992188 782.613327026367 726.416397094727 739.547142028809 838.139791965485 804.583190917969 808.194398880005 856.6169090271 1222.9437828064 753.736953735352 802.206413269043 843.821248531342 956.176818847656 818.160193324089 846.897048950195 815.804990768433 905.205448150635 891.545246124268
812.111518859863 699.513645172119 866.10099029541 669.962898254395 765.106918334961 751.455165863037 692.911109924316 636.923789978027 788.166107177734 692.91495513916 974.805791854858 920.045745849609 620.622156143188 825.633712768555 823.986152648926 907.824001312256 829.77960395813 815.298065066338 771.533843994141 724.901317596436 605.222625732422 563.896408081055 676.159027099609 693.680320739746 790.169615745544 574.838958740234 656.137466430664 646.186187744141 906.195863723755 716.750564575195 1067.77549743652 774.987789154053 803.809089660645 729.629669189453 821.962266921997 868.285907745361 1165.04094076157 784.782066345215 860.460164070129 700.501983642578 1107.34538650513 823.730211257935 862.372611999512 845.3653383255 797.872430801392 830.067536354065 820.381786346436 889.144824981689 910.996032714844 922.159683227539
613.474769592285 695.915140151978 739.104439258575 823.308444976807 1069.50305175781 701.629489898682 633.874946594238 686.587188720703 946.172317504883 810.442260742188 1079.02832984924 1379.99186134338 736.818553924561 865.264991760254 614.622085571289 727.951486587524 689.976570129395 884.816789627075 801.076894760132 786.248348236084 705.869316101074 622.250091552734 909.795166015625 645.893730163574 770.349985599518 707.943092346191 812.795272827148 713.270133972168 536.272750854492 762.529296875 790.718697071075 810.18336725235 775.413681030273 765.882759094238 786.860275268555 822.367466926575 802.662208557129 1107.7326335907 649.213424682617 1237.05724334717 762.091316223145 922.428123474121 799.748600006104 927.350975036621 968.953323364258 942.497703552246 771.281494140625 950.430717468262 809.255999565125 824.858142852783
647.529312133789 637.432899475098 766.741077423096 739.778619766235 658.705810546875 608.3017578125 740.46130657196 650.855346679688 849.535537719727 953.171943664551 864.211253643036 638.335403442383 694.7214012146 770.236758232117 710.628383636475 836.281211853027 756.625549316406 850.327926635742 785.037839889526 706.871788024902 822.010231018066 911.100357055664 825.065837860107 745.387250900269 904.167282104492 712.072738647461 884.82804107666 551.214477539062 774.957008361816 1294.95760345459 779.740386962891 596.279121398926 859.950494766235 760.316413879395 821.17818069458 838.730583190918 765.051696777344 882.479465484619 678.821166992188 790.96703338623 891.437719345093 794.564545154572 759.602420806885 866.232757568359 966.698760986328 754.85075378418 812.947624206543 912.955493927002 929.972671508789 1026.45227050781
