export/dem/dem28.asc
NCOLS 350
NROWS 171
XLLCORNER 152620
YLLCORNER 418050
CELLSIZE 100
NODATA_VALUE -9999
[rows 132 to 153 of 171, columns 300 to 349 of 350]
957.921180725098 1079.32676696777 1523.20308303833 1006.8765411377 982.011962890625 1033.75991821289 1601.35021972656 1461.54844665527 1271.95291900635 1372.98847961426 1446.08563232422 1327.03282165527 1164.5859375 1417.04012489319 1665.58877563477 1157.8257598877 1048.07716751099 1153.63168334961 1177.39022827148 867.647914886475 881.635120391846 845.930974841118 772.685928344727 806.852291107178 946.706787109375 953.729921340942 874.913606643677 986.963623046875 927.125462532043 779.348609924316 817.997856140137 982.83065032959 942.729610443115 1019.37494659424 -9999 -9999 -9999 -9999 -9999 -9999 -9999 -9999 -9999 -9999 -9999 -9999 -9999 -9999 -9999 -9999
917.368202209473 916.601959228516 902.357077777386 1365.53419494629 1048.41836929321 951.595817565918 1283.99160766602 1941.71337890625 1481.55035400391 1300.04791259766 1161.65602111816 1346.72483062744 1226.88563537598 1208.01407623291 1495.28191375732 1874.6890335083 1701.2117767334 2256.57855224609 1703.9033203125 1243.28704023361 1650.56742858887 934.097881317139 910.8883934021 940.866874694824 894.01651763916 930.548515319824 849.174671173096 1030.19277954102 916.534337580204 1033.16483306885 918.235832214355 815.082344055176 853.007076263428 903.252780914307 -9999 -9999 -9999 -9999 -9999 -9999 -9999 -9999 -9999 -9999 -9999 -9999 -9999 -9999 -9999 -9999
867.728771209717 877.996292114258 884.070137023926 946.977430343628 1022.060359478 1141.74070739746 1442.22009277344 1528.61367797852 1225.16951751709 1367.28820800781 1252.79446411133 1352.89198303223 1310.32401275635 1034.87882614136 1281.67628192902 1462.92343902588 1336.91000366211 1464.9208984375 1187.35176086426 1181.50257873535 1157.94592285156 1092.08993530273 906.07865524292 1008.29167175293 898.074031829834 830.643926620483 977.764289855957 958.883888244629 968.436297178268 859.710643768311 763.010093688965 900.209468841553 1015.57084274292 944.889459609985 890.417412757874 -9999 -9999 -9999 -9999 -9999 -9999 -9999 -9999 -9999 -9999 -9999 -9999 -9999 -9999 -9999
815.29175567627 748.203855514526 1300.95260620117 1335.34481811523 935.154512405396 1126.00259399414 1056.46905517578 1559.25617980957 1787.50244140625 1511.16162109375 1280.99981689453 1511.00411987305 1070.56756782532 1042.06049537659 1350.27209854126 1861.71656799316 1474.90794372559 1228.22132873535 1050.67971801758 986.395416259766 940.44179725647 1052.56705856323 1090.26458740234 926.530296325684 904.510704040527 819.226343154907 837.230550289154 952.061164855957 986.514007568359 841.653427124023 928.759191036224 960.224708557129 1078.04192733765 882.902893066406 983.046371459961 904.967115402222 -9999 -9999 -9999 -9999 -9999 -9999 -9999 -9999 -9999 -9999 -9999 -9999 -9999 -9999
800.854776382446 1109.62992858887 898.328758239746 1067.87657928467 927.867523193359 1316.15553283691 1409.36032104492 1131.38417053223 1235.37712097168 1300.43530273438 1320.36878967285 1183.11642456055 1253.07706451416 1602.71641349792 1136.5880241394 1157.76136016846 1088.95457458496 1175.17845153809 1013.16017532349 991.571134567261 820.997604370117 866.7685546875 1057.95735931396 1125.71024036407 956.060573577881 1024.98540496826 810.594074249268 731.716133117676 930.44213104248 859.070085525513 918.72624206543 1358.37605285645 865.761001646519 955.427803039551 875.935970306396 1036.06031799316 -9999 -9999 -9999 -9999 -9999 -9999 -9999 -9999 -9999 -9999 -9999 -9999 -9999 -9999
1037.09707641602 1021.60523223877 1069.41694641113 1098.49716186523 945.25806427002 1304.20658874512 1178.49638366699 1299.42590332031 1082.0943145752 1148.17291259766 1142.7841796875 1161.09800720215 1312.83060738444 1443.23996353149 1391.37938690186 1049.86446475983 1170.77169036865 941.480622291565 1023.8062286377 912.044815063477 1158.85467529297 1052.27508544922 846.224235534668 925.925437927246 998.419918060303 1192.57154083252 1673.38340187073 898.664770126343 820.317541599274 918.657901763916 1323.47748947144 927.421676635742 1024.04530334473 909.380348205566 800.899219512939 752.98120880127 960.080387115479 -9999 -9999 -9999 -9999 -9999 -9999 -9999 -9999 -9999 -9999 -9999 -9999 -9999
749.672622680664 889.218307495117 836.666259765625 732.088005065918 800.780707836151 1126.46662902832 1322.79531860352 1154.24882507324 1206.59799194336 1238.3152923584 1165.80606079102 1097.27586364746 1125.88853216171 1425.16483306885 1474.68296051025 1373.9001159668 1177.44174194336 988.266569375992 1086.28147888184 1021.05495834351 942.16159594059 1031.15383911133 1078.17755889893 1079.35522460938 1017.79355430603 1043.28894805908 1013.03162765503 1013.68905448914 1028.68939208984 1119.0539932251 852.6435546875 847.179496765137 922.942058563232 974.293731689453 991.628517150879 872.992659568787 788.984790921211 -9999 -9999 -9999 -9999 -9999 -9999 -9999 -9999 -9999 -9999 -9999 -9999 -9999
710.373905181885 809.312229156494 879.664066314697 721.20002746582 873.177070617676 1127.00587272644 1177.04035949707 1073.31826400757 1060.93325424194 998.124950885773 1066.37617874146 959.991355895996 1023.30070200562 1062.75811195374 1710.90984344482 1620.8914642334 1078.23927307129 1132.79580688477 1046.1969203949 1225.82664489746 968.669742584229 992.963382720947 1094.9669342041 938.783763885498 908.718383789062 910.305389404297 970.317437648773 947.066457271576 1003.49117279053 1024.00778198242 840.536026000977 882.341384887695 1101.69458007812 904.125574111938 1017.55659484863 1025.37553405762 821.518196105957 800.133110046387 -9999 -9999 -9999 -9999 -9999 -9999 -9999 -9999 -9999 -9999 -9999 -9999
772.694118499756 728.725433349609 731.164642333984 846.455528259277 915.98592376709 1011.2050447464 1185.69442749023 1061.19998168945 1248.15199279785 1074.5341758728 948.469993591309 1036.59182357788 1068.14552307129 1083.08571624756 1422.47346496582 1494.60432815552 1256.72808837891 967.778419494629 1127.24516296387 1075.09237670898 992.462829589844 981.644592285156 870.439697265625 988.99299621582 935.266876220703 1045.6921005249 1036.24360275269 921.172222137451 1033.02293395996 1014.93944072723 1436.18070983887 1073.08932209015 1001.11489009857 834.353775024414 819.275291442871 998.97730255127 854.329200744629 984.902336120605 -9999 -9999 -9999 -9999 -9999 -9999 -9999 -9999 -9999 -9999 -9999 -9999
683.268943786621 821.67227935791 855.306890487671 717.035652160645 988.841262817383 936.215991973877 939.290350914001 764.245273590088 1039.12021636963 1117.9232635498 984.290224075317 1208.97630310059 1093.23848724365 1207.6824798584 1308.36745452881 1441.09700775146 1023.67723488808 1057.46660614014 1074.48056602478 989.753234863281 1049.41476821899 1068.42581939697 974.801383018494 1016.74392700195 1010.31587219238 904.00136756897 946.022911071777 1043.7967634201 970.142608642578 1054.83403968811 1264.32810592651 1090.78371810913 830.900314331055 818.962860107422 845.959136962891 991.469039916992 729.377746582031 850.755939483643 713.668434143066 -9999 -9999 -9999 -9999 -9999 -9999 -9999 -9999 -9999 -9999 -9999
772.413036823273 751.653255462646 784.493843078613 797.070167541504 925.939025878906 1002.81791305542 1255.57887268066 1159.4701461792 1134.20161437988 1232.49110412598 1012.43032073975 1072.52800369263 1051.81962203979 1100.82040786743 1363.11206150055 1092.83646774292 1048.00477910042 930.008617401123 1216.19137573242 1172.86633300781 1324.14219856262 1204.1008605957 1288.54268360138 1083.75729560852 847.06761932373 968.887626647949 970.89427947998 968.10786819458 1015.27140235901 996.476486206055 1172.24016284943 1175.13143157959 1107.73587799072 955.326766967773 852.840728759766 661.397064208984 882.827072143555 845.415214538574 867.123989105225 -9999 -9999 -9999 -9999 -9999 -9999 -9999 -9999 -9999 -9999 -9999
636.85799407959 743.775979042053 869.289794921875 806.892478942871 993.01725769043 799.644096374512 1067.57092285156 1080.43839263916 958.416610717773 834.818206787109 903.137231826782 1097.71722412109 1115.6249961853 1020.49311065674 1004.19534301758 1395.47195625305 1054.59057426453 891.15234375 920.096981048584 1009.39116001129 1088.0252456665 972.31765037775 984.428352355957 1150.36988067627 1007.26526260376 808.134330749512 1014.29272460938 896.468894958496 1008.31685638428 964.604454040527 1040.1318962574 1136.54094696045 1017.96013736725 779.326034545898 906.447761535645 942.449661254883 821.327919006348 902.803024291992 922.998100280762 -9999 -9999 -9999 -9999 -9999 -9999 -9999 -9999 -9999 -9999 -9999
722.233759880066 731.50422668457 691.747707366943 690.102279663086 794.271560668945 840.411170959473 881.445945739746 801.360298156738 818.51763343811 921.779541015625 880.31600189209 747.083893239498 959.724478721619 935.386825561523 1117.74179077148 1098.01803779602 1426.11447906494 1086.74569797516 1063.72582626343 971.262065887451 846.370292663574 877.388601303101 1076.5643119812 1356.07775318623 1193.99782943726 1059.5997800827 1539.75654602051 898.589828491211 1085.24692153931 965.823455810547 1043.31360626221 925.757614135742 896.985315322876 869.393636703491 670.998474121094 794.892944335938 972.586492538452 803.526412963867 868.9162940979 943.174377441406 -9999 -9999 -9999 -9999 -9999 -9999 -9999 -9999 -9999 -9999
775.884342193604 693.676312923431 712.394892692566 770.179456710815 874.582138061523 829.069774627686 996.884628295898 706.136905670166 1014.96531677246 768.834632873535 831.816944122314 605.046890258789 732.1614112854 959.949319839478 849.789077758789 780.269882202148 903.773025512695 962.951545715332 1440.25267028809 1095.38692474365 933.105804443359 1020.22091674805 1031.59595489502 906.082168579102 1381.76842498779 1436.84886169434 880.987190246582 1097.88527679443 859.290237426758 942.436653137207 1103.77951812744 841.669692993164 803.446647644043 921.079351425171 976.723289489746 875.179878234863 858.010581970215 760.831161499023 880.498967170715 807.599349975586 -9999 -9999 -9999 -9999 -9999 -9999 -9999 -9999 -9999 -9999
631.414306640625 630.441093444824 742.094699859619 718.966129302979 761.433868408203 703.061721801758 849.468040466309 703.984321594238 882.495933532715 952.056743621826 904.73641204834 837.174140930176 766.949211120605 644.999282836914 883.129051208496 858.559631347656 715.599502563477 858.582084655762 1086.45945358276 1120.93675231934 931.283226013184 883.69108581543 990.884788513184 1033.05597257614 1039.98848152161 1149.73321533203 1053.32573699951 969.469934463501 937.542350769043 979.678031921387 1015.59465789795 1042.51317596436 832.793167114258 1107.20533752441 933.845924377441 845.094757080078 877.775741577148 918.546901702881 820.910133361816 938.313896179199 -9999 -9999 -9999 -9999 -9999 -9999 -9999 -9999 -9999 -9999
815.343269348145 838.150726318359 906.298965454102 705.761047363281 711.175319671631 942.588005065918 700.319122314453 761.29140663147 767.293923377991 974.253964662552 876.087398529053 862.587707042694 753.825035095215 741.86812210083 655.883407592773 720.433494567871 798.016647338867 896.188632965088 1029.7051115036 1064.28978729248 862.840454101562 1100.15161895752 1131.74089813232 1141.56732177734 1145.91583251953 908.896553039551 1085.18683242798 1172.48957061768 976.573987960815 1029.78782844543 816.585601806641 989.508506774902 985.231117248535 823.327186584473 972.564197063446 917.147548675537 740.524536132812 756.896820068359 818.984832763672 783.037239074707 864.822284698486 -9999 -9999 -9999 -9999 -9999 -9999 -9999 -9999 -9999
742.603428840637 916.829177856445 858.836395263672 770.472528457642 726.071180343628 799.922721862793 786.103172302246 858.477006912231 812.531001567841 729.064140319824 870.195844650269 990.575801849365 937.344993591309 659.693481445312 690.968276977539 776.724597930908 760.605995178223 822.350044250488 925.766085624695 1022.60087585449 1045.88048362732 1032.20702362061 1045.63110351562 934.735000610352 951.587791442871 1061.6222820282 1070.44198989868 1036.44039916992 738.140335083008 880.761885643005 839.489685058594 853.418972015381 747.834182739258 784.931228637695 803.491302490234 801.406639099121 747.850357055664 826.886489868164 794.355003356934 827.669883728027 889.322414398193 -9999 -9999 -9999 -9999 -9999 -9999 -9999 -9999 -9999
894.297790527344 760.740882873535 878.649566650391 708.560569763184 815.67113494873 692.457633972168 648.68994140625 770.332542419434 728.23624420166 751.882133483887 765.36887550354 907.734692573547 711.819686889648 1012.95643615723 658.957778930664 652.534576416016 762.127172470093 775.118980407715 822.676620483398 853.46745800972 939.923625946045 1067.99415588379 1111.19010710716 1240.94564056396 1020.48126983643 1153.81652832031 1129.37698364258 960.658954620361 840.742504119873 922.439965486526 766.455688476562 872.048000335693 873.379014492035 803.011299133301 834.462783813477 851.695373535156 901.353050231934 907.79859161377 999.668346405029 754.10196685791 822.115600585938 976.725715637207 -9999 -9999 -9999 -9999 -9999 -9999 -9999 -9999
807.047008514404 935.879196166992 795.478417634964 783.094947084785 777.574501991272 684.02889251709 776.79913520813 833.036483764648 817.19403886795 902.25280380249 776.944061279297 803.953247070312 881.737194061279 919.836256027222 862.227645874023 812.942859649658 756.531692504883 795.445281982422 681.126983642578 797.789321899414 904.143640518188 958.62096786499 987.765495300293 927.53768157959 1040.70015335083 893.042461395264 1048.51624107361 949.01197052002 1095.63816833496 1026.73609161377 967.117492675781 691.555191040039 824.903930664062 883.435642242432 1020.8286819458 863.006462097168 839.307281494141 884.186256408691 852.160533905029 907.098026275635 1036.21521759033 873.095687866211 -9999 -9999 -9999 -9999 -9999 -9999 -9999 -9999
819.626617431641 721.320938110352 739.317504882812 844.288681030273 750.831007003784 626.832412719727 757.924337863922 679.505325317383 696.496170043945 742.879791259766 634.625061035156 878.74963760376 768.818344116211 854.497451782227 967.014801025391 779.053192138672 785.957733154297 864.7586581707 855.423534393311 790.142616271973 750.60230255127 758.701065063477 806.361240386963 638.861465454102 799.904514312744 802.287706375122 861.227737426758 938.78558921814 873.660972595215 963.934366226196 1021.82145690918 727.762603759766 874.1569480896 864.821807861328 1457.48538208008 1009.62134552002 771.033782958984 1026.81386375427 910.691371917725 958.296903610229 984.985759735107 969.318458557129 1001.97201156616 -9999 -9999 -9999 -9999 -9999 -9999 -9999
755.612781524658 847.816898345947 856.527119636536 843.087211608887 730.509326934814 891.118377685547 697.441261291504 689.435539245605 804.324131011963 721.037406921387 821.982364654541 1017.33501052856 1072.18463134766 903.171255111694 741.035781860352 1005.68793678284 910.701591491699 871.915679931641 1015.76974868774 896.599563598633 1021.17776489258 813.297313690186 717.316375732422 842.09602355957 875.926742076874 887.280304908752 878.285876274109 843.504154205322 958.008171081543 1062.04852294922 805.028625488281 841.931282043457 905.661645889282 924.912368774414 1218.51893234253 881.619583129883 974.987787246704 1050.87003707886 1108.86400604248 949.522819519043 975.586685180664 1138.13310241699 885.513740539551 -9999 -9999 -9999 -9999 -9999 -9999 -9999
739.367218017578 832.621435165405 689.604652404785 844.55638885498 723.02465057373 666.588607788086 692.239128112793 628.167846679688 696.217231750488 643.07307434082 817.25440788269 746.334228515625 890.76872253418 971.41654586792 613.423828125 788.175498962402 1013.28067779541 941.827825546265 1186.06343078613 1036.3607635498 856.555061340332 1011.67115020752 821.981536865234 833.208602905273 884.149284362793 932.66961479187 866.543750762939 957.670555114746 638.900543212891 746.662094116211 929.406517028809 805.690338134766 988.510432004929 850.675735473633 1267.1342010498 892.340370178223 907.366439819336 1163.41902160645 871.681221008301 1089.17863464355 1057.70569610596 919.230415344238 929.367660522461 936.705154418945 -9999 -9999 -9999 -9999 -9999 -9999
