export/dem/dem23.asc
NCOLS 350
NROWS 171
XLLCORNER 152620
YLLCORNER 418050
CELLSIZE 100
NODATA_VALUE -9999
[rows 110 to 131 of 171, columns 300 to 349 of 350]
838.973121643066 844.111835479736 965.685020446777 825.797286987305 699.956153869629 824.943908691406 648.756378173828 918.024505615234 755.050689697266 681.789398193359 791.227394104004 863.631820678711 1730.77629852295 899.84814453125 639.710433959961 737.122253417969 1400.45780944824 639.908645629883 904.277618408203 -9999 -9999 -9999 -9999 -9999 -9999 -9999 -9999 -9999 -9999 -9999 -9999 -9999 -9999 -9999 -9999 -9999 -9999 -9999 -9999 -9999 -9999 -9999 -9999 -9999 -9999 -9999 -9999 -9999 -9999 -9999
709.629783630371 657.357689380646 586.639389038086 643.153137207031 639.161163330078 572.352142333984 959.335540771484 1336.78346252441 509.79931640625 755.616081237793 1435.00877761841 651.05775642395 1001.91012573242 704.326538085938 711.762237548828 585.164764404297 828.881072998047 1021.75479125977 975.637405395508 -9999 -9999 -9999 -9999 -9999 -9999 -9999 -9999 -9999 -9999 -9999 -9999 -9999 -9999 -9999 -9999 -9999 -9999 -9999 -9999 -9999 -9999 -9999 -9999 -9999 -9999 -9999 -9999 -9999 -9999 -9999
735.614532470703 902.565113067627 871.832962036133 699.975891113281 690.62419128418 651.810424804688 526.559097290039 832.657653808594 604.512817382812 1550.05715942383 987.543334960938 692.903335571289 658.694534301758 784.550689697266 719.365951538086 1274.23284912109 693.754547119141 905.1572265625 1631.90216064453 876.787094116211 -9999 -9999 -9999 -9999 -9999 -9999 -9999 -9999 -9999 -9999 -9999 -9999 -9999 -9999 -9999 -9999 -9999 -9999 -9999 -9999 -9999 -9999 -9999 -9999 -9999 -9999 -9999 -9999 -9999 -9999
754.616798400879 761.828796386719 912.372039794922 824.727806091309 754.963981628418 638.032508850098 796.669239044189 768.078804016113 718.594955444336 2118.25885009766 841.439430236816 851.513626098633 735.951248168945 1117.10054016113 1233.17811584473 1156.53271484375 837.842559814453 771.841125488281 899.300582885742 1284.20127868652 1196.08846664429 -9999 -9999 -9999 -9999 -9999 -9999 -9999 -9999 -9999 -9999 -9999 -9999 -9999 -9999 -9999 -9999 -9999 -9999 -9999 -9999 -9999 -9999 -9999 -9999 -9999 -9999 -9999 -9999 -9999
810.580589294434 834.5846824646 630.027114868164 733.387969970703 635.963157653809 695.835205078125 690.82006072998 745.198348999023 684.253082275391 1191.55207824707 817.357772827148 1053.44878387451 928.474830627441 924.465316772461 869.875068664551 852.819465637207 679.244064331055 910.441177368164 1127.21894598007 855.109024047852 895.610870361328 -9999 -9999 -9999 -9999 -9999 -9999 -9999 -9999 -9999 -9999 -9999 -9999 -9999 -9999 -9999 -9999 -9999 -9999 -9999 -9999 -9999 -9999 -9999 -9999 -9999 -9999 -9999 -9999 -9999
913.541805267334 686.708114624023 757.102294921875 746.475814819336 888.824012756348 602.4296875 541.110076904297 807.526504516602 445.400634765625 1115.31814575195 1312.13529968262 687.302276611328 821.779289245605 1214.2765045166 929.846084594727 715.045669555664 1185.20217132568 915.913635253906 947.956548690796 631.419403076172 672.625717163086 579.530410766602 -9999 -9999 -9999 -9999 -9999 -9999 -9999 -9999 -9999 -9999 -9999 -9999 -9999 -9999 -9999 -9999 -9999 -9999 -9999 -9999 -9999 -9999 -9999 -9999 -9999 -9999 -9999 -9999
768.226034164429 798.333873748779 934.771505355835 1113.46174454689 725.048496246338 562.683959960938 1468.19946289062 751.013339996338 756.892169952393 1103.07205200195 1084.93194580078 1293.2606048584 903.729125976562 1031.49109649658 793.014869689941 652.653533935547 1242.23527526855 1186.73624420166 757.56632232666 862.992658495903 746.317184448242 909.261623382568 1024.94486808777 -9999 -9999 -9999 -9999 -9999 -9999 -9999 -9999 -9999 -9999 -9999 -9999 -9999 -9999 -9999 -9999 -9999 -9999 -9999 -9999 -9999 -9999 -9999 -9999 -9999 -9999 -9999
673.535053253174 655.530471801758 801.387710571289 760.808502197266 1264.54891204834 1339.03547477722 757.166931152344 666.638698577881 684.640747070312 745.153053283691 793.05046081543 877.326469421387 1058.92904663086 1315.07931900024 1010.54720687866 947.635246276855 1001.37748718262 861.926943778992 728.322082519531 949.371368408203 856.095855712891 806.793495178223 807.815490722656 -9999 -9999 -9999 -9999 -9999 -9999 -9999 -9999 -9999 -9999 -9999 -9999 -9999 -9999 -9999 -9999 -9999 -9999 -9999 -9999 -9999 -9999 -9999 -9999 -9999 -9999 -9999
720.99972820282 776.992973327637 835.615921020508 880.91565322876 1015.23700332642 751.891662597656 790.190519332886 1089.42612457275 766.819484710693 892.46166229248 853.443058013916 627.431396484375 828.778957366943 840.117973327637 967.55587387085 925.408447265625 637.874282836914 737.955276489258 804.595153808594 800.856758117676 869.521137237549 798.096183776855 808.194938659668 1042.48278045654 -9999 -9999 -9999 -9999 -9999 -9999 -9999 -9999 -9999 -9999 -9999 -9999 -9999 -9999 -9999 -9999 -9999 -9999 -9999 -9999 -9999 -9999 -9999 -9999 -9999 -9999
965.543441772461 806.678115844727 713.684219360352 813.892385840416 1022.23751449585 764.963768005371 713.970985412598 607.209579467773 602.595291137695 625.615524291992 924.7998046875 931.2590675354 829.346712112427 1041.33254623413 1179.52507400513 817.032180786133 890.385093688965 877.788970947266 739.259307861328 792.679332733154 716.164840698242 834.666580200195 874.169416427612 924.729747772217 919.504486083984 -9999 -9999 -9999 -9999 -9999 -9999 -9999 -9999 -9999 -9999 -9999 -9999 -9999 -9999 -9999 -9999 -9999 -9999 -9999 -9999 -9999 -9999 -9999 -9999 -9999
1346.31052398682 1831.00995635986 1017.33143234253 1220.78881835938 1234.0651550293 807.947113037109 695.603355407715 866.929481506348 768.461841583252 1372.50277709961 714.522605895996 816.214586257935 751.691246032715 1098.83299827576 835.037300109863 1512.21353721619 885.560089111328 802.678793907166 895.283662796021 934.146896362305 745.542121887207 821.642269134521 903.402638435364 911.883850097656 870.811950683594 937.797256469727 -9999 -9999 -9999 -9999 -9999 -9999 -9999 -9999 -9999 -9999 -9999 -9999 -9999 -9999 -9999 -9999 -9999 -9999 -9999 -9999 -9999 -9999 -9999 -9999
1013.87320709229 969.823509216309 1463.30545043945 1070.54864501953 1337.51732254028 1492.41004943848 1136.67405033112 939.96533203125 783.244750976562 822.554229736328 805.597873687744 670.646385192871 768.251991271973 851.796443939209 990.005828857422 879.610216140747 853.690511703491 859.104124069214 877.344421386719 920.672439575195 812.748065233231 968.475715637207 743.725082397461 853.988286972046 819.574150085449 1008.84875488281 -9999 -9999 -9999 -9999 -9999 -9999 -9999 -9999 -9999 -9999 -9999 -9999 -9999 -9999 -9999 -9999 -9999 -9999 -9999 -9999 -9999 -9999 -9999 -9999
1253.59580993652 963.579957962036 1287.33700561523 954.385846138 1086.07969665527 1394.84324645996 1468.78286647797 1007.1219329834 1090.40134525299 1220.48812103271 1052.92792320251 767.266220092773 680.216339111328 998.260665893555 822.166564941406 807.270223617554 689.627937316895 736.736389160156 812.045667648315 875.536388397217 860.954522132874 888.17476272583 806.628466367722 766.812210083008 806.967353820801 1016.95391845703 1003.48536682129 -9999 -9999 -9999 -9999 -9999 -9999 -9999 -9999 -9999 -9999 -9999 -9999 -9999 -9999 -9999 -9999 -9999 -9999 -9999 -9999 -9999 -9999 -9999
1058.26611328125 1037.68997192383 1035.35961914062 865.003479003906 940.667959213257 1436.35298156738 1421.961769104 1041.91013336182 817.129898071289 1058.48557090759 700.732131958008 734.003204345703 837.013423919678 893.691513061523 819.285701751709 771.228691101074 860.683338165283 729.313228607178 884.648384094238 631.613800048828 756.068450927734 697.320381164551 880.209335327148 691.82689666748 891.321388244629 918.255805969238 948.54727935791 907.207117199898 -9999 -9999 -9999 -9999 -9999 -9999 -9999 -9999 -9999 -9999 -9999 -9999 -9999 -9999 -9999 -9999 -9999 -9999 -9999 -9999 -9999 -9999
1071.92980957031 996.606174468994 970.530395507812 937.187850952148 997.396909713745 1225.77770996094 1574.36701202393 1180.42808532715 997.360748291016 833.651050567627 866.699962615967 807.156821906567 654.516616821289 746.209648132324 813.979396820068 745.078460693359 889.647665023804 751.742610931396 709.905395507812 660.172622680664 920.454071044922 901.829360961914 828.45074993372 836.824659347534 893.470848083496 904.400390625 1019.4772644043 955.811172485352 947.766227722168 -9999 -9999 -9999 -9999 -9999 -9999 -9999 -9999 -9999 -9999 -9999 -9999 -9999 -9999 -9999 -9999 -9999 -9999 -9999 -9999 -9999
872.232349395752 976.867523193359 917.935581207275 1139.21692657471 1554.24934387207 1170.71754455566 1118.55155944824 1195.19075012207 868.936166763306 754.542106628418 684.719100952148 799.603090286255 902.45873260498 731.846992492676 558.800979614258 812.312129974365 927.340911865234 917.180740356445 951.211517333984 804.118402481079 886.520866394043 784.85103225708 770.742965698242 772.169090270996 837.078478813171 973.721435546875 923.285182952881 1054.23558044434 862.799706459045 -9999 -9999 -9999 -9999 -9999 -9999 -9999 -9999 -9999 -9999 -9999 -9999 -9999 -9999 -9999 -9999 -9999 -9999 -9999 -9999 -9999
887.209484100342 834.031616210938 1320.21934509277 1567.01605224609 1022.45973205566 1152.93760681152 1446.58917713165 972.648666381836 1023.25888061523 806.202026367188 721.84944152832 741.773262023926 881.80460357666 746.209996581078 839.00857925415 758.123306274414 749.493667602539 878.398557662964 912.158443450928 996.94645690918 812.075614929199 818.537845611572 949.390731811523 811.091798782349 884.110061645508 849.54475402832 781.347480773926 880.355531692505 863.364268541336 906.326232910156 -9999 -9999 -9999 -9999 -9999 -9999 -9999 -9999 -9999 -9999 -9999 -9999 -9999 -9999 -9999 -9999 -9999 -9999 -9999 -9999
939.719188690186 1075.70283508301 1124.87892985344 1475.16590881348 1986.39196014404 1164.01511955261 1105.46466064453 1126.86524963379 1287.57892227173 905.841934204102 709.204116821289 785.340259552002 730.273712158203 864.437805175781 747.300310134888 749.458576202393 800.732398986816 740.993602752686 940.175395965576 896.36759185791 693.816200256348 943.617408752441 568.85969543457 911.466033935547 758.813667297363 846.746934890747 877.176370620728 936.792616844177 836.639717102051 851.722177505493 879.183410644531 -9999 -9999 -9999 -9999 -9999 -9999 -9999 -9999 -9999 -9999 -9999 -9999 -9999 -9999 -9999 -9999 -9999 -9999 -9999
1040.93028068542 1152.81956481934 857.444847106934 1320.26541900635 1473.47353363037 1438.34496307373 1402.3271446228 1061.70500946045 1027.90298175812 987.397655487061 1050.47774505615 880.258728027344 926.556205749512 1052.38574981689 824.278718948364 911.614891052246 895.754745483398 951.765167236328 806.898755997419 922.748382568359 855.94705581665 913.27547454834 818.157871246338 866.230243682861 777.991386413574 865.69820022583 778.306137084961 768.114639282227 802.468902587891 770.213676452637 867.687732696533 -9999 -9999 -9999 -9999 -9999 -9999 -9999 -9999 -9999 -9999 -9999 -9999 -9999 -9999 -9999 -9999 -9999 -9999 -9999
1224.45462989807 822.069625854492 940.715285301208 1507.15137481689 1157.74380493164 1407.0649023056 1409.86730957031 1227.08570480347 1876.92289733887 1321.57607650757 1227.30337142944 1264.06288909912 1146.88628578186 1717.8378276825 1197.96579742432 966.243217468262 963.195686340332 951.110771179199 823.467197179794 836.731863021851 893.181277275085 931.639640808105 919.650295257568 713.664710998535 809.819707870483 898.878421783447 800.226867675781 875.15787447989 924.409843444824 807.294769287109 1021.32823181152 1013.00128936768 -9999 -9999 -9999 -9999 -9999 -9999 -9999 -9999 -9999 -9999 -9999 -9999 -9999 -9999 -9999 -9999 -9999 -9999
1121.48494541645 864.407386779785 997.857120513916 1055.7810459137 900.817488670349 1441.85353088379 1675.0544052124 1251.88619995117 1305.42961502075 1466.64240264893 1247.38068771362 955.497459411621 1232.74791717529 1478.10629272461 969.323843002319 1187.88676452637 907.117286682129 1041.4494934082 813.36572265625 987.833999633789 923.386528015137 837.447772026062 666.022567749023 715.600028991699 820.355686187744 879.195762634277 798.513668060303 941.165824890137 842.241264343262 803.006433486938 782.38264465332 715.024047851562 903.768000841141 -9999 -9999 -9999 -9999 -9999 -9999 -9999 -9999 -9999 -9999 -9999 -9999 -9999 -9999 -9999 -9999 -9999
736.168426513672 1071.27635765076 1283.50165557861 905.826631546021 928.965003967285 1191.60330963135 1366.0389251709 1302.78955078125 1332.81900787354 1426.39689254761 1377.82366943359 1207.76541900635 1085.81377029419 1059.10752105713 979.031637191772 1066.72923278809 1060.33190917969 889.868553161621 902.267143249512 1090.86514282227 815.765383243561 935.875961303711 688.512268066406 811.637237548828 1037.99768066406 861.112438201904 818.887390136719 948.931983947754 978.868656158447 804.019668102264 859.429093360901 937.720138549805 883.993076324463 -9999 -9999 -9999 -9999 -9999 -9999 -9999 -9999 -9999 -9999 -9999 -9999 -9999 -9999 -9999 -9999 -9999
