export/dem/dem25.asc
NCOLS 350
NROWS 171
XLLCORNER 152620
YLLCORNER 418050
CELLSIZE 100
NODATA_VALUE -9999
[rows 88 to 109 of 171, columns 200 to 249 of 350]
728.821365356445 724.078609466553 627.95096206665 753.237411499023 738.02172088623 553.108093261719 558.177612304688 756.855903625488 671.591297149658 650.663639068604 517.855781555176 722.874847412109 664.509910583496 572.245216369629 535.040283203125 731.238700866699 791.66072845459 739.355030059814 669.262195587158 696.478607177734 719.270599365234 791.018539428711 589.356876373291 632.827131271362 655.451889038086 678.977883815765 768.68724822998 732.784084320068 800.634216308594 615.569797515869 720.976818084717 644.558000564575 672.595198631287 697.10835647583 562.310554504395 650.174247741699 750.845344543457 772.772491455078 691.570759773254 692.784126281738 817.479141235352 840.278961181641 1039.46653747559 842.26393699646 902.725051879883 715.487042427063 750.748644351959 923.702896118164 865.160621643066 965.016120910645
554.964508056641 780.56616973877 580.597053527832 651.674783706665 782.615646362305 596.07848739624 726.731864929199 753.115303039551 630.838582038879 552.365737915039 592.052410125732 530.118606567383 620.920847892761 741.525192260742 605.441024780273 775.643173217773 648.841923564672 889.91130065918 632.579864501953 581.278289794922 632.498132705688 716.656959533691 609.35523223877 720.386077880859 592.062431335449 765.072074890137 650.389114379883 595.609413146973 708.052646636963 703.355670928955 778.679382324219 662.599216461182 646.320127010345 670.623878479004 568.942398071289 552.722244262695 757.339172363281 635.782678604126 822.097930908203 773.807134628296 843.163330078125 911.647491455078 842.497207641602 826.784203529358 760.501786231995 624.889186859131 732.43586730957 1101.77822875977 1048.78609085083 901.00798034668
568.828422546387 1068.75933647156 695.79595375061 623.131546020508 683.111745834351 734.284828186035 801.267181396484 741.551864624023 704.393417358398 615.740791320801 736.246871948242 642.094618320465 530.161720275879 519.133110046387 705.841499328613 649.120071411133 717.637031555176 694.448879241943 565.856101989746 637.681758880615 518.104232788086 699.197858810425 559.049835205078 788.155746459961 618.866981506348 793.227020263672 708.54069519043 626.786521911621 639.083026885986 765.99250793457 591.990913391113 627.880414485931 631.103214263916 725.239166259766 627.960266113281 733.186645507812 669.111385345459 661.804573059082 781.713140487671 740.724592208862 756.447064399719 789.67423248291 809.987937927246 840.203462600708 801.167041778564 766.687767028809 629.040573120117 941.526920318604 975.817893981934 807.591569900513
602.403865814209 590.605508804321 506.259368896484 576.953475952148 447.380798339844 657.933404922485 685.178142547607 866.586288452148 681.343681335449 900.656600952148 688.101177215576 802.029235839844 653.467220306396 592.323360443115 697.676109313965 681.299186706543 593.965213775635 728.570137023926 589.921092987061 599.570796966553 415.307510375977 679.494780540466 579.307228088379 606.473976135254 527.975875854492 572.637710571289 677.24634552002 698.155319213867 698.504112243652 630.480941772461 771.447067260742 730.063410758972 653.836761474609 688.982055664062 749.038856506348 837.354629516602 598.27229309082 590.065399169922 782.328948974609 706.979108810425 658.474235534668 893.195541381836 913.219619750977 873.565383911133 826.812316894531 639.091650009155 661.46000957489 731.110757827759 903.856719970703 829.966028213501
666.191139221191 692.044235229492 573.266983032227 524.181304931641 683.239145278931 658.483143806458 660.548904418945 666.29535484314 605.432340621948 679.295230865479 695.760578155518 706.257446289062 580.678302764893 450.046630859375 557.323486328125 770.021194458008 741.237449645996 566.117202758789 641.420310020447 605.423389434814 613.352714538574 783.81950378418 654.965377807617 790.371269226074 727.22437286377 667.07283782959 697.210914611816 783.335571289062 727.779914855957 639.95565032959 797.352478027344 881.562713623047 793.204162597656 807.86376953125 782.778930664062 660.383603036404 798.7763671875 672.817076921463 677.03783416748 556.226608276367 551.782051086426 757.523303985596 798.438117980957 858.330062866211 713.593955993652 559.927337646484 590.289653778076 551.871154785156 653.606582641602 954.816093444824
706.967010498047 790.589202880859 768.46017074585 661.778726577759 534.375178337097 947.713157653809 718.936172485352 765.165679931641 681.981784820557 645.492013931274 594.529941558838 660.987434387207 561.181446075439 573.310451507568 666.242610931396 684.924922943115 670.30090713501 479.70849609375 669.985683441162 720.135530471802 675.224571228027 681.896789550781 675.840629577637 630.739082336426 633.882064819336 670.898138046265 631.81266784668 711.718032836914 682.275957107544 616.632808685303 725.450836181641 651.679027557373 682.993476867676 747.230102539062 740.60787153244 751.575486183167 727.889089584351 699.185764312744 643.569353103638 727.108666419983 641.084775924683 579.280349731445 558.228065490723 681.38031578064 709.376010894775 614.063133239746 743.741012573242 790.28173494339 838.944042205811 908.715263366699
758.559356689453 680.648862838745 738.018965244293 768.946731567383 692.855621337891 774.030921936035 796.288148880005 721.893371582031 657.858459711075 763.441871643066 619.071466445923 620.536827862263 624.84908914566 716.403373718262 754.949462890625 630.785032272339 681.15015411377 734.239944458008 561.476150512695 591.795288085938 915.234481811523 678.616947174072 641.458961486816 815.34379196167 773.707363128662 916.731002807617 775.30835723877 644.168773651123 637.206010818481 600.480743408203 674.128215551376 798.094696044922 724.18621635437 709.151119232178 822.337562561035 839.915630340576 696.753145217896 699.696199417114 632.331558227539 682.019218444824 837.251670837402 650.733341217041 770.715309143066 667.487075030804 525.955535888672 571.8984375 783.883071899414 706.554695129395 657.99772644043 835.089054107666
637.392208099365 653.061498641968 778.521331787109 748.57018661499 645.286167144775 703.600067138672 726.979862213135 632.74889755249 815.101608276367 660.267200469971 588.177017211914 564.407539367676 628.872978925705 634.392569541931 763.254859924316 616.64675951004 575.370918273926 567.4384765625 587.152400970459 648.342899799347 797.586135864258 764.173126220703 787.18359375 518.234481811523 596.805595397949 742.608100891113 839.70231628418 658.745981216431 682.00262260437 748.504547119141 525.266159057617 679.467067718506 642.566230773926 606.671813964844 675.513519287109 930.339920043945 881.472114562988 706.830557107925 654.503856658936 614.142913818359 574.914199829102 682.781127929688 628.67707824707 702.377214431763 814.030864715576 844.113300323486 654.262302398682 789.618286132812 758.609370231628 636.412399291992
732.860599517822 569.23034286499 803.245239257812 769.377025604248 806.859336853027 825.409896850586 642.17579460144 830.18318939209 532.147125244141 682.600961685181 629.351285934448 630.973640441895 611.98157119751 676.639064788818 703.023406982422 635.573917865753 696.978858947754 773.262268066406 682.939109802246 858.864120483398 820.097961425781 772.211540222168 712.612438201904 583.994430541992 649.503662109375 656.121849060059 535.840972900391 626.925445556641 730.970561981201 635.578826904297 617.735210418701 688.26166343689 679.945096969604 606.552947998047 717.717586517334 708.613006591797 730.007965087891 687.565586090088 655.881187438965 629.342655181885 648.575859069824 634.22868347168 757.076118469238 647.813549041748 681.746627807617 820.018932342529 767.648021697998 593.276657104492 790.031478881836 662.451183319092
629.221908569336 672.463956832886 776.740291595459 693.298736572266 991.477920532227 834.808128356934 655.617335557938 1138.37998962402 670.928924560547 753.406120300293 779.859504699707 707.899749755859 533.508811950684 709.554912567139 677.05184173584 755.772262573242 675.425827026367 645.862058639526 631.294226408005 590.98957824707 702.976585388184 612.06974029541 651.056099973619 738.577598571777 520.609367370605 712.473158836365 465.312423706055 508.88289642334 668.409954071045 579.138870239258 512.071426391602 666.877339363098 630.974849700928 623.604900360107 544.266132354736 641.607902526855 676.862014770508 660.271942138672 638.314071655273 717.563928604126 608.331665039062 628.662559509277 576.855773925781 808.251708984375 914.479400634766 724.538600921631 764.265157699585 880.520782470703 898.750885009766 662.351928710938
849.819541931152 766.286209106445 712.45792388916 856.966857910156 832.718612670898 893.296821594238 783.177299499512 724.800270080566 484.080215454102 635.641899108887 714.396183013916 638.481413841248 586.713275909424 548.890754699707 506.558654785156 582.976070404053 678.166320800781 695.848529815674 649.703825950623 683.748901367188 584.160877227783 747.940887451172 809.964660644531 648.866148471832 713.082772254944 737.322814941406 684.999717712402 569.745246887207 608.322959899902 670.540113449097 730.567371368408 541.918380737305 681.957332611084 556.654632568359 598.713512420654 645.189735412598 656.150415420532 651.193632125854 703.46498298645 665.387187957764 693.276836395264 622.434364318848 714.496555328369 728.869956970215 644.955116271973 837.468673706055 715.267044067383 862.53405380249 816.689723968506 757.313760757446
864.126621246338 561.586315155029 618.292892456055 729.552356719971 634.076156616211 896.582794189453 798.097942352295 698.946468353271 714.905006408691 665.941331863403 513.538040161133 482.564910888672 559.318267822266 626.588264465332 714.397193908691 622.620820999146 603.276062011719 675.990207672119 663.364515304565 806.129806518555 891.370132446289 742.312141418457 587.547214508057 567.037567138672 621.328758239746 718.776584625244 938.648780822754 788.595642089844 498.738220214844 682.753284454346 680.264537811279 567.380142211914 600.460647583008 712.339462280273 616.442184448242 685.459766387939 760.043006896973 648.703289031982 681.811814308167 638.833744049072 662.154537200928 786.850532531738 583.67903137207 428.559371948242 801.407844543457 730.224197387695 892.816329956055 950.177452087402 887.263610839844 725.774353027344
825.741382718086 808.246430397034 590.467315673828 609.782485961914 756.853076457977 852.021575927734 712.221933364868 637.943092346191 631.240364074707 457.52229309082 642.464218139648 604.824848175049 739.480270385742 623.708869934082 751.264226913452 677.735950469971 773.636085510254 668.235963821411 780.982177734375 582.357772827148 757.159294128418 766.140846252441 757.489135742188 979.299362182617 577.947280883789 794.471900939941 997.026573181152 843.236206054688 1012.82199192047 1314.15472984314 1207.52896118164 617.92699432373 634.444561004639 590.748001098633 656.860046386719 790.772155761719 965.125675201416 797.021102905273 686.59411239624 778.504692077637 718.230685710907 550.634170532227 767.784797668457 664.245212554932 879.353689193726 902.850532531738 1126.53250646591 842.945326805115 821.186233520508 702.944969177246
881.721328735352 709.952920913696 653.453555822372 792.175327301025 750.011531114578 795.287582397461 814.711957931519 793.982656478882 867.480072021484 1019.43889045715 714.1891746521 478.26171875 710.597648620605 584.039482116699 773.991287231445 907.602035522461 668.106252670288 735.931625366211 657.030868530273 739.950592041016 608.188247680664 781.945976257324 610.626644134521 807.729476928711 607.291722297668 553.020889282227 486.827484130859 719.324043273926 678.856134414673 669.178100585938 484.736968994141 590.813583374023 711.408936500549 1100.23497009277 981.467817306519 853.637153625488 1075.9577331543 1117.63730049133 767.577697753906 901.405875205994 957.657335281372 612.484481811523 753.495847702026 705.277500152588 572.946868896484 848.635330200195 715.596176147461 1008.30783081055 1508.61466598511 691.406997680664
801.43067741394 668.395095825195 609.05655670166 716.364273071289 686.809150695801 789.305137634277 828.79850769043 714.525184631348 706.622116088867 788.601529598236 1012.09934997559 676.374094009399 745.989162445068 809.986267089844 747.672794342041 618.494125366211 691.441133499146 750.490859985352 669.252975463867 682.609722137451 635.160262107849 695.793235778809 661.176165804267 695.042402267456 562.535751342773 528.231216430664 592.13232421875 444.418090820312 586.522300720215 699.712728500366 520.906066894531 551.551559448242 701.923501968384 494.699661254883 393.711608886719 593.474044799805 685.748474121094 1058.05547809601 741.771636962891 697.976760864258 663.216991424561 666.737693786621 1060.22128295898 534.770797729492 1108.63282775879 649.978637695312 776.301231384277 719.187896728516 920.877246856689 817.006782531738
640.507698059082 796.71489906311 956.005889892578 665.510947227478 620.668548583984 753.683020234108 585.831344604492 972.290084838867 744.291976928711 858.370803833008 829.838443756104 851.096405029297 680.177505493164 778.174797058105 683.102573394775 884.619430541992 651.5357837677 725.153709411621 782.401657104492 580.384223937988 539.996383666992 501.524078369141 649.238998413086 547.001174926758 731.785530090332 491.54899597168 500.781723022461 460.908920288086 575.262664794922 539.878768920898 527.673568725586 471.637771606445 678.755356788635 476.564559936523 843.076169967651 618.659271240234 908.959396362305 1079.30597305298 938.975345611572 744.554512023926 561.891510009766 484.130584716797 969.646766662598 499.939910888672 847.690933227539 1036.29992485046 680.105041503906 1128.87990665436 851.478118896484 1346.46131134033
-9999 844.294174194336 769.474639892578 597.116976737976 688.73295211792 588.207107543945 729.811000823975 730.708415985107 756.237075805664 727.467217445374 660.569023132324 1128.45088195801 744.538520812988 541.46395111084 806.920654296875 656.719371795654 599.627479553223 506.40030670166 596.420955657959 508.573921203613 670.657487869263 604.145324707031 649.093479156494 861.114456176758 919.756107330322 682.990156173706 594.917827606201 531.406372070312 670.906568527222 686.096467971802 546.171379089355 450.102340698242 608.572177886963 690.660026550293 1019.09365224838 399.908294677734 787.685913085938 687.70965385437 633.514705657959 945.483215332031 743.164136886597 581.359222412109 791.971351623535 645.408950805664 684.710090637207 1092.21358108521 648.591537475586 862.909343719482 768.8356590271 1014.822265625
-9999 699.781414031982 719.641693592072 710.861679077148 550.818138122559 748.615487098694 762.356518745422 859.498893737793 848.196338653564 897.044166564941 701.576362609863 718.711734771729 768.860313415527 760.275184631348 641.663356781006 678.059627532959 509.500675201416 475.162506103516 508.19694519043 575.649211883545 576.727996826172 597.344985961914 620.350791931152 486.30126953125 915.233444213867 638.797699928284 565.016899108887 549.765083312988 608.173295974731 672.099817276001 264.903991699219 555.696907043457 418.876480102539 571.25740814209 1185.67966461182 470.462310791016 733.974708557129 537.833930969238 740.318546295166 729.119258880615 646.425941467285 752.677829742432 676.202392578125 648.678894042969 640.642242431641 574.590438842773 963.366607666016 778.685205459595 702.263492584229 734.923982620239
-9999 -9999 747.051647186279 664.206912994385 602.118835449219 681.217491149902 737.599092483521 678.684730529785 701.224464416504 746.001243591309 667.36597442627 577.484008789062 795.074234008789 635.61608171463 843.487838745117 468.391609191895 646.002388000488 547.26768630743 642.00163269043 605.75500869751 546.400581359863 511.791831970215 684.14115524292 597.003205299377 507.608734130859 499.917190551758 521.875137329102 596.448753356934 483.345245361328 565.866706848145 607.503684997559 603.322708129883 619.608108520508 648.225531578064 727.480140686035 482.980224609375 599.983085632324 673.095796585083 646.028474807739 674.242237091064 591.110633850098 620.942581176758 665.026420593262 750.792865753174 540.103500366211 584.115325927734 568.371032714844 633.651840209961 996.106367111206 745.178604125977
-9999 -9999 1146.59529876709 1019.55601119995 547.411499023438 645.751949310303 856.097358703613 728.312313079834 786.22887802124 771.876766204834 1107.7690486908 565.39054107666 663.966703414917 797.827972412109 753.42756652832 747.387344360352 673.394332885742 572.097237586975 591.471126556396 421.620758056641 326.635986328125 401.961547851562 523.024196624756 621.990196228027 586.598145961761 612.464385986328 612.18155670166 505.096130371094 577.127799987793 759.469398498535 599.893390655518 476.012588500977 667.769371882081 503.513168334961 650.210781097412 583.075714111328 629.308433532715 798.010418891907 734.857395887375 717.895003318787 861.844268798828 651.669067382812 612.539947509766 803.563041687012 721.854629516602 839.288528442383 839.180463790894 776.330451965332 813.098815917969 653.982070922852
-9999 -9999 -9999 746.406620979309 683.690418243408 679.501293182373 725.153713226318 736.914499282837 605.292266845703 402.255218505859 688.857883453369 509.862319946289 554.410079956055 546.065078735352 574.427459716797 619.840358257294 441.421989440918 510.823265075684 416.938293457031 339.712265014648 459.224258422852 624.792018890381 644.720993041992 1387.69839859009 548.551780700684 554.813720703125 633.762748718262 649.371405601501 390.204162597656 537.500076293945 862.500341415405 680.745460033417 586.823692321777 625.055599212646 673.506986290216 711.118431091309 493.316543579102 639.018463134766 633.889122009277 580.150192260742 598.926788330078 665.955276489258 728.57322883606 625.183319091797 585.912399291992 805.95450592041 726.473052978516 670.703132629395 702.299755096436 1105.78109741211
-9999 -9999 -9999 568.075225830078 582.797420501709 556.300117492676 656.555686950684 698.836807250977 728.078273773193 1055.99587011337 753.19998550415 734.505052566528 571.262733459473 511.685760498047 767.512573242188 591.110193252563 728.758575439453 572.445865631104 600.094212532043 622.120346069336 560.525897979736 606.545097351074 457.726760864258 926.016738891602 535.00959777832 641.850057601929 706.845886230469 676.415253162384 593.023277282715 554.033805847168 566.658142089844 627.034479141235 508.790832519531 538.715354919434 524.585998535156 963.864349365234 667.404450416565 627.498313903809 699.460900783539 579.360023498535 425.268020629883 440.2109375 585.835342407227 792.562133789062 813.268692016602 1074.35540771484 855.592220306396 860.31077671051 1106.47568511963 942.364700317383
