export/dem/dem24.asc
NCOLS 350
NROWS 171
XLLCORNER 152620
YLLCORNER 418050
CELLSIZE 100
NODATA_VALUE -9999
[rows 66 to 87 of 171, columns 50 to 99 of 350]
646.202217102051 449.009586334229 300.830856323242 321.641128540039 451.570183753967 372.667232513428 338.512184143066 473.824417114258 433.539361953735 331.236316680908 406.151006698608 319.033664703369 324.514972686768 465.665283203125 485.412788391113 321.922248840332 252.454818725586 366.097086668015 475.793434143066 322.318279266357 483.19743347168 282.077926635742 297.885551452637 192.790069580078 242.15510559082 332.148666381836 221.347534179688 324.102874755859 417.367519378662 466.615585327148 429.386545181274 382.509357452393 466.05738067627 381.053665161133 574.247848510742 399.804967880249 457.804832458496 491.156311035156 499.429523468018 394.233135223389 652.133804321289 526.058074951172 600.282531738281 412.572732925415 426.985628128052 525.088500976562 465.538667678833 374.138305664062 440.927110671997 440.717289924622
412.298080444336 324.460067749023 453.552092552185 389.683704376221 295.153472900391 305.800369262695 390.085903167725 308.110874176025 239.107955932617 496.575397491455 455.205024719238 468.98469543457 410.770980834961 602.831695556641 372.105836868286 481.544677734375 401.844482421875 474.388580322266 411.120433807373 342.032461166382 290.362976074219 325.906238555908 289.991149902344 319.096183776855 344.49369430542 247.387573242188 334.948150634766 280.056396484375 473.482109069824 421.437194824219 434.413467407227 384.793771743774 515.602722167969 370.479236602783 621.214660644531 331.546195983887 367.058193206787 247.554214477539 482.434970855713 484.303916931152 450.98314666748 460.071756362915 456.7320728302 504.606899261475 421.377338409424 690.382095336914 583.420288085938 439.431226730347 407.009569168091 439.568206787109
461.442543029785 421.394470214844 423.134986877441 389.704357147217 407.666768908501 458.069686889648 465.889434814453 329.167285919189 287.350151062012 352.554968833923 379.355039596558 430.062538146973 375.566078186035 396.147624969482 465.346649169922 473.173080444336 407.042411804199 437.250968933105 197.263336181641 265.064331054688 378.379288673401 288.136352539062 362.884359359741 306.98445892334 367.492936611176 466.589866638184 322.796981811523 445.060005187988 466.514198303223 578.925964355469 448.562061309814 337.331192016602 484.684875488281 347.988178253174 592.495651245117 470.787879943848 439.350482940674 413.831525802612 498.299201965332 513.108795166016 447.400213241577 555.977500915527 542.121238708496 295.472290039062 421.147579193115 554.127960205078 503.793281555176 365.041770935059 491.446914672852 465.646980285645
416.424545288086 517.400810241699 395.983135223389 447.88747215271 489.951026916504 402.874155044556 146.389144897461 392.461112976074 304.302932739258 506.328002929688 502.079086303711 381.469253540039 433.943347930908 502.959274291992 416.651718139648 481.154808044434 485.81468963623 613.332260131836 367.570656090975 310.678169250488 240.75284576416 382.497123241425 412.68630027771 399.680800914764 339.697700500488 329.433029174805 399.714894294739 467.731185913086 318.296569824219 461.188659667969 588.78369140625 398.76602268219 479.39860534668 453.464973449707 262.543716430664 496.046699523926 381.988554954529 408.908329248428 622.92301940918 364.499977111816 515.103713989258 520.206008911133 499.390983581543 386.676544189453 447.146462917328 408.638122558594 326.048736572266 546.930358886719 471.872940063477 484.285774230957
412.844871520996 323.702438354492 450.944507598877 366.793193817139 353.297473907471 136.293685913086 285.497611999512 258.37532043457 340.751642227173 443.414619445801 392.452747344971 442.9912109375 355.078205108643 397.275093078613 375.744407653809 293.122184753418 365.398677825928 381.060105323792 428.59574508667 500.139343261719 410.713514328003 423.458843231201 408.637268066406 366.585660934448 509.347213745117 343.456295013428 335.119216918945 335.704471588135 455.426086425781 322.396217346191 477.388427734375 441.369155883789 441.885925292969 638.734909057617 426.444242477417 488.64379119873 302.192375183105 405.803175926208 417.36648106575 404.764610290527 335.972923278809 322.457916259766 466.279970169067 428.067218780518 451.620546340942 435.583681106567 490.668514251709 395.755363464355 461.632974147797 336.826690673828
412.73641204834 451.909507751465 430.766998291016 411.142399787903 345.529090881348 427.735382080078 444.390445709229 530.304962158203 354.34494972229 405.590755462646 509.504333496094 275.733947753906 346.319288253784 460.440185546875 374.725517272949 231.28466796875 429.045570373535 240.28084564209 347.644115447998 332.786682128906 394.489438533783 547.704040527344 414.026432037354 256.013801574707 411.968515396118 495.644165039062 375.241907119751 492.963523864746 384.724273681641 612.654724121094 425.351167678833 393.413147449493 346.366844177246 457.770774841309 413.236754417419 396.226350784302 458.892807006836 354.939384460449 353.828666687012 453.622402191162 511.561080932617 493.16690826416 470.092164993286 424.99568939209 558.40438079834 406.790935516357 344.559501647949 387.681999206543 426.200763702393 578.925537109375
538.214096069336 426.450801491737 544.746932983398 406.351364135742 534.44637298584 336.894691467285 422.895172119141 297.177303314209 337.780049324036 395.900566101074 519.247543334961 362.147790908813 433.414863586426 255.484916687012 347.223970890045 261.009986877441 134.132186889648 251.691207885742 409.665500640869 397.205742359161 344.698963165283 375.904010891914 350.293111801147 330.192001342773 420.144962310791 321.552406311035 268.915901184082 287.424255371094 431.832706451416 387.775395393372 373.725976467133 497.939544677734 480.842109680176 340.466457366943 497.934967041016 336.388145446777 315.706069946289 457.055894851685 359.267742156982 342.01880645752 519.836555480957 382.864669799805 513.41809463501 387.653629302979 563.64599609375 321.631912231445 445.059307098389 508.553375244141 479.818337440491 494.572559356689
425.619766712189 304.799995422363 369.490337371826 480.274536132812 330.273365020752 291.700538635254 442.592987060547 354.698194503784 466.472442626953 291.963966369629 333.319488525391 403.587047576904 459.037544250488 452.742301940918 314.485324859619 425.469345092773 121.504806518555 245.752075195312 316.859462738037 368.987442016602 374.977858543396 477.791061401367 391.325075149536 216.020477294922 283.662803649902 390.119770050049 316.848880767822 403.795822143555 405.767347335815 399.516702651978 476.686332702637 462.838043212891 355.483867645264 480.742218017578 359.103603363037 386.567999839783 503.803932189941 429.077956616879 365.80126953125 462.006195068359 500.101001739502 452.203981876373 506.005382537842 421.714897155762 440.730167388916 520.955593109131 368.283111572266 382.433403015137 567.770797729492 540.41919708252
447.348232269287 389.547557830811 283.360443115234 384.165518403053 379.777183532715 530.065521240234 418.698329925537 429.830726623535 388.852663040161 320.051906585693 230.692726135254 445.38549041748 391.115989685059 450.822006225586 401.616592407227 377.664359807968 342.054397583008 394.71510219574 418.371505737305 463.421012878418 295.949493408203 358.17488861084 368.675501823425 504.858093261719 385.29345369339 359.770417928696 399.510782241821 466.514541625977 400.692651748657 455.610633850098 418.908926010132 492.311645507812 384.242524147034 378.60831451416 553.807312011719 341.326347351074 445.91333770752 489.113960266113 394.306415557861 484.299701690674 352.261688232422 436.408330917358 380.596008300781 519.01872253418 567.16731262207 404.89323425293 575.244850158691 535.105484008789 462.583595275879 447.407707214355
503.27117061615 506.134826660156 563.2314453125 511.298988342285 300.411201477051 249.696891784668 429.478866577148 444.385055541992 467.667900085449 348.653947353363 297.863647460938 357.372156143188 382.292060852051 311.378486633301 332.459590911865 370.941791534424 312.173240661621 333.771118164062 403.349102020264 559.054153442383 600.286224365234 289.215637207031 493.599990844727 409.765129089355 303.365341186523 275.701782226562 330.3310546875 280.747077941895 392.305908203125 473.937240600586 438.805797576904 308.376007080078 463.596450805664 461.794593811035 594.488479614258 396.769067764282 300.016761779785 353.67896270752 444.81047296524 571.553573608398 335.687240600586 521.691326141357 500.967691421509 456.697666168213 587.306182861328 523.800632476807 562.339183807373 494.648525238037 502.67533493042 688.400039672852
661.536979675293 420.408821105957 366.627611160278 515.146209716797 507.770820617676 496.43399810791 325.054885864258 479.592895507812 560.733169555664 294.559619903564 437.918243408203 270.502906799316 426.600402832031 430.604122161865 306.114063262939 466.780967712402 207.262542724609 359.543979167938 430.748538970947 278.26619720459 369.069030761719 373.542995452881 309.918384552002 301.044143676758 286.526870727539 198.354019165039 372.048533439636 377.656463623047 493.941459655762 428.385269165039 430.251304626465 336.899471282959 446.150163650513 429.010999679565 550.46940612793 497.97534942627 501.425117492676 417.711227416992 569.187423706055 448.194128036499 527.291255950928 396.054550170898 506.571075439453 517.38858795166 578.970710754395 518.667255401611 813.566070556641 822.64575958252 618.727905273438 638.364670276642
419.305891036987 478.057947874069 277.196029663086 626.523529052734 529.564506530762 577.695770263672 305.716262817383 366.907434940338 403.830532073975 531.169448852539 562.159172058105 329.749263763428 376.419176101685 424.903877258301 330.11198425293 231.3798828125 359.613812446594 382.413330793381 246.146812438965 370.765061616898 341.552518844604 288.022811889648 406.417112350464 293.347496032715 505.417694091797 336.01615524292 461.753471374512 350.812934875488 395.799509048462 522.444915771484 328.697116851807 401.683692932129 409.088189125061 252.747207641602 245.961151123047 393.899505615234 373.763927459717 441.566173553467 580.434280395508 665.938842773438 546.910221099854 257.723526000977 486.647094726562 381.411544799805 481.964519500732 722.676420450211 565.576983451843 869.320022583008 291.109313964844 679.063270568848
515.077495574951 333.867889404297 303.463039398193 505.509895324707 467.996562957764 387.020568132401 481.860580444336 514.032470703125 361.770673751831 255.124214172363 414.852573394775 553.907745361328 308.315479278564 361.723242759705 369.363186717033 383.034675598145 342.113524436951 402.864978790283 443.713562011719 404.65881729126 482.610214233398 441.909191131592 380.071557283401 346.995973587036 416.26256942749 419.441473007202 386.128191947937 421.566883087158 642.292587280273 429.26354598999 323.562942504883 533.030899047852 382.528045654297 436.316950798035 532.042266845703 413.927040100098 268.627883911133 597.085639953613 556.756843566895 555.686332702637 571.327869415283 533.306057929993 462.806407928467 640.50074005127 675.399238586426 846.827278137207 538.217994689941 652.513580322266 492.891819000244 707.043807983398
118.13899230957 198.1884765625 315.751863479614 402.774384498596 507.907161712646 514.480010986328 366.686111688614 501.014770507812 365.138738036156 415.668403625488 464.414619445801 394.949237823486 276.409423828125 305.587966918945 556.524932861328 240.603996276855 287.161415100098 398.550857543945 331.295921325684 342.7799949646 305.964179992676 383.936859130859 262.327224731445 394.589063644409 240.015060424805 376.268105506897 409.636211395264 419.253711700439 469.138008117676 270.73420715332 405.90787935257 389.719633102417 557.327239990234 377.324382781982 458.061790466309 448.836831092834 417.712181091309 539.478771209717 572.839225769043 516.128789782524 506.795415878296 537.67625617981 890.120021820068 501.217620849609 509.417098999023 645.516164779663 777.758010864258 581.484010696411 613.444290161133 646.541622161865
354.207763671875 195.15007019043 416.831893920898 312.84693145752 418.332218170166 239.939865112305 335.366287231445 454.801162719727 359.016389846802 390.541431427002 386.853736877441 332.808860778809 286.984687805176 273.013145446777 386.617341041565 248.647666931152 477.511276245117 476.726486206055 334.435241699219 428.869293212891 350.551511764526 454.304374694824 364.263575553894 452.112174987793 373.163474082947 381.405427932739 424.214673995972 450.659198760986 498.550010681152 420.493783950806 428.826667785645 420.728644371033 577.487731933594 562.580581665039 543.456932067871 375.909591674805 474.268423080444 388.316055297852 451.100553512573 472.774816513062 621.637077331543 597.349487304688 790.445190429688 382.887161254883 382.936012268066 452.432113647461 576.378303527832 593.671138763428 528.920209884644 762.765655517578
330.626281738281 379.035977363586 221.676544189453 225.846099853516 257.406188964844 342.942560195923 343.21167755127 458.949096679688 423.194801330566 332.239175796509 292.415916442871 288.901290893555 154.876708984375 332.024257659912 374.052335739136 261.628593444824 271.749320983887 355.798501491547 224.007095336914 370.403734445572 364.111188650131 355.400363922119 392.778029441833 534.537117004395 348.407894134521 496.266677856445 412.863649368286 419.706426620483 445.467842102051 333.395706176758 428.099723815918 290.147583007812 528.873672485352 525.239318847656 562.838272094727 565.893104553223 596.695770263672 585.565734863281 325.821762084961 616.383710861206 693.480926513672 464.491485595703 662.847785949707 747.133533477783 498.490057945251 505.203834533691 406.417083740234 549.176387786865 477.830619812012 630.964546203613
160.012634277344 204.650604248047 219.504463195801 341.613965988159 292.024620056152 347.775621414185 368.586721420288 426.810447692871 343.956377029419 230.202850341797 326.984437942505 170.716430664062 222.185821533203 503.073593139648 285.487815856934 316.702125549316 274.49592590332 305.005363464355 406.031314849854 411.099521636963 305.496559143066 501.991119384766 384.04349899292 577.585845947266 398.780578613281 442.888702392578 342.621276855469 456.869281768799 488.98600769043 488.706481933594 473.071464538574 361.21764755249 368.729820251465 508.001388549805 500.645751953125 521.35844039917 488.309831142426 526.401458740234 621.659057617188 533.327781677246 599.956474304199 323.75439453125 388.976745605469 322.040145874023 427.187225341797 421.408729553223 467.613571166992 709.273086547852 516.67246222496 535.757997512817
398.424711227417 212.705276489258 318.70915222168 237.383399963379 144.175628662109 181.976623535156 312.410961151123 349.79581451416 174.606582641602 297.571739196777 212.064262390137 272.846748352051 299.080303192139 364.036315917969 311.75997543335 336.872598171234 339.463306427002 253.029373168945 382.17046880722 480.19100189209 412.144438743591 516.677017211914 399.774503707886 606.206024169922 616.103012084961 417.76549911499 314.114967346191 424.242059707642 430.582586288452 461.926013946533 302.982986450195 383.18383026123 320.194366455078 402.350143432617 586.049011230469 443.069013595581 541.041012763977 750.670185089111 624.950632095337 509.370216369629 440.329097747803 357.220367431641 470.077136993408 325.404327392578 493.322677612305 370.565444946289 608.729061603546 464.901092529297 669.647899627686 672.768810272217
319.796688079834 477.414001464844 264.025390625 229.740226745605 380.088912010193 135.758117675781 326.738844871521 239.943336486816 364.55623626709 269.411338806152 405.224594116211 374.936771392822 399.112327575684 348.304004907608 400.657260894775 425.097610473633 326.540628433228 319.522384643555 370.628308296204 364.140486717224 611.800994873047 523.447967529297 464.452270507812 498.950645446777 543.218292236328 448.389442443848 329.854667663574 338.009498596191 551.966690063477 281.605484008789 434.97629737854 415.96523475647 398.692123413086 343.383743286133 411.226013183594 470.6055727005 638.286231994629 631.194137573242 594.228015899658 566.645659446716 341.887802124023 240.626281738281 420.027984619141 530.542846679688 482.307464599609 578.870475769043 597.839378356934 632.462319374084 657.839714050293 609.636306762695
401.711385726929 507.970268249512 482.797691345215 405.636190414429 112.336837768555 394.59642791748 253.241497039795 320.252843856812 289.427604675293 208.723556518555 269.830711364746 362.721305847168 235.175674438477 257.113822937012 267.134246826172 465.553886413574 295.352874755859 380.057334303856 363.321420192719 282.694553375244 546.906799316406 322.687850952148 551.687759399414 574.523162841797 605.762313842773 584.526016235352 561.952133178711 375.5461769104 361.234161376953 343.170478820801 532.715400695801 364.940612792969 417.147354125977 374.661849975586 465.350871801376 382.568351745605 643.90064239502 442.415710449219 653.05200958252 435.766807556152 249.405960083008 534.532554626465 611.079822063446 484.466445922852 582.502128601074 -9999 -9999 781.988800048828 692.837308883667 783.641128540039
322.957122802734 313.889488220215 449.116195678711 428.160755157471 251.997100830078 530.963088989258 376.671761512756 370.233798980713 206.515609741211 345.756196975708 159.344345092773 350.73371887207 387.032123565674 481.767272949219 309.429004669189 466.800842285156 444.000373840332 330.062664031982 338.060009002686 437.024131774902 445.945156097412 485.719337463379 543.938293457031 512.789283752441 568.735107421875 477.490219116211 425.690154075623 550.802124023438 498.730682373047 509.66854095459 418.47039604187 341.067001342773 492.364381790161 474.252300262451 412.785507202148 875.602690219879 515.18327331543 593.830894470215 545.795692443848 440.566673278809 495.441047668457 385.340240478516 -9999 -9999 -9999 -9999 -9999 -9999 -9999 -9999
406.954051971436 392.076682090759 460.282173156738 477.431999206543 277.7421875 277.86767578125 382.837867736816 191.908683776855 264.007507324219 321.102884292603 244.570587158203 185.64379119873 442.784408569336 414.079193115234 473.582778930664 460.908462524414 371.280323147774 396.230922698975 301.680854797363 369.337591171265 505.78295135498 431.136867523193 276.799621582031 515.937507629395 507.491195678711 426.61096572876 373.328163146973 408.435764312744 484.830490112305 360.323783874512 528.997932434082 308.116943359375 419.869140625 397.848739624023 315.730407714844 487.061592102051 455.631240844727 545.359075546265 548.220863342285 580.514018058777 513.795677185059 -9999 -9999 -9999 -9999 -9999 -9999 -9999 -9999 -9999
