export/dem/dem20.asc
NCOLS 350
NROWS 171
XLLCORNER 152620
YLLCORNER 418050
CELLSIZE 100
NODATA_VALUE -9999
[rows 132 to 153 of 171, columns 250 to 299 of 350]
768.35905456543 826.554225921631 834.383239746094 728.36890411377 723.725555419922 528.648162841797 736.567245483398 670.854560852051 810.509872436523 1008.53044128418 751.931749343872 849.216789245605 723.322130203247 700.04793548584 703.99486541748 693.419742584229 787.612606048584 830.009521484375 889.997543334961 675.720909118652 685.698360443115 720.779443740845 734.239322662354 733.756984710693 596.719825744629 554.61417388916 599.040069580078 645.738216400146 590.976676940918 669.25715303421 675.733912467957 608.25220489502 717.961265563965 457.244338989258 579.265640258789 586.992568969727 799.77766418457 766.680824279785 695.101070404053 1001.73350524902 976.226608276367 1043.84476470947 977.404083251953 1087.33419799805 970.629825592041 749.787704467773 937.668558120728 802.80883026123 877.187536239624 1047.62002182007
790.018036842346 664.920257568359 736.891014099121 592.205535888672 657.355842590332 742.415374755859 611.924192428589 664.303528785706 665.065612792969 687.658187866211 725.729591369629 638.710762023926 894.382141113281 754.020162582397 934.595230102539 751.863233566284 705.437907218933 875.730182647705 1110.3136138916 683.652282714844 757.664197921753 712.183323383331 614.993392944336 624.840488433838 669.813625335693 658.673400878906 521.687927246094 467.510147094727 677.204816818237 637.712753295898 777.413803100586 531.594131469727 482.398559570312 493.072814941406 692.751689910889 740.59162902832 733.564094543457 765.032516479492 746.470573425293 638.098119735718 589.236503601074 748.019790649414 1107.20265579224 1218.71083068848 1148.59690093994 839.316604614258 1010.10348510742 716.792068481445 909.114721298218 973.421504974365
863.554229736328 715.900756835938 798.503831863403 511.326477050781 567.287254333496 578.288274765015 524.970550537109 755.604222595692 745.830974578857 818.135330200195 635.319290161133 783.36709690094 812.108695983887 735.335794448853 810.625045776367 750.463355064392 714.705160140991 688.904357910156 1003.65251541138 755.037963867188 673.401039123535 568.413970947266 694.490087509155 729.427629470825 744.471462249756 582.04411315918 698.776927947998 789.63005065918 663.65482378006 693.46342086792 719.98673248291 629.499971389771 678.116243362427 600.103366851807 743.588241577148 772.015411376953 469.175308227539 878.792526245117 768.731941223145 704.2257604599 785.919204711914 617.508338928223 680.419008255005 753.982460021973 976.920738220215 753.289779663086 971.144729614258 628.946060180664 1032.94610595703 898.156722545624
737.096395492554 670.534378051758 491.07551574707 472.523742675781 462.297760009766 664.199239730835 658.015159606934 848.817092895508 729.943290710449 846.196716308594 693.828987121582 815.0110206604 697.093696594238 744.683225631714 684.430164337158 722.411987304688 740.117800712585 647.18090057373 928.161956787109 797.732815980911 745.364025115967 908.319061279297 653.975769042969 777.969551086426 665.696256637573 580.228309631348 690.081882476807 738.06575012207 815.433715820312 438.466598510742 640.268431663513 609.332641601562 615.863353729248 569.821334838867 690.461720466614 751.601867675781 767.456130981445 726.300123214722 628.692581176758 676.513750076294 657.886341094971 684.549652099609 767.062934875488 556.057876586914 672.509864807129 819.977684020996 930.756469726562 625.097717285156 777.647933959961 967.013042449951
852.017219543457 708.072379112244 647.002902984619 630.508796751499 490.511428833008 707.453796386719 661.159851074219 814.150938987732 680.69465637207 754.425268173218 874.71314239502 697.249378204346 573.747848510742 723.864263534546 751.969340324402 746.567157387733 665.636138916016 844.483522415161 690.425254821777 805.114330291748 878.576274871826 750.128879547119 609.533615112305 734.889400482178 591.795486450195 648.136090755463 659.603469371796 661.102865219116 823.816589355469 653.036939620972 609.682838439941 529.596672058105 546.687797546387 575.011596679688 568.445533752441 742.849533081055 720.001890182495 774.208106994629 705.890646934509 667.531604766846 503.059417724609 610.845283508301 733.782033920288 680.364459991455 663.293710708618 869.074653625488 763.40453338623 679.817977905273 783.464141845703 929.576926231384
750.399636268616 693.207469940186 708.344745874405 618.784294128418 776.847034454346 731.800884246826 734.355361938477 537.230209350586 670.95043182373 716.368558883667 800.935703277588 533.746780395508 840.836318969727 731.619203567505 679.903789520264 565.887130737305 665.229885101318 846.486652374268 531.007720947266 640.44115447998 554.449523925781 816.483238220215 727.16123008728 646.745325088501 791.123428344727 601.259918212891 624.945541381836 561.295337677002 645.674648284912 594.769645690918 698.178966522217 712.257527470589 613.445154190063 725.842552185059 630.896251678467 637.523822784424 756.381858825684 621.642223358154 524.132736206055 516.479049682617 599.328491210938 742.423927307129 679.965728759766 769.618690490723 740.591785430908 690.413890838623 847.511637687683 752.15111541748 869.645011901855 828.978868484497
731.314807891846 676.087503433228 693.084632873535 862.921051025391 910.485954284668 725.912036895752 666.897369384766 664.793518066406 742.702278137207 789.527755737305 866.822303771973 716.294097900391 780.877070426941 780.005111694336 787.081026077271 607.326736450195 671.212394714355 563.797241210938 475.668548583984 642.395454406738 733.817373275757 697.804851531982 621.796653747559 664.052574157715 765.197219848633 706.986846923828 568.491012573242 602.657783508301 638.47876739502 588.196281433105 618.299697875977 850.180999755859 584.495895385742 681.875315666199 684.950001716614 776.812545776367 644.501038551331 764.85033416748 706.274000167847 703.926810264587 669.773641586304 696.265079498291 593.493125915527 675.846084594727 779.662586212158 696.089242935181 786.494171142578 788.830055236816 686.14045715332 717.290458679199
764.157859802246 852.822845458984 912.080688476562 757.260807037354 720.520561218262 795.88529586792 810.168206214905 837.692920684814 779.339190244675 701.38948059082 754.759021759033 744.772163391113 672.152694702148 752.47957611084 807.849536895752 659.500274658203 644.242057800293 746.658386230469 771.988258361816 740.701522469521 776.670127868652 729.170936584473 734.671268463135 663.393898010254 634.391983032227 713.898803591728 706.50830078125 844.313842773438 655.193916320801 678.605516433716 654.370900154114 877.183670043945 594.420936584473 588.484001159668 632.434417724609 563.274620056152 698.416353225708 737.487247467041 583.914451599121 792.601196289062 701.110712885857 705.868333816528 568.887557983398 810.364372253418 745.238587379456 846.163009643555 749.561401367188 887.577224731445 847.247821807861 808.809332847595
786.985454559326 871.248443603516 1030.7186126709 691.410919189453 797.202438354492 810.466677188873 767.260831832886 740.887149810791 814.222585678101 756.840385437012 810.588361740112 668.655921936035 688.616638183594 652.169921875 805.654572486877 734.323135375977 779.843944549561 897.868297576904 690.79125213623 820.127922058105 731.354476928711 682.201173782349 866.83374786377 657.607467651367 662.278106689453 710.460964202881 720.775924682617 807.510636329651 736.673797607422 703.952821731567 777.43302154541 639.853569030762 558.079498291016 464.275344848633 500.87434387207 589.572761535645 774.118103027344 694.391255378723 753.094997406006 870.152038574219 833.385437011719 561.391098022461 766.072620391846 661.238571166992 827.162063598633 818.701675415039 654.680767059326 734.28840637207 778.409107208252 872.423934936523
614.048217773438 726.714900970459 782.288242340088 779.260829925537 693.086776733398 786.394351959229 820.314358234406 770.852111816406 832.54044342041 702.883934020996 692.19548034668 618.334533691406 689.461235046387 773.334838867188 747.21496963501 747.829246520996 738.270748138428 820.523628234863 768.891170501709 676.594131469727 654.699161529541 784.346855163574 679.31209564209 736.430135726929 739.246722221375 667.101753234863 830.074102401733 936.181873321533 932.448043823242 789.190841674805 631.885643005371 764.124984741211 606.043128967285 646.543905258179 582.061767578125 587.42520904541 804.692749023438 834.065902709961 898.65119934082 752.880764007568 775.436347961426 756.002265930176 678.695358276367 684.944416046143 774.591716766357 876.221786499023 641.530158996582 699.524709701538 636.187370300293 706.281875610352
748.203750610352 860.172454833984 1032.46849060059 790.498661518097 750.254859924316 925.414901733398 818.143103599548 640.775549888611 794.813623428345 796.015641689301 774.395729064941 797.381273269653 697.14786529541 757.062213897705 752.440052032471 842.052102088928 806.995012283325 735.292221069336 1034.9635925293 800.54573059082 782.889877319336 755.677040100098 647.637882232666 836.006256103516 734.298145294189 704.719276428223 821.987869262695 931.416687011719 771.986358642578 766.348389625549 556.319183349609 679.39803981781 664.860668182373 700.68275642395 792.14778137207 731.524070739746 627.782173156738 792.218231201172 791.970428466797 803.977294921875 754.129844665527 647.176097869873 525.735977172852 792.844276428223 676.184368133545 768.225086212158 717.454565048218 666.587585449219 681.541835784912 750.137542724609
652.066219329834 640.129871368408 1101.9006690979 764.21411895752 755.634387493134 739.034484863281 697.961479187012 941.20142364502 902.329750061035 765.937311172485 828.921041488647 592.287933349609 667.433654785156 736.098289489746 891.765445709229 845.272636413574 947.19889831543 771.70235824585 878.388621330261 834.628860473633 782.239860534668 726.128143310547 673.370056152344 821.466049194336 794.732778072357 542.021057128906 798.618650436401 831.788421630859 588.640106201172 546.975845336914 551.369888305664 714.998208999634 595.245529174805 565.602020263672 745.557983398438 733.073684692383 861.907928466797 857.55500793457 757.426177978516 741.374927520752 617.257911682129 901.658645629883 747.258674621582 675.474273681641 711.010364532471 625.386619567871 623.831787109375 779.172122955322 828.683410644531 567.683723449707
702.368304252625 679.050745010376 687.383247375488 698.779644012451 747.771305084229 655.080738067627 657.15412902832 955.387363433838 816.925857543945 712.459846496582 1001.38429069519 471.088134765625 753.059463500977 874.334892272949 897.500400543213 825.376640319824 820.761729598045 791.919616699219 768.130947113037 703.774284362793 848.264217376709 742.521472930908 772.007028579712 735.794818878174 830.018013000488 621.494373321533 789.127891540527 820.762237548828 751.041603088379 758.011936187744 737.228927612305 877.024772644043 586.802093505859 682.343097686768 676.313617706299 753.454317092896 780.879264831543 730.726354598999 785.616485595703 697.468040466309 757.728973388672 785.54829788208 783.727561950684 795.648620605469 765.023468017578 766.476505279541 677.013347625732 707.967012405396 824.339073181152 657.291114807129
-9999 -9999 -9999 781.686576843262 860.798301458359 920.0924949646 814.177909851074 865.153167724609 625.639129638672 712.778784751892 761.95036315918 666.205574035645 867.36078453064 845.257637023926 734.653251647949 758.967231750488 894.476182937622 826.664688110352 832.408782958984 711.041107177734 866.552829742432 1028.16030883789 910.643943786621 855.752070426941 671.57080078125 864.834991455078 816.807159423828 881.205581665039 833.958801269531 794.956768512726 611.247985839844 878.09693145752 678.617042541504 807.233249664307 754.43595123291 713.575950622559 886.396026611328 796.816605210304 856.332803726196 761.204181671143 782.261807918549 742.203243255615 665.475463867188 668.102447509766 795.883506774902 778.209083557129 637.245170593262 725.579173088074 744.30878162384 904.432418823242
-9999 -9999 -9999 -9999 -9999 -9999 820.370639801025 887.857816696167 690.835861206055 777.365471482277 584.15291595459 560.357078552246 755.368423461914 943.340648651123 864.515895992517 928.435218811035 857.103652954102 874.467706680298 992.384674072266 836.28490447998 907.12854385376 909.105518341064 857.132746696472 859.932645797729 823.530284881592 840.772048950195 868.769218444824 893.874328613281 750.291427373886 921.242446899414 979.052764892578 1117.88986206055 698.696434020996 816.758743286133 698.350315093994 714.926129341125 949.323638916016 758.202087402344 896.094646453857 887.578001022339 918.177703857422 706.039924621582 572.31689453125 704.359134674072 783.958457946777 687.667009353638 544.583465576172 770.975509643555 904.958602905273 684.237831115723
-9999 -9999 -9999 -9999 -9999 -9999 -9999 -9999 -9999 658.55696105957 719.102493286133 761.21039056778 799.62446975708 700.508255004883 805.271175384521 900.104270935059 1054.62698364258 882.489253044128 1086.61791229248 1001.45471191406 991.029708862305 937.001121520996 963.017593383789 996.340209960938 882.417470932007 859.805999755859 758.851291656494 766.019176483154 939.048988342285 874.506391525269 916.356781005859 719.635467529297 819.755584716797 623.295547485352 740.800521850586 565.133079528809 704.195747375488 654.080654144287 742.143314361572 802.410430908203 686.870666503906 658.031085968018 646.153617858887 667.254493713379 606.666381835938 501.049560546875 667.047950744629 738.277326107025 792.25435256958 910.816345214844
-9999 -9999 -9999 -9999 -9999 -9999 -9999 -9999 -9999 -9999 -9999 845.108617782593 921.991485595703 806.493751525879 567.80793762207 805.917602539062 949.707672119141 1328.66052627563 783.712368011475 834.273868560791 1106.99950408936 1098.7257232666 854.967510223389 1005.92217254639 1066.20681762695 721.843601226807 696.336479187012 949.531829833984 968.339584350586 994.532894134521 874.942511558533 870.363758087158 689.914354324341 754.28489112854 786.929029941559 599.845062255859 730.530914306641 777.584182739258 619.829208374023 642.601997375488 691.01978302002 597.465103149414 615.703804016113 821.186660766602 775.44303894043 586.629081726074 723.156513214111 632.994285583496 837.683349609375 669.081787109375
-9999 -9999 -9999 -9999 -9999 -9999 -9999 -9999 -9999 -9999 -9999 -9999 920.957271575928 872.714363098145 766.97257232666 639.515151977539 735.568584442139 1497.99089813232 1195.88747787476 1386.19348144531 1390.12887573242 1296.00328063965 1141.62582778931 1054.53499031067 870.309280395508 733.063293457031 729.210130691528 838.739795684814 921.062599182129 1076.4584197998 810.696320533752 891.119926452637 742.369277954102 686.247383117676 669.105876922607 833.368774414062 706.528718948364 581.547348022461 634.102912902832 666.983558654785 725.480079650879 699.668090820312 662.219314575195 610.596054077148 799.684753417969 780.580730438232 563.575820922852 721.066175460815 730.480079650879 873.558044433594
-9999 -9999 -9999 -9999 -9999 -9999 -9999 -9999 -9999 -9999 -9999 -9999 851.886323451996 736.039419174194 769.230390667915 572.089164733887 770.194564819336 928.311889648438 1034.61589050293 855.125602722168 1023.73338317871 993.845703125 949.866218566895 865.71167755127 910.578132629395 924.595626831055 1370.43721008301 800.153932571411 1054.05177307129 1017.20289230347 783.934280395508 1037.08825683594 931.697662353516 827.712036132812 869.332786560059 800.765552520752 763.129859924316 741.0577917099 751.731317520142 738.579357147217 811.934732437134 708.964256286621 697.804382324219 739.856788635254 730.128513336182 614.233169555664 813.658706665039 629.040405273438 632.705612182617 690.092323303223
-9999 -9999 -9999 -9999 -9999 -9999 -9999 -9999 -9999 -9999 -9999 -9999 -9999 963.931671142578 910.988677978516 823.09744644165 944.930465698242 897.300155639648 1003.70341491699 884.124282836914 1049.03477478027 980.22428894043 896.832069396973 886.706783294678 907.463081359863 852.686225891113 706.668464660645 986.804611206055 825.9599609375 857.650546550751 1191.4010925293 787.753240585327 684.014678955078 656.417808532715 815.483139038086 743.536819458008 948.235542297363 780.807689666748 686.011672973633 824.616172790527 710.680282592773 619.796081542969 695.090408325195 862.580116271973 745.642910003662 718.162376403809 725.878890991211 713.626037597656 785.351652383804 775.058748245239
-9999 -9999 -9999 -9999 -9999 -9999 -9999 -9999 -9999 -9999 -9999 -9999 -9999 -9999 731.09969329834 880.022819519043 886.11075592041 932.110626220703 1001.73251342773 933.578750610352 996.92798614502 1027.0113067627 1000.55903625488 855.847707748413 915.831283569336 821.048683166504 693.167289733887 853.87615442276 914.888793945312 836.256031036377 793.226086854935 585.375793457031 777.127053260803 736.890602111816 788.572944641113 964.804763793945 945.222206115723 901.527969360352 851.995197296143 831.23183631897 819.561419487 902.34838104248 744.36767578125 924.805076599121 706.214920043945 727.97290802002 788.91831445694 868.588287353516 787.391605377197 778.362993717194
-9999 -9999 -9999 -9999 -9999 -9999 -9999 -9999 -9999 -9999 -9999 -9999 -9999 -9999 792.979927062988 793.326700210571 718.304176330566 947.950485229492 773.877006530762 938.876480102539 953.925354003906 1022.36563110352 908.081092834473 866.641681671143 775.718772888184 879.643226623535 948.504096984863 896.665592193604 849.270380973816 1062.21624755859 853.990291595459 835.553382873535 1022.70020675659 836.621994018555 823.312202453613 818.426635742188 824.310821533203 722.387954711914 819.962066650391 832.572089791298 993.595108032227 789.868022918701 720.70337677002 632.494827270508 862.643972396851 982.515914916992 725.168312072754 726.821784973145 766.593141555786 751.084205627441
