export/dem/dem21.asc
NCOLS 350
NROWS 171
XLLCORNER 152620
YLLCORNER 418050
CELLSIZE 100
NODATA_VALUE -9999
[rows 44 to 65 of 171, columns 50 to 99 of 350]
665.386650085449 751.181125640869 737.602394104004 697.024215698242 537.634613037109 374.47900390625 415.259094238281 670.02685546875 661.009567260742 511.06791305542 935.702851772308 548.262256622314 482.703956604004 449.958850860596 459.505321502686 347.024139404297 577.75154876709 476.568799972534 417.944745063782 322.778259277344 436.929046630859 407.366596221924 432.849536895752 512.471862792969 640.852890014648 435.630907058716 307.61287689209 539.142471313477 583.846984863281 402.872333526611 338.726264953613 361.470344543457 349.314399719238 462.301803588867 491.092140197754 427.590938568115 435.175724983215 446.413990020752 478.69393157959 339.779289245605 263.194366455078 520.062664031982 517.845123291016 482.821178436279 565.1826171875 571.329925537109 524.000793457031 405.490766525269 568.598236083984 333.189910888672
684.021183013916 520.685989379883 530.351333618164 647.175201416016 507.631322860718 410.354774475098 513.385284423828 544.401301860809 561.19446182251 613.283714294434 557.574913024902 526.753768920898 484.406585037708 399.24479675293 401.383491516113 471.023176193237 573.172798156738 435.2836561203 576.185729980469 557.243041992188 592.3154296875 416.811554074287 516.20329284668 705.452178955078 285.839401245117 549.145126342773 547.629333496094 570.258911132812 469.986598968506 435.73032951355 608.644836425781 346.705253601074 360.923774719238 394.145580291748 475.089214324951 489.284683227539 501.494216918945 501.294338226318 372.087753295898 396.855373382568 480.129014968872 369.714920043945 416.898122787476 332.161331176758 434.88799905777 323.927062988281 500.470069885254 331.695419311523 405.226037025452 311.092277526855
455.121597290039 534.742211341858 387.449203491211 304.234405517578 417.48447227478 561.001972198486 586.270929336548 291.924560546875 666.737958669662 579.75408744812 441.722190856934 492.204816818237 530.284473419189 292.524993896484 311.558395385742 459.091581225395 387.197971343994 356.163673400879 450.247924804688 424.715894699097 423.904724121094 415.275356292725 504.510704040527 474.734924316406 511.546760559082 333.986686706543 489.073272705078 499.491790771484 462.631175994873 438.566146850586 544.270050048828 263.654449462891 260.024139404297 237.744277954102 334.382652282715 322.460403442383 354.21378326416 460.476007461548 469.934085845947 341.66185760498 449.910190582275 400.657432556152 395.875022888184 577.708465576172 513.676956176758 480.061321258545 497.257019042969 367.20911026001 317.783752441406 280.639266967773
502.765426635742 478.83745765686 398.76265335083 559.480590820312 415.395538330078 622.368553161621 1159.41226959229 774.316528320312 570.107250213623 435.931190490723 456.054306030273 487.490934371948 453.149753570557 520.773002624512 482.631072998047 516.230575561523 313.31468963623 573.011596679688 409.14921939373 389.986694335938 604.069610595703 416.446968078613 461.430152893066 563.229675292969 389.706027030945 432.502899169922 506.881465911865 457.845436096191 458.893505096436 424.903980255127 547.526405334473 421.192504882812 437.817103862762 607.874221801758 450.821006774902 355.843940734863 455.173030853271 348.120414733887 492.452941894531 422.207426071167 339.560745239258 541.398216247559 426.284616470337 418.597320556641 312.01342010498 520.104629516602 601.858581542969 393.904972076416 430.998412132263 388.354206085205
441.047973632812 504.649755477905 648.711318969727 578.410161972046 630.456115722656 670.833602905273 614.565933227539 583.401329040527 495.253626823425 488.639873504639 559.738861083984 437.594268798828 449.65486907959 457.384590148926 329.265487670898 327.759155273438 421.120161056519 326.703605651855 449.690089225769 537.774307250977 372.297458648682 397.140808105469 514.308685302734 461.822216033936 524.367858886719 597.20426940918 353.353778839111 550.990577697754 469.659740447998 452.457496643066 451.553312301636 385.444190979004 355.707473754883 429.390699982643 462.533582687378 356.53092956543 345.00895690918 319.291564941406 362.250240325928 454.370370864868 286.337203979492 429.288263320923 366.231353759766 415.374725341797 358.76033782959 369.84228515625 491.486545562744 385.336311340332 307.967575073242 368.454917907715
758.591262817383 461.730102539062 528.842895507812 532.023326873779 682.959136962891 624.721435546875 487.222930908203 442.524097442627 578.084129333496 446.927722930908 473.872891426086 545.585098266602 390.6083984375 474.159197807312 383.458694458008 502.199981689453 379.515045166016 341.324691772461 350.365020751953 384.979271888733 463.676910400391 274.58349609375 462.882144927979 560.14875793457 550.954177856445 272.262817382812 381.707595825195 523.848388671875 505.51887512207 509.899147033691 412.045692443848 605.026992797852 504.829772949219 584.72509765625 444.354023933411 448.542774200439 408.518943786621 297.878509521484 271.326110839844 444.445701360703 306.109428405762 344.982536315918 357.772453308105 477.778537750244 493.895286560059 308.61393737793 360.785049438477 378.600547790527 384.626518249512 311.252029418945
539.408508300781 670.418380737305 472.50065612793 1246.00230407715 630.322074890137 442.244018554688 576.360206604004 392.526512145996 602.637741088867 428.321922302246 367.758697509766 394.456653594971 476.270978927612 378.701805114746 379.364860534668 312.093963623047 263.067733764648 391.961490631104 365.606262207031 496.467002868652 304.908851623535 392.605882644653 447.60241317749 493.979438781738 301.233413696289 602.346389770508 450.98433303833 512.752128601074 547.907417297363 411.326617240906 254.033706665039 526.868980407715 330.750450134277 445.969925880432 414.414546966553 303.133255004883 370.884475708008 417.906444549561 350.150985717773 337.685478210449 289.113845825195 360.367935180664 249.195816040039 485.73378944397 444.075630187988 298.160675048828 412.035656929016 459.295770645142 454.787659645081 389.551368713379
777.43221282959 657.266693115234 499.675260543823 609.910697937012 531.116666793823 477.538475036621 524.556261062622 496.811714172363 474.2005443573 399.267629623413 275.49739074707 343.03791809082 261.394912719727 334.798187255859 417.976933479309 204.200958251953 426.651389360428 436.444569587708 388.876304626465 472.606456756592 355.933483123779 308.111915588379 360.553657531738 551.491500854492 556.33757019043 539.717880249023 485.292556762695 418.020421028137 291.5009765625 426.798396587372 262.35090637207 399.423905104399 255.657974243164 402.978673934937 409.304887294769 314.749374389648 160.182144165039 351.796180725098 332.024459838867 294.853622436523 355.771331787109 467.006898880005 478.740467071533 529.294822692871 485.225219726562 296.567726135254 425.069990158081 395.853586196899 242.336761474609 369.070957183838
623.772331237793 347.761779785156 1033.81988334656 550.498148918152 575.005853652954 495.519640922546 574.186958312988 576.308059692383 525.488784790039 427.685430526733 427.438627243042 376.024517059326 455.379737854004 302.350639343262 318.594650268555 435.839051961899 345.907386779785 413.112622261047 347.188919067383 448.620712280273 514.521026611328 437.566863059998 503.946655273438 424.451338768005 447.203294754028 439.495832443237 467.162761688232 388.196645736694 390.078880310059 503.893569946289 350.730098724365 403.268609523773 375.806407928467 292.251609802246 195.915924072266 251.664108276367 343.135375976562 332.465293884277 407.751540184021 332.577674865723 311.871627807617 368.901412963867 391.812484741211 453.909435272217 504.282073974609 421.4350233078 447.627574920654 433.406141281128 386.393922805786 462.155639648438
680.907070159912 619.92578125 543.302248954773 586.970584392548 600.521995544434 570.990158081055 425.137668609619 606.120895385742 590.609283447266 526.524444580078 416.448543548584 457.957962036133 463.256065368652 540.25602722168 299.89347076416 430.558777809143 381.467174530029 529.552551269531 448.957717895508 486.033279418945 351.30037689209 304.212371826172 463.497522354126 262.562545776367 481.005086898804 522.383598327637 370.798915863037 419.671173095703 355.810958862305 350.919326782227 561.193771362305 220.625610351562 446.553367614746 453.095558166504 397.147300720215 416.59614944458 553.187454223633 512.487197875977 439.495611190796 346.782939910889 505.193298339844 442.730194091797 449.776977539062 440.851640701294 489.39624786377 469.339473724365 435.694744110107 471.994235992432 299.277336120605 444.349390029907
785.332794189453 678.578659057617 626.287536621094 636.503540039062 654.437545776367 713.487686157227 510.982015609741 500.607833862305 495.601802825928 693.990341186523 556.901969909668 505.595726013184 470.110340118408 386.675771713257 442.238348007202 384.717905044556 311.364799499512 416.56259727478 473.311897277832 343.798980712891 432.191076278687 411.726425170898 405.458975791931 676.768413543701 601.173789978027 529.325317382812 384.081979751587 355.727039337158 471.549385070801 362.187774658203 490.097061157227 438.338390350342 461.520606994629 318.524429321289 469.594139099121 520.860748291016 452.361614227295 331.448528289795 472.237892150879 463.234664916992 494.986778259277 390.583202362061 589.067443847656 588.004302978516 544.788986206055 442.003162324429 441.373876571655 486.48250579834 404.431758880615 417.757746696472
721.465393066406 1380.99851989746 591.021018981934 636.508827209473 724.892852783203 533.20592880249 472.408375263214 526.013893127441 419.775178909302 436.669009208679 259.679458618164 358.051273345947 351.419624328613 419.96342921257 280.336349487305 339.520736694336 340.272155761719 413.743854999542 412.217345237732 414.813385009766 426.9891705513 340.584564208984 525.600135803223 385.902030944824 360.556247711182 260.39111328125 299.529182434082 377.533922195435 336.567092895508 381.314098358154 394.888397455215 435.007343292236 238.098297119141 354.569215774536 429.060089111328 516.940071105957 475.240524291992 483.51016998291 465.071411132812 422.112901687622 464.911979675293 444.150924682617 509.608779907227 397.30823135376 414.99165725708 482.77970123291 515.068069458008 522.184394836426 422.163759231567 556.593955993652
552.303909301758 623.945053100586 831.205291748047 799.06127166748 513.488744735718 572.202995300293 373.451988220215 536.638092041016 611.811492919922 353.034164428711 466.356063842773 522.397605895996 550.334274291992 529.888748168945 614.671401977539 376.788078308105 466.670547485352 439.043968200684 433.513515472412 397.759409666061 580.529235839844 355.297546386719 419.235313415527 496.900054931641 252.457702636719 316.62088394165 252.759689331055 170.764572143555 313.713794708252 260.958129882812 257.563301086426 278.631050109863 190.729064941406 221.336372375488 448.069320678711 483.218978881836 352.080192565918 512.351470947266 366.410043716431 595.437683105469 409.615862846375 454.505016326904 409.114782333374 469.648921966553 406.170570373535 342.595748901367 403.128190994263 524.788772583008 491.345893859863 362.217987060547
679.753051757812 493.652864456177 653.317779541016 581.601585388184 529.48974609375 578.794727325439 720.482528686523 487.254043579102 440.246905326843 569.209945678711 434.404962062836 481.889053344727 464.998641967773 605.778564453125 486.900451660156 537.034637451172 366.299118041992 542.557708740234 517.046844482422 390.165555953979 392.833727836609 474.49840927124 393.575057983398 255.989074707031 218.568359375 434.917793273926 394.844013214111 206.875556945801 374.095104217529 329.219623565674 299.666759490967 289.473693847656 440.075511932373 332.313076019287 390.645649909973 404.232528686523 361.788019180298 453.414710998535 341.938705444336 475.080375671387 447.566066741943 462.131317138672 485.82788848877 555.231979370117 495.862243652344 414.138802140951 459.922946929932 457.054817199707 392.214679718018 376.210033416748
680.988037109375 536.381044387817 632.141800642014 562.849708557129 510.008850097656 477.113838195801 538.872093200684 595.947052001953 528.906143188477 536.149192810059 446.634473800659 487.510177612305 336.102569580078 499.586822509766 461.603416442871 461.205783843994 611.676773071289 488.170478820801 466.623989105225 415.126346588135 236.221817016602 303.924247741699 319.683317422867 391.997734069824 350.755247116089 358.945339202881 278.102561950684 313.572288513184 384.680191040039 369.864027023315 299.376327514648 346.832544326782 466.879928588867 413.82836151123 272.309852600098 329.741588592529 512.215431213379 394.113721370697 406.34059715271 458.59398651123 430.889339447021 482.891418457031 461.942802429199 276.541488647461 384.401960372925 470.68766784668 582.071380615234 516.625312805176 381.019981384277 438.709125518799
468.567420959473 509.205917358398 535.790191650391 541.793102264404 692.338844299316 503.279861450195 474.424663543701 470.20770072937 384.040496826172 401.173839569092 414.451539039612 364.536755084991 465.99390411377 322.885814666748 421.626167297363 544.507705688477 528.037498474121 560.552124023438 348.354740142822 377.613431930542 335.78440952301 327.18314743042 327.181330680847 279.735748291016 445.833526611328 451.792663574219 323.204574584961 312.999340057373 329.513694763184 480.166030883789 379.181450366974 379.273017883301 261.715270996094 396.602652549744 456.189949035645 508.882888793945 318.196298599243 456.003089904785 488.920951843262 472.403297424316 375.254121780396 353.899574279785 421.834888458252 305.568145751953 291.09504699707 449.652812957764 434.458273649216 362.709350585938 495.522480010986 440.947891235352
499.870693206787 714.842987060547 572.757244110107 582.83901309967 568.055511474609 598.62663269043 496.745147705078 147.167602539062 346.543716430664 544.555305480957 189.604675292969 508.68115234375 414.464729309082 303.470771789551 466.141891479492 492.497917175293 466.584373474121 522.317916870117 399.485233306885 337.674186706543 263.045433044434 269.488243103027 384.908219337463 408.018104553223 483.652374267578 374.638284683228 420.100555419922 361.136978149414 532.481140136719 376.422956943512 291.519264221191 341.387462615967 313.861751556396 376.59327507019 426.892272949219 379.305535078049 345.637554168701 548.683181762695 535.024993896484 409.714218139648 535.083114624023 499.506607055664 353.78422164917 327.293434143066 496.545906066895 381.233779907227 512.475601196289 451.850166320801 427.25291633606 468.989954948425
431.958015441895 435.057136535645 525.024620056152 443.31071472168 676.585388183594 571.56498336792 709.686836242676 339.774276733398 545.707580566406 483.770919799805 328.729888916016 533.982864379883 239.144119262695 609.799118041992 590.510543823242 502.415893554688 401.20817565918 416.197975158691 380.832691192627 298.462776184082 148.205047607422 289.908447265625 300.627853393555 320.98913192749 467.369575500488 543.740783691406 373.160816192627 287.881683349609 320.87130355835 245.98461151123 399.769639968872 136.389053344727 425.583751678467 343.062644958496 286.445030212402 357.658374786377 401.004575967789 543.675804138184 423.118324279785 394.058578491211 458.683750152588 359.322616577148 478.029525756836 358.065963745117 439.544584274292 374.35115814209 316.965530395508 316.399963378906 379.777709960938 492.003688812256
695.645202636719 673.878303527832 590.511896133423 537.809059143066 556.040580749512 742.781578063965 519.266128540039 250.019409179688 466.194399833679 468.61979675293 364.570762634277 446.9518699646 409.007390975952 313.576236724854 468.921966552734 512.696319580078 248.61058807373 390.148460388184 491.415367126465 367.383034706116 291.26439666748 133.704925537109 319.820552825928 261.96605682373 228.379089355469 473.457183837891 563.716156005859 359.437863349915 414.881509780884 204.517150878906 234.786254882812 349.640678405762 345.34973526001 393.783493041992 253.408493041992 325.287590026855 375.736911773682 546.085311889648 614.204559326172 520.074531555176 499.660545349121 536.310653686523 519.531898498535 486.450420379639 450.002305030823 518.239791870117 520.810943603516 603.273620605469 480.151390075684 477.490520477295
352.70849609375 523.424171447754 515.700366973877 640.321029663086 556.505379676819 412.021297454834 500.962333679199 364.313545227051 392.674011230469 291.423889160156 381.683753967285 598.023803710938 578.398773193359 468.091911315918 341.847797393799 514.03401184082 423.676811218262 462.221549987793 475.498893737793 361.35643196106 366.162569046021 361.017129898071 391.721634626389 270.147880554199 258.880401611328 292.103874206543 339.408008575439 295.599937438965 366.347217082977 377.591932296753 373.862622261047 300.087745666504 376.352876663208 324.814319610596 239.683731079102 481.487670898438 423.177722930908 493.566352844238 482.246810913086 601.312484741211 524.012023925781 592.805633544922 531.773300170898 575.828247070312 536.083038330078 517.774856567383 446.995747566223 278.984130859375 338.524749755859 521.327308654785
420.589859008789 542.737403869629 632.87882232666 785.527732849121 633.08275604248 565.070999145508 318.053909301758 422.521345615387 315.244117736816 356.064407348633 461.550647735596 418.372766494751 406.175222396851 371.353526115417 468.970542907715 441.699516296387 344.290267944336 294.050880432129 400.075569152832 86.9776611328125 230.97395324707 232.680221557617 315.190391540527 421.156833648682 490.830032348633 236.158325195312 306.016136169434 312.870712280273 236.202087402344 369.709129810333 322.433532714844 356.048900604248 418.334680318832 396.606263637543 387.500438690186 580.709274291992 241.884567260742 469.823150634766 543.12629699707 515.70011138916 587.982650756836 498.219791412354 583.600296020508 484.724109649658 492.893390655518 560.72566986084 498.499076843262 478.514705657959 444.789796829224 415.020141601562
481.836631774902 566.480792999268 624.039779663086 696.823013305664 575.680450439453 444.770360946655 460.234642982483 454.776762008667 413.562052726746 427.124273300171 390.791772842407 392.784288406372 404.541072845459 333.881062507629 426.916404724121 257.043807983398 330.104946136475 381.609392166138 403.126016616821 247.642570495605 356.088787078857 249.296630859375 209.751190185547 207.197982788086 258.41227722168 346.670356750488 320.557037353516 355.797451019287 279.869476318359 488.915161132812 350.168125152588 316.717277526855 360.851699829102 496.545997619629 428.016626358032 342.297996520996 392.432655334473 404.912639141083 428.800739824772 497.872051239014 653.571701049805 453.849740982056 450.52345085144 496.979541778564 502.975372314453 520.264183044434 507.254692077637 592.804702758789 334.317573547363 446.083025932312
