export/dem/dem21.asc
NCOLS 350
NROWS 171
XLLCORNER 152620
YLLCORNER 418050
CELLSIZE 100
NODATA_VALUE -9999
[rows 66 to 87 of 171, columns 100 to 149 of 350]
399.591728210449 388.794929504395 412.753112792969 490.356601715088 486.976739883423 420.253036499023 567.195541381836 406.75764465332 453.93034362793 535.67467880249 558.932945251465 422.324569702148 349.489181518555 408.949123382568 634.634246826172 503.772169113159 402.840827941895 453.279020309448 347.91423034668 395.785934448242 342.79549407959 413.621696472168 387.849311828613 437.365484237671 552.640018463135 455.409233093262 677.445388793945 530.544925689697 461.873392105103 413.882820129395 444.576057434082 441.568626403809 349.859848022461 424.256896972656 566.887084960938 548.826731681824 594.777515411377 729.177307128906 516.00745010376 624.70386505127 567.01215171814 388.155151367188 548.657800316811 475.756454467773 503.753879547119 673.213195800781 434.679618835449 593.031784057617 642.045166015625 615.430488586426
347.312103271484 557.453018188477 566.081695556641 403.689842224121 510.384712219238 561.551452636719 358.73991394043 567.593132019043 563.45231628418 570.373008728027 531.325836181641 612.871734619141 422.754505157471 499.914032936096 357.265655517578 468.594045639038 501.597179412842 623.859375 422.25366973877 486.045033454895 520.653408050537 371.170883178711 393.804718017578 468.875082015991 526.989744186401 390.210357666016 606.221145629883 632.89134979248 380.623046875 528.357429504395 478.176067352295 356.780990600586 323.643524169922 478.629821777344 539.694110870361 617.091348648071 514.719440460205 662.761438369751 496.029006958008 510.381046295166 617.588275909424 489.744941711426 405.043975830078 345.182434082031 367.562438964844 575.03303527832 380.293563842773 561.665590286255 609.770206451416 739.701934814453
419.255672454834 331.135528564453 383.947422027588 459.35803604126 533.893547058105 530.56071472168 305.680236816406 456.473553657532 527.27530670166 435.671431273222 493.477640151978 659.170211791992 459.19868516922 319.070251464844 445.025774002075 565.471794128418 482.407796621323 479.824461936951 377.854064941406 495.979593038559 425.499515533447 508.064805984497 519.950946807861 482.035871505737 691.268814086914 560.780651092529 547.742969512939 481.455211639404 456.877956390381 443.542861938477 368.362258911133 314.696319580078 489.480255126953 424.918426513672 691.934341430664 547.059354782104 627.328323364258 596.092226028442 575.112094789743 583.313076972961 527.136222839355 446.72785949707 437.87525177002 495.040893554688 550.811851501465 336.845199584961 534.046504974365 367.612152099609 464.072273254395 564.469865560532
316.734970092773 343.777923583984 413.612606048584 544.843948364258 547.330451965332 392.072875976562 453.938014984131 362.375434875488 435.834342956543 475.637267112732 486.231731414795 653.869033813477 441.086843490601 823.52734375 564.585968017578 490.60630607605 409.562614440918 322.96263885498 384.379325866699 459.993701934814 461.881844520569 381.265045166016 400.429481506348 430.844657897949 552.627769470215 614.588989257812 442.603233337402 515.638647079468 432.61011505127 406.714950561523 615.712936401367 652.875102996826 510.019538879395 526.693305969238 717.526405334473 665.193260192871 665.446792602539 556.168214797974 504.351505279541 375.353546142578 551.998301559128 467.283874511719 485.816764831543 359.973266601562 504.809188842773 519.659339904785 644.463455200195 502.229900360107 411.169464111328 503.8349609375
323.198669433594 504.826124191284 289.957382202148 424.635131835938 492.233104705811 423.550712585449 368.766975402832 498.151145935059 419.733257293701 497.254493713379 520.739845275879 497.058075904846 450.768375396729 498.964447021484 720.76335144043 551.953178405762 470.996860980988 560.559913635254 394.259017944336 437.088459014893 434.94038772583 549.088687896729 442.66926574707 537.563894271851 516.096616744995 593.017349243164 485.3841381073 521.913551330566 566.356653213501 545.524532318115 626.786422729492 483.729816436768 621.967872619629 568.52267074585 635.804618835449 669.218288421631 548.50406229496 390.669906616211 698.707496643066 448.62622833252 531.8303565979 520.669906616211 354.386566162109 379.226577758789 486.489707946777 399.870346069336 510.068923950195 670.841674804688 513.610496520996 513.830657958984
527.711868286133 578.893575668335 534.789653778076 406.720222473145 283.556762695312 321.09001159668 234.192611694336 372.983734130859 503.490083694458 583.796974182129 593.163398742676 558.047164916992 404.878616333008 461.555702209473 431.061740875244 343.873672485352 342.766021728516 350.360122680664 433.316577911377 437.228790283203 387.712257385254 382.742752075195 413.177146911621 343.096420288086 587.54801940918 574.478088378906 451.954231262207 461.742492675781 433.66707611084 512.335372924805 541.588314056396 652.308032989502 531.567537307739 620.022880554199 709.356658935547 661.917533874512 526.522167205811 797.185035705566 696.138076782227 665.242866516113 611.828409194946 605.48664855957 560.319366455078 467.317455291748 442.777984619141 617.417472839355 507.819488525391 589.590503692627 522.257968902588 325.087829589844
676.818771362305 534.127418518066 538.688297271729 468.929258346558 370.275024414062 323.540802001953 416.999618530273 362.416435241699 420.513893127441 415.056606292725 384.769264221191 517.387954711914 510.579780578613 514.154626846313 400.018104553223 469.356342315674 408.79647064209 384.713455200195 490.975198030472 441.715888977051 331.554351806641 501.751194000244 276.004257202148 413.001556396484 450.876647949219 579.921936035156 405.133697509766 502.428647994995 497.595651626587 599.941673278809 608.173034667969 595.510749816895 462.169151306152 594.10636138916 651.268440246582 912.05366897583 577.540828704834 810.456195831299 864.455365419388 644.165672302246 769.242512702942 544.30291557312 497.383010864258 565.011184692383 417.583740234375 744.513900756836 543.646266937256 463.548545837402 613.057537078857 371.837341308594
535.011275291443 667.887878417969 424.876880645752 376.435897827148 526.152809143066 388.466705322266 351.040267944336 450.428181648254 519.034366607666 507.212856292725 514.540393829346 486.261085510254 415.464080810547 459.24587059021 431.743671417236 441.414005279541 422.527122497559 597.13264465332 415.622848510742 332.86686706543 432.965843200684 303.602203369141 406.355316162109 516.401418358088 535.983026504517 534.055614471436 458.596839904785 462.833786010742 507.895584106445 629.626335144043 415.126800537109 536.944087982178 394.20475769043 816.488399505615 636.804695129395 651.039237976074 483.351402282715 779.346420288086 781.773363113403 598.401911735535 642.377728462219 362.142189025879 437.010997772217 565.794311523438 341.197036743164 496.159511566162 902.739345550537 390.205101013184 638.283721923828 569.91400718689
608.47834777832 550.357402801514 518.934368133545 455.291034698486 486.241939544678 520.175666809082 444.758224487305 427.314342498779 559.674903869629 436.349967956543 429.300365447998 486.10258102417 480.818008422852 503.762603759766 436.411449432373 640.97380065918 583.087455749512 466.185203552246 347.367950439453 491.254670739174 464.631633758545 590.674919128418 472.50216293335 578.501312255859 357.609649658203 421.141929626465 402.167343139648 532.88143825531 655.668563842773 692.296096801758 730.81884765625 551.046005249023 672.221462249756 712.160243988037 647.192609488964 720.757125854492 481.770095825195 746.765254974365 646.907825469971 583.424501419067 566.304359436035 336.52140045166 385.053466796875 214.228851318359 392.647754669189 318.860954284668 464.388488769531 400.060989379883 1148.90145874023 576.540622711182
428.289031982422 470.845226287842 439.85179901123 522.356101989746 468.813329696655 431.404239654541 378.963973999023 692.622177124023 493.536402702332 551.387512207031 438.48832321167 525.705219268799 472.86572265625 357.817794799805 567.517791748047 370.072357177734 424.445041656494 488.431088447571 456.654525756836 522.093645095825 655.091369628906 550.071395874023 580.831733703613 493.910150527954 542.14476776123 555.601367950439 555.061077475548 477.488815307617 649.056823730469 521.111384391785 646.847244262695 390.304718017578 604.593902111053 649.087116241455 848.313583374023 605.017152786255 565.187164306641 689.248196601868 571.157012939453 723.54442024231 656.166577339172 318.183540344238 420.938411712646 308.836242675781 331.236488342285 389.344837188721 330.786651611328 527.400691986084 534.116921424866 458.688529968262
624.28825378418 653.563945770264 417.599937438965 479.833261489868 539.436187744141 453.680156707764 563.430442810059 453.104354858398 604.195167541504 479.135143280029 597.056884765625 420.116664886475 435.149030685425 644.987564086914 623.901290893555 535.531982421875 382.356658935547 468.657869338989 567.052856445312 597.120758056641 528.148120880127 581.57689666748 578.266265869141 396.122543334961 336.933670043945 498.345888793468 544.001119613647 518.112708091736 604.422035217285 737.62565612793 574.884727478027 386.041515350342 398.161689758301 695.251243591309 723.616172790527 803.637969970703 450.030462265015 550.075912475586 638.819957733154 599.85375213623 634.013860702515 342.439636230469 464.525998711586 307.955352783203 335.769897460938 586.032821655273 743.285419464111 567.068392753601 481.999362945557 746.414657592773
340.87939453125 528.781097412109 666.730659484863 799.207775115967 473.10807800293 399.765617370605 407.125350952148 581.312591552734 435.39977645874 482.163902282715 575.4242811203 478.275203704834 512.684036254883 532.419902801514 538.002132415771 458.172847747803 565.515609741211 470.998863220215 536.079662322998 587.380592346191 428.730072021484 512.343936920166 392.432052612305 532.260173797607 512.563087463379 610.554740905762 489.938526153564 432.11009979248 600.034484863281 739.959915161133 607.69514465332 397.800113677979 367.345909118652 497.907196044922 722.611457824707 766.207107543945 429.584850698709 637.734745025635 901.129135131836 717.499500274658 448.527523040771 366.556922912598 406.894927978516 525.918125152588 443.363157272339 569.379729270935 709.804466247559 493.322074890137 537.338920593262 580.40287065506
578.75153362751 467.843795776367 591.26335144043 518.76517868042 593.191175460815 653.726638793945 532.627822875977 562.955959320068 395.009819030762 415.362411499023 416.465377807617 832.108030319214 533.234420776367 433.316402435303 417.798851013184 590.833366394043 488.245381832123 570.863056182861 401.576873779297 535.826698303223 534.819253921509 596.761177062988 558.723625183105 535.527513504028 550.544136047363 544.90079164505 593.27201461792 466.28832244873 545.797210693359 586.380531311035 615.735397338867 510.057220458984 439.413537502289 393.051445007324 578.811813354492 733.30419921875 366.293994903564 455.067947387695 561.024894714355 662.089946746826 296.50439453125 586.485443115234 439.575759887695 411.706161499023 449.262629508972 518.410221099854 486.663984298706 558.310745239258 616.377517700195 540.443370819092
563.591058731079 499.911863327026 339.424865722656 677.552856445312 481.540420532227 509.710121154785 692.636108398438 344.881576538086 373.731018066406 346.258285522461 625.737518310547 529.679531097412 539.820249557495 556.180011749268 340.133728027344 487.639806747437 481.732336997986 440.320434570312 434.868190765381 658.087585449219 478.720018386841 617.979118347168 724.026718139648 516.10390329361 708.958953857422 594.223419189453 597.966503143311 630.49308013916 422.050638198853 582.643127441406 528.47297668457 491.899657249451 488.726698875427 463.105897903442 442.787011146545 620.882055282593 714.589126586914 598.752724051476 486.040008544922 557.10648727417 481.312151432037 453.803821563721 566.127082824707 560.664993286133 590.628086090088 553.008338928223 440.670650482178 666.360534667969 388.364524841309 540.767051458359
493.129081726074 453.934463500977 460.312072753906 498.175689697266 502.330780029297 636.206604957581 542.455593109131 875.660095214844 505.695242166519 592.280208587646 505.251836776733 482.674642562866 547.03267288208 484.687301635742 520.370238304138 522.27481842041 614.636428833008 733.012664794922 434.144943237305 497.460398674011 522.496074676514 624.176536560059 564.010766983032 736.555847167969 690.288650512695 522.629089355469 726.287551879883 544.027626037598 514.317054748535 517.680870056152 514.368125915527 402.152847290039 543.333129882812 622.425666809082 620.469205856323 727.854042053223 763.852172851562 660.616138458252 662.770214080811 728.543304443359 622.658645629883 454.216690063477 547.827285766602 561.828769683838 608.883728742599 632.73459815979 570.514587402344 581.639991760254 541.17211151123 477.613189697266
525.465309143066 392.952926635742 621.07341003418 490.554611206055 663.621191978455 454.075653076172 535.414261817932 620.027525901794 456.969276428223 554.870998382568 461.908229827881 455.836883544922 471.578699111938 434.72486114502 461.165563583374 583.342041015625 474.622312545776 517.165623188019 500.503512382507 480.271030426025 487.729782104492 371.456771850586 581.016654968262 544.567665100098 649.952171325684 717.174255371094 658.411773681641 547.047241210938 592.493522644043 496.2233543396 596.883483886719 408.049468994141 570.136528015137 634.473308563232 678.210922241211 509.052963256836 698.797492980957 663.249355316162 695.659736633301 587.222528457642 507.058559417725 355.326873779297 716.96516418457 760.791900634766 760.739101409912 612.837870001793 448.270286560059 432.791589736938 445.887451171875 780.077453613281
430.525489807129 491.053665161133 564.446834564209 532.90015411377 491.692428588867 459.802093505859 740.641193389893 490.396797180176 449.835884094238 452.328907012939 651.434829711914 285.222290039062 483.638903617859 420.005741119385 431.226280212402 402.222312927246 550.270462036133 596.83177947998 509.431667327881 384.648132324219 562.748329162598 526.313451766968 588.394523620605 641.747177124023 541.441275596619 727.085021972656 561.202575683594 389.31635093689 673.426742553711 706.04264831543 620.521036148071 622.695659637451 661.869674682617 614.222974777222 676.203910827637 658.954635620117 758.256896972656 653.602893829346 627.117168426514 722.523334503174 778.459732055664 627.814605712891 769.854370117188 737.96940612793 620.167593002319 594.771410942078 633.711797714233 802.231125831604 693.227195739746 747.91771697998
415.107940673828 680.631591796875 612.999267578125 751.348876953125 595.310349464417 551.809394836426 638.883102416992 456.796508789062 605.478365659714 668.053030014038 644.700866699219 580.224960327148 427.966407775879 567.773902893066 433.620105743408 540.025547027588 552.553699016571 541.473316192627 480.417966842651 520.00452041626 529.52766418457 513.428315639496 628.826278686523 613.233291625977 704.575286865234 624.422546386719 660.150970458984 810.681549072266 682.972930908203 655.166248321533 699.923301696777 598.143793106079 724.773239135742 704.902267456055 424.164088726044 673.773635864258 686.141708374023 522.021721363068 424.520401000977 680.681392669678 593.169231414795 677.311140775681 503.379800796509 620.012924194336 601.29655456543 424.388153076172 525.918462753296 768.208084106445 766.899980545044 821.020484924316
595.869750976562 634.2021484375 799.417587280273 589.010231018066 545.41877746582 655.496948242188 512.682586669922 571.403228759766 614.650527954102 854.301090240479 509.438530921936 506.434038162231 553.972743988037 516.197445869446 483.555591583252 501.977355003357 505.626481056213 508.245370864868 470.173818588257 491.659618377686 418.079048156738 542.456508636475 524.355085372925 638.195175170898 712.461761474609 441.031951904297 750.369598388672 648.430442810059 430.386974334717 490.008528709412 635.533908843994 727.951400756836 700.24397277832 724.45832824707 491.734313964844 377.57307434082 476.236991882324 581.907730102539 479.943229675293 626.321502685547 558.876808166504 644.598400115967 755.937850952148 616.395881652832 598.274978637695 623.928123474121 636.68453836441 746.151401519775 693.731683731079 573.468933105469
613.857189178467 813.889953613281 565.834991455078 667.180338382721 614.972747802734 628.395530700684 475.400283813477 549.343883514404 457.359603881836 678.361190795898 597.097061157227 528.180244445801 408.319793701172 549.362033843994 502.472526073456 414.217910766602 546.277050018311 574.132080078125 440.541244506836 479.778652191162 467.310556411743 462.16467666626 594.662040710449 509.640933990479 688.096115112305 588.830974578857 720.975357055664 527.798238754272 385.961137771606 541.651184082031 771.654632568359 686.766128540039 612.884853363037 499.351066589355 516.343528747559 450.743907928467 490.905553817749 512.061504840851 513.488825798035 479.596481323242 520.800104379654 623.019725799561 774.343212127686 1177.52494812012 872.651466369629 422.177429199219 454.611503601074 554.42244720459 658.658988952637 523.429448127747
682.766387939453 714.078857421875 743.588691711426 640.205610275269 559.877201080322 654.339687347412 531.709857940674 736.740264892578 623.246762275696 597.921533107758 673.599472045898 448.134887695312 494.859622955322 805.985504150391 595.844062805176 620.529312133789 632.210037231445 568.304279327393 485.844158172607 548.300922393799 482.647903442383 590.818710327148 522.863277435303 511.819432973862 777.772323608398 685.467025756836 480.028079986572 494.510021209717 569.37389755249 237.217666625977 600.479656219482 797.476303100586 704.715744018555 483.157844543457 537.935203552246 391.88666343689 630.808563232422 583.524007797241 725.933700561523 650.546997070312 617.062538146973 711.939041137695 643.61661529541 946.405019760132 747.459213256836 605.808574676514 419.369018554688 484.784309387207 443.476501464844 583.109329223633
-9999 -9999 680.170680999756 877.50549030304 501.773025512695 666.214626312256 829.206985473633 561.489223480225 691.460075378418 646.771099090576 544.344131469727 592.103050231934 530.91382598877 574.091606140137 521.172824859619 503.602214813232 553.783805847168 321.906478881836 384.902236938477 420.24356842041 630.75707244873 467.445671081543 454.177612304688 589.140884399414 686.720321655273 650.043174743652 389.411590576172 609.936118125916 779.885829925537 501.007125854492 460.272800445557 502.544013977051 727.010772705078 550.929798126221 447.748676300049 511.73511505127 620.220539093018 540.206745147705 546.936376571655 632.965141296387 661.889325141907 718.89574432373 936.429084777832 1089.09741592407 921.136105060577 596.925643920898 708.712988376617 -9999 -9999 -9999
