export/dem/dem24.asc
NCOLS 350
NROWS 171
XLLCORNER 152620
YLLCORNER 418050
CELLSIZE 100
NODATA_VALUE -9999
[rows 132 to 153 of 171, columns 300 to 349 of 350]
1017.97645568848 1102.35202026367 1765.57608032227 1130.67202377319 966.15885925293 1219.52041625977 1572.14781188965 1640.21209716797 1357.03326416016 1626.09561157227 1385.72245788574 1153.53965759277 1247.18307495117 1331.15223312378 1443.05764770508 1000.89876568317 1183.57061767578 1230.62768554688 1166.40072631836 1112.59017944336 995.177474975586 893.706661224365 981.052139282227 923.387489318848 777.311943054199 757.435150146484 843.762389659882 814.366485595703 862.298194885254 876.054313659668 888.012557983398 858.064701080322 949.952590942383 1042.9825592041 -9999 -9999 -9999 -9999 -9999 -9999 -9999 -9999 -9999 -9999 -9999 -9999 -9999 -9999 -9999 -9999
911.80152130127 1028.67266845703 855.921997070312 1236.79936790466 1095.93603515625 1152.41275024414 1463.12994384766 1734.68769836426 1374.08467102051 1404.36267089844 1232.24635314941 1390.97288513184 1149.10926818848 1118.04417049885 1519.63442993164 1678.05442047119 1651.24089050293 2152.59028625488 1698.9476776123 1457.40521240234 1710.05992126465 866.100269317627 895.417427062988 865.9097032547 764.891693115234 661.068923950195 813.429733872414 892.681444168091 816.16047668457 1022.99034118652 763.319259643555 877.680267333984 997.378273010254 1003.80764770508 -9999 -9999 -9999 -9999 -9999 -9999 -9999 -9999 -9999 -9999 -9999 -9999 -9999 -9999 -9999 -9999
820.960110664368 970.433746337891 796.867458343506 1059.62482452393 1074.72256469727 1205.73951721191 1362.53521728516 1593.9289855957 1277.41123962402 1394.12844848633 1431.07214355469 1279.6300163269 1294.34035491943 1200.31078338623 1324.61364364624 1412.78705978394 1178.80070495605 1371.70922851562 1158.02856445312 987.406421661377 1286.57183837891 1245.20623016357 848.31011390686 925.877227783203 754.56307220459 865.126592636108 990.759567260742 851.919290542603 938.843280792236 874.452072143555 1017.22711181641 706.03987121582 904.101875305176 914.714692234993 885.066695213318 -9999 -9999 -9999 -9999 -9999 -9999 -9999 -9999 -9999 -9999 -9999 -9999 -9999 -9999 -9999
886.976554870605 738.090171694756 1014.65729188919 1325.89218139648 1178.20455932617 1081.44344329834 1018.54162597656 1635.92297363281 1778.35760498047 1496.01928710938 1365.55667114258 1547.30889892578 1195.51642608643 997.231956481934 1374.05263519287 2062.41528320312 1353.42425918579 1171.87297058105 1139.69828796387 1199.62954711914 1204.14674377441 1084.85648345947 1153.59846496582 974.63680267334 929.494571685791 1063.42984008789 825.995108604431 962.23974609375 866.141451835632 1024.02443695068 981.710971832275 847.944978952408 1126.19519138336 770.458522796631 996.708072662354 1034.43381500244 -9999 -9999 -9999 -9999 -9999 -9999 -9999 -9999 -9999 -9999 -9999 -9999 -9999 -9999
863.109657287598 848.208683013916 893.606956481934 1114.50596618652 1159.66027832031 1326.49293518066 1122.05766296387 1212.16177368164 1255.11627197266 1435.90029907227 1253.99862670898 1206.24905395508 1417.82464599609 1770.53523254395 1104.30094146729 1170.35572814941 888.26961517334 1105.38185119629 1047.29315948486 1054.85336303711 951.165111541748 1034.22480392456 1023.36995315552 1075.86966323853 1049.85611724854 1032.59346008301 932.475322723389 769.427772521973 663.288497924805 890.336474895477 938.072830200195 1680.2180480957 861.019834518433 892.600868225098 828.976219892502 796.883697509766 -9999 -9999 -9999 -9999 -9999 -9999 -9999 -9999 -9999 -9999 -9999 -9999 -9999 -9999
1040.86491394043 1087.80192565918 946.305999755859 924.37035369873 841.134537935257 1360.11276245117 1253.77229309082 1135.37945556641 1046.27339935303 1223.70347595215 1167.45143127441 1209.87507629395 1469.70027160645 1434.76243877411 1300.23511981964 1063.25613832474 1026.75047302246 938.974583148956 777.619918823242 934.759043931961 1025.44414138794 1041.34051513672 1137.1397857666 1045.49586105347 1007.74441719055 1179.05326080322 1733.08801269531 810.110363006592 864.686496734619 796.068901062012 1325.24959373474 1046.11372375488 909.545434951782 854.653049468994 907.623016357422 799.551620483398 925.715814590454 -9999 -9999 -9999 -9999 -9999 -9999 -9999 -9999 -9999 -9999 -9999 -9999 -9999
968.275856018066 1021.42541503906 1039.78120422363 820.731291770935 809.163261413574 1019.67702484131 1242.96026039124 1146.96333312988 1247.34774780273 1265.7400970459 1199.5267791748 1027.12717437744 1195.13368988037 1644.65518951416 1401.46169471741 1222.32704925537 1163.22801208496 1108.56484985352 1102.8860168457 1090.73826599121 992.85778427124 1004.37341308594 1024.76891899109 1102.23725128174 976.471536636353 1101.16622161865 856.282119750977 875.095687866211 1030.32440948486 1147.14783477783 1043.50162506104 974.724730342627 887.91858959198 809.914337158203 970.179557800293 770.976837158203 805.690914154053 -9999 -9999 -9999 -9999 -9999 -9999 -9999 -9999 -9999 -9999 -9999 -9999 -9999
803.157333374023 923.869010925293 926.503366470337 832.152122497559 869.927444458008 1257.74871826172 1356.64361572266 1015.43955421448 1145.90924072266 1056.98276519775 1184.29815673828 1067.94995880127 1242.58128356934 987.347160339355 1755.57180023193 1627.00047302246 972.508285522461 1103.67881774902 1084.12500762939 1029.65913295746 955.676973342896 998.013305664062 1012.19775295258 1064.34185028076 921.03409576416 1111.83266448975 987.649618148804 909.064317703247 1075.67038345337 1168.99798583984 1014.44585418701 855.383178710938 1015.62184524536 787.456146240234 973.476913452148 813.679504394531 967.271514892578 1054.42408752441 -9999 -9999 -9999 -9999 -9999 -9999 -9999 -9999 -9999 -9999 -9999 -9999
865.365688323975 876.785607337952 803.361408233643 908.681457519531 1013.08089447021 994.791301727295 937.261878967285 994.68633556366 1239.81866455078 1164.14291381836 1132.12841796875 1195.16023254395 1084.14444732666 1025.02931594849 1174.11626434326 1509.74723052979 1269.4351348877 1237.59976196289 1069.00064086914 1087.41385650635 1194.35134124756 949.427963256836 1108.90841674805 934.692043304443 850.18359375 1119.37446594238 1121.7414855957 1141.65522766113 1035.20629119873 1071.20780563354 1382.04397964478 1252.70056152344 1128.18920898438 899.824608802795 876.845567703247 866.698642730713 950.796890258789 889.776342391968 -9999 -9999 -9999 -9999 -9999 -9999 -9999 -9999 -9999 -9999 -9999 -9999
636.571479797363 698.100135803223 835.699703216553 859.730209350586 873.108125686646 835.287658691406 924.004243373871 829.31582069397 1128.86120605469 839.411266326904 996.87739944458 1188.95179748535 1141.35740661621 1078.0352499485 1439.79238891602 1666.36468505859 1181.79393005371 1234.90733337402 1156.32079315186 1095.2041015625 1071.9634437561 795.653686523438 1056.70449829102 968.350183486938 1104.14712524414 932.52910733223 1140.23120117188 1130.76329040527 912.751604095101 1154.06934356689 1327.05308532715 948.365478515625 1035.74992752075 1005.15093612671 790.358505249023 926.092363379896 900.248512268066 1054.88455200195 1079.96556091309 -9999 -9999 -9999 -9999 -9999 -9999 -9999 -9999 -9999 -9999 -9999
872.641220092773 672.339584350586 713.35945892334 909.785251617432 1074.51644897461 1049.07575678825 1168.32033920288 1070.88349819183 1063.08444976807 907.094345092773 913.844724178314 1105.97504234314 1060.07152938843 995.028202056885 1465.0867767334 1086.23579025269 1093.52494430542 941.71150970459 945.44172668457 1226.67337036133 1326.34529495239 1120.78615951538 1218.19557952881 905.869781494141 917.723232269287 1016.19115591049 927.760627746582 1178.5954284668 1032.25359725952 1050.15205287933 1136.98908233643 1262.89943695068 949.509229660034 820.884063720703 915.607452392578 825.082260131836 990.025840759277 966.061269760132 861.592124938965 -9999 -9999 -9999 -9999 -9999 -9999 -9999 -9999 -9999 -9999 -9999
861.551651000977 818.096221923828 796.000579833984 715.042206287384 919.00696182251 966.627868652344 968.162364959717 1150.46313476562 827.839796066284 501.809417724609 744.456207275391 1005.81685638428 987.263870239258 1014.93836212158 1154.4178352356 1337.80678939819 1113.00699615479 1058.42883682251 953.107219696045 965.83741569519 1166.79373168945 877.247863769531 1041.14361572266 1074.18579101562 1001.55194854736 979.887977600098 1063.5455365181 1072.62007141113 1025.47790145874 1043.25014400482 1001.82284164429 1131.10789394379 779.843688964844 935.014759063721 954.09197807312 924.036521911621 925.857891082764 948.659872531891 822.556617736816 -9999 -9999 -9999 -9999 -9999 -9999 -9999 -9999 -9999 -9999 -9999
787.074111938477 896.468215942383 771.980346679688 773.524726867676 895.448623657227 817.320701599121 721.014625549316 701.574674606323 943.982620239258 885.871047973633 727.5651512146 814.620918273926 907.521118164062 970.851634979248 979.042640686035 1126.67354393005 1427.34684753418 1138.63915634155 1019.23624372482 1074.74614715576 911.707256317139 907.801048278809 932.369499206543 1385.94550323486 1112.57204818726 1159.10112762451 1637.83520889282 1117.93342590332 1078.15068054199 1025.10064744949 1174.47981262207 950.125984191895 901.695281982422 648.401992797852 992.659490585327 866.42227935791 990.658168792725 1071.44361877441 912.999338150024 881.413970947266 -9999 -9999 -9999 -9999 -9999 -9999 -9999 -9999 -9999 -9999
732.265233039856 743.546318054199 746.268054962158 816.02661895752 788.526882171631 927.580291748047 739.450603485107 850.423973083496 859.560741424561 923.52661895752 757.264263153076 811.526916503906 690.461212158203 975.932327270508 1047.07835388184 881.506317138672 985.763771057129 1078.83434104919 1538.20894622803 965.503498077393 970.000895500183 935.662143707275 1127.13619995117 950.342803955078 1412.10308837891 1420.03523254395 979.309080123901 1233.59030914307 1119.80506134033 1112.70104217529 1190.14003372192 823.397094726562 802.785423278809 849.655326843262 1018.05391693115 843.828216552734 962.970772504807 990.855270385742 865.391324996948 786.078033447266 -9999 -9999 -9999 -9999 -9999 -9999 -9999 -9999 -9999 -9999
693.616035461426 752.110332727432 743.529530525208 642.719551086426 662.901260375977 790.728149414062 753.733896255493 783.235928446054 816.394973754883 854.82592010498 856.62398147583 660.037307739258 709.780239105225 778.941353797913 894.360019445419 856.912467956543 1010.42136764526 970.764702439308 965.63045501709 1075.60695838928 907.69556427002 1018.55473899841 930.50855255127 988.777450561523 985.9948387146 1320.20327568054 1247.24432373047 1014.82146072388 1112.93825149536 1073.684425354 1069.210521698 1082.8183555603 738.800735473633 1170.8113515377 875.993011474609 925.203896522522 869.506072998047 1009.96120071411 887.083438873291 954.263338088989 -9999 -9999 -9999 -9999 -9999 -9999 -9999 -9999 -9999 -9999
716.363510131836 713.148971557617 690.731910705566 720.828001022339 796.990795135498 1010.44895935059 659.111312866211 856.212158203125 851.349304199219 1095.53945922852 937.877822697163 758.092170715332 631.020843505859 642.055458068848 817.919386386871 693.497863769531 929.602212905884 801.990051269531 895.879112243652 1028.56425857544 985.490880012512 944.724143981934 1131.60005187988 1070.27150726318 1065.13889122009 984.613880157471 1136.85572052002 1251.74070549011 990.709541797638 1032.06762695312 891.202079772949 947.634437561035 738.609558105469 736.148315429688 1105.23554229736 946.400396347046 937.580863952637 1024.73482513428 910.354301989079 1064.49073791504 959.977909088135 -9999 -9999 -9999 -9999 -9999 -9999 -9999 -9999 -9999
742.560255050659 970.157852172852 765.147022247314 800.637550354004 668.863342285156 751.832122802734 841.664848327637 978.092681884766 816.711431622505 814.009423732758 824.467727661133 832.668518066406 713.758850097656 771.067375183105 839.035873413086 767.860691070557 698.980072021484 784.620578765869 756.583770751953 912.322677612305 922.389060974121 1027.86371994019 799.116882324219 956.539306640625 1024.84024047852 1150.9607925415 1245.32566833496 938.866855621338 967.213382720947 855.561222076416 758.437911987305 833.324295043945 958.017082214355 824.965194702148 1032.65925598145 1033.83680725098 1071.09782409668 909.591232299805 927.182777404785 856.896995544434 920.435479164124 -9999 -9999 -9999 -9999 -9999 -9999 -9999 -9999 -9999
826.027854919434 753.014457702637 867.413520812988 646.718643188477 799.067337036133 677.503433227539 722.908451080322 735.863700866699 718.017265319824 801.882511138916 730.773815155029 942.967218399048 779.493919372559 994.430023193359 924.928779602051 763.322238922119 687.713562011719 768.624671936035 709.934188842773 671.443283081055 714.142196655273 992.78479385376 915.414627075195 1240.50720214844 1074.40759849548 1082.58306884766 1026.07632064819 1026.57646942139 784.334487915039 776.514236450195 869.771564483643 861.613292694092 828.414363861084 892.53491961956 1055.88552856445 1001.16022872925 943.606025695801 1006.50344467163 1045.59143066406 910.663312911987 1009.28206062317 997.040512084961 -9999 -9999 -9999 -9999 -9999 -9999 -9999 -9999
806.372631072998 686.333679199219 766.84810256958 671.916954040527 867.583770751953 779.681163787842 761.260498285294 745.256484985352 804.432855606079 808.485916137695 800.556900024414 903.413185119629 716.081954956055 845.791290283203 968.172218322754 844.938352584839 672.020645141602 703.21842956543 834.410785675049 843.955545425415 826.851039886475 872.319053649902 966.768424987793 1152.78797149658 994.318426132202 982.666622161865 1202.26338195801 994.842203170061 860.043792724609 911.104839324951 845.412258148193 931.738441467285 877.696559906006 929.056747436523 912.115325927734 925.435775756836 1033.49451065063 984.465517044067 957.524589538574 1017.5089263916 1105.41833496094 858.834114074707 -9999 -9999 -9999 -9999 -9999 -9999 -9999 -9999
825.923522949219 854.744964599609 691.839286804199 658.415573120117 776.538684368134 640.520240783691 852.932266235352 859.71227645874 853.795029640198 816.24570274353 780.721908569336 714.770111083984 798.131797790527 749.856369018555 876.034881591797 855.719856262207 900.651383399963 762.899612426758 685.475227355957 669.605804443359 764.842292785645 719.252593994141 841.371575117111 914.826118469238 786.143238067627 735.186515808105 878.019710702822 963.097860813141 938.674335479736 810.164978027344 912.925657272339 910.566761016846 862.288917541504 885.046089172363 1190.94303894043 824.791160583496 798.812072753906 881.746810913086 1027.31063842773 1080.05068969727 1042.51798248291 1007.67895126343 961.021507263184 -9999 -9999 -9999 -9999 -9999 -9999 -9999
755.718605041504 642.784042358398 826.641104698181 619.680557250977 837.553035736084 754.861299514771 716.134059906006 779.339794158936 823.060623168945 880.205039978027 942.509986877441 1050.95348167419 872.738189697266 797.183776855469 757.898025512695 1004.70568847656 944.934097290039 907.714206695557 987.965545654297 936.956049919128 987.93563079834 741.273609161377 758.315147399902 929.443550109863 972.78865814209 967.474136352539 966.611656188965 934.075660705566 938.123115539551 1022.77621459961 947.220420837402 1047.30899810791 914.270671844482 981.881999969482 1202.69203948975 815.972930908203 954.154078483582 1014.78552246094 1013.03422927856 966.146789550781 911.006362915039 1048.127784729 1160.53034973145 -9999 -9999 -9999 -9999 -9999 -9999 -9999
780.48246383667 743.23087310791 696.263206481934 718.241004943848 747.793224334717 800.588905334473 807.124217987061 547.473327636719 840.810104370117 659.811645507812 736.485801696777 882.034495353699 1099.39519119263 898.702184677124 743.367111206055 711.948066711426 877.957588195801 975.965225219727 845.374938964844 982.828975200653 952.943870544434 735.015243530273 962.088693618774 923.57995223999 906.051477432251 1063.71760559082 799.583549499512 873.361391067505 882.09819984436 754.121032714844 892.798202514648 1000.36280059814 1060.96995544434 683.321899414062 1193.01667785645 948.228950500488 811.969024658203 1108.04349517822 987.32874250412 977.486019134521 886.05192565918 1086.57606887817 1097.4444732666 1030.51301574707 -9999 -9999 -9999 -9999 -9999 -9999
