export/dem/dem24.asc
NCOLS 350
NROWS 171
XLLCORNER 152620
YLLCORNER 418050
CELLSIZE 100
NODATA_VALUE -9999
[rows 44 to 65 of 171, columns 150 to 199 of 350]
464.870590209961 571.081398010254 405.717086791992 558.996091365814 508.982391357422 501.712501525879 498.197301864624 432.704330444336 516.785018920898 570.173099517822 460.940452575684 486.45263671875 568.151352882385 522.422647476196 623.233467102051 581.469333648682 607.539966583252 499.770622253418 590.025218963623 511.514645576477 516.845254182816 438.134880065918 480.348327636719 584.789468765259 571.257612228394 635.206134796143 604.118648529053 622.963348388672 684.380981445312 653.115859985352 780.503845214844 660.374581813812 666.644731521606 655.676361083984 732.083034515381 735.767433166504 747.072952270508 704.097719192505 483.441055297852 576.992897033691 549.400522232056 565.328505516052 511.143402099609 705.018753051758 741.661224365234 504.504020690918 594.757671356201 611.411079406738 1169.94480895996 1074.06597900391
355.037689208984 519.434186697006 538.510591745377 286.58659362793 437.282997131348 404.753692626953 490.155403137207 487.991432189941 502.059944152832 622.267623901367 550.363279342651 518.719455718994 486.468032836914 368.506423950195 646.638175964355 528.531890869141 593.250713348389 618.974548339844 589.60160446167 423.301643371582 406.180015563965 643.656661987305 440.01944732666 570.101036071777 429.449645996094 488.783599853516 648.545944213867 647.606452941895 576.814503669739 463.900253295898 658.610466003418 450.256912231445 568.30090880394 769.945722579956 678.66185760498 752.764678955078 649.95622253418 603.371799468994 628.594387292862 554.011646270752 506.857124328613 474.876342773438 548.721054077148 567.623700618744 569.611211776733 563.330471038818 418.637084960938 523.806041717529 609.042358398438 780.217178344727
397.699684143066 476.937072753906 605.899620056152 502.593695640564 490.135362625122 433.981971740723 560.843852996826 536.714700698853 477.94701385498 473.001220703125 516.320304870605 627.46643447876 331.744506835938 579.902946472168 582.476672649384 519.009788513184 491.108901977539 598.336280822754 553.787499427795 451.062286376953 354.876281738281 593.197559356689 397.107727050781 447.222808837891 530.470043182373 518.031420707703 560.681374549866 453.805564880371 608.434154510498 619.788612365723 525.300777435303 606.895427703857 590.577457427979 597.267427444458 537.314659118652 650.243148803711 562.117050170898 599.368907928467 713.762634277344 566.154266357422 513.843399047852 612.203365325928 531.561847686768 566.31907081604 642.568489074707 766.35807800293 739.131622314453 699.382255554199 517.101577758789 562.178176879883
503.54354095459 287.718109130859 393.809524536133 392.528755187988 406.222732543945 601.875579833984 566.493721008301 619.454788208008 623.886367797852 469.08642578125 540.936502456665 485.087295532227 417.778137207031 474.365837097168 466.798080444336 621.434906005859 541.135509490967 544.241467952728 616.672233581543 367.106887817383 549.766843795776 522.993915557861 475.603439331055 531.70682144165 442.89616394043 557.928586959839 594.315914154053 540.317622661591 608.216506958008 582.497165679932 559.993165969849 602.247917175293 554.280702590942 566.957418441772 530.257148742676 679.15104675293 475.786712646484 701.130592346191 692.95295715332 535.258308410645 488.348754882812 638.824745178223 499.008308410645 557.066257476807 605.103942871094 560.265419006348 649.087135314941 486.509155273438 476.924926757812 516.235004425049
585.369808197021 516.112919807434 610.051879882812 472.994125366211 449.62166595459 576.111782073975 605.095054626465 542.941982269287 676.825103759766 422.339935302734 598.93297958374 622.861999511719 594.575594902039 461.71142578125 660.134365081787 661.656537532806 547.758678436279 569.211487770081 596.655948638916 559.893068313599 479.723167419434 450.978164672852 522.199542999268 580.554305076599 470.738731384277 479.61417388916 603.435722351074 506.392990112305 480.057479858398 524.452924728394 438.544288635254 537.728239059448 606.85668182373 559.24834728241 454.922912597656 438.500396728516 509.896759033203 461.12760925293 629.980918884277 571.721931099892 465.336868286133 578.688474655151 465.744293212891 552.120233535767 588.234874725342 646.145092010498 707.674015045166 621.681352615356 591.276605367661 515.18762588501
733.293823242188 631.172454833984 534.021850585938 528.930092334747 570.105983734131 593.581825256348 505.097345352173 625.839561462402 595.222248077393 376.40185546875 500.102188110352 439.501190185547 450.649856567383 605.812553405762 660.695365905762 729.701461791992 571.252555847168 735.743190765381 783.62931060791 564.634216308594 521.903633117676 573.52494430542 649.118577957153 744.629905700684 606.502779006958 538.746055603027 516.098300933838 514.571300506592 539.529899597168 414.475692749023 439.355140686035 577.904613494873 637.463424682617 603.121269226074 590.761383056641 626.080146789551 438.005729675293 552.563725948334 478.825721740723 685.007461547852 625.518188476562 581.590444564819 513.928226470947 622.527420043945 538.488470077515 553.126130580902 679.37474822998 470.964530944824 737.588180541992 724.262130737305
594.314506530762 444.082611083984 585.479377746582 500.973327636719 478.503639221191 528.719194412231 551.731657505035 727.202224731445 695.619369506836 490.052696228027 530.925674438477 548.963586807251 605.110378265381 607.982513427734 608.697805404663 519.358337402344 450.904556274414 396.410888671875 677.229049682617 613.036415100098 655.069484710693 654.87028503418 708.28002166748 848.729354858398 745.424659729004 498.790031433105 500.650184631348 494.246208190918 487.075653076172 612.251317977905 636.628692626953 477.619354248047 583.92456817627 666.032867431641 474.023696899414 676.613868713379 682.25316619873 654.187698364258 565.764219284058 619.168426513672 612.593360900879 606.41068649292 492.044490814209 546.003364562988 585.119759559631 336.380020141602 533.867851257324 746.75114440918 820.483291625977 665.356292724609
400.183670043945 554.212661743164 625.84154510498 540.463576555252 599.452537536621 572.106182098389 455.888000488281 508.079788208008 527.49453163147 568.853217840195 738.079574584961 388.363662719727 585.920411109924 573.95004940033 468.326675415039 450.598815917969 505.375633239746 455.598854064941 613.660757064819 631.28800201416 618.70219039917 540.894157409668 648.925765037537 878.154983520508 693.707822799683 851.741821289062 655.691513061523 603.853735923767 519.042667388916 527.529472351074 591.683980941772 433.603744506836 703.747009277344 423.125900268555 458.328758239746 568.630659103394 618.888702392578 566.972935676575 581.22119140625 525.465698242188 723.803237915039 672.911521911621 640.761756896973 542.487800598145 563.752212524414 667.417282104492 685.569297790527 696.184669494629 608.443470001221 751.828628540039
516.787908315659 496.808290481567 623.919944763184 498.038940429688 554.91351890564 454.782241821289 447.78736114502 403.609024047852 518.669357299805 639.705451965332 590.966491699219 670.83177947998 546.038318634033 651.649826049805 514.977207183838 524.743278503418 497.597534179688 591.188871383667 489.418012619019 610.525276184082 664.199277877808 753.513229370117 503.963768005371 685.059371948242 524.314265847206 616.910239219666 675.15584564209 712.624507904053 489.368072509766 563.344436645508 550.188244819641 495.791996002197 537.367401123047 447.20011138916 457.472152709961 412.280136108398 475.105178833008 582.585880279541 488.714988708496 610.3561668396 599.190773487091 569.364144325256 653.148719787598 676.740936279297 582.743389129639 663.209136962891 555.126003265381 714.01383972168 650.687023162842 542.303771972656
574.845310211182 406.957931518555 561.706100463867 499.035850524902 702.988342285156 548.147409439087 575.179332733154 449.678550720215 686.25163269043 516.443225860596 638.45198059082 519.337505340576 510.877044677734 517.091316223145 506.926597595215 452.926208496094 641.06103515625 396.129119873047 554.089996337891 609.394390106201 546.649391174316 599.833596229553 535.684597015381 494.265724182129 696.102737426758 570.989639282227 690.811290740967 627.214945793152 625.409366607666 585.996077537537 831.297882080078 596.184127807617 665.889137268066 599.964769363403 586.139553070068 541.884653091431 501.012092590332 598.113697052002 679.191162109375 561.956036567688 489.651031494141 573.572921276093 554.117694854736 666.539482116699 523.407859802246 702.917366027832 579.703903198242 545.1448097229 524.245681762695 620.391933441162
528.466373443604 577.766338348389 485.730155944824 529.265610694885 591.250478744507 704.532455444336 471.088996887207 465.094276428223 640.690887451172 492.459281921387 590.633171081543 653.903312683105 642.090713500977 653.758445739746 585.809005737305 501.099296569824 556.660694122314 559.412040710449 578.908355712891 588.021599769592 539.229030609131 490.937660217285 662.609176635742 609.354097366333 747.997917175293 653.015826225281 720.847709655762 684.388912200928 806.663497924805 816.44319152832 620.717323303223 699.919235229492 637.390930175781 613.65913772583 589.232738494873 595.754215240479 598.75532913208 646.904224395752 770.163269042969 570.935515403748 593.467277526855 494.535903930664 535.919425964355 656.750350952148 471.774215698242 528.704193115234 800.166946411133 498.920623779297 573.155704498291 491.315986633301
512.762145996094 612.970863342285 584.9827003479 628.147743225098 475.881351470947 608.110202789307 705.158004760742 619.730792999268 563.976117610931 455.658424377441 745.183349609375 670.301231384277 598.784648895264 534.018989562988 705.262237548828 535.300647735596 405.647094726562 572.478199005127 666.435836791992 602.89737701416 602.580364227295 481.692398071289 663.782623291016 747.661277770996 555.16459274292 686.934663772583 876.457550048828 726.674690246582 788.97265625 711.190353393555 445.922119140625 646.396186828613 633.999649047852 645.609100341797 642.134147644043 700.67414855957 667.160636901855 657.433486938477 556.367446899414 687.476028442383 482.975555419922 623.445203781128 588.107843399048 712.149925231934 602.659963607788 591.565422058105 630.044479370117 680.508880615234 734.422073364258 655.020820617676
428.944122314453 406.377014160156 619.242218017578 599.405284881592 548.735456943512 713.505798339844 676.296821594238 670.892127990723 470.310165405273 543.305890083313 610.346500396729 580.436521530151 424.72624206543 609.629886627197 680.974418640137 519.437362670898 751.853927612305 540.424438476562 590.293528079987 613.837875366211 471.809440612793 702.583221435547 463.221420288086 696.563650131226 747.268051147461 635.005588531494 838.075084686279 738.456001281738 666.007303237915 799.408966064453 612.127157211304 611.44149184227 527.448211669922 542.877133369446 654.235748291016 678.459045410156 628.868900299072 585.936861038208 660.298280715942 666.085662841797 542.914386749268 614.239505767822 618.429713129997 807.568984985352 535.269775390625 494.711097717285 617.403105735779 558.397918701172 648.223918914795 573.161884307861
600.621246337891 567.061483383179 508.629535675049 514.270439147949 699.046424865723 437.901481628418 573.787813186646 648.258308410645 515.012195587158 571.865262031555 665.728637695312 762.516418457031 565.982623100281 485.318649291992 746.858688354492 615.021213531494 737.141799926758 652.828044891357 734.655456542969 631.551658630371 488.979965209961 572.506011009216 521.383262634277 508.523559570312 590.214236974716 693.665313720703 590.551334381104 732.169846534729 698.626341342926 761.723472595215 666.969025492668 900.857025146484 636.599857330322 527.362720489502 789.359451293945 623.872430801392 550.30326461792 514.207389831543 586.120794296265 571.245435714722 640.445415496826 651.245574951172 621.876327514648 644.261535644531 594.549970149994 472.767265319824 429.432739257812 537.233276367188 575.358741760254 522.888946533203
619.352428436279 496.947143554688 630.810417175293 618.609283447266 549.936586856842 475.293922424316 567.742521286011 501.953308105469 534.56867980957 551.819042205811 408.46403503418 528.234497070312 490.081932067871 461.372528076172 492.004188537598 695.396041870117 650.446426391602 690.098190307617 691.717445373535 628.522247314453 509.037414550781 517.928176879883 497.306350708008 551.687322616577 413.752227783203 544.985683441162 613.693798065186 582.872001647949 592.97469329834 861.04517364502 650.890407562256 768.626159667969 528.88005065918 519.839172363281 678.898815155029 503.391860961914 614.385844230652 525.906574249268 608.877957582474 670.967929840088 644.321887969971 786.087326049805 557.464515686035 596.438865661621 600.858289718628 545.988861083984 582.86273765564 617.817041873932 588.969812393188 832.866226196289
481.309577941895 561.154554843903 487.518592834473 568.530230760574 483.165802001953 471.762565612793 502.843940734863 566.918968200684 480.262641906738 458.226234436035 465.85294342041 455.618545532227 424.298248291016 510.282409667969 542.300855636597 542.717357635498 682.362846374512 472.054039001465 491.72957611084 541.39310836792 483.642456054688 539.371383666992 626.354007720947 565.311656951904 584.268081665039 619.515333175659 659.233989715576 677.40380859375 745.402793884277 814.855773925781 873.160125732422 643.073252677917 512.001419067383 593.663276672363 605.247840881348 628.528518676758 622.352832794189 620.528690338135 631.894645690918 610.47447681427 815.293029785156 653.207794189453 554.202491760254 597.109167098999 696.010536193848 547.423126220703 612.196367263794 649.177459716797 596.643154144287 761.273315429688
402.912261962891 408.459350585938 568.191444396973 349.143478393555 494.491115570068 445.246017456055 439.869102478027 518.851573944092 454.422119140625 428.060607910156 456.711860656738 620.44234085083 385.703033447266 593.408473968506 534.441120147705 511.843090057373 532.822296142578 584.640804290771 541.317474365234 405.013320922852 481.865921020508 548.368347167969 515.762573242188 520.815979003906 672.286643981934 747.045104980469 763.231796264648 714.709190368652 657.549503326416 664.916473388672 750.942260742188 531.720840454102 529.395637512207 655.371620178223 663.189352035522 633.580425262451 570.497570037842 542.216011047363 815.272201538086 721.326210021973 803.914543151855 660.838298797607 621.221473693848 618.084774017334 761.561111450195 757.911972045898 657.386516571045 529.692527770996 749.150054931641 665.23531961441
591.173240661621 485.556915283203 473.691596984863 635.992141723633 592.160675048828 451.034057617188 374.629257202148 470.564331054688 634.098838806152 423.364219665527 552.635496139526 476.099746704102 613.337703704834 560.999797821045 553.667710572481 637.244239807129 703.812896728516 471.152320861816 452.44310760498 681.914474487305 605.868087768555 509.286628723145 597.640315532684 655.862241744995 575.44792175293 721.746757507324 565.157482147217 769.526672363281 754.035675048828 746.293975830078 650.260445594788 603.299783706665 642.206117630005 704.270538330078 665.923480987549 529.955993652344 606.118063285947 701.976245880127 439.609176635742 597.382308959961 524.52604675293 640.989336013794 612.027194976807 800.032320022583 679.019584655762 602.44994354248 779.447494506836 557.115020751953 674.992358207703 778.712295532227
492.895584106445 455.77099609375 596.834362030029 503.592037200928 558.029068946838 510.692348480225 619.239799499512 379.745864868164 482.00764465332 631.41040802002 502.134384155273 448.061683654785 524.737979888916 550.874311447144 568.183835744858 468.077507019043 482.388320922852 561.470087051392 475.440391540527 444.276237487793 532.772068023682 613.254440307617 480.243362426758 649.650257110596 552.119197845459 666.084785461426 809.968826293945 679.866256713867 659.452527046204 545.024284362793 808.943939208984 662.071605682373 538.598167419434 780.480072021484 674.637417793274 556.61434173584 531.48734664917 656.570785522461 772.155380249023 621.191495895386 715.55281829834 647.63941860199 410.969619750977 502.242599487305 782.453464508057 731.250061035156 592.893169403076 674.090839385986 641.582759857178 706.264221191406
609.969596862793 511.255029678345 485.672290802002 628.31819152832 589.37614440918 552.150720536709 500.912940979004 532.459386825562 368.649765014648 514.96817779541 518.182960510254 424.440231323242 446.438232421875 578.418967247009 564.414806365967 525.252109527588 458.066581726074 549.06072807312 481.220104217529 546.553981781006 622.328964233398 620.878211975098 467.939956665039 619.961576461792 595.003894805908 750.083251953125 760.851440429688 753.5966796875 553.519435882568 675.010108947754 721.830352783203 698.430183410645 601.884680747986 596.26556456089 665.32995223999 619.729991436005 436.261947631836 594.277545928955 665.905055999756 590.337181091309 634.507201194763 712.149711608887 628.280535697937 680.705619812012 477.018707275391 569.601749420166 724.104804992676 695.383239746094 747.484718322754 544.870235443115
572.889560699463 679.180793762207 450.530601501465 532.394212722778 447.837478637695 656.027458190918 542.581472396851 661.042861938477 518.598678588867 514.91060256958 537.647113800049 539.882987976074 691.871879577637 594.561776161194 633.577960968018 608.535266876221 616.480781555176 525.254955291748 597.005516052246 396.131637573242 606.932975769043 701.848522186279 505.716102600098 508.134101867676 650.507873535156 496.567886352539 707.744644165039 721.25358581543 695.69522857666 528.60717010498 513.782341003418 598.566839694977 732.586807250977 603.552366256714 772.061248779297 689.104362487793 387.780044555664 598.560132980347 672.000255584717 550.267845153809 677.987678527832 690.471206665039 630.720369338989 535.313148498535 532.331039428711 761.715881347656 688.015007019043 688.86882019043 614.946380615234 617.375087738037
666.796760559082 630.780891418457 564.983249664307 566.979986190796 421.278579711914 560.844917297363 528.428060531616 478.933555603027 467.083549499512 532.381641387939 624.514320373535 556.30969619751 547.18825340271 464.292793273926 554.016933441162 605.323307037354 554.894599802792 603.418800354004 639.6494140625 752.476440429688 590.500003814697 584.102031707764 536.062187194824 621.914714813232 532.197368621826 537.470306396484 646.597221374512 474.594886779785 630.897020339966 549.577047348022 687.162170410156 651.953819274902 716.956069946289 677.060653686523 499.821746826172 538.228569030762 546.770919799805 553.024742126465 562.0954246521 553.465911865234 591.437347412109 707.633712768555 552.918037414551 612.161771059036 548.695762634277 647.375486373901 665.496992111206 598.10532951355 565.506992340088 632.347881317139
