export/dem/dem2.asc
NCOLS 350
NROWS 171
XLLCORNER 152620
YLLCORNER 418050
CELLSIZE 100
NODATA_VALUE -9999
[rows 44 to 65 of 171, columns 200 to 249 of 350]
940.30451965332 743.971895217896 582.160688400269 473.490776062012 468.15315246582 640.584495544434 824.719543457031 864.788719177246 721.005462646484 735.089986801147 734.135231018066 814.331451416016 795.197364807129 653.934440612793 629.896995544434 568.240518569946 562.632457733154 429.912902832031 487.125068664551 457.709800720215 680.95970916748 712.849617004395 627.01184463501 644.285011291504 669.610939025879 611.01594543457 681.294456481934 706.531052589417 611.947093963623 576.075065612793 536.560890197754 645.364170074463 1101.72961425781 634.303549766541 666.921035766602 445.739898681641 521.805694580078 574.822937011719 468.011535644531 739.748035430908 553.425170898438 745.414054870605 669.371439933777 724.154567718506 646.232074737549 807.592758178711 532.894805908203 686.564130783081 612.069755554199 644.86595916748
1111.309425354 1521.39805984497 1123.47776412964 901.174831390381 773.579053878784 1085.96827697754 886.755615234375 748.408515930176 773.597297668457 816.688735961914 794.066088676453 812.855484008789 860.494064331055 1024.66749572754 817.215927124023 941.361743927002 715.32674407959 558.667476654053 630.534867286682 541.46895980835 569.685989379883 722.092864990234 755.670333862305 694.266441345215 705.548011779785 572.558151245117 634.413669586182 707.422317504883 651.847045898438 574.701469421387 568.38973236084 503.657974243164 685.733447611332 641.595216751099 646.747997283936 733.905838012695 712.42382144928 479.209045410156 496.126678466797 760.587184906006 560.511337280273 651.714078903198 713.101469039917 821.689163208008 739.939746856689 748.184539794922 640.756149291992 740.889869689941 732.25909614563 656.973365783691
718.844932556152 905.297173500061 1506.45622634888 1153.86187362671 717.930173873901 700.372352600098 757.405471801758 776.529556274414 590.616559505463 783.179214477539 562.260389328003 709.925964355469 575.314674377441 865.751529693604 678.729164123535 674.836334228516 1318.63554382324 602.637252807617 511.507034301758 685.781463623047 598.89093875885 589.280121803284 747.329574584961 649.477752685547 679.199317932129 605.285068511963 675.480854034424 534.449546813965 719.780921936035 625.027760505676 685.84920501709 713.27112197876 688.84411239624 675.052391052246 569.365127563477 619.722015380859 610.83715057373 564.402046203613 609.17121887207 641.915519714355 642.201656341553 699.636571645737 651.244106292725 819.840423583984 823.877655029297 596.637672424316 708.720677375793 618.522041320801 860.725921630859 646.349700927734
447.346298217773 483.012069702148 825.252769470215 1283.5384645462 930.622802734375 717.975170135498 802.811912536621 802.404434204102 699.883293151855 605.778945922852 503.467515945435 600.174886703491 601.888832092285 710.083541870117 698.303905487061 951.904634475708 1207.43071746826 1909.01937484741 1492.86944580078 670.436790466309 419.407333374023 799.400054931641 898.128692626953 582.324438095093 744.180770874023 623.774823188782 671.183502197266 661.582725524902 529.913345336914 638.457123965025 554.160934448242 766.561386108398 656.202135920525 628.189061164856 671.586828231812 625.475921630859 638.003053665161 657.669611930847 661.088084220886 659.945224761963 686.635478973389 779.987495422363 668.531066894531 722.334701538086 744.971759796143 515.576049804688 622.083839416504 796.858261108398 636.587181091309 661.546501159668
600.156047821045 609.933710098267 781.942916870117 635.674360275269 597.733371734619 760.318031311035 679.000663757324 790.116096496582 680.313737869263 688.054718017578 444.839401245117 613.195022583008 560.675638198853 608.007118225098 667.341138839722 757.232110023499 1113.44055938721 1232.65029907227 1198.54277610779 1047.03516387939 772.196014404297 678.573574066162 792.550109863281 599.022930145264 712.681495666504 567.815013885498 577.779514312744 643.752225875854 718.254371643066 715.817794799805 597.92794418335 650.768486022949 557.065048217773 722.095798492432 634.116920471191 714.667079925537 609.909934997559 739.153526306152 713.264331817627 622.315563201904 665.248099803925 920.478858947754 596.245323181152 788.015632629395 450.107162475586 614.437133789062 660.574337005615 719.193732261658 662.995491027832 734.385005950928
581.371206283569 550.069320678711 625.509510040283 609.792635917664 595.453937530518 621.238256454468 735.153600692749 712.954160690308 666.769674658775 578.101970672607 675.419448852539 721.453994750977 440.744094848633 531.041584014893 613.253726959229 779.389415740967 856.003559589386 1104.22510528564 2066.50216674805 1601.68669605255 927.049407958984 828.107995986938 747.73316192627 668.713050842285 831.394226074219 612.874245643616 648.717174530029 599.108278274536 800.079284667969 673.442975997925 653.396831512451 821.822830200195 789.799346923828 543.911750793457 700.143077850342 741.924674987793 806.440338134766 715.198097229004 729.233917236328 749.637016296387 724.94214630127 681.261038780212 703.960975646973 1054.81796836853 990.956836700439 1034.69163608551 765.620590209961 615.634956359863 721.326919555664 722.934152603149
632.952526092529 588.713973045349 549.600429534912 623.268482208252 471.778907775879 609.252059936523 595.979005813599 642.277919769287 771.818859100342 693.170587539673 543.438339233398 554.128876686096 414.896850585938 619.394149780273 517.320627212524 593.367893218994 802.541525363922 1131.92015838623 1521.41861724854 1733.56828212738 845.137313842773 957.56477355957 548.580368041992 460.178497314453 602.437160611153 664.647541046143 723.422058105469 701.320320129395 752.221412658691 775.319686889648 779.914184570312 773.79296875 790.455413818359 661.654997825623 702.454605102539 761.870246887207 638.837852478027 757.380561828613 913.148559570312 767.799705505371 771.8837890625 693.391784667969 555.790397644043 513.972946166992 878.202453613281 1151.32632446289 695.17301940918 497.524856567383 638.42357635498 825.168720245361
652.83203125 822.763854980469 658.507766723633 648.478927612305 773.137237548828 650.989517211914 734.483940124512 596.588358819485 748.278793334961 670.508013725281 687.071706771851 541.327743530273 710.096588134766 524.754680633545 668.272155761719 622.949531555176 670.60671043396 1182.40348815918 1489.93936920166 1421.00973510742 1415.74313163757 683.360992431641 709.321640014648 619.631186485291 656.865123748779 619.480632781982 629.574901580811 679.6037940979 632.756197929382 730.478088378906 748.813117980957 757.621131896973 658.473991394043 694.295017242432 783.733573913574 764.744064331055 802.077239990234 653.596658706665 741.451072692871 851.618515014648 563.931816101074 477.593002319336 523.187652587891 418.756927490234 880.029228210449 722.80188369751 954.12047958374 1221.14651489258 741.284591674805 731.272659301758
635.783782958984 661.470268249512 757.835124969482 748.422435760498 640.166417121887 777.153373718262 779.142566680908 780.398235321045 552.139068603516 784.399082183838 698.850929260254 517.121208190918 790.818466186523 568.855934143066 586.097898483276 514.684226989746 766.310836791992 787.500789642334 960.575317382812 1627.43601304293 2029.30884933472 1350.86558532715 529.170791625977 587.841361999512 481.658111572266 670.518333435059 674.955520629883 620.644976615906 595.625548839569 641.766754150391 742.407531738281 771.261901855469 695.931770324707 707.194942474365 522.791152954102 593.782955169678 692.103244781494 772.287437438965 690.662269592285 817.484436035156 706.141044616699 522.505645751953 697.75888633728 674.274624824524 607.628814697266 654.424324035645 507.440399169922 533.299240112305 1114.11376190186 1000.94187927246
507.962677001953 598.933987617493 649.012826919556 827.008026123047 582.794489502907 653.637874603271 686.474388599396 551.16234588623 510.752769470215 851.093330383301 613.828788757324 659.913976669312 588.33939743042 643.356494903564 560.482732772827 718.202667236328 626.005920410156 540.920974731445 841.48738861084 1020.18005275726 1292.55626296997 1412.52365875244 1729.61585998535 804.655605316162 594.136238098145 499.029144287109 546.475803375244 715.46654510498 633.473075866699 660.916656494141 724.298049926758 663.255031585693 843.817138671875 709.575393676758 685.050910949707 477.6943359375 726.732025146484 708.27025604248 781.811393737793 569.255928039551 653.539044380188 605.871520996094 694.115535736084 664.805923461914 643.768042564392 747.852336883545 499.817138671875 859.907501220703 882.250259399414 375.606109619141
675.679550170898 717.432640075684 701.7333984375 614.229658126831 607.537755966187 610.131950378418 523.746765136719 584.39115524292 760.130546569824 707.567810058594 566.861124992371 722.373420715332 787.774185180664 708.303199768066 656.100467681885 537.968109130859 553.155518054962 745.371948242188 471.941131591797 767.291659653187 770.579406738281 1174.75762176514 1688.67105484009 836.410419464111 844.429122924805 601.704242706299 592.312065124512 552.27758026123 628.875255584717 572.275304794312 616.769250869751 603.566537857056 565.213954925537 632.683352351189 682.253433227539 584.746383666992 568.987968444824 723.21880531311 597.643775939941 605.074855804443 567.017204284668 635.075225830078 811.58186340332 674.372276306152 870.003524780273 663.929536819458 676.839611053467 568.642288208008 563.484481811523 670.860631942749
626.528339385986 683.006637573242 720.162132263184 810.704254150391 609.274618148804 689.559776306152 644.421558380127 591.935829162598 688.012830257416 664.490074157715 666.117929458618 576.655626296997 452.686904907227 520.591804504395 580.580339431763 583.952098608017 656.23108291626 809.577087402344 599.550135135651 473.717163085938 672.5986328125 909.608512878418 1127.12883710861 1390.75018215179 940.242919921875 591.291206359863 613.387157440186 616.561073303223 533.830154418945 601.908566951752 506.75528717041 536.009117126465 653.826183319092 508.501914978027 652.916248321533 706.92015838623 603.819253921509 643.077491760254 534.087890625 581.57691192627 677.11922454834 715.28931427002 780.207366943359 788.485733032227 867.979202270508 685.795658111572 607.965503692627 707.402614593506 739.313552856445 606.140769958496
547.134307861328 533.808532714844 729.415824890137 683.388275146484 670.032745361328 622.486671924591 614.875854492188 675.441665649414 642.97481918335 754.769054412842 660.828018188477 796.822006225586 650.693065643311 602.55401134491 753.659271240234 649.593650817871 821.720161437988 808.739166259766 797.60274887085 851.556022644043 708.926300048828 912.778438568115 1056.59810638428 1109.69302368164 958.106872558594 605.808433532715 659.452754974365 682.862495422363 555.834804534912 602.590641021729 674.658149719238 577.405164718628 611.580161094666 591.632781982422 444.826690673828 479.948135375977 646.327351570129 569.920722961426 582.080974578857 823.076232910156 796.853317260742 694.302991867065 639.714272499084 811.1872215271 698.720550537109 824.228866577148 605.078189849854 725.949226379395 599.682083129883 748.960014343262
730.348960876465 641.762475967407 672.657699584961 495.039169311523 546.531112670898 579.59646987915 629.965347290039 588.922645568848 631.430393218994 620.552616119385 711.671268463135 679.806709289551 720.085645139217 701.684371948242 818.971145629883 754.404312133789 769.436821937561 961.699340820312 839.816207885742 832.293834209442 874.155948638916 865.210678100586 884.832552909851 842.220321655273 798.685134887695 611.099382400513 529.985557556152 564.03483581543 701.406478881836 565.216728210449 583.642581939697 601.515953063965 572.935493469238 619.095489501953 550.064361572266 565.974243164062 436.374084472656 637.720272064209 678.572032928467 811.478652954102 662.455852508545 784.729751586914 671.093070983887 705.401523590088 688.055902998894 637.81870174408 734.184837341309 658.552527308464 619.470048904419 653.190269470215
664.542133331299 663.648586273193 742.042449951172 730.513137817383 625.84566116333 631.710441589355 621.569664955139 564.733665466309 638.917240142822 594.421230316162 654.187599182129 640.638572692871 799.496574401855 729.662895202637 725.847930908203 709.702979803085 763.808502197266 912.754302978516 819.377479553223 875.000778198242 874.522178649902 816.161809921265 950.909385681152 948.903877258301 628.313127279282 578.913803100586 606.610867977142 551.175765991211 437.169784545898 505.219146728516 579.538789272308 833.981628417969 591.479278564453 727.743202209473 522.437034606934 529.973136901855 606.857528686523 514.503944396973 680.481842041016 740.137634277344 705.162055969238 677.628921508789 812.326484680176 878.511184692383 647.635572433472 846.551300048828 738.114646911621 651.552927017212 733.684242248535 719.942756652832
594.446273803711 539.779266357422 697.657348632812 507.693397521973 545.326370239258 729.03645324707 788.776626586914 594.561096191406 515.558349609375 620.97403717041 597.040954589844 541.62321472168 771.999984741211 596.291412353516 770.095218658447 787.387283325195 553.826965332031 678.390071868896 874.17106628418 767.780361175537 627.057235717773 829.233331680298 945.147346496582 713.02974319458 756.357666015625 554.735038757324 786.508270263672 524.643501281738 556.374500274658 489.4306640625 669.310501098633 842.150859832764 778.69118309021 715.068954467773 670.308190345764 545.030364990234 393.001373291016 557.949203491211 647.29931640625 690.547828674316 698.115768432617 752.303153991699 687.586200714111 484.267333984375 784.720779418945 816.408004760742 791.062957763672 782.980354309082 702.38793182373 647.338506698608
615.932492256165 496.024383544922 722.191558837891 717.692970275879 650.341221809387 725.233207702637 737.327217102051 619.905780792236 580.020332336426 649.808314323425 661.082488059998 492.190017700195 808.452011108398 830.936584472656 535.463363647461 689.805877685547 723.770017623901 606.640800476074 743.176767349243 776.930320739746 854.150964736938 802.642863273621 747.354049682617 541.654708862305 718.067687988281 439.864669799805 786.496978759766 594.362431526184 435.269332885742 796.047653198242 781.138154983521 552.867362976074 537.126449584961 658.813751220703 549.051612854004 868.754156112671 647.167335510254 619.747964859009 619.482852578163 557.188285827637 661.679761886597 656.681989550591 730.183654785156 737.864532470703 706.656997680664 764.447799682617 695.470958709717 705.601222991943 644.854292631149 654.332819700241
505.058135986328 615.211034178734 580.851531982422 774.638317108154 627.481334209442 849.67936706543 651.648875772953 561.187957763672 746.88249206543 582.247729659081 617.412130355835 628.050536632538 493.408660888672 652.116870880127 733.739978790283 747.939895629883 859.530136108398 840.582214355469 828.024353027344 865.358238220215 838.892585754395 680.347728729248 559.527633666992 484.738754272461 692.304294586182 677.926418304443 544.021583557129 591.464698791504 510.755424499512 570.883331298828 512.205657958984 602.633871078491 545.534530639648 415.790893554688 617.889947891235 826.414169311523 681.719200134277 681.976440429688 741.161867141724 700.796653747559 688.258280754089 695.09228515625 556.933029174805 695.331825256348 683.07209777832 701.314819335938 757.727828979492 563.706619262695 629.560933113098 699.355373382568
523.56169128418 346.679809570312 756.841789245605 570.891929626465 407.001586914062 549.060844421387 606.121114730835 713.174865722656 701.983024597168 570.982433319092 605.261915206909 462.713134765625 438.591415405273 758.82746887207 705.307293891907 692.657737731934 742.366744041443 697.486907958984 650.478790283203 668.88298034668 609.444685935974 659.260559082031 728.252296447754 741.544189453125 650.91987991333 624.7252368927 447.325408935547 528.844879150391 608.266681671143 851.330707550049 490.036880493164 483.985305786133 491.480804443359 592.157207489014 697.386192321777 545.320129394531 799.845252990723 1200.92196655273 982.95650100708 728.265245437622 807.978225708008 566.773094177246 849.480407714844 715.407485961914 839.675033569336 789.305023193359 864.692749023438 836.560333251953 724.281295776367 774.828300476074
492.486404418945 587.632373809814 536.734909057617 552.537704467773 485.784149169922 500.183135986328 836.634246826172 684.553001403809 625.892604351044 745.524627685547 775.584457397461 715.604881286621 482.585388183594 777.350006103516 682.376802444458 692.927742004395 658.737693786621 758.474243164062 656.825048446655 618.970263957977 656.558272361755 561.54532623291 620.165387153625 677.928108215332 719.863037109375 481.207489013672 726.343597412109 654.761539459229 626.303245067596 702.376243591309 680.941090106964 674.89563369751 621.511268615723 671.174768447876 585.814720153809 649.884359359741 758.88117980957 1051.4673614502 592.360449790955 676.427383422852 780.635940551758 685.50309753418 696.092559814453 595.497505187988 610.201997756958 627.020692825317 709.465019226074 585.833721160889 689.534526824951 749.639091491699
611.067277908325 609.662658691406 651.252332687378 542.834663391113 516.349807739258 656.025146484375 685.130746841431 720.844017028809 712.329406738281 653.975002288818 560.931289672852 713.089210510254 549.989013671875 561.212509155273 721.235168457031 546.689498901367 599.655784726143 722.628118395805 621.708051204681 449.184753417969 616.470090866089 668.986772537231 577.177825927734 786.04719543457 811.083999633789 588.162223339081 591.808808803558 587.009567260742 531.034957885742 581.858219146729 767.130611419678 625.292625427246 556.266571044922 529.77075958252 760.816993713379 701.553344726562 715.513336181641 871.893122673035 851.339538574219 733.552612304688 570.056396484375 664.377956390381 624.011455535889 629.677048683167 616.479327917099 713.472198486328 563.030860900879 582.382789611816 686.119316101074 767.059097290039
700.736572265625 430.517501831055 701.744190216064 516.330307006836 547.083000183105 577.00138092041 612.873544692993 515.30485534668 579.993900299072 513.821359634399 673.644283294678 690.156364440918 578.381950378418 641.996747493744 697.85538482666 615.476072311401 419.543502807617 612.332180023193 704.728469848633 705.656196594238 701.860260009766 544.774055480957 702.252616882324 602.521448135376 729.336479187012 559.108860015869 596.607264995575 558.711433410645 525.058097839355 529.463500976562 603.01676940918 522.402404785156 490.381103515625 681.764381408691 702.340293884277 902.828123807907 905.752882480621 807.706062316895 730.215888977051 639.640114784241 677.57506942749 638.113061904907 688.552082061768 716.029502868652 627.805625915527 691.000205993652 627.396441936493 687.449996948242 531.616668701172 694.718441009521
