export/dem/dem29.asc
NCOLS 350
NROWS 171
XLLCORNER 152620
YLLCORNER 418050
CELLSIZE 100
NODATA_VALUE -9999
[rows 88 to 109 of 171, columns 0 to 49 of 350]
-9999 -9999 -9999 -9999 -9999 -9999 -9999 -9999 -9999 -9999 -9999 -9999 -9999 -9999 -9999 -9999 -9999 376.246040344238 415.179134368896 156.993576049805 332.425964355469 600.116790771484 368.063751220703 467.647842407227 495.798099517822 612.637508392334 658.734840393066 327.90997505188 872.979202270508 486.067233681679 396.999893188477 360.205545425415 505.646980285645 449.431983947754 569.997039794922 646.233901977539 623.113403320312 810.370826721191 779.648834228516 807.703964233398 713.779074668884 674.08530330658 318.720281600952 242.629190176725 299.419139862061 189.336883544922 377.700736999512 430.20369720459 486.99942779541 361.561241149902
-9999 -9999 -9999 -9999 -9999 -9999 -9999 -9999 -9999 -9999 -9999 -9999 -9999 -9999 -9999 -9999 -9999 276.010681152344 536.632133483887 290.681400299072 276.690284729004 422.886054992676 227.238479614258 535.909039497375 409.879829406738 760.975536346436 685.826551437378 969.417091369629 640.714990615845 538.460027694702 332.90772819519 608.782943725586 268.133438110352 445.728246688843 554.847506046295 815.332183837891 828.58366394043 801.409790039062 723.368507385254 706.66268157959 789.278785705566 708.231159210205 641.52808380127 324.318170547485 363.398135185242 346.553416728973 602.275211334229 491.958171844482 369.036449432373 391.44970703125
-9999 -9999 -9999 -9999 -9999 -9999 -9999 -9999 -9999 -9999 -9999 -9999 -9999 -9999 -9999 -9999 531.454627990723 448.954986572266 186.991638183594 160.123184204102 342.335113525391 345.238708496094 452.964530944824 545.98900604248 455.655364990234 638.492172241211 494.718753814697 526.416416168213 434.423069000244 443.389938354492 298.035736083984 630.13871383667 408.123426437378 509.303176879883 706.558547973633 568.945175170898 967.782821655273 610.187335968018 653.00846862793 558.375997751951 358.896511077881 392.000957489014 601.7131690979 313.913299560547 372.646034240723 458.43692779541 593.284103393555 173.487266540527 387.00520324707 413.609512329102
-9999 -9999 -9999 -9999 -9999 -9999 -9999 -9999 -9999 -9999 -9999 -9999 -9999 -9999 -9999 -9999 491.073112487793 501.668022155762 421.613052368164 491.416393280029 497.854139328003 546.911239624023 501.866979598999 480.546074867249 596.645341157913 424.705661773682 662.79857635498 602.622004508972 637.192089080811 319.976509094238 537.356071472168 518.175933837891 586.386764526367 472.057061433792 780.326658248901 524.603475570679 870.026962280273 733.888206481934 642.863700866699 366.457656860352 389.595504760742 283.135196685791 352.942100524902 234.281616210938 477.347133636475 305.709949493408 233.947622299194 274.5432472229 370.926445007324 399.407768249512
-9999 -9999 -9999 -9999 -9999 -9999 -9999 -9999 -9999 -9999 -9999 -9999 -9999 -9999 -9999 598.921760559082 533.425567626953 438.437088012695 506.851282119751 404.024703979492 611.365835189819 333.542572021484 467.624744415283 810.856903076172 660.736053466797 725.559772491455 537.603610992432 460.451881408691 487.008392333984 638.316051483154 886.657943725586 681.168746948242 606.409408569336 384.387278556824 673.475275039673 855.110641479492 825.439376831055 784.346496582031 654.988656997681 300.257232666016 292.482646942139 113.192291259766 312.901742935181 -81.3213348388672 403.142280578613 246.948738098145 281.074941635132 278.449275016785 493.897499084473 371.839645385742
-9999 -9999 -9999 -9999 -9999 -9999 -9999 -9999 -9999 -9999 -9999 -9999 -9999 -9999 -9999 606.549996376038 476.568096160889 446.31424331665 416.313777923584 235.933898925781 422.873260498047 598.205497741699 749.245010375977 678.696865081787 849.896820545197 573.909158706665 595.918956756592 414.276153564453 500.244323730469 289.342498779297 224.248077392578 307.105682373047 381.734672546387 100.126251220703 744.163887023926 705.330501556396 784.894737243652 658.536056518555 714.092781066895 282.634670257568 305.003288269043 212.814575195312 323.616817474365 293.33309173584 316.89559173584 179.976509094238 300.085426330566 376.456718444824 196.703712463379 347.593242645264
-9999 -9999 -9999 -9999 -9999 -9999 -9999 -9999 -9999 -9999 -9999 -9999 -9999 -9999 650.330101013184 516.612596511841 453.816509246826 382.257232666016 504.96603012085 542.185775756836 478.414184570312 542.440099239349 588.706840515137 869.818725585938 801.703552246094 636.797382354736 733.618110656738 259.249801635742 348.135807037354 305.204429626465 400.582305908203 310.024124145508 148.63623046875 121.601898193359 278.221069335938 711.684509277344 758.354080200195 935.069580078125 -9999 -9999 310.302841186523 389.906303405762 169.79040145874 208.594408035278 309.357971191406 333.292706012726 435.025774002075 645.202407836914 557.077728271484 348.955581665039
-9999 -9999 -9999 -9999 -9999 -9999 -9999 -9999 -9999 -9999 -9999 -9999 -9999 -9999 630.024164199829 491.281627655029 415.336769104004 371.383605957031 387.474044799805 596.490818023682 444.422920227051 672.86921787262 601.579544067383 642.140525817871 741.039093017578 548.055313110352 637.614364624023 621.025459289551 675.156700134277 609.121824264526 447.403503417969 83.7103729248047 169.677383422852 230.678833007812 347.52916932106 -9999 -9999 -9999 -9999 -9999 -9999 -9999 369.685485839844 377.13151550293 379.396713256836 354.124114990234 343.621482849121 769.321304321289 288.895365715027 370.549102783203
-9999 -9999 -9999 -9999 -9999 -9999 -9999 -9999 -9999 -9999 -9999 -9999 -9999 702.998329162598 375.622619628906 484.674423217773 607.743095397949 209.834894180298 296.668830871582 379.093101501465 656.194919586182 835.688064575195 1026.78935623169 526.249401092529 655.213119506836 635.87247467041 589.049613952637 640.309299468994 647.017082214355 765.611181259155 425.688545227051 524.878540039062 360.185699462891 153.746452331543 342.138872623444 -9999 -9999 -9999 -9999 -9999 -9999 -9999 -9999 219.881879806519 303.773147583008 277.470039367676 215.014041900635 416.93221282959 480.277148246765 318.738235473633
-9999 -9999 -9999 -9999 -9999 -9999 -9999 -9999 -9999 -9999 -9999 -9999 -9999 530.51538848877 408.976356506348 452.669237136841 51.5820465087891 302.91072845459 410.40803527832 714.360260009766 664.144811630249 496.477172851562 632.49428319931 695.989952087402 539.242210388184 459.909629821777 460.681251525879 551.024917602539 310.943786621094 691.846466064453 500.959747314453 547.416366577148 309.14778137207 347.98420715332 -9999 -9999 -9999 -9999 -9999 -9999 -9999 -9999 -9999 -9999 259.310222625732 379.354675292969 256.889009475708 192.722053527832 480.511920928955 153.647666931152
-9999 -9999 -9999 -9999 -9999 -9999 -9999 -9999 -9999 -9999 -9999 -9999 405.324935913086 330.724960327148 365.453094482422 363.639099121094 646.715675354004 559.336136817932 635.446153640747 725.158533096313 696.41170501709 394.969228744507 548.504956245422 504.947044372559 553.380701065063 567.542858123779 596.331751346588 624.874159812927 581.105613708496 424.457626342773 346.089508056641 492.532281011343 348.908721923828 -9999 -9999 -9999 -9999 -9999 -9999 -9999 -9999 -9999 -9999 -9999 514.685256958008 236.237113952637 302.851811885834 435.179695129395 429.353435516357 621.531012535095
-9999 -9999 -9999 -9999 -9999 -9999 -9999 -9999 -9999 -9999 -9999 484.578712940216 527.459390163422 334.621574401855 384.393001556396 329.904907226562 518.089599609375 735.967923164368 730.927810668945 637.548927545547 602.395637512207 997.260284423828 494.52001953125 562.380279541016 648.01985168457 548.161956787109 840.763153076172 588.294799804688 521.538421630859 585.687850952148 393.197166442871 490.626532316208 325.402297973633 -9999 -9999 -9999 -9999 -9999 -9999 -9999 -9999 -9999 -9999 -9999 -9999 417.529266357422 358.731924057007 284.729423522949 357.640110015869 784.590698242188
-9999 -9999 -9999 -9999 -9999 -9999 -9999 -9999 -9999 -9999 -9999 389.176544189453 320.429527282715 384.290729522705 282.563667297363 319.52912902832 420.575508117676 634.209199905396 494.767608642578 659.224571228027 440.630958557129 437.413017272949 462.994834899902 575.90357208252 604.867262840271 466.687576293945 663.227993011475 406.217819213867 487.831672668457 394.431324005127 373.706142425537 461.089473724365 -9999 -9999 -9999 -9999 -9999 -9999 -9999 -9999 -9999 -9999 -9999 -9999 -9999 459.688339233398 358.513536453247 263.089294433594 341.692752838135 443.349884033203
-9999 -9999 -9999 -9999 -9999 -9999 -9999 -9999 -9999 -9999 503.368389129639 372.546455383301 351.467588424683 348.178291320801 315.421287536621 564.101713895798 660.98973274231 669.655753135681 673.8212890625 584.369487762451 447.316009521484 564.909790992737 486.610427856445 413.354965209961 630.717115402222 681.632873535156 432.984397888184 520.346836090088 422.524209976196 456.070858001709 357.475814819336 -9999 -9999 -9999 -9999 -9999 -9999 -9999 -9999 -9999 -9999 -9999 -9999 -9999 -9999 -9999 573.993553161621 415.327798843384 371.179920196533 368.047846317291
-9999 -9999 -9999 -9999 -9999 -9999 -9999 -9999 -9999 -9999 444.625915527344 284.700256347656 463.707971572876 373.905288696289 265.301635742188 433.41544342041 583.507667541504 502.274639129639 447.969024658203 566.464519500732 522.555492997169 495.318813323975 538.264804840088 526.862373352051 465.553092956543 524.717247009277 616.695510864258 276.824920654297 152.722923278809 139.356185913086 -9999 -9999 -9999 -9999 -9999 -9999 -9999 -9999 -9999 -9999 -9999 -9999 -9999 -9999 -9999 -9999 -9999 630.34008026123 389.678457260132 169.826797485352
-9999 -9999 -9999 -9999 -9999 -9999 -9999 -9999 -9999 636.680374145508 291.417831420898 478.735988616943 303.080795288086 449.865264892578 430.615509986877 531.971497535706 464.937152862549 706.048225402832 544.531642436981 1064.07977294922 420.925811767578 371.074813842773 509.66535949707 652.991149902344 302.725887298584 412.918344497681 377.891689300537 79.4713439941406 268.403587341309 233.321286201477 -9999 -9999 -9999 -9999 -9999 -9999 -9999 -9999 -9999 -9999 -9999 -9999 -9999 -9999 -9999 -9999 -9999 -9999 421.810886383057 345.57145690918
-9999 -9999 -9999 -9999 -9999 -9999 -9999 -9999 511.237009048462 265.38508605957 337.718063354492 333.615661621094 393.567596435547 239.180416822433 288.633121490479 481.268074035645 502.693900108337 622.752685546875 355.119728088379 494.572273254395 499.097927093506 521.878015518188 544.099868774414 280.234245300293 470.538673400879 303.636959075928 288.725912094116 243.645881652832 79.2090148925781 -9999 -9999 -9999 -9999 -9999 -9999 -9999 -9999 -9999 -9999 -9999 -9999 -9999 -9999 -9999 -9999 -9999 -9999 -9999 -9999 787.849601745605
-9999 -9999 -9999 -9999 -9999 -9999 -9999 -9999 441.94441318512 446.814492225647 316.172157287598 299.826110839844 299.751007080078 477.534004211426 447.303703308105 477.444465637207 428.55802154541 391.581703186035 830.218406677246 348.001174926758 497.141159057617 627.571022033691 583.203701019287 178.065574645996 269.918975830078 233.658669948578 309.167053222656 284.942981719971 -9999 -9999 -9999 -9999 -9999 -9999 -9999 -9999 -9999 -9999 -9999 -9999 -9999 -9999 -9999 -9999 -9999 -9999 -9999 -9999 -9999 -9999
-9999 -9999 -9999 -9999 -9999 -9999 -9999 503.135162353516 498.017532348633 429.298903942108 551.83472442627 399.281097412109 347.777206420898 486.009414672852 516.260465621948 351.914474487305 629.209869384766 630.854713439941 542.061389923096 402.129884719849 390.404655456543 670.818717956543 313.264573097229 353.243786334991 300.453834533691 246.715483665466 274.290546417236 339.314323425293 -9999 -9999 -9999 -9999 -9999 -9999 -9999 -9999 -9999 -9999 -9999 -9999 -9999 -9999 -9999 -9999 -9999 -9999 -9999 -9999 -9999 -9999
-9999 -9999 -9999 -9999 -9999 -9999 475.752166748047 425.807204246521 474.721523284912 539.180099487305 523.250324249268 470.750019073486 573.502346038818 622.128143310547 432.38321685791 543.541124343872 481.111888885498 576.970008850098 449.641563415527 457.948867797852 363.735675811768 472.047332763672 480.274669647217 437.169204711914 348.652336120605 389.969467163086 260.290576934814 -9999 -9999 -9999 -9999 -9999 -9999 -9999 -9999 -9999 -9999 -9999 -9999 -9999 -9999 -9999 -9999 -9999 -9999 -9999 -9999 -9999 -9999 -9999
-9999 -9999 -9999 -9999 505.842945098877 387.838424682617 323.656768798828 173.07071685791 206.124238967896 507.028263092041 618.096649169922 739.224716186523 521.359157562256 480.149919509888 439.699111938477 524.671676635742 646.505825221539 462.692024230957 270.214042663574 534.735401153564 513.808773040771 797.772071838379 269.908264160156 87.0328722000122 110.017219543457 134.870529174805 -9999 -9999 -9999 -9999 -9999 -9999 -9999 -9999 -9999 -9999 -9999 -9999 -9999 -9999 -9999 -9999 -9999 -9999 -9999 -9999 -9999 -9999 -9999 -9999
393.081588745117 347.227485656738 353.544219970703 567.331100463867 558.376983642578 578.829330444336 471.279417037964 480.713785171509 245.837066650391 492.413196563721 583.805568695068 635.313117980957 593.360084533691 602.532073974609 439.026054382324 689.169723510742 877.78079020977 352.495391845703 453.408470153809 540.383111953735 590.439338684082 298.684690237045 193.381233215332 147.329772949219 92.0641498565674 193.824829101562 -9999 -9999 -9999 -9999 -9999 -9999 -9999 -9999 -9999 -9999 -9999 -9999 -9999 -9999 -9999 -9999 -9999 -9999 -9999 -9999 -9999 -9999 -9999 -9999
