export/dem/dem25.asc
NCOLS 350
NROWS 171
XLLCORNER 152620
YLLCORNER 418050
CELLSIZE 100
NODATA_VALUE -9999
[rows 0 to 21 of 171, columns 100 to 149 of 350]
-9999 -9999 -9999 -9999 -9999 -9999 -9999 -9999 -9999 -9999 -9999 -9999 -9999 -9999 -9999 -9999 -9999 -9999 -9999 -9999 -9999 -9999 -9999 -9999 -9999 -9999 -9999 -9999 -9999 -9999 -9999 -9999 -9999 -9999 -9999 -9999 -9999 -9999 -9999 -9999 -9999 -9999 -9999 -9999 -9999 -9999 625.368850708008 802.572685241699 713.747119903564 769.16877746582
-9999 -9999 -9999 -9999 -9999 -9999 -9999 -9999 -9999 -9999 -9999 -9999 -9999 -9999 -9999 -9999 -9999 -9999 -9999 -9999 -9999 -9999 -9999 -9999 -9999 -9999 -9999 -9999 -9999 -9999 -9999 -9999 -9999 -9999 -9999 -9999 -9999 -9999 -9999 -9999 805.340324401855 716.506679534912 759.113676071167 664.202398300171 592.613122940063 702.746300697327 648.02815246582 775.196380615234 636.126670837402 456.003311157227
-9999 -9999 -9999 -9999 -9999 -9999 -9999 -9999 -9999 -9999 -9999 -9999 -9999 -9999 -9999 -9999 -9999 -9999 -9999 -9999 -9999 -9999 -9999 -9999 -9999 -9999 -9999 -9999 -9999 -9999 -9999 -9999 -9999 -9999 -9999 -9999 -9999 620.385543823242 787.840124130249 791.176467895508 688.995920181274 771.249987125397 699.773872375488 784.650115966797 578.974243164062 678.05738067627 707.321327209473 617.52554577589 523.281616210938 263.884155273438
-9999 -9999 -9999 -9999 -9999 -9999 -9999 -9999 -9999 -9999 -9999 -9999 -9999 -9999 -9999 -9999 -9999 -9999 -9999 -9999 -9999 -9999 -9999 -9999 -9999 -9999 -9999 -9999 -9999 -9999 -9999 -9999 -9999 -9999 981.451614379883 879.259429931641 782.876512527466 708.302322387695 754.865837097168 668.565910339355 619.462097167969 710.349857330322 582.940536499023 626.282077789307 721.129499435425 728.802223205566 548.254135131836 668.197265625 581.164657592773 415.019256591797
-9999 -9999 -9999 -9999 -9999 -9999 -9999 -9999 -9999 -9999 -9999 -9999 -9999 -9999 -9999 -9999 -9999 -9999 -9999 -9999 -9999 -9999 -9999 -9999 -9999 -9999 -9999 -9999 -9999 -9999 -9999 -9999 823.299903869629 925.352294921875 672.514024734497 627.50456237793 671.400032043457 637.184516906738 725.309619903564 539.461166381836 540.191518783569 744.651832580566 835.830413818359 569.805732727051 699.030679225922 729.225204467773 697.22635269165 650.333877563477 455.544342041016 657.218441009521
-9999 -9999 -9999 -9999 -9999 -9999 -9999 -9999 -9999 -9999 -9999 -9999 -9999 -9999 -9999 -9999 -9999 -9999 -9999 -9999 -9999 -9999 -9999 -9999 -9999 -9999 -9999 -9999 -9999 -9999 993.463623046875 673.105949401855 749.589370727539 688.830131530762 673.170211791992 720.849658966064 688.92610168457 733.585115432739 593.352951049805 414.207977294922 610.63330078125 616.74552154541 668.411256790161 851.521194458008 732.89436340332 835.685846328735 723.02685546875 637.214096069336 774.799427032471 642.728187561035
-9999 -9999 -9999 -9999 -9999 -9999 -9999 -9999 -9999 -9999 -9999 -9999 -9999 -9999 -9999 -9999 -9999 -9999 -9999 -9999 -9999 -9999 -9999 -9999 -9999 -9999 -9999 659.306930541992 809.416137695312 558.479389190674 659.125877380371 600.385887145996 567.380563735962 713.779510498047 697.364295959473 761.712936401367 815.00365447998 643.870262145996 596.165954589844 879.000022888184 880.320762634277 834.032508850098 826.268753051758 820.571746826172 520.470718383789 523.123565673828 964.471050262451 951.195755004883 882.528125762939 1118.62162017822
-9999 -9999 -9999 -9999 -9999 -9999 -9999 -9999 -9999 -9999 -9999 -9999 -9999 -9999 -9999 -9999 -9999 -9999 -9999 -9999 -9999 -9999 -9999 -9999 676.523147583008 641.534172058105 734.615280151367 587.664944648743 580.874314308167 524.532741546631 662.848503112793 539.832248687744 631.621898651123 781.717620849609 594.199697136879 715.930221557617 796.160064697266 881.93017578125 710.086582183838 784.299710273743 817.505985975266 807.191945075989 889.270599365234 1005.57073974609 965.611770629883 879.411773681641 974.520751953125 1003.94832611084 867.231887817383 1086.10025787354
-9999 -9999 -9999 -9999 -9999 -9999 -9999 -9999 -9999 -9999 -9999 -9999 -9999 -9999 -9999 -9999 -9999 -9999 -9999 -9999 -9999 -9999 677.688991963863 813.602111816406 528.045913696289 526.054290771484 625.251857280731 729.232627868652 545.130342483521 544.096771240234 743.080718994141 647.807563781738 591.729225158691 731.144378662109 652.005142211914 646.76248550415 668.975784301758 807.865707397461 714.692477703094 646.471160888672 889.698547363281 708.485072851181 844.131072998047 832.234378814697 649.805267333984 1027.06525039673 658.89868927002 669.376377105713 685.599105834961 594.442241668701
-9999 -9999 -9999 -9999 -9999 -9999 -9999 -9999 -9999 -9999 -9999 -9999 -9999 -9999 -9999 -9999 -9999 -9999 -9999 1034.03401184082 704.703861236572 752.531239509583 738.558643341064 534.792854309082 512.7219581604 428.614410400391 657.486042022705 629.246331214905 686.535202026367 752.427505493164 599.487575531006 524.299018859863 512.297401428223 691.344917297363 750.116287231445 590.6482462883 719.201736450195 810.599365234375 541.832214355469 720.231708526611 654.237682342529 577.686592102051 849.60693359375 616.684547424316 815.819793701172 686.078108310699 716.723505973816 554.354461669922 761.664459228516 638.557258605957
-9999 -9999 -9999 -9999 -9999 -9999 -9999 -9999 -9999 -9999 -9999 -9999 -9999 -9999 -9999 -9999 -9999 884.000473022461 1144.39277267456 953.910690307617 551.494651794434 597.070152282715 499.070327758789 584.878252506256 429.215927124023 809.155639648438 652.675283432007 657.26417350769 738.750862121582 551.747016906738 877.784759521484 522.038753509521 638.13020324707 575.219552993774 625.970169067383 611.982334136963 582.374802291393 567.694301605225 838.093032836914 925.112075805664 816.368713378906 664.644672393799 716.217733383179 746.947731018066 582.825736999512 748.470623016357 607.038368225098 810.113754272461 854.571441650391 699.713050842285
-9999 -9999 -9999 -9999 -9999 -9999 -9999 -9999 -9999 -9999 -9999 -9999 -9999 -9999 584.177196502686 647.510124206543 710.002335071564 934.909786224365 857.89128112793 1056.73678588867 1013.45735931396 624.206207275391 534.990333557129 497.999130249023 596.410125732422 675.768319964409 735.052040100098 784.089179992676 744.80689239502 704.641124725342 808.917266845703 617.492790222168 626.760520935059 499.737678527832 619.660751342773 514.875213623047 546.024015903473 613.034511566162 660.992499351501 785.986557006836 686.804001808167 752.368103027344 662.411735534668 716.1589012146 710.189392089844 699.454883575439 681.889978408813 679.129465818405 785.666687011719 677.370697021484
-9999 -9999 -9999 -9999 -9999 -9999 -9999 -9999 -9999 -9999 -9999 -9999 616.329933166504 690.924747467041 487.047637939453 750.695407867432 535.733772277832 641.627552032471 978.394884109497 999.897565841675 992.398231744766 680.935882568359 617.732444286346 612.187859177589 689.206357002258 856.821517944336 736.69291305542 774.949645996094 718.978401184082 761.975112915039 605.421817779541 630.16556930542 598.720199584961 642.048393249512 629.063159942627 572.983444213867 531.119655609131 653.548016607761 511.094314575195 710.147668838501 646.216979980469 660.138753890991 755.453430175781 863.738708496094 627.433629989624 554.683525085449 597.172622680664 564.968948364258 791.279342651367 657.092166900635
-9999 -9999 -9999 -9999 -9999 -9999 -9999 -9999 -9999 -9999 719.193946838379 734.806243896484 699.09757232666 656.26301574707 520.288040161133 539.929046630859 519.977012634277 581.073150634766 499.140594482422 526.534637451172 489.186058044434 609.435419082642 652.826679229736 912.214370727539 625.924644470215 814.687286376953 753.086338996887 871.826103210449 817.324096679688 675.15323638916 560.291313648224 551.199813842773 419.82710647583 540.585418701172 608.45348739624 526.915092468262 535.973760604858 536.911773681641 649.463649630547 528.151397705078 622.847923278809 604.639026641846 642.551602602005 606.801120758057 853.569549560547 680.986373901367 734.518356323242 716.57869720459 519.910995483398 631.192081451416
737.118542671204 766.353023052216 857.753776550293 673.878913879395 721.566715240479 468.570259094238 527.899085998535 508.053104400635 442.383689880371 577.203872680664 865.764389038086 546.270278930664 529.3896484375 452.382339477539 518.381416320801 394.890991210938 686.585426330566 615.67724609375 603.40073633194 554.02587890625 698.75895690918 694.456943392754 757.752696990967 872.724517822266 759.329528808594 919.015121459961 636.457862854004 818.04850769043 849.4384765625 619.7946434021 603.654075622559 576.579759597778 608.386627197266 492.844291687012 499.925849914551 596.876976013184 683.014401435852 607.604096412659 682.076866149902 736.972480773926 667.340597629547 680.849800109863 542.294864654541 559.820915222168 553.857246398926 581.460805892944 643.118953704834 534.513221740723 537.037090301514 682.198741912842
562.658187866211 824.184886932373 802.48401260376 609.493893176317 807.924835205078 518.71363067627 404.106903076172 505.939670562744 335.763511657715 582.889739990234 681.99335193634 754.625274658203 452.581298828125 596.158826828003 444.733276367188 569.379806518555 584.643604278564 541.184200286865 608.955833435059 605.572975158691 611.341850280762 694.840193748474 687.207870483398 914.756332397461 703.518600463867 678.535549163818 690.323829650879 738.798202514648 645.482345581055 668.805244445801 637.274658203125 612.568723678589 613.365158081055 576.577133178711 634.784950256348 662.63117980957 551.847618103027 741.93692779541 656.477920532227 537.407760620117 626.665397644043 541.083984375 543.674861907959 792.724746704102 827.214324951172 1293.48411560059 916.104898452759 750.271479129791 657.579608917236 536.253015518188
652.614292144775 647.982887268066 663.427698135376 622.85064125061 613.202968597412 318.673980712891 360.705833435059 362.058990478516 364.68537902832 625.059343338013 648.253307342529 420.068256378174 420.785415649414 568.109550476074 514.450416564941 533.901092529297 535.018768310547 745.440624237061 673.763114929199 787.977390289307 682.719074249268 1168.48704719543 637.994310379028 748.704620361328 655.491167068481 744.269515991211 563.448350906372 778.842193603516 429.135498046875 705.132781982422 743.688491821289 766.145431518555 641.188198566437 806.339208126068 661.553451538086 672.833610534668 551.814987182617 516.575839996338 500.286735534668 519.318832397461 581.685531616211 458.621719360352 826.075946629047 870.655443191528 720.759920120239 808.521675109863 755.81014251709 715.309867858887 761.386596679688 689.730880737305
578.426355361938 632.591239929199 593.606105804443 524.002853393555 716.671234130859 520.612747192383 818.835210800171 1078.23527526855 718.280212402344 659.859607696533 578.969699859619 514.610744476318 634.864547729492 852.448112487793 673.07462310791 548.663558959961 744.857664108276 874.564971923828 452.336223602295 667.770706176758 527.189895629883 631.100112915039 585.910833358765 537.909332275391 694.327233314514 753.540298461914 649.125637054443 806.159957885742 701.268801689148 802.953903198242 581.300206661224 810.660858154297 618.262071609497 741.503456115723 587.86009979248 1150.97636413574 710.129657745361 256.91748046875 758.422775268555 694.310836791992 1089.34484863281 690.298210144043 461.726989746094 352.434677124023 788.318359375 828.098114013672 1032.71820068359 657.823143005371 613.602968215942 588.676696777344
637.136268615723 639.123411178589 1077.07486152649 533.224296569824 668.52091217041 652.213119506836 815.355937957764 1119.71504497528 483.60612487793 833.886932373047 793.143478393555 717.16136932373 629.819553375244 773.463268280029 473.71117401123 489.849731445312 550.708511352539 681.75121307373 386.598358154297 699.326232910156 607.648933410645 664.140777587891 557.750968933105 562.500175476074 493.90541267395 494.59497833252 514.761450767517 502.438756942749 1161.81683349609 839.75244140625 847.575256347656 918.025360107422 1077.00975704193 1058.57346153259 972.507888793945 1186.46213531494 1136.43173980713 837.030197143555 589.25235748291 683.30216217041 505.983360290527 612.406620025635 541.792877197266 690.82869720459 567.158168792725 630.023177862167 735.513732910156 727.241806030273 803.67626953125 511.0517578125
745.264883041382 651.951019287109 1212.9308719635 652.361827850342 714.249923706055 751.378406524658 970.610534667969 1164.70031738281 972.06263589859 720.537702322006 951.321346282959 976.62212562561 1021.99407577515 902.528495788574 396.638442993164 1210.56021881104 673.757297992706 612.921035766602 365.357238769531 823.960998535156 664.439590454102 456.15153503418 552.730690002441 527.081024169922 1188.73387908936 1148.50935840607 659.973693847656 593.478652954102 574.542860031128 490.702507019043 468.561515808105 518.532127380371 662.203956604004 650.255527496338 519.012237548828 1281.84949111938 678.586654663086 518.613983154297 393.323791503906 551.143241882324 532.033615112305 456.19352722168 744.203956604004 569.029727935791 574.617420196533 694.502704620361 613.307655334473 741.229843139648 748.745246887207 608.889317512512
661.167106628418 464.381729125977 652.582805633545 615.316754341125 423.268173217773 727.080141067505 874.833818435669 635.303374290466 822.019775390625 701.894093036652 652.40637588501 985.529666900635 718.015778541565 1019.90034818649 1055.10387420654 1219.62091064453 1345.83130645752 1196.65454483032 472.579406738281 489.766723632812 634.607345581055 332.736465454102 936.697784423828 477.057586669922 490.906066894531 1018.50465393066 412.844345092773 737.073715209961 564.395801544189 576.615850448608 519.315017700195 682.752082824707 597.393501281738 697.549247741699 602.227550506592 684.448793411255 574.220344543457 517.161575317383 590.960891723633 396.797317504883 677.889121055603 626.476753234863 533.777046203613 574.352451324463 653.922721862793 801.811012268066 735.464454650879 607.837677001953 637.362010955811 593.101490974426
635.968647003174 536.167770385742 517.068475723267 416.518188476562 403.784606933594 731.87158203125 631.182385444641 859.215616226196 713.648443222046 793.578720092773 768.53572845459 1025.73887634277 574.48690032959 724.319808959961 406.2255859375 2219.33288574219 1110.87141418457 667.003234863281 528.902519226074 642.19970703125 629.034149169922 424.968399047852 467.328979492188 1051.44485473633 1109.43241882324 1374.63128662109 1099.56840896606 725.710861206055 467.072212219238 627.413951873779 592.050124406815 623.373882293701 507.429176330566 517.370910644531 718.44677734375 640.985729217529 588.49621963501 711.476375579834 472.316390991211 578.29288482666 653.783388137817 592.991268157959 650.492434501648 663.799007415771 667.289455413818 829.22151184082 702.624050140381 686.904026031494 712.579986572266 644.25848197937
