export/dem/dem20.asc
NCOLS 350
NROWS 171
XLLCORNER 152620
YLLCORNER 418050
CELLSIZE 100
NODATA_VALUE -9999
[rows 44 to 65 of 171, columns 250 to 299 of 350]
621.922958374023 807.330825805664 649.676727294922 667.073177337646 837.349967956543 761.04018497467 721.197519302368 688.550884246826 689.22492980957 742.831341266632 836.761917114258 696.202175140381 682.762596130371 736.563852310181 796.057151794434 800.359455108643 708.256187438965 821.69758605957 765.196375846863 767.88108253479 672.50675201416 743.98279094696 627.323974609375 722.604923248291 556.370910644531 755.434879302979 807.109184265137 795.333862304688 836.764810562134 677.176834106445 798.799087524414 782.724937438965 750.364135742188 882.906287670135 830.061290740967 799.311111450195 796.807033538818 927.157773017883 865.69486618042 1017.15103912354 1041.46220397949 847.346590042114 787.407772064209 774.075248718262 898.411239624023 744.322631835938 800.248332977295 739.253868103027 711.914878845215 795.424243927002
697.82336807251 643.271820068359 591.901969909668 591.50269317627 677.185508728027 794.440849304199 848.681838989258 654.172752380371 737.614638328552 692.268131256104 620.291885375977 743.569485664368 824.600296020508 787.766666412354 723.967809677124 712.612449645996 730.010962963104 796.168121337891 900.396591186523 813.888027191162 739.255015850067 690.578964233398 842.274826049805 747.501287937164 809.167102813721 759.345764160156 690.121643066406 685.957611083984 448.015411376953 1019.22101354599 924.205017089844 858.521089553833 793.183364868164 832.32096862793 703.434455871582 751.138145446777 950.620241165161 830.299625396729 1359.61201858521 923.161239624023 940.014495849609 1328.90162658691 855.544662475586 758.558723449707 830.527004241943 789.889747619629 885.581310272217 816.643426895142 746.881050109863 881.301780700684
826.699531555176 630.928909301758 859.902359008789 734.783506393433 638.895980834961 776.388298034668 768.576774597168 737.703603744507 770.105987548828 758.457832336426 652.730529785156 596.560516357422 713.673851013184 675.480129241943 520.19563293457 835.94799041748 728.112510681152 677.983879089355 862.813400268555 578.377349853516 893.900299072266 708.110458374023 735.339660644531 717.105976104736 644.438705444336 1188.02369689941 707.841438293457 1124.48440170288 1252.63279563189 568.758209228516 915.449893951416 774.844568252563 852.565872192383 727.340934753418 1040.77537536621 1494.421875 1183.39106369019 801.808368682861 1337.27327156067 1337.88397216797 824.319030761719 1030.49501037598 942.303493499756 874.96445608139 1124.53755950928 965.720768451691 1462.92423057556 905.685131072998 1001.89985656738 1046.7025604248
626.707633972168 593.499732971191 575.854553222656 685.743198394775 772.380256652832 581.080024719238 668.654796600342 731.814586639404 564.654113769531 633.017845153809 667.140354156494 525.373916625977 678.973739624023 616.384201049805 749.789583563805 666.631378173828 629.858810424805 625.850021362305 695.892463684082 799.433101654053 680.616645812988 750.468428850174 736.579308509827 861.082588195801 607.122375488281 969.557250976562 784.429054260254 1059.3083190918 864.427398681641 1253.45720672607 940.460711479187 812.517417907715 746.752182006836 1170.29591941833 925.282464981079 1088.14260482788 1414.6771697998 808.509364128113 1077.46995544434 1049.87291002274 821.740800380707 913.549697875977 1352.94544792175 937.639919281006 804.049209594727 989.017245769501 891.019888877869 737.470993041992 936.978816986084 919.988540649414
722.377271652222 597.125061035156 630.375633239746 504.872680664062 558.826446533203 619.77067565918 686.635261535645 713.717336177826 584.405838012695 737.898443222046 626.127098083496 701.032722473145 652.258926391602 722.838779449463 858.631019592285 737.96585226059 749.091040849686 674.20108795166 715.030543327332 775.344112873077 833.436653137207 703.057777404785 682.536727905273 677.112022399902 709.349853515625 534.610321044922 461.074432373047 915.694068908691 544.403091430664 1027.63758087158 1231.79864501953 684.641021728516 734.217544555664 873.398357391357 740.363571166992 734.271377563477 1184.89582967758 787.989723205566 1650.79272842407 1072.3059387207 733.810943603516 680.470489501953 901.493148803711 804.310455322266 788.207866668701 951.746353149414 1005.37013244629 1906.65864562988 904.212036132812 952.435646057129
635.49560546875 740.567222595215 531.603576660156 458.127197265625 497.754364013672 705.536742210388 737.187805175781 673.801582336426 630.785987854004 677.046520233154 741.782484054565 806.85274887085 652.151824951172 691.163684844971 616.861289978027 658.069595336914 712.238967895508 631.131645202637 636.527633666992 638.115898132324 776.541507720947 647.309692382812 553.057098388672 705.887561798096 777.561226844788 847.853454589844 763.697662353516 622.047653198242 808.805263519287 659.121856689453 824.323127746582 784.147102355957 862.565616607666 715.021949768066 1211.11402893066 804.54493522644 756.075889587402 641.050399780273 852.260383605957 656.61897277832 830.933013916016 899.720998764038 1012.94239616394 895.508758544922 675.76921081543 822.234321594238 995.160713195801 947.738586425781 748.071891784668 914.617202758789
580.626754760742 648.677814483643 677.353430747986 593.780181884766 687.240717887878 683.384338378906 586.505989074707 513.046981811523 805.63094329834 659.888286590576 547.630218505859 687.615739941597 661.960773468018 645.696327209473 696.308750152588 724.538462638855 628.979919433594 820.627906799316 752.502208709717 724.65330862999 691.297966003418 746.929361343384 574.404983520508 697.108226776123 724.387271881104 475.736907958984 814.261383056641 923.805355072021 685.343566894531 859.208187103271 1059.35800933838 837.568511962891 589.19938659668 799.721252441406 778.423217773438 743.040321350098 763.117523193359 1187.87210845947 830.406402587891 914.427925109863 1065.20003509521 711.5546875 808.015874147415 889.496513366699 783.631790161133 747.176452636719 944.633876800537 1116.46493530273 924.930549621582 816.157560348511
536.064987182617 557.134338378906 606.731117248535 713.292187690735 576.749588012695 640.060859680176 728.052700042725 737.539863586426 895.56462097168 672.198455810547 601.418258666992 727.937292098999 664.584520339966 716.543063163757 665.332931518555 635.722274780273 565.042388916016 656.938678741455 608.10228729248 600.998001098633 696.9892578125 596.711669921875 618.554183959961 768.55251121521 567.66015625 725.567611694336 851.67350769043 913.45532989502 801.544479370117 699.014694213867 838.955276489258 932.326080322266 1026.52560424805 1227.34310913086 1012.79170227051 762.172988891602 717.813369750977 738.782623291016 890.599580764771 738.689804077148 911.995759010315 711.150436401367 725.648071289062 652.353286743164 861.279396057129 715.382423400879 761.796691894531 704.107757568359 731.717147827148 917.305519104004
874.739273071289 432.705627441406 496.225173950195 713.494104385376 528.06428527832 630.35164642334 699.600228309631 787.757778167725 806.861465454102 835.441734313965 757.130065917969 829.421508789062 710.467106819153 728.324731826782 605.553771972656 730.226398468018 645.010932922363 629.369606018066 650.878921508789 566.596740722656 579.453369140625 613.984741210938 620.634872436523 699.956741333008 591.241409301758 675.156799316406 795.415496826172 690.320274353027 910.659889221191 735.955497741699 557.609085083008 769.699333190918 922.986068725586 1120.00814819336 676.630554199219 815.042064666748 1045.43775939941 616.930557250977 852.234268188477 884.506759643555 821.49298286438 636.4443359375 687.66242980957 748.99772644043 620.523986816406 488.055633544922 1186.54467773438 896.620742797852 779.113845825195 862.064631700516
647.119205474854 868.922431945801 755.994400024414 534.218353271484 616.818351745605 706.283359527588 710.613348960876 595.433868408203 675.758742332458 764.149334430695 1214.1049823761 656.565727233887 771.401608943939 685.585956573486 936.781469345093 977.593208312988 638.269653320312 736.890285491943 611.143539428711 1590.56211853027 730.212905883789 673.193305969238 650.937980651855 1366.36764907837 659.402862548828 632.944076538086 776.658238470554 722.738456726074 657.256927490234 656.373489379883 637.484802246094 832.48225402832 728.886108398438 838.496551513672 626.670913696289 1063.77996826172 887.498962402344 918.004241943359 717.466125488281 752.282371520996 1134.36434936523 616.689331054688 740.23509979248 740.598247528076 764.793197631836 742.758171081543 751.410068511963 598.883697509766 644.169418334961 688.338745117188
623.421325683594 586.375999450684 632.47872543335 625.329971313477 693.743389129639 721.71696472168 729.429140090942 574.959434509277 723.08648109436 713.525714874268 747.119769573212 1569.26500701904 858.762910842896 1248.18859100342 1004.86660766602 1619.54337310791 707.151336669922 851.537094116211 840.765998840332 502.879867553711 458.570678710938 446.863067626953 510.998687744141 684.514389038086 618.692520141602 672.031799316406 697.826332092285 909.298438549042 817.371128082275 784.234489917755 805.523823976517 543.732971191406 958.992263793945 741.279846191406 845.79239654541 782.850219726562 1203.19749450684 683.824142456055 627.244827270508 740.59521484375 883.290077209473 740.893493652344 733.679565429688 980.554344177246 844.447797775269 780.097759246826 686.914184570312 886.899615287781 649.402725219727 601.490615844727
576.415855407715 639.75736618042 681.021590590477 726.148586273193 616.913238525391 654.080558776855 708.89591217041 1449.10153198242 780.939318656921 779.076566696167 759.244851112366 751.625570297241 696.506420135498 896.923393249512 807.649940490723 1488.96881103516 669.516220092773 1421.53466033936 672.853225708008 596.002655029297 1393.29092407227 1345.29742431641 1729.6463470459 896.743789672852 940.89697265625 1150.34722900391 701.101425170898 570.586685180664 809.440361022949 727.921073913574 871.273849487305 596.064346313477 555.488006591797 492.865051269531 732.995391845703 701.439910888672 937.578430175781 978.441162109375 581.087127685547 1168.51768493652 1287.91578674316 787.95556640625 1536.32229995728 783.682666778564 831.699069976807 799.083534240723 771.189004898071 731.296722412109 746.900833129883 509.245635986328
576.887954711914 592.992637634277 584.152290344238 713.344875335693 568.411521911621 690.529116153717 625.323150634766 657.325149536133 519.520614624023 585.920318603516 733.156440734863 611.727180480957 806.238464355469 683.041046142578 662.639373779297 777.326632499695 993.602386474609 792.82608795166 594.542068481445 725.777111053467 666.869354248047 559.159759521484 1692.25860595703 1798.36488342285 646.80143737793 817.760322570801 730.926040649414 703.79190826416 712.279495239258 740.207069396973 742.715795516968 751.131387710571 539.489044189453 764.094879150391 625.493255615234 673.774635314941 640.406196594238 955.303192138672 790.125930786133 1166.02404022217 646.373062133789 862.82300567627 708.270332336426 773.820056915283 710.400932312012 803.128749847412 803.687438964844 753.93563079834 351.233520507812 842.768218994141
708.745950698853 779.060508728027 669.106590032578 694.366041183472 733.303535461426 766.46558380127 658.293865203857 664.230194568634 641.294746398926 682.287362575531 702.344825744629 498.509811401367 577.851745605469 557.010787963867 631.294891357422 617.822471618652 896.462249755859 816.718517303467 785.196601867676 737.343083381653 548.017944335938 506.350357055664 1166.38742828369 662.265853881836 783.063247680664 840.670066833496 792.437522888184 650.985168457031 756.668716430664 735.301776885986 793.329948425293 727.63729095459 744.648032188416 824.305282592773 994.175189971924 1261.88609313965 813.50923538208 792.270385980606 692.684577941895 627.560340881348 699.085876464844 755.080154418945 802.460179328918 689.094062805176 776.253067016602 652.945693969727 853.767730712891 558.796936035156 516.914978027344 1283.86547851562
577.668014526367 660.192545890808 708.068503379822 555.542892456055 661.754505157471 707.337177276611 641.285152435303 657.364761352539 415.911224365234 627.739356994629 747.053482055664 637.144401550293 665.25301361084 521.498626708984 736.029750823975 632.270202636719 620.87939453125 785.357879638672 790.55460357666 702.776374816895 825.773765563965 595.510711669922 1118.40031051636 610.351188659668 997.431282043457 683.946823120117 766.339491844177 789.10956287384 750.90598487854 913.293395280838 815.716068267822 714.702831268311 809.326112270355 961.524774551392 686.105026245117 732.49681854248 882.048740386963 946.493644714355 654.623443603516 659.038192749023 847.226119995117 739.721366882324 802.06950378418 710.058616638184 745.313182830811 658.36408996582 750.158916473389 699.235702514648 980.92626953125 2278.5458984375
663.499097824097 758.182167053223 592.773178100586 592.175140380859 672.245391845703 769.996337890625 657.217247009277 868.758316040039 789.405632019043 790.537376403809 800.253593444824 672.414888381958 485.625183105469 637.31266784668 696.403015613556 688.977207183838 618.944061279297 762.850379943848 786.347221374512 1136.49481964111 860.577014923096 1028.21182250977 759.580410957336 742.730407714844 730.710334777832 607.449996948242 605.499557495117 937.986885070801 846.607719421387 745.513372421265 862.828674316406 635.030174255371 738.486171722412 742.836233139038 759.670413017273 713.602695465088 685.609527587891 862.999834060669 729.548492431641 993.913146972656 795.398896217346 744.207538604736 891.925910949707 784.688755512238 693.377258300781 598.457946777344 701.930061340332 700.848007202148 1154.6428527832 1582.01203918457
605.20613861084 641.680692672729 599.364799499512 644.362746953964 674.497952461243 693.409494400024 866.31282043457 711.957874298096 761.954528808594 715.825254440308 780.05403137207 689.903990745544 719.032976150513 679.011695861816 748.265174865723 695.816718578339 659.880756378174 782.149101257324 619.132331848145 767.17896270752 1210.20053863525 1370.46195220947 798.21558380127 778.3864402771 680.871726989746 844.40482711792 979.509330749512 803.94588470459 733.850929260254 791.725318908691 659.704513549805 771.780319213867 589.723587036133 667.070636749268 623.737686157227 700.064163208008 733.736259460449 752.371564865112 1076.17951583862 677.404510498047 847.318672180176 980.475036621094 709.886695861816 885.221076965332 834.513378143311 679.127296447754 677.340003967285 673.194999694824 641.764907836914 1198.81898498535
626.9137840271 608.275619506836 729.965999603271 683.65829706192 577.143447875977 638.364540100098 650.328016281128 887.03784942627 711.66822052002 561.640869140625 659.312524795532 693.623310089111 602.504196166992 677.521787643433 677.986618041992 765.888618469238 570.180786132812 645.869026184082 677.318197250366 778.299407958984 679.280799865723 833.996978759766 658.780601501465 807.766136169434 767.353130340576 742.802743911743 746.789056777954 934.189994812012 607.99568939209 1132.77872562408 684.747371673584 655.74600982666 735.751663208008 677.800556182861 755.628829956055 629.339210510254 869.251739501953 921.15495300293 731.106472969055 851.73649597168 886.584259033203 730.974153518677 820.628601074219 846.381855010986 692.881340026855 789.923933394253 719.906867980957 613.687850952148 720.277004241943 704.934364318848
687.535831451416 668.143184661865 742.00749206543 745.665618896484 559.299102783203 647.442167282104 652.653226852417 691.509091854095 626.716178894043 582.303337097168 686.591448575258 728.894844055176 661.637487411499 816.105545043945 561.584823608398 674.342085838318 606.729965209961 880.878021240234 637.552085876465 787.79956817627 681.426643371582 738.30410194397 748.493835449219 692.64172744751 720.849214553833 815.233451843262 831.870292663574 747.340260505676 708.467323303223 812.83366394043 741.504211425781 692.871463775635 669.298377990723 731.929823338985 814.1796875 710.152990341187 865.914047241211 666.816825866699 789.01042175293 767.293622493744 707.076095581055 681.082702636719 868.772682189941 845.119846343994 779.583293437958 735.901092529297 551.393081665039 696.363952636719 772.500972270966 739.858249664307
545.993408203125 592.995193481445 554.993667602539 688.0638256073 704.52490234375 602.502346038818 594.621810913086 763.447319030762 749.734157562256 611.46947479248 727.49817276001 728.551872253418 679.97793006897 712.630935668945 624.436141967773 658.973007202148 677.047504425049 638.819162368774 866.430755615234 679.407289505005 746.430774688721 673.931240081787 632.671524047852 735.231422424316 761.097591400146 681.751140594482 603.05924987793 818.098213195801 731.223384857178 696.102788925171 670.484683990479 617.128936767578 668.903991699219 824.99813079834 740.88649559021 823.708213806152 775.42333984375 788.790279388428 802.525592803955 697.915321350098 811.895553588867 939.862152099609 885.932838439941 700.968116760254 674.067100524902 802.60472869873 779.73576593399 836.009918212891 746.822889328003 724.401622772217
620.535259246826 538.786087036133 722.030796051025 780.742767333984 555.605857849121 559.356216430664 599.912071228027 664.423587799072 686.487319946289 699.031106948853 779.612739562988 639.060668945312 846.876571655273 679.853515982628 608.866218566895 763.041297912598 567.167594909668 622.075141906738 671.10520362854 844.854148864746 754.093608856201 679.644594192505 754.999906539917 857.596115112305 673.451637268066 625.280899047852 727.430337429047 866.725769042969 862.109786987305 660.681427001953 673.723926544189 725.931832313538 869.189086914062 849.885192871094 885.408462524414 840.859718322754 918.883209228516 833.324356079102 780.320682525635 699.609390258789 757.95684337616 777.113647460938 846.724418640137 768.573245048523 729.327569961548 721.794189453125 821.053936004639 734.641849517822 816.791603088379 721.896045684814
648.798567175865 684.140604019165 663.229520022869 637.745384216309 630.970321655273 613.884349822998 653.120012283325 691.315727233887 663.044066429138 718.675552368164 658.15721988678 756.302452087402 697.059129714966 798.653915405273 646.099515914917 648.731903076172 557.930816650391 628.254364013672 607.987480163574 559.113372802734 890.722610473633 676.41509437561 773.517143249512 890.72785949707 756.651792526245 742.578464508057 768.00658416748 769.011478424072 719.675973892212 638.033081054688 576.171447753906 787.212158203125 768.730644226074 721.276811361313 765.02836227417 665.801422119141 802.931156158447 698.495862960815 761.59955406189 661.067054748535 703.440486907959 600.185699462891 655.304618835449 694.533420562744 863.243148803711 813.482744216919 662.630981445312 654.650680541992 744.40887260437 642.497299194336
