export/dem/dem21.asc
NCOLS 350
NROWS 171
XLLCORNER 152620
YLLCORNER 418050
CELLSIZE 100
NODATA_VALUE -9999
[rows 22 to 43 of 171, columns 50 to 99 of 350]
-9999 -9999 -9999 -9999 -9999 -9999 -9999 -9999 -9999 529.981254577637 410.879348754883 692.564341545105 579.627532958984 753.009712219238 483.175109863281 518.804889678955 433.816722869873 486.692054748535 651.079925537109 517.119094848633 535.209098815918 576.496742248535 682.312400817871 706.463676452637 733.127288818359 485.827682495117 630.84015083313 699.791034698486 753.647590637207 457.064529418945 603.596646785736 681.835052490234 638.230712890625 580.450441360474 554.294101715088 595.808078765869 485.883171081543 519.835983276367 585.508431911469 585.170627593994 451.648292541504 431.46656036377 1034.56022644043 500.283981323242 553.169742584229 596.203413665295 554.064861297607 570.506942749023 374.80029296875 1334.39370727539
-9999 -9999 -9999 -9999 -9999 -9999 -9999 -9999 856.573051452637 462.875671386719 482.048965454102 758.211059570312 588.287857055664 519.713623046875 547.998489379883 663.708442687988 627.777305603027 735.828254699707 701.497825622559 806.840545654297 542.690612792969 868.995332241058 534.894584655762 700.439559936523 799.455551147461 545.834754943848 558.433546066284 411.174011230469 527.954895019531 579.399719238281 360.235763549805 388.417617797852 523.476001739502 528.647766113281 609.039043426514 613.977035522461 587.028257369995 930.735557556152 780.855825424194 1162.02132606506 778.246913909912 613.674755096436 470.881782531738 445.746536254883 510.11669921875 591.327875137329 507.511512756348 604.020957946777 449.599617004395 1032.9296875
-9999 -9999 -9999 -9999 -9999 -9999 -9999 980.500625610352 867.565277099609 878.123321533203 339.368469238281 652.141331672668 437.995899200439 532.750473022461 707.349014282227 606.404621124268 685.215263366699 664.895359039307 726.611930847168 821.251602172852 919.889205932617 744.014167785645 631.087375640869 648.761714816093 475.596557617188 440.143188476562 539.813735961914 491.394622802734 542.123743057251 1134.83123016357 619.545677185059 602.881490707397 665.713539123535 513.935497283936 852.96350479126 816.722534179688 545.616180419922 772.075729370117 610.400919675827 583.985942840576 407.972595214844 720.590270996094 441.318359375 585.327749252319 435.606323242188 507.263404846191 586.246652603149 394.775680541992 199.776885986328 940.052993774414
-9999 -9999 -9999 -9999 -9999 -9999 807.083770751953 812.286743164062 873.628517150879 798.952896118164 620.922692298889 614.888065338135 450.424615859985 713.443664550781 466.576482772827 618.909336090088 677.027172088623 843.538818359375 493.239814758301 711.564258098602 857.358779907227 688.842791557312 508.404586791992 679.277530670166 566.52103805542 480.449195861816 608.583675384521 1173.78519153595 605.221282958984 669.049926757812 621.488006591797 601.516143798828 742.457528829575 755.225234985352 636.453617095947 771.947784423828 578.054714202881 640.253517150879 615.659717559814 581.774548530579 632.057968139648 560.181638717651 515.479684829712 428.477638244629 565.407333374023 522.032501220703 577.533913612366 477.326316833496 485.303703308105 699.14909362793
-9999 -9999 -9999 -9999 -9999 584.842391967773 390.957717895508 416.735816955566 320.180786132812 464.072128295898 516.796539306641 544.780128479004 536.221527099609 567.08763885498 799.946716308594 763.421272277832 704.817985534668 526.581447601318 517.460643768311 607.243347167969 600.162078857422 487.839714050293 575.099254012108 446.268539428711 441.516906738281 631.664978027344 731.101150512695 975.112899780273 966.462715148926 685.76513671875 465.213592529297 599.992523193359 636.237413406372 738.115821838379 690.288348197937 764.480796813965 589.270815849304 557.87239575386 562.952326774597 566.635612487793 604.854843139648 601.635734558105 515.900814056396 489.943580627441 407.553298950195 465.558502197266 574.403053045273 418.77424621582 532.980476379395 598.842636108398
-9999 -9999 -9999 -9999 406.884689331055 613.039558410645 348.367004394531 383.935455322266 392.488479614258 542.726257324219 577.804866790771 781.777549743652 649.892925262451 583.398582458496 553.587074279785 675.21794128418 474.477660655975 614.510284423828 593.317083358765 403.150054931641 355.725326538086 348.050735473633 508.008476257324 1006.21991729736 748.097061157227 645.669494628906 551.007476806641 712.678272247314 686.257469177246 665.127033233643 608.603395462036 614.174686431885 633.919361114502 642.414358139038 642.466449022293 642.352250576019 562.399314880371 394.400909423828 525.390422821045 445.958618164062 573.254418373108 653.139625549316 527.521036148071 474.182998657227 543.231254577637 461.308448791504 559.807618141174 411.568664550781 441.565277099609 616.964466094971
-9999 -9999 -9999 1206.19239234924 698.274429321289 581.471750259399 552.044582366943 364.996170043945 547.465629577637 706.314041137695 801.833656311035 678.507093429565 572.248477935791 393.145889282227 715.488220214844 608.541820526123 638.535160064697 663.979526519775 627.226280212402 474.348327636719 343.040283203125 379.140441894531 741.761703491211 523.567314147949 366.515380859375 508.950157165527 463.361709594727 423.649353027344 554.144897460938 625.046615600586 520.733416080475 541.573340415955 596.067426681519 588.844483375549 537.717294692993 654.729560852051 619.894424438477 584.024660110474 522.67244720459 449.313179016113 510.13783454895 463.062393188477 506.012234687805 465.759819030762 404.225486755371 414.235260009766 347.718887329102 481.080757141113 374.170425415039 585.623123168945
-9999 -9999 670.039775848389 1212.75464057922 503.670948028564 392.532646179199 584.287700653076 508.691291809082 532.130973815918 839.453460693359 876.245819091797 557.595237731934 449.664978027344 667.577651977539 631.383209228516 511.168899536133 740.375396728516 649.524923324585 969.097114562988 442.227508544922 1270.6635093689 542.476974487305 592.316123962402 431.486167907715 396.682456970215 393.596084594727 391.778198242188 651.807540893555 474.017278671265 534.816734313965 508.115152359009 595.775796890259 600.68346786499 536.750925064087 560.421129226685 610.639266967773 606.356727600098 545.272108078003 510.644967079163 462.265140533447 559.788757324219 493.351144790649 381.470191955566 373.345329284668 453.835960388184 395.030288696289 428.484062194824 461.231575012207 358.392593383789 905.003082152456
-9999 -9999 770.29993057251 1057.65191078186 1150.68472290039 392.018608093262 613.304790496826 481.173427581787 566.479396820068 647.20955657959 670.425266265869 475.251068115234 724.899269104004 625.534507751465 727.241149902344 621.411937713623 571.874534606934 374.159469604492 900.745784759521 580.678670883179 570.362747192383 528.7585105896 455.204376220703 532.490755498409 438.968099594116 426.221086502075 360.539405822754 439.652946472168 459.597492218018 317.449020385742 435.660087585449 452.213134765625 477.802759170532 522.049221038818 446.733711242676 710.087509155273 569.510284423828 608.663837432861 453.710090637207 330.909027099609 369.468955993652 679.142990112305 368.607276916504 493.52544593811 273.667144775391 510.445076942444 399.502143859863 593.936737060547 506.384908676147 716.63325881958
-9999 637.350704193115 745.105718612671 569.217864990234 641.258960723877 557.522239685059 553.140811920166 748.398685455322 542.713973999023 689.007881164551 605.008899688721 588.436367034912 685.834090232849 606.913368225098 575.598949432373 674.240955352783 621.053024291992 597.22615814209 696.789886474609 404.922843933105 390.58805847168 512.645244598389 355.528526306152 385.812873840332 378.783561706543 358.144233703613 502.101219177246 456.772312402725 471.238359928131 414.777339935303 378.97518157959 422.410598754883 406.519012451172 428.335929870605 546.74609375 480.237281799316 500.837734222412 473.180441856384 423.701820373535 629.210968017578 339.600204467773 574.74910736084 507.94454574585 403.292823791504 377.939331054688 726.784301757812 574.952796936035 322.290634155273 481.812488555908 446.376686096191
496.923500061035 574.952651977539 794.428726196289 608.473974227905 720.635025024414 538.112426757812 656.864826202393 646.336132049561 650.848827183247 718.14720916748 513.938720703125 738.610444068909 572.951164245605 470.491806030273 539.39567565918 578.122859954834 362.072647094727 466.356929779053 488.478100299835 385.660301208496 387.325202941895 338.978485107422 311.504333496094 521.959140777588 491.83757019043 496.991388320923 405.277244567871 422.163986206055 427.197875976562 622.212661743164 480.847452133894 459.312868118286 395.469524383545 372.706398010254 248.229843139648 388.081008911133 292.506439208984 500.705493927002 368.098564147949 502.993137359619 500.438018798828 641.49609375 404.382934570312 497.94051361084 387.788856506348 356.821090698242 568.307606697083 424.730743408203 548.720470428467 497.629943847656
790.861587524414 475.215492248535 593.897731781006 717.251106262207 759.206146240234 639.690906524658 601.048225402832 652.469596862793 405.539169311523 653.824312210083 598.964736938477 638.106872558594 550.43452835083 545.346466064453 718.704437255859 394.245880126953 481.922821044922 531.391834259033 435.746932983398 450.243984222412 236.285430908203 299.112396240234 475.698793411255 463.842072486877 444.838859841228 325.06519317627 422.720268249512 617.463806152344 434.133094787598 375.311851501465 458.699096679688 571.595260620117 460.306689500809 353.585800170898 547.749610900879 329.746398925781 578.709564208984 524.057777404785 500.302360534668 371.272422790527 409.098545074463 507.725919723511 460.700649261475 380.106544494629 450.242691040039 389.298652648926 378.365997314453 383.185348510742 386.052360534668 455.301750183105
603.302408456802 651.441070556641 534.596458435059 537.79182434082 630.398052215576 581.88484954834 598.093868255615 480.646242141724 744.899261474609 710.819257736206 629.484699249268 522.908512115479 453.02933883667 483.180541992188 500.245306968689 714.916862487793 709.107803344727 525.95841217041 583.229522705078 464.893293380737 355.297950744629 211.038696289062 490.758590698242 407.508392333984 440.645457267761 447.143316268921 561.792999267578 509.718414306641 456.387863636017 449.475750923157 406.374664306641 525.722541809082 430.730596542358 385.794876098633 468.934676647186 367.057373046875 467.227915763855 476.883155822754 498.339851379395 437.783672332764 451.042684555054 470.506103515625 493.483335494995 369.206558227539 392.796905517578 432.976593017578 471.865077495575 354.864212036133 692.781372070312 499.130674362183
444.741394042969 639.272842407227 623.657859802246 610.382148742676 477.217727661133 538.325805664062 500.656700134277 959.245727539062 549.543891906738 672.133568763733 567.812587738037 584.999252319336 516.069820404053 398.226997375488 430.430328369141 447.158079147339 603.420906066895 485.021890640259 496.744196772575 413.622192382812 427.156173706055 282.861740112305 350.224411010742 285.447952270508 378.663681030273 257.180236816406 566.345420837402 449.822751522064 429.220156669617 466.565247535706 610.296264648438 554.266273498535 493.314029693604 479.189037322998 371.445724487305 499.565334320068 366.282188415527 508.70866394043 548.832580566406 416.840515136719 591.707870483398 522.484786987305 456.167123794556 538.937690734863 173.596069335938 338.811630249023 443.119571685791 372.966751098633 387.534378051758 544.894954681396
638.647767066956 561.152702331543 435.970985412598 532.119274139404 581.783164978027 529.080432891846 710.894485473633 782.955244064331 744.981895446777 731.913841247559 626.145202636719 653.799629211426 564.828720092773 564.362536907196 489.508480072021 585.178283691406 507.768388748169 581.54077911377 487.446817398071 487.813889980316 503.188243865967 335.490440368652 496.78902053833 268.300186157227 265.946868896484 480.999401092529 544.748832702637 482.162536621094 423.205620765686 429.089940071106 557.564796447754 665.084228515625 360.003234863281 555.393249511719 535.138359069824 236.3974609375 312.731979370117 542.211120605469 527.608833312988 498.655822753906 542.982391357422 462.317371368408 323.119369506836 475.443841934204 387.474472045898 315.522476196289 494.249977111816 515.620895385742 505.298305511475 531.432537078857
574.014957427979 475.774913787842 518.439560890198 505.980674743652 641.553211212158 637.371963500977 563.403694152832 477.737518310547 772.396926879883 634.046371459961 480.723554611206 712.941539883614 525.578500747681 477.114547729492 358.548980712891 555.959045410156 436.726608276367 554.74813079834 405.103051185608 355.339500427246 475.475578308105 448.057770609856 531.703155517578 400.052890777588 299.766525268555 522.435203552246 478.284111022949 488.818265914917 356.38419342041 476.920181274414 504.179809570312 529.179672241211 475.678146362305 460.929252624512 397.423366546631 393.972110748291 367.472755432129 482.038465499878 477.805028915405 330.342010498047 665.191513061523 364.550788879395 456.541742324829 396.229545593262 442.245775222778 384.062953948975 475.350708961487 308.567169189453 399.521003723145 411.81156539917
595.50919342041 529.846057891846 493.326360702515 658.670505523682 434.452224731445 465.852146148682 514.946069717407 1025.11612129211 1044.65460109711 1087.08042526245 605.251924514771 514.450946807861 421.31916809082 502.674077987671 467.888622283936 446.166812896729 546.367538452148 638.396118164062 508.796104431152 527.191986083984 517.892890930176 470.147094726562 245.424377441406 499.490287780762 390.80965423584 414.988328933716 424.642292022705 466.871963500977 469.493217468262 528.83472442627 449.477722167969 502.056327819824 564.805862426758 396.290222167969 350.965324401855 489.165111541748 528.319122314453 597.951354980469 401.21516418457 560.373542785645 537.056640625 432.572843074799 479.471771240234 388.583553314209 360.254013061523 290.434265136719 325.609741210938 424.159938812256 459.307213306427 419.364570617676
487.636971950531 419.7546043396 506.276275634766 814.928910255432 252.937469482422 297.128684997559 468.479099273682 560.943866729736 446.377853393555 544.511932373047 383.801361083984 464.184265136719 345.117218017578 372.885414123535 358.659255981445 365.673858642578 524.799667358398 590.863586425781 510.777313232422 565.573387145996 373.275497436523 496.953109741211 372.773307800293 243.97282409668 514.731590270996 501.790893554688 397.171967506409 588.014907836914 367.256507873535 380.710510253906 499.391941070557 381.447105407715 463.881084442139 451.73260307312 454.238832473755 378.045028686523 493.5700340271 492.771076202393 476.790716171265 406.417407989502 393.731483459473 580.56470489502 473.784301757812 461.929264068604 429.742496490479 388.258865356445 378.10945892334 470.214593887329 443.594424247742 502.20671081543
516.956599235535 695.803630828857 685.164047241211 876.737365722656 716.774422645569 383.115756988525 501.046337127686 489.0302734375 563.950675964355 635.586856842041 440.991828918457 450.227310180664 523.815392494202 509.86665058136 340.164291381836 350.141311645508 497.484453201294 405.000400543213 593.523803710938 526.649620056152 477.357147216797 516.78687286377 433.747088432312 534.213523864746 334.702484130859 532.408798217773 483.569431304932 475.544887542725 537.167770385742 392.644205093384 451.494506835938 321.099327087402 437.515268802643 275.123886108398 406.873317718506 452.012683868408 445.350935012102 699.897399902344 578.525817871094 555.756141662598 547.47834777832 422.615789413452 528.084693908691 395.491226196289 436.480869293213 402.539398193359 634.807113647461 430.134675979614 560.286804199219 685.00456237793
532.20643901825 592.541229248047 460.346649169922 566.928573608398 703.788744688034 459.12603187561 428.587181091309 531.924942016602 768.242846488953 1068.30293273926 470.351699829102 547.869449615479 373.178207397461 516.730536133051 456.387069702148 232.927703857422 464.757446289062 524.11946105957 461.46928024292 481.352842330933 294.379455566406 465.228206634521 505.743625640869 316.045677185059 513.327178955078 531.890480041504 452.010478973389 570.381378173828 575.298095703125 507.08039855957 459.564426422119 440.374822616577 442.590500831604 338.287315368652 472.259071350098 462.938056945801 560.750221252441 472.705665588379 325.860137939453 528.522354125977 566.100975036621 515.258142471313 563.308731079102 540.31485748291 493.275230407715 572.267700195312 540.925178527832 605.738464355469 536.336181640625 421.496785163879
861.509262084961 918.257444381714 636.792053222656 791.955514192581 510.707050323486 374.377174377441 417.781219482422 358.876174926758 504.463356018066 366.591445922852 528.424606323242 464.329483032227 549.669202804565 530.407206058502 476.618488311768 407.440971374512 397.173046112061 571.782897949219 558.095672607422 465.644685745239 411.609933853149 424.686053276062 442.382399559021 355.683391571045 425.035983085632 435.746517181396 679.885437011719 336.013076782227 440.704171180725 461.491119384766 286.93586730957 499.112907409668 350.159843444824 437.488178253174 354.494495391846 437.482528686523 504.098205566406 473.817417144775 415.329067230225 302.646392822266 479.646348953247 553.028858184814 330.474090576172 290.615447998047 437.929853439331 534.043464660645 699.562347412109 762.856689453125 543.543594360352 389.768867492676
494.24308013916 778.681739807129 767.311140060425 663.876251220703 425.893142700195 510.712852478027 488.296573638916 451.025333404541 486.896301269531 339.924652099609 409.039398193359 528.957468032837 449.729789733887 482.451347351074 475.261016845703 505.313018798828 454.600560426712 532.687316894531 493.464881896973 454.384628295898 483.174468994141 273.467163085938 369.568027496338 407.74705222249 398.809064865112 544.256706237793 586.542922973633 522.744667053223 434.906127929688 482.35489654541 467.54861831665 428.650247573853 501.900619506836 473.58207321167 472.957324981689 494.394004821777 356.127548217773 432.138675689697 486.503753662109 498.228736877441 355.007614135742 550.713201522827 454.885296821594 495.846084594727 507.564956665039 439.591449737549 544.957977294922 545.302062988281 549.353218078613 537.283309936523
