export/dem/dem26.asc
NCOLS 350
NROWS 171
XLLCORNER 152620
YLLCORNER 418050
CELLSIZE 100
NODATA_VALUE -9999
[rows 0 to 21 of 171, columns 200 to 249 of 350]
-9999 -9999 -9999 -9999 -9999 -9999 -9999 -9999 -9999 -9999 -9999 -9999 -9999 -9999 -9999 -9999 -9999 -9999 -9999 -9999 -9999 -9999 -9999 -9999 -9999 -9999 -9999 -9999 -9999 -9999 -9999 -9999 -9999 -9999 -9999 -9999 -9999 -9999 -9999 -9999 -9999 -9999 -9999 -9999 -9999 -9999 -9999 -9999 -9999 -9999
-9999 -9999 -9999 -9999 -9999 -9999 -9999 -9999 -9999 -9999 -9999 -9999 -9999 -9999 -9999 -9999 -9999 -9999 -9999 -9999 -9999 -9999 -9999 -9999 -9999 -9999 -9999 -9999 -9999 -9999 -9999 -9999 -9999 -9999 -9999 -9999 -9999 -9999 -9999 -9999 -9999 -9999 -9999 -9999 -9999 -9999 -9999 -9999 -9999 -9999
-9999 -9999 -9999 -9999 -9999 -9999 -9999 -9999 -9999 -9999 -9999 -9999 -9999 -9999 -9999 -9999 -9999 -9999 -9999 -9999 -9999 -9999 -9999 -9999 -9999 -9999 -9999 -9999 -9999 -9999 -9999 -9999 -9999 -9999 -9999 -9999 -9999 -9999 -9999 -9999 -9999 -9999 -9999 -9999 -9999 -9999 -9999 -9999 -9999 -9999
-9999 -9999 -9999 -9999 -9999 -9999 -9999 -9999 -9999 -9999 -9999 -9999 -9999 -9999 -9999 -9999 -9999 -9999 -9999 -9999 -9999 -9999 -9999 -9999 -9999 -9999 -9999 -9999 -9999 -9999 -9999 -9999 -9999 -9999 -9999 -9999 -9999 -9999 -9999 -9999 -9999 -9999 -9999 -9999 -9999 -9999 -9999 -9999 -9999 -9999
-9999 -9999 -9999 -9999 -9999 -9999 -9999 -9999 -9999 -9999 -9999 -9999 -9999 -9999 -9999 -9999 -9999 -9999 -9999 -9999 -9999 -9999 -9999 -9999 -9999 -9999 -9999 -9999 -9999 -9999 -9999 -9999 -9999 -9999 -9999 -9999 -9999 -9999 -9999 -9999 -9999 -9999 -9999 -9999 -9999 -9999 -9999 -9999 -9999 -9999
401.086700439453 560.944369316101 603.566345214844 706.313110351562 806.175811767578 -9999 -9999 -9999 -9999 -9999 -9999 -9999 -9999 -9999 -9999 -9999 -9999 -9999 -9999 -9999 -9999 -9999 -9999 -9999 -9999 -9999 -9999 -9999 -9999 -9999 -9999 -9999 -9999 -9999 -9999 -9999 -9999 -9999 -9999 -9999 -9999 -9999 -9999 -9999 -9999 -9999 -9999 -9999 -9999 -9999
471.242011785507 522.191528320312 398.930061340332 502.098239898682 796.557250976562 695.449970245361 530.052066802979 735.376525878906 697.664093017578 801.048568725586 -9999 -9999 -9999 -9999 -9999 -9999 -9999 -9999 -9999 -9999 -9999 -9999 -9999 -9999 -9999 -9999 -9999 -9999 -9999 -9999 -9999 -9999 -9999 -9999 -9999 -9999 -9999 -9999 -9999 -9999 -9999 -9999 -9999 -9999 -9999 -9999 -9999 -9999 -9999 -9999
665.683181762695 408.582176208496 384.338340759277 418.102420806885 724.599586486816 612.117610931396 482.776788711548 475.191827774048 507.178504943848 666.798431396484 642.887252807617 690.120941162109 693.413482666016 702.518280029297 737.002014160156 761.913772583008 770.887222290039 801.953796386719 1050.34864044189 1079.21934509277 903.840703964233 908.856819629669 1016.53430175781 1025.6985168457 1151.10018920898 1038.42462921143 928.748404979706 960.534889221191 977.429786682129 842.751922607422 866.166793823242 919.080160617828 819.428447723389 699.24641418457 699.74592590332 648.006607055664 1038.0407409668 1142.16348266602 790.842010498047 -9999 -9999 -9999 -9999 -9999 -9999 -9999 -9999 -9999 -9999 -9999
855.985801696777 876.892887115479 566.697845458984 726.274919509888 1030.03816795349 1002.93215942383 1159.17318725586 649.807388305664 537.92977142334 548.85627746582 710.336120605469 685.864273071289 723.271728515625 542.469192504883 634.527694702148 774.435577392578 572.538436889648 700.323303222656 838.972312450409 855.110633850098 869.037239074707 821.848669052124 788.29271697998 955.396865844727 923.093811035156 925.982872009277 910.775924682617 816.770041465759 874.820793151855 850.205450057983 895.682483673096 741.353790283203 560.897171020508 784.520318984985 744.248693466187 636.848083496094 1013.43112182617 957.115768432617 798.651435852051 469.012802124023 737.506553649902 1245.48056411743 1254.93934631348 957.169439315796 826.135047912598 -9999 -9999 -9999 -9999 -9999
906.296508789062 1021.14722824097 692.758125305176 643.800598144531 1104.83430480957 1128.03011322021 1130.18912696838 1212.03077697754 939.201257705688 998.72380065918 939.957885742188 1021.35125732422 704.515151977539 632.124572753906 765.423034667969 691.629699707031 766.620452880859 570.173011779785 934.876625061035 1132.00393676758 1017.61717224121 923.844833374023 688.992454528809 846.821994781494 836.268737792969 977.259872436523 843.292322158813 887.221321105957 721.004928588867 618.309463500977 698.897323608398 784.280735015869 653.174149990082 658.094512939453 553.710601806641 671.936637878418 919.58757019043 1122.37995529175 541.865875244141 431.457962036133 696.98966217041 1059.04535293579 812.53120803833 879.037757873535 854.224347352982 1311.76265335083 832.563919067383 -9999 -9999 -9999
873.58575630188 680.486419677734 1089.33950042725 1138.84266853333 1051.01863098145 1100.12753295898 1095.31736755371 1029.66404724121 1004.00830078125 799.43469619751 745.817861557007 810.376152038574 828.198944091797 780.159194946289 471.303245544434 825.984527587891 1072.80276489258 792.552669525146 1018.95788574219 989.454856872559 1013.30085754395 1123.96803283691 833.228302001953 612.724769592285 786.12299156189 786.369346618652 818.646192550659 807.229821443558 710.22021484375 654.718032836914 516.778503417969 624.789306640625 498.074691772461 469.25944519043 562.941116333008 412.231430053711 435.818954467773 786.146545410156 776.296203613281 574.506546020508 647.563827514648 699.112678527832 681.929420471191 774.326171875 717.459823608398 1326.00205612183 867.78010559082 1507.24501800537 704.493827819824 -9999
878.407246112823 1033.24672698975 899.227813720703 997.952438354492 1148.16687774658 965.20036315918 1159.62945175171 1032.791847229 1015.5271782279 889.12035369873 804.580856323242 861.426326751709 725.174507141113 686.392429351807 537.798826217651 625.643215179443 796.314383506775 885.332969665527 826.08648109436 998.168853759766 1005.35806274414 1104.80965805054 832.475219726562 730.233451843262 801.087337493896 900.062385559082 664.421661376953 708.208908081055 651.095481872559 684.828887939453 687.964469909668 582.072982788086 515.434326171875 541.018363952637 506.331558227539 543.790069580078 472.270477294922 966.323558807373 773.965515136719 861.685264587402 591.081634521484 601.316646575928 769.810248732567 760.346820831299 754.664446353912 756.135318756104 882.18229675293 1525.67077636719 948.28736114502 951.265140533447
885.601839065552 963.621894836426 877.806957244873 732.038986206055 722.927980422974 971.888862609863 420.043640136719 645.825176239014 1099.73252868652 904.951099395752 842.054746627808 896.398590087891 838.843563079834 680.978181838989 653.510314941406 805.555702209473 895.223038673401 982.526752471924 1003.66069030762 1094.07801818848 1064.55221939087 1143.1163892746 835.651351928711 779.186606407166 848.490405082703 834.280502319336 864.130908966064 802.889709472656 797.411155700684 842.552421569824 782.490875244141 811.810737609863 629.769836425781 774.631977081299 629.855484008789 809.812805175781 716.009552955627 1013.41236495972 950.674682617188 909.506099700928 583.336647033691 678.329370498657 574.18482208252 1011.66133117676 1025.65524291992 908.096138000488 901.432075500488 912.490631103516 892.026985168457 934.35530090332
704.469669342041 590.974624633789 735.105968475342 663.936540603638 908.863296508789 715.62345123291 653.628448486328 784.692121505737 1003.89565563202 891.052791595459 843.156913757324 1046.97518920898 820.200092315674 902.771312713623 812.230735778809 1385.92718029022 993.297035217285 834.354164600372 1013.90158462524 1230.52803039551 937.044143676758 1289.40014648438 806.977806091309 717.049057006836 722.912490844727 810.545096755028 770.474189758301 641.61442565918 1082.41748809814 843.490921020508 881.418491363525 837.135437011719 989.744396209717 860.715858459473 885.517616271973 1018.20768165588 1140.82635498047 930.2001953125 931.567260742188 840.823516845703 775.374647140503 818.39826965332 782.427871704102 1094.33810424805 972.465038299561 994.087037086487 1146.33181762695 917.77131652832 906.612976074219 1252.40809631348
762.65234375 640.756614685059 693.343153715134 554.453765869141 763.302513122559 828.574768066406 742.356719970703 822.347438812256 850.143737792969 848.138854980469 973.085380315781 992.327743530273 1312.53669595718 752.943121671677 714.016326904297 771.572175979614 825.262306213379 725.350059509277 887.598678588867 1323.40862941742 703.555404663086 770.66580581665 676.046089172363 1094.90705108643 609.200805664062 541.979843139648 619.254470825195 741.554443359375 813.578514099121 806.80931854248 853.275253295898 911.383907318115 898.877529144287 827.937614440918 897.109245300293 939.000129699707 931.649765014648 668.90104675293 1071.56030273438 1022.58172607422 930.161121368408 1000.28626251221 1078.10909843445 1072.40539169312 1089.16899108887 902.610740661621 1193.86657714844 1077.23699951172 952.642959594727 1216.90864562988
564.721710205078 750.070896148682 600.331420898438 631.943084716797 769.104570388794 756.68962097168 907.792343139648 921.206893920898 838.469848632812 760.79515838623 817.822593688965 726.535163879395 829.458498001099 750.044822692871 751.966588973999 776.137340545654 866.389762878418 975.188446044922 960.33869934082 844.15592956543 853.50634765625 817.71028137207 752.546557188034 552.571151733398 747.506927490234 769.041023254395 932.120304107666 738.401763916016 681.649391174316 649.069259643555 864.440110206604 970.803269386292 841.938102722168 794.077243804932 861.385988235474 678.541397094727 909.463748931885 866.741607666016 990.578552246094 952.243877410889 1018.28871154785 890.192749023438 922.52455329895 1065.02768707275 1182.55570983887 1209.2652053833 990.295835018158 939.155662536621 687.844665527344 900.466285705566
770.815124511719 746.133608818054 824.116584777832 735.30249786377 852.825695037842 631.469581604004 795.741401672363 891.448532104492 847.966903686523 925.588439941406 1112.53739929199 959.462509155273 701.55491065979 762.733450889587 812.829807281494 833.199111938477 800.502578735352 803.02156829834 816.638359069824 742.755790710449 814.993942260742 737.751226425171 773.646948337555 649.415786743164 677.841812133789 620.938667297363 771.041904449463 1300.20457458496 684.307159423828 800.012878417969 876.182998657227 713.711822509766 664.559326171875 760.934547424316 894.608875274658 825.527462005615 787.245124816895 813.309028625488 840.928298950195 858.430080413818 742.487930297852 966.553718566895 811.321060180664 989.020713806152 953.297563552856 1027.09786987305 1030.38229942322 904.174163818359 946.048489570618 794.323593139648
586.691383361816 598.405944824219 1216.03182983398 596.632461547852 782.469703674316 840.439052581787 672.694135665894 771.221153259277 814.691375732422 822.243026733398 951.161170959473 769.97292137146 846.347244262695 802.30150604248 850.08521270752 874.336647033691 753.787577152252 799.325267791748 579.542877197266 662.133943557739 688.99635887146 816.441826701164 661.270927429199 745.96403503418 693.553684234619 692.271030426025 761.427215576172 747.122150421143 791.97730255127 839.294365882874 1061.63895797729 903.949933052063 492.079711914062 1223.62278747559 637.580429077148 744.323287963867 786.287141799927 764.165493011475 755.359283447266 779.850563049316 926.826873779297 789.980407953262 916.412940979004 905.764137268066 861.527352333069 874.739307403564 891.982765197754 1054.34723854065 892.255462646484 798.968994140625
1138.8766746521 715.670902252197 1388.00091934204 1109.66971588135 632.283645629883 718.364566802979 653.066223144531 848.958404541016 1070.67871856689 639.588203430176 906.204299926758 710.358032226562 719.535370349884 627.392395019531 728.735979557037 824.241115570068 771.727737426758 650.334991455078 780.349807739258 598.998031616211 758.480712890625 653.168060302734 684.801635742188 742.089420318604 636.917282104492 749.185676574707 739.037178341299 747.278982162476 661.130226135254 748.870531916618 763.803060293198 855.210395812988 740.523997843266 705.529766082764 601.182281494141 1365.37382507324 647.076385498047 758.80984018743 706.757362365723 844.109159469604 947.642951965332 745.996452331543 981.627624511719 803.202194213867 755.804828643799 697.545654296875 778.392288208008 738.125350952148 804.087448120117 981.540634155273
847.889343261719 786.546154022217 714.59651184082 618.375717163086 1196.43096542358 1425.65409088135 990.974662780762 716.196821689606 689.626474380493 811.612846374512 676.881430625916 787.71800994873 693.392106056213 715.837903022766 715.012102127075 644.553939819336 631.274467468262 824.731994628906 583.725296020508 813.286422729492 664.542556762695 651.799987792969 775.802070617676 625.740478515625 675.945580482483 696.454788208008 804.945404052734 661.588333129883 848.847473144531 733.673388957977 640.201675415039 766.363308906555 728.76992225647 574.793060302734 700.564682006836 584.230339050293 685.221366882324 1213.72208452225 696.958000183105 722.632987976074 713.321144104004 801.517917633057 845.355506896973 888.446384429932 828.372085571289 605.873779296875 817.821884155273 637.851440429688 854.723976135254 866.348670959473
687.847549438477 784.555351257324 703.672492027283 730.408184051514 740.908313751221 820.358657836914 553.794830322266 636.802894592285 753.176071166992 609.882591247559 657.434783935547 671.38729763031 716.776786804199 677.307807922363 677.469856262207 806.906799316406 576.143020629883 702.122877836227 685.920278549194 782.568862915039 785.682182312012 641.517353057861 555.483337402344 613.309257507324 677.193390846252 651.47599029541 699.650512695312 672.15604019165 741.803442001343 610.54500579834 788.78747177124 727.479035377502 753.250817775726 714.909152984619 858.897483825684 713.49881362915 770.930344343185 729.863088607788 699.704849243164 1127.70421600342 1270.07482337952 896.056419372559 690.843589782715 778.200649261475 842.959468841553 666.000869750977 770.578449249268 892.809051513672 1122.15998077393 908.581783294678
900.685760498047 581.292816162109 810.473022460938 646.578353881836 583.789970397949 646.739433288574 720.920351028442 701.28001999855 700.111307263374 714.140293121338 631.687690734863 500.63850402832 679.018125534058 655.628472328186 735.856964111328 683.421277999878 638.448013305664 839.648651123047 745.081680297852 789.552978515625 773.653842926025 555.711334228516 668.274209976196 736.012245178223 667.082674026489 758.428802490234 814.099624633789 822.274276733398 738.178439617157 816.329895019531 839.214698791504 867.22142791748 741.750028610229 666.346755981445 754.531759738922 728.884256362915 710.156795501709 585.002212524414 853.801879882812 763.724658966064 818.725845336914 826.194122314453 627.218139648438 768.132797241211 653.01774597168 698.480899810791 537.369110107422 851.890567779541 992.393440246582 911.124786376953
