export/dem/dem28.asc
NCOLS 350
NROWS 171
XLLCORNER 152620
YLLCORNER 418050
CELLSIZE 100
NODATA_VALUE -9999
[rows 66 to 87 of 171, columns 250 to 299 of 350]
698.680561065674 547.39038848877 515.696990966797 660.447774887085 761.940925598145 522.945114135742 670.082243919373 600.91198348999 776.525588989258 520.918998718262 626.943962097168 676.856021881104 728.060550689697 695.813064575195 665.129144668579 693.515644073486 553.396377563477 589.505142211914 680.560340881348 604.537582397461 544.729568481445 594.422500610352 555.026443481445 736.067302703857 742.599349975586 785.460956573486 746.673095703125 633.308017730713 702.96753692627 716.098547935486 592.288223266602 707.786885261536 723.380876541138 629.775894165039 777.684745788574 638.529159545898 752.191883087158 616.843536376953 861.51939201355 908.591808319092 667.031677246094 679.62020111084 769.818504333496 822.925079345703 751.750894546509 727.192319869995 610.113372802734 685.135147094727 560.672317504883 591.341567993164
596.506736755371 684.018157958984 755.631156921387 674.938093185425 762.488822937012 692.305156707764 526.621505737305 608.760101318359 701.162483215332 544.624855041504 584.04141998291 632.304056167603 769.134559631348 827.52197265625 580.834548950195 606.899852752686 653.091630935669 776.414169311523 624.287380218506 778.998321533203 763.027408599854 537.98518371582 844.241973876953 631.977493286133 704.70733833313 765.719284057617 720.42587852478 573.67830657959 646.671157836914 685.450545310974 702.474238395691 677.625652313232 610.559440612793 763.667167663574 936.69255065918 731.074768543243 850.146270751953 768.562889099121 643.041191101074 631.414375305176 887.911911010742 1104.6674041748 843.274538040161 816.295616149902 805.362981051207 705.308834075928 727.458599805832 701.354167938232 687.817985534668 561.78889465332
558.031188964844 737.615758895874 530.594955444336 675.63941192627 701.617820739746 733.55591583252 592.153587341309 653.246090888977 590.216463088989 688.652772903442 491.083145141602 625.699279785156 703.014499664307 697.478397369385 457.350357055664 723.975955963135 454.037673950195 673.135719299316 665.025957584381 708.921203613281 679.713244438171 674.313566207886 681.423875808716 607.706298828125 640.427867889404 869.281494140625 719.684285640717 815.782081604004 784.651649475098 721.196332931519 599.614151000977 632.417907714844 648.957962036133 793.069839477539 720.340576171875 765.223793029785 705.636194229126 856.77449798584 580.615585327148 666.945762634277 732.00261592865 674.481101989746 1104.0874786377 1343.19121551514 904.267986297607 749.883255958557 657.977096557617 516.187316894531 588.716491699219 722.394107818604
572.693450927734 570.474746704102 647.459660768509 642.81755065918 581.015151977539 503.535354614258 647.383457183838 682.007541656494 618.15682888031 611.219100952148 560.24592590332 695.909938812256 700.112972259521 611.243885040283 714.904296875 776.475028991699 811.739166259766 705.37181854248 636.912338256836 802.021087646484 524.892211914062 543.766586303711 670.29567861557 638.259586334229 744.389301300049 722.117101669312 750.252063751221 839.067016601562 861.505355834961 901.177230834961 669.083114624023 720.678809165955 764.2663230896 769.744731903076 543.572891235352 845.599571228027 818.737045288086 671.216369628906 618.70777130127 660.678092956543 781.326391220093 615.965301513672 739.175556182861 897.717124938965 940.153869628906 1359.08018493652 726.331619262695 613.746292114258 458.34619140625 654.718139648438
438.383544921875 483.686157226562 699.504875183105 515.40202331543 517.746627807617 544.761024475098 567.244636535645 702.910891532898 788.028460025787 518.765640258789 661.80087852478 611.369560241699 564.837768554688 531.831771850586 537.161491394043 703.985380172729 803.675346374512 639.366191864014 722.090881347656 486.858520507812 556.314880371094 637.791122436523 605.760498046875 713.485149383545 743.07861328125 550.43782043457 714.173278808594 758.618244171143 768.841751098633 803.940979003906 521.926956176758 873.311340332031 829.054794311523 841.926879882812 725.170973777771 800.885627746582 636.566139221191 705.818988800049 648.880195617676 588.491333007812 776.854848861694 691.956809997559 724.447319030762 719.992131233215 687.706672668457 723.63875579834 941.108117818832 1012.04895019531 669.589797973633 525.323043823242
736.394172668457 637.615917205811 409.744094848633 642.01593208313 631.683508872986 562.522155761719 595.226268768311 539.92586517334 611.096809387207 646.885244369507 686.577495574951 625.280955791473 601.107875823975 583.18542098999 683.741039276123 752.21724319458 740.341152191162 674.364921569824 699.940811157227 644.856712341309 585.921546936035 556.981437683105 585.866821289062 638.719745635986 725.322847366333 666.401596069336 750.915470123291 900.56201171875 696.677024841309 746.45295715332 841.452194213867 816.41455078125 674.573619842529 824.391868591309 824.962181091309 602.379486083984 629.187133789062 678.131496429443 763.204172134399 596.706161499023 845.904685974121 778.996128082275 774.997287750244 888.307228088379 574.910034179688 911.579193115234 756.135925292969 708.634510040283 588.322570800781 656.469343185425
570.105827331543 616.783409118652 591.01078414917 641.45689535141 609.467056274414 666.979423522949 588.328651428223 786.2099609375 811.764068603516 596.614603042603 525.845794677734 658.769759178162 557.603271484375 654.708478212357 576.30517578125 652.771484375 512.660934448242 633.32826423645 515.398986816406 513.88565826416 540.983383178711 784.692825317383 799.042053222656 778.259063720703 621.89429473877 667.682472229004 609.837455749512 686.422769546509 664.326654434204 672.829370498657 721.702472686768 839.992568969727 769.592163085938 840.479782104492 689.156959533691 755.47275352478 937.230773925781 836.027565002441 760.998752593994 746.889236450195 884.242248535156 1269.18515396118 622.626907348633 577.607711791992 627.97216796875 624.091232299805 600.759780883789 678.093017578125 636.478981018066 579.676528930664
680.297700881958 586.207988739014 755.292886734009 741.404666900635 694.583702802658 705.5208735466 621.901519775391 713.965835571289 646.332622528076 630.377922058105 573.864669799805 528.692077636719 557.396244049072 611.101760864258 652.365951538086 578.120666503906 582.734577178955 482.875503540039 711.838680267334 660.438820838928 441.682815551758 501.544189453125 632.269260406494 709.500129699707 777.00626373291 742.198776245117 685.246080636978 821.081405639648 577.303596496582 766.594375610352 739.190467834473 588.767272949219 813.137062072754 838.11954498291 655.782468318939 829.660697937012 689.101598739624 702.893459320068 758.826461791992 652.442489624023 717.626615524292 778.328659057617 693.360565185547 1134.91956353188 830.55411529541 782.842391967773 767.619647979736 714.389694213867 1102.03106117249 727.39345741272
512.36247253418 573.247066497803 633.288753509521 476.164138793945 521.297569274902 656.258140563965 691.439176559448 744.700874328613 732.337356567383 691.48511505127 698.148796081543 660.069635391235 540.61580657959 594.783527374268 633.332130432129 591.741546630859 653.97451210022 666.896705627441 574.909133911133 539.202835083008 468.208557128906 516.586135864258 670.104288578033 710.883617401123 721.640151977539 680.77959728241 517.633483886719 653.769557952881 721.787174224854 840.550453186035 625.307525634766 692.749059170485 661.696727752686 841.778686523438 707.654488563538 747.054092407227 888.932510375977 789.51033782959 744.901905059814 642.55948638916 561.13720703125 768.547317504883 693.204570770264 1124.16884422302 935.412399291992 569.294937133789 652.838882446289 562.020706176758 723.187049865723 926.631309509277
571.912391662598 554.974910736084 655.921058654785 581.379724502563 652.826433181763 566.504653930664 788.497814178467 992.950592041016 822.055061340332 957.881408691406 850.422882080078 828.437034606934 625.387271881104 653.210201263428 632.373464584351 522.876419067383 531.434860229492 625.569857597351 614.547737121582 637.098699808121 590.748077392578 651.591794967651 645.094551086426 717.934844970703 704.676904678345 653.872026443481 670.971073150635 542.72477722168 593.08863067627 710.498422622681 831.950454711914 571.396743774414 877.863586425781 813.555236816406 837.543960571289 815.56819152832 797.923957824707 720.23313331604 705.36417388916 517.576736450195 797.308059692383 773.067535400391 846.759212493896 742.704437255859 760.52806854248 1030.33348083496 770.043380737305 715.655166625977 831.819747924805 1069.52786254883
731.378448486328 637.262249469757 740.053298950195 672.032461166382 722.230990409851 610.32164478302 598.414891242981 847.511924743652 865.670028686523 750.57843208313 778.822158813477 837.70378112793 494.733337402344 568.481452941895 642.737279891968 632.718633651733 707.196975708008 603.040412902832 590.656051635742 613.801513671875 541.307525634766 563.112899780273 536.277603149414 427.804840087891 650.451539993286 638.13069152832 638.381374359131 690.185816287994 671.543180465698 728.915550231934 593.025184631348 809.782333374023 810.587417602539 698.930261611938 737.994558334351 738.961767196655 622.878875732422 762.481519699097 510.588806152344 587.052307128906 640.943054199219 704.46875 632.560729980469 640.329376220703 782.160820007324 472.203155517578 637.84765625 492.533905029297 733.258712768555 700.771675109863
907.561996459961 555.813179016113 679.594007492065 625.28416633606 771.099769592285 686.163112640381 728.84880065918 665.220901489258 928.043914794922 759.36999130249 664.877063751221 762.438896179199 538.65601348877 741.210388183594 669.470869064331 556.463798522949 617.00945854187 702.950000762939 746.214279174805 578.872604370117 534.333587646484 550.38671875 622.101036071777 648.721518039703 656.729740142822 750.470832824707 655.469337463379 720.903678894043 849.190490722656 621.261253356934 593.152389526367 650.157917022705 752.756034851074 765.288478851318 766.847434997559 749.975448131561 795.179275512695 518.932327270508 634.949535369873 632.011459350586 909.615074157715 788.090637207031 640.713424682617 934.66731262207 779.377922058105 753.705429077148 764.978004455566 672.003189086914 947.361886978149 1023.75015258789
534.978302001953 777.016235351562 623.951373100281 588.721868515015 550.549987792969 551.464363098145 721.804382324219 746.591979980469 759.40599822998 721.918852806091 641.613990783691 652.689758300781 654.650326728821 697.671314805746 589.525299072266 637.863122940063 526.147964477539 709.433238983154 604.323482513428 648.460784912109 673.317413330078 703.795337677002 586.307029724121 898.640472412109 760.886047363281 650.209899902344 786.082397460938 550.281616210938 717.469495773315 624.898876190186 718.899871826172 741.504852294922 632.690709114075 706.140390276909 782.477500915527 605.034805297852 699.22998046875 616.737144470215 582.221153259277 698.844108581543 612.369491577148 1044.4222869873 917.855163574219 769.987949371338 709.949523925781 796.3889991045 685.14778137207 877.590026855469 1262.0033864975 731.057647705078
487.884063720703 608.356678962708 587.27123260498 645.320959091187 588.870750427246 717.06628036499 700.769283294678 696.512214660645 685.82186126709 695.953162193298 824.321838378906 816.231437683105 573.588119506836 581.003974914551 501.632095336914 546.252815246582 620.651630401611 572.200485229492 731.5153465271 606.425933837891 639.951545715332 503.835144042969 782.905914306641 707.207618713379 806.195739746094 759.389339447021 770.437377929688 508.253372192383 606.830596923828 611.417587280273 674.406358718872 654.417955875397 642.787746429443 422.961944580078 575.10684967041 737.160068511963 578.358345031738 576.201522827148 681.530527114868 781.62393951416 654.523471653461 745.953071594238 980.745574951172 600.189117431641 1025.63463592529 712.469718933105 1069.412940979 730.777870178223 716.002029418945 763.335956573486
534.50870513916 614.133906364441 593.233064651489 576.238796234131 605.903178215027 525.168029785156 655.203529834747 790.97615814209 812.797332763672 675.69217300415 619.477798461914 734.974025726318 637.525062561035 518.191787719727 665.950402736664 845.741928100586 772.346405029297 799.073951721191 599.852416992188 878.776382446289 634.81852722168 682.143552780151 721.330390930176 777.689163208008 715.393188774586 567.030067443848 631.951644897461 657.255048751831 591.510383605957 558.22827911377 714.409997940063 715.692391395569 652.783430099487 537.561408996582 432.726974487305 548.107971191406 583.50513458252 625.589031219482 598.677787780762 657.74755859375 671.532489776611 679.17317199707 532.978576660156 857.871841430664 721.697452545166 837.320938110352 1336.58632278442 705.449798583984 624.270217895508 742.572685241699
710.491157531738 583.694664001465 612.729553222656 760.583251953125 783.014175415039 582.07604598999 647.135417938232 629.372085571289 799.124946594238 675.922901153564 571.46361541748 594.584213256836 677.302274703979 654.375902175903 713.997989654541 650.939190864563 600.017158508301 654.910152435303 662.176891326904 692.2425365448 822.030609130859 675.997673034668 689.379539966583 573.002853393555 592.339202880859 749.810394287109 662.161365509033 695.949712753296 520.187133789062 614.377126693726 610.081996917725 627.47924041748 643.70475769043 712.986197471619 622.427719116211 801.520835876465 633.997631072998 582.24764251709 525.645202636719 785.068915367126 560.385208129883 687.965270996094 459.357284545898 612.466323852539 839.869705200195 687.990447998047 1176.24347686768 630.758895874023 685.506164550781 730.390823364258
633.117657661438 561.810985565186 602.633749008179 659.404647827148 640.74617433548 694.468276977539 848.587295532227 827.123199462891 630.882259368896 776.439254760742 754.740371704102 683.899360656738 622.047012805939 728.816680908203 611.944538116455 641.475313186646 538.834075927734 653.419996738434 677.488536834717 658.935178756714 781.225662231445 836.857208251953 750.695735931396 788.203605651855 638.943244934082 670.012445449829 671.845825195312 525.858535766602 761.915740966797 942.948684692383 740.732604980469 822.787445068359 889.464447021484 566.413970947266 563.862487792969 741.976669311523 523.045700073242 765.229682922363 589.474029541016 646.201171875 609.076095581055 625.519744873047 530.238433837891 768.029708862305 853.30810546875 615.567916870117 531.214813232422 801.052149772644 820.115921020508 987.357635498047
565.615837097168 643.330436706543 550.95662689209 784.656951904297 641.68941116333 757.732269287109 842.618286132812 601.938491821289 839.201950073242 647.612266540527 698.615787506104 655.213430404663 573.353286743164 625.362487792969 560.319793701172 714.345977783203 647.968114852905 685.837183952332 653.713874816895 610.483261108398 831.888648986816 689.299182891846 606.37740278244 781.005577087402 593.118850708008 731.08536529541 596.031433105469 688.957295894623 683.015842437744 490.837127685547 737.343811988831 685.317277908325 691.591361999512 873.697593688965 649.103437423706 622.573768615723 618.043167114258 583.936973571777 584.145668029785 1009.62092590332 628.485046386719 1048.48793792725 591.504028320312 771.582077026367 915.905166625977 479.581237792969 871.58479309082 734.89054107666 843.218299865723 872.401756286621
591.484313964844 702.696594238281 556.775656580925 551.45768737793 569.023513793945 648.474774837494 686.417011260986 727.937942504883 687.115432739258 682.22518157959 636.572696685791 625.722137451172 809.242202758789 1027.77046823502 902.005554199219 678.874985456467 771.453193664551 653.803677558899 705.455093383789 766.391807556152 781.023719787598 728.590663909912 747.80818939209 935.952392578125 617.651971817017 729.992738723755 703.227416992188 694.187611579895 813.409309387207 778.36351776123 651.952617645264 652.309589385986 795.07649230957 749.716375350952 738.747447967529 649.213916525245 617.380592346191 746.628273010254 660.288463592529 934.282985687256 708.318092346191 786.566402435303 598.551849365234 498.933151245117 764.394607543945 820.119132995605 685.887649536133 663.325561523438 662.780197143555 380.821014404297
652.617325305939 678.333560943604 613.365116119385 758.610908508301 546.686347961426 694.98486328125 646.044678688049 565.792846679688 851.377914428711 648.859870910645 565.535675048828 715.833801269531 622.058915138245 799.742687940598 676.408679962158 470.586242675781 571.559661865234 533.478340148926 772.534790039062 781.730041503906 702.048425674438 595.128799438477 733.260025024414 761.836860656738 654.880554199219 834.080078125 771.370571136475 763.30200958252 566.075790405273 651.34937286377 723.180290222168 567.104537963867 808.305801391602 852.951263427734 684.45365524292 684.871469497681 624.459003448486 598.925323337317 640.306327819824 979.244124412537 1205.40459632874 563.656433105469 968.3203125 503.425750732422 523.878944396973 635.969848632812 708.143547058105 658.624694824219 655.890663146973 956.740951538086
622.107200622559 699.922695159912 541.783210754395 720.054908752441 617.632402420044 644.031675338745 621.835525512695 710.261238098145 740.876495361328 641.14986038208 774.114166259766 708.948963165283 695.810758590698 613.21658706665 647.786947250366 564.068237304688 630.809463500977 697.676498413086 749.983123779297 752.190616607666 705.10071182251 683.488986968994 1401.70378112793 675.215620279312 744.554782867432 820.853927612305 636.150729656219 731.3028383255 805.386764526367 637.162010192871 672.516464233398 715.449996948242 683.479156494141 678.162052154541 585.435600280762 775.823753356934 706.522762298584 593.883308410645 687.755258083344 936.943450927734 603.894111633301 578.599472045898 633.66943359375 1519.53207397461 619.918792724609 1753.13953399658 717.025352478027 631.518630981445 870.206115722656 675.348236083984
921.845588684082 980.123519897461 829.291347503662 893.10270690918 724.982461929321 548.133255004883 704.817840576172 665.373155593872 554.272811889648 757.502519607544 582.790100097656 1007.76628875732 859.90518951416 511.651947021484 854.775566101074 1016.66749572754 847.724380493164 597.555335998535 611.440900802612 631.274654388428 705.778873443604 793.843338012695 604.189476013184 696.974628448486 737.246307373047 697.099424362183 738.505920410156 686.358015537262 596.637237548828 760.802658081055 706.456378936768 888.047149658203 703.193515777588 603.345184326172 747.768995285034 748.425479888916 622.076705932617 657.149173736572 462.00569152832 821.918332099915 408.898849487305 549.272094726562 630.879913330078 744.881301879883 1042.23450088501 1069.45276260376 713.453651428223 831.896827697754 736.654090881348 662.780624389648
