export/dem/dem29.asc
NCOLS 350
NROWS 171
XLLCORNER 152620
YLLCORNER 418050
CELLSIZE 100
NODATA_VALUE -9999
[rows 0 to 21 of 171, columns 150 to 199 of 350]
608.597883224487 634.967002868652 821.584785461426 -9999 -9999 -9999 -9999 -9999 -9999 -9999 -9999 -9999 -9999 -9999 -9999 -9999 -9999 -9999 -9999 -9999 -9999 -9999 -9999 -9999 -9999 -9999 -9999 -9999 -9999 -9999 -9999 -9999 -9999 -9999 -9999 -9999 -9999 -9999 -9999 -9999 -9999 -9999 -9999 -9999 -9999 -9999 -9999 -9999 -9999 -9999
685.50691986084 706.870265960693 764.19953584671 667.40599822998 677.576454162598 591.978202819824 651.94029045105 -9999 -9999 -9999 -9999 -9999 -9999 -9999 -9999 -9999 -9999 -9999 -9999 -9999 -9999 -9999 -9999 -9999 -9999 -9999 -9999 -9999 -9999 -9999 -9999 -9999 -9999 -9999 -9999 -9999 -9999 -9999 -9999 -9999 -9999 -9999 -9999 -9999 -9999 -9999 -9999 -9999 -9999 -9999
377.133316040039 290.583679199219 623.888061523438 510.013916015625 536.551895141602 552.947822570801 603.706954956055 714.675693511963 739.015132904053 644.667922973633 660.618896484375 745.105911254883 847.298259735107 869.26134967804 -9999 -9999 -9999 -9999 -9999 -9999 -9999 -9999 -9999 -9999 -9999 -9999 -9999 -9999 -9999 -9999 -9999 -9999 -9999 -9999 -9999 -9999 -9999 -9999 -9999 -9999 -9999 -9999 -9999 -9999 -9999 -9999 -9999 -9999 -9999 -9999
416.361198425293 606.633415222168 666.034927368164 444.8818359375 495.619018554688 549.562126159668 554.521492004395 847.591415405273 940.275833129883 854.803726196289 629.283050537109 668.668998718262 732.408340454102 785.005460739136 581.853067398071 631.296546936035 871.8371925354 1062.96842956543 900.166093826294 900.258377075195 944.711845397949 819.261840820312 965.95728302002 740.391254425049 740.769508361816 825.818992614746 875.801826477051 549.174942016602 645.675594329834 603.317764282227 825.669477939606 832.689582824707 819.349712371826 818.949146270752 935.042816162109 -9999 -9999 -9999 -9999 -9999 -9999 -9999 -9999 -9999 -9999 -9999 -9999 -9999 -9999 -9999
923.818336486816 523.612686157227 443.611358642578 769.376266479492 953.312400817871 973.036323547363 667.93310546875 752.828643798828 957.903007507324 799.902328491211 779.510589599609 544.678985595703 734.213012695312 731.959480285645 480.58251953125 670.031265258789 690.51951789856 903.241386413574 821.934452056885 719.006122589111 927.254585266113 843.997311115265 861.453678131104 931.133285522461 740.778579711914 645.336196899414 768.656135559082 664.586990356445 697.985371589661 768.349716186523 816.924872398376 919.625186920166 846.020324707031 875.937637329102 757.353145599365 814.909729003906 667.694492340088 823.130035400391 1095.43885803223 847.05721282959 789.19026184082 752.403701782227 631.996561050415 638.128051757812 566.57633972168 736.177495956421 729.818147659302 684.692253112793 791.530057907104 902.238201141357
895.115982055664 586.411354064941 817.89669418335 938.514747619629 1132.58416366577 969.100479125977 674.58122253418 856.998756408691 740.955627441406 693.841735839844 769.370666503906 612.219993591309 415.728317260742 347.385360717773 544.067886352539 441.06372833252 709.950927257538 743.159721374512 854.247947692871 804.032493591309 673.171298980713 715.136442184448 733.938901901245 740.309028625488 564.460998535156 481.300369262695 698.92024230957 605.118106842041 601.941391944885 628.11678314209 663.29418182373 812.437133789062 783.134036064148 786.008718490601 803.000129699707 736.676067352295 666.556541442871 941.117050170898 879.699656009674 1089.85833740234 908.00276184082 787.904022216797 858.491409301758 633.732271194458 606.107524871826 569.833076477051 706.894458770752 612.36107635498 782.46257019043 694.087432861328
1168.12902069092 1058.32929992676 692.366348266602 947.763343811035 788.781326293945 871.014694213867 983.570678710938 819.002395629883 827.19677734375 786.843017578125 845.719299316406 748.174425125122 735.311538696289 592.004814147949 710.374752044678 767.281818389893 780.28736114502 797.360694885254 969.64631652832 817.940242767334 743.619075775146 762.583269119263 713.778568267822 503.227066040039 709.467086791992 592.023292541504 634.716890335083 739.723770141602 647.133052825928 610.25365447998 674.740047454834 682.915733337402 831.850387573242 546.424713134766 669.534727096558 852.745971679688 737.671112060547 804.253799438477 1010.51739501953 875.823567867279 817.628540992737 807.062908172607 608.340389251709 505.735153198242 635.611461639404 592.535446166992 689.743358612061 626.638008117676 766.361183166504 754.782462120056
1159.94132828712 735.22533416748 580.574966430664 669.088348388672 988.781293869019 930.845115661621 895.390930175781 697.318222045898 816.507446289062 810.876586914062 968.249488830566 525.815628051758 608.084625244141 529.932991027832 816.996882677078 1092.78039550781 789.725105285645 701.285234928131 842.460899353027 859.894721984863 941.829395294189 999.718124389648 654.645606994629 728.247940063477 593.628318786621 678.29612159729 626.353076934814 739.084693908691 685.531879425049 852.494430541992 868.525825500488 763.236627578735 725.733966827393 696.591063261032 819.755416870117 842.336093902588 848.703753471375 954.749664306641 806.017395019531 834.240253448486 879.224468231201 1004.88815307617 747.504203796387 807.752899169922 750.058975219727 768.501205444336 929.943557739258 774.591099739075 630.613327026367 715.886276245117
521.026107788086 726.095596313477 808.154014587402 820.217926025391 954.610900878906 786.673183441162 1111.43670654297 849.442321777344 941.020614624023 939.477294921875 569.693695068359 724.700584411621 536.260772705078 746.387233734131 910.247825622559 711.843900680542 754.515197753906 752.063316345215 858.166620731354 1004.90303039551 1168.123046875 1129.3023557663 895.705528259277 929.475467681885 628.844741821289 616.971221923828 603.910583496094 681.019805908203 716.654167175293 824.94327545166 916.049873352051 861.089056015015 1013.9695892334 781.62784576416 822.237106323242 1015.91827392578 927.88991355896 911.347820281982 973.440593123436 991.955975532532 902.770153045654 746.712776184082 620.557754516602 786.014987945557 810.000696182251 979.450691223145 900.397495210171 800.318756103516 701.073331832886 716.278583526611
800.483947753906 778.834938049316 691.343123435974 655.309015274048 615.066905975342 825.060997962952 506.619842529297 612.243011474609 448.722595214844 557.587844848633 535.14501953125 678.53784942627 691.67147064209 701.976982116699 893.558693885803 1087.25979232788 1015.28198623657 872.34049987793 1046.28554725647 825.106401443481 977.169731140137 1115.85313987732 1152.58472442627 1258.64964103699 766.767812728882 700.541122436523 745.339738845825 545.718414306641 627.367523193359 769.473892211914 888.072803497314 1031.80334472656 806.602355957031 795.732963562012 746.504419326782 939.815456390381 1004.3384552002 1033.82368469238 1043.32978057861 1010.60384559631 756.775505065918 785.54483795166 830.597715377808 716.508369445801 883.168647766113 980.273514509201 981.586351394653 824.432964324951 879.788505554199 874.796601295471
839.098190307617 764.079914093018 881.920120239258 796.89591217041 658.399101257324 675.760822296143 479.531448364258 533.222927093506 476.457489013672 432.541870117188 439.031005859375 499.699493408203 499.845886230469 720.428211212158 566.452842712402 1173.53583526611 1047.50811386108 755.94979095459 1236.3046245575 709.604042053223 1031.17339324951 949.443817138672 588.222915649414 991.12287902832 950.556991577148 1111.65074729919 432.53369140625 702.509452819824 641.013336181641 466.397178649902 898.259872436523 852.848297119141 653.700264453888 730.955932617188 727.808334350586 787.511720657349 756.038375854492 987.057907104492 876.586544036865 1001.25578308105 531.823120117188 831.956130981445 714.760467529297 899.155567169189 775.241622924805 1175.63012313843 1029.15343475342 1459.99523925781 1245.04437637329 919.79746055603
688.037757873535 766.218940734863 679.613946914673 680.057941436768 516.974510192871 466.000061035156 504.555404663086 558.818634033203 582.809761047363 445.331237792969 411.978561401367 559.981819152832 555.896629333496 984.937782287598 724.180114746094 793.707096099854 807.75244140625 820.559069156647 879.093029022217 543.81086730957 633.584197998047 1079.0065536499 762.282981872559 687.251914978027 900.121864318848 757.779763221741 1248.43868255615 1353.37780761719 1141.47930908203 1208.55557632446 1049.61781311035 852.647735595703 651.481777191162 534.118541717529 599.956317901611 727.401142120361 711.586933135986 590.605529785156 748.237197875977 758.749542236328 950.1630859375 824.18522644043 1006.23295593262 825.06103515625 743.031433105469 709.391829490662 668.557289123535 703.877624511719 1075.06671714783 819.177230358124
489.125900268555 603.431380271912 686.386911392212 518.782562255859 535.356475830078 636.374359130859 540.119415283203 420.808288574219 574.664894104004 432.118789672852 747.768383026123 477.033401489258 1228.43511581421 928.336491584778 734.39469909668 495.272491455078 385.853698730469 814.685286521912 869.067581176758 610.027954101562 593.172744750977 884.963333129883 672.039131164551 812.297653198242 653.473892211914 767.618923187256 1017.77294921875 1342.30946731567 829.291091918945 848.021148681641 1197.65238952637 714.213012695312 872.870994567871 748.380420684814 724.35111618042 778.612693786621 1016.53570556641 671.508003234863 645.584045410156 706.457171440125 654.24356842041 752.194739341736 713.600513458252 828.186332702637 624.856239318848 849.99747467041 796.548160552979 742.879734039307 648.805320739746 879.093276977539
667.333122253418 704.430183410645 710.970565795898 1227.10845565796 966.866502761841 1239.69727325439 1042.20964431763 629.220848083496 513.653427124023 727.08535194397 723.551858186722 570.006286621094 675.678525924683 671.872347831726 787.524017333984 542.782390594482 588.779891967773 450.698928833008 597.103820800781 681.192947387695 709.53199005127 764.102920532227 1052.09384346008 756.761123657227 815.37618303299 914.809255599976 942.966911315918 767.144676208496 737.102478027344 768.28205871582 1154.11283874512 640.290863037109 596.275130271912 708.943073272705 630.248649597168 824.439032554626 913.218776702881 825.308235168457 459.747619628906 713.424282073975 853.137496948242 848.102149963379 787.982387304306 748.101976394653 718.626981735229 750.349060058594 899.097145080566 948.277519226074 861.805541992188 915.266393661499
1100.19240188599 537.146621704102 549.642688751221 630.612774848938 540.757423400879 707.390289306641 551.074966430664 549.590240478516 557.719627380371 703.917518615723 565.470260620117 530.348541259766 621.574020385742 651.323535919189 1053.54707336426 636.228549718857 470.914321899414 475.014617919922 681.821929931641 778.380837440491 698.833335876465 846.127001285553 826.166152954102 595.018905639648 655.488128662109 685.745880126953 945.662528991699 803.709991455078 764.200088500977 647.098648071289 619.748825073242 921.255142211914 1218.31846618652 836.225902557373 819.25806427002 762.535171508789 745.673992156982 815.311828613281 609.93688249588 636.81840133667 606.385467529297 884.34782409668 849.493404388428 740.316116333008 589.115291595459 642.216522216797 742.42856502533 617.387920379639 977.440967559814 634.985900878906
605.578004837036 613.49125957489 527.470672607422 669.670150756836 685.698123931885 644.768029212952 563.251274108887 656.122287750244 677.203533172607 772.423515319824 688.541122436523 488.823806762695 595.312591552734 1292.48992538452 645.533851623535 852.593620300293 571.260391235352 760.027114868164 735.524261474609 1129.35835266113 1028.93392944336 1004.39252471924 1404.02547836304 713.540315628052 881.790557861328 678.973861694336 993.13224029541 827.553207397461 723.431518554688 818.303247451782 728.538597106934 663.220672607422 763.057613372803 616.914192199707 710.587516784668 733.798805236816 657.566323041916 887.158561706543 767.863472253084 823.111038208008 817.868377685547 771.268989562988 715.700664520264 620.173450469971 761.264389038086 568.891105651855 736.406192779541 560.944366455078 732.260948181152 729.405832290649
678.232482910156 614.150728225708 707.886474609375 726.592742919922 749.436950683594 655.457763671875 602.738391876221 750.440040588379 797.213897705078 604.320526123047 622.783866882324 387.699035644531 1340.1390838623 1287.3643951416 643.411880493164 735.390335083008 674.262977600098 605.15998840332 600.155181884766 690.618179321289 1055.12781524658 593.928634643555 687.778213500977 579.571517944336 637.170440673828 770.232461929321 1899.19232940674 925.712890625 776.816833496094 658.256843566895 852.023849487305 676.922702789307 702.222818017006 1229.04222202301 855.84991645813 675.791110992432 755.490057587624 1161.52982330322 1392.89995574951 739.358520507812 733.945594787598 691.010193824768 732.349527359009 930.294342041016 1202.77903747559 750.913833618164 906.708232879639 647.072229385376 658.743301391602 679.2297706604
690.889533996582 554.974128723145 405.37467956543 481.248046875 660.502288818359 681.530857086182 529.69457244873 749.528854370117 705.4052734375 724.311462402344 674.202537536621 510.821975708008 469.101699829102 501.590774536133 678.429475784302 813.118835449219 679.644798278809 635.789527893066 573.746955871582 619.20703125 675.242713928223 768.896697998047 628.312454223633 631.909912109375 818.035369873047 962.550262451172 629.04150390625 790.436706542969 650.160537719727 817.126571655273 782.578231096268 844.992233276367 816.464912414551 594.67554473877 1043.51641082764 678.510572433472 782.905174255371 744.186702728271 714.718887329102 729.751173019409 622.442420959473 790.819465637207 790.078807830811 761.325937271118 783.710251569748 764.765243530273 628.693870544434 720.041842460632 996.717498779297 760.099159240723
579.447797775269 724.136787414551 487.88102722168 630.33486366272 610.51580619812 732.916732788086 1158.8708190918 950.078300476074 669.752857208252 643.184829711914 781.33561706543 706.970176696777 584.053916931152 555.540115356445 597.026802062988 856.455627441406 1024.28588867188 1072.98145294189 818.030632019043 652.082824707031 453.952087402344 780.770667076111 977.418182373047 593.243911743164 970.963386535645 680.408069610596 632.960762023926 692.363922119141 785.827568054199 944.957084655762 758.277946472168 718.683029174805 584.009559631348 728.311141967773 719.467338562012 1321.11388397217 737.948337554932 815.46435546875 678.038530826569 1131.53565979004 673.743100166321 894.837195396423 962.615695953369 1048.63893699646 1136.65041017532 1277.90530776978 763.09114074707 573.15518951416 459.514175415039 502.478546142578
550.685806274414 601.10785484314 624.637405395508 606.251162528992 564.543243408203 627.782067298889 785.840925216675 717.034358978271 660.601686477661 531.328842163086 926.941788673401 551.093780517578 633.423799037933 625.23193359375 546.975769042969 471.53125 472.425903320312 622.786643981934 591.358299255371 502.357162475586 685.358291625977 711.981742858887 759.546478271484 737.866943359375 771.687255859375 619.336120605469 619.283218383789 821.400207519531 795.334365844727 697.141223907471 704.684478759766 688.086921691895 693.67497253418 650.966514587402 696.772972106934 635.432525634766 569.810394287109 865.523422241211 756.308204650879 726.613121032715 725.58842086792 642.061908721924 900.026676177979 807.8173828125 543.211181640625 604.770149230957 821.156675338745 723.654136657715 702.276086807251 615.794613361359
473.765754699707 773.265518188477 791.794128417969 710.944068908691 607.604104995728 621.667565345764 660.653015136719 602.7756690979 1220.40866088867 733.262393951416 495.267547607422 747.717631340027 563.71745300293 616.573707580566 589.208206176758 566.067428588867 431.45100402832 597.874237060547 727.474197387695 724.425720214844 813.647872924805 625.942626953125 458.702575683594 885.742464065552 900.951095581055 853.199562072754 724.763397216797 644.775634765625 537.456253051758 602.453079223633 575.375595092773 708.360897064209 701.256450176239 626.00940322876 581.559173583984 697.267936706543 666.829425811768 741.258399963379 615.565299987793 605.119819641113 751.05602645874 937.563930511475 1317.87608337402 730.631790161133 807.130790710449 1172.11175918579 704.87054681778 548.706253051758 727.46364402771 1076.20397949219
577.924098968506 512.72777557373 699.336212158203 607.846519470215 505.23616027832 621.772733688354 1015.52574539185 454.271011352539 750.395614624023 572.282768249512 640.032978769392 723.158805847168 682.892780303955 1049.09538269043 654.561145782471 502.184097290039 954.130550384521 478.018341064453 1138.31173706055 738.209381103516 861.030876159668 1140.68121337891 825.558563232422 665.867713928223 582.514114379883 965.837703704834 735.079147338867 541.685501098633 1570.0934677124 739.815879821777 704.485202789307 759.847705841064 682.259346008301 579.96227645874 590.976539611816 546.809883117676 554.58243560791 776.868194580078 769.208641052246 740.938987731934 689.916301727295 799.778091430664 970.677368164062 614.336673736572 852.929885864258 1315.35036468506 654.7141456604 663.030941009521 779.006988525391 635.098945617676
