export/dem/dem23.asc
NCOLS 350
NROWS 171
XLLCORNER 152620
YLLCORNER 418050
CELLSIZE 100
NODATA_VALUE -9999
[rows 110 to 131 of 171, columns 200 to 249 of 350]
-9999 -9999 -9999 700.275665283203 603.982192993164 713.480072021484 700.936065673828 720.8466796875 728.73365020752 1195.10254669189 601.748023986816 663.998602867126 627.313014984131 576.257995605469 597.48229598999 541.146614074707 753.865745544434 627.828100204468 516.226837158203 516.394805908203 554.213470458984 459.603668212891 562.70002746582 467.595886230469 439.103225708008 542.746002197266 447.818664550781 614.626945495605 636.587886810303 649.864942550659 618.002708435059 672.44647860527 568.321723937988 603.560573577881 570.794593811035 596.21891784668 751.458316802979 578.11701965332 380.276657104492 469.659111022949 806.869827270508 671.16287779808 580.164459228516 743.103393554688 1269.86102294922 758.411727905273 894.091262817383 1270.23560333252 798.402183532715 816.224349975586
-9999 -9999 -9999 -9999 796.391314506531 741.413028717041 590.196685791016 698.181549072266 707.80680847168 775.25910949707 677.527154922485 645.374802827835 641.570297241211 606.497741699219 531.804054260254 387.174499511719 478.812240600586 576.943534851074 562.611785888672 755.426422119141 562.708694458008 513.24299621582 1349.20893859863 496.377197265625 640.287242889404 485.210762023926 599.552715301514 748.63224029541 659.259821891785 481.758605957031 702.962669372559 614.673011779785 644.187034606934 558.878540039062 493.009353637695 564.777984619141 684.996086120605 591.641784667969 612.699283599854 494.312591552734 611.147827148438 537.187347412109 620.455726623535 821.648483276367 707.916491985321 933.045169353485 861.650680541992 786.604705810547 721.972535610199 826.996017456055
-9999 -9999 -9999 -9999 840.966651916504 767.442783355713 539.02587890625 732.857425689697 838.514945983887 633.887172698975 804.241119384766 606.374504089355 599.681381225586 585.041542053223 472.800048828125 389.879364013672 416.758941650391 543.821434020996 529.90210723877 686.000019073486 605.882991790771 671.613876342773 550.186561584473 601.275253295898 338.246124267578 451.773025512695 590.691551208496 536.625335693359 639.606929779053 735.209159851074 586.795263290405 646.1520652771 576.920150756836 704.874921798706 573.141815185547 718.184658050537 573.861351013184 696.124996185303 825.093566894531 836.850555419922 723.460556030273 748.211612701416 577.646324157715 1030.81128692627 422.468872070312 761.801208496094 945.870223999023 870.471168518066 800.111344337463 797.449785232544
-9999 -9999 -9999 -9999 -9999 663.237457275391 758.886222839355 657.630439758301 802.04358291626 739.210877895355 1144.04814910889 633.995300292969 613.762397766113 549.195404052734 540.76448059082 460.569931030273 462.595916748047 613.881923675537 565.3876953125 580.615165710449 673.320121765137 1034.95702934265 527.645172119141 627.457809448242 557.768768310547 515.210662841797 692.082357406616 496.932037353516 568.073951721191 566.979015350342 578.251832962036 668.851085662842 575.053863525391 600.351036071777 756.027376174927 498.853271484375 642.302963256836 697.59076949954 677.09245300293 761.520970344543 785.496116638184 798.46472454071 677.621337890625 812.537373065948 773.175994873047 738.361259460449 828.738418579102 1293.90719604492 681.942283630371 788.418869018555
-9999 -9999 -9999 -9999 -9999 654.052871704102 661.218555450439 707.107521057129 753.997856140137 662.103668212891 1069.10278320312 663.189933776855 548.351364135742 604.003707885742 540.779220581055 567.006210327148 522.710556030273 612.151084899902 759.920837402344 485.508651733398 1139.77372741699 702.436317443848 615.327781677246 632.726547241211 540.56079864502 688.913593292236 616.09041595459 713.865443229675 667.336532592773 649.78141784668 667.139678955078 667.321119308472 681.181139826775 530.725158691406 646.816362380981 683.205029010773 704.722030639648 667.701396942139 642.156593322754 791.316131591797 647.003509521484 733.380363464355 744.279460906982 702.122375488281 797.303039550781 677.033424377441 682.014167785645 823.037612915039 809.742263793945 799.797340393066
-9999 -9999 -9999 -9999 -9999 977.949195861816 606.050659179688 583.081153869629 766.33162689209 721.197818756104 741.010482788086 679.399158477783 626.381004333496 550.79695892334 539.349822998047 533.838409423828 470.380004882812 627.163772583008 482.888519287109 1179.16466522217 593.377471923828 615.062885284424 714.759635925293 711.500629425049 503.408737182617 731.04070854187 744.224439620972 659.117092132568 563.996643066406 632.190872192383 699.737087249756 577.00407409668 602.654479980469 545.398178100586 528.943756103516 502.971176147461 595.321083068848 590.492752075195 788.309135437012 643.846290588379 490.020614624023 872.944416046143 548.093765258789 921.311309814453 707.649215698242 840.879329681396 626.380249023438 749.419628143311 815.748146057129 670.020690917969
-9999 -9999 -9999 -9999 -9999 -9999 952.849731445312 752.483436584473 747.338443756104 623.054876327515 738.719934463501 882.084167480469 553.031234741211 625.825180053711 554.586303710938 560.607498168945 505.999206542969 481.911834716797 655.686214447021 638.251187324524 510.251739501953 536.80517578125 680.249320030212 700.40901184082 795.986663818359 669.536178588867 634.243316650391 774.625392913818 670.039279937744 633.509948730469 699.111107826233 577.450355529785 525.617446899414 544.981582641602 633.563323974609 556.506744384766 526.753479003906 573.387680053711 686.023673666641 793.787963867188 650.866065979004 706.393226623535 612.101554870605 647.307083129883 1090.38356781006 956.349960327148 1149.86931610107 1001.12658596039 818.748722076416 918.530963897705
-9999 -9999 -9999 -9999 -9999 -9999 732.925018310547 1271.42058563232 1237.57517623901 588.72533416748 669.060907840729 700.06160736084 1156.3614654541 576.886077880859 609.900192260742 626.379043579102 537.247085571289 562.147354125977 1002.19134521484 480.169677734375 655.369997024536 712.91971206665 653.44727897644 609.316833496094 607.438835144043 690.371690750122 724.753099441528 675.374286651611 567.146911621094 629.059020996094 677.710609436035 562.19905090332 551.465423583984 959.534832000732 800.181564331055 983.573099136353 940.695289611816 755.248770952225 535.280258178711 602.892250061035 523.916870117188 716.244582176208 630.890350341797 592.486511230469 597.505523681641 642.864189147949 712.639530181885 743.891784667969 1042.00834655762 747.396022796631
-9999 -9999 -9999 -9999 -9999 -9999 -9999 947.025247573853 815.503345489502 741.04328918457 831.660034179688 897.99609375 678.461822509766 908.8196849823 875.360488891602 477.137741088867 764.067810058594 1234.59689331055 476.979415893555 623.334800720215 727.22730255127 710.863571166992 926.804672241211 743.732575893402 762.948781013489 669.131156921387 810.064292907715 1134.25081634521 717.84716796875 566.239944458008 536.453338623047 745.467577934265 640.814465522766 864.921726226807 721.25178527832 835.550094604492 753.506103515625 855.255523681641 993.039886474609 496.561218261719 618.75447845459 832.036224365234 776.257976531982 573.718902587891 828.669528961182 619.675651550293 666.070610046387 538.863845825195 686.868473052979 755.68913269043
-9999 -9999 -9999 -9999 -9999 -9999 -9999 -9999 815.0299243927 781.009170532227 962.333023071289 689.660585403442 701.935085296631 857.763244628906 808.957553863525 704.692878723145 1614.54581642151 523.521591186523 565.988830566406 675.652900695801 809.676403045654 723.034713745117 889.311553955078 839.33943939209 844.208908081055 747.788299560547 726.903103113174 712.478160858154 986.85587310791 631.039112091064 557.538974761963 534.995834350586 561.10424041748 858.285144805908 671.265975952148 841.351409912109 908.597759246826 877.089653015137 916.08219909668 831.769050598145 524.504257202148 660.781875610352 729.876155853271 549.017303466797 475.209411621094 532.723754882812 434.419631958008 465.972961425781 597.081268310547 505.067279815674
-9999 -9999 -9999 -9999 -9999 -9999 -9999 -9999 -9999 1346.13399505615 1286.44665908813 1165.36632156372 694.94181060791 612.539794921875 710.480369567871 637.635925292969 936.859024047852 591.890441894531 666.521492004395 814.527757644653 728.321851730347 818.247085571289 767.44358253479 953.845153808594 886.338928222656 895.706726074219 817.254669189453 588.365455627441 734.67042350769 463.04231262207 643.761310577393 460.863632202148 547.25753057003 455.327507019043 763.235939025879 677.048080444336 718.966537475586 805.049488067627 844.112060546875 987.689880371094 1063.85704040527 863.24308013916 635.915252685547 809.538484573364 654.617038726807 634.821868896484 596.06852722168 442.832412719727 506.286605834961 444.04118347168
-9999 -9999 -9999 -9999 -9999 -9999 -9999 -9999 -9999 -9999 913.212844848633 503.181396484375 435.248054504395 595.525276184082 589.081871032715 619.509429931641 534.406036376953 634.205307006836 746.585350036621 672.203140258789 698.27555847168 770.946723937988 813.280326843262 681.355461120605 1106.98242616653 968.323364257812 624.56681060791 751.329475402832 642.463371276855 772.820903778076 643.504386901855 602.665100097656 521.27826499939 451.904396057129 691.174896240234 817.589294433594 649.164733886719 833.07275390625 870.921138763428 920.883361816406 842.147445678711 729.282649993896 660.871627807617 835.345458984375 487.375114440918 480.912475585938 561.402103424072 601.553603172302 464.146270751953 414.84375
-9999 -9999 -9999 -9999 -9999 -9999 -9999 -9999 -9999 -9999 -9999 1305.34691619873 1174.03992462158 914.729114532471 589.352004051208 611.566652297974 596.347702026367 663.443992614746 731.974124908447 744.100740432739 750.305812835693 845.014984130859 774.677394866943 658.755634307861 1151.85469055176 704.852710723877 1050.61822509766 924.547914981842 803.938781738281 851.119682312012 825.939563751221 1014.50291442871 768.860033035278 688.569396972656 721.341846466064 678.151550292969 725.289131164551 660.296463012695 843.259653091431 844.570798873901 946.927159786224 641.214027404785 818.88671875 629.796715736389 643.992671012878 598.358787536621 498.951553344727 959.329132080078 695.54728269577 860.459014892578
-9999 -9999 -9999 -9999 -9999 -9999 -9999 -9999 -9999 -9999 -9999 -9999 1035.31115722656 1177.60720062256 696.355495452881 498.698448181152 732.999778747559 663.657275676727 552.594291687012 631.612213134766 510.534194946289 675.103167772293 565.704193115234 667.62427520752 861.746360778809 935.328269958496 976.255950927734 752.38793182373 732.641262054443 749.462628364563 866.067161560059 905.575096130371 783.184310913086 753.175706148148 752.175073623657 516.020080566406 877.244876861572 764.144462585449 848.049757957458 766.476119995117 828.054165840149 895.826336860657 852.662051200867 640.681817054749 680.799290657043 722.123356819153 668.853490829468 682.875840187073 646.547222137451 731.472015380859
-9999 -9999 -9999 -9999 -9999 -9999 -9999 -9999 -9999 -9999 -9999 -9999 -9999 -9999 695.313579559326 787.709114074707 625.761255264282 965.295333862305 581.220729827881 642.476696014404 507.418144226074 742.814819335938 518.70133972168 435.301132202148 709.639940261841 645.487640380859 826.485343933105 840.184265136719 932.940284729004 859.834306716919 808.64546585083 799.399669647217 691.30489730835 858.49885559082 718.731454849243 527.022079467773 856.446455955505 700.712982177734 830.855984687805 1061.26531648636 1025.60428619385 1120.90531921387 543.270736694336 520.424346923828 671.692565917969 658.446453094482 658.944953918457 581.129165649414 653.747299194336 841.909744262695
-9999 -9999 -9999 -9999 -9999 -9999 -9999 -9999 -9999 -9999 -9999 -9999 -9999 -9999 -9999 -9999 -9999 1238.74114990234 787.043018341064 686.239473342896 810.781986236572 648.28125 949.821914672852 743.990081787109 829.510120391846 615.000427246094 682.141696929932 664.076833724976 811.09792137146 744.181060791016 631.963897705078 760.792287826538 791.989002227783 686.851379394531 747.085376620293 564.503238677979 652.915096282959 912.809358596802 608.32307434082 622.330047607422 398.963348388672 991.191383361816 456.690353393555 759.920261383057 704.778156757355 635.01155090332 646.551643371582 735.486709594727 536.815521240234 689.649147987366
-9999 -9999 -9999 -9999 -9999 -9999 -9999 -9999 -9999 -9999 -9999 -9999 -9999 -9999 -9999 -9999 -9999 -9999 -9999 -9999 1021.23530578613 1025.62588500977 787.473876953125 776.208854675293 878.830871105194 755.410095214844 903.840301513672 838.115417480469 668.954010009766 757.76985168457 753.747867584229 921.402130126953 836.971145629883 641.817321777344 700.330169677734 624.258542358875 725.139206051826 709.614303588867 719.703735351562 720.853664398193 734.524169921875 947.005905151367 644.279446363449 588.251235961914 658.21635055542 720.128722667694 717.436672210693 565.311241149902 791.087615966797 590.652702331543
-9999 -9999 -9999 -9999 -9999 -9999 -9999 -9999 -9999 -9999 -9999 -9999 -9999 -9999 -9999 -9999 -9999 -9999 -9999 -9999 -9999 -9999 -9999 -9999 -9999 966.63228225708 980.768943786621 910.139883995056 926.692970275879 879.350553512573 914.069571495056 717.885047912598 768.918413162231 724.52416229248 638.115337371826 789.2024269104 1048.28470230103 685.89143371582 780.329250335693 743.121691703796 619.332546234131 1065.83762359619 642.191596984863 728.827739715576 713.477123498917 758.104179382324 628.849945068359 709.432704925537 857.349365234375 785.68408203125
-9999 -9999 -9999 -9999 -9999 -9999 -9999 -9999 -9999 -9999 -9999 -9999 -9999 -9999 -9999 -9999 -9999 -9999 -9999 -9999 -9999 -9999 -9999 -9999 -9999 -9999 -9999 -9999 -9999 1083.57772827148 971.533535003662 847.57154083252 745.252998352051 756.709379196167 808.42115020752 896.682479858398 800.226003646851 857.263786315918 927.201797485352 718.409271240234 625.052934646606 681.53634262085 766.074523925781 814.834091186523 690.971632003784 695.513424396515 577.11376953125 663.00020980835 743.857633590698 675.583320617676
-9999 -9999 -9999 -9999 -9999 -9999 -9999 -9999 -9999 -9999 -9999 -9999 -9999 -9999 -9999 -9999 -9999 -9999 -9999 -9999 -9999 -9999 -9999 -9999 -9999 -9999 -9999 -9999 -9999 -9999 -9999 1077.17579650879 1033.92510223389 860.578277587891 954.830764770508 901.164535522461 949.483001708984 741.130294799805 837.441276550293 594.170944213867 933.460540771484 607.198112487793 717.106098651886 597.311470031738 608.79386138916 634.083553314209 685.601219654083 752.272486686707 676.38444519043 837.104164123535
-9999 -9999 -9999 -9999 -9999 -9999 -9999 -9999 -9999 -9999 -9999 -9999 -9999 -9999 -9999 -9999 -9999 -9999 -9999 -9999 -9999 -9999 -9999 -9999 -9999 -9999 -9999 -9999 -9999 -9999 -9999 -9999 731.55354309082 944.397468566895 978.030174255371 1023.95402526855 799.200355529785 785.60390663147 643.72607421875 630.658815383911 646.500793457031 763.921783447266 644.626850128174 600.821235656738 726.537141799927 709.765501976013 659.347053527832 717.398483276367 817.751945495605 853.7548828125
-9999 -9999 -9999 -9999 -9999 -9999 -9999 -9999 -9999 -9999 -9999 -9999 -9999 -9999 -9999 -9999 -9999 -9999 -9999 -9999 -9999 -9999 -9999 -9999 -9999 -9999 -9999 -9999 -9999 -9999 -9999 -9999 -9999 830.890907287598 923.916900634766 950.506134033203 848.102294921875 791.988357543945 843.76774597168 749.835837364197 821.573812484741 563.851165771484 731.716724872589 679.245882034302 783.697380065918 748.84725189209 611.595901489258 670.276782989502 754.461399078369 760.537220150232
