export/dem/dem27.asc
NCOLS 350
NROWS 171
XLLCORNER 152620
YLLCORNER 418050
CELLSIZE 100
NODATA_VALUE -9999
[rows 0 to 21 of 171, columns 100 to 149 of 350]
-9999 -9999 -9999 -9999 -9999 -9999 -9999 -9999 -9999 -9999 -9999 -9999 -9999 -9999 -9999 -9999 -9999 -9999 -9999 -9999 -9999 -9999 -9999 -9999 -9999 -9999 -9999 -9999 -9999 -9999 -9999 -9999 -9999 -9999 -9999 -9999 -9999 -9999 -9999 -9999 -9999 -9999 -9999 -9999 -9999 -9999 778.479610443115 729.228048324585 583.91136932373 680.795425415039
-9999 -9999 -9999 -9999 -9999 -9999 -9999 -9999 -9999 -9999 -9999 -9999 -9999 -9999 -9999 -9999 -9999 -9999 -9999 -9999 -9999 -9999 -9999 -9999 -9999 -9999 -9999 -9999 -9999 -9999 -9999 -9999 -9999 -9999 -9999 -9999 -9999 -9999 -9999 -9999 831.737800598145 928.869552612305 883.439910888672 801.936141967773 629.856657981873 775.29630279541 747.188571929932 626.660802841187 372.962051391602 535.070862770081
-9999 -9999 -9999 -9999 -9999 -9999 -9999 -9999 -9999 -9999 -9999 -9999 -9999 -9999 -9999 -9999 -9999 -9999 -9999 -9999 -9999 -9999 -9999 -9999 -9999 -9999 -9999 -9999 -9999 -9999 -9999 -9999 -9999 -9999 -9999 -9999 -9999 794.985992431641 785.448020935059 773.47981262207 718.744045257568 762.78693985939 822.684871673584 857.331680297852 526.620819091797 700.200508117676 630.037712097168 684.359596252441 665.475059509277 513.39660358429
-9999 -9999 -9999 -9999 -9999 -9999 -9999 -9999 -9999 -9999 -9999 -9999 -9999 -9999 -9999 -9999 -9999 -9999 -9999 -9999 -9999 -9999 -9999 -9999 -9999 -9999 -9999 -9999 -9999 -9999 -9999 -9999 -9999 -9999 765.107397079468 949.252410888672 943.748001098633 969.790466308594 728.753524780273 693.428688049316 719.247741699219 741.031745910645 878.782806396484 666.001108169556 659.328277587891 596.407400131226 634.348522186279 812.869148254395 807.183753967285 479.333679199219
-9999 -9999 -9999 -9999 -9999 -9999 -9999 -9999 -9999 -9999 -9999 -9999 -9999 -9999 -9999 -9999 -9999 -9999 -9999 -9999 -9999 -9999 -9999 -9999 -9999 -9999 -9999 -9999 -9999 -9999 -9999 -9999 599.437255859375 710.836268424988 585.456520080566 722.71937084198 732.427457809448 795.483108520508 611.471073150635 574.045199394226 621.579257965088 765.909767150879 807.713760375977 809.139007568359 861.418823242188 766.669944763184 853.941528320312 826.376808166504 755.319454193115 680.761741638184
-9999 -9999 -9999 -9999 -9999 -9999 -9999 -9999 -9999 -9999 -9999 -9999 -9999 -9999 -9999 -9999 -9999 -9999 -9999 -9999 -9999 -9999 -9999 -9999 -9999 -9999 -9999 -9999 -9999 -9999 600.115295410156 425.811141967773 674.887298583984 586.552893638611 699.319786071777 857.875732421875 632.240432739258 631.276718139648 804.666954040527 545.486450195312 715.816373825073 807.279876708984 648.391944885254 814.11198425293 948.52409362793 799.939240455627 803.417432785034 924.081817626953 974.499252319336 744.486892700195
-9999 -9999 -9999 -9999 -9999 -9999 -9999 -9999 -9999 -9999 -9999 -9999 -9999 -9999 -9999 -9999 -9999 -9999 -9999 -9999 -9999 -9999 -9999 -9999 -9999 -9999 -9999 565.554712295532 603.788291931152 611.5285987854 509.148147583008 505.006660461426 738.358291625977 513.869178771973 788.372817993164 628.463832855225 739.858087539673 868.071975708008 684.206374406815 966.107543945312 823.570350646973 791.393434524536 713.654151916504 658.65421295166 693.9538230896 713.422987937927 1045.08107757568 1143.49182891846 980.735336303711 1008.20033359528
-9999 -9999 -9999 -9999 -9999 -9999 -9999 -9999 -9999 -9999 -9999 -9999 -9999 -9999 -9999 -9999 -9999 -9999 -9999 -9999 -9999 -9999 -9999 -9999 814.683464050293 737.133506774902 708.620704650879 566.668913841248 531.020286560059 475.463233947754 609.045543670654 559.469686508179 515.007362365723 604.54323387146 794.932312011719 455.558807373047 864.236114501953 867.0029296875 640.84822845459 965.56477355957 802.613013267517 855.554756164551 934.962688446045 952.229930877686 818.669649124146 883.59162902832 969.160736083984 1286.0704498291 913.67484664917 1199.51856040955
-9999 -9999 -9999 -9999 -9999 -9999 -9999 -9999 -9999 -9999 -9999 -9999 -9999 -9999 -9999 -9999 -9999 -9999 -9999 -9999 -9999 -9999 644.319000244141 758.881912231445 630.783613204956 579.043487548828 804.251495361328 619.377126902342 549.342737197876 563.697648048401 671.639930725098 443.176620483398 521.968521118164 578.864833831787 685.14315032959 536.103359222412 694.587448120117 789.299987792969 716.217805862427 840.957565307617 965.766969680786 735.436000823975 668.917694091797 830.275899887085 586.739158630371 1091.24196434021 762.98939704895 726.101329803467 677.706649780273 571.316032409668
-9999 -9999 -9999 -9999 -9999 -9999 -9999 -9999 -9999 -9999 -9999 -9999 -9999 -9999 -9999 -9999 -9999 -9999 -9999 1146.3790473938 690.584243774414 596.711700439453 663.763361930847 643.058197021484 488.870435714722 382.999984741211 442.213088989258 609.659944534302 486.654716491699 594.864660263062 474.628982543945 490.398796081543 511.69458770752 705.418884277344 557.262145996094 656.293853759766 565.113222122192 634.875061035156 737.897361755371 690.846088409424 678.072704315186 779.168800354004 593.995979309082 668.848442077637 755.238265991211 657.724720001221 679.277170181274 642.203773498535 634.628517150879 676.046142578125
-9999 -9999 -9999 -9999 -9999 -9999 -9999 -9999 -9999 -9999 -9999 -9999 -9999 -9999 -9999 -9999 -9999 1079.35456848145 1112.10599327087 955.87776184082 625.496023178101 604.258014678955 566.622338294983 541.808784484863 404.273651123047 633.264842987061 641.245197296143 762.801666259766 682.686464309692 740.495677947998 761.872413635254 497.358818054199 655.103874206543 516.028858184814 439.378021240234 650.35124206543 737.831680297852 741.558166503906 750.648643493652 658.157508850098 689.418747901917 671.797346115112 543.943466186523 768.137214660645 647.126274108887 683.817908763885 748.740539550781 565.457389831543 572.936874389648 702.712364196777
-9999 -9999 -9999 -9999 -9999 -9999 -9999 -9999 -9999 -9999 -9999 -9999 -9999 -9999 603.455105781555 599.885429382324 698.446401596069 940.68892288208 1008.83522987366 929.573020935059 907.047706604004 633.023173332214 497.837448120117 624.787315368652 713.237598419189 637.637203216553 632.264282226562 644.561096191406 661.431379318237 677.609782457352 710.775535583496 716.424163818359 505.085426330566 569.554663896561 548.180940628052 734.678527832031 496.497676849365 622.83666229248 674.106044769287 618.436130523682 692.139193058014 630.633056640625 598.564888000488 646.85435295105 675.576390266418 584.5576171875 661.115818798542 614.922523498535 708.048406481743 521.271347045898
-9999 -9999 -9999 -9999 -9999 -9999 -9999 -9999 -9999 -9999 -9999 -9999 606.687377929688 728.092614859343 656.822807312012 831.079559326172 722.213684082031 582.735618591309 1059.51370239258 1035.88484573364 960.746742248535 730.247116088867 769.750579833984 569.606555938721 672.978812098503 696.164482116699 775.835352897644 805.694160461426 694.786089897156 702.412885665894 769.860534667969 630.619438171387 384.307350158691 502.936706542969 554.642543792725 683.388687133789 602.900684356689 648.30220746994 645.444772720337 631.225639343262 666.557708740234 648.483707427979 684.129098892212 670.816180229187 549.229156494141 531.375289916992 674.564521789551 533.165344238281 633.633235931396 531.06379699707
-9999 -9999 -9999 -9999 -9999 -9999 -9999 -9999 -9999 -9999 794.616745471954 733.598411560059 611.388473510742 680.681770324707 643.731028556824 805.207717895508 723.116325378418 724.824737548828 610.959796905518 708.660972595215 585.858814716339 645.034358978271 754.830078125 612.524612426758 755.400310516357 805.082717895508 817.378761291504 829.741203308105 769.922210693359 689.205268859863 600.693943023682 494.876032829285 455.252290725708 356.353805541992 410.860916137695 589.284248352051 602.130065917969 718.178153991699 557.327690124512 596.411789417267 724.565578460693 814.670120239258 712.477592468262 615.833427429199 469.906768798828 476.036514282227 622.443580627441 578.466415405273 456.113967895508 543.458808898926
860.004379272461 839.735916137695 817.206760406494 675.687892913818 790.399536132812 660.352355957031 600.832973480225 747.206405639648 512.740520477295 411.471862792969 681.551263809204 689.891790688038 703.057800292969 613.833466529846 748.924415588379 656.515075683594 821.490921020508 651.021709442139 613.822608947754 587.281038284302 537.983531951904 802.307861328125 699.470900058746 841.809860229492 854.437408447266 684.274404525757 689.787258148193 849.194274902344 769.307922363281 663.928657531738 615.414306640625 673.158493041992 650.444602966309 386.526515960693 508.988357543945 722.806865692139 636.945907592773 597.365827560425 612.647417068481 700.833102464676 753.713966369629 591.08980178833 586.207327365875 589.36897277832 614.177967071533 478.432716369629 558.264358520508 468.726982116699 569.613191604614 624.597412109375
818.525886535645 859.715202331543 758.195031642914 628.650854110718 682.798957824707 490.343669891357 416.946453094482 336.562057495117 558.152786254883 379.402153015137 910.796981811523 658.037899017334 697.508483886719 657.604398727417 661.940166473389 677.356822967529 686.459156036377 618.599216461182 737.587593078613 639.733085632324 862.45964050293 797.882904052734 677.620288848877 780.030460357666 683.406543731689 725.777587890625 640.058681488037 496.359645843506 673.887817382812 784.086044311523 640.957992553711 659.707859039307 622.857322692871 332.99210357666 571.501647949219 724.033479690552 692.152980804443 616.856819152832 443.68196105957 615.19665145874 638.06533241272 663.978808403015 561.09787940979 712.55101776123 775.900772094727 1148.79147338867 815.629928588867 673.6767578125 697.377082824707 659.936141967773
648.624889373779 661.919103622437 646.83566904068 718.653793334961 676.828416824341 441.39811372757 366.798286437988 414.792377471924 361.947380065918 528.30842590332 509.233695983887 455.35294342041 535.249454498291 828.875030517578 698.645942687988 892.058151245117 766.37232208252 758.767745018005 756.745347976685 834.001457214355 681.82763671875 1240.99223327637 496.854019165039 733.383544921875 585.38943862915 611.468578338623 581.074138641357 736.635828018188 400.050556182861 753.925064086914 820.05143737793 720.883563995361 603.594570159912 903.806098937988 539.306091308594 731.253206253052 647.045795440674 603.793901443481 635.367752075195 600.356021881104 639.791774749756 714.035316467285 835.581783294678 820.734962463379 589.295883178711 682.366701126099 694.081836700439 666.344458580017 739.854217529297 573.413028717041
621.472751617432 716.80334854126 699.487621307373 602.875075042248 756.941333293915 682.162916183472 807.276596069336 1099.1095533371 595.330787658691 548.205390930176 522.374488830566 613.005493164062 518.332698822021 862.169822692871 807.451183319092 687.969338417053 669.108261108398 887.155708312988 642.408218383789 875.712509155273 726.814358472824 736.47860956192 595.289003372192 603.384704589844 547.935974121094 577.401828765869 641.396781921387 789.317489624023 776.335433959961 842.302673339844 599.94474029541 658.662273406982 685.71488571167 722.162635803223 540.389587402344 1134.1223526001 542.403961181641 595.516374588013 603.284301757812 483.74674987793 1371.64240264893 675.23331451416 556.815689086914 539.334678649902 566.472480773926 579.177207946777 631.322868347168 496.153778076172 670.025417327881 590.141558647156
626.540134429932 669.718229293823 1174.21752929688 663.401271820068 777.569576263428 495.806579589844 749.58617401123 1214.41826629639 628.849158287048 775.013748168945 713.248794555664 656.256519317627 527.380233764648 774.576517105103 590.072448730469 621.196346282959 754.593887329102 651.244430541992 512.643676757812 748.255489349365 559.074340820312 588.47102355957 611.185810089111 506.43977355957 356.229156494141 467.77290725708 669.085601806641 389.655044555664 1273.34696960449 1167.08343505859 810.736740112305 875.847259521484 1198.87100982666 1255.46165466309 928.790252685547 1178.05847549438 1284.11849212646 881.958076477051 504.959320068359 645.616493225098 587.944012641907 643.440322875977 600.277181148529 438.78466796875 629.903146743774 477.897689819336 613.967769622803 475.669845581055 483.03076171875 508.634452819824
735.072803497314 753.331414222717 1123.02867126465 799.817710876465 794.497062683105 844.00545501709 1024.13660430908 1231.93321990967 982.651294708252 745.117757797241 843.105056762695 1028.66327285767 1017.17010498047 934.512599945068 485.299625396729 1162.52148246765 566.26505279541 757.470806121826 582.520469665527 900.369400024414 784.328575134277 753.767219543457 519.918823242188 539.929786682129 1139.22242736816 914.164779663086 755.126010894775 755.104652404785 669.093734741211 713.212463378906 843.745025634766 677.437149047852 656.904304504395 596.703691482544 763.871444702148 1242.77904713154 532.456420898438 552.828117370605 581.533714294434 619.439041137695 615.59228515625 586.062684059143 765.48656463623 711.465133666992 519.706565856934 652.834657669067 424.263595581055 555.455190658569 586.25435256958 482.321441650391
847.431449890137 398.626876831055 724.045486450195 711.897399902344 560.734825134277 589.219360351562 806.254253387451 519.179649353027 853.173866271973 520.496856689453 657.676155090332 1081.62250137329 766.0012550354 1097.0471572876 1078.77178192139 948.410385131836 1473.95133972168 1286.4959602356 719.29899597168 634.367919921875 859.688108444214 454.063873291016 1032.79272460938 455.929306030273 471.979446411133 971.441345214844 263.716705322266 573.198699951172 585.693458557129 613.609470367432 481.240615844727 596.384077072144 730.224014282227 727.862823486328 526.341949462891 700.450833797455 636.69539642334 712.92073059082 704.071419715881 548.162178039551 599.303688049316 740.004676818848 607.977275848389 668.561847686768 712.812927246094 670.542726516724 594.306118011475 560.60041809082 616.41550552845 464.804580688477
523.215900421143 530.061279296875 482.662727355957 406.561660766602 486.653923034668 895.135810375214 508.103912353516 839.33247756958 591.211044311523 688.241674423218 674.429492950439 1017.67303466797 685.818677902222 796.871238708496 554.864448547363 2138.18399047852 1035.62644958496 734.56591796875 487.298065185547 917.013359069824 802.227416992188 513.08521270752 436.53157043457 1034.73791503906 1076.80857849121 1522.05438232422 948.222732543945 887.812358856201 400.834579467773 567.474395751953 635.82653427124 634.181510925293 578.031187057495 588.711483001709 606.026145935059 483.348846435547 632.660746097565 510.758377075195 585.778953552246 581.479148864746 694.451427459717 667.301525115967 425.472839355469 645.178335189819 636.259107589722 641.345821380615 777.035362243652 612.31510925293 662.289295196533 561.485221862793
