export/dem/dem28.asc
NCOLS 350
NROWS 171
XLLCORNER 152620
YLLCORNER 418050
CELLSIZE 100
NODATA_VALUE -9999
[rows 44 to 65 of 171, columns 100 to 149 of 350]
420.095888137817 361.441757202148 467.780477523804 288.02668762207 363.492485046387 460.343065261841 365.632019042969 488.145847320557 485.371887207031 528.28108215332 429.525905609131 412.412289619446 380.985046386719 581.726806640625 444.118997097015 528.054874420166 600.913955688477 462.766468048096 426.774948120117 485.106960296631 439.903312683105 422.654624938965 410.222564697266 611.317405700684 496.943704724312 363.158584594727 404.536399841309 471.488487243652 476.611255645752 541.935856819153 553.988304138184 502.007368087769 527.705152511597 527.935535430908 394.733825683594 344.508224487305 335.862716674805 311.107437133789 529.452796936035 490.21590089798 544.837162017822 833.7724609375 645.460098266602 521.747110366821 495.485116004944 489.634698867798 603.574653625488 470.260456085205 591.671020507812 452.905258178711
518.009017944336 479.361545562744 484.193716049194 420.228845596313 402.141967773438 474.804225921631 483.539034843445 442.475545883179 449.435329914093 518.716415405273 386.925220489502 371.941535949707 468.779452323914 501.296016693115 531.670433044434 481.580911636353 716.504760742188 567.609809875488 522.599407196045 425.672336101532 274.869018554688 421.609294891357 389.705993652344 371.609771728516 444.055084228516 355.829360961914 554.674827575684 417.590171813965 572.27515411377 589.212013244629 691.671859741211 514.510890960693 653.061195373535 360.160690307617 477.256230831146 521.557994842529 486.448142051697 408.078483581543 507.901250302792 513.021657943726 545.275733947754 338.448852539062 470.754806518555 410.577438354492 463.604125976562 493.723612785339 527.755239486694 533.097766876221 641.568206787109 697.145874023438
437.738763570786 496.584587097168 328.190147399902 429.79887676239 358.202972412109 464.850949287415 440.38076210022 534.586471557617 435.686013221741 546.460227966309 391.718166351318 355.682800292969 444.150749206543 564.536010742188 604.416244506836 435.748748779297 438.507261276245 383.449493408203 486.884742736816 385.669250488281 613.528671264648 504.365062713623 385.995552062988 357.594497680664 399.233131408691 391.542144775391 342.267944335938 493.947492599487 415.68684387207 553.394672393799 540.21590423584 540.832849502563 554.011184692383 419.136833190918 584.299652099609 467.523936271667 413.333526611328 482.064580559731 590.520652770996 486.674850463867 648.410949707031 496.521373271942 450.459609985352 604.522003173828 564.529098510742 397.120758056641 548.703887939453 489.091812849045 329.463272094727 577.47876739502
449.260245084763 399.517974853516 333.403991699219 409.803588867188 407.755424499512 376.266525268555 527.167976379395 431.737827301025 385.771926879883 494.854145050049 547.100402832031 380.087875366211 367.43187713623 582.270538330078 526.258941650391 420.946828842163 457.66498374939 774.082458496094 544.585109710693 461.84107208252 414.314086914062 479.805893421173 483.28478717804 499.589588165283 491.207489013672 481.68053150177 390.03035736084 459.976022720337 432.478729248047 599.020263671875 500.457081317902 578.16822052002 641.138656616211 506.970456505194 552.900421142578 483.45517539978 387.65559387207 655.046508789062 628.100296020508 319.80632019043 539.065402984619 537.27965927124 322.75749206543 451.413772583008 558.117641448975 442.540512084961 450.645860671997 474.184358119965 405.315887451172 415.528343200684
396.697803497314 421.737373352051 282.191955566406 420.246452331543 452.443174362183 502.894609451294 562.525146484375 448.307878494263 469.703197479248 354.78507232666 388.152961730957 544.610893249512 384.100486755371 477.149494171143 534.895362854004 383.34073638916 390.579139709473 371.406364440918 465.799996376038 356.460113525391 266.289840698242 557.147315979004 518.691234588623 429.176376342773 463.665826797485 499.437194824219 376.79655456543 531.149845123291 552.450286865234 521.381994247437 352.117446899414 584.22412109375 622.492385864258 654.955902099609 529.924121856689 554.236114501953 599.132385253906 619.7353515625 574.210807800293 388.933921813965 605.557754516602 469.260137557983 381.476806640625 392.086433410645 491.15438079834 335.536010742188 454.249761581421 598.832237243652 455.137279510498 403.360977172852
319.096145629883 324.520164489746 491.751171112061 429.98592376709 353.968971252441 497.443029403687 451.463415145874 423.823986053467 447.346584320068 405.187866210938 463.772009849548 518.194673538208 535.119068145752 569.720252990723 447.589891433716 469.960889816284 379.74259185791 541.819694519043 463.904392242432 568.139373779297 728.250503540039 472.464590072632 379.41056060791 431.519958496094 714.189483642578 519.590570449829 613.260330200195 497.818223953247 433.898864746094 450.938705444336 497.053909301758 559.685249328613 531.17946434021 522.5793800354 623.910430908203 580.723045349121 713.189819335938 613.437675476074 373.33260345459 569.545753479004 536.87553024292 339.648239135742 465.615287780762 502.396406173706 506.935261726379 512.237888813019 451.355506896973 540.724784851074 317.148956298828 415.390045166016
490.695018768311 401.087417602539 465.903714179993 443.535338401794 496.351440429688 369.788391113281 463.080749511719 331.626846313477 392.499580383301 466.542521506548 463.656022071838 460.759819030762 522.771026611328 323.367324829102 433.683258056641 503.765895843506 454.879989624023 405.975151062012 487.427637219429 489.351390838623 592.273834228516 384.599700927734 380.254905700684 602.534454345703 713.662643432617 598.811256408691 459.976039886475 487.960838317871 431.431076049805 519.49374294281 483.752090454102 588.67943572998 472.446712493896 415.147201538086 562.890663146973 493.433307647705 591.631462097168 538.153686523438 664.968109130859 469.183006286621 561.652854919434 587.715354919434 606.899345397949 252.573394775391 476.476390838623 413.374465942383 572.655792236328 374.054756164551 484.00154542923 369.759323120117
529.58039855957 366.671630859375 400.998371124268 532.203392028809 352.067085266113 381.215343475342 505.843475341797 448.148756980896 440.139245986938 330.575347900391 383.754013061523 451.304653167725 407.680961608887 348.934020996094 564.723663330078 461.053765296936 495.365038454533 391.318244934082 548.513687133789 476.441761016846 538.57466506958 568.54256439209 587.03865814209 441.503494262695 572.535057067871 627.020454406738 513.13307762146 388.023384094238 630.741500854492 728.833938598633 447.750480651855 414.162719726562 451.959823608398 452.41446685791 556.669576644897 436.880500793457 559.693237304688 450.932800292969 553.716400146484 447.903160095215 499.856135368347 499.830244064331 517.830916404724 436.188583374023 500.841432571411 458.253993988037 461.528175354004 512.11979675293 572.258857727051 535.234889984131
493.087577819824 445.475484848022 594.157791137695 502.14079284668 341.217636108398 454.35906791687 289.716125488281 460.054447174072 450.617185592651 552.513736724854 445.583837509155 359.44149017334 360.261840820312 402.360939025879 589.701606750488 543.770141601562 599.361251831055 505.877873420715 333.685073852539 387.780548095703 374.60285949707 431.633411407471 576.951026916504 572.129570007324 544.683378219604 442.143600463867 561.278610229492 496.676107406616 458.649814605713 582.721801757812 615.889022827148 514.837605237961 415.210273742676 605.53515625 483.644607543945 479.752094268799 370.907867431641 469.350761413574 443.511383056641 462.010192871094 420.600845336914 504.543430328369 517.17982006073 478.106441497803 545.823316574097 550.395804405212 485.08536529541 655.14128112793 567.230247497559 369.351867675781
331.351318359375 303.970169067383 406.302756309509 347.806945800781 495.141021728516 417.005828857422 362.104339599609 360.320922851562 660.360198974609 336.388168334961 542.74870300293 407.923202514648 501.168872833252 504.318243026733 501.869174957275 441.559337615967 489.415539741516 572.225944519043 495.17618894577 474.103800773621 495.148933589458 542.346225738525 439.088275909424 389.194030761719 518.919795036316 427.335960388184 538.604133605957 404.221984863281 454.70645904541 471.185161590576 563.105033874512 600.713356018066 510.112670898438 440.5322265625 512.817802190781 463.541271209717 488.386562347412 408.75511932373 542.438982963562 520.084159851074 522.853536605835 461.183662414551 484.279640197754 587.575099945068 441.06428527832 430.534942626953 582.970630645752 523.293999671936 593.649738311768 594.137062072754
336.68408203125 356.860740661621 443.176128387451 343.03246307373 385.802894592285 489.369834899902 455.115665435791 394.181964874268 551.263931274414 551.363025665283 443.275703430176 437.428524017334 390.102447509766 388.545150756836 568.504196166992 447.323612213135 461.379570007324 350.799453735352 476.871466636658 277.478378295898 491.471158981323 481.381748199463 455.770729064941 690.34407043457 560.614337921143 575.669311523438 511.014255563729 412.753440856934 572.988075256348 539.876623153687 447.245185852051 622.619125366211 409.167594909668 542.312202453613 488.449996948242 506.447834014893 371.730361938477 609.525024414062 521.885107278824 576.997631072998 476.090217590332 447.706069946289 603.950668334961 425.432022094727 363.315170288086 503.45238494873 596.4993019104 624.414016723633 571.177742004395 508.932529449463
474.370025634766 352.599395751953 524.368530273438 348.643348693848 567.318481445312 533.459571838379 450.107803344727 592.850921630859 523.777111053467 448.326454162598 520.481609344482 410.264205932617 418.320198059082 517.658218383789 442.131649017334 570.464881896973 582.349189758301 499.764241218567 580.738067626953 413.784225463867 436.4914894104 462.826934814453 444.571166992188 542.147842407227 638.843353271484 592.267162322998 632.851791381836 418.231002807617 729.436782836914 627.563667297363 582.451002120972 692.094116210938 597.411193847656 544.188763618469 640.395629882812 476.413215637207 613.595420837402 649.950187683105 481.740211486816 549.802749633789 384.316329956055 427.584022521973 412.115051269531 445.343612670898 394.599945068359 618.571548461914 457.489524841309 535.856576919556 512.144466400146 539.226741790771
437.781710624695 392.016189575195 530.00008392334 524.478050231934 463.092748641968 486.53536605835 504.76099395752 539.101036071777 563.204879760742 519.095720291138 568.662406921387 560.398193359375 382.705337524414 591.287322998047 315.580291748047 444.153259277344 648.800094604492 508.398147583008 307.701904296875 486.002058029175 467.978916168213 567.686717987061 495.16857624054 525.632537841797 520.209533691406 582.021591186523 720.455596923828 532.625359535217 677.061192512512 609.789476394653 589.674684524536 561.345489501953 656.350875854492 477.104141235352 528.856735229492 483.163446426392 533.188233375549 355.895080566406 566.678047180176 554.738403320312 439.819328308105 471.952735900879 474.857727050781 603.859966278076 420.665954589844 537.671941995621 494.215213775635 595.510662078857 511.202259063721 545.836664199829
542.032608032227 641.365020751953 585.438049316406 497.646186828613 463.875485420227 394.263690948486 598.992713928223 519.988391876221 482.732883453369 352.69556427002 500.208393096924 578.318008422852 357.001449584961 424.333675384521 436.033790588379 519.470359802246 470.840341567993 386.478096008301 355.990249633789 424.175407409668 405.742073059082 438.912395477295 350.59928894043 350.713447570801 456.75131893158 503.361232757568 483.540534973145 655.556442260742 612.403861999512 539.414497375488 645.383735656738 606.459573745728 450.965194702148 476.894187927246 448.941436767578 578.383399963379 488.018215179443 566.598086357117 570.885501861572 523.380851745605 607.173614501953 482.667182922363 534.585851669312 601.327739715576 523.337743759155 559.889271497726 266.631286621094 449.035751342773 443.556922912598 545.108576774597
309.399757385254 525.928352355957 527.143394470215 606.912857055664 385.184761047363 482.175378799438 315.90966796875 554.43318939209 498.405574798584 541.218780517578 656.172134399414 580.734375 485.560991287231 656.414245605469 479.135210037231 442.233949661255 351.389602661133 367.111389160156 475.278548240662 447.986442565918 510.651905059814 424.37589263916 425.592636108398 243.911041259766 345.021438598633 421.674545288086 520.169795036316 420.382411956787 589.987098693848 410.649887084961 701.455093383789 669.833922624588 615.145484447479 433.896301269531 554.20707988739 716.886337280273 508.889675140381 528.343585968018 743.258686065674 446.621917724609 524.888195037842 589.49320602417 433.987319946289 528.874313354492 428.230628967285 502.262979507446 547.302040100098 445.620170593262 544.374195098877 454.737060546875
587.339401245117 462.231527328491 415.832494735718 458.024348258972 512.647827148438 413.748519897461 597.303833007812 503.615259170532 337.750541687012 576.752029418945 580.533866882324 329.142799377441 475.869340896606 508.250579833984 543.776985168457 402.193786621094 420.40446472168 416.095359802246 590.484268188477 469.335147857666 400.187637329102 339.731468200684 529.464580535889 386.533279418945 493.222448348999 420.987712860107 610.418273925781 598.85179901123 565.959796905518 595.238960266113 553.152839660645 472.037872314453 542.698625564575 542.061504364014 589.586711883545 532.447416305542 689.844623088837 507.884941101074 559.802421569824 560.594734191895 584.267642974854 554.727102994919 601.52893447876 487.327293395996 522.250323295593 639.382064819336 498.979991912842 422.650100708008 467.52513885498 558.739835739136
472.786710739136 486.470233917236 427.455993652344 648.116439819336 357.279571533203 476.566598892212 443.450338363647 490.407508850098 448.13103055954 339.83438873291 356.231063842773 480.892596244812 512.649440765381 395.310935974121 443.197946548462 469.411190509796 340.019165039062 409.294082641602 418.13395690918 486.443675041199 627.878662109375 460.62398147583 490.0079870224 478.529081344604 646.174499511719 574.278816223145 490.632034778595 551.476444244385 547.996576309204 628.251693725586 426.025497436523 452.312309265137 424.704475402832 543.772253990173 616.384962081909 683.608474731445 588.181343078613 484.211502075195 492.12935256958 560.070491790771 535.36150932312 449.110778808594 511.490535736084 427.73885345459 456.092460632324 675.987337112427 417.708984375 559.428569793701 611.3629155159 479.539497375488
479.386421203613 399.986083984375 693.69123840332 339.824615478516 545.348121643066 399.186809539795 481.448692321777 481.025574922562 499.077381134033 602.120864868164 401.790168762207 472.899037837982 404.618831634521 437.502353668213 520.508392333984 564.51106262207 398.720893859863 524.289302825928 406.357215881348 488.564751625061 599.897956848145 561.336944580078 468.367039203644 541.189529418945 388.028602600098 499.834629058838 538.515274047852 528.004547119141 538.034530639648 479.709774017334 477.547050476074 569.472278594971 525.064345121384 623.331108093262 590.205940246582 563.851425170898 565.642839431763 426.012619018555 604.238632202148 488.293701171875 626.594421386719 564.123755216599 465.83895111084 758.690383911133 652.880294799805 602.461182594299 799.403121948242 569.812610626221 499.182319641113 576.058925628662
575.403633117676 501.811073303223 533.421165466309 405.311962127686 529.122032165527 511.078437805176 427.324760437012 344.332725524902 474.210758209229 457.113890647888 393.506015777588 591.637405395508 384.00617980957 518.476336479187 509.99898147583 397.333633422852 398.359977722168 396.757293701172 557.673393249512 433.969612121582 527.992641448975 422.927993774414 433.206275939941 559.032669067383 557.756412506104 546.518821716309 456.344997406006 610.547622680664 582.544502258301 546.396713733673 507.255970001221 260.997619628906 455.905982971191 429.976753234863 473.263229370117 442.334770202637 514.779256820679 595.791236877441 425.916564941406 682.624130249023 569.781272888184 579.295463562012 592.996681213379 656.547470092773 579.361137390137 567.815454483032 739.281921386719 504.242956161499 428.862014770508 613.03458404541
481.150279998779 515.32759475708 510.68822479248 540.542610168457 331.400436401367 543.556137084961 343.313438415527 354.745300292969 455.54983997345 385.998962402344 519.481552124023 409.833442687988 482.540958404541 433.064155578613 583.216323852539 493.630907058716 435.605205535889 378.461608886719 406.704391479492 507.354291915894 418.129219055176 475.926113128662 410.06714630127 553.333213806152 589.144721984863 465.502811431885 577.867389678955 524.574626922607 437.057975769043 407.30525970459 531.108934402466 387.319480895996 586.921295166016 527.585965156555 439.138732910156 397.765808105469 569.402320861816 417.581184387207 386.95930480957 564.462618350983 506.466526031494 542.525694131851 455.004627227783 522.306241989136 532.757801055908 453.423400878906 528.303686141968 499.114421844482 523.451313972473 519.642496109009
531.507179260254 512.396728515625 535.994361877441 412.868141174316 397.669345855713 349.380744934082 448.903424739838 382.250915527344 516.199626922607 670.634429931641 297.545135498047 453.434284210205 440.284971237183 406.417938232422 351.975234985352 565.731918334961 393.770931243896 475.607475280762 368.123611450195 396.502464294434 348.251617431641 422.394607543945 586.837715148926 502.885440826416 509.232628822327 428.313217163086 492.460472106934 490.625116348267 520.97651386261 516.406158447266 438.470291137695 326.595840454102 358.416229248047 365.838424682617 434.002059936523 379.762420654297 511.469853401184 543.171288013458 557.630056381226 579.644788742065 534.588305473328 432.173820495605 560.776399612427 671.262664794922 479.540672302246 448.30615234375 498.032627105713 460.493576049805 449.276702880859 633.06095123291
531.065307617188 650.427871704102 519.065769195557 465.828198432922 505.945510864258 373.628761291504 463.090719223022 459.130525588989 358.774673461914 488.662630081177 379.875801086426 360.26586151123 371.094818115234 355.205108642578 474.502848625183 448.404789924622 492.196792602539 395.179122924805 587.262939453125 483.135501861572 434.020782470703 413.922569274902 432.598751068115 449.739608764648 476.528614044189 468.775955200195 649.067337036133 417.301429748535 442.343273162842 540.7741355896 529.537986755371 443.1865234375 523.341092586517 525.517424106598 454.321739196777 581.248317718506 406.394714355469 700.480010986328 518.082174301147 608.598190307617 449.390327453613 511.892917633057 649.547454833984 533.19745349884 491.242099761963 552.028136637062 542.431434631348 531.784345626831 760.235153198242 594.303676605225
