export/dem/dem26.asc
NCOLS 350
NROWS 171
XLLCORNER 152620
YLLCORNER 418050
CELLSIZE 100
NODATA_VALUE -9999
[rows 22 to 43 of 171, columns 100 to 149 of 350]
609.865152359009 461.667724609375 626.646953582764 617.155693054199 604.103630065918 480.236221313477 705.274990081787 521.643707275391 750.157424926758 583.732833862305 777.754272460938 586.306613922119 470.860046386719 749.898361206055 566.444625854492 348.719207763672 649.032287597656 776.722640991211 612.354393005371 506.434417724609 996.598205566406 883.632110595703 378.389739990234 431.948455810547 429.90461730957 523.382431030273 535.259075164795 512.169281005859 507.37979888916 645.139533996582 760.486083984375 641.869142532349 629.427019119263 707.191596984863 598.804865837097 630.096314907074 872.561630249023 846.833038330078 786.892288208008 774.207061767578 657.283014297485 721.465286254883 746.064102172852 732.36784362793 743.858306884766 673.737510681152 678.847007751465 566.826171875 595.766765594482 574.541164398193
497.581703186035 555.918510437012 375.346862792969 638.94775390625 520.576782226562 753.108184814453 325.633850097656 645.865005493164 576.321960449219 604.006885528564 1671.82409858704 532.78490447998 532.919189453125 1186.09027481079 412.521728515625 662.343162536621 787.200881958008 446.888122558594 515.564514160156 421.179077148438 740.132949829102 471.421966552734 928.490905761719 876.726852416992 477.634048461914 664.786628723145 587.729650318623 671.594261169434 626.222793579102 492.56322479248 611.288283348083 465.71753692627 660.870029449463 665.992500305176 722.640678405762 652.478253364563 520.375984191895 641.749662399292 600.251600265503 606.006954193115 856.770202636719 731.742530822754 792.426635742188 651.334163665771 753.83772277832 628.372034072876 707.527976989746 685.406639099121 508.44310760498 582.477256774902
564.630624771118 530.127857208252 520.999656677246 582.866790771484 463.863403320312 989.755653381348 548.370193481445 630.105834960938 524.351089477539 501.300628662109 671.799182891846 912.244766235352 615.82551574707 787.018695831299 549.595672607422 545.31103515625 596.180274963379 420.69873046875 449.369995117188 655.241851806641 664.163833618164 435.231262207031 398.725830078125 356.899322509766 587.465545654297 494.420700073242 599.382133960724 662.819900512695 595.601622581482 491.328514099121 665.302795410156 552.68544960022 487.765663146973 787.976558685303 727.439281463623 774.299652099609 527.503959655762 490.683547973633 564.921737670898 718.654895782471 591.682689666748 712.877670288086 645.008750915527 806.230819702148 553.31169128418 533.285484313965 649.891666412354 644.495445251465 592.565815925598 620.505411148071
480.47827911377 352.350112915039 678.651184082031 582.032257080078 496.93310546875 665.685035705566 817.182830810547 873.603988647461 436.802734375 947.850982666016 929.03800201416 864.878280639648 919.68684387207 824.682281494141 722.81169128418 1054.30513763428 485.402542114258 491.433685302734 440.887954711914 785.189186096191 1365.01237487793 533.728721618652 518.01636505127 394.263259887695 508.076431274414 483.183090209961 381.603179931641 600.882629394531 666.98551940918 592.666324615479 597.744819641113 363.114761352539 557.058250427246 891.336204528809 750.950349807739 500.543823242188 565.936630249023 608.065402984619 498.407676696777 598.397521018982 479.369140625 538.40518951416 487.126930236816 557.948354721069 682.328712463379 559.631914138794 662.934791564941 532.438323974609 535.216121673584 586.371587753296
457.697959899902 372.205154418945 828.008676528931 537.428001403809 624.529296875 373.050109863281 442.852020263672 710.807125091553 1094.44797515869 759.129737854004 649.276710510254 679.424087524414 796.275375366211 563.861099243164 631.180145263672 825.014785766602 616.521644592285 749.450618743896 704.195243835449 357.361831665039 1238.72041320801 598.287879943848 546.849639892578 495.871421813965 493.825096130371 509.920974731445 590.283012628555 568.459877967834 609.661575317383 384.335388183594 312.521865844727 477.360038757324 490.167808532715 568.560216903687 692.460418701172 509.394477844238 668.076713562012 552.512037277222 522.208030700684 724.974647521973 666.591094970703 515.394958496094 686.764190673828 536.032009124756 668.146224975586 539.300189971924 753.528350830078 664.669738769531 635.037078857422 704.077667236328
392.113830566406 448.316253662109 521.83081817627 491.672454833984 980.738952636719 1178.92512512207 588.282531738281 494.915466308594 527.981460571289 810.72354888916 711.509519577026 683.050010681152 659.844985961914 460.994613647461 353.498046875 920.592483520508 1252.7405090332 485.995445251465 481.620727539062 687.885604858398 561.710906982422 586.667848587036 719.886238098145 480.361099243164 566.840835571289 393.140838623047 477.909965515137 448.085052490234 478.998168945312 622.345634460449 695.212982177734 501.560432434082 471.240158081055 480.379547119141 537.58629989624 560.990547299385 426.529083251953 450.27995300293 614.823852539062 678.423324584961 398.402099609375 418.899337768555 480.58324432373 598.611103057861 628.682167053223 503.954650878906 551.238335609436 750.659210205078 665.616020202637 693.589767456055
342.773040771484 892.033046722412 436.852676391602 419.606872558594 301.209503173828 402.786010742188 427.638977050781 244.894989013672 690.352386474609 473.623901367188 794.991752624512 626.973655700684 441.575714111328 536.964767456055 628.833312988281 422.429794311523 563.25545501709 1017.69347763062 1196.609790802 494.760864257812 583.171667098999 654.46947479248 613.58092880249 469.817573547363 378.521148681641 536.156555175781 523.026526451111 559.610187530518 529.839096546173 375.724365234375 683.242919921875 672.974609375 543.169298171997 617.945137023926 500.581115722656 752.815231323242 529.507965087891 580.659438848495 653.848136901855 629.277317047119 569.892289161682 464.91869354248 574.649597167969 570.102668762207 519.097452163696 534.321872711182 648.203453063965 534.030792122707 668.968955993652 561.937918663025
536.095507621765 492.110942840576 388.461059570312 495.311958312988 607.049218177795 393.15901184082 564.78964972496 393.222625732422 537.002029418945 601.984413146973 804.314834594727 407.195190429688 594.294586181641 769.926193237305 760.47021484375 503.072219848633 472.660263061523 488.822845458984 609.107821464539 449.851150512695 599.739700317383 542.789052009583 515.712060928345 458.269149780273 497.539402008057 644.711811065674 503.605394363403 457.961479187012 492.461437225342 489.211566925049 477.170909881592 657.673324584961 681.728271484375 518.040762901306 593.824745178223 455.819442749023 613.746925354004 492.239933013916 624.696830749512 641.843063354492 579.936971664429 576.777277946472 677.134643554688 626.622055053711 544.983691215515 516.387680053711 646.12931060791 545.110722541809 749.46565246582 540.536376953125
763.624351501465 591.005340576172 419.63549041748 676.071090698242 458.195556640625 441.916473388672 539.282341003418 593.243722915649 498.97469329834 759.444213867188 623.489974975586 594.284390449524 467.708908081055 645.578765869141 414.927886962891 887.367973327637 575.978385925293 522.112201690674 480.823501586914 598.246471405029 493.356903076172 573.00527048111 583.301572799683 613.160148620605 636.434375762939 1629.3454284668 603.362907409668 670.521682739258 607.006896972656 422.030586242676 481.150871276855 513.050298690796 471.770557403564 574.14673614502 532.16672372818 524.975988388062 630.196411132812 722.45027923584 655.06517791748 602.17297744751 516.650814056396 468.191764831543 583.671021938324 567.948328018188 607.670501708984 500.655529022217 655.242240905762 522.604158401489 605.403396606445 678.740859985352
602.14098739624 438.477973937988 333.368392944336 621.095943450928 1313.99180030823 612.124938964844 702.237831115723 520.889151550829 671.938205718994 544.741264343262 457.423278808594 642.079635620117 486.763885498047 514.205165863037 445.864212036133 660.897521972656 503.19864654541 544.752149581909 435.985176086426 595.71012878418 656.798942565918 527.483808517456 513.995124816895 393.443389892578 576.551155090332 526.962383270264 513.554316043854 454.047378540039 372.252960205078 389.550796508789 400.62841796875 450.953735351562 447.09782409668 441.18807220459 764.64990234375 557.004665374756 461.031700134277 615.070526123047 653.274024963379 604.091156005859 602.447412490845 473.264633178711 512.250484466553 539.678333282471 448.588157653809 439.865211486816 473.930027008057 588.709423065186 567.696370363235 618.989242553711
427.502983093262 550.26940536499 584.857856750488 505.823467254639 663.318531036377 615.069389343262 539.378296852112 1138.02632904053 1204.88898468018 551.178186416626 404.757690429688 697.872686386108 563.704650878906 364.089111328125 581.580368041992 444.28231048584 442.675159454346 443.275741577148 560.777616500854 536.240121841431 648.75439453125 677.983787536621 458.332725524902 405.062019348145 449.580005645752 327.501327514648 634.552215576172 464.176509857178 598.135894775391 414.482154846191 408.029800415039 517.979840278625 434.950088500977 726.555847167969 650.683738708496 439.024814605713 658.544540405273 591.920631408691 541.277835845947 475.597677230835 492.040267944336 501.832244873047 531.178371906281 581.116621017456 540.083306312561 395.209701538086 655.883666992188 517.493690490723 659.163627624512 580.238403320312
464.850708007812 420.656623840332 497.711442947388 478.473117828369 645.139282226562 681.543472290039 617.585693359375 586.951469421387 610.127548217773 402.479385375977 698.695457458496 397.720611572266 439.552429199219 770.21159362793 385.620971679688 461.576431274414 546.243419647217 562.17253112793 415.904388427734 474.516178131104 595.196086883545 763.791839599609 414.134918212891 413.175018310547 586.730659484863 487.419863700867 479.250267028809 496.501627922058 559.857223510742 425.826042175293 501.174908638 472.713874816895 384.506042480469 589.880798339844 714.863784790039 644.616714477539 548.567470550537 578.259490966797 514.786182403564 439.090972900391 572.788513183594 435.028526306152 514.645636558533 402.973075866699 633.658348083496 539.457221031189 623.585693359375 407.174621582031 590.044284820557 628.74422454834
502.252164840698 604.44214630127 373.57300567627 523.027305603027 627.830993652344 621.131164550781 561.659599304199 533.192790985107 450.387729644775 522.062005996704 598.401000976562 523.892591953278 375.86555480957 332.46012878418 449.282279968262 632.332183837891 504.302185058594 538.677262306213 520.673966884613 497.731307029724 534.687986373901 509.430336952209 470.302387237549 574.386993408203 441.994018554688 502.803789138794 628.4208984375 560.218376159668 446.21923828125 395.359962463379 474.225631713867 464.241790771484 630.59831237793 578.7919921875 647.54475402832 477.058654785156 439.185531616211 693.279067993164 540.378009796143 424.97632598877 389.528549194336 469.444641113281 438.411865234375 557.460388183594 653.066024780273 409.53385925293 528.013046741486 534.85945224762 584.672662734985 517.65486907959
554.682090759277 578.095657348633 328.238540649414 539.721900939941 573.724311828613 460.160710811615 535.793762207031 500.487315177917 627.762466430664 459.111263275146 422.289276123047 397.647903442383 444.799949645996 281.809829711914 415.087066650391 475.593353271484 493.848669052124 570.299011230469 541.165866851807 426.315162658691 490.139198303223 544.106910705566 586.078369140625 586.285667419434 362.968032836914 523.223346710205 347.716529846191 587.151298522949 465.21084022522 406.326248168945 486.429540395737 471.655187129974 536.524845123291 626.562072753906 607.877731323242 652.437225341797 447.301998138428 615.00895690918 439.365581512451 460.217517852783 466.350177764893 601.738159179688 559.734973907471 602.997421264648 590.234428405762 433.202743530273 495.958629608154 660.61262512207 637.926239013672 622.57926940918
621.194290161133 439.728134155273 567.528381347656 382.342590332031 538.994346618652 539.269069671631 464.430221557617 641.941253662109 561.362554550171 401.182716369629 459.811378479004 576.808746337891 467.77583527565 433.676387786865 495.60199546814 402.26203918457 440.412860870361 469.691022872925 436.209503173828 554.891532897949 514.332160949707 452.449476242065 370.479293823242 385.704216003418 512.800594329834 378.444389343262 365.932388305664 374.9814453125 518.841503143311 517.32897567749 343.566345214844 346.20743560791 621.444671630859 397.57218170166 616.929008483887 457.559940338135 448.529903411865 582.831466674805 466.918525695801 570.407028198242 548.14769744873 698.569046020508 508.522844314575 481.865215301514 509.875049114227 457.260864257812 507.241937160492 576.168907165527 651.190338134766 477.144424438477
601.048278808594 564.012626647949 549.066215515137 457.416447639465 544.879608154297 642.442855834961 411.271675109863 286.921752929688 315.360809326172 665.223037719727 293.005737304688 549.492820739746 599.451622009277 610.387329101562 483.240955650806 383.676483154297 551.388214111328 431.53104019165 438.059637069702 474.928961753845 388.97053527832 358.479545593262 586.542785644531 529.532413482666 506.478290557861 482.866416931152 315.802825927734 500.624938964844 335.207412719727 537.063320159912 520.89868927002 517.867904663086 475.118761837482 532.92928314209 554.351402282715 428.42749786377 525.041606903076 487.208597421646 570.856155395508 453.53689956665 421.628517150879 524.274171829224 471.643968582153 431.582122802734 414.096832275391 568.458618164062 414.071647644043 525.857849121094 579.119045257568 722.783340454102
529.459930419922 499.141864776611 433.008419036865 483.36701965332 433.35913848877 403.735633850098 409.023391723633 490.942607879639 440.638599395752 455.268844604492 273.458145141602 405.004539489746 427.118757247925 482.225050926208 392.764595031738 282.866928100586 385.860107421875 478.581342697144 490.364706039429 601.78352355957 471.052751541138 293.230712890625 565.526077270508 568.299171447754 584.730484008789 643.906661987305 399.813968658447 514.632781982422 449.084327697754 543.710849761963 493.869785308838 400.183135986328 460.681812286377 646.548568725586 492.175875663757 365.178077697754 501.231759548187 512.717784881592 462.554016113281 545.802291870117 488.875185251236 451.097343444824 474.02885055542 381.636169433594 565.101207733154 486.179056167603 670.006912231445 563.258199691772 612.049472808838 446.676239013672
301.673446655273 497.701477050781 573.239097595215 515.267784118652 425.901165008545 543.744346618652 447.429213047028 425.93726348877 512.031070709229 452.399658203125 339.307769775391 452.430040359497 400.789070129395 610.05207824707 419.143630981445 514.530952453613 422.00537109375 575.619750976562 321.773300170898 373.158889770508 552.439384460449 400.655906677246 582.804946899414 394.469360351562 532.973701477051 497.122669219971 476.1750831604 356.518013000488 487.432288050652 490.491722106934 527.473777770996 519.068870544434 514.487869262695 589.597213745117 402.599075317383 500.491003036499 527.366279602051 327.097595214844 427.070182800293 336.112640380859 510.414888381958 470.506736755371 445.206733703613 583.185180664062 589.262626647949 528.354119777679 468.866455078125 502.427743911743 577.217281341553 622.773468017578
294.375305175781 532.105628967285 392.65315246582 511.208290100098 481.19397354126 300.319702148438 366.661254882812 255.787857055664 488.153810501099 436.169303894043 475.343925476074 300.9736328125 452.83801651001 454.982492446899 421.534000396729 335.387115478516 528.071880340576 311.622512817383 556.430839538574 529.230163574219 347.272933959961 428.671154022217 350.492370605469 401.913780212402 442.525135040283 417.121490478516 554.778381347656 451.479623794556 444.040132522583 362.591423034668 357.545791625977 441.41178894043 504.993782043457 575.323371887207 486.391994476318 519.769744873047 395.64225769043 489.348571777344 311.806381225586 353.371559143066 405.898719787598 619.719734191895 535.100395202637 394.15657043457 453.690284729004 342.934371948242 463.871055603027 525.992082595825 583.357440948486 487.973804473877
163.740173339844 441.655270576477 441.804891824722 332.355178833008 361.394508361816 438.175342559814 611.0146484375 598.714431762695 384.811965942383 389.650207519531 490.093797683716 438.593585968018 597.318428039551 542.646469116211 396.064491271973 464.107554674149 464.204629898071 463.856542825699 633.237289428711 662.943725585938 403.716636657715 405.671367645264 448.315372467041 478.165616989136 517.914281845093 419.870281219482 217.620452880859 429.146408081055 621.726776123047 519.324897766113 509.982776641846 523.970584869385 586.33519744873 519.57865524292 351.841232299805 395.274147033691 389.118881225586 599.681221008301 409.24373626709 568.14338684082 655.140525817871 625.35147857666 582.154090881348 543.006313323975 483.951175689697 479.973190307617 525.510858535767 477.392402648926 366.984756469727 408.957901000977
336.97876739502 370.622901916504 366.878036499023 256.958068847656 425.57559967041 373.224700927734 407.810649871826 339.857070922852 434.159572601318 308.303237915039 528.560104370117 421.589084625244 453.657972335815 439.184547424316 481.617479324341 534.764728546143 584.064476013184 413.108154296875 485.032421112061 505.237937927246 447.031238555908 550.818321228027 595.150451660156 563.85368347168 571.028984069824 469.838125228882 359.605110168457 382.987159729004 441.012535095215 365.187789916992 417.338821411133 401.309417724609 497.435853481293 506.300239562988 416.581661224365 347.139144897461 511.71466255188 398.815399169922 556.453086853027 451.693012237549 523.403415679932 329.026382446289 614.135513305664 436.870506286621 549.932975769043 302.161865234375 429.386566162109 510.823437690735 467.566955566406 447.62956237793
386.435554504395 231.53337097168 379.452857971191 295.351913452148 414.960704803467 320.210960388184 173.319091796875 339.249458312988 358.453712463379 430.999391555786 342.834022521973 375.014007568359 466.803586483002 469.343977928162 380.066230773926 281.134246826172 539.452270507812 401.279960632324 418.113555908203 453.54411315918 559.401321411133 533.486236572266 522.247817993164 733.870407104492 547.465553283691 571.064628601074 359.323608398438 335.179321289062 546.245727539062 487.57694196701 586.582595825195 508.988159179688 554.445209503174 540.178035736084 310.245452880859 418.014686584473 484.090718865395 299.86262512207 464.286651611328 514.137048244476 481.89905166626 494.684572696686 420.054473876953 521.056211471558 504.47114777565 553.727882385254 538.427980422974 586.513824462891 413.327102661133 505.490104675293
