export/dem/dem2.asc
NCOLS 350
NROWS 171
XLLCORNER 152620
YLLCORNER 418050
CELLSIZE 100
NODATA_VALUE -9999
[rows 66 to 87 of 171, columns 50 to 99 of 350]
348.276611328125 489.350601196289 476.244590759277 482.368427276611 450.338619709015 371.776374816895 301.008628845215 480.085929870605 378.282665252686 348.013874053955 349.074558258057 427.090263366699 251.982200622559 338.323850631714 320.853603363037 298.951633453369 467.311920166016 254.372467041016 435.99836730957 314.710224151611 399.576076507568 309.898933410645 290.395576477051 503.897552490234 243.442199707031 434.678123474121 341.369682312012 269.410232543945 446.683380126953 529.551055908203 456.2685546875 337.976348876953 364.13521194458 285.466094970703 336.749931335449 531.749855041504 473.522239685059 269.807540893555 464.024912834167 369.914169311523 369.013778686523 443.742287635803 489.860065460205 389.616233825684 674.018600463867 561.834777832031 460.664880752563 365.375701904297 556.469535827637 245.084396362305
568.344104766846 477.585470199585 501.607627868652 262.822448730469 435.095846176147 343.11141204834 364.649063110352 226.325820922852 330.796539306641 385.533458709717 289.337463378906 438.736167907715 291.18123626709 360.761981964111 375.580001831055 306.750802993774 361.808954238892 327.417739868164 419.368244171143 414.380599975586 509.149871826172 301.086296081543 351.504203796387 414.080368041992 378.786974906921 442.976627349854 512.061752319336 390.707928180695 526.256057739258 544.623840332031 493.116889953613 296.009101867676 325.471420288086 365.162628173828 359.761608123779 385.959529876709 520.91007232666 435.08606338501 380.999187469482 421.750304222107 88.7867736816406 287.801803588867 492.186614990234 452.737258434296 426.231443405151 462.279271125793 506.601905822754 596.591186523438 547.091033935547 425.513427734375
597.539138793945 570.079437255859 524.004028320312 362.810684204102 481.861526489258 202.591674804688 266.254592895508 206.371215820312 297.375007629395 417.098793029785 307.309616088867 471.967391967773 318.105529785156 305.749336242676 374.965140342712 356.711184978485 499.727081298828 335.598969936371 362.840492248535 362.840817689896 334.080833435059 314.043739318848 360.904445648193 364.414333343506 532.384078979492 342.470962524414 364.39089012146 307.588775634766 460.579719543457 410.266250610352 496.28857421875 493.890319824219 304.959106445312 356.83667755127 475.146812438965 470.442596435547 314.380851745605 319.40991973877 296.384346008301 333.673515319824 479.746398925781 406.545883178711 444.768883228302 493.805469512939 493.303985595703 596.266311645508 513.235595703125 473.313419342041 590.129684448242 448.417793273926
440.894226074219 505.846723556519 423.059383392334 437.555540084839 433.198951721191 307.710556030273 379.809194922447 376.432013511658 237.739944458008 314.868274688721 325.988748550415 419.735404968262 293.490043640137 383.72113609314 330.009475708008 499.649894714355 407.501718521118 457.631450653076 358.74263381958 381.461696624756 266.070419311523 392.701972961426 364.218456268311 544.446578979492 473.336059570312 462.198989868164 373.620359420776 329.982444763184 347.483596801758 344.42786026001 374.568870544434 324.778873443604 532.69596862793 434.501029968262 493.840972900391 391.274088382721 351.184028625488 262.275314331055 283.547515869141 412.400916099548 368.70491027832 248.743072509766 285.319213867188 452.949229717255 345.997680664062 479.781881332397 549.646018981934 695.992874145508 448.281531333923 474.256056785583
431.390863418579 466.899481773376 525.66242980957 436.11745262146 445.843860626221 390.969830989838 327.960762023926 374.090782165527 265.176826477051 155.612380981445 279.26806640625 351.801271438599 301.030967712402 292.573139190674 267.224998474121 257.566917419434 376.978927135468 296.90811920166 385.37272644043 309.477668762207 382.289709806442 393.714237213135 331.698642730713 473.509391784668 608.943771362305 493.805969238281 451.366512298584 469.623008728027 285.062789916992 486.758636474609 385.85586309433 404.838618278503 380.88892364502 491.276382446289 435.461887359619 441.085189819336 400.099332332611 394.608293414116 358.77819442749 463.755535125732 486.243751525879 395.453884124756 427.493586540222 468.788156151772 503.811786651611 463.359855651855 503.603446960449 546.675941467285 564.830581665039 538.136100769043
454.440975189209 500.42138671875 439.364151000977 417.081602096558 358.704221725464 228.222671508789 280.473251342773 196.293273925781 326.859531402588 268.253677368164 287.490463256836 350.83060503006 264.59986114502 351.195526123047 320.426856994629 391.937364578247 437.279083251953 329.015348434448 352.673011898994 530.748748779297 417.668262481689 433.271144866943 351.077911376953 386.387292861938 461.807281494141 403.116901397705 411.234014511108 352.651580810547 407.887277126312 515.845993041992 473.291709899902 377.465167999268 503.315803527832 453.082019805908 404.03333067894 496.45516204834 358.126514434814 503.156211853027 320.856010437012 571.49397277832 539.193130493164 409.17317199707 425.761894226074 304.856658935547 601.744171142578 616.157684326172 587.328765869141 364.362419128418 551.497932434082 556.512939453125
415.797290802002 531.494216918945 282.31315612793 247.261672973633 361.320472717285 155.413467407227 349.312435150146 345.483836174011 195.657806396484 204.017837524414 320.944450378418 209.834434509277 343.735038757324 439.216438293457 395.055843353271 387.304936408997 230.897705078125 322.853855133057 345.990840911865 458.875606536865 406.214214324951 219.654067993164 384.594774246216 329.675926208496 447.823692321777 333.647113800049 392.350745916367 371.819324493408 396.439736843109 429.725891113281 398.501901626587 431.948249816895 539.065155029297 438.731101989746 436.332496643066 599.101745605469 393.896339416504 490.044567108154 320.036354064941 426.158955574036 487.179836273193 263.90461730957 520.572231292725 442.469838142395 443.018021408468 392.906051635742 508.753871917725 440.67155456543 619.546371459961 422.517761230469
495.630294799805 407.097158432007 261.309753417969 305.345901489258 302.536834716797 473.818565368652 404.742652893066 108.511734008789 183.602645874023 396.746864318848 410.656604766846 87.8825378417969 306.733005523682 305.324920654297 395.90765953064 428.248764038086 288.180297851562 326.028423309326 375.440402507782 342.525241851807 512.165466308594 376.072631835938 262.039894104004 307.732078552246 326.813861846924 334.898036956787 500.976287841797 429.644485473633 435.272624969482 466.047348022461 582.854949951172 517.345809936523 439.774551391602 367.207984924316 336.959564208984 551.29963684082 489.127128601074 520.644714355469 443.08007144928 427.185322284698 377.341041564941 325.341957092285 417.447734832764 472.518243789673 523.196151733398 445.689914703369 679.439163208008 495.951351165771 548.556484222412 442.035404205322
302.219696044922 326.906295776367 328.381721496582 259.818771362305 326.548496246338 228.692337036133 386.104831695557 283.315963745117 341.772733688354 276.159927368164 460.973480224609 443.95970916748 421.736824035645 386.509483337402 282.32689666748 394.849164962769 716.054138183594 470.887340545654 394.498727798462 410.242206573486 383.823768615723 361.144273757935 379.429295539856 523.419937133789 477.487075805664 386.882833480835 322.885906219482 512.675537109375 471.102333068848 494.736328125 406.681837081909 556.121856689453 559.797576904297 567.280822753906 474.175285339355 482.430328369141 225.274185180664 543.653839111328 397.625743865967 511.325454711914 502.457275390625 467.878991127014 447.670791625977 494.772743225098 483.769553184509 506.038343429565 416.808403015137 513.736178636551 562.348045349121 462.278232574463
583.246315002441 520.033813476562 334.726432800293 397.793594360352 286.778709411621 288.682327270508 204.764663696289 227.531692504883 224.383834838867 402.299236297607 328.594572067261 377.750412940979 376.790479660034 226.028465270996 288.069557189941 418.180263519287 560.363067626953 432.314281463623 283.947555541992 431.007781982422 482.053810119629 336.437013626099 355.491096496582 331.946659088135 542.168167114258 493.865776062012 385.240850925446 406.26721572876 351.755463600159 423.894178390503 362.943103790283 493.331520080566 376.155002593994 594.319030761719 350.622074127197 328.544494628906 448.514398574829 531.743865966797 482.293746948242 407.981151580811 433.105312347412 319.542388916016 421.764717102051 342.443725585938 388.07177734375 367.343711853027 584.609451293945 523.742515563965 413.677917480469 809.273052215576
659.78734588623 453.481399536133 402.499335289001 424.728115081787 420.66885304451 312.424434661865 220.728637695312 209.600738525391 311.918239593506 227.129867553711 348.297520637512 446.765266418457 299.848861694336 222.249252319336 345.354871749878 466.62085723877 402.773073196411 275.432037353516 370.979726791382 350.00164604187 523.070693969727 423.459342956543 471.268188476562 395.090154647827 436.945915222168 366.801357269287 402.940105438232 521.404510498047 436.5500831604 492.96257019043 382.256507873535 396.501970171928 467.087345123291 450.9052734375 428.382516860962 454.827537536621 366.29793548584 301.217163085938 578.24201965332 440.901035308838 379.832946777344 448.547342300415 330.665405273438 273.272750854492 459.312996387482 441.741733551025 656.739423751831 914.980741500854 559.737596511841 627.374837875366
546.816696166992 707.471923828125 394.887588500977 221.648132324219 450.901620864868 303.738815307617 347.767482757568 227.842926025391 292.275314331055 235.517532348633 447.681437492371 428.858985900879 456.754959106445 226.085662841797 330.463905334473 356.318863630295 329.35510635376 336.217777252197 332.381114959717 490.30899810791 343.046758651733 344.584558486938 520.113174438477 622.874328613281 483.88729095459 378.242905139923 388.152841567993 324.7529296875 284.879440307617 318.191017150879 421.396203994751 413.275140762329 308.192718505859 401.038265228271 506.774124145508 468.23169708252 477.511848449707 270.093078613281 484.647489786148 362.531623840332 473.271308898926 426.663391113281 362.668445587158 431.181526184082 395.021759033203 737.363039016724 561.113344192505 847.793712615967 328.696334838867 638.802230834961
516.016582489014 372.823644161224 342.692715167999 377.523406982422 439.811182975769 312.619361877441 279.171752929688 443.396797180176 136.568939208984 399.981113433838 455.609046936035 330.8479347229 498.164627075195 377.343207359314 583.021179199219 366.734641075134 374.991769790649 436.346557617188 315.409847259521 348.619735717773 373.860610961914 466.784622192383 488.426750183105 238.036178588867 399.197635650635 465.791923522949 233.849609375 435.882862091064 311.06640625 361.900177001953 486.981895446777 617.37727355957 528.765846252441 444.84423160553 538.804656982422 648.651672363281 380.803634643555 500.692577362061 328.191772460938 526.188720703125 465.845691680908 587.761749267578 377.038673400879 635.60572052002 618.873610496521 726.448218345642 336.591171264648 554.158760070801 546.114776134491 635.771341323853
326.918160438538 261.968696594238 131.005340576172 331.788040161133 344.152725219727 367.556930541992 285.541923522949 275.540832519531 409.803890228271 410.348651885986 427.001049041748 478.401069641113 351.243112921715 421.986698150635 477.65608215332 244.611099243164 424.349006652832 393.02303314209 222.622940063477 412.08288192749 370.905510902405 441.220703125 566.320556640625 454.019943237305 451.904941558838 450.910629272461 368.945890426636 251.031967163086 396.45353937149 571.317230224609 405.172657966614 456.094375610352 463.713024139404 374.785423278809 423.249853134155 507.824031829834 557.760471343994 448.211893081665 604.457366943359 482.202445983887 480.636081695557 583.247066497803 957.76831817627 584.007060050964 650.343719482422 695.603355407715 719.496360778809 579.559223175049 434.184928894043 610.80249786377
523.866049766541 418.513090133667 339.872829437256 312.047401428223 353.606601715088 383.940799236298 266.076210021973 398.393390655518 421.47957611084 532.058227539062 393.969160079956 402.252571105957 363.277033805847 483.875587463379 368.958385705948 415.490802764893 222.132217407227 432.191738128662 344.154809951782 371.837718963623 364.732188045979 503.136535644531 418.714996337891 444.119232177734 407.072137832642 334.758548736572 285.192344665527 455.590751647949 432.351161956787 466.316589355469 379.712846755981 339.15168762207 487.80375289917 541.353881835938 592.290168762207 473.61615562439 466.399182319641 516.317188262939 466.522298812866 595.265007019043 616.031875610352 646.745063781738 900.284591674805 555.802429199219 429.722351074219 574.977951049805 579.054576873779 551.819402456284 615.441444396973 643.759689331055
227.675216674805 464.060928344727 341.776760101318 466.346778869629 491.206489562988 301.746223449707 367.165375709534 250.169830322266 381.891380310059 351.805861949921 341.887588500977 478.469924926758 408.496204376221 289.806495666504 351.435096263885 518.608917236328 379.414398193359 331.54487991333 395.031841278076 414.187122344971 390.882169723511 401.8590965271 442.972927093506 520.804527282715 361.744174957275 382.747429847717 200.72428894043 261.338928222656 335.655960083008 357.741443634033 409.904195785522 427.988414764404 465.326259613037 422.3844165802 562.575721740723 603.022789001465 479.655606269836 570.615837097168 642.872528076172 743.692596435547 946.18140411377 624.189262390137 726.585090637207 655.203567504883 670.089157104492 682.54084777832 645.323913574219 630.842247009277 502.937582015991 395.109024047852
539.363159179688 402.000476837158 296.372547149658 238.855651855469 314.939685821533 547.131378173828 389.084274768829 350.950201034546 265.019889831543 433.359588623047 345.37459230423 384.875305175781 339.47313117981 537.473358154297 451.424751281738 584.211196899414 399.284669876099 388.699922561646 408.156814575195 376.456544876099 505.560699462891 315.689018249512 510.811988830566 489.180732727051 432.486557006836 310.16716003418 153.091110229492 336.990325927734 228.343795776367 253.733474731445 435.274761199951 370.948287963867 467.899198532104 520.812557220459 475.537902832031 465.325092315674 611.449798583984 634.538536071777 835.554985046387 640.046323776245 347.919769287109 404.692192077637 502.91381072998 581.753784179688 581.768951416016 516.113933563232 602.096481323242 658.651336669922 569.832176208496 559.050842285156
552.672790527344 345.231609344482 335.112048149109 258.179733276367 318.032337188721 447.88159942627 334.314225196838 360.33845448494 365.308082580566 503.447631835938 297.312995910645 395.14137840271 211.64030456543 376.581016540527 324.708202362061 388.116188049316 415.037952423096 427.035842895508 306.94246673584 457.268135070801 353.891170501709 378.923748016357 387.852207183838 276.784675598145 230.019485473633 219.615768432617 183.914810180664 297.32169342041 259.780426025391 403.815338850021 334.6623878479 414.454779624939 397.709234237671 547.804035186768 691.099227905273 487.888967514038 479.683193206787 823.229232788086 604.47004699707 465.850250244141 571.611846923828 484.796591982245 448.006790161133 500.855854511261 426.375411987305 632.335456848145 554.98770904541 641.553430557251 709.989219665527 586.496082305908
372.374668121338 436.770530700684 425.082763671875 428.131401062012 554.915481567383 428.478302001953 457.421020507812 232.074844360352 211.493591308594 284.854782104492 428.702705383301 414.63614654541 346.275266647339 345.02830696106 488.6357421875 292.463897705078 370.08486366272 405.45947265625 471.092269897461 331.427150726318 350.42733001709 313.798500061035 422.278327941895 362.632322311401 383.117706298828 268.474792480469 350.74116897583 410.104790210724 429.145519256592 265.948089599609 452.759773254395 405.883710861206 510.615119934082 506.815483093262 401.571983337402 501.80860710144 719.491937637329 663.906204223633 536.521423339844 594.544521331787 514.054470062256 520.380698204041 555.602653503418 582.424121856689 678.127902984619 578.503997802734 524.81226348877 689.638633728027 570.694534301758 572.996826171875
306.300399780273 476.857200622559 511.880561828613 486.73365020752 464.220123291016 451.070289611816 390.932792663574 248.236122131348 484.806365966797 399.139636039734 384.908470153809 442.774490356445 403.065898895264 519.725250244141 428.297477722168 406.155941009521 280.153831481934 428.98197555542 352.611498832703 348.497836351395 335.892230987549 399.120248794556 318.137241363525 333.724601745605 285.274139404297 404.738749742508 310.259895324707 367.023391723633 228.288803100586 351.456031799316 342.718017578125 338.649223327637 479.063220977783 600.84937286377 348.897277832031 545.981544494629 525.208782196045 551.219638824463 678.790107727051 436.471487045288 507.46876001358 575.131231307983 520.004295349121 585.837036132812 392.870712280273 -9999 -9999 876.915302276611 607.37797164917 953.613513946533
480.791442871094 452.898334503174 428.808452606201 677.436828613281 470.97038269043 647.391174316406 398.438850402832 512.523666381836 444.581275939941 436.77082824707 407.827514648438 296.228424072266 307.802688598633 411.899524688721 390.908920288086 286.671272277832 395.027454376221 407.870056152344 393.881008148193 268.693626403809 406.562278747559 374.819705963135 395.202425003052 538.868865966797 431.630609512329 271.341186523438 393.741317749023 296.750335693359 330.205276489258 331.585823059082 454.089908599854 311.148330688477 306.077575683594 421.161079406738 320.775680541992 721.386840820312 624.067142486572 535.027759552002 441.164478302002 393.154418945312 558.142459869385 673.627914428711 -9999 -9999 -9999 -9999 -9999 -9999 -9999 -9999
439.083963394165 568.978134155273 383.835418701172 445.665107727051 446.418891906738 483.176681518555 421.916496276855 491.760070800781 303.674896240234 359.751369476318 398.803844451904 347.70080947876 334.790219247341 453.36597442627 394.684242248535 440.818641662598 479.129623413086 580.008529663086 387.187484741211 370.392288208008 365.660930633545 483.551490783691 407.898430347443 257.023834228516 366.789894104004 238.621612548828 386.112350463867 277.725219726562 330.111213684082 445.817579269409 359.380912780762 376.47452545166 265.675689697266 488.801852226257 564.355979919434 309.094543457031 562.164874076843 517.036869049072 352.968353271484 564.740808486938 653.670593261719 -9999 -9999 -9999 -9999 -9999 -9999 -9999 -9999 -9999
