export/dem/dem23.asc
NCOLS 350
NROWS 171
XLLCORNER 152620
YLLCORNER 418050
CELLSIZE 100
NODATA_VALUE -9999
[rows 22 to 43 of 171, columns 250 to 299 of 350]
834.172878265381 833.804557800293 767.417182922363 792.971908569336 887.102710723877 837.77853012085 1101.26147460938 914.323904037476 877.896604537964 669.287567138672 661.33617401123 349.504425048828 503.210784912109 560.576797485352 670.331281661987 594.52799987793 760.045509338379 827.058456420898 703.245346069336 834.700622558594 831.876838684082 753.94213104248 713.372489929199 922.574241638184 778.728569030762 932.542770385742 828.517669677734 815.828835517168 766.452668190002 937.028961181641 872.794586181641 -9999 -9999 -9999 -9999 -9999 -9999 -9999 -9999 -9999 -9999 -9999 -9999 -9999 -9999 -9999 -9999 -9999 -9999 -9999
861.972686767578 704.902496337891 636.278121948242 791.741167068481 602.125091552734 914.461433410645 862.787956237793 890.813598632812 877.636810302734 770.048828125 912.284515380859 678.994201660156 719.295333862305 703.203704833984 743.949722290039 783.355728149414 877.025764465332 759.622100830078 767.021709442139 851.495697021484 835.590873718262 831.74787902832 676.428607940674 663.238388061523 798.956619262695 765.743644714355 904.216354370117 764.110946655273 867.641677856445 828.712661743164 562.505264282227 1023.760887146 994.693252563477 935.652893066406 -9999 -9999 -9999 -9999 -9999 -9999 -9999 -9999 -9999 -9999 -9999 -9999 -9999 -9999 -9999 -9999
813.697364807129 1329.97173309326 1057.02126312256 746.109832763672 702.683891296387 712.490127563477 909.948619842529 793.729934692383 1000.76019287109 635.481918334961 640.402877807617 953.988914489746 980.53967666626 786.296787261963 604.754989624023 866.723129272461 836.593154907227 792.795234680176 908.123849868774 1108.98406982422 960.560943603516 837.945377349854 878.056198120117 743.881744384766 767.530807495117 810.431930541992 755.743530273438 843.324029922485 961.256843566895 854.063369750977 1020.77770996094 1101.5276184082 746.805346608162 830.916351318359 1073.2523651123 1074.16749572754 873.665040969849 -9999 -9999 -9999 -9999 -9999 -9999 -9999 -9999 -9999 -9999 -9999 -9999 -9999
771.299289703369 814.386682510376 863.771034240723 741.749346971512 536.073547363281 879.984336853027 929.710832595825 840.484306335449 1028.63850402832 914.035449504852 673.7060546875 736.38752746582 951.190769195557 904.419036865234 979.17271900177 882.278476715088 876.062408447266 877.435083389282 965.337661743164 987.260711669922 1190.79957580566 1102.1139831543 1006.38171386719 1032.60550689697 869.223510742188 979.584884643555 1018.43146514893 719.448699951172 946.797706604004 963.284606933594 590.793037414551 1030.50155639648 789.65478515625 777.607360839844 870.369033813477 998.937301635742 861.390182495117 797.245674133301 754.089987754822 812.354705810547 1007.15405273438 -9999 -9999 -9999 -9999 -9999 -9999 -9999 -9999 -9999
856.197325706482 942.217132568359 785.692405700684 770.674850463867 899.338172912598 1007.95288085938 883.148262023926 706.392044067383 817.02739906311 810.978437423706 782.671768188477 893.159149169922 969.507263183594 1302.79747772217 951.796249389648 979.980461120605 1008.68281936646 952.647010803223 980.983295440674 878.928701400757 1097.21894836426 969.379554748535 1236.39901733398 1259.3369140625 937.48286819458 995.612844467163 1015.25400543213 924.596227645874 942.390642166138 693.065780639648 885.135375976562 835.529987335205 909.47925567627 561.4469871521 594.563032627106 969.11784362793 837.075145721436 689.178863525391 860.394302368164 744.109970092773 876.002479553223 720.03706741333 1029.63182830811 1062.17847442627 1052.64680862427 -9999 -9999 -9999 -9999 -9999
857.698287963867 822.267999649048 755.795127868652 943.170291900635 882.671711921692 823.279716491699 1187.37934494019 831.125617980957 889.360277175903 922.413600444794 779.987274169922 743.99227142334 809.648550033569 2107.48779296875 885.154541015625 909.911170959473 819.203210830688 979.412479400635 980.187515258789 995.417846679688 914.660049438477 1052.42640686035 836.226732254028 1291.93479919434 1068.76047897339 1151.98614501953 1186.98277282715 1016.53047180176 959.792526483536 686.810348510742 829.489795684814 823.984298706055 808.544489622116 696.834449768066 569.884952545166 678.314750671387 840.315227508545 935.298721313477 946.041633605957 770.407022953033 705.327060699463 850.902679443359 1025.43612670898 1088.03930664062 1050.35482025146 839.692863464355 1005.64170455933 857.610443115234 721.60457611084 922.467956542969
960.227676391602 777.472801208496 734.358009338379 699.262664794922 838.93111038208 863.682137489319 804.42321395874 731.385549545288 765.744934082031 914.637351989746 745.600952148438 528.048767089844 539.724090576172 1629.35260009766 659.367141723633 880.004123687744 850.218616962433 741.781944274902 856.058639526367 1076.08393859863 1274.95809936523 944.567352294922 963.793594360352 1172.24040222168 1360.0791015625 1029.65483093262 1084.11246490479 1038.69573974609 1051.46836853027 935.517097473145 943.855564594269 863.438709259033 1162.68083190918 781.998962402344 694.943604946136 679.100021362305 975.87313079834 847.321701049805 928.963363647461 823.888317108154 855.076885223389 738.852191925049 709.72331237793 859.911430642009 959.738487958908 1021.48278045654 985.504722595215 742.464141845703 869.952407836914 799.846703529358
787.589378356934 751.429588317871 696.678314208984 582.757125854492 791.939826965332 794.0234375 818.571046829224 935.255493164062 820.062232971191 937.028610229492 608.633163452148 642.814727783203 1276.88215637207 499.824310302734 584.969055175781 841.264095306396 784.199356079102 944.905769348145 1020.69934844971 921.601333618164 996.561187744141 1078.71118927002 1176.45469665527 1021.96434020996 1119.23968505859 1466.70336532593 1032.03747558594 1038.93409347534 1048.30038356781 1052.11357879639 714.228271484375 780.854034423828 992.984802246094 702.583048343658 909.129913330078 989.212015032768 942.079475402832 1053.83090209961 1063.37159729004 910.935615539551 922.364379882812 672.813674926758 621.265350341797 840.377115249634 853.377605438232 742.22802734375 493.000885009766 467.972946166992 461.282447814941 756.33842086792
835.848571777344 788.900247097015 744.445316314697 711.641952514648 767.271617889404 745.515398025513 923.925552368164 803.438439369202 864.12255859375 752.739429473877 715.364807128906 505.531097412109 1589.4153137207 666.203536987305 651.967994689941 707.445098876953 882.458813548088 807.825798034668 798.687713623047 789.254196166992 968.235214233398 905.506286621094 860.571460723877 979.238311767578 1011.36535644531 903.461278915405 816.423056125641 941.443382263184 780.340446472168 917.028888702393 847.068252563477 1191.34285354614 815.522445678711 990.528036117554 895.390476226807 961.720359802246 852.432510375977 1006.77417564392 931.237020492554 934.077055931091 811.576789855957 981.394668579102 870.947307109833 1039.07312011719 721.985900878906 782.745777130127 610.520446360111 529.074582576752 507.862461090088 830.536514282227
930.778411865234 762.248327255249 708.137607574463 835.553081512451 793.47513127327 841.698936462402 921.336212158203 723.766372680664 749.589042663574 697.481773376465 807.179527282715 1032.07174682617 704.873809814453 588.170333862305 651.969528198242 821.593361854553 827.79514503479 801.87050819397 843.454083442688 875.930416107178 783.590362548828 794.534561157227 733.31615447998 926.015426635742 913.611434936523 838.621509552002 801.050217628479 747.724002838135 852.940132141113 895.918731689453 908.886848449707 781.457906723022 767.327613830566 873.384696960449 916.067832946777 972.495311737061 805.04515838623 736.821022033691 883.218978881836 1366.28534507751 1008.42340087891 997.771308898926 952.541065216064 955.66729593277 839.613983154297 716.74577331543 681.668870925903 634.39823949337 452.511795043945 997.179332733154
790.127464294434 834.17798614502 907.251556396484 822.079605102539 658.363288879395 853.264030456543 906.668899536133 856.649566650391 742.340217590332 936.94157409668 649.312866210938 1487.66129207611 616.436050415039 606.042495727539 630.726516723633 731.025547027588 776.663799285889 949.271499633789 840.400272369385 870.423370361328 840.283184051514 865.271286010742 706.466567993164 682.197662353516 757.375896453857 819.537986755371 862.816398620605 928.659729003906 877.991302490234 807.565937995911 765.805778503418 979.981414794922 863.741912841797 888.450633525848 767.522155761719 796.390171051025 738.933670043945 777.568965911865 839.193181037903 747.093116760254 853.529014587402 669.413848876953 837.148826599121 1380.29044342041 703.986114501953 691.725921630859 1012.12789916992 1034.73816168308 1021.162940979 1023.79193878174
920.457412719727 908.343032836914 699.336376190186 848.680770874023 921.975296020508 783.619598388672 783.5153465271 825.284175872803 877.114204406738 808.567401409149 847.363586425781 861.737319946289 747.370887756348 710.503440856934 685.404273986816 730.029983520508 802.353820800781 742.595321655273 816.42113494873 600.380142211914 678.367401123047 713.792205810547 812.969982147217 798.279224395752 794.051490783691 789.941722869873 969.896057128906 771.24745464325 655.060432434082 832.67847442627 671.94841003418 990.756301879883 767.655864715576 970.601470947266 865.87686920166 677.721786499023 733.780181884766 891.613037109375 823.550057411194 838.106615066528 838.82292175293 799.256950378418 726.622329711914 781.3994140625 1264.67126464844 645.285732269287 817.182880401611 806.561020851135 1021.35099029541 1081.05221176147
877.130889892578 784.755581855774 768.474668741226 797.034107208252 728.989059448242 764.718399047852 821.047634124756 733.988563537598 967.380752563477 1026.24245452881 624.80859375 786.084224224091 629.487991333008 735.523021697998 709.188095092773 884.93611907959 998.53967666626 857.588768005371 917.978805541992 821.281492233276 853.796394348145 712.274562835693 679.570945739746 868.196594238281 877.217391967773 653.409599304199 799.043045043945 848.053714752197 792.881868839264 832.685108184814 821.96043586731 870.511764526367 711.711990356445 940.048889160156 1003.1134185791 832.988889694214 749.06453704834 797.346020698547 759.22509765625 748.000675201416 724.257583618164 792.255546569824 673.721908569336 886.285957336426 785.507904052734 1228.48837280273 724.48225402832 1121.4638633728 994.235534667969 978.388122558594
836.320770263672 838.267944335938 871.410888671875 779.748913764954 750.367177963257 731.277698516846 661.257438659668 819.563724517822 947.190444946289 722.198956489563 854.374320983887 752.482915878296 775.077399492264 769.321018218994 717.867744445801 825.457920074463 899.328819274902 882.667499542236 839.939147949219 735.919288635254 718.996139526367 716.513969421387 883.799446105957 791.206311225891 920.538154602051 883.540351867676 896.584869384766 853.813667297363 828.979270935059 785.753694534302 699.351387023926 847.203548431396 987.218154907227 1065.69139099121 946.739936828613 879.705635070801 962.106948852539 755.396820068359 808.35328578949 780.471840858459 731.333679199219 750.712829589844 664.77685546875 600.320663452148 678.356994628906 772.676574707031 729.63020324707 1416.44069075584 1076.68083190918 749.571075439453
873.36449432373 737.291418075562 783.104470252991 697.666667938232 819.02074432373 741.88395690918 779.90263915062 846.727424621582 923.39039516449 853.992660522461 777.489101409912 626.055236816406 692.234916687012 670.002059936523 1271.75168800354 846.892585754395 750.233200073242 818.368118286133 1055.98211669922 733.36701965332 676.398803710938 796.607887268066 732.646110534668 784.885521888733 780.688130378723 770.554306030273 753.393489837646 814.50181388855 1030.91801452637 840.35827255249 930.729423522949 815.344499588013 723.327941894531 719.398223876953 889.91088104248 836.569267272949 714.133842468262 797.06205368042 804.48944568634 871.910636901855 700.480163574219 775.639301300049 754.513744354248 825.69077205658 770.030548095703 864.990787506104 796.696746826172 888.056341171265 890.215690612793 982.23860168457
722.546724319458 872.561477661133 847.941207885742 645.600311279297 626.510696411133 918.246734619141 755.667919635773 978.589752197266 654.956184387207 717.196111679077 744.3559923172 703.123901367188 740.32568359375 1002.96054649353 1026.33354187012 723.362213134766 718.022758483887 789.950504302979 1455.42539978027 704.401557922363 663.528472900391 696.860542297363 883.564781188965 900.854949951172 887.548698425293 878.541084289551 698.832542419434 783.606866836548 799.157115936279 831.352630615234 723.485107421875 725.759872436523 813.152233123779 658.09383392334 690.269020080566 804.143584251404 690.598297119141 836.253522872925 863.048534393311 907.910530090332 887.760147094727 672.605987548828 903.455787658691 719.576377868652 793.747955322266 772.328414916992 903.052368164062 818.623073577881 956.306705474854 946.548511505127
842.101608276367 818.426910400391 625.506034851074 834.04842376709 748.063804626465 637.15998840332 765.868002891541 695.906433105469 811.45726776123 816.432502746582 1358.19808578491 961.824533462524 1058.6435546875 1095.9195356369 733.834564208984 776.329429626465 855.380233764648 1624.38971328735 829.215698242188 1463.48467254639 1201.78142547607 857.197525024414 755.281517207623 861.562747955322 802.788768768311 757.044582366943 821.747709274292 845.275888442993 849.290008544922 815.768723964691 791.282985687256 832.402063369751 836.772393226624 787.834339141846 828.145938396454 908.224555969238 887.552230834961 841.266244888306 720.481422424316 912.746444702148 735.380264282227 672.331527709961 726.238143920898 771.955894470215 793.700199127197 729.053550720215 902.435594558716 779.316337585449 1002.70906066895 866.914840698242
829.368789672852 643.354049682617 703.518442153931 707.338794708252 675.605100631714 720.492169380188 693.897033691406 777.064853668213 966.509185791016 764.576602935791 840.279624938965 958.834510803223 744.55054473877 1290.8129901886 992.569671630859 872.992233276367 814.072519302368 760.913125991821 734.742568969727 734.609329223633 940.222183227539 898.126953125 712.190910339355 675.996078491211 804.037103652954 864.386703491211 702.444496154785 741.308395385742 866.688591003418 893.87363910675 820.605194091797 670.638336181641 815.756158828735 705.204063415527 848.351888656616 866.39818572998 856.217077255249 755.670001983643 686.687217712402 765.46541595459 686.351638793945 670.667816162109 765.030250549316 535.649200439453 827.816051483154 837.942555427551 916.942932128906 886.694091796875 1050.81535339355 816.105075836182
840.204765319824 719.868325233459 851.926177978516 736.465427875519 721.690203905106 725.679016113281 649.717132568359 860.306198120117 753.259922027588 789.961242675781 728.578895568848 723.077911376953 769.585716247559 960.95355796814 741.985366821289 1123.25008392334 660.272117614746 1049.74514961243 673.014938354492 601.572540283203 544.678771972656 770.196968078613 732.2399559021 746.63204574585 853.676696777344 795.416787624359 704.153144836426 725.984397888184 744.09058380127 824.899777412415 815.021083831787 741.137298583984 838.465469360352 809.552867889404 732.833206176758 719.760154724121 696.576919555664 847.228113651276 697.862327575684 605.144409179688 1097.37799072266 620.65608215332 807.656080245972 612.032516479492 966.088851928711 686.472106933594 776.494216918945 925.017578125 805.730396270752 973.498672485352
865.072814941406 799.189186096191 626.957275390625 613.657638549805 945.211364746094 689.665313720703 782.639457702637 829.021820068359 829.773132324219 779.911489486694 1105.20346832275 1054.59748864174 593.415721893311 732.375160217285 848.388275146484 809.420372009277 783.600547790527 761.277149200439 837.937103271484 790.628244400024 709.350746154785 783.927430152893 876.246299743652 709.355110168457 638.625076293945 620.942840576172 743.28231048584 841.643627166748 834.846092224121 649.635864257812 1224.75961303711 749.558891296387 931.438232421875 776.330940246582 698.904968261719 831.676811218262 1067.21604919434 843.465364456177 873.920700073242 758.611892700195 1002.13262939453 599.654602050781 637.643936157227 713.808982849121 831.558250427246 828.550414323807 745.745124816895 744.438484191895 814.479897499084 707.965209960938
940.203170776367 870.562210083008 824.894401550293 807.444976806641 887.559959411621 849.078857421875 768.432306289673 771.091815948486 933.728271484375 812.875762939453 1088.69556808472 1440.45534896851 768.935075283051 787.907192230225 816.887840270996 772.367401123047 673.216861724854 937.00218963623 697.086013793945 586.534698486328 868.643836975098 707.923271179199 544.35319519043 938.677703857422 592.146545410156 831.720008850098 813.796089172363 828.679539680481 610.363220214844 838.83048248291 710.803520202637 658.528381347656 921.935131072998 822.062685012817 705.05224609375 863.491535186768 860.078237533569 1022.93947601318 867.629075050354 1382.92870330811 698.082260131836 620.237869262695 694.733116149902 756.667037963867 670.809036254883 689.777938842773 838.536922454834 733.174507141113 775.040027618408 1019.98773193359
779.785263061523 655.111305236816 857.622611999512 701.401131629944 649.589218139648 654.765556335449 629.261489868164 727.675512313843 678.251766204834 907.564208984375 866.858689308167 710.974994659424 811.053886413574 533.175491333008 726.525281906128 888.80126953125 791.607494354248 771.414405822754 675.150039672852 845.307495117188 702.122787475586 787.002094268799 811.844505310059 709.618255615234 766.682610154152 756.726296663284 894.815071105957 788.234638214111 838.656797409058 1242.62984085083 629.751892089844 623.044227600098 725.587219238281 580.590621948242 709.176147460938 893.824527740479 957.237030029297 879.368412017822 675.453536987305 857.069241523743 802.980075836182 685.666526794434 689.343658447266 786.036056518555 667.563446044922 784.008945465088 681.48681640625 798.846580505371 742.630844116211 826.502059936523
