export/dem/dem26.asc
NCOLS 350
NROWS 171
XLLCORNER 152620
YLLCORNER 418050
CELLSIZE 100
NODATA_VALUE -9999
[rows 88 to 109 of 171, columns 50 to 99 of 350]
450.913608551025 323.074989318848 275.373580932617 293.498352050781 492.235549926758 463.641471862793 384.926074981689 364.24751663208 298.118110656738 313.205578804016 231.724075317383 478.827789306641 307.40682220459 259.118408203125 491.449928283691 326.171203613281 399.868644714355 436.829738616943 330.914447784424 232.410339355469 246.167999267578 276.275421142578 194.950317382812 412.856230735779 347.786994934082 454.551040649414 414.830563545227 361.889308929443 515.560585021973 513.038528442383 379.805404663086 468.291932106018 476.025512695312 311.077438354492 462.825004577637 682.788414001465 651.422752380371 621.575866699219 662.782363891602 708.265670776367 544.166618347168 -9999 -9999 -9999 -9999 -9999 -9999 -9999 -9999 -9999
460.93807220459 589.825790405273 376.914245605469 475.674934387207 447.189872741699 339.583885192871 400.730194091797 499.385055541992 216.597305297852 236.513137817383 238.710205078125 281.912010192871 392.31372833252 428.127773284912 394.382551193237 269.283897399902 348.944231033325 528.423217773438 366.018487930298 95.593994140625 350.685612678528 302.934913635254 352.467372894287 303.728462219238 149.860595703125 360.075450897217 249.495620727539 252.376739501953 426.482135772705 445.878806591034 313.255401611328 501.942199707031 439.681444168091 221.458633422852 675.433238983154 592.641639709473 720.202133178711 703.77619934082 746.750869750977 623.120746612549 -9999 -9999 -9999 -9999 -9999 -9999 -9999 -9999 -9999 -9999
911.386203765869 567.849258422852 490.064758300781 487.700649261475 565.417922973633 515.15242767334 404.437301635742 601.214904785156 451.300430297852 551.784881591797 448.964233398438 349.845861911774 392.250940322876 360.060307979584 332.033134460449 365.633230209351 347.826511383057 267.968803405762 272.769180297852 365.623870849609 229.680206298828 302.182182312012 363.563255310059 517.651176452637 244.334808349609 281.397109985352 388.992139816284 424.95689868927 278.115280151367 311.133430480957 401.024040222168 364.838829040527 418.511425018311 488.797039031982 898.79052734375 651.058753967285 519.019790649414 508.59161233902 657.680912017822 495.090469360352 -9999 -9999 -9999 -9999 -9999 -9999 -9999 -9999 -9999 -9999
353.268569946289 876.675910949707 506.171398162842 532.275421142578 509.268501281738 472.788314819336 610.435516357422 407.71418762207 354.602504730225 410.93970489502 363.358138084412 383.57093667984 396.235404968262 396.454202651978 333.342197418213 346.148014068604 263.185569763184 279.164245605469 269.639877319336 226.501541137695 238.573623657227 453.3625831604 367.929481506348 444.519998550415 569.048690795898 329.056037902832 322.279708862305 300.658912658691 300.561325073242 394.745620727539 387.98656463623 347.462287902832 361.459701538086 476.199043273926 725.249404907227 493.767066955566 516.512958526611 573.656600952148 540.816955566406 -9999 -9999 -9999 -9999 -9999 -9999 -9999 -9999 -9999 -9999 -9999
353.986824035645 474.773178100586 682.955995559692 683.112213134766 558.752166748047 542.175849914551 622.742095947266 545.897514343262 342.274658203125 385.265546798706 496.353057861328 273.968040466309 309.817451477051 481.782196044922 424.637756347656 263.092956542969 251.585922241211 373.186710357666 250.293258666992 318.338340759277 263.20783996582 285.686004638672 531.01358795166 362.88977432251 515.730903625488 412.452686309814 396.93602180481 222.659561157227 385.158828735352 370.619003295898 357.917701721191 417.982275009155 454.84769821167 612.899261474609 535.336158752441 545.767517089844 421.275939941406 669.228614807129 771.67253112793 -9999 -9999 -9999 -9999 -9999 -9999 -9999 -9999 -9999 -9999 -9999
397.507514953613 353.280208587646 446.497688293457 910.002052307129 319.662986755371 555.519187927246 557.251007080078 385.255718231201 490.63599395752 463.160636901855 400.649314880371 502.713516235352 271.921310424805 400.746957778931 164.616790771484 301.67308807373 383.649918556213 355.093273162842 367.920848846436 314.086738586426 374.964660644531 369.233551025391 326.670196533203 493.922607421875 369.317848205566 336.68677520752 406.681655883789 204.257141113281 223.69677734375 275.205078125 383.370376586914 367.467155456543 680.293972969055 695.557178497314 548.329738616943 478.635215759277 422.641784667969 777.173889160156 607.417226314545 -9999 -9999 -9999 -9999 -9999 -9999 -9999 -9999 -9999 -9999 -9999
228.198509216309 345.597585678101 350.113536834717 539.720489501953 750.129547119141 583.178520202637 558.229354858398 403.795766830444 387.977201461792 414.225850105286 429.793956756592 346.748374938965 269.78832244873 276.311950683594 432.772066116333 422.246492385864 477.999450683594 318.195205688477 500.081550598145 414.965097427368 453.116302490234 310.949493408203 509.450168609619 222.769882202148 487.160163879395 348.777221679688 403.675399780273 234.358596801758 360.816375732422 441.635133743286 334.096252441406 543.99393081665 412.966873168945 532.767545700073 556.696193695068 651.221748352051 427.458908081055 695.829322814941 -9999 -9999 -9999 -9999 -9999 -9999 -9999 -9999 -9999 -9999 -9999 -9999
464.560707092285 285.683015823364 348.887620925903 630.797775268555 483.711212158203 484.623565673828 366.354652404785 418.089369773865 369.663547515869 398.060813903809 638.50846862793 487.580642700195 407.842155456543 416.864580154419 403.566657423973 437.814819335938 405.306278944016 267.948364257812 410.833526611328 444.609006881714 377.940582275391 343.961143493652 446.433303833008 320.227691650391 499.295792579651 444.054130554199 293.174667358398 288.917266845703 253.379180908203 302.974594116211 380.452964782715 382.329307556152 496.701631069183 622.1594581604 578.008670806885 549.093978881836 491.462650299072 675.75316619873 -9999 -9999 -9999 -9999 -9999 -9999 -9999 -9999 -9999 -9999 -9999 -9999
276.774711370468 259.428666591644 291.404805064201 352.198303222656 682.121948242188 546.953435897827 505.879195213318 402.658924102783 418.993874549866 439.570169448853 336.768394470215 587.102233886719 551.469116210938 479.290298461914 478.912879943848 380.820318222046 334.685440063477 334.87752532959 376.827667236328 469.8473072052 286.513320922852 264.196960449219 306.115478515625 316.697250366211 222.854400634766 435.353176116943 454.806894302368 326.632064819336 365.395530700684 537.212852478027 422.633277893066 500.19165802002 494.415353775024 481.550491333008 487.996368408203 567.227808952332 368.982604980469 634.687198638916 -9999 -9999 -9999 -9999 -9999 -9999 -9999 -9999 -9999 -9999 -9999 -9999
251.996173858643 262.166014194489 340.010368347168 544.038861926645 501.778865814209 483.079109191895 354.524047851562 402.413360595703 360.564415067434 487.661991119385 422.143684387207 574.955673217773 549.567054748535 585.578765869141 612.804214477539 535.400955200195 416.85718536377 348.953269958496 354.92618560791 342.994369506836 381.961456298828 632.851364135742 269.449401855469 513.096866607666 567.386564254761 328.456031799316 375.100914001465 262.157806396484 407.49450302124 536.817749023438 330.629013061523 414.542301177979 821.507022857666 535.857727050781 285.617950439453 642.477996826172 689.419486999512 -9999 -9999 -9999 -9999 -9999 -9999 -9999 -9999 -9999 -9999 -9999 -9999 -9999
715.103393554688 423.881896972656 724.798736572266 726.525024414062 561.008951187134 626.987533569336 456.950126647949 478.366424560547 511.363891601562 374.987739562988 619.453765869141 487.553371429443 387.089462280273 454.974977493286 467.481182098389 440.16955280304 466.213279724121 292.894889831543 276.503059387207 340.424995422363 500.609264373779 406.688858032227 427.776550292969 360.709762573242 446.683295249939 725.628143310547 250.701583862305 348.288711547852 458.293045043945 571.629447937012 519.966323852539 535.646156311035 440.230758666992 517.381942749023 366.123603820801 513.937953948975 535.013275146484 -9999 -9999 -9999 -9999 -9999 -9999 -9999 -9999 -9999 -9999 -9999 -9999 -9999
660.905220031738 782.307281494141 512.108777999878 799.202575683594 724.914764404297 598.696203231812 421.265899658203 355.624603271484 491.285415649414 396.207672119141 528.019929885864 550.389663696289 563.449501037598 426.734800338745 576.009185791016 368.856266021729 384.842891693115 202.081558227539 456.40559387207 352.854675292969 501.650718688965 319.033172607422 363.046508789062 479.433479309082 570.809659957886 534.70090007782 826.737490653992 578.216384887695 593.040302276611 633.782535552979 611.957714080811 644.423274993896 684.889228820801 411.729957580566 530.729957580566 591.811851501465 655.244159698486 -9999 -9999 -9999 -9999 -9999 -9999 -9999 -9999 -9999 -9999 -9999 -9999 -9999
789.967758178711 670.190498352051 764.824493408203 580.092668533325 593.54324054718 586.625417709351 352.100540161133 514.729881286621 536.55143737793 611.308400630951 611.096925497055 567.43953704834 528.544939994812 535.931434631348 366.365151405334 326.540645599365 462.882702827454 387.92219543457 546.400305747986 527.968845367432 518.291679382324 423.599021911621 522.034999847412 606.228233337402 358.806732177734 367.387619018555 489.671005249023 553.777931213379 685.661666870117 545.175254821777 577.297317504883 547.343193054199 615.342094421387 534.695472717285 431.953887939453 632.28603553772 670.579917907715 -9999 -9999 -9999 -9999 -9999 -9999 -9999 -9999 -9999 -9999 -9999 -9999 -9999
433.894023895264 606.22248840332 607.073554992676 767.575927734375 633.29035949707 538.244316101074 586.506000518799 450.961654663086 595.312152862549 495.209251403809 651.114866256714 422.660766601562 821.838314056396 445.951369121671 357.154930114746 778.66862487793 405.539413452148 538.746366500854 422.087104797363 583.920154571533 433.154609680176 661.538021087646 466.62459564209 616.182888031006 419.234359741211 449.190994262695 384.436569213867 429.085563659668 552.978458404541 528.325286865234 546.016357421875 597.704774856567 437.666511535645 439.922927856445 524.390869140625 512.610618591309 -9999 -9999 -9999 -9999 -9999 -9999 -9999 -9999 -9999 -9999 -9999 -9999 -9999 -9999
404.511833190918 470.193633317947 784.577575683594 713.936538696289 621.057807922363 715.473236083984 624.272594451904 610.797748565674 418.578689575195 494.885696411133 579.086227416992 623.99435043335 477.736419677734 626.141290664673 455.334730148315 394.092391967773 505.421785354614 453.098892211914 458.365531921387 551.894557952881 550.668580889702 518.341037750244 492.908714294434 536.076602935791 524.42244720459 378.336898803711 544.348175048828 611.818061828613 533.977592468262 421.81517791748 439.084632873535 380.615295410156 362.8740234375 559.818742752075 791.531951904297 -9999 -9999 -9999 -9999 -9999 -9999 -9999 -9999 -9999 -9999 -9999 -9999 -9999 -9999 -9999
515.258087158203 425.036575317383 505.493391990662 491.217419624329 445.146690368652 489.324743270874 591.009870529175 540.689956665039 560.815475463867 683.583148956299 494.244999885559 352.855239868164 403.669923782349 476.313777923584 478.783367156982 308.934371948242 367.305351257324 578.870231628418 650.128601074219 448.177597045898 506.606796264648 397.6279296875 576.062795639038 484.131187438965 532.264350891113 524.560638427734 568.266050815582 329.144149780273 471.40257525444 354.950569152832 337.695953369141 499.476699829102 893.775909423828 549.530612945557 -9999 -9999 -9999 -9999 -9999 -9999 -9999 -9999 -9999 -9999 -9999 -9999 -9999 -9999 -9999 -9999
832.78649520874 384.349071502686 356.54923248291 320.372077941895 342.599464416504 364.766574859619 428.547206878662 329.640151977539 283.937255859375 476.484623908997 473.234153747559 606.002143859863 307.162002563477 475.428905487061 365.80598449707 544.741504669189 504.1340675354 480.370903491974 408.85856628418 674.797103881836 591.081787109375 483.71662902832 588.844226837158 507.637229919434 358.588424682617 637.262908935547 505.61247253418 512.239925384521 409.810478210449 397.201629638672 471.319396972656 590.959140300751 642.03157043457 -9999 -9999 -9999 -9999 -9999 -9999 -9999 -9999 -9999 -9999 -9999 -9999 -9999 -9999 -9999 -9999 -9999
-9999 580.833557128906 937.828998565674 433.111970901489 273.319465637207 855.914344787598 337.922988891602 251.88321685791 228.080657958984 361.336437702179 295.72191619873 330.487167358398 301.511505126953 343.691284179688 260.385864257812 491.381080627441 336.92170715332 426.769908905029 477.74711227417 379.007553100586 335.987403869629 297.790054321289 299.457489013672 417.048484802246 429.75704574585 458.489850997925 341.509887695312 585.227798461914 362.600158691406 491.292503356934 692.200019836426 664.387283325195 -9999 -9999 -9999 -9999 -9999 -9999 -9999 -9999 -9999 -9999 -9999 -9999 -9999 -9999 -9999 -9999 -9999 -9999
-9999 -9999 -9999 -9999 751.905582427979 782.707946777344 399.191329956055 405.418825149536 559.58544921875 724.577812194824 518.860961914062 327.89338684082 349.760543823242 402.54693031311 320.308815002441 308.684440612793 178.731079101562 -83.5727996826172 50.2287521362305 460.285789489746 376.723068237305 417.230918884277 444.272758483887 536.699155807495 421.231719970703 558.002777099609 577.965925216675 513.113609313965 478.287141799927 583.871292114258 -9999 -9999 -9999 -9999 -9999 -9999 -9999 -9999 -9999 -9999 -9999 -9999 -9999 -9999 -9999 -9999 -9999 -9999 -9999 -9999
-9999 -9999 -9999 -9999 -9999 -9999 -9999 -9999 -9999 789.415679931641 503.355941772461 477.97322845459 444.401702880859 350.443161010742 350.647651672363 486.850921630859 365.435913085938 -92.7262573242188 113.752978801727 541.157493591309 518.00431060791 493.815010070801 741.80192565918 548.362869262695 551.826629638672 568.300651550293 573.057434082031 568.795269012451 -9999 -9999 -9999 -9999 -9999 -9999 -9999 -9999 -9999 -9999 -9999 -9999 -9999 -9999 -9999 -9999 -9999 -9999 -9999 -9999 -9999 -9999
-9999 -9999 -9999 -9999 -9999 -9999 -9999 -9999 -9999 -9999 -9999 -9999 -9999 -9999 -9999 -9999 500.851837158203 756.35270690918 743.509185791016 606.672180175781 800.010726928711 938.811133384705 763.827560424805 928.973466873169 850.055511474609 -9999 -9999 -9999 -9999 -9999 -9999 -9999 -9999 -9999 -9999 -9999 -9999 -9999 -9999 -9999 -9999 -9999 -9999 -9999 -9999 -9999 -9999 -9999 -9999 -9999
-9999 -9999 -9999 -9999 -9999 -9999 -9999 -9999 -9999 -9999 -9999 -9999 -9999 -9999 -9999 -9999 -9999 -9999 -9999 -9999 -9999 -9999 -9999 -9999 -9999 -9999 -9999 -9999 -9999 -9999 -9999 -9999 -9999 -9999 -9999 -9999 -9999 -9999 -9999 -9999 -9999 -9999 -9999 -9999 -9999 -9999 -9999 -9999 -9999 -9999
