export/dem/dem24.asc
NCOLS 350
NROWS 171
XLLCORNER 152620
YLLCORNER 418050
CELLSIZE 100
NODATA_VALUE -9999
[rows 66 to 87 of 171, columns 100 to 149 of 350]
580.02912902832 352.627853393555 559.774658203125 491.203548431396 485.207708358765 521.904960632324 424.779388427734 370.052368164062 631.834716796875 369.180641174316 500.435949325562 464.658326625824 457.896999359131 526.196098327637 458.244226455688 571.43620300293 511.018325805664 452.533802032471 371.559562683105 539.383758544922 533.113670349121 614.11905670166 619.371856689453 341.584243774414 335.635955810547 445.495262145996 486.746074676514 556.019187927246 437.525684356689 418.700729370117 684.092987060547 666.500457763672 551.71496963501 648.693870544434 715.155921936035 605.543018341064 570.871631622314 548.00893497467 628.627502441406 706.877960205078 579.298739433289 493.787830352783 525.726190567017 615.493804931641 467.630409240723 543.757970690727 496.488014221191 508.504547119141 542.695168972015 475.192245483398
456.64507651329 468.24217581749 586.116088867188 634.950881958008 512.457962036133 489.447755813599 418.270431518555 430.855312347412 393.452560424805 394.366317749023 473.591764450073 443.669509887695 498.308452606201 425.132888793945 362.344192504883 494.792343139648 375.287719726562 599.74755859375 522.695903778076 458.269989013672 452.480602264404 596.964767456055 449.630523681641 400.679443359375 519.165302276611 465.720211029053 644.430290222168 461.510635375977 389.183006286621 487.361333847046 528.823705673218 675.191802978516 598.309650421143 880.986755371094 685.14306640625 678.597846984863 579.172590255737 543.966361999512 678.953067779541 535.396331787109 609.679481506348 412.479644775391 379.624633789062 456.202865600586 597.904514312744 420.707504272461 523.456733703613 489.167617797852 613.541744232178 478.572860717773
474.013158798218 369.207641601562 359.820793151855 645.635864257812 487.303608417511 478.249591827393 429.855751037598 436.958396911621 396.605987548828 378.425903320312 375.225280761719 433.323104858398 474.359992027283 500.204436302185 450.299627304077 344.922988891602 559.491470336914 521.171756744385 628.61506652832 662.559341430664 557.534217834473 540.42212677002 525.553295135498 455.223731994629 551.088222503662 286.817840576172 537.825805664062 611.785591125488 491.066740036011 613.30782699585 606.459831237793 617.97046661377 700.62287902832 565.697405815125 653.025726318359 745.090057373047 698.759468078613 693.382530212402 936.587677001953 628.650585174561 622.100402832031 539.708823204041 547.61891078949 651.304588317871 653.837379455566 656.121292114258 724.0234375 545.486116409302 532.971321105957 628.399269104004
537.48762512207 434.669950485229 460.775593042374 409.769969940186 419.352024078369 383.159858703613 574.840126037598 430.771933555603 456.726665496826 361.21809387207 386.405265808105 292.280960083008 453.193494796753 532.544502258301 535.12833404541 459.110584259033 636.950958251953 564.031547546387 583.826309204102 498.008298873901 487.016618728638 489.161967277527 413.135475158691 460.550586700439 330.354217529297 451.125873565674 590.446762084961 479.648838043213 569.176208496094 578.523845672607 726.322830200195 682.172843933105 729.879089355469 831.640655517578 813.103729248047 739.494338989258 659.307647705078 725.853469848633 668.231842041016 698.165512084961 614.722480773926 575.109802246094 588.013642311096 587.843616485596 711.75496673584 570.797818183899 836.432769775391 628.706192016602 598.921263694763 663.202796936035
624.263916015625 479.764154911041 604.185508728027 434.977090835571 510.012172698975 422.807960510254 459.890928506851 590.246513366699 547.26815032959 552.732490539551 386.76057434082 407.110794067383 462.84700012207 542.145118713379 533.280925750732 454.143726348877 586.899719238281 536.314212799072 619.889984130859 624.256988525391 661.328948974609 420.56111907959 371.791221618652 491.173226356506 478.051134109497 407.147674560547 468.121891021729 547.014705657959 458.301712036133 616.273178100586 619.785690307617 533.948249936104 755.411880493164 768.475921630859 677.132911682129 673.671585083008 680.933212280273 637.331245422363 517.088005065918 346.599548339844 573.710838317871 543.44575881958 554.212003707886 505.684562683105 534.246578216553 482.975341796875 537.035099029541 578.287506103516 591.430298805237 705.138214111328
570.112995147705 675.322174072266 471.652381896973 492.611106872559 516.78145980835 399.866348266602 337.267913818359 509.260520935059 400.724189758301 411.413402557373 478.642230510712 474.785966411233 387.450881958008 306.251953125 501.007480621338 556.004577636719 625.422470092773 433.96396446228 517.69100189209 488.357317447662 543.092323303223 610.262908935547 474.465473175049 463.588020324707 577.382263183594 405.531364440918 455.357223510742 335.963088989258 532.106717586517 409.417053222656 584.641845703125 717.485816955566 714.622619628906 584.589988708496 700.340316772461 602.199785232544 602.774244308472 686.16858291626 648.574779510498 683.768432617188 438.397506713867 556.043216705322 546.354412078857 390.874465942383 694.043479919434 694.732909202576 518.234764099121 490.03466796875 592.704063415527 576.430205345154
474.533760070801 612.086204528809 533.297031402588 487.397117614746 590.781112670898 226.151504516602 319.955184936523 453.264577865601 484.419118881226 476.565921783447 321.756912231445 367.576026916504 371.724006652832 267.65022277832 508.41802406311 658.550521850586 677.827270507812 525.289165496826 560.441383361816 473.410730361938 524.68726348877 499.557483673096 614.652801513672 560.804489135742 487.557367324829 440.305908203125 479.534770965576 468.82540512085 600.080017089844 526.812571525574 687.662475585938 693.741882324219 620.32445526123 631.851722717285 646.394348144531 994.633285522461 572.953468322754 974.109329223633 759.413917541504 782.930725097656 887.73307800293 363.536895751953 464.650588989258 394.10871887207 563.840916633606 796.372222900391 486.464866638184 521.292526245117 703.559875488281 560.158578753471
509.944617271423 607.149559020996 623.858535766602 382.217872619629 392.682319641113 385.1591796875 515.086555480957 272.677932739258 366.13355255127 436.435291290283 428.812595367432 457.885383605957 400.791511535645 332.642547607422 335.571014404297 507.11559677124 458.616310119629 471.186431884766 596.506614685059 395.365715026855 617.809753417969 465.05562210083 453.49388885498 414.42268371582 508.076633930206 355.552764892578 524.355112075806 466.898956298828 480.64697265625 616.306457519531 713.529220581055 490.220191955566 659.035331726074 990.171752929688 881.533599853516 747.557922363281 521.471664428711 897.034545898438 733.468013763428 556.014919281006 820.877532958984 337.953826904297 452.484773635864 409.353481292725 474.227337837219 519.743291854858 913.30330657959 444.867835998535 583.698703765869 676.875541687012
463.859725952148 409.047782897949 351.842514038086 530.593479156494 313.641189575195 284.347732543945 450.986982345581 447.946248054504 541.304382324219 413.564819335938 572.636497497559 412.172452926636 380.936721801758 365.216537475586 516.362415313721 412.588806152344 569.739915847778 464.62818145752 589.633918762207 558.482261657715 456.854595184326 462.519681930542 413.876770019531 464.139617919922 437.468910217285 586.265258789062 492.576759338379 730.143615722656 535.059133529663 657.422340393066 641.289604187012 441.320022583008 669.950908660889 760.336305618286 733.803764343262 679.182483673096 361.516456604004 769.932182312012 659.347705841064 623.959154129028 585.477470397949 456.067337036133 408.007373809814 355.833122253418 610.568984985352 413.910696029663 576.438901305199 476.165542602539 1141.28527069092 533.113021850586
531.064511299133 438.350807189941 520.35609292984 490.333859920502 433.295177459717 437.414699554443 456.168140411377 422.005298614502 281.845520019531 301.476119995117 381.788986206055 458.01283454895 524.391355514526 454.215982437134 574.447410583496 489.80545091629 565.38695526123 427.387489318848 404.703544616699 606.399871826172 561.592163085938 453.073379516602 442.231372833252 400.618537902832 517.774193763733 533.004043579102 520.26326751709 509.888566970825 434.941940307617 627.617279052734 632.624765396118 626.408103942871 566.902938842773 646.974895477295 737.363845825195 636.770394325256 472.293483734131 845.882232666016 531.404510498047 721.723581314087 525.47412109375 336.81079864502 210.469329833984 491.776462554932 300.113647460938 505.935039520264 618.536842346191 565.259139060974 368.060333251953 681.831558227539
863.220664978027 479.520202636719 362.153053283691 443.267055511475 420.00658416748 312.679550170898 437.400375366211 458.341407775879 412.35383605957 360.118225097656 489.114465236664 442.652481079102 394.86173248291 595.215705871582 549.225845336914 624.656509399414 545.98136138916 429.691009521484 638.202407836914 459.854504108429 595.497940063477 563.932537078857 536.012077331543 442.869552612305 570.682819366455 641.580154418945 665.175323486328 525.383519053459 597.783805847168 414.579223632812 267.647903442383 535.052749633789 455.553483963013 715.103004455566 775.932464599609 563.033489227295 399.221504211426 695.914258480072 700.016961574554 613.168334960938 569.483268737793 186.000823974609 279.508636474609 396.187789916992 385.290046691895 532.642440795898 564.512176513672 449.298820495605 651.498756408691 663.629656791687
614.66716003418 478.177742004395 509.561447143555 859.366882324219 513.910745620728 301.379104614258 466.576807022095 586.071441650391 328.926498413086 366.322052001953 433.271087646484 426.922164916992 544.668716430664 446.410526275635 458.129364013672 417.660278320312 466.986061096191 430.624313354492 509.608720779419 423.879737854004 479.712729930878 464.128963470459 533.015327453613 485.960960388184 500.296054840088 707.223709106445 516.261559963226 647.424774169922 763.769317626953 505.295860290527 386.024635314941 329.09741973877 433.80775308609 513.917610168457 513.766204833984 651.260961532593 423.638144493103 707.015314102173 675.130666732788 742.177665710449 546.817306518555 437.320617675781 433.347187042236 432.692724227905 391.164131164551 445.899566650391 685.291941642761 386.696723937988 481.505355834961 641.764869689941
518.501914978027 510.124722003937 635.995145797729 312.569885253906 472.499359130859 613.120407104492 509.194168567657 476.861610412598 552.510021209717 504.506603240967 504.61055803299 895.043285369873 500.243365734816 623.027389526367 571.081901550293 367.099044799805 438.295764923096 621.44165802002 553.986515045166 503.347734451294 562.549922943115 465.154640197754 455.073741912842 560.731029510498 462.58952331543 597.726127624512 602.663661956787 643.199859619141 706.230392456055 494.311298847198 564.445461273193 385.855033874512 390.689460754395 389.000465393066 411.952745437622 723.848449707031 485.3186378479 494.74560546875 513.70775604248 630.051420211792 299.214706420898 610.158172607422 386.439338684082 342.11491394043 376.213775634766 185.936676025391 481.258895874023 375.207969665527 367.521865844727 700.993286132812
486.066986083984 493.204689025879 390.405776977539 498.612525939941 530.077926635742 508.760368347168 882.367965698242 593.46607208252 475.435264587402 641.414749145508 552.016672134399 556.562284469604 446.946758270264 506.701004385948 387.88631439209 494.58860206604 540.489498138428 469.119215011597 435.002799987793 523.433053970337 543.891223907471 549.244773864746 538.786574363708 653.564300537109 699.844467163086 534.97811126709 541.317283630371 534.755996704102 540.872856140137 449.229919433594 465.029247283936 342.157180786133 465.809989929199 441.931780815125 485.581089019775 661.986438751221 697.441795349121 668.594429016113 519.2021484375 577.474811553955 553.916763305664 360.322982788086 286.575698852539 434.264862060547 565.434303283691 267.89729309082 376.3408203125 481.798759460449 624.208084106445 414.155540466309
548.295402526855 417.481140136719 621.735122680664 540.535823822021 550.023590087891 567.768524169922 593.57629108429 738.390941619873 510.289012432098 519.263095855713 392.711639404297 489.708057403564 558.610420227051 616.98006439209 415.784240722656 608.9765625 650.888793945312 585.414661407471 410.073181152344 465.439403533936 417.281951904297 539.026600837708 612.399726867676 543.41277050972 686.015823364258 570.72046661377 723.727066040039 564.362701416016 504.24320602417 395.163536071777 398.796493530273 431.055702209473 474.31170463562 547.420433044434 609.174903869629 666.556716918945 757.029937744141 701.14900970459 654.124095916748 644.097755432129 479.164661407471 492.11182975769 460.068195343018 606.012688159943 599.45081615448 616.790156841278 621.830352783203 524.800537109375 285.54035949707 509.702671051025
539.87850189209 719.860504150391 641.510982513428 616.763434410095 770.726135253906 629.579059123993 395.679962158203 748.636962890625 740.656814575195 574.611507415771 558.743392944336 517.687225341797 440.202266693115 490.299517631531 335.327789306641 424.403129577637 503.873004436493 473.634471893311 493.328790664673 681.609146118164 525.547636985779 446.206413269043 492.609455108643 444.071004867554 660.343864440918 672.243507385254 698.723709106445 555.841346740723 474.423719882965 436.561787128448 309.467437744141 492.642963409424 657.453170776367 660.918319702148 700.101943969727 552.825126647949 624.91170501709 769.451507568359 741.226409912109 614.531910896301 505.166446685791 400.099281311035 546.278526306152 545.101043701172 790.609008789062 748.244735717773 462.917713165283 597.540893554688 550.077459335327 587.442771911621
671.291778564453 666.923797607422 749.823684692383 640.415576934814 533.310272216797 545.702407836914 595.429397583008 583.543887138367 599.897216796875 570.802680969238 548.280744552612 586.599174499512 600.92699432373 463.508436203003 515.244560241699 508.494780540466 586.866691589355 595.418930053711 627.630317687988 670.580978393555 527.523754119873 630.756721496582 458.515041351318 513.47151184082 450.843444824219 578.752960205078 561.877681732178 508.224250793457 632.284778594971 498.244445800781 696.254203796387 613.012477874756 579.446929454803 605.428163528442 659.389148712158 639.316970825195 584.128082275391 625.086824417114 669.736740112305 828.787078857422 507.057113647461 729.107147216797 691.692295074463 605.741147994995 685.316390991211 659.209739685059 746.740005493164 806.107641458511 569.955665588379 793.098022460938
520.64240860939 580.403114318848 612.990615844727 723.084297180176 706.258850097656 675.59789276123 638.732704162598 605.358371257782 542.8678855896 646.738384246826 415.291328430176 473.353773117065 469.972816467285 435.046215057373 450.975921630859 447.848087310791 690.120941162109 576.454803466797 729.300888061523 566.252235412598 537.947330474854 558.499774932861 558.7004737854 596.44229888916 505.765892028809 561.67058467865 533.807864189148 616.696426391602 436.944808959961 519.370407104492 638.447811126709 739.535766601562 526.775520324707 428.10514831543 500.107444763184 437.385383605957 565.573909759521 514.007783889771 412.268646240234 643.822467803955 656.682392120361 579.762680053711 564.540145874023 656.165184020996 570.324020385742 613.144401550293 514.997456550598 680.773076295853 712.965991973877 826.227180480957
717.432647705078 758.856292724609 736.278198242188 485.896856307983 464.81116104126 678.081085205078 695.309257507324 762.899475097656 748.762084960938 1033.49876403809 576.369884490967 465.385536193848 500.308818817139 497.740666389465 523.748439788818 467.125755310059 445.750354766846 635.20499420166 562.131057739258 670.418609619141 539.245681762695 484.435792922974 531.377097129822 692.956130981445 473.859817504883 473.537315368652 531.062732696533 425.761322021484 455.868404388428 369.048370361328 532.71257019043 667.264572143555 615.610874176025 683.179275512695 361.287467956543 341.300178527832 481.034980773926 488.912771224976 458.889446258545 493.673706054688 628.70125579834 714.539581298828 537.081996917725 483.138202667236 540.735076904297 484.13493347168 656.322599411011 807.632255554199 697.699798583984 736.676116943359
773.754135131836 591.355655670166 772.131950378418 559.263702392578 551.722045898438 532.096185684204 507.221839904785 720.852035522461 557.522109985352 580.016380310059 444.116104125977 386.137840270996 572.865867614746 583.959617614746 620.505882263184 706.225296020508 588.661972045898 457.620555877686 594.69637298584 447.935615539551 319.463150024414 398.824798583984 445.194465637207 409.374519348145 478.782300949097 549.50470161438 530.818752288818 409.383934020996 285.30428314209 316.949668884277 601.223344802856 640.432708740234 614.715137481689 605.159790039062 475.220733642578 608.420806884766 487.402767181396 471.578002929688 595.446533203125 322.069427490234 525.177001953125 670.057434082031 720.584060668945 881.952339172363 805.283229827881 629.467483520508 642.098564147949 786.089965820312 648.449279785156 467.780223846436
561.934177398682 815.061302185059 644.048783302307 831.769378662109 775.465835571289 763.989013671875 536.042947769165 651.595222473145 648.529949188232 642.185218811035 653.889454126358 579.918418884277 636.335647583008 535.037232398987 525.039968490601 518.993272781372 543.126461029053 669.367889404297 499.488923311234 600.221374511719 431.847587585449 430.315460205078 433.901355743408 584.716850280762 531.956240653992 535.794233322144 568.334548950195 409.797515869141 391.627853393555 345.824905395508 586.124836444855 774.888061523438 390.996520996094 370.809379577637 303.685966491699 406.509874343872 510.778545379639 372.03059387207 479.702743530273 384.747833251953 542.861001968384 389.897109985352 725.138103485107 982.529030799866 783.094524383545 691.967613220215 635.303722381592 788.619934082031 774.207733154297 677.705749511719
-9999 -9999 632.207368612289 972.143768310547 545.03059387207 771.806915283203 657.615303039551 581.735221862793 489.959022521973 507.853622436523 504.683952331543 650.980941772461 599.134376525879 563.667533874512 677.419570922852 643.56999206543 522.101433753967 577.477317810059 804.566741943359 440.377029418945 450.482475280762 357.792495727539 427.610748291016 229.834716796875 422.037857055664 534.117880821228 484.681690216064 578.560415267944 654.941711425781 444.8642578125 470.196437835693 609.973531723022 785.915786743164 571.189693450928 490.05606842041 309.875991821289 545.992027282715 474.334396362305 475.982223510742 526.34748840332 725.123653411865 632.575141906738 714.522384643555 1052.90861415863 897.542045593262 830.068328857422 802.920486450195 -9999 -9999 -9999
