export/dem/dem28.asc
NCOLS 350
NROWS 171
XLLCORNER 152620
YLLCORNER 418050
CELLSIZE 100
NODATA_VALUE -9999
[rows 22 to 43 of 171, columns 200 to 249 of 350]
746.784637451172 702.606750488281 794.954132080078 784.767349243164 672.010051250458 688.844751358032 616.606010437012 619.705505371094 786.274726867676 689.197463989258 625.306728363037 662.270442962646 755.106430053711 598.438041687012 555.002517700195 567.362457275391 548.88370513916 515.080581665039 598.294845581055 479.699279785156 625.013198852539 745.504600524902 746.393989562988 684.555199146271 711.387107849121 735.724224090576 833.973167419434 520.330993652344 678.264379501343 796.597473144531 747.112592697144 592.58194732666 717.803677558899 797.464023590088 738.98167514801 841.917831420898 806.28197479248 802.71703338623 820.198657989502 788.68315410614 804.363311767578 735.93535900116 789.089218139648 944.525535583496 1029.64186096191 1426.75152206421 853.69603729248 890.32396697998 805.243278503418 853.120016098022
682.911533474922 670.248933792114 743.795043945312 604.312362670898 607.803833007812 708.4192237854 704.74840927124 620.547290802002 649.610288619995 756.435485839844 662.083442687988 556.097885131836 642.828315734863 630.574768066406 615.847450256348 643.607353210449 545.260147094727 605.258335113525 577.165313720703 529.801078796387 625.456192016602 648.82811164856 801.203178405762 661.975477218628 709.677795410156 768.106451034546 761.382202148438 450.629974365234 638.887878417969 718.14949131012 783.235870361328 669.042778015137 807.781867980957 722.369318008423 695.586875915527 779.977991104126 861.025634765625 711.011276245117 830.156845092773 685.640510559082 953.415588378906 705.625625610352 840.529434204102 903.708488464355 911.330703735352 880.595355987549 875.698125839233 1061.19743347168 830.37060546875 1381.98774337769
672.664233207703 742.782428741455 787.119781494141 680.393524169922 843.243011474609 703.740085601807 623.292472839355 747.084030151367 663.602629423141 578.849716186523 627.798305511475 669.445657730103 504.856628417969 567.186447143555 714.296478271484 691.960819244385 499.14616394043 657.277202606201 523.671653747559 650.41263961792 702.162616729736 615.07417678833 848.330093383789 747.923812866211 659.414823532104 642.796859741211 733.342891693115 982.750056743622 543.321517944336 616.214588165283 809.900192260742 682.236194610596 765.664779663086 667.137092590332 737.723412513733 727.621921539307 711.751945495605 847.996765136719 645.833053588867 885.939926147461 821.703346252441 865.509456634521 818.476428031921 969.947189331055 1001.29399108887 845.116638183594 869.772691726685 740.463081359863 707.641693115234 880.183944702148
719.089477539062 472.951858520508 593.026008605957 756.480583190918 547.077690124512 596.075037002563 568.414108276367 653.065788507462 606.151901245117 697.930572509766 585.131507873535 657.258594512939 619.62243270874 647.245403289795 427.490043640137 392.540969848633 517.147262573242 569.677551269531 586.792625427246 614.758598327637 702.481639862061 796.462448120117 833.640411376953 622.7900390625 669.983839988708 689.62801361084 822.277544021606 694.838333129883 787.885116577148 563.02995300293 641.976905822754 912.423599243164 620.230773925781 776.015590667725 809.036293029785 834.723838806152 861.441711425781 671.441703796387 748.745661735535 872.333274841309 705.631099700928 859.806510925293 1040.06831359863 768.809608459473 863.92525100708 987.07039642334 858.944088935852 797.393592834473 716.696197509766 890.513156890869
567.392974853516 660.155326843262 554.701477050781 515.541625976562 606.908710241318 557.403717041016 648.389688491821 594.903881072998 474.538375854492 635.827063560486 538.040119171143 513.638156890869 585.049096107483 561.687477111816 397.58479309082 473.010604858398 551.187446594238 509.683441162109 439.653625488281 571.673324584961 846.774932861328 731.469619750977 726.31209564209 562.49885559082 645.356227874756 744.917709350586 646.642532348633 649.32763671875 683.210735321045 610.931022644043 591.031402587891 825.534599304199 804.530586242676 681.671920776367 698.875274658203 730.399821221828 721.828956604004 673.911838531494 726.52260017395 669.367332458496 758.198036670685 832.523109436035 824.360443115234 877.19416809082 971.973510742188 919.743423461914 973.626205444336 894.322777271271 706.410064697266 822.825733184814
604.466975212097 679.247360229492 561.279396057129 612.780506134033 616.113996505737 685.275428771973 599.007832527161 684.262981414795 530.637817382812 403.256164550781 701.306793212891 696.723571777344 572.867683410645 497.004371643066 433.760124206543 379.987152099609 475.180877685547 490.670867919922 553.099730491638 661.765678405762 721.676376342773 599.53776550293 845.50749206543 573.642799377441 655.543254852295 471.265853881836 708.464340209961 798.616058349609 552.307373046875 702.930809497833 748.732349395752 621.694808959961 783.696151733398 748.908145904541 859.819053649902 767.494472503662 805.870315551758 657.895790100098 767.504192352295 676.930084228516 831.208419799805 846.940147399902 873.94116973877 682.250671386719 753.81526184082 1012.7947845459 919.064590454102 955.464889526367 867.180526733398 826.401106357574
818.280899047852 583.109673023224 679.79061126709 705.852638244629 470.921432495117 441.251220703125 638.279655456543 635.873111724854 483.697135925293 550.999450683594 675.449562072754 635.504104614258 718.602161407471 521.26681137085 431.740676879883 538.837417900562 554.226432800293 595.316909790039 555.926712989807 631.771507263184 887.698059082031 613.31371307373 750.002563476562 794.078353881836 690.271925926208 679.463678359985 609.958229064941 686.029551506042 645.317752838135 668.717994689941 705.15585899353 662.306301116943 826.591125488281 693.832502365112 877.126388549805 672.559893608093 790.75471496582 751.803301811218 574.846069335938 703.414554595947 643.736297607422 965.210906982422 697.629476547241 903.453659057617 791.968410491943 790.879638671875 813.503341674805 782.107513427734 814.718189239502 918.55591583252
557.601623535156 624.028804779053 563.908005714417 564.003173828125 531.100872039795 636.414253234863 587.610178947449 657.034950256348 754.232437133789 497.179832458496 542.92028427124 569.260543823242 630.710109710693 558.022614479065 475.914154052734 424.592727661133 264.276062011719 659.874031066895 544.514989376068 698.343368530273 806.905044555664 488.534622192383 572.350997924805 664.762726783752 648.227746963501 643.400585174561 633.775405883789 558.482322692871 602.5908203125 701.00288772583 779.196853637695 721.620281219482 721.836608886719 777.033531188965 656.425239562988 590.244216918945 674.090877532959 802.043266296387 640.32592010498 667.136497497559 772.3401222229 799.185771942139 821.849025726318 597.659133911133 757.290556907654 848.684091567993 822.887203216553 807.615499019623 844.423671722412 850.652778625488
603.974677801132 549.654390335083 542.428115844727 578.720131874084 478.555168151855 595.345436096191 482.443740844727 557.314331054688 678.267272949219 566.504104614258 521.502738952637 382.5673828125 503.116516113281 618.56037902832 329.689865112305 476.485071182251 458.248264312744 641.822715759277 481.191551208496 627.682899475098 882.504501342773 606.437997817993 644.660587310791 694.73104095459 758.297508239746 728.06224822998 663.68030166626 509.079360961914 715.032302856445 660.490651130676 702.562301635742 786.151481628418 777.635314941406 624.921844482422 751.521621704102 734.567687988281 786.422210693359 626.01326751709 667.345520019531 698.733505249023 939.482696533203 759.22670173645 910.029037475586 600.667144775391 848.29167175293 785.451371192932 674.766662597656 808.673946380615 725.733322143555 743.315322875977
655.999126434326 566.150321006775 457.873077392578 606.550523757935 668.73518371582 514.313743591309 570.154664993286 524.638385772705 565.387083053589 509.980583190918 494.033798217773 645.081031799316 418.085159301758 531.738418579102 443.156536102295 403.190727233887 509.509979248047 466.390586853027 514.704850196838 639.220542907715 658.068237304688 670.566455841064 757.750183105469 753.957130432129 722.133605957031 671.29575586319 829.166748046875 723.422439575195 699.600887298584 585.649314880371 527.501266479492 738.785026550293 637.166366577148 752.152359008789 765.028289794922 666.35400390625 678.642276763916 721.918849468231 629.210800170898 839.124168395996 633.04972076416 756.196839332581 781.198385238647 838.759689331055 684.343406677246 806.361343383789 729.606906890869 946.696151733398 759.237384796143 825.931655883789
661.631706237793 662.566299438477 563.565757751465 653.264759063721 570.562238693237 543.483123779297 488.178604125977 679.121826171875 588.635483622551 517.209575653076 560.644340515137 583.999572753906 621.220629692078 510.998764038086 438.399513244629 318.469436645508 444.437461853027 474.70573425293 556.140615463257 584.450332641602 716.037200927734 562.886581420898 763.781631469727 697.312721252441 713.998683929443 752.117332458496 591.599540710449 711.943965911865 553.072326660156 693.058946609497 598.428413391113 529.969299316406 608.209976196289 558.380958557129 693.780017852783 639.309494018555 688.934102058411 592.423751831055 744.812924385071 714.465993881226 714.204416275024 627.75757598877 712.944067001343 677.280212402344 750.074023246765 614.770614624023 889.717544555664 818.097555160522 759.012809753418 752.134498596191
487.456558227539 568.118525505066 634.707626342773 501.821601867676 627.960933685303 566.276056289673 683.61328125 559.750818252563 683.989639282227 437.627395629883 549.406597137451 530.884914398193 608.938909471035 663.345983505249 519.131561279297 510.919708251953 412.643379211426 540.060001373291 552.049102783203 647.929484605789 738.665939331055 623.428907394409 708.516689300537 758.634674072266 743.365562438965 685.539546966553 545.793174743652 615.401760101318 630.331241607666 602.727535247803 558.53736114502 563.940147399902 910.613128662109 684.645790815353 670.300777435303 682.721573352814 597.621078491211 827.405158996582 780.029853820801 833.926933288574 668.854248046875 757.771617889404 767.398520469666 751.661531448364 728.986305236816 864.699089050293 826.888389587402 745.160251617432 905.741516113281 920.402389526367
562.238618135452 491.852668762207 513.248828887939 633.025619506836 543.835565567017 598.632904052734 543.398262023926 558.239585876465 483.764526367188 716.93399810791 658.856418609619 714.487976074219 588.921493530273 779.08776473999 654.730693817139 464.197940826416 516.080493927002 434.387603759766 464.843872070312 594.220935821533 599.486923217773 636.26854968071 688.83084487915 588.553016662598 716.267196655273 798.282928466797 815.574371337891 676.179225921631 672.508377075195 584.862464904785 556.329200744629 816.071929931641 599.807327270508 706.923988342285 714.17501449585 778.65739440918 548.154388427734 690.675359725952 766.110420227051 696.308120727539 699.224098205566 710.085741043091 661.705261230469 857.556816101074 767.085215568542 786.445738792419 776.169361114502 802.777774810791 1093.72341918945 800.674488067627
528.311740875244 293.162841796875 497.554172515869 621.636837005615 620.8551902771 497.893440246582 580.653745651245 558.535117149353 623.464550018311 798.432708740234 763.730567932129 802.115371704102 689.759147644043 697.895042419434 496.253189086914 360.652297973633 511.987251281738 508.938171386719 623.012857437134 730.965087890625 727.78857421875 683.982715606689 698.366539001465 715.381324768066 582.749359130859 624.393176078796 669.004096984863 653.401112556458 670.005234718323 538.017707824707 653.340446472168 607.001930236816 806.026168823242 609.088676452637 813.018615722656 634.048137664795 785.402534484863 803.038558959961 881.666793823242 740.152095794678 820.439765930176 817.176055908203 834.61116027832 871.606155395508 808.30700302124 861.095542907715 679.54532623291 769.259967803955 880.83903503418 758.11124420166
597.347080230713 542.660762786865 438.316177368164 522.446319580078 584.731837749481 533.757495880127 542.772850036621 638.393394470215 575.663486480713 561.282753944397 662.674873352051 1172.68910217285 627.330879211426 650.72686290741 555.887008666992 519.227531433105 536.32836151123 502.043006896973 601.534624576569 572.198101043701 591.153526306152 765.66552734375 605.790386199951 573.147777557373 504.146148681641 674.31086730957 666.345777511597 608.769027709961 693.367450714111 612.318756103516 756.03540802002 738.987968444824 681.517485618591 665.36111664772 800.53190612793 699.122425079346 801.204711914062 685.164142608643 731.367904663086 655.770881652832 862.657272338867 911.113876342773 768.93363571167 808.67594909668 647.210998535156 781.9782371521 721.689123153687 728.538513183594 853.45337677002 852.464347839355
500.575698852539 624.472370147705 478.19709777832 587.846118927002 567.340639591217 640.338890075684 630.583005905151 431.46208190918 508.170379638672 635.120452880859 696.727462768555 1245.52563476562 868.814116477966 797.830754756927 486.722503662109 619.146810531616 527.506721496582 714.438316345215 455.771469116211 512.304351806641 521.506546020508 581.782295227051 668.772121429443 615.105645179749 638.42134475708 741.55241394043 552.459968566895 645.158514976501 746.122428894043 755.679908752441 625.59871673584 821.110122680664 684.369253158569 766.569953918457 748.62281036377 685.56477355957 652.861431121826 776.089744567871 868.760757446289 966.088241577148 749.331923484802 761.852386474609 736.451992034912 717.43186378479 828.476388931274 738.807926893234 798.973384857178 641.087265014648 811.848670959473 662.866813659668
556.870025634766 649.440689086914 524.589195251465 536.313049316406 651.39818572998 596.825538635254 669.513511657715 584.251061439514 463.228889465332 484.19319152832 407.289337158203 715.943664550781 584.175827980042 659.012596130371 595.758882522583 644.698303222656 407.738220214844 569.470867156982 366.520462036133 494.615676879883 606.028822898865 739.622222900391 735.442834854126 640.499105453491 711.435897827148 622.682589292526 642.133558750153 775.708724975586 859.91145324707 746.166633605957 642.106430053711 674.916738510132 789.083473205566 643.001457214355 733.513339996338 711.159107208252 777.457427978516 874.962112426758 655.641815185547 740.61536026001 767.649703979492 780.070041656494 817.86026763916 766.861122131348 753.488998413086 685.978363037109 738.770720124245 681.094669342041 700.578201293945 741.812864303589
434.807662963867 521.693355560303 525.618984222412 546.06250667572 544.558090209961 645.521797180176 624.71996307373 688.440086364746 577.898399353027 649.86950302124 582.394244909286 652.609512329102 654.92094039917 612.69885635376 506.596740722656 618.078295707703 628.746421813965 649.520542144775 491.821754455566 622.027266263962 631.104014515877 595.086059570312 512.546798706055 560.455936431885 667.718746185303 800.880462646484 720.241851806641 754.998672485352 756.047157287598 635.71545791626 761.424819946289 774.740280151367 661.036954879761 833.486480712891 573.141639709473 730.366683959961 762.543663024902 730.722106933594 743.936359405518 697.58802318573 696.069862604141 704.466175079346 822.356536865234 672.148426055908 641.044296264648 747.245552062988 659.05997467041 718.817993164062 708.191423416138 523.663970947266
457.356414794922 608.247974395752 646.809005737305 590.907905578613 602.72562789917 543.198734283447 612.942241668701 501.571151733398 539.677627563477 679.569198608398 659.087677001953 730.193176269531 676.645439147949 737.94359588623 684.564659118652 624.949909210205 595.255032539368 706.053451538086 567.527179718018 514.056610107422 623.692726135254 676.154735565186 677.877239227295 611.420837402344 498.264312744141 631.610533714294 610.677386283875 667.01263999939 678.176380157471 703.052574157715 574.690650939941 682.484024047852 740.20051574707 582.821441650391 605.786186218262 696.828598022461 648.949296951294 761.567680358887 611.906272888184 816.884307861328 688.294353485107 777.30655670166 654.815715789795 782.125686645508 912.353057861328 737.618188858032 595.865646362305 680.138551712036 680.48904800415 718.281558036804
580.047994613647 567.642749547958 603.51661491394 610.346462249756 485.839263916016 583.834281921387 620.413063049316 417.325561523438 458.804504394531 746.748123168945 508.150329589844 612.184904098511 571.148705005646 629.124305725098 645.705390930176 562.205665588379 583.735773086548 525.819744110107 475.168731689453 622.163516998291 861.330474853516 742.968223571777 604.609502792358 609.339120864868 644.843091964722 627.392084121704 527.86531829834 533.995407104492 670.894390106201 845.714736938477 673.679111480713 705.361698150635 884.537979125977 595.345584869385 728.488021850586 669.935125827789 719.046875 803.984802246094 701.567527770996 772.857452392578 741.314167022705 853.643333435059 793.256332397461 748.638626098633 663.185695648193 713.987371444702 796.369918823242 788.554634094238 696.58055639267 811.912338256836
681.615882873535 512.940891265869 447.307723999023 498.942665100098 535.38053894043 515.709423065186 629.785850524902 588.680778980255 444.076538085938 491.266006469727 582.960271835327 537.269201278687 557.238984107971 587.620277404785 499.398330688477 489.621551513672 423.702499389648 668.098243713379 356.521347045898 561.95997428894 600.907253265381 723.455780029297 552.797325134277 518.692893981934 713.777549743652 720.531845092773 520.30256652832 658.139133453369 689.301124572754 624.556660652161 680.672364234924 554.465255737305 603.688795089722 661.511978149414 590.170112609863 606.257720947266 622.71834564209 634.453174591064 562.226219177246 695.030096054077 841.482513427734 789.652526855469 698.874487876892 699.295034408569 676.376811981201 716.556652069092 764.735504150391 735.216766357422 742.549312591553 738.039688110352
531.418365478516 558.671989440918 578.484964370728 544.10914516449 633.239456176758 576.124152183533 599.004816055298 599.771045684814 445.916015625 561.098614692688 809.429748535156 539.492168426514 408.645706176758 637.698560714722 489.44506072998 487.316482543945 599.929382801056 536.510032653809 593.246708869934 598.468418121338 453.630081176758 658.418193817139 621.141975402832 578.546459197998 552.61873626709 474.966110229492 476.024108886719 589.217128753662 663.372903823853 723.038619995117 630.730560302734 507.106307983398 584.316345214844 536.006271362305 637.788585662842 678.29297876358 721.922988891602 706.610111236572 812.157470703125 734.707279205322 666.168083667755 763.213371276855 828.191986083984 858.438095092773 817.743286132812 823.349029541016 734.486602783203 663.990661621094 828.402313232422 734.910942077637
