export/dem/dem2.asc
NCOLS 350
NROWS 171
XLLCORNER 152620
YLLCORNER 418050
CELLSIZE 100
NODATA_VALUE -9999
[rows 0 to 21 of 171, columns 100 to 149 of 350]
-9999 -9999 -9999 -9999 -9999 -9999 -9999 -9999 -9999 -9999 -9999 -9999 -9999 -9999 -9999 -9999 -9999 -9999 -9999 -9999 -9999 -9999 -9999 -9999 -9999 -9999 -9999 -9999 -9999 -9999 -9999 -9999 -9999 -9999 -9999 -9999 -9999 -9999 -9999 -9999 -9999 -9999 -9999 -9999 -9999 -9999 761.348346710205 754.57391834259 650.003782272339 596.282768249512
-9999 -9999 -9999 -9999 -9999 -9999 -9999 -9999 -9999 -9999 -9999 -9999 -9999 -9999 -9999 -9999 -9999 -9999 -9999 -9999 -9999 -9999 -9999 -9999 -9999 -9999 -9999 -9999 -9999 -9999 -9999 -9999 -9999 -9999 -9999 -9999 -9999 -9999 -9999 -9999 702.276643753052 923.079605102539 923.985214233398 665.57693195343 642.073431015015 957.442138671875 806.21696472168 783.575576782227 612.426052093506 548.10863494873
-9999 -9999 -9999 -9999 -9999 -9999 -9999 -9999 -9999 -9999 -9999 -9999 -9999 -9999 -9999 -9999 -9999 -9999 -9999 -9999 -9999 -9999 -9999 -9999 -9999 -9999 -9999 -9999 -9999 -9999 -9999 -9999 -9999 -9999 -9999 -9999 -9999 856.776031494141 773.73491191864 703.573558807373 649.21257686615 774.221632957458 751.517307281494 755.784049987793 654.001514434814 617.363369971514 762.670150756836 568.711994171143 544.346515655518 599.877754211426
-9999 -9999 -9999 -9999 -9999 -9999 -9999 -9999 -9999 -9999 -9999 -9999 -9999 -9999 -9999 -9999 -9999 -9999 -9999 -9999 -9999 -9999 -9999 -9999 -9999 -9999 -9999 -9999 -9999 -9999 -9999 -9999 -9999 -9999 717.8978099823 832.038379669189 662.304580688477 704.413646697998 678.580010414124 548.691234588623 513.799449920654 777.214973449707 818.618225097656 713.216403961182 804.731819152832 692.720321655273 648.38617515564 656.031951904297 591.941253662109 492.884271621704
-9999 -9999 -9999 -9999 -9999 -9999 -9999 -9999 -9999 -9999 -9999 -9999 -9999 -9999 -9999 -9999 -9999 -9999 -9999 -9999 -9999 -9999 -9999 -9999 -9999 -9999 -9999 -9999 -9999 -9999 -9999 -9999 587.153228759766 640.647933959961 504.634628295898 795.493270874023 752.707019805908 713.667127609253 699.068813323975 737.191299438477 661.842323303223 659.989130020142 616.778503417969 653.697731018066 716.629844665527 765.310596466064 746.680242538452 605.458099365234 819.100761413574 664.141151428223
-9999 -9999 -9999 -9999 -9999 -9999 -9999 -9999 -9999 -9999 -9999 -9999 -9999 -9999 -9999 -9999 -9999 -9999 -9999 -9999 -9999 -9999 -9999 -9999 -9999 -9999 -9999 -9999 -9999 -9999 559.018241882324 623.434112548828 644.730686187744 570.232545852661 586.360365867615 705.485165834427 756.113845825195 714.179180145264 663.405010223389 774.247245788574 751.446571350098 754.809593200684 651.594244003296 634.859909057617 706.842308044434 844.205699920654 669.2685546875 776.225082397461 594.501724243164 621.788070678711
-9999 -9999 -9999 -9999 -9999 -9999 -9999 -9999 -9999 -9999 -9999 -9999 -9999 -9999 -9999 -9999 -9999 -9999 -9999 -9999 -9999 -9999 -9999 -9999 -9999 -9999 -9999 684.192756652832 626.427619934082 664.978973388672 641.901542663574 708.246948242188 670.965301513672 600.072282791138 573.5634765625 550.079708099365 688.603591918945 610.775024414062 694.394174575806 739.737739562988 850.088634490967 834.287815093994 764.619323730469 679.478340148926 545.787948608398 672.294624328613 921.068702697754 1017.96904754639 866.09814453125 1033.43967819214
-9999 -9999 -9999 -9999 -9999 -9999 -9999 -9999 -9999 -9999 -9999 -9999 -9999 -9999 -9999 -9999 -9999 -9999 -9999 -9999 -9999 -9999 -9999 -9999 780.707180023193 725.971062660217 679.64236831665 630.073692321777 644.398239135742 819.679138183594 539.427627563477 561.943358421326 632.412414550781 567.522348403931 526.697914123535 690.009368896484 621.401473999023 541.026351928711 552.463508605957 686.861343383789 728.029579162598 772.999481201172 721.451431274414 825.862808227539 868.230072021484 1066.59952163696 1065.39636993408 1124.30183792114 913.240562438965 1079.07564544678
-9999 -9999 -9999 -9999 -9999 -9999 -9999 -9999 -9999 -9999 -9999 -9999 -9999 -9999 -9999 -9999 -9999 -9999 -9999 -9999 -9999 -9999 829.871505737305 893.972869873047 718.466735839844 555.313354492188 698.989364624023 596.649213790894 555.044973373413 665.472297668457 509.762619018555 552.842546463013 557.215797424316 523.519775390625 707.051689147949 449.181091308594 515.735023498535 776.053245544434 648.639991760254 833.447694778442 949.344521522522 644.590545654297 578.744827270508 846.770542144775 552.255920410156 1054.17107200623 796.506889343262 643.69457244873 749.416809082031 661.853260040283
-9999 -9999 -9999 -9999 -9999 -9999 -9999 -9999 -9999 -9999 -9999 -9999 -9999 -9999 -9999 -9999 -9999 -9999 -9999 1035.30924987793 785.07640838623 876.540786743164 672.943646430969 637.806794166565 632.119590759277 559.570217132568 636.009162902832 645.719854354858 553.55590057373 557.335432052612 648.098190307617 492.642150878906 580.077183485031 630.455997467041 564.707155227661 600.59561920166 462.800605773926 456.043029785156 539.647155761719 748.675857543945 716.928340911865 770.72518157959 775.58667755127 702.856108665466 559.160354614258 604.778991699219 665.25700378418 630.531661987305 725.544044494629 729.725584030151
-9999 -9999 -9999 -9999 -9999 -9999 -9999 -9999 -9999 -9999 -9999 -9999 -9999 -9999 -9999 -9999 -9999 985.807495117188 1130.86321640015 1080.21519756317 669.070806503296 642.483657836914 505.541786193848 580.782762289047 543.83948135376 687.099380493164 884.753753662109 831.400314331055 757.619964599609 603.154449462891 601.852210998535 572.628880977631 529.689109802246 483.937423706055 577.139881134033 469.652061462402 412.426361083984 398.215484619141 630.927085876465 724.516731262207 755.919021606445 671.706502914429 630.757015228271 596.354713439941 517.877807617188 688.814920261502 582.021438598633 681.155033111572 799.686500549316 520.00456237793
-9999 -9999 -9999 -9999 -9999 -9999 -9999 -9999 -9999 -9999 -9999 -9999 -9999 -9999 615.713892698288 583.146789550781 573.855880737305 937.109508514404 1115.09538269043 1026.87322235107 985.798291921616 513.785339355469 499.467529296875 615.056881904602 587.572219848633 785.230346679688 800.63111114502 876.457229614258 621.27360534668 604.394432067871 633.274261474609 615.899364471436 355.489212036133 655.253494262695 602.436717987061 589.959903717041 534.974060058594 496.319919586182 542.030548095703 766.938354492188 614.96443939209 699.090354919434 670.141503334045 633.108413696289 748.492820739746 594.764972686768 716.426578521729 628.507247924805 714.27218580246 698.887168884277
-9999 -9999 -9999 -9999 -9999 -9999 -9999 -9999 -9999 -9999 -9999 -9999 750.983135223389 710.476181030273 621.28301358223 774.993083953857 441.97282409668 630.194038391113 1009.00164794922 1048.01828384399 1080.82534790039 634.005588531494 598.981411933899 601.710451126099 709.769947052002 809.840824127197 813.461864471436 832.880447387695 836.913482666016 730.656425476074 651.839294433594 503.749130249023 458.280059814453 549.031217575073 570.042135953903 462.567230224609 545.572480201721 664.986830711365 585.457069396973 704.238653182983 774.596633911133 715.48578453064 597.076393127441 566.855979919434 607.263442993164 575.202850341797 725.965393066406 588.458938598633 622.730499267578 613.870743751526
-9999 -9999 -9999 -9999 -9999 -9999 -9999 -9999 -9999 -9999 830.920738220215 897.200454711914 704.278457641602 704.49584197998 444.501800537109 414.63232421875 401.080032348633 490.574165344238 624.859136581421 632.514156341553 631.849681854248 669.724159240723 683.265747070312 696.127972602844 733.568872451782 694.045925140381 840.56175994873 898.624740600586 624.174388885498 743.266860961914 683.702102661133 715.094009399414 565.069282531738 518.960372924805 508.751274108887 683.824241638184 591.069370269775 628.437202453613 619.109941482544 659.94847869873 826.581451416016 655.199010848999 542.582763671875 596.897891998291 705.495525360107 547.926719665527 590.840118408203 731.936485290527 653.783809661865 753.088363647461
890.635131835938 797.434072494507 730.253229141235 877.561904907227 672.614143371582 534.850218772888 507.960067749023 685.620758056641 627.102157592773 493.91544342041 745.924163818359 571.588073730469 688.601181030273 614.595908164978 462.404754638672 652.140636444092 562.268920898438 511.476341247559 603.791663169861 755.147979736328 671.730545043945 728.939002990723 677.968891143799 724.802734851837 528.781036376953 766.12287902832 675.183345794678 794.445663452148 617.247169494629 701.993377685547 614.344383239746 755.018524169922 589.222232818604 550.766647338867 675.72624206543 589.64640045166 537.743240356445 622.047863960266 542.627822875977 808.737091064453 706.16625213623 775.210456848145 579.907972097397 696.786632537842 756.29426574707 565.514820098877 649.355434417725 586.005667209625 506.122077941895 662.071933746338
639.738193511963 677.720031738281 679.062950134277 521.084815979004 729.280914306641 324.016448974609 406.990798950195 382.210502624512 367.364135742188 501.921043395996 759.254653930664 718.785528182983 670.797567367554 619.282486915588 643.57043170929 672.328857421875 565.832027435303 635.52054977417 711.022667884827 685.24038028717 782.085144042969 701.436445236206 685.690780639648 858.123229980469 535.895874023438 547.030143737793 746.02172088623 558.861190795898 836.208404541016 604.175357580185 586.820098876953 710.438140869141 633.305694580078 482.241271972656 501.18172454834 796.640769958496 700.323745727539 619.091716766357 626.144435882568 630.67557144165 625.325832366943 669.031608581543 513.062675476074 553.842437744141 609.230133056641 1270.36241912842 1144.24299621582 813.601379394531 655.26146697998 574.764089584351
528.094268798828 526.543197631836 500.343063354492 604.957656860352 600.125537872314 444.831739902496 305.748947143555 539.687316894531 386.273773193359 548.70369720459 594.531335830688 488.757413864136 444.611143112183 748.40909576416 729.12922668457 679.881618499756 722.238091468811 713.009140014648 783.706586480141 858.451179504395 756.655821800232 1121.87178230286 608.501946806908 597.151023864746 609.158533096313 546.24853515625 662.662376403809 872.326675415039 331.766899108887 570.854705810547 683.390390396118 725.630952835083 551.04711151123 888.220207214355 637.190928459167 754.512998580933 606.678421020508 566.797915935516 557.889892578125 681.013961791992 611.482322692871 609.809589385986 803.968194961548 975.720428466797 668.275165557861 739.243946075439 701.35640335083 628.03120803833 613.637677192688 695.786666870117
568.996768951416 416.025177001953 584.793190002441 616.60590839386 683.360122680664 686.664335250854 798.931915283203 1055.01544189453 563.331943511963 492.917633056641 542.07495880127 566.611045837402 583.217381477356 763.665498733521 680.241058349609 727.79468536377 603.057884216309 817.063480377197 524.461473464966 814.354145050049 678.612682342529 766.376047134399 436.266326904297 608.972381591797 593.087875366211 398.980514526367 693.465827941895 694.980655670166 648.791229248047 557.204925537109 673.683868408203 814.540946960449 684.035587310791 620.716363430023 673.704315185547 1252.59614086151 491.509536743164 629.425678253174 659.997944831848 644.418122291565 1279.76364326477 815.067413330078 683.985946655273 558.324615478516 713.761287689209 694.987264633179 596.45783996582 575.375984191895 552.119110107422 701.542572021484
591.381156921387 651.05576133728 1015.31728363037 503.152053833008 666.178123474121 637.180294036865 901.1975440979 947.560760498047 580.146408081055 673.160785675049 591.757667541504 754.524803161621 639.080810546875 713.916881561279 490.261501312256 607.453353881836 675.6360039711 751.565864562988 475.302856445312 694.342544555664 690.227962493896 566.782989501953 576.690521240234 668.100586652756 469.019901275635 513.268746376038 468.566360473633 483.436061859131 1105.7772064209 971.137878417969 695.006084442139 860.301334381104 1072.16456508636 986.515068054199 744.003898620605 1126.72507476807 1205.30206298828 949.227527618408 662.112411499023 618.176460266113 595.193965911865 718.523223876953 620.586790084839 648.349647521973 707.584869384766 619.921724319458 567.78466796875 487.632453918457 567.929061889648 540.522727966309
758.123745441437 789.267572402954 1183.20365428925 725.796384811401 820.595064163208 744.497352600098 849.84895324707 1198.31447696686 1016.76877593994 563.179061889648 868.266387939453 972.673706054688 1008.70042037964 898.858245849609 429.235153198242 1011.77883911133 561.169189453125 620.434349060059 467.150024414062 1014.05044364929 728.136138916016 576.725296020508 530.054153442383 566.026496887207 1072.67700195312 927.346282958984 673.066757202148 641.554178237915 461.374496459961 488.554992675781 474.178291320801 558.979232788086 614.700313568115 469.627990722656 607.310386657715 1126.91178131104 621.148921966553 631.278621673584 636.629249572754 669.29870223999 676.362770080566 502.448371887207 642.106101989746 624.911345481873 655.075538635254 498.121932983398 606.163110733032 311.954956054688 673.126647949219 552.62476348877
688.667125701904 429.655700683594 553.751976013184 632.428960800171 572.121557235718 667.299335479736 932.066772460938 582.163673400879 958.363110542297 510.158142089844 739.727230072021 1133.40979003906 667.031047821045 955.113723754883 1225.43495941162 1242.79615783691 1095.48669433594 1249.75247001648 508.156509399414 525.596481323242 634.018325805664 467.745918273926 1047.53321838379 551.791213989258 435.741928100586 1044.91351318359 491.362838745117 547.419326782227 533.880863189697 762.212097167969 555.766640663147 664.156608581543 583.597452163696 660.430692672729 591.555683135986 728.193130493164 733.146514892578 516.153045654297 543.509140014648 487.428009033203 592.554641723633 697.304046630859 584.952781677246 554.414741516113 665.26252746582 613.582557678223 569.927814483643 510.995834350586 432.643524169922 459.648010253906
456.087745666504 479.082344055176 365.342666625977 568.297369480133 571.563220977783 842.535610198975 507.183517456055 787.815979003906 581.986465454102 614.533363342285 654.059432983398 980.911094665527 753.76594543457 676.154777526855 606.904366016388 2267.86673736572 1135.99794769287 687.058868408203 457.787078857422 1010.43879127502 767.652877807617 415.663513183594 469.281463623047 1008.34056091309 1018.83209228516 1345.27578735352 1092.96546554565 709.606033325195 542.487686157227 539.346530914307 465.378486633301 643.714672088623 501.254028320312 573.948707580566 616.558971405029 602.657155513763 632.44688129425 702.749950408936 730.938583374023 685.166732788086 840.175704956055 617.314737319946 519.291091918945 700.386276245117 479.512680053711 615.803611755371 579.339797973633 629.131497859955 510.821586608887 577.702255249023
