export/dem/dem20.asc
NCOLS 350
NROWS 171
XLLCORNER 152620
YLLCORNER 418050
CELLSIZE 100
NODATA_VALUE -9999
[rows 0 to 21 of 171, columns 150 to 199 of 350]
606.107187271118 540.638824462891 730.496444702148 -9999 -9999 -9999 -9999 -9999 -9999 -9999 -9999 -9999 -9999 -9999 -9999 -9999 -9999 -9999 -9999 -9999 -9999 -9999 -9999 -9999 -9999 -9999 -9999 -9999 -9999 -9999 -9999 -9999 -9999 -9999 -9999 -9999 -9999 -9999 -9999 -9999 -9999 -9999 -9999 -9999 -9999 -9999 -9999 -9999 -9999 -9999
548.60555267334 621.788814544678 797.301485061646 723.651371002197 715.887962341309 640.816509246826 629.509841918945 -9999 -9999 -9999 -9999 -9999 -9999 -9999 -9999 -9999 -9999 -9999 -9999 -9999 -9999 -9999 -9999 -9999 -9999 -9999 -9999 -9999 -9999 -9999 -9999 -9999 -9999 -9999 -9999 -9999 -9999 -9999 -9999 -9999 -9999 -9999 -9999 -9999 -9999 -9999 -9999 -9999 -9999 -9999
559.989505767822 446.53971862793 668.989418029785 678.537739753723 663.856089115143 709.022884368896 596.064247131348 548.773300170898 714.341995239258 529.830932617188 688.24235534668 614.668197631836 812.890235900879 948.381729125977 -9999 -9999 -9999 -9999 -9999 -9999 -9999 -9999 -9999 -9999 -9999 -9999 -9999 -9999 -9999 -9999 -9999 -9999 -9999 -9999 -9999 -9999 -9999 -9999 -9999 -9999 -9999 -9999 -9999 -9999 -9999 -9999 -9999 -9999 -9999 -9999
525.907227277756 622.383033752441 746.769920349121 825.011489868164 648.880777359009 538.182418823242 478.130081176758 887.503059387207 803.287490844727 830.439743041992 742.718681335449 708.331344604492 780.065945625305 910.259780883789 663.377105712891 654.145716011524 784.611585617065 926.190355300903 696.891754150391 670.021842956543 779.584148406982 769.718673706055 870.133839607239 664.640014648438 613.790130615234 609.551422119141 850.956466674805 696.337769031525 660.51823425293 846.009071350098 784.309055328369 765.749061584473 758.428337097168 763.470092773438 641.739410400391 -9999 -9999 -9999 -9999 -9999 -9999 -9999 -9999 -9999 -9999 -9999 -9999 -9999 -9999 -9999
1064.65644264221 700.070413589478 750.561347961426 929.999611854553 1279.74821472168 1008.4161529541 832.633377075195 755.396270751953 781.383483886719 790.449859619141 966.976203918457 667.840243577957 688.351951599121 776.706000328064 530.506887435913 629.056823730469 807.372291564941 800.656184077263 816.272266387939 609.569953918457 711.045600891113 822.680618286133 849.997945308685 691.792304992676 585.12548828125 727.131477355957 672.109214782715 785.501611709595 848.534561157227 736.523658752441 705.86808013916 798.065460205078 727.302841186523 652.984474182129 746.826076507568 676.532985687256 636.418716430664 645.432392120361 941.2607421875 726.910110473633 761.731170654297 769.537948608398 665.108486652374 709.020889282227 786.747510910034 979.836517333984 793.343891143799 815.102432250977 867.334121704102 799.261421203613
964.186859130859 822.210083007812 779.047494888306 1061.97398376465 1249.55579376221 986.832572937012 819.625854492188 730.374465942383 760.638244628906 896.650077819824 960.906520843506 516.240371704102 538.060791015625 462.88720703125 655.184646606445 439.29508972168 665.434650421143 809.019155502319 601.203125 789.65592956543 747.761682510376 690.732666015625 763.704179763794 561.16047668457 579.777053833008 523.570755004883 536.076553344727 706.941284179688 460.257736206055 779.053955078125 673.393836975098 758.844402313232 676.997261047363 834.115425109863 793.531471252441 630.607498168945 679.62952041626 780.597846984863 997.943908691406 918.746990203857 733.885452270508 649.696769714355 650.242643356323 715.877605438232 742.278114318848 680.297145843506 683.603342056274 693.701393127441 781.823570251465 807.26443862915
1145.2167942524 1172.56726741791 871.555673599243 775.296783447266 905.254425048828 918.231826782227 848.133453369141 831.187866210938 972.161865234375 825.5283203125 1095.71060943604 603.516494750977 537.465438842773 434.517547607422 686.5182762146 701.987684249878 733.298571586609 703.337381958961 648.611083984375 699.811027526855 549.806701660156 671.082260131836 757.256310343742 622.536155700684 726.82751083374 570.208000183105 591.81413269043 729.799942016602 622.853736877441 652.609970092773 570.080825805664 684.664566040039 652.217582702637 761.292549133301 605.854988098145 821.212757825851 990.045166015625 810.081226348877 839.433277130127 902.563123703003 869.878154754639 884.706970214844 754.242774963379 801.572662353516 776.252334594727 801.441024780273 823.723892211914 761.414245605469 815.861755371094 928.925094604492
1233.67282104492 653.555404663086 749.761791229248 709.631511688232 862.211029052734 839.516006469727 948.363945007324 821.251678466797 904.014495849609 1044.73086738586 965.687034606934 700.982879638672 953.566284179688 630.525625228882 767.420696258545 845.40020942688 740.867418289185 718.202642440796 694.52840423584 562.819793701172 895.291954040527 891.318893432617 751.905715942383 723.341892242432 422.960723876953 527.772048950195 538.261352539062 650.97497177124 722.802619934082 775.312479972839 620.67658996582 704.712657928467 677.47350025177 726.485332489014 704.176790952682 914.050926208496 986.505950927734 918.804721832275 885.586814880371 870.155180931091 879.74730682373 882.613021850586 806.17712020874 918.31031036377 878.987571716309 858.92783164978 1157.25744628906 928.905456542969 804.941055297852 819.030200958252
718.123311042786 810.18709564209 738.465402603149 709.588424682617 913.117362976074 696.793685913086 875.69172668457 996.05216217041 973.746765136719 1062.66688537598 704.531539916992 708.313690185547 620.29162979126 807.228777885437 712.829277038574 692.878607749939 855.946708679199 704.061386108398 784.230018615723 684.824844360352 905.109390258789 1056.31706237793 822.028759002686 750.263900756836 764.125444412231 523.447525024414 646.860122680664 775.208788394928 682.838439941406 972.613296508789 930.187774658203 837.257960438728 736.558952331543 692.47486114502 883.004081726074 962.920146942139 1035.29155731201 998.653839111328 935.980567932129 972.510979652405 986.77449798584 937.874977111816 1003.48239135742 986.7705078125 868.319915771484 1025.51119995117 946.330127716064 884.223709106445 859.067291259766 859.417922973633
705.33967590332 791.804244995117 787.390609741211 580.274230957031 624.962387084961 674.472549438477 570.750480651855 570.932289123535 443.682052612305 524.865356445312 649.2424659729 799.032981872559 535.264213562012 845.064186096191 997.865921020508 985.290809631348 992.124229431152 676.685920715332 981.94352722168 724.405090332031 967.581581115723 1002.53991699219 1118.09455108643 1201.21181488037 719.258556365967 774.201361656189 517.713455200195 582.963317871094 588.475280761719 600.810745239258 898.990222930908 819.967185974121 583.187255859375 601.282440185547 824.760467529297 913.023948669434 940.539769053459 821.761337280273 979.831355571747 1033.50886917114 882.434368133545 853.186292648315 951.152938842773 875.602771759033 928.210584640503 924.415309906006 1205.89797973633 963.123886108398 902.513580322266 903.190616607666
619.713821411133 617.923316955566 859.371490478516 628.257705688477 570.508903503418 534.444458007812 547.191139221191 607.297891616821 541.796005249023 569.498077392578 596.870330810547 719.818937778473 611.468473434448 764.705945014954 743.973731994629 1174.95155334473 1020.61679077148 720.288864135742 1099.77436828613 672.220108032227 1004.76843261719 927.527847290039 713.820465087891 790.938262939453 779.21223449707 1020.88612365723 540.190162658691 674.41968536377 600.407466888428 476.339645385742 928.036315917969 901.801025390625 680.317459106445 555.226457595825 603.143863677979 774.142185211182 896.008499145508 808.589561462402 970.469566345215 895.636278152466 551.993881225586 777.859642028809 815.142570495605 978.457862854004 796.125134468079 1374.93556213379 1152.94662475586 1272.14570379257 1324.26292991638 815.850852966309
691.532072067261 631.938045501709 666.97261428833 720.900718688965 613.953121185303 586.00329208374 553.393928527832 471.575653076172 609.058364868164 548.859703063965 443.739303588867 572.336776733398 575.344917297363 1077.56872558594 717.335144042969 768.451095581055 675.248687744141 713.395576477051 816.766784667969 759.765371799469 618.946517944336 1140.2740020752 766.73893737793 603.197311401367 744.9638671875 784.172874450684 1389.35150146484 1153.59637451172 1073.93686008453 1184.55249023438 1167.91171264648 914.333023071289 586.438171386719 369.60205078125 572.123879432678 695.095086574554 619.106719970703 459.812408447266 652.621997833252 753.820098876953 691.538642883301 657.6044921875 811.75658416748 732.854528427124 591.190528869629 754.26496887207 895.728363037109 768.611637115479 1049.25028896332 799.089708328247
621.567199707031 563.439693450928 732.994728088379 636.019770622253 575.247871398926 664.040710449219 497.27311706543 538.274185180664 634.620899200439 454.234451293945 641.173294067383 534.188552856445 1227.94861221313 869.956344604492 802.113357543945 461.815063476562 555.400085449219 814.024567604065 1022.23989009857 820.455837249756 606.144714355469 1110.74483036995 804.4626121521 759.58341217041 663.39599609375 636.755401611328 1067.55593109131 1353.03056716919 756.897789001465 1062.72905445099 1246.88411521912 855.399658203125 856.301376342773 533.334320068359 626.626399993896 804.608941078186 853.621206283569 682.531814575195 723.074907302856 738.828308105469 668.427249908447 731.88600730896 792.175868988037 653.722068786621 769.566879272461 759.221887588501 777.530733108521 743.651287078857 656.85302734375 819.343349933624
674.429641723633 512.984245300293 694.301826477051 1192.22490310669 932.811053276062 1042.40199279785 909.41178894043 622.395332336426 565.078254699707 535.434799194336 702.207553863525 475.586196899414 660.469310760498 417.617889404297 729.779190063477 500.292686462402 594.886756896973 651.345869064331 868.401912689209 815.974597930908 759.621520996094 742.768115997314 883.666839599609 710.994964599609 701.302780151367 992.495944976807 794.536437988281 908.011222839355 877.635009765625 730.550956726074 1173.37841796875 685.611518859863 529.08277130127 533.017349243164 634.34888458252 657.456176757812 837.010687828064 706.925647735596 655.871723175049 682.682473182678 568.640991210938 714.11127281189 793.227828502655 808.810585021973 805.05046081543 601.529724121094 967.141830444336 824.720443725586 945.22901058197 803.517715454102
1094.13387715816 700.284507751465 577.489133834839 565.985023498535 493.568145751953 555.678764343262 528.172744750977 602.977733612061 633.907493591309 587.410690307617 667.75895690918 649.110984802246 556.774749755859 569.972763061523 1049.85730743408 538.903663635254 374.335388183594 534.494575500488 729.218612670898 900.51155090332 879.020797729492 748.596145629883 978.922538757324 850.29475402832 689.377185821533 684.435600280762 996.167514801025 781.44091796875 886.363590240479 687.001792907715 737.552665710449 940.097480773926 1331.02279663086 666.448516845703 685.754028320312 582.459716796875 625.586074829102 692.610626220703 627.276913642883 670.668341636658 667.055688858032 718.324649810791 708.835487365723 765.621765136719 699.313217163086 616.229160308838 750.776240348816 538.811279296875 749.263748168945 684.23051071167
604.318082809448 562.905292510986 581.248670578003 781.981018066406 628.334585785866 605.941787719727 465.604522705078 733.173858642578 647.848810434341 510.616668701172 683.766235351562 571.490690231323 650.357036590576 1041.80334472656 571.436660766602 836.697273254395 596.983489990234 958.939800262451 734.226181030273 1037.77633666992 1091.30764007568 952.290565490723 1443.10009765625 750.655926704407 817.823844909668 789.907158851624 1118.50082015991 721.698883056641 736.317596435547 748.681968688965 820.792167663574 631.095458984375 734.772926330566 620.48754119873 669.869194030762 772.419107437134 671.605546951294 846.810180664062 841.879287719727 820.894622802734 674.128524541855 649.579021453857 686.914356231689 661.281735658646 550.006896972656 680.919120788574 766.423530578613 629.884792327881 691.587707519531 686.356174468994
712.779495239258 591.501406669617 616.634033203125 451.655227661133 605.400610923767 420.073333740234 577.315124511719 593.395050048828 590.47053527832 600.886711120605 675.747236728668 537.81307220459 1360.75485229492 1311.00028991699 602.373764038086 848.60604095459 626.151809692383 719.900894165039 564.920822143555 704.154655456543 1210.06414794922 554.791870117188 703.783920288086 516.770965576172 740.273544311523 737.344928741455 1802.65545654297 1038.17247009277 818.517150878906 553.325576782227 868.856639862061 555.71858215332 591.778785705566 1130.13565826416 786.252861022949 595.996383666992 708.070861816406 1109.8560218811 1367.02707290649 764.884323120117 780.382827758789 802.184921264648 717.523980140686 745.147922515869 1234.51111221313 668.245216369629 643.994918823242 652.745568275452 651.149955749512 799.221817016602
611.650166988373 730.937423706055 424.489959716797 574.973007202148 660.973133087158 580.543041229248 701.215431213379 448.295425415039 663.094341278076 642.895048141479 680.854734420776 499.412307739258 611.162445068359 489.104187011719 293.806091308594 838.263061523438 557.525421142578 564.229202270508 588.422920227051 661.236541748047 503.500900268555 494.120590209961 624.448379516602 733.747734069824 880.321176528931 1243.61069488525 788.020492553711 665.296264648438 669.558898925781 685.335800170898 662.940307617188 754.256103515625 804.577972412109 746.259262084961 912.582962036133 541.105606079102 698.14319229126 591.407348632812 533.367797851562 770.878135681152 689.716281890869 677.594039916992 681.312049865723 604.939498901367 763.208311080933 640.577823638916 604.635566711426 769.858631134033 1183.90277481079 847.261966705322
576.458591461182 657.817695617676 474.084716796875 640.610054016113 589.32063293457 630.804737091064 946.804046630859 730.236541748047 587.63890838623 667.501334190369 527.451599121094 472.198165893555 583.43684387207 660.760112762451 478.616516113281 1123.24826526642 1199.87063837051 1152.13121032715 867.887619018555 904.600391387939 535.149688720703 673.815605163574 874.775588989258 648.245300292969 996.882705688477 489.423690795898 620.854461669922 802.190327167511 518.200622558594 829.038475036621 801.450801849365 798.291080474854 657.401675224304 591.853355407715 670.051740646362 1441.60147857666 672.565161705017 716.754871368408 775.836006164551 1019.61385345459 710.784112930298 923.796615600586 992.505676269531 1013.13333892822 1228.13751220703 1113.05830383301 735.41032409668 738.460594177246 600.637538909912 684.751945495605
553.000827789307 436.888320922852 593.411652565002 481.705207824707 577.182632446289 508.708518981934 728.25830078125 611.157794952393 729.808620452881 585.673393249512 931.116739273071 616.085445404053 502.045867919922 618.204734802246 676.860673904419 463.95719909668 522.986335754395 452.301452636719 531.348052978516 667.869756698608 705.168869018555 730.44856262207 625.987670898438 747.883583068848 811.413177490234 613.994476318359 659.526626586914 975.68448638916 934.719345092773 623.006675720215 643.37873840332 703.671875 943.126514434814 642.930053710938 880.042839050293 814.656138420105 661.208874702454 649.41678237915 568.296562194824 635.908428192139 744.028430938721 492.995574951172 921.087578296661 734.989883422852 794.879730224609 542.325454711914 755.278831481934 752.380249023438 598.184684753418 688.776229858398
579.446419477463 623.695598602295 636.618949890137 615.490615844727 574.760143280029 510.698089599609 624.269618988037 600.096000671387 1295.49905395508 669.084714889526 617.023376464844 673.082534790039 678.563610076904 690.98323059082 671.233412265778 475.23063659668 606.541841506958 577.62548828125 725.602416992188 711.868606567383 882.595352172852 476.899444580078 725.231880187988 778.060729980469 897.460186004639 673.076843261719 734.869674682617 607.816421508789 636.555854797363 603.722518920898 796.555862426758 777.692993164062 733.098068237305 696.947710037231 666.331388950348 723.654842376709 688.662519454956 753.585807800293 560.296012878418 691.355750322342 647.667049407959 967.847953796387 1256.43190026283 427.760284423828 636.905349731445 1039.44886779785 699.806392192841 509.701400756836 691.690628051758 1085.16302490234
589.442687988281 500.734268188477 679.421588897705 769.637214660645 613.941780090332 679.49435043335 1045.91120481491 574.824806213379 652.548330307007 542.131996154785 715.352210998535 715.838287353516 661.958480834961 1036.7024230957 738.83434677124 598.566078186035 866.919101715088 524.95426940918 1005.86721038818 761.478286743164 809.447860717773 1313.62351226807 1098.11022663116 676.950859069824 493.901794433594 893.736869812012 813.147232055664 734.230805397034 1577.47184753418 718.670333862305 708.636959075928 766.208560943604 636.539909362793 640.26361656189 639.690851211548 735.010032653809 765.857559204102 727.798332214355 620.760360717773 802.561401367188 665.375759124756 672.087852478027 569.866226196289 576.644660949707 727.085159301758 1100.35985565186 639.787363052368 538.597282409668 681.093557357788 726.587615966797
