export/dem/dem27.asc
NCOLS 350
NROWS 171
XLLCORNER 152620
YLLCORNER 418050
CELLSIZE 100
NODATA_VALUE -9999
[rows 44 to 65 of 171, columns 250 to 299 of 350]
764.346393585205 743.322338104248 946.861114501953 590.726272583008 708.469828367233 733.442701339722 807.024360656738 748.076675415039 732.581377029419 918.487243652344 845.115684509277 744.258386611938 537.482116699219 807.275207519531 758.79135710001 808.566604614258 811.060367584229 823.917098999023 667.565765380859 845.549839019775 842.663009643555 798.346225738525 645.818809509277 636.682357788086 664.988380432129 706.524078369141 717.198379516602 764.555801391602 724.96907043457 701.030548095703 780.24870300293 830.426158905029 736.980331420898 781.426292419434 734.155471801758 811.630020141602 727.217887878418 1025.05249786377 947.343767166138 966.473372936249 827.262085199356 795.577323913574 808.051940441132 815.292213439941 923.702644348145 932.936714172363 872.657474517822 889.509517669678 760.143127441406 851.434182167053
781.225685119629 751.864444732666 722.966103553772 688.719755172729 698.775663375854 648.289131164551 765.345468521118 801.021911621094 795.499549865723 660.144920349121 746.462467193604 699.941967010498 716.210966587067 680.08716583252 788.534244537354 823.496116638184 691.211898803711 685.342155456543 792.126375555992 797.851749420166 882.960815429688 764.636626720428 667.894752502441 517.35595703125 690.569046020508 555.473922729492 741.659118652344 593.962509155273 861.607925415039 962.487682342529 916.23949432373 713.088745117188 935.654739379883 680.053909301758 637.561553955078 643.01091003418 837.95002746582 722.281761169434 1498.60794067383 1071.6393737793 838.438850402832 1059.88279724121 707.721496582031 811.187301635742 893.158882141113 715.581649780273 889.663242340088 884.404075622559 761.888816833496 783.377143859863
724.522125244141 694.202549934387 749.683109283447 746.792392730713 593.34139251709 669.559558868408 683.506614685059 671.660316467285 596.922561645508 676.004119873047 765.328552246094 751.289335250854 664.262016296387 680.061338424683 795.568901062012 669.130493164062 671.379684448242 610.755767822266 631.722946166992 721.036212921143 594.35969543457 715.26845741272 688.797210693359 569.025741577148 568.306930541992 1338.61548614502 538.654144287109 992.562683105469 1269.94094848633 725.188332557678 875.148094177246 603.862823486328 797.03303527832 667.327255249023 1146.17137908936 1505.23945617676 1126.8422088623 843.978866577148 1260.88573455811 1150.93733215332 792.484191894531 759.326286315918 1042.2335395813 687.625274658203 967.605285644531 749.543365478516 1419.42375564575 917.134899139404 801.777908325195 834.780632019043
749.540613174438 566.172012329102 729.714437484741 667.348051071167 682.223365783691 506.932907104492 594.537094116211 677.276359558105 682.702541351318 675.981716156006 813.123962402344 668.460052490234 736.112629890442 858.337692260742 815.131088256836 553.9599609375 567.927963256836 792.315616607666 735.044818878174 740.52680015564 756.510528564453 790.010623931885 628.836921691895 526.798461914062 539.021636962891 1017.0696105957 557.101959228516 806.017150878906 889.263862609863 1119.57444763184 874.027652740479 770.916412353516 766.03483581543 1134.67610168457 721.818344116211 1058.22578048706 1152.6685333252 782.019859313965 1112.43759155273 1067.91211605072 871.869983673096 788.384078979492 1317.66666984558 867.837112426758 824.456649780273 890.305320739746 882.527404785156 827.195087432861 843.661640167236 740.249603271484
703.315330505371 616.780044555664 608.95613861084 525.366821289062 629.920364379883 575.507263183594 658.910839080811 767.924556732178 648.65380859375 853.201797485352 654.346572875977 718.324687004089 727.012411117554 691.468734741211 584.249465942383 723.867935180664 704.469135284424 635.90030670166 682.660373687744 771.72996878624 653.915740966797 726.598941326141 531.781021118164 527.637191772461 637.261444091797 599.109313964844 517.583709716797 748.154937744141 666.52596282959 1117.92867851257 1238.7321472168 926.82145690918 759.207733154297 676.596984863281 698.482452392578 815.029033660889 1065.80108642578 715.589347839355 1730.36259460449 926.556976318359 725.229148864746 686.328056335449 1123.97989273071 858.187264442444 781.944030761719 927.805725097656 860.456527709961 1812.20526123047 865.660182952881 752.104202270508
690.338912963867 635.51985168457 721.670215606689 615.208679199219 670.328922271729 764.472644805908 616.528656005859 524.796020507812 641.438896179199 725.582643508911 824.358245849609 726.041385650635 647.376113891602 632.463424682617 626.513252258301 764.426120758057 638.413063049316 675.997283935547 741.342186927795 744.434971809387 652.004608154297 579.559677124023 658.77965927124 596.23698425293 664.419738769531 1021.84219360352 822.71142578125 806.15699005127 701.869361877441 738.115386962891 672.520401000977 627.686737060547 820.385391235352 710.567939758301 1308.56792449951 666.903839111328 758.646934509277 648.94889831543 744.324569702148 590.155288696289 952.522184371948 732.9287109375 910.110794067383 942.389755249023 852.045846939087 882.248317718506 710.764007568359 851.2028465271 819.92283821106 914.265426635742
595.402236938477 743.166130065918 760.800804138184 733.371681213379 850.150360107422 753.112369537354 761.367240905762 655.823669433594 841.900207519531 731.278301239014 694.586490631104 531.647964477539 421.093322753906 592.192901611328 605.875946044922 624.35368347168 606.17985534668 866.437042236328 516.135940551758 714.098565101624 674.417053222656 675.305404663086 535.541168212891 651.240310668945 553.176315307617 591.952926635742 624.58056640625 1010.57223510742 807.961410522461 937.749443054199 1103.91551589966 963.580860137939 709.129722595215 751.151969909668 865.206008911133 548.777465820312 854.439277648926 1164.67157745361 826.888748168945 898.389625549316 1107.95365905762 912.915647506714 730.860877990723 883.692672729492 855.137336730957 776.892097473145 842.027214050293 980.184875488281 1074.2677230835 914.548736572266
649.113700866699 662.861869812012 733.765361785889 777.934722900391 716.693799972534 742.548686981201 741.587104797363 748.229732513428 759.893058776855 856.782119750977 789.439224243164 765.730637550354 596.597595214844 599.665100097656 650.004386901855 583.090469360352 596.90731048584 678.217193603516 627.490058898926 754.141435623169 579.795257568359 633.464828491211 748.263320922852 522.251052856445 658.517913818359 788.968139648438 913.574157714844 708.752395629883 736.701164245605 742.896179199219 947.015922546387 909.506210327148 987.456207275391 1297.80932617188 948.800674438477 671.002853393555 642.655502319336 651.26203918457 835.417694091797 844.824905395508 868.16890335083 705.025985717773 816.413725614548 683.220748901367 858.213050842285 605.672439575195 929.422233581543 644.905044555664 759.921943664551 870.860202789307
723.985656738281 632.053691864014 664.060256958008 610.141822814941 822.622680664062 743.890033721924 806.098846435547 815.775939941406 685.323682785034 731.426631450653 715.194633483887 573.198150634766 698.617307662964 616.798027038574 578.712226867676 528.771850585938 637.919731140137 762.715713500977 645.863662719727 669.743934631348 497.255340576172 611.61457824707 532.66584777832 529.015121459961 618.961883544922 815.18635559082 802.613845825195 708.50984954834 799.065521717072 708.566696166992 831.246765136719 596.784820556641 855.050216674805 1247.83065032959 767.937156677246 814.981531143188 901.028106689453 641.878402709961 937.452331542969 844.887565612793 725.803611755371 846.129867553711 839.26979970932 727.300933837891 735.337890625 678.960670471191 1089.75006103516 823.125427246094 645.614471435547 738.273834228516
409.489013671875 938.394606113434 727.000930786133 649.828983306885 771.212104797363 637.39041519165 612.798553466797 727.837478637695 776.429817199707 756.4792137146 1192.83228105307 760.173931121826 813.654155731201 750.828691482544 846.67000579834 923.594787597656 481.326965332031 735.305841445923 586.173110961914 1558.69338989258 822.410568237305 612.323745727539 565.893051147461 1320.76071166992 755.087219238281 581.823471069336 618.989105224609 727.622756958008 786.279538631439 682.156326293945 743.932018280029 893.571853637695 709.604125976562 907.810279846191 625.64875793457 1271.09112930298 854.492706298828 798.157928466797 621.213226318359 762.925151824951 1179.23582458496 583.674819946289 725.358222961426 774.650604248047 677.902587890625 904.76522064209 840.180332183838 803.673496723175 852.846419334412 718.797004699707
546.07258605957 690.612103462219 740.928329467773 687.585857391357 841.003593444824 871.290966033936 667.968688964844 521.892425537109 743.077184677124 604.147689819336 809.359935760498 1508.64828264713 798.354873657227 1032.3726348877 1030.34108734131 1556.25936889648 613.21696472168 812.590881347656 981.477798461914 418.812316894531 345.474975585938 496.616180419922 636.356811523438 838.645393371582 580.189254760742 627.001419067383 640.045013427734 674.953689575195 926.286491394043 716.747169494629 782.537124633789 737.500589370728 975.152526855469 615.173187255859 697.298492431641 768.681503295898 1134.88966369629 506.324127197266 669.097381591797 772.560775756836 899.721035003662 737.917999267578 684.47029876709 918.378406524658 719.439064025879 806.242383956909 798.306011199951 768.713760375977 864.217916488647 557.571807861328
653.844612598419 447.744430541992 692.997560501099 598.047836303711 661.886493682861 722.588005065918 654.679329395294 1411.24458312988 701.995162963867 755.417804718018 669.169342041016 688.906600952148 743.584380149841 703.500129699707 645.780921936035 1547.7135848999 652.32014465332 1285.95631408691 649.051177978516 641.298645019531 1490.02616119385 1432.15487670898 1667.10223388672 756.223083496094 863.065887451172 1143.05891418457 809.802698612213 597.362762451172 680.783134460449 761.381839752197 794.499847412109 635.143508911133 784.258895874023 713.679504394531 828.843902587891 802.711372375488 851.213836669922 859.247314453125 633.359298706055 952.787628173828 1275.32514953613 1051.47592163086 1513.08037471771 797.042543411255 914.430740356445 746.624039649963 674.858947753906 713.908866882324 607.409942626953 418.311767578125
763.755325317383 719.502052307129 660.289726257324 673.315331459045 609.112644195557 725.548831939697 836.413284301758 744.768669128418 796.507713317871 719.324808120728 854.649520874023 592.44873046875 866.954238891602 675.665718078613 705.916975021362 761.516529083252 1025.12725901604 779.952575683594 695.800971984863 625.482238769531 572.215957641602 628.909820556641 1594.25842285156 1842.13154602051 602.913543701172 727.828491210938 761.704040527344 965.270477294922 815.288593292236 813.134504318237 610.630126953125 778.254460334778 595.942535400391 888.767929077148 738.835258483887 573.491134643555 490.995956420898 955.11701965332 696.410980224609 1128.24253845215 624.726531982422 822.96981048584 698.409812927246 813.00411605835 896.267364501953 811.13002204895 718.030937194824 586.740005493164 507.513671875 839.251251220703
618.903011322021 517.616333007812 760.131530761719 611.557006835938 633.975826263428 716.335493087769 605.008460998535 666.437748014927 604.64469909668 726.238399505615 604.154815673828 560.328689575195 615.208042144775 703.025344848633 625.542503356934 615.615383148193 688.583038330078 677.830207824707 718.900001525879 653.425109863281 524.689498901367 499.574523925781 1041.00146484375 375.785736083984 548.815185546875 658.851760864258 776.28865814209 794.968597412109 700.570198059082 733.693996429443 720.950866699219 628.848281860352 656.244049072266 887.55867767334 809.326095581055 1285.21329498291 589.148254394531 705.974769592285 648.750778198242 630.75316619873 559.982086181641 996.947994232178 801.116471290588 782.641248941422 836.32494354248 813.959534645081 873.174781799316 705.320922851562 445.203643798828 1170.91058349609
647.566737174988 716.272327423096 659.078678131104 750.493606567383 562.107482910156 600.605182647705 651.358360290527 721.59365272522 645.952116012573 628.639270782471 611.132507324219 634.476692199707 605.386711120605 711.352438926697 688.591275215149 644.130378723145 520.545455932617 680.387626647949 526.066619873047 676.098762512207 699.768737792969 747.22554397583 1010.96981048584 488.603439331055 1019.01470947266 816.588661193848 632.617584228516 558.610885620117 745.478849411011 876.066097259521 663.700805664062 589.97688293457 710.955757141113 875.219329833984 612.165420532227 623.984848022461 643.301315307617 728.524269104004 743.448348999023 603.504592895508 839.554016113281 792.526019096375 954.259704589844 878.593955993652 823.581371307373 814.610174179077 635.222885131836 788.684827804565 1022.11454772949 2186.53240966797
556.131423950195 569.379425048828 629.039222717285 587.452728271484 798.792282104492 539.330795288086 569.716888427734 577.747055053711 464.2294921875 822.176330566406 698.648030996323 753.436981201172 630.241352081299 661.162227630615 701.833813667297 670.568914413452 658.549949645996 678.567752838135 712.342821359634 894.399429321289 724.008316040039 838.063377380371 681.612403869629 581.916534423828 706.524658203125 691.161186218262 458.250549316406 674.946182250977 659.327774047852 639.903656005859 722.968864440918 719.773772239685 551.814834594727 671.025100708008 643.886962890625 707.914421081543 532.022735595703 761.891288757324 698.270904541016 768.281288146973 624.417877197266 791.874804019928 664.425682067871 616.927673339844 901.164222717285 918.316818237305 849.228935241699 691.826805114746 1249.91473388672 1536.25811767578
643.133888244629 690.524780273438 760.733116149902 587.058624267578 660.738084793091 709.970327377319 717.941661834717 558.922454833984 672.033282279968 721.512538909912 713.195232391357 757.471099853516 594.912742614746 644.763889312744 636.54655456543 602.780181884766 504.5810546875 683.39164352417 743.077739715576 655.848255157471 1073.77948760986 1264.00673389435 595.182388305664 612.064804077148 675.023460388184 684.139007568359 815.509765625 876.708994626999 722.256294250488 529.174896240234 538.98193359375 660.213829040527 629.022453308105 615.722496032715 691.399375915527 664.138053894043 718.114032745361 665.313331604004 907.656600952148 595.370254516602 619.273818969727 780.477076530457 814.327930450439 740.51414680481 911.251007080078 852.957443237305 878.791465759277 836.21240234375 549.812698364258 1379.03922796249
610.279800415039 670.537137985229 611.282257080078 761.031448364258 693.124725341797 483.048690795898 689.29616355896 614.705871582031 702.092670440674 710.955940246582 834.553604125977 757.992073059082 634.210899353027 547.058654785156 628.33228302002 589.236633300781 635.903343200684 703.468962192535 765.395866394043 652.220886230469 699.60936164856 596.90998840332 514.603973388672 545.797225952148 650.033416748047 671.308673858643 613.032691955566 716.56468963623 668.963939666748 1161.10160636902 725.941217422485 786.63431930542 561.382568359375 609.060317993164 716.704299449921 797.7619972229 822.075630187988 834.906974196434 700.924976348877 685.513236999512 758.050240516663 652.998252868652 778.052917480469 684.026733398438 962.974182128906 738.181640625 857.234901428223 834.832141876221 593.059341430664 540.236724853516
603.959949493408 657.870877742767 603.733764648438 658.852573394775 769.728927612305 583.881736755371 494.586380004883 603.871391296387 734.339309692383 747.936511993408 709.855424880981 691.283938407898 576.569496154785 682.402525782585 678.111015856266 592.878395080566 661.918441772461 714.430032730103 604.000366210938 550.50114440918 713.703964233398 686.827220916748 475.918380737305 543.880249023438 729.709406077862 676.05472946167 716.127281188965 826.575332641602 842.086585998535 730.849723815918 673.31127166748 755.323402404785 603.121154785156 695.056831359863 615.589096069336 650.384300231934 637.668403625488 722.389010429382 883.914321899414 766.208028241992 868.017852783203 854.780700683594 769.406409263611 745.433578491211 585.111099243164 768.540577888489 811.553485870361 720.324016571045 722.008159637451 648.082473754883
717.642311096191 536.150398254395 704.270893096924 505.483108520508 705.351493835449 651.021035356447 685.271276473999 517.119522094727 667.379812240601 796.574058532715 787.567565917969 663.271627426147 597.885757446289 652.256038665771 717.16937828064 711.575613021851 797.997764587402 796.290313720703 602.24324798584 605.216201782227 577.966415405273 598.220344543457 576.62133026123 524.922180175781 666.656726837158 646.455390930176 647.695556640625 898.94059753418 755.702306747437 618.74390411377 687.080154418945 725.345792770386 691.632019042969 898.743789672852 609.953750610352 736.750021934509 664.017395019531 740.832181930542 930.257873535156 692.538036346436 754.788255393505 824.883033752441 759.615219593048 739.6715259552 532.728164672852 822.520683288574 651.139747619629 799.824058532715 728.881801605225 584.840484619141
712.11141204834 603.266242980957 718.792488098145 581.348937988281 634.635385513306 590.15258026123 712.231918334961 630.615762710571 482.829650878906 745.087501525879 825.40217590332 785.437522888184 758.670539855957 568.486480712891 825.014770507812 659.352531433105 771.566032409668 759.648178100586 748.518669128418 804.80418586731 720.755750656128 697.806887626648 795.331298828125 753.054431915283 624.839973449707 750.671318054199 824.723052978516 798.291488647461 934.49072265625 803.17765045166 787.598808288574 585.61018371582 738.038999557495 643.853935241699 701.118431091309 718.600703239441 765.227466583252 850.016204833984 936.428955078125 827.427864074707 852.749443054199 748.210874482989 807.249095916748 732.6858959198 613.555297851562 672.179916381836 677.629127502441 734.556308746338 846.31608581543 630.406356811523
512.274002075195 632.162940979004 602.811729431152 790.632675170898 681.865856170654 655.493107795715 679.269336700439 762.108009338379 643.274099349976 710.056400299072 606.570247650146 763.214820861816 632.386142730713 679.163420200348 799.160675048828 663.955276489258 634.826221466064 761.644332885742 677.434811711311 849.860885620117 613.058765411377 732.347599029541 578.328025817871 668.838245391846 800.732864379883 844.439765930176 830.954528808594 784.095779418945 771.422124862671 843.008857727051 747.608772277832 723.964363098145 556.638107299805 546.489501953125 518.069442749023 633.920677185059 850.711963653564 665.697883605957 814.80394744873 694.740116119385 716.261753082275 763.987188339233 944.113067626953 686.64852142334 770.290112495422 647.323120117188 695.730445861816 671.818138122559 671.264930725098 761.21215057373
