export/dem/dem22.asc
NCOLS 350
NROWS 171
XLLCORNER 152620
YLLCORNER 418050
CELLSIZE 100
NODATA_VALUE -9999
[rows 66 to 87 of 171, columns 150 to 199 of 350]
589.644889831543 691.61930847168 630.550819396973 618.409187316895 561.455245018005 312.293273925781 535.295028686523 477.308692932129 585.975854873657 581.287317276001 441.834899902344 447.001434326172 492.994216918945 638.388114929199 531.023951530457 540.901760101318 577.285806655884 477.970626831055 565.570193767548 549.033208847046 615.446662902832 690.889472961426 624.856002807617 529.34907913208 510.375263214111 551.500371932983 585.341942310333 527.180389404297 600.363758087158 565.561321258545 499.986061096191 567.524951934814 603.975282669067 558.089130401611 522.968940734863 432.977493286133 507.041473388672 491.579498291016 608.061655759811 593.910453796387 576.595148086548 664.093460083008 616.545927762985 798.302337646484 588.892219543457 680.492149353027 581.975883483887 687.725601196289 673.763271331787 727.169368743896
688.928527832031 653.049255371094 780.515411376953 620.269309997559 626.289642333984 601.238117218018 649.152626037598 500.621898651123 568.837890625 638.96159362793 627.248199462891 562.797122001648 389.759155273438 577.314605712891 518.159549713135 522.048229217529 495.757255554199 562.892677307129 523.048767089844 493.011665344238 517.881824493408 519.062004089355 452.210792541504 336.551834106445 555.479621887207 467.027755737305 572.128196716309 624.555652618408 479.708457946777 750.262939453125 606.281410694122 440.538589477539 649.919376373291 591.209619522095 569.133083343506 417.0830078125 665.751644134521 376.425750732422 619.645956039429 642.507385253906 565.886978149414 681.977310180664 525.011184692383 708.962757110596 651.593831062317 614.410566329956 567.385627746582 544.521583557129 619.690637588501 633.679265975952
696.844467163086 492.707077026367 648.448013305664 613.016120910645 597.826011657715 589.748195648193 542.578253507614 526.268280029297 543.375423043966 557.891803741455 422.315719604492 508.011726379395 568.368566513062 584.536601543427 644.40510559082 492.147979736328 467.603393554688 549.833466529846 590.14465713501 521.008110046387 475.297424316406 562.84955406189 685.348052978516 564.453733921051 582.548542022705 669.152130126953 459.082794189453 478.667686462402 528.648460388184 612.119750976562 652.872234344482 556.766914367676 551.765892028809 612.003388404846 468.329513549805 614.286037921906 295.252105712891 554.380249023438 523.109191894531 570.238523483276 607.192242145538 632.519041061401 707.503463745117 756.495529174805 552.990001678467 754.996803283691 632.633486747742 657.752592086792 631.326329797506 486.054656982422
482.673408508301 580.846462249756 606.49987411499 581.341638088226 500.331115722656 535.314483642578 524.758192062378 700.906524658203 588.943093776703 502.811058044434 524.545873641968 580.177795410156 483.659255981445 507.172565460205 495.343238830566 513.950084686279 453.501335144043 493.48950958252 394.188385009766 360.471908569336 445.498031616211 553.407777786255 568.437734365463 373.051834106445 579.136869862676 640.895080566406 534.348106384277 521.666786193848 637.000373840332 480.642036437988 575.143280029297 564.696063995361 525.650093078613 597.915045499802 629.76162147522 631.759941101074 503.996047973633 499.797630310059 413.149688720703 587.56506061554 596.706962585449 653.395992279053 553.605735778809 629.812867641449 633.800855636597 642.186168670654 611.730500221252 611.6256275177 519.79874420166 692.815132141113
524.912712097168 446.647064208984 616.674560546875 629.619861602783 653.513114929199 533.90879535675 583.21240234375 552.637432098389 532.705338716507 446.213325500488 587.88809967041 446.017684936523 467.75074005127 473.479454040527 560.448364257812 535.200040817261 546.920043945312 497.096557617188 571.471697807312 473.910720825195 576.457832336426 516.716827392578 655.911979675293 678.929145812988 630.715299606323 678.992820739746 527.56819152832 724.966384887695 574.490626245737 678.663383483887 596.225919723511 575.453552246094 677.676261901855 497.636268615723 516.324813842773 474.327537536621 500.441719055176 479.700775146484 614.534675598145 706.084800720215 608.009532928467 600.620068192482 675.278846740723 643.462791442871 523.758117675781 720.454925537109 663.490862369537 892.690460205078 684.543273925781 612.40717124939
470.588638305664 615.9827003479 593.46501159668 576.644710540771 544.262612342834 441.30436706543 607.810791015625 530.314380645752 535.183781266212 554.625512123108 436.003517150879 424.050659179688 620.079681396484 626.915832519531 655.56999206543 417.05680847168 531.914646148682 542.462955474854 521.284225463867 487.04711151123 526.729957580566 464.593658447266 503.110130310059 602.670805811882 671.644989013672 567.735052108765 574.7370262146 678.396385192871 575.823081970215 467.324859619141 578.243370056152 580.120036125183 728.627395629883 609.596209049225 528.293884277344 445.964233398438 469.4189453125 576.982225418091 640.945587158203 673.492015838623 472.955200195312 776.551513671875 612.601604938507 748.439514160156 511.886962890625 681.23762512207 646.568299293518 641.464139938354 675.865810394287 443.045486450195
335.384689331055 499.453304290771 534.922616958618 395.704528808594 596.006927490234 577.665157318115 540.007679581642 527.012635231018 569.989656448364 386.707427978516 501.581474304199 568.486214637756 472.57438659668 576.087926864624 511.197170257568 499.372577667236 600.105545043945 776.264663696289 542.47603225708 539.730033874512 492.656509399414 549.261779785156 464.254669189453 410.289138793945 592.92277431488 391.850128173828 523.177703857422 645.890323638916 446.775451660156 628.247585296631 677.597900390625 609.555086612701 610.907627105713 608.434299468994 723.676528930664 609.478991031647 723.072853088379 415.213317871094 495.389175415039 601.260513305664 691.554458618164 678.062110900879 784.296936035156 659.042407989502 704.038856506348 831.59033203125 766.679046630859 665.671909332275 420.564804077148 627.811590194702
355.787857055664 419.598449707031 443.414344787598 550.574748516083 604.762512207031 464.163024902344 556.705206871033 476.208381652832 483.384101867676 589.806159973145 372.586685180664 450.791648864746 582.354654312134 598.971794128418 652.201210021973 508.789413452148 489.406066894531 472.225128173828 489.523780822754 528.125335693359 567.842121124268 511.043716430664 605.905345916748 547.466491699219 399.796615600586 574.425468444824 597.564282417297 649.777297973633 542.556583404541 622.875864028931 551.555324554443 549.703941345215 718.469749450684 675.107688903809 445.989624023438 503.038856506348 547.075664520264 638.09814453125 637.008289337158 512.91300201416 595.316379308701 545.703514099121 717.278129577637 606.251474380493 832.313705444336 773.799240112305 555.648456573486 519.96573638916 488.139739990234 640.482986450195
511.368007659912 400.315200805664 459.740203857422 457.875984191895 446.831184387207 525.980453491211 554.192345619202 391.324508666992 483.473495483398 633.085311889648 619.375881195068 469.146423339844 586.884189605713 519.325469970703 452.95890045166 444.267562866211 656.044700622559 569.593704223633 590.161621570587 530.737777709961 511.243202209473 655.700412750244 590.689357757568 547.008598327637 579.292146682739 472.692810058594 588.352899551392 622.880370654166 642.459028244019 673.367546081543 669.406051635742 545.522792816162 570.292346954346 664.758026123047 584.016220569611 650.504013061523 539.468730926514 646.411434173584 624.768550872803 617.359519958496 637.431198120117 545.659797668457 697.747428894043 706.863578796387 790.391860961914 707.36344909668 557.260589599609 691.561157226562 613.88015460968 756.362091064453
709.456451416016 490.425712585449 480.927810668945 562.601656198502 589.930372238159 455.866668701172 389.737319946289 582.381065368652 533.59263420105 499.669719696045 542.542217254639 485.03742980957 552.439361572266 667.963394165039 627.53172492981 639.27373790741 470.859756469727 605.343091011047 580.22127532959 669.331443786621 565.182708740234 667.025146484375 521.727615356445 651.796039581299 793.632835388184 532.67361831665 662.948387145996 648.049587249756 618.888075210154 602.965057849884 609.748941421509 431.500915527344 694.056343078613 555.532367706299 487.233871459961 443.719848632812 604.109233856201 645.220264434814 545.117118835449 541.865623474121 635.004585266113 474.577270507812 588.912722587585 639.957471847534 640.436309814453 587.17654800415 587.763216972351 663.062088012695 598.168630123138 705.800476074219
606.798049926758 743.264472961426 696.393135070801 871.158241271973 526.80082321167 415.70768737793 645.553550720215 658.409393310547 532.888378143311 649.87670135498 591.678806304932 521.021812438965 740.690216064453 673.437622070312 639.686401367188 618.889089584351 505.960029602051 511.716537475586 521.515548706055 677.056564331055 712.454963684082 692.801166534424 694.209781646729 563.778259277344 623.086822509766 581.595261573792 408.206840515137 623.15057015419 700.016403198242 627.675151824951 674.409973144531 569.914503097534 645.898593902588 492.63208770752 566.185824394226 686.931625366211 663.637710571289 622.777717590332 738.762573242188 511.470073699951 634.102546691895 753.086975097656 664.33874130249 717.126762390137 722.285888671875 495.822441101074 592.773872852325 782.137405395508 831.043304443359 663.708404541016
556.144399642944 613.470169067383 652.577019691467 517.129096984863 550.999797821045 617.146911621094 471.40446472168 536.684257507324 560.283644676208 570.445762634277 364.401840209961 570.160591602325 659.738182067871 645.526248931885 637.083431243896 655.073215484619 746.451416015625 699.617427825928 616.141971588135 767.359687805176 627.724521636963 652.312375068665 544.928741455078 658.048948764801 804.207322120667 688.230003356934 550.980926513672 723.513031005859 539.367713928223 736.408500671387 635.288209915161 750.240859985352 633.926712036133 654.505771636963 513.757194519043 756.054275512695 607.197581291199 707.594589233398 588.26672744751 561.915111541748 685.258491516113 467.86506652832 589.80725479126 653.99698638916 608.122800827026 624.56628036499 730.695724487305 693.549057006836 566.272754669189 723.649459838867
608.245235443115 740.776107788086 430.72151184082 502.229553222656 685.596416473389 603.548572540283 563.679348945618 478.668823242188 437.4150390625 561.240474700928 455.834617614746 564.370066642761 500.15274810791 605.723487854004 735.544097900391 627.072688102722 689.543350219727 742.376449584961 706.960163116455 708.248550415039 630.134266853333 431.682601928711 572.857246398926 584.98282623291 591.217432022095 430.971008300781 568.958793640137 554.760398864746 466.166519165039 515.78589630127 525.581359863281 698.753677368164 566.511157989502 580.300779342651 776.205917358398 565.62126159668 520.052345275879 599.414998054504 539.253402709961 503.103965759277 633.628140449524 582.578636169434 568.960708618164 503.328010559082 628.172512054443 569.224327087402 537.477226257324 671.572105407715 614.838866233826 613.803137779236
541.274744033813 390.336540222168 459.74089050293 597.554702758789 743.934379577637 705.376083374023 555.0920753479 445.771041870117 673.011913299561 560.360862731934 551.125762939453 474.038368225098 542.311006546021 475.940864562988 856.437591552734 770.160690307617 702.849391937256 682.501270294189 484.516128540039 670.35920715332 627.354303359985 655.213024139404 705.502044677734 539.393730163574 605.665843963623 495.872589111328 669.713874816895 597.090126037598 676.501285552979 505.606750488281 611.782987594604 740.912246704102 702.557322263718 816.907073974609 515.119888305664 626.697633743286 474.675643920898 510.07731628418 625.796760559082 736.6552734375 588.048568725586 618.098404400051 721.311660766602 713.159240722656 681.715995788574 655.573379516602 637.923847198486 684.549957275391 697.77709197998 605.914539337158
621.311546325684 402.843170166016 457.322608947754 641.711601257324 488.72053527832 524.379901885986 546.999114990234 621.238994598389 637.197365760803 677.087909698486 588.046789169312 696.93994140625 596.460420608521 935.956367492676 726.894050598145 628.510610580444 788.612228393555 815.591682434082 718.089660644531 762.328475952148 735.426731109619 656.406055450439 554.033029556274 516.510238647461 499.939056396484 549.720703125 602.538497924805 539.372032165527 845.789962768555 557.234550476074 783.799346923828 597.462356567383 762.369125366211 513.490997314453 551.403617858887 691.662162780762 711.198631286621 613.587532043457 592.332143723965 570.940673530102 632.171455383301 711.811988830566 511.654273986816 710.917953491211 676.664360046387 720.333709716797 678.750938415527 763.37385559082 719.393402099609 596.869959831238
753.386047363281 642.638499259949 437.581336975098 852.310646057129 551.245506286621 578.873695373535 562.745941162109 434.235771179199 677.011947631836 601.504730224609 676.311824440956 796.355285644531 747.269142150879 986.252883911133 839.993586063385 735.038326263428 622.214149475098 718.355796813965 750.007835388184 676.250812530518 666.40093421936 544.794364929199 558.299289703369 580.117542266846 561.282844543457 630.267803192139 731.819931030273 672.523857593536 657.974716305733 678.677791595459 508.509155273438 662.692949295044 699.381080627441 521.597595214844 562.150276184082 705.626285552979 730.857147216797 681.984321594238 571.755916595459 766.969604492188 638.615322113037 712.071731567383 639.979999542236 679.516696929932 659.825416564941 825.284866333008 724.346549987793 665.976711273193 608.056922912598 539.836334228516
655.07054245472 706.872817993164 642.551689147949 759.883728027344 876.195976257324 906.166000366211 873.16024017334 945.43147277832 660.007884979248 875.946624755859 556.786409378052 601.263452529907 543.901165008545 605.202428817749 690.498054504395 645.296508789062 614.933681964874 804.754440307617 1010.57664489746 611.484397888184 752.44457244873 654.133079528809 768.517303466797 608.697128295898 686.709354400635 701.076922416687 472.644714355469 626.678365707397 585.776123046875 598.869186401367 645.745620727539 782.334976196289 516.020362854004 606.007564544678 603.932901382446 542.74104309082 606.294135093689 712.122875213623 739.153366088867 637.380674362183 505.220664978027 684.737945556641 623.049448013306 567.272216796875 588.794384002686 493.010238647461 678.193780899048 523.095016479492 535.295921325684 611.338520050049
792.841491699219 708.636924743652 615.901569366455 534.141626358032 550.981292724609 730.87100982666 660.425712585449 855.633060455322 643.738246917725 823.193359375 559.984352111816 493.146564483643 516.197731018066 397.738433837891 463.501752883196 559.583213806152 751.235824584961 657.090452194214 788.658752441406 984.64867401123 673.885856628418 495.817537307739 562.93520450592 564.620829582214 588.989738464355 569.16529083252 689.51346206665 688.954288482666 736.861217498779 596.189357757568 633.490922927856 577.670417785645 683.752159118652 646.170833587646 599.429096221924 691.411605834961 555.320838928223 659.2731590271 606.534258842468 668.31226348877 531.486671447754 667.830890655518 724.98331451416 524.396942138672 541.66764831543 686.383304595947 507.455917358398 626.17777633667 666.195697784424 683.653463363647
744.249572753906 747.208831787109 602.731315612793 326.280334472656 437.151515960693 530.290367126465 467.577536582947 847.303649902344 686.934967041016 639.168650627136 655.827487945557 629.579940795898 790.317008972168 677.296772003174 595.352954864502 723.255226135254 597.177513122559 619.651992797852 500.342704772949 908.981510162354 778.664443969727 526.612724304199 822.325653076172 814.20970916748 529.351104736328 553.149757385254 600.593162536621 741.752178192139 593.144020080566 598.813041687012 603.916005134583 681.068817138672 641.300834655762 607.606338500977 509.45442199707 668.807479858398 640.644798278809 589.392004013062 677.71129989624 506.637954711914 617.449201583862 685.431293487549 533.686645507812 543.327011108398 618.566745758057 691.506683349609 668.881259918213 641.690914154053 640.802007675171 675.321613311768
461.589248657227 480.339714050293 586.955535888672 637.683139801025 627.808046340942 562.178639054298 347.337112426758 791.672164916992 644.817878723145 722.610508918762 848.86255645752 573.098495483398 876.289916992188 692.80265045166 685.444053649902 800.175537109375 790.771530151367 617.357352256775 665.064388275146 886.136875152588 668.405029296875 531.357559204102 677.782745361328 567.894645690918 1007.30816841125 691.811479404569 571.093879699707 689.547870635986 673.888019561768 435.457183837891 687.668731689453 525.765800476074 789.669891357422 661.181449890137 507.454055786133 716.511344909668 605.659334182739 656.186012268066 633.782274842262 722.445556640625 590.352600097656 473.231689453125 676.221248626709 482.911499023438 587.610847473145 707.02571105957 660.337862014771 898.750534057617 575.28995513916 560.908599853516
541.704517364502 525.000679016113 631.954811096191 674.380111694336 -9999 -9999 -9999 -9999 -9999 -9999 -9999 -9999 -9999 -9999 -9999 624.018699645996 964.766876220703 690.900871276855 724.124140024185 671.41796875 711.875114440918 554.796562194824 534.304550170898 573.548034667969 773.756072998047 744.757102966309 1091.88799285889 565.478515625 495.63737487793 939.141464233398 526.672327041626 549.344062805176 571.645660400391 599.797466278076 644.566920280457 738.615661621094 429.155258178711 621.780934333801 691.742733001709 548.777465820312 470.722839355469 611.303760528564 652.62565612793 496.287322998047 630.571907043457 665.932838439941 602.395721435547 678.314584732056 673.077991008759 480.969253540039
-9999 -9999 -9999 -9999 -9999 -9999 -9999 -9999 -9999 -9999 -9999 -9999 -9999 -9999 -9999 -9999 -9999 -9999 774.719573974609 749.48032951355 726.782957077026 997.566802978516 884.215377807617 828.326385498047 562.230667114258 596.267074584961 679.578323364258 625.204677581787 585.907829284668 593.551539719105 624.636089324951 1060.34350585938 639.074447154999 561.316253662109 753.011856079102 584.332080841064 699.706165313721 513.668830871582 590.601787567139 715.463603973389 536.383087158203 677.824047088623 603.022380828857 526.320709228516 535.192001342773 633.672197341919 584.308151245117 559.771125793457 688.250897884369 623.662940979004
