export/dem/dem35.asc
NCOLS 350
NROWS 171
XLLCORNER 152620
YLLCORNER 418050
CELLSIZE 100
NODATA_VALUE -9999
[rows 22 to 43 of 171, columns 250 to 299 of 350]
782.076545715332 746.610176086426 921.203681945801 779.069076538086 930.331982135773 815.627548217773 825.166458129883 744.582473754883 825.914680480957 661.869636535645 681.13680267334 482.188110351562 647.920372009277 665.389198303223 766.221900939941 823.425601959229 874.437908172607 752.964984893799 721.273012161255 862.513076782227 702.452467918396 772.995422363281 690.789710998535 894.331008911133 881.736358642578 924.2705078125 828.338592529297 884.748405456543 745.528509140015 1009.1637878418 759.601959228516 -9999 -9999 -9999 -9999 -9999 -9999 -9999 -9999 -9999 -9999 -9999 -9999 -9999 -9999 -9999 -9999 -9999 -9999 -9999
786.229991912842 789.552099227905 665.746154785156 869.589031219482 700.451942443848 945.905067443848 800.156845092773 871.871780395508 926.596824645996 977.534658432007 1016.83832550049 853.103084564209 809.888401031494 846.774830818176 899.475135803223 824.54972076416 941.908433824778 785.046859741211 817.517768859863 798.655125617981 768.762287139893 648.11307144165 640.84613609314 802.097381591797 719.110645294189 760.63346862793 953.73210144043 909.168403625488 926.996627807617 880.213516235352 636.165584564209 1198.50811767578 855.769029140472 890.988182067871 -9999 -9999 -9999 -9999 -9999 -9999 -9999 -9999 -9999 -9999 -9999 -9999 -9999 -9999 -9999 -9999
651.980972290039 1224.08158874512 1157.49544143677 929.199127197266 796.656095504761 707.395202636719 886.002738952637 871.881507873535 800.334861755371 786.709892272949 750.585865020752 859.364624023438 859.576293945312 618.840316772461 619.75569152832 851.960821151733 991.705284118652 914.928260803223 886.85622382164 936.10534286499 923.825347900391 994.384735107422 843.119155883789 652.469177246094 727.600921630859 761.569869995117 957.622673034668 904.831909179688 1059.9994354248 836.127601623535 1027.05149078369 1013.18057250977 902.422546386719 737.18017578125 992.296653747559 1028.52414703369 823.323318481445 -9999 -9999 -9999 -9999 -9999 -9999 -9999 -9999 -9999 -9999 -9999 -9999 -9999
807.908442735672 861.955696105957 723.357620239258 753.89626121521 782.040027618408 903.800003051758 950.875011444092 898.552099227905 877.566692352295 911.00209236145 827.986457824707 885.635414123535 805.115524291992 917.912673950195 999.673559188843 775.237228393555 888.687189102173 700.884323120117 800.107734680176 1070.19641113281 1039.08861541748 1037.43707275391 998.167274475098 892.090526580811 887.708801269531 780.326343536377 1003.06468200684 929.532127380371 943.534873962402 945.933647155762 716.179412841797 979.017425537109 696.685138702393 702.261625289917 879.249971389771 955.187107086182 681.319458007812 770.901000499725 815.239318847656 829.305778503418 782.379501342773 -9999 -9999 -9999 -9999 -9999 -9999 -9999 -9999 -9999
883.782447814941 823.427841186523 870.388294219971 829.329084634781 875.309078216553 911.826725006104 721.201179504395 768.737442016602 709.518035888672 700.960510253906 784.501525878906 888.048751831055 995.593139648438 1376.48104095459 809.002288818359 1037.69736862183 864.18342590332 763.28694152832 871.617614746094 900.983114719391 906.908721923828 856.282085418701 1142.18544006348 1038.18603134155 917.227697372437 1028.76575469971 1027.14356994629 1166.06414794922 1069.89952087402 932.722007751465 631.778305053711 894.470626831055 880.770889282227 639.746166229248 575.52073097229 866.770858764648 795.371919631958 777.883547917008 746.17947769165 837.232727050781 797.259307861328 768.381097793579 984.800096511841 1112.97750854492 1072.01049995422 -9999 -9999 -9999 -9999 -9999
711.116409301758 811.518140792847 968.997451782227 942.101390838623 988.294006347656 838.65808391571 1103.47640228271 842.041912078857 799.500526428223 789.557830810547 656.508926391602 724.091796875 673.80598449707 2095.40618133545 787.979873657227 934.990745544434 805.848945617676 1069.44374084473 871.794548034668 903.319682121277 902.278717041016 975.489784240723 987.277740478516 1052.51038551331 1033.89924621582 1107.93804168701 1141.13717651367 1002.41412353516 977.952435493469 648.675628662109 937.591873168945 897.473585128784 785.668687820435 614.221977233887 472.25951385498 691.119148254395 792.52507019043 880.462438106537 834.821418762207 758.750373363495 742.751924514771 976.061126708984 1045.37873840332 1001.77447128296 975.202909469604 893.700584411621 879.969413757324 929.79035949707 892.027526855469 893.039321184158
766.100833892822 847.159086227417 816.923198699951 824.835020065308 745.605712890625 725.94051361084 904.55005645752 591.123260498047 608.672714233398 664.795715332031 785.836418151855 800.175315856934 646.430236816406 1918.43908309937 659.05322265625 700.853424072266 762.852584838867 759.352355957031 937.613510131836 1018.18000793457 1061.98272705078 843.110202789307 891.3337059021 1058.65641403198 997.078338623047 898.968700408936 1181.08815002441 944.292653560638 1037.18335723877 769.016952514648 864.865898132324 963.867477416992 1068.87201690674 781.88597869873 642.819183349609 768.89013671875 818.725532531738 740.280776977539 796.806331634521 772.870765686035 594.106658935547 624.84619140625 679.534317016602 770.297302246094 884.556953430176 941.829877853394 980.120086669922 827.432830810547 807.981468200684 926.962203979492
973.199523925781 733.716865539551 896.71556854248 813.31164932251 725.676765441895 639.565612792969 755.939022064209 697.096488952637 836.492652893066 708.238914489746 427.243194580078 413.973937988281 1205.91082763672 581.487335205078 606.634902954102 672.78581237793 836.054752349854 749.00936126709 992.595344543457 752.205299377441 759.40892791748 932.424160003662 1022.8447303772 898.821153640747 1031.00479125977 1498.14408874512 998.533828735352 1128.41830444336 1061.77109909058 1080.96533203125 939.348743438721 897.795693397522 1020.26547622681 655.756759643555 742.021629333496 979.270810127258 884.414260864258 856.891418457031 980.754365921021 812.474956512451 726.37931060791 727.375984191895 851.755226135254 831.310781478882 887.226188659668 687.022384643555 644.547653198242 698.431442260742 833.146820068359 878.909645080566
754.036466598511 715.860343933105 703.740013122559 784.711570739746 654.71923828125 911.988403320312 933.942520141602 756.82054901123 718.210105895996 827.41125869751 752.918067932129 540.775329589844 1735.09002685547 481.423919677734 681.818748474121 653.87727355957 690.57991027832 819.120149612427 887.277242660522 902.879280090332 915.1376953125 968.223495483398 903.294136047363 957.482307434082 916.36402130127 804.214668273926 847.366893768311 834.313236504793 802.062496185303 797.249320983887 944.587535858154 1289.99331665039 933.653368413448 1032.15481185913 961.562072753906 811.710243225098 851.786193847656 923.297698974609 834.023574829102 911.940769195557 817.705490112305 874.148254156113 820.813121795654 925.084178924561 924.305564880371 921.509284973145 628.081125259399 644.412269592285 523.707443237305 1161.24143981934
796.746883392334 628.055114746094 809.427600860596 811.790525436401 815.673658370972 762.395292282104 698.711990356445 889.364181518555 822.44073009491 828.171207427979 602.209106445312 1136.13599395752 497.635894775391 505.404541015625 707.348358154297 853.514476776123 853.513325691223 783.928852081299 1025.11882019043 831.203221321106 977.650619506836 901.250823974609 967.646667480469 845.337005615234 758.789813995361 834.008033752441 679.168762207031 896.404640197754 832.799289703369 930.265533447266 774.192405700684 793.529841899872 869.414432525635 804.30290222168 1041.58644485474 993.207534790039 797.754264831543 642.938491821289 950.947004318237 1427.76475143433 941.212684631348 936.759101867676 829.361953735352 1014.2193107605 906.022347927094 890.197372436523 723.865310668945 806.342697143555 656.563280105591 1205.33541870117
768.456707000732 677.77360534668 809.435806274414 545.947937011719 758.100282669067 821.21911239624 920.833969116211 716.742324829102 830.524116516113 637.894683837891 670.993362426758 1474.5707988739 734.904857635498 678.964027404785 676.994163513184 873.794441223145 846.06880569458 849.696239471436 898.273872375488 886.816371917725 925.105461120605 732.22617149353 740.387283325195 863.575210571289 699.093551635742 803.29820895195 861.667572021484 908.554321289062 728.530853271484 766.652099609375 745.371353149414 851.303913116455 822.635740756989 836.399070739746 965.991424560547 671.969177246094 875.29647064209 764.30322265625 756.389045715332 807.745475769043 824.442615509033 835.498424530029 972.324798583984 1427.32153701782 992.971893310547 760.705318450928 1100.61820983887 995.695495605469 1109.75926208496 1162.27209472656
883.351890563965 734.081573486328 725.285842895508 697.770370483398 773.180252477527 706.207233428955 909.184509277344 765.821216583252 692.647727966309 748.410331726074 1034.02110671997 681.676475524902 680.496612548828 712.049911499023 844.15697479248 858.673519134521 915.543823242188 921.372062683105 812.36149597168 840.266967773438 957.850997924805 870.851806640625 1041.02108764648 714.707885742188 787.12771987915 891.775436401367 896.738090515137 690.71900177002 839.958641052246 779.662644386292 901.460517883301 865.21915435791 858.193904876709 777.150058746338 792.342414855957 739.42195892334 805.842663288116 835.186847686768 789.420501708984 907.140663146973 682.65771484375 756.139297485352 800.982116699219 826.390151977539 1278.0658416748 536.665756225586 885.919128417969 732.954147338867 1012.15937042236 1131.96814727783
704.904014587402 699.896156311035 705.373802185059 692.456924438477 762.824249267578 631.169540405273 816.417072296143 895.065200805664 807.391580581665 1044.22262573242 738.516779899597 686.353988647461 688.772300720215 777.080269813538 819.225643157959 1125.61297607422 1097.71974182129 848.401491165161 1036.94006347656 1011.27088928223 865.682960510254 713.453351974487 726.75260925293 828.588638305664 758.056983947754 733.733541488647 829.396438598633 811.043277263641 916.046867370605 712.943901062012 725.189422607422 794.827425003052 808.572643280029 703.061988830566 699.799903869629 829.465888977051 931.102111816406 791.688850879669 659.516120910645 823.778579711914 763.965213775635 761.267799377441 721.555114746094 871.522941112518 902.431476593018 1325.70018005371 863.44627571106 1037.19529342651 1116.55212020874 1073.66219997406
630.060028076172 700.269912719727 746.343378067017 620.99983215332 764.774508476257 856.040061950684 816.866140365601 927.338516235352 693.120506286621 597.804931640625 778.944713592529 792.778810501099 761.136006355286 668.304748535156 827.264945983887 872.887736320496 1123.90821838379 1029.55286407471 814.251545906067 898.607894897461 894.991226196289 821.035512924194 866.242134094238 695.07738494873 865.797443389893 869.661224365234 765.721508026123 852.372829437256 632.006271362305 770.437530517578 855.82592010498 722.159591674805 669.178695678711 759.863967895508 615.019485473633 828.514671325684 843.742337703705 797.42688035965 852.99952507019 888.978317260742 847.412494659424 936.870445251465 863.62882232666 720.646423339844 783.779441833496 777.353614807129 613.982391357422 1302.12725067139 1104.62771606445 805.278411865234
864.177612304688 800.793647766113 775.71799492836 554.624847412109 722.146684646606 958.532958984375 838.3088722229 683.846839904785 1002.70615386963 926.715454101562 730.007839202881 736.387632369995 775.945026397705 932.275184631348 1310.75625133514 986.427673339844 661.933227539062 1046.48804283142 1258.83306121826 853.045217514038 874.835334777832 829.356456756592 887.154014587402 806.954971313477 928.719345092773 863.841533660889 860.898063659668 859.321090698242 863.841819763184 792.752826690674 857.729778289795 706.282806396484 795.1090965271 658.804046630859 799.478698730469 831.62126159668 976.393142700195 949.578002929688 758.493740081787 735.921928405762 828.370513439178 887.374668121338 821.478729724884 850.957818984985 756.409706115723 767.683715820312 982.824214935303 820.069152832031 947.502947807312 1078.48093652725
710.744331359863 725.388307571411 702.910732269287 759.072183609009 760.336851119995 841.60026550293 680.061645507812 1003.4440612793 788.376747131348 800.140464782715 749.394080162048 614.645111083984 893.378173828125 1058.24319839478 1115.71587562561 818.631774902344 597.625762939453 900.149211883545 1456.30089569092 897.331359863281 772.42603302002 612.618057250977 783.777291297913 815.509765625 819.52173614502 908.156608581543 861.357330322266 904.901077270508 876.722831726074 719.124931335449 711.441429138184 701.985015869141 968.032707214355 564.811401367188 702.644889831543 876.58634185791 917.282043457031 781.35383605957 873.918632507324 866.796635627747 771.423831939697 781.425506591797 779.084197998047 820.070533752441 921.059810638428 756.338890075684 890.735874176025 894.426246643066 949.252281188965 1015.40379333496
828.505882263184 736.653451919556 730.29364490509 615.824493408203 665.197883605957 782.617523193359 965.848602294922 710.853914260864 671.105407714844 762.469385147095 1262.38130187988 905.549198150635 1149.47645187378 1096.57810115814 892.898268699646 775.081855773926 1004.59881210327 1731.28452682495 887.029357910156 1452.65298461914 1425.26205444336 878.71905040741 726.067642211914 825.125771522522 820.689214706421 762.75385093689 714.908020019531 735.768142700195 831.45454788208 886.798141479492 691.599685668945 742.85506439209 782.778900146484 824.124016165733 822.352725058794 693.94766998291 909.61238861084 960.435775756836 784.744358062744 832.692621231079 705.454040527344 715.258598327637 822.660963058472 907.938957214355 860.992184638977 737.784873962402 695.282485961914 813.371734619141 813.264694213867 873.876268386841
804.255294799805 676.520130157471 706.257234573364 690.92845916748 685.38793182373 664.661933898926 819.45059967041 822.972663879395 642.262565612793 533.398666381836 697.586700439453 879.277363777161 678.928298950195 1213.19989776611 1168.97477149963 1015.13847446442 930.802536010742 788.469186544418 830.460140228271 878.272045135498 1124.54407501221 907.491897583008 784.7610039711 816.626014709473 746.945091247559 833.139568328857 711.989387512207 782.73454284668 860.817370414734 906.026757359505 814.587177276611 799.396171569824 761.945419311523 571.554321289062 631.987396240234 794.507577896118 777.574462890625 852.499778747559 778.762853622437 902.530941009521 776.849189758301 825.403453826904 760.389694213867 802.464149475098 756.327140808105 879.062877655029 749.193374633789 820.127517700195 894.29873752594 797.477668762207
613.869018554688 668.034320831299 692.106170654297 790.280746459961 748.077362060547 817.896652698517 761.376884460449 779.618759155273 676.612922668457 680.341125488281 752.996276855469 791.448471069336 704.705215454102 923.335315704346 786.18270111084 1149.76396168768 721.290853500366 1073.7222006321 833.551002502441 871.071624755859 838.464851379395 849.201393127441 759.286068916321 703.100028991699 706.061058044434 800.917108535767 774.059713363647 755.49499130249 797.593717575073 857.872081756592 809.368785858154 779.145446777344 810.507720947266 830.192920640111 715.377922058105 443.113800048828 818.758868217468 896.148281097412 607.287338256836 728.714126586914 1172.30664825439 667.507598876953 798.948596954346 877.353900909424 992.529663085938 765.460029602051 861.402442932129 883.649429321289 652.028839111328 830.320919036865
577.154846191406 621.931381225586 786.167795181274 771.288291931152 773.364849090576 875.319145202637 631.61971282959 736.655519485474 672.42733001709 687.639274597168 982.804553985596 906.455154418945 536.771514892578 839.885848999023 728.818641662598 908.47576713562 876.139804840088 764.143089294434 857.607376098633 731.109397888184 637.662612915039 780.227180838585 792.702816009521 902.681503295898 918.114822387695 856.106620788574 734.64302444458 790.445570111275 891.52575302124 793.319793701172 1302.08927440643 774.893123626709 997.074073791504 685.573135375977 785.644821166992 816.62410736084 1319.08753967285 806.668375968933 718.940910339355 891.755159378052 1058.34549713135 747.378616333008 774.323715209961 655.138412475586 766.929321289062 996.703063964844 855.661329269409 996.626998901367 779.487361907959 937.712852478027
709.735020875931 572.996124267578 624.60139465332 733.679111480713 891.911520004272 752.643717885017 544.964202880859 688.36890411377 676.236083984375 671.703338623047 1141.45944976807 1363.10459899902 676.409057617188 759.823668479919 795.849113464355 664.132415771484 611.919120788574 884.887823104858 564.984436035156 888.711044311523 757.26575088501 773.169160842896 761.080147027969 802.937896728516 811.617004394531 705.741004943848 818.025985717773 910.4833984375 625.57299041748 811.168029785156 606.403259277344 721.027320861816 827.831111907959 796.231636047363 712.952377319336 802.457689285278 753.401779174805 900.085861206055 865.105218887329 1268.46522140503 705.860626220703 645.993118286133 564.197830200195 717.538925170898 803.828918457031 916.188846588135 771.460563659668 884.792146682739 828.183729171753 933.074691772461
669.478435516357 820.54825592041 454.160980224609 671.785797119141 737.614151954651 690.276985168457 839.800582885742 841.405296325684 664.651756286621 959.849838256836 785.038757324219 784.5966796875 725.382781028748 690.871734619141 778.411817550659 826.767395019531 796.768583297729 643.80135345459 783.147455215454 745.047216415405 711.75749206543 733.691013336182 682.67741394043 734.520395278931 767.436683654785 720.588626861572 861.694549560547 721.059997558594 805.708464622498 1198.22240883112 855.799270629883 581.511489868164 709.733093261719 648.50749206543 752.069267272949 736.835968017578 787.231132507324 843.877830505371 806.823617935181 776.716598510742 762.033134460449 755.342868804932 712.217567443848 715.155967712402 897.285346984863 852.814547538757 970.266868591309 669.267990112305 854.91223025322 899.179811477661
