export/dem/dem36.asc
NCOLS 350
NROWS 171
XLLCORNER 152620
YLLCORNER 418050
CELLSIZE 100
NODATA_VALUE -9999
[rows 22 to 43 of 171, columns 50 to 99 of 350]
-9999 -9999 -9999 -9999 -9999 -9999 -9999 -9999 -9999 477.522811889648 509.104843139648 667.736658096313 672.813834190369 539.562377929688 312.040557861328 348.587051391602 458.427969932556 443.897964477539 580.926742553711 651.143731832504 588.382495880127 534.519378662109 628.363208472729 722.107315063477 849.732881546021 609.775135040283 492.261489868164 695.458072662354 637.623547077179 630.2278881073 596.766744375229 511.33731842041 559.239669799805 569.084796905518 430.588806152344 656.227787017822 716.423843383789 567.177114486694 646.817588806152 429.113510131836 553.070602416992 268.930145263672 1000.05342102051 506.768859863281 603.757747650146 514.927108764648 430.196762084961 483.882766723633 432.183517456055 1428.4017791748
-9999 -9999 -9999 -9999 -9999 -9999 -9999 -9999 735.634552001953 405.326950073242 615.932159423828 638.877117156982 373.106140136719 94.4544067382812 324.25114440918 381.731811523438 523.227516174316 600.497562408447 657.639736175537 651.495158195496 647.132141590118 822.416061401367 639.356929779053 789.682952880859 843.368026733398 597.508378982544 518.183670043945 638.281326293945 518.910894393921 484.905769348145 536.921266555786 519.809714317322 435.829681396484 539.376148223877 543.243726730347 687.530521392822 668.440505981445 1006.95157623291 764.936172485352 1051.56057739258 784.7893409729 381.856689453125 529.687786102295 618.186807632446 499.760055541992 642.302082061768 581.878315925598 750.047073364258 461.237533569336 1160.0445098877
-9999 -9999 -9999 -9999 -9999 -9999 -9999 651.742523193359 848.278717041016 738.79345703125 565.877815246582 524.007652282715 288.03254699707 193.400405883789 346.823837280273 507.309387207031 668.686241149902 720.691276550293 664.364414215088 627.156051635742 568.569145202637 619.791938781738 697.713981628418 633.266687393188 557.516311645508 388.589370727539 421.174865722656 463.193199157715 624.789699554443 1145.88739395142 753.941619873047 553.26441192627 618.885177612305 466.56615447998 730.511497497559 743.99881362915 596.397705078125 629.609603881836 571.125602722168 472.531311035156 562.286827087402 482.25129699707 468.744033813477 706.468521118164 518.706878662109 449.486633300781 496.403861999512 425.916519165039 527.378079414368 999.895626068115
-9999 -9999 -9999 -9999 -9999 -9999 750.743698120117 770.350540161133 851.824653625488 750.831604003906 516.628860473633 612.421054840088 548.827377319336 561.614030838013 436.891582489014 551.521446228027 566.303188323975 623.441494464874 424.374801635742 636.955871582031 696.430950164795 761.055801391602 504.373722076416 604.075560569763 483.398323059082 490.280082702637 374.707504272461 1096.60172271729 806.707210540771 691.694007873535 685.292121887207 639.599697113037 713.6155128479 827.183074951172 568.571533203125 618.618213653564 540.111511230469 403.746994018555 388.306671142578 713.401725769043 514.936325073242 443.042320251465 511.820812225342 472.191764831543 424.864639282227 445.875244140625 626.1982421875 478.490692138672 546.98122215271 650.623260498047
-9999 -9999 -9999 -9999 -9999 556.46826171875 491.474540710449 314.264739990234 397.599342346191 521.458549499512 428.972091674805 584.032005310059 792.460418701172 644.471406459808 585.86759185791 704.266841888428 551.89538192749 621.511817932129 532.253025054932 665.015365600586 711.298408508301 503.299449920654 591.536015510559 512.573699951172 474.120460510254 851.366659164429 654.919097900391 674.039764404297 930.280517578125 672.857498168945 614.096138000488 583.538734436035 565.024719238281 428.761123657227 576.297729492188 527.721130371094 527.430698394775 502.354400634766 485.13304901123 553.610363006592 563.135580062866 462.361228942871 691.451416015625 417.944442749023 506.53498840332 542.713925361633 665.348182678223 406.490936279297 460.650939941406 708.792857170105
-9999 -9999 -9999 -9999 446.092338562012 553.490203857422 290.589462280273 188.428894042969 257.482498168945 390.256500244141 584.814319610596 625.376693725586 679.335243225098 667.227485656738 779.0048828125 701.916202545166 459.120820999146 517.393459320068 621.4599609375 568.536867022514 603.631351470947 546.894536972046 550.330413341522 1077.42970275879 943.282625198364 741.872184753418 491.5361328125 655.295722961426 751.834829330444 619.063468933105 599.728108406067 684.199676513672 492.785636901855 565.410095214844 575.028053283691 631.036913871765 405.303741455078 505.22737121582 623.114685058594 615.811962127686 427.57177734375 473.200805664062 432.484237670898 495.796211242676 652.107921600342 531.625331878662 496.046981811523 569.319753646851 513.582885742188 490.259078979492
-9999 -9999 -9999 1261.49551391602 510.503803253174 615.586532592773 623.725233078003 352.13362121582 287.823150634766 456.385604858398 510.526168823242 608.656913757324 796.913650512695 701.97216796875 804.518508911133 657.043312072754 678.487180233002 677.972557067871 590.061367034912 499.809326171875 625.875015258789 530.914520263672 843.714916229248 527.085380554199 560.588592529297 613.750047922134 517.191268920898 594.321155548096 507.919986724854 443.192024230957 407.380073547363 425.636558532715 566.877091884613 561.139247894287 395.834899902344 634.574604034424 645.875759124756 503.932083129883 710.417114257812 469.360721588135 569.505527496338 662.422927856445 527.438604354858 357.6484375 549.816951751709 531.841928482056 374.807556152344 445.441291809082 398.736419677734 652.698413848877
-9999 -9999 706.490835905075 1182.13899874687 512.926074981689 465.148383617401 565.079563140869 402.516525268555 595.041645050049 535.920593261719 499.292572021484 547.489616394043 610.102472305298 832.591682434082 667.083316802979 683.473899841309 563.946319580078 640.517061233521 940.627103805542 745.665969848633 1311.74311065674 678.149932861328 491.230804443359 650.379608154297 453.647609710693 523.844913482666 327.86360168457 477.703521728516 524.643703460693 496.294554412365 509.924892425537 782.893707275391 447.436088562012 500.466144561768 497.599475860596 534.679236650467 534.914686441422 562.407869338989 564.511032104492 484.955362319946 391.271186828613 526.794624328613 450.720211029053 486.187804222107 463.950286865234 429.19841003418 139.753936767578 497.794330596924 429.984130859375 773.117401123047
-9999 -9999 897.15007019043 1190.54106140137 1148.07572937012 506.837024688721 558.494777679443 409.462005615234 614.239218115807 686.127082824707 655.790657043457 515.595355510712 817.783615112305 673.806433677673 711.2026720047 614.017082214355 669.447483062744 586.02220916748 801.744243621826 555.090175628662 571.634757995605 561.201195716858 654.706100463867 529.484557151794 502.835060119629 388.14412689209 410.170883178711 402.747047424316 322.966156005859 352.027854919434 549.839149475098 473.609275817871 498.695688247681 524.486583709717 395.516571044922 450.990335464478 394.638595581055 479.352554321289 568.964954376221 498.146127700806 411.293304443359 520.44799041748 516.927703857422 383.298492431641 485.083339691162 440.278984069824 453.925640106201 401.606353759766 414.115364074707 694.880104064941
-9999 652.7211997509 564.742263793945 529.12393951416 565.431949615479 554.982917785645 488.285415649414 681.731784820557 715.239386081696 573.643291473389 674.71643447876 589.181747436523 710.491777420044 662.13277477026 441.738845825195 610.524967193604 542.961629867554 675.703887939453 599.771347045898 506.833822250366 635.719200134277 506.639419555664 455.882902145386 455.454149246216 444.864585638046 413.895881652832 403.995124816895 393.12035369873 447.674253463745 362.249801635742 423.371772766113 483.660982131958 534.654190063477 329.883491516113 545.151443481445 605.368515014648 404.849758148193 460.934230804443 595.308570861816 459.662211894989 478.068433761597 489.578521728516 480.504283905029 577.648391723633 430.64884185791 320.112060546875 548.128871917725 482.910131454468 583.322452545166 371.474090576172
805.511322021484 719.978385925293 720.424018859863 606.280570030212 667.037792205811 409.872665405273 538.119476318359 738.111766815186 562.56916809082 623.306427001953 771.165252685547 674.946838378906 763.895011901855 750.355560302734 715.936676025391 589.534286499023 619.824005126953 638.882606506348 464.553075790405 521.127626419067 417.574905395508 497.521595001221 523.775569915771 599.870330810547 522.634590148926 446.766084671021 455.224860191345 505.995273590088 502.650772094727 470.969566345215 513.455341339111 423.384803771973 466.808254241943 314.460159301758 436.067316055298 457.562358319759 473.974514007568 462.577072143555 413.422515869141 498.085350036621 423.286022186279 560.261177062988 421.688171386719 391.123374938965 447.148650169373 669.631484985352 522.947277069092 552.057741165161 456.875015258789 472.136650085449
647.332954406738 598.841583251953 601.630279541016 690.300910949707 590.09202003479 505.594085693359 587.044334411621 558.39762878418 557.020851135254 697.475391387939 721.535919189453 599.453199386597 582.422264099121 508.475749969482 673.4587059021 460.322287082672 588.941051483154 495.214879989624 452.155628204346 469.206199645996 477.196213752031 376.173706054688 538.915428161621 472.445112228394 432.331573486328 613.965316772461 445.581884384155 525.766647338867 458.755033969879 376.151931762695 371.519096374512 303.508087158203 455.543300628662 457.477615475655 568.84342956543 433.303371429443 663.341827392578 448.150371551514 651.20817565918 541.718551635742 496.898010253906 494.628856658936 387.808540344238 414.062126159668 475.419400215149 546.584007263184 358.79532623291 549.441665649414 378.009742736816 525.345458984375
889.970520019531 494.68550491333 512.324645042419 654.585762023926 646.860046386719 635.836540222168 520.016510009766 295.715576171875 664.232177734375 641.524993896484 731.053070068359 577.411257147789 428.00817489624 785.747543334961 709.588180541992 602.083541870117 395.204635620117 407.356864929199 542.058326721191 479.926303863525 573.31957244873 510.182998657227 560.539443969727 449.087250947952 554.817863464355 508.732677459717 608.695007324219 405.335155487061 520.912776947021 501.158218383789 401.521499633789 623.854904174805 367.883567810059 514.999771118164 294.323028564453 437.762958526611 532.04260635376 514.460670471191 582.676452636719 586.901275634766 579.269226074219 412.193588256836 419.913055419922 330.787994384766 435.422431945801 350.661933898926 530.062675476074 501.197476387024 288.434417724609 463.459541320801
458.445659637451 545.897094726562 715.450439453125 533.619003295898 494.140933036804 589.287667274475 566.709924697876 789.980209350586 655.519680023193 586.896034240723 622.537818908691 491.973773956299 533.00496673584 644.567436218262 548.580028533936 380.819221496582 476.320003509521 374.607391357422 469.336084365845 476.661315917969 462.276789188385 429.510679244995 456.603178501129 560.465179443359 408.419692993164 405.984523773193 613.533172607422 421.598327636719 447.542553901672 458.056861877441 427.699527740479 517.572807312012 323.671890258789 475.117973327637 533.789909362793 531.342666625977 500.40612411499 398.154747009277 495.540771484375 465.877767562866 464.256229400635 423.53596496582 447.083543777466 441.487813949585 527.883590698242 476.193732261658 302.052490234375 491.660066604614 582.315650939941 338.759307861328
570.350788116455 707.266952514648 618.624862670898 510.413514852524 618.675103664398 526.178298950195 563.557235717773 694.190132141113 807.987594604492 793.534865856171 323.137107849121 527.69487953186 425.577537536621 678.118034362793 517.1487865448 463.506546020508 495.620946407318 478.949722290039 497.779949873686 488.227212429047 468.236421108246 525.822143554688 455.125039100647 468.957109451294 509.368179321289 478.905643463135 604.88346862793 530.81477355957 381.611469268799 393.740409851074 427.078301429749 424.267996907234 342.305877685547 419.003564834595 563.501174926758 361.020523071289 620.925628662109 433.364603996277 474.194347381592 587.027770996094 422.511211395264 449.388202667236 347.875823974609 542.060234069824 514.756374359131 360.649337768555 426.485113143921 387.720855712891 339.915405273438 377.688858032227
601.659936904907 590.466217041016 605.808517456055 645.401252746582 725.803504943848 505.307841300964 343.74870300293 501.97890663147 834.663009643555 737.175785064697 399.990200042725 619.823654174805 424.496604919434 298.653030395508 356.504119873047 505.685084342957 505.874160766602 399.097633361816 429.134229660034 635.007476806641 537.910209655762 422.764331817627 332.553939819336 414.239063262939 502.104560852051 333.880531311035 255.642837524414 378.427368164062 361.039054870605 402.921018600464 450.467483520508 458.045459747314 522.869888305664 424.049446105957 581.263259887695 574.34423828125 557.433120727539 752.259643554688 560.408279418945 511.427261352539 507.243278503418 524.276153564453 410.757700920105 605.67268371582 531.671630859375 631.675201416016 477.153594017029 533.317588806152 503.80256652832 399.438552856445
586.787433624268 442.592708587646 503.586128234863 650.325120925903 499.277729034424 434.097142219543 513.930014610291 1086.07534790039 1091.25840759277 1017.84727478027 647.690093994141 362.0458984375 478.87243270874 502.176486968994 550.586101531982 417.751556396484 488.436542510986 572.085876464844 311.196044921875 498.094760894775 521.501033782959 430.655172348022 261.057800292969 437.339296340942 405.119925498962 427.485594749451 414.963759422302 356.194355010986 430.105796813965 390.8508644104 380.436386108398 446.169674873352 498.538017272949 578.457870483398 550.72518157959 577.585906982422 693.58088684082 728.866180419922 648.840896606445 547.093688964844 486.668741226196 478.839698791504 410.109813928604 450.195390701294 411.173610687256 466.569305419922 570.928688049316 533.623138427734 458.327140331268 465.012603759766
604.464019775391 524.982566833496 570.260546684265 810.172197341919 495.488441467285 347.257461547852 420.585152387619 580.509443283081 610.260306358337 854.587036132812 455.09765625 535.265985488892 541.449348449707 405.213668823242 462.416557312012 369.381851196289 353.522178649902 460.004241943359 430.917716026306 463.297924995422 447.714110374451 300.581039428711 327.686584472656 374.223258972168 593.93180847168 638.810623168945 254.63215637207 364.064521789551 460.495361328125 456.922006607056 494.708675384521 347.50968170166 434.47377872467 498.192184448242 689.341186523438 597.097839355469 682.715530395508 632.781005859375 599.957489013672 588.914245605469 534.30224609375 568.625637054443 363.128913879395 520.057098388672 491.775857925415 536.074401855469 499.53071975708 486.629585266113 456.001236276585 430.63437640667
594.114356994629 750.00415802002 709.94157409668 630.434715270996 701.35311537981 404.813140869141 531.417427062988 871.274917602539 721.480453491211 719.048095703125 681.685363769531 545.362116098404 658.131843566895 582.112693786621 414.362060546875 546.382789611816 380.640647888184 557.707366943359 535.11385345459 393.363723754883 419.662065505981 429.974497795105 473.993949890137 551.029113769531 510.347091674805 508.075584411621 312.127922058105 420.261985778809 492.318813323975 306.569114685059 451.978687286377 427.958803892136 424.011976242065 560.808143615723 568.513244628906 517.60676574707 599.680328369141 612.86491394043 526.011070251465 360.01416015625 314.56510925293 358.106903076172 433.326580047607 386.003219604492 322.423080444336 408.671909332275 370.86743927002 369.75617980957 501.561336517334 395.033405303955
636.328430175781 557.585273742676 623.588228225708 700.857940673828 679.315082550049 530.424354553223 487.387848734856 704.298397064209 801.109603881836 1243.37300109863 474.657363891602 654.103240966797 434.67896270752 680.847244262695 658.562446594238 484.405761957169 491.906913757324 543.351699829102 521.793075561523 235.635772705078 421.989995956421 267.540725708008 410.70149230957 362.258026123047 546.832962036133 501.474765777588 328.284362792969 360.519596099854 466.322235107422 492.620750427246 297.475372314453 531.299209594727 511.597213745117 436.7389087677 429.335767745972 508.119361877441 509.348281860352 502.828308105469 359.597923278809 465.457063674927 540.854179382324 372.31600189209 314.241394042969 504.608860015869 344.64054107666 346.142044067383 522.988945007324 545.994232177734 498.300064086914 467.01305770874
780.268694877625 941.958316802979 825.4479637146 892.755310058594 504.961212158203 471.370454788208 595.400257110596 547.83801651001 658.936092376709 565.837371826172 632.531488418579 464.138130187988 477.866779327393 450.621551513672 579.654930114746 672.535629272461 411.084613800049 484.70326423645 394.381736755371 323.948631286621 265.292861938477 270.528793334961 476.704280853271 346.192115783691 345.685104370117 376.984251022339 461.88444519043 394.200664520264 425.037622690201 525.695289611816 468.200416564941 477.65637588501 472.028366088867 314.519805908203 371.786911010742 385.60795211792 353.756965637207 430.84147310257 603.845443725586 408.41619682312 400.147499084473 689.480911254883 430.052283763885 348.060844421387 493.073177337646 398.533224105835 525.431327819824 577.36922454834 348.40022277832 432.60648727417
557.772422790527 887.670638561249 838.695533752441 755.094230651855 384.520841598511 398.25466632843 378.529388427734 493.94386100769 717.871719360352 603.774314880371 667.541534423828 484.654813766479 602.09937286377 571.497043609619 497.391094386578 561.064666748047 670.623458862305 349.368949890137 425.598936080933 480.614356994629 396.639347076416 501.665832519531 371.087715148926 409.464922308922 493.691299438477 573.174606323242 580.313507080078 468.843524932861 492.887535095215 427.482567071915 374.557357788086 439.039972305298 502.851135253906 309.884300231934 453.952751159668 332.747993469238 570.179229736328 447.420051574707 414.86403465271 568.731536865234 366.72282409668 511.192100524902 363.776885986328 360.423759460449 309.207550048828 415.517813444138 452.819526672363 507.01587677002 560.94474029541 412.04443359375
