export/dem/dem39.asc
NCOLS 350
NROWS 171
XLLCORNER 152620
YLLCORNER 418050
CELLSIZE 100
NODATA_VALUE -9999
[rows 0 to 21 of 171, columns 150 to 199 of 350]
708.257423400879 673.41245174408 900.614395141602 -9999 -9999 -9999 -9999 -9999 -9999 -9999 -9999 -9999 -9999 -9999 -9999 -9999 -9999 -9999 -9999 -9999 -9999 -9999 -9999 -9999 -9999 -9999 -9999 -9999 -9999 -9999 -9999 -9999 -9999 -9999 -9999 -9999 -9999 -9999 -9999 -9999 -9999 -9999 -9999 -9999 -9999 -9999 -9999 -9999 -9999 -9999
688.037406921387 621.061592102051 758.431022644043 717.852703094482 706.153694152832 640.731603622437 570.126960754395 -9999 -9999 -9999 -9999 -9999 -9999 -9999 -9999 -9999 -9999 -9999 -9999 -9999 -9999 -9999 -9999 -9999 -9999 -9999 -9999 -9999 -9999 -9999 -9999 -9999 -9999 -9999 -9999 -9999 -9999 -9999 -9999 -9999 -9999 -9999 -9999 -9999 -9999 -9999 -9999 -9999 -9999 -9999
528.346868991852 556.535870552063 573.183723449707 669.176986813545 576.097496032715 623.784034729004 547.320594787598 698.547334671021 775.077386856079 697.961563110352 825.499710083008 816.075853347778 757.01407623291 876.106928825378 -9999 -9999 -9999 -9999 -9999 -9999 -9999 -9999 -9999 -9999 -9999 -9999 -9999 -9999 -9999 -9999 -9999 -9999 -9999 -9999 -9999 -9999 -9999 -9999 -9999 -9999 -9999 -9999 -9999 -9999 -9999 -9999 -9999 -9999 -9999 -9999
552.714710235596 624.493129730225 829.582443237305 716.693325042725 693.43367767334 549.150901794434 472.144134521484 931.465730667114 913.935321807861 961.381130218506 829.4162940979 641.098907470703 754.409345626831 573.080337524414 416.600891113281 466.341430664062 659.961013793945 693.945739746094 849.925582885742 750.06443977356 707.882568359375 870.912384033203 709.490905761719 710.753204345703 740.364391326904 725.519771575928 674.642768859863 633.951599121094 721.085023880005 720.417900085449 800.321105957031 929.13561630249 967.139099121094 1028.08433532715 853.064830780029 -9999 -9999 -9999 -9999 -9999 -9999 -9999 -9999 -9999 -9999 -9999 -9999 -9999 -9999 -9999
1117.61904144287 652.326061248779 713.03982257843 819.331253051758 1064.78553295135 1144.89570617676 771.042175292969 948.180772304535 797.333282470703 969.033508300781 912.288764953613 698.624464035034 632.367477416992 604.085159301758 376.373825073242 458.835845947266 508.317031860352 815.798238754272 861.395301818848 670.066689729691 813.321917533875 805.445262908936 639.368041992188 705.779747009277 793.142537593842 666.668190002441 698.198013305664 577.367462158203 678.568500518799 680.178726196289 749.020797729492 641.200424194336 899.692893981934 685.237602233887 590.121757507324 823.236099243164 777.54768371582 686.896562576294 876.413761138916 909.592733383179 732.407379150391 599.257827758789 658.651904225349 710.729904174805 631.284790039062 695.779685974121 736.835735321045 706.398365020752 847.781681060791 954.831001281738
1034.73408889771 731.957870483398 769.632507324219 842.062957763672 924.112869262695 869.537506103516 859.513999938965 962.131533145905 993.285093307495 905.230834960938 938.807674407959 673.768865823746 611.124317169189 439.194442749023 668.986656188965 544.775228500366 596.375373840332 837.553924560547 635.980041503906 826.775856018066 602.592254638672 510.958618164062 764.327726364136 742.954792022705 549.323150634766 612.951629638672 642.830871582031 581.041282653809 618.310651779175 480.526611328125 597.287704467773 780.683662414551 748.451231002808 803.665996551514 705.188297837973 749.840030670166 849.504135131836 1026.68135070801 922.081928253174 962.714408874512 713.434448242188 687.571073532104 688.374258041382 621.12077331543 511.634780883789 636.736711502075 756.816741943359 647.560862541199 808.045860290527 755.584431648254
1000.92756652832 1136.45941162109 882.746723175049 724.647102355957 1059.7576789856 784.042892456055 943.465995788574 1067.82918357849 1040.84819030762 1015.31378173828 951.969390869141 608.451034545898 582.27237701416 349.582412719727 683.132472991943 686.657604217529 696.36350440979 796.84635925293 719.575077056885 692.040336608887 698.665496826172 660.457023620605 584.651733398438 694.964817523956 688.921014785767 562.276847839355 633.121408462524 516.219268798828 559.106105804443 708.346208572388 634.114707946777 615.682693481445 817.833251953125 661.319828033447 728.184577941895 785.780517578125 961.445327758789 868.712037086487 965.143753051758 906.712726593018 798.779346466064 781.975315093994 475.717361450195 569.893089294434 448.268035888672 664.794173717499 762.851509094238 629.941923141479 715.6341381073 638.114791870117
1111.83061981201 774.224731445312 750.310623168945 763.113244891167 802.700744628906 943.287841796875 895.15885925293 730.569808959961 914.174713134766 968.039733886719 819.489685058594 740.639520645142 674.67692565918 648.355140686035 785.689567565918 927.832893371582 716.478709697723 663.163703918457 728.36381149292 604.346969604492 915.117984771729 865.861022949219 685.442626953125 633.531326293945 486.123565673828 583.092460632324 595.987731933594 802.17115020752 777.561935424805 676.581520080566 789.985904693604 570.297332763672 711.880300521851 662.183689117432 763.793369293213 966.964065551758 723.123847961426 914.944660186768 911.824207305908 961.139106750488 917.824073791504 759.396987915039 807.426080703735 660.387832641602 774.523391723633 860.872919082642 950.026782989502 789.184902191162 778.355972290039 812.710494995117
792.780937194824 737.73744392395 730.816148757935 657.126319885254 992.617868423462 835.517510175705 951.875457763672 923.191711425781 971.134956359863 914.429931640625 597.456787109375 707.381195068359 522.051666259766 749.416381835938 854.379770278931 867.484359741211 779.613797187805 769.92370223999 797.24528503418 686.324676513672 872.488754272461 894.242935180664 709.63117980957 736.073333740234 520.533004760742 793.58843421936 753.674030303955 724.180282592773 754.248838424683 902.738933563232 833.811434745789 746.834121704102 806.891054153442 778.76526260376 859.02250289917 1032.60877990723 936.167718887329 917.49027633667 1066.55451202393 899.764991760254 875.874820709229 819.772434234619 797.833866119385 848.957434654236 694.943023681641 1017.68399047852 985.602798461914 846.621231079102 829.801376342773 857.705848693848
626.022315979004 682.454298019409 692.553723335266 624.47465133667 529.138122558594 642.212692260742 650.01512336731 528.079116821289 608.703804016113 586.869483947754 519.562530517578 531.697998046875 633.944577217102 634.771369934082 851.078830718994 892.110855102539 1047.48072528839 521.4814453125 861.529190063477 712.133346557617 1016.10575866699 1001.19630432129 1088.12623596191 1359.53551483154 659.950836181641 733.847610473633 697.445255279541 789.925117492676 707.753949165344 669.737190246582 937.20002746582 959.643089294434 776.002815246582 694.15550994873 576.761337280273 713.444366455078 854.609191894531 938.041622161865 1070.73840332031 946.178844451904 807.491750717163 871.00980758667 860.709005355835 773.83740234375 890.981224060059 961.208711624146 1075.83409881592 930.330474853516 948.359283447266 1005.71110534668
656.964530944824 698.835878372192 699.059505462646 533.818283081055 592.111122131348 509.870025634766 472.347839355469 393.794937133789 599.128280639648 483.024353027344 604.611045837402 705.555583953857 550.315010070801 667.295440673828 685.34046459198 958.232864379883 924.148620605469 833.816417694092 1042.05145263672 691.675537109375 1007.52825927734 958.40389251709 577.591003417969 956.946739196777 1055.93356323242 1047.83850097656 626.60945892334 514.065353393555 594.664487838745 568.515667915344 610.256546020508 722.680347442627 700.723052978516 759.922378540039 675.328247070312 786.707911491394 785.310615539551 882.413024902344 825.587020874023 1053.62344360352 603.294532775879 547.3955078125 707.842407226562 954.161595821381 843.801349639893 1364.2039642334 1023.54670715332 1322.78968811035 1195.76525878906 1071.94912719727
769.187294006348 701.826042175293 624.874549865723 634.780873298645 587.668045043945 439.42497253418 342.819610595703 349.781723022461 459.535232543945 510.916297912598 546.2087059021 627.558240890503 686.915655136108 921.717330932617 838.59218788147 563.019424438477 807.22948551178 561.658660888672 698.057235717773 636.416046142578 538.187606811523 1191.99841884302 788.661981582642 757.11026763916 749.048164367676 712.366024017334 1232.4065322876 1146.16286468506 985.28409576416 1066.64262390137 1286.68753051758 648.363861083984 737.61360168457 413.528533935547 484.712562561035 712.969593048096 708.505714416504 604.782943725586 555.623710632324 647.709228515625 728.65368270874 746.098094940186 983.785789489746 718.829957962036 668.6750831604 688.849100112915 648.91869354248 709.374946594238 1092.33863449097 897.308670043945
630.11049079895 559.351581573486 654.808227539062 560.196746826172 385.426239013672 524.187561035156 365.888549804688 482.503341674805 678.402896761894 676.040706694126 734.710670471191 579.862312316895 1137.88598632812 830.680473327637 879.235092163086 559.722160339355 754.166175842285 596.707748413086 904.640495300293 684.112808227539 611.737594604492 913.107406616211 672.670913696289 727.126342773438 789.028791427612 758.55114364624 1113.33595848083 1275.41365814209 630.928497314453 861.774719238281 1177.43675994873 835.644138336182 682.157539367676 594.890106201172 639.429382324219 803.55478322506 850.221435546875 642.958755493164 693.819270133972 618.130187988281 637.125373840332 718.775793075562 718.297748565674 585.089859008789 648.861751556396 702.710876464844 598.599975585938 767.129016876221 771.322296142578 760.254676818848
588.158634185791 639.314434051514 547.152442932129 1034.26998901367 921.126054763794 882.078857421875 726.758331298828 565.508171081543 609.14041519165 597.754867553711 561.814254760742 514.831527709961 523.089874267578 527.913757324219 792.174575805664 572.760478973389 589.423385620117 527.207672119141 650.420013427734 627.598510742188 658.973861694336 673.946815490723 955.042572021484 793.907516479492 825.338307857513 943.219978570938 688.151290893555 739.533653259277 866.165328979492 669.167327880859 1254.6418838501 630.64892578125 503.915046691895 528.602188110352 686.820753097534 742.254814147949 838.235639572144 768.456447601318 547.305656433105 725.585906982422 693.411516189575 592.859130859375 682.573394775391 791.643524169922 628.141860961914 581.71354675293 693.003509521484 915.439693450928 934.973337173462 1008.14122772217
1079.0662279129 546.683036804199 628.351303100586 508.949081420898 623.421794891357 513.562255859375 638.141380310059 616.28963470459 566.28328704834 748.315458774567 700.459066390991 579.11979675293 632.224670410156 579.162673950195 1242.34926605225 688.473640441895 476.651458740234 444.247482299805 678.463073730469 542.481079101562 583.79638671875 669.280517578125 956.484958648682 633.473526000977 558.470062255859 768.729167938232 937.838172912598 906.152421951294 829.108924865723 850.197830200195 667.379043579102 1073.1726398468 1185.81663513184 864.314544677734 813.332443237305 847.61402130127 624.027542114258 736.982744216919 568.766014099121 635.386306762695 708.840776443481 742.499010682106 814.154691696167 681.47144985199 497.37663269043 550.162139892578 608.863128662109 584.908050537109 904.701763153076 595.69140625
588.985296487808 655.350177764893 687.441665649414 498.096862792969 571.365070343018 532.458763122559 626.168827056885 657.163478851318 746.015869140625 577.633811950684 810.53768157959 496.809349060059 663.197601318359 1035.84132385254 658.898422241211 688.06657409668 577.841766357422 784.541015625 620.494659423828 1115.15303039551 1125.75569152832 903.870697021484 1277.40435791016 662.887222290039 768.139221191406 689.163032531738 869.890319824219 902.836441040039 724.984512329102 651.609115600586 599.286819458008 731.622861146927 781.191989898682 695.698345184326 745.111832618713 700.084007263184 643.600688934326 746.71097946167 802.500682830811 734.805034637451 575.942398071289 745.665184020996 737.953708648682 617.24898147583 555.29125213623 588.459838867188 512.641464233398 599.33975982666 630.220275878906 626.860343933105
603.215730667114 471.113967895508 537.05640411377 662.86873626709 674.860771179199 554.291038513184 705.181221008301 559.865615844727 608.425811767578 707.261922836304 594.234420776367 425.905639648438 1336.60954284668 1458.48402404785 761.096729278564 678.031097412109 540.018432617188 525.468231201172 694.894088745117 655.01969909668 1135.43386363983 715.024687290192 739.24779510498 690.134585857391 729.286624908447 743.030258178711 1880.37268829346 1048.26756668091 752.188201904297 689.653911590576 830.809753417969 722.340782433748 814.780548095703 1272.08521652222 826.086883068085 804.499458312988 801.248687744141 888.590270996094 1178.06614685059 600.353576660156 571.136344909668 773.867835998535 688.85217666626 644.409683227539 1223.06346893311 662.597259521484 579.632415771484 398.575775146484 643.035499572754 552.303176879883
548.989356994629 542.801525115967 590.059810638428 482.990562438965 637.028713226318 507.479553222656 672.271709442139 587.875648498535 688.76872253418 586.193740844727 583.581474304199 425.431076049805 548.905227661133 504.307388305664 509.876953125 855.043853759766 616.570755004883 541.177032470703 698.599740386009 523.328750610352 576.687683105469 620.394226074219 716.816772460938 826.407217025757 845.791658401489 1098.49516677856 975.027198791504 773.00023651123 859.157527923584 752.918495178223 662.706420898438 771.295883178711 886.734371185303 768.135055541992 1069.19675445557 694.861168861389 520.301330566406 742.822605133057 658.102361679077 771.59846496582 686.913021087646 758.107906341553 777.243892669678 860.95027923584 688.819053649902 704.83020401001 584.268768310547 530.181350708008 978.477645874023 698.171905517578
594.133008956909 576.357566833496 531.720596313477 471.012573242188 709.031394958496 533.804374694824 938.547256469727 831.47123336792 488.348770141602 616.548000335693 526.379981994629 602.435264587402 619.117279052734 675.297397613525 533.63102722168 906.489761352539 953.369277954102 1055.18241882324 888.356128692627 829.166967391968 665.988903045654 440.248779296875 1060.18937683105 625.19652557373 1033.2833442688 635.296787261963 716.330310821533 893.379371643066 847.658889770508 700.453094482422 921.845184326172 818.602146148682 695.799312591553 829.418975830078 597.221591949463 1315.97698974609 670.648219108582 648.696376800537 729.633716583252 1004.99244689941 767.667465209961 880.55849647522 926.882013320923 1048.02947711945 1127.6429464817 1290.37637710571 808.819820404053 494.799819946289 718.698394775391 514.005821228027
515.526565551758 640.762004852295 456.873458862305 507.990684509277 464.705093383789 560.974426269531 759.656448364258 610.648838043213 737.932674407959 682.708744049072 784.157684326172 547.292457580566 619.05677986145 550.764129638672 573.302276611328 464.438201904297 377.210632324219 645.717994689941 472.978790283203 677.104763112962 686.732772827148 792.828344345093 780.898653030396 692.226150512695 977.174785614014 876.231910705566 836.673728942871 821.002700805664 999.092559814453 706.33219909668 820.239406585693 636.431625366211 1001.26608276367 724.458484649658 849.433837890625 792.797637939453 562.511405944824 640.299341201782 665.800486564636 730.353122711182 582.865455627441 588.241971969604 932.690397262573 552.978126525879 688.984745025635 609.845031738281 726.743301391602 769.633567810059 682.713153839111 515.00700378418
626.13988494873 596.426144599915 662.476534843445 640.893840789795 691.396514892578 553.44282913208 550.897354125977 658.733633518219 1344.93198490143 637.357593536377 681.131404876709 794.450359344482 558.163291931152 571.740478515625 729.258239746094 529.323509216309 530.320175170898 577.126556396484 667.226425170898 648.428131103516 922.172996520996 659.253845214844 605.580368041992 911.139198303223 964.953104019165 756.834564208984 612.258026123047 635.006004333496 580.793197631836 571.528427124023 528.952423095703 477.071655273438 705.790562748909 681.913325786591 764.85179901123 628.406213760376 639.156379699707 658.212266921997 703.197216033936 688.099573612213 603.435653686523 895.36378890276 1281.91137886047 632.656454056501 602.240592956543 1156.55897903442 600.984939575195 671.941421508789 783.892114639282 978.788436889648
637.166090011597 627.372758418322 568.72159576416 627.607629776001 747.646141052246 655.651898384094 999.23840713501 721.641548156738 558.920883178711 574.078311920166 462.264419555664 735.244697570801 512.809051513672 1166.14756965637 605.506416320801 602.332420349121 701.519348144531 518.161743164062 835.445068359375 814.705604553223 864.60782623291 1380.13784408569 1004.94465637207 659.351249694824 708.112156391144 796.25651550293 508.562896728516 682.998710632324 1539.39382171631 546.60474395752 601.602851867676 456.495452880859 566.98264503479 478.172027587891 631.279239654541 738.082679748535 444.536743164062 474.708618164062 666.199584960938 717.463071346283 763.270446777344 713.716231107712 713.313580036163 571.179222106934 669.036546707153 1105.96338653564 528.413330078125 594.39280128479 756.09644317627 630.621231079102
