export/dem/dem33.asc
NCOLS 350
NROWS 171
XLLCORNER 152620
YLLCORNER 418050
CELLSIZE 100
NODATA_VALUE -9999
[rows 110 to 131 of 171, columns 300 to 349 of 350]
792.293472290039 905.763916015625 685.874725341797 780.607231140137 712.969787597656 926.511383056641 750.426460266113 778.875396728516 880.504821777344 548.097198486328 642.130645751953 578.936370849609 1616.09243774414 802.352767944336 614.687118530273 848.01252746582 1314.12026977539 496.081604003906 878.269500732422 -9999 -9999 -9999 -9999 -9999 -9999 -9999 -9999 -9999 -9999 -9999 -9999 -9999 -9999 -9999 -9999 -9999 -9999 -9999 -9999 -9999 -9999 -9999 -9999 -9999 -9999 -9999 -9999 -9999 -9999 -9999
764.460891723633 727.009288787842 673.152074813843 679.442070007324 622.318458557129 823.709926605225 1137.50671386719 1292.52604675293 734.480430603027 548.454254150391 1261.04393005371 445.814315795898 872.877334594727 732.520500183105 761.158813476562 616.241058349609 841.476119995117 1136.18333435059 992.610702514648 -9999 -9999 -9999 -9999 -9999 -9999 -9999 -9999 -9999 -9999 -9999 -9999 -9999 -9999 -9999 -9999 -9999 -9999 -9999 -9999 -9999 -9999 -9999 -9999 -9999 -9999 -9999 -9999 -9999 -9999 -9999
932.720336914062 840.692672729492 967.061664581299 892.157508850098 682.004341125488 783.013633728027 545.387008666992 991.821689605713 787.665037155151 1461.169921875 903.840545654297 638.744888305664 631.498565673828 799.426071166992 741.964721679688 1174.84103393555 782.859024047852 974.081192016602 1701.9308013916 932.121269226074 -9999 -9999 -9999 -9999 -9999 -9999 -9999 -9999 -9999 -9999 -9999 -9999 -9999 -9999 -9999 -9999 -9999 -9999 -9999 -9999 -9999 -9999 -9999 -9999 -9999 -9999 -9999 -9999 -9999 -9999
855.742822647095 794.647499084473 986.420318603516 866.650764465332 760.54411315918 710.722747802734 718.47998046875 785.339500427246 895.219506263733 2122.52926635742 669.557678222656 668.046432495117 827.755680084229 1136.50094604492 1231.14868164062 998.216842651367 788.098327636719 621.193267822266 1020.57809448242 1264.0638885498 1117.4270324707 -9999 -9999 -9999 -9999 -9999 -9999 -9999 -9999 -9999 -9999 -9999 -9999 -9999 -9999 -9999 -9999 -9999 -9999 -9999 -9999 -9999 -9999 -9999 -9999 -9999 -9999 -9999 -9999 -9999
711.482467651367 788.997657775879 859.270595550537 716.781478881836 698.082189798355 861.147674560547 612.772430419922 736.024230957031 734.442901611328 1281.46147155762 651.895812988281 913.574111938477 920.062065124512 898.062606811523 655.88117980957 770.779342651367 668.033493041992 755.113174438477 957.963607788086 804.849960327148 921.000137329102 -9999 -9999 -9999 -9999 -9999 -9999 -9999 -9999 -9999 -9999 -9999 -9999 -9999 -9999 -9999 -9999 -9999 -9999 -9999 -9999 -9999 -9999 -9999 -9999 -9999 -9999 -9999 -9999 -9999
896.503282546997 830.900815963745 744.505523681641 896.141025543213 922.213008880615 610.429916381836 503.534912109375 755.101165771484 388.718872070312 907.577178955078 1213.15548706055 533.931060791016 741.477828979492 1151.30227661133 542.250335693359 702.584442138672 1118.01742553711 845.454650878906 763.888519287109 591.768859863281 661.905090332031 761.852806091309 -9999 -9999 -9999 -9999 -9999 -9999 -9999 -9999 -9999 -9999 -9999 -9999 -9999 -9999 -9999 -9999 -9999 -9999 -9999 -9999 -9999 -9999 -9999 -9999 -9999 -9999 -9999 -9999
766.871459960938 704.983402252197 1092.20690917969 1107.44008255005 705.967269897461 525.977645874023 1118.85406494141 546.766632080078 660.17805480957 1132.27153015137 1098.81149291992 1408.2806854248 951.5439453125 992.953491210938 653.541229248047 762.696571350098 1398.51281356812 1251.1523475647 782.360687255859 866.717572689056 783.936103820801 776.864334106445 836.397415161133 -9999 -9999 -9999 -9999 -9999 -9999 -9999 -9999 -9999 -9999 -9999 -9999 -9999 -9999 -9999 -9999 -9999 -9999 -9999 -9999 -9999 -9999 -9999 -9999 -9999 -9999 -9999
769.151481628418 543.992553710938 841.238718032837 826.799095153809 1264.57653808594 1161.35304260254 484.178146362305 585.296035766602 673.939895629883 695.038925170898 939.935081481934 949.890229940414 1320.36325836182 1308.42011642456 889.967617034912 974.333374023438 1135.0324344635 738.342254638672 656.381103515625 843.899831771851 829.352157592773 805.237663269043 1122.0140838623 -9999 -9999 -9999 -9999 -9999 -9999 -9999 -9999 -9999 -9999 -9999 -9999 -9999 -9999 -9999 -9999 -9999 -9999 -9999 -9999 -9999 -9999 -9999 -9999 -9999 -9999 -9999
796.300300598145 784.758655548096 913.06282043457 944.932525634766 1016.08156776428 680.460220336914 661.972427368164 991.058155059814 707.8115234375 763.916812896729 799.568382263184 596.855041503906 805.250282287598 825.813949584961 913.313056945801 950.230293273926 723.43675994873 627.553207397461 782.174613952637 681.629013061523 782.16300201416 797.013580322266 1031.6127243042 878.873023986816 -9999 -9999 -9999 -9999 -9999 -9999 -9999 -9999 -9999 -9999 -9999 -9999 -9999 -9999 -9999 -9999 -9999 -9999 -9999 -9999 -9999 -9999 -9999 -9999 -9999 -9999
980.535354614258 946.14030456543 731.003242492676 863.879512786865 982.941635131836 774.591789245605 698.104187011719 753.939329147339 462.960083007812 788.541600704193 840.99772644043 976.155960083008 622.390411376953 1094.64274454117 1247.50891208649 876.612865447998 892.244102478027 808.203914642334 957.157676696777 796.563102722168 986.854370117188 904.875657081604 900.26930809021 924.948216438293 930.092353820801 -9999 -9999 -9999 -9999 -9999 -9999 -9999 -9999 -9999 -9999 -9999 -9999 -9999 -9999 -9999 -9999 -9999 -9999 -9999 -9999 -9999 -9999 -9999 -9999 -9999
1306.74611663818 1726.62788963318 1014.51820373535 1271.88165283203 1392.4029083252 793.843032836914 813.255379676819 675.01342010498 727.099220275879 1207.04083251953 734.945682525635 747.381652832031 775.526203155518 997.452705383301 912.961222648621 1625.18955993652 850.536964416504 766.080318450928 780.749183654785 817.523101806641 1002.94374084473 841.538543701172 859.948108673096 918.780662536621 962.512321472168 808.287971496582 -9999 -9999 -9999 -9999 -9999 -9999 -9999 -9999 -9999 -9999 -9999 -9999 -9999 -9999 -9999 -9999 -9999 -9999 -9999 -9999 -9999 -9999 -9999 -9999
1070.82682037354 886.708787441254 1413.77275085449 1058.15217590332 1372.2262301445 1606.69891357422 1128.90217781067 806.051445007324 880.41948890686 858.288398742676 814.606063842773 666.911392211914 886.832246780396 817.906183242798 1062.9176864624 984.26131439209 792.641807556152 673.585235595703 779.818050384521 745.919006347656 866.583358764648 883.02304649353 655.656448364258 681.574096679688 886.76833820343 834.121650695801 -9999 -9999 -9999 -9999 -9999 -9999 -9999 -9999 -9999 -9999 -9999 -9999 -9999 -9999 -9999 -9999 -9999 -9999 -9999 -9999 -9999 -9999 -9999 -9999
1262.78007507324 1086.75355529785 1194.04679107666 1097.52059936523 1301.05934143066 1442.08168029785 1482.11285257339 1148.07292938232 920.643478393555 1271.7592215538 1090.88775920868 894.182985305786 812.337493896484 749.101570129395 938.194648742676 633.409042358398 823.5544090271 739.743041992188 911.143646240234 920.983879089355 898.745149612427 718.071159362793 657.091171264648 770.281074523926 848.274448394775 973.092430114746 929.750625610352 -9999 -9999 -9999 -9999 -9999 -9999 -9999 -9999 -9999 -9999 -9999 -9999 -9999 -9999 -9999 -9999 -9999 -9999 -9999 -9999 -9999 -9999 -9999
1248.89492034912 1112.09715270996 864.230310440063 1130.86070251465 892.972560882568 1392.44920730591 1480.88800525665 1181.91914749146 1046.08749008179 1048.29916763306 756.730304718018 787.934715270996 1018.84190368652 938.831108093262 819.919591903687 914.625732421875 1044.75532531738 850.77791595459 788.008782625198 789.876205444336 872.096824645996 831.231033325195 659.203994750977 798.386667251587 750.297367095947 964.268096923828 903.627979278564 974.737495422363 -9999 -9999 -9999 -9999 -9999 -9999 -9999 -9999 -9999 -9999 -9999 -9999 -9999 -9999 -9999 -9999 -9999 -9999 -9999 -9999 -9999 -9999
919.138729095459 1238.28964233398 909.263401031494 974.444576263428 880.578773498535 1117.11645889282 1579.13917541504 1102.77544784546 1018.83884811401 772.040397644043 865.41968536377 881.290069580078 859.196697235107 882.245037078857 1001.18745422363 960.386100769043 1038.59552001953 867.203826904297 913.386405944824 772.531303405762 791.446115493774 873.369373321533 942.287483215332 833.808898925781 804.661058425903 825.180503845215 847.073467254639 1000.1656036377 836.224781036377 -9999 -9999 -9999 -9999 -9999 -9999 -9999 -9999 -9999 -9999 -9999 -9999 -9999 -9999 -9999 -9999 -9999 -9999 -9999 -9999 -9999
946.891262054443 1151.93420410156 860.019790649414 1143.03576660156 1413.70007324219 1191.05693817139 1271.04599761963 1367.07981872559 946.552230834961 826.406130313873 714.648078918457 755.098274230957 833.73078918457 712.949501037598 932.37516784668 939.063323974609 792.903317451477 835.704207420349 878.984716415405 789.653106689453 669.462112426758 834.228783607483 881.033512115479 798.551307678223 868.385704040527 827.522228240967 945.749481201172 995.312156677246 944.4716796875 -9999 -9999 -9999 -9999 -9999 -9999 -9999 -9999 -9999 -9999 -9999 -9999 -9999 -9999 -9999 -9999 -9999 -9999 -9999 -9999 -9999
1015.44629669189 900.195362091064 1445.64771842957 1319.98802947998 972.295921325684 1207.99586486816 1521.18323516846 1254.23471069336 1371.80195999146 1012.53594255447 789.964477539062 856.075866699219 753.297630310059 697.220687866211 837.138429641724 811.307561993599 849.154933929443 719.97981262207 843.747255325317 758.348411560059 765.610534667969 821.87117767334 880.460243225098 870.076595306396 881.863254547119 816.74459695816 945.067573547363 890.735164642334 817.379543304443 912.388710021973 -9999 -9999 -9999 -9999 -9999 -9999 -9999 -9999 -9999 -9999 -9999 -9999 -9999 -9999 -9999 -9999 -9999 -9999 -9999 -9999
931.024557113647 981.031209945679 1205.27443695068 1693.68995666504 2027.52742767334 1329.49038696289 1197.95525360107 1056.15897941589 1343.75649261475 1003.49406433105 1004.32897949219 814.814848661423 864.796829223633 901.644653320312 783.53809261322 788.437673568726 822.617038726807 754.382183074951 875.073051452637 897.48030090332 780.459037780762 840.947849474847 834.790964126587 903.054290771484 707.137619018555 821.778861999512 894.374671936035 880.933586120605 988.977867126465 911.348838806152 838.75398683548 -9999 -9999 -9999 -9999 -9999 -9999 -9999 -9999 -9999 -9999 -9999 -9999 -9999 -9999 -9999 -9999 -9999 -9999 -9999
1207.1305847168 1072.68312644958 1032.27007293701 1443.56358337402 1464.89635848999 1562.26103210449 1541.68622589111 1191.14605712891 1039.11004180461 1047.20018005371 1094.00267028809 913.508697509766 1104.74181365967 891.293579101562 789.158237457275 882.789222717285 821.365663528442 860.641163349152 777.144426345825 739.38850402832 779.561338424683 845.808376789093 789.022796630859 704.353958129883 861.377742767334 860.543651580811 727.297409057617 872.194011688232 884.040023803711 952.821846008301 659.384765625 -9999 -9999 -9999 -9999 -9999 -9999 -9999 -9999 -9999 -9999 -9999 -9999 -9999 -9999 -9999 -9999 -9999 -9999 -9999
1312.39443206787 1029.40770721436 997.987770080566 1463.80382537842 1318.96757507324 1444.42001342773 1309.47196960449 1396.55001831055 1937.69245910645 1389.3706035614 1364.39683532715 1155.91207170486 1112.36831283569 1848.6788482666 1146.2850420475 852.264974594116 866.248058319092 837.76026725769 908.585037231445 920.883193969727 894.217226028442 1021.35266113281 813.838790893555 955.492973327637 828.235418796539 910.527870178223 912.755516052246 881.323220729828 901.206535339355 877.759830474854 959.371620178223 1031.08888244629 -9999 -9999 -9999 -9999 -9999 -9999 -9999 -9999 -9999 -9999 -9999 -9999 -9999 -9999 -9999 -9999 -9999 -9999
1269.10496520996 1018.69786453247 929.382518768311 1157.83071136475 848.338005065918 1224.47827959061 1740.43753051758 1315.79857158661 1204.38791656494 1308.01497650146 1252.84729766846 1011.19343185425 1259.72157287598 1476.17327880859 1018.42994689941 1059.30187797546 913.828810691833 815.798560142517 769.127666473389 870.969573974609 808.080104827881 859.03918838501 971.061981201172 804.336200714111 936.912384033203 926.724006652832 880.708457946777 902.34637260437 953.381610870361 746.852191925049 908.443618774414 898.04451751709 1009.56848907471 -9999 -9999 -9999 -9999 -9999 -9999 -9999 -9999 -9999 -9999 -9999 -9999 -9999 -9999 -9999 -9999 -9999
990.046401977539 1023.85383987427 1499.22756958008 1069.50192260742 883.381171226501 1160.33592987061 1123.64525222778 1205.63133239746 1337.43180084229 1379.83243179321 1330.81407928467 1167.78534317017 1256.14939880371 1234.92779541016 1141.15299987793 1074.43325042725 1057.91275787354 869.752433776855 919.079818725586 1175.27139282227 894.011032104492 1021.35585021973 899.451271057129 986.6337890625 974.744010925293 957.360771179199 834.010979175568 879.262261390686 844.116798400879 773.412220001221 680.268661499023 955.404418945312 852.95565032959 -9999 -9999 -9999 -9999 -9999 -9999 -9999 -9999 -9999 -9999 -9999 -9999 -9999 -9999 -9999 -9999 -9999
