export/dem/dem32.asc
NCOLS 350
NROWS 171
XLLCORNER 152620
YLLCORNER 418050
CELLSIZE 100
NODATA_VALUE -9999
[rows 66 to 87 of 171, columns 250 to 299 of 350]
487.745178222656 554.829811096191 684.074672698975 562.86791229248 792.136795043945 694.429218292236 624.821670532227 521.446136474609 782.176239013672 668.514308929443 754.516983032227 682.309808731079 741.763694763184 655.383188247681 714.968383789062 611.779342651367 790.246360778809 689.37388753891 764.888729095459 680.639823913574 648.212963104248 739.452136993408 692.296955227852 553.526412963867 766.854797363281 907.186676025391 641.887329101562 810.093444824219 650.157211303711 669.796566009521 553.087310791016 766.333488464355 818.344734191895 813.212760925293 695.446327209473 813.391448974609 821.385139465332 733.981191635132 977.993675231934 1045.60046386719 801.118882656097 900.137176513672 946.681175231934 821.510892868042 670.241409301758 839.374328613281 915.434112548828 492.916442871094 804.122074127197 800.327491760254
572.287170410156 671.056814193726 713.660762786865 439.058227539062 541.685455322266 468.770629882812 600.114307403564 738.800689697266 474.906631469727 677.327171325684 728.032466888428 658.80252456665 602.037612915039 796.131011962891 540.764869689941 699.499099731445 767.583053588867 643.306076049805 761.071495056152 614.135250091553 686.162489891052 687.958307743073 533.97705078125 701.794564008713 685.993890762329 651.09281539917 763.969223022461 714.870361328125 674.445888519287 650.730487823486 664.937421798706 694.489521026611 710.300005912781 622.526054382324 627.556671142578 700.368148803711 651.201271057129 860.158378601074 778.266483306885 847.983825683594 1036.71569061279 1066.72243881226 813.263423919678 796.863040924072 932.932693481445 780.113906860352 800.61368560791 693.040534973145 669.31103515625 726.554821014404
520.535751342773 739.779071807861 552.209651947021 523.671463012695 605.466012954712 598.135623931885 534.160499572754 748.741058349609 576.186264038086 554.365547180176 497.445083618164 730.36047744751 750.657485961914 607.516021728516 726.847724914551 679.476482391357 727.127105712891 736.864315032959 652.133041381836 886.063568115234 653.290592193604 584.01245880127 704.947381496429 782.780364990234 717.470052719116 570.15869140625 705.57132434845 777.323524475098 862.434616088867 683.620716094971 755.499533653259 701.62854385376 548.442794799805 629.123741149902 634.416397094727 758.089008331299 691.77799987793 841.97371673584 694.120151519775 778.374740600586 704.354911804199 681.317802429199 1139.67280006409 1419.88657617569 749.464935302734 736.148485183716 784.709060668945 789.997673034668 760.148923873901 719.607501983643
610.440496444702 678.196407318115 691.46174621582 587.891166687012 850.836380004883 709.231559753418 698.082412719727 757.280120849609 461.677215576172 559.652671813965 645.573034405708 727.794578552246 826.598602294922 568.326919555664 625.781688690186 592.36141204834 691.4781665802 549.034194946289 661.643953323364 667.658782958984 592.005439758301 533.596557617188 756.060722351074 713.316379547119 723.152778625488 684.047714233398 733.725757598877 759.211364746094 776.747138977051 549.863418579102 751.014499664307 788.231666564941 628.638969421387 633.713470458984 646.758331298828 673.222675323486 713.262365430593 854.086158752441 691.555349349976 724.061031341553 715.480312347412 770.023466110229 576.628967285156 764.684104919434 818.673538208008 1387.80267333984 792.72385263443 618.554832458496 882.457885742188 829.433624267578
604.880172729492 497.731292724609 600.740442276001 582.929904937744 640.29628610611 696.854034423828 522.200531005859 821.968399047852 716.440879821777 535.489364624023 605.835216522217 681.215995788574 648.3436460495 636.599309921265 575.593769073486 635.791290283203 627.60717010498 680.364614248276 771.49764251709 795.242797851562 706.012950897217 630.882781982422 629.523418426514 668.682638168335 573.000396728516 637.806751251221 786.575263977051 560.141647338867 785.386848449707 583.287895202637 710.567096710205 621.729644775391 656.596599578857 681.272386074066 822.575424194336 621.065078735352 609.268829345703 680.373455047607 761.760265350342 811.502769470215 671.543067932129 671.227928161621 723.823238372803 580.381790161133 570.590057373047 517.933258056641 954.858335494995 1119.89461135864 777.004993438721 745.936208724976
446.166702270508 661.055019378662 601.559804916382 591.261829376221 691.954288482666 661.102500915527 689.371829986572 499.758743286133 679.75284576416 473.781997680664 601.833236694336 731.073822021484 788.618865966797 575.892181396484 782.467666625977 744.570648193359 718.204071044922 638.84462928772 543.746238708496 718.263883590698 736.571071624756 674.716673851013 682.754460334778 618.761566162109 553.736206054688 687.136470794678 768.206016540527 761.164077758789 802.790710449219 699.690102577209 724.493007659912 733.820373535156 587.026908874512 629.841758728027 581.04426574707 535.79801940918 699.994093894958 703.752210617065 655.037376403809 867.933609008789 741.41134262085 727.92924118042 720.972923278809 820.901218414307 542.528289794922 1235.55742645264 692.615676879883 659.883758544922 746.838159561157 703.779001235962
548.583358764648 653.933809757233 643.418589115143 658.000392913818 774.784767150879 791.40193939209 635.418769836426 647.841678619385 518.572509765625 588.054321289062 647.130701065063 715.345161437988 528.987670898438 615.172859191895 736.733783721924 575.236572265625 781.625442504883 823.803985595703 676.140975952148 642.476146697998 719.016134262085 749.401460647583 607.28279876709 655.341779708862 734.252960205078 768.411933898926 831.321273803711 512.175796508789 675.258832931519 763.176979064941 613.241004943848 705.537979602814 684.696058273315 739.954730987549 617.059692382812 818.852333068848 787.657295227051 796.080032348633 644.577033996582 669.528484344482 601.61270904541 1230.24159240723 735.084794998169 689.782043457031 558.373657226562 923.109539031982 713.263618469238 587.402282714844 686.972518920898 671.77001953125
592.50463104248 684.105651855469 624.245727539062 827.238258361816 643.430561065674 705.617727279663 643.502822875977 717.941112518311 605.503448486328 562.193412780762 587.06755065918 653.566096305847 695.859924316406 635.122753143311 676.681324005127 783.735877990723 645.581876397133 747.271430969238 629.84757232666 789.186050415039 590.755508422852 757.200340270996 791.721153259277 774.077537536621 555.365188598633 779.908630371094 623.920295715332 609.047760009766 739.823745727539 740.632221221924 676.192766487598 880.707794189453 677.163665771484 679.46760559082 444.421966552734 603.557548522949 773.794612884521 710.789365768433 682.784412384033 681.276958465576 596.266441345215 967.116645812988 895.323017120361 1065.06971740723 1034.78159332275 766.629608154297 717.735969543457 650.858215332031 1084.44564628601 692.714241027832
523.013404846191 574.681835174561 499.631294250488 464.777542114258 617.252391576767 575.426300048828 743.582542419434 884.946746826172 573.111541748047 609.943428039551 672.657562255859 716.131729125977 573.512817382812 538.523780822754 646.995498657227 669.781761169434 529.603744506836 568.185157775879 712.670291900635 557.570404052734 727.198066711426 669.867206573486 597.459022521973 762.087860107422 579.045303344727 659.176868438721 660.770853042603 666.573637008667 623.492588043213 801.987037658691 764.707878112793 830.582794189453 699.328251123428 728.004161834717 610.689208984375 645.341911315918 799.280960083008 783.605495452881 817.651763916016 687.170477867126 675.037145614624 1050.15907287598 763.569980621338 1171.81826782227 1013.43834400177 682.409484863281 695.455612182617 746.851711273193 756.157501220703 928.540863037109
755.435729980469 551.2961769104 650.767112731934 607.482231140137 621.921009063721 603.459241867065 746.724409103394 708.225108146667 763.021545410156 694.942958831787 840.593521118164 869.106437683105 676.410572052002 631.803551197052 550.862457275391 547.328918457031 686.114208221436 631.960571289062 609.005615234375 644.941573619843 644.543787002563 683.159608840942 748.689514160156 558.201751708984 527.822006225586 740.539443969727 734.473346710205 700.300916671753 629.337860107422 628.499328613281 781.711517333984 737.019695281982 683.215631484985 556.265548706055 793.029830932617 707.426818847656 757.51110458374 678.191249847412 748.797737121582 570.550071716309 878.156122207642 954.229503631592 870.852886199951 758.82878112793 762.604881286621 845.234344482422 663.803756713867 628.264907836914 955.33829498291 747.043090820312
686.17552947998 696.13436126709 614.785179138184 795.649597167969 623.983665466309 623.968286514282 622.984680175781 757.605714797974 673.205810546875 717.256676673889 742.925588607788 819.294128417969 713.261402130127 683.658889770508 543.391044616699 692.68025970459 629.386025428772 595.474796295166 724.20881652832 554.821395874023 618.032722473145 513.429168701172 424.466186523438 700.577341079712 630.116664886475 546.191452026367 790.249229431152 624.941482543945 665.493740081787 671.792434692383 676.290969848633 677.330350875854 759.126853942871 711.01648235321 585.073822021484 678.604825973511 718.013412475586 645.417488098145 606.911094665527 532.344970703125 746.235639572144 829.613297462463 693.180389404297 603.977996826172 648.152313232422 587.993179321289 659.647430419922 592.066696166992 720.106063842773 577.956497192383
684.107215881348 558.895851135254 680.04585647583 682.870418548584 726.037935733795 856.887710571289 719.555068969727 709.636070251465 838.434501647949 614.961936950684 714.792553424835 601.11678314209 563.998916625977 689.784139633179 643.982616424561 619.315601348877 679.006748199463 714.101398468018 656.529188156128 709.437618255615 620.121185302734 734.313382148743 702.90106010437 459.5390625 567.26879119873 630.927238464355 736.960868835449 605.542083740234 634.744235992432 717.947219848633 783.717041015625 727.863243103027 699.556045532227 636.168083190918 644.187377929688 720.634315490723 654.425765991211 633.242500305176 403.466979980469 586.770401000977 801.554809570312 590.707550048828 631.1591796875 933.343200683594 846.561347961426 793.301746368408 695.964004516602 607.11116027832 768.072647094727 1152.2589302063
608.1302318573 611.521135568619 599.238448143005 723.860221862793 791.017791748047 724.163757324219 653.025775909424 692.605728149414 608.324546813965 673.196624755859 677.744042396545 594.908935546875 459.303573608398 609.398796081543 830.040786743164 592.813262939453 671.759120464325 747.159881591797 660.726860940456 645.400329589844 761.257703304291 631.52466583252 619.767669677734 524.259017944336 808.819000244141 577.904258728027 590.175834655762 536.236083984375 736.987732887268 495.782104492188 743.53662109375 674.426376342773 711.540542602539 568.060882568359 522.387817382812 775.700784683228 704.989585876465 587.058898925781 581.366157531738 668.668106079102 644.939876556396 1222.54566574097 1008.12691879272 665.778762817383 668.645309448242 619.317642211914 596.221496582031 805.534881591797 1137.7218170166 730.3203125
608.444889068604 669.391628265381 619.406071901321 521.997695922852 648.488579630852 850.835144042969 768.291206359863 675.892869949341 724.600273132324 750.677093505859 559.046203613281 729.91659450531 613.909767150879 862.891204833984 812.102729797363 776.346542358398 637.477699279785 661.453174829483 776.727592468262 845.935104370117 724.480709075928 582.021728515625 650.511611938477 786.691368103027 799.925735473633 778.173553466797 655.848114013672 563.686462402344 700.44947052002 774.533081054688 627.337341308594 707.890026092529 737.457580566406 728.387969970703 589.806816101074 704.3962059021 617.105072021484 761.21248626709 746.226341247559 629.988098144531 568.511352539062 726.892974853516 872.912200927734 745.712493896484 1091.67227935791 639.057769775391 1029.0142364502 746.14794921875 660.637313842773 627.311614990234
654.501474380493 486.432357788086 719.395622253418 466.763153076172 557.602336883545 617.00782585144 615.83060836792 916.19352722168 659.969703674316 633.791381835938 711.573229789734 757.872463226318 677.073570251465 656.937909960747 678.68247127533 644.589601516724 626.412673950195 604.285949707031 533.326904296875 616.511032104492 650.307929992676 551.232986450195 524.643463134766 652.558128356934 663.414630889893 513.409294128418 664.381420135498 581.495193481445 662.269208908081 518.865142822266 764.717407226562 545.417236328125 594.197467803955 479.556686401367 590.333908081055 622.136821746826 563.206245422363 630.916042327881 617.170024871826 922.250442504883 792.642425537109 923.52465057373 666.994354248047 879.440216064453 657.266899108887 807.750350952148 1239.32023620605 675.547950744629 633.136764526367 688.121231079102
757.211334228516 581.582633972168 585.079120635986 595.136642456055 631.29806137085 599.157562255859 675.1482629776 786.01685333252 739.36861038208 600.847381591797 604.688442230225 576.219223022461 571.158584594727 858.478240966797 683.458198547363 774.592544555664 727.649353027344 592.426048278809 762.936870574951 799.164093017578 582.210517883301 561.746753692627 632.495380401611 723.191003799438 582.227363586426 587.150772094727 685.47145318985 643.928588867188 672.884004592896 491.520050048828 508.582733154297 687.429711341858 760.058097839355 751.330348968506 847.962409973145 729.907543182373 803.327072143555 742.020519256592 732.983768463135 927.130264282227 494.273178100586 736.539840698242 623.703819274902 667.919624328613 775.704635620117 745.798523902893 1224.54979515076 558.462310791016 468.549591064453 745.631958007812
514.478813171387 809.292770385742 509.580207824707 476.283615112305 451.086624145508 566.712684631348 630.615388870239 674.176158905029 784.712936401367 726.895278930664 518.015029907227 483.514053344727 530.856811523438 630.202482223511 519.719276428223 762.366645812988 527.614128112793 686.824459075928 537.486625671387 508.012756347656 574.549530029297 611.17529296875 610.945373535156 583.923126220703 689.548736572266 543.444152832031 723.729106903076 625.481994628906 698.239303588867 687.577140808105 767.440635681152 689.12329864502 813.990287780762 842.876510620117 767.523895263672 708.004283666611 523.839935302734 695.775078773499 507.754135131836 797.12442779541 673.199775695801 741.139358520508 642.045873641968 769.694725036621 786.26123046875 662.345962524414 517.012939453125 684.623252868652 629.162078857422 924.138427734375
653.098340988159 501.276027679443 454.51335144043 642.689033508301 702.51485824585 510.705116271973 613.714366912842 583.564926147461 717.300559997559 610.635147094727 730.728828430176 516.208236694336 572.282997131348 570.036628723145 720.686210632324 640.96780705452 476.850494384766 517.935409545898 592.126045227051 558.549163818359 527.282119750977 645.967300415039 470.716110229492 679.550352096558 479.920822143555 596.21989440918 563.062927246094 638.108543395996 645.970657348633 626.681804656982 826.792976379395 725.890613555908 818.747001647949 738.763723373413 822.429672241211 652.451675415039 673.442867279053 621.43123626709 721.825214385986 698.561553955078 547.060287475586 1069.69960784912 687.717479705811 547.740051269531 988.764633178711 739.661376953125 990.996940612793 653.163925170898 697.301956176758 632.453308105469
752.028686523438 645.714359283447 520.988941192627 567.141735076904 528.986526489258 616.905132293701 544.582443237305 483.18489074707 677.373584747314 576.223573684692 816.04345703125 663.427397727966 559.533622741699 1015.24984359741 838.314865112305 594.485816955566 727.954154968262 637.606485366821 567.787651062012 633.032779693604 660.88830947876 627.485401153564 595.92626953125 911.639362335205 557.65843963623 475.509643554688 616.471891403198 617.134323120117 747.298114776611 625.867523193359 682.957300186157 690.79174041748 720.275789260864 697.929534912109 622.043334960938 609.087707519531 670.126282691956 746.540630340576 761.083145141602 707.753616333008 621.047760009766 692.153015136719 564.012084960938 376.859252929688 618.575653076172 686.268646240234 585.366729736328 573.925689697266 632.275802612305 463.042907714844
731.185668945312 773.841445922852 529.778610229492 702.586479187012 686.531387329102 494.477752685547 525.147613525391 472.898422241211 468.153396606445 603.864402770996 723.300636291504 701.066261291504 692.342575073242 756.477577209473 511.407302856445 595.225383758545 656.424657821655 701.751884460449 558.790336608887 642.304832458496 740.737209320068 630.630336761475 688.56958770752 567.947509765625 667.762477874756 539.383651733398 781.293087005615 717.13822555542 621.194923400879 739.363861083984 701.153539657593 790.553497314453 625.208595275879 756.904638290405 808.562774658203 776.462333679199 683.672581195831 693.009223937988 670.898979187012 937.336132049561 1118.36528015137 524.656036376953 800.096160888672 625.986663818359 380.782653808594 538.856048583984 681.953598022461 683.823745727539 625.602615356445 874.568634033203
798.584411621094 763.308479309082 682.597949981689 628.81946849823 571.505897521973 566.47501373291 615.770002365112 710.890125274658 557.806785583496 672.866486549377 623.822345733643 599.556762695312 701.087003707886 455.399055480957 602.688066482544 613.951866149902 725.534553527832 678.00316619873 608.901355743408 647.934413909912 744.381592273712 625.858039855957 1187.10136413574 729.751907348633 532.369262695312 637.872207760811 569.354560852051 513.513198852539 687.927054405212 812.717178344727 763.085227966309 627.659439086914 830.462257385254 723.123403251171 670.011174201965 793.585514068604 664.537712097168 678.886447906494 680.166573524475 867.338287353516 469.565475463867 536.569595336914 515.010589599609 1497.49070739746 571.552917480469 1699.86370849609 626.862274169922 541.711669921875 862.753280639648 594.754913330078
771.332275390625 751.384231567383 705.535606384277 733.422178268433 709.198225021362 564.12703704834 651.432580947876 601.761333465576 493.078689575195 571.763427734375 479.592712402344 820.614837646484 881.098024427891 710.228862762451 668.582496643066 1031.71059417725 1026.10628509521 768.375305175781 722.098373413086 736.141334533691 710.945831298828 780.877311706543 681.354322433472 707.734714508057 656.357040405273 611.166885375977 543.613548278809 598.868530273438 555.661270141602 727.75415802002 555.065765380859 703.870935440063 993.452011108398 861.073608398438 731.449863910675 838.198066711426 775.29513168335 852.402847290039 526.462799072266 615.029037475586 532.952949523926 548.098358154297 640.085708618164 549.301971435547 876.02783203125 897.593643188477 597.608764648438 595.455856323242 676.996299743652 669.4541015625
