export/dem/dem3.asc
NCOLS 350
NROWS 171
XLLCORNER 152620
YLLCORNER 418050
CELLSIZE 100
NODATA_VALUE -9999
[rows 22 to 43 of 171, columns 200 to 249 of 350]
724.735191345215 671.372694969177 696.281597137451 779.1083984375 742.445091247559 684.558149337769 822.766845703125 722.130228042603 743.635688781738 612.686939239502 598.630367279053 576.123588562012 677.81079864502 538.759384155273 584.583961486816 700.982322692871 422.34700012207 628.122116088867 484.683288574219 556.89811706543 823.819717407227 645.404323577881 451.26286315918 399.856262207031 578.077331542969 807.639793395996 794.466854095459 808.319236755371 645.582946777344 733.952926635742 633.864875793457 619.648048400879 680.531734466553 731.0595703125 749.189358234406 699.744590759277 858.034881591797 823.774147033691 831.057922363281 796.214519500732 610.290100097656 750.782783508301 798.664608001709 833.711776971817 1052.44107055664 1409.84581375122 897.69376373291 789.504186630249 831.751195907593 898.032947540283
610.295478820801 652.869398117065 623.124351501465 691.746362686157 658.731217384338 746.626487731934 774.194076538086 729.726245880127 673.331974029541 670.116816997528 647.087997436523 698.219608306885 953.953887939453 591.25838470459 765.339973449707 709.767964839935 693.757092475891 746.182373046875 559.130226135254 582.859725952148 750.274032592773 559.088684082031 626.291645050049 671.720824241638 735.216899871826 702.329238891602 826.845031738281 664.36784362793 669.40393447876 563.564331054688 842.302177429199 682.129512786865 730.909113407135 757.006187915802 699.68359375 804.735019683838 725.035894393921 788.91912651062 684.109931945801 725.45267868042 887.264739990234 697.807807922363 723.195327758789 834.998443603516 800.218158721924 836.919151067734 838.420085906982 1052.86243438721 715.476360321045 1327.51138019562
688.617107391357 647.462207794189 615.396362304688 785.524578094482 778.092994689941 756.835960388184 752.536727905273 630.992965698242 621.435581207275 566.817100524902 806.660263061523 646.326351642609 494.973693847656 750.387535095215 759.073112487793 582.469947814941 759.866329193115 627.928848266602 609.14098739624 673.146485090256 587.292144775391 592.830436706543 751.170387268066 634.950939178467 609.25757598877 715.454431533813 843.408576965332 1049.71195220947 733.75220489502 767.082382202148 654.625659942627 795.602443695068 783.683708190918 769.276323318481 768.362640380859 700.451637268066 781.751312255859 794.747974395752 856.348075866699 807.156455993652 848.629760742188 796.165229797363 596.878524780273 766.27010345459 831.081669807434 800.606815338135 815.932262420654 800.885116577148 862.24209022522 689.098123550415
560.273315429688 734.42240524292 640.701364517212 734.287948608398 610.194454193115 704.933181762695 752.40308380127 731.561172485352 592.910743713379 873.87890625 678.286890983582 605.463967323303 679.738578796387 719.157623291016 482.849849700928 485.272102355957 710.398866653442 696.731399536133 532.779350280762 628.272983551025 580.369445800781 674.496064186096 618.371658325195 514.729522705078 724.85457611084 724.179010868073 730.85750579834 635.437164306641 842.558441162109 651.658584594727 756.417819976807 622.904975891113 781.282569885254 704.770349502563 740.493104934692 685.406723022461 852.043769836426 644.509071350098 780.749753952026 896.414779663086 750.622866094112 910.945930480957 724.694465637207 814.329959869385 958.936950683594 859.273516178131 979.01390838623 767.712905883789 858.58637046814 673.022994995117
674.738941192627 601.574142456055 727.453231811523 754.404296875 686.997077941895 691.731910705566 607.15248298645 627.738483428955 531.720687866211 747.643196105957 621.221710205078 577.617375612259 632.997886657715 718.732963562012 504.277626037598 673.029399871826 572.65079498291 458.792221069336 426.293327331543 531.697399139404 675.448547363281 791.661254882812 691.226585388184 639.898694992065 680.74326467514 838.610252380371 709.998397827148 666.45389175415 669.46728515625 802.388328552246 624.243942260742 765.87756729126 786.160629272461 637.188087463379 791.266624450684 797.034957885742 686.436214447021 637.687408447266 675.344985961914 833.585632324219 670.081550598145 805.567073822021 977.160598754883 864.951484680176 839.20263338089 783.562503814697 832.360720157623 901.959097862244 764.177444458008 752.854804992676
488.027404785156 606.014321327209 685.760223388672 746.863464355469 648.290309906006 717.090377807617 615.122264705598 725.630271911621 697.115776062012 553.797428131104 723.664054870605 637.791833877563 624.771240234375 566.407539367676 508.133666992188 412.427207946777 678.052406311035 505.742183685303 383.164535522461 490.171165466309 749.836799621582 678.072257995605 794.702186584473 721.723545074463 872.784225463867 894.411743164062 747.261898994446 558.438491821289 731.489212036133 679.161012649536 774.524528503418 621.953598022461 669.979900360107 650.588043212891 683.201683044434 671.949039459229 687.435607910156 692.370155334473 693.965801239014 710.675148010254 816.816883087158 847.244842529297 862.396186828613 956.484222412109 713.855628967285 940.503601074219 844.664284706116 803.890430450439 857.67756652832 759.454498291016
630.476905822754 556.007944107056 514.324645996094 760.247482299805 590.586930632591 629.362319946289 685.057685852051 783.682174682617 658.001197814941 706.048095703125 666.145225524902 609.634618759155 633.016765594482 557.934871673584 565.068762779236 692.968154907227 609.154512405396 658.711822509766 593.610509872437 531.385669708252 734.085502624512 690.652347564697 571.317039489746 716.554866790771 714.718784332275 731.201965332031 770.331878662109 621.9739112854 777.255981445312 777.607692718506 777.84398651123 612.752967834473 701.019731521606 856.948883056641 769.854724884033 674.842042565346 865.425888061523 904.823501586914 720.114022135735 716.054550170898 789.386329650879 792.943579673767 851.923034667969 951.152313232422 928.654357910156 838.980480194092 667.710098266602 595.888244628906 645.9384765625 744.750225067139
551.427822113037 623.348079681396 686.326354980469 524.302570343018 763.108184814453 607.249311447144 705.538711547852 539.694919586182 741.220230102539 535.352020263672 649.43590927124 700.744251251221 659.418545722961 646.533058166504 471.317245483398 575.864669799805 676.79035949707 585.361782073975 542.0808198452 556.882863044739 709.937049865723 723.529998779297 472.806350708008 625.609107971191 797.618621826172 722.377285003662 816.368621826172 868.0546875 678.666378498077 723.747425079346 723.585849761963 636.000568389893 706.595445632935 844.504058837891 632.994941711426 888.191452026367 763.248985290527 689.629573822021 793.901447296143 652.504676818848 748.255797386169 830.690696716309 861.987548828125 976.624862670898 859.385040283203 845.624166488647 853.251629829407 764.478443145752 746.30965423584 681.453910827637
611.621748924255 419.087036132812 570.096269607544 639.415710449219 691.077362060547 642.243522644043 587.405235290527 741.557281494141 706.753242492676 711.084564208984 615.54298210144 624.018339157104 695.222850799561 632.897941589355 646.587310791016 446.604274749756 426.300025939941 592.927253723145 506.028667449951 583.964139938354 772.51700592041 513.911842346191 598.461124420166 601.211261749268 766.855865478516 721.635356903076 777.200927734375 708.743328094482 752.533744812012 730.315532684326 644.072816848755 681.743182182312 583.906593322754 719.331432342529 695.850070476532 750.52872467041 726.277088165283 708.840106964111 845.763816833496 696.090377807617 659.965614318848 770.52737903595 843.078279495239 886.947105407715 743.771171569824 815.384616851807 708.101188659668 686.155281066895 763.417419433594 677.851821899414
607.717936515808 595.958742141724 564.675939559937 526.27660369873 655.953308105469 575.253987789154 688.328346252441 591.494430541992 666.752388000488 654.905414581299 749.394515991211 598.553028583527 688.673538208008 578.259329795837 565.404182434082 580.631057739258 483.852928161621 460.356750488281 438.604782104492 662.806259155273 811.221237182617 564.084102630615 645.570656776428 653.091415882111 650.357872247696 643.710699081421 826.916976928711 797.090911865234 728.438385009766 628.011051177979 669.635199546814 768.668357849121 665.282464981079 763.977836608887 660.679656982422 734.517471313477 695.316941261292 812.284828186035 943.617050170898 781.736068725586 660.067478179932 670.993782043457 731.096927642822 784.334934234619 841.257415771484 777.58226108551 792.103243231773 703.955795288086 836.160259246826 744.586612701416
521.7626953125 586.07608795166 516.110080718994 604.947761535645 530.597469329834 616.8251953125 677.508941650391 630.407680511475 833.446655273438 688.953727722168 799.956832885742 698.393295288086 705.849189758301 730.990737915039 495.331867218018 526.428052902222 505.990743637085 572.715299606323 656.37174987793 493.951629638672 724.727210998535 749.974472045898 665.536322593689 577.133888244629 671.394047737122 774.496734619141 722.679908752441 765.047760009766 876.079666137695 680.090978622437 682.041503429413 714.825235366821 594.73592376709 657.045351982117 712.707698822021 627.449855804443 612.811050415039 766.962482452393 736.326040029526 778.394477844238 711.498401641846 758.107427597046 759.005153656006 717.315277099609 648.384841918945 881.756797790527 741.063446998596 666.319900512695 592.234924316406 612.012210845947
460.601898193359 518.449409484863 568.374524593353 506.512111663818 555.115938186646 592.182565689087 568.010004997253 559.960327148438 656.519134521484 572.857109069824 776.033569335938 565.709474563599 569.166019439697 807.40404510498 500.60782623291 553.349811553955 583.995414733887 625.111568450928 613.619094848633 676.188579559326 764.16926574707 662.825366973877 549.593399047852 585.590507507324 748.39998626709 861.212448120117 827.133804321289 704.118495941162 701.329206466675 635.918037414551 499.966232299805 717.710369110107 769.564178466797 784.041191101074 809.604064941406 644.56470489502 749.951526641846 767.435054779053 718.578165531158 701.276523590088 574.677230834961 806.900588989258 704.405090332031 747.45595741272 719.59553527832 913.082977294922 706.962055206299 714.816619873047 919.509780883789 827.504360198975
534.382411956787 395.558853149414 590.267351150513 619.082790374756 554.653862953186 602.05993270874 693.945251464844 810.654067993164 646.151176452637 660.285835266113 589.610564231873 567.43488073349 821.843643188477 783.938369750977 535.855186462402 501.650761127472 496.577198028564 516.87313079834 696.005981445312 602.791837692261 676.968532562256 633.025712490082 664.232896327972 721.078117370605 753.800903320312 832.980484008789 806.032348632812 581.46533203125 675.560678482056 661.4646961689 610.349212646484 604.988922119141 618.580516815186 597.159698486328 618.873546600342 873.507034301758 677.49081993103 632.52384185791 583.090713500977 758.515769958496 554.407516479492 621.326293945312 809.511894226074 769.508006095886 709.973560333252 838.130214691162 728.877276420593 751.046758651733 715.069389343262 723.799961090088
620.573608398438 544.677889823914 614.398277282715 561.162410736084 451.635398864746 481.244842529297 655.374992370605 843.960479736328 626.037139892578 620.6526222229 570.028060913086 679.607654571533 489.506240844727 656.008106231689 580.633152008057 435.72074508667 448.426422119141 335.227233886719 460.109146118164 712.375099182129 581.964469909668 579.040557861328 562.830169677734 499.994758605957 568.637825012207 731.598449707031 696.898784637451 658.243110656738 814.821273803711 599.429168701172 621.949188232422 665.008321285248 621.859966278076 671.494729995728 624.562255859375 697.67013168335 578.683502197266 755.156354904175 670.15763092041 722.691986083984 773.745361328125 769.412097930908 720.78870010376 646.72216796875 739.970386505127 690.832828521729 760.441138029099 788.962299346924 776.953491210938 758.329261302948
418.772430419922 595.74889755249 580.919947624207 478.531791687012 550.273193359375 658.453460693359 700.985641479492 461.703804016113 587.672978401184 543.692741394043 612.641731262207 1320.04875183105 581.336349487305 681.590900421143 742.631183624268 634.026481628418 619.847026824951 527.279510498047 494.250045776367 594.456390380859 634.232239723206 459.692565917969 653.847923278809 546.646255493164 669.061367034912 739.242050170898 601.514728546143 669.157585144043 606.390430450439 677.08226776123 691.342876434326 543.389801025391 528.478439331055 652.626530647278 723.115345001221 651.791060686111 619.313575744629 676.337692260742 701.268775463104 802.334007263184 820.904998779297 626.432830810547 759.43688583374 864.373519897461 846.356948852539 793.261375427246 720.587074279785 678.891330718994 757.794836044312 780.616004943848
558.881078720093 552.574542999268 633.099592208862 600.651126861572 614.040199279785 577.110305309296 706.2099609375 611.1848487854 654.916839599609 604.520666122437 563.390460968018 1090.38694381714 727.82048034668 680.976333618164 619.968823432922 646.750865936279 687.967643737793 555.422515869141 554.886245727539 510.381233215332 758.584815979004 560.965385437012 542.90599822998 557.486831665039 611.18000793457 694.436820983887 607.311240196228 578.905727386475 650.424315452576 805.843780517578 650.628287553787 542.356353759766 808.109176635742 637.207038879395 538.15478515625 571.468406677246 593.272537231445 557.362831115723 758.390655517578 743.543796539307 661.740051269531 813.809295654297 751.978006362915 846.937255859375 808.144513130188 738.233583211899 688.62659072876 854.784255981445 569.281494140625 564.777984619141
617.151335716248 584.384565353394 639.045562744141 659.179039001465 523.945484161377 652.24983215332 590.242569580674 454.573364257812 625.057495117188 677.620651245117 695.677177429199 629.501209259033 558.049041748047 598.4881067276 495.380493164062 594.484178543091 606.776782512665 417.072174072266 531.234497070312 527.828277587891 665.758003234863 569.873840332031 645.948913574219 621.801848888397 539.961395263672 675.541885375977 599.958335876465 605.616352081299 548.43042755127 505.956359863281 564.248573303223 591.040237426758 746.217628479004 637.544429779053 682.71937417984 607.993339538574 528.651611328125 560.402633666992 522.677108764648 599.648414611816 714.492122650146 769.191078186035 769.470525741577 874.418045043945 644.526233673096 685.669086456299 690.309371948242 689.388275146484 732.145066738129 819.86360168457
693.566505432129 542.972118377686 642.387870788574 553.995584487915 496.004829406738 470.816848754883 542.047489494085 654.287712097168 545.720977783203 674.032119750977 655.644004821777 568.481960296631 627.163440704346 625.762615203857 673.500480651855 716.893074035645 689.779151916504 664.949573516846 583.677438735962 576.211399078369 570.120388031006 572.477279663086 609.833333015442 550.63410949707 564.194778442383 726.510905265808 500.367164611816 679.973579406738 535.145606994629 608.634773254395 601.056770324707 693.468692779541 722.189884185791 723.47696685791 501.480239868164 565.572311401367 452.783187866211 563.371917724609 560.43196105957 691.528708457947 651.323177337646 766.551456451416 804.759346008301 770.762062072754 642.204330444336 752.817403793335 433.49853515625 839.52131652832 716.723034858704 630.286064147949
684.735427856445 446.081634521484 555.407661437988 597.231296539307 580.204158782959 663.373413085938 508.604297637939 614.303623199463 572.802883148193 593.767011880875 673.337013244629 565.044321060181 438.936416625977 547.755138397217 579.192281723022 507.687965393066 634.86120223999 533.526992797852 686.454284667969 798.593124389648 638.808380126953 609.877693653107 647.977499961853 669.901664733887 600.116391181946 612.965673446655 657.764762878418 625.678817749023 599.356811523438 583.672172546387 562.078224182129 651.990293741226 652.408992767334 565.819801330566 622.773517608643 596.15299987793 513.877029418945 545.691589355469 699.300491809845 522.237487792969 692.696255683899 700.726272583008 636.042213439941 733.82585144043 770.755596160889 630.23796081543 717.952578544617 713.108345985413 827.448455810547 761.597896575928
567.487672328949 670.555152893066 586.656532287598 461.218643188477 618.386280059814 583.174978256226 451.240333557129 546.710512161255 718.796951293945 644.970653533936 876.531890869141 666.316543579102 599.787872314453 610.793672561646 545.658447265625 440.802337646484 558.198921203613 433.443954467773 623.70016002655 582.000165939331 624.002354621887 660.106517791748 736.743217468262 711.860061645508 627.751377105713 673.689159393311 635.083681106567 534.092666625977 635.797881126404 662.243923187256 535.190361022949 569.438766479492 672.658031463623 468.688095092773 772.629222869873 558.433471679688 485.275634765625 601.036033630371 505.539154052734 636.31526184082 665.017040252686 772.97864151001 652.551860809326 660.186241149902 619.187408447266 720.368799209595 592.020278930664 701.560313344002 705.457868099213 718.559094429016
557.369804650545 537.608848571777 502.561939239502 664.796844482422 508.623542785645 573.338282823563 521.236946105957 464.151496887207 682.687477111816 632.092697143555 584.655488014221 541.404487609863 586.674283027649 481.490203857422 710.565765380859 645.328766822815 589.798314571381 634.917263031006 542.585781097412 577.629000663757 527.263137817383 561.649906158447 666.676357269287 652.207103729248 658.783294677734 640.354373931885 611.74160194397 776.319427490234 616.777015686035 504.797821044922 601.611099243164 738.547340393066 603.024799346924 487.94563293457 657.34766805172 666.724761962891 489.40544128418 550.862480163574 659.426536560059 526.783248901367 653.330867767334 591.170440673828 735.925933837891 723.67896270752 701.770928382874 555.212425231934 753.66805267334 645.301681518555 744.865432739258 688.946025848389
535.641977310181 550.989255905151 607.326389312744 379.297225952148 543.13755607605 665.159309387207 516.819946289062 477.57984161377 619.920780181885 546.204992294312 696.778896331787 589.119229793549 552.410415649414 655.32056427002 781.072677612305 562.669031143188 744.96565246582 542.221466064453 551.578565597534 476.025169372559 503.648910522461 737.880676269531 648.172744750977 512.057418823242 522.570495605469 715.572700500488 722.75121307373 699.072906494141 642.379444599152 632.583518981934 547.298545837402 561.96654510498 763.047748565674 681.174401283264 535.643188476562 637.00431060791 420.353317260742 547.057373046875 679.707075119019 541.694580078125 606.069007873535 594.819847106934 495.208404541016 545.90315246582 713.657382965088 720.247032165527 798.793937683105 722.834339141846 648.772850036621 651.401348114014
