export/dem/dem37.asc
NCOLS 350
NROWS 171
XLLCORNER 152620
YLLCORNER 418050
CELLSIZE 100
NODATA_VALUE -9999
[rows 88 to 109 of 171, columns 250 to 299 of 350]
913.786930084229 997.982599258423 874.087837219238 985.06233215332 768.001914978027 879.402828216553 602.372333526611 776.91340637207 636.173412322998 656.955383300781 666.361526489258 609.382133483887 523.951522827148 946.9768409729 825.553563117981 1078.18411254883 813.441474914551 837.948829650879 701.978412747383 490.316070556641 459.327102661133 875.735824584961 553.905120849609 592.548194885254 695.310516357422 478.315139770508 692.701372146606 845.155136108398 661.231044769287 888.281913757324 795.382881164551 587.653617858887 649.557472229004 722.758646011353 686.149726867676 857.532455444336 783.740711212158 781.055164337158 713.126987457275 580.045989990234 741.79313659668 546.392875671387 677.186145782471 899.006698608398 537.315223693848 721.606605529785 698.367767333984 529.990585327148 536.013092041016 579.965209960938
805.777983665466 811.382026672363 980.872688293457 927.730663299561 699.899948120117 744.265419006348 791.698394775391 792.995121002197 685.897576332092 852.199010848999 755.96458530426 779.00212097168 775.751358032227 797.801096916199 823.998226165771 781.285537719727 748.797988891602 744.309886932373 853.837196350098 716.576350212097 551.04141998291 464.308303833008 629.782098770142 728.473556518555 726.280830383301 643.928110122681 732.561473846436 796.142868041992 771.438705444336 686.89302444458 874.001541137695 765.134405136108 610.139083862305 578.485145568848 576.58186340332 724.863552093506 658.331481933594 672.737827301025 592.136917114258 648.495262145996 1247.27114868164 502.923645019531 638.440361022949 769.156349182129 799.663444519043 662.659820556641 696.641090393066 837.123651504517 625.284164428711 658.738372802734
665.437515258789 859.494609832764 700.554565429688 1077.19922423363 1033.27174568176 801.145027160645 928.524777412415 798.064125061035 570.832366943359 587.064544677734 854.970811843872 958.024955749512 720.863819122314 848.827636837959 688.62077331543 842.777351379395 670.411354899406 582.654716491699 643.179039001465 690.583955764771 665.59937286377 458.9287109375 612.981716156006 676.756721496582 865.50023651123 882.796836853027 864.636093139648 835.424562454224 862.046241760254 849.43408203125 796.51522064209 859.501521170139 547.768356323242 588.404335021973 718.922772407532 651.017570018768 514.041885375977 636.030445098877 577.198524475098 483.845642089844 762.150756835938 400.125549316406 508.100341796875 484.238876342773 692.150146484375 587.07194519043 962.467849731445 453.401947021484 686.695999145508 855.232681274414
745.996898651123 876.026924133301 804.319659233093 923.13410949707 1260.21836090088 1395.19809913635 950.130767822266 746.521456956863 783.268299102783 879.294128417969 674.217254638672 696.013320922852 629.288879394531 623.24592590332 635.395278930664 669.886829376221 487.320739746094 751.837562561035 659.040603637695 698.777549743652 563.530578613281 773.468333244324 765.101356506348 793.038719177246 674.967842102051 834.716302871704 900.156030654907 860.873799085617 1022.9002456665 1346.39812469482 807.79275894165 646.486274719238 742.447757720947 663.199996948242 797.267356872559 731.630489349365 565.660308837891 653.311233043671 633.759441375732 363.706146240234 982.482116699219 1129.1009979248 545.490966796875 411.312408447266 491.75651550293 622.92781829834 673.221832275391 598.603988647461 842.329742431641 1207.70452880859
830.425100326538 792.830791473389 834.779693603516 827.938396453857 1136.25067901611 961.389789581299 1146.07852745056 725.880609512329 844.284694671631 853.04796397686 1008.78279876709 847.981338500977 906.216709136963 669.975158691406 710.264633178711 1159.4059677124 651.250328063965 726.429563522339 615.098663330078 665.973457336426 717.290630340576 784.41316318512 721.773139953613 743.809646606445 607.088668823242 722.846122741699 802.050079345703 836.167461395264 958.841667175293 1188.36326599121 801.922050476074 718.705619812012 704.199180603027 828.238456726074 658.943222045898 594.565773010254 573.334815979004 690.276380062103 688.07607460022 514.223052978516 469.071975708008 1298.70405578613 661.47501373291 487.77995300293 563.405181884766 710.684267759323 532.146850585938 700.859580993652 660.695617675781 495.741394042969
1011.6478729248 802.045879364014 908.95524597168 1024.99624443054 1061.01595306396 1105.86758422852 889.656890869141 736.140434265137 870.882171630859 915.220397949219 855.812408447266 650.628234863281 754.390625 1053.39877319336 1132.37744903564 549.112106323242 595.97819519043 681.628280639648 686.661926269531 571.8291015625 731.027854919434 747.584617614746 762.580039978027 635.533493041992 610.963272094727 781.439765930176 1083.26240539551 1352.04758453369 641.597579956055 818.798324584961 719.72900390625 756.686828613281 831.076810836792 653.73664855957 774.736198425293 897.065605163574 582.862258911133 763.066295623779 575.397422790527 543.48551940918 502.504623413086 1319.88217163086 552.615341186523 551.586975097656 535.883041381836 548.132949829102 636.301124572754 597.562454223633 763.611740112305 995.313667297363
792.956983566284 761.854621887207 902.391479492188 959.183135986328 1006.90572357178 936.346717834473 897.971084594727 971.795272827148 744.049121856689 788.251589775085 1031.20685958862 847.397323608398 764.920372009277 876.878448486328 1035.46322441101 498.682266235352 644.421798706055 626.575332641602 791.940860748291 705.098279953003 736.175395965576 514.218673706055 655.823051452637 876.066627502441 743.814708709717 1071.98399353027 758.305435180664 958.819152832031 768.24356842041 899.511810302734 1022.24024581909 778.123657226562 689.665161132812 1018.20389175415 790.979000091553 914.967334747314 833.52618598938 814.628325939178 689.924736022949 566.458923339844 626.94372177124 611.103332519531 695.319885253906 495.967803955078 598.961181640625 628.542274475098 646.137504577637 715.630996704102 741.58602142334 732.224411010742
840.502902984619 813.385330200195 878.494955062866 985.642517089844 818.328832626343 864.119834899902 1272.68223571777 1148.39129638672 836.686294227839 888.275993347168 768.658540725708 1355.90169334412 1020.55488300323 648.690414428711 844.696485519409 879.869537353516 951.354766845703 662.342231750488 882.09635925293 753.729875564575 568.669525146484 810.859903335571 760.918975830078 803.086776733398 1033.32493591309 1202.0865020752 857.430053710938 792.077781677246 661.24787902832 593.176330566406 1431.25917053223 597.466857910156 791.471694946289 709.753860473633 872.680402755737 985.209632873535 761.746620178223 775.603454589844 871.674448311329 645.623687744141 617.108825683594 723.371521949768 1103.86309814453 503.831192016602 627.363906860352 520.749786376953 1135.78079986572 554.239105224609 440.301162719727 1017.66887664795
828.20291519165 1001.68103790283 850.361785888672 791.423923492432 980.334553718567 918.769464492798 873.255844116211 848.972388267517 1343.60992431641 901.67887878418 652.053764343262 710.598684310913 587.439842224121 564.57307434082 756.965437889099 860.46996307373 692.671882629395 1019.05511474609 870.911270141602 972.090534210205 974.473251342773 1381.75368499756 1125.45928955078 604.678451538086 648.269470214844 681.499420166016 605.242660522461 543.613906860352 592.974548339844 1344.83316040039 658.45637512207 658.692153930664 836.274417877197 830.015365600586 1047.4267578125 866.351360321045 809.690322875977 686.864059448242 865.909057617188 752.412645339966 515.329254150391 555.410461425781 1076.48625183105 558.451751708984 732.350067138672 461.574859619141 672.68537902832 455.383972167969 420.938095092773 1012.08781051636
781.413473129272 728.599319458008 686.995941162109 875.756603240967 754.359443664551 967.734992980957 989.60209274292 675.959121704102 1270.25244140625 1388.87826538086 833.251865386963 660.009231567383 1260.73686218262 822.922592163086 565.20622253418 830.535831451416 619.44384765625 628.199890136719 635.880889892578 755.749206542969 726.684455871582 842.397850036621 598.547698974609 668.783966064453 556.494033813477 865.108947753906 806.942077636719 625.184646606445 605.380126953125 782.513366699219 643.023742675781 1330.63948059082 1354.76861572266 754.025283813477 736.609268188477 719.889389038086 879.754684448242 645.114250183105 738.501415252686 556.841430664062 680.979103088379 509.675064086914 989.25724029541 1672.17086029053 724.962127685547 750.738876342773 596.944610595703 599.991928100586 773.617336273193 641.556625366211
647.855270385742 1254.79975891113 944.309921264648 667.871284484863 698.705429077148 786.687805175781 1011.75616455078 1245.1647156477 929.098289489746 740.544258117676 633.345825195312 818.639938354492 622.122360229492 536.043548583984 688.956214904785 838.904788970947 751.419509887695 712.72420501709 698.528810501099 652.308746337891 709.643356323242 748.086421966553 758.516067504883 1143.10446166992 616.04084777832 959.169128417969 1627.47177124023 1133.29800415039 1290.77911376953 567.850936889648 893.168685913086 759.3974609375 680.300537109375 875.447479248047 804.105438232422 776.867973327637 852.318656921387 800.497898101807 851.73713684082 715.482334136963 617.018295288086 571.009719848633 987.567283630371 919.231391906738 710.954002380371 609.137733459473 767.766716003418 684.316921234131 564.397842407227 1022.09944152832
678.782302856445 738.98649597168 1263.58206176758 659.55492401123 727.754936218262 786.231658935547 1402.95236968994 1224.71831130981 856.392288684845 1059.95146942139 832.374481201172 1190.30389404297 1209.49684143066 999.787231445312 1001.61557769775 976.61213684082 967.324310302734 647.024703979492 775.360759735107 886.011177062988 1021.97700500488 558.501937866211 730.777465820312 529.254852294922 1242.42974853516 826.484619140625 905.351440429688 1238.24868774414 1187.05227661133 640.685577392578 926.157470703125 867.39225769043 792.923568725586 837.827606201172 805.606744766235 766.39720916748 709.638748168945 889.320625305176 705.044498443604 631.800035476685 622.17106628418 550.103706359863 622.616241455078 1270.2680452764 1518.33323597908 717.717652797699 572.378173828125 570.654861450195 777.636489868164 648.572128295898
1229.84830856323 686.940322875977 737.414838790894 675.778427124023 892.309005737305 1185.18663406372 830.587643623352 1234.56323242188 918.194496154785 1012.26999664307 1034.57129859924 764.458671569824 906.753646850586 1102.89645004272 733.764785766602 824.870635986328 837.175807952881 686.250015258789 569.829956054688 633.387802124023 1081.0124206543 1089.26977539062 651.787445068359 751.934234619141 635.864822387695 1220.95077514648 730.444427490234 618.522979736328 1430.2707824707 629.302581787109 1113.69254302979 767.28173828125 887.490653991699 836.407699584961 778.53938293457 907.649112701416 897.921485900879 908.842842102051 700.560836791992 473.011520385742 691.447658538818 614.592948913574 639.424087524414 805.03000831604 777.073143005371 606.490234375 600.949768066406 695.547630310059 734.397346496582 704.431350708008
676.48469543457 815.576803207397 947.615821838379 785.79798835516 819.157600402832 1098.14865149558 923.072757720947 973.391457557678 856.641242980957 947.32022857666 688.057334899902 1000.87184143066 750.033248901367 682.158508300781 884.926971435547 623.068252563477 691.480697631836 992.380004882812 572.472106933594 559.789215087891 1121.91621398926 588.564453125 1103.8582611084 741.641510009766 668.62239074707 1103.85477995872 900.450164794922 1719.45663452148 801.588935852051 1279.71105957031 752.256378173828 655.410797119141 885.633007049561 748.991004943848 991.430892944336 896.668968200684 873.907844543457 942.127265930176 819.515117645264 769.679794311523 357.941757202148 588.620765686035 526.744346618652 745.593738555908 862.7919921875 805.565998077393 769.853801727295 858.862457275391 836.356311798096 792.969417572021
806.651233673096 1214.63208389282 855.394706726074 813.611835479736 873.666793823242 858.426338195801 825.868120193481 1107.38417434692 657.292724609375 1462.34854888916 656.104553222656 1126.90393066406 989.674591064453 421.774841308594 757.853019714355 936.319091796875 593.440185546875 565.914672851562 1372.94551086426 789.965072631836 886.084648132324 720.875823974609 808.937461853027 1250.09868621826 922.430999755859 635.180511474609 659.195159912109 1651.12138366699 1031.48916625977 622.142349243164 914.067886352539 1269.19158935547 954.027549743652 734.003799438477 993.935760498047 890.598428726196 857.820154190063 848.492053985596 711.412509918213 550.354067802429 548.101140022278 501.115093231201 339.23176574707 817.647888183594 655.330551147461 716.246757507324 840.703453063965 864.232475280762 886.049957275391 845.917741775513
653.141845703125 1240.83667755127 1190.37099838257 767.979364395142 1229.10797119141 927.251594543457 1047.71074867249 854.435894012451 824.535079956055 887.902732849121 829.945152282715 604.595947265625 668.485458374023 755.73486328125 640.514846801758 687.404830932617 1140.42621612549 819.32822227478 644.282913208008 764.229400634766 572.341613769531 696.724670410156 742.339324951172 1101.77949523926 752.06852722168 857.646682739258 818.417602539062 702.046264648438 721.964553833008 617.217758178711 1256.83612346649 1207.89370346069 913.894733428955 878.249449729919 875.608128547668 984.084892272949 1065.31463623047 906.69340133667 782.398477554321 706.288459777832 599.089676618576 644.204315185547 489.781127929688 740.496976613998 896.427513122559 669.424827575684 758.905990600586 699.928161621094 817.06795501709 799.29368019104
1096.04048538208 661.82201385498 1028.61122894287 711.689224243164 714.064422607422 922.866706848145 740.607345581055 792.491306304932 808.510112762451 781.081726074219 795.355743408203 599.671798706055 627.372497558594 1091.20585632324 837.725814819336 904.487609863281 609.689727783203 750.450408935547 702.7197265625 834.059417724609 500.4091796875 942.441009521484 548.712677001953 717.376823425293 736.568511962891 725.672027587891 872.490112304688 724.58918762207 1619.45195388794 1421.46955871582 1268.51984405518 904.430232048035 885.999444484711 754.2958984375 840.909370422363 848.560211181641 879.213153839111 1072.37902832031 845.032287597656 865.777069091797 843.208160400391 543.013771057129 649.41888666153 676.157291412354 628.345809936523 1120.95756530762 842.81948184967 820.510482788086 733.858567237854 951.851959228516
717.082954406738 443.929046630859 731.513664245605 775.256088256836 945.294532775879 1101.65431213379 676.777786254883 774.315811157227 650.551651000977 953.191833496094 721.944122314453 1075.70796203613 1352.35530090332 764.264266967773 977.383487701416 786.201629638672 811.726791381836 609.524261474609 1044.64530181885 1114.47001647949 667.290802001953 742.291168212891 960.458465576172 1049.35314941406 1056.83118438721 769.644897460938 849.408905029297 577.225372314453 912.958923339844 892.023735046387 824.961427688599 1059.10887145996 771.579229354858 802.581886291504 885.813179016113 887.044913291931 787.48706817627 989.406585693359 1118.68098449707 912.53715133667 1056.56379699707 673.023384094238 639.621371269226 634.513259887695 731.771057128906 1182.38641357422 748.049875259399 887.974716186523 861.401832580566 837.55948638916
835.327903747559 747.459518432617 1322.15022277832 901.100524902344 974.646392822266 900.981262207031 644.34912109375 932.360824584961 1830.01570129395 510.408081054688 1341.43941879272 678.462013244629 940.045104980469 870.96305847168 785.858932495117 855.809371948242 789.839378356934 615.707168579102 639.978851318359 664.020446777344 735.213027954102 835.81916809082 732.29736328125 786.268508911133 717.460868835449 696.013740539551 661.546951293945 954.230293273926 733.940368652344 894.736255645752 956.750564575195 857.243293762207 850.50220489502 878.728981018066 841.876010894775 809.944244384766 876.857643127441 673.261829376221 790.382940292358 849.31690788269 950.716537475586 840.475147247314 669.272901535034 586.364646911621 795.794882774353 833.013111114502 963.130378723145 883.253952026367 1004.38428878784 754.503494024277
857.656700134277 791.669906616211 806.231109619141 896.511161804199 899.163932800293 1260.46437072754 1631.71086883545 1154.58569431305 733.401031494141 718.874885559082 1129.85816955566 814.216609954834 839.70770072937 836.14225769043 803.685478210449 999.538803100586 751.709518432617 940.599594116211 461.900726318359 675.669364929199 1016.62452697754 551.991363525391 765.830276489258 651.871917724609 705.076843261719 969.933856964111 821.015951156616 571.836708068848 794.648986816406 812.529182434082 904.222827911377 889.601608276367 825.459199905396 614.041976928711 891.343757629395 888.096603393555 984.79126739502 892.873908996582 848.866767883301 880.675117492676 915.276359558105 759.526405334473 785.254508972168 619.598678588867 663.839935302734 579.750045776367 761.221092224121 700.903560638428 825.626556396484 757.531757831573
715.694725036621 1124.2818069458 986.370834350586 787.493064880371 1005.57144927979 738.442153930664 970.919351577759 1414.68977355957 1244.02978515625 520.560455322266 627.897262573242 972.156509399414 781.21900177002 1120.70951843262 1027.250415802 933.16731262207 992.615737915039 767.379745483398 1664.53973388672 1193.08879089355 798.762771606445 898.283380508423 703.830261230469 741.648445129395 769.833961486816 799.29288482666 809.00415802002 863.807014465332 695.905586242676 941.97020483017 864.82243347168 885.479874134064 980.386413574219 935.716613769531 961.581462860107 947.266937255859 853.143687725067 781.679972648621 839.748870849609 727.784420013428 887.303565979004 814.610313415527 831.538040161133 709.324922561646 520.582996368408 542.806732654572 767.979153633118 820.274478912354 755.838691711426 901.909828186035
648.884803771973 690.369285583496 702.912818908691 821.373306274414 1165.73416900635 1044.91993713379 783.816123962402 1143.15689086914 1782.7317647934 939.071002960205 1206.4891500473 737.380325317383 839.673034667969 743.482147216797 766.186248779297 1086.17967224121 780.618606567383 847.941864013672 1227.40935516357 1097.26526403427 1106.90155029297 754.037963867188 898.000335693359 795.46363067627 761.038093566895 834.857275009155 961.876472473145 696.196899414062 756.027229309082 776.25407409668 852.065093994141 861.408012390137 874.512783050537 1012.88243103027 715.9580078125 827.504336833954 818.714911460876 967.078765869141 1063.24620819092 880.641555786133 691.629875183105 790.243364334106 787.636972427368 675.319179534912 475.470275878906 717.35179901123 727.872455596924 865.624336242676 834.018951416016 952.899635314941
