export/dem/dem30.asc
NCOLS 350
NROWS 171
XLLCORNER 152620
YLLCORNER 418050
CELLSIZE 100
NODATA_VALUE -9999
[rows 88 to 109 of 171, columns 250 to 299 of 350]
963.434181213379 789.655487060547 921.218446731567 1012.84706878662 954.775756835938 754.24292755127 590.411346435547 677.624782562256 821.715957641602 754.002731323242 814.469736099243 628.929244995117 676.173579692841 808.631942749023 764.11547088623 930.142200469971 738.592000961304 739.16216468811 619.976699829102 648.69812297821 667.925868988037 956.565891265869 567.992218017578 580.368041992188 597.925178527832 594.027156829834 695.131895065308 844.948505401611 616.236016273499 769.295080184937 609.587493896484 641.608093261719 640.924842834473 602.117378234863 689.581916809082 684.240570068359 675.354843139648 649.751586914062 625.337852478027 648.369792938232 722.999526977539 366.975311279297 611.673538208008 777.233291625977 329.944000244141 641.702514648438 623.180603027344 508.965362548828 558.846313476562 582.539459228516
811.826088309288 959.418670654297 955.869010925293 847.019309997559 953.884407043457 872.291290283203 612.941932678223 757.675539016724 695.518171310425 915.967441558838 690.049674987793 980.245124816895 862.198963165283 710.401733398438 767.12718963623 831.664073944092 662.325016021729 810.683815002441 852.501220703125 609.40763092041 589.10375213623 628.322298049927 436.589096069336 635.290508270264 660.780239105225 701.917957305908 656.877502441406 686.30261516571 625.648193359375 723.373584747314 723.197805404663 753.868980407715 565.395568847656 540.286743164062 662.755722045898 722.949333190918 574.066146850586 536.298751831055 772.116790771484 727.99097442627 1498.32920074463 555.488059997559 519.890533447266 652.986526489258 656.654174804688 628.823425292969 517.908935546875 522.970367431641 632.666015625 639.966049194336
946.896240234375 799.750288009644 767.910614013672 1162.86428833008 1095.61404418945 745.331643104553 833.297882080078 526.756805419922 592.434219360352 707.598068237305 629.434951782227 775.024688720703 694.832057952881 811.150020599365 758.603572845459 742.57356262207 777.497413635254 646.611064910889 765.417705535889 623.640083312988 825.771530151367 585.085357666016 686.133071899414 633.832107543945 748.94066619873 812.202940940857 713.958335876465 728.45630645752 681.380569458008 640.839485168457 675.58044052124 693.18342590332 608.857391357422 669.068302154541 718.077573776245 786.655380249023 599.876075744629 501.774490356445 465.978408813477 500.695587158203 825.78874206543 458.222808837891 512.952926635742 504.575531005859 594.147750854492 821.641383171082 810.457244873047 620.123794555664 637.724945068359 774.72314453125
784.979751586914 990.951049804688 1016.40254211426 872.490325927734 1203.02409315109 1465.8044128418 644.065399169922 761.369440078735 700.630477905273 810.561845302582 747.302864074707 689.315292358398 594.356048583984 752.650272369385 792.623928070068 690.459163665771 779.898351669312 683.836262702942 822.487731933594 731.698108673096 778.637981414795 737.684951782227 854.293159484863 763.391067504883 638.599548339844 929.51050567627 766.892646789551 900.950595855713 884.092674255371 1221.8244972229 773.188526153564 635.142074584961 706.218830108643 637.016647338867 508.634307861328 619.494964599609 592.141021728516 518.753295898438 416.678497314453 616.636016845703 999.844177246094 1151.10346984863 323.690002441406 406.273193359375 472.264068603516 530.467346191406 789.891052246094 676.76734161377 772.861694335938 1249.90808105469
774.211938858032 846.225311279297 773.674517631531 823.821067810059 1021.80577516556 958.09188079834 1024.13371276855 661.077125549316 742.77815246582 692.16780090332 826.785842895508 737.684448242188 750.258041381836 527.125534057617 637.960174560547 1196.70796203613 706.048959732056 748.997079849243 770.63623046875 908.547012329102 825.776611328125 757.435317993164 720.997627258301 860.211103439331 833.293281555176 751.20739364624 956.369514465332 777.575057983398 860.092086791992 876.435791015625 740.153030395508 889.319793701172 569.999359130859 706.724227905273 744.69917678833 646.713123321533 475.217803955078 599.769157409668 420.273254394531 600.966094970703 565.345726013184 1316.44900512695 581.984146118164 533.863967895508 562.362701416016 476.131286621094 451.036254882812 717.917304992676 630.812133789062 706.643112182617
929.525131225586 780.904315948486 879.090507507324 1044.26882553101 971.489190101624 1022.30722045898 880.215118408203 750.934448242188 842.796646118164 998.282043457031 773.437530517578 630.737838745117 739.099884033203 1032.7693939209 1109.30291748047 705.636960983276 785.101100921631 740.179172515869 884.387680053711 759.860791683197 599.630279541016 675.372703552246 720.727840423584 785.87804889679 719.81861114502 603.651138305664 1047.87857818604 1228.23608398438 771.629844665527 851.727073669434 776.494064331055 774.860122680664 601.689178466797 741.392616271973 809.035076141357 790.925048828125 894.450263977051 801.185848236084 610.546569824219 606.314224243164 411.309112548828 1244.67222595215 639.680770874023 408.988983154297 596.655685424805 627.013061523438 625.395576477051 722.076316833496 640.365844726562 875.194641113281
762.086188316345 795.166374206543 954.774600982666 1088.59367370605 982.747512817383 809.109794616699 828.411596298218 809.720283508301 732.486598968506 689.576599121094 873.773071289062 732.227401733398 944.942672729492 862.010070800781 759.223724365234 694.538360595703 782.307823181152 843.213821411133 629.204360961914 684.611324310303 648.618064880371 669.636165618896 592.047882080078 731.883163452148 694.547378540039 976.220062255859 664.766189575195 933.387802124023 749.004859924316 810.468170166016 795.580047607422 785.985466003418 799.047584533691 832.036819458008 921.277679443359 629.164154052734 788.683639526367 814.164705038071 565.277633666992 642.408683776855 545.048141479492 576.564956665039 636.113235473633 612.279586791992 523.192535400391 531.527038574219 569.056350708008 716.622013092041 930.373046875 692.519149780273
841.201366424561 834.777144432068 950.989250183105 944.79699420929 867.053882598877 764.591728210449 1269.10118103027 1130.884765625 765.159637451172 842.661224365234 719.13623046875 1311.60918617249 1028.22724533081 688.610542297363 752.658958435059 894.758285522461 845.673173904419 721.747009277344 688.832504272461 659.273529052734 615.580093383789 643.806335449219 827.72061920166 808.65983581543 972.074340820312 1076.32548522949 855.269775390625 723.350616455078 667.236755371094 594.513763427734 1442.99334716797 743.818183898926 916.975176811218 736.657386779785 871.033626556396 872.181167602539 866.358774185181 892.819652557373 888.90344619751 620.392349243164 571.112045288086 669.219318389893 1181.89060974121 552.727935791016 627.988967895508 640.554832458496 1207.93888092041 615.077011108398 555.087043762207 986.333686828613
843.695503234863 1075.1449432373 951.045564651489 922.226020812988 978.307412862778 980.353633880615 863.812273025513 912.83805847168 1332.99950027466 840.944854736328 583.618408203125 687.651837944984 469.01203918457 524.135696411133 641.934234619141 772.876113891602 529.471160888672 679.994293212891 721.145751953125 1002.97507286072 925.048355102539 1304.5696182251 1304.55184936523 807.935466766357 841.385330200195 738.701271057129 548.364364624023 513.317993164062 669.395217895508 1349.27223205566 775.738788604736 899.506720542908 619.3623046875 760.586837768555 1132.52280426025 857.893028259277 801.954071044922 573.595886230469 766.934440612793 719.511386871338 630.214416503906 606.644569396973 994.620529174805 599.20735168457 941.640731811523 777.66052532196 679.682243347168 700.03494644165 508.367370605469 1023.27645492554
974.091522216797 780.378383636475 902.763679504395 912.814071655273 798.174919128418 936.039196014404 978.842414855957 785.797950744629 1336.77750638127 1326.93286132812 614.328582763672 699.78345489502 1225.97489929199 994.711471557617 729.722717285156 626.00276184082 751.145275115967 667.028770446777 694.949615478516 659.889266967773 710.648506164551 801.07551574707 658.25846862793 657.81852722168 573.63362121582 1083.76895713806 776.668685913086 775.036502838135 653.779113769531 882.579010009766 787.625183105469 1424.49287414551 1348.13047790527 746.681518554688 599.204956054688 800.603950500488 778.648494720459 609.684051513672 705.868835449219 738.196894645691 709.461166381836 553.300201416016 854.083770751953 1701.6810836792 648.674926757812 852.709341049194 715.363658905029 657.159194946289 819.163213729858 671.043556213379
730.389755249023 1341.10841178894 1039.26819610596 733.583702087402 803.002140045166 860.120082139969 1050.78156280518 1245.95770335197 777.333770751953 730.966331481934 821.536225318909 885.840047836304 565.948150634766 892.99213218689 607.332382202148 806.668678283691 814.705467224121 752.118953704834 641.917358398438 620.520126342773 865.570853471756 676.107498168945 717.4287109375 1033.97808837891 513.632461547852 892.760131835938 1609.92636108398 1056.16696166992 1401.78858947754 718.05330657959 886.993148803711 577.771667480469 765.906944274902 856.875366210938 848.263847351074 516.784484863281 589.248107910156 689.494697570801 728.614372253418 511.978790283203 592.214660644531 605.570556640625 972.012245178223 928.145301818848 601.263534545898 620.218955993652 612.427520751953 689.05785369873 672.698753356934 1194.64703464508
749.511276245117 777.395500183105 1385.40954017639 686.17943572998 666.219055175781 818.696769714355 1482.47475814819 1083.76931762695 972.933502197266 962.53719329834 687.84912109375 1084.83109664917 1183.01397705078 1109.14924621582 883.319702148438 1041.67285919189 947.133010864258 640.088775634766 676.004737854004 686.642364501953 916.588989257812 747.785888671875 795.05891418457 652.60270690918 1226.1142578125 805.590911865234 823.389434814453 1130.75491333008 1263.27809143066 581.648864746094 970.207824707031 795.371551513672 806.598442077637 967.650245666504 831.043384552002 711.861633300781 582.331939697266 680.959571838379 585.046951293945 428.338500976562 474.523315429688 604.479873657227 809.76962852478 1019.71241760254 1312.22663879395 654.148071289062 767.977767944336 732.51957321167 820.539966583252 780.730876922607
1203.75030899048 793.062495708466 673.890350341797 646.140525817871 682.752517700195 1119.74931716919 857.069801330566 1038.06880187988 855.42700958252 905.336483001709 977.889450073242 815.484308242798 892.332778930664 1056.77025604248 869.27367401123 787.252334594727 786.583457946777 605.708358764648 526.576446533203 699.828239440918 1152.23623657227 1304.26843261719 811.906517028809 846.593856811523 528.688812255859 1053.40863037109 706.997222900391 529.403442382812 1338.79772949219 550.541412353516 851.116058349609 744.915451049805 886.217323303223 777.323257446289 594.745803833008 821.632141113281 689.279960632324 798.226305007935 661.599863052368 582.053100585938 701.429988861084 454.852615356445 728.164161682129 729.540027618408 622.851089477539 703.301907539368 632.841583251953 730.610130310059 711.119277954102 822.314919471741
741.822017669678 709.121040344238 813.989608764648 665.869659423828 718.630062103271 1095.26384210587 910.540912628174 902.233177185059 880.243274688721 859.811508178711 868.985412597656 1207.93665313721 823.568229675293 645.361175537109 1000.80574035645 607.130249023438 777.882026672363 1136.14407348633 607.695114135742 647.23991394043 1012.04495239258 655.437042236328 1134.06005859375 679.91178894043 533.557434082031 823.954986572266 1026.48107910156 1590.37072753906 811.715019226074 1096.64440917969 936.469741821289 714.408294677734 838.955795288086 985.425758361816 908.881912231445 1031.16114807129 793.382452964783 941.727783203125 981.115905761719 833.079223632812 467.318012237549 492.558746337891 545.182632446289 673.755294799805 895.906539916992 678.726593017578 761.621761322021 826.555517196655 617.624282836914 810.161336898804
632.836517333984 1064.97863769531 783.004028320312 618.799896240234 698.163040161133 769.669832229614 731.168838500977 942.590240478516 700.820159912109 1449.59083557129 626.787109375 1055.67500305176 1023.25914382935 894.924415588379 791.30687713623 873.789352416992 511.676574707031 403.990325927734 1285.94892883301 591.515701293945 768.809585571289 617.807525634766 806.636741638184 1278.38531494141 704.560424804688 659.52522277832 529.310943603516 1449.79351806641 1059.01467895508 604.573822021484 786.150329589844 1175.4423828125 1003.59013748169 889.17635679245 993.624504089355 808.340560913086 717.422477722168 761.582847595215 622.493083953857 561.536048650742 528.26868057251 519.956958770752 531.642670989037 776.33349609375 708.957897186279 625.527679443359 772.950486183167 693.293563842773 824.791744232178 722.193260192871
836.188235044479 1179.83706665039 1081.70476531982 736.68041229248 1366.19246482849 1034.03252029419 1089.96779251099 788.381355285645 660.153961181641 783.487930297852 804.464950561523 755.47053527832 761.412734985352 800.046737670898 648.863174438477 828.271406173706 957.902236938477 496.744079589844 559.908996582031 878.209419250488 677.052459716797 614.768615722656 763.115478515625 1066.94493103027 618.67626953125 728.51579284668 733.297149658203 798.050872802734 598.403625488281 876.604395866394 1138.23286437988 1233.66056251526 849.870316028595 925.373241424561 839.885547637939 941.501998901367 996.123634338379 985.11060333252 871.35758972168 765.65958404541 564.166397094727 675.403175354004 660.182857513428 687.364696502686 654.309509277344 737.864795684814 768.522552490234 712.220445632935 714.879650115967 876.833396911621
1111.37840270996 670.305839538574 892.80005645752 588.881805419922 836.765159606934 905.800285339355 859.313203811646 880.48152923584 793.114952087402 1027.60216331482 787.750335693359 575.075805664062 826.37459564209 1068.29301452637 947.7412109375 942.515502929688 686.469543457031 657.114715576172 646.599609375 837.078460693359 630.699859619141 935.245529174805 715.993423461914 687.3134765625 812.156784057617 713.745819091797 825.758026123047 744.527984619141 1601.85202026367 1606.83021068573 1324.59293365479 886.886185646057 918.850605010986 907.230060577393 929.21138381958 976.097145080566 893.265136420727 815.967620849609 796.63977432251 906.036285400391 758.854454040527 731.69807434082 599.836906433105 579.013179779053 610.025192260742 1163.72242736816 827.777462005615 858.959289550781 732.405793190002 954.059730529785
735.723190307617 631.296104431152 668.450355529785 773.754623413086 803.341781616211 1070.15398788452 688.744094848633 866.172660827637 783.314453125 903.501541137695 898.44556427002 1220.40612030029 1352.97093200684 987.837419509888 1010.96982574463 789.945732116699 757.056625366211 796.150939941406 887.084594726562 1149.69561004639 588.813751220703 726.644897460938 1018.5347442627 1168.81007385254 1001.16159820557 745.545989990234 739.207336425781 775.325904846191 827.627300262451 777.52513885498 717.357070922852 877.288005828857 680.51880645752 730.546943664551 815.024967193604 902.300189971924 882.475587844849 958.457992553711 953.859954833984 1016.16650390625 945.831748962402 734.500205993652 449.832504272461 779.966567993164 848.728248596191 972.902862548828 675.244995117188 849.57053565979 882.956300735474 762.998870849609
742.576057434082 780.138290405273 1370.76757049561 914.593254089355 1025.92073631287 995.294048309326 869.149923324585 922.29963684082 1720.13363647461 685.323310852051 1233.53289794922 662.685012817383 1288.20064544678 828.627471923828 857.451637268066 953.053909301758 866.733283996582 622.981689453125 664.159439086914 765.161483764648 620.106811523438 854.093704223633 677.954696655273 637.665908813477 648.892074584961 653.387786865234 832.244480133057 867.615762710571 808.359813690186 776.413841247559 748.066909790039 697.904441833496 857.567993164062 730.938957214355 935.815628051758 930.45255279541 963.30265045166 858.438735961914 921.464958190918 1093.11866760254 943.524345397949 690.29704284668 639.58500289917 761.310523986816 711.678207397461 1037.95365905762 961.152221679688 842.497594833374 954.35667514801 768.412191390991
810.392471313477 905.512718200684 736.236236572266 703.597259521484 731.162719726562 1219.49835205078 1586.53327941895 1020.72578430176 850.430892944336 760.708610534668 1204.17097473145 796.866325378418 885.663070678711 838.835601806641 794.781494140625 1095.81871986389 768.503372192383 847.140960693359 865.624656677246 612.113906860352 911.945617675781 715.203063964844 639.807876586914 635.916595458984 826.068605184555 825.162780761719 732.091079711914 615.502967834473 810.192733764648 804.557815551758 705.599456787109 818.397831439972 838.724309206009 818.801105499268 923.358551025391 782.254722833633 870.259895324707 919.747581481934 873.05908203125 866.706920623779 647.029296875 695.463848114014 770.024925231934 606.884687423706 628.859649658203 727.414482116699 936.529273986816 759.554681777954 808.947240829468 771.927137374878
593.703338623047 1162.23488616943 1341.10794067383 916.156958460808 1046.29733562469 748.245941162109 882.41822052002 1575.8311920166 1404.19142150879 716.842422485352 894.174850463867 1255.66492843628 931.722923278809 1108.86778259277 1037.54976654053 1139.10530090332 1074.10237503052 758.39582824707 1645.50012969971 1212.42428588867 1007.75670075417 886.905090332031 872.733648300171 730.979400634766 673.497985839844 816.920669555664 881.683791160583 696.147560119629 730.82071685791 856.514625549316 802.126350402832 889.065727233887 905.25 887.601104736328 931.002239227295 824.589465141296 881.630214691162 821.804344177246 745.932662963867 818.862297058105 873.122173309326 830.94291305542 895.42561340332 755.189998626709 718.494522094727 539.626187324524 701.948482513428 918.513290405273 1045.84748840332 979.924757003784
578.16032409668 660.987716674805 812.490051746368 1069.34354400635 1117.47378540039 846.906585693359 842.175518035889 1098.38450622559 1786.4668636322 887.995320439339 1235.42733383179 997.299964904785 972.783375740051 1032.42373657227 1065.19962310791 1214.68548583984 1017.79740905762 869.609733581543 1368.63620758057 999.590393066406 1168.04357910156 954.76201915741 991.656433105469 716.982971191406 861.470876693726 782.25708770752 830.095680236816 874.027027130127 724.425109863281 848.252208709717 885.948846817017 849.576385498047 932.175903320312 989.380386352539 830.689074516296 969.007049560547 892.54838180542 985.575347900391 999.199625015259 839.158538818359 712.494575500488 813.178039550781 872.25422668457 779.198013305664 531.820793151855 534.98356628418 725.972145080566 856.819152832031 828.999618530273 785.595695495605
