export/dem/dem37.asc
NCOLS 350
NROWS 171
XLLCORNER 152620
YLLCORNER 418050
CELLSIZE 100
NODATA_VALUE -9999
[rows 66 to 87 of 171, columns 150 to 199 of 350]
668.502883911133 654.036201477051 681.722518920898 572.574319839478 408.142593383789 516.818115234375 568.036881446838 489.316112518311 676.748313903809 598.824834823608 540.670490264893 547.24182510376 549.209812164307 585.759048461914 556.967873573303 583.020160675049 523.880111694336 731.627899169922 662.460342407227 512.439575195312 717.913635253906 746.289489746094 643.41724395752 596.048837661743 490.783416748047 585.852559089661 592.400811195374 690.824325561523 472.738639831543 576.772888183594 626.185334205627 618.820171356201 732.856506347656 533.445701599121 554.805534362793 683.395233154297 647.221656799316 692.558197021484 609.326661109924 592.434568405151 577.075954437256 522.119125366211 681.582416534424 717.01309967041 625.528100967407 559.080123901367 619.416083335876 463.906127929688 604.170944213867 595.542327880859
470.956733703613 550.313493728638 693.804458618164 666.727821350098 716.082061767578 664.246955871582 557.692625045776 594.269203186035 470.741775512695 559.351387023926 675.318580627441 520.368171691895 565.684043884277 468.21900177002 457.263565063477 620.263080596924 594.930564880371 441.355331420898 580.685520172119 713.479888916016 535.615612030029 485.888633728027 433.797866821289 537.165952682495 655.779663085938 645.901264190674 691.342475891113 618.233600616455 543.297229766846 698.758003234863 743.868179321289 585.83592414856 598.317214250565 581.714476108551 430.623733520508 622.401479721069 613.2350897789 620.347858428955 667.037452697754 689.82738494873 507.067108154297 575.54040145874 507.499031066895 814.399978637695 684.735294342041 636.371218323708 792.618957519531 620.716144561768 587.90747833252 633.65022277832
577.164487838745 635.300170898438 683.865859985352 768.988433837891 581.701511383057 586.267875671387 601.579246520996 613.85693359375 564.356922149658 717.453125 626.908790588379 595.326633453369 525.0534324646 546.769208908081 474.358116149902 647.670066833496 542.469120025635 733.360122680664 425.827789306641 527.569465637207 532.902629852295 635.317733764648 572.784716367722 599.415855407715 817.208557128906 689.069396972656 600.815944671631 669.286155700684 462.506729125977 556.96711730957 699.375038146973 621.375962257385 637.766429901123 669.639167785645 521.053352355957 575.884197235107 572.73318618536 444.767623901367 510.783782958984 604.989681243896 484.652725219727 592.733261108398 660.22713470459 562.159461975098 637.84407043457 643.409833908081 513.887100219727 597.470821380615 556.23038482666 577.171052932739
602.089485168457 627.285980224609 715.110504150391 788.11474609375 635.59455871582 637.600444793701 678.18603515625 659.165016174316 623.663623809814 654.302429199219 618.576934814453 649.840179443359 562.095517158508 455.761138916016 587.257499694824 533.943189620972 427.038917541504 560.221353530884 479.382125854492 595.584018707275 658.034759521484 520.486843109131 618.333293914795 694.673736572266 598.633684158325 646.820762634277 670.753707885742 599.340929031372 624.339027404785 643.251323699951 704.894790649414 647.330581665039 616.694267272949 649.365715026855 601.522106528282 572.96199798584 713.211242675781 620.861796379089 673.162284851074 654.445915222168 520.813438415527 616.123224258423 742.688514709473 645.142592430115 642.637147426605 531.865425109863 554.886817932129 752.863021850586 597.263025283813 607.355964660645
515.612400054932 741.5205078125 732.471069335938 726.803802490234 747.197067260742 639.583908081055 697.22135925293 557.542024612427 402.107284545898 607.026298522949 722.409301757812 581.525278091431 515.101194381714 480.225410461426 480.714042663574 567.429589748383 366.943893432617 612.504409790039 558.880676269531 520.292434692383 530.508861541748 654.154937744141 441.120132446289 788.556610107422 780.394012451172 724.461456298828 516.017734527588 630.209199905396 621.296897888184 666.25414276123 772.489562988281 694.288162231445 542.55721282959 644.465469360352 466.525192260742 456.76496887207 575.945243835449 676.257057189941 631.793678283691 628.950075149536 654.614837646484 662.563495635986 550.183391571045 576.254388809204 657.703062057495 630.355480194092 657.498119473457 616.56619644165 614.105331420898 652.27387046814
634.054252624512 638.685203552246 598.937271118164 636.251235961914 587.720985412598 670.31364440918 655.34300994873 460.799293518066 787.139801025391 570.038089752197 669.241477966309 593.452632904053 511.486484527588 524.37971496582 622.946224212646 553.77121925354 675.138877868652 611.358215332031 357.892837524414 598.679043769836 629.096393585205 600.511828899384 710.396095275879 685.775955200195 651.277221679688 643.196056365967 634.391374588013 613.645671844482 632.801891326904 627.129808425903 771.492004394531 561.21531867981 618.658893585205 606.735477745533 621.550302505493 491.343559265137 597.882839202881 618.625316619873 890.429779052734 742.207725524902 541.829669952393 678.501667022705 588.412540435791 536.400917053223 552.896995544434 558.140647888184 522.854911804199 635.700852781534 560.56441116333 726.711502075195
626.398864746094 420.734313964844 560.435012817383 628.08472442627 603.118671417236 606.016803741455 627.265998840332 575.007423400879 494.308208465576 713.030731201172 674.206809997559 624.401885986328 530.636837005615 584.580659866333 646.364273071289 576.98462677002 581.979167938232 511.832405090332 468.195770263672 485.369766235352 574.345357894897 535.304061889648 728.572113037109 574.251829147339 579.894243240356 666.465240478516 757.441635131836 598.478093147278 571.38171005249 651.84395980835 704.770202636719 746.504043579102 712.24983215332 540.339653015137 535.226974487305 657.86979675293 636.153595402837 714.967750549316 650.208793640137 588.468587875366 697.702629089355 683.275024414062 577.509756088257 496.926063537598 616.267597198486 558.859272003174 617.250683784485 612.889233589172 676.932872772217 568.145683288574
555.546748638153 619.56217956543 422.493133544922 696.474380493164 632.880882263184 583.940320968628 718.945114135742 572.208490371704 761.034423828125 601.768161773682 642.992088317871 693.161239624023 583.291763305664 555.958128929138 678.935745239258 641.604049682617 807.014633178711 557.741416931152 528.480888366699 509.358299255371 567.688911437988 604.148797035217 700.660312652588 625.450979232788 728.316696166992 698.516136169434 675.996658325195 717.310020446777 639.458686828613 483.54434967041 697.77783203125 496.986862182617 468.475738525391 581.691326141357 549.528587341309 617.566668510437 622.53352355957 663.114799499512 487.393394470215 579.030860424042 672.090774536133 588.567560017109 545.265712738037 563.134376525879 665.006134033203 605.740325927734 567.108154296875 624.658538818359 732.703651428223 588.994132995605
327.189865112305 573.498710155487 460.617729187012 502.185386657715 524.864727020264 583.85857963562 767.271820068359 549.289974689484 547.979027748108 585.572708129883 553.524521589279 636.017372131348 718.951614379883 629.447807312012 540.353952407837 660.744659423828 606.372985839844 531.26245880127 575.319200515747 567.760875701904 631.316465377808 649.062990188599 690.638751983643 583.750751495361 605.417087554932 513.108726501465 580.173868179321 576.728664398193 790.847473144531 633.104709625244 525.246528625488 714.540863037109 588.647034883499 682.224761962891 553.416748046875 646.288879394531 473.700500488281 496.86092376709 481.198928833008 675.785858154297 672.81356048584 540.454330444336 553.387115478516 582.840357780457 551.226802825928 680.077308654785 732.684906005859 637.688255310059 621.840388298035 633.324111938477
770.266571044922 607.069484710693 547.45140838623 504.285297393799 548.117715835571 658.936920166016 549.328226089478 742.58837890625 564.515986919403 544.751489639282 464.519912719727 550.944067001343 605.526149749756 575.065881252289 627.090026855469 602.511434555054 598.509330749512 573.913171768188 572.796787261963 628.602058410645 421.798034667969 573.78967666626 545.424072265625 412.025192260742 738.644088745117 583.838271617889 584.792819976807 662.584823608398 596.815147399902 677.460037231445 530.625988006592 709.639923095703 538.676136016846 687.311531066895 610.850461959839 585.74734210968 685.509475708008 587.802698016167 436.117645263672 545.660938262939 660.703983306885 677.398994445801 505.85376739502 659.779186248779 674.789283752441 499.842826843262 551.526527404785 600.27712059021 701.025360107422 634.780160903931
687.443208694458 642.178131103516 807.842258453369 929.354303836823 533.32954788208 752.799026489258 657.932834625244 660.001426696777 622.539768218994 588.734186172485 583.108543395996 543.320030212402 501.360870361328 535.336154937744 545.864273071289 592.338542938232 517.715675354004 467.348663330078 604.555191040039 578.244239807129 707.648460388184 537.490058898926 543.792747497559 454.396179199219 727.013885498047 596.168623253703 399.080184936523 709.073684692383 516.697067260742 643.03849029541 582.795864105225 666.678184509277 611.852544784546 514.037368774414 468.706825256348 586.860020637512 527.659698486328 574.095248222351 545.930290222168 650.228103637695 678.562202453613 546.320152282715 630.393459320068 720.889984130859 618.493232727051 570.737621307373 630.424709320068 545.929229736328 466.566787719727 560.348258972168
551.972505569458 743.611480712891 703.530742645264 543.747299194336 640.61404800415 684.387266159058 613.191108703613 570.387107133865 419.029556274414 534.654972076416 657.582473754883 487.126968383789 541.508411407471 504.861846923828 721.814636230469 679.903064727783 472.543426513672 609.585371017456 610.296943664551 690.063019037247 657.788553237915 627.3646068573 474.465866088867 427.695343017578 613.768585205078 703.249519348145 522.047218322754 543.685836791992 656.390930175781 685.840320587158 701.23250579834 470.850616455078 672.262550354004 572.818689346313 501.672027587891 523.301704406738 605.783560752869 579.773704528809 597.413530349731 709.741233825684 505.740013122559 686.497329711914 650.44066619873 582.181455612183 594.976944623515 514.535758972168 590.128127574921 437.311981201172 551.450359344482 619.948427200317
675.314819335938 667.825103759766 591.041244506836 646.0315284729 924.828414916992 705.396682739258 699.974189758301 551.502128601074 568.003416061401 552.668773651123 626.881088256836 570.853940963745 562.82190322876 584.512145996094 700.558448791504 569.883682250977 492.77360534668 550.705284118652 571.498550415039 693.556088447571 492.096405029297 548.744625091553 547.506622314453 519.120000839233 523.726425170898 535.164524078369 462.14111328125 548.565906524658 710.178001403809 499.813629150391 583.984344482422 756.099548339844 620.103031158447 617.550813674927 494.489410400391 644.393974304199 589.606667041779 418.824645996094 531.264499664307 608.921495437622 640.428460121155 680.492565155029 551.21692276001 502.158470153809 496.871047973633 599.722101211548 624.153018951416 525.408584594727 516.652702331543 610.584303379059
639.593719482422 390.68017578125 598.070459365845 827.856964111328 843.826766967773 702.976570129395 728.090812683105 700.693916320801 712.465995788574 659.645950317383 572.168312072754 593.552749156952 467.991561889648 521.130146026611 874.79317855835 715.863372802734 618.257396697998 703.227860212326 608.550636291504 606.779815673828 477.672576904297 676.907608032227 447.316314697266 498.91202545166 638.690494537354 686.371307373047 756.877258300781 705.2575340271 546.452018737793 604.676635742188 653.948846817017 534.409759521484 812.807846069336 802.114936828613 667.831504821777 492.76668548584 519.844482421875 676.759887695312 689.67626953125 624.767637252808 791.401947021484 654.414268493652 607.279592990875 465.654098510742 451.886932373047 518.951545715332 533.035522460938 543.52897644043 565.430652618408 520.432250976562
643.262557983398 562.449417114258 634.008163452148 894.447189331055 806.499282836914 527.969440460205 674.366470336914 609.66162109375 657.577835559845 705.600570678711 692.923362731934 625.33985710144 753.851577758789 1046.14234924316 825.409439325333 586.893508911133 629.339323043823 724.883464813232 710.044532775879 588.435958862305 569.348213195801 493.773658752441 549.15025138855 457.105667114258 616.802219390869 623.296070098877 725.92098236084 687.957553863525 811.456237792969 617.66982460022 681.7243309021 720.029586791992 705.597511291504 598.27258682251 739.930480957031 606.041616439819 504.330543518066 398.385803222656 686.982620239258 639.687103271484 611.674427986145 553.652050018311 574.991903305054 500.408988952637 551.562484741211 631.157203197479 547.925331115723 546.054557800293 681.835674285889 448.275512695312
759.012916564941 837.369369506836 578.116813659668 908.632315158844 869.427947998047 652.240324020386 590.764249801636 521.236368179321 735.38321685791 574.14826965332 620.748542785645 975.40890955925 668.855619430542 968.822204589844 981.64128112793 552.834976196289 700.43910908699 755.864902496338 688.825252532959 649.911003112793 547.222793579102 563.189498901367 527.689498901367 539.124423027039 684.691455841064 660.735440254211 718.33984375 769.707954406738 748.224723815918 743.509704589844 648.852108955383 726.474067687988 712.706756591797 853.400939941406 552.823371887207 643.975624084473 671.342670440674 611.776843070984 489.854942321777 614.627715110779 770.657745361328 563.79914855957 637.091356277466 664.273216247559 528.108428955078 694.055450439453 578.639099121094 609.766967773438 583.478275299072 588.578460693359
746.146858215332 688.685829162598 727.272842407227 927.164421081543 810.238590240479 886.126480102539 806.270347595215 872.473297119141 868.996673583984 1042.66504096985 587.425190925598 556.800853729248 516.57177734375 619.265758514404 569.301008224487 537.013469696045 577.483943939209 602.577041625977 820.006437301636 690.920007348061 612.397880554199 573.520320892334 498.026641845703 527.675506591797 739.015487670898 564.398872375488 683.475131988525 487.472320556641 541.340270996094 642.650720596313 691.56224822998 679.761177062988 714.176330566406 685.677345275879 566.323135375977 606.177417755127 652.173309326172 600.036079406738 566.066345214844 646.828731536865 675.505416870117 607.055137634277 731.768974304199 558.525115966797 765.341255187988 625.39316368103 578.136337280273 668.595216751099 631.982243537903 662.445772469044
610.256399035454 800.718536376953 601.772352218628 558.684669494629 637.638458251953 772.894004821777 589.102084159851 918.947257995605 775.315368652344 952.021408081055 509.537525177002 362.749954223633 481.14771270752 385.057014465332 578.329933166504 416.258777618408 454.474502563477 537.653938293457 678.348511219025 985.496673583984 433.154602050781 485.237537384033 463.517944335938 505.527935028076 692.511093139648 615.014068603516 665.059884548187 603.634078979492 793.86653137207 557.548950195312 600.217825889587 529.586471557617 727.019989013672 788.730499267578 496.03581237793 479.606826782227 641.072677612305 379.685333251953 283.996551513672 531.824722290039 526.964622497559 599.70224571228 643.413655042648 579.806510925293 500.541046142578 633.565580368042 626.93176651001 627.901615142822 628.432842254639 646.439321517944
731.648132324219 524.994071960449 498.153228759766 315.19312286377 472.336708068848 628.648376464844 536.020248413086 764.238708496094 915.950103759766 734.843643188477 688.995422363281 424.695648193359 786.801124572754 481.564483642578 661.419464111328 735.419639587402 418.146949768066 535.434502601624 579.655921459198 918.065528869629 781.250129699707 422.816818237305 761.831161499023 610.696762084961 727.808624267578 643.900472640991 581.222557067871 550.4052734375 709.912254333496 603.954881668091 550.77409362793 691.788917541504 507.174499511719 520.875396728516 628.809927940369 598.168296813965 657.354965209961 666.782455444336 574.785915374756 497.675354003906 644.041631937027 677.761779785156 680.325305938721 730.12622833252 749.20295715332 785.924758911133 724.905891418457 717.238338470459 625.489688873291 669.101234436035
559.172096252441 547.723327636719 706.38158416748 704.585266113281 778.0537109375 743.878051757812 613.650161743164 728.490608215332 921.079818725586 678.275436401367 760.402267456055 604.426696777344 829.162284851074 588.007629394531 631.96590423584 671.046531677246 583.213356018066 623.351855993271 605.413200378418 904.927711486816 745.607833862305 594.911674499512 724.522485733032 551.040065765381 949.55997467041 706.219743728638 737.304611206055 679.755107879639 583.139156341553 455.202514648438 515.333988189697 653.975805282593 652.33332824707 690.943450927734 532.958000183105 614.633144378662 613.135127067566 660.775550842285 659.733074188232 716.845840454102 629.039247512817 635.253519058228 502.952285766602 690.87273979187 647.632362365723 706.465999603271 660.839859008789 558.132835388184 713.582622528076 619.654216766357
648.959808349609 621.919288635254 839.424522399902 727.230298995972 -9999 -9999 -9999 -9999 -9999 -9999 -9999 -9999 -9999 -9999 -9999 687.830936431885 647.860763549805 654.183082580566 641.09122467041 697.41081237793 696.377346038818 835.895599365234 589.806468963623 449.139820098877 774.739227294922 547.612861633301 992.201923370361 797.735977172852 591.749336242676 983.976652145386 525.691184997559 738.815399169922 651.432168960571 574.818946838379 641.774063110352 622.593359947205 655.347372055054 855.56233215332 719.837814331055 665.073486328125 727.043159484863 736.217514038086 867.618637084961 720.232028961182 662.420083522797 691.313522338867 705.455099105835 747.942665100098 727.156593322754 691.441051483154
-9999 -9999 -9999 -9999 -9999 -9999 -9999 -9999 -9999 -9999 -9999 -9999 -9999 -9999 -9999 -9999 -9999 -9999 701.534967422485 835.021423339844 773.283550262451 722.898204803467 705.565113067627 651.674936294556 699.413383483887 455.152633666992 656.368572235107 770.917922973633 671.374851226807 636.315292358398 600.398502349854 1001.1051902771 680.330951690674 654.96084022522 520.849685668945 645.833358049393 623.118734359741 840.751510620117 607.124942779541 756.544639587402 755.263385772705 739.766540527344 723.510810852051 802.998062133789 770.4384765625 688.254741668701 685.417823791504 701.869512557983 731.87223815918 834.125640869141
