export/dem/dem35.asc
NCOLS 350
NROWS 171
XLLCORNER 152620
YLLCORNER 418050
CELLSIZE 100
NODATA_VALUE -9999
[rows 110 to 131 of 171, columns 300 to 349 of 350]
857.555130004883 817.748908996582 859.380455970764 853.792358398438 742.199180603027 899.481399536133 923.792015075684 976.359958648682 910.554382324219 548.997406005859 654.039123535156 707.647018432617 1528.00262451172 692.507751464844 652.022247314453 679.570663452148 1325.83363342285 714.419967651367 1066.69241333008 -9999 -9999 -9999 -9999 -9999 -9999 -9999 -9999 -9999 -9999 -9999 -9999 -9999 -9999 -9999 -9999 -9999 -9999 -9999 -9999 -9999 -9999 -9999 -9999 -9999 -9999 -9999 -9999 -9999 -9999 -9999
678.514205932617 649.640777587891 603.026611328125 636.078842163086 669.850624084473 873.301963806152 1425.17269897461 1358.83056640625 762.972282409668 747.007911682129 1321.65399169922 467.771759033203 891.579208374023 698.31510925293 801.208106994629 805.273483276367 775.888610839844 1182.97094726562 1019.57833862305 -9999 -9999 -9999 -9999 -9999 -9999 -9999 -9999 -9999 -9999 -9999 -9999 -9999 -9999 -9999 -9999 -9999 -9999 -9999 -9999 -9999 -9999 -9999 -9999 -9999 -9999 -9999 -9999 -9999 -9999 -9999
673.97607421875 735.483703613281 924.079811096191 744.27965927124 715.582725524902 819.689565658569 784.990707397461 986.219985961914 765.160789489746 1579.65348815918 999.819763183594 587.734741210938 796.166439056396 981.23877620697 613.272583007812 1130.41394042969 750.188323974609 1101.86730957031 1805.43549346924 864.392364501953 -9999 -9999 -9999 -9999 -9999 -9999 -9999 -9999 -9999 -9999 -9999 -9999 -9999 -9999 -9999 -9999 -9999 -9999 -9999 -9999 -9999 -9999 -9999 -9999 -9999 -9999 -9999 -9999 -9999 -9999
670.309768676758 808.627506256104 711.472793579102 995.967407226562 815.700841903687 889.622894287109 815.035764694214 862.281181335449 928.155603408813 2250.25165557861 878.713935852051 803.045867919922 703.90625 1223.98317337036 1263.83694458008 963.591827392578 845.446868896484 768.716339111328 1048.4476852417 1337.15934753418 1105.9700012207 -9999 -9999 -9999 -9999 -9999 -9999 -9999 -9999 -9999 -9999 -9999 -9999 -9999 -9999 -9999 -9999 -9999 -9999 -9999 -9999 -9999 -9999 -9999 -9999 -9999 -9999 -9999 -9999 -9999
861.130466461182 880.269382476807 890.439891815186 872.249885559082 739.961029052734 709.241088867188 806.145980834961 812.208053588867 789.609565734863 1260.5521697998 822.812286376953 927.748687744141 861.672286987305 1024.1593170166 635.575988769531 731.675033569336 612.920150756836 819.074081420898 942.721298217773 857.526596069336 794.563873291016 -9999 -9999 -9999 -9999 -9999 -9999 -9999 -9999 -9999 -9999 -9999 -9999 -9999 -9999 -9999 -9999 -9999 -9999 -9999 -9999 -9999 -9999 -9999 -9999 -9999 -9999 -9999 -9999 -9999
901.553077697754 784.643577575684 930.658050537109 851.10033416748 779.67610168457 689.271614074707 777.651018619537 855.483589172363 580.668014526367 951.098754882812 1357.98421478271 728.028823852539 834.01216506958 1210.58866119385 764.668769836426 813.422500610352 1160.91792297363 885.648498535156 795.147277832031 732.01407623291 654.837890625 642.03125 -9999 -9999 -9999 -9999 -9999 -9999 -9999 -9999 -9999 -9999 -9999 -9999 -9999 -9999 -9999 -9999 -9999 -9999 -9999 -9999 -9999 -9999 -9999 -9999 -9999 -9999 -9999 -9999
747.963066101074 772.47939491272 1065.46926879883 1101.34182548523 771.43515586853 708.323352813721 1266.49695968628 625.0322265625 844.86381149292 1092.78204345703 1160.79851531982 1400.80572509766 986.454641342163 1095.13983535767 731.576766967773 786.794281005859 1255.38949584961 1163.28746795654 622.762466430664 863.809343665838 859.94588470459 784.096221923828 988.381359100342 -9999 -9999 -9999 -9999 -9999 -9999 -9999 -9999 -9999 -9999 -9999 -9999 -9999 -9999 -9999 -9999 -9999 -9999 -9999 -9999 -9999 -9999 -9999 -9999 -9999 -9999 -9999
805.241912841797 673.218296051025 880.986145019531 937.848072052002 1224.06935119629 1331.51783370972 717.575561523438 691.09309387207 721.995826721191 777.971267700195 983.556350708008 781.49658203125 1109.78477478027 1358.9726588726 932.413909912109 938.218795776367 1013.16900634766 769.941703796387 866.590084075928 779.853736877441 909.204134702682 710.891265869141 1028.94820404053 -9999 -9999 -9999 -9999 -9999 -9999 -9999 -9999 -9999 -9999 -9999 -9999 -9999 -9999 -9999 -9999 -9999 -9999 -9999 -9999 -9999 -9999 -9999 -9999 -9999 -9999 -9999
745.853256225586 699.668996810913 845.937961578369 810.452201843262 990.125426292419 786.247362136841 745.255416870117 891.911773681641 656.124313354492 820.651522636414 879.929363250732 641.457508087158 858.76953125 876.112926483154 870.107215881348 991.765151977539 611.081817626953 825.943344116211 931.162162780762 826.084911346436 883.663631439209 917.858703613281 827.048934936523 858.37525177002 -9999 -9999 -9999 -9999 -9999 -9999 -9999 -9999 -9999 -9999 -9999 -9999 -9999 -9999 -9999 -9999 -9999 -9999 -9999 -9999 -9999 -9999 -9999 -9999 -9999 -9999
989.350112915039 917.274383544922 691.924964904785 753.285037994385 1057.83950614929 802.089855194092 597.067504882812 649.624526977539 672.286430358887 683.10221862793 835.824394226074 757.761436462402 744.241088867188 1086.01001155376 1032.13595581055 771.62255859375 939.716598510742 858.5407371521 1029.58122253418 859.883834838867 974.411712646484 948.473468780518 843.276531219482 967.247631072998 914.992153167725 -9999 -9999 -9999 -9999 -9999 -9999 -9999 -9999 -9999 -9999 -9999 -9999 -9999 -9999 -9999 -9999 -9999 -9999 -9999 -9999 -9999 -9999 -9999 -9999 -9999
1196.59190368652 1858.0712890625 1034.97512054443 1040.32476806641 1159.76914978027 892.937217712402 724.034706115723 776.1237449646 749.96310043335 1298.82611083984 707.856895446777 623.827972412109 697.878463745117 1101.01432418823 888.717098236084 1482.30571001768 964.942764282227 790.088865280151 986.614067077637 973.916839599609 732.514984130859 1027.46321105957 916.5434871912 849.719741821289 979.588150024414 1106.39488220215 -9999 -9999 -9999 -9999 -9999 -9999 -9999 -9999 -9999 -9999 -9999 -9999 -9999 -9999 -9999 -9999 -9999 -9999 -9999 -9999 -9999 -9999 -9999 -9999
1066.58423614502 968.274345397949 1471.16145324707 959.027015686035 1400.85070228577 1505.75927734375 1144.83250379562 803.801292419434 719.22998046875 819.325927734375 648.69010925293 662.285095214844 721.294647216797 749.449214935303 1258.89024353027 932.338714599609 911.555206298828 940.250144958496 825.856454014778 941.493728637695 770.737236022949 720.968368530273 855.30029296875 637.038299560547 942.198707580566 998.500831604004 -9999 -9999 -9999 -9999 -9999 -9999 -9999 -9999 -9999 -9999 -9999 -9999 -9999 -9999 -9999 -9999 -9999 -9999 -9999 -9999 -9999 -9999 -9999 -9999
1111.82935333252 1037.17878723145 1322.10411071777 1151.8374786377 972.160522460938 1496.07123565674 1349.721534729 1027.54486083984 985.549942016602 1286.60097122192 907.85075378418 978.768325805664 842.331027984619 868.603162765503 927.187278747559 755.001449584961 754.375950813293 861.07926940918 843.167330741882 894.810146331787 929.427936553955 976.039276123047 819.42799949646 914.820404052734 1069.22749328613 1025.82649993896 903.37859249115 -9999 -9999 -9999 -9999 -9999 -9999 -9999 -9999 -9999 -9999 -9999 -9999 -9999 -9999 -9999 -9999 -9999 -9999 -9999 -9999 -9999 -9999 -9999
1287.94914245605 983.692138671875 899.451211929321 935.567541122437 923.59183883667 1274.68053436279 1379.13552093506 1002.09101867676 879.53483581543 821.279922485352 806.854847431183 714.607772827148 907.866619110107 753.953353881836 982.267272949219 756.136924743652 856.791999816895 765.639142990112 690.751174926758 885.681186676025 698.64778137207 710.565292358398 893.845481872559 874.593502044678 818.077043533325 801.960678100586 1072.96246337891 979.121162414551 -9999 -9999 -9999 -9999 -9999 -9999 -9999 -9999 -9999 -9999 -9999 -9999 -9999 -9999 -9999 -9999 -9999 -9999 -9999 -9999 -9999 -9999
978.729234814644 1022.43730163574 866.451944351196 1095.563621521 932.554237365723 1004.39744567871 1438.61231231689 1015.48577880859 799.010345458984 897.288873672485 820.539053440094 925.682205200195 757.611976623535 829.620478630066 691.360534667969 789.353820800781 839.102634429932 780.893858909607 920.504898071289 793.918166160583 730.735130310059 750.456718444824 836.667464256287 935.849945068359 948.057182312012 954.356834411621 1111.99630737305 1004.96187591553 994.901985168457 -9999 -9999 -9999 -9999 -9999 -9999 -9999 -9999 -9999 -9999 -9999 -9999 -9999 -9999 -9999 -9999 -9999 -9999 -9999 -9999 -9999
896.731502532959 852.437749862671 871.081129074097 997.773132324219 1601.32238769531 1052.75622940063 1195.00359344482 1055.97961425781 1054.75750732422 820.405532836914 868.323574066162 853.070106506348 834.826181411743 857.358085632324 859.064384460449 940.625625610352 634.502059936523 791.360500335693 855.48148226738 848.84232711792 749.565071105957 728.533203125 937.200782775879 893.279499053955 850.88508605957 1008.89305114746 877.462984085083 928.83069229126 860.829243659973 -9999 -9999 -9999 -9999 -9999 -9999 -9999 -9999 -9999 -9999 -9999 -9999 -9999 -9999 -9999 -9999 -9999 -9999 -9999 -9999 -9999
930.991386413574 994.67113494873 1626.41592407227 1353.45778465271 1027.44886016846 883.353393554688 1496.39133071899 1092.50478363037 1446.01109313965 1058.40005111694 778.347202301025 747.604125976562 804.154178619385 713.29727935791 777.253974914551 837.930141448975 783.376693725586 706.621734619141 870.163170814514 727.107551574707 751.333862304688 776.304752349854 714.421859741211 762.915809631348 716.514717102051 854.783203125 827.887767791748 885.228759765625 971.164245605469 996.832641601562 -9999 -9999 -9999 -9999 -9999 -9999 -9999 -9999 -9999 -9999 -9999 -9999 -9999 -9999 -9999 -9999 -9999 -9999 -9999 -9999
997.418899536133 1011.15116882324 1102.45819091797 1656.92641448975 1984.13113975525 995.355621337891 1198.08128356934 1066.81553459167 1434.02416992188 1036.75917053223 829.974849700928 780.170215606689 840.008749008179 889.603820800781 740.738101959229 716.805732727051 861.134841918945 728.724376678467 910.617860794067 739.294513702393 865.809196472168 836.883020401001 907.257659912109 640.863525390625 841.757955551147 921.779273986816 892.30078125 913.188495635986 933.198497772217 884.418090820312 800.131534576416 -9999 -9999 -9999 -9999 -9999 -9999 -9999 -9999 -9999 -9999 -9999 -9999 -9999 -9999 -9999 -9999 -9999 -9999 -9999
807.999084472656 976.39030456543 840.704399108887 1334.29639053345 1490.4751739502 1200.33679199219 1459.77230262756 1130.52098274231 1057.99561500549 990.357168197632 1050.84560012817 983.293082237244 1065.25022506714 1096.67551422119 904.540634155273 842.736873626709 937.540748596191 780.620849609375 892.868522644043 910.60990524292 905.48690032959 954.046844482422 868.58549785614 726.481246948242 895.379726409912 952.27116394043 824.66796207428 888.105801582336 759.049514770508 908.379867553711 946.416976928711 -9999 -9999 -9999 -9999 -9999 -9999 -9999 -9999 -9999 -9999 -9999 -9999 -9999 -9999 -9999 -9999 -9999 -9999 -9999
1434.31893920898 976.045711517334 848.334655761719 1315.14385223389 1142.64791107178 1442.84548187256 1469.26403808594 1153.65494155884 1869.66000366211 1455.25006103516 1173.24966812134 1113.45215606689 1088.25152587891 1723.64133453369 1022.75422668457 926.39953994751 823.495839118958 858.70080947876 806.699855804443 929.74715423584 973.625602722168 1091.20385742188 919.502513885498 1033.80111694336 908.065628051758 905.330615997314 760.937744140625 930.85705947876 858.174026489258 781.924251556396 890.122848510742 882.252959012985 -9999 -9999 -9999 -9999 -9999 -9999 -9999 -9999 -9999 -9999 -9999 -9999 -9999 -9999 -9999 -9999 -9999 -9999
1053.52750396729 863.886924743652 953.347599029541 1136.27721405029 970.123825073242 1344.20959472656 1511.48717498779 1386.83420562744 1398.7692565918 1409.23763656616 1372.86127471924 1078.92183685303 1121.85406112671 1357.20365524292 902.983665466309 991.263233184814 995.861106872559 794.272087097168 944.658805847168 862.512016296387 1006.80494689941 850.162088394165 825.633590698242 966.708389282227 874.698043823242 730.735359191895 855.96917963028 977.623947143555 878.796070098877 633.105880737305 718.551071166992 594.510955810547 829.900802612305 -9999 -9999 -9999 -9999 -9999 -9999 -9999 -9999 -9999 -9999 -9999 -9999 -9999 -9999 -9999 -9999 -9999
984.215980529785 944.53369140625 1366.80385351181 933.539408802986 904.196796417236 1169.29711151123 1211.82862854004 1133.11150932312 1471.47833251953 1432.75051116943 1257.49506568909 1159.72555923462 1146.13916778564 1054.42123603821 953.341449975967 1038.6102180481 976.481639862061 895.589279174805 930.201377868652 1101.57723999023 946.126159667969 867.091194152832 781.773796081543 1094.10807800293 992.269584655762 730.708251953125 722.462028503418 860.649544715881 772.334777832031 763.049694061279 830.796081542969 787.81827545166 740.475357055664 -9999 -9999 -9999 -9999 -9999 -9999 -9999 -9999 -9999 -9999 -9999 -9999 -9999 -9999 -9999 -9999 -9999
