export/dem/dem37.asc
NCOLS 350
NROWS 171
XLLCORNER 152620
YLLCORNER 418050
CELLSIZE 100
NODATA_VALUE -9999
[rows 66 to 87 of 171, columns 50 to 99 of 350]
533.216879844666 457.969188690186 489.209030151367 435.718717575073 429.191576957703 619.579376220703 395.395906448364 312.339881896973 374.014709472656 311.891525268555 424.571895599365 229.947441101074 395.470596313477 310.575035095215 266.381134033203 308.666595458984 293.108791351318 338.216665267944 386.782444000244 439.896011352539 217.511901855469 391.326659202576 389.595863819122 474.120506286621 431.886135101318 434.420642852783 588.290954589844 362.256338119507 415.031520843506 278.183090209961 248.065353393555 436.881355285645 297.581436157227 380.444772720337 304.878280639648 312.639602661133 207.305908203125 480.989768981934 414.223217010498 523.054832458496 417.833875656128 411.037622451782 417.867746353149 410.024475097656 405.895404815674 591.497329711914 511.764419555664 533.969200134277 512.14533996582 496.499393463135
434.612251281738 609.104042053223 559.528671264648 503.129398345947 465.884841918945 434.098285675049 536.28157043457 543.506805419922 287.094177246094 335.161499023438 252.628021240234 278.94278717041 432.273887634277 343.123096466064 363.435564041138 473.883941650391 334.801809132099 351.649768829346 401.555229187012 232.896057128906 262.889694213867 467.142562866211 532.292282104492 503.283615112305 437.388557434082 456.84529876709 387.277542829514 261.658195495605 297.202453613281 321.717777252197 256.453025817871 333.500228881836 347.472473144531 321.55933380127 405.78791809082 261.560562133789 535.649284362793 433.921649932861 334.605361938477 430.993299484253 357.112327575684 278.875183105469 452.577036857605 328.066711425781 424.809705734253 521.853988647461 286.214050292969 359.462455749512 333.863861083984 446.025415420532
483.197889328003 536.153270721436 416.35657119751 596.731475830078 365.116973876953 519.506576538086 367.182548522949 316.824398040771 391.86492729187 367.9202709198 292.46838760376 279.970710754395 294.0657081604 151.450622558594 266.355613708496 400.083381652832 598.904113769531 392.246688842773 462.971923828125 259.026077270508 371.756809949875 421.128700256348 491.840126037598 384.823862075806 340.893146514893 618.713653564453 326.194370269775 412.828055858612 347.315734863281 439.963111877441 383.576850891113 448.981472015381 433.542747497559 484.718254089355 405.903905153275 405.23262655735 436.999675750732 440.492073059082 463.479587554932 345.919960021973 361.652904510498 407.674583435059 429.6413230896 467.005054473877 484.140491485596 419.822116851807 478.113935470581 442.106446266174 454.503857374191 492.806613922119
394.626541137695 445.020881652832 412.327465057373 440.513212203979 328.039505004883 249.917282104492 410.552543640137 283.211952209473 278.020606994629 150.334045410156 257.826866149902 269.997764587402 333.048835754395 273.113014221191 140.104934692383 420.404708862305 376.216104626656 357.06339263916 405.521545410156 400.344354629517 338.230304718018 374.174701690674 401.876037597656 345.466983795166 451.818538665771 453.276298522949 436.160152435303 460.755729675293 322.954833984375 464.615875244141 342.584968566895 464.336227416992 450.353179931641 406.513644218445 422.915245056152 321.022117614746 376.221347808838 351.692646026611 345.347885131836 379.666145324707 319.22469329834 395.290340423584 424.216438293457 426.975624084473 363.384071350098 447.728275299072 439.041318893433 497.015060424805 493.83939743042 458.871307611465
374.335021972656 424.789699554443 294.777694702148 284.557647705078 359.964931488037 304.862602233887 373.403869152069 191.135589599609 376.137557983398 286.051795959473 261.886207580566 407.048370361328 343.743263244629 376.961626052856 244.516319274902 403.748474121094 396.680295944214 253.345108032227 533.652435302734 360.922118186951 361.923557281494 301.757476806641 391.039667129517 413.65478515625 385.457902908325 475.980819702148 390.600081443787 467.208381652832 234.485000610352 378.328567504883 554.477645874023 414.014188766479 374.787712097168 296.02628326416 387.4545545578 366.78484916687 412.201831817627 362.076965332031 332.429260253906 577.442565917969 509.615180969238 436.563468933105 422.955874443054 432.553813934326 445.407202720642 345.921875 469.991832733154 485.108219146729 325.180511474609 437.961576461792
320.491920471191 376.494400024414 442.872817993164 361.830310821533 352.01118850708 407.536666870117 308.964263916016 308.275005340576 343.219734668732 453.709289550781 395.125967025757 351.781809329987 290.086357116699 282.320526123047 437.005235671997 532.482498168945 371.90394115448 132.540084838867 284.356323242188 344.051769256592 412.70251750946 310.478607177734 318.27815246582 297.67064666748 304.989532470703 386.993925094604 325.917182922363 457.528617858887 438.115997314453 384.826908230782 350.887508392334 374.646745681763 422.361656188965 337.81175994873 383.14368057251 406.689477920532 302.051574707031 394.979461669922 427.627555370331 339.60440826416 419.457883834839 454.095909118652 409.166156768799 546.954414367676 411.126224517822 481.452672958374 407.242504119873 367.02001953125 287.262802124023 316.611694335938
467.274343490601 346.408630371094 361.125694274902 365.040966033936 396.437847137451 405.340167999268 278.993530273438 467.413185119629 370.264766693115 288.858337402344 268.810821533203 441.949157714844 335.064153671265 377.595879554749 280.139801025391 438.640434265137 415.752178192139 349.886062145233 211.11003112793 311.890586853027 283.674285888672 378.613574504852 282.803443908691 483.822021484375 387.200878143311 443.175987243652 313.736557006836 466.396011352539 439.632717132568 394.739371776581 375.854817390442 343.165103912354 583.120086669922 478.68302154541 398.12340092659 249.750640869141 463.4411277771 435.6781437397 386.890310287476 404.851482391357 376.700256347656 465.572822570801 470.830181121826 579.152908325195 447.79861164093 304.400527954102 514.073303222656 433.046604156494 354.797782897949 456.117252349854
203.028305053711 359.520458221436 336.892059326172 180.349868774414 421.032299041748 311.907230377197 297.087295532227 454.118209838867 164.363265991211 298.774936676025 498.137939453125 515.173553466797 400.224273681641 453.857536315918 493.30078125 478.752349853516 297.877388000488 297.297622680664 461.041915893555 361.465923309326 338.605428695679 333.280651092529 262.764785766602 320.437755584717 432.248489379883 334.651821136475 423.391296386719 355.794016838074 417.689422607422 610.217239379883 437.243301391602 536.900726318359 457.005798339844 471.847442626953 297.0830078125 376.274154663086 502.445289611816 521.84578704834 350.419639587402 410.905874252319 624.358993530273 470.481786727905 543.820083618164 326.28857421875 396.353149414062 456.532392501831 384.988700866699 564.300491333008 352.452880859375 401.61434173584
417.552446365356 346.728385925293 215.309127807617 439.299221038818 366.046165645123 448.077461242676 413.867008209229 531.575225830078 272.578102111816 348.115005493164 508.693832397461 306.703014373779 328.598699569702 510.699234008789 355.193032592535 350.152801513672 239.18359375 294.508781433105 235.620086669922 297.473098754883 444.182640075684 429.26256942749 397.790266036987 367.470072746277 307.614219665527 410.616451263428 341.577686309814 326.504093170166 324.499866485596 417.678176879883 475.893096923828 339.973243713379 337.6428565979 406.53177011013 359.842594146729 372.545197486877 384.156286239624 435.745224952698 559.58585357666 441.798320770264 500.976535797119 530.318183898926 577.281433105469 592.233131408691 519.996562957764 406.26309967041 575.163070678711 402.124282836914 585.05396270752 509.764101028442
572.940902709961 420.401455879211 519.18985748291 474.474712371826 401.569026947021 308.642601013184 387.672540664673 262.747909545898 352.63968372345 325.394412994385 305.849437713623 173.31755065918 342.032744407654 245.539016723633 387.802339553833 347.484359741211 409.926095962524 232.981201171875 327.739158630371 379.614463806152 600.988357543945 447.551086425781 383.393674850464 555.769165039062 301.983779907227 374.150766551495 482.903846740723 275.035987854004 451.022552490234 500.483276367188 308.612953186035 364.944341659546 342.681880950928 517.093040466309 371.558967590332 540.778816223145 403.942041397095 396.453685760498 472.361070632935 417.171058654785 582.013946533203 435.532676696777 491.882536888123 555.872085571289 601.597747802734 586.916145324707 345.704360961914 416.249382019043 454.344268798828 875.576333045959
559.870384216309 401.870887756348 434.245304107666 522.072006225586 453.506736755371 380.861946582794 424.510082244873 351.205348968506 208.8798828125 150.685775756836 251.30078125 200.316360473633 284.393577575684 478.225769042969 404.570362091064 381.841997146606 316.634399414062 462.668273925781 461.131141662598 413.696960449219 432.371063232422 497.644668579102 313.705467224121 427.803833007812 308.58141708374 407.80696105957 191.84797668457 350.965930938721 311.368133544922 527.966400146484 434.777568817139 420.615087509155 572.021835327148 460.840660095215 534.304100036621 490.067794799805 406.645427703857 530.900505065918 611.221466064453 418.043674468994 284.729690551758 552.323181152344 635.497146606445 508.396339416504 562.805236816406 453.906303405762 652.721757888794 931.660190582275 506.224411010742 648.560191631317
462.94807434082 492.124425888062 248.70987701416 463.862922668457 527.212406158447 514.114234924316 303.461364746094 424.294502258301 301.849086761475 385.524411201477 548.659156799316 232.592849731445 314.874069213867 474.958564758301 390.229541778564 386.758865356445 330.377243041992 427.588119506836 451.17253112793 377.619968414307 346.758279800415 383.542316436768 390.930267333984 340.267547607422 365.373898506165 306.164588928223 396.095739364624 468.015426635742 543.150924682617 441.451393127441 530.740173339844 584.58740234375 486.467758178711 394.144488811493 449.143157958984 396.939281463623 671.349914550781 613.571136474609 371.906280517578 579.175415039062 389.663429260254 538.956455230713 346.187789916992 531.261436462402 486.629474639893 689.75671005249 581.842841148376 745.856754302979 480.166358709335 623.167930603027
439.441360473633 357.912658691406 305.137838363647 383.605709075928 476.077476501465 380.464037895203 338.079177856445 410.720529556274 537.516464233398 401.30571937561 466.868301391602 469.247802734375 496.582656860352 403.9377784729 439.725593566895 412.221496582031 306.787059783936 455.114967346191 262.095367431641 324.796073913574 306.014366149902 231.107833862305 507.662017822266 355.188982009888 272.061401367188 355.522300720215 445.995193481445 557.781524658203 411.762605667114 495.550720214844 568.387191772461 465.335166931152 341.032485961914 459.025295257568 265.967636108398 455.416381835938 575.953872680664 485.735122680664 479.357336997986 450.488288879395 390.889846801758 493.850339889526 580.201568603516 778.195415496826 616.667720794678 743.951370239258 637.811233520508 514.517078399658 664.378623962402 671.360551834106
388.89412689209 469.322631835938 335.428373992443 423.270215988159 491.531009674072 496.1083984375 502.420028686523 390.045345306396 404.085552215576 388.981967926025 390.62091255188 500.063201904297 503.257400512695 422.702476501465 394.787078857422 419.602642059326 300.6806640625 400.204986572266 334.808452606201 280.33422088623 274.341110229492 432.163352966309 299.559364318848 258.869316101074 418.575699329376 399.890661239624 467.828651428223 472.162506103516 333.100456237793 367.132801055908 540.091537475586 558.65185546875 449.496162414551 501.293846130371 493.193733215332 568.265960693359 422.527374267578 356.211837768555 457.023717880249 412.574989318848 514.629384994507 504.816202163696 838.239850997925 674.122840881348 606.396517813206 542.792526245117 681.742485046387 561.470206260681 572.078470230103 621.452255249023
521.987042427063 307.62629699707 445.288368225098 515.356483459473 479.062980651855 539.288848876953 363.954965829849 392.48218536377 480.543350219727 459.381126403809 515.148864746094 542.421401977539 633.251739501953 381.440408706665 570.490493774414 538.522171020508 349.267889022827 360.339838027954 409.258472442627 424.215682983398 409.301891326904 418.75260925293 297.619338989258 283.565315246582 401.495313644409 420.923189163208 299.465301513672 306.222290039062 425.985500335693 460.238868713379 480.38151550293 463.173252105713 472.177223205566 293.930480957031 576.194862365723 441.81227684021 419.739910125732 404.055465698242 531.742282867432 565.628074645996 581.220127105713 586.112314224243 806.17133140564 482.250709533691 568.346157073975 414.865684509277 603.116529464722 490.069980621338 610.906478881836 457.342620849609
347.384154677391 444.38688659668 428.366958618164 368.67951965332 412.306648254395 585.267028808594 481.832931518555 340.528496742249 267.131439208984 273.983016967773 434.449577331543 288.876865386963 384.424149513245 391.648838043213 373.758478164673 302.901386260986 343.09580039978 447.1982421875 470.198524475098 375.672030925751 277.351005554199 308.977794647217 192.094696044922 311.666984558105 403.662223815918 345.132312774658 398.381792068481 394.828369140625 616.949188232422 540.568908691406 508.637664794922 503.813278198242 569.08544921875 548.943778991699 469.491453170776 470.041041374207 496.770733356476 571.378280639648 422.113990783691 611.722864151001 1053.69515991211 625.735504150391 819.721908569336 757.850299835205 516.867680549622 449.684368133545 480.622426986694 454.755687713623 495.41597366333 488.274339675903
446.901840209961 284.893177032471 437.99634552002 467.781051635742 459.88330078125 336.935928344727 335.733459472656 478.553405761719 440.806747436523 525.425888061523 328.324853897095 345.570161581039 286.260589599609 334.979904174805 331.674654006958 392.362594604492 402.543357849121 277.303649902344 378.576606750488 268.488525390625 352.450847625732 363.831996917725 363.840366363525 348.079036712646 336.519908905029 355.141708374023 642.935806274414 581.416107177734 505.986404418945 343.63427734375 391.190525054932 389.771556854248 435.529767990112 467.485347032547 464.548505783081 395.41625213623 498.086662769318 697.634071350098 743.048705101013 758.946472167969 667.721176147461 619.181304931641 620.865707397461 591.914176940918 656.397613525391 589.73575592041 488.027846336365 418.546737670898 402.701118469238 441.973236083984
447.824699401855 251.558563232422 375.582569122314 246.376564025879 389.502738952637 407.097290039062 451.775726318359 199.801803588867 327.02986240387 269.38011932373 366.56932258606 182.178146362305 363.323841094971 334.975252151489 417.835311889648 348.549147129059 498.32861328125 401.497856140137 369.408661842346 326.44506072998 271.473129272461 428.057552337646 342.152170181274 345.454574584961 561.373397827148 385.037098407745 630.013946533203 444.933996200562 406.276518344879 364.368625640869 436.323211669922 400.56071472168 358.275177001953 409.277503967285 410.141723632812 608.868041992188 460.288360595703 716.32018661499 791.232406616211 490.555679321289 594.306289672852 581.591575622559 555.104789733887 519.716766357422 476.719612121582 656.52335357666 540.051460266113 630.344011306763 732.563690185547 688.633888244629
339.217407226562 435.870948791504 350.815460681915 272.441402435303 450.083671569824 454.664131164551 252.130897521973 335.522945404053 263.63060760498 266.83415222168 354.411640167236 203.476043701172 342.30867767334 353.878111362457 521.504379272461 388.349170684814 217.058151245117 393.576812744141 456.550720214844 343.729656219482 252.008171081543 295.77360534668 398.088611602783 345.453392028809 328.135765075684 420.324521064758 447.344005584717 302.047080993652 502.897987365723 557.218780517578 452.3727684021 451.609029769897 459.150665283203 458.488845825195 551.778633117676 455.622947692871 627.368141174316 562.500862121582 539.6357421875 599.673118591309 563.277694702148 494.232654571533 655.246284484863 551.30485534668 655.209035873413 590.418193817139 479.547882080078 698.773597717285 686.633602142334 605.651344299316
365.141418457031 492.235260009766 361.359937667847 305.950614929199 309.693241119385 369.090703964233 352.6330909729 259.77201461792 341.365608215332 346.351810455322 186.21858215332 355.595596313477 265.392166137695 355.133764982224 340.178301811218 357.008786814287 424.474243164062 367.516669273376 290.656341552734 308.430591583252 421.942958831787 461.263031005859 425.543270111084 355.095386505127 397.102414131165 365.28137588501 445.202964782715 411.432132720947 313.230201721191 431.672867298126 472.937671661377 524.715766906738 446.480575799942 458.620742797852 450.995225906372 536.302665710449 692.027862548828 544.641321182251 709.214385986328 372.941627502441 593.038352966309 624.910680770874 540.02074432373 642.686513900757 659.323535919189 -9999 -9999 936.940849304199 795.253540039062 917.050147533417
373.507879257202 313.18741607666 475.123825073242 438.644855499268 394.181858062744 273.124732971191 496.460067749023 405.608139038086 372.110149979591 340.131867408752 370.769067764282 286.293350219727 253.802665710449 336.467355728149 368.163097381592 434.562408447266 378.528450012207 330.544486999512 386.285028457642 329.525337219238 358.268062591553 228.896835327148 422.193351745605 155.599945068359 278.367111206055 413.339443206787 411.263224124908 520.212203979492 365.858245849609 450.276905059814 401.188373565674 407.898342132568 321.935546875 405.955070495605 476.251040458679 858.46729850769 703.800926208496 641.53791809082 576.42057800293 624.983268737793 631.574077606201 588.161487579346 -9999 -9999 -9999 -9999 -9999 -9999 -9999 -9999
355.834403991699 467.455772399902 520.539810180664 324.775955200195 464.306999206543 294.646831512451 491.370697021484 397.380409240723 390.409683227539 380.113750457764 219.945129394531 245.79369354248 331.003765106201 312.364524841309 335.541523933411 194.962509155273 272.040519714355 298.551628112793 403.340974807739 303.954391479492 309.035713195801 228.312149047852 397.732644557953 327.694976806641 429.700305938721 309.757194519043 431.793119430542 398.993171691895 344.355728149414 465.945853471756 395.032104492188 440.432376861572 472.127700805664 439.518089294434 307.27619934082 625.977096557617 650.545913696289 536.753723144531 459.976079940796 524.760845184326 518.728057861328 -9999 -9999 -9999 -9999 -9999 -9999 -9999 -9999 -9999
