export/dem/dem36.asc
NCOLS 350
NROWS 171
XLLCORNER 152620
YLLCORNER 418050
CELLSIZE 100
NODATA_VALUE -9999
[rows 110 to 131 of 171, columns 200 to 249 of 350]
-9999 -9999 -9999 917.524501800537 735.023288726807 771.785140991211 741.020988464355 712.332248687744 735.69969367981 987.544876098633 642.394630432129 674.654003739357 592.073188781738 613.393424987793 749.187545776367 649.209972381592 727.21900177002 501.07585144043 718.674545288086 681.874088287354 597.573801040649 577.955745697021 659.720993041992 474.317169189453 606.501281738281 545.520355224609 696.026587486267 702.709331512451 481.851852416992 703.436548233032 631.319622039795 775.492904663086 590.770729064941 675.94871711731 776.815704345703 744.857406616211 675.934829711914 596.060974121094 420.165786743164 385.741180419922 640.285308837891 449.645523071289 658.667762756348 811.851533666253 1267.99342346191 622.187255859375 764.199462890625 1197.94179916382 602.381973266602 897.180561065674
-9999 -9999 -9999 -9999 896.841690063477 668.403514862061 767.869331359863 783.136729240417 811.166118621826 803.944011688232 786.28734588623 660.03324508667 737.599788665771 712.4415782094 684.931768417358 651.947360038757 540.739196777344 587.437088012695 483.593887329102 506.489013671875 585.320877075195 491.349517822266 1236.08088684082 543.084705352783 693.231803894043 517.646911621094 679.155996322632 884.530960083008 505.265991210938 514.765968322754 402.444213867188 573.624374389648 689.550408661366 743.282413482666 619.886344909668 516.398147583008 665.167625427246 677.679313659668 656.01194858551 468.699691772461 774.672538757324 461.863922119141 688.503934860229 856.156539916992 580.900039672852 767.375198364258 873.335968017578 1020.62671661377 711.968524456024 1047.05995941162
-9999 -9999 -9999 -9999 835.578086853027 676.329162597656 631.70724105835 641.276412963867 720.203418731689 666.465021133423 810.217903137207 695.923915863037 573.072799682617 648.080623626709 512.426483154297 684.146071434021 576.036437988281 464.857681274414 593.979499816895 481.357406616211 470.577224731445 542.325378417969 428.337142944336 630.941383361816 666.141532897949 683.576789855957 679.795430183411 492.325698852539 626.380157470703 561.448112487793 486.303825378418 629.69877243042 683.438556671143 647.62614440918 600.442352294922 546.091934204102 494.68196105957 649.940147399902 686.39527130127 749.771785736084 646.83869934082 622.514320373535 668.981685638428 754.058486938477 583.981599807739 653.153656005859 835.31184387207 732.250457763672 779.431358337402 777.249389648438
-9999 -9999 -9999 -9999 -9999 840.463838577271 721.491919875145 704.299869537354 863.017631530762 728.897084236145 1226.50676250458 684.05078125 711.292977333069 635.361434936523 687.299839019775 734.411243438721 594.570774078369 489.252304077148 425.742477416992 411.364791870117 669.438810348511 876.146881103516 539.673439025879 526.524291992188 600.810808181763 536.398963928223 647.995460510254 569.805130004883 541.672256469727 564.553237915039 577.980688095093 757.307292938232 721.435936927795 462.322402954102 714.622241020203 564.602905273438 446.164337158203 657.556686401367 641.258514404297 627.993789672852 847.860272407532 813.010226488113 709.090217590332 731.705062866211 731.159637451172 624.589996337891 846.150535583496 1260.87773895264 887.699432373047 882.833776473999
-9999 -9999 -9999 -9999 -9999 678.210861206055 779.638454437256 743.850509643555 572.590774536133 775.292432785034 1102.97838020325 649.969917297363 730.348265647888 512.915008544922 659.639003753662 618.40941619873 411.582550048828 520.80322265625 475.179504394531 385.914276123047 1127.12117004395 421.509628295898 465.157196044922 658.178092956543 470.405349731445 633.715578079224 654.681739807129 490.039611816406 605.736198425293 822.109336853027 526.138290405273 733.98348236084 517.191558837891 584.393264770508 544.64591217041 493.051879882812 551.518096923828 617.85994720459 627.10383605957 677.038639068604 657.104965209961 965.29313659668 655.351715087891 652.67244720459 705.276458740234 700.360530853271 551.515029907227 787.161643981934 541.237411499023 692.874496459961
-9999 -9999 -9999 -9999 -9999 881.729692459106 883.060577392578 618.635375976562 631.70912361145 826.660263061523 749.242782592773 810.034805297852 679.335075378418 549.940475463867 641.685577392578 575.170059204102 586.034378051758 590.833770751953 507.428115844727 1154.2015914917 627.509582519531 540.328102111816 575.554229736328 557.586723327637 540.29377746582 608.969253540039 598.466156005859 694.481086730957 514.697509765625 514.217742919922 736.743991851807 689.427843093872 706.488057434559 447.735794067383 622.751758575439 618.509834289551 557.485473632812 436.766464233398 556.152008056641 709.992969512939 681.816635131836 818.392551422119 542.153411865234 977.468784332275 602.934951782227 542.802734375 552.346771240234 614.863174438477 646.426620483398 832.900411605835
-9999 -9999 -9999 -9999 -9999 -9999 809.541725158691 790.33544921875 650.739814758301 643.317217350006 835.090476989746 833.393758296967 728.698226928711 698.920387268066 606.335487365723 585.400146484375 632.310768127441 600.994613647461 532.917694091797 511.080581665039 547.286933898926 501.709411621094 603.501991271973 539.956649780273 675.733833312988 647.283142089844 615.487831115723 625.829895019531 623.288269042969 742.647104263306 699.137145996094 532.251678466797 755.675178527832 587.806510925293 574.208206176758 631.202484130859 690.317061185837 562.28343963623 638.802436828613 673.664962768555 663.22184753418 626.908645629883 668.882232666016 599.567077636719 822.256622314453 844.383773803711 1005.04295349121 963.520435333252 841.591154098511 918.946029663086
-9999 -9999 -9999 -9999 -9999 -9999 852.628009796143 1214.1051940918 1230.61179351807 635.016103744507 545.691177368164 609.156127929688 1028.1026763916 662.719833374023 514.49267578125 639.001739501953 503.210021972656 593.395210266113 945.186889648438 532.427352905273 650.083618164062 532.582336425781 773.232452392578 743.578979492188 786.983810424805 598.913055419922 636.108367919922 612.801971435547 564.371826171875 650.073341369629 695.905670166016 669.624412536621 655.677024841309 1057.1792678833 936.969312667847 804.810577392578 931.580215454102 686.56177520752 483.012542724609 656.336631774902 603.076049804688 699.931030273438 594.043701171875 890.203689575195 587.219802856445 608.101058959961 665.559730529785 761.302719116211 1040.72192382812 726.551612854004
-9999 -9999 -9999 -9999 -9999 -9999 -9999 767.005416870117 713.784408569336 561.808456420898 589.53588104248 649.43278503418 586.087799072266 728.710464477539 802.008674621582 612.574180603027 630.62678527832 1369.68818664551 631.383628845215 632.177543640137 748.897743225098 741.510009765625 804.184936523438 769.2043800354 692.927848815918 768.584667205811 686.258422851562 1185.57048034668 902.302459716797 679.579002380371 622.21551322937 615.099182128906 521.141387939453 654.740020751953 788.881759643555 972.281470298767 886.042427062988 875.98698425293 1158.32994365692 583.901710510254 504.811080932617 584.426788330078 719.846092224121 775.450814247131 728.715774536133 778.418991088867 584.993919372559 666.329612731934 619.239807128906 618.667770385742
-9999 -9999 -9999 -9999 -9999 -9999 -9999 -9999 768.915374755859 633.142761230469 594.735809326172 503.32096862793 570.61506652832 666.005195617676 743.309188842773 392.440093994141 1370.67147827148 614.184989929199 583.204315185547 559.07145690918 652.678375244141 755.546192169189 816.682037353516 748.13166642189 683.659366607666 755.589729309082 810.288734436035 706.182487487793 894.099132537842 645.209716796875 523.727584838867 591.950263977051 623.198799133301 741.665725708008 742.836166381836 724.037170410156 868.499694824219 878.72550201416 971.12060546875 998.326984405518 526.500106811523 666.821891784668 648.564918518066 753.912353515625 797.992485046387 633.180114746094 646.902523994446 570.812786102295 644.410430908203 624.232776641846
-9999 -9999 -9999 -9999 -9999 -9999 -9999 -9999 -9999 1148.8353729248 1132.79409790039 1149.49461746216 559.004287719727 640.088508605957 716.101566314697 629.450485229492 744.719818115234 532.291107177734 366.149017333984 693.351142883301 775.397417068481 663.098926544189 836.161743164062 697.389949798584 688.017719268799 787.622150421143 584.543897628784 551.427267074585 712.748050689697 668.820419311523 644.605005264282 457.599708557129 596.159343719482 347.427993774414 804.984317779541 701.803298950195 676.276306152344 847.719505310059 853.515167236328 937.568532943726 964.55924987793 690.335231781006 724.98553276062 691.270660400391 716.365234375 644.358554840088 558.179389953613 536.34252166748 553.35089302063 557.957070350647
-9999 -9999 -9999 -9999 -9999 -9999 -9999 -9999 -9999 -9999 842.964828491211 476.378936767578 395.983474731445 598.686897277832 535.978134155273 492.884506225586 567.534637451172 624.002731323242 521.368316650391 618.633628845215 546.889511108398 713.838884353638 707.187335968018 880.534317016602 1200.5673828125 892.182052612305 633.976119995117 777.179382324219 830.418197631836 802.006240844727 653.309432983398 649.697831988335 371.880661010742 400.714767456055 779.050659179688 669.344116210938 770.85279083252 849.423484802246 851.7939453125 948.434984207153 869.819412231445 748.037044525146 802.039154052734 833.841773033142 617.824887275696 568.204071044922 601.836538314819 507.56867980957 656.013784408569 667.11128616333
-9999 -9999 -9999 -9999 -9999 -9999 -9999 -9999 -9999 -9999 -9999 984.930679321289 1088.66487407684 1009.05255508423 489.110885620117 483.039321899414 508.380920410156 510.191665649414 584.309204101562 571.841781616211 787.167945861816 818.356132507324 863.617370605469 611.513618469238 1007.35455703735 646.377555847168 1064.51593017578 1032.37149810791 873.590255737305 797.820323944092 1020.58332824707 841.790643692017 521.745498657227 725.073669433594 565.770263671875 587.395263671875 764.783683776855 852.961727142334 881.746305465698 811.591812133789 959.687097549438 643.945777893066 702.067398071289 512.354339599609 665.580160140991 606.038078308105 623.398693084717 734.016544342041 632.172592163086 497.123565673828
-9999 -9999 -9999 -9999 -9999 -9999 -9999 -9999 -9999 -9999 -9999 -9999 958.78443145752 1070.53286743164 570.276313781738 419.977416992188 345.215759277344 427.675704956055 498.145294189453 523.657028198242 541.042327880859 463.811264038086 744.831741333008 480.429054260254 759.575239181519 768.969718933105 794.727138519287 651.653717041016 736.991464912891 791.045375823975 962.935615539551 841.109817504883 608.248275756836 762.66455745697 589.122192382812 514.031639099121 846.353388786316 866.024488449097 812.190492630005 938.497749328613 884.801551818848 847.39236831665 830.045557022095 550.332977294922 675.614273071289 749.448528289795 705.037335395813 697.920479550958 614.404235839844 728.136131286621
-9999 -9999 -9999 -9999 -9999 -9999 -9999 -9999 -9999 -9999 -9999 -9999 -9999 -9999 645.586647033691 530.493011474609 406.303787231445 838.269989013672 396.231002807617 521.49462890625 417.011108398438 405.12744140625 495.961585998535 572.68249130249 631.227745056152 665.533561706543 656.260765075684 662.086669921875 897.267624855042 919.064002990723 774.240432739258 728.289596557617 780.894830703735 749.554072856903 637.675186157227 600.333124160767 818.506845474243 802.141784667969 826.358622550964 1132.44055175781 892.559020996094 1126.10883712769 568.15145111084 521.261016845703 711.831895828247 668.12034034729 698.421730041504 811.779273986816 607.359764099121 721.686386108398
-9999 -9999 -9999 -9999 -9999 -9999 -9999 -9999 -9999 -9999 -9999 -9999 -9999 -9999 -9999 -9999 -9999 977.041946411133 648.287147521973 545.809898376465 741.514827728271 691.798950195312 810.261789321899 765.732614517212 825.97583770752 702.196716308594 631.367859840393 644.672315478325 848.200393676758 929.845184326172 842.226875305176 722.618368148804 714.96842956543 784.027660369873 710.487720489502 468.033889770508 671.405410766602 859.793815612793 642.075897216797 468.879623413086 440.025535583496 1101.12200546265 513.69881439209 690.794809341431 704.48206281662 724.543160200119 822.658889770508 764.119361877441 802.577629089355 807.305969238281
-9999 -9999 -9999 -9999 -9999 -9999 -9999 -9999 -9999 -9999 -9999 -9999 -9999 -9999 -9999 -9999 -9999 -9999 -9999 -9999 926.587432861328 1016.84817504883 833.164260864258 866.137851715088 829.525562286377 768.899597167969 721.800289154053 697.336692810059 701.32413482666 927.746589660645 793.781183242798 670.508781433105 663.276870727539 742.940640211105 739.969421386719 586.290790557861 645.294830322266 855.376617670059 749.805587768555 535.60969543457 452.326599121094 664.905059814453 682.017036437988 779.348030090332 705.789400100708 757.83512878418 709.851049423218 751.677116394043 803.259162902832 692.413830280304
-9999 -9999 -9999 -9999 -9999 -9999 -9999 -9999 -9999 -9999 -9999 -9999 -9999 -9999 -9999 -9999 -9999 -9999 -9999 -9999 -9999 -9999 -9999 -9999 -9999 798.869155883789 928.342346191406 821.473815917969 911.386184692383 666.335205078125 916.626023769379 718.686042785645 646.951187133789 513.751724243164 630.58842086792 830.285548686981 1107.21269226074 782.128406524658 691.030941009521 612.453964233398 588.240196228027 991.393177986145 713.218227386475 725.849225997925 784.877349853516 633.764141082764 768.499244689941 589.127670288086 654.126529693604 826.392036437988
-9999 -9999 -9999 -9999 -9999 -9999 -9999 -9999 -9999 -9999 -9999 -9999 -9999 -9999 -9999 -9999 -9999 -9999 -9999 -9999 -9999 -9999 -9999 -9999 -9999 -9999 -9999 -9999 -9999 864.960018157959 978.582527160645 905.383441925049 915.769966125488 723.895612716675 780.463069915771 636.776817321777 769.746162414551 806.949066162109 688.719551086426 578.475700378418 564.434188842773 630.477294921875 778.24044418335 748.609801292419 654.231147766113 593.41877746582 555.440200805664 748.10697555542 670.164916992188 764.04291343689
-9999 -9999 -9999 -9999 -9999 -9999 -9999 -9999 -9999 -9999 -9999 -9999 -9999 -9999 -9999 -9999 -9999 -9999 -9999 -9999 -9999 -9999 -9999 -9999 -9999 -9999 -9999 -9999 -9999 -9999 -9999 975.658615112305 825.054580688477 933.229114532471 776.750182151794 1000.87817382812 831.079551696777 658.060109138489 597.566253662109 502.867729187012 822.207002639771 545.199493408203 599.618232727051 707.110876083374 683.482224464417 730.938774108887 713.680568695068 693.314163208008 660.658973693848 739.953765630722
-9999 -9999 -9999 -9999 -9999 -9999 -9999 -9999 -9999 -9999 -9999 -9999 -9999 -9999 -9999 -9999 -9999 -9999 -9999 -9999 -9999 -9999 -9999 -9999 -9999 -9999 -9999 -9999 -9999 -9999 -9999 -9999 726.968441009521 875.55521774292 956.19361114502 833.291572570801 773.070796012878 850.93098449707 690.517448425293 574.855201721191 746.979413986206 641.04126739502 613.370864868164 710.464990139008 690.565811157227 514.230361938477 599.88990020752 601.537910461426 815.153030395508 760.566337585449
-9999 -9999 -9999 -9999 -9999 -9999 -9999 -9999 -9999 -9999 -9999 -9999 -9999 -9999 -9999 -9999 -9999 -9999 -9999 -9999 -9999 -9999 -9999 -9999 -9999 -9999 -9999 -9999 -9999 -9999 -9999 -9999 -9999 864.562656402588 853.28503036499 792.312972068787 725.677997589111 536.478042602539 793.842063903809 635.250617980957 847.920230865479 710.717029571533 738.39218711853 743.959606170654 703.961533308029 689.725877761841 612.45817565918 746.322612762451 555.37255859375 733.028583526611
