export/dem/dem31.asc
NCOLS 350
NROWS 171
XLLCORNER 152620
YLLCORNER 418050
CELLSIZE 100
NODATA_VALUE -9999
[rows 0 to 21 of 171, columns 200 to 249 of 350]
-9999 -9999 -9999 -9999 -9999 -9999 -9999 -9999 -9999 -9999 -9999 -9999 -9999 -9999 -9999 -9999 -9999 -9999 -9999 -9999 -9999 -9999 -9999 -9999 -9999 -9999 -9999 -9999 -9999 -9999 -9999 -9999 -9999 -9999 -9999 -9999 -9999 -9999 -9999 -9999 -9999 -9999 -9999 -9999 -9999 -9999 -9999 -9999 -9999 -9999
-9999 -9999 -9999 -9999 -9999 -9999 -9999 -9999 -9999 -9999 -9999 -9999 -9999 -9999 -9999 -9999 -9999 -9999 -9999 -9999 -9999 -9999 -9999 -9999 -9999 -9999 -9999 -9999 -9999 -9999 -9999 -9999 -9999 -9999 -9999 -9999 -9999 -9999 -9999 -9999 -9999 -9999 -9999 -9999 -9999 -9999 -9999 -9999 -9999 -9999
-9999 -9999 -9999 -9999 -9999 -9999 -9999 -9999 -9999 -9999 -9999 -9999 -9999 -9999 -9999 -9999 -9999 -9999 -9999 -9999 -9999 -9999 -9999 -9999 -9999 -9999 -9999 -9999 -9999 -9999 -9999 -9999 -9999 -9999 -9999 -9999 -9999 -9999 -9999 -9999 -9999 -9999 -9999 -9999 -9999 -9999 -9999 -9999 -9999 -9999
-9999 -9999 -9999 -9999 -9999 -9999 -9999 -9999 -9999 -9999 -9999 -9999 -9999 -9999 -9999 -9999 -9999 -9999 -9999 -9999 -9999 -9999 -9999 -9999 -9999 -9999 -9999 -9999 -9999 -9999 -9999 -9999 -9999 -9999 -9999 -9999 -9999 -9999 -9999 -9999 -9999 -9999 -9999 -9999 -9999 -9999 -9999 -9999 -9999 -9999
-9999 -9999 -9999 -9999 -9999 -9999 -9999 -9999 -9999 -9999 -9999 -9999 -9999 -9999 -9999 -9999 -9999 -9999 -9999 -9999 -9999 -9999 -9999 -9999 -9999 -9999 -9999 -9999 -9999 -9999 -9999 -9999 -9999 -9999 -9999 -9999 -9999 -9999 -9999 -9999 -9999 -9999 -9999 -9999 -9999 -9999 -9999 -9999 -9999 -9999
410.369407653809 555.404201507568 588.680076599121 617.268562316895 909.900573730469 -9999 -9999 -9999 -9999 -9999 -9999 -9999 -9999 -9999 -9999 -9999 -9999 -9999 -9999 -9999 -9999 -9999 -9999 -9999 -9999 -9999 -9999 -9999 -9999 -9999 -9999 -9999 -9999 -9999 -9999 -9999 -9999 -9999 -9999 -9999 -9999 -9999 -9999 -9999 -9999 -9999 -9999 -9999 -9999 -9999
405.166690826416 531.699474334717 424.463024139404 586.165245056152 782.958465576172 819.777359008789 677.50032043457 832.550598144531 642.375312805176 660.019912719727 -9999 -9999 -9999 -9999 -9999 -9999 -9999 -9999 -9999 -9999 -9999 -9999 -9999 -9999 -9999 -9999 -9999 -9999 -9999 -9999 -9999 -9999 -9999 -9999 -9999 -9999 -9999 -9999 -9999 -9999 -9999 -9999 -9999 -9999 -9999 -9999 -9999 -9999 -9999 -9999
845.677370071411 294.42106628418 577.018623352051 502.067897796631 830.239074707031 715.938011169434 494.790107727051 726.419631958008 624.579513549805 529.640449523926 629.69108581543 582.781364440918 617.673812866211 715.912216186523 687.566871643066 817.724044799805 805.077606201172 860.978820800781 1066.43925476074 745.538696289062 888.328224182129 977.103996276855 926.396476745605 947.906509399414 946.080139160156 1003.78384399414 787.731384277344 755.489273071289 1006.73987960815 932.610000610352 916.378910064697 963.765956878662 635.996360778809 837.87283706665 738.896102905273 666.414947509766 1048.16780090332 1054.06353759766 817.928161621094 -9999 -9999 -9999 -9999 -9999 -9999 -9999 -9999 -9999 -9999 -9999
883.522925853729 962.592144012451 709.256176948547 685.820747375488 958.001571655273 1069.21147155762 1167.29708099365 505.171186447144 551.851676940918 509.092178344727 554.397308349609 529.974250793457 550.61060333252 636.105941772461 727.446716308594 694.316345214844 633.252792358398 537.038948059082 860.441814422607 792.638732910156 790.114822387695 833.215957641602 826.621202468872 773.771745681763 760.856586456299 844.635753154755 715.820434570312 742.013313293457 827.287498474121 888.539428710938 825.71647644043 767.901062011719 701.772537231445 521.00602722168 645.147346496582 513.409027099609 870.690017700195 968.656692504883 710.445846557617 539.721633911133 577.611572265625 978.504028320312 1169.2140045166 830.570167541504 664.042739868164 -9999 -9999 -9999 -9999 -9999
999.033210754395 991.430567741394 778.360622406006 771.865375518799 980.208190917969 1110.01163482666 1114.49327945709 1077.62176704407 794.021377563477 976.544799804688 829.765617370605 702.199516296387 529.766319274902 539.767486572266 601.029113769531 656.778579711914 711.89778137207 564.867881774902 974.382217407227 825.852556228638 806.789005279541 833.212369918823 823.362482070923 803.244665622711 795.896719932556 975.384796142578 641.096649169922 734.177749633789 786.92699432373 793.324287414551 887.395477294922 508.384826660156 693.314792633057 741.137815475464 729.183586120605 774.199917793274 809.920440673828 953.72509765625 423.947967529297 412.719573974609 643.243675231934 1049.15201187134 837.297649383545 924.160343170166 813.453109741211 1338.37934684753 824.03503036499 -9999 -9999 -9999
800.562938690186 743.002065181732 1057.13928604126 1020.89614868164 1119.80840301514 1111.75559329987 1304.15996551514 1145.75455856323 842.616966247559 838.764709472656 790.937042236328 781.073749542236 523.940631866455 697.218795776367 777.194000244141 920.240478515625 963.6611328125 968.398956298828 913.600601196289 1063.48220825195 1025.04279327393 1109.21046066284 657.127605438232 757.278938293457 546.386703491211 627.129745483398 771.165370941162 720.727882385254 674.858512878418 859.563898563385 838.881977081299 659.113433837891 569.958717346191 695.599590301514 753.382247924805 577.644153594971 535.447639465332 763.979080200195 792.085037231445 437.284912109375 630.135719299316 739.079246520996 569.751556396484 607.662384033203 842.501724243164 1139.81495666504 759.686309814453 1309.95260620117 740.636085510254 -9999
935.15185546875 1000.76195335388 945.42437171936 1011.2788066864 1138.35431671143 1103.68253898621 1149.47129964828 1103.00381088257 1109.56281280518 1178.43911743164 881.323371887207 846.037086486816 761.413650512695 813.805313110352 673.839729309082 763.672546386719 902.437614440918 924.548057556152 1022.36253356934 1037.2081451416 1010.26322937012 1170.43321990967 691.464772224426 549.290573120117 643.541076660156 567.558578491211 712.459594726562 825.870468139648 704.437683105469 842.209671020508 685.577209472656 671.765296936035 634.341213226318 477.031402587891 622.496585845947 585.123010635376 441.34521484375 777.993621826172 994.13650894165 849.228302001953 566.123001098633 525.350250244141 616.517272949219 597.395858764648 636.698417663574 839.631692886353 847.789089202881 1208.77111816406 757.181739807129 944.76188659668
896.45777130127 936.240219116211 897.367805480957 789.761039733887 637.243923187256 820.126960754395 816.409355163574 715.701747894287 1078.29011535645 870.593481063843 949.312225341797 834.807567596436 758.876754760742 754.246383666992 888.101066589355 835.162910461426 822.76407623291 808.447448730469 998.251609802246 1125.74365997314 1018.59748077393 1110.9273147583 850.013149261475 613.134185791016 846.578782081604 758.628021240234 753.231384277344 789.659088134766 802.055587768555 785.595764160156 751.843353271484 783.06462097168 735.085834503174 699.259830474854 717.392910003662 651.019561767578 694.681728363037 1061.68119621277 881.344161987305 889.856433868408 494.156677246094 526.604759216309 502.712219238281 759.308944702148 821.232528686523 716.284271240234 790.216697692871 631.955947875977 737.383460998535 782.364854812622
633.921413421631 724.956974029541 745.40007019043 741.162528991699 844.934478759766 761.264503479004 737.533630371094 759.233379215002 1046.18003082275 863.91969203949 773.735553741455 923.96231842041 737.879539489746 923.165061950684 993.982131958008 1426.15422058105 846.970832824707 886.261898040771 1070.58491516113 1291.97542572021 892.138633728027 1278.66389465332 697.972427368164 696.464485168457 819.310138702393 736.959037780762 617.365280151367 639.8642578125 1016.87292861938 954.091980457306 750.483871459961 787.339752197266 977.700024604797 921.624389648438 838.383499145508 940.495769500732 1083.37117385864 1072.6437587738 961.939491271973 843.235160827637 740.909470558167 708.176418304443 569.30322265625 960.361536026001 825.117065429688 887.435508728027 931.072280883789 615.816528320312 613.180084228516 928.348114013672
840.857818603516 719.998710632324 726.751438140869 774.656860351562 775.412216186523 688.054461479187 671.081431388855 869.843742370605 795.298599243164 685.215068817139 1000.65696334839 763.125473022461 1352.79873275757 762.982313156128 774.83136844635 782.615324020386 751.561311721802 715.563995361328 733.872703552246 1231.30387878418 773.014232635498 592.49626159668 683.022911071777 1201.9485244751 617.027778625488 749.0601978302 631.553298950195 819.182075500488 819.016120910645 839.40728187561 811.221794128418 927.489935874939 827.584838867188 764.392845153809 679.623199462891 990.261581420898 1005.55076599121 814.966033935547 902.363945007324 937.715106487274 913.11205291748 1066.89454269409 999.296924591064 917.733581542969 833.917167663574 964.359588623047 883.035598754883 897.253646850586 877.471927642822 1000.69149017334
719.580266952515 558.788177490234 733.495079040527 860.291213989258 822.345830917358 650.862606048584 759.770038604736 655.55493927002 818.364059448242 722.135765075684 653.864841461182 613.03328704834 866.656658172607 886.744766235352 865.234191894531 692.843925476074 661.576446533203 591.050537109375 641.67879486084 636.651885986328 567.360229492188 587.671112060547 629.32299041748 626.063720703125 786.12668800354 732.910179138184 923.915370941162 853.426343917847 773.829046726227 907.758697509766 845.920944452286 948.170932769775 752.904216766357 878.071239471436 778.578239440918 660.812942504883 907.479457855225 918.237676620483 896.980418682098 896.624736785889 1065.62393188477 992.883750915527 914.768154144287 1039.15468597412 1028.5549697876 1072.40177249908 984.213763654232 895.706176757812 697.713790893555 719.499687194824
783.410459518433 631.977844238281 666.332221984863 791.791569709778 884.03231048584 761.085258483887 652.151344299316 674.447334289551 590.994743347168 703.844390869141 922.247364044189 878.662467956543 728.6164894104 722.020900726318 847.865547180176 777.857757568359 733.742049753666 699.112735748291 540.317367553711 540.678604125977 726.317220687866 703.846199035645 771.610854744911 785.04732131958 710.908018112183 849.947280883789 812.048063278198 1276.72312736511 873.479172706604 1020.62034606934 825.525054931641 953.551496505737 708.31770324707 784.436714172363 697.37385559082 678.211181640625 818.229465484619 838.347801208496 864.279304504395 970.036956787109 977.976318359375 908.440841674805 954.936519145966 758.59049987793 849.42546081543 954.322376251221 994.542835235596 1068.59516525269 784.068893432617 669.727737426758
460.460525512695 705.171511650085 1229.28125762939 781.918407440186 672.398326873779 681.893920898438 668.894031524658 863.646255493164 618.623405456543 659.030693054199 943.612342834473 614.438499450684 695.864443778992 774.425605773926 1016.48739624023 728.2922706604 772.541921615601 670.55110168457 576.538482666016 490.844253540039 592.546806335449 800.796635627747 782.31530380249 802.801574707031 712.544380187988 661.699268341064 633.513568878174 680.12914276123 770.013031005859 778.581237792969 1013.26229095459 774.830505371094 814.156326293945 1301.69512939453 624.086471557617 633.739242553711 525.281555175781 742.40705871582 961.176055908203 689.754806518555 803.438304901123 791.893569499254 791.664821624756 756.727718353271 699.145660400391 696.246658325195 893.828369140625 878.634429931641 625.1904296875 786.163589477539
1195.15023994446 540.412384033203 1375.36851882935 1089.65444946289 691.040090560913 706.5192527771 753.356555938721 688.310325026512 1185.0980682373 697.56037902832 733.591173171997 651.919006347656 757.612125396729 836.320495605469 887.071105957031 887.584075927734 655.298965454102 662.835933685303 596.544448852539 512.620071411133 626.274955749512 977.033660888672 788.03967666626 691.172271728516 527.744598388672 665.167538166046 619.827674865723 666.145629882812 761.383178710938 707.746486663818 786.592716217041 652.970573425293 666.971786499023 670.608573913574 565.306350708008 1068.91653442383 547.367431640625 784.899785995483 665.557312011719 725.226547241211 742.828826904297 724.120178222656 827.438091278076 740.351043701172 820.81672668457 651.37434387207 848.622249603271 851.956901550293 964.826179504395 1135.75089263916
616.904182434082 677.772144317627 699.888534545898 758.940078735352 1213.69479751587 1302.63318634033 842.687252044678 579.858383178711 667.116448402405 649.763645172119 763.690742492676 739.097499847412 829.658920288086 552.857757568359 766.936634063721 674.285591125488 572.065032958984 688.190078735352 764.865447998047 750.039241790771 731.394502639771 698.780578613281 719.392652511597 749.989112854004 605.419548034668 791.5149269104 775.84569644928 681.567356109619 813.734573364258 695.056671142578 643.057655334473 723.183448791504 699.706405639648 799.805969238281 670.408107757568 574.878517150879 644.74040222168 1317.27352142334 639.103591918945 790.947547912598 819.311336517334 772.921933412552 829.251666069031 728.236175537109 715.47932434082 845.080276489258 893.868293762207 743.179298400879 826.24048614502 929.84625005722
743.104675292969 602.796234130859 841.844207763672 719.994474797975 647.072383880615 795.273994445801 685.091190338135 599.573951721191 655.755710601807 599.186515808105 695.214063644409 590.38703918457 632.328359603882 748.897583007812 683.96586227417 814.360862731934 652.990966796875 660.001708984375 660.151394844055 644.092342376709 686.250460624695 664.552621543407 871.745849609375 730.846099853516 733.846462249756 587.356567382812 838.179237365723 778.360641479492 787.291412353516 551.356369018555 656.925895690918 727.883871078491 766.779655456543 790.919410705566 757.241611480713 767.416822612286 687.81103515625 761.489356994629 725.035610198975 1174.98634535633 1271.65654945374 706.445373535156 565.308059692383 679.429737091064 869.475067138672 779.980773925781 704.291870117188 1006.24248790741 1127.95196151733 850.19458770752
776.784164428711 690.191781997681 775.548194885254 690.272368788719 625.314865112305 734.863777160645 720.787265777588 761.627452850342 685.934240341187 666.363335609436 624.14469909668 707.581256866455 570.821922302246 537.124938964844 680.300418019295 855.416732788086 720.753221511841 807.971397399902 680.313577651978 648.150951385498 808.963356018066 707.659385681152 760.964179992676 559.388198852539 626.228324890137 669.519142150879 711.470880508423 831.181083679199 782.30904006958 862.453788757324 730.215423583984 604.65983581543 756.243886947632 583.092300415039 718.65435218811 767.725399017334 826.270416259766 746.162969589233 783.71493434906 677.839408874512 729.816209793091 703.925168991089 718.047794342041 722.959831237793 641.971076965332 806.76477432251 850.981025695801 859.4391746521 900.890935897827 793.738441467285
