export/dem/dem34.asc
NCOLS 350
NROWS 171
XLLCORNER 152620
YLLCORNER 418050
CELLSIZE 100
NODATA_VALUE -9999
[rows 66 to 87 of 171, columns 250 to 299 of 350]
522.361946105957 515.082931518555 671.557738542557 661.535800933838 468.701934814453 728.161193847656 737.79857635498 810.718933105469 590.808776855469 647.590737342834 602.635604858398 704.309993743896 485.201034545898 615.042892456055 465.762329101562 650.198732852936 588.519485473633 580.910209655762 645.646926879883 609.280601501465 825.931701660156 746.133392333984 514.846908569336 815.277565002441 725.569354057312 822.246047973633 563.725708007812 657.247381210327 828.019973754883 741.248210906982 704.882343292236 584.669464111328 683.957080841064 628.872680664062 727.551965713501 682.575309753418 591.484176635742 729.998785018921 800.315551757812 990.183639526367 878.160255432129 712.413452148438 929.615310668945 681.776458740234 736.401706695557 819.77360534668 878.667861938477 691.063735961914 800.402927398682 890.692863464355
724.016319274902 676.03080368042 647.567044734955 655.465933144093 492.228271484375 756.298202514648 833.552352905273 712.790016174316 685.5407371521 696.840770721436 565.447959899902 640.020256996155 687.544132232666 584.844329833984 572.083312988281 532.70824432373 552.146507263184 742.414836883545 589.759719848633 551.968101501465 664.451889038086 794.709098815918 639.663234710693 745.980339050293 801.381256103516 732.168281555176 705.038374423981 617.550903320312 706.818845748901 611.672325134277 745.602386474609 764.520874023438 787.751907348633 737.25764465332 708.313762664795 875.317581176758 728.741569519043 665.146690368652 721.790586471558 761.584993362427 997.285884857178 991.787237167358 1005.60838317871 625.513938903809 785.241886138916 758.033099651337 673.62865447998 821.664772033691 778.308506965637 821.87483215332
574.011489868164 723.918001174927 536.913963317871 691.693252563477 545.399169921875 731.999534606934 721.074798583984 850.714431762695 706.10848236084 607.523548126221 682.974733352661 706.202968597412 648.034072875977 643.202627182007 759.564331054688 801.33088684082 678.34715461731 767.55313873291 721.271522521973 727.765352249146 744.049915313721 709.815951347351 717.079313278198 644.469493865967 714.775366783142 841.172332763672 683.03609085083 652.594779968262 567.34839630127 766.228240966797 768.202663421631 781.092613220215 629.530303955078 709.972098588943 723.167896270752 852.358383178711 816.986549377441 786.05583190918 735.871588349342 878.630599975586 719.139581203461 698.900730133057 1223.36506652832 1279.68919372559 872.029426574707 629.282623291016 658.447410583496 751.018190383911 797.089790344238 781.520209312439
588.166507720947 658.838306427002 656.246559619904 421.057800292969 513.97119140625 724.59065246582 600.128971099854 651.286972999573 670.032131195068 655.463266372681 632.542774200439 598.802234649658 680.591676712036 736.655815124512 808.875900268555 766.561111450195 740.64892578125 516.773468017578 634.859092712402 647.430146694183 845.891448974609 792.497337341309 777.155158996582 696.529829025269 724.990631103516 663.89306640625 780.941604614258 653.254837036133 655.587478637695 681.835729598999 802.907455444336 841.094467163086 718.700304031372 703.317053794861 798.563987731934 848.074279785156 712.062460362911 655.901260375977 723.484217047691 808.699180603027 770.273873329163 800.942594528198 910.543823242188 754.022624969482 816.908229827881 1438.04349517822 742.193508148193 556.58032989502 712.235857963562 863.302993774414
581.044975280762 611.962358474731 710.139068603516 684.638000488281 603.309864044189 506.103652954102 612.302310943604 684.643222808838 734.850933074951 563.722259521484 716.503051757812 702.760612487793 641.595699429512 631.002569198608 642.654299736023 651.404407501221 609.632171630859 626.500804901123 644.076705932617 685.878305435181 711.421279907227 726.876319885254 732.141094207764 665.76766204834 724.001953125 811.041610717773 711.288293838501 767.574546813965 781.605941772461 665.119590759277 586.057662963867 764.856582641602 837.44775390625 780.66276550293 746.377788543701 666.267692565918 647.515216827393 796.854385375977 753.85789680481 691.893581390381 600.027206420898 739.340435028076 730.897081375122 586.73078918457 680.617080688477 822.839185714722 708.874588012695 1008.85810852051 707.669464111328 618.29093170166
646.162088394165 747.451622009277 624.738145828247 693.326530456543 557.381912231445 686.081588745117 656.893072128296 640.142810821533 686.47972869873 592.835479736328 734.152000427246 616.825160741806 717.210632324219 725.566261291504 688.256397247314 751.894412994385 758.001300811768 744.854698181152 618.156975746155 700.987442016602 750.233421325684 775.699081420898 686.195920467377 818.181106567383 762.093040466309 798.68123626709 594.729187011719 817.315246582031 719.888751983643 632.238357543945 634.775527954102 733.488985061646 609.257377624512 816.869689941406 860.455139160156 788.753562927246 695.48217010498 688.608367919922 681.735206604004 806.561584472656 703.093035697937 793.839805603027 809.259761810303 803.799831390381 621.717269897461 1260.34992218018 628.517623901367 593.188415527344 638.811431884766 591.163398742676
596.619415283203 624.745735168457 518.728881835938 706.036460876465 747.417793273926 712.914463043213 786.844108581543 717.97412109375 696.781593322754 639.228636741638 634.930511474609 683.357234954834 626.470789134502 828.506454467773 773.850112915039 709.640110015869 624.77484703064 706.681427001953 657.769629955292 622.770567655563 586.193222045898 763.630535125732 814.61067199707 757.737228393555 712.727598190308 676.197113990784 746.172664642334 620.688316345215 653.267057418823 653.707862854004 728.117767333984 586.927490234375 684.894298553467 748.081069946289 680.123588562012 685.062690734863 746.357028007507 717.175266265869 742.582276344299 771.51305770874 900.355255126953 1318.6371691227 676.807929992676 722.457359313965 618.528953552246 591.704742431641 590.686660766602 641.745300292969 762.555230617523 657.073425292969
488.996719360352 686.088439941406 804.93949508667 848.876968383789 801.441802978516 679.349912643433 828.609336853027 719.779426574707 728.704708099365 544.048454284668 520.742446899414 451.643112182617 547.812385559082 584.829261779785 891.720962524414 615.919246673584 472.265106201172 601.127021789551 800.594451904297 653.001943588257 641.551958084106 573.361099243164 766.550926208496 703.595315933228 706.127326965332 786.955268859863 604.931671142578 769.688056945801 644.191188812256 742.716384887695 751.119125366211 680.406100273132 600.648666381836 767.193252563477 705.917179107666 794.628448486328 559.426132202148 767.931667327881 522.32470703125 658.69189453125 646.99983215332 761.375709533691 750.404388427734 945.88395690918 886.887294769287 925.557855606079 662.160339355469 769.192283630371 1098.97008037567 640.784797668457
513.197532653809 555.500915527344 489.96061706543 685.970207214355 655.404792785645 719.165977478027 679.344226837158 661.222900390625 786.930755615234 557.536758422852 564.702941894531 695.295873641968 629.455099105835 793.73307800293 595.017799377441 554.608238220215 676.170101165771 486.137268066406 589.396141052246 582.875289916992 686.178680419922 666.71785736084 634.59818649292 739.588325500488 583.583374023438 516.134994506836 652.659664154053 685.925142288208 699.61541557312 745.082288742065 492.424758911133 538.87663269043 597.831436157227 579.821632385254 634.061996459961 723.969589233398 817.592399597168 733.884189605713 663.942352294922 666.95560836792 608.36404800415 1000.89413738251 629.27156829834 1116.23473161459 861.728210449219 694.48352432251 738.009620666504 727.342338562012 762.519813537598 885.759086608887
503.554550170898 414.856552124023 448.192657470703 529.654907226562 691.601127624512 446.224258422852 839.612350463867 789.908256530762 779.708866119385 784.0244140625 919.587219238281 774.590328216553 570.782661437988 595.353326797485 471.800842285156 646.380359172821 655.103656768799 547.595550537109 605.875823974609 631.43803691864 556.068603515625 654.996116638184 760.907711029053 599.054412841797 715.706003189087 656.464457511902 806.290267944336 702.259134292603 585.596206665039 785.299690246582 507.926300048828 605.437004089355 726.373308181763 682.353622436523 741.504281997681 1012.53826904297 788.087867736816 772.045505523682 654.806114196777 773.139205932617 837.393785476685 942.647323608398 613.885223388672 839.230968475342 831.309520721436 821.974975585938 784.089134216309 712.017997741699 924.52348613739 991.072227478027
453.366714477539 606.777963638306 427.087997436523 584.100296020508 708.813483834267 431.933944702148 542.979148864746 697.764581680298 630.636520385742 705.376083374023 757.719013214111 707.177963256836 775.619606018066 617.68936920166 633.403745651245 605.300678253174 581.540767669678 643.084418177605 575.432991027832 538.990615844727 589.909820556641 720.508811950684 602.632137298584 830.753890991211 663.046566009521 697.676465034485 573.048347473145 629.713897705078 738.479393005371 723.315238952637 413.484283447266 667.167233467102 549.247940063477 725.966995239258 735.868232727051 772.611595153809 769.346878528595 476.780609130859 736.775596618652 562.243057250977 673.054206848145 804.894771575928 706.948684692383 609.261611938477 588.271514892578 557.352661132812 648.822692871094 724.510322570801 651.197402954102 686.552192687988
663.074094295502 611.494775772095 619.259057998657 612.11950302124 731.176403284073 653.329612731934 540.217380523682 633.942573547363 755.577492713928 710.171715885401 706.508424758911 682.06205368042 477.286071777344 518.9814453125 671.862222671509 791.641578674316 530.273582458496 643.935680389404 651.327571868896 728.930610656738 609.451374053955 673.602016448975 647.913038253784 593.824237823486 736.288005828857 797.737602233887 582.647193908691 607.13313293457 730.443878173828 716.769313812256 648.947418212891 716.56819152832 589.157646179199 780.485694885254 666.426090240479 643.275535583496 782.246868133545 765.400276184082 693.983261108398 659.229835510254 928.805244445801 810.838897705078 686.394485473633 883.757354736328 738.552139282227 580.919189453125 691.786117553711 526.478942871094 832.732833862305 953.527297973633
634.371681213379 459.081665039062 607.094964504242 630.986431121826 464.561935424805 552.368064880371 512.86888885498 559.372241973877 666.774423599243 605.024963378906 806.113021850586 660.246346712112 859.524429321289 708.042070388794 685.067493438721 621.462291717529 764.49641418457 611.76350402832 703.224048614502 474.692306518555 649.56356048584 653.626560211182 608.445846557617 569.374351501465 705.489187240601 566.133392333984 655.50806427002 672.676071166992 719.070652008057 639.721345901489 709.714855194092 708.602840423584 651.533098697662 631.148391723633 496.738967895508 613.163070678711 527.805755615234 571.908195495605 546.932022094727 818.459579467773 585.541313171387 964.216094970703 878.507888793945 768.508735656738 700.549140930176 669.221565246582 676.594863891602 764.826766967773 1165.74432373047 715.464950561523
694.675598144531 554.771408081055 511.659492492676 570.862480163574 571.548805236816 622.598575592041 651.507127761841 664.055149644613 670.641051292419 562.438064575195 901.670471191406 731.266490459442 641.984828710556 477.565063476562 657.442939758301 619.379474639893 633.455711364746 554.789024353027 853.475021362305 745.662605285645 805.887313842773 757.713771820068 735.467901229858 603.314659118652 713.695159196854 540.175842285156 594.397850036621 653.030126571655 617.812744140625 480.405914306641 694.497149705887 601.692771911621 650.150531768799 795.997116088867 516.598052978516 581.107414245605 599.361000061035 508.549102783203 667.006893157959 765.618957519531 664.737900733948 647.499130249023 1113.12870407104 748.644515991211 1019.3953704834 536.512084960938 1004.98862457275 422.553253173828 714.425827026367 531.928802490234
822.426177978516 766.861328125 536.321105957031 567.77815246582 608.613147735596 725.939163208008 710.715984344482 684.518974304199 882.908111572266 669.145301818848 658.968929290771 645.20544052124 579.951614379883 595.056880950928 557.006782531738 593.693710327148 631.381160736084 633.229606628418 752.451469421387 702.54547649622 716.77720451355 692.942043304443 673.801937103271 624.785713195801 665.316123962402 615.415826797485 459.576049804688 668.987578392029 677.603122711182 631.657006263733 816.647735595703 731.709146499634 671.335994720459 672.512981414795 687.816493988037 501.493728637695 518.207038879395 748.221527099609 695.593326568604 844.405168533325 657.609600067139 757.322372436523 820.360914230347 1050.32805252075 653.582725524902 621.069305419922 1236.99517822266 510.750549316406 500.404510498047 586.355331420898
713.81177520752 655.340637207031 560.000953674316 623.909964561462 600.470550537109 539.416786193848 677.380233764648 674.490796089172 615.387985229492 571.983337402344 631.002645492554 709.653343200684 638.898059844971 599.966171264648 714.966800689697 567.73503112793 774.665573120117 730.826854705811 696.447306632996 610.410972595215 650.913879394531 672.579963684082 814.609741210938 847.845504760742 629.41658782959 739.978973388672 796.109382629395 678.09020614624 669.246572494507 440.595397949219 671.574324727058 719.778093338013 691.902694225311 727.420475006104 711.606399536133 525.474609375 659.841124534607 679.95775437355 764.2373046875 763.720420837402 554.59440612793 771.817092895508 658.495620727539 712.671447753906 939.132836341858 659.561019897461 962.906921386719 673.82063293457 566.612945556641 691.176651000977
757.989433288574 618.402129173279 599.754796981812 425.408752441406 691.765964508057 624.39090681076 692.888153076172 585.330940246582 585.051235198975 610.240535736084 563.433036804199 752.016754150391 551.288154602051 681.474758148193 681.903865814209 606.659210205078 664.301580429077 831.194458007812 800.847518920898 575.721366882324 639.877662658691 728.273704528809 928.113403320312 732.365110397339 779.400856018066 681.953468322754 647.982891082764 664.378458023071 810.9912109375 785.442161560059 685.370940685272 609.847496032715 622.081008911133 660.597682952881 758.545120239258 597.096572875977 570.769737243652 632.177516937256 680.192716121674 769.451368331909 582.981536865234 926.594499111176 500.302383422852 800.747451782227 797.370468139648 620.240219116211 514.62272644043 629.970169067383 758.748580932617 933.189895629883
644.981073379517 613.443046569824 616.288928985596 742.772079467773 659.623809814453 596.000671386719 804.947463989258 580.199432373047 694.403221130371 730.920806884766 570.925453186035 679.198427200317 610.891738891602 655.936062812805 728.633003234863 635.732894897461 630.240295767784 704.102012634277 554.223335266113 717.034449577332 714.59211730957 551.684326171875 681.673873901367 902.407470703125 754.220718383789 748.170192718506 601.32137298584 665.429605484009 648.552841186523 734.232234954834 658.955528259277 615.98556137085 598.97737121582 696.018356323242 599.527244567871 572.356620788574 640.165660858154 525.213134765625 619.237640380859 906.022010803223 785.266176223755 1043.33726501465 673.571449279785 642.788925170898 954.397369384766 667.176147460938 921.627685546875 802.152770996094 777.929794311523 682.160522460938
777.161720275879 695.466117858887 537.276960372925 603.991357803345 711.954772949219 618.631698608398 685.348552703857 614.226288795471 598.890943527222 568.600799560547 651.463726997375 584.74299621582 659.653635025024 1102.5899810791 995.191304206848 540.719573974609 912.569541931152 650.403248786926 765.755920410156 808.110572814941 608.250411987305 744.250789642334 803.560317993164 869.374694824219 478.999359130859 647.738807678223 669.676795959473 773.383338928223 765.893733978271 652.54273223877 629.399940490723 652.385437011719 664.997802734375 720.826782226562 692.607557296753 444.70149230957 732.919551849365 678.315620422363 711.128038406372 978.256195068359 618.63835144043 788.923664093018 867.942420959473 662.352415084839 617.956985473633 647.840301513672 727.478851318359 623.710983276367 614.385787963867 690.452461242676
572.496772766113 829.16194152832 664.050514221191 668.113891601562 634.299553871155 464.267013549805 692.872344970703 749.339385986328 607.564834594727 645.160828590393 689.179962158203 723.15934753418 755.934692382812 839.946918487549 605.120124816895 721.312080383301 671.453316688538 500.246322631836 729.91820526123 846.533782958984 658.539216995239 561.134490966797 735.987884521484 763.600616455078 785.642120361328 691.122999072075 622.471649169922 649.589855194092 768.326015472412 638.938743591309 677.275727033615 634.564262390137 738.022220611572 632.751434326172 666.307239532471 622.791015625 739.628456115723 530.887603759766 786.520248413086 1012.78574752808 1236.61330509186 772.583999633789 1009.12319946289 634.956359863281 437.256759643555 682.450126647949 712.559204101562 592.030181884766 551.875595092773 954.803039550781
848.975692749023 821.416381835938 658.213681936264 623.855392456055 789.61164855957 694.765865325928 617.769912719727 789.232223510742 520.670928955078 767.381629943848 647.033288955688 798.155475616455 761.979637145996 536.867839813232 480.589706420898 613.458297729492 703.855790138245 842.52836227417 782.858306884766 518.200210571289 760.602076530457 740.615623474121 1409.4693069458 589.69522857666 519.529235839844 601.580543518066 521.796173095703 704.767858505249 700.091485977173 797.729850769043 693.343795776367 836.187652587891 816.208801269531 629.355079650879 543.691207885742 656.644996643066 663.351726531982 526.878143310547 606.362594604492 883.582107543945 642.821369171143 646.62467956543 706.227905273438 1493.01802062988 702.222778320312 1647.03507995605 589.721405029297 767.497537612915 842.791061401367 664.531600952148
1065.95877075195 1088.94119262695 923.587295532227 750.640398025513 818.009628295898 643.503437042236 630.04390335083 617.665964126587 573.686553955078 738.486902713776 670.278040885925 999.84513092041 802.493385314941 627.587089538574 749.012049674988 1099.36870574951 1029.64972686768 673.865291595459 563.278358459473 473.37255859375 618.904914855957 665.225788116455 645.587249755859 728.432886123657 630.865142822266 679.014612197876 659.912498474121 777.108070373535 807.74870300293 627.685386657715 684.91011428833 693.675731658936 740.97170573473 841.362525939941 764.21019744873 622.635543823242 711.929566383362 590.071022033691 796.064559936523 741.395935058594 733.019508361816 803.929759979248 616.898284912109 682.152618408203 1000.84909820557 1024.48693084717 610.328460693359 786.574850082397 664.723724365234 700.555625915527
