export/dem/dem39.asc
NCOLS 350
NROWS 171
XLLCORNER 152620
YLLCORNER 418050
CELLSIZE 100
NODATA_VALUE -9999
[rows 66 to 87 of 171, columns 150 to 199 of 350]
440.586784362793 500.66724395752 501.002826690674 598.954971313477 591.256488800049 531.647327423096 367.705474853516 430.054763793945 692.505226135254 564.595418930054 664.727600097656 489.091911315918 551.952339172363 631.298561096191 748.28239440918 350.083236694336 643.74299621582 621.421836853027 535.012670516968 559.172005653381 716.982727050781 615.13586807251 616.602409362793 632.743831634521 555.978103637695 710.90478515625 591.511898994446 533.423694610596 409.692947387695 645.934047698975 663.341297149658 756.805435180664 699.880828857422 612.184277534485 574.190637588501 573.998073577881 777.784851074219 645.327840805054 618.699728012085 565.636413574219 565.653579711914 662.53133392334 613.323501586914 603.885696411133 629.766386985779 572.945159912109 583.61466217041 553.993938446045 632.239222049713 642.262836456299
600.547576904297 716.132400512695 612.181053161621 456.170852661133 549.151759624481 454.15357208252 586.07299041748 591.946712493896 629.394111633301 606.017227172852 626.123340606689 681.23511505127 579.385917663574 591.655872344971 548.269408226013 548.845279693604 520.76655960083 637.607559204102 599.391330718994 570.976980209351 570.43668794632 593.621288299561 592.909257888794 603.170177459717 688.907157897949 555.236047744751 532.074501037598 514.111152648926 473.550605773926 561.85179901123 609.417248606682 579.14284324646 792.176467895508 486.598983764648 583.64359664917 686.932731628418 552.464683532715 645.90746307373 561.671043395996 711.503005981445 535.962509155273 534.812767028809 646.467681884766 743.700119018555 728.340370178223 639.929048061371 661.83878326416 629.384214401245 563.290641784668 629.5924243927
628.910537719727 470.632118225098 611.732765197754 540.318727135658 570.539321899414 654.825019836426 630.487403869629 534.804285049438 484.759330749512 594.708219528198 589.264282226562 516.151586532593 668.655395507812 473.428016662598 670.778861999512 631.076370239258 566.887675285339 681.510467529297 573.814750671387 410.396743774414 613.504199981689 699.062591552734 492.56909942627 612.392417907715 671.109039306641 623.04029083252 447.128898620605 627.102149963379 693.469429016113 673.73136138916 693.398544311523 772.011428833008 667.246063232422 586.051810264587 592.454765796661 580.14817237854 660.264442443848 507.919319152832 548.16955947876 637.716033935547 705.478904724121 596.362756729126 556.567451477051 657.468616485596 631.207981109619 547.167793273926 659.240077972412 600.746463775635 668.419609069824 658.772880554199
556.299152374268 567.799830436707 481.405433654785 637.155521392822 527.25719165802 649.3955078125 545.173734664917 578.846389770508 557.903896331787 547.118747711182 586.700283050537 492.627666473389 634.406143188477 620.095581054688 686.735054016113 608.502571105957 620.54451751709 580.114412307739 515.618549346924 474.697273254395 476.822883605957 532.28112411499 665.435493469238 644.657333374023 605.595575332642 612.252521514893 490.27172088623 459.692710876465 436.741195678711 654.135475158691 673.492111206055 559.979278564453 543.536026000977 830.97737121582 708.056076049805 495.803512573242 636.747259140015 653.249885559082 599.140193462372 508.429344177246 407.350875854492 467.297714233398 714.817260742188 782.218200683594 719.55534362793 480.350929260254 709.056144714355 728.164588928223 670.79825592041 492.712265014648
665.537467956543 718.383697509766 555.033065915108 630.504592895508 586.066989898682 675.331893920898 553.753824234009 709.513046264648 569.612915039062 628.248397827148 400.277938842773 726.755950927734 766.067779541016 652.721343994141 631.458793640137 726.613159179688 557.747529983521 657.288764953613 691.81468963623 652.595100402832 548.714370727539 585.230528831482 645.509582519531 636.803615570068 619.377660751343 526.406707763672 539.030366897583 484.251014709473 395.356353759766 635.146305084229 520.726928710938 673.242378234863 546.856937408447 607.919218063354 676.331497192383 464.507705688477 716.169975280762 660.749938964844 681.960510253906 748.450088500977 378.209655761719 515.374420166016 643.711204528809 670.183380126953 643.998149394989 667.790563583374 729.308647155762 706.325984954834 684.161479949951 634.493317127228
619.395126342773 566.237142205238 426.220947265625 545.671545267105 644.681106567383 581.213829040527 454.762130737305 710.337173461914 560.470693588257 526.7431640625 557.669779777527 510.046676635742 697.593109130859 405.784744262695 697.933731079102 681.372848510742 673.556945800781 494.677368164062 704.247970581055 512.716514587402 583.639760494232 788.47119140625 715.358474731445 591.611360549927 623.359399795532 414.800918579102 551.722850799561 620.277053833008 656.686260223389 579.091598510742 620.327671051025 488.601531982422 628.270198822021 656.53303527832 627.120695114136 493.525550842285 650.539271354675 506.655174255371 556.122081756592 580.956241607666 433.571868896484 673.234561920166 609.352369785309 630.889030456543 621.900164604187 639.283638000488 800.257705688477 612.746385574341 564.900375366211 654.102188110352
527.086670875549 487.622192382812 518.55380821228 675.469055175781 555.618517875671 431.907249450684 520.895681381226 553.786804199219 519.087409973145 593.849189758301 594.841606140137 635.421890258789 597.124206542969 569.332780122757 655.959197998047 571.783285140991 463.938789367676 635.87712097168 699.656204223633 675.197853088379 665.725856781006 570.878475189209 769.71174621582 644.939399719238 581.220748901367 603.075727939606 608.177683830261 619.620453834534 530.875450134277 607.917109489441 568.908372879028 689.993530273438 649.316856384277 511.836452484131 500.636703491211 695.326011657715 619.616565704346 601.302067756653 549.530700683594 432.577590942383 499.723777770996 666.022808074951 596.004328250885 672.341217041016 635.053279876709 609.48003911972 597.11004447937 528.513160705566 606.751825332642 606.467933654785
505.339115142822 614.767398834229 507.881488800049 656.724235534668 545.867761611938 568.407990455627 424.980163574219 481.029296875 285.834564208984 467.954833984375 535.941764831543 502.4069480896 537.791910171509 596.439624786377 692.705871582031 501.903076171875 541.590797424316 717.299453735352 684.663101196289 722.247970581055 630.038789749146 474.126876831055 711.629676818848 487.846527099609 437.381011962891 502.971908569336 555.264450073242 485.980804443359 537.833969116211 610.092626571655 652.767715454102 807.880081176758 595.728879928589 599.965826034546 540.462917327881 548.535511016846 619.417537689209 618.602169036865 509.36279296875 448.773101806641 498.541725158691 545.852821350098 639.90291595459 581.036687850952 515.628288269043 742.482048034668 754.303207397461 623.319877624512 687.233581542969 619.613040924072
680.403015136719 502.608215332031 580.296001434326 533.258811950684 460.566917419434 641.77214050293 705.810760498047 581.084671020508 464.240264892578 608.936514377594 473.192680358887 575.690462112427 452.40421295166 504.348327636719 531.109710693359 568.23048210144 564.023738861084 698.946075439453 865.439025878906 616.59814453125 547.596405029297 551.136894226074 620.123273849487 576.857894897461 556.506904602051 474.679138183594 533.787033081055 545.580757141113 595.261016845703 584.320045471191 647.097560882568 599.33851480484 657.080490112305 685.637557983398 534.623924255371 532.554821014404 735.005813598633 610.210863113403 462.740753173828 681.462738037109 722.683258056641 592.681198120117 516.565765380859 402.880584716797 554.612194061279 563.562023162842 697.771858215332 556.969043731689 700.902366638184 551.231063842773
814.417378932238 541.24119758606 546.032516479492 463.676780700684 641.257118225098 628.558860778809 531.694017410278 411.252349853516 467.199836730957 423.144607543945 366.508605957031 437.302032470703 535.174499511719 482.156372070312 416.026657104492 561.22876739502 748.992385864258 681.012069702148 775.921859741211 570.277130126953 683.335151672363 615.324447631836 627.671245574951 586.878463745117 513.124282836914 479.477127075195 424.641906738281 507.716506958008 578.779663085938 476.538101196289 578.374240398407 676.09349822998 573.152823448181 529.321708679199 772.535552978516 549.583564758301 554.121845245361 546.109767913818 472.922752380371 454.815719604492 739.758697509766 694.93480682373 689.684028625488 581.304693222046 591.099829673767 606.673945903778 531.559020996094 564.876331329346 541.91967010498 582.469861984253
600.807762145996 606.278778076172 715.260864257812 887.768863677979 426.072296142578 538.896844863892 512.688827514648 501.372772216797 571.763745307922 607.749141693115 472.548652648926 456.288429260254 602.684322357178 563.361301422119 627.024391174316 614.657768189907 697.868209838867 726.948036193848 555.379158973694 650.03706741333 633.715621471405 667.005973815918 721.407508850098 612.905717849731 693.400497436523 625.828979492188 483.212223052979 593.197196960449 648.024255752563 536.602210998535 590.398266792297 587.570207834244 572.948901176453 610.275203704834 687.178443908691 683.684471130371 529.399055480957 694.596900939941 570.308828353882 579.653448104858 674.36056137085 609.829546928406 654.104385375977 641.965789794922 572.931777954102 518.729072570801 517.950134277344 630.014295578003 440.724365234375 697.025817871094
710.692291259766 569.284997701645 706.655437469482 491.997970581055 649.662227630615 679.201541900635 458.192802429199 578.888360500336 456.067581176758 581.570810079575 564.362236022949 664.778663635254 570.851961135864 639.245697021484 588.673434257507 774.365600585938 616.058170318604 582.411552429199 826.991287231445 798.825050354004 686.294300079346 648.496632099152 655.926393508911 609.965129852295 645.71257019043 650.333862304688 558.246795654297 584.829586029053 596.717897415161 609.585571289062 721.972480773926 603.609055042267 590.907874584198 621.08641242981 719.715866088867 616.519027709961 665.684955596924 694.174461364746 675.931777954102 720.094596862793 625.304473876953 531.819679260254 608.533534049988 453.359436035156 570.37716293335 528.16703414917 669.273391723633 635.984985351562 587.012519836426 668.518947601318
440.604873657227 585.758890151978 553.606357574463 422.368927001953 667.84405708313 477.685661315918 452.670036315918 514.139038085938 536.054637908936 467.080902099609 597.410811424255 655.36213684082 659.170677185059 533.93465423584 607.138857841492 591.987016677856 577.636051177979 656.214747428894 604.714851379395 792.036949157715 807.588790893555 555.61243057251 462.261901855469 472.235847473145 563.091890335083 516.658058166504 558.561267852783 638.142200469971 646.47402381897 592.994701385498 623.460361480713 607.409130096436 460.344512939453 577.371608734131 729.811653137207 630.579103469849 600.689176082611 605.636110305786 605.125329971313 520.630012512207 610.452049255371 395.556930541992 562.969511032104 514.067680358887 561.170999526978 593.237509965897 639.255882263184 501.327163696289 601.570600509644 529.478469848633
604.90775680542 431.826111316681 526.344627380371 815.983322143555 673.63493347168 628.676010131836 647.723407745361 591.432442188263 715.946266174316 723.944351196289 760.715301513672 721.268402099609 778.254821777344 563.013602256775 860.733131408691 538.579963684082 669.657910346985 697.988076925278 868.754913330078 659.255361557007 751.591499328613 669.696830749512 556.370670318604 506.131864547729 550.361660003662 632.753910064697 633.247326850891 604.068470001221 725.227981567383 595.153400421143 691.490509033203 741.913757324219 603.233131408691 590.936943054199 591.856612205505 725.381767272949 645.959846496582 575.93270111084 469.766914367676 631.281566619873 575.126119613647 611.189011573792 639.101341247559 645.938011169434 539.756507873535 553.49299621582 754.973907470703 538.489402770996 666.299434661865 579.812164306641
635.508659362793 428.114909172058 533.561761856079 855.260551452637 694.649642944336 521.826179504395 583.464213132858 617.570812225342 662.748029708862 719.881393432617 724.953643798828 595.631044387817 771.506118774414 877.979488372803 638.787582397461 707.491779327393 696.645839691162 731.197702407837 563.035184860229 697.655475616455 732.560203552246 646.268882751465 517.996990203857 612.508262634277 670.336685180664 519.315971374512 702.621124267578 740.952095031738 712.415850639343 838.417755126953 658.211208343506 676.241596221924 747.168106079102 837.854309082031 784.729507446289 777.537643432617 652.848461151123 484.818824768066 469.857849121094 458.004135131836 478.389488220215 676.080230712891 519.598655700684 590.627870559692 544.970371246338 577.70874786377 603.513505935669 584.303771972656 603.086406707764 596.338947296143
578.665817260742 754.345756530762 507.882947921753 834.318458557129 841.537857055664 741.615325927734 602.398632526398 576.376289367676 643.540016174316 708.108963012695 587.046859741211 1098.60688781738 704.060245513916 1005.72329330444 925.262634277344 605.030723571777 685.699941635132 763.60498714447 672.202005386353 860.425170898438 670.670595169067 680.370693206787 598.160154342651 623.173728942871 616.708827972412 711.483909606934 681.359344482422 865.699905395508 731.62215423584 708.000762939453 793.910369873047 758.84139251709 679.482196807861 631.216887116432 751.826728820801 741.679206848145 547.319999694824 509.938186645508 711.827644348145 446.159454345703 354.186859130859 557.5634765625 667.346385955811 568.294937133789 624.019278049469 590.191349029541 516.407325744629 611.156898498535 508.808807373047 627.771814346313
636.251642227173 640.413177490234 598.196455001831 892.59489440918 945.796829223633 875.977447509766 841.737037658691 900.699409484863 806.758697509766 1111.95265960693 691.486526489258 781.329162597656 622.185590744019 516.87035369873 716.329406738281 527.331981658936 569.825885772705 643.606168746948 610.454788208008 809.932800292969 678.973316192627 594.278818130493 419.587478637695 702.729461669922 623.662399291992 645.602935791016 717.541522979736 767.139381408691 892.269271850586 609.294199943542 583.912666320801 584.731960296631 651.996475219727 687.461769104004 659.915893554688 686.174488067627 516.680099487305 489.571212768555 608.618980884552 534.003692626953 591.674028396606 678.108665466309 668.735652923584 656.797845840454 605.197925567627 622.736171722412 565.920150756836 607.842105865479 580.199584960938 804.325653076172
609.675168991089 732.368576049805 558.393165588379 537.236249923706 614.402496337891 712.247562408447 598.47462272644 925.35782623291 671.95467376709 936.179067611694 487.462378501892 506.211585998535 731.587966918945 647.69189453125 480.438234329224 531.920204162598 504.244361877441 534.19686126709 744.217758178711 919.643589019775 588.384684801102 532.326103210449 480.028266906738 567.341432571411 490.208404541016 655.078698158264 629.86501121521 575.437606811523 678.314629077911 687.084415435791 586.63342666626 707.218544006348 705.27367401123 672.846866607666 618.267483711243 583.280426025391 663.020164489746 666.270206451416 527.963897705078 537.148025512695 587.826879501343 728.811531066895 633.232307434082 631.941040039062 504.163192749023 657.982492446899 533.151924133301 645.481246948242 570.124252319336 916.737640380859
762.780075073242 568.03101348877 609.06884765625 698.767608642578 393.611967086792 738.194778442383 388.312599182129 853.370788574219 775.120239257812 718.000076293945 728.761245727539 562.169933319092 692.255131721497 751.728897094727 691.744354248047 641.384032726288 407.216659545898 571.477088928223 510.269729614258 994.746490478516 772.585136413574 650.986351013184 844.600894927979 727.909727096558 672.700592041016 649.794055938721 586.019790649414 602.350791931152 601.826625823975 428.343521118164 576.059533119202 572.252044677734 824.273849487305 680.495389938354 584.745483398438 609.508325576782 577.824974060059 634.143654823303 497.420082092285 555.242805480957 631.950367927551 703.609638214111 620.638648986816 558.674125671387 578.150810241699 741.02018737793 547.175674438477 829.987487792969 677.666442871094 755.618011474609
619.599151611328 554.562397003174 781.606048583984 657.014225006104 646.969882965088 720.76708984375 622.619812011719 673.987804412842 808.479927062988 750.585021972656 788.851264953613 738.148899078369 847.071479797363 867.880493164062 666.255973815918 678.44478225708 569.20751953125 652.229890823364 612.213128089905 955.752967834473 704.957061767578 571.590103149414 751.805099487305 612.72412109375 991.139400601387 724.758670806885 803.261184692383 739.989114761353 492.944869995117 369.281051635742 571.0859375 637.970106124878 955.805877685547 906.010070800781 646.339710235596 679.270015716553 471.101699829102 489.23486328125 556.968063354492 430.735870361328 466.67041015625 756.568138122559 508.985198974609 598.525703430176 701.660614013672 723.064517974854 722.619346618652 782.884925842285 746.231430053711 814.511199951172
561.742542266846 551.771621704102 742.793315887451 710.504507303238 -9999 -9999 -9999 -9999 -9999 -9999 -9999 -9999 -9999 -9999 -9999 682.503566741943 670.40803527832 708.687089920044 750.581483840942 661.002059936523 538.084541320801 750.093544006348 676.854225158691 498.564464569092 623.513114929199 799.801666259766 903.726135253906 550.292984008789 503.238708496094 951.437307357788 387.005142211914 659.53157043457 704.58012008667 624.080783843994 630.375072479248 676.832592010498 669.210353851318 434.652633666992 615.522691726685 469.796676635742 607.451759338379 597.293960571289 725.067794799805 627.615934371948 764.126991271973 717.627255439758 646.152851104736 738.426803588867 713.037284851074 661.25275978446
-9999 -9999 -9999 -9999 -9999 -9999 -9999 -9999 -9999 -9999 -9999 -9999 -9999 -9999 -9999 -9999 -9999 -9999 723.426780223846 938.857269287109 882.68049621582 881.980117797852 625.568740844727 761.537551879883 621.404964447021 480.668834686279 668.766260147095 623.250844955444 635.78889465332 528.244651794434 590.933431625366 1061.41785812378 636.554106831551 642.431093215942 595.77564239502 652.109523773193 601.620506286621 678.672988891602 534.756744384766 658.460926055908 573.491218566895 714.014446258545 593.318229675293 657.057476997375 689.851460814476 534.2626953125 637.213165283203 640.945919036865 751.651206970215 643.293235778809
