export/dem/dem31.asc
NCOLS 350
NROWS 171
XLLCORNER 152620
YLLCORNER 418050
CELLSIZE 100
NODATA_VALUE -9999
[rows 110 to 131 of 171, columns 300 to 349 of 350]
683.89493560791 712.27904510498 768.920333862305 760.275344282389 747.324224472046 969.505672454834 737.309791564941 944.073799133301 809.774200439453 581.220809936523 783.022621154785 558.929443359375 1646.40325927734 963.167036056519 897.149593353271 768.274307250977 1269.38157653809 832.090534210205 1048.35408782959 -9999 -9999 -9999 -9999 -9999 -9999 -9999 -9999 -9999 -9999 -9999 -9999 -9999 -9999 -9999 -9999 -9999 -9999 -9999 -9999 -9999 -9999 -9999 -9999 -9999 -9999 -9999 -9999 -9999 -9999 -9999
960.298370361328 655.041669845581 563.469520568848 658.366081237793 603.258758544922 696.016128540039 1181.34450531006 1484.89337038994 698.068832397461 627.077713012695 1297.53591918945 501.639602661133 826.498977661133 711.661209106445 785.128631591797 880.735496520996 995.636869430542 1222.44683074951 1043.48603820801 -9999 -9999 -9999 -9999 -9999 -9999 -9999 -9999 -9999 -9999 -9999 -9999 -9999 -9999 -9999 -9999 -9999 -9999 -9999 -9999 -9999 -9999 -9999 -9999 -9999 -9999 -9999 -9999 -9999 -9999 -9999
851.426584243774 856.82190322876 978.212078094482 935.038558959961 889.373306274414 777.850408554077 688.568051338196 934.52188873291 774.101833343506 1564.9885559082 871.361038208008 858.637594461441 842.764907836914 768.603332519531 718.855529785156 1075.57470703125 862.493053436279 983.444915771484 1659.95770263672 1111.86280059814 -9999 -9999 -9999 -9999 -9999 -9999 -9999 -9999 -9999 -9999 -9999 -9999 -9999 -9999 -9999 -9999 -9999 -9999 -9999 -9999 -9999 -9999 -9999 -9999 -9999 -9999 -9999 -9999 -9999 -9999
937.02445602417 795.843170166016 846.826299905777 849.15843963623 787.493461608887 810.256378173828 807.837717056274 782.042098999023 621.149108886719 2107.17503356934 671.2158203125 633.182708740234 758.603088378906 1176.45512390137 1382.31558036804 1167.0735244751 968.933837890625 798.315437316895 1036.93357086182 1404.10817337036 908.390106201172 -9999 -9999 -9999 -9999 -9999 -9999 -9999 -9999 -9999 -9999 -9999 -9999 -9999 -9999 -9999 -9999 -9999 -9999 -9999 -9999 -9999 -9999 -9999 -9999 -9999 -9999 -9999 -9999 -9999
955.514495849609 796.80150604248 829.510066986084 792.293268203735 582.011604309082 616.328521728516 533.874267578125 633.684753417969 770.777206420898 1238.16765594482 731.694549560547 992.607238769531 816.188842773438 1064.54857635498 797.227096557617 772.013336181641 700.66357421875 772.380905151367 907.763031005859 926.743751525879 1006.71159267426 -9999 -9999 -9999 -9999 -9999 -9999 -9999 -9999 -9999 -9999 -9999 -9999 -9999 -9999 -9999 -9999 -9999 -9999 -9999 -9999 -9999 -9999 -9999 -9999 -9999 -9999 -9999 -9999 -9999
988.949394226074 970.363883972168 944.440063476562 965.63387298584 859.135627746582 688.155693054199 596.150604248047 682.610260009766 562.228591918945 968.846252441406 1308.39305114746 665.613906860352 755.84065246582 1152.79682922363 763.658096313477 734.770248413086 1239.63775444031 979.615585327148 894.002479553223 775.244457244873 777.028400421143 746.6884765625 -9999 -9999 -9999 -9999 -9999 -9999 -9999 -9999 -9999 -9999 -9999 -9999 -9999 -9999 -9999 -9999 -9999 -9999 -9999 -9999 -9999 -9999 -9999 -9999 -9999 -9999 -9999 -9999
840.270847320557 817.656509399414 961.15612411499 1041.40382385254 721.986152648926 586.891693115234 1087.67839050293 729.793357849121 621.825225830078 1169.96987915039 1098.43864440918 1474.700756073 791.222549438477 947.195205688477 845.099731445312 797.27921295166 1403.86531448364 1121.254737854 723.713455200195 888.359956741333 1090.74548339844 897.828735351562 1041.60652548075 -9999 -9999 -9999 -9999 -9999 -9999 -9999 -9999 -9999 -9999 -9999 -9999 -9999 -9999 -9999 -9999 -9999 -9999 -9999 -9999 -9999 -9999 -9999 -9999 -9999 -9999 -9999
880.664672851562 719.621871948242 775.035934448242 906.159566879272 1360.22400474548 1297.02782440186 547.577850341797 573.808288574219 669.670433044434 746.337219238281 771.694366455078 701.824035644531 1218.30417251587 1330.07922744751 972.831323623657 981.194190979004 1073.19471740723 985.640029907227 786.771989822388 882.003841400146 1061.84034729004 830.604700088501 862.520851135254 -9999 -9999 -9999 -9999 -9999 -9999 -9999 -9999 -9999 -9999 -9999 -9999 -9999 -9999 -9999 -9999 -9999 -9999 -9999 -9999 -9999 -9999 -9999 -9999 -9999 -9999 -9999
743.152463912964 673.018173217773 765.485668182373 915.310698509216 946.659580230713 716.612892150879 726.562507629395 925.435325622559 725.731140136719 852.393222808838 733.315460205078 555.961814880371 860.401366233826 948.161323547363 1054.0896987915 1218.47828674316 683.554626464844 908.744976043701 826.794445037842 825.860229492188 817.032683372498 888.751148223877 866.194519042969 1042.28774261475 -9999 -9999 -9999 -9999 -9999 -9999 -9999 -9999 -9999 -9999 -9999 -9999 -9999 -9999 -9999 -9999 -9999 -9999 -9999 -9999 -9999 -9999 -9999 -9999 -9999 -9999
881.14684677124 829.012555122375 710.223514556885 787.547786712646 1065.75411987305 953.966773986816 721.6813621521 808.062488555908 665.941123962402 748.087661743164 903.514830589294 880.558418273926 926.991149902344 1088.33817371726 1254.10832881927 855.218410491943 919.528312683105 726.14030456543 862.950922012329 870.526386260986 771.156555175781 798.599990844727 1018.55270385742 1025.55654144287 898.168270111084 -9999 -9999 -9999 -9999 -9999 -9999 -9999 -9999 -9999 -9999 -9999 -9999 -9999 -9999 -9999 -9999 -9999 -9999 -9999 -9999 -9999 -9999 -9999 -9999 -9999
1273.18439102173 1568.61935424805 1011.27849960327 1107.80235671997 1268.14646911621 1012.93542480469 688.586532592773 589.627868652344 665.88501739502 1508.42867279053 771.461877822876 740.957344055176 875.114395141602 1144.60344696045 921.75535607338 1427.33184051514 880.129940032959 826.416874885559 941.60188293457 772.448036193848 874.915538787842 861.603105545044 973.715003967285 898.280128002167 793.805816650391 885.374153137207 -9999 -9999 -9999 -9999 -9999 -9999 -9999 -9999 -9999 -9999 -9999 -9999 -9999 -9999 -9999 -9999 -9999 -9999 -9999 -9999 -9999 -9999 -9999 -9999
1018.78165435791 901.304193496704 1396.29011535645 963.334674835205 1469.18933105469 1644.16709899902 1004.58660888672 1016.72107696533 897.531059265137 1015.73115539551 932.010848999023 808.0508852005 916.74059677124 868.724365234375 1130.22555541992 993.703765869141 804.524929046631 867.163764953613 1005.98284912109 705.530227661133 799.817506790161 950.732536315918 972.001251220703 860.440860748291 1093.19320678711 807.282035827637 -9999 -9999 -9999 -9999 -9999 -9999 -9999 -9999 -9999 -9999 -9999 -9999 -9999 -9999 -9999 -9999 -9999 -9999 -9999 -9999 -9999 -9999 -9999 -9999
1216.130859375 973.064901351929 1310.46615600586 903.419540405273 1122.88957595825 1272.12255859375 1416.83489227295 1174.62935066223 1038.48778915405 1217.36507415771 1149.84719848633 943.259841918945 1068.90431213379 815.417053222656 985.292755126953 908.521011352539 773.381053924561 727.594497680664 830.76841199398 808.052503585815 989.719314575195 682.002014160156 806.252252578735 843.493686676025 857.35275888443 820.293106079102 904.447079658508 -9999 -9999 -9999 -9999 -9999 -9999 -9999 -9999 -9999 -9999 -9999 -9999 -9999 -9999 -9999 -9999 -9999 -9999 -9999 -9999 -9999 -9999 -9999
1233.77614784241 1005.19010925293 1053.23696899414 958.417531967163 989.987594604492 1432.59510803223 1488.71290922165 1028.53528594971 1021.68244552612 997.203384399414 828.105279922485 797.05589723587 864.519065380096 889.620536804199 1152.60363769531 931.023635864258 797.684617996216 818.693088531494 745.119937896729 874.09100151062 795.609944343567 732.791641235352 820.694494247437 845.113676071167 926.441780090332 832.353790283203 840.930179595947 900.391719818115 -9999 -9999 -9999 -9999 -9999 -9999 -9999 -9999 -9999 -9999 -9999 -9999 -9999 -9999 -9999 -9999 -9999 -9999 -9999 -9999 -9999 -9999
1146.33486938477 904.691944122314 916.709987640381 1146.53704071045 978.641574859619 1128.24254608154 1335.61930847168 985.475631713867 1026.15004730225 773.872543334961 808.396492004395 770.602924346924 801.833588123322 994.400512695312 926.409484863281 990.740692138672 970.178749084473 855.45142364502 976.180755615234 846.61608505249 899.126655578613 919.475898742676 772.192157745361 884.941337585449 891.221641540527 763.447479248047 904.557018280029 934.238842010498 917.868728637695 -9999 -9999 -9999 -9999 -9999 -9999 -9999 -9999 -9999 -9999 -9999 -9999 -9999 -9999 -9999 -9999 -9999 -9999 -9999 -9999 -9999
994.589218139648 841.028541564941 875.041042327881 845.565353393555 1487.72891235352 927.559478759766 1134.77367401123 1230.51369690895 807.175308227539 851.682476043701 646.825820922852 860.665946960449 891.512702941895 964.037902832031 878.56649017334 920.648738861084 797.292427062988 966.127914428711 787.461044311523 927.370590209961 814.44842338562 751.159126281738 916.058372497559 902.553260803223 843.212804794312 851.956665039062 952.050651550293 838.056957244873 838.246006011963 -9999 -9999 -9999 -9999 -9999 -9999 -9999 -9999 -9999 -9999 -9999 -9999 -9999 -9999 -9999 -9999 -9999 -9999 -9999 -9999 -9999
779.919082641602 995.258369445801 1454.92244398594 1373.11737775803 872.167602539062 1190.17644500732 1496.71070480347 1156.21404099464 1180.25424194336 996.027187347412 786.553394317627 871.247287750244 798.272665023804 829.675987243652 668.92497253418 820.768033027649 1076.63145446777 850.205112457275 986.453643798828 869.858192443848 779.157127380371 765.674215316772 660.227981567383 818.404074668884 788.064056396484 911.526977539062 973.842994689941 979.186965942383 903.197368621826 902.693161010742 -9999 -9999 -9999 -9999 -9999 -9999 -9999 -9999 -9999 -9999 -9999 -9999 -9999 -9999 -9999 -9999 -9999 -9999 -9999 -9999
983.958923339844 964.619651794434 1010.43789672852 1458.84238433838 2007.76140594482 1134.0583190918 1180.50429153442 1132.14639663696 1341.00386810303 893.355888366699 942.225898742676 708.725540161133 674.428482055664 879.810981750488 787.829208374023 840.641918182373 819.367321014404 675.818962097168 921.187850952148 876.045043945312 781.43666267395 707.985992431641 898.325607299805 759.574020385742 698.262145996094 825.8521527946 821.211170196533 912.917600631714 892.38136100769 796.721912384033 700.21061706543 -9999 -9999 -9999 -9999 -9999 -9999 -9999 -9999 -9999 -9999 -9999 -9999 -9999 -9999 -9999 -9999 -9999 -9999 -9999
1054.02185440063 988.881031036377 985.391883850098 1477.33991241455 1543.14918518066 1433.81335449219 1586.40043640137 1182.10402679443 1194.09028625488 1118.85942077637 990.077878952026 1033.82502365112 1057.72821426392 1144.64805603027 837.289975643158 860.559799194336 906.880588531494 929.80793762207 897.05704498291 850.37689781189 805.281747817993 897.062782287598 814.50989151001 862.320104598999 982.92041015625 720.379287719727 921.176666259766 942.44917678833 889.069307327271 955.417869567871 833.585763931274 -9999 -9999 -9999 -9999 -9999 -9999 -9999 -9999 -9999 -9999 -9999 -9999 -9999 -9999 -9999 -9999 -9999 -9999 -9999
1252.12638092041 988.992172241211 803.372619628906 1576.64283752441 1281.41999816895 1467.47304534912 1305.57535552979 1203.12466859818 1879.79397583008 1489.50994873047 1222.38814163208 1199.02317428589 1236.9171295166 1863.69876861572 1156.89929103851 822.109367370605 1046.27941894531 846.459095001221 818.017996788025 836.81586265564 826.436447143555 948.95357131958 1008.00175476074 881.017101287842 749.268623352051 921.53190612793 1044.44415283203 994.794464111328 811.019889831543 810.2512550354 694.48030090332 987.497268676758 -9999 -9999 -9999 -9999 -9999 -9999 -9999 -9999 -9999 -9999 -9999 -9999 -9999 -9999 -9999 -9999 -9999 -9999
1086.95246505737 1008.6664352417 1003.53168106079 1237.87969970703 890.857318401337 1370.8199005127 1652.39538574219 1454.02786254883 1275.82011985779 1605.43539428711 1298.46398019791 1097.7512550354 1244.87471008301 1427.92111968994 1016.22974014282 1052.31783676147 1046.2377166748 769.788200378418 902.345062255859 949.05835723877 953.899490356445 811.451935768127 903.650772094727 811.198340415955 864.815914154053 843.216347694397 737.576324462891 895.507936477661 1045.65873718262 858.407081604004 842.190523147583 903.110599517822 1017.73778533936 -9999 -9999 -9999 -9999 -9999 -9999 -9999 -9999 -9999 -9999 -9999 -9999 -9999 -9999 -9999 -9999 -9999
786.452911376953 1014.23998069763 1436.68467330933 1117.17938232422 971.700248718262 1283.21711730957 1316.99346923828 1235.10005187988 1390.17474365234 1299.40343856812 1229.75496423244 1302.64318847656 1114.84627532959 1045.06948375702 1005.99671554565 969.569450378418 1093.66511535645 905.350479125977 1129.24243164062 910.432971954346 874.283966064453 921.981994628906 852.078542232513 970.034545898438 876.994487762451 861.107330322266 849.414838314056 846.429069519043 1045.568359375 733.224517822266 843.99548625946 886.682577133179 809.726974487305 -9999 -9999 -9999 -9999 -9999 -9999 -9999 -9999 -9999 -9999 -9999 -9999 -9999 -9999 -9999 -9999 -9999
