export/dem/dem32.asc
NCOLS 350
NROWS 171
XLLCORNER 152620
YLLCORNER 418050
CELLSIZE 100
NODATA_VALUE -9999
[rows 66 to 87 of 171, columns 100 to 149 of 350]
355.025535583496 400.20735168457 426.908700942993 476.701581954956 391.848358154297 397.73021697998 381.18579864502 441.145824432373 440.949405670166 509.024478912354 611.07177734375 367.01245880127 466.010725975037 518.294776916504 481.606880068779 480.572403550148 516.346195220947 616.870391845703 581.796928405762 623.717178344727 554.675788879395 481.258415222168 649.543701171875 503.696144104004 423.136604309082 548.033004760742 573.967914581299 577.239097595215 387.630561828613 633.821502685547 550.17872428894 577.432765960693 580.840194702148 643.695625305176 733.097412109375 519.344207763672 404.376419067383 430.917938232422 627.964466094971 743.56135559082 685.688262939453 441.260780334473 652.80394744873 539.073610544205 546.444291114807 628.831398010254 427.54573059082 615.348175048828 515.506498336792 532.85248374939
357.699577331543 326.591552734375 458.846328735352 517.083938598633 412.022872924805 580.298034667969 428.216957092285 538.398323059082 353.581657409668 463.279150009155 209.977966308594 516.447689056396 443.540718078613 427.441890716553 503.597978591919 531.403129577637 339.992584228516 591.257759094238 493.173517227173 595.192909240723 467.885583877563 463.017889022827 544.114463806152 579.537910461426 607.424858093262 407.555801391602 352.63249206543 450.055492401123 448.491752624512 404.45841217041 571.456390380859 595.994499206543 558.885932922363 591.321350097656 652.774391174316 614.430535793304 448.214340209961 572.539073944092 654.191572189331 529.403038024902 714.693801879883 534.391702651978 636.945007324219 581.524353027344 495.535552978516 742.398376464844 701.057525634766 531.896182060242 521.796581268311 611.237899780273
491.614128112793 417.810140609741 446.207473754883 482.180227279663 429.825595855713 364.924713134766 322.989761352539 394.471008300781 213.544769287109 437.703980326653 551.324554443359 580.625617980957 444.280082702637 533.469776153564 482.670629501343 613.677101135254 546.852424621582 501.71222114563 394.866882324219 481.98210811615 507.913101196289 615.575759887695 564.788139343262 525.899866104126 500.087933421135 439.298122406006 422.023941040039 550.47638130188 431.370491027832 496.583850860596 503.486446380615 377.437225341797 565.192613601685 588.562072753906 609.322505950928 553.424535751343 579.889756679535 586.372960448265 560.458060264587 634.054397583008 578.44448658824 655.629325866699 538.949617385864 696.276161193848 594.149557113647 601.665004730225 490.837432861328 543.759496688843 475.488563537598 482.840881347656
325.956390380859 535.612228393555 354.578903198242 451.116819381714 459.009379386902 447.253259658813 254.097229003906 454.150232315063 537.710506439209 408.153282165527 542.319442749023 445.682552337646 366.209609985352 422.242656707764 565.553382873535 529.613487243652 679.65690612793 547.705146789551 372.265594482422 497.799995422363 344.147148132324 594.169807434082 444.525371551514 514.698249816895 473.067825317383 609.364929199219 480.952850341797 392.005508422852 476.769691467285 523.576104164124 510.323122024536 624.009590148926 614.453796386719 685.921875 685.733070373535 550.427391052246 413.678115844727 604.309841156006 754.950485229492 538.389179229736 422.848281860352 463.839950561523 674.423225402832 707.547058105469 694.422416687012 597.293834686279 592.931047439575 538.262207984924 477.902900695801 425.233337402344
442.155607223511 306.385620117188 431.64421081543 325.121673583984 282.583038330078 441.356800079346 500.943019866943 380.505142211914 315.878143310547 437.177339553833 486.857361793518 424.982261657715 441.883487701416 566.192237854004 526.572040557861 563.122833251953 507.611513137817 356.05233001709 410.054618835449 380.010292053223 438.020252227783 551.288417816162 418.595542907715 379.669952392578 347.978073120117 462.764179229736 534.81760597229 594.786437988281 608.755790710449 565.818925857544 672.80615234375 592.111557006836 557.246463775635 599.551067352295 503.50806427002 656.125179290771 492.218318939209 577.509410858154 651.427017211914 402.651962280273 482.188297271729 674.893272399902 502.420837402344 553.489873886108 613.980079650879 764.220184326172 582.822487831116 485.379848480225 578.120157241821 537.213245391846
547.336000442505 356.006149291992 506.847225189209 248.877716064453 298.256637573242 376.084693908691 532.249549865723 643.670486450195 520.319202423096 375.735992431641 391.31884765625 337.305923461914 504.491924285889 426.774940490723 594.451316833496 617.129852294922 566.243934631348 447.389268875122 494.794074058533 376.068420410156 418.889301300049 415.806198120117 368.523101806641 456.276313781738 420.785453796387 453.349948883057 444.871627807617 543.769094467163 614.935760498047 639.811210632324 536.109294891357 636.88892364502 473.360076904297 666.726348876953 551.761415481567 654.865524291992 485.462921142578 704.929339244962 530.668853759766 647.860836029053 481.077964782715 553.520540237427 461.824844360352 824.701812744141 534.176445007324 736.597015380859 656.968032836914 519.269954681396 469.742652893066 468.107788085938
539.152732849121 296.138076782227 374.436553955078 441.343467712402 467.945960998535 539.533134460449 501.546406745911 540.2314453125 569.213714599609 441.953840255737 509.723449707031 534.891345977783 482.622656822205 421.050910949707 430.299564361572 660.887283325195 560.371288299561 470.672856330872 386.057350158691 359.982086181641 565.134765625 392.078842163086 518.725911140442 381.6982421875 509.6098985672 487.147846221924 478.795318603516 571.73021697998 662.514099121094 585.851829528809 520.743865966797 618.904663085938 648.874946594238 562.642526626587 628.957099914551 974.145130157471 527.560094118118 731.035015106201 870.922325134277 772.003227233887 732.769632339478 507.41810798645 589.915546417236 378.623992919922 581.60348033905 891.949085235596 621.464122772217 565.233085274696 570.877460479736 554.52404499054
464.954738616943 412.867248535156 378.114639282227 434.397327423096 389.808898925781 460.422187805176 425.626113891602 601.801483154297 437.87290763855 531.147651672363 467.590312838554 392.78369140625 455.095010757446 476.035629272461 531.882549285889 474.235290527344 497.116000175476 530.624607086182 365.022148132324 490.940009117126 530.406909942627 486.682300567627 521.28809928894 537.522548675537 563.715339660645 600.29532623291 621.763221740723 412.225555419922 543.179597854614 491.008329391479 465.985057830811 508.16685628891 493.770317077637 958.855171203613 829.89282989502 737.138913154602 599.449600219727 947.629058837891 761.692187726498 533.156753540039 653.325647354126 352.658294677734 536.066970825195 500.579322814941 444.642000198364 642.553405761719 876.602502822876 627.657279968262 400.618759155273 538.835964202881
418.301002502441 533.267404556274 359.05500793457 434.019115447998 496.714431762695 522.802131652832 338.680633544922 326.611968994141 509.769546508789 403.833023071289 434.511318206787 468.039268493652 472.145014554262 425.138832092285 539.002132415771 388.336471557617 464.81852722168 551.283508300781 586.521011352539 356.671264648438 757.778625488281 602.162010192871 520.098400115967 412.628883361816 282.622894287109 565.685207366943 471.191123962402 532.287939071655 517.61251449585 603.136707305908 500.292882919312 528.973125457764 765.354484558105 771.896627426147 702.907405853271 757.253768920898 485.515300750732 843.709274291992 532.025177001953 706.209259033203 657.831453129649 390.288799285889 363.526000976562 407.636497497559 556.595878601074 529.294860839844 476.034240722656 663.28125 1044.15032100677 659.618362426758
501.171476364136 585.528961181641 510.401025295258 544.273254394531 356.605651855469 370.053787231445 486.706181675196 381.64786529541 575.745986938477 402.913650512695 633.509536743164 626.794876098633 599.408638000488 615.289169311523 525.794822692871 524.385040283203 464.84512257576 534.264158248901 292.069671630859 518.743757247925 486.714555740356 476.882608413696 552.970703125 326.523376464844 259.809051513672 549.391456604004 437.823539733887 517.882593154907 516.252710342407 480.925048828125 637.585180282593 498.787033081055 525.075828552246 590.52906036377 535.107437133789 672.156982421875 379.948078155518 741.467918395996 565.213676452637 704.319632530212 759.352149963379 374.883533477783 477.676513671875 463.490989685059 316.085494995117 493.112819671631 522.868288040161 573.856796324253 492.216958999634 469.683586120605
738.101497650146 647.457691192627 555.722618103027 539.621891021729 421.333686828613 433.701831817627 419.410999298096 656.315414428711 557.652038574219 375.316177368164 506.729074478149 417.266696929932 547.895568847656 565.302200317383 557.331771850586 557.324363708496 542.110321044922 543.809501647949 453.614185333252 591.016319274902 709.65202331543 533.150758743286 450.198612213135 595.088500976562 526.305753231049 530.718479156494 526.425676822662 540.008291244507 495.808851242065 562.978449832648 506.416091263294 353.45435333252 368.18868637085 607.215712308884 562.849609375 553.086845397949 467.517910003662 605.947494506836 703.196075439453 627.473243713379 548.239059448242 430.479583740234 421.417526245117 419.214233398438 342.520317077637 776.715354919434 762.188140869141 428.386344909668 633.88256072998 646.551502227783
456.313621520996 411.782012939453 552.369964599609 838.191252708435 469.17423248291 481.789000511169 514.167461395264 572.663986206055 474.632169723511 415.510589599609 374.330917358398 506.164778709412 404.810661315918 444.842910766602 579.398468017578 588.51148223877 544.561637878418 612.880332946777 515.468233108521 577.296783447266 615.895156860352 596.826866149902 603.151679992676 493.98016166687 562.734230041504 345.344848632812 486.309803009033 486.025032043457 551.863456726074 422.026489257812 454.613426208496 335.023857116699 486.027889251709 329.484664916992 655.374252319336 613.846387863159 467.61695098877 779.055381774902 675.803611755371 767.435478210449 448.026454925537 631.165100097656 484.22200012207 495.658027648926 459.324628353119 644.752883911133 756.385223388672 463.61555480957 531.738876342773 657.189491271973
463.418724060059 464.631927490234 486.427642822266 584.148364067078 495.786285400391 664.666507720947 563.36466217041 556.86506652832 506.587678909302 603.321357727051 527.334733963013 877.442918777466 466.533714294434 420.091800689697 566.412185668945 505.614381790161 483.522796630859 653.994903564453 558.213134765625 546.571552276611 635.114616394043 451.438446044922 406.833625793457 313.280090332031 445.235191345215 608.966667175293 589.075748443604 493.231258392334 454.8173828125 538.245559692383 453.312274932861 359.776077270508 586.822021484375 421.326772689819 340.032005310059 535.942901611328 379.44425201416 522.645195007324 705.022850036621 602.77108335495 439.318466186523 652.625686645508 527.176635742188 445.001134872437 418.054443359375 375.976684570312 464.060154438019 442.033174514771 394.292335510254 568.515243530273
547.911506652832 399.811561584473 435.022895812988 502.48083114624 438.488357543945 483.697113037109 817.098415374756 544.973390579224 494.809264183044 504.02429151535 592.64030456543 560.998527526855 349.204879760742 557.245548248291 422.167266845703 496.148653030396 626.453369140625 516.750598907471 610.204376220703 475.118801116943 617.204521179199 526.387605667114 560.251861572266 558.375839233398 544.232797622681 576.128242492676 573.49969291687 585.759326934814 422.265236854553 427.420014858246 461.203609466553 592.50830078125 441.184547424316 438.502310276031 300.616912841797 502.591613769531 597.716187477112 493.814796447754 615.417140007019 636.810260772705 474.498928070068 468.02268409729 612.933532714844 803.150573730469 555.097846984863 552.378936767578 538.603973388672 457.724240064621 441.365238189697 649.010635375977
619.144730091095 462.999435424805 460.78239440918 396.922714233398 461.644378662109 462.974853515625 584.761837005615 843.615867614746 437.974235534668 450.999519348145 424.001487731934 430.157455444336 521.759147047997 452.76700592041 441.764221191406 539.094472885132 359.714935302734 602.267219543457 576.061103820801 754.493911743164 495.836674690247 420.035377502441 552.161497116089 575.802913665771 483.638397216797 586.490692138672 540.682558059692 375.285575866699 470.613611221313 397.577774047852 417.806090354919 459.543258666992 434.852729797363 414.267059326172 479.523597717285 501.363899230957 458.301696777344 542.485622406006 701.670951843262 625.239229202271 409.276428222656 547.709087371826 456.13564491272 644.193405151367 673.523941040039 458.716613769531 527.050640106201 470.940134048462 490.401058197021 526.548950195312
668.229801177979 549.791145324707 583.087421536446 552.951480865479 748.325798034668 645.054470062256 520.752439498901 436.606750488281 606.834369659424 331.663482666016 304.047943115234 429.475536346436 426.47582244873 585.557960510254 439.194286346436 562.488636016846 448.863014221191 638.328071594238 653.139511108398 602.512153625488 505.359809875488 578.734069824219 667.15673828125 343.585311889648 565.163385391235 504.861896514893 552.745210647583 349.249862670898 528.805526733398 352.126823425293 249.955612182617 398.205295562744 350.166488647461 514.572578430176 498.042335510254 441.225692749023 651.32137298584 574.840211868286 700.757835388184 691.298400878906 581.297779083252 699.347686767578 612.066547393799 725.418608665466 670.058116912842 625.484996795654 432.471015930176 439.274200439453 632.056495666504 673.588802337646
528.932255744934 677.831848144531 514.020599365234 720.264289855957 664.585651397705 659.281089782715 752.434593200684 698.700569152832 495.124347686768 402.792091369629 447.896034240723 468.04264831543 440.414428710938 603.58031463623 514.667219161987 443.944835662842 606.183128356934 649.799118041992 714.529281616211 541.397727966309 475.919700622559 608.862091064453 593.768486022949 506.149505615234 504.682434082031 510.070999145508 565.061763763428 460.550628662109 636.228736877441 598.877531342208 474.752754211426 495.769287109375 465.522941589355 497.850372314453 548.240230560303 542.847896575928 655.605281829834 717.60587310791 718.731513977051 792.696517944336 739.201942443848 748.486351013184 615.617300033569 631.670576572418 658.584583282471 594.258116722107 665.988681793213 754.581970214844 680.837944030762 645.072443962097
498.072734832764 291.782135009766 390.947845458984 566.549470901489 657.515632629395 632.229257583618 652.053173065186 698.325073242188 505.232276916504 684.664123535156 441.741096496582 479.981401443481 612.163108825684 419.881530761719 591.035842895508 681.139602661133 553.353488922119 522.683361053467 566.537891387939 565.995040893555 458.234142303467 366.271987915039 535.177238464355 608.369590759277 517.877082824707 555.917247056961 605.43208694458 753.996349334717 683.396118164062 741.67561340332 652.879871368408 630.233623504639 527.057991027832 513.655754089355 380.834846496582 434.833709716797 685.228912353516 629.507125854492 476.420265197754 644.18176651001 548.303382873535 710.614656448364 455.720809936523 623.015327453613 552.921405792236 434.963817596436 484.995199203491 638.809387207031 832.803550720215 812.483890533447
712.012264251709 645.293996810913 712.005653381348 503.274442672729 460.485301971436 788.75080871582 639.113191604614 676.86784362793 543.367477416992 981.091972351074 578.890972137451 514.282687902451 654.541015625 643.270614624023 602.450782775879 551.073871612549 557.342403411865 504.585092544556 511.570274353027 383.460159301758 549.518417358398 420.04663848877 477.809658050537 526.352317810059 546.185514450073 554.250154495239 562.910321712494 659.433578491211 515.379341125488 689.174255371094 665.60343170166 526.528926849365 469.525871276855 629.208938598633 400.785404205322 363.282657623291 572.704616546631 607.562553405762 540.87677192688 521.935797929764 520.074596405029 668.619750976562 652.895896911621 559.316066741943 575.430145263672 470.773361206055 527.184883117676 822.642181396484 733.472225189209 645.544403076172
582.85684967041 423.142028808594 586.416946411133 684.446926116943 534.823986053467 527.464323997498 617.637512207031 550.174945831299 572.256677627563 601.812232971191 572.18416595459 479.743325471878 474.913074493408 560.440582275391 722.058547973633 572.793537139893 496.306960105896 575.049545288086 504.389124393463 446.09769821167 411.009262084961 371.420944213867 469.371959686279 509.495446205139 490.886190414429 609.487827301025 600.479852676392 547.62606048584 616.334213256836 520.801399230957 520.682376861572 543.790184020996 559.19409942627 420.035008192062 360.927688598633 354.964073181152 499.650735855103 559.103183746338 539.8968334198 569.148059844971 424.959045410156 620.940776824951 791.825698852539 1044.88192749023 824.361326336861 369.675552368164 512.631118774414 623.222141742706 751.433364868164 475.698551177979
423.699951171875 525.855987548828 601.888935089111 617.220771789551 621.850498199463 640.926483154297 501.587127685547 688.114372253418 578.19372177124 557.823265075684 588.078254699707 617.326736450195 524.567223072052 515.299361228943 369.519592285156 507.392479509115 466.683734893799 802.602416992188 581.563278198242 414.499885559082 532.13880443573 456.163860321045 413.699043273926 657.990951538086 631.813041687012 509.967901229858 544.367220401764 779.039016723633 576.880126953125 491.373023986816 568.720707893372 835.069305419922 668.126502990723 277.272308349609 481.20491027832 342.734809875488 538.195764541626 615.274196624756 585.431867599487 449.172958374023 689.501136779785 398.95426940918 717.652507781982 1005.1880531311 758.351371765137 678.733821868896 751.308303833008 630.282089233398 647.36759185791 484.007413864136
-9999 -9999 615.837086677551 832.869667053223 594.397201538086 654.993404388428 777.234436035156 554.99462890625 784.014602661133 654.843597412109 578.354691028595 575.596164703369 381.042343139648 480.82096862793 551.765913009644 557.961145401001 548.755857467651 528.145799636841 461.952186584473 523.544177055359 337.546493530273 551.216449737549 481.891794204712 466.925075531006 423.17911529541 570.428867340088 591.455810546875 665.632923126221 704.487935066223 769.311538696289 411.894592285156 675.23656463623 754.601356506348 433.035339355469 489.519859313965 520.126441955566 597.952770233154 615.513442993164 568.198244094849 521.600212097168 595.660957336426 748.082862854004 937.389694213867 999.959602355957 854.873077392578 647.879486083984 719.221190929413 -9999 -9999 -9999
