export/dem/dem3.asc
NCOLS 350
NROWS 171
XLLCORNER 152620
YLLCORNER 418050
CELLSIZE 100
NODATA_VALUE -9999
[rows 66 to 87 of 171, columns 200 to 249 of 350]
670.897396087646 566.922805786133 668.066129684448 697.535856246948 621.114921569824 759.164756774902 640.518233299255 548.719520568848 599.667346954346 668.391231536865 577.149990081787 453.525314331055 705.600784301758 638.945699691772 526.03662109375 651.970996379852 603.694801330566 722.69571685791 700.263938903809 740.435119628906 602.122844696045 630.09105682373 550.99063873291 721.192413330078 755.09937286377 628.668334960938 442.486175537109 609.850557088852 494.879592895508 434.078712463379 359.412109375 628.602767944336 539.265869140625 437.203231811523 690.977546691895 459.395050048828 793.881492614746 590.190059661865 528.451194763184 481.599639892578 664.628458023071 719.886260986328 584.971431732178 663.40523147583 666.894996643066 827.937042236328 588.91117477417 635.861022949219 609.579727172852 778.331466674805
676.238525390625 669.971420288086 812.623260498047 757.147964477539 671.484796524048 638.4074177742 630.829169750214 575.454551696777 592.835277557373 493.094482421875 737.553642272949 648.714784622192 706.036148071289 587.99333190918 493.003896713257 697.726722717285 573.579982757568 649.930732727051 800.732162475586 891.268589019775 637.757400512695 588.053056716919 638.977794647217 666.525283813477 593.578113555908 622.779411315918 653.909885406494 481.640663146973 531.588348388672 515.769706726074 560.704917907715 441.109985351562 624.385730743408 646.442807197571 803.26798248291 883.628150939941 753.851432800293 526.897850036621 637.709533691406 718.441703796387 628.67308807373 599.900005340576 617.526086330414 623.665249347687 683.557029724121 695.865940093994 698.537124633789 785.824371337891 744.379371643066 731.828468322754
660.154491424561 767.107917785645 562.059776306152 602.114337921143 766.488311767578 618.841815948486 532.181602478027 563.310272216797 658.883506774902 654.883031845093 659.335997581482 572.906303405762 736.468231201172 685.485124588013 729.74210357666 539.194473266602 503.400497436523 673.781402587891 634.23556804657 780.457748413086 753.322746276855 635.565189361572 672.478507995605 622.251877307892 713.20140838623 474.305892944336 772.256378173828 632.300495147705 764.533493041992 600.29948425293 687.735898971558 741.24658203125 614.956262588501 694.743049621582 464.478118896484 698.820573687553 661.881565093994 628.976053237915 584.187408447266 675.328011989594 554.378532409668 534.744178771973 746.768173217773 676.203220367432 678.374271392822 755.878616333008 735.71312713623 759.15421295166 774.527297973633 681.215911865234
672.091814041138 656.052256584167 657.260931015015 612.861477851868 498.258575439453 643.872891426086 567.356060028076 420.630813598633 681.722297668457 596.053329467773 566.889266967773 628.676727294922 585.436996459961 642.382953643799 682.091497421265 622.551613360643 563.644943237305 776.875030517578 576.11506652832 724.762111663818 741.540908813477 775.365631103516 700.245014190674 524.204528808594 605.141910552979 467.605758666992 658.924877166748 634.916938781738 719.56103515625 546.563667297363 580.05103302002 606.486400604248 660.071899414062 689.164574623108 760.500545501709 742.554466247559 726.45654296875 612.057462692261 741.156158447266 710.016506195068 693.55924987793 693.341823577881 661.953603744507 772.68196105957 571.120922088623 640.132564544678 636.572826385498 590.990592956543 672.872283935547 776.199798583984
661.686643600464 735.203971862793 493.614639282227 770.921783447266 640.578315734863 535.331428527832 622.382615089417 580.461944580078 822.784561157227 735.447257995605 710.460330963135 832.91471862793 569.186114311218 670.084579467773 616.538950443268 705.124725341797 735.16764831543 609.492895126343 622.438756942749 744.589340209961 748.698822021484 695.492767333984 673.321994781494 585.269081115723 723.315101623535 687.259078979492 722.481056213379 503.325309753418 592.723239898682 666.708770751953 718.545463562012 644.08878326416 544.094421386719 462.45556640625 682.783071517944 738.182273864746 615.788753509521 653.888372421265 625.031822975725 638.339622497559 677.690864562988 376.758697509766 617.235855102539 448.348297119141 680.44348526001 667.218315124512 736.668144226074 777.877090454102 572.037494659424 595.937618255615
718.678565979004 609.450983047485 758.742706298828 558.053745269775 689.581077575684 852.981094360352 702.082103729248 711.046882629395 760.798873901367 759.935325622559 676.229110717773 512.403182983398 710.440139770508 634.937487602234 458.676620483398 689.682342529297 485.171051025391 580.603187561035 728.407787322998 765.460914611816 725.234476089478 775.406784057617 751.265274047852 562.743965148926 541.270553588867 648.485080718994 608.470949172974 536.474342346191 544.752151489258 540.308860778809 612.443843841553 685.302062988281 602.850016593933 712.494964599609 652.491183280945 658.803457260132 575.822555541992 629.286302566528 541.838996887207 539.468620300293 519.601547241211 699.39436340332 644.622394561768 664.650157928467 605.256877064705 705.565956115723 648.243576049805 686.721728801727 808.385971069336 575.421943664551
643.185848236084 555.205146789551 672.708759307861 748.631446838379 629.295617103577 615.93958568573 641.857969284058 607.752670288086 702.380920410156 549.696159362793 734.176025390625 769.574768066406 680.599620819092 628.520920276642 678.916305541992 574.774936676025 654.465782165527 617.066589355469 795.083320617676 761.521286010742 621.857971191406 704.521068572998 517.020027160645 651.614938735962 772.694107055664 595.666074752808 495.737808227539 626.184017181396 643.261528015137 633.085417747498 625.959610104561 619.336204528809 497.380264282227 564.602546691895 664.233699798584 687.478004455566 462.44172668457 655.951713562012 703.084098815918 614.183878898621 701.898048400879 614.315853118896 643.850900650024 653.978499412537 710.377197265625 644.05277633667 595.2965965271 581.073692321777 677.52613067627 658.093545913696
681.694232940674 697.43147277832 524.409820556641 661.093296051025 625.54471206665 518.759162902832 776.275924682617 713.973930358887 677.936193466187 728.154991149902 662.029907226562 615.370964050293 763.605918884277 570.632743835449 643.416927337646 473.702514648438 596.278408050537 680.760710716248 744.410513937473 742.617401123047 794.938367843628 772.668920516968 531.223510742188 643.661385536194 726.261535644531 639.37479019165 468.070816040039 492.230377197266 618.710111141205 670.37914276123 546.075164794922 556.345703125 790.454881668091 560.676792144775 637.05500793457 522.656684875488 663.403629302979 630.967948913574 797.108840942383 648.98811340332 785.570022583008 436.875015258789 721.689781188965 636.028160333633 697.349720001221 614.182062149048 690.648803710938 753.475166320801 562.450294494629 720.399757385254
718.193588256836 692.174789428711 653.738893508911 680.703407287598 614.617059707642 642.723360061646 650.941675186157 671.251903533936 648.84330368042 674.670665740967 722.803253173828 751.375221252441 564.73201751709 612.969989776611 598.091743469238 733.34610748291 615.374845504761 568.133888244629 692.735294342041 765.115550994873 920.404632568359 971.210723876953 1191.6555480957 822.791666552424 747.179454803467 789.694980621338 555.553779602051 509.651069641113 592.104179382324 515.471809387207 644.567064285278 781.755126953125 612.132144927979 670.72981262207 684.121505737305 728.151725769043 489.694396972656 596.505453109741 655.390491485596 646.113834381104 633.774929046631 800.771301269531 669.535558700562 637.143208026886 485.592643737793 650.319047927856 621.699531555176 655.07825088501 721.049217224121 677.267974853516
709.655364990234 697.546195983887 709.54069519043 641.018690109253 592.335693359375 649.032199859619 723.319778442383 633.914962768555 691.411285400391 629.150884628296 638.887350082397 657.507621765137 499.788726806641 734.518459320068 645.15574836731 632.784110069275 506.387550354004 637.206567764282 632.808952331543 760.769285202026 747.884735107422 828.461952209473 841.089500427246 792.410140991211 707.455177307129 736.425148010254 964.062858581543 596.483963012695 681.079139709473 724.435272216797 639.526504516602 857.188541412354 508.527313232422 800.097229003906 631.341718673706 582.501132965088 513.130722045898 567.150485992432 589.504337310791 633.646822929382 609.198863983154 744.682815551758 640.591506958008 669.357627868652 629.561221122742 722.392288208008 595.539574623108 668.511608123779 704.797828674316 532.658195495605
554.154884338379 647.181858062744 778.098007202148 594.130723953247 497.270645141602 487.197784423828 697.710861206055 568.186828613281 558.175750732422 732.697734832764 711.616508483887 554.209594726562 749.383911132812 660.652189254761 730.017868041992 623.265291213989 436.32585144043 512.129440307617 691.689338684082 691.27417755127 784.635406494141 808.780639648438 726.366140365601 785.816566467285 784.00345993042 729.566575050354 772.027959823608 799.992752075195 881.529483795166 660.194679260254 1240.40271759033 662.651760101318 610.231280505657 667.1569480896 686.943576812744 627.214756011963 824.453231811523 615.208344459534 642.836327552795 646.246441602707 718.594047546387 670.126361846924 522.818832397461 681.853805541992 757.19921875 589.857597351074 614.260800361633 677.658527374268 676.83581161499 648.621887207031
651.583003997803 666.466239929199 796.457702636719 588.875749588013 714.311592102051 572.609596252441 560.702964782715 619.476161956787 600.791687011719 790.434852600098 543.804718017578 616.103485107422 656.13724899292 692.026100158691 660.367835998535 645.008182525635 571.913269042969 727.039596557617 934.11408996582 978.710159301758 904.558715820312 773.433689117432 777.13890838623 928.634071350098 808.815086364746 885.588539123535 740.898614883423 836.817405700684 1054.11223220825 1042.10250854492 720.242345809937 834.758071899414 640.175010681152 842.332145690918 636.225968360901 607.465110778809 737.538581848145 822.558929443359 615.341270446777 685.104030609131 590.391914367676 688.788867950439 669.859809875488 570.412532806396 499.211875915527 586.293586730957 513.857765197754 669.443218231201 552.150886535645 763.337677001953
742.752807617188 629.858255386353 438.978286743164 651.519710540771 480.152473449707 518.212059020996 627.334477543831 750.551818847656 682.436353683472 704.796655654907 582.826110839844 657.426225185394 636.760056495667 685.95202255249 641.314223766327 520.60213470459 646.576133728027 578.393600463867 687.396158218384 817.515258789062 945.001838684082 937.380036354065 685.867176055908 791.824661254883 759.730766296387 814.952247619629 674.045570373535 1100.01275634766 1202.13127708435 1250.46130752563 837.299949645996 616.318389892578 777.873696327209 632.139854431152 733.022064208984 667.488943099976 723.299339294434 614.097923278809 737.740943908691 695.949970245361 735.077592849731 708.380512237549 658.869744300842 663.675235748291 658.577919006348 795.720245361328 623.157577514648 668.498146057129 546.083068847656 813.69775390625
670.836193084717 671.827644348145 679.247035980225 469.2138671875 709.943214416504 690.795036315918 719.967590332031 642.959774971008 622.473501205444 561.686462402344 576.232429504395 564.007881164551 478.090286254883 661.861897945404 544.24195098877 620.243328094482 527.521095275879 623.201536178589 704.87858581543 807.246864318848 737.7746925354 958.164596557617 687.854461669922 755.252914428711 642.183990478516 761.007015228271 677.501703262329 906.116424560547 1240.97976303101 1124.70094299316 1092.88121688366 964.036045074463 624.113815307617 740.077659606934 531.97314453125 702.031135559082 735.736892700195 740.641304016113 636.224758148193 664.70432472229 709.473217010498 718.095657348633 649.034021377563 647.583533287048 708.673202514648 581.462898254395 650.370888710022 654.042657852173 681.802093505859 635.158668518066
567.725227355957 585.532081604004 548.439910888672 739.957710266113 696.797203063965 558.046257019043 589.91291809082 692.644653320312 606.990619659424 639.890789031982 482.733047485352 623.893859863281 573.390899658203 623.585029602051 623.38924407959 689.22265958786 654.463369369507 752.406524658203 746.74568939209 634.654396057129 649.758350372314 690.936542510986 674.819695472717 625.843238830566 695.212030410767 774.315780639648 604.631546020508 720.001712799072 849.27202796936 812.576210021973 920.625835418701 1242.72435283661 1036.23239326477 788.976455688477 1227.18197631836 753.188165664673 793.527648925781 670.618744134903 654.217554092407 835.144088745117 596.368766784668 716.970092773438 637.676656723022 558.735725402832 623.096748352051 738.520164489746 634.628904342651 596.832500457764 642.559741973877 471.6787109375
677.150358200073 561.136978149414 682.618049621582 724.000907897949 732.550277709961 660.432624816895 692.197395324707 697.05534362793 496.729293823242 738.573860168457 569.972434997559 666.860963821411 480.732299804688 592.482627868652 640.398525238037 642.845294952393 560.396598815918 648.926041841507 545.502388000488 719.012825012207 755.276550292969 589.822486877441 755.617004394531 781.02507019043 549.149215698242 776.41242980957 734.530899047852 725.710868835449 862.215297698975 709.93537902832 654.31782913208 949.042226791382 823.400342941284 1070.22418308258 949.431392669678 1053.90590667725 829.607498168945 604.516773223877 756.186656951904 719.995487213135 593.090286254883 794.368629455566 616.726662993431 748.288864135742 747.750701904297 676.689377784729 631.720100402832 769.205749511719 624.907037205994 519.99430847168
620.284732818604 662.715589523315 684.462478637695 732.916877746582 601.845085144043 626.233839035034 614.312389373779 625.155410766602 649.624673843384 470.802703857422 635.758647918701 623.629837036133 649.001922607422 675.305711746216 600.768440246582 625.336824417114 599.47038269043 655.302509307861 640.202343776822 671.966089248657 527.187606811523 672.071170806885 832.927581787109 835.823440551758 655.028328597546 535.135894775391 681.750022888184 797.550964355469 788.670694351196 587.929466247559 842.290374755859 779.512617111206 860.226783752441 1245.03025078773 1033.53032684326 1214.78098297119 848.103492736816 639.287719726562 730.11083984375 784.662956237793 756.58625793457 748.601013183594 908.083053588867 724.55638885498 624.523410797119 587.281446456909 810.029769897461 791.484802246094 707.691650390625 758.959037780762
742.093391418457 628.47487449646 729.051658630371 641.703071594238 646.011319160461 684.088844299316 746.587310791016 644.68009185791 509.73747253418 612.188491821289 573.003868103027 627.994361877441 686.779476165771 705.361679077148 640.610287666321 630.980832576752 621.382543563843 711.306106567383 603.890434265137 737.900367736816 883.841415405273 510.943450927734 674.483749389648 567.775482177734 644.025890350342 732.460680007935 515.534606933594 594.420570373535 776.195747375488 568.092864990234 619.019359588623 757.712593078613 1044.26625061035 1336.34114074707 1102.49266815186 1153.71592712402 1041.13792037964 896.238319396973 655.904357910156 673.200057983398 734.64917755127 527.804214477539 568.581909179688 815.883232116699 752.185770988464 658.680358886719 804.83186340332 711.548789978027 729.893432617188 721.793731689453
732.538967132568 682.347684860229 822.529327392578 593.484294891357 509.894912719727 673.828491210938 565.018600463867 698.669525146484 501.354125976562 605.433540344238 718.661552429199 573.972427368164 514.072731018066 628.494682312012 847.060256958008 624.542707443237 592.720664978027 653.126094818115 556.781631469727 579.258010864258 651.302782058716 622.698894500732 787.640365600586 604.493362426758 589.061889648438 654.099512577057 567.889045715332 639.053684234619 711.824649810791 733.712677001953 738.493530273438 834.959632873535 882.931106567383 976.405960083008 985.409526824951 1042.91644668579 821.82071685791 803.917680740356 775.471092224121 827.067245483398 797.17885017395 800.551727294922 754.467617034912 759.327545166016 945.407234191895 1142.26762390137 1116.36932945251 1090.12755584717 743.742752075195 713.501167297363
770.913078308105 610.186687469482 676.112190246582 642.945672988892 584.308874130249 657.206718444824 778.826095581055 545.882682800293 720.909961700439 556.423782348633 678.15284538269 877.869659423828 640.049565315247 654.144737243652 615.918933868408 580.379936218262 550.84944152832 460.076614379883 617.871814727783 651.832668304443 574.588226318359 615.642747879028 587.467414855957 562.743606567383 581.082725524902 724.551559448242 792.863246917725 657.451608657837 538.010009765625 716.268505096436 755.294746398926 849.152770996094 915.743446350098 795.428409576416 795.12865447998 764.002135276794 661.352428436279 803.206588745117 689.536067008972 781.603790283203 814.522964477539 647.088850736618 482.764511108398 603.372100830078 797.650279998779 848.824724197388 989.797630310059 992.72852897644 1101.80843353271 835.171157836914
731.968360900879 860.863143920898 631.436458587646 713.6516456604 776.221145629883 534.391319274902 631.191379547119 623.119218349457 551.87525177002 631.007900238037 690.679359436035 859.923812866211 674.18588924408 584.60848236084 575.046821594238 582.503517150879 630.850631713867 509.692855834961 631.282803893089 564.407447814941 679.15913772583 583.398933410645 649.257163047791 725.962821960449 598.550270080566 742.167854309082 597.453800201416 797.632946014404 562.1845703125 705.320388793945 821.635635375977 725.598648071289 733.131149291992 653.858450889587 748.793682098389 676.334609985352 675.918977022171 756.840057373047 836.13102722168 769.5931224823 801.940812110901 671.817443847656 764.606399536133 651.664199829102 809.989265441895 934.525760650635 898.805027008057 968.580491065979 930.119042396545 808.753784179688
673.301914215088 540.989028930664 747.470207214355 665.184896469116 723.805320739746 591.064186096191 654.894401550293 731.879676818848 651.135143280029 649.089389801025 737.153411865234 770.427978515625 713.920787811279 679.368055582047 741.844879150391 504.020980834961 631.368606567383 496.688461303711 590.236518859863 614.92174911499 638.714655041695 558.388397216797 676.194156646729 636.883693218231 775.075210571289 705.809782028198 561.631134033203 717.28702545166 1271.89302825928 726.22386932373 618.164506912231 694.309425354004 712.181129455566 767.295257568359 665.169404029846 628.443370819092 745.055503845215 641.267291069031 771.593235015869 828.037559509277 561.225524902344 887.340179443359 732.015157699585 766.221799373627 728.826848983765 766.961318969727 1064.20021057129 1073.74238204956 982.712616920471 955.154205322266
