export/dem/dem35.asc
NCOLS 350
NROWS 171
XLLCORNER 152620
YLLCORNER 418050
CELLSIZE 100
NODATA_VALUE -9999
[rows 44 to 65 of 171, columns 50 to 99 of 350]
609.605728149414 850.805763244629 848.007270812988 874.815361022949 530.942733764648 437.160271644592 605.128143310547 644.296813964844 448.709861755371 511.222885131836 934.83394908905 641.658264160156 650.168670654297 694.291015625 454.416614532471 525.781845092773 511.322368621826 624.121887207031 471.720531463623 306.25658416748 249.430816650391 382.99919128418 479.397518157959 460.719886779785 543.358245849609 492.394798278809 345.037815093994 450.960414886475 502.03084564209 439.408563673496 432.137844085693 408.177108764648 336.14030456543 593.382247924805 601.251205444336 581.066589355469 549.393005371094 582.29753112793 296.943702697754 354.540092468262 444.129517555237 467.429531097412 496.212356567383 575.270294189453 361.262672424316 435.561680793762 400.443048477173 482.704559326172 249.916290283203 411.597743988037
806.360195159912 727.322616577148 598.524013519287 881.364837646484 634.856918334961 467.862525939941 569.35400390625 462.48957824707 470.025424957275 686.983034133911 396.556861877441 572.804046630859 517.477832794189 637.128692626953 600.330307006836 254.038024902344 437.810579299927 384.304187774658 395.543646812439 497.652954101562 359.601249694824 420.19596529007 497.374504089355 573.95435333252 388.497882843018 498.407852172852 583.418273925781 473.107227325439 489.196006774902 463.076431274414 378.102439880371 303.478469848633 398.620616912842 576.762176513672 555.230041503906 457.307554244995 536.44051361084 453.546050071716 488.095565795898 309.490608215332 360.112274169922 488.360157012939 362.036972045898 627.130172729492 439.250462055206 428.53084564209 379.616458892822 413.96325302124 501.767547607422 312.926910400391
615.715616226196 307.664352416992 482.735668182373 608.179061889648 482.456352233887 420.200180053711 436.422073364258 496.068420410156 661.716226816177 628.201477050781 613.995956420898 594.180053710938 542.488475799561 546.180908203125 578.53133392334 472.760368347168 385.013671875 461.310615539551 509.844009399414 395.234366416931 375.715861320496 488.233337402344 590.579681396484 427.793259620667 480.753150939941 403.97460269928 336.945907592773 349.560768127441 415.016166687012 378.560218811035 435.312729686499 491.939376831055 353.598949432373 417.896111965179 422.986226081848 604.734176635742 502.248542785645 401.810417175293 478.284652709961 400.303779602051 462.723585128784 402.918548583984 371.553466796875 507.544830322266 494.761993408203 505.201530456543 473.828968048096 429.496116638184 349.806617736816 271.564193725586
530.997436523438 465.320816040039 334.950050354004 453.654371649027 388.815818309784 496.903883576393 1069.20071983337 862.05517578125 421.211326599121 561.86304473877 441.250122070312 705.285018920898 556.577003479004 598.635787963867 566.697150230408 411.552551269531 499.936553955078 414.196666240692 385.762138366699 543.367568969727 432.196199417114 404.943710327148 373.829294204712 451.426258087158 388.429734230042 613.279724121094 536.767272949219 465.380664825439 421.259872436523 454.793594360352 448.190454483032 613.12255859375 421.989646911621 561.100646972656 440.159346580505 462.032480239868 501.304527282715 435.209651947021 486.278663635254 499.135513305664 261.296844482422 635.681274414062 400.122657775879 331.986320495605 474.684753417969 393.46471786499 436.420946598053 454.436424255371 347.234153747559 320.993942260742
380.946113586426 371.56755065918 484.468175888062 548.180104732513 521.862804412842 476.317352294922 373.760299682617 446.052291870117 422.292404174805 401.850631713867 574.682132720947 607.492004394531 538.644107818604 556.809299468994 448.028381347656 545.366340637207 469.29712677002 543.182510375977 308.304443359375 400.942030906677 519.668327331543 412.218968868256 478.476493835449 585.811950683594 390.681818008423 484.480911254883 432.144523620605 467.265441894531 463.579792022705 402.414872169495 437.849098324776 558.583160400391 451.352750778198 597.023361206055 640.259674072266 406.390035629272 465.844867706299 583.361877441406 531.548400878906 550.407684326172 443.409687995911 631.15510559082 433.684306144714 351.242347717285 324.257202148438 428.923753738403 333.957015991211 390.29182434082 580.459358215332 511.611957550049
533.083179473877 377.261142373085 336.140594482422 530.163429260254 731.124931335449 358.759124755859 599.509490966797 384.891372680664 403.263336181641 355.549453735352 523.391765594482 566.40266418457 552.137771606445 477.46666932106 456.038663387299 477.044088363647 449.645168304443 374.442110061646 434.315237045288 479.158271789551 432.064739227295 401.220549583435 470.899757385254 448.797290802002 306.455200195312 487.973705291748 427.286402702332 324.978965759277 379.646156311035 382.917457580566 546.925575256348 550.334358215332 493.37287902832 323.076583862305 507.851150512695 378.171031951904 552.147201538086 566.519821166992 595.611068725586 459.837297439575 479.351612091064 463.696220397949 300.907943725586 426.545892715454 274.76091003418 455.171769142151 353.229179382324 421.959537506104 683.971221923828 635.198944091797
389.844890594482 355.80241394043 480.597247451544 1020.53783917427 526.663133621216 610.838165283203 534.886672973633 617.750137329102 347.778274536133 392.049850463867 535.090591430664 508.753784179688 554.994575500488 538.832500457764 459.91192150116 332.603149414062 423.029344558716 477.444725036621 277.837707519531 469.492341995239 481.182231903076 342.185222625732 527.082702636719 561.261917114258 401.42755317688 362.391700744629 378.88692855835 524.104019165039 502.071647644043 327.883865356445 429.063011169434 512.527976989746 496.572067260742 404.252904891968 580.412689208984 470.894664764404 574.390396118164 539.283996582031 330.848991394043 428.83722615242 355.897960662842 363.168670654297 334.954193115234 384.849403381348 482.033020019531 497.146793365479 394.441749572754 517.239730834961 523.300201416016 613.794937133789
719.516334533691 499.581443786621 485.058995246887 514.29012298584 441.156257629395 399.813789367676 625.876251220703 404.584537506104 510.472721099854 425.835205554962 406.759250640869 513.666069030762 481.137542724609 436.230884552002 440.617182731628 538.250480651855 376.647552490234 437.380033493042 399.813549041748 436.879861831665 427.161612510681 273.54508972168 451.535083770752 565.66325378418 455.638483047485 567.165985107422 537.149559020996 425.613478660583 417.841131210327 296.598785400391 403.095715641975 336.146091461182 419.221851348877 460.439350128174 457.463954925537 359.879547119141 324.708099365234 403.544902324677 706.128540039062 439.526702880859 426.00919342041 411.306030273438 420.478328704834 602.58332824707 377.503402709961 301.224021911621 434.715629577637 446.294311523438 557.050720214844 536.125915527344
497.136108398438 417.53957593441 888.165985107422 656.004890441895 642.29020690918 392.761436462402 481.015243530273 605.88459777832 501.294246673584 437.572498321533 438.103792190552 465.092609405518 425.055713653564 382.691131591797 479.136756896973 407.228551864624 368.993537902832 365.787975311279 443.561581611633 456.400421142578 506.082557678223 481.979377746582 498.50366973877 700.164642333984 377.159801483154 472.048542022705 534.070526123047 459.151443481445 549.602096557617 384.192781448364 506.776763916016 472.856330871582 412.848019123077 450.572952270508 440.859180450439 455.825168609619 464.729469299316 418.530504226685 484.922515869141 517.661331176758 386.22038269043 362.458465576172 260.632659912109 224.955703735352 408.385049819946 393.424915313721 334.076202392578 405.747803688049 448.622840881348 600.365005493164
662.766372680664 454.981155395508 560.910687446594 670.48755645752 683.451416015625 392.228179931641 368.340286254883 637.686065673828 593.675277709961 326.096862792969 346.272819519043 433.974273681641 387.396352767944 324.135429382324 415.508183479309 360.814308166504 206.248764038086 376.741352081299 358.481079101562 361.445640563965 468.436050415039 389.348680496216 442.12474822998 499.883567810059 721.044311523438 611.922744750977 569.353988647461 531.518356323242 459.540489196777 485.878326416016 339.970729827881 439.534236907959 343.653511047363 382.452607154846 309.703872680664 331.696044921875 455.274868011475 276.152435302734 428.194213867188 253.422744750977 383.86604309082 507.726181030273 492.121360778809 318.904907226562 429.096433281898 334.603149414062 437.337938308716 342.204048156738 466.732711791992 613.439453125
669.626361846924 449.242294311523 668.456756591797 791.835220336914 571.664085388184 582.448774337769 575.29273223877 491.484199523926 439.76975440979 565.535835266113 471.590496063232 399.445037841797 396.385074615479 356.700607299805 298.380432128906 427.480419158936 363.918922424316 320.010620117188 580.371673583984 425.243690490723 492.915184020996 544.059555053711 556.41731262207 823.806121826172 712.695114135742 427.665012359619 577.108978271484 579.141464233398 384.796306610107 478.425018310547 451.702270507812 374.0247631073 453.040412902832 441.381324768066 396.122692108154 516.00732421875 474.088088989258 249.444259643555 437.635074615479 399.818549156189 385.592477798462 364.833744049072 275.122085571289 345.59684753418 398.753767490387 435.916640281677 436.173118591309 393.146011352539 419.156551361084 426.116219162941
537.555530548096 1193.66624450684 475.303550720215 795.265029907227 663.963638305664 684.961776733398 489.861991882324 414.01530456543 522.889091491699 519.554191589355 403.670696258545 352.656105041504 484.360492706299 288.516952514648 332.154502868652 388.113697052002 494.708419799805 355.775276184082 458.203315734863 394.879121780396 552.646591186523 533.56022644043 350.918197631836 478.024017333984 607.660140991211 268.860321044922 404.973834991455 434.354866027832 358.569605588913 361.194274902344 385.138882637024 471.934776306152 514.245574951172 307.190559387207 312.41764831543 305.890182495117 219.149963378906 251.732040405273 364.551807403564 228.207534790039 445.451488494873 343.375465393066 365.247993469238 388.488606929779 528.432685852051 382.015850067139 393.150283813477 497.645755767822 511.770973205566 465.043117523193
454.223499774933 712.179740905762 567.433254241943 669.032521247864 591.312850952148 538.014751434326 396.125625610352 517.420433044434 387.061477661133 391.262268066406 435.101802825928 423.031795501709 340.635250091553 339.292007446289 350.400184631348 381.858215332031 526.118453979492 479.561882019043 358.396030426025 471.324684143066 576.277755737305 594.887557983398 521.731079101562 608.111099243164 519.53271484375 421.92325592041 346.942409515381 391.073463439941 386.046325683594 575.6748046875 246.626083374023 426.044761657715 411.969253540039 282.429950714111 328.395820617676 421.740833282471 243.401153564453 454.352237701416 297.391693115234 354.87329864502 337.671726226807 419.790825843811 458.839954376221 453.222984313965 301.597640991211 523.38452911377 305.412734985352 600.358581542969 469.522987365723 394.825199127197
478.299301147461 459.00170135498 504.589828491211 468.984886169434 532.653442382812 589.804950714111 523.692118406296 613.133239746094 464.74435043335 510.266044616699 373.110122680664 443.849838256836 366.306301116943 413.535446166992 304.160873413086 538.635330200195 460.901599884033 453.819267272949 395.522045135498 508.658828735352 367.672988891602 489.890937805176 473.949440002441 383.473182678223 396.089260101318 578.671752929688 368.632411956787 351.95209312439 441.739440917969 324.166721343994 461.154502868652 266.396713256836 279.156097412109 316.903434753418 403.944177627563 345.185291290283 293.799339294434 350.898586273193 328.747650146484 266.733673095703 393.609797477722 213.086380004883 230.521820068359 438.019269943237 387.288982391357 319.031837463379 439.605573654175 548.158378601074 409.177192687988 298.720687866211
687.382873535156 561.601618766785 515.976737976074 713.17919921875 461.289283752441 605.320531845093 473.456701278687 561.2861328125 575.947601318359 513.204925537109 501.528602600098 485.954322814941 319.045253753662 295.138534545898 254.513305664062 357.67414855957 399.003944396973 413.233270764351 437.29786491394 400.735460281372 418.509422302246 421.552886962891 523.72639465332 434.77522277832 378.851913452148 470.58576965332 424.513275146484 440.661155700684 439.329391479492 461.829933166504 376.001184463501 472.034461975098 468.510856628418 315.859893798828 341.039367675781 416.54271697998 441.212734222412 300.311744689941 205.844635009766 403.668856620789 382.69447517395 384.122468948364 324.746810913086 248.979919433594 337.178894042969 476.825542449951 441.451782226562 548.230812072754 394.996383666992 289.405517578125
570.6194190979 522.339525222778 595.136787414551 627.31510925293 724.39094543457 655.129638671875 600.11319732666 422.691129684448 589.047973632812 502.446334838867 426.282810211182 312.550277709961 272.904006958008 332.804929733276 418.08420753479 402.11546087265 388.526348114014 487.713520050049 331.702850341797 349.620536804199 416.653457641602 335.053916931152 300.129276275635 220.142425537109 354.476410865784 422.020572662354 438.281005859375 423.926292419434 407.702882766724 376.505638599396 514.529998779297 386.233879089355 340.344142913818 498.951530456543 453.034088134766 359.971759796143 271.89338684082 260.790069580078 298.507270812988 248.376083374023 303.677352905273 413.460764884949 377.559429168701 290.480506896973 388.321891784668 464.638957977295 286.280044555664 430.975251674652 400.722164154053 424.003558397293
514.686851501465 406.615966796875 647.343898773193 700.120048522949 556.764556884766 679.166372299194 556.988739013672 550.842498779297 398.964160919189 422.609325408936 411.104592323303 331.353931427002 448.197372436523 386.982587099075 321.817405700684 304.700775146484 335.97188949585 450.721364974976 410.70014667511 498.683700561523 431.029579162598 408.208686828613 406.58794593811 301.913101196289 384.980316162109 418.594905853271 353.420315027237 233.025924682617 404.567813873291 313.159194946289 379.072968013585 451.79906463623 461.807579040527 398.645492553711 302.673225402832 505.348846435547 326.781749725342 376.365430831909 406.405051112175 342.737663269043 374.443885803223 353.885345458984 330.049667358398 313.241600036621 411.826278686523 305.289848327637 302.209541320801 301.418090820312 335.136863708496 403.924140930176
543.433391571045 531.102531433105 684.319862365723 720.391036987305 634.366302490234 634.794397354126 726.63996887207 494.493874549866 470.630721092224 384.819236755371 196.499404907227 472.813606262207 264.32112121582 331.749328613281 300.035140991211 405.652660369873 389.268817901611 510.140975952148 519.96395111084 408.850651741028 344.214599609375 393.257789611816 495.484046936035 532.558578491211 363.849547386169 364.630027770996 350.482846587896 331.848026275635 269.6103515625 386.14920425415 374.427877902985 354.377951622009 316.565929412842 365.048966407776 376.343579292297 414.275554656982 421.957002639771 546.074432373047 463.4596824646 578.751541137695 365.75745010376 506.162895202637 541.906524658203 327.326110839844 312.060646057129 336.699012756348 246.174835205078 232.69123840332 443.403823852539 294.704971313477
637.780765533447 480.509658813477 566.951539993286 616.515206336975 726.188400268555 819.094177246094 589.433826446533 386.948753356934 404.64266204834 291.385757446289 525.639907836914 388.331734657288 436.056476593018 251.107818603516 308.324234008789 453.186187744141 478.004302978516 425.558143615723 487.357002258301 254.403770446777 234.946914672852 337.984512329102 422.051944732666 299.978622436523 364.431126594543 498.763854980469 292.411170959473 453.550247192383 367.74213218689 372.803991317749 419.065349578857 480.093048095703 389.667984008789 489.937850952148 386.668099403381 416.153778076172 392.197231292725 441.095191955566 358.926063537598 499.672950744629 423.296804428101 526.71654510498 550.848281860352 409.301692962646 367.084869384766 327.749755859375 260.61376953125 291.178192138672 421.30192565918 355.079345703125
574.652313232422 582.73264503479 530.523405075073 644.290916442871 546.194590568542 473.656299591064 398.157135009766 494.6692237854 387.090301513672 325.57275390625 404.917722702026 541.213272094727 406.563409805298 268.805793762207 276.565940856934 363.770853996277 455.355529785156 346.789766311646 342.211061477661 435.167514801025 386.81193614006 254.206451416016 367.677854537964 271.074096679688 447.121257781982 441.677669525146 331.8493309021 429.536476135254 435.747169494629 398.24725818634 405.634876251221 352.514991760254 481.968032836914 605.461654663086 308.90983581543 413.995634078979 370.086015701294 539.388847351074 440.876781463623 425.424911499023 548.564445495605 400.627424240112 426.339342772961 395.482582092285 388.465717315674 334.620002746582 231.447799682617 301.083465576172 401.671226501465 247.441604614258
482.593870162964 548.843194961548 589.707992553711 722.555038452148 548.794202804565 532.044673919678 454.457650184631 394.584911346436 499.345436096191 429.594184875488 482.465400695801 483.553070068359 535.661437988281 492.978363037109 364.69903588295 396.033718109131 473.607749938965 359.220336437225 457.598823547363 392.886009216309 358.148946285248 301.583106994629 304.228576660156 401.533246994019 382.871448516846 420.856842041016 402.111949920654 413.611083984375 454.04222869873 333.751068115234 272.179901123047 369.599300384521 449.986701965332 367.014642715454 426.824607849121 365.317268371582 443.837825775146 472.47673034668 514.071617126465 513.26180267334 464.146137237549 516.714584350586 329.514808654785 393.815444946289 344.775115966797 404.626293182373 410.080033302307 363.160186767578 348.075393676758 354.632019042969
625.453247070312 454.183193206787 291.987579345703 535.477916717529 461.148592948914 670.735885620117 470.913383483887 489.892509460449 408.973404884338 405.125387430191 475.057579040527 393.490516901016 479.909126281738 423.04808807373 421.168399810791 435.498550415039 227.178680419922 407.043743133545 360.926603317261 456.815658569336 460.614837646484 310.142517089844 381.994184017181 369.575185775757 518.717544555664 455.39608001709 453.920169830322 359.61513710022 332.555299758911 316.248630523682 333.35982131958 332.282127380371 367.99312210083 464.947441101074 506.915744781494 271.963714599609 325.115676879883 347.139537811279 421.462261676788 370.307968139648 367.515590667725 499.60871887207 402.806552886963 447.686794281006 388.81457901001 323.334434509277 463.10129070282 382.865715026855 320.737312316895 267.106475830078
