export/dem/dem36.asc
NCOLS 350
NROWS 171
XLLCORNER 152620
YLLCORNER 418050
CELLSIZE 100
NODATA_VALUE -9999
[rows 88 to 109 of 171, columns 50 to 99 of 350]
361.124172210693 442.546340942383 420.208381175995 641.272750854492 517.39990234375 403.896678924561 331.577835083008 501.927047729492 393.271717071533 290.810302734375 380.364597320557 205.000282287598 275.738174438477 359.374512195587 362.824445724487 440.430618286133 442.228157043457 312.243743896484 469.641166687012 455.206367492676 298.925643920898 317.740798950195 427.43927192688 377.821647644043 341.630981445312 263.480590820312 294.302947998047 516.830032348633 410.811883926392 481.391902923584 410.572277069092 456.154690265656 468.762145996094 525.874164581299 362.641174316406 416.273574829102 435.968185424805 436.375823974609 403.456031799316 537.963081359863 550.141571044922 -9999 -9999 -9999 -9999 -9999 -9999 -9999 -9999 -9999
487.554019927979 523.825210571289 522.032844543457 511.558891296387 422.813621520996 604.466537475586 574.285995483398 591.456573486328 509.611968994141 474.404693603516 331.508005619049 258.644805908203 334.305173873901 365.837626889348 249.916519165039 376.964948415756 266.507141113281 415.673389434814 516.67586517334 441.294960021973 389.939842224121 401.503335952759 474.730079650879 331.720687866211 415.801430702209 339.074836730957 251.30290222168 449.205350875854 526.818557739258 321.291450500488 330.274429321289 364.30061340332 429.058603286743 335.554512023926 351.526306152344 461.198715209961 384.72004699707 470.031621932983 503.326477050781 436.071701049805 -9999 -9999 -9999 -9999 -9999 -9999 -9999 -9999 -9999 -9999
944.966430664062 491.242658615112 619.792724609375 625.289184570312 497.595550537109 525.866882324219 350.315742492676 434.563789367676 350.524168014526 405.602363586426 135.555267333984 300.171726226807 293.783187866211 422.643177032471 313.163158416748 495.995704650879 449.434715270996 331.171943664551 401.700756072998 390.87627696991 524.506034851074 352.573047637939 377.567432403564 416.296047210693 507.428733825684 410.046878814697 320.847236633301 537.370109558105 371.67391204834 409.548265457153 392.671569824219 482.596614837646 322.912139892578 397.763717651367 638.875564575195 499.435356140137 410.149105072021 333.280288696289 451.257949829102 605.124877929688 -9999 -9999 -9999 -9999 -9999 -9999 -9999 -9999 -9999 -9999
572.927291870117 958.156517028809 668.754272460938 526.221305847168 493.445114135742 640.796005249023 484.222320556641 460.611692428589 456.804634094238 308.018112182617 457.258644104004 311.595573425293 293.158988952637 330.276832580566 384.198946163058 438.634735107422 398.142653465271 337.460250854492 342.644886016846 548.959609985352 410.307637214661 419.28632068634 552.493835449219 521.80046081543 505.76634979248 458.493251800537 338.622779846191 280.454864501953 464.923694610596 359.62718963623 356.50244140625 461.701913833618 394.976127624512 389.21223449707 601.318008422852 420.365219116211 334.886932373047 339.221160888672 518.037750244141 -9999 -9999 -9999 -9999 -9999 -9999 -9999 -9999 -9999 -9999 -9999
490.846466064453 600.229370117188 753.75511932373 492.799415588379 680.791625976562 426.317520141602 446.266006231308 509.969680786133 501.156799316406 521.403533935547 565.468780517578 291.340026855469 419.492481231689 386.26796913147 322.226192474365 374.358953475952 467.601234436035 494.796173095703 658.739166259766 577.635223388672 502.102016448975 429.199510574341 376.663139343262 497.769630432129 567.362579345703 519.748817443848 309.458694458008 447.902008056641 382.023239135742 478.83456325531 396.087593078613 470.096677780151 467.425357818604 517.908416748047 553.992286682129 502.510818481445 423.83455657959 507.400245666504 648.513721466064 -9999 -9999 -9999 -9999 -9999 -9999 -9999 -9999 -9999 -9999 -9999
449.058715820312 320.023505926132 389.329204559326 794.463311195374 426.087005615234 473.300796508789 564.443496704102 520.640647888184 450.409332275391 338.874946594238 375.532935142517 388.65792298317 521.083694458008 427.865020751953 418.570854187012 531.002471923828 329.418342590332 537.001541137695 522.75659942627 516.698188781738 548.932510375977 448.442148208618 552.201705932617 391.095592498779 338.795906066895 371.691211700439 347.945587158203 487.902847290039 282.917816162109 536.49089050293 393.131690979004 403.631717681885 505.398513793945 643.32958984375 417.653076171875 606.543598175049 401.083839416504 542.995933532715 575.222854614258 -9999 -9999 -9999 -9999 -9999 -9999 -9999 -9999 -9999 -9999 -9999
418.037544250488 364.364456176758 425.672483444214 439.56273651123 570.315940856934 532.926555633545 439.089373588562 480.680801391602 348.671966552734 380.157886505127 305.602958679199 424.810781478882 198.021362304688 327.380088806152 509.881507873535 486.387168884277 434.772766113281 471.81396484375 490.285789489746 446.455261230469 426.496598243713 352.04761505127 678.801986694336 410.403575062752 294.805130004883 433.693371772766 328.739227294922 347.357818603516 349.577865600586 459.578601837158 444.623783111572 478.218208312988 597.520706176758 390.109603881836 561.923469543457 290.940277099609 267.41780090332 636.582479476929 -9999 -9999 -9999 -9999 -9999 -9999 -9999 -9999 -9999 -9999 -9999 -9999
557.616485595703 277.715602874756 325.554157733917 562.616676330566 421.209763050079 347.087223052979 514.708560943604 473.348808288574 511.806396484375 214.221420288086 469.969388961792 420.308348655701 391.120338439941 382.69133067131 549.10563659668 224.021789550781 364.08963394165 496.552742004395 433.978630542755 424.164612770081 526.810981750488 429.833199501038 584.348022460938 376.882766723633 411.78978729248 314.441680908203 315.227523803711 315.593307495117 340.901123046875 459.204275131226 443.742828369141 377.876876831055 391.850540161133 466.496871948242 285.621200561523 497.369606018066 399.723075866699 483.233474731445 -9999 -9999 -9999 -9999 -9999 -9999 -9999 -9999 -9999 -9999 -9999 -9999
385.433586120605 270.946424484253 207.557540893555 409.729446411133 507.891206741333 509.027015686035 522.727553844452 494.765480041504 342.888900756836 614.489227294922 372.178428649902 405.931648254395 397.675548553467 451.276382446289 444.288146972656 357.186920166016 464.991493225098 349.832908630371 397.534622192383 279.26481628418 372.444957733154 271.396667480469 391.065795898438 474.729022979736 244.013076782227 388.350234985352 323.686996459961 241.199569702148 374.69815826416 329.074188232422 495.596683502197 381.798286437988 229.359176635742 581.911964416504 522.496471405029 492.905822753906 520.309881210327 592.229190826416 -9999 -9999 -9999 -9999 -9999 -9999 -9999 -9999 -9999 -9999 -9999 -9999
188.965354919434 229.946277618408 346.864387512207 658.373901367188 625.641777038574 439.011932373047 500.988761901855 624.954761505127 336.455595016479 476.93921661377 521.362167358398 523.706390380859 400.658264160156 538.009773254395 485.295059204102 381.239376068115 400.441345214844 477.869396209717 374.986053466797 346.420108795166 363.510879516602 776.182209014893 508.420452237129 329.752044677734 415.850357055664 409.915312767029 331.590240478516 420.217105865479 413.870750427246 327.288307189941 396.672012329102 443.466453552246 684.356399536133 778.136571884155 503.408702850342 487.375017166138 658.540908813477 -9999 -9999 -9999 -9999 -9999 -9999 -9999 -9999 -9999 -9999 -9999 -9999 -9999
664.339096069336 -1.080322265625 568.424962997437 607.672309875488 658.57039642334 500.602710723877 368.535766601562 641.193161010742 599.539060592651 431.644076347351 517.341768264771 444.247811794281 467.696598052979 468.98176574707 391.242065429688 324.794448852539 502.178833007812 492.760223388672 341.032402038574 343.511192321777 572.022695541382 575.714906930923 403.03581237793 504.687015533447 486.592258453369 712.090370178223 550.814140319824 417.345977783203 524.10871887207 633.934921264648 507.191192626953 692.97257232666 659.182064056396 649.266693115234 417.795219421387 412.059913635254 448.255035400391 -9999 -9999 -9999 -9999 -9999 -9999 -9999 -9999 -9999 -9999 -9999 -9999 -9999
702.081130981445 673.480316162109 578.240051269531 536.847240447998 472.969619750977 599.570581436157 541.94213104248 573.756959915161 534.597789764404 559.232528686523 514.219785690308 707.279251098633 462.423295974731 450.64436006546 338.617134094238 351.686500549316 356.500198364258 422.887660980225 687.87036895752 326.268157958984 476.266265869141 518.08701133728 468.464408874512 615.999473571777 624.984550476074 559.816753387451 880.147525787354 640.164548873901 761.07373046875 632.513427734375 643.124642848969 700.344293355942 700.450439453125 527.147918701172 584.20817565918 529.799028396606 541.600601196289 -9999 -9999 -9999 -9999 -9999 -9999 -9999 -9999 -9999 -9999 -9999 -9999 -9999
700.604042053223 616.508778572083 470.088607788086 609.459896087646 489.840003967285 527.127227783203 612.660737991333 608.842890739441 634.891872406006 708.364295959473 635.163547515869 581.703018188477 676.293640136719 481.110401153564 191.383331298828 392.466793060303 295.287231445312 457.576232910156 527.742073059082 588.344715118408 416.933547973633 518.934383392334 657.031707763672 613.228618621826 537.580547332764 528.730243682861 391.529922485352 470.484588623047 434.271545410156 784.908058166504 598.980461120605 666.870765209198 576.765158414841 498.071166992188 458.601089477539 550.55158996582 577.670318603516 -9999 -9999 -9999 -9999 -9999 -9999 -9999 -9999 -9999 -9999 -9999 -9999 -9999
373.402122497559 612.703533172607 671.455148696899 665.987392425537 613.082656860352 678.559371948242 707.325805664062 789.58332824707 631.04940032959 839.797439575195 748.901794433594 705.946517944336 765.125999450684 486.44580078125 501.975009918213 630.608238220215 539.569813668728 438.073524475098 521.81409072876 593.736488342285 465.108642578125 575.851982116699 486.566352844238 429.619583129883 700.245452880859 565.737688541412 500.502796173096 580.908908843994 509.798408508301 559.834381103516 568.094116210938 492.729751586914 439.924877166748 579.723197937012 527.348785400391 570.481245040894 -9999 -9999 -9999 -9999 -9999 -9999 -9999 -9999 -9999 -9999 -9999 -9999 -9999 -9999
264.084503173828 552.143547058105 777.94514465332 612.902549743652 598.335037231445 696.191955566406 733.593742370605 725.123390197754 745.61791229248 722.461067199707 855.444152832031 840.914031982422 842.289489746094 754.526161193848 555.037017822266 545.630005836487 487.958183288574 513.437955856323 504.058712005615 472.169281005859 394.752593994141 563.825881958008 566.690582275391 539.825519561768 623.656225204468 434.794845581055 510.417320251465 638.599609375 617.982112884521 416.237945556641 597.642887115479 574.478935241699 740.461654663086 700.37028503418 875.390014648438 -9999 -9999 -9999 -9999 -9999 -9999 -9999 -9999 -9999 -9999 -9999 -9999 -9999 -9999 -9999
485.524436950684 386.196159362793 613.982810974121 624.768295288086 347.10718536377 660.47981262207 607.610801696777 645.131649017334 896.55744934082 601.737186431885 620.305885314941 430.429019927979 403.505040168762 630.091316223145 489.502384185791 433.899314880371 414.695152282715 621.918144226074 436.745635986328 398.998291015625 567.557511329651 510.649635314941 557.75713968277 707.844062805176 591.559079170227 545.591415405273 499.021293640137 380.121185302734 480.197029590607 622.306289672852 609.447463989258 599.871406555176 641.297061920166 698.861663818359 -9999 -9999 -9999 -9999 -9999 -9999 -9999 -9999 -9999 -9999 -9999 -9999 -9999 -9999 -9999 -9999
644.345565795898 312.503608703613 291.175102233887 252.362487792969 531.103607177734 434.715278625488 561.288108825684 747.656494140625 470.988794326782 414.049625396729 620.761009216309 557.118244171143 695.847946166992 458.723983764648 393.996170043945 449.278297424316 598.231388092041 470.783197641373 451.620414733887 410.225494384766 456.430419921875 532.518465995789 609.722423553467 471.343795776367 356.173263549805 616.307525634766 476.542914390564 487.805776596069 458.041154384613 617.940780639648 754.528930664062 644.788829803467 706.10807800293 -9999 -9999 -9999 -9999 -9999 -9999 -9999 -9999 -9999 -9999 -9999 -9999 -9999 -9999 -9999 -9999 -9999
-9999 452.389640808105 830.613159179688 475.265439987183 338.733945846558 899.066131591797 461.81551361084 398.792724609375 312.310501098633 423.351619720459 537.80256652832 394.69701385498 636.165740966797 488.780170440674 277.616569519043 461.026840209961 364.82154083252 455.470314025879 331.981170654297 552.987731933594 451.982726573944 434.762565135956 531.768920898438 429.009658813477 446.248264312744 606.603569030762 477.07788848877 395.49658203125 402.841812133789 730.829467773438 540.705039978027 669.708320617676 -9999 -9999 -9999 -9999 -9999 -9999 -9999 -9999 -9999 -9999 -9999 -9999 -9999 -9999 -9999 -9999 -9999 -9999
-9999 -9999 -9999 -9999 822.5920753479 941.935356140137 571.653118133545 578.915893554688 804.565313339233 702.088188171387 647.609237670898 678.149108886719 487.846641540527 356.768951416016 409.249664306641 324.348045349121 413.388160705566 186.421157836914 44.4642562866211 737.673782348633 721.209869384766 528.172534942627 513.763211727142 432.300498962402 606.939071655273 475.324660301208 462.629493713379 507.693000793457 548.164756774902 556.835829257965 -9999 -9999 -9999 -9999 -9999 -9999 -9999 -9999 -9999 -9999 -9999 -9999 -9999 -9999 -9999 -9999 -9999 -9999 -9999 -9999
-9999 -9999 -9999 -9999 -9999 -9999 -9999 -9999 -9999 852.281890869141 783.605895996094 458.934814453125 703.25853729248 423.784339904785 258.612564086914 462.521499633789 459.782028198242 90.6512355804443 158.995040893555 781.967880249023 778.014572143555 507.62809753418 635.29906463623 579.834182739258 651.259244918823 548.515769958496 500.479095458984 481.394271850586 -9999 -9999 -9999 -9999 -9999 -9999 -9999 -9999 -9999 -9999 -9999 -9999 -9999 -9999 -9999 -9999 -9999 -9999 -9999 -9999 -9999 -9999
-9999 -9999 -9999 -9999 -9999 -9999 -9999 -9999 -9999 -9999 -9999 -9999 -9999 -9999 -9999 -9999 842.427581787109 980.180725097656 912.179040908813 1012.08409118652 1016.20220184326 788.693832397461 959.095504760742 640.650238037109 811.598808288574 -9999 -9999 -9999 -9999 -9999 -9999 -9999 -9999 -9999 -9999 -9999 -9999 -9999 -9999 -9999 -9999 -9999 -9999 -9999 -9999 -9999 -9999 -9999 -9999 -9999
-9999 -9999 -9999 -9999 -9999 -9999 -9999 -9999 -9999 -9999 -9999 -9999 -9999 -9999 -9999 -9999 -9999 -9999 -9999 -9999 -9999 -9999 -9999 -9999 -9999 -9999 -9999 -9999 -9999 -9999 -9999 -9999 -9999 -9999 -9999 -9999 -9999 -9999 -9999 -9999 -9999 -9999 -9999 -9999 -9999 -9999 -9999 -9999 -9999 -9999
