export/dem/dem37.asc
NCOLS 350
NROWS 171
XLLCORNER 152620
YLLCORNER 418050
CELLSIZE 100
NODATA_VALUE -9999
[rows 22 to 43 of 171, columns 100 to 149 of 350]
608.717617034912 458.758651733398 405.916564941406 526.810974121094 686.292261123657 551.403343200684 639.88028717041 658.073825836182 622.774459838867 598.440521240234 914.833011627197 616.052265167236 579.359783172607 874.192481994629 660.677391052246 506.662498474121 844.780261993408 694.404556274414 549.729888916016 613.390609741211 1091.91271591187 936.05827331543 457.512893676758 560.732124328613 463.515045166016 535.489189147949 731.063980102539 480.032920837402 550.887474060059 630.637771606445 608.852615356445 709.847946166992 784.627624511719 809.475769042969 556.323841094971 694.143188476562 533.908554077148 603.733564376831 573.155258178711 698.205974578857 694.278686523438 588.747249603271 553.256328582764 528.438705444336 590.204437255859 660.585556030273 580.088970184326 601.769842147827 645.785312652588 470.915985107422
501.336143493652 420.482833862305 454.182922363281 456.254150390625 469.049453735352 806.741333007812 668.342584609985 586.211463928223 571.078491210938 521.764984130859 1544.79341888428 458.111892700195 635.544536590576 1149.16088104248 646.561517715454 642.90153503418 882.290939331055 565.802612304688 422.436187744141 360.022644042969 568.831756591797 563.703212738037 1026.12228393555 1131.07529258728 599.566452026367 710.640093803406 544.461563110352 619.738988876343 498.914169311523 601.57314491272 611.263415336609 569.280771255493 504.225051879883 686.007541656494 518.789505004883 617.151748657227 641.462497711182 639.09388256073 619.751530170441 629.549154281616 621.601755559444 613.966428756714 623.256376266479 715.214469909668 682.473197937012 593.826872825623 676.529731750488 604.099339485168 532.332061767578 486.001411437988
501.468101501465 543.697714328766 396.459533691406 548.257034301758 564.043357849121 971.220764160156 575.046310424805 654.81120300293 539.7060546875 458.983749389648 505.259704589844 808.131378173828 765.371994018555 768.019386291504 658.990634918213 686.41695022583 631.756935119629 484.56575012207 578.98551940918 728.366027832031 722.241775512695 446.975036621094 590.478601932526 575.533954620361 570.965881347656 479.900817871094 648.280578613281 507.115619659424 502.152381896973 547.737213134766 509.731903076172 532.901622772217 748.878341674805 709.295240402222 789.998260498047 601.586845397949 614.33024263382 583.105049133301 589.81640625 560.100555419922 578.400966644287 566.684020996094 657.159099578857 608.456211566925 418.568710327148 485.433334350586 525.591285705566 432.774810791016 555.506958007812 569.401672363281
419.648132324219 433.298683166504 543.786697387695 569.641143798828 660.099556922913 540.251419067383 660.829772949219 1176.31381225586 464.227981567383 703.400512695312 843.006072998047 886.603492736816 1060.24046707153 895.254871368408 743.305236816406 1114.62093734741 610.681159973145 397.798187255859 404.765045166016 714.215034484863 1421.17367553711 472.40185546875 541.147285461426 385.333786010742 743.544624328613 560.313724517822 519.203559875488 500.669013977051 410.22053527832 628.661432266235 531.129919052124 541.819480895996 588.223350524902 710.88892364502 766.356094360352 590.816707611084 589.591194152832 589.831995487213 541.615928649902 569.077144622803 547.376136779785 551.194160461426 514.13277053833 669.618606567383 694.081588745117 596.843383789062 568.570944666862 588.486869812012 597.843103408813 510.321014404297
513.797584533691 561.065984725952 760.41658782959 341.628784179688 736.144309997559 427.093292236328 425.264709472656 760.103654384613 960.274765014648 526.377059936523 577.056228637695 815.858879089355 939.755905613303 469.868316650391 896.936462402344 900.726440429688 610.604957580566 709.417793273926 688.337821960449 420.470932006836 856.783782958984 568.882659912109 733.802898406982 382.088424682617 424.449768066406 590.256328582764 555.427854537964 443.204750061035 424.086532592773 555.087139129639 576.309106826782 502.499137878418 554.615253448486 616.902294158936 650.860286712646 523.126693725586 634.763790130615 635.043964385986 427.043594360352 534.545234680176 474.012237548828 539.116638183594 510.23917388916 536.12446975708 628.126571655273 734.840957641602 641.136779785156 454.763618469238 341.958221435547 474.025520324707
499.26929473877 512.847343444824 497.557662963867 442.236206054688 1062.82415771484 1249.82783508301 765.919750213623 540.469287872314 480.90885925293 810.918930053711 553.460388183594 404.304809570312 677.348236083984 585.500911712646 430.976272583008 1028.02372741699 1294.89783477783 481.026069641113 573.057113647461 699.163162231445 491.643310546875 435.345397949219 572.991577148438 566.903999328613 706.775764465332 457.174240112305 434.415344238281 391.688812255859 576.121059417725 621.956203460693 414.857009887695 541.163140058517 472.365661621094 528.924209594727 675.430183410645 617.292846679688 574.736938476562 531.799045562744 465.068893432617 516.311088562012 410.5703125 630.769878387451 535.13646697998 571.322469711304 515.262706756592 486.44083404541 649.83618927002 601.896366119385 691.194107055664 630.986778259277
549.027416229248 930.452535390854 514.076000213623 451.529418945312 450.059783935547 371.832000732422 510.425720214844 546.059886932373 813.241547584534 535.13646697998 782.446136474609 479.243637084961 446.844772338867 698.991500854492 942.238722801208 481.994812011719 437.481903076172 953.556762695312 1162.3357963562 485.197937011719 413.879165649414 456.422332763672 476.505867004395 600.38889503479 650.47974395752 488.804817199707 375.529327392578 477.762035369873 474.348865509033 503.79508972168 596.019046783447 582.728897660971 507.174430847168 510.859195709229 531.628427505493 375.764083862305 512.932231903076 453.990234375 420.808090209961 657.416847229004 466.884841918945 555.298264026642 556.438095092773 582.065040588379 643.206741333008 479.799964904785 565.788110852242 610.203605651855 555.507319331169 638.903537750244
482.929534912109 292.764175415039 444.459159851074 467.75309753418 438.097045898438 401.186614990234 465.517333984375 614.73335647583 760.415031433105 639.462005615234 877.142692565918 599.153823852539 650.349456787109 821.536590576172 744.476860046387 400.810470581055 269.153930664062 619.432201385498 453.792922973633 457.287399291992 526.889448404312 531.072425842285 604.031108856201 561.264654159546 542.28182721138 755.467460632324 380.559524536133 438.290954589844 460.355567932129 542.406414031982 428.361701965332 429.870597839355 644.472984313965 402.08056640625 504.430725097656 569.433164596558 534.013668060303 357.02131652832 415.000923156738 527.828807830811 524.247728347778 553.286584854126 612.149791717529 581.18060874939 455.225166320801 440.259536743164 687.886779785156 543.305396080017 516.25110244751 637.411582946777
796.524890899658 572.603496551514 573.447780609131 617.238403320312 734.695068359375 551.414098739624 645.908798217773 471.115310668945 521.25170135498 815.593040466309 598.91869354248 491.868453979492 526.287944793701 833.968782424927 565.776874542236 924.589912414551 452.85710144043 475.558265686035 547.420912981033 595.214881896973 480.153900146484 540.036535263062 614.873472213745 585.259095191956 598.026443481445 1643.87233734131 376.323059082031 549.399066925049 561.954170227051 395.07445526123 621.853408813477 519.919398784637 475.077289581299 519.886062979698 466.556602478027 399.060333251953 402.076988220215 487.103233337402 398.584823608398 428.143943786621 552.429497718811 507.798044204712 524.661960601807 503.265369415283 526.627726554871 527.255946159363 553.605574131012 533.395604133606 647.870185852051 767.194091796875
459.050262451172 328.774124145508 483.51936340332 590.222865819931 1310.71649169922 398.390960693359 587.002296447754 509.329168319702 757.597259521484 511.897762298584 496.50146484375 666.173355102539 473.458786010742 489.358444213867 534.199867248535 798.181434631348 603.948179721832 661.722091674805 613.383018493652 518.033564567566 592.280174255371 443.411720275879 555.616815567017 525.908855438232 539.10569691658 711.526596069336 577.699356079102 674.662521362305 542.659620285034 368.305023193359 435.909675598145 307.476715087891 444.739364624023 556.03014755249 525.087948083878 442.80948638916 341.063079833984 436.742630004883 453.207946777344 519.108253479004 487.82495880127 411.892951965332 487.508556365967 581.183216571808 444.647651672363 478.138431549072 519.244348526001 478.000595092773 608.55521774292 714.589599609375
532.351628303528 423.6083984375 466.259757995605 563.934924602509 597.500740528107 534.909442901611 663.550575256348 933.739112854004 1077.2269744873 556.296581268311 570.331497192383 629.397117614746 782.582118988037 562.023408889771 471.171951293945 679.252197265625 479.701782226562 561.753959655762 599.838260650635 498.84440612793 580.942405700684 568.535908937454 656.953964233398 475.866571426392 519.13334941864 608.173583984375 654.382415771484 613.774223327637 497.304729938507 385.13402557373 590.857299804688 411.92504119873 500.7136054039 428.411560058594 467.917903900146 340.339218139648 365.633117675781 587.492588043213 339.90950012207 522.47399520874 490.437156677246 519.761320114136 415.695106506348 369.564056396484 487.419635772705 562.195676803589 657.185623168945 470.302207946777 517.485984802246 500.022552490234
435.123626708984 372.661849975586 452.488819122314 549.34313583374 459.03803062439 518.913562774658 574.142021179199 566.458179473877 572.309494018555 540.425621032715 693.045024871826 508.181694746017 560.488238334656 939.480842590332 489.958354949951 529.040205001831 548.254549026489 615.592041015625 499.056385040283 558.874729156494 565.406196594238 462.684211730957 411.628852844238 487.488069534302 512.22363948822 516.432712554932 522.605827331543 613.293479919434 561.296203613281 435.987945556641 411.695678710938 333.733901977539 585.767127990723 335.06184387207 632.870880126953 498.53197479248 542.838903427124 604.010986328125 736.179809570312 524.777709007263 534.834075927734 380.69856262207 491.065433502197 393.110473632812 451.630325317383 540.491401672363 566.848449707031 511.020801544189 614.636817932129 455.029663085938
555.642700195312 550.804088592529 651.311630249023 421.741359710693 559.785140991211 393.312835693359 366.850875854492 349.571960449219 447.481452941895 555.421730041504 407.703979492188 494.035015106201 490.262855529785 652.437561035156 508.068005561829 613.472457885742 411.341468811035 550.662187576294 393.429824829102 580.365776062012 509.638966560364 405.285781860352 364.238616943359 538.173929214478 587.86022567749 645.258026123047 602.56339263916 519.130774497986 495.885300815105 529.512065887451 505.835986614227 648.758346557617 386.930130004883 447.727275848389 603.676139831543 576.558464050293 456.844799041748 569.400596618652 484.273889541626 540.204906463623 437.025291442871 584.854263305664 436.318885803223 398.607864379883 568.216709136963 454.318801879883 520.888332366943 560.372760772705 513.502250671387 483.671363830566
517.581848144531 466.333549499512 562.751640319824 488.259690284729 593.150726318359 477.938675880432 541.25008392334 499.048038482666 490.287168979645 467.233787536621 471.523529052734 544.364986419678 599.586929321289 517.53377532959 401.910835266113 437.855472564697 485.204393386841 485.147222518921 517.902156829834 356.774444580078 486.26496887207 369.726745605469 565.107723236084 448.817741394043 625.769729614258 571.063896179199 422.233860015869 473.730163574219 514.384078979492 702.143493652344 707.246322631836 493.163594245911 460.89511680603 500.54220199585 699.176986694336 553.952941894531 519.815288543701 442.171493530273 548.642467498779 629.559921264648 590.30020904541 389.506156921387 401.623138427734 537.303398132324 422.339263916016 506.219354629517 558.76700592041 417.335159301758 495.748908996582 638.976844787598
531.320991516113 474.643046379089 626.60107421875 584.563453674316 497.668705463409 569.488571166992 439.483989715576 508.619574338198 464.762809753418 385.612976074219 392.52498626709 464.89670753479 482.709909439087 541.475093841553 606.437973022461 500.924208641052 514.900972366333 420.829612731934 397.195785522461 357.954109191895 328.554138183594 388.202766418457 500.943514823914 694.227157592773 625.973968505859 529.678379058838 424.302459716797 432.451017379761 520.418014526367 436.622646331787 653.665924072266 621.21809387207 391.488319396973 446.472280502319 520.005674362183 443.251377105713 521.192098617554 474.284103393555 506.587497711182 560.561576843262 472.339456558228 384.071731567383 423.47762298584 419.69953918457 511.756645679474 642.617401123047 573.97021484375 461.364517211914 541.71907043457 525.797918319702
553.454116821289 458.484116077423 505.577991485596 505.35631942749 518.484230041504 469.906223297119 538.341318130493 475.53230714798 440.318065643311 569.88988494873 544.244655609131 533.411825180054 624.778594970703 409.258766174316 411.053726196289 409.792915344238 416.253498077393 355.177825927734 371.769622802734 385.113677978516 468.940563201904 423.559524536133 485.850612640381 534.502090454102 557.36988067627 606.150390625 583.78490447998 467.034863471985 450.51651763916 305.051055908203 615.954818725586 398.066360473633 412.495403289795 650.433807373047 461.373529434204 397.981643676758 596.475959777832 519.852230072021 586.46842956543 608.563453674316 473.237411499023 475.593723297119 585.106727600098 540.87087059021 657.091186523438 498.751110076904 401.842895507812 272.941680908203 490.046115875244 445.149711608887
565.360023498535 631.691741943359 552.898956298828 376.802589416504 531.836067199707 337.321075439453 449.84139251709 497.029083251953 458.189315795898 480.127341985703 389.200805664062 450.848978042603 329.089218139648 417.877151489258 536.345230102539 191.399932861328 295.307388305664 384.153861999512 321.773864746094 420.498554229736 584.066513061523 424.972625732422 433.527812957764 470.866481781006 439.350946426392 536.152988433838 538.422264099121 515.177410125732 443.450489044189 581.212425231934 556.50072479248 385.995765686035 547.442237854004 358.061546325684 441.479431152344 466.093683242798 641.158477783203 447.070743560791 526.007749557495 451.979341506958 284.359527587891 483.379598617554 588.860275268555 615.355728149414 442.440101623535 496.826137542725 608.674835205078 450.38158416748 455.461250305176 404.298690795898
449.202452659607 462.808491706848 591.885269165039 461.396929264069 337.57169342041 442.825623631477 334.834411621094 417.435260772705 465.725319862366 459.582893848419 469.734013080597 427.284069061279 396.452011108398 347.357971191406 395.475189208984 313.534698486328 365.678688049316 344.746612548828 384.538673400879 540.321739196777 493.876594543457 567.208435058594 591.139701843262 533.353355407715 431.088302612305 441.29057598114 484.550931930542 575.633186340332 503.429129600525 566.616157531738 438.740503311157 634.361846923828 299.167984008789 556.310852050781 435.13627243042 335.741119384766 462.780769348145 378.519973754883 382.750564575195 420.934482574463 530.713817596436 522.740597546101 501.6022605896 534.029867172241 621.538345336914 661.578460693359 692.59846496582 508.20115852356 499.320343017578 588.22881937027
337.867874145508 426.866256713867 468.424755096436 538.300872802734 415.874027252197 639.210845947266 327.438507080078 323.25740814209 557.613357543945 505.184385299683 491.002172470093 439.468276977539 325.311386108398 331.870178222656 301.931457519531 561.170440673828 405.370895385742 351.257164001465 661.490661621094 564.921524047852 425.9880027771 573.302719116211 542.954299926758 420.334861755371 428.061912536621 394.901641845703 502.470203399658 493.406970977783 461.155968934298 326.743438720703 522.67321395874 488.82038974762 416.802619934082 572.977806091309 474.238893508911 438.436761856079 657.773574829102 423.966468811035 401.148323059082 348.467102050781 468.837356567383 473.700908660889 433.228393554688 508.773611068726 479.90795135498 500.298782348633 557.938594818115 597.770687103271 489.941139221191 415.722465515137
400.336812973022 353.081123352051 479.328670501709 661.664215087891 306.396545410156 452.339822769165 482.266130447388 503.725273132324 333.472030639648 528.642150878906 387.132499694824 511.961837768555 336.187438964844 536.361671447754 329.351013183594 482.141554832458 444.878215789795 531.709106445312 467.571930885315 539.01343536377 513.908779144287 441.730376243591 485.847546100616 419.778129577637 491.12474155426 414.657848358154 584.703231811523 518.425731658936 447.208333969116 575.460708618164 410.08024597168 405.899894714355 538.239601135254 436.682033538818 478.521723747253 470.646027445793 398.476547241211 474.355121612549 715.735641479492 474.370258331299 541.476620197296 459.042518615723 528.930215835571 458.835483551025 467.004680633545 431.234893798828 554.544200897217 473.380256652832 606.792388916016 473.014808654785
365.302474975586 370.794708251953 299.382247924805 422.06475353241 570.256851196289 324.721237182617 290.974380493164 331.431518554688 427.162099838257 580.313766479492 393.85262298584 365.66951751709 311.420684814453 538.002746582031 481.176080703735 430.496631622314 582.019393920898 433.263271331787 418.297901153564 540.443126678467 460.332010269165 430.350761413574 593.898071289062 415.36466217041 440.160442352295 470.356909751892 408.66438293457 515.27205657959 374.907859802246 477.263494491577 515.414417266846 360.573020935059 456.723598480225 403.922889709473 473.470012187958 451.959499359131 399.909454345703 387.654853820801 676.76530456543 516.059796333313 487.625427246094 397.343803405762 586.960601806641 550.400990486145 646.580017089844 486.250602722168 591.848297119141 468.876800537109 455.063167572021 493.825263977051
431.476833343506 373.170753479004 310.346038818359 329.018196105957 233.520278930664 407.646457672119 367.684417724609 415.216781616211 402.693035125732 386.996604919434 312.088714599609 415.03991317749 388.360153198242 498.895793914795 564.412422180176 453.166874885559 544.972770690918 429.678977966309 374.183792114258 434.364234924316 395.645660400391 532.992752075195 443.883171081543 551.616405487061 431.930145263672 520.409393310547 476.25408744812 526.061311721802 593.348243713379 636.2783203125 437.963596343994 544.711723327637 600.439979553223 489.988781929016 555.833457946777 612.823791503906 550.49755859375 498.495892047882 566.182022094727 457.276844024658 541.02169418335 501.619726657867 433.021034240723 430.235122680664 539.300430297852 617.146087646484 609.011512756348 651.797714233398 739.192947387695 472.508758544922
