export/dem/dem32.asc
NCOLS 350
NROWS 171
XLLCORNER 152620
YLLCORNER 418050
CELLSIZE 100
NODATA_VALUE -9999
[rows 0 to 21 of 171, columns 200 to 249 of 350]
-9999 -9999 -9999 -9999 -9999 -9999 -9999 -9999 -9999 -9999 -9999 -9999 -9999 -9999 -9999 -9999 -9999 -9999 -9999 -9999 -9999 -9999 -9999 -9999 -9999 -9999 -9999 -9999 -9999 -9999 -9999 -9999 -9999 -9999 -9999 -9999 -9999 -9999 -9999 -9999 -9999 -9999 -9999 -9999 -9999 -9999 -9999 -9999 -9999 -9999
-9999 -9999 -9999 -9999 -9999 -9999 -9999 -9999 -9999 -9999 -9999 -9999 -9999 -9999 -9999 -9999 -9999 -9999 -9999 -9999 -9999 -9999 -9999 -9999 -9999 -9999 -9999 -9999 -9999 -9999 -9999 -9999 -9999 -9999 -9999 -9999 -9999 -9999 -9999 -9999 -9999 -9999 -9999 -9999 -9999 -9999 -9999 -9999 -9999 -9999
-9999 -9999 -9999 -9999 -9999 -9999 -9999 -9999 -9999 -9999 -9999 -9999 -9999 -9999 -9999 -9999 -9999 -9999 -9999 -9999 -9999 -9999 -9999 -9999 -9999 -9999 -9999 -9999 -9999 -9999 -9999 -9999 -9999 -9999 -9999 -9999 -9999 -9999 -9999 -9999 -9999 -9999 -9999 -9999 -9999 -9999 -9999 -9999 -9999 -9999
-9999 -9999 -9999 -9999 -9999 -9999 -9999 -9999 -9999 -9999 -9999 -9999 -9999 -9999 -9999 -9999 -9999 -9999 -9999 -9999 -9999 -9999 -9999 -9999 -9999 -9999 -9999 -9999 -9999 -9999 -9999 -9999 -9999 -9999 -9999 -9999 -9999 -9999 -9999 -9999 -9999 -9999 -9999 -9999 -9999 -9999 -9999 -9999 -9999 -9999
-9999 -9999 -9999 -9999 -9999 -9999 -9999 -9999 -9999 -9999 -9999 -9999 -9999 -9999 -9999 -9999 -9999 -9999 -9999 -9999 -9999 -9999 -9999 -9999 -9999 -9999 -9999 -9999 -9999 -9999 -9999 -9999 -9999 -9999 -9999 -9999 -9999 -9999 -9999 -9999 -9999 -9999 -9999 -9999 -9999 -9999 -9999 -9999 -9999 -9999
529.937591552734 555.793106079102 541.17572593689 622.376899719238 668.664733886719 -9999 -9999 -9999 -9999 -9999 -9999 -9999 -9999 -9999 -9999 -9999 -9999 -9999 -9999 -9999 -9999 -9999 -9999 -9999 -9999 -9999 -9999 -9999 -9999 -9999 -9999 -9999 -9999 -9999 -9999 -9999 -9999 -9999 -9999 -9999 -9999 -9999 -9999 -9999 -9999 -9999 -9999 -9999 -9999 -9999
408.085460662842 440.57014465332 535.178161621094 436.772556304932 730.134696960449 716.31404876709 804.804290771484 750.549240112305 688.845397949219 562.415506362915 -9999 -9999 -9999 -9999 -9999 -9999 -9999 -9999 -9999 -9999 -9999 -9999 -9999 -9999 -9999 -9999 -9999 -9999 -9999 -9999 -9999 -9999 -9999 -9999 -9999 -9999 -9999 -9999 -9999 -9999 -9999 -9999 -9999 -9999 -9999 -9999 -9999 -9999 -9999 -9999
908.381374359131 411.14905166626 601.544509887695 542.145004272461 682.702472686768 879.121307373047 584.262428283691 420.967338562012 674.739028930664 589.002838134766 532.935073852539 494.883584976196 621.569515228271 519.770877838135 588.781908988953 716.951354980469 707.872756958008 573.592906951904 833.995895385742 910.368770599365 1037.62756347656 912.540429830551 959.523418426514 893.341407775879 807.25764465332 1040.34697723389 817.027923583984 897.617855072021 1023.39781951904 860.175048828125 751.02278137207 799.802124023438 663.991828918457 875.022879600525 681.743850708008 791.341270446777 992.921829223633 1090.93257141113 818.023635864258 -9999 -9999 -9999 -9999 -9999 -9999 -9999 -9999 -9999 -9999 -9999
950.60319519043 932.359359741211 815.613616943359 655.336738586426 1060.68629455566 1105.43958282471 1171.08644866943 567.84538269043 517.898788452148 592.895782470703 675.170867919922 468.572078824043 543.089492797852 497.060028076172 722.279281616211 706.835159301758 575.652015686035 680.046798706055 852.876106262207 804.187606811523 778.550270080566 846.681310653687 812.291219711304 836.448448181152 879.567237854004 791.157962799072 697.422821044922 882.766689300537 880.499104499817 641.921142578125 717.197006225586 681.078598022461 643.257755279541 683.228622436523 639.414009094238 636.401329040527 939.576873779297 1068.84600067139 810.125503540039 555.219573974609 745.955558776855 1284.62553405762 1143.8842010498 885.916389465332 660.38200378418 -9999 -9999 -9999 -9999 -9999
997.118572235107 979.908790588379 936.919990539551 760.02872467041 1169.17974853516 1122.68386077881 1192.44033813477 1104.01911723614 1181.55911254883 853.513397216797 762.224639892578 693.186580657959 670.329833984375 492.506471633911 609.951309204102 534.652458190918 601.875503540039 517.203067779541 761.670150756836 781.600109100342 711.4365234375 919.402122497559 787.414788246155 751.199024200439 759.36544418335 712.984985351562 687.492935180664 722.126007080078 664.0380859375 837.036207199097 660.811965942383 832.588749885559 676.76273727417 613.331481933594 748.577720165253 671.432167053223 1094.8790512085 1092.96060180664 515.131843566895 495.683036804199 645.25 990.91968536377 663.860626220703 794.243194580078 724.473892211914 1133.43197631836 609.880767822266 -9999 -9999 -9999
1060.95639038086 916.079452514648 1012.28290271759 1175.69796943665 1173.88330841064 1344.35920715332 1321.89948272705 1287.34062194824 1090.3851776123 901.586532592773 842.726760864258 630.469993591309 613.568119049072 549.767952919006 598.355564117432 603.081081390381 787.431583881378 778.054637908936 748.232711791992 782.627944946289 852.826919555664 1141.93560791016 782.71800994873 717.632482528687 562.837356567383 688.207962036133 796.951529502869 691.425422668457 636.47981262207 678.298873901367 698.88338470459 732.593887329102 685.507643699646 606.039428710938 510.654769897461 447.867401123047 583.619035720825 911.282272338867 915.813419342041 542.318996429443 621.754783630371 616.761962890625 633.346115112305 743.312133789062 463.282440185547 1185.14395141602 751.381149291992 1366.44120597839 782.40873336792 -9999
844.068294525146 1098.87933349609 1047.31918334961 1110.13140106201 1074.74571228027 1137.06351852417 1333.34317016602 1184.21892166138 1198.46063232422 947.449440002441 822.940773010254 800.092813491821 696.883735656738 675.932553291321 559.521636962891 637.626895904541 831.919872283936 726.132339477539 903.152954101562 809.957153320312 679.115005493164 1031.50294494629 660.383922576904 619.210174560547 730.050317764282 575.638626098633 716.036865234375 761.610893249512 647.627296447754 786.493026733398 756.921695709229 644.515274047852 726.00463104248 617.266521453857 637.855926513672 546.786003112793 640.13857460022 883.11882019043 799.390609741211 665.92626953125 366.067687988281 419.943618774414 686.081901550293 692.107803344727 482.501983642578 749.691875457764 745.915023803711 1205.69705200195 896.065908432007 887.38959980011
779.810516357422 906.844553947449 845.547142028809 809.290916442871 675.238632202148 1069.39094543457 776.52661895752 865.216751098633 1182.98306274414 966.591674804688 887.806129455566 668.863876342773 779.03589630127 717.039180755615 753.486924171448 764.582634568214 925.268581390381 986.290115356445 1014.95217132568 1169.09862518311 1157.4944152832 1063.32472229004 687.211898803711 773.108479499817 610.350677490234 877.104150772095 862.230876922607 788.640235900879 850.256170272827 966.516549110413 725.367767333984 745.700859069824 689.015701293945 810.168426513672 720.986354827881 612.655899047852 460.33512878418 926.582962036133 851.88720703125 865.856895446777 483.268325805664 513.899810791016 511.304351806641 696.492126464844 886.232360839844 763.174404144287 683.869110107422 745.397172927856 756.827083587646 845.429218292236
595.743476867676 673.195863723755 687.774297714233 753.801292419434 709.118291854858 826.123016357422 734.164821624756 814.361125946045 1072.81393051147 912.820499420166 797.151502609253 983.153975009918 791.661143302917 902.707424163818 915.499877929688 1429.58633804321 1033.23735046387 1005.71206665039 963.370782852173 1273.41387939453 853.993293762207 1339.8267250061 1069.61935424805 959.688446044922 714.781631469727 680.837692260742 716.275100708008 652.934997558594 1039.626121521 952.919337488711 863.148326873779 971.91276550293 970.369137763977 932.468101501465 1025.80674743652 976.657327651978 977.331489562988 1010.685131073 933.013397216797 759.989593505859 543.437728881836 571.951156616211 649.662118911743 923.726175308228 829.535873413086 861.857078552246 880.076011657715 616.892074584961 823.080715179443 1059.6088924408
666.095907211304 751.716674804688 588.970344543457 744.197410583496 859.972442626953 774.906669616699 801.887504577637 811.643222808838 985.203567504883 774.464458465576 972.740636110306 955.032920837402 1233.18341064453 746.059773445129 993.619964599609 779.992643356323 769.612663269043 878.205947875977 868.672981262207 1353.23823547363 926.824859619141 648.970291137695 777.062698364258 1244.69747161865 505.023681640625 719.734272003174 581.168579101562 633.29670715332 765.812294006348 738.831970214844 933.114655971527 862.384132385254 921.609668731689 828.866241455078 881.738006353378 997.908660888672 928.055877685547 929.941804885864 908.124263763428 792.459808349609 930.987686157227 1029.09190750122 1041.77659988403 1009.56795120239 868.522430419922 830.302352905273 885.315711975098 899.64790725708 826.215528488159 1057.23270225525
738.216541290283 639.485679626465 755.860122680664 707.897842407227 844.256973266602 733.463508605957 732.048257827759 715.520503997803 695.899340629578 733.266998291016 741.184326171875 731.680973052979 743.961326599121 791.445791244507 860.106285095215 888.900199890137 854.374481201172 916.497192382812 679.442565917969 896.049499511719 773.682201385498 670.876243591309 599.941009521484 693.70845413208 651.24462890625 799.575899124146 792.829811096191 932.41329574585 736.055530548096 810.754976272583 841.894644260406 925.661640167236 788.159605026245 816.705583572388 781.640567779541 913.190776824951 713.085983276367 865.757545471191 852.461765289307 1076.78674316406 905.796516418457 957.485811233521 1060.62056732178 916.214454650879 999.217094421387 1093.7906703949 1031.23278045654 883.080009460449 829.804503679276 764.275672912598
813.211747512221 638.619186401367 618.428588867188 758.142921447754 875.73851776123 753.309623718262 797.249084472656 841.724342346191 727.957317352295 746.457391738892 709.865295410156 1113.89549255371 751.440071105957 793.113922119141 834.064292907715 723.82292675972 838.52318572998 823.722610473633 914.732498168945 815.960792541504 744.977796673775 753.21958360076 696.48331451416 674.388366699219 647.625648498535 743.615370035172 674.125633239746 1219.49645233154 842.525018692017 800.182373046875 960.424882888794 1025.33724975586 893.505844116211 704.339462280273 807.597732543945 803.362564086914 725.820587158203 979.347175598145 867.991769790649 875.730783462524 811.9140625 868.528865814209 1012.21825790405 1030.98925018311 965.439371109009 752.807312011719 1031.59268188477 1019.99013519287 917.296290397644 807.852842330933
580.829521179199 732.689052581787 1269.4662399292 691.996772766113 681.197038650513 951.90934753418 672.194257736206 778.128395080566 761.036144256592 636.027481079102 830.221788406372 793.653522491455 877.960296630859 770.140731811523 857.21996307373 745.350857257843 713.131973266602 772.544757843018 591.146118164062 595.188766479492 770.275550842285 784.317380905151 721.236312866211 675.349531173706 785.49683380127 797.142723083496 668.001916885376 762.42208480835 682.897590637207 770.796909332275 1047.00514745712 937.309188842773 653.632659912109 1266.11427307129 734.934371948242 910.611438751221 643.068168640137 667.206115722656 676.300155639648 808.089878082275 777.616882562637 714.803810119629 850.383377075195 819.605622053146 895.619312286377 839.799682617188 906.976387023926 1100.06424331665 1037.50796508789 969.279930114746
891.066467285156 504.812515258789 1352.19276809692 1066.78579711914 684.066959381104 805.700702667236 791.011940002441 634.468753814697 1244.0592956543 642.454582214355 879.944519042969 746.566017150879 782.950309753418 782.778472900391 642.772453308105 780.985142230988 631.887222290039 735.845987319946 691.737451553345 592.333877563477 715.529490470886 849.559028625488 873.786392211914 807.143714904785 847.17448425293 685.696284294128 588.459335327148 746.716482162476 701.982082366943 678.065948486328 626.098770141602 798.206239700317 792.25484085083 726.237766265869 831.976409912109 1220.0930480957 581.602111816406 744.597352981567 781.565365791321 760.64501953125 820.292770385742 833.236276626587 940.986843109131 992.502326965332 874.606071472168 790.968390464783 895.451699376106 883.945415496826 924.824963569641 966.60604095459
498.627105712891 695.752227783203 796.481401443481 682.546737670898 1081.05847167969 1486.1548614502 958.561962127686 770.212852478027 745.311592102051 707.139796108007 742.550323486328 727.605625152588 534.49333190918 702.036099910736 769.368942260742 782.282115936279 553.330169677734 701.158243179321 554.092849731445 689.754810333252 580.589660644531 578.303764343262 707.770359039307 732.181522369385 673.597668528557 749.394620895386 779.812724113464 554.990570068359 735.820596694946 748.144521713257 824.348762512207 895.341018676758 828.80354309082 681.41527557373 860.762306213379 811.534294128418 760.48105430603 1250.21829032898 673.546241760254 778.628147125244 760.678017616272 793.145311355591 914.029594421387 977.855560302734 987.336639404297 860.067306518555 1132.0802154541 819.199338912964 974.027198791504 929.616235256195
608.358093261719 683.953950881958 621.085609436035 798.881576538086 783.419654846191 817.507781982422 919.12532043457 848.038986206055 921.026306152344 729.013935089111 794.723472595215 733.667488098145 566.452247619629 725.245124816895 630.708152770996 718.646475791931 614.490394592285 571.910110473633 796.945663452148 649.687715530396 773.440567016602 654.61371421814 902.81494140625 778.138145446777 775.079483032227 763.603893280029 694.654766082764 701.455913543701 780.655319213867 807.299545288086 655.933868408203 842.650978088379 855.133277893066 883.989868164062 729.820213317871 764.108610391617 782.411001205444 739.110084533691 773.621175765991 1162.20318508148 1200.84674072266 735.140014648438 810.47477722168 692.200798034668 801.801684141159 847.569610595703 825.19905090332 1027.05588197708 1105.25033569336 943.298431396484
660.518123626709 742.025417327881 770.540031433105 782.912750244141 782.273422241211 688.599002838135 943.067474365234 737.537914276123 670.120998382568 657.014976501465 565.959609985352 792.377807617188 624.58052444458 713.076789855957 572.95890045166 671.171253204346 545.154998779297 554.026565551758 829.592544555664 536.212478637695 593.941864013672 606.398696899414 558.645294189453 685.80604827404 754.679595947266 684.664447784424 773.178245544434 666.136489868164 898.801177978516 834.58911895752 731.948163032532 862.014801025391 654.650741577148 606.139022827148 701.802673339844 712.627063751221 781.906702041626 629.723007202148 827.516376495361 754.680473327637 669.315521240234 783.577770233154 952.316528320312 835.111093997955 815.850791931152 803.887573242188 838.897733688354 1024.59202575684 992.19458770752 974.251075744629
