export/dem/dem38.asc
NCOLS 350
NROWS 171
XLLCORNER 152620
YLLCORNER 418050
CELLSIZE 100
NODATA_VALUE -9999
[rows 22 to 43 of 171, columns 250 to 299 of 350]
811.327567100525 722.828201293945 635.241622924805 732.243927001953 957.122604370117 681.276809692383 1096.41220474243 768.335266113281 840.767559051514 723.183252334595 860.204391479492 677.184055805206 665.440872192383 825.624969482422 620.621513366699 786.550423145294 841.324143230915 960.8857421875 758.590814590454 922.33610534668 836.788093566895 786.744071960449 637.51646232605 848.608507156372 860.010093688965 854.636260986328 794.041886329651 973.807281494141 707.361686706543 678.387817382812 660.976856231689 -9999 -9999 -9999 -9999 -9999 -9999 -9999 -9999 -9999 -9999 -9999 -9999 -9999 -9999 -9999 -9999 -9999 -9999 -9999
855.764686584473 647.46915435791 824.21817779541 749.650413513184 774.267587661743 938.833564758301 931.452514648438 1077.48473358154 1062.9060382843 950.67227691412 1077.91518783569 885.783491134644 921.619842529297 791.459693908691 737.761932373047 943.634128570557 1033.8723449707 913.33088684082 752.528784751892 901.036758422852 946.702270507812 987.207275390625 729.425682067871 728.964401245117 680.280979156494 794.265151977539 879.565818786621 991.681625366211 728.577083587646 745.364227294922 571.735687255859 1071.2837677002 875.648059844971 756.500608444214 -9999 -9999 -9999 -9999 -9999 -9999 -9999 -9999 -9999 -9999 -9999 -9999 -9999 -9999 -9999 -9999
713.411005020142 1208.58715438843 1175.65023136139 690.610801696777 887.406410217285 712.641895294189 837.230629920959 925.160429477692 885.864587783813 947.463333129883 854.869369506836 1074.4315071106 1010.46580219269 782.204887390137 734.591594696045 879.691560506821 1007.02111816406 835.667697906494 894.915747642517 922.660709381104 1093.70413208008 897.45133972168 917.88444519043 757.271179199219 774.843811035156 769.558418273926 841.366562604904 914.451530456543 1015.47903442383 802.921318054199 988.380760192871 974.693264007568 624.002792358398 657.373441696167 935.884124755859 989.48562335968 1136.97058105469 -9999 -9999 -9999 -9999 -9999 -9999 -9999 -9999 -9999 -9999 -9999 -9999 -9999
818.769346237183 900.495986938477 811.575847625732 683.363750457764 849.520816802979 974.5693359375 964.346584320068 836.445350646973 836.261375427246 889.414051055908 863.081043243408 1110.18615722656 1095.99262237549 1028.43843650818 991.667038917542 882.368179321289 894.822900772095 872.775793075562 1043.16096496582 990.046051025391 1053.35509490967 956.123199462891 1034.0538482666 885.023155212402 820.206058502197 822.369209289551 962.225202560425 804.283985137939 1057.39468383789 949.400390625 776.453651428223 954.795791625977 954.135986328125 553.950080871582 882.725593566895 961.216117858887 885.954643249512 851.090782165527 922.681716918945 953.7109375 903.789058685303 -9999 -9999 -9999 -9999 -9999 -9999 -9999 -9999 -9999
847.242676973343 807.306190490723 961.361785888672 883.712619781494 787.244804382324 962.434539794922 845.100234985352 773.61847114563 704.997886657715 804.592657089233 916.39128112793 1072.6159324646 1012.22424316406 1281.87208557129 916.97477722168 983.763519287109 948.773143768311 797.748718261719 735.901428222656 902.146455764771 823.832164764404 913.435958862305 1171.35736083984 1167.12233734131 1040.28146362305 945.484283447266 1044.41070556641 975.196437835693 1016.63537216187 877.3331823349 870.714492797852 944.838470458984 1028.63195800781 827.006088256836 694.819686889648 1011.1616897583 814.626300811768 907.758224487305 755.596034526825 752.198641777039 690.33869934082 637.488990783691 950.30909538269 1006.15310668945 1199.20639038086 -9999 -9999 -9999 -9999 -9999
821.827758789062 795.660919189453 720.187438964844 797.292030334473 956.917861938477 871.206764221191 1226.63851165771 991.082382202148 896.554834365845 980.877128601074 806.432510375977 667.345581054688 664.976852416992 2076.57601928711 821.790679931641 959.587566375732 722.10173034668 875.511047363281 919.428066253662 700.941848754883 781.336715698242 839.374252319336 769.533336639404 1001.50834274292 1084.17901968956 1022.50818634033 956.08829498291 903.370056152344 1092.77001953125 833.861968994141 816.055309295654 1015.92195892334 880.304695129395 627.069402694702 502.071601867676 674.039360046387 893.528806209564 861.443859100342 870.11926651001 726.326988220215 752.230241775513 736.925523757935 1048.60107421875 1065.37074279785 978.131467819214 988.107788085938 1046.08075714111 805.912359237671 785.066638469696 899.379496574402
690.835868835449 850.22420501709 1029.03012084961 982.235046386719 854.369026184082 946.981384277344 707.689178466797 992.492202758789 629.439926147461 736.425903320312 629.198425292969 685.211944580078 616.120910644531 1658.76147460938 661.193634033203 694.711158752441 995.342651367188 834.342014312744 840.205119848251 973.49467420578 923.664016723633 953.212173461914 981.216751098633 1047.87829208374 1090.34956717491 889.371033668518 987.856340169907 882.166137695312 1012.4860496521 947.03182220459 1097.88522338867 924.68651008606 1049.79893493652 818.945602416992 602.047706604004 574.002361297607 719.367813110352 949.69539642334 911.808776855469 771.621467590332 751.562923431396 912.078018188477 845.655807495117 977.298377990723 1221.17987060547 1039.26866912842 1025.3690032959 866.203857421875 872.66788482666 754.724311828613
784.771356582642 959.779296875 960.250717163086 811.254787445068 737.012870788574 797.834310531616 972.802810668945 891.008110046387 743.989891052246 867.760906219482 832.228232860565 716.174705505371 1220.02941894531 564.241348266602 579.56037902832 689.681579589844 756.976783752441 824.787097930908 1088.00106811523 814.69616317749 856.949110031128 1204.48072814941 1115.21872711182 944.334438323975 881.341831207275 1434.33364295959 940.198661327362 1151.14408111572 943.195892333984 1002.80267333984 861.35578250885 900.463937759399 1149.57875061035 804.232963562012 958.45630645752 815.401382446289 900.20231628418 932.065990447998 847.119575500488 902.234783172607 760.484889984131 689.817314147949 770.161623001099 899.182796478271 911.127243041992 840.537929534912 696.959655761719 458.036087036133 609.233245849609 859.927604675293
846.357566833496 889.786933898926 889.31713104248 845.902847290039 808.56688117981 708.108268737793 891.549713134766 725.630569458008 740.124824523926 726.217239379883 747.551597595215 799.090182304382 1689.25146484375 660.534133911133 774.439720392227 709.366119384766 736.783493041992 732.571884155273 739.331733703613 763.001937866211 921.556945800781 808.845344543457 1049.41233825684 950.073127746582 860.363716125488 901.131395339966 827.483659744263 952.828834533691 915.315002441406 879.61519908905 961.57056427002 1299.60007476807 954.309028625488 981.903295516968 815.456903457642 884.688221931458 1016.60997581482 967.848468780518 1004.64813232422 954.088033676147 753.335067749023 818.248756408691 915.078472137451 1010.77931976318 913.601351737976 771.766757965088 738.371841430664 563.2242603302 662.704750061035 850.923011779785
879.541198730469 876.999740600586 885.686477661133 925.964660644531 902.92741394043 769.267771720886 735.832118988037 813.963607788086 845.231132507324 912.856536865234 724.68733215332 1087.79808044434 629.617614746094 502.605743408203 764.904392242432 606.267135620117 840.910092353821 838.598166465759 785.442832946777 760.025966644287 765.515670776367 869.186374664307 849.787860870361 836.833881378174 836.76958656311 973.22380065918 780.177594661713 947.539154052734 883.962966918945 833.801954269409 969.087097167969 934.573913574219 834.77901250124 856.778717041016 1068.94235229492 1024.95405578613 791.731864929199 819.658662796021 995.343803405762 1383.98560863733 1028.96232223511 1033.21165275574 1003.17843341827 914.027069091797 857.868148803711 853.324432373047 803.641815185547 691.446537017822 622.16127872467 1117.22862243652
749.4208984375 912.134216308594 1038.12882995605 885.190017700195 842.74633026123 846.465278625488 742.534446716309 795.154760360718 740.799945831299 627.845016479492 849.642021179199 1406.1616897583 630.155197143555 597.970245361328 701.39232635498 682.818069458008 763.050540924072 849.783275604248 748.590286254883 1016.14976501465 846.674381256104 768.998559951782 669.904220581055 818.456985473633 710.249458312988 828.806098937988 655.059600830078 874.62474822998 805.462637424469 827.58182144165 1016.99324035645 839.312980651855 984.076843261719 1071.22840881348 812.634525299072 829.925509929657 877.99535369873 839.667548179626 956.077507019043 868.388632774353 873.695457458496 983.950538635254 957.426961898804 1465.57769203186 1024.35531616211 735.765892028809 1036.59094429016 1204.87408447266 1136.8814163208 1129.62753295898
824.796352386475 807.676086425781 803.415149688721 827.585250854492 944.2568359375 865.076095581055 770.245223999023 746.268676757812 909.753982543945 870.771228790283 993.305229187012 817.80961894989 677.653038024902 513.051513671875 652.466430664062 794.020993709564 791.435840606689 790.349502563477 620.08927154541 791.071884155273 809.088443398476 645.667930603027 641.794876098633 746.510334014893 724.867874145508 664.189002990723 829.392127990723 845.677581787109 793.986167907715 927.257476806641 894.806663513184 1087.93070983887 918.661743164062 978.580703735352 857.337015151978 838.801368713379 853.299571990967 833.839085578918 685.027496337891 805.066595077515 845.680360794067 828.222538948059 804.982082366943 670.720489501953 1375.12681770325 595.959930419922 955.097709655762 813.242670059204 902.180801391602 1038.03571987152
803.68035030365 828.184665679932 992.174026489258 957.779754638672 879.268493652344 810.739406585693 764.275520324707 739.934879302979 693.310272216797 1117.66633224487 647.904273986816 728.240962982178 844.499549865723 710.156860351562 673.860359191895 868.970916748047 881.939208984375 769.535015106201 692.131248474121 650.838790893555 782.41489982605 684.859601974487 827.087490081787 846.23498916626 749.48482131958 798.22957611084 918.531631469727 885.936897277832 870.980239868164 744.919734954834 951.194183349609 882.091163635254 867.827608108521 822.379424095154 700.388603210449 746.029273986816 927.017288208008 859.71598815918 825.934478759766 820.083950042725 772.771392822266 744.88843536377 925.528816223145 839.937225341797 711.620300292969 1375.07426452637 785.910926818848 1116.16905975342 1101.57146453857 1070.63750267029
848.09627532959 818.782150268555 748.851735115051 884.931739807129 752.169728279114 839.52161026001 694.763458251953 800.735944747925 827.199913024902 817.769660949707 733.260200500488 537.626174926758 704.337020874023 776.770559310913 584.312103271484 696.649337768555 956.632709980011 813.601867675781 783.950649261475 584.264007568359 691.727554321289 773.139127731323 725.902450561523 887.89665222168 784.940010070801 767.442657470703 718.623115539551 741.763805389404 756.603043556213 790.007612228394 785.13231086731 738.160697937012 774.732269287109 754.192375183105 917.245277404785 928.50316619873 924.401229858398 866.570053100586 926.039337158203 745.15962600708 1035.0583190918 1008.82258605957 800.374879837036 702.286636352539 809.087718963623 912.282804489136 778.708122253418 1426.02433204651 1126.19469451904 983.215435028076
707.671974182129 765.773704528809 748.247299194336 720.831981658936 671.579612731934 806.294971466064 864.949279785156 753.486921310425 1106.78337097168 765.951188564301 777.878093719482 755.323234558105 808.878631591797 776.276676177979 1309.27055168152 812.596954345703 803.201848983765 929.757011413574 1080.01750183105 591.951354980469 677.568511962891 684.060928344727 705.746459960938 798.916979789734 746.414207458496 849.03963470459 765.397701263428 685.437683105469 800.057002067566 744.053703308105 772.811855316162 714.990837097168 804.43034362793 655.99781036377 758.327377319336 807.297630786896 742.259979248047 779.731338500977 715.340354919434 870.228340148926 776.051704406738 835.423125267029 768.198265075684 641.231216430664 763.397254943848 833.085826873779 1035.73811340332 854.263026237488 948.696192741394 1257.03913879395
873.037780761719 881.35514831543 829.494293212891 798.088291168213 647.521781921387 780.817401885986 846.395935058594 1043.90014648438 755.541009902954 723.310894012451 779.07755279541 737.939331054688 717.995552062988 983.022903442383 1104.73213577271 872.772692203522 528.447525024414 836.926764965057 1195.18359375 667.204864501953 735.505546569824 825.371898651123 871.603553771973 877.620460510254 693.46662902832 689.589050292969 774.933575630188 787.316663742065 812.205174684525 836.845554351807 772.356056213379 785.998277664185 946.040596008301 749.465961456299 776.009944915771 733.823799133301 766.030559539795 636.607666015625 817.561347007751 661.76432800293 821.827265262604 771.568363189697 835.866067171097 716.48168182373 643.505599975586 817.724220275879 794.554290771484 875.813430786133 938.527782440186 769.781814575195
730.148484542966 741.800082206726 724.122425079346 903.027160644531 747.056583404541 775.535600662231 949.180847167969 775.630123138428 603.077362060547 692.881114959717 1253.16036987305 883.807102203369 1256.28659820557 966.233001708984 867.376348495483 705.259140014648 894.503349304199 1614.2818107605 644.054458618164 1257.61853790283 1175.0225982666 913.839279174805 644.495010375977 901.788803100586 792.181176662445 724.87442779541 685.698425292969 835.715774536133 853.089714050293 652.622512817383 878.867595672607 764.950542449951 994.792739868164 809.427026748657 804.205646514893 918.280410766602 966.599807739258 742.774681091309 818.124968528748 749.420906066895 864.336206436157 679.063919067383 740.054809570312 768.837287902832 897.861888885498 792.562545776367 946.77156829834 987.681846618652 915.173578262329 973.78897857666
784.266418457031 758.469993591309 741.713946819305 605.699073791504 598.278129577637 763.089422225952 806.920597076416 760.293020248413 639.012825012207 803.301002502441 852.097038269043 771.611175537109 651.244888305664 1272.3085975647 992.576416015625 874.347877502441 751.879653930664 640.842559814453 853.462289810181 957.380603790283 932.850631713867 729.467113494873 715.156234741211 791.857441902161 825.99723815918 882.136596679688 778.928115844727 764.209743499756 808.673416137695 941.99080657959 862.404210090637 665.64241027832 914.591819763184 915.66300201416 883.806644439697 765.056987762451 800.587379455566 715.364639282227 703.144691467285 894.818592071533 740.715881347656 614.880355834961 761.361907958984 870.791492462158 993.705322265625 841.582751750946 855.741837501526 882.62410736084 820.233589172363 908.237529754639
703.084564208984 746.232807159424 641.610298156738 660.311332702637 695.652696609497 762.399513244629 736.016951560974 784.136066436768 622.221153259277 648.800735473633 809.027630448341 887.23133790493 927.433055877686 784.25080871582 740.801177978516 1115.70399856567 611.133026123047 1068.00507235527 771.52179479599 686.754356384277 777.485292673111 851.37903213501 597.944595336914 564.293807983398 672.383026123047 776.712979316711 733.946601867676 806.446934700012 817.930082321167 879.872928619385 854.722609519958 828.242862224579 968.106399536133 1014.5824432373 836.233444213867 815.357549667358 746.061027526855 761.999198913574 734.122985839844 846.179279327393 1037.07971191406 785.535804748535 879.108299255371 871.101428985596 1002.34284973145 788.747411727905 721.646598815918 776.050567626953 891.954795837402 896.348876953125
612.448745727539 677.012596130371 831.798170089722 748.144248962402 778.026290893555 672.053863525391 631.908912658691 632.781066894531 632.607574462891 768.524894714355 953.11625289917 1026.4663066864 582.344696044922 750.48927116394 774.600427627563 849.969993591309 865.495128631592 789.123863220215 1025.79443359375 812.161979675293 701.943161010742 894.940658569336 773.563503265381 848.018676757812 788.212136268616 731.007266998291 586.609634399414 744.038093566895 872.097709655762 962.478065490723 1130.5225982666 1006.71221923828 904.502494812012 875.073127746582 642.554748535156 923.461058616638 1073.54824066162 718.78840637207 670.963607788086 708.071197509766 1061.68956756592 827.366500854492 765.15177154541 715.547050476074 782.700263977051 703.928199768066 768.825904846191 797.618072509766 789.865539550781 972.616142272949
829.231811523438 557.546401977539 745.659933328629 898.60164642334 949.151443481445 622.652313232422 573.994186401367 688.735664367676 732.060458660126 731.452877044678 1065.09973144531 1355.09418869019 838.419761657715 855.96662902832 781.352848052979 781.924156188965 760.63152885437 894.213858604431 683.801963806152 724.939235687256 628.321868896484 874.081520080566 675.907783508301 905.064559936523 819.659759521484 585.477005004883 859.444038391113 637.326309204102 759.995185852051 806.503974914551 820.213573455811 918.773887634277 952.907669067383 987.002563476562 816.176504135132 842.601725578308 686.385559082031 1003.38018035889 737.741546630859 1214.68212890625 764.066543579102 779.707885742188 823.645715713501 849.344861268997 823.100784301758 822.625228881836 871.12703037262 763.183700561523 914.158882141113 977.231147766113
658.64319229126 746.656975746155 921.66828918457 823.416656494141 895.959228515625 706.560598373413 683.316047668457 787.131401062012 615.60391998291 979.154174804688 864.838567256927 758.0989112854 606.289169311523 688.772491455078 825.468139648438 657.772956848145 805.59073638916 877.201950073242 673.269866943359 768.91308259964 655.515625 836.493476867676 641.961700439453 556.801162719727 727.365394592285 708.109676361084 951.226207733154 925.643264770508 595.154754638672 1374.24151611328 762.036170959473 737.362243652344 994.462471008301 787.083916664124 913.084938049316 1007.19625854492 921.735336303711 969.049903869629 783.471027374268 827.709402084351 896.221164703369 807.347162246704 848.10973739624 893.544845581055 851.081331253052 833.462455749512 658.829345703125 729.679878234863 795.451503753662 928.932357788086
