export/dem/dem3.asc
NCOLS 350
NROWS 171
XLLCORNER 152620
YLLCORNER 418050
CELLSIZE 100
NODATA_VALUE -9999
[rows 110 to 131 of 171, columns 200 to 249 of 350]
-9999 -9999 -9999 631.954803466797 568.82430267334 589.069632053375 699.192169189453 654.906196594238 891.905006408691 924.6611328125 723.60634803772 617.670631408691 485.020767211914 556.838157653809 560.434539794922 471.078079223633 691.467155456543 610.219497680664 643.83195400238 542.87565612793 413.306198120117 559.644214630127 645.471176147461 609.659986466169 535.481159210205 583.699394226074 684.028822362423 613.311714172363 597.493705749512 647.950315475464 501.393753051758 578.994979858398 591.889633178711 611.549839019775 508.192672729492 538.882400512695 520.503036499023 560.32292175293 338.937973022461 376.407165527344 512.749389648438 551.916366577148 510.793426513672 657.523315429688 1042.97537231445 697.959487915039 777.132293701172 1139.10400390625 608.068458557129 842.349670410156
-9999 -9999 -9999 -9999 806.645119667053 684.005485534668 571.22314453125 753.221296310425 720.293388366699 772.946922302246 540.342720031738 533.94083404541 615.062408447266 591.175285339355 620.00369644165 575.626022338867 501.688873291016 478.974197387695 473.345321655273 608.878080368042 674.265380859375 448.473358154297 1337.97431945801 311.772399902344 519.04447555542 505.042755126953 739.384948730469 638.904090881348 550.893005371094 608.74831867218 508.750282287598 710.945684432983 735.987377166748 607.009017944336 605.210098266602 468.250228881836 523.805328369141 649.591110229492 514.407974243164 550.847198486328 601.814666748047 415.622497558594 675.224975585938 749.748901367188 563.733123779297 847.704063415527 881.413391113281 824.401344299316 619.816345214844 770.709915161133
-9999 -9999 -9999 -9999 712.783554077148 600.805053710938 656.363498687744 691.962768554688 778.128231778741 661.148685455322 629.785194396973 647.355354309082 646.195247650146 508.293975830078 639.83419418335 613.420166015625 660.132098197937 507.714126586914 500.075607299805 592.871669769287 685.437477111816 693.070028305054 685.572372436523 547.962120056152 674.994598388672 614.850051879883 606.319633483887 753.877006530762 586.164047241211 609.149803161621 439.171875 679.960503101349 409.665802001953 721.139954090118 560.057731628418 563.411590576172 585.249382019043 541.971771240234 774.47656917572 471.934631347656 631.672180175781 742.497754096985 514.533020019531 761.267593383789 501.789031982422 742.990783691406 988.771667480469 814.206962585449 806.260746479034 749.611083984375
-9999 -9999 -9999 -9999 -9999 709.478538513184 553.26286315918 447.538803100586 671.68962097168 668.038032531738 1074.19757080078 854.960723876953 656.117141723633 577.464233398438 565.548164367676 597.144302368164 541.164192199707 424.231826782227 607.390884399414 470.812896728516 600.088340759277 874.098831176758 687.599102020264 579.229961395264 619.998556375504 555.681015014648 694.566940307617 611.719604492188 593.077262878418 601.048168182373 614.105875968933 872.032455444336 624.582878112793 762.141876220703 611.122367858887 566.24666595459 536.671051025391 469.236419677734 623.634750366211 562.368865966797 831.58510017395 589.022476196289 652.161056518555 614.656890869141 673.058898925781 625.996520996094 741.01188659668 1276.92289352417 633.580871582031 945.666568756104
-9999 -9999 -9999 -9999 -9999 667.590179443359 549.711502075195 513.194351196289 564.074478149414 756.183839797974 1156.36959075928 747.88606262207 654.90397644043 642.673770904541 614.532844543457 742.815254211426 536.442565917969 624.971374511719 569.880912780762 555.828598022461 1140.23472595215 576.106163024902 666.664465904236 655.931882858276 401.860229492188 675.723438262939 558.404113769531 680.993288040161 742.240177154541 775.939361572266 664.035011291504 632.392181396484 584.394813537598 620.689071655273 558.405563354492 628.892055511475 670.658250808716 699.801040649414 629.805084228516 416.141174316406 545.553115844727 593.186370849609 524.497802734375 685.155895233154 617.212966918945 510.871871948242 585.513275146484 933.838035583496 780.057735443115 710.923233032227
-9999 -9999 -9999 -9999 -9999 846.464870452881 746.024282455444 624.803966522217 542.023338317871 877.734802246094 705.522155761719 815.928009033203 673.340057373047 558.426490783691 601.297676086426 618.558753967285 563.775939941406 505.897445678711 611.299026489258 1095.2886505127 635.459447860718 654.979435920715 496.584625244141 601.923751831055 691.395162582397 701.687191009521 679.438018798828 712.739646911621 731.411376953125 697.821278572083 676.282009124756 779.515022277832 754.247707366943 601.000366210938 613.477638244629 682.309217453003 660.641879081726 634.472947120667 729.147895812988 730.087301254272 376.845581054688 690.166412353516 508.10710144043 891.429466247559 633.886245727539 591.243240356445 500.888549804688 688.582481384277 613.132995605469 739.012954711914
-9999 -9999 -9999 -9999 -9999 -9999 808.346076965332 753.15013885498 851.759704589844 625.147489547729 756.879016399384 754.493362426758 480.314224243164 663.393100738525 528.834823608398 614.084602355957 671.633640289307 756.601852416992 663.457065582275 429.206268310547 584.50532913208 713.608856201172 570.991012573242 622.257183074951 749.167234420776 596.833465576172 786.912223815918 818.82576751709 747.616521835327 551.151794433594 698.53065776825 610.188613891602 604.59171295166 708.365110397339 756.073110580444 568.222358703613 560.560516357422 648.905546188354 457.510391235352 429.233032226562 523.786712646484 626.028137207031 403.359619140625 585.524597167969 1029.38005638123 814.168441772461 1009.1721496582 957.354694366455 717.348068237305 881.036392211914
-9999 -9999 -9999 -9999 -9999 -9999 949.99422454834 1468.75592803955 1206.84417724609 679.811950683594 785.823539733887 767.083358764648 1228.87944030762 622.044692993164 682.210121154785 811.752002716064 508.409530639648 729.111907958984 1090.78651428223 573.237907409668 668.140976905823 571.395149230957 739.379848480225 703.385486602783 759.367498397827 612.830116271973 786.228225708008 724.250938415527 820.480194091797 695.426816940308 740.654777526855 674.359405517578 674.514289855957 968.099765777588 1049.41369628906 979.260646820068 976.998684883118 590.414138793945 607.180229187012 676.960941314697 674.737289428711 604.74486541748 501.988632202148 603.775924682617 725.35526227951 760.90367269516 792.576078414917 778.880462646484 948.040481567383 586.01611328125
-9999 -9999 -9999 -9999 -9999 -9999 -9999 836.843643188477 721.019317626953 824.046035766602 622.062702178955 770.300608038902 675.099594116211 861.418804168701 680.263885498047 543.315658569336 747.050193786621 1499.35039615631 734.526167869568 759.986923217773 658.176931381226 521.887817382812 715.987857818604 755.802180290222 910.373184204102 811.546112060547 827.97240447998 1138.85507392883 828.720993041992 822.707660675049 704.687786102295 770.966786384583 561.400405883789 808.881118774414 718.953186035156 1063.25437927246 771.230697631836 842.063003540039 1040.95677947998 650.56619644165 582.216163635254 636.277824401855 745.114686965942 640.223136901855 644.067687988281 627.456336975098 617.997703552246 770.667491912842 622.599342346191 772.645126342773
-9999 -9999 -9999 -9999 -9999 -9999 -9999 -9999 921.002838134766 850.855098724365 845.704978942871 752.213981628418 813.539222717285 723.010944366455 593.715698242188 839.499572753906 1477.44110107422 714.784694671631 692.856666564941 855.524887084961 824.055641174316 757.892158508301 712.425762176514 744.091384887695 788.87504196167 848.591171264648 705.019989013672 589.986747741699 869.912763595581 730.739963531494 721.041870117188 548.853736877441 581.932373046875 895.268060207367 900.699005126953 912.373264312744 894.858024597168 730.384674072266 872.469390869141 843.94921875 657.906898498535 687.764556884766 609.203643798828 633.043724060059 572.049781799316 550.164276123047 626.130632400513 534.848663330078 791.879875183105 543.60823059082
-9999 -9999 -9999 -9999 -9999 -9999 -9999 -9999 -9999 1338.64472770691 1245.6409072876 1274.62793731689 601.149921417236 657.31120300293 755.458349227905 727.285655975342 863.209976196289 767.768226623535 737.153283119202 706.671524047852 715.801063537598 682.264152526855 918.265213012695 741.841989517212 648.127433776855 894.443428039551 505.353294372559 513.674049377441 771.641568183899 519.028434753418 759.704528808594 562.825566291809 605.613250732422 529.912027359009 870.579044342041 775.165061950684 810.499755859375 918.263488769531 997.43733215332 630.436950683594 1210.91855621338 589.01171875 825.588745117188 716.810165405273 445.210861206055 454.854690551758 483.06575012207 634.677864074707 655.308799743652 715.849868774414
-9999 -9999 -9999 -9999 -9999 -9999 -9999 -9999 -9999 -9999 1069.03025817871 825.888122558594 605.286167144775 678.781074523926 698.442468643188 590.404541015625 664.946563720703 723.986518859863 761.115531921387 649.184097290039 641.804618835449 749.826677322388 732.221029758453 665.609298706055 1014.00717163086 794.593378067017 446.178215026855 534.245933532715 605.166610717773 717.145154953003 760.153285980225 598.036769866943 621.406944274902 610.052822113037 893.604068756104 842.497709274292 718.02734375 779.962196350098 955.96887588501 902.000995635986 857.891990661621 766.278091430664 569.524459838867 893.21012878418 678.724517822266 684.851680755615 628.360101699829 608.162137031555 628.838597178459 656.078501701355
-9999 -9999 -9999 -9999 -9999 -9999 -9999 -9999 -9999 -9999 -9999 1270.15279388428 1058.5064907074 1083.09613800049 586.13210105896 557.299102783203 709.072917938232 653.372543334961 767.161402702332 730.585445404053 855.811897277832 887.004402160645 883.216781616211 498.097625732422 888.907165527344 675.309295654297 769.543212890625 944.070913314819 717.339044570923 805.687339782715 886.171375274658 950.739692687988 737.279414176941 901.673355102539 763.538861274719 809.226661682129 843.822965621948 789.080158233643 873.167098999023 752.823738098145 915.381385803223 814.697505950928 867.125350952148 682.199466705322 725.035194396973 737.415176391602 773.231575012207 773.158737182617 816.687141418457 977.684387207031
-9999 -9999 -9999 -9999 -9999 -9999 -9999 -9999 -9999 -9999 -9999 -9999 1039.34656143188 1213.64156341553 669.171186447144 547.528053283691 572.835838317871 729.845794677734 583.559036254883 771.731986999512 700.813774108887 542.389419555664 659.437616348267 538.319155693054 752.2406873703 845.743141651154 859.572160720825 832.777221679688 725.156356811523 840.183464050293 1085.40640258789 964.479713439941 783.401599884033 750.036719929427 681.469177246094 586.469863891602 913.805572509766 791.613830566406 818.196002960205 807.005947113037 1036.43199157715 811.945388793945 876.321975708008 763.806289672852 695.490893185139 904.885162353516 745.744834899902 592.677612304688 796.760757446289 745.219173431396
-9999 -9999 -9999 -9999 -9999 -9999 -9999 -9999 -9999 -9999 -9999 -9999 -9999 -9999 735.195567131042 582.430374145508 572.509887695312 950.609214782715 632.274467468262 584.673273086548 516.337429046631 608.208112716675 490.301170349121 595.41321182251 676.252738952637 755.556301116943 868.366851806641 730.578434944153 1039.03886413574 890.039358139038 789.187782287598 984.171646118164 690.271087646484 794.759174346924 823.672966003418 592.370168685913 841.860550045967 838.35684967041 813.242259979248 1111.5535736084 1250.28749084473 1217.99454116821 744.876846313477 749.526824951172 629.245948791504 700.946378707886 776.351196289062 711.177928924561 759.819557189941 833.444778442383
-9999 -9999 -9999 -9999 -9999 -9999 -9999 -9999 -9999 -9999 -9999 -9999 -9999 -9999 -9999 -9999 -9999 1160.35020446777 745.170824050903 715.383666992188 801.30184841156 998.127883911133 885.453231811523 828.805847167969 795.259680747986 819.160621643066 683.531475067139 694.951877593994 803.431411743164 896.515090942383 727.464036941528 840.689651489258 769.777488708496 764.657203674316 613.866729736328 579.77672958374 718.513247489929 864.445594787598 919.654510498047 715.168533325195 585.0631980896 1041.46565628052 859.241149902344 686.971160888672 674.698177337646 684.472270965576 689.436847686768 626.686977386475 801.086196899414 712.812080383301
-9999 -9999 -9999 -9999 -9999 -9999 -9999 -9999 -9999 -9999 -9999 -9999 -9999 -9999 -9999 -9999 -9999 -9999 -9999 -9999 884.702710151672 862.917680740356 1118.85958862305 939.355640411377 859.255191802979 943.110282897949 885.43913269043 1003.48641967773 823.570709228516 843.876514434814 937.690185546875 751.683086872101 762.522171020508 696.951301574707 709.153282165527 689.498207092285 661.982582092285 949.972640991211 983.693168640137 654.637161254883 637.515001296997 757.133331298828 711.49976348877 843.988441467285 772.035751342773 646.288887023926 656.657831192017 622.392848968506 683.835875511169 761.499351501465
-9999 -9999 -9999 -9999 -9999 -9999 -9999 -9999 -9999 -9999 -9999 -9999 -9999 -9999 -9999 -9999 -9999 -9999 -9999 -9999 -9999 -9999 -9999 -9999 -9999 956.201564788818 875.671760559082 1003.40567016602 953.248435974121 923.638553619385 858.727443695068 709.124549865723 689.666091918945 708.42094039917 827.972778320312 884.783546447754 1021.66857337952 814.550127029419 827.770111083984 880.948295593262 533.316802978516 1096.58934783936 799.039413452148 684.922212600708 691.88512802124 632.47061920166 720.759943008423 763.56746673584 672.33723449707 777.710758209229
-9999 -9999 -9999 -9999 -9999 -9999 -9999 -9999 -9999 -9999 -9999 -9999 -9999 -9999 -9999 -9999 -9999 -9999 -9999 -9999 -9999 -9999 -9999 -9999 -9999 -9999 -9999 -9999 -9999 998.824951171875 1013.57829284668 867.257499694824 764.605567932129 782.640579223633 770.334316253662 764.082328796387 790.55375289917 914.691623687744 750.609690904617 592.676651000977 526.1435546875 751.200386047363 648.579223632812 900.347579956055 643.41792678833 665.525485992432 729.066329956055 817.090759277344 915.065643310547 861.424407958984
-9999 -9999 -9999 -9999 -9999 -9999 -9999 -9999 -9999 -9999 -9999 -9999 -9999 -9999 -9999 -9999 -9999 -9999 -9999 -9999 -9999 -9999 -9999 -9999 -9999 -9999 -9999 -9999 -9999 -9999 -9999 995.420516967773 970.839698791504 1023.07130432129 614.484390258789 805.992023468018 874.759984970093 603.345287322998 670.955200195312 493.636459350586 805.106405258179 697.11824798584 707.206811666489 819.153327941895 842.213607788086 679.047941207886 743.047821044922 680.647998809814 775.624328613281 762.369689941406
-9999 -9999 -9999 -9999 -9999 -9999 -9999 -9999 -9999 -9999 -9999 -9999 -9999 -9999 -9999 -9999 -9999 -9999 -9999 -9999 -9999 -9999 -9999 -9999 -9999 -9999 -9999 -9999 -9999 -9999 -9999 -9999 716.723136901855 813.646095275879 713.83122253418 776.643730163574 815.844173431396 671.336791992188 707.069534301758 602.939686775208 913.284378051758 705.545854568481 653.426212310791 715.632254600525 845.645660400391 883.686981201172 789.887023925781 656.697645187378 749.527355194092 830.685737609863
-9999 -9999 -9999 -9999 -9999 -9999 -9999 -9999 -9999 -9999 -9999 -9999 -9999 -9999 -9999 -9999 -9999 -9999 -9999 -9999 -9999 -9999 -9999 -9999 -9999 -9999 -9999 -9999 -9999 -9999 -9999 -9999 -9999 660.781387329102 824.426490783691 803.035067558289 652.751092910767 561.628227233887 758.590735673904 736.293369293213 775.334381103516 612.918006896973 738.904033660889 818.547592163086 794.003730773926 723.232564926147 758.187255859375 722.022043228149 899.067321777344 769.867771148682
