export/dem/dem38.asc
NCOLS 350
NROWS 171
XLLCORNER 152620
YLLCORNER 418050
CELLSIZE 100
NODATA_VALUE -9999
[rows 0 to 21 of 171, columns 200 to 249 of 350]
-9999 -9999 -9999 -9999 -9999 -9999 -9999 -9999 -9999 -9999 -9999 -9999 -9999 -9999 -9999 -9999 -9999 -9999 -9999 -9999 -9999 -9999 -9999 -9999 -9999 -9999 -9999 -9999 -9999 -9999 -9999 -9999 -9999 -9999 -9999 -9999 -9999 -9999 -9999 -9999 -9999 -9999 -9999 -9999 -9999 -9999 -9999 -9999 -9999 -9999
-9999 -9999 -9999 -9999 -9999 -9999 -9999 -9999 -9999 -9999 -9999 -9999 -9999 -9999 -9999 -9999 -9999 -9999 -9999 -9999 -9999 -9999 -9999 -9999 -9999 -9999 -9999 -9999 -9999 -9999 -9999 -9999 -9999 -9999 -9999 -9999 -9999 -9999 -9999 -9999 -9999 -9999 -9999 -9999 -9999 -9999 -9999 -9999 -9999 -9999
-9999 -9999 -9999 -9999 -9999 -9999 -9999 -9999 -9999 -9999 -9999 -9999 -9999 -9999 -9999 -9999 -9999 -9999 -9999 -9999 -9999 -9999 -9999 -9999 -9999 -9999 -9999 -9999 -9999 -9999 -9999 -9999 -9999 -9999 -9999 -9999 -9999 -9999 -9999 -9999 -9999 -9999 -9999 -9999 -9999 -9999 -9999 -9999 -9999 -9999
-9999 -9999 -9999 -9999 -9999 -9999 -9999 -9999 -9999 -9999 -9999 -9999 -9999 -9999 -9999 -9999 -9999 -9999 -9999 -9999 -9999 -9999 -9999 -9999 -9999 -9999 -9999 -9999 -9999 -9999 -9999 -9999 -9999 -9999 -9999 -9999 -9999 -9999 -9999 -9999 -9999 -9999 -9999 -9999 -9999 -9999 -9999 -9999 -9999 -9999
-9999 -9999 -9999 -9999 -9999 -9999 -9999 -9999 -9999 -9999 -9999 -9999 -9999 -9999 -9999 -9999 -9999 -9999 -9999 -9999 -9999 -9999 -9999 -9999 -9999 -9999 -9999 -9999 -9999 -9999 -9999 -9999 -9999 -9999 -9999 -9999 -9999 -9999 -9999 -9999 -9999 -9999 -9999 -9999 -9999 -9999 -9999 -9999 -9999 -9999
350.655548095703 606.930652618408 561.930423259735 640.26148223877 705.933952331543 -9999 -9999 -9999 -9999 -9999 -9999 -9999 -9999 -9999 -9999 -9999 -9999 -9999 -9999 -9999 -9999 -9999 -9999 -9999 -9999 -9999 -9999 -9999 -9999 -9999 -9999 -9999 -9999 -9999 -9999 -9999 -9999 -9999 -9999 -9999 -9999 -9999 -9999 -9999 -9999 -9999 -9999 -9999 -9999 -9999
450.149305343628 363.723297119141 545.351219177246 508.333126068115 687.009113311768 843.162933349609 587.70482635498 821.647674560547 407.152954101562 551.566178798676 -9999 -9999 -9999 -9999 -9999 -9999 -9999 -9999 -9999 -9999 -9999 -9999 -9999 -9999 -9999 -9999 -9999 -9999 -9999 -9999 -9999 -9999 -9999 -9999 -9999 -9999 -9999 -9999 -9999 -9999 -9999 -9999 -9999 -9999 -9999 -9999 -9999 -9999 -9999 -9999
909.8053855896 449.600038528442 458.585203170776 352.275978088379 527.313873291016 767.776542663574 565.37232208252 627.567108154297 462.099994182587 444.465727806091 561.621292114258 613.740875244141 574.813482284546 694.244567871094 885.4521484375 690.047805786133 593.763360977173 737.938751220703 939.506732463837 913.116836547852 1049.14881896973 933.384029388428 957.269786834717 886.841539382935 929.506526947021 800.733306884766 820.331588745117 910.702323913574 1032.11948394775 908.450653076172 643.053924560547 945.308116912842 685.20467376709 784.358901977539 656.9462890625 548.822814941406 943.203323364258 997.015319824219 817.18896484375 -9999 -9999 -9999 -9999 -9999 -9999 -9999 -9999 -9999 -9999 -9999
771.378974914551 1011.16083526611 786.415985107422 794.721984863281 950.517375946045 1074.35552215576 1118.0999250412 453.606214523315 636.987548828125 578.470191955566 544.647018432617 417.0263671875 451.83878326416 493.858745574951 696.458923339844 568.88224029541 605.724868774414 447.493511199951 940.458061218262 737.834907531738 790.601356506348 865.056503295898 803.94634604454 772.145557403564 896.105255126953 772.140106201172 671.469390869141 754.188140869141 867.209492921829 768.941314697266 724.955223083496 656.961013793945 533.755752563477 565.577239990234 494.932098388672 479.265380859375 827.603729248047 1024.39916992188 623.287826538086 681.012361526489 804.430751800537 1202.96238708496 1349.90091514587 1013.0198059082 614.344131469727 -9999 -9999 -9999 -9999 -9999
1047.07911682129 1006.72445106506 855.076316833496 741.911907196045 953.615005493164 1310.41775512695 1143.53984451294 1083.07462501526 1025.61713409424 907.670379638672 710.88328742981 750.585367202759 481.736194610596 453.891911506653 754.68684387207 569.958229064941 504.082592010498 730.324584960938 1032.41619873047 885.949253082275 672.887634277344 893.137260437012 799.9416231215 875.926872253418 856.183082580566 867.309532165527 792.935264587402 730.34693145752 662.826171875 720.581787109375 618.554244995117 857.706573486328 512.019454956055 506.807220458984 389.300811767578 553.334396362305 815.063110351562 919.126373291016 556.254261016846 456.638336181641 580.781143188477 1066.38745498657 755.92472076416 861.267559051514 817.76439666748 1285.13744354248 663.412117004395 -9999 -9999 -9999
882.845672607422 828.204086303711 938.029037475586 1139.2181224823 1173.30337524414 1276.82458496094 1304.13525390625 1118.14670372009 946.269641876221 728.976446151733 773.175521850586 749.289445877075 530.413665771484 500.649841308594 691.62158203125 790.144630432129 788.184134483337 1007.64970397949 863.546154022217 920.594310760498 915.866391181946 1266.29135131836 833.108795166016 738.117614746094 661.950752258301 731.843772888184 649.29655456543 686.742431640625 850.139427185059 845.584607124329 828.429084777832 634.946731567383 581.576850891113 336.707977294922 564.690788269043 323.546905517578 456.703475952148 738.588562011719 680.715270996094 336.866943359375 579.020721435547 677.619674682617 747.927490234375 692.863090515137 659.504852294922 1239.12791442871 771.211288452148 1326.36231994629 640.067535400391 -9999
1081.37821960449 1070.47329711914 997.646865844727 1036.54328346252 1118.23475646973 1249.67427062988 1168.46343994141 1153.87370586395 840.133041381836 868.952875137329 1039.71713256836 924.462730407715 697.187580108643 584.28636932373 668.694793701172 696.691471099854 809.789888381958 874.790874481201 848.45424079895 1029.77213287354 926.788281440735 1063.24817371368 702.831073522568 671.419723510742 714.142230987549 831.183639526367 673.623397827148 828.764303207397 772.539796471596 829.695133209229 615.002685546875 564.62077331543 411.920440673828 490.04753112793 387.002746582031 453.307540893555 448.333312988281 763.2646484375 814.462112426758 839.440147399902 582.353492736816 555.544815063477 565.739471435547 568.672485351562 517.549774169922 676.948883056641 799.574982643127 1094.45520019531 790.392082214355 678.438888549805
1024.88708496094 1054.65208435059 1008.59504699707 721.327453613281 879.498306274414 940.056991577148 883.935150146484 756.187553405762 1093.96360015869 937.880271911621 785.460269927979 804.890073776245 804.842334747314 835.021987915039 894.890914916992 852.742652893066 852.940418243408 980.961906433105 1038.0857925415 1054.56017446518 1122.16193389893 1063.46473693848 770.78832244873 826.065738677979 833.043628692627 1072.67478942871 922.797039985657 817.675003051758 785.973480224609 918.052047729492 763.760223388672 730.722991943359 765.573892593384 629.203170776367 640.740570068359 475.107833862305 569.709655761719 898.829040527344 853.337066650391 832.883285522461 487.106979370117 622.819610595703 517.331604003906 957.599951028824 919.417762756348 789.793962478638 726.966087341309 650.859764099121 574.45751953125 852.491539001465
666.029354572296 746.763214111328 711.623592376709 707.024654388428 802.69157409668 751.633453369141 793.669532775879 842.827140808105 1030.39767456055 981.493942260742 858.136344909668 1131.06011962891 793.266899108887 899.02059173584 888.081020355225 1366.20270824432 843.452327728271 609.919006347656 944.149185180664 1239.15845489502 837.559066772461 1188.63776397705 880.481229782104 739.068874359131 717.575706481934 789.157655715942 717.01286315918 752.066860198975 914.392242431641 802.801528930664 980.860374450684 829.899047851562 894.65161895752 948.318702697754 904.672134399414 909.521018981934 959.201972961426 1023.51561927795 1026.64761352539 784.325332641602 629.72492980957 618.637664794922 585.627334594727 875.569160461426 758.576629638672 784.218994140625 761.157485961914 676.054252624512 636.471954345703 923.459365844727
749.316757202148 718.509662628174 709.695322036743 746.642158508301 789.28515625 696.338001251221 574.91820526123 896.792785644531 727.270695209503 696.011730194092 986.452613830566 895.631057739258 1454.97898864746 804.749694824219 632.187225341797 779.912879943848 664.536430358887 792.154173851013 863.264595031738 1381.58717346191 667.050315856934 708.803789138794 578.620574951172 1023.99504089355 689.91524887085 808.617450714111 751.81604385376 777.906326293945 807.487892150879 754.155815124512 816.476119995117 873.849983215332 603.614349365234 758.641204833984 680.815078735352 821.869003295898 1005.6060333252 700.159057617188 901.318710327148 752.896560668945 870.45246887207 1045.6466999054 948.703132629395 847.65251159668 805.319488525391 980.100583076477 878.799240112305 885.555328369141 867.628112792969 1065.1026468277
756.238353729248 718.496307015419 705.744444847107 675.420669555664 847.562728881836 716.593984603882 807.08618927002 765.640348434448 709.291496276855 771.524040222168 725.673831939697 657.986259460449 809.900796413422 855.727226257324 903.245635986328 812.764205411077 752.916614532471 702.51229095459 760.027208566666 741.476943969727 623.229965209961 681.794849395752 731.880001068115 735.344610214233 667.296493530273 723.165649414062 833.153377532959 667.29997253418 633.085098266602 755.118934631348 824.310207366943 887.294761657715 710.41796875 730.590034484863 837.692686200142 922.08878326416 818.447982788086 682.982070922852 836.748863220215 801.236694335938 884.505561828613 886.879638671875 884.711238861084 978.244108200073 1031.97204589844 965.88404083252 906.192825317383 839.90161895752 712.225303649902 830.02782523632
846.714206695557 687.831420898438 710.962520599365 838.622554779053 711.71662902832 650.532997131348 658.914958953857 866.028099060059 734.875505447388 808.523796081543 956.495025634766 1152.08700561523 770.078590393066 771.142215967178 877.201377868652 608.656784057617 789.737888336182 776.900236129761 878.983200073242 713.136500835419 532.655426025391 693.961563110352 676.454383850098 606.507064819336 640.267669677734 686.128025054932 698.129669189453 1187.19808197021 841.55249786377 895.34792137146 951.982989311218 1052.99678039551 695.330688476562 814.557559967041 874.850538253784 796.159423828125 632.629852294922 766.802726745605 660.966125488281 886.174375534058 826.19945526123 832.372138977051 879.339691162109 979.20246887207 1018.66736221313 942.602127075195 975.863288879395 987.043235778809 795.433303833008 831.128895580769
514.708869934082 713.446901321411 1352.18385601044 678.954307556152 780.836601257324 682.044219970703 668.493856430054 838.964393615723 743.160865783691 901.392440795898 938.54874420166 708.997535705566 736.89058303833 723.755556106567 678.666496276855 797.716747283936 949.261489868164 706.606315612793 783.308586120605 665.538229942322 747.665092468262 761.924964904785 679.138374328613 565.700180053711 607.827140808105 652.226133346558 690.297504901886 524.014633178711 614.465270996094 902.180725097656 1014.5432434082 808.902893066406 691.609039306641 1299.43103027344 701.942726135254 767.796813964844 581.896942138672 535.109619140625 711.047912597656 811.194631576538 700.955619812012 862.479804992676 799.94202041626 732.91967010498 811.337619781494 943.686569213867 998.494170665741 908.78352355957 1057.50160217285 875.471336364746
1060.10481262207 574.50609588623 1269.07386016846 1301.16859436035 709.984497070312 646.671104431152 866.53369140625 671.593732833862 1176.56391906738 685.192836761475 842.401794433594 676.915054321289 777.826438903809 657.782325744629 643.064819335938 982.296493530273 836.949409484863 878.108261108398 717.359628677368 670.038166999817 660.801643371582 744.614219665527 793.810817718506 776.382148742676 626.172546386719 837.454498291016 653.500450134277 766.867511749268 712.512378692627 705.918300628662 734.937852859497 771.941051959991 747.575857162476 807.911628723145 685.615322113037 1199.6019821167 555.643508911133 623.870407104492 708.008392333984 669.74641418457 909.90306854248 806.997719764709 851.881504058838 989.898460388184 755.186798095703 743.423015594482 1088.73416137695 906.586145401001 803.91178894043 1141.4176940918
719.89959859848 739.362854242325 810.226498365402 780.350633740425 1178.42414093018 1503.88073730469 929.842226028442 723.191323280334 730.095588684082 674.885223388672 752.217422485352 790.138305664062 714.371572494507 667.262706756592 757.337602615356 779.919120788574 895.129196166992 813.158752441406 749.488227844238 742.088073730469 696.854915618896 689.627063751221 673.908191680908 753.483512878418 709.513488769531 804.318618774414 693.952125549316 566.008712768555 682.821510314941 648.060150146484 730.222415924072 1023.14123535156 787.195262908936 544.278594970703 708.476951599121 563.413345336914 581.290786743164 1305.69186401367 878.962875366211 856.771179199219 874.060585021973 820.404144287109 875.416389465332 902.623633384705 716.001571655273 749.930839538574 807.495140075684 898.460411071777 783.56982421875 876.067699432373
662.688842773438 738.509819030762 717.287292480469 735.61457824707 624.887405395508 574.163032531738 670.458465576172 766.510967254639 808.596473693848 823.185668945312 710.11527633667 615.082191467285 670.665943145752 572.785514831543 732.540796279907 963.5146484375 655.856544494629 850.837631225586 746.158897399902 721.820331573486 761.694568634033 540.79035949707 774.606979370117 647.476161956787 632.183227539062 683.211288452148 648.228378295898 743.755828857422 852.242080688477 734.114454269409 783.677635192871 639.994773864746 747.109194330871 802.280941009521 733.048164367676 835.878540039062 655.605178833008 665.682472229004 838.501300811768 1260.29927062988 1248.524559021 808.007419586182 727.069489479065 685.371936798096 685.294708251953 682.0986328125 702.856857299805 971.539226531982 1071.75999450684 879.094766616821
793.090126037598 706.161888122559 598.204246520996 479.461090087891 619.986778259277 822.783378601074 809.437965393066 660.886119842529 822.290145874023 780.402336120605 770.569763183594 849.940811157227 748.189735412598 748.83561706543 718.843215942383 739.950107574463 945.168548583984 674.191520690918 622.033897399902 646.779281616211 781.359325408936 735.662170410156 743.727031707764 763.913459777832 649.274211883545 844.051834106445 704.092451095581 556.906066894531 841.232406616211 789.191217422485 733.407842636108 630.317825317383 737.052457332611 789.681991577148 688.526809692383 601.744979858398 695.839340209961 884.695472717285 910.269012451172 965.640533447266 632.05339050293 765.024974822998 773.250700950623 915.475608825684 572.188568115234 666.303352355957 818.311315536499 943.542091369629 1021.22131347656 938.55237197876
