export/dem/dem30.asc
NCOLS 350
NROWS 171
XLLCORNER 152620
YLLCORNER 418050
CELLSIZE 100
NODATA_VALUE -9999
[rows 44 to 65 of 171, columns 50 to 99 of 350]
698.53592300415 828.652202606201 740.119613647461 878.585693359375 412.231708526611 224.586791992188 397.35400390625 491.776599884033 592.681295394897 468.646812438965 968.496040344238 395.825378417969 497.78833770752 288.79475402832 548.260166168213 351.533073425293 458.810835838318 375.814025878906 416.675968170166 514.675590515137 446.311489105225 464.75298500061 301.702941894531 469.836627960205 407.543540000916 591.648452758789 410.240779876709 418.215399742126 480.578498840332 375.966377258301 430.528722763062 560.978309631348 522.586814880371 509.57381439209 533.128715515137 610.894561767578 422.687955856323 446.39915561676 492.516510009766 412.416007041931 546.152313232422 636.87776184082 333.83512878418 459.979681015015 509.490112304688 401.186897277832 491.229148864746 476.186771392822 398.443798065186 433.745153427124
657.589042663574 723.948677062988 724.229232788086 729.209838867188 378.65185546875 321.998657226562 556.798950195312 430.209442138672 370.540298461914 514.470489501953 432.225448608398 405.774078369141 478.830480098724 518.330118179321 350.641387939453 376.44303894043 399.890174865723 386.533115386963 363.922367095947 629.037490844727 374.149784088135 412.107976913452 500.800201416016 548.200645446777 412.488573074341 362.560802459717 463.269451141357 392.40612411499 396.762546539307 225.906860351562 530.631576538086 614.203140258789 643.189636230469 455.207536697388 456.856775283813 498.158103942871 501.407005310059 411.053810119629 495.943344116211 641.660491943359 366.199081420898 571.652366638184 551.608528137207 350.434059143066 373.789993286133 546.381477355957 278.762161254883 329.161026000977 636.698913574219 363.557495117188
642.092416144907 593.475807189941 603.707229614258 426.00767326355 327.202590942383 483.200210571289 315.456665039062 335.456657409668 511.004852294922 363.39762878418 589.793144226074 510.008559346199 576.579612731934 470.176572799683 458.339926719666 344.368621826172 383.079006195068 483.067245483398 356.075668334961 432.490003585815 300.196510314941 553.446548461914 445.325443267822 441.105180740356 513.30322265625 410.351083755493 338.341102600098 235.777160644531 360.287132263184 332.408264160156 300.187698364258 372.324161529541 389.272776603699 523.411041259766 604.093063354492 411.46407699585 595.873245239258 455.331274032593 557.329620361328 432.618807792664 471.885108947754 593.429252624512 448.729066848755 346.72225189209 287.509170532227 355.83716583252 393.900449752808 393.256971359253 526.512634277344 445.741171598434
691.02352142334 446.160003662109 493.018768310547 563.673362731934 354.444122314453 417.927513122559 952.236694335938 585.215202331543 511.749750137329 381.877807617188 570.467422485352 483.002956390381 500.72504234314 429.300437927246 633.452373504639 646.474609375 468.751968383789 572.379119873047 444.032718658447 478.303176879883 535.178070068359 455.21662902832 401.815062522888 411.827668190002 503.249572753906 342.165107727051 611.653137207031 465.486671447754 461.398891448975 529.794342041016 553.995735168457 601.784317016602 481.752613067627 499.732894897461 443.851802825928 450.209573745728 488.451961517334 421.938642501831 374.796077728271 459.461572647095 497.602680206299 338.235832214355 296.658294677734 300.752700805664 330.712226867676 347.311096191406 554.504020690918 340.948890686035 537.235877990723 482.972911834717
479.970566749573 568.652755737305 424.219831466675 500.241065979004 592.522987365723 509.519966125488 377.196647644043 416.690208435059 315.034805297852 428.128143310547 443.063255310059 401.534660339355 456.995574951172 462.098838806152 465.00473690033 585.663696289062 530.586227416992 321.501251220703 606.888259887695 478.642387390137 506.832244873047 423.786883354187 512.99462890625 539.342445373535 408.830995559692 311.650131225586 385.259474754333 367.587512969971 377.056758880615 337.212677001953 362.146110534668 454.905769951642 523.203201293945 490.493350982666 400.461055755615 406.26523399353 466.283679962158 350.08081817627 438.105871200562 408.18154335022 472.557849884033 430.993068695068 509.608337402344 270.575653076172 396.480962753296 404.342262268066 385.091537475586 375.994331359863 488.303779602051 492.888397216797
762.817932128906 421.910297393799 438.967796325684 488.443447113037 433.463043212891 546.082057952881 450.639335632324 352.752044677734 434.526195526123 393.833694458008 233.428619384766 427.577812194824 292.310928344727 298.946914672852 393.055725097656 497.626953125 361.66003036499 364.729648590088 458.161140441895 388.125547409058 467.567249298096 472.591209411621 391.012936592102 393.433953642845 550.286506652832 436.826644897461 355.353031158447 591.227355957031 467.314079284668 295.761260986328 425.986307144165 428.100862026215 254.673599243164 536.735130310059 348.159202575684 334.899208068848 585.862442016602 594.566299438477 511.404541015625 416.511852264404 502.833381652832 360.57958984375 434.051103591919 409.306583404541 384.066192626953 368.788360595703 443.206911325455 381.12618637085 489.369220733643 347.43074798584
486.492736816406 525.144912719727 617.152008056641 1092.99862670898 548.683064937592 374.502792358398 414.618492126465 154.191650390625 448.809492111206 376.792945861816 413.065593719482 279.12370300293 315.960083007812 412.981246948242 501.063278198242 314.403434753418 440.791912078857 607.350982666016 436.659734725952 276.602478027344 315.197204589844 352.451242446899 336.561180114746 490.610260009766 358.6969871521 558.053070068359 498.455955505371 355.194799423218 585.415512084961 342.471649169922 390.179693222046 449.927742958069 472.561542510986 520.329231262207 542.649780273438 333.20068359375 407.002913355827 581.492889404297 557.384429931641 369.118515014648 367.890644073486 469.507595062256 376.082897186279 481.438806533813 469.400539398193 514.277030944824 297.257530212402 390.151676177979 542.231956481934 424.714044570923
839.966857910156 563.124561309814 507.477212905884 542.838200569153 528.865838050842 556.620464324951 491.864030361176 320.425765991211 464.739363431931 424.844396114349 329.148330688477 272.477233886719 491.143623352051 463.965725898743 611.277084350586 503.518257141113 457.870014190674 398.129549026489 475.281440734863 430.195852279663 496.787422180176 286.601516723633 478.39933013916 539.270004272461 554.313919067383 505.330436706543 486.910308837891 429.051837921143 499.590057373047 532.930458068848 412.628916740417 434.062660217285 377.768713951111 520.694404602051 617.000335693359 483.851707458496 616.269958496094 638.679443359375 448.503403663635 401.360954284668 411.636642456055 502.256826400757 461.484817504883 439.159283638 371.358543395996 371.319986343384 321.744247436523 494.003692626953 323.770515441895 407.996663093567
735.068252563477 389.13129234314 933.411071777344 498.96667098999 584.410160064697 529.070901870728 516.218467712402 621.245254516602 513.043575286865 386.736152648926 493.102466583252 567.129455566406 334.346527099609 394.200845718384 286.370971679688 505.119354248047 449.673831939697 398.634864807129 405.61946105957 461.04825592041 527.981674194336 530.838912963867 459.480751037598 495.576477050781 446.704803466797 674.643173217773 552.062538146973 564.054489135742 439.144889831543 309.621849060059 387.009458065033 424.388074874878 307.239761352539 525.515823364258 645.116577148438 544.348388671875 432.362854003906 440.173141479492 435.335418701172 460.596374511719 415.624111175537 523.323638916016 489.980964660645 449.850706100464 364.287689208984 475.244338989258 374.287061691284 137.201141357422 321.684646606445 288.830459594727
622.6085460186 606.016372680664 560.39656162262 695.830696105957 595.375755310059 522.789978504181 562.327133178711 488.387422561646 473.563045501709 527.455444335938 434.003087043762 419.51537668705 407.643813848495 343.410858154297 529.097122192383 461.943908691406 430.036848068237 467.790313720703 438.049043655396 445.020967483521 548.166542053223 452.284397125244 514.435806274414 401.175008058548 592.261306762695 637.552627563477 534.059989929199 583.219268798828 431.52108001709 539.561538696289 401.065104484558 370.50779914856 299.045738220215 348.815444946289 626.315826416016 402.275367736816 499.109191894531 357.845985412598 441.823524475098 394.152362823486 347.876930236816 371.863424301147 482.194641113281 555.963012695312 467.64627456665 334.673866271973 361.819881439209 335.687164306641 205.467636108398 297.692810058594
780.302047729492 583.941101074219 534.520282745361 846.278167724609 612.836051940918 610.491546630859 515.4013671875 492.223358154297 545.868316650391 426.386291503906 404.050296783447 487.056503295898 468.961765289307 488.619758605957 451.728042602539 399.034652709961 546.808090209961 526.269607543945 464.658199310303 593.174255371094 382.003705978394 564.36058807373 473.118896484375 692.175853729248 762.095001220703 439.059410095215 382.298135042191 553.034851074219 337.832072257996 330.063423156738 329.732604980469 422.851905822754 380.556210041046 280.000526428223 382.811954498291 535.912689208984 394.087918281555 299.582054138184 403.840121269226 372.92813205719 573.821792602539 435.949535369873 411.73394382 457.551155090332 443.898456573486 427.147826194763 415.038225293159 271.266937255859 440.82666015625 322.312355041504
614.587818145752 1132.03800559044 569.791145324707 661.375297546387 615.943069458008 461.111251831055 481.102890968323 484.685508728027 508.852230072021 472.498344421387 420.450968742371 323.530738830566 424.510865926743 514.607452392578 548.096176147461 521.845169067383 560.973114013672 383.716617584229 385.112098693848 439.473339080811 520.150047302246 519.345153808594 540.051681518555 567.464019775391 322.04736328125 422.399394989014 411.663867950439 255.171920776367 339.530061721802 506.493209838867 254.123764038086 354.823614120483 331.575347900391 337.799785614014 369.020923614502 450.811130523682 450.112194061279 403.440557956696 368.890277862549 351.062118530273 429.116062164307 538.596282958984 520.629760742188 432.147758483887 375.615793228149 527.091484069824 364.347229003906 531.246429443359 462.558801651001 368.749931335449
527.741668701172 619.760953903198 638.875648498535 804.304779052734 545.740676879883 567.816646575928 645.317581176758 463.075349569321 398.10538482666 471.493850708008 347.597930908203 297.210098266602 469.689292907715 455.387191772461 471.732803344727 375.757774353027 483.982582092285 254.487152099609 513.999542236328 431.318519592285 409.428134918213 620.529342651367 480.51725769043 340.242763519287 451.719787597656 360.432543754578 428.546928405762 394.312561035156 448.561050415039 473.568183898926 531.408065795898 377.017823219299 178.011383056641 256.93244934082 443.915138244629 309.075561523438 520.174827575684 361.599353790283 295.118705749512 241.653839111328 448.285545349121 327.525207519531 577.853408813477 569.595169067383 397.089256286621 366.69966506958 440.108448028564 349.876899719238 308.579452514648 494.170211791992
728.310020446777 550.868141174316 580.046770095825 442.431411743164 589.780151367188 519.098951339722 483.370429992676 424.446968078613 515.651298522949 391.341213226318 367.549987792969 446.206672668457 350.77507019043 449.094421386719 360.858016967773 412.890940189362 438.279935836792 361.551746368408 453.978851318359 344.623359680176 413.398319244385 394.708156585693 373.409576416016 330.976938247681 332.707946300507 451.260612487793 459.246604919434 354.329843521118 315.37050819397 476.178207397461 305.598430633545 261.689422607422 379.157552719116 362.564567565918 373.217168807983 228.300354003906 427.547943115234 296.142539978027 270.968948364258 376.07625579834 317.508697509766 532.714019775391 356.233139038086 509.196022033691 430.104752540588 552.232055664062 617.964645385742 515.612289428711 475.140712738037 427.551114529371
526.008525848389 473.352226257324 719.021934509277 631.367931365967 601.083274841309 721.318206787109 502.126609802246 381.068344116211 587.149215698242 582.774520874023 392.182861328125 289.643196105957 357.320169448853 337.728595733643 371.722955703735 539.804397583008 331.277633666992 461.707927703857 424.118100166321 498.021133422852 242.423721313477 323.293762207031 379.812973022461 421.252014160156 265.681129455566 343.773503541946 324.125834465027 519.333038330078 396.29478263855 545.034362792969 379.01095199585 286.75382232666 394.238611221313 546.234390258789 426.697696685791 513.133087158203 240.613861083984 290.86058807373 288.97518157959 344.025119781494 407.076868534088 454.599849700928 360.886863708496 294.59171295166 455.455871582031 568.132095336914 574.419342041016 471.890341758728 520.767108917236 339.326721191406
512.359703063965 475.914451599121 586.684204101562 555.892990112305 543.773132324219 625.002731323242 592.982696533203 428.390342712402 517.605613708496 452.227491378784 308.477073669434 389.337896347046 433.319198608398 467.138862609863 551.150405883789 469.887184143066 397.482822418213 456.607378005981 309.359436035156 340.040786743164 334.086131095886 307.242237091064 343.892773628235 217.007904052734 200.017395019531 343.140125274658 358.987473249435 564.491455078125 356.720821380615 334.694030761719 341.391269683838 367.487508773804 271.464714050293 570.220275878906 491.223854064941 448.160396575928 426.413848876953 464.498916625977 440.100551605225 318.829948425293 327.249870300293 325.194313049316 469.940719604492 467.491050720215 377.55411529541 387.877864837646 416.060289382935 387.507026672363 466.576030731201 400.111598968506
432.998825073242 574.16410048306 632.790863037109 571.382171630859 466.962432861328 696.700387954712 531.301021575928 574.061706542969 486.387781143188 439.276828050613 432.576667785645 481.611061096191 433.148132324219 463.587280273438 477.177520751953 279.00220489502 404.333519935608 392.115070343018 407.644638061523 271.819793701172 235.413246154785 308.32780456543 361.574865341187 363.513071060181 187.220321655273 384.879159927368 340.240426063538 365.583099365234 556.339645385742 477.726974487305 488.346733093262 529.063430786133 466.259963989258 497.622375488281 512.81916809082 425.173286437988 416.210292816162 353.076782226562 560.2646484375 417.63331413269 367.141681671143 416.036943435669 423.511604309082 490.266044616699 487.737148284912 377.823974609375 444.308616638184 308.143356323242 517.980346679688 368.425445556641
345.862579345703 722.276763916016 597.902011871338 570.388540029526 547.760711669922 574.207668304443 610.444734573364 513.323081970215 521.413021087646 428.752855300903 430.200443267822 346.070079803467 346.665904998779 468.184631347656 530.547653198242 463.841658592224 362.95588684082 438.150722503662 386.922488212585 355.271949768066 310.204322814941 378.872785568237 406.853542327881 353.685838699341 430.454456329346 366.84225153923 328.291076660156 339.933967590332 574.685806274414 494.092300415039 503.050140380859 295.81664276123 546.478164672852 599.157470703125 429.001800537109 484.521102905273 413.795225143433 328.829917907715 566.707534790039 419.665050506592 397.480137825012 479.051769256592 381.174585342407 317.403884887695 468.212352752686 347.367149353027 346.332138061523 395.114654541016 504.714351654053 604.989151000977
680.183631896973 580.960675239563 551.468952178955 615.607826709747 613.457458496094 663.972867965698 637.934219360352 513.741834163666 576.721412658691 501.34797668457 513.86780166626 356.800590515137 455.179885864258 415.99781036377 417.954254150391 393.300984382629 487.310897827148 390.526569366455 255.179428100586 429.783706665039 399.879581451416 440.752166748047 245.115005493164 332.489032745361 414.309417724609 235.866638183594 298.612060546875 430.733703613281 443.7734375 445.088241577148 408.302335739136 355.693943023682 469.266403198242 491.359169006348 430.900512695312 290.074966430664 399.678798675537 374.788787841797 478.385627746582 489.259994506836 547.993316650391 333.000457763672 307.515556335449 443.673806190491 480.757205963135 382.263721466064 514.946640014648 412.682258605957 396.874267578125 290.510696411133
520.643976211548 525.313056945801 573.313883781433 564.811816930771 744.304443359375 500.888507843018 518.316177368164 632.516754150391 450.048068523407 406.289484024048 413.672510147095 462.353689193726 457.201393127441 292.447765350342 379.946304321289 415.351665496826 334.34818649292 332.357044219971 239.382423400879 375.506345748901 377.514720439911 409.928045272827 274.518859863281 345.341270446777 423.86572265625 284.28401184082 248.353492736816 461.957855224609 532.72673034668 449.299797058105 463.478713989258 298.524139404297 398.575656890869 402.926582336426 406.225793838501 355.891380310059 343.995735168457 430.010547637939 345.012405395508 360.843448638916 406.95272064209 369.206199645996 415.558457374573 373.066547393799 414.256080627441 375.489665985107 432.346896886826 429.064356803894 391.073802947998 484.677837371826
461.783065795898 489.269470214844 474.620086669922 810.370101928711 540.252919316292 525.556270599365 471.429853439331 542.47306060791 590.21403503418 394.783659934998 485.794727325439 628.562744140625 422.054759979248 418.202220916748 357.950717926025 238.705795288086 300.446907043457 451.65495300293 246.540000915527 245.499137878418 165.796432495117 351.799831390381 331.9453125 311.050102233887 245.918655395508 151.530426025391 232.256958007812 547.601440429688 478.990234375 489.28857421875 468.097183227539 534.613540649414 428.180034160614 582.312225341797 440.786758422852 379.04426574707 276.915954589844 395.900432288647 477.18140411377 310.025657653809 211.490158081055 396.629596710205 388.573747634888 447.921384096146 487.753684997559 511.191047668457 468.307334899902 554.531105041504 492.14687538147 465.107601642609
425.186157226562 480.365009307861 291.400024414062 626.26167678833 493.055244445801 652.740371704102 599.261993408203 411.134656906128 384.927851676941 525.530967712402 513.848541259766 446.374797821045 295.014781951904 457.327461242676 526.539001464844 386.933525085449 410.222568511963 405.660797119141 305.574584960938 437.355941772461 309.993003845215 384.459895133972 408.550134658813 318.654062271118 233.152297973633 243.681396484375 226.985549926758 387.343639135361 452.894989013672 423.928775787354 421.252819061279 493.536476135254 410.986041069031 458.484287261963 462.961478233337 305.749038696289 401.483423233032 502.478065490723 340.760719299316 427.860412597656 258.156509399414 379.497123718262 453.232398986816 472.77473449707 450.955722808838 372.776145935059 478.176290512085 599.538848876953 564.071884155273 526.174270629883
