export/dem/dem33.asc
NCOLS 350
NROWS 171
XLLCORNER 152620
YLLCORNER 418050
CELLSIZE 100
NODATA_VALUE -9999
[rows 66 to 87 of 171, columns 50 to 99 of 350]
431.334999084473 556.954444885254 401.585922241211 449.039430618286 271.829086303711 448.716566085815 392.932737350464 271.054229736328 322.651878356934 395.725444793701 439.332164764404 321.002349853516 473.644256591797 318.786331176758 368.174161911011 148.698684692383 390.911670684814 188.517272949219 222.708709716797 394.351230621338 378.63391494751 328.568267822266 263.634231567383 441.764335632324 455.272979736328 395.263748168945 343.404888153076 259.251914978027 341.653514862061 331.791843414307 300.29118347168 368.324123382568 415.2526512146 359.007293701172 438.336444854736 269.406219482422 403.923984527588 320.449012756348 329.548622131348 456.908976554871 563.561889648438 349.832588195801 378.148784637451 502.030029296875 478.569496154785 363.385414123535 468.517147064209 527.840530395508 485.974300384521 495.85912322998
430.890235900879 530.370063781738 446.936196804047 505.137008666992 406.790460586548 390.561563491821 345.914932250977 365.907379627228 300.953483581543 427.812831878662 350.203730344772 394.826187133789 146.42041015625 312.893379211426 373.286406517029 337.389039039612 223.424049377441 359.499176979065 286.663330078125 333.513729095459 349.608585357666 458.354049682617 291.71208190918 308.555603027344 424.293151855469 400.022653579712 470.728675842285 341.178810119629 381.224188804626 427.073791503906 477.340934753418 360.056304931641 486.901817321777 440.29211807251 324.190864562988 478.534286499023 517.345893859863 551.260803222656 562.709686279297 496.695686340332 469.56424331665 520.712982177734 599.159317016602 405.820827484131 442.622617721558 343.004020690918 184.063140869141 407.254524230957 371.145751953125 499.412086486816
578.243354797363 538.944499969482 525.651527404785 533.23983001709 291.76628112793 274.56404876709 511.448860168457 351.458421707153 325.081787109375 252.672119140625 421.676467895508 311.806102752686 294.838443756104 324.648975372314 327.995094299316 437.254936218262 506.392074584961 386.533756256104 397.222139358521 436.078170776367 389.994184494019 316.083435058594 421.321914672852 395.081096887589 411.803035736084 348.503837585449 262.402183532715 316.604484558105 392.347537994385 388.23292350769 536.149841308594 316.95011138916 527.376579284668 385.96070098877 330.711448669434 312.902038574219 438.260860443115 409.691654682159 442.074506759644 557.587982177734 469.699340820312 471.255162239075 524.697242736816 408.575241088867 316.84789276123 416.402137756348 440.041250228882 446.888772964478 443.211431503296 387.494964599609
650.278915405273 486.634667396545 417.781318664551 351.064247131348 326.225082397461 161.800109863281 273.173583984375 370.438282489777 350.754638671875 316.851852416992 467.514724731445 464.661392211914 466.912384033203 383.946718215942 368.552225112915 475.905799865723 535.354019165039 629.993682861328 469.55883026123 362.555639266968 297.289985656738 357.990413665771 277.198379516602 562.435821533203 470.740341186523 390.61970448494 372.415807723999 375.283407211304 328.830955505371 313.430191040039 399.114656448364 361.164688110352 537.865356445312 461.863334655762 449.204032897949 433.214050292969 364.558609008789 367.826965332031 444.152996063232 405.343678474426 584.071075439453 408.873310089111 367.803634643555 439.375400066376 390.222930908203 538.689308166504 362.788871765137 470.716999053955 406.019317626953 523.935890197754
535.893013000488 424.705814361572 435.137763977051 380.078727722168 426.598737716675 234.365707397461 180.179595947266 393.400714874268 382.525157928467 242.975440979004 328.104501724243 367.155377388 406.540319442749 322.071933746338 348.214079380035 466.976615905762 548.741912841797 441.203899383545 409.983497619629 464.639167785645 362.177013397217 344.971298217773 368.463680267334 462.695007324219 319.794799804688 396.798810958862 418.710258483887 321.559562683105 314.383499145508 399.111347436905 283.932815551758 409.951205253601 394.288473129272 659.16667175293 499.638694763184 244.002471923828 440.577907562256 300.984245300293 384.006690979004 529.785148620605 464.347618103027 372.594142913818 404.270574569702 575.862808227539 574.518600463867 441.041036605835 369.571083068848 363.63404083252 501.366405487061 331.855346679688
484.387226104736 407.648231506348 525.303108215332 385.207151412964 431.029838562012 335.249172210693 405.825187683105 313.459079742432 319.246112823486 337.336275100708 366.510827302933 416.973720550537 339.601102828979 278.261627197266 506.750907897949 518.961441040039 402.792175292969 402.076023101807 436.945014953613 440.512889862061 375.848709106445 327.351341247559 481.706024169922 366.669582366943 484.622520446777 391.976783275604 322.874938964844 396.678284645081 314.218910217285 320.82039642334 353.555988311768 342.962142944336 396.017462253571 517.854713439941 520.254135131836 378.712041854858 415.200883865356 273.411514282227 522.452270507812 372.498565673828 443.05007982254 659.414352416992 634.235488891602 518.901256561279 601.591186523438 329.649322509766 507.518112182617 600.66389465332 495.255535125732 490.378025054932
357.16170501709 428.510895729065 395.572797775269 284.646476745605 454.628067016602 256.545738220215 421.223377227783 346.198596000671 285.291709899902 358.226398468018 382.778293609619 372.82194519043 303.330436706543 459.976776123047 461.42586517334 499.243728637695 377.05242729187 385.810083389282 278.719619750977 502.054557800293 455.349662780762 453.769332885742 317.685695648193 452.035667419434 367.206965684891 262.058113098145 404.181677818298 399.052520751953 335.996227264404 442.9072265625 308.335147857666 417.451610565186 372.513235092163 348.120658874512 593.035934448242 534.689605712891 361.846786499023 409.690670013428 405.019872665405 492.787036895752 552.25422668457 433.338718414307 441.825983047485 537.837669372559 523.009414672852 469.67925786972 456.458921432495 536.419509887695 478.510143280029 578.783241271973
436.36442232132 255.754638671875 331.533737182617 257.886032104492 421.134311676025 492.429260253906 316.346252441406 240.386566162109 331.051652908325 254.84162902832 434.94017791748 295.541484832764 390.236125946045 357.658114671707 386.591058731079 420.968605041504 320.010929107666 462.692420959473 396.044235229492 265.185874938965 389.490453720093 161.270278930664 467.457786560059 373.165102362633 498.37818145752 285.93701171875 355.565580368042 307.754692077637 367.268308639526 283.306457519531 255.487785339355 264.906410217285 380.646124839783 363.132295608521 481.862205505371 416.736616134644 487.227882385254 435.832286834717 519.392509460449 531.02392578125 530.688140869141 489.988620758057 375.811614990234 508.219829559326 517.129535675049 469.841423034668 604.823921203613 390.95671081543 524.059610366821 405.974296569824
481.796279907227 298.693130493164 583.173568725586 324.393836975098 274.616119384766 408.986446380615 232.247253417969 319.537132263184 323.371524810791 404.686561584473 242.831657409668 435.443222045898 359.988925933838 338.104913711548 390.65958404541 476.664649963379 483.655708312988 417.1508436203 418.894115447998 381.3450050354 417.308502197266 316.778896331787 395.856761932373 420.479377746582 315.472343444824 382.147356033325 315.171089172363 313.888290405273 286.946273803711 336.157730102539 201.239944458008 275.066375732422 358.213362693787 361.247970581055 471.579956054688 272.835105895996 519.841857910156 482.95650100708 542.961212158203 469.164251327515 380.504875183105 594.278167724609 497.246936798096 566.741081237793 511.283477783203 640.318832397461 403.115135192871 541.68593788147 526.681024551392 663.596984863281
344.267700195312 462.101081848145 410.863512039185 542.480072021484 489.056091308594 385.930805206299 318.157783508301 311.222450256348 258.16960144043 291.582221984863 406.053810119629 391.61360168457 414.515068054199 249.443389892578 252.739723205566 332.0260887146 425.215686798096 378.364664077759 370.756974458694 296.698043823242 353.875785827637 457.507232666016 399.510757446289 384.375164031982 232.922927856445 285.932975769043 369.091419219971 512.535690307617 257.550300598145 289.50772857666 383.856657028198 482.844139099121 438.093402862549 389.915324211121 390.660564422607 399.290848731995 513.448455810547 371.424140930176 498.990337371826 577.043472290039 508.202754974365 373.040412902832 335.217666625977 644.219177246094 579.843727111816 621.083389282227 517.568469047546 652.950134277344 502.73455619812 897.485260009766
521.741371154785 330.071342468262 202.587127685547 296.961494445801 397.485597610474 402.109670639038 422.275680541992 316.904773712158 173.964111328125 400.509033203125 230.179748535156 246.712944030762 243.910003662109 413.608263015747 443.226493835449 443.883522033691 550.384323120117 416.903690338135 300.708808898926 429.46382522583 400.66251373291 328.79548740387 412.891948699951 437.362518310547 329.422212600708 436.376224517822 333.237705230713 359.076259374619 334.009204864502 448.168930053711 379.103233337402 389.660501480103 506.971145629883 369.605350494385 318.696144104004 340.627517700195 466.42894744873 459.272721290588 457.990776062012 572.200637817383 449.083400726318 420.378505706787 620.040115356445 552.695755004883 631.185577392578 558.682685852051 808.791748046875 954.405502319336 692.187881469727 799.313186645508
409.638565063477 492.975477218628 315.602848052979 261.916839599609 360.162673950195 401.8927526474 460.629699707031 481.478370666504 463.760063171387 372.323188781738 535.200157165527 426.65608215332 463.672340393066 361.075213432312 375.192048072815 398.1975440979 376.792490959167 504.452201843262 342.593152999878 420.032917022705 395.229263305664 402.363351821899 402.870151519775 396.64626121521 360.238414764404 329.711380004883 445.295127868652 385.501233458519 407.313402175903 231.012008666992 357.144493103027 432.288461685181 437.465202331543 287.39900970459 340.340003967285 476.9693775177 482.343841552734 672.913909912109 608.974746704102 649.379821777344 691.46484375 469.719295501709 492.183982849121 441.24220085144 507.390281677246 710.825235366821 528.403564453125 845.404312133789 559.211715698242 671.987895011902
525.764392852783 202.211959838867 222.403442382812 612.145843505859 639.999389648438 287.734474182129 438.643733978271 526.152694702148 393.755334854126 376.371952533722 341.022325515747 270.33960723877 267.70140838623 290.354698181152 353.129602432251 349.78901052475 316.11873626709 447.490699768066 470.77018737793 273.195915222168 435.199775695801 380.247757673264 361.606292724609 429.951282501221 461.242500305176 477.762008666992 446.732685089111 369.885223388672 381.323535919189 280.275169372559 335.706642150879 404.324844360352 347.195755004883 492.373626708984 536.192100524902 412.502265930176 447.655033111572 678.740173339844 574.779029846191 587.390739440918 646.850059509277 546.479522705078 438.244294643402 885.327438354492 687.434532165527 822.440887451172 464.231389045715 523.222522735596 521.683361053467 642.338836669922
300.28178024292 265.274356842041 258.102813720703 496.620307922363 588.705535888672 500.175323486328 552.02214050293 295.133659362793 411.770240783691 377.837699890137 407.26517868042 339.496067047119 341.257235527039 252.692100524902 232.182525634766 435.807754516602 401.249559402466 314.063217163086 360.005893707275 458.123077392578 404.146644592285 452.808601379395 310.792430877686 406.62239074707 392.441602706909 403.544193267822 308.83324432373 407.58355140686 433.925773620605 419.685947418213 591.513748168945 293.856231689453 594.930130004883 531.208488464355 439.272929191589 542.582252502441 519.737646102905 632.635375976562 508.909427642822 638.059951782227 618.886131286621 604.970504760742 755.954765319824 549.91259765625 706.450439453125 743.607704162598 676.759910583496 654.954460144043 642.111854553223 622.160873413086
450.288421630859 380.641306877136 440.073471069336 517.302055358887 481.69068145752 463.937423706055 403.327716827393 314.051837921143 459.868515014648 390.661525726318 292.953338623047 337.320983886719 250.428924560547 390.257146835327 309.606266021729 333.022388458252 454.952323913574 410.586540222168 548.374359130859 296.021404266357 494.379669189453 292.255813598633 461.745498657227 473.654731750488 277.750137329102 462.00959777832 407.00493144989 438.827655792236 385.758953094482 381.293937683105 523.99543762207 459.778709411621 441.584694862366 577.734680175781 436.731857299805 482.490282058716 414.718402862549 429.471206665039 505.511123657227 539.642189025879 544.464482307434 563.174731254578 750.521766662598 447.845607757568 421.400833129883 403.46614074707 719.98454284668 618.16886138916 784.880020141602 558.601957798004
385.703903198242 390.023057937622 332.47425532341 460.777725219727 470.229385375977 536.242523193359 401.446535110474 548.208236694336 369.202814102173 540.434600830078 351.864809036255 369.989055633545 376.428412914276 359.800589561462 369.759636878967 372.277198791504 392.503862380981 416.440635681152 340.61417388916 406.499546051025 230.770721435547 274.612693786621 402.367015838623 355.610763549805 281.342979431152 356.695091247559 385.371749281883 472.671131134033 384.183818817139 409.771977424622 341.022109985352 396.02202796936 428.717722892761 494.4319190979 513.497947692871 509.854434967041 460.333349227905 346.622772216797 525.146335601807 681.212623596191 863.623550415039 480.811653137207 581.028884887695 697.688495635986 574.150619506836 619.642852783203 473.020236968994 421.655647277832 471.30424118042 512.46715593338
422.456207275391 476.252746582031 312.286336898804 522.791961669922 365.171765327454 499.430099487305 451.417030334473 475.034713745117 467.705574035645 410.27672958374 357.554443359375 390.253566741943 473.741554260254 356.181772232056 281.274925231934 283.782646179199 319.697959899902 390.723207473755 338.643648147583 352.856231689453 458.010673522949 364.231816291809 404.758670806885 524.025451660156 381.314652442932 376.849545478821 448.265449523926 491.373840332031 440.417705535889 487.270095825195 255.593551635742 362.62642288208 449.899048447609 415.703674316406 418.880899429321 514.518054962158 423.917274475098 566.247425079346 802.188785552979 514.703353881836 432.616226196289 299.657119750977 451.610336303711 511.879593849182 427.202713012695 535.840061187744 446.807125091553 694.572525024414 663.3935546875 580.274837493896
484.844009399414 553.914978027344 338.527564644814 401.034004211426 447.790306091309 475.555290222168 384.648208618164 300.574451446533 429.241310119629 366.19449532032 225.180603027344 502.273178100586 224.619537353516 328.616910934448 308.277267456055 273.861923217773 286.061370849609 281.554420471191 315.119476318359 410.908771514893 327.978790283203 426.595230102539 314.682952880859 418.146524429321 434.104530334473 374.584146499634 412.037199020386 346.716567993164 526.294952392578 457.026485443115 366.453113555908 403.727518081665 552.847068786621 402.310096740723 432.726654052734 393.37629699707 515.943316459656 650.529243469238 567.093521118164 547.802701473236 468.376153945923 478.970409870148 546.054264068604 499.918785333633 617.541269302368 655.489738464355 555.31177520752 677.771202087402 598.165899276733 582.221202850342
536.379150390625 312.751640319824 269.622833251953 229.920906066895 214.137191772461 442.371452331543 281.111938476562 447.008651733398 443.120307922363 418.765609741211 415.120162963867 457.243324279785 234.544631958008 278.725715637207 241.470230102539 289.317947387695 310.078227996826 345.893957138062 300.074390411377 353.709508895874 373.786151230335 269.034362792969 260.798561096191 406.257318496704 338.211700439453 375.361595153809 459.526271820068 411.566904067993 401.847507476807 396.328707933426 399.167908668518 470.340473175049 437.366044998169 361.941421508789 452.354019165039 325.307022094727 738.159385681152 412.865142822266 456.938430786133 582.359220504761 388.949905395508 486.323665618896 446.328018188477 534.562110900879 738.747772216797 466.137619018555 539.031044006348 532.367919921875 523.42350769043 699.426406860352
436.661308288574 380.338603496552 444.354454040527 388.699248313904 259.2822265625 306.451263427734 319.757169723511 257.674331665039 236.995101928711 330.942794799805 302.053691864014 278.209831237793 355.82884979248 332.010374069214 340.775479316711 343.545872688293 453.731033325195 451.942031860352 322.586017608643 380.060577392578 348.719383239746 298.632041931152 255.244125366211 361.353282928467 508.34944152832 535.333724975586 366.447814941406 302.87686920166 413.567102909088 354.985313415527 400.121780395508 541.887748718262 482.282188415527 395.28059387207 535.208961486816 419.494415283203 638.61083984375 535.32795715332 368.5830078125 401.90385055542 448.659656524658 530.204734802246 609.066974163055 564.226531982422 597.265743255615 -9999 -9999 822.910163879395 652.215240478516 816.325355529785
513.664527893066 387.90479183197 412.083688735962 318.946960449219 197.330337524414 295.583198547363 275.529777526855 269.704780578613 364.330991744995 257.933380126953 363.630838394165 208.464981079102 358.826243400574 326.695022583008 421.290115356445 426.529174804688 453.277030944824 457.082061767578 401.583343505859 385.27003288269 281.733955383301 245.986206054688 367.262990951538 219.335403442383 301.910003662109 387.98056602478 291.128479003906 395.550930023193 498.374649047852 566.629272460938 461.795475006104 414.904622077942 396.588531494141 385.65983581543 443.158050537109 797.379333496094 647.415069580078 484.892127990723 299.808670043945 483.274522781372 672.838981628418 659.734916687012 -9999 -9999 -9999 -9999 -9999 -9999 -9999 -9999
484.442771911621 453.071147918701 414.370403766632 304.273040771484 439.794486999512 417.400512695312 335.244487762451 242.072154998779 383.0061378479 421.496971130371 335.239119052887 305.866508960724 352.372388839722 323.907047271729 378.390968322754 333.957794189453 522.967193603516 343.118528366089 309.49373626709 316.975814819336 458.071784973145 363.828142166138 379.270763397217 421.675380706787 364.34086227417 422.383598327637 426.545347213745 445.323829650879 594.555709838867 744.561492919922 429.335923194885 471.99116897583 596.739128112793 504.345127105713 387.813842773438 659.838996887207 413.521682739258 461.108085632324 404.824272155762 581.514016151428 569.695919036865 -9999 -9999 -9999 -9999 -9999 -9999 -9999 -9999 -9999
