export/dem/dem35.asc
NCOLS 350
NROWS 171
XLLCORNER 152620
YLLCORNER 418050
CELLSIZE 100
NODATA_VALUE -9999
[rows 132 to 153 of 171, columns 250 to 299 of 350]
791.155261158943 796.187479972839 760.67165184021 685.330207824707 712.357353210449 525.8115234375 427.738403320312 554.476219177246 390.383117675781 769.876182556152 573.297454833984 674.502334594727 729.845569610596 824.963584899902 714.039077758789 738.469884872437 620.332443237305 799.780097961426 819.965984344482 847.201309204102 852.718490600586 810.141670227051 607.643264770508 819.399673461914 764.870170593262 548.487823486328 710.491268157959 816.277954101562 640.475517272949 625.488838195801 586.290977478027 830.782241821289 524.694847106934 670.306360244751 692.082656860352 740.105407714844 509.856918334961 688.618064880371 726.673257827759 628.371231079102 853.153747558594 1126.8108587265 891.909477233887 1079.57767868042 936.912307739258 823.186149597168 889.792995452881 869.406578063965 914.271330833435 963.938154220581
640.634750366211 750.363746643066 786.019920349121 744.227577209473 715.028635025024 470.649635314941 407.121047973633 698.137321472168 687.75545501709 658.107414245605 599.198265075684 845.884307861328 644.331405639648 663.73486328125 600.501541137695 637.108703613281 651.647380828857 953.678951263428 957.952339172363 821.793884277344 987.205963134766 765.200698852539 674.287370681763 697.562601089478 731.214477539062 593.854675292969 778.360641479492 697.917304992676 587.696098327637 679.594989776611 713.368453979492 642.924554824829 651.472316741943 609.012340545654 743.161170959473 741.986572265625 568.811958312988 575.067970275879 554.828399658203 611.281585693359 584.342323303223 659.932815551758 1017.09069633484 1102.48656845093 947.934661865234 943.970546722412 1072.54730224609 711.265586853027 854.794372558594 892.597158432007
800.182209730148 792.216781616211 669.702270507812 712.042879104614 570.314552307129 519.788208007812 478.209686279297 721.817886352539 768.089699745178 613.831939697266 559.149749755859 690.336669921875 571.425186157227 821.381858825684 665.616157531738 760.591725349426 566.974792480469 846.321956634521 1000.53506469727 782.607293605804 910.174240112305 843.438545227051 831.571182250977 981.043823242188 703.622412919998 756.270286560059 829.039932250977 704.955516815186 668.355068206787 706.563396453857 685.717422485352 714.396640777588 687.271266937256 692.988342285156 743.33780670166 612.403968811035 693.752475738525 711.42414188385 589.68782043457 709.424712181091 743.933490753174 723.81266784668 588.470932006836 705.438186645508 794.769264221191 753.231460571289 880.225571632385 791.804346561432 812.41429901123 839.082130432129
673.940902709961 580.807830810547 610.827003479004 726.193405151367 609.635441690683 560.155952453613 533.734283447266 615.451919555664 787.897228240967 718.22297668457 620.586517333984 738.706565856934 757.298189640045 632.565399169922 630.372222900391 614.919631958008 696.350444793701 830.039581298828 725.516193389893 944.985855102539 840.162601470947 984.73161315918 800.498954772949 828.964935302734 763.429275512695 687.194522857666 679.638893127441 647.195258796215 644.360487937927 707.022857666016 655.372669637203 588.000358581543 723.233013153076 755.872573852539 675.284636497498 623.351802825928 736.83967590332 626.274238586426 555.088684082031 624.737342834473 541.739898681641 473.39323425293 554.362525939941 524.179138183594 610.640281677246 895.395838022232 866.189972877502 709.181121826172 759.375411987305 1051.86653900146
678.964859008789 644.58039855957 641.412498474121 614.97269821167 484.391677856445 678.97477722168 687.645172119141 801.396997451782 729.762840270996 805.783655166626 663.554344177246 638.475273132324 569.453353881836 636.843215942383 695.096309661865 633.325874328613 698.085098266602 797.320129394531 851.097038269043 874.462509155273 930.854293823242 829.195739746094 842.344146728516 782.263641357422 807.264923095703 846.358871459961 672.686632156372 586.334564208984 774.353462219238 604.042119979858 599.067184448242 596.377138137817 573.86156463623 713.353916168213 703.736570358276 693.030933380127 594.138496398926 658.60375213623 661.236854553223 697.895186543465 628.879806518555 539.271377563477 660.767372131348 603.86340713501 709.236299514771 765.026134490967 829.701561927795 1037.31854248047 843.468841075897 858.22241973877
808.733131408691 539.270751953125 851.451126098633 756.387836456299 744.210300445557 737.921424865723 796.785632610321 845.084144592285 807.81441116333 700.629722595215 787.377254486084 676.583717346191 507.042694091797 643.623458862305 705.88134765625 752.068155288696 645.560424804688 833.274457931519 664.976148605347 702.464165687561 643.761037826538 743.177825927734 900.253448486328 825.104537963867 648.205913066864 642.463443756104 669.845280885696 633.791742324829 706.98274230957 664.94659614563 657.734621047974 765.302223205566 647.742210388184 600.062835693359 621.558727264404 595.201812744141 597.477119445801 609.944343566895 491.984191894531 568.69718170166 600.912322998047 504.190292358398 641.916595458984 622.818244934082 683.110101699829 685.624435424805 869.058208465576 872.154388427734 852.259340763092 815.036545276642
819.609798431396 689.354134559631 685.229942321777 804.28536605835 818.644666671753 676.210060119629 661.231163024902 841.623542785645 928.992614746094 830.434116363525 747.696949005127 799.34850692749 761.340615272522 912.266975402832 809.301464080811 641.082336425781 785.732963562012 580.949447631836 693.997440338135 815.233581542969 767.228408813477 581.357971191406 804.266899108887 579.586936950684 658.448015213013 620.947032928467 721.6487159729 724.70484161377 605.483451843262 615.224849700928 622.793113708496 671.922127723694 588.809814453125 691.442331314087 723.725999832153 606.345890045166 691.072452545166 758.766128540039 733.102321624756 731.490537643433 593.519096374512 724.316125869751 723.755229949951 610.902755737305 795.212734222412 793.10481262207 719.794469833374 679.682994842529 835.986032485962 996.529418945312
579.366394042969 764.642427444458 780.306993842125 793.873044729233 843.396591186523 828.887775421143 816.957210540771 878.839530944824 746.892101287842 890.758293151855 856.478988647461 756.322345733643 733.026908874512 837.778038024902 977.973075866699 749.703659057617 777.175575256348 747.283996582031 715.518188476562 755.157991409302 630.501914978027 712.170818328857 809.488346099854 899.355529785156 880.503067016602 645.38777923584 630.091457366943 771.248165130615 768.472759246826 714.639436721802 577.042839050293 758.020303726196 721.456058502197 627.822525024414 616.246742248535 532.181396484375 744.073318481445 747.52006149292 799.639892578125 729.130216598511 703.058880090714 730.025460243225 687.68824338913 781.605117797852 784.205318450928 718.377185344696 693.844892501831 662.057781219482 865.38888168335 786.234086990356
783.516853809357 961.391052246094 758.525623321533 749.979942321777 851.596778869629 859.963432312012 752.872478485107 751.081691741943 633.886871337891 781.55094909668 976.655960083008 885.726676940918 707.541107177734 864.505882263184 815.701261520386 755.114517211914 632.874114990234 773.030342102051 803.70858001709 859.931457519531 725.733185768127 791.004371643066 666.42977142334 683.608360290527 700.486885070801 851.596435546875 728.223022460938 768.110794067383 600.372344970703 674.011180877686 648.204284667969 579.917129516602 630.846015930176 643.733276367188 622.977230072021 587.736930847168 555.761474609375 843.788955688477 719.981960296631 602.521438598633 687.733509540558 723.841014862061 745.748615264893 791.731025695801 666.31449508667 795.334049224854 619.11669921875 666.471603393555 796.916213989258 788.134346008301
716.841985940933 895.435180664062 818.964252710342 882.129642486572 832.298326969147 958.031982421875 944.111236572266 823.640042304993 767.806148529053 895.028816223145 787.458469390869 991.542846679688 818.445934295654 730.732978820801 803.483375549316 665.638717651367 788.360026359558 752.597827911377 681.603401184082 622.774192810059 672.728996276855 703.56734085083 789.588241577148 806.639877319336 588.894104003906 825.778022766113 910.147285461426 974.219268798828 795.503399133682 860.185554504395 631.209869384766 776.380973815918 627.394378662109 620.513599395752 700.86776638031 545.59114074707 700.160402297974 706.287498474121 772.300977706909 739.064380645752 807.370185852051 889.019668579102 849.477584838867 785.591381072998 836.811996459961 827.662307739258 656.522590637207 740.483261108398 720.763717651367 818.787910461426
872.960426330566 857.8967628479 1075.96199035645 807.332356452942 890.754962921143 988.245330810547 784.035629272461 670.492799758911 745.547973632812 814.09827709198 861.287353515625 888.853973388672 758.959697723389 827.449953079224 593.468933105469 824.740229129791 960.830627441406 831.532062530518 969.060623168945 687.904563903809 440.296478271484 748.645065307617 479.421173095703 830.287773132324 737.552209854126 744.705560684204 837.529754638672 902.661758422852 965.55583190918 760.764410972595 819.193687438965 734.3108253479 700.3887155056 706.88698387146 802.471698760986 713.933440208435 723.029033660889 755.461158752441 661.800378799438 819.284400939941 788.744415283203 726.404767990112 643.515090942383 716.810562133789 823.60124206543 687.594482421875 830.034851074219 640.287910461426 832.202598571777 583.875061035156
708.415735244751 708.605156898499 995.323448181152 764.32568359375 772.730058670044 744.429588317871 678.050872802734 1164.29165649414 690.321899414062 909.09725189209 921.106170654297 776.948751449585 925.634376525879 816.346782684326 915.393363952637 878.128646850586 889.908920288086 984.059310913086 965.787612915039 850.436302185059 697.06725692749 601.149948120117 692.962491989136 725.82791519165 727.14234161377 798.058944702148 882.829696655273 856.686470031738 767.251444816589 695.280281066895 768.457588195801 699.440901517868 685.195125579834 685.771209716797 730.81521987915 648.630424499512 737.670980453491 736.06282043457 687.636268615723 897.417388916016 886.269882202148 658.635772705078 671.427062988281 838.50993347168 740.054765701294 694.960624694824 893.719314575195 886.952972412109 912.508071899414 688.277242004871
753.45482635498 664.467109680176 889.170959472656 777.426710128784 813.186576843262 664.646423339844 665.305694580078 1006.23767089844 793.673263549805 822.32000541687 964.929417610168 760.107357501984 986.148193359375 903.447834014893 854.620184898376 852.899984359741 891.841796875 970.351028442383 818.128931045532 911.39771270752 745.508144378662 734.6506690979 847.673980712891 923.723693847656 891.374984741211 663.60591506958 664.462985992432 789.078080892563 814.183784484863 767.669406890869 778.75133895874 772.795906066895 699.151926040649 633.110305786133 740.195888519287 671.086433410645 711.142793878913 703.052038788795 683.378200531006 772.562229156494 756.146884918213 599.536201477051 674.387561798096 815.232719421387 684.077793121338 709.887529373169 709.657186508179 775.954322814941 699.24373626709 852.619132995605
-9999 -9999 -9999 955.189598083496 827.415714263916 926.381088256836 949.226577758789 780.037267684937 773.367736816406 743.231315612793 907.006660461426 875.758995056152 1100.15199279785 980.380771636963 794.039909362793 922.882595062256 1009.13882446289 924.119941711426 1004.04119873047 828.616976737976 927.899703979492 957.193977355957 871.506202697754 925.064758300781 885.20862197876 901.01872253418 706.546188354492 764.469635009766 669.236745834351 721.124549865723 895.304695129395 701.108489990234 875.140151977539 762.439905166626 798.892532348633 558.410415649414 801.690662384033 855.395854949951 827.70467042923 774.555255889893 821.465721130371 802.292230606079 864.057006835938 628.987922668457 813.898101806641 672.841743469238 840.88501739502 809.600746154785 835.775909423828 722.992774963379
-9999 -9999 -9999 -9999 -9999 -9999 891.63013458252 908.824726104736 777.986015796661 842.476058959961 669.53731918335 493.938385009766 880.102272033691 866.799713134766 807.143062591553 924.014572143555 744.17085647583 978.520393371582 930.423049926758 1006.88459777832 933.981002807617 864.815003156662 899.768711090088 917.26261138916 879.550388336182 886.357421875 771.837909698486 727.294597625732 691.494140625 729.130855560303 871.649221420288 943.472402572632 867.42333984375 746.912824630737 742.296216011047 676.777603149414 778.916149139404 812.182690620422 771.837089538574 854.296703338623 844.491855144501 809.356086730957 679.408233642578 762.578540802002 755.600318908691 807.602630615234 847.002578735352 644.050888061523 919.004760742188 770.014674663544
-9999 -9999 -9999 -9999 -9999 -9999 -9999 -9999 -9999 824.806777954102 810.781097412109 936.875 840.700590610504 930.848083496094 847.148399353027 848.89672088623 972.772850036621 947.225574493408 985.229755401611 899.499454498291 943.001361846924 732.130249023438 850.623464584351 950.407981872559 917.682010650635 943.027877807617 734.095586776733 793.89395904541 821.3782787323 705.797164916992 844.636413574219 822.234674453735 850.700164794922 717.783910751343 688.715082168579 670.733869552612 701.330319404602 809.303886413574 703.446901321411 541.982498168945 852.54817199707 668.57710647583 803.110107421875 764.606468200684 685.209560394287 651.235778808594 672.253700256348 709.080991744995 782.287403106689 796.170829772949
-9999 -9999 -9999 -9999 -9999 -9999 -9999 -9999 -9999 -9999 -9999 775.947418212891 776.378252029419 831.085231781006 652.75071144104 625.856643676758 868.766025543213 1210.9669418335 857.108379364014 649.53337097168 870.170288085938 860.175743103027 1049.61589050293 967.337135314941 818.635143280029 714.665809631348 729.955758705735 882.14705657959 802.66565990448 895.95397567749 830.98006439209 879.651496887207 719.427199363708 860.870635986328 800.469020843506 710.496032714844 780.826805114746 716.234148025513 727.283113479614 762.555114746094 652.232452392578 705.103939056396 641.35391998291 708.613330841064 700.67981338501 800.446807861328 727.824283599854 795.679019927979 766.943389892578 751.240615844727
-9999 -9999 -9999 -9999 -9999 -9999 -9999 -9999 -9999 -9999 -9999 -9999 854.454509735107 646.287956237793 699.122463226318 687.439190387726 893.595611572266 1532.9116897583 1079.74726867676 1076.21501922607 1120.29204177856 1263.0927734375 1084.28001594543 1166.68427276611 968.693450927734 824.681015014648 835.257781982422 840.462467193604 847.318433761597 883.423575401306 785.467500686646 832.182923316956 734.625587463379 797.532039642334 782.138553619385 698.417820930481 804.776924133301 642.340690612793 677.443672180176 693.270690917969 644.511924743652 679.907279968262 759.306338787079 812.144859313965 716.313137054443 725.69310760498 581.404342651367 611.12060546875 836.611511230469 748.962171554565
-9999 -9999 -9999 -9999 -9999 -9999 -9999 -9999 -9999 -9999 -9999 -9999 802.225330352783 888.525863647461 972.819900512695 749.231021881104 764.21630859375 814.403272509575 894.740089416504 825.406196832657 818.001823425293 766.597068786621 776.975982666016 835.006799221039 915.138938903809 788.67816901207 1435.06895446777 930.106903076172 857.69792175293 1132.6978302002 712.271835327148 1009.44792175293 677.215957641602 637.648803710938 823.285011291504 649.703079223633 608.140090942383 516.06005859375 710.220050811768 725.821411132812 940.989288330078 812.659725189209 695.92236328125 875.15934753418 920.453384399414 849.701946258545 809.865509033203 663.75643157959 582.508529663086 760.304486751556
-9999 -9999 -9999 -9999 -9999 -9999 -9999 -9999 -9999 -9999 -9999 -9999 -9999 911.160869598389 806.55354309082 745.472103118896 622.387451171875 753.431732177734 883.921772003174 833.481739044189 779.966255187988 970.559143066406 935.881713867188 909.292106628418 919.652221679688 848.158714294434 740.321279525757 927.130088806152 852.796318054199 904.082557678223 1026.55352020264 908.93098449707 1031.58032226562 803.189926147461 783.278686523438 824.241253376007 711.433502197266 611.662521362305 863.86861038208 857.312385559082 727.230735778809 740.484886169434 832.309913635254 808.11480140686 891.954010009766 783.645839691162 761.717662811279 705.622161865234 744.309959411621 753.488899230957
-9999 -9999 -9999 -9999 -9999 -9999 -9999 -9999 -9999 -9999 -9999 -9999 -9999 -9999 801.284559249878 731.070209503174 719.760459899902 752.988494873047 924.571697473526 765.32453918457 932.615165710449 959.799354553223 968.509590148926 801.590888977051 797.234126091003 747.816123962402 757.670953452587 701.967239379883 898.14143371582 869.583431243896 765.789196014404 724.506549835205 789.104022979736 738.130365371704 782.919441223145 835.120170593262 907.726961135864 887.634960174561 733.107604980469 611.344528198242 865.744033813477 723.135772705078 957.771278381348 906.91833114624 762.174575805664 864.073886871338 951.561477661133 736.928253173828 739.417472839355 610.198364257812
-9999 -9999 -9999 -9999 -9999 -9999 -9999 -9999 -9999 -9999 -9999 -9999 -9999 -9999 825.23469543457 636.882293701172 700.327812194824 817.974480628967 724.634834289551 919.475986480713 962.016563415527 985.712715148926 922.0989112854 803.070419311523 987.350006103516 805.157737731934 760.734245300293 695.645599365234 866.156444549561 926.743537902832 742.997665405273 860.733428955078 1108.83654785156 900.288368225098 918.872024536133 794.205911636353 758.327441215515 699.791717529297 778.54452419281 724.8603515625 772.055736541748 696.565963745117 817.66490316391 777.43888092041 743.851104736328 777.087265014648 864.590257644653 820.809606552124 811.806768417358 678.516815185547
