export/dem/dem39.asc
NCOLS 350
NROWS 171
XLLCORNER 152620
YLLCORNER 418050
CELLSIZE 100
NODATA_VALUE -9999
[rows 66 to 87 of 171, columns 200 to 249 of 350]
571.77059173584 595.491313934326 680.445095062256 507.484954833984 705.252666473389 638.772523880005 623.253787994385 579.327301025391 781.72452545166 714.067573547363 589.405282974243 703.452575683594 577.87166595459 654.467067718506 618.109107971191 698.498394012451 623.956350326538 550.723968505859 606.211318969727 765.806884765625 520.990036010742 622.815895080566 672.492729187012 709.407936096191 697.896774291992 588.08154296875 645.444129943848 602.246790409088 769.029541015625 566.285242080688 686.49715423584 723.118102073669 646.469079971313 583.536331176758 639.412315368652 635.102119445801 701.815527915955 712.706359863281 601.967596054077 741.323852539062 634.204188346863 766.3564453125 702.842803955078 671.623882293701 619.002178192139 686.776339650154 776.271728515625 531.185035705566 639.91389465332 682.722248077393
738.225166320801 694.449020385742 615.208032608032 642.020984172821 618.478162765503 679.529056549072 541.237983703613 640.288784980774 633.017503738403 500.941925048828 566.513275146484 663.764114379883 776.421096801758 570.303672790527 611.27799987793 487.370826721191 590.963487625122 587.566429138184 626.927131652832 806.241340637207 763.869293212891 551.77587890625 607.451920509338 550.248695373535 787.009323120117 651.639350891113 593.69637298584 598.377397537231 625.250694274902 630.958502054214 634.777980804443 838.467361450195 606.272323608398 653.819854259491 899.117874145508 697.370574951172 675.453401565552 626.879433631897 653.310656785965 672.327262878418 612.823966026306 705.265586853027 577.074851989746 646.111953735352 640.403156280518 635.240355491638 739.480491638184 633.728685379028 734.580581665039 637.442675590515
520.067459106445 679.397327423096 549.862968444824 588.473865509033 813.769439697266 591.100749969482 541.747638702393 604.403861999512 615.661418914795 471.167526245117 689.450294494629 619.026857376099 647.699710845947 734.218669891357 669.732635498047 661.054378509521 568.416447281837 547.255279541016 591.508220672607 530.548553466797 682.873054504395 600.796738624573 692.341209411621 577.118801116943 604.054080486298 635.035766601562 671.175670623779 608.83642578125 568.829601287842 724.722702026367 513.501815795898 787.469954490662 701.441841125488 718.960529327393 578.863674163818 750.100410461426 705.606669425964 725.805084228516 777.252639770508 699.965013504028 761.054412841797 619.437660217285 765.325775146484 677.64094543457 765.409622192383 587.045692443848 618.75892829895 681.748723983765 719.232933044434 585.918586730957
630.342624664307 644.821921229362 635.842135429382 598.912996292114 579.550880432129 456.961212158203 499.504806518555 598.48314666748 608.919700622559 733.008445739746 687.612991333008 608.556674957275 717.353542327881 727.966533660889 729.015888214111 671.718128204346 643.333423137665 556.34086227417 642.701240539551 662.381387710571 486.010833740234 599.184421539307 632.963887214661 544.45263671875 751.276657104492 747.95378112793 634.334312438965 679.946697235107 653.745929718018 574.67573928833 629.543682098389 564.873580932617 593.088341712952 717.328479766846 699.702154159546 489.57795715332 682.060188293457 617.716648101807 739.476501464844 657.613109827042 561.522811889648 721.667045593262 677.740741729736 677.207775115967 631.634384155273 600.985206604004 608.218299865723 738.171356201172 596.439079284668 631.225594520569
793.605010986328 601.899887084961 627.754741489887 487.838684082031 628.112323999405 490.264312744141 443.265090942383 618.966003417969 705.117488861084 598.974494934082 492.942031860352 647.744140625 601.225597381592 696.584335327148 612.827998161316 547.315147399902 684.959873199463 464.604423522949 612.978832244873 581.274032592773 580.175659179688 643.906356811523 699.078899383545 682.408950805664 655.876098632812 614.470483779907 659.21964263916 698.199394226074 704.144287109375 581.696754455566 657.974956512451 570.038837432861 780.316741943359 588.700260162354 773.835098266602 616.997163772583 556.257514953613 766.346046447754 761.062454223633 590.540069580078 689.197357177734 463.321731567383 704.33952331543 627.741637229919 529.548561096191 729.994407653809 580.004150390625 847.744216918945 721.440338134766 664.659915924072
688.45142364502 541.072456359863 759.919525146484 446.343612670898 455.59553527832 572.423011779785 635.100450515747 680.228187561035 513.490966796875 712.659774780273 457.163269042969 785.52262878418 564.05387878418 655.209523200989 612.577425003052 613.55552482605 640.268251419067 712.418132781982 629.363552093506 738.860139131546 478.053314208984 670.247850418091 634.845481872559 650.985303401947 623.95994758606 736.395065307617 666.399597167969 670.4338722229 717.358123779297 663.130043029785 484.702407836914 569.716102600098 694.07657623291 703.169397354126 804.781372070312 492.769973754883 569.778373718262 710.017150878906 750.700531005859 707.182708740234 572.616390228271 634.610423326492 656.685394287109 504.700416564941 595.746620178223 500.773864746094 673.570133209229 548.221267700195 937.493515014648 693.406547546387
530.022270202637 647.905023574829 569.666297912598 595.404598236084 645.500247955322 673.274490356445 609.133688747883 823.669296264648 653.592602729797 597.02755355835 623.076370239258 660.688350200653 686.377300262451 667.587253570557 696.926399230957 611.036389350891 605.480127334595 615.517028808594 1013.60752868652 824.957870483398 806.739884853363 709.128356933594 479.294479370117 684.775146484375 641.711995124817 673.5322265625 555.608770370483 640.267044067383 576.97993850708 653.823755264282 625.542927742004 733.174255371094 649.983242034912 683.197280883789 718.160507202148 544.060752868652 623.193258285522 495.902961730957 634.799747467041 675.083137512207 722.855903625488 866.844207763672 635.460235595703 646.368052721024 581.009426116943 657.200912475586 568.291343688965 702.560943603516 618.129846572876 696.634708404541
727.651672363281 703.326164245605 464.598892211914 656.054531097412 519.562850952148 541.724708557129 563.838394165039 522.785049438477 648.04320526123 645.995189666748 598.677188873291 762.1181640625 606.560970306396 558.785850524902 705.813606262207 550.925605773926 641.38158851862 781.527404785156 729.421288490295 867.972641944885 692.394378662109 834.275428771973 743.067886352539 713.538970947266 468.391662597656 606.506381034851 738.710311889648 573.118255615234 652.115531921387 583.136425018311 499.054000854492 582.545783996582 888.848014831543 625.851053237915 527.168281555176 672.618873596191 651.291053771973 743.092834472656 586.234893798828 660.084300994873 615.791138648987 695.048751831055 669.881704330444 762.208023071289 761.304634094238 534.751235961914 644.186779022217 617.043245315552 636.382160186768 583.497695922852
649.770244598389 572.737998962402 690.551948547363 604.228694915771 563.50422668457 588.486904144287 638.169854640961 715.726584911346 561.683532714844 616.799980163574 715.336936950684 709.406562805176 646.797237873077 588.128356933594 624.27529335022 731.108261108398 590.926433563232 622.868419647217 627.825927734375 732.002182006836 835.813508033752 953.000221252441 1127.26725387573 885.483112335205 801.030876159668 821.738342285156 710.519592285156 565.132328033447 645.740264892578 559.822723388672 538.33048248291 829.288837432861 688.970512390137 641.871675491333 624.81476546824 745.396293640137 592.88695526123 521.21524810791 661.836154937744 712.561531066895 752.806655883789 794.850570678711 708.597705841064 774.874389648438 625.189519882202 697.843879699707 659.016794204712 591.637477874756 555.14875793457 593.377802848816
533.27375793457 578.844509124756 571.813068389893 702.320892333984 643.561756134033 539.952598571777 669.555374145508 712.153808116913 835.455612182617 531.099723815918 578.082641601562 600.765536308289 785.469299316406 706.945177078247 656.136365890503 539.53246307373 680.052040100098 694.86612701416 644.625713348389 831.799865722656 571.235832214355 686.79801940918 822.966239929199 732.184631347656 837.35231590271 864.332998275757 1018.45362091064 724.736254692078 742.929725646973 663.860599517822 698.78116607666 900.863441467285 726.062377929688 805.349029541016 567.302108764648 703.262908935547 744.73078918457 757.404022216797 670.765413284302 657.743750572205 466.273727416992 714.221870422363 565.039070129395 662.305210113525 679.706279754639 682.859046936035 644.584922790527 673.584892272949 642.471965789795 708.289413452148
773.802276611328 669.944786071777 650.310367584229 651.66686630249 765.416595458984 495.613700866699 647.011303901672 702.969562530518 710.184150695801 722.959868907928 702.655422210693 745.976905822754 660.031469345093 779.653709411621 784.41039276123 704.133136749268 637.315307617188 622.548011779785 901.366470336914 604.56078338623 736.3655128479 642.807609558105 833.987648010254 639.350967407227 893.622169494629 805.570255279541 844.316368103027 894.194725036621 896.141448974609 704.091636657715 1172.71759796143 824.504699707031 687.242515563965 756.326629638672 756.498809814453 624.927734375 574.169471740723 598.961097717285 578.694198608398 682.383178710938 809.755111694336 575.102703094482 565.26392364502 668.255859375 732.522827148438 671.162063598633 618.822173595428 605.773077011108 654.108772277832 420.956695556641
521.839691162109 567.357242584229 691.914932250977 593.252222061157 694.656517028809 722.767448425293 666.203113555908 632.661503791809 512.522232055664 722.013584136963 669.563790559769 724.475105285645 742.238914489746 613.277969360352 556.42809677124 778.076599121094 502.53678894043 617.752446174622 935.950691223145 899.651111602783 815.782028198242 795.003931045532 669.070819854736 729.783058166504 828.420776367188 687.040946960449 693.092067718506 940.942575395107 991.363739013672 916.397323608398 825.439697265625 676.071834564209 752.20404624939 829.170433044434 636.538571357727 630.154001235962 544.122421264648 818.762557983398 771.219200134277 529.250511169434 772.097869873047 586.827369689941 554.338729858398 595.355293273926 689.58430480957 636.586719512939 754.212188720703 764.707153320312 641.137218475342 583.977195739746
461.421401977539 660.342838287354 577.13591003418 586.780502319336 719.327461242676 758.352615356445 533.718376159668 773.576690673828 735.875205993652 758.056991577148 608.180786132812 704.933155059814 646.192030087113 662.41095161438 628.626479625702 591.633354187012 647.932205200195 636.345385670662 646.203121185303 750.428699493408 943.769184112549 889.05553817749 781.301948547363 658.687690734863 646.116058349609 701.77675819397 734.128360271454 1064.04708862305 1234.93040847778 1377.5037689209 597.841217041016 679.804911613464 717.357837677002 865.349800109863 644.139808058739 579.621780395508 660.161579608917 790.159378051758 686.551063537598 745.410301208496 690.573181152344 667.992868423462 547.572334289551 688.823795318604 755.849594116211 749.454971313477 767.887924194336 749.016494750977 598.5485496521 637.491743087769
638.02046585083 512.261558532715 667.341239929199 642.73596572876 634.910629272461 639.465377807617 648.788349151611 666.125373840332 588.933792114258 698.358571529388 686.167596817017 824.205413818359 592.685733795166 697.889324188232 606.394874572754 699.099464416504 628.167146682739 575.344173431396 542.890739440918 855.479930877686 704.897893428802 904.459701538086 725.309921264648 883.487125396729 854.414070129395 760.822345733643 671.442405700684 812.992250442505 1276.8870010376 1207.57218933105 1109.97067260742 1035.31245422363 904.068248748779 809.343246459961 556.460845947266 736.580131530762 616.268049240112 753.282112121582 721.841114044189 738.306484222412 716.596939086914 620.807176589966 555.423118591309 560.911674499512 553.971374511719 598.018013000488 566.511932373047 713.288391113281 703.647792816162 710.135215759277
764.984039306641 717.005615234375 633.80526971817 520.626876831055 684.418281555176 610.835739135742 689.283706665039 725.621879577637 737.479080200195 643.021461486816 648.041046142578 805.647537231445 494.343292236328 701.43257522583 874.014343261719 715.105596542358 639.0104637146 539.750305175781 764.656089782715 676.897988796234 821.541793823242 604.370311737061 763.652923583984 756.499462127686 658.664701461792 750.537267684937 768.854133844376 761.39759683609 838.509713172913 855.015368461609 1111.42906188965 1435.74012756348 1126.67925262451 936.504990577698 1239.78380584717 929.296264648438 759.895210266113 772.425453186035 768.318641662598 734.963306427002 544.240539550781 620.3756980896 669.950258970261 618.202608108521 675.786590576172 618.273052215576 434.016296386719 692.609493255615 596.63325881958 722.188407897949
667.173238754272 700.944465637207 826.137619018555 610.021113395691 657.93611907959 598.389747619629 698.554832458496 810.503555297852 622.58459854126 724.919372558594 692.524755954742 776.529174804688 591.728538513184 689.278537750244 712.162418365479 881.969619750977 585.196441650391 750.846145629883 762.862075805664 764.52458190918 785.037780761719 643.505215585232 660.914171218872 674.77156829834 511.36238861084 714.840257644653 933.712997436523 862.192161560059 819.01488494873 869.358978271484 724.610877990723 913.831684112549 945.923828125 1302.32815551758 1078.13219451904 961.951648950577 671.338275909424 683.873455047607 617.7958984375 761.830947875977 679.981295585632 609.370918273926 609.284113883972 675.73747253418 697.252551555634 746.070510864258 589.780014038086 742.059272766113 680.057651519775 581.984668731689
766.255508422852 774.656730651855 708.923389434814 683.631782531738 669.396633148193 769.137359619141 686.622772216797 693.743232727051 838.329849243164 602.880420684814 757.218292236328 717.031356811523 741.922927856445 683.52285194397 838.120162963867 802.623260498047 883.762283325195 700.870391845703 611.586019515991 510.815155029297 560.577201843262 718.026664733887 619.451873779297 568.892059326172 622.575912475586 618.027458190918 783.860126495361 772.942165374756 774.841094970703 749.316551208496 841.32724571228 922.568069458008 964.347564697266 1187.00122070312 1098.63424682617 1322.37684440613 843.455177307129 656.51513671875 554.424705505371 591.65950012207 559.792942047119 570.259384155273 697.925667762756 686.582208633423 725.351974487305 576.439739227295 706.168792724609 579.314304351807 582.233898162842 719.45149230957
740.796829223633 771.664398193359 861.858474731445 822.658386230469 670.203659057617 758.110900878906 816.866241455078 788.472854614258 780.687561035156 739.677856445312 690.456350326538 676.620215415955 772.354034423828 776.02709197998 721.678596496582 705.490905761719 601.016628265381 658.13692855835 648.973837852478 717.991333007812 679.120529174805 536.845153808594 723.969139099121 597.543128967285 673.484481334686 772.591690063477 580.479921340942 642.357174873352 786.50830078125 748.201324462891 762.453056335449 737.246156692505 1020.96867370605 1392.28430175781 952.50467300415 943.197616577148 977.311880111694 962.822975158691 657.786781311035 492.106224060059 516.860244750977 630.454322814941 670.441486358643 721.706748962402 809.422737121582 660.851057052612 744.210784912109 734.065628051758 724.198257446289 781.209320068359
803.357666015625 862.389938354492 627.866912841797 572.13529586792 658.996067047119 640.212824821472 703.077278137207 762.241653442383 711.452751159668 702.962440490723 651.840140342712 636.320987701416 563.232955932617 612.295742034912 665.357884883881 678.759662628174 644.630646705627 593.075103759766 700.035694122314 693.584976196289 786.759429931641 630.657340049744 459.637573242188 631.711627006531 832.755020141602 669.990785598755 794.76921081543 662.923629760742 658.262216567993 714.374994039536 775.422630310059 833.734390258789 898.156385421753 887.950601577759 1023.24116611481 1037.94989967346 762.287528991699 774.991352081299 579.516571044922 779.744262695312 818.983951568604 717.826772689819 808.287645339966 737.895709991455 869.979011535645 1045.30980682373 1222.08526611328 1033.72297286987 758.56755065918 757.258689880371
700.542404174805 597.816223144531 896.903854370117 797.830108642578 856.757705688477 634.866762161255 618.298473358154 668.882743835449 514.208602905273 581.110618591309 660.503355026245 678.819845199585 653.742051124573 586.769962310791 662.394341468811 726.210983276367 625.672835826874 663.37425994873 593.061618804932 601.09704208374 580.954303741455 587.866966247559 569.96817779541 672.274879455566 682.024600982666 688.219783782959 783.475997924805 782.676048278809 737.463066101074 613.789600372314 846.08056640625 757.988693237305 754.611534118652 880.593734741211 674.879127502441 855.297294616699 753.731864929199 665.599975585938 661.734580993652 736.60574054718 643.895885467529 524.346252441406 757.713935852051 617.733345031738 871.234931945801 888.33992767334 885.108963012695 1039.66487884521 995.251789093018 493.927337646484
673.47021484375 689.226531028748 880.921478271484 824.431396484375 742.944160461426 747.675788879395 705.695182800293 772.400268554688 744.318466186523 635.869550704956 741.91047668457 901.632461547852 663.093441009521 628.614505767822 732.602607727051 690.883277893066 644.706583023071 723.90397644043 755.409637451172 624.878811836243 573.444526672363 515.886169433594 690.313583374023 622.506336212158 637.895071983337 504.189804077148 830.389343261719 699.260074615479 599.687465667725 680.058006286621 654.08554315567 708.400947570801 587.473022460938 762.740303039551 709.632022857666 791.003578186035 603.532783508301 681.866268157959 692.483226776123 828.554870605469 908.61198425293 725.624941825867 656.858213424683 734.90616607666 711.43724822998 839.632225036621 966.474433898926 985.320847868919 857.985137939453 595.62606048584
681.1876039505 694.218223571777 662.807971954346 661.502370417118 669.070457458496 662.752166748047 765.143844604492 663.708301544189 705.942604064941 706.585464477539 640.987823009491 553.813545227051 566.080406188965 603.119575500488 626.377941131592 739.117866516113 694.238093852997 718.188188552856 676.17626619339 631.832559585571 746.507278442383 580.998073577881 593.118041992188 618.25986289978 458.507537841797 756.835845947266 752.418556213379 765.600429534912 1123.46225738525 659.649410009384 765.938613891602 674.28258895874 655.813366889954 499.300842285156 693.257516860962 760.718048095703 502.496139526367 633.933622360229 748.161724090576 679.980363845825 684.44523191452 639.609680175781 738.353275299072 784.335628509521 680.703979492188 948.452171325684 863.729988098145 1080.80215835571 1045.76614379883 1009.25186920166
