export/dem/dem39.asc
NCOLS 350
NROWS 171
XLLCORNER 152620
YLLCORNER 418050
CELLSIZE 100
NODATA_VALUE -9999
[rows 88 to 109 of 171, columns 200 to 249 of 350]
721.74342918396 738.540111541748 920.124649047852 793.715629577637 701.089447021484 719.833969116211 718.650566101074 817.013259887695 754.088668823242 856.08837890625 641.966411590576 513.186279296875 575.364379882812 637.309883117676 585.896499633789 683.616136550903 703.53265953064 712.548427581787 806.954978942871 689.574447631836 552.357948303223 627.586490631104 637.060584068298 630.329416275024 668.214256763458 671.215969085693 673.45096540451 723.683223724365 652.591493606567 646.275859832764 773.381492614746 576.71314239502 811.276000976562 702.102951049805 690.430866241455 717.767799377441 663.556772232056 684.192390441895 736.188858032227 784.137241363525 735.411344528198 769.940202713013 970.319549560547 955.022262573242 921.134185791016 688.837842941284 758.507449150085 888.901672363281 991.694747924805 950.365364074707
817.529312133789 778.672790527344 690.447688102722 688.215061187744 817.972793579102 674.838655471802 570.631988525391 862.274932861328 689.80765914917 894.737182617188 763.709716796875 576.316688537598 543.077896118164 640.127422571182 628.402621269226 667.510772705078 775.037910461426 729.43628692627 759.786399841309 702.336740493774 638.988204956055 564.491264343262 634.709705352783 767.077102661133 679.562048912048 706.8108253479 636.181480407715 543.208358764648 722.045917510986 620.619163513184 585.497283935547 587.269905090332 821.247848510742 544.122764587402 517.88899230957 612.918468475342 793.915893554688 597.902132034302 569.771934509277 688.924648284912 700.398181915283 718.574272155762 713.444225311279 865.410614013672 769.139259338379 789.603569030762 677.319877624512 902.904724121094 984.272407531738 880.611320495605
731.485191345215 1152.48989868164 496.061614990234 839.569412231445 635.131086349487 781.898727416992 677.862445831299 753.323295593262 688.300064086914 487.675918579102 700.188892364502 677.346591949463 691.322368621826 764.287139892578 668.212390899658 586.403797149658 761.654541015625 670.568376541138 669.016242027283 699.557376861572 755.619071960449 734.087745666504 657.553245306015 669.735029220581 665.015240907669 564.330436706543 569.242584228516 599.724075317383 651.318662643433 592.455772399902 669.456411361694 689.937004089355 592.599701881409 529.093437194824 566.40428352356 632.654834747314 713.732063293457 770.313606262207 694.279678344727 793.343826293945 768.531509399414 594.829772949219 749.826656341553 872.028274536133 869.71102142334 798.023239135742 770.125312805176 863.038101196289 891.048065185547 940.808326721191
680.864112854004 509.259750366211 613.161815643311 623.362075805664 774.209266662598 737.60530090332 542.291198730469 643.302822977304 769.216262817383 661.052223205566 673.958135604858 632.822211146355 691.243278503418 679.503204345703 558.885894775391 616.93578338623 677.732620239258 688.305480957031 641.973370170221 689.900756835938 617.124681472778 775.605834960938 789.384239196777 730.330894470215 650.945503234863 744.273017883301 694.052215576172 562.688705444336 684.475185394287 668.125829547644 646.432428359985 739.173367500305 542.497421264648 688.300476074219 658.307311534882 861.809341430664 686.028697967529 542.789077758789 798.237510681152 669.967361450195 761.554138660431 720.415992736816 738.603515625 961.646850585938 829.78776550293 691.391994476318 831.652420043945 738.877429962158 866.43904876709 1142.82632446289
598.723987579346 529.091537475586 593.601720809937 547.269268035889 597.129821777344 756.347801208496 591.475589752197 754.122650146484 658.460430145264 494.04833984375 415.046905517578 678.672550201416 624.358040809631 458.756057739258 503.002288818359 604.384304046631 527.009757995605 762.736473083496 621.739002227783 557.052703857422 679.470760345459 652.229684829712 716.284740447998 693.625260353088 744.825351715088 517.435775756836 700.189544677734 483.45979309082 768.994430541992 642.075561523438 723.038204193115 828.947647094727 698.768157958984 574.710823059082 672.788216590881 674.318947792053 525.229263305664 552.139015197754 653.519733428955 568.263793945312 624.322872161865 664.585159301758 711.057736933231 797.277324676514 811.750793457031 865.57470703125 817.475341796875 882.633209228516 1025.34173583984 869.295440196991
613.869656562805 730.406345367432 636.497734069824 724.581413269043 555.717730522156 1150.41143035889 600.890701293945 653.232341766357 633.109221458435 479.098114013672 630.21611815691 549.79549407959 783.398971557617 601.658903121948 622.783900022507 593.642204284668 555.804130554199 545.395416259766 471.4658203125 738.337871551514 659.116592407227 726.791259765625 721.531551361084 789.627635955811 717.554349899292 752.355613708496 677.571815490723 760.692001342773 643.74955368042 657.595142364502 756.663734436035 660.581071853638 624.176940917969 746.673969268799 882.137985229492 663.267562866211 646.723545074463 744.872344970703 701.771816253662 615.807197570801 705.810214996338 425.046157836914 631.319171905518 680.840160369873 642.516061782837 800.215034484863 663.251595497131 936.966842651367 796.073645591736 854.635982513428
542.169563293457 625.533493041992 744.564526557922 813.22721862793 580.072818756104 796.66389465332 829.00729572773 640.103722572327 594.891731262207 562.724830627441 591.001994132996 686.810264587402 512.624382019043 687.658798217773 790.733505249023 599.222631454468 694.02010345459 553.037696838379 579.680938720703 619.14510345459 710.087223052979 657.717628479004 610.98673248291 676.436599731445 700.371294021606 675.761047363281 682.977752685547 779.311981201172 706.835662841797 662.892220258713 773.349853515625 781.0966796875 733.264320373535 661.574413299561 706.892826080322 797.11615562439 614.452857971191 782.073745727539 709.786438941956 761.690269470215 605.260894775391 568.903060913086 799.664779663086 708.7873878479 683.624879837036 811.42121887207 611.452171325684 674.383661270142 849.145668029785 827.422218322754
689.976812362671 534.199523925781 735.234715461731 818.086708068848 596.936401367188 684.233924865723 774.349365234375 817.815673828125 602.95068359375 617.657577514648 578.448165893555 767.488327026367 805.893524169922 731.666885375977 742.511657714844 668.813800811768 702.275970458984 559.473045349121 688.332710266113 670.626647949219 577.738090515137 673.344450950623 643.687355041504 579.084712028503 726.610374450684 766.692741394043 682.554705142975 724.072212219238 625.942523956299 703.173816680908 586.569541931152 717.716508865356 666.504619598389 484.146820068359 660.978889465332 859.828651428223 825.654859542847 666.433326721191 521.36962890625 614.835121154785 615.177070617676 571.019897460938 814.261177062988 793.072219848633 808.420129060745 834.294664382935 681.974752426147 634.376873016357 809.613277435303 867.8818359375
646.254388809204 642.474625587463 768.291557312012 666.669883728027 768.120720863342 740.046318054199 716.512367248535 602.878395080566 669.825923442841 814.670379638672 676.510036468506 755.515426635742 649.691116809845 778.521194458008 568.130046844482 753.614166259766 587.695041656494 788.570983886719 508.960815429688 672.176542282104 687.163070678711 649.578916549683 717.931817531586 748.23645401001 722.71212387085 644.17546081543 686.574667930603 620.990261077881 548.7412109375 830.800903320312 805.303970336914 750.325012207031 678.246825218201 676.044250488281 728.946725845337 622.071441650391 783.501707077026 696.909797668457 608.036308288574 707.101773262024 785.24214553833 577.480163574219 752.094190597534 667.423500061035 674.447769165039 745.221708297729 606.310516357422 612.264030456543 672.396915435791 559.376251220703
502.719306945801 661.791238307953 718.049962997437 683.215194702148 824.509838104248 799.560432434082 719.243392944336 930.586944580078 492.502830505371 631.780414581299 758.903343200684 811.154327392578 759.390724182129 578.496353149414 660.055244445801 620.779341697693 594.96675491333 528.761642456055 569.45775604248 674.997815132141 603.164009094238 659.782514572144 539.851715087891 657.958356380463 693.128887176514 731.700567722321 636.210624694824 662.631702423096 672.187099456787 655.499816894531 468.919921875 777.78963470459 490.309158325195 750.193313598633 463.382507324219 734.819686889648 696.347188949585 548.591812133789 563.422714233398 615.842330932617 732.58510017395 599.437355041504 693.29864692688 645.13752746582 574.423355102539 553.11979675293 608.104431152344 747.108514785767 763.26741027832 671.250732421875
619.762840270996 379.606323242188 503.196350097656 660.126129150391 638.090461730957 806.442329406738 782.443840026855 722.296695709229 634.646423816681 679.24698805809 747.027374267578 802.865798950195 752.267105102539 803.13298034668 678.251214981079 766.452667236328 701.858238220215 784.933547973633 614.351100921631 571.323795318604 685.338321685791 635.622842788696 813.141967773438 750.834503173828 806.546051025391 761.73320555687 667.545227050781 658.932285308838 608.834716796875 609.590118408203 607.022109985352 625.252735137939 507.15673828125 528.163024902344 455.908309936523 605.491409301758 477.008636474609 579.482284545898 648.50853729248 633.169097900391 591.984260559082 523.213233947754 602.412895202637 629.663818359375 604.258880615234 698.474990844727 589.460815429688 755.432144165039 698.921768188477 667.097480773926
640.769088745117 426.523071289062 669.289138793945 609.469863891602 728.504972457886 881.866897583008 725.433002471924 825.497169494629 828.936546325684 645.736701965332 691.580757141113 747.112823486328 757.167587280273 555.175842285156 829.508392333984 899.99674987793 688.957370758057 698.867523193359 640.9710688591 686.658596038818 718.073917388916 633.43684387207 629.804161548615 579.693138122559 688.283506393433 685.694274902344 1043.21721458435 918.677955627441 656.591022491455 619.301719665527 673.689405441284 604.147842407227 523.09001159668 470.271484375 646.922929167747 536.860107421875 668.955505371094 531.680633544922 544.285110473633 578.507110595703 586.340530395508 600.073097229004 586.369041442871 573.817565917969 591.721466064453 614.317329406738 602.997711181641 948.936576843262 824.409118652344 967.963321685791
726.631866455078 714.350440979004 500.400260925293 732.347511291504 614.931854248047 750.389459133148 829.124328613281 849.302406311035 727.069747924805 719.337814331055 656.592447280884 723.456146240234 671.604326248169 675.725727081299 795.764923095703 775.040706634521 806.260589599609 821.690658569336 678.102016448975 675.962358474731 574.409408569336 676.363246917725 562.106418609619 872.591114044189 731.509613037109 633.232215881348 916.360466003418 711.891746520996 1066.19937133789 1203.54521179199 1219.94325256348 581.10986328125 488.926666259766 518.979736328125 666.611442565918 639.714492797852 985.303126335144 629.474716186523 567.74543762207 741.360454559326 632.42520904541 761.344699859619 716.775291442871 482.576538085938 746.69645690918 965.001266479492 1014.66366577148 775.412544250488 868.287872314453 824.143148422241
778.797004699707 634.494361877441 522.083564758301 784.441146850586 775.157140731812 704.123542785645 836.605239868164 906.50122833252 829.696678161621 1137.88362884521 611.822746276855 692.194871902466 679.07253074646 588.290885925293 774.127586364746 846.626945495605 698.823501586914 695.771770477295 624.236971855164 642.625196456909 766.559677124023 688.660800933838 522.635665893555 595.657958984375 503.40062713623 738.123960494995 740.2829246521 616.139808654785 608.801155090332 723.511026382446 514.590270996094 510.110504150391 580.238815307617 1346.75149917603 812.522232055664 880.077293395996 1247.99542999268 1076.97171020508 770.913300514221 792.129989624023 885.923175811768 685.032153129578 753.36305809021 598.532623291016 699.257423400879 775.475799560547 747.245697021484 1095.97492647171 1555.79818725586 759.411344528198
808.468410491943 917.313468933105 741.859855651855 632.00899887085 780.275392532349 739.246557235718 706.270412445068 957.216949462891 937.291397094727 749.781173706055 1078.33850812912 686.899156570435 695.520650863647 598.934295654297 674.075147628784 732.989315032959 765.248847961426 893.420944213867 751.456260681152 747.804344177246 750.21997833252 646.960192203522 717.080562591553 569.587997436523 596.661109924316 600.816467285156 549.430114746094 531.833450317383 571.952880859375 531.88166809082 590.654670715332 457.598815917969 569.711616516113 583.208656311035 599.199005126953 678.677219390869 500.721099853516 972.418151855469 567.95344543457 591.027725219727 842.766754150391 608.06209564209 1046.26429748535 608.195373535156 1044.91329956055 793.164985656738 678.043846130371 799.3837890625 957.672216415405 737.828374862671
762.52286529541 770.185279846191 713.517150878906 637.294166564941 888.480239868164 863.668556213379 653.407379150391 860.458271026611 856.242984771729 811.38266658783 792.32869386673 952.102613449097 640.883377552032 611.468299865723 544.500160217285 651.078815460205 706.834823608398 662.709815979004 623.861656188965 598.259128570557 535.652572631836 453.083221435547 545.394952774048 691.057048797607 707.867462158203 701.561218261719 471.829956054688 664.785347938538 629.984462738037 509.385940551758 480.571563720703 617.81229019165 631.864894866943 430.619552612305 716.031150817871 538.534805297852 907.652076721191 883.173934936523 756.81037902832 580.290832519531 591.120956420898 705.20532989502 1077.35016393661 677.640106201172 927.552368164062 1060.04367542267 765.542536497116 1111.53336715698 680.574195861816 1443.18840408325
-9999 681.105085372925 702.220735549927 598.064558506012 705.72981262207 673.777854919434 764.560812473297 761.63794708252 734.886703491211 680.415927886963 798.179191589355 1053.95864105225 506.488525390625 444.972915649414 694.468109130859 681.172309875488 685.320190429688 632.738959312439 531.889717102051 549.439834594727 570.67699432373 695.019065856934 569.075511932373 911.556713104248 946.860513687134 539.433692932129 563.982009887695 558.379501342773 522.332794189453 617.457321166992 453.913177490234 467.485946655273 473.166061401367 511.173858642578 860.410507202148 401.338439941406 449.376449584961 568.385162353516 535.962753295898 606.963241577148 696.978996276855 633.798286437988 858.873958587646 581.541961669922 732.118808746338 1068.94785308838 735.458190917969 927.744422912598 686.827766418457 916.841436386108
-9999 829.80265045166 880.996368408203 518.666557312012 671.180726051331 793.00400352478 758.752088069916 748.649726867676 848.257995605469 635.389022827148 759.745700836182 771.408143043518 606.363716125488 690.200960159302 573.625274658203 561.425559997559 562.279865264893 697.470336914062 733.074356079102 621.546841621399 561.549247741699 596.661560058594 583.536483764648 491.990158081055 875.080963134766 496.056304931641 628.188674926758 500.686813354492 449.805160522461 347.307708740234 419.932159423828 678.852184295654 599.570960998535 585.87353515625 1024.59028625488 407.207305908203 442.528244018555 533.846435546875 464.015411376953 647.834785461426 661.906085968018 665.001277923584 650.445938110352 821.926567077637 744.989208221436 679.472213745117 812.289794921875 743.202723026276 691.65270614624 664.554973602295
-9999 -9999 718.753829956055 669.725008964539 566.570869445801 630.470275878906 703.377452850342 724.389072418213 782.985034942627 773.467788696289 790.506803512573 589.781646728516 607.059246063232 453.138793945312 739.20484161377 434.35693359375 579.00156211853 343.541275024414 604.637712478638 682.760185241699 659.020934104919 581.742164611816 574.440002441406 494.068145751953 602.381233215332 457.799118041992 464.605941772461 655.635119199753 447.526275634766 563.209060668945 645.302012443542 655.797862052917 600.050235748291 628.614643096924 730.772109985352 478.052642822266 635.80782699585 609.629711151123 512.134918212891 559.514389038086 672.829166412354 669.811328887939 636.677505493164 737.592002868652 642.371574401855 688.351539611816 614.193023681641 681.397575378418 889.487930297852 644.510299682617
-9999 -9999 1057.16957859695 1014.90383148193 546.172164916992 636.458227157593 804.054615020752 753.761972665787 751.139795660973 678.193367004395 1014.2451210022 548.125900268555 725.297561645508 586.537956237793 535.698631286621 422.308212280273 476.89200592041 423.57780456543 561.442373275757 397.950546264648 575.156707763672 343.926956176758 546.648783683777 613.823360443115 526.006233215332 760.733130455017 644.143970489502 646.11118888855 602.746814727783 607.97038269043 594.970565795898 584.455299377441 558.334281921387 603.885673522949 695.827960968018 374.553558349609 586.652770996094 703.113327026367 492.268020629883 590.073379516602 695.115829467773 816.56364440918 751.517166137695 680.030120849609 605.481506347656 814.522033691406 669.797332763672 670.214538574219 782.484786987305 621.549209594727
-9999 -9999 -9999 602.181777954102 671.186904907227 563.793754577637 692.036354064941 867.848007202148 840.969535827637 554.045921325684 460.566116333008 619.936237335205 571.133445739746 795.688003540039 679.388900756836 642.831748962402 553.375024795532 382.59440612793 536.974031448364 465.560791015625 487.932418823242 377.550842285156 536.416692733765 1482.7532119751 534.445869445801 628.473335266113 659.932546615601 571.968002319336 595.132347106934 704.695658683777 899.02271270752 723.31364440918 675.800188541412 666.863903999329 531.892105102539 604.091735839844 444.149444580078 685.538200378418 693.517454743385 567.257190704346 777.418363571167 664.634475708008 618.636627197266 554.622436523438 606.70491027832 753.270874023438 628.191940307617 504.954391479492 514.621871948242 1054.9278717041
-9999 -9999 -9999 538.615264892578 586.251436233521 685.655078887939 710.534210205078 955.967987060547 715.494571685791 896.758407592773 677.8102684021 715.84050321579 788.736679077148 603.084754943848 629.698045730591 465.062210083008 435.45002746582 494.939010620117 521.261413574219 688.528587341309 592.740058898926 333.121887207031 615.815845489502 877.240814208984 522.329723358154 505.478302001953 672.826062679291 672.665881156921 550.194007873535 696.679113388062 811.406433105469 734.461402893066 611.535068511963 610.0217628479 517.210205078125 963.640914916992 542.567428588867 558.919860839844 534.239807128906 580.139053344727 434.643676757812 557.94548034668 519.962127685547 771.575378417969 851.342559814453 1295.05986785889 764.356582641602 640.524795532227 944.882507324219 874.264404296875
