export/dem/dem33.asc
NCOLS 350
NROWS 171
XLLCORNER 152620
YLLCORNER 418050
CELLSIZE 100
NODATA_VALUE -9999
[rows 44 to 65 of 171, columns 50 to 99 of 350]
641.026657104492 744.086910247803 752.301010131836 687.552444458008 498.637722015381 468.337594985962 523.802387237549 578.933647155762 698.322059631348 662.046127319336 1071.4055480957 578.117240905762 509.556273341179 284.727401733398 481.384762763977 385.888404846191 317.841278076172 394.233974456787 433.523234367371 359.680637359619 355.43000793457 471.534103393555 502.160125732422 486.771453857422 515.657524108887 446.83341217041 450.497703552246 428.490995407104 476.984889984131 578.74494934082 458.428333282471 430.599575042725 292.015121459961 533.391464233398 362.944679260254 362.298934936523 438.856248617172 338.986938476562 396.762598991394 365.69051361084 448.61815071106 445.650596618652 463.673410415649 611.663726806641 455.488540649414 569.858825683594 347.888938903809 289.572296142578 371.713554382324 461.339424133301
771.753023147583 729.189895629883 680.998081207275 761.48420715332 524.512122154236 568.655265808105 639.73846244812 667.496391296387 575.985008239746 623.868598937988 503.66319167614 501.387603759766 478.163712978363 558.861656188965 404.961059570312 393.127452850342 269.676864624023 385.258861541748 430.319488525391 243.158721923828 391.83638381958 284.839111328125 409.253127098083 505.674369812012 348.847038269043 353.846622467041 544.451210021973 591.89045715332 487.759670257568 445.8258934021 492.327201843262 521.66764831543 510.746154785156 540.763511657715 408.169157028198 337.214630126953 339.997917175293 390.11890411377 271.488021850586 321.79825592041 452.265739917755 506.300678253174 558.069854736328 442.572158813477 537.891822814941 457.367235183716 472.09651184082 382.847835540771 384.276031494141 318.266448974609
700.57345199585 448.722198486328 433.48853302002 423.093982696533 408.813830375671 491.998098373413 738.888603210449 600.186645507812 770.726997375488 638.087097167969 451.347431182861 545.054168701172 741.766998291016 435.412425994873 615.014724731445 422.377605438232 386.84252166748 414.476765871048 295.671691894531 322.501525878906 222.602569580078 298.154220581055 349.815277099609 410.161632537842 359.199253082275 433.82765007019 462.288688659668 397.701017856598 406.861780166626 418.529625415802 436.664217114449 505.362335205078 525.708381652832 465.810466766357 406.562730789185 484.765758514404 243.082885742188 441.487587928772 429.930595397949 606.903854370117 476.358408659697 595.667633056641 332.953643798828 408.788808345795 388.599540710449 293.478378295898 319.423027038574 336.41828918457 447.834043502808 453.75669670105
613.442192077637 476.945653915405 485.098327636719 419.946727752686 398.864430904388 413.700202941895 1048.86769580841 884.668548583984 673.722839355469 409.857666015625 370.203186035156 473.973163604736 546.659900665283 443.847139358521 636.769493103027 385.412063598633 441.138461112976 312.739212036133 377.194019317627 303.080085754395 169.136581420898 293.424110412598 364.302181243896 406.031178474426 436.055835723877 530.286514282227 370.508636474609 367.759433746338 356.783866882324 559.569686889648 556.138313293457 482.720420837402 478.912246704102 460.734531402588 522.677543640137 307.724090576172 460.707214355469 369.722496032715 367.380382537842 383.390731811523 453.111344337463 555.148788452148 499.081619262695 572.179580688477 469.016906738281 442.12375998497 346.751327514648 323.96817779541 484.824512481689 399.661117553711
468.894409179688 497.749155044556 409.270240783691 581.220848083496 531.727344512939 522.187335968018 326.168563842773 588.92317199707 689.472244262695 549.451190948486 675.120132446289 416.466110229492 498.869367599487 458.03702545166 541.65934753418 573.428855895996 371.126747131348 395.628311157227 331.255973815918 315.174598693848 327.914352416992 419.032124519348 316.629814147949 388.774267196655 264.079483032227 346.502838134766 219.860076904297 374.130855560303 398.942468643188 454.472846984863 544.195014953613 566.221160888672 568.967750549316 421.316298484802 553.108047485352 311.330192565918 385.453094482422 405.471237182617 327.317733764648 329.263244628906 411.668834686279 505.33235168457 468.685064315796 459.536056518555 469.983345031738 493.336959838867 360.251502990723 375.329177856445 520.141780853271 506.169631958008
556.3623046875 271.214767456055 432.997886657715 450.424341201782 652.075714111328 500.442887306213 522.339325904846 319.999771118164 503.25782585144 416.503074645996 432.965251922607 607.434173583984 502.815662384033 490.801900863647 454.895849227905 449.172883033752 394.435598373413 442.018360137939 366.449825286865 437.442691802979 305.39289855957 372.132808685303 267.716339111328 435.60009765625 356.436538696289 293.836029052734 485.429801940918 471.357746124268 435.090312004089 401.530019760132 325.921905517578 245.662322998047 441.11537694931 473.882713317871 599.348083496094 437.654680252075 405.705659866333 409.126043319702 375.569953918457 409.604499816895 217.202407836914 400.961475372314 611.753799438477 315.699234008789 399.969604492188 515.368759155273 414.128604888916 366.529426574707 390.378486633301 506.455631256104
292.012001037598 415.725605010986 491.719511032104 969.414440155029 541.488843202591 514.749542713165 450.150596618652 401.636352539062 413.070693969727 528.300224304199 540.576416015625 411.407526016235 479.317964553833 540.619476318359 557.717071533203 410.968954086304 311.732116699219 511.921394348145 492.920394897461 510.353820800781 336.668960571289 486.339515686035 533.150985717773 385.743701934814 296.078178405762 282.603515625 398.23291683197 412.225925445557 409.003503799438 458.74808883667 489.94554901123 387.194725036621 469.631980895996 450.241813659668 583.159545898438 345.031429290771 334.796447753906 315.830856323242 367.976928710938 186.518859863281 439.140090942383 386.724552154541 455.322967529297 519.370182037354 531.890161514282 447.256358146667 395.074735641479 504.239292144775 417.415168762207 320.28483581543
668.79016494751 439.801681518555 514.497856140137 590.59952545166 548.582510471344 435.465950012207 384.415084838867 387.04186630249 494.56894493103 362.823486328125 517.615699768066 369.554626464844 320.923278808594 420.683443069458 349.343238830566 451.854410171509 440.816598892212 455.090984344482 441.989940643311 637.222030639648 441.21891784668 398.094479560852 378.602479934692 335.525466918945 500.317802429199 314.772842407227 427.804838657379 405.124611377716 467.877391815186 328.94149017334 261.708145141602 391.748960018158 289.796714782715 417.460983514786 393.359191894531 284.478561401367 285.590805053711 234.502548217773 259.576217651367 377.417778015137 500.455604553223 429.716999053955 260.031967163086 374.498664855957 420.756031513214 470.959663391113 275.018043518066 386.372598648071 292.722938537598 355.076805114746
566.659812927246 481.487831115723 1073.5870513916 505.278610229492 489.518783569336 515.561445236206 492.182385444641 565.963531494141 487.88304901123 576.643463134766 502.777652740479 453.93967628479 376.241775512695 419.610821723938 388.231462478638 526.568374633789 452.777488708496 509.037437438965 394.530796051025 582.174285888672 569.225036621094 519.887367248535 477.761837005615 449.061138153076 553.315765380859 492.821701049805 347.807769775391 349.982925415039 300.145874023438 417.442287445068 408.734390258789 471.696998596191 424.476679801941 478.141609191895 396.582740783691 249.529846191406 241.075668334961 300.58610534668 207.399047851562 200.094879150391 408.720775604248 403.852756500244 393.150983810425 483.157585144043 492.751022338867 298.850242614746 284.751441955566 335.377632141113 428.179977416992 247.960906982422
651.187477111816 551.716035842896 488.402717590332 560.529872894287 465.169059753418 517.937613368034 546.957489013672 572.427169799805 535.03337097168 498.3664894104 467.783197402954 465.183071136475 355.380687713623 215.430908203125 333.754920959473 311.964561462402 394.169736862183 379.55139541626 297.590171813965 373.810451507568 427.096347808838 492.128440856934 588.033676147461 467.412254333496 653.185028076172 435.925281524658 463.402347564697 426.204483032227 353.511821746826 464.814819335938 367.166454315186 424.648338317871 386.818101882935 318.897888183594 505.094772338867 340.39990234375 364.258987426758 424.520397186279 150.057220458984 238.028121948242 309.937896728516 242.590591430664 437.980440139771 477.904220581055 401.798728942871 431.692574501038 359.034141540527 291.068534851074 381.394873142242 481.927875518799
670.119155883789 506.35046672821 561.842288970947 666.485246658325 345.973052978516 646.331352233887 619.937149047852 307.004501342773 467.083148360252 645.29150390625 518.805389404297 445.923236846924 358.845512390137 456.401466369629 375.084247589111 401.725703239441 361.934783935547 321.234245300293 427.990122675896 481.940803527832 620.792297363281 478.78994178772 447.031547546387 631.310391306877 534.30019569397 520.733871459961 368.605377197266 344.537498474121 391.346920013428 278.495552062988 312.758972167969 333.068420410156 310.427452087402 445.278285980225 316.723175048828 443.905247688293 337.525756835938 297.086799621582 235.825973510742 223.654846191406 136.29150390625 236.70280456543 268.874755859375 410.396056652069 369.111492156982 406.9255027771 294.43310546875 508.476821899414 267.145767211914 344.695686340332
648.852085113525 1178.62615585327 620.129234313965 520.662902832031 475.231689453125 500.230308160186 619.854202270508 583.482864379883 390.937198638916 393.316284179688 578.303436279297 475.871955871582 319.105903625488 533.771347045898 338.220558166504 379.274578094482 424.420009613037 354.077583312988 433.36842250824 401.001984119415 679.412582397461 412.884314537048 437.914011001587 413.916259765625 507.334129333496 433.363636016846 412.710506439209 318.470272064209 399.031364440918 484.194137573242 406.880606651306 310.18285369873 466.724544525146 326.476322174072 427.445644378662 502.283424377441 367.453722000122 367.822975158691 332.195724487305 249.009506225586 348.042194366455 338.371131896973 224.372192382812 297.38842010498 437.70153427124 412.896014451981 521.748191833496 361.541534423828 405.270893096924 286.851959228516
448.1160633564 621.762451171875 563.069518089294 753.408668518066 521.609136581421 489.03483581543 348.724945068359 549.170196533203 585.378784179688 388.572010040283 291.493705749512 599.379806518555 501.92268371582 310.021125793457 388.209526062012 394.994758605957 378.881713867188 518.897323608398 362.168197631836 407.389660358429 493.986351013184 441.919228553772 284.620712280273 415.070753097534 321.65892791748 463.393035888672 176.976303100586 260.653182983398 430.470504760742 431.608856201172 372.158827781677 270.812828063965 295.939025878906 367.202850341797 480.343978881836 475.249473571777 366.072727203369 467.163833618164 179.849151611328 259.498245239258 376.920402526855 327.388595581055 334.501602172852 480.000389099121 438.788667678833 492.067367553711 523.898048400879 377.529140472412 463.986246109009 575.532348632812
658.49497127533 387.787704467773 610.648334503174 608.610000610352 581.39003944397 407.563583374023 511.292693138123 580.194747924805 514.07935333252 529.809211730957 556.104942321777 477.613166809082 462.871326446533 351.092079162598 475.757911682129 415.085121154785 463.948905944824 520.798889160156 361.981712341309 420.478741168976 334.484596252441 475.614810943604 284.777000427246 444.53564453125 252.810348510742 256.330368041992 225.101737976074 362.28630065918 391.298107147217 388.998043060303 362.212287902832 411.470726013184 397.404909133911 326.057117462158 501.723907470703 562.466888427734 310.364360809326 495.697570800781 416.38355255127 403.887182712555 303.403930664062 437.412136077881 325.185890197754 413.72121489048 407.69001865387 461.924385070801 516.665161132812 344.836273193359 369.967102050781 388.496875762939
375.299179077148 412.284530639648 553.999549865723 562.739631652832 613.429107666016 619.072216033936 473.564314842224 523.005462646484 314.846946716309 362.793781280518 482.222225189209 456.045902252197 375.34898853302 480.387214660645 529.801712036133 489.668975830078 504.352680206299 484.236465454102 446.229146957397 498.803359985352 190.732330322266 318.810760498047 351.326999664307 432.842567443848 383.365966796875 362.888158798218 234.991477966309 372.347371101379 382.606975078583 465.492340087891 365.143574714661 480.224235534668 355.493810653687 420.421634674072 395.713797569275 286.504692077637 476.402534484863 277.319068908691 413.44260597229 396.280359268188 354.919208526611 341.515205383301 396.82710647583 334.981323242188 438.055513381958 507.650207519531 442.295166015625 594.472213745117 514.173900604248 503.651313781738
402.013458251953 540.7732629776 563.521923065186 607.99480342865 447.762359619141 534.215198516846 466.984336853027 338.061988830566 453.856410980225 477.611282348633 411.641870498657 469.439125061035 512.502197265625 350.364333152771 518.318435668945 477.33056640625 281.141998291016 349.164352416992 344.913608551025 517.659622192383 423.432037353516 436.746246337891 485.978057861328 408.616039276123 478.016296386719 516.886917114258 352.84850525856 385.389885902405 278.184722900391 384.587942123413 519.09716796875 336.53964138031 465.008453369141 332.64867401123 349.54088973999 295.759292602539 293.572731018066 319.560607910156 401.973641395569 402.40202331543 458.6845703125 428.628318786621 440.559185028076 441.34659576416 491.562812805176 404.627300262451 607.062957763672 469.002824783325 509.463027954102 382.312564849854
559.834976196289 613.366718292236 720.984466552734 559.743534088135 586.033416748047 616.19947052002 582.83230638504 349.664840698242 204.901840209961 476.517223358154 366.613891601562 383.76663184166 225.746795654297 313.673446655273 471.045234680176 573.309692382812 394.114262580872 401.536422729492 520.215003967285 447.69545173645 419.530075073242 379.059963226318 403.48558807373 364.847359657288 390.945152282715 509.221694946289 419.029914855957 379.805305480957 293.211280822754 287.030937194824 387.730917930603 426.383335113525 420.532238006592 259.721954345703 388.49578666687 289.686553955078 404.674182891846 403.489315986633 329.278831481934 367.986379623413 336.866889953613 450.15571975708 348.659843444824 519.685737609863 512.415832519531 458.000822067261 406.451701641083 577.683837890625 475.29174041748 360.439460754395
583.408206939697 596.340488433838 449.561264038086 423.520843505859 551.446296691895 619.69623374939 659.503929138184 672.967132568359 597.264610290527 393.40052986145 539.500198364258 332.213333129883 322.439533233643 299.888488769531 466.097671508789 497.951049804688 490.839469909668 279.42211151123 413.762842178345 350.950229644775 320.427680969238 231.434783935547 285.272064208984 299.623985290527 342.871778488159 253.156730651855 238.747146606445 128.445495605469 246.296783447266 279.607032775879 298.919364929199 440.862564086914 394.911142349243 503.103813171387 410.364126205444 318.391387939453 366.198719024658 450.41632270813 506.762603759766 408.789758682251 351.108951568604 530.107269287109 296.823104858398 511.695945739746 499.026885986328 380.787666320801 403.586650848389 485.630886077881 428.892887115479 495.14234161377
655.615158081055 609.529804229736 539.403171539307 536.800369262695 758.779052734375 684.872447967529 448.240791320801 422.144134521484 442.940299987793 458.678691864014 306.410736083984 484.321517944336 465.03279876709 260.001159667969 393.453193664551 409.201982498169 417.046127319336 393.197929382324 298.347518920898 393.786190986633 245.907165527344 182.688346862793 306.734725952148 435.037715911865 422.501052856445 251.388305664062 249.611343383789 356.868896007538 265.691848754883 303.301105499268 410.265775680542 588.799591064453 510.321243286133 484.648422241211 495.147232055664 307.038990020752 284.52995300293 349.335708618164 357.963401794434 311.492317199707 472.93200302124 497.606910705566 412.289589166641 305.033103942871 306.509841918945 400.949935913086 437.377954483032 608.696487426758 564.792179107666 356.291213989258
554.651002883911 584.241331100464 537.619855880737 597.108253479004 583.755970001221 408.306529998779 342.038566589355 366.701194763184 421.740242004395 312.420608520508 490.151039123535 442.884510040283 484.571990966797 373.278060913086 278.057434082031 349.687889099121 289.795417785645 300.712471008301 435.372520446777 431.798114776611 399.855871200562 393.558359146118 340.059169769287 326.903701782227 373.57762336731 323.992176055908 324.31209564209 458.036888122559 308.628025054932 424.498031616211 431.414741516113 603.622253417969 468.913673400879 381.737051963806 372.228397369385 300.426963806152 289.450340270996 502.389251708984 326.717109680176 357.153015136719 525.872451782227 547.843704223633 545.771629333496 381.008255004883 304.750076293945 620.592697143555 418.233810424805 547.467208862305 417.464111328125 450.337107658386
666.044891357422 386.75617980957 450.979103088379 592.308578491211 488.81693649292 471.69783782959 388.817077636719 339.450508117676 372.490905761719 346.335334777832 423.065653800964 404.9508934021 347.366302490234 314.639408111572 242.407676696777 411.177349090576 430.906669616699 256.848480224609 282.260192871094 424.799713134766 402.841850280762 442.915397644043 388.295349121094 460.583549499512 397.624451637268 161.338668823242 316.302169799805 253.785011291504 395.523746490479 382.192336082458 406.832345962524 481.159912109375 527.155197143555 410.161203384399 356.662985086441 411.557898432016 435.653549194336 323.837554931641 516.846099853516 561.096694946289 422.304520487785 424.908625602722 320.140159606934 408.920204162598 353.730766296387 536.738342285156 378.784873962402 405.082273483276 493.860191345215 539.725090026855
620.910163879395 544.160352706909 553.277729034424 485.144065856934 352.996604919434 499.3962059021 438.25169467926 338.163719177246 346.141033172607 338.48055267334 564.882766723633 456.367855072021 232.853668212891 302.56489944458 288.818565368652 300.554851531982 319.670944213867 283.502563476562 369.874181747437 204.300842285156 385.731433868408 435.228824615479 385.697059065104 212.436920166016 502.58829498291 346.692932128906 366.000144958496 363.840084075928 204.156143188477 382.57188129425 298.011032104492 345.346908569336 455.201236724854 500.367568969727 421.577646255493 440.310615539551 404.125563144684 475.740463256836 503.101295471191 443.625661313534 616.573654174805 298.856994628906 317.810707092285 329.508651733398 449.344161987305 388.841041564941 497.494117736816 426.429109573364 532.219871520996 526.034446716309
