export/dem/dem3.asc
NCOLS 350
NROWS 171
XLLCORNER 152620
YLLCORNER 418050
CELLSIZE 100
NODATA_VALUE -9999
[rows 110 to 131 of 171, columns 250 to 299 of 350]
862.95442199707 634.562427520752 709.047897338867 708.572919845581 1095.181640625 825.080535888672 610.127502441406 1125.27462768555 863.536926269531 654.154846191406 633.719284057617 842.540367126465 1151.35785675049 1134.79763031006 1119.28737640381 994.020477294922 1009.92276263237 1166.24594593048 790.970672607422 963.605751037598 959.972297668457 921.691319465637 1321.27171325684 989.359802246094 1378.50471496582 1072.17674255371 881.254615783691 755.022903442383 918.252567529678 798.35551071167 784.965606689453 821.183172225952 719.637199401855 915.34107208252 777.469772338867 900.974452972412 934.509085178375 770.529144287109 951.5934715271 919.608467102051 687.85994720459 768.195953369141 831.845352172852 730.044178009033 529.184532165527 622.559043884277 725.05252456665 673.687196731567 800.454314231873 718.342517852783
894.870025634766 704.023277282715 470.607345581055 817.580490112305 532.999267578125 460.613739013672 614.67399597168 1178.23930358887 322.109344482422 516.958572387695 476.186630249023 740.902206420898 972.760200500488 1046.93785095215 894.470224380493 736.896514892578 919.597747802734 964.132740020752 952.517196655273 897.230400085449 1249.68249130249 1051.31845855713 1073.8473739624 918.408002853394 930.817413330078 1353.59843444824 865.709268569946 934.511985778809 845.800674438477 853.977911949158 913.668403625488 735.141403198242 840.592662811279 899.433227539062 970.112319946289 846.427619934082 1035.29751777649 859.770092010498 897.198753356934 872.113960266113 869.881622314453 869.816497802734 807.241198897362 810.962341308594 610.391677856445 771.76397895813 947.572570800781 642.544998168945 842.627330780029 998.768829345703
842.087463378906 719.774291992188 899.918403625488 656.934112548828 994.527526855469 535.928771972656 560.254760742188 604.305633544922 561.257507324219 678.177795410156 547.315689086914 518.787673950195 852.245559692383 1064.38621807098 1398.89489746094 1045.77840423584 705.980392456055 683.061538696289 881.974044799805 836.046775817871 827.956008911133 1107.24732971191 1308.63003540039 1062.03919029236 1040.12247848511 1074.39039230347 1023.43330383301 1001.53531312943 917.158702850342 851.770896911621 912.851108551025 1023.85739135742 913.134784698486 858.465621948242 877.862258911133 988.3171043396 958.183523416519 675.909339904785 629.257301330566 883.471122741699 646.467967987061 618.49490737915 843.13028717041 992.028526306152 1093.76364135742 918.37614440918 913.862289428711 879.333000183105 673.613334655762 918.315929412842
633.066505432129 874.781061172485 594.642501831055 763.627624511719 882.477867126465 1229.95376968384 650.540130615234 561.55094909668 493.923767089844 462.814239501953 431.056488037109 572.513633728027 670.471014261246 451.332321166992 557.81689453125 908.83918762207 819.153854370117 703.084732055664 801.523910522461 888.713562011719 920.709571838379 971.780944824219 855.893351554871 942.856819152832 962.01969909668 1130.23597335815 901.087226867676 970.206238508224 1440.93152618408 1345.94242477417 1068.29654693604 1011.92628479004 941.552494049072 772.185298919678 703.01521730423 850.359561920166 758.176979064941 502.528244018555 733.517883300781 610.831935882568 592.025192260742 837.309432983398 754.40323638916 793.64214515686 777.104974746704 896.463043212891 660.275997161865 865.232082366943 795.229885101318 933.8854637146
939.996017456055 1245.19830393791 1184.43016052246 768.215274810791 676.560287475586 643.71703338623 1983.0901184082 609.706024169922 1163.55744934082 1151.15560150146 527.656677246094 511.2890625 708.412343025208 691.478412628174 717.097901344299 932.289184570312 657.098388671875 666.894798278809 782.08540725708 765.838302612305 884.379379272461 939.510486602783 696.103729248047 699.110450744629 876.795356750488 694.485221862793 850.673824310303 927.457679748535 1322.41231155396 1291.29321098328 857.015327453613 991.498750686646 814.474147796631 790.715370178223 562.163352966309 524.976440429688 644.602577209473 749.972045898438 824.785148620605 755.857566833496 865.03938293457 705.999569892883 790.12818145752 764.588533401489 588.109642028809 746.330429077148 748.481842041016 802.29247379303 786.068729400635 930.259742736816
665.047058105469 975.540832519531 723.910049438477 684.493026733398 755.429344177246 1168.65312194824 744.912068843842 563.473602294922 681.952987670898 731.597625732422 515.888885498047 442.389114379883 575.445678710938 747.072875976562 674.170822143555 690.851104736328 591.094055175781 752.034572601318 679.682495117188 606.831283569336 826.087051391602 941.976301193237 814.716361999512 897.726123809814 630.667755126953 831.244293212891 848.31583404541 793.860160827637 977.063613891602 1721.86217498779 1082.37236452103 902.802534103394 681.544998168945 655.512084960938 699.186723709106 644.597312927246 805.950881958008 767.691654205322 921.284271240234 682.456233978271 901.849075317383 684.349475860596 838.486793518066 739.537713050842 962.645965576172 786.722915649414 917.754180908203 812.419532775879 751.386215209961 723.472106933594
954.711753845215 1316.75115203857 679.661499023438 743.951103210449 1223.06784057617 738.813522338867 509.430236816406 1086.2421875 501.617691040039 971.993698120117 859.859924316406 516.412490844727 552.768913269043 636.425585746765 591.387519836426 722.705867767334 530.256973266602 496.718566894531 590.125045776367 853.136669158936 787.404363632202 823.321090698242 788.11568069458 766.154754638672 784.40927696228 796.902313232422 985.21598815918 919.35710144043 1012.88861846924 955.524593353271 1275.79235839844 936.025184631348 808.912769317627 738.068500041962 706.082836151123 1254.05030822754 1310.19809913635 1782.85861206055 1569.20212936401 984.693603515625 971.164596557617 866.504512786865 898.907119750977 916.792434692383 997.496170043945 708.244335174561 713.60376739502 779.653541564941 828.578659057617 791.412673950195
460.405395507812 988.364791870117 876.299392700195 565.401931762695 884.602416992188 581.463653564453 1030.38444519043 691.607273101807 672.927291870117 694.931732177734 685.078918457031 657.119979858398 552.123641967773 507.405868530273 622.255123138428 574.030754089355 553.468154907227 564.342147827148 528.654769897461 589.270225524902 426.660858154297 815.253639221191 809.981280326843 744.992744445801 683.912963867188 1004.48475646973 1022.4905090332 1043.83097839355 738.882751464844 749.794342041016 698.805191040039 981.234794616699 630.623794555664 915.249700546265 1135.03810119629 876.14612197876 954.564567565918 1145.08220672607 1542.94676208496 2162.45034790039 1399.33627319336 1034.13493347168 1038.6282043457 767.385583877563 735.142773628235 683.062629699707 815.143928527832 895.155746459961 881.049011230469 847.319053649902
668.873489379883 856.909013748169 674.820907592773 713.182769775391 881.09651184082 765.342975616455 1129.32026672363 690.236740112305 553.569396972656 638.961929321289 771.033248901367 812.128093719482 596.094818115234 475.267959594727 584.396110534668 713.954349994659 628.093524932861 612.274627685547 790.226824760437 861.969314575195 847.698204040527 745.459686279297 852.210708618164 757.228630065918 836.732183456421 940.751277923584 1033.86270904541 963.359024047852 722.450096130371 726.596096038818 2068.57576751709 2876.19477081299 803.830711364746 894.29573059082 1174.36949157715 1205.60046386719 1106.20830535889 1093.7893409729 1266.5094909668 1265.56051635742 1283.92582702637 1485.63319396973 1178.75336170197 1356.30220794678 1370.85569381714 990.916347503662 889.629138946533 958.103729248047 940.457412719727 966.911026000977
595.351762771606 580.361968278885 587.660621643066 776.629364013672 758.410888671875 1091.61627197266 824.73558807373 808.127624511719 966.681823730469 491.057113647461 597.226608276367 733.243453979492 705.898643493652 721.465087890625 430.585266113281 676.514065742493 658.672676086426 708.879191160202 933.928382873535 705.824981689453 943.49462890625 831.071115493774 700.300872802734 684.633370399475 694.940422058105 878.116318702698 957.487037658691 877.621976852417 659.925918579102 723.851649284363 629.069046020508 2195.33228302002 912.707527160645 910.363201618195 1131.07056808472 1364.07321166992 1113.34446716309 1234.13172912598 1691.78009033203 1265.47643280029 1253.15119934082 1215.0470123291 1034.30073738098 1078.12545013428 1547.34706497192 1621.77585601807 1186.2052230835 1424.12561035156 1359.81129455566 990.132225036621
640.043075561523 666.711288452148 438.560134887695 305.039413452148 934.240412831306 969.445365905762 811.931297302246 713.022048950195 594.461013793945 618.873161315918 604.05696105957 722.091156005859 612.943016052246 651.095237731934 615.048690795898 541.329956054688 452.374938964844 497.773529052734 740.845684051514 682.74878692627 605.036041259766 688.647109985352 688.464851379395 672.821769714355 725.476638793945 854.003513336182 713.20111656189 816.968086242676 786.848350524902 814.060188293457 882.903434753418 901.367431640625 818.403176784515 933.992630004883 893.530223846436 1064.93350982666 1041.67726516724 1169.22987365723 1324.62927627563 1099.66105622053 1254.5489692688 1323.93092346191 1045.78302955627 876.906921386719 1355.54030609131 1225.47135591507 1146.26943206787 1218.75010681152 1245.46409606934 1670.06210327148
746.026351928711 621.456878662109 527.543022155762 624.900008201599 506.183216094971 641.130645751953 571.447803497314 640.736484527588 687.747428894043 520.46875 677.873622894287 662.678276062012 904.17188167572 724.819473266602 584.92073059082 638.065864562988 607.877670288086 544.975006103516 617.702919006348 684.847511291504 707.540878295898 803.718170166016 920.263549804688 806.31116104126 841.451278686523 667.418731689453 946.484176635742 760.381298065186 809.871955871582 785.046142578125 701.809344291687 873.579032897949 952.496673583984 899.266860961914 937.273147583008 1022.63788223267 1141.57403564453 1168.26786804199 1091.99514007568 1121.71542358398 1244.86461257935 1513.54200744629 1111.72691345215 758.289573669434 1289.97034454346 1204.12793731689 1026.10440063477 942.398609161377 1245.65086364746 1546.83268737793
669.64151763916 728.376714706421 745.286125183105 545.611450195312 554.444686889648 456.16333770752 516.004770278931 361.456512451172 578.620681762695 695.035522460938 698.602668762207 750.426261901855 708.263397216797 468.728668212891 564.723999023438 452.210021972656 741.33150100708 645.923797607422 596.425163269043 678.854000091553 647.91361618042 739.591957092285 735.827983856201 847.315574645996 738.8056640625 796.130020141602 670.4147605896 699.98983001709 893.151742935181 777.622413635254 904.762023925781 914.876020431519 767.524112701416 886.813438415527 874.262533187866 1018.55107116699 969.167251586914 975.713035583496 1073.41506958008 909.319847106934 1022.64974212646 872.305603027344 833.835884094238 749.14958190918 944.150447845459 860.636413574219 956.503379821777 962.784076690674 984.71195602417 1155.09685516357
740.385831832886 724.464183568954 792.271224975586 624.995475769043 618.600563049316 567.057487487793 575.070419311523 484.163688659668 631.962078094482 876.915351867676 591.486434936523 536.395156860352 894.836837768555 681.806503295898 1010.8374786377 706.36750793457 588.342712402344 647.256423950195 577.261672973633 662.188636779785 595.632461547852 508.161575317383 793.577239990234 762.59912109375 730.538339614868 758.185882568359 769.493529558182 795.486312866211 1020.46318054199 981.886180877686 852.828132629395 924.590099334717 883.484886169434 585.820190429688 1072.53327941895 1078.97631835938 982.206756591797 911.720687866211 808.980741500854 858.931257247925 838.448150634766 774.693588256836 655.782493591309 831.53554725647 711.529479980469 749.611618041992 722.082809448242 995.841976165771 768.094661712646 878.210506439209
656.054039001465 702.612463951111 699.267021179199 643.527725219727 659.382652282715 493.076065063477 766.267622947693 545.516937255859 696.006673455238 665.588809967041 785.945404052734 818.634784698486 791.33084821701 689.84366607666 1230.57699584961 544.366058349609 731.204542160034 693.833297729492 712.461931228638 614.425746917725 630.207260131836 680.119331359863 636.443229675293 722.47123336792 771.879165649414 487.324966430664 705.458312988281 775.845024108887 934.986846923828 999.282215118408 978.615417480469 971.740661621094 1161.94476318359 877.96647644043 920.428810119629 916.182884216309 992.861938476562 766.106853485107 970.759658813477 682.628463745117 658.817077636719 691.33772277832 669.949089050293 680.069473266602 811.103940963745 729.857612609863 745.959222793579 917.321731567383 757.856555938721 863.393821716309
712.144625663757 620.255004882812 812.22057723999 643.983764648438 601.482543945312 715.262878417969 675.012733459473 665.290881156921 357.845901489258 443.182998657227 589.417190551758 740.889993190765 1152.30982971191 809.087703704834 690.592529296875 740.799502372742 765.264453887939 661.742141723633 627.838424682617 1158.52337646484 435.444488525391 589.982574462891 573.60725402832 740.058734893799 662.47142791748 587.591369628906 694.80234336853 765.443483352661 781.0874376297 757.265729904175 546.344314575195 632.405853271484 930.93558216095 614.706756591797 887.177879333496 812.670989990234 876.184844970703 889.996856689453 974.173065185547 711.513198852539 681.132911682129 638.118103027344 539.584396362305 630.087524414062 629.095336914062 859.06270980835 832.516848325729 892.882133483887 910.322441101074 897.978958129883
856.03694152832 776.728736877441 726.930997848511 724.605972290039 717.887184143066 808.85799407959 740.045226097107 653.401874542236 585.984643936157 562.049583435059 586.291156768799 1171.44787597656 747.545991897583 877.977068901062 753.202438354492 804.983497619629 742.421646118164 560.353866577148 1104.1015625 664.34953212738 553.688934326172 437.342819213867 514.35954284668 664.546928405762 678.77575302124 618.181571960449 704.695893764496 680.252179145813 803.285690307617 750.05230140686 633.55394744873 793.507994174957 841.10964012146 915.278396606445 939.477416992188 858.019714355469 808.541839599609 928.501480102539 812.11487197876 871.960014343262 666.386695861816 469.869354248047 597.858871459961 845.268970489502 649.456970214844 830.995692253113 988.202102661133 915.415870666504 899.894134521484 619.690032958984
731.955382347107 778.767513275146 715.027187347412 808.220199584961 837.282020568848 725.651435852051 768.551044464111 684.373641967773 553.272266387939 649.888168334961 502.565696716309 712.39070892334 538.82202911377 1143.28814697266 904.43041229248 777.993466377258 715.643321990967 850.920471191406 674.619945526123 732.898092269897 776.56383895874 537.108322143555 681.479161262512 667.88557434082 621.686477661133 730.997520446777 582.656959533691 514.194808959961 628.380661010742 528.788101196289 631.047653198242 819.098892211914 798.94686794281 708.439228057861 805.986684799194 895.060966491699 677.721649169922 782.275989532471 896.422203063965 1011.38516235352 839.395895004272 815.421192169189 867.228256225586 746.083374023438 529.446563720703 619.065612792969 703.887100219727 846.677963256836 909.921005249023 974.992027282715
800.854218482971 628.921974182129 714.089595794678 827.217765808105 791.280617713928 811.867344856262 974.984558105469 688.038158416748 402.645980834961 576.561943054199 643.690437316895 545.904922485352 683.437515258789 697.299465179443 719.958526611328 970.461227416992 607.62103843689 822.274852752686 869.087066650391 654.755569458008 810.027374267578 697.477003097534 688.702196478844 844.625350952148 825.081535339355 730.610359191895 762.019523620605 708.110479354858 544.246086120605 734.640748977661 644.197189331055 824.212581634521 803.919937133789 742.433887481689 1021.85600280762 884.989501953125 757.788185119629 752.276697158813 869.433258056641 1079.75382614136 803.135753631592 728.335681915283 711.420364379883 741.046264648438 693.193328857422 608.529571533203 817.32179069519 737.338649749756 1053.59921789169 890.7995262146
750.348034620285 887.699928283691 741.869805812836 671.744617462158 759.158883094788 690.931144714355 604.59693145752 614.120698928833 481.738739013672 426.664123535156 698.965740203857 618.465660095215 819.299606323242 700.478258132935 710.67162322998 711.925674438477 795.564861297607 811.119506835938 904.944305419922 673.425605773926 831.641265869141 810.175552368164 705.170320510864 790.104019165039 638.54354095459 806.922508239746 710.764831542969 763.163600921631 541.752395629883 703.511291503906 712.166019439697 906.365634918213 896.095111846924 633.433624267578 785.722324371338 840.841812133789 813.107990264893 802.331893920898 958.682012557983 989.391231536865 873.994705200195 894.199127197266 710.894729614258 829.79426574707 763.759246826172 822.142913818359 591.312484741211 695.075622558594 782.185724258423 997.921943664551
908.072631835938 610.281616210938 788.709985733032 642.861740112305 790.719589233398 769.23526096344 651.920639038086 610.217913627625 523.546699523926 503.338188171387 673.030548095703 680.318466186523 660.770454406738 701.075988769531 715.625782012939 730.991376876831 918.664672851562 733.537801742554 769.88843536377 807.931678771973 710.090702056885 701.221594810486 656.139297485352 588.054649353027 622.211761474609 640.64867401123 884.428039550781 724.075859069824 648.001037597656 521.231384277344 717.152309417725 639.578971862793 637.949897766113 930.01123714447 894.006690979004 732.7412109375 703.555366516113 844.101593017578 1134.93730926514 981.176212310791 1033.35725402832 1137.98389434814 1001.42394256592 665.135696411133 984.042725086212 1031.4361114502 825.701217651367 670.200302124023 721.429668426514 1040.84426116943
924.330856323242 787.363622665405 733.133899688721 865.683143615723 750.9192237854 768.937595367432 698.791843414307 555.562429428101 635.871948242188 651.344326019287 553.980010986328 616.918830871582 630.877487182617 814.095134735107 730.918064117432 778.202493667603 769.448810577393 853.954322814941 925.842315673828 917.472511291504 792.395957946777 760.981079101562 687.994260787964 918.548461914062 592.29239654541 601.387847900391 662.946353912354 697.487868309021 749.518127441406 653.910713195801 651.875967025757 614.464797973633 637.96418094635 634.742305755615 618.066093444824 549.701820373535 696.805858850479 776.546607971191 980.961521148682 1065.32212352753 993.834091186523 1065.25931930542 1004.76247787476 956.678672790527 838.92036819458 822.768842697144 840.370223999023 679.859558105469 895.263474464417 1071.79675292969
