export/dem/dem38.asc
NCOLS 350
NROWS 171
XLLCORNER 152620
YLLCORNER 418050
CELLSIZE 100
NODATA_VALUE -9999
[rows 44 to 65 of 171, columns 200 to 249 of 350]
938.778823852539 746.979942321777 513.323589324951 483.737815856934 523.221256256104 592.939361572266 619.472362518311 810.563354492188 662.749141693115 667.937774658203 651.759662628174 517.730743408203 404.256622314453 745.157779693604 427.869537353516 609.635704040527 482.723419189453 670.851219177246 592.243221282959 617.80350112915 483.894569396973 470.400680541992 682.377685546875 507.310974121094 692.077156066895 607.618075370789 645.213218688965 823.159309387207 770.308570861816 600.562976837158 518.278381347656 769.518493652344 1389.58378601074 696.800498962402 804.883895874023 615.291240692139 682.106880187988 749.757171630859 599.344535827637 612.472755432129 564.942985534668 561.570037841797 748.978584289551 627.108406066895 620.589210510254 625.371459960938 799.391410827637 741.396961212158 708.336759567261 539.285369873047
1143.92369842529 1412.45316314697 1119.69621276855 857.343911647797 882.530075073242 798.454727172852 820.555238246918 743.577838897705 680.66886138916 729.012115478516 599.905914306641 607.417404174805 697.13932621479 1025.10911560059 662.62947845459 800.413513183594 633.228485107422 572.181270599365 423.723602294922 663.762371063232 554.339702606201 682.901626586914 659.211212158203 797.213073730469 553.940532684326 713.611907958984 659.468263626099 566.089504241943 636.048595428467 636.916250228882 743.48119354248 713.613189697266 777.060432434082 531.592391967773 650.853762626648 603.375873565674 712.968734741211 604.756713867188 712.399791717529 714.582523345947 763.085525512695 731.337551116943 580.693130493164 596.251472473145 676.686441421509 598.755615234375 701.882349729538 669.655737876892 756.904270172119 739.955104827881
718.791885375977 855.538970947266 1637.59867858887 1127.25274467468 819.375900268555 733.986434936523 819.004470825195 692.15532875061 484.355346679688 465.577423095703 418.436569213867 479.187934875488 558.754722595215 721.606185913086 738.64234161377 717.696235656738 1237.62780761719 671.580848693848 493.214820861816 671.183692932129 671.349491119385 622.382986068726 563.55199432373 608.490497976542 536.576995849609 596.298069000244 540.954734802246 596.79591178894 481.557098388672 591.755783081055 667.872900009155 743.377998352051 559.633422851562 535.673278808594 464.783599853516 614.051109313965 598.680198669434 637.368339538574 579.031631469727 420.365631103516 554.225456237793 762.148223876953 675.54590511322 597.455574035645 741.393573760986 685.916540801525 707.733166694641 683.583050727844 757.857644557953 548.847900390625
609.070816040039 614.373291015625 954.457328796387 1475.08174133301 920.552520751953 593.334373474121 903.012619018555 705.8201148808 647.741065979004 549.238828659058 412.284515380859 423.762390136719 525.610977172852 548.121536254883 605.414764404297 956.968502044678 1279.86808514595 1858.0521774292 1434.00167036057 825.828247070312 555.702894210815 617.270985603333 668.59114074707 551.571514129639 577.982142448425 648.518001556396 640.514365196228 743.546730041504 631.159863203764 652.310117721558 630.691856384277 644.606332302094 625.287492752075 464.284042358398 465.172180175781 555.855041503906 594.104415893555 598.05517578125 652.75630569458 713.698200464249 804.761024475098 767.118019104004 677.335157394409 635.230487823486 658.634656906128 606.044921875 687.329111814499 919.846603393555 766.818759918213 658.258739471436
751.745941162109 696.041557312012 920.710922241211 746.876579284668 583.412971019745 698.886461257935 607.163093566895 678.962604522705 710.385047912598 472.446449279785 451.094566345215 465.817985534668 617.209537506104 671.174789428711 660.314426422119 671.880897521973 1025.33513641357 1324.98091888428 1027.81022644043 939.581962585449 573.767585754395 534.534965515137 645.499496459961 594.854579925537 745.167907714844 526.112983703613 679.091262817383 692.668106079102 535.099166870117 606.552598953247 605.39045715332 576.011459350586 627.745567321777 733.134056091309 630.831470489502 495.567779541016 466.096527099609 621.135021209717 660.333295822144 624.41682434082 661.112364672124 928.272766113281 672.812691688538 645.096885681152 648.066171646118 618.231063842773 717.269878387451 725.127161026001 607.723731994629 756.713542938232
648.101844787598 654.713882446289 599.119819641113 704.346832275391 643.986885070801 601.463283538818 836.611465454102 669.147397994995 676.002492904663 618.291547775269 565.209189414978 497.771118164062 640.305782318115 421.996154785156 640.674589157104 717.943448543549 692.037200927734 1187.98280334473 1799.59287261963 1603.69230079651 822.572299957275 743.941635131836 561.488426208496 624.515681743622 594.077330589294 569.093887329102 681.156021118164 607.890298843384 547.383972167969 633.299676895142 698.962120056152 564.734024047852 704.983325958252 670.751808166504 673.729141235352 553.099754333496 530.681091308594 711.549747467041 623.621997833252 742.437427520752 574.184303283691 740.596733093262 634.284406661987 909.426986694336 953.465553283691 1085.77033615112 819.632179260254 654.66535949707 660.528686523438 845.527755737305
598.079463005066 605.14013671875 664.696235656738 718.708465576172 691.421432495117 797.501983642578 567.091899871826 528.415821075439 815.714164733887 783.565795898438 543.399133682251 599.411708831787 483.058395385742 578.765989303589 424.227867126465 661.693258285522 703.801574707031 852.706573486328 1458.32169342041 1700.14534378052 941.028816223145 680.776214599609 635.529384613037 609.453993082047 556.546962738037 569.06368637085 585.258029937744 527.066825866699 597.602771759033 481.858932495117 533.362640380859 590.191734313965 718.886360168457 591.487678527832 619.732597351074 643.029449462891 640.057788848877 487.637725830078 692.610511779785 650.656158447266 717.261520385742 548.199882507324 646.406307220459 554.377700805664 960.394058227539 1173.77758789062 751.472030639648 562.489944458008 594.873725891113 968.172142028809
558.38537979126 767.248405456543 611.489267349243 607.997538566589 823.401245117188 641.696434020996 724.218460083008 561.50687789917 565.614063262939 657.267730712891 680.54719543457 515.387962341309 638.82657623291 574.131026268005 651.319343566895 677.239196777344 635.393238067627 906.946746826172 1168.68824768066 1367.32090616226 1546.14912414551 1009.59129333496 561.331680297852 430.217590332031 660.168834686279 444.939483642578 501.230628967285 574.627235412598 363.306701660156 680.063709259033 633.281816363335 632.547063827515 693.418983459473 619.221845626831 571.263900756836 616.041923522949 609.989753723145 503.9140625 548.07893371582 642.047313690186 667.877990722656 766.866271972656 649.611131668091 516.85920715332 900.126091003418 568.582641601562 858.434448242188 1169.53855895996 738.848526000977 1006.1026763916
599.535350799561 734.276550292969 710.471727371216 688.926912307739 856.048538208008 683.017019271851 892.267051696777 840.896644592285 852.987701416016 869.032661437988 731.798299789429 727.172721862793 623.199157714844 842.209686279297 686.235542297363 485.858039855957 570.567073822021 773.227298736572 971.904367446899 1427.37129211426 2101.14912414551 1224.23832321167 635.677322387695 502.612258911133 593.423921585083 589.609016418457 564.46870803833 694.10865020752 618.53369140625 548.798973083496 773.227462768555 567.820121765137 612.878719329834 686.12565612793 608.126304626465 539.533752441406 621.095109939575 641.353572845459 578.972930908203 595.761585235596 651.665868759155 702.186767578125 606.863891601562 548.30542755127 586.191284179688 689.080764770508 642.957954406738 445.207443237305 1001.3973236084 1061.02290344238
566.775183677673 724.283508300781 642.581897735596 760.74674987793 618.426383972168 548.537399291992 626.948707580566 723.361740112305 763.646377563477 823.74552154541 752.175533294678 652.010583877563 598.511012554169 697.76057434082 665.018463134766 574.29621386528 508.329105377197 719.86169052124 1041.98292541504 1084.95261383057 1293.39720535278 1266.74673461914 1545.22734069824 1013.55592346191 738.663761138916 594.205577850342 560.538158416748 623.381474494934 574.981027603149 573.58233833313 624.018859148026 684.56169128418 643.629330515862 646.470569610596 704.413734436035 692.877006530762 728.372840881348 705.060680389404 649.441570281982 709.682655334473 527.752960205078 731.612365722656 488.63996887207 559.23998260498 553.438255310059 691.113899230957 558.749443054199 922.74175453186 1000.97771835327 680.255840301514
629.586456298828 607.164797067642 552.687980651855 552.75325012207 491.068008422852 646.627588748932 469.854393005371 684.246826171875 724.897232055664 915.588302612305 569.89719581604 622.825063705444 827.778610229492 541.187004089355 560.137428283691 678.337501525879 435.766235351562 616.165397644043 560.409248352051 814.463340759277 932.507369995117 1370.24507141113 1737.46383666992 1014.15688323975 820.487941741943 835.788879394531 597.949329376221 582.231767654419 659.407619476318 536.438697814941 653.302001953125 471.849899291992 616.721078872681 749.233833312988 540.837944030762 609.565811157227 679.146404266357 591.383010864258 730.788738250732 666.677635192871 694.764049530029 865.273590087891 747.876914978027 511.215919494629 619.65950012207 555.156936645508 580.343238830566 622.572853088379 556.192008972168 541.909027099609
737.905197143555 734.292922973633 707.703330993652 672.225049972534 582.292783737183 473.221145629883 557.947677612305 617.774883508682 836.470230102539 768.222332000732 779.27237701416 791.749114990234 625.288154602051 617.648184776306 713.673538208008 522.425052642822 528.229583740234 570.328330993652 720.986549377441 647.206695318222 930.197998046875 1093.57135772705 1127.82915067673 1484.65467071533 826.553131103516 656.842035293579 609.662885665894 561.137848854065 620.456070899963 428.66828918457 610.225923538208 633.614137649536 659.895706176758 699.338554382324 492.792327880859 529.70304107666 556.871055603027 583.537139892578 593.401611328125 646.288257598877 588.298202514648 643.423071861267 761.493171691895 734.494491577148 508.268798828125 478.426071166992 610.465431213379 781.367294311523 616.795417785645 734.089305877686
614.126479148865 839.07698059082 528.965805053711 619.076877593994 744.829689025879 540.999687194824 514.189163208008 477.923416137695 628.363121032715 731.385108947754 759.73833656311 736.340553283691 611.185205459595 750.470901489258 842.655044555664 778.168106079102 808.237949371338 866.91650390625 732.129777908325 907.315338134766 912.853813171387 997.484016418457 1408.43574523926 1083.39156723022 845.761636734009 565.746131896973 611.341540336609 612.119795799255 567.686603546143 672.428356170654 472.201766967773 616.678787231445 507.110450744629 571.873249053955 505.19416809082 569.931312561035 755.183143615723 754.460922241211 462.016738891602 559.91353225708 644.643910169601 577.307800292969 622.880324363708 842.855628967285 609.623218536377 659.518694877625 546.221939086914 613.912456512451 575.882629394531 639.163047790527
755.192428588867 682.571468353271 846.960647583008 663.953952789307 607.908262252808 648.429344177246 633.858520507812 414.419006347656 681.357601165771 608.724098205566 667.454612731934 758.004085540771 701.181331634521 688.007249832153 637.948872089386 614.994819641113 725.906391143799 923.12931060791 969.404678344727 865.11961555481 933.077262878418 905.304443359375 983.232032775879 924.981657028198 726.401149749756 688.921173095703 492.190559387207 676.250129699707 665.595924377441 726.706764221191 540.760154724121 568.81226348877 630.279505729675 526.116424560547 672.411331176758 688.481216430664 680.851818084717 732.07177734375 614.396236419678 443.050308227539 615.72448348999 546.489402770996 675.085845947266 531.611343383789 715.157989501953 485.909255981445 526.800384521484 638.573188781738 564.535247802734 686.75438117981
617.741659641266 719.761360168457 640.304176330566 662.366937637329 736.993133544922 556.018440246582 650.337635040283 618.315315246582 643.232036590576 511.380432128906 664.737281799316 631.845748901367 750.107393264771 840.842193603516 781.70915222168 886.030364990234 883.925231933594 789.97274017334 608.850547790527 1021.52931213379 803.885725021362 789.032573699951 1005.61602020264 893.299407958984 658.103717803955 647.870820999146 699.277801513672 693.294479370117 665.059215545654 467.297744750977 586.924507141113 902.714559555054 643.857894897461 596.342414855957 540.711227416992 637.491544723511 709.37760925293 625.224057197571 540.349052429199 574.453098297119 630.47340297699 655.255813598633 598.517120361328 650.192432403564 616.420513153076 718.806419372559 588.437629699707 599.691329956055 570.989555358887 668.867528915405
651.498512268066 644.247774124146 648.35817527771 736.835914611816 591.12869644165 605.153579711914 866.189147949219 499.900131225586 700.883281707764 593.5192527771 757.05086517334 667.492267608643 694.684809684753 726.488548278809 584.971382141113 707.01784324646 579.995651245117 868.484909057617 868.652122497559 822.391575813293 771.224792480469 841.560928344727 943.276657104492 597.130577087402 714.918128967285 655.950298309326 670.426513671875 646.084012985229 698.539611816406 577.659698486328 768.544570922852 739.56209564209 614.899139404297 759.660636901855 550.032333374023 670.95446395874 781.432601928711 470.404296875 648.828098297119 499.916374206543 559.65746307373 705.982021331787 650.204740524292 719.75016784668 535.740264892578 780.323486328125 627.192260742188 693.153625011444 691.118824005127 589.707122802734
553.008834838867 595.808586120605 658.803295135498 585.957405090332 748.218658447266 601.20658493042 665.645515441895 643.836812973022 606.112533569336 677.21919631958 553.58625793457 620.743465423584 720.870825767517 541.01643371582 686.995180130005 862.138748168945 610.263641357422 662.604537963867 765.629608154297 785.062145233154 754.665824890137 606.144470214844 699.120727539062 650.687895774841 544.87329864502 729.102806091309 451.835708618164 472.571563720703 581.093589782715 896.440287590027 695.462203979492 487.84651184082 416.031936645508 479.822509765625 579.987106323242 889.017284393311 605.44603729248 691.917022705078 623.579944372177 441.459503173828 594.067932128906 691.34398651123 739.144500732422 531.520278930664 571.385070800781 762.619857788086 676.959977149963 655.243849799037 691.589244842529 626.883665084839
679.789978027344 642.047552108765 543.480850219727 738.186555862427 480.856704711914 542.327178955078 624.52046585083 552.649368286133 691.369750976562 545.779899597168 589.32540512085 465.346939086914 477.787658691406 564.159957885742 758.762741088867 834.516983032227 827.698295593262 659.994338989258 640.321876525879 912.214149475098 774.44651222229 601.489151000977 603.830263137817 689.565967559814 794.802169799805 669.713539123535 521.990249633789 496.437240600586 459.75065612793 780.775100708008 493.324668884277 557.117324829102 426.06721496582 516.668952941895 587.616333007812 823.469879150391 598.453750610352 760.735578536987 652.408599853516 597.597925186157 460.530715942383 606.179649353027 548.603187561035 626.22500038147 632.508734703064 656.38663482666 789.33073425293 620.247874736786 735.511589050293 640.015174865723
581.015007019043 610.785887002945 579.980602264404 551.159049987793 650.800205230713 641.818850040436 595.906551361084 614.165970802307 621.857549965382 662.075584411621 596.200313568115 657.680107116699 620.455401420593 625.219843536615 682.796611785889 903.622299194336 619.326309204102 481.912811279297 563.819675445557 644.447547912598 751.718444824219 760.524642944336 651.884090423584 688.172382354736 557.090251922607 821.460144042969 649.772291183472 499.589462280273 549.823890686035 715.217384338379 351.096435546875 472.598846435547 511.901847839355 559.526779174805 640.665507793427 574.358955383301 695.261072158813 956.477478027344 1082.95677566528 729.604641914368 618.554644584656 653.563009262085 675.537128448486 499.416885375977 629.155834197998 615.585929870605 513.329734802246 632.261363506317 511.400810241699 676.822619438171
574.073699951172 720.28800201416 507.999214172363 604.687648773193 652.100372314453 399.072860717773 584.422653198242 591.918876647949 684.457035064697 595.630207061768 680.090579986572 600.575756072998 758.710052490234 688.628532409668 501.003051757812 622.641891479492 563.381660461426 640.971029281616 597.78352355957 496.856292724609 619.173376083374 731.420623779297 752.567886352539 659.689407348633 601.026256561279 708.143165588379 491.260787963867 551.463424682617 483.122634887695 685.882930755615 619.139572143555 561.563758850098 517.731704711914 590.843990325928 587.687202453613 573.680572509766 744.131156921387 841.48902130127 779.682342529297 532.920936584473 515.00634765625 434.593200683594 652.535707473755 803.976272583008 676.772499084473 530.120231628418 658.250659942627 591.940853118896 611.392393112183 745.964202880859
698.106502532959 653.903228759766 661.420489311218 608.637649536133 681.601600646973 558.397621154785 580.624961853027 708.836517333984 660.52410697937 668.879871368408 666.268711090088 674.532056808472 655.502843856812 666.121509552002 672.041362762451 656.250574111938 576.052949905396 436.176727294922 631.641886949539 521.465972900391 763.175025939941 541.194351196289 657.323677062988 777.286376953125 633.122982025146 530.053215026855 468.788192749023 568.439598083496 659.640235900879 624.463218450546 654.151649475098 684.154132843018 524.372779846191 591.71692276001 690.85865020752 560.505928039551 716.752578735352 790.923934936523 561.019927978516 662.697158813477 647.367950439453 844.289993286133 801.278221130371 725.335403442383 662.001728057861 671.428730010986 655.116739273071 755.776435852051 600.665599822998 493.064117431641
721.288093566895 481.446083068848 735.710380554199 574.84154510498 652.851402282715 730.164886474609 587.33150100708 669.288341522217 790.009765625 574.375335693359 653.180378913879 748.802032470703 711.039741516113 485.656845092773 680.301628112793 604.554416656494 630.51776599884 704.633224487305 709.082931518555 548.007064819336 715.049728393555 801.031616210938 834.618423461914 554.973136901855 653.184017181396 500.407119750977 746.706420898438 637.831212043762 503.041297912598 708.079858779907 612.515396118164 590.813545227051 702.764228820801 588.206787109375 602.338636398315 900.293759822845 885.267345428467 601.147125244141 444.960830688477 700.836669921875 467.976791381836 615.117881774902 706.679779052734 706.195247650146 615.649823069572 621.874767065048 818.484527587891 633.075057983398 602.396520614624 574.116325378418
