export/dem/dem34.asc
NCOLS 350
NROWS 171
XLLCORNER 152620
YLLCORNER 418050
CELLSIZE 100
NODATA_VALUE -9999
[rows 0 to 21 of 171, columns 100 to 149 of 350]
-9999 -9999 -9999 -9999 -9999 -9999 -9999 -9999 -9999 -9999 -9999 -9999 -9999 -9999 -9999 -9999 -9999 -9999 -9999 -9999 -9999 -9999 -9999 -9999 -9999 -9999 -9999 -9999 -9999 -9999 -9999 -9999 -9999 -9999 -9999 -9999 -9999 -9999 -9999 -9999 -9999 -9999 -9999 -9999 -9999 -9999 638.252906799316 650.640144348145 556.908081054688 623.915671356022
-9999 -9999 -9999 -9999 -9999 -9999 -9999 -9999 -9999 -9999 -9999 -9999 -9999 -9999 -9999 -9999 -9999 -9999 -9999 -9999 -9999 -9999 -9999 -9999 -9999 -9999 -9999 -9999 -9999 -9999 -9999 -9999 -9999 -9999 -9999 -9999 -9999 -9999 -9999 -9999 711.966749191284 695.675140380859 758.410713195801 661.596088409424 457.170440673828 593.750076293945 506.15380859375 445.693054199219 378.965957641602 401.940216064453
-9999 -9999 -9999 -9999 -9999 -9999 -9999 -9999 -9999 -9999 -9999 -9999 -9999 -9999 -9999 -9999 -9999 -9999 -9999 -9999 -9999 -9999 -9999 -9999 -9999 -9999 -9999 -9999 -9999 -9999 -9999 -9999 -9999 -9999 -9999 -9999 -9999 742.990298271179 902.598754882812 835.20751953125 552.89673614502 806.681709289551 898.459167480469 558.669326782227 606.944025993347 598.768730163574 545.847015380859 486.498519897461 471.159614562988 459.278755187988
-9999 -9999 -9999 -9999 -9999 -9999 -9999 -9999 -9999 -9999 -9999 -9999 -9999 -9999 -9999 -9999 -9999 -9999 -9999 -9999 -9999 -9999 -9999 -9999 -9999 -9999 -9999 -9999 -9999 -9999 -9999 -9999 -9999 -9999 693.182178497314 784.768169403076 808.179258197546 656.750610232353 804.479400634766 591.105113148689 639.58016204834 813.968841552734 704.712905883789 626.267719268799 782.912696838379 671.660526275635 572.289581298828 636.760383605957 564.859558105469 378.630310058594
-9999 -9999 -9999 -9999 -9999 -9999 -9999 -9999 -9999 -9999 -9999 -9999 -9999 -9999 -9999 -9999 -9999 -9999 -9999 -9999 -9999 -9999 -9999 -9999 -9999 -9999 -9999 -9999 -9999 -9999 -9999 -9999 664.766208648682 759.274402618408 773.116775512695 721.356812477112 731.4264087677 806.150131225586 716.585788726807 533.908893585205 696.385787963867 630.03050994873 832.91357421875 763.562797546387 652.864612579346 778.72924041748 661.165019989014 593.550476074219 526.604064941406 605.309066772461
-9999 -9999 -9999 -9999 -9999 -9999 -9999 -9999 -9999 -9999 -9999 -9999 -9999 -9999 -9999 -9999 -9999 -9999 -9999 -9999 -9999 -9999 -9999 -9999 -9999 -9999 -9999 -9999 -9999 -9999 625.431900024414 360.273696899414 577.723781585693 653.033409118652 606.825296401978 580.474639892578 808.447761535645 673.710556030273 678.373275756836 734.218204498291 720.372905731201 688.950993537903 786.023963928223 918.470489501953 869.027946472168 826.205881118774 806.376255989075 867.202047348022 759.999992370605 635.747077941895
-9999 -9999 -9999 -9999 -9999 -9999 -9999 -9999 -9999 -9999 -9999 -9999 -9999 -9999 -9999 -9999 -9999 -9999 -9999 -9999 -9999 -9999 -9999 -9999 -9999 -9999 -9999 572.656094074249 558.547897338867 676.019790649414 642.412338256836 587.614114761353 638.517444610596 588.012900829315 510.446533203125 737.467498779297 820.836067199707 700.552997589111 852.803787231445 805.080934524536 863.382476806641 843.127563476562 966.380935668945 967.579498291016 661.458436965942 758.81978225708 1022.19174957275 923.340927124023 954.247405052185 946.048904418945
-9999 -9999 -9999 -9999 -9999 -9999 -9999 -9999 -9999 -9999 -9999 -9999 -9999 -9999 -9999 -9999 -9999 -9999 -9999 -9999 -9999 -9999 -9999 -9999 769.014930725098 821.70491027832 631.485343933105 485.073310852051 643.269172668457 505.209289550781 479.812881469727 643.319786071777 561.369204521179 546.098194122314 666.839714050293 592.501556158066 767.115837097168 696.431840896606 750.497329711914 789.75433921814 723.583206176758 819.442713499069 880.87427520752 1016.76953887939 999.137664794922 902.531532287598 843.743041992188 987.33309173584 969.686685562134 1068.71776580811
-9999 -9999 -9999 -9999 -9999 -9999 -9999 -9999 -9999 -9999 -9999 -9999 -9999 -9999 -9999 -9999 -9999 -9999 -9999 -9999 -9999 -9999 718.05143737793 704.70442199707 637.087490081787 718.909965515137 631.156455039978 533.397201538086 647.573379516602 506.740524291992 724.343856811523 497.082534790039 579.089526414871 580.011391639709 609.412318229675 640.978168487549 502.654113769531 604.961479187012 683.509346008301 874.049606323242 979.531047821045 679.2190990448 759.970230102539 928.769813537598 715.382740020752 975.869186401367 752.978019714355 637.598236083984 824.732063293457 507.108695983887
-9999 -9999 -9999 -9999 -9999 -9999 -9999 -9999 -9999 -9999 -9999 -9999 -9999 -9999 -9999 -9999 -9999 -9999 -9999 1145.91873550415 634.632621765137 737.401537656784 553.461112976074 657.553401947021 643.790161132812 454.252052307129 508.124015808105 604.176658630371 501.037139892578 609.547134399414 530.899490356445 529.272296905518 636.026767730713 655.626411437988 597.766672134399 655.121185302734 564.261871337891 560.160572052002 573.514446258545 607.055854797363 685.709259986877 712.716516494751 605.836265563965 565.623008728027 767.778694152832 650.973323822021 582.226913452148 648.578956604004 718.937948226929 751.934783935547
-9999 -9999 -9999 -9999 -9999 -9999 -9999 -9999 -9999 -9999 -9999 -9999 -9999 -9999 -9999 -9999 -9999 1161.19752502441 1197.96660614014 1149.3783416748 624.871090888977 536.712745666504 548.144824981689 618.070400238037 448.478782653809 655.58727645874 667.471245765686 631.815582275391 570.637924194336 628.870571136475 636.282676696777 611.488632202148 588.665943145752 631.525901794434 407.013244628906 491.180332183838 615.125556945801 522.505443572998 629.259181976318 748.86994934082 768.342697143555 697.861819267273 802.429122924805 853.901763916016 673.166790485382 674.418871879578 584.933692932129 515.192581176758 635.812664031982 544.277885437012
-9999 -9999 -9999 -9999 -9999 -9999 -9999 -9999 -9999 -9999 -9999 -9999 -9999 -9999 670.867576599121 691.82057762146 793.197380065918 1029.39011383057 939.756019592285 993.859497070312 881.686546325684 588.770206451416 485.972511291504 514.570381164551 560.854850769043 545.23258972168 732.920383453369 618.644981384277 567.554695129395 648.695478439331 709.407875061035 492.436111450195 534.002239227295 584.312867164612 508.553733825684 522.509035110474 368.114532470703 492.978065490723 638.366817474365 640.575458526611 702.231062412262 664.858596801758 613.643966674805 829.026916503906 654.9516248703 695.759784698486 640.40221786499 635.207275390625 568.290969848633 562.221237182617
-9999 -9999 -9999 -9999 -9999 -9999 -9999 -9999 -9999 -9999 -9999 -9999 676.435523986816 631.994682312012 595.033071517944 633.432769775391 625.240345954895 682.864936828613 969.972429275513 893.30632019043 967.648183822632 566.37420463562 517.976470947266 472.901992797852 696.131214141846 691.989219665527 702.92268371582 524.361221313477 529.823654174805 785.094024658203 472.451599121094 713.940948486328 446.014342308044 689.903671264648 475.340034484863 505.865280151367 575.663011550903 708.90905380249 766.919937133789 709.962493896484 696.493631362915 882.189804077148 790.384918212891 729.972297668457 634.334012985229 512.068801879883 565.369209289551 591.296279907227 640.292003631592 713.99284362793
-9999 -9999 -9999 -9999 -9999 -9999 -9999 -9999 -9999 -9999 802.143300056458 809.114879608154 452.940155029297 594.835403442383 516.277770996094 373.638916015625 626.48136138916 643.445938110352 751.663726806641 524.781204223633 535.781673431396 523.435585021973 527.056846618652 744.152908325195 731.956415176392 769.304714202881 655.66854095459 654.812194824219 716.601333618164 584.979000091553 604.637680053711 639.847122192383 560.980674743652 478.126777648926 678.143775939941 534.485927581787 474.294105529785 760.949256896973 766.37215423584 737.821960449219 732.797676086426 700.941047668457 695.963935852051 582.168548583984 630.042472839355 561.098011016846 700.476490020752 730.533462524414 623.03565788269 557.271579742432
761.664762496948 678.28719329834 885.137969970703 849.496948242188 752.317379951477 537.552083969116 519.704135894775 577.926286697388 537.673461914062 480.343584060669 646.977470397949 593.667419433594 587.553215026855 625.992607831955 532.872215270996 491.497253417969 432.704803466797 569.937074661255 625.944856643677 427.3505859375 548.642784118652 572.247863769531 487.159973144531 733.390746116638 757.457904815674 837.966453552246 728.997857093811 711.143442153931 686.073392868042 539.804092407227 588.276679992676 640.005153656006 578.733646392822 546.561836242676 619.54407119751 652.114185333252 644.912469863892 710.435668945312 659.960063934326 722.253786087036 806.491134643555 648.272408008575 687.422889709473 659.008557319641 579.820663452148 521.135444641113 537.344886779785 599.786874771118 586.515406131744 745.528354644775
789.270042419434 744.39813041687 856.718147277832 607.855194807053 415.936920166016 414.069305419922 522.78148651123 467.258904457092 500.588562011719 314.802169799805 710.306358337402 518.178039550781 442.447036743164 606.802459716797 482.559326171875 590.980949401855 698.584526062012 591.404858589172 699.344152450562 470.776596069336 624.037551879883 697.921921730042 582.374565124512 824.756858825684 632.797469615936 701.07926940918 695.87899017334 595.419387817383 617.609264373779 525.325637817383 413.764297485352 581.542706489563 474.970695495605 660.217147827148 564.57502746582 925.577743530273 612.585433959961 635.873390197754 530.355545043945 577.893695831299 657.093742609024 622.143190383911 595.32830619812 777.027160644531 708.281038284302 1302.86326599121 864.442924499512 658.87134552002 601.823506355286 452.409591674805
584.02995300293 666.893964290619 648.310302257538 514.601470947266 613.635665893555 379.947257995605 408.745235443115 442.717388153076 328.668922424316 521.033973693848 460.523056030273 338.815338134766 268.726226806641 438.130401611328 467.303695678711 700.305965423584 685.982128143311 669.477005004883 830.534049987793 562.856369018555 643.03205871582 1022.11335754395 630.028745651245 780.297386169434 814.682739257812 655.844520568848 594.26342010498 831.344856262207 540.536056518555 710.872497558594 686.26997756958 736.230823516846 749.231781005859 721.190612792969 738.530746459961 708.911952972412 644.598728179932 452.521728515625 596.736635684967 493.207153320312 641.02515411377 580.135696411133 857.395645141602 905.471439361572 722.174661636353 711.915246069431 540.046318054199 690.86141204834 633.468294143677 748.669586181641
655.129920959473 793.244888305664 599.747653961182 630.786552429199 725.317678451538 576.175987243652 821.78896522522 1030.02823638916 628.026560306549 642.153879165649 446.635269165039 483.325265884399 528.092670440674 559.151611328125 571.707977294922 582.514236450195 731.81688117981 750.398242950439 380.967636108398 647.878784179688 641.840339660645 754.408229827881 618.682057380676 632.206050872803 613.995567321777 663.56031036377 435.862747192383 701.444843292236 762.274421691895 691.729888916016 616.310642242432 810.553466796875 745.907104492188 566.379650115967 646.269700050354 1206.03176116943 735.014953613281 366.554336547852 512.080993652344 522.063293457031 1242.08086013794 639.642135620117 571.386405944824 633.531879425049 661.586394548416 722.422391891479 738.011137008667 622.381416320801 752.079681396484 665.437301635742
689.232418060303 680.832557678223 1039.25867843628 633.628171920776 660.466514587402 439.032699584961 758.692901611328 1094.26940059662 509.056037902832 679.905868530273 603.52465057373 593.465118408203 537.478973388672 591.058135986328 430.008262634277 610.562805175781 608.173084259033 693.566916465759 606.681102752686 746.705192565918 575.191818237305 643.784240722656 594.535163879395 602.149284362793 367.014572143555 455.249767303467 451.718383789062 554.740921020508 1222.88849639893 812.994583129883 773.026100158691 670.904602050781 1175.55347442627 1101.74512672424 836.40873336792 1265.7806968689 1204.19060516357 918.061183929443 567.712272644043 532.397117614746 575.3680306077 422.474365234375 464.126876831055 536.864116668701 687.842514038086 675.594711303711 688.310932159424 673.714756011963 729.200897216797 758.152328491211
946.384658813477 810.304431915283 1195.77515435219 742.161128997803 753.794097900391 711.588382720947 855.780708312988 1070.79902648926 937.98487663269 612.265968322754 894.540428161621 750.273803710938 921.035480499268 858.780754089355 446.755523681641 991.865341186523 584.666694641113 708.749210357666 435.910842895508 1055.66371536255 690.383499145508 629.248031616211 488.487121582031 622.86644744873 1225.51700592041 913.618423461914 653.349258422852 629.101020812988 590.911134839058 517.212661743164 592.493118286133 630.114025115967 579.183170795441 517.710960388184 613.595569610596 1093.80783081055 651.598176956177 723.322750091553 615.268405914307 633.028717041016 647.545840024948 532.482650756836 627.764598846436 523.750022888184 520.501037597656 667.684352874756 635.188760757446 622.994548797607 878.779098510742 795.689407348633
851.400634765625 636.852249145508 596.873018264771 690.890312194824 588.736946105957 624.337371826172 804.416408538818 539.012145996094 990.994373321533 636.596828460693 694.291438162327 913.327758789062 663.47380065918 871.102493286133 1095.0616607666 913.078048706055 1013.23739624023 1186.28911972046 537.034049987793 441.166152954102 827.394401550293 312.23713684082 930.111343383789 333.565521240234 446.50129699707 1048.2403717041 469.232940673828 608.586158752441 563.428641319275 530.352075576782 551.092449188232 656.219032287598 524.833442687988 469.212341308594 699.370555877686 743.910625457764 634.554389953613 539.034423828125 770.973892211914 695.311019897461 796.05012512207 743.372734069824 726.739158630371 686.195343017578 600.461688041687 786.696929931641 638.531949996948 665.109373092651 629.559666633606 795.670715332031
491.42667388916 438.048980712891 428.865325927734 604.578842163086 723.160568237305 934.038333892822 505.157928466797 900.313165664673 623.018920898438 704.688235282898 607.480201721191 924.988477706909 679.222571849823 634.928359985352 582.95156288147 2068.95390319824 1060.56631469727 663.764434814453 341.485534667969 904.047241210938 708.538452148438 357.325988769531 438.838012695312 905.279083251953 1064.91976928711 1458.75894165039 958.674789428711 698.238647460938 447.207153320312 689.353523254395 665.836196899414 756.478744506836 582.778648376465 586.861389160156 600.036321640015 608.177610397339 592.519886016846 710.640846252441 641.196083068848 691.107852935791 659.997312545776 728.567367553711 777.72380065918 615.801277160645 589.24702835083 770.933120727539 606.942302703857 677.780788421631 655.647979736328 558.965614318848
