export/dem/dem31.asc
NCOLS 350
NROWS 171
XLLCORNER 152620
YLLCORNER 418050
CELLSIZE 100
NODATA_VALUE -9999
[rows 110 to 131 of 171, columns 250 to 299 of 350]
1005.65369415283 699.547969341278 816.491722106934 670.382873535156 1254.01459312439 900.528457641602 634.789916992188 1159.76960754395 924.174057006836 851.114364624023 728.939971923828 805.61213684082 1122.2188949585 1113.92980957031 927.044471740723 903.900857925415 1000.09613227844 928.463516235352 847.140556335449 893.719100952148 860.696429252625 875.476734161377 1159.78841972351 1198.04574584961 1140.43154144287 1041.56248092651 855.799629211426 798.436996459961 878.719326019287 844.170475006104 838.234516143799 898.745666503906 1013.78224182129 820.860930681229 1015.25527954102 917.760047912598 982.435844421387 1156.63549804688 900.418180465698 823.273603200912 611.734672546387 862.442459106445 878.445198059082 625.97420501709 712.350090026855 607.613784790039 679.372291564941 519.380920410156 802.678534507751 718.493358612061
968.860825836658 589.458648681641 524.040687561035 930.198440551758 652.210968017578 775.769374847412 679.73405456543 1081.1664276123 487.845336914062 727.747557163239 565.182846069336 757.724090576172 1098.53964996338 866.020267486572 925.412961483002 683.275169372559 682.985321044922 812.117706298828 781.723617553711 835.87141418457 1035.94079589844 987.471614837646 1004.74533462524 926.697789669037 1114.63968658447 1479.6668548584 988.353309631348 759.584251403809 1110.09536743164 920.950981140137 892.316297531128 827.904620170593 889.092299938202 713.793617248535 1070.01345825195 949.717166900635 1181.23318481445 1174.11456298828 1043.21942138672 835.86194229126 766.152362823486 712.508941650391 985.284515380859 675.851341247559 523.212448120117 750.71350479126 741.904670715332 674.333011627197 621.267181396484 836.430767059326
643.963134765625 1071.73147583008 1031.53675842285 710.937194824219 1129.15068817139 754.515468597412 784.762451171875 809.221153259277 769.245536804199 1022.28245925903 530.602966308594 463.985885620117 839.155448913574 946.105140686035 1296.35546302795 843.621017456055 722.905601501465 646.995254516602 770.714057922363 890.428255081177 888.622800827026 917.064907073975 1361.45169830322 1006.13474273682 1089.33507442474 997.976716995239 1043.93951416016 906.117652893066 1009.02716827393 994.692863464355 940.320816040039 1032.47450256348 997.028663635254 799.155372619629 850.276832580566 848.236480712891 1083.95452880859 843.130718231201 864.802047729492 795.077057361603 801.267272949219 700.10338973999 877.131011962891 885.603489637375 798.728584289551 764.698310852051 741.776154756546 777.838394165039 686.282447814941 901.245674133301
519.3134765625 640.587432861328 569.672470092773 781.911911010742 756.962142944336 1223.4009513855 741.08910369873 699.84513092041 804.268367767334 615.016387939453 414.103759765625 627.646591186523 685.222150802612 628.418628692627 750.871879577637 712.184154510498 700.053718566895 647.645263671875 592.067962646484 762.058713912964 818.585090637207 905.053060531616 772.17017364502 891.290229797363 821.629570007324 1109.91778755188 1033.04242706299 1062.78549957275 1440.38103485107 1289.27280426025 946.0462054573 942.69197845459 1080.58842468262 786.159694671631 745.070053100586 975.257667541504 1033.26214599609 582.418426513672 652.371549606323 679.266654968262 687.778835296631 858.818176269531 712.210075378418 889.108757019043 729.028364181519 642.110275268555 655.963900566101 892.51932734251 1025.26594543457 1075.7300567627
766.964279174805 1044.73446655273 1147.7025604248 752.301635742188 588.306518554688 766.327203333378 1956.10301208496 555.994567871094 1265.12267303467 1280.86789703369 725.25524520874 683.550413131714 664.916698455811 765.825180053711 593.382919311523 995.450847625732 725.699829101562 585.520599365234 628.565032958984 896.766311645508 701.087463378906 1125.8833770752 691.042587280273 728.80782687664 852.178058624268 877.563049316406 900.592452287674 1014.74376869202 1406.40256500244 1344.17448806763 854.462844848633 948.663066864014 874.875137329102 658.669036865234 791.227996826172 590.492218017578 721.55379486084 869.830703735352 848.215232849121 819.863845825195 869.148559570312 843.34447479248 799.085723876953 669.51197052002 682.616996765137 808.864295959473 652.926277160645 738.312889099121 703.061626434326 839.219557762146
771.1220703125 896.487686157227 648.103088378906 509.461456298828 586.671768188477 1089.21348571777 455.322631835938 657.075942993164 523.998382568359 922.040927410126 991.509033203125 663.137036323547 744.894939422607 632.367946624756 653.554214477539 699.22594833374 541.600006103516 685.293594360352 812.738967895508 703.569955825806 695.147453308105 856.775798797607 823.150787353516 747.045257568359 582.737014770508 824.332710266113 860.592300415039 808.264156341553 1220.3592376709 1647.88848114014 1082.91464138031 980.584320068359 810.311836242676 806.913864135742 776.444076538086 767.798583984375 651.798042297363 1022.36724853516 718.719636917114 816.720817565918 885.542556762695 757.024879455566 729.551248550415 854.58177947998 816.230865478516 641.282043457031 683.383003234863 788.763820648193 609.912094116211 757.711797714233
810.871398925781 1239.7600402832 487.030456542969 743.780723571777 1405.48981189728 506.907867431641 552.09651184082 1315.88440990448 563.346313476562 897.110122680664 1115.40026092529 699.712379455566 494.188613891602 694.002731323242 646.617832183838 592.559280395508 652.980171203613 585.368255615234 602.377563476562 690.119171142578 846.598615646362 733.50640296936 720.579254150391 663.224914550781 859.88578414917 830.687210083008 837.263641357422 1023.08023071289 941.516467094421 739.044845581055 983.002182006836 813.753952026367 871.245894908905 790.530166625977 837.600296020508 1235.48456192017 1384.10799026489 1663.31762313843 1668.99035644531 1006.60034179688 737.719531685114 970.34716796875 751.878099441528 731.84955573082 678.104904174805 807.589149475098 838.411125183105 879.964126586914 760.72554397583 599.063359953463
478.33805847168 949.72216796875 575.75212097168 659.778228759766 911.510269165039 631.774948120117 913.052093505859 472.765533447266 698.475372314453 841.009078979492 950.205715179443 836.529294490814 696.566394329071 635.231734275818 662.708631515503 611.535270690918 644.819679260254 597.119415283203 474.514602661133 666.094980478287 576.491561889648 688.107444763184 847.6868019104 835.313594579697 656.716247558594 859.815006017685 974.672481536865 905.451006889343 805.015914916992 603.230010986328 739.12134552002 791.312545776367 901.110717773438 940.047564186156 906.103210449219 1009.43464660645 1000.56859207153 1082.59032440186 1472.78173828125 2002.27233886719 1175.11585998535 1020.74016571045 905.717514038086 590.854949951172 549.668899536133 738.295660972595 799.960781097412 778.946346282959 874.47688293457 822.307609558105
545.005493164062 691.910583496094 773.523595809937 802.514892578125 1028.09294891357 696.780517578125 1068.47410583496 718.877334594727 687.634490966797 748.577556610107 712.55419921875 830.353282928467 708.775215148926 650.728017807007 483.535781860352 662.921249389648 696.891628265381 782.270595550537 652.282928466797 656.800506591797 831.299179077148 632.714721679688 716.601878643036 736.390420913696 698.38151550293 903.979110717773 1042.73750305176 786.22215461731 609.942962646484 609.470718383789 1941.84483337402 2753.71719360352 880.724578857422 909.13956451416 1133.58457374573 976.164313793182 1133.00539398193 1149.94920349121 1229.01741027832 1111.60522460938 1156.52515411377 1286.99841308594 1119.64086151123 1247.61101835966 1336.04394340515 930.566144943237 971.710983276367 972.700271606445 911.419662475586 750.883505821228
579.044104576111 493.623008728027 735.155040740967 535.66975402832 913.745376586914 1008.3842010498 870.524072647095 702.697555541992 1136.34601593018 898.937408447266 678.119987487793 893.150283813477 823.594673156738 661.181900024414 745.929534912109 465.608062744141 609.621543884277 621.593643188477 684.837432861328 713.890808105469 611.245132446289 859.535667419434 694.374172210693 736.841770172119 672.010810852051 940.122798919678 841.230321884155 950.002067565918 848.854293823242 611.054595947266 725.649822235107 2112.87226867676 717.629020690918 1005.89672088623 1069.65515518188 1357.51348114014 1172.84409332275 1182.56603050232 1706.1840133667 1213.68045520782 1228.82852172852 1197.71089172363 987.040935516357 1054.13715362549 1621.61331176758 1528.57490468025 1328.64921569824 1598.4407043457 1477.45660400391 1021.59292602539
511.254913330078 428.018280029297 540.313755989075 544.729990005493 973.356517791748 900.755466461182 686.070861816406 930.645503997803 653.201919555664 559.09245300293 772.068588256836 733.762245178223 678.015121459961 664.256141662598 655.087535858154 684.536239624023 619.310722351074 685.808742523193 546.007705688477 603.089584350586 762.58532333374 727.651954650879 731.68533706665 643.247230529785 803.561889648438 887.981056213379 689.207489013672 871.394976615906 805.387626647949 736.130363464355 716.201019287109 675.462997436523 695.106132507324 724.9326171875 928.750312805176 999.26619720459 1054.4959564209 942.560014784336 1194.38818359375 1111.59091949463 1347.75550079346 1259.85874938965 942.193878173828 1105.19802856445 1490.24668884277 1218.16928124428 1330.95379638672 1239.56436157227 1079.21456646919 1616.0651473999
790.06127166748 507.810668945312 788.706512451172 592.593631744385 483.803062438965 459.631607055664 639.273555755615 521.410003662109 823.989929199219 604.911987304688 653.862953186035 721.192810058594 797.463119506836 745.130668640137 677.58863067627 778.752925872803 552.181434631348 600.194290161133 684.885047912598 684.381375312805 957.465713500977 739.126697540283 738.536491394043 892.107055664062 694.558986663818 758.919310569763 784.520084381104 874.191246032715 864.998119354248 865.27127456665 730.630301475525 589.004150390625 672.489669799805 847.94787979126 981.063400268555 1036.77559661865 1016.65760326385 936.808082580566 995.262403488159 1015.9429359436 1447.50025939941 1516.23860931396 1015.79818153381 789.032333374023 1408.03154373169 1255.60045719147 976.888519287109 1047.61238098145 1316.5173034668 1493.41133117676
599.380493164062 637.422943115234 664.679552078247 708.567151069641 784.669136047363 463.977844238281 576.960952758789 479.867893218994 778.155826568604 705.102882385254 890.27693939209 856.409481048584 663.04460144043 556.766105651855 562.948760986328 533.608856201172 635.683639526367 593.910537719727 628.849891662598 613.147285461426 724.736291885376 764.442981719971 758.576278686523 922.249809265137 798.113761901855 856.487697601318 827.338645935059 737.694423675537 942.609867095947 817.935619354248 843.344661712646 833.041595458984 561.818466186523 899.242202758789 935.495941162109 1038.58909606934 828.717960357666 926.189929962158 839.998607635498 910.194396972656 1106.70016479492 1019.68721008301 986.396602630615 1010.22903442383 823.318992614746 972.997329711914 876.999664306641 867.917495727539 1016.97261047363 1046.44543075562
740.826017379761 734.096908092499 859.189910888672 828.128715515137 857.815139770508 759.893020629883 620.296730041504 382.388366699219 613.711265563965 694.877342224121 798.589932441711 766.278318405151 1133.78487014771 639.265380859375 1253.14942932129 714.019073486328 602.709350585938 737.299673080444 529.359283447266 504.429611206055 641.274452209473 594.832946777344 948.994560241699 941.029525756836 756.4310297966 625.325199127197 684.201049804688 832.40238571167 961.819114685059 927.899898529053 896.062881469727 819.711799621582 696.555686950684 812.376964569092 1070.5740814209 1088.70118713379 853.32555770874 713.584991455078 860.2414894104 969.745567321777 941.089294433594 891.967376708984 808.903953552246 1031.31416320801 803.187992095947 1034.20236206055 950.025056838989 1019.38006591797 704.401840209961 852.54088973999
806.979965209961 701.360948562622 893.251907348633 725.580337047577 912.65299987793 693.807752609253 800.17590713501 557.236289978027 723.370700836182 578.574127197266 837.807279586792 807.636061668396 735.468700408936 636.145202636719 1299.83698272705 527.083145141602 629.360336303711 634.055076599121 503.448791503906 680.244409561157 651.520160675049 762.723628997803 917.523910522461 793.037538528442 991.313171386719 674.105021476746 748.070850372314 779.043754577637 972.909736633301 951.433397293091 818.610591888428 995.537742614746 961.306503295898 815.859375 831.350157260895 880.985931396484 823.464733123779 900.612976074219 811.815690040588 857.898971557617 943.058715820312 687.824272155762 814.96561050415 978.863845825195 980.635177612305 779.339008331299 856.540809631348 788.969779968262 765.514183044434 793.886915206909
750.514444351196 691.812694549561 895.163436889648 804.899559020996 634.21061706543 865.904281616211 726.488670349121 569.925483703613 494.511169433594 534.00103187561 829.983413696289 641.800811767578 1115.56410598755 691.204833984375 636.1376953125 576.900131225586 749.001781463623 716.035507202148 590.760192871094 1159.95341491699 621.013076782227 690.87232208252 700.159865379333 877.585456848145 897.123352050781 581.403182983398 735.09684753418 746.015467166901 686.161102294922 719.362300872803 756.978816986084 1078.34907531738 923.94667339325 687.67391204834 950.439010620117 895.624282836914 777.641471862793 741.500331878662 813.586317062378 792.636054992676 873.146560668945 798.103469848633 754.861985206604 842.474884033203 934.090644836426 903.12029838562 793.00505065918 783.44522857666 907.503349304199 680.068748474121
861.693935394287 813.333488464355 660.747428894043 864.828842163086 841.665954589844 784.244950294495 622.330924987793 510.344390869141 677.068992614746 583.846960067749 496.944076538086 1072.33169555664 795.545551300049 776.683601379395 760.058151245117 608.869049072266 716.532337188721 710.590026855469 1026.6163482666 690.196563720703 641.767654418945 751.770950317383 716.182834625244 748.465700149536 774.965877532959 606.812492370605 620.419929504395 663.767568588257 799.048538208008 857.127555847168 706.716682434082 922.504028320312 835.835559844971 928.054679870605 976.749084472656 685.774673461914 851.691421508789 815.714040756226 853.53360748291 920.75080871582 760.098373413086 664.747161865234 638.365653991699 716.172744750977 966.928070068359 879.172718048096 812.697685241699 634.754089355469 610.102355957031 880.11442565918
701.42741394043 729.107332468033 985.385162353516 768.468048095703 850.174419403076 810.182987213135 650.874038696289 722.016632080078 477.813049316406 431.242660522461 518.139122009277 628.183989048004 558.541038513184 1220.04474115372 799.735214471817 673.528388977051 632.142555236816 915.003115773201 765.940132141113 639.434608459473 771.964920043945 756.110305786133 737.079650878906 726.758549690247 726.62843132019 475.698165893555 809.087799072266 698.420873641968 608.038757324219 590.717247009277 785.456218719482 749.848256111145 891.064712524414 778.228059768677 910.959671020508 929.91178894043 897.919075012207 918.411109924316 780.929767608643 919.315544128418 800.87885761261 763.273487091064 683.575531005859 727.867599487305 689.867012023926 702.838256835938 674.032188415527 755.429336547852 792.21537399292 777.574249267578
953.364715576172 696.152584075928 811.514129638672 653.502311706543 750.447994232178 718.171073913574 599.837142944336 609.873542785645 580.582675933838 651.274593353271 643.474716186523 545.572631835938 559.008041381836 715.988077163696 646.384460449219 725.679656982422 642.820846557617 695.039428710938 719.808155059814 816.9599609375 721.164441108704 753.788970947266 653.550437927246 784.217674255371 798.339935302734 572.190017700195 766.950382232666 555.459503173828 540.887306213379 619.977737426758 602.000076293945 752.833646774292 969.814460754395 928.100143432617 877.545303344727 845.030250787735 798.825794219971 708.481147766113 914.328530073166 1047.63952636719 956.823753356934 819.307428359985 907.552131652832 895.584022521973 851.563388824463 762.747340917587 836.484886169434 774.566816329956 951.433540344238 787.755920410156
706.370105743408 667.696060180664 781.526363372803 752.508773803711 758.674563407898 845.858680725098 755.276222229004 650.633677482605 644.897790908813 605.325634002686 612.047302246094 785.296688079834 725.335893660784 520.080154418945 779.460109710693 674.754802703857 632.554809570312 589.390609741211 597.695617675781 644.128799438477 722.253818511963 726.173117637634 667.007549285889 762.182998657227 851.594436645508 755.315711975098 688.837440490723 655.961074829102 715.301597595215 530.685638427734 598.342407226562 734.616714477539 1003.06936645508 858.191123962402 751.375885009766 850.383842468262 814.75842666626 933.51538848877 882.089065551758 977.332414627075 936.628559112549 937.768683433533 784.940275192261 1019.07891273499 840.248107910156 847.705612182617 740.402153015137 679.350471496582 812.828683853149 850.387245178223
781.476516723633 823.013862609863 771.516491889954 626.06575012207 585.554168701172 700.407150268555 841.836441040039 658.994045257568 731.808479309082 544.054775238037 735.114080429077 669.831634521484 678.212387084961 679.308807373047 630.737678527832 708.566619873047 678.413543701172 604.403472900391 760.955959320068 696.394580841064 582.534400939941 724.319239616394 778.219802856445 597.706840515137 692.093495845795 845.082801818848 808.476932525635 762.422023773193 722.171281337738 798.447250366211 683.446378231049 723.250334739685 653.357196807861 919.405698776245 908.332145690918 790.873456954956 821.02748298645 821.999740600586 1110.85127353668 1047.94580459595 1042.37710189819 1326.26305389404 979.642623901367 771.686698913574 935.725475311279 879.506736755371 873.103975296021 780.377464294434 741.912251472473 1027.19937753677
812.380588531494 641.584655761719 784.141613960266 792.855274200439 918.802520751953 831.039352416992 658.540402412415 614.104049682617 734.180912017822 756.954883575439 679.500503540039 737.791494369507 575.306503295898 748.153052330017 729.629428863525 674.429656982422 839.996459960938 700.930019378662 650.37036895752 814.484529435635 620.835403442383 702.776491165161 794.14111328125 674.809078216553 678.103269577026 864.342498779297 754.229568481445 545.977737426758 638.374240875244 667.838605880737 589.759979248047 669.236734867096 746.29084777832 673.003664016724 584.314388275146 556.683349609375 570.259048461914 706.061767578125 917.680788040161 950.479835510254 1019.8560333252 1205.05866241455 944.474197387695 1022.77888870239 928.7868309021 950.757698059082 994.013702392578 722.618543624878 724.886642456055 985.131702423096
