export/dem/dem33.asc
NCOLS 350
NROWS 171
XLLCORNER 152620
YLLCORNER 418050
CELLSIZE 100
NODATA_VALUE -9999
[rows 66 to 87 of 171, columns 250 to 299 of 350]
585.446952819824 658.778091430664 610.275497436523 474.836624145508 612.882789611816 712.024356842041 763.223762512207 748.848403930664 562.388557434082 623.30529499054 740.093633651733 577.298400878906 774.026359558105 595.809326171875 559.500396728516 624.533275604248 581.29581451416 594.55411529541 790.06037902832 579.586219787598 695.285894393921 794.32536315918 592.695983886719 635.435806274414 731.978344917297 786.214569091797 637.289085388184 605.147819519043 653.953224182129 814.76293182373 710.010580539703 718.537637233734 627.809211730957 563.942932128906 751.501243591309 683.277542114258 588.940658569336 750.822303771973 913.288421630859 934.280731201172 893.4443359375 795.52583694458 684.733551025391 671.984466552734 733.549476623535 718.846172332764 654.60620880127 762.866800904274 763.353315711021 707.952278137207
613.553922653198 664.565181732178 649.423184394836 648.518201351166 643.642110824585 604.66263961792 742.071449279785 580.714729309082 545.941558837891 623.053895950317 691.671752929688 764.24006652832 505.461334228516 614.600101470947 650.2219145298 603.587863922119 737.482486724854 583.647415161133 645.881187438965 686.139974594116 770.663711547852 572.979621887207 590.084907531738 781.194465637207 641.412574768066 848.611358642578 630.713203430176 835.683074951172 714.343948364258 726.13324546814 853.266265869141 723.097235679626 698.705286026001 603.659484863281 708.210403442383 770.71879196167 683.892307281494 684.639122009277 712.357643127441 701.116062164307 1028.19930458069 858.171890258789 810.766494750977 808.129089355469 622.325531005859 722.282104492188 794.375389099121 757.734353542328 706.516952514648 596.820510864258
636.046629905701 682.421915054321 617.49137198925 779.579071044922 688.804889678955 704.713222503662 726.411270141602 568.262107849121 547.412506103516 677.317590713501 688.71272277832 718.402011871338 750.643539428711 648.897912979126 704.020042419434 689.233444213867 620.31983757019 530.147766113281 630.255065917969 619.172203063965 878.361129760742 815.911491394043 986.562255859375 771.725082397461 801.913230895996 712.16887140274 602.171142578125 668.125619888306 801.942375183105 611.020111083984 691.313674926758 745.505397796631 644.894805908203 730.173961639404 706.472817420959 754.502948760986 751.326921463013 741.034502983093 827.145317077637 701.289794921875 661.456069946289 727.243083953857 1098.02770614624 1243.10865783691 646.230346679688 558.944473266602 610.649291992188 587.932769775391 549.846420288086 581.450759887695
622.810930252075 700.946399688721 782.461395263672 614.969790458679 678.419660568237 623.460109710693 600.722805023193 565.580215454102 664.686946868896 578.588874816895 615.947929382324 613.331954956055 600.117641448975 627.849821090698 654.746410369873 694.839517593384 661.140546798706 566.647926330566 751.8798828125 635.587770462036 753.986656188965 744.413288116455 695.84593963623 558.230041503906 759.769798278809 695.531561613083 697.007788181305 745.676162719727 794.533012390137 772.409271240234 770.858253479004 754.033702850342 680.729516983032 615.302742004395 706.282152175903 774.033443450928 614.746116638184 667.202133178711 597.772651672363 759.672639012337 649.36595916748 734.906852722168 570.224212646484 715.918273925781 856.356873512268 1304.85185241699 548.403106689453 520.375381469727 523.074249267578 613.32551574707
483.936111450195 422.028060913086 546.721649169922 746.224517822266 722.996643066406 735.180068969727 666.763566970825 632.247413635254 806.549075126648 631.014231920242 631.446203231812 581.558555603027 667.080497741699 693.802421569824 654.830987930298 689.86014175415 568.842926025391 625.30054473877 662.056768417358 683.124335289001 630.600524902344 619.693698883057 598.541381835938 618.587013244629 608.017692565918 605.805290222168 722.660034179688 751.708923339844 683.408826112747 746.559375762939 716.606994628906 696.171576738358 739.058307647705 725.598789215088 629.091567993164 694.422079086304 559.722457885742 719.465291023254 693.249271392822 713.623790740967 654.907371520996 769.194699287415 651.125328063965 648.413780212402 717.735427856445 626.81428527832 652.755554199219 962.614181518555 726.162910461426 646.961288452148
687.108505249023 609.806987762451 587.607597351074 790.442810058594 771.03742980957 760.47388458252 602.147449493408 598.947929382324 536.708602905273 608.478668212891 654.388681411743 710.387908935547 505.121536254883 648.134794235229 646.966311454773 671.779676437378 592.893898010254 742.83373260498 518.957389831543 686.251405000687 634.740745544434 775.206489562988 661.631759643555 670.222330093384 726.147050857544 702.753578186035 747.327907562256 801.85765838623 822.681213378906 751.348819732666 744.832607269287 813.9697265625 796.670715332031 854.917861938477 720.60019493103 488.549865722656 652.198974609375 707.413222312927 735.779381752014 563.924133300781 739.132789611816 794.342697143555 750.423011779785 819.948703765869 654.802867889404 1016.18988037109 746.05841255188 612.469573974609 576.047119140625 609.603988647461
608.89595413208 636.726782798767 606.230007171631 583.224212646484 785.483024597168 642.172630310059 770.6767578125 650.24976348877 744.723403930664 519.516876220703 532.155120849609 703.56050491333 530.758155822754 661.632408618927 700.406770706177 742.06290435791 635.960832595825 530.911743164062 657.976085662842 611.112478256226 673.861310958862 669.489120483398 672.453601837158 656.927675247192 767.580627441406 741.942211151123 468.749633789062 755.427040100098 763.22981262207 786.288444519043 650.270479202271 810.437202453613 782.703575134277 768.483875274658 889.5478515625 727.895516097546 597.169998168945 734.466520309448 694.700359344482 693.81937789917 702.086097717285 1293.81294250488 696.328742980957 645.823165893555 614.140464782715 829.858329772949 572.142852783203 518.590560913086 543.209518432617 537.237747192383
559.759819030762 650.326656341553 797.615673065186 754.375087738037 670.611381530762 621.45923614502 722.975745201111 782.008234024048 608.17121887207 693.162792205811 547.639434814453 720.467155456543 591.452095031738 771.22932434082 713.373031139374 676.666136741638 656.061100959778 616.799892425537 598.876274108887 550.958129882812 639.21267914772 642.188566207886 581.738639831543 588.169914245605 702.284498214722 621.381950378418 654.650405883789 699.774683117867 542.585952758789 545.247406005859 774.180885314941 662.169017791748 761.282150268555 769.141304016113 820.373413085938 749.846080780029 661.582878112793 654.043365478516 652.332527160645 572.067245483398 736.161991119385 808.162002563477 712.154495239258 1200.01320266724 933.433845609426 749.962860107422 778.011220932007 543.145904541016 1002.88695526123 515.20849609375
688.507774353027 708.840492248535 499.357345581055 717.720886230469 546.614883422852 832.90266418457 810.849609375 928.119705200195 538.079627990723 619.771850585938 683.715282440186 681.166421890259 631.302484512329 588.382484436035 552.720100402832 572.930267333984 647.734134674072 767.283233642578 723.323806762695 820.976791381836 702.227182388306 665.185888290405 705.778001785278 656.833789825439 556.98957824707 593.059928894043 568.109512329102 670.420587539673 714.921977996826 863.777221679688 745.44295501709 850.970245361328 793.543075561523 854.429977416992 792.296653747559 703.888885498047 702.603210449219 658.929512023926 683.749362945557 621.333984375 592.213226318359 991.656211853027 673.365482330322 894.888854980469 847.856475830078 733.061958312988 740.519416809082 714.467483520508 674.030502319336 816.46044921875
754.956840515137 587.969045639038 807.161270141602 722.042251586914 704.250679016113 546.611640930176 860.643463134766 649.532127380371 841.723686218262 715.884592056274 756.665784835815 735.309555053711 686.080638885498 696.053497314453 680.024250030518 771.139228820801 727.808815002441 585.34086227417 765.75072479248 611.501775741577 749.577308654785 770.431602478027 695.276708602905 626.009094238281 607.252769470215 633.487197875977 692.609513282776 579.992919921875 683.99623298645 755.146606445312 738.017112731934 914.994369506836 822.264007568359 723.399917602539 829.610580444336 810.425086975098 659.455562591553 548.828720092773 701.420391082764 612.713874816895 1092.01516723633 860.078575134277 860.756036758423 718.493438720703 721.477005004883 1117.1695022583 730.408401489258 711.93334197998 672.729034423828 1101.23659992218
663.736671447754 753.871063232422 684.591255187988 589.373245239258 722.05713558197 729.765556335449 524.087532043457 763.62557220459 710.733476638794 625.736968994141 635.186012268066 828.564125061035 677.634364128113 710.58890914917 694.816886901855 587.222633361816 655.544646263123 734.704544067383 730.319213867188 616.049411773682 813.898086547852 694.160785675049 719.013053894043 604.811370849609 493.451278686523 528.809204101562 653.844528198242 707.201745986938 582.175933837891 755.81413269043 756.189781188965 895.994674682617 718.404333114624 677.710771560669 714.356817722321 755.448696136475 793.279121398926 589.671585083008 698.380527019501 662.901435852051 748.99295425415 827.338226318359 828.493190765381 761.823173522949 740.189651489258 625.675010681152 439.659057617188 645.873352050781 685.990707397461 711.772773742676
764.575721740723 697.54256439209 721.034881591797 625.521234512329 769.753009796143 753.245018005371 540.473346710205 617.27262878418 537.722381591797 534.281326293945 635.113136291504 615.498992919922 693.634346008301 623.554847717285 718.194955825806 569.741195678711 569.69066619873 623.626914978027 699.014587402344 752.930023193359 454.832565307617 620.734085083008 700.765586853027 683.441883087158 710.038009643555 727.233047485352 657.143028259277 576.903793334961 718.372148513794 799.226737976074 810.271179199219 821.409652709961 683.533191680908 786.539710998535 869.412384033203 803.586193084717 746.2811460495 569.229797363281 538.76732635498 452.279541015625 886.02409362793 757.010692596436 749.740409851074 1170.34965515137 742.066390991211 648.389099121094 610.401031494141 475.236511230469 639.065277099609 1142.62567520142
714.989700317383 785.004898071289 670.314735412598 488.57430267334 585.140571594238 525.914657592773 503.887756347656 562.972217559814 610.609687805176 873.320159912109 580.271934509277 664.56908249855 685.514097213745 852.900924682617 895.893173217773 679.810243606567 643.689880371094 730.207221984863 819.423614501953 727.077537536621 812.324909210205 675.082100391388 687.209553956985 755.191200256348 552.43879699707 760.9638671875 780.082626342773 569.195648193359 820.31893157959 716.204677581787 745.927749633789 655.723421812057 777.656890869141 981.895294189453 697.337684869766 647.543807983398 622.64631652832 499.169784545898 380.491027832031 610.311981201172 604.221488952637 1239.98594379425 986.718627929688 635.457412719727 760.765060424805 648.325149536133 642.937927246094 777.279205322266 1002.16577148438 743.108673095703
749.728607177734 540.884719848633 693.113349914551 754.840133666992 633.310780525208 657.691028594971 603.195976257324 632.434959411621 727.186359405518 751.096664428711 772.88286781311 828.82169342041 620.778480529785 693.283065795898 696.082270979881 744.111221313477 624.768898010254 780.935501098633 655.275978088379 802.02889251709 775.894241333008 658.689342498779 640.219825744629 700.111795425415 847.553436279297 670.993301391602 620.86156463623 751.605361938477 596.277893066406 819.655853271484 648.58931350708 673.309722900391 808.330490112305 771.186050415039 630.097911834717 653.790050506592 619.067935943604 572.018249511719 702.113973617554 742.903877258301 570.411666870117 744.62914276123 1054.62670516968 777.43669128418 874.945861816406 622.884078979492 946.721221923828 674.065673828125 745.02587890625 656.416641235352
621.21040725708 901.720153808594 735.69458770752 608.438251495361 562.959579467773 561.526916503906 609.811550140381 691.771999835968 608.235363006592 528.463790893555 591.391906738281 699.290321648121 805.384658813477 739.301681518555 787.006767272949 812.775787353516 761.940330505371 717.609580993652 617.609039306641 707.18691778183 675.186726570129 722.698875427246 524.920547485352 657.259967803955 647.695152282715 628.011452198029 750.481033325195 802.571357727051 710.596738815308 533.055374145508 657.815486907959 621.189842224121 596.797889709473 738.941757202148 734.511901855469 650.673757553101 647.587980270386 653.359580993652 766.951850891113 670.485244750977 623.941734313965 813.983173370361 718.829696655273 768.215148925781 574.986129760742 583.190399169922 1130.77711486816 514.033508300781 757.695446014404 832.994222640991
675.259654998779 568.756050109863 733.698829650879 684.092346191406 660.08579826355 612.067150115967 716.964984893799 661.695802867413 506.048126220703 494.816177368164 626.17995262146 569.698364257812 539.649040222168 551.945045471191 780.717216491699 729.342025756836 805.644897460938 701.990943908691 841.899932861328 707.769994735718 662.323492050171 671.822624206543 601.561096191406 690.906030654907 673.553903579712 587.419975280762 727.031177520752 653.432518005371 673.312492370605 656.631923675537 715.027446746826 744.348403930664 802.492088317871 658.820110321045 684.28751373291 606.281410217285 548.924598693848 687.270438194275 644.274723052979 811.670398712158 625.602989196777 909.44144821167 734.761421203613 699.060859680176 689.631362915039 559.525680541992 1050.53660583496 571.622772216797 721.742866516113 828.749172210693
634.597628653049 515.813690185547 635.532714366913 458.908996582031 712.551315307617 598.532527923584 632.445741653442 630.057153701782 611.838439941406 656.372543334961 597.57666015625 591.733215332031 710.579444885254 620.452589035034 623.794456005096 602.933090209961 647.677372217178 687.031244277954 573.940658569336 762.215293884277 532.883056640625 758.98218536377 592.231407165527 690.242259979248 685.599417686462 601.195854187012 864.579116821289 659.124443054199 616.295974731445 748.812576293945 718.441082000732 756.028926849365 728.508895874023 756.401748657227 704.709819793701 779.955055236816 685.485466003418 596.555236816406 669.581966400146 796.824758529663 713.171234130859 975.398242950439 677.527396202087 884.262277603149 834.996597290039 614.752853393555 453.962493896484 508.442413330078 666.320220947266 967.890869140625
637.281270027161 606.77991104126 536.750295639038 689.214698791504 639.179159164429 559.094261169434 847.069274902344 681.271320343018 638.483121871948 658.801033496857 597.809051513672 772.75609588623 642.770075798035 685.877891540527 619.85760307312 538.517051696777 579.015678405762 560.515678405762 762.18310546875 689.687826156616 666.76399230957 624.45930480957 615.915484189987 748.619205474854 527.904251098633 761.216827392578 838.345809936523 863.392944335938 747.939235687256 728.517024993896 719.753078937531 662.278242111206 728.534556388855 988.735916137695 670.899753332138 825.438293457031 743.231140136719 703.62438583374 624.230056762695 691.629806518555 801.012325286865 1064.32996368408 691.436977386475 628.271560668945 1018.67241668701 794.274691581726 991.171859741211 793.993312835693 832.089965820312 720.28295135498
559.945678710938 551.541969299316 568.924260139465 743.684371948242 619.126378059387 526.942436218262 747.321464538574 738.184234619141 675.978267669678 696.88313293457 664.110290527344 677.453380584717 786.237030029297 851.653366088867 987.674732685089 539.164169311523 711.114601135254 597.323516845703 628.124031066895 688.070982933044 614.429672241211 729.164695739746 522.481246948242 845.290264129639 626.291786193848 748.458255767822 806.639099121094 771.294822692871 646.154220581055 645.701072692871 721.199462890625 860.688690185547 757.777492523193 562.015899658203 531.51057434082 741.130722045898 747.010902404785 611.60082244873 563.130599975586 773.186157226562 630.455642700195 781.606586456299 794.725635528564 667.017232894897 578.791229248047 785.112487792969 752.834693908691 543.126037597656 610.150360107422 746.203735351562
614.028602600098 630.015390396118 825.86604309082 824.113510131836 615.59113407135 726.427139282227 727.813690185547 728.14542388916 688.41552734375 883.574829101562 616.198408126831 647.745012283325 613.748629212379 793.78113079071 708.254058837891 532.235473632812 550.340141296387 450.769195556641 649.208686828613 715.352524280548 729.856731414795 614.578018188477 685.136642456055 672.990715026855 552.577743530273 790.347183227539 812.07169342041 730.405179977417 751.598484039307 760.927219390869 718.143955230713 807.101264953613 785.437297821045 747.912125587463 673.38410949707 670.726669311523 767.304893493652 447.068771362305 637.102745056152 996.076594352722 1199.00798034668 502.099975585938 1099.386302948 537.030029296875 574.202095031738 698.315200805664 608.558288574219 742.920883178711 503.080932617188 1162.26634311676
802.646942138672 755.029243469238 677.02075958252 738.411491394043 603.678466796875 762.090576171875 800.799057006836 771.445266723633 656.69453394413 729.915817260742 738.317283630371 801.43334197998 676.05689239502 435.125823974609 601.044193267822 760.712337493896 874.914077758789 722.032356262207 617.279605865479 668.653030395508 751.26494717598 584.529258728027 1299.25733947754 599.399597167969 666.976749420166 701.997177124023 836.789611816406 644.774978637695 613.705467224121 633.278869628906 762.049964904785 756.956418991089 689.15550994873 704.558881759644 730.848693847656 693.147605895996 729.377777099609 531.0146484375 632.93989944458 971.763916015625 667.277416229248 840.609664916992 583.254272460938 1479.75248718262 644.96662902832 1624.37831115723 754.502994537354 541.853790283203 847.430526733398 784.668556213379
1027.70355224609 1039.88787841797 964.116973876953 826.960243225098 820.528968811035 647.74222946167 751.038047790527 619.827924728394 696.667091369629 737.751488208771 618.43872833252 898.043935775757 1023.56303405762 780.793794631958 684.819458007812 1172.40798950195 1096.80259132385 531.898239135742 637.963637828827 638.464904785156 565.663604736328 725.648094177246 632.095806121826 857.563491821289 770.659238815308 673.816541671753 599.724807739258 760.773666381836 730.354091644287 681.584873199463 740.517910242081 672.050868988037 677.17769241333 720.350826263428 601.703590393066 530.986038208008 528.460327148438 598.217231750488 633.466163635254 693.652069091797 514.344085693359 681.42805480957 637.954322814941 662.384811401367 854.810501098633 1033.0128326416 751.967620849609 704.850959777832 572.805603027344 692.184150695801
