export/dem/dem32.asc
NCOLS 350
NROWS 171
XLLCORNER 152620
YLLCORNER 418050
CELLSIZE 100
NODATA_VALUE -9999
[rows 132 to 153 of 171, columns 250 to 299 of 350]
752.59557723999 824.622043609619 764.475231170654 760.481523513794 767.604276657104 690.321758270264 681.915916442871 516.080978393555 660.716577529907 771.141521453857 890.540374755859 740.536781311035 724.463171005249 736.131187438965 734.668476104736 646.630187988281 677.243698120117 749.712240219116 870.493183135986 703.015093803406 739.238790512085 650.777076721191 619.410415649414 800.280975341797 751.591400146484 725.98556137085 671.532308578491 683.465194284916 609.339474439621 803.615936279297 476.057022094727 510.219635009766 597.06893157959 528.476867675781 733.698867797852 646.782249927521 641.937055587769 756.500759124756 874.918334960938 779.705764770508 1021.84642410278 1105.67514896393 1031.03736114502 1094.50110244751 1011.84395170212 913.585363388062 859.279167175293 872.6015625 925.924764633179 1096.83280944824
848.27326965332 642.644622802734 777.411079406738 810.882997512817 751.455368041992 649.19100189209 597.512054443359 689.533519744873 668.795104980469 841.296249389648 620.736755371094 667.310913085938 682.333793640137 812.891876220703 727.723278045654 819.288093566895 776.202461242676 931.451008796692 1020.18683433533 874.367630004883 727.939105153084 706.366505622864 603.540992736816 680.692944526672 775.873573303223 820.450897216797 508.638633728027 651.288850784302 510.297271728516 567.564140319824 533.713386535645 442.163345336914 670.344429016113 870.385147094727 672.728754043579 717.835258483887 656.155306816101 602.350532531738 693.998566627502 693.0689868927 603.331630706787 844.057641983032 888.583145141602 1038.60475921631 1010.22401046753 868.471382141113 1090.15218162537 772.445789337158 823.03572845459 969.633419036865
841.740478515625 749.879653930664 925.488555908203 651.95844078064 691.277015686035 740.812484741211 575.370384216309 713.527576446533 873.6572265625 766.067543029785 803.536823272705 794.372268676758 767.197217941284 774.690748214722 694.524635314941 794.322792053223 804.81379699707 726.802940368652 876.365180969238 748.415426254272 776.627185821533 771.054908752441 545.324935913086 881.207183837891 712.731813430786 700.258193969727 635.729482650757 653.43036365509 618.868076324463 521.479850769043 663.622301101685 688.274848937988 518.311309814453 757.982231140137 760.121299743652 808.244018554688 943.781982421875 767.772514343262 744.101921081543 803.481498718262 711.450374603271 632.213897705078 498.429107666016 676.361663818359 953.026065826416 871.71667098999 888.403470516205 902.798751831055 895.365335464478 982.721015930176
643.988052368164 800.288822174072 797.495956420898 681.331020355225 491.479209899902 679.61710357666 747.323310852051 662.77466583252 853.583335876465 711.064613342285 828.447437286377 895.609016418457 757.792521476746 705.014923095703 579.361831665039 789.888553619385 747.812796592712 697.874927520752 741.690223693848 934.777755737305 911.085739135742 756.055058479309 762.943008422852 826.246437072754 699.534664154053 728.088111877441 624.327726364136 486.254821777344 463.113555908203 471.201156616211 626.778612136841 559.483512878418 783.328987121582 742.721961975098 763.426345825195 762.61962890625 837.279434204102 738.157745361328 786.272834777832 878.981842041016 665.070583343506 748.887229919434 538.105926513672 752.683731079102 595.838012695312 922.243835449219 972.951950073242 758.691635131836 722.02961730957 921.982292175293
743.053904533386 721.68023109436 712.431300163269 597.257217407227 767.669044494629 691.893836975098 703.649978637695 789.715822219849 813.79896736145 818.85570526123 725.807281494141 745.509417533875 721.766490936279 720.94769859314 648.212394714355 504.732559204102 612.839508056641 806.050365924835 842.709342956543 788.998342514038 816.058075904846 774.907600402832 859.195922851562 762.614410400391 673.742661476135 644.172720909119 670.265047073364 593.11060333252 600.658393859863 773.161178588867 632.524545669556 730.72566986084 719.692497253418 768.746551513672 790.133865356445 844.728088378906 974.661529541016 786.378044128418 714.197397232056 670.149959564209 614.307197570801 567.757354736328 796.393623352051 852.482299804688 804.861923217773 928.637420654297 958.27734375 996.163612365723 886.367065429688 939.188165187836
598.902969360352 765.895179748535 775.833869934082 727.386730194092 792.551900029182 812.983570098877 980.440078735352 723.017353057861 706.095890045166 675.271003723145 751.367609620094 650.491271972656 676.372047424316 624.32844543457 751.761023521423 700.393798828125 678.750389099121 798.483551025391 479.233291625977 704.635940551758 557.426536560059 698.662365913391 889.565826416016 591.716583251953 539.613784790039 630.632621765137 628.713581085205 788.522171020508 748.88404083252 692.607570648193 614.524772644043 737.196876525879 667.34009552002 590.194236755371 678.790693283081 777.079650878906 767.105094909668 746.559413909912 731.877624511719 679.484197616577 718.482172966003 617.100936889648 836.043212890625 898.986434936523 871.793441772461 852.273376464844 992.178237915039 981.476028442383 767.898239135742 891.147529602051
819.69359588623 881.049728393555 765.185394287109 790.226690292358 906.308135986328 740.435695648193 789.51834487915 926.070205688477 781.923212051392 627.354431152344 818.403980255127 725.343681335449 788.430355072021 699.807723999023 597.532287597656 652.84627532959 701.61066532135 751.588575363159 827.027931213379 772.568344116211 664.696018218994 718.048923492432 673.276920318604 765.009651184082 463.945816040039 751.774429321289 775.810623168945 763.274719238281 652.183355331421 665.785646438599 790.447998046875 643.154674530029 787.899757385254 701.442899703979 647.147151947021 701.83922958374 746.994239807129 775.633743286133 740.036514282227 832.459686279297 689.676670074463 814.659828186035 660.45449256897 779.126098632812 771.157512664795 771.249320983887 717.806049346924 785.293647766113 845.112312316895 766.282905578613
801.830032348633 643.124252319336 875.132797241211 791.750126361847 753.870048522949 756.498397827148 840.204902648926 892.17765045166 700.61840057373 801.810368537903 804.920965194702 821.707897186279 738.779117584229 690.128616333008 840.696971893311 534.027038574219 747.763182640076 832.012218475342 617.453063964844 756.354377746582 741.005414962769 673.92719078064 716.834915161133 726.938709259033 782.156894683838 795.480346679688 660.989816665649 789.2060546875 904.966293334961 762.179695129395 695.580625534058 888.385650634766 747.938678741455 725.669528961182 826.230407714844 744.426338195801 744.120986938477 740.504119873047 605.561824798584 825.793273925781 772.463729858398 815.62296295166 804.536682128906 801.846046447754 647.821479797363 855.984313964844 794.672882080078 751.004344940186 818.353525161743 810.269057273865
843.39820098877 808.005249023438 710.261131286621 863.167802810669 812.626450538635 732.688819885254 813.875221252441 775.732224464417 817.929145812988 850.007431030273 826.433330535889 920.091369628906 892.468826293945 750.297306060791 787.211748123169 726.201988220215 834.813066959381 845.09627532959 689.73030090332 698.418001174927 711.49918627739 652.942760467529 677.956314086914 800.938636779785 855.76252746582 874.066947937012 897.849540710449 923.233306884766 737.529457092285 733.198975086212 643.406650543213 942.559692382812 673.365253448486 781.158012390137 674.976674556732 681.0417137146 640.343200683594 807.69010925293 807.625839233398 681.784841537476 858.260452270508 678.196266174316 636.71076965332 843.092712402344 628.358749389648 734.363862991333 717.68187713623 799.164863586426 743.710655212402 664.910961151123
754.082828521729 787.517283439636 850.425983428955 754.31697845459 810.846054077148 699.134658813477 979.860946655273 908.577407836914 865.249732971191 678.735420227051 761.914859771729 891.285385131836 739.471076965332 769.491928100586 844.597564697266 712.08260345459 668.339889526367 627.684265136719 901.463104248047 615.373397827148 524.132354736328 588.929641723633 625.711906433105 676.520126342773 908.020034790039 841.342296600342 853.819744110107 972.791191101074 864.407806396484 898.403030395508 777.660640716553 826.434478759766 757.670837402344 651.185863494873 757.098526000977 758.724502563477 715.413093566895 558.494338989258 740.038546562195 697.127261161804 801.692459106445 805.9482421875 845.504592895508 615.525917053223 740.201022624969 645.165977478027 566.899398803711 751.519958496094 776.984672546387 837.611419677734
719.122192382812 760.240261077881 1105.80326843262 893.290397644043 782.574401855469 844.909516334534 912.263656616211 680.181201934814 722.091236114502 771.019048690796 846.23938369751 916.195640563965 817.248176574707 717.784240722656 774.80786895752 784.248798370361 826.013391494751 734.245185852051 886.162341117859 772.903825759888 615.85831451416 715.891159057617 593.286186218262 791.454530715942 709.854602813721 681.327568054199 883.47762298584 855.080333709717 993.345794677734 676.695365905762 949.918701171875 725.117622375488 666.820976257324 909.169372558594 806.248695373535 736.983207702637 794.626724243164 812.410278320312 598.261001586914 665.134311676025 859.445159912109 666.713998794556 819.450859069824 769.803131103516 665.205139160156 574.037628173828 717.16236114502 886.953811645508 744.617866516113 624.975151062012
625.095840454102 597.193687438965 1034.05256271362 518.305435180664 648.286994934082 662.141723632812 760.942916870117 1000.13648891449 958.849899291992 750.394950866699 804.387460410595 678.398643493652 734.295372009277 685.936416625977 872.396591186523 945.472869873047 791.978809356689 698.177795410156 800.805732727051 749.040809631348 588.916259765625 652.352981567383 771.787189483643 737.7465736866 824.1584815979 756.886459350586 826.007469177246 864.529586791992 720.004825592041 980.985000610352 660.90705871582 722.496515274048 742.55082321167 699.827867507935 712.057446479797 673.873870849609 804.48583984375 735.478565216064 678.409042358398 776.949798583984 745.410758972168 784.566825866699 717.737056732178 647.728271484375 633.728538513184 649.498001098633 835.764587402344 699.793029785156 812.995811462402 833.789688110352
729.977535247803 686.637368202209 702.905132293701 629.747833251953 750.912794113159 449.63883972168 573.817398071289 916.003904342651 600.007209777832 817.888517379761 955.40723991394 705.331630706787 758.084312438965 749.054809570312 798.3232421875 697.170867919922 894.497337341309 930.125366210938 786.524950027466 641.534484863281 598.578857421875 696.234985351562 667.993339538574 844.706127166748 693.78247833252 762.422134399414 607.458129882812 764.631969451904 708.047729492188 801.632318496704 814.908464431763 761.877571105957 632.8017578125 577.310371398926 551.756408691406 860.946266174316 688.098295211792 600.616828918457 679.298721313477 765.102171897888 877.214263916016 833.796295166016 845.57300567627 719.433685779572 763.683414459229 754.815629959106 738.150199890137 704.093328475952 820.336410522461 769.627998352051
-9999 -9999 -9999 756.332237243652 785.386222839355 849.183828353882 824.780769348145 774.580229520798 586.75611114502 788.491279602051 829.77526473999 742.116306304932 869.378377914429 911.105924606323 881.874187469482 776.678855895996 813.376693725586 879.300489425659 843.221433639526 815.882265090942 836.314518451691 875.956356048584 866.879905700684 820.857210159302 845.623805999756 625.132873535156 731.605612516403 756.737777709961 602.264686584473 705.037811279297 813.80627822876 701.049873352051 710.883209228516 729.433547973633 636.250137329102 626.002342224121 791.909622192383 682.997657775879 912.778327941895 761.769027709961 790.066186666489 817.240116119385 608.72078704834 805.745414733887 663.742607116699 720.729669570923 611.711524963379 769.62544631958 734.578365325928 730.099552154541
-9999 -9999 -9999 -9999 -9999 -9999 734.955047607422 877.999162197113 643.670227050781 689.04207611084 601.639320373535 632.089855194092 691.700798034668 985.186183929443 733.541915893555 706.957565307617 815.106701850891 627.424575805664 917.919761657715 964.133026123047 824.612152099609 826.23755645752 786.758911132812 858.905408859253 916.55785369873 651.870735168457 895.318748474121 693.602509498596 698.513156890869 683.130485534668 884.784214019775 864.364875793457 671.019737243652 779.802844047546 695.763195037842 688.323394775391 709.289428710938 710.598823547363 884.498546600342 1072.09663391113 824.234699249268 684.997787475586 664.590930938721 796.102714538574 788.298210144043 815.017738342285 678.196329116821 649.251960754395 648.448806762695 912.130950927734
-9999 -9999 -9999 -9999 -9999 -9999 -9999 -9999 -9999 931.96643447876 601.794464111328 737.964473724365 765.400657653809 831.956221580505 727.607013702393 730.362190246582 927.689682006836 806.847534179688 977.751358032227 800.950138092041 974.072334289551 857.18696975708 976.644897460938 917.969829559326 875.958068847656 868.544548034668 707.893486976624 837.984375 782.679985046387 933.554214477539 924.656810760498 817.017742156982 589.14030456543 577.617080688477 668.130786895752 649.154460906982 773.265121459961 709.352523803711 648.461288452148 818.236778259277 735.515956878662 665.118114471436 655.357105255127 832.50235748291 787.401359558105 674.233341217041 671.065361022949 669.235366821289 715.220081329346 732.45524597168
-9999 -9999 -9999 -9999 -9999 -9999 -9999 -9999 -9999 -9999 -9999 776.972602844238 549.487442016602 571.935348510742 664.960088729858 668.874636173248 726.16822052002 1120.06607055664 712.393005371094 819.960466384888 974.784999847412 1034.58247375488 856.098821640015 1071.60220336914 918.756328582764 886.456939697266 773.783042907715 765.651309967041 721.681739807129 845.40168762207 775.876991271973 779.31148147583 685.304433822632 734.880739688873 703.147994995117 681.111366271973 705.89466047287 597.905265808105 663.307674407959 662.60721206665 799.213439941406 826.800270080566 746.979528427124 680.493431091309 765.024421691895 679.317527770996 673.3935546875 721.322296142578 764.551837921143 627.6591796875
-9999 -9999 -9999 -9999 -9999 -9999 -9999 -9999 -9999 -9999 -9999 -9999 726.987579345703 726.539279937744 504.267578125 749.644805908203 706.911743164062 1406.33754348755 1166.81230735779 1158.50005149841 1213.62322998047 1178.89232826233 1195.67566680908 1062.53232288361 856.541728973389 814.625694274902 907.886825561523 835.762459754944 757.666122436523 837.625347137451 825.045415878296 729.964904785156 743.595069885254 652.113502502441 680.27169418335 641.181640625 691.861713409424 736.107705831528 589.712493896484 596.440963745117 740.956446647644 842.007759094238 810.497470855713 891.093063354492 772.90620803833 709.283975601196 804.663452148438 776.449029922485 623.791198730469 690.27222442627
-9999 -9999 -9999 -9999 -9999 -9999 -9999 -9999 -9999 -9999 -9999 -9999 776.20092010498 711.94535446167 645.058639526367 662.870037078857 718.579792022705 706.520324707031 732.259315490723 803.517124176025 821.261190414429 972.186210632324 907.064086914062 881.46032333374 889.111434936523 915.467498779297 1347.3675994873 667.943778991699 922.321300506592 706.913909912109 726.052352905273 990.337085723877 935.869766235352 709.262134552002 601.205490112305 737.379722595215 667.674949645996 703.762191772461 581.774963378906 646.822975158691 832.564018249512 792.847080230713 856.966381072998 681.462074279785 744.174209594727 860.289649963379 759.056407928467 749.226768493652 731.097217559814 840.770324707031
-9999 -9999 -9999 -9999 -9999 -9999 -9999 -9999 -9999 -9999 -9999 -9999 -9999 711.099609375 667.868362426758 669.003234863281 668.644191741943 538.040161132812 846.66618347168 879.840832710266 937.192733764648 822.714275360107 737.768737792969 888.063278198242 918.846206665039 814.854007720947 854.843872070312 842.782968521118 801.176084518433 876.575529098511 1190.82582092285 798.556270599365 751.469734191895 732.0705909729 722.498905181885 688.002471923828 664.539108276367 630.373764038086 758.70911026001 896.287757873535 781.166049003601 891.125732421875 759.774441719055 943.903442382812 838.385375976562 789.953418731689 726.430793762207 718.48348236084 728.427494049072 754.948007583618
-9999 -9999 -9999 -9999 -9999 -9999 -9999 -9999 -9999 -9999 -9999 -9999 -9999 -9999 685.253448486328 655.952331542969 714.689262390137 700.88932800293 781.463088989258 845.698883056641 836.050224304199 845.819309234619 986.321334838867 852.421945571899 920.306221008301 814.03685760498 736.301273345947 858.748140335083 861.770645141602 793.642621994019 765.517738342285 610.379272460938 693.139038085938 579.101455688477 576.871398925781 698.572059631348 927.934730052948 864.502643585205 686.033317565918 910.386489868164 946.147399902344 844.248527526855 989.093536376953 815.544445037842 645.731063842773 894.837013244629 941.304107666016 837.799800872803 747.702423095703 819.633888244629
-9999 -9999 -9999 -9999 -9999 -9999 -9999 -9999 -9999 -9999 -9999 -9999 -9999 -9999 761.099258422852 599.797393798828 759.998598098755 734.602676391602 839.425583839417 847.397327423096 875.363632202148 805.550338745117 730.204010009766 930.3073387146 1009.9361114502 902.081771850586 934.655899047852 1006.73756408691 843.676858186722 817.185007095337 819.411489486694 751.962972640991 1018.11805725098 727.221153259277 620.391342163086 757.49452495575 693.580230712891 861.134231567383 744.070095062256 934.077926635742 851.104637145996 756.587882995605 768.902702331543 771.666870117188 816.564939498901 858.332550048828 830.372696876526 829.119853019714 694.688583374023 636.764694213867
