export/dem/dem34.asc
NCOLS 350
NROWS 171
XLLCORNER 152620
YLLCORNER 418050
CELLSIZE 100
NODATA_VALUE -9999
[rows 44 to 65 of 171, columns 50 to 99 of 350]
781.443759918213 820.234365463257 818.038690567017 955.655822753906 534.094329833984 518.80428314209 493.082962036133 667.316780090332 557.48224067688 544.898523494601 986.469146728516 399.297790527344 523.251916885376 414.815238952637 514.630182266235 375.77140045166 348.547882080078 372.309837341309 284.715286254883 398.485185623169 359.6838722229 331.130592346191 326.716743469238 373.08829498291 365.366039276123 285.509857177734 270.080017089844 351.834690093994 385.353862762451 388.794609069824 470.098251342773 442.702927112579 549.831176757812 555.509628295898 503.168392181396 304.328338623047 413.703071594238 292.824432373047 394.599660873413 342.759757995605 357.654182434082 572.586246490479 435.114503622055 260.378845214844 441.437868118286 373.053657531738 323.95622253418 389.091239929199 401.849781036377 355.068267822266
664.834579467773 634.212257385254 680.120990753174 977.954925537109 676.453277587891 667.456298828125 598.437967300415 485.530258178711 425.828178405762 643.175701141357 606.944038391113 564.192260742188 533.160694122314 304.598556518555 492.40013217926 359.26448059082 440.954882621765 402.497085571289 405.588311195374 310.950294494629 607.479858398438 411.199050426483 324.802383422852 462.11730670929 518.710670471191 384.927825927734 352.434982299805 491.479106903076 523.896934509277 510.692764282227 496.216247558594 446.63969039917 526.779739379883 384.047988891602 651.314498901367 545.28050994873 533.824813842773 473.616567611694 357.958530426025 366.956531524658 346.544105529785 134.131744384766 438.199496746063 337.155342102051 392.226650238037 456.676721572876 404.807382583618 300.858734130859 324.229156494141 294.466873168945
468.009048461914 394.004302978516 698.03857421875 547.754699707031 387.054853439331 363.460754394531 514.765327453613 308.322082519531 666.042622208595 616.491386413574 458.489727020264 494.682514190674 474.79322052002 487.319539546967 393.469055175781 469.401840209961 401.254844665527 341.012771606445 342.89363861084 379.172088623047 293.130821228027 513.839477539062 503.071060180664 357.682342529297 353.393783569336 543.875717163086 422.14884519577 424.653991699219 531.641464233398 453.121780395508 550.725746154785 436.566663742065 433.885360717773 490.539794921875 582.310516357422 513.879489898682 518.450668334961 641.223556518555 466.558395385742 496.766159057617 578.502502441406 567.806144714355 442.370149612427 362.690891265869 418.785598754883 295.310119628906 405.288333892822 319.946556091309 221.576522827148 407.006126403809
583.729523658752 472.450166702271 451.863488674164 469.601469039917 445.986324310303 460.567596435547 978.039234161377 651.642261505127 558.051477432251 485.859270095825 469.666374206543 594.883666992188 539.452976226807 356.764938354492 548.414173126221 362.437110900879 441.24999332428 382.780254364014 397.801963806152 478.965263366699 161.640426635742 458.369636535645 533.220993041992 376.754024505615 376.045785903931 340.301300048828 410.808959960938 453.972278594971 526.090538024902 477.28337097168 403.42306137085 548.004066467285 447.239974021912 517.190757751465 443.79373550415 373.586009979248 427.66033744812 528.72013092041 313.524940490723 480.891082763672 465.405757904053 495.468185424805 453.959367752075 355.921844482422 309.49439239502 379.547286987305 281.471313476562 386.669815063477 472.084463119507 559.995193481445
307.543609619141 563.325721740723 515.993202209473 708.714065551758 558.389381408691 584.364726066589 568.906852722168 647.155776977539 623.164878845215 457.238475799561 548.269409179688 603.354423522949 531.94340133667 443.36750793457 417.616794586182 477.49603509903 431.434440612793 512.88304901123 433.129163265228 313.268180847168 290.912963867188 454.014030456543 351.035911560059 357.981468200684 271.010566711426 447.498455047607 402.691489219666 631.562789916992 501.603691101074 465.471347808838 408.350034713745 457.282791376114 316.065414428711 388.90015411377 413.692443847656 402.537403106689 517.416091918945 443.870281219482 347.158981323242 257.525894165039 528.699264526367 476.87425994873 450.835109233856 506.518436431885 281.105194091797 411.689594268799 383.332145690918 274.209869384766 547.866569519043 441.275726318359
612.879903793335 463.595726013184 629.850051879883 547.000862121582 699.068313598633 378.294441223145 641.912696838379 460.253977775574 627.192321777344 574.199691772461 682.502685546875 593.37837600708 581.60083770752 534.497947692871 488.792589187622 599.601638793945 480.448226928711 306.050323486328 447.643823623657 393.718075752258 464.212837219238 483.914207458496 420.827484130859 426.084899902344 561.178596496582 520.570472717285 489.286430358887 296.483421325684 373.250144958496 548.60954284668 557.703071594238 413.486492156982 489.166942596436 451.570781707764 395.046905517578 424.151763916016 443.550260543823 453.979228973389 361.565315246582 368.799415588379 444.658004760742 530.376754760742 379.014991760254 497.719123840332 330.661483764648 279.025741577148 182.282745361328 341.216888427734 291.020782470703 477.964372634888
459.867706298828 437.710193634033 612.63752746582 1110.11744689941 528.904419898987 492.617168426514 468.135601043701 375.408592224121 593.300262451172 591.994651794434 599.903121948242 535.075798034668 702.814605712891 469.830825805664 712.768981933594 529.834426879883 322.007568359375 377.137760162354 323.674736022949 388.277950286865 402.013242721558 343.017171859741 422.409170150757 376.819004058838 526.505706787109 437.66321182251 420.597279548645 485.391555786133 523.487457275391 438.964637756348 477.382076263428 371.934097290039 348.274589538574 402.12108039856 415.646589279175 491.077514648438 441.735763549805 258.537490844727 341.107666015625 305.429512023926 429.44679069519 498.952033996582 480.575691223145 535.646781921387 356.40625 387.624473571777 312.428848266602 378.599853515625 489.210453033447 707.739883422852
699.396747589111 500.981165885925 491.035882949829 612.192260742188 595.407459259033 675.719192504883 732.010818481445 566.869232177734 365.400566101074 322.950904846191 572.458671569824 436.221686318517 308.018676757812 503.672763824463 494.818778991699 428.793598175049 392.539617538452 396.616510391235 531.371841430664 359.862926483154 368.111270904541 460.752330780029 524.487281799316 485.538314819336 507.249000549316 392.600828170776 448.231433868408 378.99213218689 467.073902130127 484.651279449463 445.597862243652 297.044273376465 351.152324676514 357.578575134277 399.00018787384 482.271068572998 422.802433490753 298.168640136719 351.777862548828 460.016498565674 271.921127319336 560.45728302002 436.319605827332 467.083362579346 632.673858642578 324.539245605469 470.720603942871 377.434150695801 313.534934997559 527.09912109375
638.809386253357 447.805908203125 1022.14917755127 576.889205932617 716.837768554688 573.646148681641 732.104522705078 533.809261322021 466.066009521484 589.293228149414 422.985525131226 469.196128845215 498.135456085205 389.752908706665 377.766075134277 405.175098419189 439.152068138123 353.355026245117 309.133453369141 398.181590080261 495.478210449219 399.936836242676 463.168518066406 456.799491882324 420.732208967209 313.12548828125 430.641434192657 430.851913452148 351.845485687256 414.923201560974 433.545890808105 440.053215026855 357.366828918457 555.657241821289 598.981750488281 396.273279190063 507.445320129395 365.242988586426 507.638648986816 375.236381530762 500.32873916626 300.29020690918 502.004287719727 582.495544433594 345.077529907227 470.354862213135 403.175082743168 423.726112365723 329.303565979004 328.093978881836
730.72486114502 710.234848022461 511.619873046875 545.915607452393 715.062438964844 446.885871887207 580.769485473633 471.287787675858 424.99137878418 344.587203979492 418.360734939575 413.787362575531 405.099056281149 512.385009765625 514.584053039551 496.010848999023 415.240617990494 481.159049987793 441.921340942383 480.676330566406 376.980037689209 401.268113613129 466.424114227295 495.565452575684 499.713069915771 420.90299987793 279.605209350586 287.425880432129 328.02513885498 395.461093068123 310.798110961914 439.2561378479 258.621429443359 412.975589752197 666.176467895508 435.318984985352 303.20930480957 405.023123264313 248.528717041016 489.734069824219 534.728286743164 419.96208190918 353.398651123047 380.008708953857 399.942274093628 393.477964401245 372.384647369385 422.227527618408 411.990118026733 365.770385742188
557.268943786621 490.713798046112 536.392151355743 629.364612579346 614.443504333496 623.952877044678 504.985807418823 419.974914550781 554.668724060059 393.132888793945 480.784248352051 542.647068023682 365.670040130615 353.528472900391 269.550704956055 473.62813949585 631.278289794922 523.524780273438 525.977210998535 432.537559509277 423.232767105103 364.277099609375 442.350513458252 717.252510070801 650.395568847656 531.56672668457 306.272659301758 326.218845367432 470.33097076416 517.799880981445 493.433387756348 519.059936523438 488.648315429688 435.721899032593 506.539260864258 508.519424438477 243.005706787109 386.766821861267 326.951728820801 382.296132564545 443.899467468262 414.480563879013 515.822074890137 400.764123916626 457.762897491455 268.998718261719 469.31600189209 411.163939476013 429.506475448608 349.944633483887
685.086845397949 1086.24929046631 529.454908370972 618.028511047363 509.372665405273 615.723007202148 607.55126953125 522.310680389404 468.27195930481 529.97151184082 370.966758728027 485.446235656738 506.066375732422 459.771327972412 373.066074371338 555.872970581055 527.113510131836 469.921901702881 529.253318786621 539.695526123047 546.733345031738 422.248344421387 518.931282043457 513.890533447266 420.749669075012 310.229309082031 353.455320358276 458.359466552734 416.759834289551 522.575706481934 428.988399505615 503.34147644043 433.407228469849 388.92476940155 501.812805175781 302.745567321777 294.577865600586 418.142890930176 306.948173522949 457.660659790039 489.274864196777 453.853439331055 555.76887512207 537.283798217773 359.90539932251 395.640258789062 389.557708740234 491.847255706787 463.117025375366 444.703416347504
378.416320800781 640.817378997803 506.134971618652 672.801473617554 472.755077362061 651.44514465332 437.639957427979 496.515844345093 391.771938323975 560.203231811523 541.564727783203 321.582984924316 315.106300354004 393.003932952881 591.800415039062 442.994647979736 502.84578704834 473.422424316406 448.63716506958 298.301651000977 506.562644958496 451.962530136108 611.203506469727 408.136539459229 491.439384460449 264.295921325684 313.491847991943 315.333404541016 227.302307128906 387.607141494751 408.671413421631 398.117364883423 322.10910987854 296.739942550659 394.724387168884 384.923254966736 333.134696960449 374.368494033813 470.442291259766 484.58992767334 536.556304931641 439.14549446106 479.237907409668 371.5715675354 426.433928489685 401.4983253479 442.010738372803 404.477993011475 364.017097473145 301.221954345703
608.867454528809 505.330755233765 812.16862487793 500.14928817749 692.348411560059 525.907981872559 677.321319580078 504.015804290771 381.945919036865 351.04020690918 464.001523971558 397.036994457245 232.60090637207 431.750471115112 554.471954345703 439.48405456543 535.245422363281 157.82243347168 427.18806552887 301.403373718262 456.361595153809 566.029403686523 474.859397888184 420.659278869629 501.692581176758 356.264282226562 262.872756958008 281.320903778076 560.675094604492 312.093612670898 254.16911315918 295.841537475586 261.492950439453 303.204231262207 323.93773651123 393.931427001953 251.12572479248 121.579406738281 354.890586853027 401.488010406494 449.098442077637 466.655239105225 405.678644180298 378.631820678711 404.901681900024 367.402359008789 394.011350631714 287.210540771484 318.740455627441 331.800178527832
467.263957977295 495.824172973633 836.499130249023 635.685497283936 674.725845336914 535.042816162109 633.175415039062 538.749923706055 494.418525695801 678.748336791992 420.151466369629 470.101020812988 430.804164886475 434.426502227783 338.831336975098 360.321170806885 423.43074798584 408.610146760941 496.337821960449 471.7626953125 539.788650512695 365.899674415588 314.016228675842 334.736653327942 562.343948364258 351.747256278992 437.922088623047 222.145584106445 392.50271987915 430.202049255371 446.336128234863 398.902229309082 368.997022628784 368.02377986908 360.681844711304 352.234046936035 344.544368743896 237.741500854492 275.382392883301 303.733589172363 314.098205566406 494.584373474121 464.411117553711 519.325614929199 527.587097167969 307.665740966797 540.78443145752 174.753082275391 273.709091186523 549.233131408691
575.04415512085 451.495681762695 690.164123535156 695.185165405273 625.819759368896 660.423156738281 499.690029144287 467.952513694763 542.905433654785 522.894981384277 436.280815124512 427.831722259521 461.458740234375 394.723712921143 406.562393665314 352.413333892822 276.206420898438 550.349174499512 424.016506195068 450.669597625732 292.521701812744 417.813919067383 374.82043838501 401.389720916748 327.817472457886 446.346961975098 452.928321838379 279.018836975098 272.166549682617 305.610191345215 396.038261413574 434.520088195801 388.207980155945 408.216180801392 396.541608810425 533.223892211914 292.527008056641 277.28825378418 360.239910125732 315.392539978027 398.400922298431 355.559036254883 300.323371887207 254.696319580078 413.562124729156 285.9677734375 451.234869003296 273.325485229492 484.097694396973 409.923931121826
388.709381103516 671.470680236816 657.508056640625 632.010807037354 656.447458744049 661.341605424881 600.115955352783 550.583168029785 490.133514404297 446.821246147156 449.934749603271 487.392883300781 573.040832519531 601.692276000977 373.384350299835 482.559112548828 429.721820831299 528.89379119873 499.689613342285 413.013878822327 412.107093811035 247.307113647461 417.811668395996 348.488296508789 302.85164642334 361.218457698822 150.637985229492 450.488983154297 225.870223999023 320.207874298096 368.239548683167 301.046257019043 316.668434143066 319.266929626465 399.806625366211 457.054321289062 284.001266479492 381.816473960876 561.612442016602 328.81615447998 391.750412940979 404.250477790833 281.064384460449 428.500699996948 599.600860595703 503.394943237305 489.179069519043 332.902526855469 311.901718139648 314.151275634766
406.57218170166 615.546905517578 591.577835083008 555.093193054199 588.518653869629 740.575424194336 739.764633178711 642.219009399414 611.68717956543 457.742134094238 447.14860534668 277.14501953125 403.194858551025 458.419887542725 407.346643447876 490.905025482178 457.331394195557 469.527618408203 452.025188446045 406.289134979248 410.690812826157 329.188003540039 274.515747070312 372.355299472809 327.941123962402 402.047073364258 340.710530281067 283.712295532227 425.18505859375 315.205284118652 335.344913482666 359.961993455887 428.180828094482 304.816566467285 483.676780700684 401.980646133423 419.570917129517 568.735900878906 393.318351268768 492.723651885986 617.60237121582 387.741306304932 421.764446258545 334.755035400391 433.867290258408 503.70418548584 400.588457107544 442.942547798157 462.756719589233 330.970108032227
619.59895324707 524.963520050049 672.333877563477 681.758544921875 513.461372375488 753.093620300293 503.339485168457 641.646957397461 571.601188659668 613.809356689453 535.58031463623 425.380065917969 439.619365692139 377.3846616745 385.171225547791 328.700210571289 450.691459655762 331.638641357422 585.810180664062 519.111038208008 405.786487579346 288.006671905518 407.038682937622 443.935417175293 291.630378723145 448.651580810547 628.799072265625 409.570724487305 461.148742675781 282.681060791016 365.72793674469 445.337913513184 383.948169708252 399.248666763306 286.145011901855 332.352279663086 464.310791015625 375.227411270142 338.903335571289 402.672122955322 440.610813140869 552.473686218262 354.229610443115 485.545684814453 455.269824981689 425.868030548096 270.106979370117 239.575942993164 354.314514160156 280.718338012695
652.97208404541 434.288871765137 512.435894012451 564.978848934174 505.380527496338 610.924942016602 515.037887573242 516.855991363525 530.415977478027 514.039894104004 526.973205566406 608.573669433594 315.313842773438 447.153198242188 429.238433837891 385.580780982971 466.175086975098 225.585830688477 425.479942321777 438.276287078857 269.597213745117 469.287948608398 328.513076782227 489.49934387207 315.653335571289 343.472602844238 314.237808227539 454.172805786133 202.453094482422 436.581150054932 221.628540039062 390.210886001587 334.022920608521 432.784812927246 449.789321899414 489.940864562988 341.726215362549 358.083984375 490.686401367188 492.058120727539 426.881631851196 338.315856933594 471.761135101318 228.724533081055 361.812019348145 292.099700927734 328.883605957031 329.287826538086 324.178176879883 369.190956115723
570.100917816162 502.575006484985 517.807250976562 652.461360931396 627.536346435547 549.022399902344 497.762187957764 587.231781005859 522.488059997559 458.283554077148 436.504989624023 468.793930053711 389.06630897522 478.106689453125 328.440593719482 401.359731674194 234.71662902832 185.329086303711 436.97290802002 349.762537479401 242.667930603027 373.655090332031 476.289321899414 505.083992004395 560.348846435547 359.713966369629 323.276596069336 409.456747055054 269.866767883301 363.11342048645 293.296615600586 412.823181152344 390.829486846924 508.537147521973 400.676105499268 505.625076293945 411.965518951416 408.719048500061 448.518493652344 509.27254486084 395.644456863403 428.640526294708 597.627578735352 492.262832641602 486.155364990234 480.31799697876 425.471061229706 449.314300537109 538.646865844727 452.433238983154
573.279618263245 477.641090393066 438.609260559082 710.277130126953 385.293663024902 444.996765136719 523.394676208496 489.985679626465 492.732879638672 373.238498687744 432.849416732788 495.625602722168 420.598838806152 228.332977294922 334.837238311768 316.167854309082 261.646919250488 346.694566726685 565.514739990234 397.316036224365 428.192722320557 452.681694030762 274.443298339844 466.185050964355 426.281852722168 375.805762290955 448.38257598877 480.560516357422 433.276611328125 529.157424926758 323.72110748291 556.771759033203 462.849075317383 552.091445922852 584.548263549805 480.247409820557 457.603218078613 248.370971679688 514.254875183105 478.595706939697 470.213214874268 430.206780195236 466.269723892212 541.823135375977 538.924018859863 465.789417266846 577.217971801758 485.769775390625 510.778163909912 433.894978761673
