export/dem/dem34.asc
NCOLS 350
NROWS 171
XLLCORNER 152620
YLLCORNER 418050
CELLSIZE 100
NODATA_VALUE -9999
[rows 22 to 43 of 171, columns 100 to 149 of 350]
477.085784912109 522.199947357178 525.790225982666 453.470138549805 510.745529174805 557.585662841797 741.561652421951 670.192613601685 701.264293670654 657.9052734375 881.766452789307 770.53980255127 508.336624145508 942.984741210938 647.347389221191 437.861389160156 570.640411376953 628.92903137207 712.742074012756 503.453735351562 1032.76601409912 721.867095947266 400.265502929688 498.773803710938 516.440940856934 328.725646972656 377.109039306641 330.767318725586 494.783477783203 502.071327209473 501.709289550781 750.27880859375 618.111686706543 489.673568725586 454.084823608398 636.622903823853 669.970611572266 446.603561401367 705.533622741699 661.132702350616 672.436389923096 616.164089202881 557.213745117188 704.291763305664 723.387542724609 696.174980163574 647.951496124268 692.351043701172 603.322196006775 639.753295183182
495.121566772461 531.694675445557 526.410449981689 495.64990234375 626.139392852783 713.290252685547 490.702819824219 442.833953857422 630.234878540039 594.249374389648 1674.15528106689 617.112266540527 575.277496337891 1151.45635604858 417.757797241211 538.620193481445 949.411468505859 562.935699462891 605.26416015625 403.699920654297 922.58618927002 528.215202331543 982.105895996094 1049.92181396484 419.242065429688 575.79621887207 409.814346313477 599.7179479599 541.514228820801 596.846710205078 602.738070964813 576.1859998703 568.931243896484 623.695001602173 617.75576043129 514.978057861328 487.765319824219 570.930202484131 594.212255477905 677.957550048828 542.678810119629 650.778150558472 567.370277404785 664.737770080566 504.642868041992 628.670318603516 578.27515411377 735.195098876953 726.669769287109 512.084854125977
407.861434936523 486.735935211182 520.505111694336 673.391082763672 576.790145874023 811.435668945312 497.764068603516 621.750228881836 638.356919288635 595.913581848145 708.675673484802 1123.30629348755 760.106390535831 729.951034545898 480.877075195312 706.375877380371 528.531585693359 610.678163528442 588.89990234375 729.830474853516 912.537666320801 502.550643920898 407.686492919922 465.263305664062 626.69108581543 469.219146728516 472.45059967041 422.348083496094 507.115364074707 630.136390686035 479.078704833984 417.610656738281 460.971694946289 684.847415924072 690.282092094421 645.22101020813 480.498794555664 611.560863494873 577.3596534729 745.849632263184 573.386966705322 591.463092803955 474.854049682617 665.174297332764 609.727027893066 546.354797363281 683.377876281738 504.302505493164 569.367705345154 774.523986816406
581.595960617065 611.787883758545 611.277381896973 540.508056640625 483.305572509766 604.275115966797 784.950057983398 929.803161621094 581.369895935059 961.698123931885 973.997289657593 895.957595825195 1004.04414367676 835.758079528809 598.334106445312 979.086456298828 543.900970458984 501.654647827148 500.281513214111 743.617149353027 1470.14625549316 439.835342407227 612.664447903633 466.632736206055 540.903533935547 480.481513977051 463.770942687988 502.742832183838 455.047187805176 585.289073944092 512.529754638672 652.884017944336 541.392944335938 802.324748039246 604.167778015137 759.896263122559 520.787414550781 583.285590171814 663.991798400879 856.423400878906 563.307411193848 500.109001159668 562.322442054749 595.23397064209 609.034297943115 645.758754730225 456.685234069824 447.676513671875 522.527313232422 570.016163825989
629.821464538574 464.096649169922 689.623291015625 576.245471954346 690.075180053711 487.699554443359 496.578720092773 709.830963134766 1161.71078252792 764.243022918701 747.871454119682 774.218742370605 824.862770080566 597.354057312012 932.322067260742 985.281080245972 590.354103088379 558.872253417969 685.659744262695 558.494441986084 1016.4792175293 651.147384643555 664.337844848633 500.314033508301 546.263027191162 502.392776489258 613.642587661743 441.988273620605 589.815494537354 648.940406799316 519.091537475586 638.620109558105 790.33332824707 660.721122741699 707.510185241699 521.256317138672 570.990043640137 439.432418823242 588.401567459106 650.739065647125 666.095039367676 573.361730575562 561.241223812103 561.891653060913 572.428217798471 654.990779876709 447.795593261719 485.745223999023 542.422254562378 614.457618713379
432.847328186035 588.701838493347 474.992301940918 661.54833984375 1097.89717102051 1263.07830810547 767.021820068359 664.169445037842 646.218448638916 845.36784362793 883.746658325195 783.973239421844 605.11296081543 449.26953125 399.334381103516 1065.99030303955 1301.61817169189 391.771575927734 650.756782531738 796.66431427002 520.483268737793 549.590805053711 528.437858581543 394.077758789062 647.152389526367 579.735553741455 673.382720947266 422.442680358887 521.654731750488 480.69181060791 499.526470184326 458.52970123291 656.641761779785 463.949592590332 586.738612174988 681.68310546875 697.613693237305 542.705238342285 545.375217437744 557.994579315186 675.556030273438 490.768577575684 624.384750366211 625.32006072998 572.698820114136 494.031242370605 422.946380615234 737.81037902832 440.328536987305 634.465522766113
538.335444450378 941.092601299286 582.506721496582 634.601678848267 424.818923950195 504.865219116211 507.152862548828 607.794193267822 774.356342315674 632.899728775024 915.846851348877 757.322284698486 537.095508575439 683.165412902832 798.267578125 462.364807128906 572.179191589355 878.844436645508 1099.96621704102 505.724739074707 532.204689025879 625.342487335205 482.955718994141 518.309803009033 633.567199707031 636.342998504639 633.956893920898 552.940196990967 330.703155517578 464.883659362793 431.632400512695 555.800539016724 582.485049247742 602.395641326904 608.320915222168 669.871459960938 572.620761871338 824.019409179688 608.081130981445 681.731536865234 613.329448699951 522.137706756592 509.562196731567 410.207260131836 527.448825836182 328.301940917969 450.92951965332 401.781036376953 519.152339935303 546.903345108032
456.70588684082 616.370918273926 481.186195373535 491.651443481445 441.080261230469 392.016799926758 528.112415313721 368.27685546875 739.86759185791 698.339286804199 906.000190734863 568.49284362793 783.989813804626 945.653118133545 778.523818969727 499.81477355957 395.996276855469 531.667671203613 459.748825073242 419.036598205566 452.954055786133 385.922897338867 582.998554229736 629.280014038086 422.70768737793 615.15053653717 547.556146621704 429.489677429199 500.735761642456 464.197345733643 465.221530914307 500.315963745117 297.413040161133 440.942443847656 553.13549041748 562.144397735596 591.371490478516 591.192230224609 568.716875076294 705.057571411133 694.758209228516 563.465034604073 762.201507568359 630.838890075684 536.481488227844 509.686195373535 477.748321533203 385.047744750977 506.028697967529 470.721069335938
851.424699306488 334.410430908203 465.346355438232 554.46647644043 655.821556091309 447.641891479492 645.882484436035 632.933469772339 577.048324584961 714.136291503906 647.931190490723 644.786880493164 380.631164550781 734.871719360352 389.484649658203 844.538116455078 493.57878112793 565.589698791504 577.460237503052 436.939918518066 518.799507141113 529.501922607422 358.292770385742 580.04354763031 777.564186096191 1650.75046539307 438.663124084473 523.198884963989 566.263263702393 403.848876953125 678.90657043457 567.895160675049 603.512435913086 495.002569198608 596.528076171875 517.369778633118 492.395662307739 729.018890380859 587.069910049438 568.151271820068 626.57723236084 468.244491577148 654.382316589355 515.600433349609 627.283500671387 540.962869167328 517.934478759766 494.810840606689 546.708613872528 485.898330688477
489.431903839111 535.442291259766 439.341079711914 431.211563110352 1272.80528068542 538.262163162231 644.878017425537 437.824447631836 688.307006835938 479.026351928711 607.596529006958 738.664978027344 505.247116088867 468.371810913086 501.535057067871 645.247436523438 591.435112476349 482.36568069458 452.709251403809 532.878990411758 664.129180908203 429.937362670898 379.903350830078 450.647567749023 507.933483123779 577.010620117188 482.867733001709 509.652575016022 635.197563171387 391.465950012207 515.92974281311 518.2155418396 425.903190612793 436.434455871582 622.711402893066 542.82544708252 538.314939498901 520.363662719727 501.777200698853 544.905585289001 709.633590698242 563.968730926514 477.179668426514 468.232070922852 668.731475830078 476.395729064941 671.084747314453 727.015808105469 622.853584289551 501.098739624023
432.226921081543 463.716152191162 571.053367614746 424.950057983398 619.092554092407 440.741180419922 476.759822845459 1095.47655487061 956.487243652344 549.098686218262 511.427059173584 613.714054107666 691.541355133057 545.20096206665 570.934410095215 507.51974105835 556.306419372559 537.550135612488 662.300407409668 421.502334594727 605.12487411499 519.92232131958 596.412826538086 478.268920898438 488.338218688965 444.080240249634 417.64429473877 635.507942199707 703.528381347656 562.156299591064 619.781173706055 488.342365264893 392.691429138184 537.226526260376 601.435005187988 656.190505981445 533.89573764801 482.137580871582 504.84338092804 638.815170288086 687.572952270508 500.776649475098 348.312240600586 567.682420730591 653.943008422852 565.576551437378 550.874380111694 541.908622741699 534.685874462128 583.897674560547
467.118005752563 462.20764541626 537.584732055664 509.467753410339 377.037895202637 399.502418518066 384.479301452637 482.287021636963 731.968441009521 472.163787841797 527.794448852539 483.591762542725 570.760437011719 890.60982131958 492.368804931641 498.58596777916 439.437980651855 699.072494506836 641.974914550781 577.173797607422 596.066051483154 460.515148162842 538.576555252075 537.945018768311 569.202499389648 301.04084777832 443.283138275146 538.452257156372 608.542625427246 577.191421508789 656.616180419922 500.0774269104 625.575386047363 571.154682159424 463.938152313232 610.36270904541 571.496795654297 569.694282531738 687.318695068359 626.103012084961 448.235607147217 530.522805213928 511.848918914795 631.030181884766 551.543008804321 498.743350982666 607.747207641602 552.779477834702 799.298126220703 559.002862930298
523.073974609375 462.36137008667 503.766363143921 465.156779289246 456.013095855713 620.751647949219 469.882843017578 464.950313568115 301.643768310547 537.062255859375 446.370964050293 466.140937805176 394.512298583984 532.619508743286 456.470287322998 447.189479827881 403.428291320801 468.320724487305 591.539588928223 601.797180175781 598.860679626465 629.214683532715 496.6004114151 547.044498443604 709.750244140625 510.046810150146 530.646064758301 582.855415344238 621.658157348633 598.696624755859 652.314208984375 492.357101917267 528.7428855896 557.509437561035 587.797256469727 590.468605041504 521.004663467407 582.994239807129 559.948169708252 599.198356628418 620.203605651855 569.701229095459 625.837417602539 635.741394042969 639.989189147949 682.456970214844 610.087036132812 630.849624633789 572.435125350952 486.116073608398
394.028091430664 432.212257385254 448.427440643311 491.297081947327 443.18436050415 483.02972984314 521.50449180603 514.584329605103 520.429220199585 657.046310424805 668.649955749512 423.44482421875 492.530254364014 578.864730834961 561.079677581787 431.30171585083 401.831535339355 379.632202148438 428.271076202393 433.640995025635 497.062819480896 494.168502807617 530.155923843384 406.418846130371 629.991806030273 528.811149597168 413.842952728271 605.032897949219 640.928207397461 604.530342102051 640.444076538086 537.796337127686 385.846008300781 437.535747528076 748.885604858398 473.710956573486 564.601692199707 526.898170471191 468.470357894897 624.258460998535 655.991058349609 526.692321777344 605.596298217773 652.327758789062 529.686094284058 789.184753417969 606.776626586914 568.86224937439 688.348007202148 581.870796203613
529.055210113525 572.488861083984 461.013860702515 512.878974914551 376.554000854492 559.825805664062 469.996467590332 628.406288146973 470.985687255859 403.411323547363 566.981384277344 597.873275756836 510.230049133301 643.44563293457 459.077922821045 308.787826538086 466.296110153198 329.674880981445 562.480964660645 445.834659576416 283.038818359375 477.992223262787 535.447864532471 667.753463745117 470.269580364227 484.099915504456 509.133060455322 496.409072875977 485.277732372284 472.100950241089 570.426261901855 501.102308273315 407.617317199707 559.157257080078 557.188629150391 526.790521621704 516.824686050415 468.35986328125 480.851721763611 545.985246658325 485.314795255661 672.105987548828 593.606491088867 418.344276428223 529.111061096191 511.791276931763 467.743240356445 553.059673309326 640.662734985352 539.307336807251
433.119438171387 467.426262378693 492.557306289673 507.170967102051 505.435441970825 431.674949645996 459.705364227295 626.140579223633 490.06276845932 672.647430419922 446.280879974365 553.687339782715 495.835411071777 398.449211120605 542.943920135498 537.725830078125 458.556915283203 367.558670043945 431.602277755737 516.434406280518 302.409255981445 516.558280944824 391.912425994873 469.359378278255 443.642475128174 552.744369506836 448.852109909058 444.197241783142 520.139793395996 509.483379364014 413.188320159912 492.598879814148 428.1506690979 478.710299491882 500.906568527222 511.939374923706 369.608558654785 562.328727722168 785.296936035156 594.450073242188 613.86109161377 598.726852416992 643.103469848633 575.073741912842 388.334846496582 555.284227371216 493.235694885254 596.815063476562 482.049751281738 658.030303955078
342.533264160156 457.671027183533 438.537565231323 416.161003112793 516.859069824219 526.928810119629 621.713661193848 459.675703048706 719.423477172852 517.104377746582 460.450755119324 533.6208152771 551.758827209473 380.399810791016 442.975853919983 367.937927246094 411.65375328064 354.181297302246 340.476547241211 496.886598587036 249.595138549805 379.883003234863 548.183280944824 550.408081054688 541.169570922852 525.486385345459 577.023399353027 356.305450439453 496.514430999756 434.079196929932 401.093414306641 612.981582641602 533.123134613037 529.465797424316 418.726039886475 442.050552368164 519.707317352295 515.356954574585 633.264038085938 616.440124511719 635.941146850586 440.398658752441 536.896196365356 700.652725219727 485.129241943359 506.170220375061 505.148433685303 440.671508789062 525.738452911377 651.818214416504
412.502727508545 487.099262237549 337.66039276123 344.001983642578 532.922088623047 525.624908447266 488.720752716064 461.206852436066 609.323120117188 509.053321838379 446.783964157104 438.967842102051 456.777509689331 601.942291259766 490.986951828003 585.317367553711 552.480331420898 410.936780929565 418.890995025635 477.203568935394 459.059482693672 490.031867980957 419.712310791016 556.656280517578 649.043106079102 461.795065879822 559.436080932617 605.819671630859 580.597114562988 574.775337219238 433.282497406006 594.834716796875 485.8294672966 525.437419891357 485.862582206726 648.251647949219 530.453643798828 539.427715301514 556.925563812256 631.572082519531 498.096148490906 606.58390045166 607.127540588379 592.706344604492 458.831523895264 437.47583770752 611.273277282715 599.382209777832 488.899257659912 639.029830932617
412.802700042725 394.749412536621 453.6302318573 430.413599014282 503.786083221436 518.652183532715 429.309131622314 480.236877441406 567.638427734375 452.281826019287 441.576700210571 506.325220108032 598.264556884766 450.674322128296 596.714279174805 499.120567321777 499.625326156616 474.603204727173 552.906173706055 383.207710266113 301.266494750977 543.905620574951 540.317604064941 595.934326171875 614.264755249023 478.258583068848 450.043502807617 539.03532409668 490.349700927734 509.111186981201 479.150060653687 692.328857421875 516.499248504639 436.162845611572 462.841636180878 357.640777587891 564.311874389648 624.941864013672 676.129013061523 524.694591522217 485.007766723633 669.892593383789 560.552558898926 636.708450317383 459.928237915039 535.515285491943 531.078123569489 607.631664276123 550.511577606201 605.736366271973
456.40574836731 360.142562866211 434.674586296082 406.965356826782 641.29280090332 513.479412078857 470.541048765182 511.819305419922 420.361125946045 609.657775878906 479.58650970459 431.210083007812 448.360553741455 388.369354248047 429.389511108398 572.426742553711 601.95581817627 404.559181213379 323.768951416016 461.985307693481 343.463439941406 528.931762695312 524.47883605957 659.918716430664 534.552993774414 411.508483886719 535.515029907227 496.055310249329 446.300134658813 626.907333374023 600.442398071289 599.310241699219 423.439254760742 500.673181533813 453.164761543274 718.192199707031 588.601119995117 543.464553833008 515.45764541626 592.726425170898 625.328369140625 509.1383061409 548.343338012695 578.517250061035 420.224578857422 540.933720111847 523.836289405823 554.321598052979 580.767978668213 512.352268218994
350.96044921875 352.875099182129 425.203340530396 371.544467926025 488.455722808838 452.896782875061 630.073989868164 585.489608764648 467.61217212677 477.801147460938 617.266159057617 347.672096252441 577.64672088623 504.804523468018 649.408386230469 519.536571502686 436.376399993896 519.711936950684 417.492908477783 417.969596862793 493.404135704041 493.977212905884 617.353149414062 485.939839795232 521.94713973999 459.983609199524 484.308706283569 642.933227539062 516.441287994385 487.819292783737 606.688606262207 486.932002067566 511.86865234375 430.609783172607 436.776908874512 567.77619934082 499.467723369598 632.586486816406 558.779205322266 551.058322906494 503.506209015846 507.419971466064 630.607620239258 599.183986663818 509.32948744297 616.774787902832 542.080112457275 460.34139251709 601.290573120117 663.641189575195
487.634050369263 462.958263397217 558.23575592041 388.73681640625 514.755779266357 561.212142944336 478.822151184082 417.340353012085 548.232353210449 512.31468963623 361.763381958008 550.072471618652 560.15650177002 468.930930137634 443.453212738037 518.622951507568 775.765716552734 386.822715759277 508.033500671387 460.942949295044 438.788967132568 476.409837722778 519.343862533569 470.503400802612 465.749017715454 435.936676025391 576.9345703125 529.677473068237 515.746517181396 539.546188354492 592.470664978027 474.809144973755 601.181053161621 535.360767364502 361.796401977539 427.224765777588 553.885665893555 645.514373779297 615.462783813477 551.671222686768 662.331207275391 611.064323425293 600.662673950195 674.721786499023 552.919578552246 641.154602050781 490.889944076538 410.735733032227 562.005393981934 500.806564331055
