export/dem/dem38.asc
NCOLS 350
NROWS 171
XLLCORNER 152620
YLLCORNER 418050
CELLSIZE 100
NODATA_VALUE -9999
[rows 88 to 109 of 171, columns 200 to 249 of 350]
823.342247009277 609.408935546875 719.275886535645 572.99772644043 566.2421875 412.706115722656 701.864223480225 690.31033706665 652.048961639404 586.89714050293 737.268981933594 819.54557800293 787.86572265625 729.588470458984 656.211621642113 601.441410064697 631.052295684814 763.436729431152 585.324264526367 580.479454040527 672.441452026367 757.574203491211 694.665504455566 557.564895629883 691.291780471802 727.291072845459 811.175216674805 744.367004394531 542.983909606934 674.834916353226 658.063044309616 695.108512878418 649.602828025818 699.007568359375 727.815940856934 666.866096496582 611.744218826294 608.78465461731 746.068134307861 790.29736328125 768.101524353027 809.156876564026 840.880353927612 974.042190551758 793.779067993164 875.095092773438 904.685592651367 990.171504974365 896.646064758301 844.935309410095
679.125311374664 587.676452636719 645.684638977051 669.195648670197 538.116683959961 510.619781494141 551.281806945801 680.193237304688 613.06127166748 593.487003326416 666.308670043945 582.434013366699 643.646248817444 747.501487731934 575.801223754883 512.610649108887 697.507793426514 827.389404296875 668.773898124695 586.1474609375 511.462219238281 652.778834342957 756.832702636719 788.393432617188 730.617092132568 701.259510040283 797.350952148438 765.253273010254 447.367050170898 536.659042358398 655.299560546875 516.927673339844 594.68856048584 757.878547668457 789.234954833984 798.943145751953 494.02840423584 572.888530731201 582.213035583496 689.257732391357 718.953392982483 828.921878814697 614.685806274414 698.974090576172 899.372581481934 580.819961547852 745.185722351074 923.800815582275 1130.6989364624 854.156837463379
622.365135192871 950.281707763672 689.060343742371 836.3125 594.187473297119 643.620096206665 663.49577331543 721.233810424805 555.781265258789 604.739189147949 572.148109436035 585.531471252441 614.535801887512 681.708003997803 824.730895996094 474.378707885742 597.656692504883 525.375267028809 572.25577545166 645.383109092712 706.643768310547 755.574043273926 599.15803527832 606.711463928223 649.029777526855 653.507431030273 647.549758911133 655.51145362854 678.052978992462 499.863479614258 581.352233886719 661.638656616211 648.725303649902 663.356872558594 602.356479644775 620.378377914429 699.119964599609 571.930114746094 654.297904968262 684.260570526123 774.867076873779 862.594665527344 844.603797912598 872.15221118927 743.182071685791 696.441316127777 777.945789337158 977.671821594238 900.229734420776 836.268514633179
454.047645568848 495.973106384277 652.549079656601 633.399829864502 674.757012367249 659.761969566345 632.020488739014 600.772636413574 523.059715270996 602.174137115479 522.185920715332 535.068054199219 642.60852432251 557.318031311035 615.334936141968 562.526268005371 692.678119659424 548.639923095703 714.336280822754 656.13768529892 528.047721862793 751.89754486084 749.427558898926 750.487350463867 772.639152526855 783.404708862305 783.798606872559 618.760261535645 678.980374336243 520.386810302734 699.155799865723 781.583248138428 663.89030456543 683.336822509766 579.376312255859 710.082328796387 725.640319824219 696.574794769287 543.511749267578 661.301155090332 793.200653076172 775.582218170166 721.472114562988 929.488739013672 747.716355800629 671.165621757507 635.623149871826 739.239273071289 835.596572875977 778.680046081543
634.520729064941 555.231346130371 545.480979919434 494.372276306152 689.538026809692 546.246192932129 612.792623519897 588.57642364502 636.389614105225 701.509483337402 480.829711914062 575.411651611328 577.82133102417 718.733001708984 635.145653963089 691.374073028564 670.858467102051 676.998106002808 636.891334533691 692.945739746094 702.197143554688 561.962127685547 717.554000854492 668.421947479248 634.764064788818 609.200035095215 903.453170776367 689.703369140625 665.043812096119 548.147003173828 700.35956287384 686.411224365234 742.921951293945 706.230567932129 581.411979675293 596.298599243164 683.703418731689 598.735069274902 630.187942504883 636.424278259277 706.753227233887 793.13200378418 539.544143676758 820.29988861084 675.50851726532 728.009101867676 674.541145324707 690.227733612061 664.486907958984 1020.39785766602
683.39181137085 646.310920715332 782.677654266357 660.300104141235 308.936218261719 1098.9843711853 562.945579528809 675.806652069092 685.38790512085 708.912002563477 645.486110687256 706.691040039062 470.068496704102 641.339014053345 686.483192443848 643.469672203064 602.824256896973 618.031269073486 723.207626342773 834.320770263672 584.167087554932 580.022419929504 623.175559997559 668.804580688477 613.753036499023 563.056053161621 767.16003036499 640.411468505859 592.582794189453 642.364238739014 503.073989868164 757.598648071289 810.933506011963 863.457153320312 606.389419555664 712.680191040039 516.495788574219 621.174850463867 741.56086730957 661.227806091309 571.562171936035 507.826156616211 664.093601226807 610.26407623291 695.811157226562 689.904118537903 739.375179290771 738.306213378906 822.847359657288 721.890113830566
700.576915740967 737.626934051514 731.898370742798 638.204643249512 519.568946838379 690.582652568817 882.203857421875 735.901077270508 707.862022399902 641.151043176651 684.011161804199 532.753211975098 609.942591667175 670.73392868042 760.677474975586 725.072441101074 805.915710449219 641.398635149002 701.963584899902 710.975254058838 670.99027633667 724.23405456543 687.756408691406 780.096199035645 690.73445892334 725.333305358887 579.455223083496 531.69123840332 690.840156555176 614.67866897583 468.888305664062 761.820819854736 668.700885772705 673.900411605835 667.313591003418 758.963687896729 689.134605407715 789.755447387695 674.841594696045 710.451169967651 723.97599697113 629.319389343262 490.911346435547 585.199821472168 493.547958374023 735.018837451935 698.036573410034 726.460609436035 673.728496551514 872.863510131836
767.87850189209 698.67115020752 745.632326126099 628.849746704102 652.330604553223 526.414054870605 720.720970153809 752.473976135254 852.29817199707 746.729545593262 573.559410095215 692.510212898254 690.61519241333 681.948974609375 634.500324487686 761.455154418945 732.303283691406 598.693111419678 530.456954956055 773.486572265625 564.977432250977 679.169877052307 764.717956542969 595.380486965179 667.161281585693 699.633489608765 567.50887298584 674.576629638672 671.445966124535 546.603744506836 711.022911071777 671.861133575439 682.621621608734 660.89627456665 973.041809082031 793.313866615295 816.640227794647 661.942417144775 698.80163192749 565.282791137695 633.309341430664 509.959854125977 593.695983886719 588.382415771484 684.282485961914 703.559989929199 663.314413070679 829.851150512695 657.832672119141 592.472007751465
651.96467590332 803.413604736328 646.358535766602 702.456653594971 709.069561004639 680.210552215576 514.217987060547 559.342041015625 686.071083068848 607.673774719238 716.808921813965 825.223861694336 536.696182250977 661.723327636719 772.631729125977 515.547660827637 667.286731719971 595.494947433472 658.165099143982 651.600467562675 662.714333534241 762.094924926758 627.516616821289 733.376384735107 583.461265563965 508.185478210449 666.378957748413 650.314884185791 670.101470947266 629.494888305664 613.573692321777 516.606872558594 623.742305755615 527.671020507812 677.331815719604 830.248470306396 743.553485870361 673.339260101318 618.563514709473 588.936836242676 645.528900146484 581.050689697266 602.25358581543 604.326202392578 704.623950958252 846.953704833984 747.867763519287 623.15650177002 549.508712768555 555.364791870117
585.194760322571 682.001140594482 622.18229675293 811.594818115234 632.942794799805 688.407360076904 458.739395141602 931.087562561035 508.180419921875 702.141712188721 515.90950012207 691.209754943848 602.173133850098 652.143501758575 631.544648170471 745.895889282227 533.312896728516 622.698870658875 612.607334136963 571.482437133789 775.352203369141 675.309475064278 559.431983947754 665.706911087036 580.896583557129 712.476442337036 575.348167419434 590.473930358887 599.537124633789 636.537414908409 726.443031311035 588.630500793457 496.134140014648 471.756256103516 643.388618469238 695.54811629653 546.613906860352 714.980476379395 610.783271789551 582.070907592773 663.109481811523 534.536087036133 624.500358581543 516.327514648438 778.110301971436 676.382637023926 637.103790283203 519.577774047852 870.319580078125 562.580551147461
649.641387939453 542.210947036743 786.721290588379 746.595998287201 594.268447875977 717.629917144775 570.135848999023 717.875801086426 524.246765136719 716.348773956299 656.836162567139 492.906402587891 701.254981994629 622.547817230225 400.600433349609 503.301567077637 631.267241001129 603.032596588135 466.065307617188 553.152519226074 559.888763427734 595.731819152832 644.548958301544 571.585876464844 809.841117858887 638.677276611328 706.347770690918 519.718414306641 620.788375854492 488.743698120117 620.089141845703 753.030555725098 527.644348144531 705.785457611084 567.507583618164 701.805747509003 541.596153259277 697.099950790405 645.940998077393 712.181873321533 660.562958240509 455.331909179688 528.22151184082 606.321601867676 637.744995117188 746.535499572754 674.197250366211 800.29613494873 847.508285522461 843.172763824463
778.127292633057 574.181621551514 664.702079772949 703.691032409668 781.926750183105 871.261665344238 754.227149963379 658.345504760742 810.535097122192 620.61088180542 523.900161743164 661.092311859131 702.03173828125 626.240943908691 753.869857788086 651.53688955307 614.887920379639 669.066162109375 579.776752471924 610.917602539062 431.721771240234 677.003211975098 673.897789001465 611.534618377686 716.986045837402 699.742816925049 965.646602630615 768.551467895508 484.339859008789 512.658386230469 682.922563552856 570.700439453125 661.904794692993 544.606536865234 612.703899383545 687.471448898315 727.667589187622 553.001937866211 689.385919123888 624.260780334473 614.791130065918 677.160778045654 592.350677490234 644.437173843384 855.405395507812 722.274958133698 965.620666503906 950.811805725098 988.030310750008 994.558773040771
841.294719696045 736.359001159668 487.105484008789 710.70804977417 677.284378051758 907.891189575195 878.754043579102 772.350091934204 798.797088623047 671.25057220459 687.157238960266 713.791187286377 591.041778564453 613.593132019043 734.366922140121 742.938199996948 655.807363510132 708.634220123291 482.28173828125 482.491928100586 718.504501342773 454.313079833984 719.010848999023 971.148300170898 570.340400695801 664.05966758728 877.18864440918 725.622940063477 1123.29264068604 1277.01992034912 1283.85655212402 704.504602432251 347.756591796875 543.176605224609 532.962966918945 826.268399238586 745.526794433594 444.000564575195 652.436027526855 740.354907989502 848.980163574219 729.580899238586 816.413124084473 804.67268371582 1004.79819488525 1109.14073181152 1147.78851318359 899.177864074707 979.194915294647 692.919593811035
856.159004211426 672.104873657227 670.9478931427 738.559851646423 729.266780853271 781.089862823486 824.914794921875 917.697402954102 708.013423919678 1030.04695558548 648.86145401001 678.711650848389 540.348541259766 800.480712890625 690.431911468506 824.484046936035 636.112709999084 940.587127685547 630.701468467712 626.199742555618 821.286560058594 778.775772094727 636.143347263336 769.305366516113 587.264142990112 660.891403198242 700.142639160156 589.99235534668 622.448364257812 686.583341598511 591.395454406738 526.120986938477 490.115310668945 1244.52962493896 714.898803710938 695.699188232422 1106.80145263672 1088.51400852203 591.197021484375 777.109405517578 961.946632385254 706.998531341553 791.797824859619 800.735897064209 712.343788146973 831.052967071533 1005.38772583008 1021.81067657471 1398.14028549194 749.941660881042
773.870475769043 659.045593261719 808.946792602539 609.72908782959 730.78120803833 702.750762939453 760.751798629761 817.752567052841 699.387832641602 783.669319272041 1111.39534378052 679.00708770752 576.516098022461 645.808258056641 773.320846557617 850.805023193359 798.31468963623 784.557281494141 738.394523620605 687.230312347412 652.514945983887 694.165531158447 598.862716674805 635.371974945068 652.554138183594 486.942733764648 763.369895935059 551.512603759766 709.786777496338 521.056884765625 568.120780944824 583.754501342773 495.400512695312 545.818435668945 631.231590270996 546.061401367188 541.495429992676 901.658737182617 841.599151611328 651.22193145752 551.171157836914 680.89467048645 1117.43938446045 766.235095977783 1142.57370758057 801.357727050781 788.82088470459 822.418632507324 816.247299194336 806.738147735596
576.968505859375 655.885833740234 710.583473205566 684.502489089966 730.594163894653 669.058662414551 762.019274234772 727.531364440918 721.59130859375 1045.37854003906 809.365741729736 886.681499481201 799.896530151367 645.501218795776 690.035482406616 792.293464660645 715.270263671875 773.153968811035 809.423881530762 664.117614746094 560.953289031982 443.731826782227 449.978088378906 663.236637115479 782.628608703613 674.126693725586 654.260553359985 533.353973388672 460.320434570312 532.999526977539 603.511650085449 612.003707885742 479.778182983398 576.084602355957 676.262619018555 456.919174194336 907.091232299805 1030.90755939484 848.75284576416 575.729446411133 719.080227851868 856.36164855957 1091.13738155365 676.141395568848 905.979461669922 976.660446166992 640.979431152344 1022.91387176514 663.693389892578 1519.96385192871
-9999 624.811248779297 621.130851745605 591.258031845093 639.370084762573 702.372936248779 776.001293182373 867.58186340332 802.067972183228 716.531368255615 764.88755941391 1146.27591705322 721.421691894531 709.300029754639 612.988311767578 630.615823745728 714.889060974121 653.294799804688 722.005966186523 804.071899414062 710.560806274414 638.341323852539 512.395484924316 887.846633911133 923.427127838135 635.834062576294 799.164138793945 553.627014160156 383.667877197266 594.348999023438 536.091270446777 573.565246582031 576.613456726074 649.496023178101 875.417083740234 394.318756103516 603.571166992188 630.54434967041 618.679862976074 800.222145080566 710.419299125671 746.077236175537 721.554229736328 753.268724679947 585.521957397461 959.636306762695 543.064453125 726.840866088867 659.092216491699 1040.02784729004
-9999 681.661178588867 604.347282409668 424.178115844727 522.548583984375 741.771200180054 814.526134490967 690.519165039062 828.630443572998 825.471418380737 765.541547775269 679.60359954834 567.086624145508 711.381076812744 623.148128509521 519.415672302246 580.344716072083 679.18790435791 579.243431091309 612.618332862854 630.684043884277 748.975570678711 710.238786697388 559.838157653809 894.537414550781 607.791484832764 613.485916137695 485.016891479492 643.761184692383 670.288946151733 712.838481903076 504.959991455078 560.628227233887 573.765167236328 1144.08181762695 662.363615036011 520.787368774414 506.985626220703 640.784042358398 715.971120834351 760.9287109375 544.076034545898 746.848808288574 733.689041137695 695.027412414551 653.61018371582 993.121395111084 759.737522125244 766.449842453003 612.530662536621
-9999 -9999 735.375370025635 690.752499580383 390.513305664062 584.498825073242 709.42057800293 710.899440765381 740.087173461914 711.285484313965 665.093078613281 764.969261169434 728.454246520996 703.951194763184 572.194931030273 441.251937866211 515.78112411499 577.202074050903 690.030151367188 688.729614257812 605.330574035645 659.780788421631 706.323650360107 587.574782371521 671.602787017822 707.073417663574 687.511249542236 556.173301696777 735.166450500488 797.580673217773 711.938335418701 691.147611618042 566.1171875 586.133796691895 722.072372436523 563.893505096436 551.491157531738 633.712633132935 496.081634521484 576.441673278809 481.424667358398 642.712394714355 661.78751373291 857.12878036499 651.614974975586 522.73258972168 658.380699157715 571.091995239258 821.950332641602 843.249196052551
-9999 -9999 956.221229553223 934.113557815552 766.48991394043 640.912258148193 742.140148162842 769.374642372131 597.384918212891 647.337196350098 1111.78625106812 571.152725219727 629.202978134155 532.118041992188 520.934013366699 530.591720581055 492.690326690674 514.513721466064 606.378261566162 657.212341308594 543.080079078674 420.767227172852 358.083892822266 752.041603088379 628.307167053223 755.797189712524 695.000009536743 691.518642425537 750.350296020508 777.225624084473 619.339744567871 666.412822723389 661.161845684052 675.237186431885 624.779685974121 624.876132965088 829.931343078613 863.255023956299 557.903823852539 663.465057373047 828.081192016602 884.916234016418 866.978498458862 1014.84387207031 635.691070556641 777.288513183594 568.967819213867 738.463851928711 907.011520385742 910.744583129883
-9999 -9999 -9999 670.045906066895 582.608543395996 578.23477935791 850.945114135742 590.691299438477 669.569511413574 655.76282119751 707.440528869629 608.522613525391 516.389572143555 690.382858276367 555.694923400879 563.412418365479 604.346790313721 495.456535339355 502.094989776611 495.595825195312 456.119384765625 400.203353881836 718.505004882812 1367.88612747192 602.969423294067 680.954195022583 807.764053344727 711.398349761963 599.641143798828 508.665924072266 798.205184936523 582.816520690918 594.218124389648 662.369461655617 628.050094604492 622.695083618164 612.622236251831 674.20450592041 686.792391777039 633.901702880859 734.50798034668 842.151500701904 828.386001586914 721.303321838379 664.250480651855 607.347045898438 616.046768188477 614.95654296875 619.691192626953 999.063598632812
-9999 -9999 -9999 769.756778717041 599.347885131836 692.528511047363 665.952713012695 812.51537322998 933.994781494141 1134.06000518799 591.170928955078 627.951042175293 595.500835418701 499.829696655273 495.819030761719 745.219650268555 734.198532104492 602.424139976501 681.538940429688 689.83016204834 661.789196014404 614.513078689575 657.55835723877 865.119031906128 585.902679443359 774.256149291992 646.705137252808 549.71061706543 566.98104095459 495.688186645508 669.851545020938 544.755935668945 726.866401672363 682.317567825317 583.039413452148 991.112197875977 641.177700042725 585.028579711914 593.565818786621 636.765779495239 590.983436584473 622.01488494873 669.960487365723 844.334167480469 925.772613525391 1350.67862319946 910.311130523682 771.678535461426 1078.91550064087 907.670417785645
