export/dem/dem30.asc
NCOLS 350
NROWS 171
XLLCORNER 152620
YLLCORNER 418050
CELLSIZE 100
NODATA_VALUE -9999
[rows 88 to 109 of 171, columns 200 to 249 of 350]
675.84553527832 617.120079040527 753.155448913574 526.083862304688 690.049745559692 715.298194885254 601.315238952637 659.593955993652 476.808135986328 615.376350402832 699.784606933594 801.957916259766 700.411468505859 740.45100402832 684.193326950073 623.331283569336 626.90060043335 722.125205993652 822.116813659668 831.938217163086 697.420486450195 725.071300506592 670.828281402588 746.526031494141 722.573459625244 597.764686584473 698.819049835205 794.675582885742 722.906253814697 658.131008148193 691.064329147339 554.376579284668 603.594120025635 703.680381774902 566.35774230957 631.756001591682 721.968872070312 620.549514770508 654.728256225586 626.310394287109 706.428876876831 837.663745880127 912.216651916504 908.879516601562 773.555948257446 524.180038452148 659.47607421875 868.631881713867 895.355060577393 878.358156204224
790.823867797852 704.116260051727 617.422248840332 470.985946655273 708.974098205566 663.035934448242 817.502990722656 721.109077453613 854.507659912109 587.253177642822 651.012075424194 744.590225219727 686.316871643066 694.831771850586 722.345550537109 710.011116027832 692.312183380127 695.872699737549 747.991737365723 772.470314025879 672.245031356812 729.658103942871 683.082015991211 741.724281311035 680.086420059204 704.89307975769 670.559109687805 759.300140380859 642.057165145874 823.209335327148 644.327098846436 676.870700836182 565.068939208984 565.025375366211 643.112922668457 601.71964263916 538.312831878662 447.32942199707 670.263008117676 498.257385253906 709.88200378418 775.56739744544 809.704738616943 924.96558380127 770.4225897789 720.858383178711 767.001082181931 909.082904815674 982.548370361328 741.676963806152
650.235424518585 1072.1979932785 614.086578369141 600.732215881348 545.528861999512 633.555990219116 772.256912231445 752.421455383301 552.895172119141 642.903956413269 644.349646449089 607.924114227295 569.226428985596 703.005111694336 690.596935272217 605.563125610352 688.035457611084 741.569412231445 803.509582519531 824.776870727539 716.673114776611 883.60237121582 748.875419616699 719.389976501465 743.59593963623 751.34741973877 683.455832242966 705.951526641846 647.80779838562 701.717903137207 636.894730567932 502.258102416992 578.167016983032 622.543634414673 474.05046081543 439.665313720703 537.799003601074 738.640960693359 642.402305603027 607.812477111816 729.111124992371 703.18803024292 935.666854858398 941.442413330078 748.657793909311 751.906238555908 751.604709625244 973.244911193848 901.992424964905 1003.8201751709
564.377575397491 514.677066802979 706.529289245605 605.968585968018 657.116453170776 624.024131774902 662.166317939758 722.508659362793 577.607135772705 728.024078369141 584.303524017334 575.847904205322 591.949159622192 653.432138442993 617.319295883179 775.028381347656 779.372695922852 545.890747070312 787.716903686523 626.552522659302 743.763381958008 697.740850448608 742.778511047363 748.166000366211 823.752319335938 619.710815429688 741.870706558228 656.710380554199 591.081108093262 637.58494758606 600.826705932617 737.931658267975 508.115257263184 619.174570083618 619.806720733643 542.202049255371 597.51001739502 528.543518066406 562.551452636719 640.573150634766 745.51900100708 750.138872146606 849.765548706055 826.902248859406 820.815887451172 553.219009399414 639.928234100342 839.33422088623 966.566104888916 829.436557769775
561.643821716309 622.787032827735 622.909637331963 517.146057128906 664.280540347099 675.774024963379 422.613265991211 609.858615875244 604.398229598999 697.234088897705 619.993625640869 717.742713928223 691.439361572266 741.802391052246 658.019063949585 783.792282104492 697.399887084961 655.252638339996 745.705368041992 759.061958312988 601.458005905151 663.603357315063 662.034252166748 768.476791381836 727.099594116211 700.579797744751 748.195945739746 555.677185058594 613.050266265869 580.964859008789 713.953359603882 694.930961608887 579.536293029785 663.716296195984 658.871968746185 719.523590087891 583.899383544922 687.412944793701 588.509057998657 656.424938201904 470.68342590332 731.281979560852 621.715255737305 734.84339299798 650.351949691772 736.032493591309 648.102747306228 774.346912384033 747.862258911133 1006.17520141602
486.339752197266 674.159490585327 761.974269866943 609.270654678345 580.872093200684 926.782638549805 629.613788485527 542.820556640625 602.205345153809 565.983787536621 561.565780639648 623.532985210419 609.89361000061 646.32434463501 757.877334594727 562.620079040527 802.690658569336 561.29695892334 692.892774581909 619.289962768555 714.895462036133 690.426284790039 695.559419631958 685.689361572266 754.006673812866 674.126288414001 806.857540130615 696.914644241333 695.962966918945 746.348770141602 670.171556591988 647.370330810547 740.722869873047 717.879730224609 761.527240753174 745.7239818573 653.415859222412 518.672409057617 567.120346069336 652.051219940186 574.137336730957 654.575571060181 641.800601959229 706.47896194458 733.875778198242 753.161903381348 584.131744384766 869.95198059082 925.540954589844 919.660308837891
687.37553024292 777.918281555176 618.158576965332 571.464370727539 672.607780456543 680.969635009766 772.051258087158 477.116287231445 535.41820526123 572.972785949707 653.909042358398 635.540823936462 618.209917426109 550.81029510498 601.466775894165 585.844964981079 695.13586807251 617.367986679077 794.024658203125 727.950859069824 843.034622192383 648.098516941071 714.289459228516 886.806526184082 771.338226318359 660.883583068848 664.919933319092 580.841117858887 684.41241645813 717.592807769775 635.462203979492 606.968017578125 755.342830657959 659.263513565063 740.00675201416 757.313777923584 664.517997741699 468.998260498047 685.580715179443 616.985061645508 679.651271820068 578.69189453125 586.095291137695 549.593124389648 620.384353637695 591.916564941406 586.972122192383 704.872592926025 695.98736000061 883.091491699219
586.94751739502 766.617797851562 699.055212020874 754.314249038696 602.980178833008 628.547582626343 600.638828277588 841.192932128906 643.409923553467 492.333786010742 644.256641387939 721.11088180542 603.691101074219 619.628944396973 681.207855224609 459.758285522461 518.665809631348 790.964645385742 504.118804931641 618.348175048828 779.490676879883 728.357757568359 890.091567993164 617.540687561035 773.744354248047 746.810300827026 694.923706054688 761.682662963867 612.198871612549 661.842886924744 774.513381958008 691.62602519989 603.577079772949 711.382303237915 697.88858795166 836.470199584961 685.792060852051 752.039131164551 629.797698974609 577.297973632812 568.233276367188 692.602428436279 682.503265380859 796.87215423584 802.321746826172 759.579578399658 772.479454040527 689.314778327942 738.076194763184 660.993907928467
756.679847717285 668.64274597168 689.615905761719 647.217498779297 642.181259155273 747.883087158203 407.875076293945 679.594333648682 666.356896400452 636.153255462646 643.472071886063 727.668025970459 649.840268135071 720.074951171875 427.776733398438 662.942403793335 667.188243865967 679.606563568115 629.617158889771 624.125047683716 678.651922225952 714.968944549561 833.030487060547 680.055475234985 772.014793395996 776.148773193359 511.775802612305 682.759680271149 786.212394714355 647.594654083252 822.298278808594 623.099597930908 581.853721618652 742.011878967285 637.796535491943 649.81396484375 632.723739624023 595.000091552734 678.393613815308 548.529708862305 678.78295135498 753.172462463379 806.351013183594 841.204544067383 778.002143859863 781.815936088562 722.820209503174 669.003494457807 892.109283447266 858.329528808594
625.816925048828 664.930942416191 837.742668151855 782.803009033203 698.803413391113 557.015548706055 706.764030456543 1016.84039497375 637.10559463501 822.094223022461 670.361674308777 677.88228225708 653.050969719887 640.100374698639 565.047187805176 560.310127258301 614.360204696655 655.835409164429 645.347348213196 680.146922111511 769.32014465332 685.872316360474 766.846237182617 701.68058013916 677.590717315674 823.408050537109 628.115055084229 585.195037841797 600.667789459229 648.618579864502 639.872846603394 469.610061645508 749.440979003906 527.101867675781 319.965423583984 549.224182128906 640.495819091797 571.247436523438 554.690383911133 648.027080535889 637.262962341309 651.571411132812 674.862419128418 758.805366516113 852.849800109863 832.546363830566 823.041748046875 688.63304901123 1143.37446594238 743.986935138702
798.443000793457 636.395889282227 774.164894104004 662.182159423828 820.991821289062 777.449672698975 662.976374864578 780.40909576416 622.657427787781 621.282234191895 615.523639678955 528.616195678711 570.669822692871 640.892402648926 723.87947845459 588.719690322876 562.800537109375 753.711082458496 692.13988494873 661.71537399292 659.599598884583 819.806579589844 778.321136474609 737.111892700195 903.610763549805 1004.34883117676 984.578872680664 781.902198791504 570.168022155762 728.08243560791 810.465782165527 795.196197509766 581.39453125 517.915710449219 560.175148010254 606.626937866211 652.71263217926 523.708160400391 543.825210571289 575.132919311523 686.037706375122 548.309852600098 616.297920227051 583.733306884766 735.130420684814 625.059600830078 733.247220993042 922.073680877686 716.702823638916 579.922973632812
861.805515289307 677.415431976318 844.747451782227 716.118743896484 850.189178466797 722.36547088623 809.820297241211 705.24328994751 695.788536071777 640.479602813721 587.765174865723 637.105834960938 639.826055526733 782.336654663086 659.410585403442 657.562132835388 635.165837287903 666.279315948486 670.454895019531 647.106211781502 758.912773132324 616.374465942383 644.930839538574 713.357055664062 736.594261169434 926.463714599609 1121.54724884033 1046.19664001465 665.979125976562 601.034149169922 628.391830444336 640.668411254883 696.981095314026 604.249393463135 499.510116577148 563.00634765625 673.636930465698 578.862144470215 548.35432434082 692.123470306396 674.834136962891 631.203491210938 564.603302001953 553.763061523438 668.334449768066 682.733657836914 775.622482299805 994.004558563232 916.379814147949 1016.24064660072
733.637908935547 841.470384597778 701.121841430664 765.110719680786 755.181559085846 707.258972167969 697.429107666016 718.611736297607 757.4098072052 738.957950592041 758.078025817871 759.957290649414 656.281258106232 756.266906738281 890.798706054688 796.097450256348 751.913192749023 756.854209899902 643.388523101807 679.972747802734 702.740100860596 808.747543334961 554.016223907471 963.32710647583 803.946769714355 777.959808349609 1200.62438964844 800.397331237793 1009.898229599 1312.42612075806 1185.38104248047 576.256774902344 562.029159545898 497.082702636719 561.185394287109 674.932647705078 931.576133728027 604.165977478027 595.482543945312 638.863304138184 625.513465881348 512.71516418457 703.773948669434 594.852592468262 695.236557006836 1023.04238128662 1046.45347595215 783.410057067871 839.107971191406 645.515777587891
779.191856384277 727.624797344208 628.785915374756 798.64986038208 815.171977996826 811.745788574219 843.156833648682 677.725128173828 807.022338867188 1009.1396484375 705.942600250244 769.461059570312 722.098968505859 701.891899108887 701.525108337402 782.881044387817 622.988101959229 723.878944396973 659.998851776123 557.136924743652 552.156387329102 687.678157806396 603.460390090942 773.626804351807 688.435050964355 860.60424041748 692.011501312256 559.16162109375 630.165634155273 556.049835205078 543.077545166016 661.418039321899 567.295639038086 1132.50637817383 736.622299194336 795.354797363281 1108.17958068848 885.644515991211 703.293537139893 867.64867401123 900.607915878296 578.920356750488 666.23705291748 523.095062255859 702.430320739746 758.663269042969 754.887725830078 1075.98015975952 1505.59903717041 746.422145843506
967.614715576172 822.478740692139 772.205429077148 629.508926391602 681.422348022461 886.952697753906 807.261734008789 839.465768814087 699.922760009766 737.01490020752 1184.32723999023 640.854438781738 710.648092269897 724.840606689453 678.598754882812 645.50093460083 574.491981506348 692.932132720947 814.090560913086 575.937522888184 536.753578186035 613.33794593811 825.321014404297 712.007221221924 642.846286773682 593.456153869629 763.511085510254 463.464569091797 524.908538818359 547.923049926758 728.30233001709 703.288627624512 601.432983398438 525.044006347656 529.936218261719 549.266952514648 476.371337890625 877.615478515625 545.525299072266 505.165740966797 592.350204467773 553.541076660156 1158.35987472534 537.947708129883 1067.70596313477 752.443572998047 784.832427978516 1095.49705505371 883.340263366699 734.915775299072
580.873962402344 777.045337677002 790.530382156372 599.631629943848 813.919540405273 655.459281921387 730.581924438477 891.669334411621 780.951026916504 760.307399749756 713.646659851074 955.594012260437 707.09455871582 739.459770202637 782.907974243164 649.20426940918 666.447280883789 595.005615234375 698.650227546692 634.220748901367 620.5778465271 603.51788520813 553.179441452026 602.357192993164 829.83090877533 566.063896179199 730.941619873047 633.894607543945 509.060485839844 561.019653320312 609.96598815918 459.722396850586 618.489807128906 479.048583984375 783.758567810059 488.007843017578 922.226169586182 986.748332977295 825.467300415039 528.726119995117 681.165344238281 765.075553894043 941.247177124023 595.238983154297 875.343551635742 1029.84330940247 560.386672973633 1138.31764793396 711.021064758301 1327.57022094727
-9999 609.598373413086 748.214977264404 627.858081817627 615.478374481201 796.120399475098 825.069122314453 692.082153320312 905.205169677734 588.426422119141 770.074208259583 1198.33335113525 672.890460968018 664.831521987915 664.648635864258 671.984298706055 649.749903678894 557.662742614746 402.494995117188 653.764930725098 633.550042152405 656.352645635605 503.743530273438 1035.28076171875 882.241836547852 574.021476745605 786.763259887695 620.428117275238 595.163093566895 557.546714782715 459.996109008789 514.417907714844 486.567520141602 486.862152099609 917.8408203125 528.392532348633 619.086791992188 612.388374328613 592.236602783203 492.860366821289 608.757972717285 477.319610595703 641.481094360352 657.955123901367 690.322357177734 1077.00891113281 688.67671585083 819.143972396851 816.869255065918 923.701120376587
-9999 677.436023712158 676.101089477539 428.060180664062 596.65291595459 866.02449798584 903.891647338867 791.010562896729 838.965549468994 805.141825675964 747.779094696045 914.346466064453 746.914833068848 663.532965660095 701.759654998779 389.4912109375 527.454635620117 537.750867843628 399.159027099609 568.218936920166 711.802394866943 527.872436523438 702.023025512695 627.90838432312 928.760498046875 666.556554794312 679.471252441406 726.361450195312 717.78662109375 479.251571655273 450.306610107422 511.825256347656 435.97053527832 616.543991088867 1149.58662414551 620.9703540802 519.837356567383 613.828380584717 524.737991333008 690.401203632355 483.164840698242 580.151550292969 579.864990234375 682.937873840332 612.15966796875 565.880355834961 1047.84978675842 712.178855895996 637.89192199707 700.565473556519
-9999 -9999 630.170608520508 742.724033355713 846.49755859375 835.056663513184 723.315860748291 858.767402648926 860.243877410889 865.288993835449 792.519086837769 787.194633483887 653.197971343994 660.051183700562 494.147277832031 572.823966026306 437.615356445312 446.726791381836 530.906265258789 538.392539978027 495.581588745117 440.441955566406 621.402198791504 587.907530546188 699.612502813339 664.209026575089 562.970161437988 706.765380859375 567.721221923828 578.089248657227 508.060317993164 549.631385803223 575.241027832031 654.916845321655 741.11695098877 558.489540100098 519.830001831055 688.275630950928 556.141174316406 744.718143463135 589.289474487305 468.048858642578 604.648834228516 694.578773498535 628.712989807129 674.774139404297 707.750015258789 614.240653991699 892.798957824707 769.532867431641
-9999 -9999 1245.15992736816 1042.49407196045 795.779388427734 694.181928634644 942.210830688477 709.412464141846 580.226318359375 805.901065826416 912.04719543457 637.530452728271 832.898452758789 736.144599914551 593.287097930908 580.178977966309 524.758386611938 701.806274414062 274.563385009766 388.241333007812 326.336685180664 553.292934417725 465.899070739746 635.41716003418 656.573585510254 723.376934051514 658.046802997589 658.420149147511 648.375360488892 543.860359191895 550.55638885498 659.876856803894 685.811298370361 727.575485229492 695.599590301514 606.788585662842 491.782135009766 771.705520629883 639.939071655273 596.229949951172 856.918983459473 957.338157653809 657.900375366211 792.498023986816 641.011169433594 821.808059692383 683.878608703613 627.414672851562 802.116394042969 734.536994934082
-9999 -9999 -9999 840.005187988281 847.629165649414 794.215881347656 795.562753677368 865.093673706055 788.785905838013 581.307952880859 688.780101776123 679.295189857483 688.755254745483 690.856943130493 722.85920715332 622.527398824692 580.475743293762 482.034164428711 557.396720439196 362.053146362305 403.933929443359 367.215301513672 549.083434104919 1383.93272399902 610.534000396729 605.067245483398 624.529197692871 592.031463623047 526.029708862305 636.294502258301 620.430603027344 608.319473266602 610.835289001465 710.730869293213 610.216945648193 790.395736694336 431.758636474609 629.802307128906 462.066329956055 467.52912902832 710.385452270508 735.642181396484 518.224151611328 536.853210449219 700.854423522949 743.617340087891 613.36100769043 577.78044128418 608.283676147461 951.734558105469
-9999 -9999 -9999 756.588195800781 729.811195373535 877.046035766602 767.33380818367 780.592877388 737.071086883545 1096.62548828125 649.588066101074 674.630176544189 705.173358917236 788.588165283203 620.42137336731 651.485313415527 763.568222045898 709.972999572754 579.740749359131 417.612091064453 517.396942138672 628.847587585449 589.407035827637 634.254821777344 436.756484985352 535.170600891113 450.73405456543 641.39234161377 592.467147827148 575.753486633301 595.672035217285 652.976972699165 726.769187927246 555.358009338379 507.850006103516 906.196975708008 736.039150238037 581.392242431641 710.666385650635 622.275032043457 495.414260864258 591.635604858398 665.866966247559 849.767364501953 838.423858642578 1173.99263000488 802.213737487793 838.420362472534 942.132202148438 782.487380981445
