export/dem/dem36.asc
NCOLS 350
NROWS 171
XLLCORNER 152620
YLLCORNER 418050
CELLSIZE 100
NODATA_VALUE -9999
[rows 110 to 131 of 171, columns 300 to 349 of 350]
802.691909790039 747.896926879883 950.809120178223 798.907558441162 788.14328289032 984.814926147461 714.580688476562 828.93537902832 892.783294677734 660.424163818359 964.567356109619 793.006959915161 1695.60573577881 951.021732330322 644.676055908203 834.346168518066 1326.36068725586 733.490966796875 871.172698974609 -9999 -9999 -9999 -9999 -9999 -9999 -9999 -9999 -9999 -9999 -9999 -9999 -9999 -9999 -9999 -9999 -9999 -9999 -9999 -9999 -9999 -9999 -9999 -9999 -9999 -9999 -9999 -9999 -9999 -9999 -9999
896.623123168945 676.966011047363 732.762115478516 916.137512207031 720.952166557312 801.768955230713 1133.20938110352 1284.96589660645 524.983306884766 718.557891845703 1494.57441139221 769.160789489746 1150.27551269531 751.84130859375 782.446510314941 734.067016601562 916.737663269043 1141.72857666016 1014.73541259766 -9999 -9999 -9999 -9999 -9999 -9999 -9999 -9999 -9999 -9999 -9999 -9999 -9999 -9999 -9999 -9999 -9999 -9999 -9999 -9999 -9999 -9999 -9999 -9999 -9999 -9999 -9999 -9999 -9999 -9999 -9999
740.770988464355 806.150840759277 1127.04362487793 715.706329345703 762.853763580322 821.685033798218 573.754951477051 908.61962890625 588.040115356445 1485.82746887207 1082.07546615601 870.784893035889 762.566192626953 747.659454345703 743.792831420898 1290.27052307129 800.747352600098 999.267242431641 1723.81713867188 825.526290893555 -9999 -9999 -9999 -9999 -9999 -9999 -9999 -9999 -9999 -9999 -9999 -9999 -9999 -9999 -9999 -9999 -9999 -9999 -9999 -9999 -9999 -9999 -9999 -9999 -9999 -9999 -9999 -9999 -9999 -9999
849.876152038574 912.809642791748 747.351913452148 848.478340148926 766.150249481201 763.318164348602 755.428451538086 750.275688171387 777.749130249023 2149.91471862793 869.328937530518 865.83500289917 666.040252685547 1124.6840057373 1164.11331176758 1004.8106842041 882.527709960938 740.63020324707 928.698852539062 1256.28877258301 1096.56965637207 -9999 -9999 -9999 -9999 -9999 -9999 -9999 -9999 -9999 -9999 -9999 -9999 -9999 -9999 -9999 -9999 -9999 -9999 -9999 -9999 -9999 -9999 -9999 -9999 -9999 -9999 -9999 -9999 -9999
811.963897705078 813.294809341431 716.467590332031 897.386383056641 669.771133422852 816.82009601593 750.245803833008 754.574913024902 776.412246704102 1247.47360992432 799.568130493164 1159.16620445251 933.348762512207 1111.08797931671 774.550643920898 791.832550048828 646.985687255859 814.191192626953 991.727325439453 843.433837890625 987.948667526245 -9999 -9999 -9999 -9999 -9999 -9999 -9999 -9999 -9999 -9999 -9999 -9999 -9999 -9999 -9999 -9999 -9999 -9999 -9999 -9999 -9999 -9999 -9999 -9999 -9999 -9999 -9999 -9999 -9999
923.761047363281 792.653961181641 857.329442977905 921.301074981689 857.946273803711 705.439872741699 808.241634368896 854.283981323242 518.721420288086 1055.43218231201 1268.39733886719 632.616333007812 944.265621185303 1348.23270130157 704.231033325195 592.192077636719 1078.05032348633 858.750274658203 953.344171524048 701.830680847168 651.308395385742 694.103637695312 -9999 -9999 -9999 -9999 -9999 -9999 -9999 -9999 -9999 -9999 -9999 -9999 -9999 -9999 -9999 -9999 -9999 -9999 -9999 -9999 -9999 -9999 -9999 -9999 -9999 -9999 -9999 -9999
1008.75534057617 634.5703125 949.014917373657 1001.42534637451 773.593744277954 561.357734680176 1140.77510070801 610.863311767578 593.029907226562 1205.02285766602 996.827713012695 1347.86515808105 963.486663818359 1119.8344039917 780.105911254883 662.920806884766 1221.27598571777 983.936981201172 725.278442382812 770.150337219238 696.941497802734 630.266250610352 977.539470672607 -9999 -9999 -9999 -9999 -9999 -9999 -9999 -9999 -9999 -9999 -9999 -9999 -9999 -9999 -9999 -9999 -9999 -9999 -9999 -9999 -9999 -9999 -9999 -9999 -9999 -9999 -9999
894.117950439453 513.771057128906 926.135353088379 859.758007049561 1191.88467407227 1327.36352157593 552.760940551758 580.625289916992 544.727813720703 724.244567871094 885.083602905273 775.80615234375 1246.67877578735 1331.8740978241 1018.26110076904 1013.09468078613 1035.73487091064 737.532852172852 812.036922689527 755.762840270996 910.28836774826 736.029930114746 872.783878326416 -9999 -9999 -9999 -9999 -9999 -9999 -9999 -9999 -9999 -9999 -9999 -9999 -9999 -9999 -9999 -9999 -9999 -9999 -9999 -9999 -9999 -9999 -9999 -9999 -9999 -9999 -9999
883.713577270508 728.041853666306 667.073425292969 992.295181274414 900.816535949707 669.849395751953 657.36181640625 850.706665039062 591.598068237305 609.042663574219 785.175140380859 626.291751861572 800.819328308105 990.425323486328 976.830098092556 888.523178100586 779.43975353241 837.523391723633 666.072128295898 693.72395324707 687.366806030273 813.283027648926 915.701156377792 938.341394424438 -9999 -9999 -9999 -9999 -9999 -9999 -9999 -9999 -9999 -9999 -9999 -9999 -9999 -9999 -9999 -9999 -9999 -9999 -9999 -9999 -9999 -9999 -9999 -9999 -9999 -9999
1036.22546386719 850.466938018799 749.87858581543 963.120574951172 1082.54848098755 644.928588867188 599.128295898438 543.260009765625 620.835739135742 648.651947021484 727.843017578125 855.839448928833 844.216563224792 1138.85445022583 1085.69853210449 879.078414916992 746.800598144531 786.549297332764 784.182388305664 582.562911987305 763.587188720703 962.169464111328 908.143600463867 749.622634887695 752.965637207031 -9999 -9999 -9999 -9999 -9999 -9999 -9999 -9999 -9999 -9999 -9999 -9999 -9999 -9999 -9999 -9999 -9999 -9999 -9999 -9999 -9999 -9999 -9999 -9999 -9999
1241.59583544731 1810.44678497314 995.284894943237 1180.0246963501 1218.59336853027 930.142066955566 782.691986083984 789.275918960571 834.190189361572 1274.24822998047 852.709037780762 606.390640258789 889.435634613037 1024.53022003174 1047.50566101074 1461.42417526245 833.87842464447 776.498073577881 802.350967407227 641.665786743164 749.833099365234 825.257610321045 812.698875427246 1002.90962982178 911.299379348755 925.759034633636 -9999 -9999 -9999 -9999 -9999 -9999 -9999 -9999 -9999 -9999 -9999 -9999 -9999 -9999 -9999 -9999 -9999 -9999 -9999 -9999 -9999 -9999 -9999 -9999
1050.32821655273 873.363356590271 1268.47603607178 910.64674282074 1351.22657585144 1706.96500396729 1128.26355171204 748.173812866211 873.384017944336 832.617065429688 735.030776977539 798.317834317684 854.590785980225 787.426986694336 1108.85077285767 940.984382629395 722.468864440918 810.924205780029 722.795272827148 878.81915473938 802.670381546021 731.537322998047 829.3020362854 761.653877258301 1013.89540863037 1082.14422607422 -9999 -9999 -9999 -9999 -9999 -9999 -9999 -9999 -9999 -9999 -9999 -9999 -9999 -9999 -9999 -9999 -9999 -9999 -9999 -9999 -9999 -9999 -9999 -9999
1274.95028686523 1109.95204162598 1233.59971237183 935.390661239624 1135.27548098564 1430.53761267662 1502.12439727783 1195.34826660156 1112.83195304871 1218.0094833374 887.044281005859 891.801205635071 803.198605537415 920.429542541504 818.335029602051 801.217603683472 647.829742431641 700.643714904785 857.405542373657 773.732776641846 861.769420623779 731.341148376465 685.189582824707 660.417984008789 800.496730804443 923.093812942505 1073.19790649414 -9999 -9999 -9999 -9999 -9999 -9999 -9999 -9999 -9999 -9999 -9999 -9999 -9999 -9999 -9999 -9999 -9999 -9999 -9999 -9999 -9999 -9999 -9999
1330.85626983643 1215.41595458984 854.079441070557 850.982177734375 984.501861572266 1326.70583343506 1493.28733348846 1294.59721374512 1046.45307731628 1009.00784301758 861.439418792725 736.647384643555 792.67790222168 682.859085083008 836.796447753906 805.985649108887 707.194839477539 710.789817810059 669.492195129395 758.049911499023 745.575439453125 784.057723999023 746.693302154541 880.687217712402 913.672866821289 890.988986968994 843.688058853149 808.257423400879 -9999 -9999 -9999 -9999 -9999 -9999 -9999 -9999 -9999 -9999 -9999 -9999 -9999 -9999 -9999 -9999 -9999 -9999 -9999 -9999 -9999 -9999
996.185831069946 954.501223087311 879.744299888611 967.702465057373 941.741439819336 1010.23328399658 1593.44376373291 1048.59873199463 1011.71097183228 953.966682434082 842.429189682007 611.119888305664 777.701448440552 886.92497253418 748.297777175903 729.795509338379 877.139400959015 581.936065673828 784.938068389893 799.847568511963 731.769050598145 701.04012298584 853.697576522827 723.857063293457 957.708892822266 923.730262756348 918.262435913086 1031.42646789551 863.174545288086 -9999 -9999 -9999 -9999 -9999 -9999 -9999 -9999 -9999 -9999 -9999 -9999 -9999 -9999 -9999 -9999 -9999 -9999 -9999 -9999 -9999
923.788983821869 801.999183654785 936.829582214355 1062.01980030537 1503.20402145386 1059.79864311218 1262.76998138428 1240.18958568573 849.227291107178 753.726371765137 847.299282073975 697.209144592285 743.777793884277 941.178085327148 730.875549316406 858.391257286072 665.383987426758 843.044313907623 765.683540344238 911.19702911377 802.971021652222 845.184831619263 792.952007293701 955.611122131348 778.723484039307 677.083709716797 776.209327697754 861.452659606934 912.65149307251 -9999 -9999 -9999 -9999 -9999 -9999 -9999 -9999 -9999 -9999 -9999 -9999 -9999 -9999 -9999 -9999 -9999 -9999 -9999 -9999 -9999
1038.51013946533 818.424430847168 1426.88315582275 1217.87991333008 1080.98155069351 1090.83201250434 1350.38531494141 1138.38659858704 1328.22928714752 903.805244445801 694.364227294922 847.169898986816 718.94157409668 718.923555374146 923.076866149902 726.361289978027 774.037078857422 842.26687002182 828.400768280029 814.337226510048 692.918548583984 826.085494995117 854.931266784668 755.244918823242 865.539852142334 876.708381652832 855.957793235779 914.317010879517 854.593236446381 737.894149780273 -9999 -9999 -9999 -9999 -9999 -9999 -9999 -9999 -9999 -9999 -9999 -9999 -9999 -9999 -9999 -9999 -9999 -9999 -9999 -9999
1009.0424118042 983.927666664124 1121.7911658287 1627.46242141724 2007.81500244141 1402.43058776855 1043.50541687012 1011.35882949829 1239.69620132446 984.425024032593 761.173606872559 795.054580688477 967.496429443359 909.501899719238 643.036651611328 835.104942321777 895.583274841309 842.112468719482 948.065464019775 931.246109008789 1083.6389465332 999.808334350586 810.940059661865 902.875053405762 723.636856079102 832.252911090851 865.911865234375 898.407602310181 905.650532722473 773.81372833252 893.017456054688 -9999 -9999 -9999 -9999 -9999 -9999 -9999 -9999 -9999 -9999 -9999 -9999 -9999 -9999 -9999 -9999 -9999 -9999 -9999
1119.94739532471 1169.3521194458 1001.33386993408 1425.34011459351 1567.58869934082 1454.71867370605 1624.74673461914 1158.45340919495 1067.15502357483 995.328313827515 1133.19439697266 966.982816696167 1029.33442473412 977.363526344299 860.189237594604 1009.03945922852 834.776633262634 900.542724609375 901.260101318359 945.536323547363 898.89769744873 931.854866027832 596.120727539062 717.068870544434 881.855838775635 964.352676391602 716.683074951172 985.656379699707 1078.99180603027 715.848770141602 847.568153381348 -9999 -9999 -9999 -9999 -9999 -9999 -9999 -9999 -9999 -9999 -9999 -9999 -9999 -9999 -9999 -9999 -9999 -9999 -9999
1180.15955734253 1005.67884063721 981.687725067139 1518.15115356445 1177.93251037598 1491.92000579834 1384.66039657593 1318.39168548584 1893.86259460449 1325.84661865234 1237.20509719849 1207.96969985962 1153.30113220215 1687.15928649902 1222.37894439697 920.981014251709 837.678930878639 923.757457733154 716.830596923828 889.346305847168 825.212829589844 1011.62470245361 931.089721679688 775.652587890625 809.545495986938 857.61962223053 787.710693359375 974.534278869629 787.50471496582 749.461700439453 987.412338256836 833.067989349365 -9999 -9999 -9999 -9999 -9999 -9999 -9999 -9999 -9999 -9999 -9999 -9999 -9999 -9999 -9999 -9999 -9999 -9999
1183.89694976807 900.412857055664 1135.64756774902 1106.39837265015 928.940563201904 1540.39495849609 1719.63160705566 1379.70713043213 1291.13536834717 1429.9880065918 1337.79849624634 1106.31482315063 1300.92083740234 1474.79764556885 1008.32865142822 1123.22955322266 1028.4612197876 890.21858215332 793.438917160034 952.600471496582 875.055694580078 852.390514373779 858.651237487793 988.653579711914 754.646141052246 733.817588806152 888.556470870972 1007.00605773926 900.464059829712 690.940635681152 845.514505386353 832.250186920166 931.059047698975 -9999 -9999 -9999 -9999 -9999 -9999 -9999 -9999 -9999 -9999 -9999 -9999 -9999 -9999 -9999 -9999 -9999
908.752876281738 1087.94989776611 1257.64324951172 971.912868499756 989.840759277344 1247.55436706543 1381.22676086426 1289.53765869141 1354.88482666016 1420.3049659729 1422.37840270996 1269.85528564453 1144.72096252441 1033.65827086568 1068.82350158691 1049.96632385254 1256.26455688477 974.915725708008 916.059204101562 1018.56033325195 808.902630329132 974.735382080078 821.459506988525 723.708831787109 1068.0396270752 753.367286682129 959.939064025879 871.846152544022 898.896142959595 823.720127105713 913.098072052002 1001.56660461426 710.68962097168 -9999 -9999 -9999 -9999 -9999 -9999 -9999 -9999 -9999 -9999 -9999 -9999 -9999 -9999 -9999 -9999 -9999
