export/dem/dem31.asc
NCOLS 350
NROWS 171
XLLCORNER 152620
YLLCORNER 418050
CELLSIZE 100
NODATA_VALUE -9999
[rows 22 to 43 of 171, columns 150 to 199 of 350]
630.266109466553 588.297779083252 653.678973197937 504.837417602539 554.307220458984 676.227249145508 669.788078308105 581.148502349854 558.024757385254 675.774517059326 635.06219124794 706.201705932617 889.07844543457 556.880859375 576.838409423828 507.50602722168 818.909637451172 703.392059326172 597.032600402832 552.228088378906 622.483413696289 658.771789550781 701.824310302734 392.248352050781 764.842144012451 631.380226135254 827.517944335938 727.622459411621 455.661529541016 443.638473510742 394.159332275391 456.60693359375 472.274185180664 525.326545715332 636.400875091553 757.949058532715 584.4990234375 735.500152587891 637.071949005127 752.099418640137 787.450973510742 574.920928955078 647.518852233887 737.864221572876 577.300071716309 652.485656738281 510.002975463867 576.930816650391 752.488086700439 636.747383117676
521.105499267578 570.998550415039 626.43056344986 493.079040527344 426.544540405273 628.924383163452 589.699716567993 524.659370422363 561.135414123535 694.945404052734 681.876949310303 662.021659851074 689.880718231201 458.685119628906 470.090881347656 561.623687744141 676.720996856689 818.502563476562 469.862915039062 359.640777587891 622.154708862305 559.062026977539 521.861892700195 565.884185791016 658.81029510498 469.20964050293 1190.39852905273 846.789245605469 712.27466583252 591.751274108887 379.774398803711 548.209365844727 607.748925685883 443.841995239258 491.922332763672 653.039176940918 558.641273498535 691.497413635254 790.336303710938 591.84888458252 698.354570388794 748.609237670898 693.151569366455 689.720041275024 657.121688842773 517.485893249512 702.40517616272 651.189399719238 674.712562561035 635.377716064453
486.702171325684 568.455805420876 735.058944702148 652.461833953857 706.956970214844 572.673763275146 670.711601257324 709.975761413574 725.895027160645 580.047706604004 736.645599365234 675.676414489746 1030.92875289917 651.822219848633 457.216049194336 1115.59848022461 603.104690551758 422.690231323242 439.029846191406 548.044128417969 728.360160827637 693.045028686523 675.962450027466 697.510429382324 575.575317382812 626.744972229004 679.75595664978 579.925765991211 524.735725402832 542.241455078125 580.852523803711 593.192367553711 488.595794677734 502.561996459961 662.008638381958 669.77135181427 659.908350944519 693.726844787598 805.123428344727 677.672078132629 820.789413452148 501.485931396484 594.328037261963 522.133728027344 634.589340209961 632.271379947662 811.75122833252 620.868530273438 718.244108200073 712.041711807251
537.478820800781 574.720893859863 546.597328186035 550.876396179199 672.144714355469 669.15145111084 486.958305358887 569.811191558838 624.215887069702 721.245811462402 673.148090362549 772.313064575195 1150.80343151093 592.782104492188 807.180030822754 507.469024658203 594.551258087158 868.631866455078 503.718292236328 704.216548919678 908.770202636719 989.010940551758 633.750175476074 645.184926986694 511.499404907227 656.09868144989 594.526306152344 755.066707611084 553.968688964844 441.878860473633 633.553064346313 595.551300048828 423.133056640625 544.552528381348 458.683029174805 448.159332275391 708.906806945801 682.821437835693 732.737529754639 736.001358032227 724.757621765137 683.415815353394 603.360740661621 700.964967727661 621.414306640625 661.34619140625 699.636817932129 705.699220657349 750.459095001221 614.97095489502
517.661582946777 471.314460754395 455.18669128418 528.908081054688 489.580146789551 489.391357421875 543.421859741211 702.284965515137 514.970336914062 488.827270507812 519.126091003418 690.037582397461 791.205078125 691.344268798828 661.989402770996 679.510406494141 643.512107849121 779.42390537262 457.930603027344 667.402786254883 348.075866699219 631.200336456299 624.744789123535 612.508232116699 714.804302215576 572.83447265625 869.443103790283 360.970397949219 594.522644042969 708.120376586914 845.796585083008 524.342864990234 545.926559448242 584.591419219971 651.607687950134 644.955694198608 540.780403137207 651.844347000122 819.200820922852 795.668701171875 629.477861404419 725.458881378174 794.206588745117 561.55647277832 635.658962249756 721.538188874722 678.492233276367 649.8971824646 662.700840950012 517.983139038086
569.053255081177 501.598197937012 439.911972045898 521.321041107178 462.713394165039 526.83610534668 506.979339599609 537.292427062988 463.625961303711 623.853061676025 591.918151855469 693.61029624939 796.986011505127 794.863105773926 672.020515441895 765.600580215454 788.702219009399 597.569961547852 413.45719909668 890.028728485107 475.933013916016 691.715103149414 543.836669921875 802.312110900879 518.309005737305 928.223237991333 652.798820495605 746.393606185913 633.167911589146 582.611625671387 548.640411376953 590.934074401855 571.704002380371 556.552947998047 612.212127685547 660.360012054443 601.073612213135 559.363235473633 723.91902923584 620.131019592285 639.391185760498 689.956321716309 686.10627746582 633.842081069946 591.019218444824 564.438575744629 606.413730621338 666.310290336609 561.111862182617 611.234830856323
506.61735534668 627.596248626709 509.332275390625 524.744598388672 489.505485534668 395.415603637695 383.8544921875 565.481731414795 473.03002166748 628.928951263428 685.379867553711 1129.2720451355 640.21418762207 899.589729309082 785.285266876221 1255.53992462158 631.472316741943 940.531784057617 461.428466796875 801.431297302246 843.797966003418 696.723808288574 507.195236206055 620.66357421875 618.044609069824 748.234566450119 594.720542907715 766.454126358032 496.772392272949 566.097602844238 572.910171508789 551.862266540527 563.825138092041 598.568132400513 638.198318481445 683.793556213379 608.318143844604 590.156726837158 453.402084350586 491.38313293457 715.636901855469 842.035614013672 619.802619934082 621.088836669922 573.562164306641 612.96106338501 599.423358917236 697.075378417969 583.292940378189 607.855766296387
486.504905700684 275.317565917969 396.221435546875 514.773761749268 521.966110229492 507.853469848633 436.750854492188 406.228759765625 427.079452514648 526.825080871582 372.800323486328 927.299827575684 793.814514160156 823.636611938477 850.81950378418 790.292678833008 692.666410446167 467.506332397461 495.702484130859 696.151767730713 814.238265991211 656.619623184204 474.424530029297 931.580574035645 637.076692581177 664.772422790527 483.072235107422 790.882179260254 627.651704788208 579.985149383545 637.299228668213 653.181484222412 550.379920959473 744.111701965332 696.790138244629 591.764032363892 673.992893218994 569.861164093018 639.735954284668 584.99828338623 476.018157958984 579.116073608398 494.22639465332 518.207359313965 544.225318908691 572.294647216797 711.422164916992 502.920562744141 513.149810791016 500.612411499023
545.45547580719 413.115844726562 491.335117340088 588.332334518433 474.775856018066 563.020134925842 565.127684235573 395.573348999023 426.272247314453 597.806571960449 741.824165344238 824.52392578125 845.581146240234 761.469299316406 687.112518310547 497.393569946289 556.529991149902 484.006393432617 466.106582641602 717.922523498535 751.281532287598 555.947235107422 616.912672638893 531.861122131348 670.076114654541 544.345588684082 472.765625 564.464569091797 452.516265869141 546.389770507812 542.489967346191 610.359247207642 634.333015441895 571.066543579102 775.742797851562 753.359512329102 594.538256645203 642.223770141602 508.343002319336 484.20093536377 512.575912475586 619.86580657959 465.575393676758 563.419616699219 615.680206298828 625.508235931396 604.177607059479 427.364944458008 482.022491455078 515.008819580078
570.861831665039 632.663162231445 448.801780700684 561.970665693283 566.632472991943 507.588562011719 499.882171630859 514.764507293701 633.039875030518 407.842437744141 656.714477539062 665.433124542236 717.009613037109 463.13557434082 326.138854980469 454.759613037109 423.526824951172 532.022895812988 434.142608642578 394.89387512207 524.875499725342 500.497680664062 355.747680664062 739.433265686035 544.771022796631 537.230239868164 513.714752197266 562.728015899658 610.908836364746 446.676200866699 671.552177429199 571.182215690613 614.634767532349 737.261962890625 636.59871673584 554.145528793335 590.723469734192 572.952082633972 617.747219085693 535.663734436035 587.04719543457 658.844528198242 548.605697631836 607.522938728333 600.743827819824 526.831352233887 492.878448486328 539.836219787598 611.717109680176 544.510078430176
597.913967132568 651.00904083252 550.546562433243 517.035911560059 519.127902984619 307.286758422852 517.683483123779 604.280704498291 741.028015136719 465.229385375977 658.546684265137 477.90885925293 514.258674621582 572.041477203369 503.757431030273 466.495307922363 490.664894104004 494.147201538086 692.360343933105 470.902046203613 514.670860290527 524.680992126465 466.694267272949 522.546855926514 431.797241210938 472.847564697266 347.294082641602 590.164875030518 479.618598937988 670.823173522949 754.171920776367 488.983451843262 438.218612670898 524.548374176025 587.336057662964 582.298113822937 497.699569702148 465.401390075684 541.329076766968 664.627574920654 658.48365354538 802.76782989502 556.331712722778 636.842636108398 617.433963775635 338.492599487305 483.317359924316 605.213047027588 537.072166442871 494.88387298584
503.894577026367 747.856857299805 545.910810470581 589.810251235962 348.270202636719 517.141117095947 616.347255706787 547.550832748413 698.756370067596 592.662948608398 662.177387237549 414.183532714844 496.108825683594 419.245941162109 449.527297973633 457.361999511719 477.39916229248 518.79606628418 317.708358764648 460.483177185059 514.427558898926 553.834101200104 498.166484832764 525.336036682129 572.449630737305 514.542743682861 421.52375793457 741.641403198242 583.15104675293 659.093307495117 775.756378173828 617.316974639893 436.295509338379 616.5397605896 616.058418273926 469.364601135254 492.368560791016 522.61450958252 581.062629699707 665.332191467285 460.429626464844 614.240953445435 542.470483779907 433.063735961914 528.023711204529 550.383757591248 520.173782348633 528.593315124512 621.659439086914 639.431129455566
578.309669137001 560.393396377563 522.727346420288 640.162086486816 515.66381072998 539.978288650513 497.671913146973 557.057528495789 614.000358581543 610.351440429688 600.825839996338 543.440017700195 571.275486946106 491.714256286621 567.813892364502 495.434223175049 476.570442199707 444.110572814941 447.662628173828 581.312532424927 501.634590148926 537.691577911377 487.584495544434 571.186356544495 527.465480804443 422.652923583984 594.445377349854 410.409561157227 603.900638580322 531.031351089478 613.361488342285 591.727321624756 636.546539306641 527.454456329346 664.20491027832 612.285015106201 556.163866043091 603.461206436157 583.398548603058 463.005081176758 603.250328063965 619.402294158936 593.676273822784 581.023052215576 652.998872756958 520.182613372803 596.309947967529 618.694011688232 603.124500274658 698.285278320312
638.70817565918 490.224704742432 515.929046630859 439.483444213867 454.347351074219 575.392942428589 662.975231170654 660.875877380371 614.499193191528 622.243995666504 686.469932556152 544.8056640625 552.131107330322 560.413900136948 548.072776556015 522.950706481934 476.48498916626 481.321548461914 570.8108253479 530.029346218333 681.447692871094 462.409629821777 470.984016418457 586.94114112854 589.26250743866 355.214080810547 594.660306930542 748.870407104492 653.316848754883 481.055080413818 529.823612213135 613.537170410156 585.061492919922 504.740280151367 494.003173828125 543.366882324219 458.307510375977 672.045867919922 591.693904876709 352.735900878906 527.524961471558 621.467338562012 681.553382873535 652.638544082642 1007.25762176514 535.671130180359 580.464122772217 625.388809204102 656.424949645996 667.685554504395
570.228290557861 511.716766357422 466.532890319824 355.664505004883 415.398666381836 366.727127075195 530.710586547852 496.635848999023 580.020349502563 653.925704956055 548.129133224487 680.264587402344 464.464279174805 489.058376312256 566.446798324585 680.628509521484 552.960747122765 656.737701416016 495.482276916504 515.225700378418 457.893447875977 570.549163818359 564.506280899048 659.460388183594 492.484809875488 583.904525756836 457.047782897949 824.713485717773 476.100677490234 565.883277893066 586.306039780378 609.447243213654 478.238624572754 706.104339599609 618.101154327393 454.079238891602 464.949935913086 597.838150024414 569.571804046631 629.512504577637 600.50777053833 590.39630317688 624.473350524902 510.879009246826 1005.18893814087 584.633319854736 551.283284664154 550.197621583939 495.871826171875 619.323852539062
765.957336425781 598.467414855957 489.060829162598 369.156402587891 387.312408447266 507.779224395752 541.867189407349 708.039581298828 684.189117431641 596.50973033905 536.705967903137 634.294761657715 640.784164428711 540.078311443329 590.292297363281 553.382164001465 583.005920410156 540.604097366333 625.300857543945 532.735896110535 529.167667388916 519.736150741577 398.31867980957 526.168491601944 607.831893920898 582.69206237793 642.995403289795 781.641792297363 915.29984664917 609.785263061523 735.492568969727 747.900001525879 592.01932144165 594.273859024048 525.673757076263 398.093200683594 359.139755249023 485.927742004395 571.837763786316 665.746017456055 659.548316955566 537.536586761475 728.890731811523 562.257711410522 639.835498809814 494.969337463379 439.934745788574 524.570533752441 609.587108612061 574.080075562
577.93479347229 549.009244918823 585.605953216553 465.001121520996 482.115341186523 576.283073425293 710.470428466797 671.476524353027 639.681035995483 615.78734588623 559.461608886719 574.505707263947 669.876579284668 630.772567749023 571.039789199829 506.357006072998 678.551193237305 613.190315246582 674.674118041992 780.180389404297 451.176277160645 517.895545959473 626.658699035645 649.909049987793 571.126113891602 617.231781005859 588.992031097412 774.946975708008 833.217733383179 635.240840911865 546.622984886169 452.61922454834 667.770805358887 441.057029724121 554.426420211792 497.427848815918 434.941108703613 440.165420532227 549.193440794945 599.270606994629 620.80477142334 682.818984985352 512.781951904297 576.20724105835 457.690383911133 530.993566513062 550.946864284575 478.895713806152 442.460517883301 517.745442152023
581.048736572266 487.076187133789 546.713809967041 422.623077392578 508.550662994385 508.288798451424 533.401763439178 424.086608886719 714.016036987305 562.297306060791 514.409156799316 641.407928466797 601.182392120361 651.979598999023 619.122367858887 608.7236328125 662.053497314453 588.918643951416 625.768440246582 545.295592546463 509.030305862427 526.778792381287 615.143671035767 624.295364379883 605.623916625977 662.222969055176 569.475068092346 557.075919628143 1039.95223999023 876.248458862305 568.240348815918 613.480247497559 447.934967041016 398.409950256348 582.499439239502 482.946014404297 527.254962921143 556.497256278992 425.229568481445 459.01203918457 671.999950408936 652.920593261719 560.090156555176 531.117085456848 301.637832641602 515.009715080261 546.684423446655 609.601299285889 473.942764282227 602.132125854492
624.869007110596 614.318031311035 603.999984741211 490.318683624268 377.606018066406 487.739774703979 429.340354919434 508.604633331299 510.462574005127 721.187385559082 559.121043682098 407.382537841797 376.765228271484 572.369605064392 663.488037109375 512.822507858276 560.056798934937 640.361721038818 608.358806610107 457.173732757568 571.762647628784 629.269477844238 675.040016174316 663.585906982422 768.508987426758 549.551856994629 678.82120513916 846.853157043457 756.308090209961 550.319953918457 642.263824462891 787.91926574707 428.574295043945 549.076956748962 481.290332794189 548.748723983765 401.989227294922 527.930479049683 453.156402587891 696.483825683594 560.21319103241 603.858009338379 637.181053161621 443.43334197998 580.595645904541 660.883888244629 588.504241943359 586.641225814819 501.645137786865 718.275772094727
462.92162322998 249.697845458984 402.845687866211 386.859893798828 371.791122436523 431.590255737305 508.213626861572 375.875198364258 435.584403991699 741.26424407959 563.984178543091 441.941696166992 506.77906036377 451.394950866699 521.745050430298 591.131412506104 668.321044921875 465.359924316406 602.950370788574 575.088313102722 667.725227355957 644.769836425781 650.464729309082 662.83122253418 536.560050964355 649.862594604492 642.300018310547 789.686950683594 1035.32562255859 618.246150970459 572.786338806152 601.198848724365 661.118148803711 553.15789604187 455.225738525391 476.522312164307 514.022926330566 417.834281921387 409.002914428711 542.51309838891 552.561641216278 581.692325592041 417.607276916504 550.50768661499 445.09481048584 459.631072998047 613.81787109375 740.254318237305 660.48575592041 570.60169506073
405.926567077637 425.546127319336 480.955280303955 320.352844238281 333.248428344727 593.844310760498 427.947761535645 614.065761566162 463.501449584961 590.223266601562 535.051822662354 386.772666931152 416.446655273438 565.594673156738 643.398956298828 677.030044555664 635.130081176758 523.491388320923 515.552703857422 466.327423095703 547.674180984497 603.476196289062 644.795341491699 406.544036865234 472.084548950195 562.265167236328 708.147735595703 758.176483154297 832.378902435303 859.294532775879 718.868156433105 630.406069755554 615.321441650391 588.097206115723 603.057273864746 468.144283294678 694.470123291016 524.782465934753 517.36302947998 484.527202606201 431.494186401367 514.864387512207 445.30982208252 501.0080909729 408.344680786133 551.118530273438 637.263275146484 565.928632736206 547.69451546669 650.733329772949
505.786964893341 383.159378051758 485.229042053223 532.664220333099 436.97819519043 439.706176757812 544.143388748169 401.440933227539 469.88610458374 564.349834442139 510.075675964355 529.670959472656 513.549808502197 748.836090087891 675.790916442871 631.608818054199 615.432281494141 460.354164123535 365.990783691406 498.556755065918 542.264744758606 571.60848236084 622.745590209961 631.019012451172 729.751556396484 584.134386062622 708.062759399414 585.609935760498 701.378051757812 683.499004364014 886.169906616211 591.713157653809 692.023258209229 544.799722671509 507.186767578125 690.852783203125 612.171409606934 667.792762756348 576.934111595154 650.57580947876 437.804626464844 626.150218963623 772.112483978271 670.402698516846 535.393615722656 570.671215057373 597.488570213318 581.916618347168 562.96067237854 511.658096313477
