export/dem/dem30.asc
NCOLS 350
NROWS 171
XLLCORNER 152620
YLLCORNER 418050
CELLSIZE 100
NODATA_VALUE -9999
[rows 44 to 65 of 171, columns 100 to 149 of 350]
516.842880249023 423.906824111938 625.691116333008 620.00944519043 545.228622436523 391.935371398926 435.044600486755 431.409195899963 339.709983825684 444.493739873171 236.600173950195 118.478698730469 281.716125488281 472.650354385376 249.611404418945 486.58571434021 472.131134271622 321.267608642578 339.387023925781 546.063003540039 565.065788269043 538.692268371582 553.531242370605 540.251129150391 499.199598789215 476.496263504028 520.879570007324 490.421577453613 521.164678573608 635.990196228027 437.942729949951 431.102870941162 519.439032554626 513.730857849121 344.090728759766 578.944366455078 593.71305847168 607.774688720703 497.894273757935 377.499794006348 369.954742431641 352.235046386719 358.025772094727 414.590522766113 426.458793640137 410.086555480957 380.404556274414 462.786838531494 528.610975265503 595.272911071777
424.712430953979 534.98420715332 662.907485961914 518.096717834473 341.89079284668 244.94157409668 488.409563064575 490.005634307861 615.489562988281 267.27571105957 354.987091064453 510.575439453125 452.450901031494 413.375198364258 430.813209533691 467.591512680054 411.315242767334 494.397108078003 435.422950744629 419.956517219543 477.855003356934 340.87776184082 592.38143157959 536.25887298584 508.132652282715 421.340103149414 553.463558197021 454.612222671509 503.203096389771 522.307430267334 548.498865127563 367.581352233887 592.248668670654 496.940039157867 580.786010742188 512.030975341797 603.260696411133 590.312461853027 541.43238067627 514.357316017151 509.775688171387 485.822942733765 443.156410217285 271.910980224609 352.926498413086 429.167762756348 394.344345092773 440.309101104736 516.921468257904 452.003761291504
414.273035049438 558.205574035645 496.970314025879 523.235801696777 461.562501907349 468.219291687012 418.560920715332 559.345985412598 431.683097839355 393.68236541748 445.189299106598 369.682369232178 465.922515869141 580.082809448242 352.698753356934 328.035720825195 365.404304504395 301.686721801758 185.843566894531 503.043659210205 512.111534118652 507.057113647461 526.341918945312 494.099366173148 500.961963653564 615.38883972168 501.079732894897 494.702236175537 428.071746826172 501.179491460323 440.800891876221 504.044713020325 390.295669555664 453.066120147705 306.190444946289 561.756484985352 627.437683105469 417.783229827881 360.839401245117 697.696685791016 495.677698135376 500.38759046793 420.511199951172 413.656509399414 388.829902648926 536.731109619141 547.746515274048 418.016479492188 556.942161560059 528.680862903595
403.46647644043 466.029264450073 501.217597961426 428.018993377686 432.230644226074 376.080520629883 450.824709415436 574.697845458984 454.309985160828 465.803491592407 422.42959022522 409.099788665771 397.01049041748 431.354037284851 455.949244499207 331.230941772461 282.562438964844 247.695953369141 394.814323425293 412.27322769165 400.455963134766 563.977401733398 460.052393913269 519.403774261475 459.338260650635 556.854454040527 428.956954956055 498.510455131531 415.187255859375 488.326999664307 441.668304443359 440.721496582031 497.713720321655 660.576995849609 479.512228995562 635.985977172852 567.960494995117 555.103858947754 516.590951919556 364.189346313477 545.988582611084 607.224609375 330.469360351562 531.415533542633 315.060821533203 464.860107421875 573.827819824219 409.17268371582 486.8561668396 334.167922973633
576.50358581543 453.954780578613 422.779861450195 496.43824005127 482.503257751465 555.869560241699 606.240966796875 457.183664321899 396.237251281738 429.111909866333 445.826803207397 384.279815673828 357.835472106934 461.618181705475 442.922441482544 196.272735595703 367.070899963379 402.975616455078 412.027896881104 480.663249254227 486.144652366638 473.651372909546 600.77897644043 558.731960296631 436.063053131104 561.827819824219 452.544040679932 386.948417663574 660.119384765625 498.927476882935 581.215534210205 403.667419433594 531.123313903809 565.318771362305 576.663162231445 562.222030639648 530.242763519287 644.937316894531 494.605093955994 460.625522613525 521.081842422485 425.43856048584 287.224136352539 449.36238861084 391.462631225586 449.218528747559 394.590339660645 509.880081176758 490.554529190063 480.554267883301
432.187601089478 562.387107849121 456.212347984314 436.560791015625 430.576307296753 570.463844299316 494.832633972168 487.699753284454 287.001190185547 267.214248657227 457.118813514709 487.86234664917 403.045562744141 348.278373718262 314.361389160156 414.009376525879 379.799583435059 420.905586242676 573.211032867432 334.491470336914 573.885818481445 536.266258239746 433.196376800537 438.428092956543 476.806806564331 480.278051376343 473.495601654053 477.984050750732 573.564914703369 370.222991943359 467.988735198975 606.251510620117 558.824844360352 602.221046447754 570.963157653809 578.309181213379 611.069137573242 468.667331695557 622.705024719238 527.558549880981 495.284365653992 422.518196105957 581.434715270996 525.856602668762 413.703811645508 285.837951660156 479.122819900513 545.323913574219 457.331218719482 641.113571166992
578.097763061523 473.296985626221 360.770439147949 440.109539031982 461.295339584351 481.631275177002 442.442878961563 461.494834899902 382.353477478027 574.292037963867 394.137718200684 447.06379032135 379.627899169922 418.045146942139 393.265731811523 403.552177429199 536.456310272217 424.957721710205 329.735794067383 457.546798706055 693.998123168945 656.281707763672 436.967079162598 427.920213699341 573.739246368408 587.820381164551 510.657493233681 580.572170257568 445.056533813477 479.97251701355 512.426198482513 698.515213012695 556.155860900879 693.216201782227 569.372203826904 565.07032585144 403.153381347656 537.909732818604 494.15158367157 532.975877761841 421.146049499512 638.923629760742 529.07705116272 588.121559143066 488.821805953979 387.422523498535 471.108615875244 607.756355285645 477.084349632263 541.193492889404
342.789154052734 271.975952148438 464.246519088745 271.99626159668 381.950592041016 467.637107849121 360.791618347168 645.698455810547 440.245559692383 444.606985092163 310.116790771484 377.931442260742 457.297826766968 442.844276428223 468.830691814423 647.610443115234 448.466785430908 410.204635620117 455.157638549805 661.899917602539 513.883865356445 576.621795654297 498.755749464035 432.722015380859 453.29027557373 477.392063140869 500.494607269764 525.662313461304 511.769410133362 571.74772644043 446.641860961914 599.262596130371 413.723236083984 653.126129150391 506.414680480957 446.098709106445 414.638526916504 410.654754638672 467.520290374756 477.31681060791 387.535713195801 471.776069641113 611.290367126465 646.148658752441 466.910400390625 416.191368103027 601.919769287109 403.189384460449 431.114692687988 418.602432250977
322.76734161377 346.343872070312 446.162708282471 490.88688659668 374.267627716064 391.678134918213 578.420913696289 499.850830078125 586.895065307617 463.03288269043 403.742729187012 441.691562652588 374.280570983887 402.795204162598 600.693695068359 443.043022155762 537.812557220459 392.083518981934 515.595062255859 529.553047180176 484.263310432434 448.62459564209 537.157373428345 539.8376121521 593.670227050781 504.027008056641 535.349807739258 519.704158782959 655.6455078125 501.755381584167 580.137214660645 603.939247131348 441.997772216797 354.419540405273 574.200588226318 484.25895690918 524.113005638123 511.486742019653 577.971809387207 385.741592407227 398.700721740723 494.974426269531 608.747291564941 586.773468017578 515.096019268036 614.221328735352 540.963817596436 539.48394203186 550.313453674316 473.399208068848
223.809036254883 341.875579833984 463.010063171387 413.216456413269 417.675705909729 484.164772033691 496.970268249512 375.579559326172 533.407291412354 560.318809509277 415.004875183105 432.753112792969 464.223898887634 685.163421630859 603.387382507324 433.655078887939 490.684543132782 540.977306365967 374.870971679688 553.647743225098 374.049057006836 476.158473968506 475.721656799316 500.521113395691 572.243515014648 428.763614654541 460.057918548584 561.851821899414 613.883262634277 572.66886138916 518.941132545471 386.80940246582 275.891143798828 443.35863494873 425.49681854248 395.250434875488 454.933204650879 528.017279624939 558.665826797485 608.003036499023 447.822052001953 611.640777587891 547.082872390747 504.281572341919 473.411781311035 578.163887023926 658.973274230957 504.578796386719 487.719203948975 485.609851837158
473.650344848633 376.125225067139 400.209218978882 577.877807617188 518.650299072266 377.913578033447 457.494762420654 514.087829589844 563.35856628418 508.179393768311 525.238010406494 490.7776927948 542.435989379883 437.710861206055 516.211709976196 463.442552566528 636.874176025391 384.142578125 537.657253265381 370.863075256348 516.035182952881 331.951034545898 357.981246948242 433.012145996094 472.958602905273 370.158996582031 630.077201843262 566.482353210449 620.282600402832 561.815574645996 523.545579910278 468.388931274414 432.880180358887 375.510437011719 432.323585510254 572.801116943359 675.179870605469 551.415975570679 419.068351745605 528.929374694824 557.883234024048 428.145439147949 597.689994812012 616.827926635742 532.995983123779 623.199600219727 671.856071472168 571.71800994873 733.3671875 620.355697631836
410.711515426636 262.179107666016 428.060811519623 432.808028936386 603.827705383301 535.047698974609 548.890727996826 547.652786254883 585.552459716797 518.488765716553 364.289009094238 541.823612213135 629.881790161133 456.931903839111 530.428913116455 449.700134277344 492.391549110413 511.279325485229 577.70768737793 515.173034667969 367.811668395996 518.534820556641 548.557716369629 533.14098739624 553.764389038086 663.206588745117 513.885946273804 468.434383392334 709.763031005859 688.341461181641 589.20930480957 436.179763793945 280.957397460938 307.837219238281 393.921752929688 561.684066772461 526.123988389969 547.121089935303 525.827923297882 541.0114402771 456.730506896973 714.821060180664 509.431343078613 635.985107421875 576.691944122314 639.052719116211 544.609042882919 696.112823486328 529.969715118408 640.834838867188
424.478553771973 395.521873474121 437.142796039581 470.890420913696 578.788787841797 411.550565719604 355.165977478027 420.972217559814 375.516212463379 535.023597717285 507.063798904419 532.482795715332 558.421432495117 596.79825592041 342.452392578125 482.110008239746 473.152538299561 607.195442199707 418.536354064941 418.649215698242 570.182426452637 605.37523651123 500.171469211578 540.33304977417 501.42064666748 470.212614059448 616.10668182373 455.151557922363 734.9147605896 575.752811908722 696.316940307617 492.970443725586 471.19637298584 503.26868057251 591.674877166748 558.642166137695 620.745407104492 647.921714782715 808.360321044922 723.498458862305 616.594749450684 778.721099853516 614.279281616211 657.767486572266 576.625230789185 574.695575714111 539.885405540466 530.610808372498 579.056268692017 632.277587890625
355.815078735352 469.42915725708 552.592338562012 512.447765350342 574.447204589844 502.110221862793 481.459761619568 428.846044540405 506.400856018066 445.812055587769 579.516464233398 485.985704421997 514.964771270752 383.027770996094 551.072319030762 468.239820480347 418.706588745117 521.156131744385 526.94091796875 563.482906341553 565.618869781494 459.176570892334 485.086475372314 495.299055099487 528.089939117432 535.452606201172 545.847696304321 510.611457824707 583.548828125 660.758560180664 678.743383407593 625.591067314148 453.362014770508 489.211086273193 593.582233428955 484.203308105469 495.213329315186 658.72233581543 757.750839233398 593.58579826355 717.463455200195 621.189331054688 592.369243621826 693.080993652344 705.714859008789 737.473510742188 536.171763986349 823.227996826172 609.709529876709 600.310813903809
281.255859375 382.187725067139 279.820495605469 544.236663818359 424.224100112915 491.538814544678 524.469123840332 483.904158592224 593.794311523438 465.548406600952 510.796047210693 419.78657913208 319.571640014648 509.260471343994 532.222145080566 293.313278198242 255.160888671875 326.61083984375 306.354019165039 438.075355529785 512.269596099854 658.250473022461 571.952667236328 577.068557739258 650.669723510742 532.683584213257 512.6970038414 434.986377716064 490.502912521362 534.592603683472 528.729785919189 715.505836486816 670.078639984131 577.934823989868 581.925465583801 552.11562538147 592.726951599121 502.014717102051 563.213592529297 535.128623962402 567.336164474487 565.601135253906 520.376382827759 687.963500976562 475.002716064453 481.352752685547 688.803291320801 689.143920898438 605.084712982178 537.705782294273
356.696472167969 550.549461364746 444.352328926325 470.608768463135 454.462004184723 650.830810546875 528.11254119873 505.593544006348 445.496509790421 520.242805480957 574.410469055176 413.97078704834 473.560981750488 356.387847900391 501.451427459717 432.179931640625 453.450481414795 219.020416259766 333.714462280273 361.944854736328 462.602136611938 542.155899047852 453.680631637573 644.723220825195 601.031471252441 623.230178833008 435.857093811035 470.379581451416 598.799613952637 584.607109069824 594.480781555176 404.302139282227 610.582450866699 656.916316986084 646.137729644775 563.019107818604 790.901351928711 543.222499847412 523.388961791992 572.127044677734 661.554016113281 554.384472846985 495.838371276855 651.230293273926 507.544708251953 557.572134017944 608.255336761475 649.037658691406 517.152381896973 501.974216461182
318.844551086426 446.100105404854 415.438541412354 451.148414611816 512.680587768555 467.766729474068 464.480397224426 451.332837104797 361.96004486084 452.359243869781 635.123336791992 436.594123840332 400.868869781494 393.532325744629 452.30464553833 480.657535552979 316.514495849609 453.224201202393 449.224208831787 545.036407470703 523.535863876343 546.103893280029 322.554977416992 421.867469787598 430.901374816895 438.20894241333 498.716328382492 460.331775665283 555.15795135498 636.816375732422 539.358514785767 424.587936401367 515.411022186279 551.41265296936 806.605865478516 419.896560668945 484.068351745605 389.966690063477 437.818656921387 577.874858856201 557.539142847061 540.253669261932 642.267318725586 557.353046417236 597.917308807373 636.556938171387 536.546739578247 680.35432434082 623.108476638794 657.503005981445
519.83048248291 467.332509994507 313.605072021484 624.794067382812 507.727127075195 400.994319915771 364.32984161377 492.37158203125 481.562576055527 512.835018157959 524.940071105957 606.823608398438 390.964462280273 573.321891784668 516.455982208252 456.670087814331 347.833450317383 410.253036499023 441.496513366699 483.478364944458 452.63537979126 558.516017913818 417.516868591309 473.085865974426 462.235953807831 417.281230926514 628.058532714844 420.255012512207 439.924263000488 456.494358062744 457.629192352295 497.574476242065 543.379716873169 491.200736999512 408.251678466797 480.420501708984 546.195125579834 433.273239135742 382.625350952148 501.087547302246 515.884637832642 480.256607055664 518.424110412598 691.043346405029 531.496717453003 707.245956420898 785.304832458496 554.466815948486 539.388835906982 647.601440429688
384.255210876465 520.121116638184 422.757364273071 542.037094116211 470.044328689575 513.27668762207 491.291919946671 450.055158615112 557.679794311523 608.024688720703 361.16822052002 522.351570129395 245.058090209961 548.126346588135 571.411560058594 458.817750930786 450.34741973877 469.038735389709 392.153213500977 513.57320690155 494.079326629639 613.119300842285 437.303516387939 379.286476135254 515.61025428772 448.622798919678 472.689233779907 575.57262802124 461.071899414062 438.680603027344 374.171722412109 426.824653625488 495.655055999756 604.906791687012 505.738721847534 573.160255432129 478.324558258057 376.510543823242 512.271711349487 456.332344055176 611.45100402832 620.201141357422 593.365295410156 484.096740722656 605.415200352669 452.324409484863 679.13599395752 459.578098297119 523.672857284546 666.123466491699
461.916030883789 540.046516418457 384.324363708496 439.872457504272 512.669082641602 500.227565765381 521.49792098999 466.187230110168 462.875825881958 491.06699180603 438.957172393799 474.511240005493 563.31290435791 512.86515045166 638.23469543457 580.820983886719 445.418922424316 502.387233257294 526.369132995605 516.769611358643 581.762672424316 422.660179138184 450.745091438293 441.160018920898 482.404466629028 597.539054870605 533.474282264709 392.247756958008 390.392707824707 505.125611782074 604.748077392578 474.226360321045 437.449920654297 412.890762329102 454.6868019104 547.751783490181 644.42505645752 468.711475372314 455.540832519531 654.725082397461 589.261375427246 569.893648147583 510.649521350861 547.95650935173 501.90523147583 367.466735839844 376.986022949219 420.725524902344 448.633010864258 472.95817565918
555.806610107422 591.272064208984 425.076362609863 456.140897750854 354.331024169922 511.735618591309 497.320690155029 516.373352050781 607.858581542969 616.740814208984 407.574443817139 466.004361629486 456.189079761505 435.480545043945 403.945472717285 494.977828979492 474.626317977905 469.625856399536 378.15746307373 397.877151489258 317.993942260742 536.237735748291 559.253944396973 508.449789047241 444.780784606934 541.245380401611 570.048538208008 478.984697341919 431.931083679199 540.408283233643 388.579147338867 460.710529327393 471.882347106934 410.970893859863 406.085250854492 567.02977180481 606.450508117676 505.232032775879 707.719161987305 542.127016067505 562.991289138794 454.399211883545 453.597206115723 478.041275024414 543.631842136383 587.680034637451 417.227767944336 488.358772277832 571.359148025513 412.761795043945
508.393600463867 407.354988098145 454.949773788452 408.651222229004 723.548309326172 571.390823364258 604.035888671875 439.187316894531 445.218647003174 557.62580871582 641.383148193359 428.34688949585 493.076877593994 452.772658348083 450.269668579102 457.617384195328 484.554446220398 585.058280944824 477.464731216431 287.889511108398 471.109497070312 481.791948318481 611.949462890625 527.526432037354 505.092924118042 601.42325592041 483.716795921326 434.442031860352 493.222202301025 553.292671203613 561.892505645752 452.172904968262 544.349126815796 548.244804382324 513.106511116028 496.078918457031 667.867477416992 568.900870323181 554.172101020813 520.037261962891 599.304428100586 454.32186126709 497.295116424561 479.45618057251 603.255149841309 564.525272369385 528.559746980667 588.963558197021 451.448631286621 336.675277709961
