export/dem/dem44.asc
NCOLS 350
NROWS 171
XLLCORNER 152620
YLLCORNER 418050
CELLSIZE 100
NODATA_VALUE -9999
[rows 132 to 153 of 171, columns 300 to 349 of 350]
912.716451644897 1045.15320587158 1655.54832458496 1414.29876708984 1017.92729187012 1207.30142211914 1593.01676940918 1564.32913208008 1406.7470703125 1408.93264770508 1343.52697753906 1276.89242553711 1124.20699691772 1431.14957046509 1602.12564086914 962.621829986572 1125.5923614502 1096.98724365234 998.328903198242 970.792037963867 970.674453735352 908.128982543945 793.270359039307 871.912330627441 900.852001190186 887.01441192627 854.230286598206 802.915512084961 953.525379180908 1005.60341644287 886.627056121826 1065.28225708008 998.521644592285 829.060440063477 -9999 -9999 -9999 -9999 -9999 -9999 -9999 -9999 -9999 -9999 -9999 -9999 -9999 -9999 -9999 -9999
776.577663421631 1064.80006408691 968.777534484863 1407.86329650879 1219.32116699219 1210.05862426758 1494.06805419922 1785.49234008789 1517.26257324219 1277.39436340332 1234.56323242188 1465.80047607422 1316.53907775879 1290.20695495605 1502.56349945068 1908.49194335938 1643.75595092773 2222.09753417969 1869.09579467773 1436.7674407959 1787.10206604004 838.055438995361 743.407783508301 774.122108459473 886.101715087891 825.937871456146 820.238991737366 1043.84798431396 977.621315002441 991.306419372559 868.209058761597 896.921451568604 876.627269744873 995.513172149658 -9999 -9999 -9999 -9999 -9999 -9999 -9999 -9999 -9999 -9999 -9999 -9999 -9999 -9999 -9999 -9999
962.215560913086 918.00757598877 941.084671020508 1081.23624420166 1193.32894897461 1178.87571716309 1403.83135986328 1557.16177368164 1357.00759887695 1299.90731811523 1358.94110107422 1424.63305664062 1371.23522949219 1140.26978302002 1501.12617492676 1435.76261138916 1332.83613586426 1471.16906738281 1296.81185913086 1060.22141265869 1199.19776916504 1352.65283203125 873.139163017273 950.64868927002 922.817752838135 785.932029724121 1027.84642028809 964.334915161133 1032.7614364624 990.527366638184 816.389080047607 718.628555297852 826.52173614502 849.466888427734 899.353645324707 -9999 -9999 -9999 -9999 -9999 -9999 -9999 -9999 -9999 -9999 -9999 -9999 -9999 -9999 -9999
970.341857910156 857.756202697754 1110.12110137939 1357.82234191895 1115.20440673828 1149.20097351074 1197.87295532227 1627.14721679688 1744.18817138672 1271.73529052734 1281.92027282715 1397.1371383667 1294.47454833984 1292.26666259766 1411.99208068848 1825.79028320312 1380.59107208252 1054.00196266174 995.036613464355 1058.13909912109 1002.3582611084 1163.4822845459 1125.06070709229 1017.92454910278 810.511978149414 758.455139160156 825.635612487793 818.709396362305 960.634208679199 933.36322593689 920.548803180456 925.339920043945 1120.93601894379 814.402801513672 944.184397697449 886.894638061523 -9999 -9999 -9999 -9999 -9999 -9999 -9999 -9999 -9999 -9999 -9999 -9999 -9999 -9999
830.721652984619 921.583946228027 930.488471984863 1027.10656356812 903.114906311035 1248.33018493652 1330.48150634766 1177.80090332031 1115.93011474609 1126.21215820312 1280.60545349121 952.029094696045 1232.92794036865 1660.82685089111 1221.67256546021 1146.68438720703 1021.2641582489 1183.22312927246 1019.64823532104 919.506958007812 1014.65161895752 1124.40376281738 1107.81300354004 1256.28115844727 922.857368469238 862.783401489258 880.247689247131 858.087610244751 780.430610656738 1020.31010437012 868.238098144531 1313.97114562988 769.539085388184 910.834922790527 717.609802246094 961.580539703369 -9999 -9999 -9999 -9999 -9999 -9999 -9999 -9999 -9999 -9999 -9999 -9999 -9999 -9999
839.624839782715 1065.56958007812 933.872459411621 1107.58618164062 830.833433151245 1291.99171447754 1165.38188934326 1137.05352783203 1080.73178100586 1090.54778862 1047.95936584473 1138.50283813477 1257.36397171021 1388.68564224243 1268.33639907837 1062.8787446022 963.692321777344 1022.24768066406 912.266252994537 952.207161903381 1089.57775115967 953.037578582764 1050.04301452637 952.003711700439 983.79914855957 1110.88932800293 1771.22177886963 923.821258544922 705.219062805176 910.397415161133 1265.22859191895 1020.3588924408 975.354164123535 883.787868499756 764.54256439209 846.377682685852 806.118232727051 -9999 -9999 -9999 -9999 -9999 -9999 -9999 -9999 -9999 -9999 -9999 -9999 -9999
983.053367614746 1012.1590423584 1068.33111572266 811.024753570557 841.941928863525 933.076446533203 1322.45392608643 1187.88380432129 1133.22077941895 1078.50277280807 902.246772766113 979.840040206909 1179.47664642334 1505.7304649353 1400.65905952454 1197.47509384155 961.653205871582 1076.93413543701 1001.26819419861 971.786939620972 1024.39714813232 1106.21337890625 1071.74073791504 1110.20641326904 1009.38724327087 1014.25169563293 897.405662536621 1017.50644302368 1176.00745010376 1262.81776809692 1138.90858078003 966.821137428284 804.765640258789 967.831741333008 860.186870574951 858.247884273529 828.355701446533 -9999 -9999 -9999 -9999 -9999 -9999 -9999 -9999 -9999 -9999 -9999 -9999 -9999
843.66576385498 861.896051883698 1059.87942504883 877.480537414551 918.100112915039 1269.22152709961 1293.00535583496 1099.61688232422 1049.0191116333 984.658544540405 959.950664520264 1009.20426845551 996.555530548096 994.24462890625 1510.81330108643 1754.15589141846 962.48889541626 1066.10485458374 993.078254699707 1127.71464538574 984.083156585693 791.531311035156 1084.6273727417 1026.42150115967 936.010061264038 895.344161987305 911.962852478027 972.718891143799 1103.28596878052 1026.07321166992 1035.21510601044 898.193008422852 990.696043014526 937.846416473389 832.894523620605 998.759811401367 926.084415435791 927.781772613525 -9999 -9999 -9999 -9999 -9999 -9999 -9999 -9999 -9999 -9999 -9999 -9999
684.665969848633 975.827110290527 951.588119506836 789.040620684624 913.926549911499 1010.36938762665 1126.65133666992 1069.82228088379 1084.5125541687 966.046669006348 873.152542114258 1089.32247924805 1049.06645965576 1098.25397491455 1270.04557132721 1450.51259899139 1087.11133384705 1082.51085662842 978.76043510437 995.795672893524 1314.99607849121 864.076686859131 977.098564147949 933.868560791016 785.49723815918 961.457171797752 997.045231342316 842.333938598633 896.368160247803 1086.08013153076 1179.71243286133 1084.14274024963 1093.07550048828 802.357192993164 921.42000579834 833.097343444824 793.380218505859 806.337966918945 -9999 -9999 -9999 -9999 -9999 -9999 -9999 -9999 -9999 -9999 -9999 -9999
751.385992050171 755.338064193726 1095.21336364746 934.82926940918 799.186325073242 980.555839538574 1151.27772521973 994.007858276367 1015.64090251923 1010.34553527832 912.364818572998 1042.13321304321 965.503936767578 1075.85637593269 1161.9447555542 1486.59097290039 1120.52949523926 1204.77926635742 1157.59408569336 1153.58124542236 941.171592712402 845.573753356934 928.870639801025 831.058082580566 804.741134643555 813.061538696289 888.016647338867 881.6904296875 706.716064453125 1018.58882904053 1220.56493377686 865.207550048828 1048.09620666504 1043.64041900635 895.236141204834 965.674263000488 826.537803649902 810.27571105957 818.39001083374 -9999 -9999 -9999 -9999 -9999 -9999 -9999 -9999 -9999 -9999 -9999
787.878643035889 811.207627296448 776.537406921387 669.526031494141 1047.95499801636 980.822319030762 1217.69396209717 1179.2272567749 1015.81169128418 1063.01352884155 881.395170211792 1101.79349517822 1063.12100601196 1208.74877929688 1548.26348876953 1041.44490432739 1127.66114807129 1007.51860809326 1085.47199630737 1310.75401306152 1330.83610153198 1172.31129455566 1409.64915466309 933.962600708008 938.484548568726 1068.93362808228 947.840599060059 904.806938171387 727.356689453125 950.940849304199 1125.32424926758 1128.98594665527 863.159507751465 1126.09020233154 880.796691894531 983.892799377441 952.939229011536 782.582443237305 738.071762084961 -9999 -9999 -9999 -9999 -9999 -9999 -9999 -9999 -9999 -9999 -9999
796.706100463867 665.029251098633 744.726380825043 598.901504516602 974.994911193848 938.161121368408 999.900993347168 1047.32637023926 872.09326171875 791.269523620605 930.539115905762 1032.90032958984 1175.27084350586 908.165649414062 977.437690734863 1538.03967285156 1141.79691314697 1129.05802154541 1147.00262451172 1071.73886108398 1057.20125579834 884.241607666016 1158.30250167847 1205.88184380531 960.845573425293 1101.96559143066 945.585845947266 864.21369934082 1015.66972351074 888.441040039062 1075.34587097168 1057.63757324219 1075.98718261719 949.337440490723 1122.7476348877 763.635513305664 854.140815734863 860.546661376953 862.149369239807 -9999 -9999 -9999 -9999 -9999 -9999 -9999 -9999 -9999 -9999 -9999
841.792221069336 654.384708404541 685.120452880859 592.166496276855 878.07096862793 649.997993469238 746.15994644165 682.467864990234 855.375595092773 748.537487030029 973.264846801758 806.161823272705 1002.74822235107 1006.17941427231 1022.1037902832 1045.54246139526 1524.54555273056 1182.75370788574 1049.59288597107 1092.2250213623 996.03706741333 947.336120605469 1072.77246856689 1340.83183479309 1147.3050775528 1059.24565505981 1640.01411056519 1000.69674158096 1054.85857343674 983.89778137207 907.086349487305 1017.54432296753 905.410711288452 598.210632324219 1035.0652923584 1027.58073425293 936.046533584595 820.476226806641 904.003679275513 823.965614318848 -9999 -9999 -9999 -9999 -9999 -9999 -9999 -9999 -9999 -9999
804.525989532471 790.284858703613 676.693664550781 841.478828430176 932.80046081543 795.226636886597 858.802139282227 766.276280403137 722.345146179199 755.145950317383 759.361595153809 843.674980163574 764.271688461304 864.664627075195 994.475769042969 878.596481323242 1016.81331253052 1063.07152986526 1608.98663759232 994.712995529175 974.28006362915 1043.81407165527 1133.7095413208 1036.75679016113 1521.29196548462 1641.14357757568 921.393035888672 1120.89868164062 1051.3051071167 1081.89855957031 1124.64242649078 840.511123657227 709.521102905273 942.972103118896 1107.73318099976 965.801544189453 932.159099578857 847.494438171387 764.516731262207 1048.75303649902 -9999 -9999 -9999 -9999 -9999 -9999 -9999 -9999 -9999 -9999
820.883781433105 710.579078674316 750.088050842285 795.409519195557 742.341464996338 810.177616119385 802.987230300903 899.010917663574 823.98307800293 790.377319335938 794.818237304688 826.183971405029 662.043586730957 662.480926513672 869.925174713135 931.442038536072 1045.21495819092 860.252960205078 1027.13463115692 1103.58125305176 870.086868286133 963.135341644287 965.685562133789 995.501502990723 997.222499847412 1415.85453033447 1182.7297668457 973.749475479126 860.526260375977 883.730377197266 1035.46563625336 1098.04430961609 897.288438796997 1131.98896789551 970.057636260986 947.0787525177 891.941833496094 842.154884338379 993.628944396973 869.210975646973 -9999 -9999 -9999 -9999 -9999 -9999 -9999 -9999 -9999 -9999
841.369487762451 877.687507629395 722.428176879883 864.826705932617 930.686401367188 774.609493255615 815.692279815674 743.961196899414 789.483249664307 851.298332214355 766.149475097656 755.607093811035 750.196746826172 577.340698242188 777.623470306396 929.890670776367 923.589447021484 1043.82010650635 1074.3422088623 1147.53280258179 1050.84648132324 1122.68517303467 1017.571641922 1034.09403991699 1129.80974578857 858.337905883789 1037.44941139221 1312.57047653198 998.085359334946 1036.0039691925 882.070281982422 754.520660400391 938.438226699829 1030.14890289307 888.004806518555 903.052379608154 994.652063846588 980.384830474854 915.188372612 912.250614643097 944.984382629395 -9999 -9999 -9999 -9999 -9999 -9999 -9999 -9999 -9999
834.948875427246 859.559425354004 858.526512145996 809.813804626465 820.520072937012 801.084285736084 858.796634674072 799.18487739563 671.996307373047 669.699111938477 656.533813476562 809.220367431641 949.170852184296 759.587646484375 634.506103515625 826.640653610229 754.394561767578 913.720436096191 1116.54455566406 986.32621383667 1153.03917694092 970.810157775879 1016.17001342773 1212.18138122559 1034.49150466919 1004.07305526733 941.534767150879 939.817310333252 943.065645694733 869.157461166382 737.54606628418 854.965480804443 890.511283874512 854.812015533447 941.220966339111 899.108986854553 1035.72050857544 1076.51257324219 898.915328502655 897.03924369812 873.220371246338 -9999 -9999 -9999 -9999 -9999 -9999 -9999 -9999 -9999
935.924179077148 819.078351020813 900.668930053711 886.128189086914 837.769691467285 744.948801994324 754.741039276123 903.622566223145 933.764945983887 814.382131576538 840.558765411377 775.805862426758 726.222091674805 957.171234130859 718.132553100586 743.148635864258 684.200424194336 768.085403442383 930.910232543945 912.591968536377 947.879661560059 1027.04852294922 1021.00115966797 1207.32348632812 973.885162353516 942.355281829834 754.092971801758 960.647028923035 930.320777893066 938.872710227966 837.526782989502 869.277660369873 851.975561141968 698.412612915039 869.082672119141 975.26114654541 861.314903259277 1073.89502716064 1032.55682373047 815.880905151367 1134.78192138672 879.794227600098 -9999 -9999 -9999 -9999 -9999 -9999 -9999 -9999
844.983421325684 774.433851718903 892.304840087891 815.412261962891 902.723083496094 739.350790023804 825.935043334961 815.234756469727 718.901786804199 807.443359375 944.685903549194 1051.99983215332 702.515441894531 919.559682846069 839.406555175781 667.414962768555 775.644538879395 898.935234069824 689.769798278809 905.773162841797 901.469163894653 1137.67974853516 891.491153717041 1088.31149673462 970.943542480469 974.455722808838 872.309600830078 823.989776611328 855.849838256836 896.514930725098 978.618377685547 834.669815063477 1002.49771881104 764.936965942383 837.634300231934 1002.68073272705 829.72590637207 1169.89962768555 800.971496582031 945.886183738708 1023.1409072876 1064.22229766846 -9999 -9999 -9999 -9999 -9999 -9999 -9999 -9999
800.722032546997 873.99275970459 913.48518371582 701.054656982422 855.660270690918 799.748538970947 813.721393585205 824.788763046265 780.580295562744 793.290050506592 897.232791900635 910.034913063049 959.565105438232 890.607201576233 1023.07986450195 968.486389160156 1042.63148498535 915.758094787598 804.034914016724 928.762107849121 994.724426269531 872.792289733887 940.032196044922 806.228366851807 895.724662780762 736.186714172363 893.137665748596 912.433513641357 796.953018188477 989.62104344368 898.96333694458 877.189365386963 895.549886703491 842.318504333496 959.010009765625 964.158504486084 869.480201721191 982.465259552002 793.932312011719 950.60054397583 985.309394836426 838.064208984375 938.991373062134 -9999 -9999 -9999 -9999 -9999 -9999 -9999
748.992481231689 789.957419395447 1002.51014709473 890.250938415527 632.897079467773 736.928825378418 722.64225769043 802.274662017822 955.76782989502 726.099380493164 850.409870147705 935.645065307617 938.37378692627 935.599716186523 879.394675254822 1114.5093536377 986.67663192749 1048.62401580811 960.709163427353 956.035161018372 1073.28479003906 885.821235656738 909.824264526367 798.72151184082 975.674461364746 925.435989379883 750.455009460449 762.518188476562 935.282424926758 990.780783653259 954.311401367188 881.819389343262 863.520637512207 936.918121337891 1218.16748809814 840.65364074707 892.322441101074 998.058135986328 1007.64643669128 903.543327331543 1070.1923789978 1019.78820323944 942.049171447754 -9999 -9999 -9999 -9999 -9999 -9999 -9999
1049.43920898438 885.256378173828 897.083099365234 1106.19857788086 836.910709381104 710.632652282715 915.597961425781 664.065971374512 845.092174530029 802.510601997375 755.277740478516 857.709594726562 889.049575805664 891.936237335205 718.099411010742 756.39185333252 963.828670501709 934.601469039917 918.668548583984 884.810813903809 1032.62275695801 1002.71641540527 954.920282363892 898.758889198303 788.579513549805 787.064399719238 835.941368103027 890.907828211784 819.999717712402 787.220664978027 852.613342285156 950.824020385742 940.966667175293 696.151580810547 1207.80940246582 916.769756317139 929.566017150879 930.93359375 860.021469116211 1084.92958068848 943.390281677246 838.755874633789 994.506567001343 1092.21168518066 -9999 -9999 -9999 -9999 -9999 -9999
