export/dem/dem48.asc
NCOLS 350
NROWS 171
XLLCORNER 152620
YLLCORNER 418050
CELLSIZE 100
NODATA_VALUE -9999
[rows 0 to 21 of 171, columns 150 to 199 of 350]
656.463954925537 592.62328338623 820.787460327148 -9999 -9999 -9999 -9999 -9999 -9999 -9999 -9999 -9999 -9999 -9999 -9999 -9999 -9999 -9999 -9999 -9999 -9999 -9999 -9999 -9999 -9999 -9999 -9999 -9999 -9999 -9999 -9999 -9999 -9999 -9999 -9999 -9999 -9999 -9999 -9999 -9999 -9999 -9999 -9999 -9999 -9999 -9999 -9999 -9999 -9999 -9999
642.381624221802 592.221710205078 867.740936279297 904.910659790039 818.488246917725 728.534530639648 644.482606887817 -9999 -9999 -9999 -9999 -9999 -9999 -9999 -9999 -9999 -9999 -9999 -9999 -9999 -9999 -9999 -9999 -9999 -9999 -9999 -9999 -9999 -9999 -9999 -9999 -9999 -9999 -9999 -9999 -9999 -9999 -9999 -9999 -9999 -9999 -9999 -9999 -9999 -9999 -9999 -9999 -9999 -9999 -9999
522.626503229141 504.717742919922 755.80500793457 511.197006225586 767.982414245605 714.749698638916 651.846466064453 612.016975402832 678.224739074707 715.344703674316 791.805431365967 644.882049560547 839.459136962891 807.694576263428 -9999 -9999 -9999 -9999 -9999 -9999 -9999 -9999 -9999 -9999 -9999 -9999 -9999 -9999 -9999 -9999 -9999 -9999 -9999 -9999 -9999 -9999 -9999 -9999 -9999 -9999 -9999 -9999 -9999 -9999 -9999 -9999 -9999 -9999 -9999 -9999
505.313331604004 658.382431030273 558.116310119629 698.391342163086 703.274089813232 614.418811798096 644.992895126343 875.936164855957 927.018775939941 952.553859710693 633.855270385742 558.420822143555 828.353721618652 770.12374830246 506.043090820312 593.848926544189 835.259763717651 1033.75762939453 891.340688705444 871.02799987793 962.896408081055 869.119976043701 989.645568847656 799.08358001709 721.014671325684 980.176177978516 781.071048736572 597.202865600586 680.132495880127 825.287551879883 741.320091247559 771.715293884277 713.455169677734 878.097145080566 819.878190040588 -9999 -9999 -9999 -9999 -9999 -9999 -9999 -9999 -9999 -9999 -9999 -9999 -9999 -9999 -9999
1070.24621772766 620.666229248047 555.576751708984 870.751335144043 954.990173339844 854.854537963867 741.038284301758 1109.03594970703 932.27458190918 831.362579345703 991.662260055542 575.694358825684 804.939235687256 747.791288375854 511.65650177002 553.19579064846 642.223976135254 819.287160873413 796.981496810913 596.204299926758 779.140026092529 910.78882598877 966.482414245605 858.213424682617 797.62401676178 905.513046264648 678.370559692383 859.851860046387 753.760791778564 891.906555175781 752.438850402832 691.276229858398 629.54557800293 822.620361328125 669.40807723999 633.791831970215 801.311157226562 699.681436061859 873.612281829119 904.432178497314 617.982231140137 586.470306396484 661.209895849228 690.965692520142 950.163146972656 887.729682922363 807.350406646729 948.26123046875 881.993385314941 994.694480895996
1185.5496673584 707.990184783936 895.421607971191 1037.39492034912 1213.21691894531 1018.06255722046 847.088554382324 820.763824462891 795.779678344727 820.714492797852 794.118698120117 659.312814712524 544.14453125 492.098365783691 645.779182434082 411.591979980469 674.880970001221 578.85578918457 583.276931762695 675.123302459717 656.887245178223 701.407466888428 961.297225952148 732.736328125 774.707550048828 790.866996765137 623.511936187744 603.12979888916 541.238815307617 629.362434387207 669.902488708496 625.453277587891 591.174438476562 704.80248260498 771.561157226562 651.503986358643 661.160808563232 874.765159606934 923.4853515625 871.664709091187 823.041618347168 578.485580444336 682.451055526733 710.807723999023 752.745948791504 753.158279418945 664.934074878693 711.782592773438 747.841789245605 884.132476806641
1124.15954399109 1178.80781841278 899.74390411377 839.383455991745 903.29842376709 873.971069335938 822.969146728516 795.737396240234 902.499038696289 905.535263061523 978.585411071777 637.974456787109 589.244812011719 350.421020507812 761.663642883301 698.947200775146 671.32511138916 604.868202209473 838.916809082031 680.392181396484 783.683017730713 655.688369750977 782.430433273315 575.265594482422 732.849098205566 677.234913825989 606.916893005371 647.21337890625 522.70645904541 824.261619567871 670.053379058838 795.219095230103 738.824737548828 672.606544494629 689.207866668701 880.557323455811 754.678527832031 843.234943389893 848.111814498901 896.522724151611 689.464324951172 811.144411087036 569.925506591797 776.270683288574 803.428436279297 658.24009335041 797.786560058594 722.747680664062 703.326160907745 802.576229095459
1121.45464706421 816.288352012634 744.327255249023 723.125087738037 977.898933410645 876.918472290039 910.941902160645 777.765090942383 899.378051757812 832.460174560547 820.814971923828 641.754058837891 779.915998458862 526.052879333496 860.01880645752 906.897003173828 595.849594116211 617.508491516113 571.197631835938 770.372750759125 1067.26116943359 1019.39194774628 707.420356750488 747.685478210449 746.901435852051 613.969020843506 694.188093185425 763.603912353516 642.653991699219 771.873448848724 536.16227722168 672.625183105469 741.868881225586 586.068733215332 704.069036722183 840.488214492798 772.071739196777 874.234642028809 926.307682037354 798.949600219727 766.887428283691 860.882452011108 760.729484558105 663.149826049805 817.70147895813 1050.57675170898 876.359039306641 897.356643676758 764.884410858154 741.309812545776
732.73882484436 649.396602630615 629.396583557129 694.342796325684 817.714309692383 731.277267456055 882.807662963867 869.362655639648 903.375457763672 950.815139770508 793.659008026123 707.811149597168 562.3681640625 652.916198730469 824.201043128967 588.676460266113 611.22575378418 736.067535400391 846.494508743286 877.286359786987 1098.23275756836 1187.33121871948 906.933460235596 907.97131729126 734.338268280029 850.198829650879 850.202705383301 738.526176452637 726.03645324707 829.361083984375 775.548240661621 718.26496887207 786.057807207108 667.542373657227 806.824366092682 951.246305465698 985.837871551514 924.848983764648 1095.047706604 914.412750244141 865.918678283691 807.810262680054 787.804466247559 747.29753112793 868.164205551147 1114.20707702637 993.064445495605 854.51065826416 800.029754638672 902.033111572266
650.51861000061 624.367431640625 715.044498443604 570.587715148926 598.739738464355 619.279235839844 552.047523498535 446.595413208008 456.672576904297 621.901931762695 451.581359863281 599.253280639648 644.491817295551 627.203544616699 739.980422973633 1018.43216323853 939.465660095215 647.60034942627 972.000885009766 687.930603027344 1105.51955032349 1088.10765457153 1120.76292419434 1235.03289794922 762.635967254639 747.737525939941 684.634780883789 728.516109228134 618.286659240723 641.363925933838 731.669700622559 727.171005249023 664.11149597168 661.519653320312 760.536211252213 1050.6360168457 950.224752426147 886.510688781738 987.449177742004 784.110656738281 673.267807006836 722.48868560791 790.101165771484 884.811592102051 966.873439788818 1051.49449920654 1252.03729248047 944.865119934082 850.699588775635 1029.76992797852
662.185810089111 613.831260681152 794.944717407227 637.932781219482 636.319721221924 437.818862915039 478.550399780273 564.271392822266 661.06196975708 452.895904541016 628.602928161621 570.082580566406 568.043144226074 592.14485168457 534.431640625 1126.36972045898 1055.75056838989 702.768836975098 1186.19979095459 833.153341531754 1104.86806488037 1076.68586540222 717.12281036377 993.676338195801 968.314016342163 1064.99047088623 676.001667022705 729.339393615723 596.972295761108 689.599578857422 832.341873168945 624.639442443848 655.56054019928 592.810607910156 751.804122924805 699.182754516602 860.524663925171 695.429336547852 813.441612243652 871.012313842773 554.820083618164 593.333343505859 871.461782455444 859.438529968262 857.049030303955 1289.97291946411 1010.97896575928 1260.65702056885 1393.08647155762 926.554168701172
507.634963989258 617.827327728271 676.438676834106 619.306239128113 593.372215270996 555.366004943848 486.166084289551 582.504832029343 550.704650878906 568.239532470703 457.632858276367 650.785107135773 509.675933837891 967.135986328125 640.722518920898 665.581680297852 812.69689655304 833.536474227905 772.246780395508 766.599346160889 674.474380493164 1206.66424465179 740.86595916748 687.271354675293 777.148391723633 786.30220413208 1325.50381088257 1273.34689331055 1108.33643531799 1190.7841758728 1121.56990242004 673.285575866699 628.03971862793 307.219665527344 497.568962097168 677.765865325928 689.027976989746 641.332065582275 654.874111175537 597.043548583984 874.273452758789 738.391780853271 803.659889221191 628.004417419434 736.57398223877 653.540786743164 727.215789794922 882.407379150391 1136.21779632568 841.199442863464
487.173049926758 609.273244857788 697.298334121704 743.6171875 798.793502807617 688.166206359863 520.629829406738 532.073558807373 587.511688232422 635.898147583008 652.969665527344 535.645278930664 1247.87956237793 816.357093811035 747.30012512207 481.981262207031 620.980049133301 508.264221191406 1111.32308959961 693.329071044922 649.524398803711 1051.22817611694 692.992042541504 686.559814453125 666.028686523438 760.202747344971 1025.18467712402 1280.83366394043 789.419128417969 1048.73461151123 1098.3081817627 709.854263305664 588.622024536133 546.257385253906 398.761657714844 749.784881591797 817.718292236328 635.99828338623 725.600484848022 755.568458557129 616.36328125 848.147071838379 821.319637298584 743.630481719971 685.647382736206 845.512634277344 703.294971466064 746.926483154297 800.670951843262 883.311614990234
607.822584152222 558.487865447998 680.462661743164 1270.27582550049 969.586334228516 1094.23080062866 990.837794303894 577.840637207031 572.047927856445 636.236228942871 760.692485809326 560.900047302246 534.844802856445 608.832214355469 726.55012512207 449.310516357422 710.079669952393 620.619354248047 862.254016876221 801.336193084717 822.669661521912 745.674932479858 1016.64575958252 602.21630859375 639.97265625 933.11932849884 1020.48136901855 840.840618133545 785.865142822266 759.23811340332 1330.81719970703 657.398300170898 482.133178710938 468.202514648438 611.926105499268 631.702178955078 749.373962402344 659.588897705078 635.949224472046 737.971664428711 685.445638656616 747.967439055443 809.264368057251 682.000713348389 737.356951713562 665.783939361572 822.790879249573 991.383541107178 959.758658409119 1014.47257232666
1050.03020095825 656.27801322937 527.803359985352 673.129993438721 612.057092666626 712.370628356934 682.913070678711 766.388572692871 669.80123090744 722.992515563965 576.158126831055 599.162101745605 592.020919799805 605.011596679688 1017.15933227539 587.207149505615 573.988021850586 465.244583129883 666.722076416016 717.58634185791 643.806213378906 769.310958862305 791.777786254883 584.171173095703 625.356925964355 713.773880004883 961.503036499023 828.339149475098 891.369514465332 647.12614440918 738.31721496582 896.012481689453 1168.20942687988 724.660148620605 692.997100830078 802.730386257172 668.828804016113 754.818574428558 645.665445327759 673.410702824593 722.928033828735 709.776905059814 753.817142486572 739.439811706543 704.493724822998 561.942565917969 645.375129699707 690.990814208984 972.316724777222 916.678497314453
532.894050598145 596.135000228882 686.342262268066 634.681007385254 684.874652862549 649.031465530396 611.472351074219 539.455116271973 696.500949859619 658.197473526001 609.539016723633 449.774757385254 414.291748046875 1134.40654754639 666.636459350586 918.59924697876 614.259552001953 655.166046142578 769.509506225586 1202.57354736328 1079.20218658447 854.793472290039 1384.5144598484 704.111099243164 794.808929443359 580.378692626953 913.702133178711 917.392959594727 864.039758682251 712.796142578125 717.759696960449 747.221162796021 692.558403015137 643.928817749023 550.964965820312 693.108215332031 843.618759155273 835.088478088379 807.005996704102 795.631973266602 653.351425170898 666.517311096191 696.216801047325 786.051399230957 673.943753242493 614.547695159912 694.559934139252 753.571212768555 649.863433837891 807.841819763184
659.721111297607 538.963470458984 547.78088760376 717.535057067871 577.677932739258 664.256038665771 585.858100891113 680.148562431335 684.383337020874 585.990837097168 542.601928710938 598.684487342834 1441.67412567139 1458.06757736206 715.690864562988 825.958106994629 746.103136062622 645.128524780273 735.317825436592 718.703628540039 1101.288230896 716.25615644455 751.452743530273 491.944091796875 796.909311294556 727.513252258301 1882.36427688599 1044.31488800049 715.423538208008 696.315692901611 818.870193481445 503.58935546875 721.452438354492 1145.12529754639 744.465339660645 663.60551071167 662.65210723877 1102.93190002441 1286.33670806885 644.53719329834 640.177799224854 820.035484313965 659.596069335938 874.44580078125 1055.18292236328 712.772281646729 948.138931274414 713.093418121338 619.642974853516 561.921920776367
481.570220947266 537.521415710449 505.117698669434 465.185928344727 770.842025756836 602.361328125 622.425541877747 554.345520019531 636.775695800781 491.561584472656 549.546249389648 389.789428710938 585.514099121094 674.474564552307 541.891586303711 1023.69470977783 512.674667358398 632.542785644531 561.790176391602 552.254837036133 551.927978515625 576.997634887695 759.545964717865 888.601432800293 855.273822128773 1125.84837341309 792.970806121826 682.986404418945 665.769302368164 894.031957626343 730.697940826416 766.133209228516 965.221460342407 547.265197753906 952.24645614624 588.971534729004 680.563621997833 645.63508605957 589.819297790527 687.318845748901 690.885559082031 827.807739257812 685.415142059326 636.868530273438 650.564880371094 623.950008392334 620.963249206543 641.644752502441 1073.06971359253 769.508712768555
614.228559970856 645.107618331909 768.008071899414 623.623874187469 514.531074523926 740.53190612793 995.140487670898 764.253540039062 584.762016296387 672.562146663666 570.262916564941 543.842956542969 473.890213012695 661.530277252197 624.852481842041 916.449279785156 1069.2064666748 1001.93379211426 779.492546081543 749.463447570801 575.895942687988 635.146423339844 993.99129486084 612.828811645508 1019.8310546875 612.167491912842 627.042831420898 582.061004638672 759.023567199707 659.006378173828 706.433486938477 784.61846780777 772.743423461914 597.849868774414 464.958358764648 1364.88683319092 763.305679321289 757.988922119141 769.469535827637 1098.12365341187 871.274978637695 896.998859882355 957.098056793213 987.159744262695 1196.08303070068 1170.84811019897 820.488297462463 708.764270782471 540.2646484375 610.876684188843
690.05793762207 695.503707885742 584.335781097412 570.126459121704 607.933302879333 791.146026611328 703.829521179199 672.010152816772 701.720243453979 416.048263549805 837.287368774414 630.819242477417 447.640014648438 514.753463745117 622.129100799561 518.133590698242 543.992012023926 488.410125732422 447.11589050293 586.358619689941 657.820343017578 635.443115234375 703.305595397949 887.788946151733 785.861282348633 585.901458740234 863.129371643066 881.546569824219 821.733299255371 634.901977539062 637.756683349609 716.634063720703 955.296970367432 670.944973945618 815.810020446777 877.351371765137 686.848209381104 743.749374389648 644.643383026123 525.460693359375 830.634475708008 675.566421508789 941.384407043457 661.835540771484 513.292831420898 686.465440750122 792.124015808105 537.420272827148 682.193120002747 653.01549911499
533.272537231445 606.802736520767 640.384246826172 676.371002197266 571.528274536133 540.225486755371 750.776481628418 573.322364807129 1255.38539886475 603.659683227539 678.502380371094 782.102233886719 633.761226654053 689.892158508301 552.915596008301 487.047149658203 429.65234375 675.014762878418 878.548382759094 911.875294685364 914.459510803223 550.544464111328 668.293853759766 892.292865753174 915.28367805481 848.654571533203 835.679756402969 568.74439239502 715.816923141479 557.465805053711 744.516670227051 766.438861846924 774.256561279297 607.870376586914 675.06836605072 654.463717937469 894.805023193359 603.570487976074 648.780656814575 588.747924804688 662.342849731445 759.794418334961 1271.49298286438 595.551002502441 627.139167785645 1123.08779907227 528.41520690918 528.194229125977 709.923648834229 935.519737243652
517.848922729492 529.396041870117 786.250854492188 723.672073364258 672.899124145508 779.2724609375 1091.82749176025 645.160985946655 679.995855808258 455.610015869141 681.972194671631 764.96603012085 579.136909484863 991.868988037109 584.15616607666 629.189910888672 669.343734741211 566.742744445801 1010.61782073975 579.380004882812 807.11457824707 1250.43865966797 934.554061889648 781.426546096802 635.560989379883 994.259799957275 808.518394470215 616.505439758301 1462.21681213379 568.512138366699 632.370193481445 718.088656425476 476.634956359863 636.147704124451 782.215606689453 739.789421081543 762.012176513672 722.238792419434 692.773641586304 703.183663368225 689.604782104492 663.015701293945 570.704116821289 442.058624267578 534.2666015625 1077.2232208252 662.062210083008 509.63355255127 803.597755432129 722.326105117798
