export/dem/dem43.asc
NCOLS 350
NROWS 171
XLLCORNER 152620
YLLCORNER 418050
CELLSIZE 100
NODATA_VALUE -9999
[rows 0 to 21 of 171, columns 100 to 149 of 350]
-9999 -9999 -9999 -9999 -9999 -9999 -9999 -9999 -9999 -9999 -9999 -9999 -9999 -9999 -9999 -9999 -9999 -9999 -9999 -9999 -9999 -9999 -9999 -9999 -9999 -9999 -9999 -9999 -9999 -9999 -9999 -9999 -9999 -9999 -9999 -9999 -9999 -9999 -9999 -9999 -9999 -9999 -9999 -9999 -9999 -9999 727.583481788635 689.235252380371 746.595680236816 724.13289642334
-9999 -9999 -9999 -9999 -9999 -9999 -9999 -9999 -9999 -9999 -9999 -9999 -9999 -9999 -9999 -9999 -9999 -9999 -9999 -9999 -9999 -9999 -9999 -9999 -9999 -9999 -9999 -9999 -9999 -9999 -9999 -9999 -9999 -9999 -9999 -9999 -9999 -9999 -9999 -9999 839.5009765625 787.708831787109 804.160587310791 864.717102050781 589.264743804932 733.444753646851 671.341163635254 783.390594482422 702.393630981445 537.618741035461
-9999 -9999 -9999 -9999 -9999 -9999 -9999 -9999 -9999 -9999 -9999 -9999 -9999 -9999 -9999 -9999 -9999 -9999 -9999 -9999 -9999 -9999 -9999 -9999 -9999 -9999 -9999 -9999 -9999 -9999 -9999 -9999 -9999 -9999 -9999 -9999 -9999 702.928112030029 780.259384155273 717.781044006348 721.673580169678 1019.4513092041 836.504364013672 876.096893310547 587.109252929688 568.817413330078 696.80940246582 687.439567565918 548.409189224243 711.397262573242
-9999 -9999 -9999 -9999 -9999 -9999 -9999 -9999 -9999 -9999 -9999 -9999 -9999 -9999 -9999 -9999 -9999 -9999 -9999 -9999 -9999 -9999 -9999 -9999 -9999 -9999 -9999 -9999 -9999 -9999 -9999 -9999 -9999 -9999 818.342132568359 681.61775970459 931.233238220215 686.465181350708 640.813821792603 652.670845031738 614.559745788574 668.151382446289 769.141090393066 733.198223114014 787.171752929688 674.318752288818 528.450820922852 771.145841598511 763.180786132812 617.788528442383
-9999 -9999 -9999 -9999 -9999 -9999 -9999 -9999 -9999 -9999 -9999 -9999 -9999 -9999 -9999 -9999 -9999 -9999 -9999 -9999 -9999 -9999 -9999 -9999 -9999 -9999 -9999 -9999 -9999 -9999 -9999 -9999 736.502063751221 678.911153793335 623.048828125 630.031074523926 616.415824890137 664.803173065186 683.650241851807 852.336547851562 751.76042175293 735.109840393066 704.118049621582 908.082046508789 880.450790405273 702.506380319595 805.246025085449 794.273918151855 721.598423480988 402.947601318359
-9999 -9999 -9999 -9999 -9999 -9999 -9999 -9999 -9999 -9999 -9999 -9999 -9999 -9999 -9999 -9999 -9999 -9999 -9999 -9999 -9999 -9999 -9999 -9999 -9999 -9999 -9999 -9999 -9999 -9999 682.652463436127 440.660003662109 560.997955322266 521.212684631348 493.206634521484 612.623176574707 859.855285644531 759.165687561035 834.190032958984 740.490589141846 863.294342041016 943.768280029297 794.984443664551 879.523406982422 924.194442749023 857.512699127197 835.212884902954 987.99853515625 748.644752502441 695.834306716919
-9999 -9999 -9999 -9999 -9999 -9999 -9999 -9999 -9999 -9999 -9999 -9999 -9999 -9999 -9999 -9999 -9999 -9999 -9999 -9999 -9999 -9999 -9999 -9999 -9999 -9999 -9999 637.152702331543 707.234199523926 625.142276763916 586.327102661133 520.496734619141 517.386405944824 444.202590942383 547.746543884277 482.427627563477 619.646148681641 710.262582778931 773.800628662109 762.663557052612 982.936965942383 931.405899047852 897.700042724609 795.830504417419 720.779541015625 849.188735961914 1108.35960388184 1083.01312160492 932.999793052673 986.876010894775
-9999 -9999 -9999 -9999 -9999 -9999 -9999 -9999 -9999 -9999 -9999 -9999 -9999 -9999 -9999 -9999 -9999 -9999 -9999 -9999 -9999 -9999 -9999 -9999 760.935403823853 658.689910888672 651.579303741455 765.232208251953 509.09676361084 454.135292053223 501.155639648438 572.632312297821 573.476930379868 590.005110740662 596.624454855919 573.63041305542 489.6162109375 654.665740966797 751.829002380371 834.198833465576 801.408737182617 815.727061271667 847.666023254395 919.638031005859 884.775058746338 1098.5629119873 1012.12497711182 1230.47496032715 1058.97339630127 1232.16925048828
-9999 -9999 -9999 -9999 -9999 -9999 -9999 -9999 -9999 -9999 -9999 -9999 -9999 -9999 -9999 -9999 -9999 -9999 -9999 -9999 -9999 -9999 749.235443115234 777.558979034424 587.987873077393 745.040344238281 721.379417419434 518.642616271973 514.097747802734 617.637985229492 711.04850769043 545.01106262207 493.45777130127 463.676315307617 544.367816925049 611.309560775757 636.342952728271 657.481689453125 765.378940582275 878.908363342285 929.836429595947 733.979722976685 640.936279296875 756.368507385254 722.01053237915 1216.06031799316 725.275025844574 662.879280090332 707.141725540161 559.313270568848
-9999 -9999 -9999 -9999 -9999 -9999 -9999 -9999 -9999 -9999 -9999 -9999 -9999 -9999 -9999 -9999 -9999 -9999 -9999 1112.40085220337 762.542182922363 833.782257080078 720.114452362061 680.78023147583 534.384683609009 382.580581665039 558.848838806152 530.934936523438 621.56827545166 560.794090270996 500.124176025391 718.247573852539 529.08833694458 592.536617279053 587.367810249329 526.333782196045 621.212078094482 680.115982055664 609.762962341309 615.689315795898 720.720901489258 522.671829223633 685.276846408844 603.552207946777 624.417419433594 705.993675231934 707.707277536392 608.609199523926 809.340301513672 547.093688964844
-9999 -9999 -9999 -9999 -9999 -9999 -9999 -9999 -9999 -9999 -9999 -9999 -9999 -9999 -9999 -9999 -9999 1025.55579376221 922.737670898438 1039.45271682739 612.424179077148 692.787326812744 542.84997177124 584.491516590118 478.169364929199 825.106399536133 714.050724029541 694.88267993927 653.976139068604 796.041885375977 730.522663116455 570.0785779953 453.084373474121 765.715911865234 620.289581298828 568.67193031311 655.698844909668 666.011611938477 713.922740936279 605.51619720459 703.415060043335 590.712448120117 432.460968017578 727.809467315674 770.614685058594 616.857429504395 615.038173675537 728.35493850708 785.849678039551 593.581974029541
-9999 -9999 -9999 -9999 -9999 -9999 -9999 -9999 -9999 -9999 -9999 -9999 -9999 -9999 639.891233444214 604.993682861328 684.163722991943 943.356872558594 905.826560974121 995.571331977844 1021.44223403931 642.625346422195 766.88102722168 603.018677711487 587.854957580566 766.29386138916 846.901245117188 667.78076839447 815.552795410156 882.199737548828 781.818916320801 610.092014312744 604.306760787964 698.742340087891 611.696506500244 544.593159675598 624.497581481934 572.388948440552 747.52946472168 586.451171875 667.063138961792 734.913879394531 550.860511779785 524.353378295898 646.755130767822 589.397964477539 621.858924865723 638.619434356689 654.826797485352 624.121084213257
-9999 -9999 -9999 -9999 -9999 -9999 -9999 -9999 -9999 -9999 -9999 -9999 656.989562988281 668.264701843262 477.303817749023 545.420486450195 647.364280700684 566.441947937012 889.483413696289 833.424224853516 901.328170776367 635.479572296143 537.42813873291 485.493614196777 570.786933898926 805.564010620117 885.184188842773 720.172538757324 790.698600769043 740.628101348877 589.85361289978 585.269653320312 440.86437690258 590.047962188721 654.151405334473 686.354187011719 632.985931396484 678.986436843872 631.980155944824 606.525184631348 656.688873291016 573.028869628906 567.952255249023 619.485885620117 615.06356048584 595.247608184814 564.491500854492 694.33518409729 595.773265838623 469.768676757812
-9999 -9999 -9999 -9999 -9999 -9999 -9999 -9999 -9999 -9999 740.90979385376 771.636526107788 718.167175292969 650.857009887695 615.558082580566 502.902687072754 604.035697937012 689.213661193848 451.266021728516 644.622291564941 591.577615618706 507.302032470703 554.261192321777 797.566314697266 825.524391174316 861.017616271973 762.026304244995 798.386528015137 754.196395874023 645.780952453613 655.929656982422 663.129806518555 442.568866491318 421.081970214844 589.682859420776 760.193725585938 480.161727905273 804.671020507812 662.761859893799 574.608310699463 571.927490234375 566.548332214355 522.78303527832 583.902862548828 595.690315246582 671.141910552979 671.409614562988 742.113792419434 551.204154968262 599.53351688385
676.681976318359 726.087207794189 729.603601455688 649.296493530273 614.311981201172 587.020408630371 631.765533447266 377.806304931641 390.224411010742 285.877395629883 676.970480918884 688.339687764645 669.644479751587 595.026546478271 660.153888702393 454.404876708984 572.537910461426 505.604942321777 578.041309356689 531.467777252197 591.196423411369 670.195802688599 776.029090881348 784.264106750488 750.333927154541 728.407244682312 623.624931335449 834.694999694824 679.235348701477 516.702857971191 582.040634155273 600.551972389221 410.093101501465 539.665794372559 654.228309631348 571.880043029785 664.363744735718 612.766453742981 583.940063476562 598.744445800781 658.966925621033 660.685125350952 482.47290802002 531.430107116699 512.810623168945 487.871917724609 546.199752807617 585.751612186432 555.335025787354 755.918048858643
614.593055725098 605.536727905273 652.902626037598 405.772918701172 610.475463867188 316.790817260742 215.271392822266 316.969879150391 316.073364257812 272.028610229492 681.373631000519 778.54857635498 715.517936706543 656.903099060059 698.205551147461 538.166023254395 494.128509521484 542.407299041748 507.511856079102 811.164772033691 724.786417007446 740.667545318604 711.691581726074 743.016815185547 739.68879699707 625.459540367126 569.318313598633 388.710723876953 488.428184509277 688.971420288086 558.772914886475 579.986728668213 780.778305053711 517.203140258789 711.53385925293 871.824798583984 655.303045272827 592.530860900879 649.104747772217 670.264739990234 493.567840576172 515.613296508789 509.3232421875 599.406871795654 716.596723556519 1208.41014146805 884.551292419434 593.451263427734 591.69171333313 587.127460479736
433.509521484375 509.038375854492 553.501647949219 603.623870849609 623.088357925415 433.528938293457 486.452880859375 470.940679550171 400.396518707275 398.617950439453 573.923358917236 525.120632171631 550.259162902832 585.97435760498 605.522724151611 783.426876068115 814.711387634277 705.624755859375 744.038795471191 603.106857299805 594.416168212891 1006.14321899414 577.603935241699 703.606689453125 614.196620941162 643.042025566101 518.436044692993 643.090522766113 402.686641693115 571.095962524414 618.341381072998 691.008155345917 655.168891906738 928.906364440918 576.537815093994 756.845539093018 628.989711761475 371.659561157227 570.830020904541 510.820602416992 562.572792053223 647.179397940636 846.04541015625 863.378564834595 569.193176269531 700.206130027771 545.639907836914 501.77326965332 707.851013183594 595.685789108276
460.940628051758 487.252151489258 591.072093963623 519.603736877441 628.586471557617 697.085666656494 681.280914306641 1036.54843139648 484.174041748047 461.756805419922 566.423156738281 321.818862915039 368.678329467773 689.013263702393 832.146049499512 616.836036682129 643.386352539062 905.178375244141 505.551179885864 847.614200592041 758.193607330322 736.510489463806 536.095634460449 784.875900268555 714.968906402588 595.868010044098 611.260322570801 748.386130332947 759.80842590332 782.263381958008 692.401092529297 796.933433532715 571.952056884766 555.896667480469 536.971542358398 1105.34701538086 498.084838867188 540.443649291992 595.14079284668 677.416414260864 1142.81903839111 681.984252929688 583.459499359131 553.071399688721 579.498779296875 668.115051269531 613.818801879883 577.337028503418 463.334533691406 529.278759002686
659.399361133575 520.48991394043 899.003067016602 615.648730278015 704.611270904541 536.1689453125 664.393661499023 982.637405395508 417.158615112305 688.34058380127 428.473419189453 642.369121551514 656.655981063843 655.352005004883 494.498828887939 518.341232299805 607.968284606934 722.362562179565 551.443534851074 566.230850219727 554.424057006836 724.379343032837 698.329860687256 633.583572387695 472.926170349121 560.160411834717 533.577811717987 591.764797210693 1226.47483825684 950.393478393555 674.263161182404 949.386413574219 1114.89818572998 1155.71164703369 816.215354919434 1112.15553283691 1369.23204040527 936.132192611694 417.214385986328 643.650717735291 581.115518569946 496.193771362305 451.433044433594 577.342574119568 532.029289245605 661.787107467651 647.351326704025 525.19571685791 536.339477539062 608.809254646301
655.828056335449 706.840740203857 1046.09341430664 571.331161499023 827.02960395813 578.291870117188 899.081398010254 1111.55690765381 1052.44104766846 736.735766410828 895.018482208252 733.911376953125 764.714431762695 995.835500717163 572.126842498779 1049.84575653076 474.341094970703 625.719841003418 403.63020324707 960.144790649414 892.087014198303 730.215925216675 565.833602905273 503.23030090332 1272.94073677063 1183.50621032715 873.396335601807 647.882900238037 649.124828338623 553.39702796936 610.624938964844 718.107559204102 626.855049133301 679.387062072754 531.385429382324 1318.44297790527 554.986389160156 630.653533935547 630.617736816406 528.868148803711 661.271297454834 467.926559448242 656.029496669769 491.446166992188 638.397776603699 617.545260429382 616.570832252502 470.301902770996 760.493949890137 714.166366577148
646.020416259766 409.44953918457 497.18431854248 488.927055358887 423.340896606445 645.150375366211 799.152015686035 526.540138244629 1056.25542449951 676.299728393555 627.745262145996 1107.67545318604 555.132965087891 800.369735717773 1104.035987854 949.224639892578 1053.01136779785 1041.54615783691 592.630859375 628.668124675751 657.897659301758 370.201293945312 1060.04809570312 545.018493652344 569.40807723999 1158.10960388184 593.354942321777 642.4657330513 574.592180252075 698.47282409668 602.629135131836 627.268123626709 578.465749740601 723.725341796875 592.870819091797 629.099647521973 689.019813537598 684.631694793701 658.321376800537 447.258880615234 513.378555297852 623.445915222168 580.204933166504 658.1142578125 576.458972930908 714.687219619751 641.830208778381 659.831991195679 387.375106811523 593.736899375916
436.674255371094 468.318313598633 407.886260986328 586.517791748047 297.873565673828 883.371720314026 565.779602050781 834.837635040283 696.027494430542 676.547233581543 679.826541900635 886.298997879028 685.890586853027 626.421035766602 481.053009033203 2242.78196716309 977.734619140625 635.108306884766 365.625137329102 920.330268859863 734.065582275391 437.285110473633 466.763519287109 1135.58156585693 1180.27502441406 1456.76261901855 1064.57949638367 889.991912841797 523.368618011475 563.779970169067 489.184295654297 656.229198455811 548.624938964844 607.372360229492 549.854446411133 512.684501647949 660.377096176147 569.459297180176 744.490901947021 484.945114135742 449.600708007812 579.453144073486 600.243309020996 512.022155761719 675.200988769531 659.530389308929 576.556480407715 599.790481567383 397.241683959961 586.551956176758
