export/dem/dem41.asc
NCOLS 350
NROWS 171
XLLCORNER 152620
YLLCORNER 418050
CELLSIZE 100
NODATA_VALUE -9999
[rows 66 to 87 of 171, columns 150 to 199 of 350]
376.530227661133 487.909683227539 519.311935424805 450.000717163086 571.464004516602 691.717651367188 502.174713134766 444.106521606445 573.190640449524 578.597601890564 517.524440765381 530.691207885742 472.706924438477 458.840278625488 504.786827087402 408.730560302734 490.76579284668 462.334686279297 483.096580505371 525.496913909912 642.359371185303 643.42667388916 686.286895751953 572.872992277145 625.819122314453 756.48518371582 489.808288574219 527.427505493164 536.887966156006 622.167183876038 580.35425567627 506.582908630371 601.706632614136 553.609828948975 634.355564117432 725.42342376709 599.707196235657 489.836654663086 569.287818908691 602.477691650391 626.525144577026 636.260996818542 476.605072021484 713.546825408936 590.587085723877 658.960363388062 718.897392272949 657.429656982422 648.33330821991 859.330139160156
460.377090454102 557.546144485474 478.691558837891 643.559440612793 531.615285873413 627.381538391113 471.324272155762 462.659950256348 441.676719665527 284.457763671875 433.800643920898 526.676445007324 699.185470581055 694.570648193359 568.446514129639 514.486385345459 549.153303146362 487.51921081543 527.063209533691 661.791923522949 690.761817932129 587.417198181152 740.323928833008 572.796228408813 706.842498779297 727.188934326172 595.926301956177 567.000434875488 595.808323860168 520.433868408203 506.167320251465 351.927673339844 468.503540039062 548.383047103882 564.26197052002 404.740661621094 615.930334091187 633.781888961792 541.935501098633 658.079509735107 500.60521697998 520.711051940918 467.370391845703 609.109622955322 649.852582454681 615.161581039429 538.310478210449 782.734321594238 727.372375488281 749.373756408691
627.33544921875 681.063888549805 606.098495483398 522.917646408081 490.411479949951 402.465850830078 580.128913879395 464.110504150391 299.563613891602 439.366561889648 578.425765991211 432.464790344238 510.295427322388 368.599090576172 531.001068115234 488.585376739502 615.382202148438 451.721588134766 416.281143188477 515.733825683594 480.670188903809 736.055130004883 563.651013374329 647.899612426758 684.130378723145 641.135684967041 383.15007019043 549.202163696289 556.910667419434 488.401725769043 648.481060028076 654.295970916748 630.581161499023 712.023551940918 611.472301483154 487.36547088623 601.290111541748 616.333065032959 687.089782714844 429.507705688477 485.309661865234 554.92008972168 612.554412841797 810.112579345703 595.391433596611 683.198358535767 762.137107849121 742.112945556641 668.747524261475 769.34228515625
606.884265899658 473.514991760254 583.587205886841 487.91259765625 631.123344421387 542.239929199219 294.42578125 468.016906738281 487.114738464355 569.304368972778 463.940589904785 380.029113769531 405.339462280273 532.811800003052 379.694030761719 661.991630554199 473.340400695801 677.988510131836 514.501708984375 575.882995605469 699.29451751709 434.858093261719 638.478042602539 671.681747436523 626.326545715332 550.285429000854 455.435371398926 522.097267150879 493.608924865723 573.592751502991 575.856506347656 646.819648742676 619.172779083252 643.761295318604 608.870004177094 670.339508056641 478.345718383789 631.722278594971 599.758953094482 577.187442779541 522.566123962402 661.918518066406 661.519172668457 670.148212432861 692.273090362549 698.577156066895 626.90593868494 628.358281612396 688.703964233398 637.685964584351
577.039931297302 650.512367248535 530.293056488037 530.520359039307 545.792469978333 511.375040054321 502.1032371521 570.874271392822 410.43872833252 539.715440273285 410.823257446289 510.952480316162 272.40380859375 466.783996582031 484.855712890625 560.609749317169 472.167198181152 530.551013946533 612.904947280884 782.310501098633 508.072860717773 652.313919067383 544.417320251465 572.187602996826 690.983551025391 571.23010635376 665.864028930664 646.743988037109 371.159164428711 677.529090881348 549.539125442505 703.295829772949 641.405948638916 647.960720062256 598.749627590179 625.239151000977 647.666969299316 706.709060668945 655.734119415283 627.577812194824 711.530166625977 651.008010864258 700.158958435059 719.269859313965 732.114219665527 744.770988464355 823.22282409668 758.964248657227 805.8779296875 697.515197753906
508.537246704102 577.511477470398 498.481727600098 509.755516052246 459.495880126953 432.551254272461 618.268203735352 496.374450683594 586.636058807373 500.251937866211 462.095222473145 540.948376655579 602.264282226562 475.008697509766 470.727012634277 478.641319274902 630.761615753174 517.729469299316 536.318073272705 642.915645599365 556.534652709961 560.927093505859 569.345638275146 626.237186431885 674.306861877441 666.821708679199 556.778594970703 555.257228851318 482.502151489258 631.862329483032 596.405194282532 598.473028182983 642.114669799805 633.844415664673 617.807721138 593.903379440308 544.569061279297 655.099113464355 678.182525634766 523.746788024902 456.015151977539 616.52271270752 627.444839477539 613.50591468811 779.759918212891 792.373550415039 722.438842773438 672.763114929199 737.825698852539 748.178833007812
460.642478942871 456.23526763916 623.044441223145 519.395725250244 457.013404846191 469.88907623291 532.203145980835 397.167266845703 434.895317077637 560.808246612549 482.283836364746 680.280807495117 579.781440734863 581.936705589294 643.934638977051 536.369729042053 503.745342254639 507.25129699707 639.345069885254 586.062382698059 642.438495635986 598.668923854828 768.817443847656 578.093915939331 739.934280395508 655.48547744751 567.594085693359 615.809230089188 526.482727050781 680.707954406738 488.676132202148 658.06001663208 822.447601318359 720.034561157227 650.085048675537 636.651123046875 779.473281860352 564.843343734741 485.434066772461 678.94669342041 689.362770080566 619.766612052917 514.402145385742 586.899646759033 735.821517944336 697.973358154297 762.524780273438 726.506088256836 728.745361328125 726.325836181641
632.367530822754 712.888763427734 586.20178604126 423.731323242188 439.356269836426 559.684728622437 610.447052001953 468.324653625488 421.44514465332 430.842155456543 576.755416870117 500.971630096436 658.241302490234 588.447229385376 549.87607383728 500.944290161133 628.164066314697 471.990112304688 560.363204956055 756.544982910156 717.039848327637 578.528308868408 640.340414524078 650.502300262451 633.584327697754 525.030914306641 476.147163391113 586.81884765625 641.094928741455 578.07125377655 639.780639648438 471.591606140137 653.390041351318 609.155057907104 539.651676177979 541.765609741211 610.19884967804 688.62621307373 530.991661071777 626.923851013184 587.569555282593 718.634216308594 527.986717224121 567.569379806519 624.566282272339 718.313117980957 676.052856445312 547.203552246094 726.80729675293 660.313680171967
436.735084533691 483.864768981934 468.226997375488 522.053009033203 424.885345458984 487.564102172852 519.446132659912 591.835025787354 572.329203605652 554.646743774414 468.166473388672 704.200271606445 664.557624816895 489.495941162109 613.508762359619 615.59485244751 504.372840881348 597.391960144043 604.698410987854 576.090171813965 730.102066040039 624.517126083374 483.110656738281 786.461776733398 540.97412109375 577.88533782959 702.079933166504 694.420120239258 614.181994915009 520.558418273926 759.967330932617 663.105728149414 596.765839576721 583.832800030708 642.628372192383 562.281772613525 536.139610290527 629.309829711914 376.189376831055 511.741355895996 697.151977539062 570.996696472168 705.443740844727 562.581634521484 643.600631713867 637.883666992188 552.555515289307 591.201578617096 635.0689868927 574.284568786621
668.668350219727 477.138320922852 565.741956710815 507.15055847168 427.670227050781 709.967864990234 557.762809991837 604.26815032959 443.752044677734 639.214866638184 475.815162658691 444.93733215332 539.397304534912 609.385862350464 646.086414337158 521.326309204102 662.052284240723 521.30818939209 503.190994262695 646.901084899902 582.339599609375 561.902980804443 735.1842918396 737.747375488281 697.88477897644 581.492956638336 560.520294189453 644.35717010498 768.310485839844 600.242758274078 620.035285949707 636.290103912354 787.019241333008 534.007705688477 612.736122131348 501.864570617676 533.505409240723 586.142523646355 472.949867248535 507.238372802734 699.894617557526 478.646881103516 615.8216381073 630.88623046875 710.836784362793 531.055946350098 617.304420471191 546.04846572876 549.583789825439 547.860038757324
618.128513336182 642.071142196655 797.68350982666 922.868848800659 570.532326698303 427.82958984375 504.426597595215 477.904319763184 537.306446075439 500.080772399902 592.423240661621 560.071177959442 686.065498352051 679.582122802734 728.722328186035 563.932083129883 753.574462890625 579.213371276855 539.227094650269 611.471343040466 643.078921318054 678.645534515381 561.567970275879 609.703398406506 682.008192062378 516.694374084473 475.220199584961 628.788297772408 607.775078773499 534.395980834961 475.042976379395 376.633819580078 682.545364379883 528.028079986572 540.35746383667 726.746513366699 483.117309570312 406.751647949219 470.558868408203 596.845708847046 759.537418365479 555.11483001709 501.38646697998 638.460109710693 668.823837280273 512.484298706055 594.370822429657 690.472869873047 656.894599914551 555.59183883667
365.899307250977 453.854568481445 585.111404418945 527.631950378418 568.208721160889 599.763534545898 647.493881225586 393.548782348633 592.974170684814 574.337373733521 498.594467163086 513.966011047363 548.630653381348 525.763362884521 568.445052146912 626.728302359581 582.702465057373 731.983184814453 700.266162872314 699.67366027832 702.482131958008 724.022491455078 614.982040405273 622.613975524902 920.94450378418 813.386386871338 610.464418411255 560.538764953613 615.587507724762 701.744812011719 777.892379760742 690.066848754883 477.113441467285 605.622321128845 547.701999664307 636.813961029053 643.153631210327 581.246479034424 570.694602966309 555.6276512146 549.332092285156 585.565539360046 713.348701477051 617.937135696411 520.826057434082 518.222457885742 571.754497528076 661.161067962646 686.10334777832 719.585289001465
472.372581481934 484.373184204102 469.756223678589 504.509689331055 653.085706710815 686.180152893066 616.856388092041 696.919380187988 640.323616027832 636.089460372925 582.630101174116 566.633679389954 606.985113143921 494.241142272949 558.986621856689 642.129831314087 608.944375038147 554.083366394043 607.921855926514 697.903333187103 491.994018554688 444.834869384766 678.015548706055 605.624465942383 592.349004745483 527.359962463379 605.921009063721 530.828742980957 640.552485942841 764.944549560547 664.924170732498 649.576726913452 637.012334823608 550.434970855713 748.166213989258 622.967050552368 457.717956542969 418.391220092773 542.693328857422 484.51668548584 651.399297714233 579.019233703613 527.404312133789 533.699676513672 473.166702270508 543.303256988525 500.572532653809 512.81640625 516.43383026123 631.974765777588
628.924858093262 559.121704101562 683.586494445801 580.603271484375 810.937553405762 586.565276145935 655.017883300781 533.477760314941 665.716186523438 668.336006164551 561.163993835449 662.261306762695 494.190536499023 483.291625976562 868.104545593262 796.68017578125 771.431297302246 793.713348388672 610.548854827881 689.712162017822 715.799507141113 740.320022583008 619.562694549561 612.944648742676 782.834182739258 581.834983825684 637.129016876221 613.779495239258 755.553161621094 690.157688140869 551.663803100586 579.51912689209 598.961372375488 852.246154785156 668.651172637939 731.236831665039 573.744962692261 684.034782409668 507.644706726074 628.924365997314 606.855700492859 586.053394317627 703.590621948242 484.090301513672 472.686042785645 609.342793464661 593.747659683228 489.352767944336 588.891628265381 567.189884185791
507.404758453369 340.413024902344 543.646987915039 806.860614776611 652.674001693726 663.31372833252 612.118152618408 505.625663757324 637.365334510803 535.981307983398 690.219261169434 543.830966949463 661.901859283447 1026.44029998779 1011.51300048828 630.073489189148 805.28581237793 711.024251937866 704.907653808594 688.548095703125 705.823852539062 658.567840576172 704.186630249023 766.303634643555 683.12336730957 698.767063140869 756.117401123047 591.09842300415 735.729574203491 539.117164611816 660.421209335327 726.839729309082 563.498481750488 649.090185165405 630.080981254578 699.557235717773 571.534645080566 610.609760284424 680.689544677734 657.509437561035 596.948727369308 525.928466796875 610.723965644836 345.813018798828 500.034767150879 514.748825073242 521.597396850586 734.045036315918 616.947168111801 542.735176086426
681.866956710815 714.287372589111 530.399884223938 909.286610603333 903.446823120117 842.137405395508 648.940608978271 641.072303771973 633.791320800781 709.143360137939 710.184631347656 1063.31944274902 783.688758850098 1102.90339660645 940.73356628418 743.197338104248 737.625549316406 811.980110168457 777.530700683594 714.282276153564 681.705993652344 636.974770545959 448.340042114258 622.173233032227 703.041130065918 806.651840209961 560.139778137207 700.09309387207 623.306568145752 484.110656738281 627.23931312561 630.909782886505 673.866067886353 718.653533935547 619.820934295654 547.509216308594 731.957794189453 615.354154586792 715.286003112793 531.535179138184 540.022041320801 583.888557434082 634.097715377808 536.841835021973 506.200874328613 433.456314086914 516.748344421387 636.371869087219 682.435443878174 689.963531494141
571.991836547852 569.941830635071 583.972573757172 737.335380554199 884.62718963623 734.174848556519 738.003694534302 840.807209014893 623.438529968262 1030.14774513245 585.025061607361 553.693786621094 559.730560302734 636.941143035889 604.820220947266 528.964797973633 721.975242614746 612.317665100098 717.621559143066 883.196762084961 730.600166320801 664.27628326416 718.950752258301 633.624120593071 689.468811035156 558.36799621582 678.086320877075 713.812557220459 611.708312988281 580.217418670654 674.02717590332 578.867122650146 787.323501586914 767.613952636719 519.571228027344 635.507506370544 585.96085357666 692.373468399048 612.78746509552 520.284461975098 592.683889389038 483.965469360352 689.98970413208 668.495838165283 634.264566421509 556.745643615723 526.866111755371 540.391693115234 622.706848144531 701.280693054199
688.508285522461 634.053869247437 575.12131768465 580.153587341309 467.086673736572 713.175746917725 610.216163635254 905.120018005371 687.485969543457 902.304187774658 609.424880981445 511.95630645752 512.750885009766 573.576110839844 571.302223205566 372.044120788574 653.727352142334 722.218200683594 722.840892791748 905.262928009033 462.626419067383 529.86810874939 532.674129486084 516.613056182861 623.535163879395 645.03311920166 616.51294708252 693.605556488037 706.689807891846 716.807777404785 695.28727722168 693.664054870605 700.199806213379 793.561798095703 676.542106628418 661.388702392578 687.023216247559 602.903090238571 597.311448812485 581.884693145752 579.455936431885 611.660321235657 551.707633972168 527.147621154785 656.076411247253 696.676523208618 664.917528629303 665.465527534485 706.385858535767 743.820289611816
624.348488807678 754.788955688477 424.155765533447 540.547332763672 609.789138793945 699.268325805664 424.769214630127 796.094230651855 570.373870849609 760.862533569336 570.374851226807 554.21925163269 780.455238342285 748.515907287598 714.479698181152 588.60803604126 503.54296708107 509.621402740479 488.19930267334 973.852674484253 662.191543579102 507.876472473145 910.980056762695 920.189819335938 718.058967590332 771.950325012207 784.707023620605 800.473411560059 620.562282562256 610.608029842377 529.577114105225 603.151138305664 721.822105407715 678.649772644043 624.11280632019 726.674797058105 732.270927429199 730.160209655762 645.277963638306 537.762344360352 632.089589118958 500.505844116211 600.873699188232 681.797555923462 571.826248168945 569.386077880859 777.686592102051 763.040954589844 674.24634552002 685.47239112854
626.258819580078 677.400543212891 760.267242431641 689.213081359863 686.00456237793 521.523410797119 547.284317016602 697.729637145996 635.834182739258 681.474922180176 719.048817634583 634.762668609619 758.062845230103 624.430656433105 752.17128276825 616.29313659668 514.426712036133 765.56477355957 690.073524475098 731.750831604004 529.260307312012 383.21280670166 686.62926864624 640.389919281006 871.038131713867 749.715759277344 629.156600952148 753.996063232422 681.62967300415 650.751510620117 528.33549284935 573.331146240234 839.582679748535 650.461946487427 603.534742355347 698.707981109619 658.958431243896 646.784492492676 673.70715713501 625.562382698059 582.991500854492 562.965065002441 601.582099914551 593.465042114258 505.228637695312 668.526506662369 708.248954772949 539.225479125977 713.617523193359 748.178764343262
605.473220825195 493.596649169922 879.976104736328 844.34831237793 -9999 -9999 -9999 -9999 -9999 -9999 -9999 -9999 -9999 -9999 -9999 745.64469909668 762.341848373413 751.853433609009 741.932656288147 653.324577331543 690.2141456604 572.609977722168 586.601022720337 515.97945690155 647.099559783936 609.559856414795 1098.41751098633 651.780796051025 588.891159057617 792.435165405273 476.185752868652 543.503112792969 794.912750244141 740.138511657715 646.945993423462 608.077423095703 618.271579742432 678.100456237793 618.319932937622 739.028617858887 584.235538482666 618.684417724609 789.220718383789 683.881692886353 623.707935333252 730.244611740112 734.000495910645 766.640312194824 629.900417327881 866.95133972168
-9999 -9999 -9999 -9999 -9999 -9999 -9999 -9999 -9999 -9999 -9999 -9999 -9999 -9999 -9999 -9999 -9999 -9999 764.890464782715 796.162536621094 848.942398071289 693.89945602417 726.406494140625 499.277725219727 625.285358428955 486.611198425293 597.991790771484 595.634464263916 712.002857208252 546.43204498291 538.671524047852 981.065929412842 638.385851860046 570.809555053711 758.879623413086 597.732746124268 672.152084350586 683.447357177734 525.970504760742 824.991027832031 774.806701660156 741.347057342529 689.910718917847 696.582305908203 593.499298095703 712.202198028564 788.48217010498 709.177028656006 723.758625030518 746.729866027832
