export/dem/dem47.asc
NCOLS 350
NROWS 171
XLLCORNER 152620
YLLCORNER 418050
CELLSIZE 100
NODATA_VALUE -9999
[rows 132 to 153 of 171, columns 300 to 349 of 350]
954.107929229736 982.004619598389 1529.62487030029 1260.03723144531 717.22705078125 1000.0453414917 1510.52531433105 1285.99529838562 1457.03009033203 1397.11672973633 1461.75489807129 1290.94929504395 1306.85626220703 1424.93198776245 1422.098487854 1032.04093551636 1025.52899742126 953.911102294922 1054.99981689453 885.948997497559 974.9228515625 905.863418579102 953.484245300293 680.344604492188 674.172973632812 923.395233869553 701.875747680664 754.615730285645 790.958450317383 1018.84610748291 858.781233549118 665.026275634766 799.634323120117 813.082527160645 -9999 -9999 -9999 -9999 -9999 -9999 -9999 -9999 -9999 -9999 -9999 -9999 -9999 -9999 -9999 -9999
811.145637512207 927.118015289307 1046.07540893555 1267.59322023392 1225.04887390137 1074.63996887207 1354.40269470215 1723.07954406738 1150.8597946167 1129.40382003784 1170.21696472168 1282.34505081177 1168.93460845947 1180.72427749634 1572.36044311523 1780.32668972015 1640.7459564209 2184.10040283203 1697.09338378906 1412.54150390625 1713.23818969727 926.774475097656 855.205120146275 780.48120880127 813.914047241211 690.505279541016 776.833400726318 925.742035865784 998.990623474121 992.579772949219 891.459140777588 904.838184356689 808.260360717773 921.53539276123 -9999 -9999 -9999 -9999 -9999 -9999 -9999 -9999 -9999 -9999 -9999 -9999 -9999 -9999 -9999 -9999
714.558952331543 860.103485107422 797.06897354126 1104.99876403809 1097.98498535156 1144.62106323242 1256.93285369873 1201.93639373779 1389.30331420898 1106.97093200684 1173.51947784424 1367.10827636719 1202.05171346664 1068.08583164215 1349.08582687378 1410.5020980835 1241.91192626953 1351.61219787598 1117.87635803223 1123.56605529785 1059.40072250366 1185.54750823975 888.602507591248 853.347076416016 951.23169708252 804.410976409912 992.571044921875 683.574234008789 1041.71830749512 913.317787110806 947.893798828125 864.624496459961 918.006553649902 1031.51362609863 861.849445343018 -9999 -9999 -9999 -9999 -9999 -9999 -9999 -9999 -9999 -9999 -9999 -9999 -9999 -9999 -9999
869.91276550293 876.20947265625 1123.82412719727 1389.19703674316 1286.78561401367 1365.70553588867 1101.75770568848 1625.35610961914 1650.50605773926 1289.36381530762 1226.30618286133 1531.27546691895 1214.09101867676 1275.2007598877 1195.60813903809 1832.64255142212 1379.42213439941 1267.77180480957 1026.6904296875 1096.97644042969 1088.76544189453 1131.01684570312 1226.26279163361 1025.84325027466 980.047302246094 804.623542785645 755.843162536621 862.83891916275 726.161437988281 1131.87487792969 1022.19983673096 910.861515045166 1164.9885559082 747.436721801758 912.681119918823 974.655891418457 -9999 -9999 -9999 -9999 -9999 -9999 -9999 -9999 -9999 -9999 -9999 -9999 -9999 -9999
726.42359161377 1016.43920898438 935.300415039062 1222.71806335449 1058.34912109375 1299.5052947998 1365.59271240234 1061.72486877441 1221.83378601074 1192.0188293457 1298.47535705566 1121.09983825684 1382.46827316284 1818.84693908691 1457.07931518555 1216.160987854 1125.08344268799 1114.97161865234 1001.12722015381 1123.80210876465 1018.14487457275 1051.49806213379 958.02626991272 1139.17911291122 1027.54065322876 1007.32949638367 830.772300720215 779.940155029297 872.687918186188 749.392059326172 1026.02487564087 1374.88333892822 858.090595722198 841.156058311462 769.010433197021 990.444702148438 -9999 -9999 -9999 -9999 -9999 -9999 -9999 -9999 -9999 -9999 -9999 -9999 -9999 -9999
869.394556045532 918.636430740356 871.539291381836 867.328945159912 915.184944152832 1377.62368774414 1333.82485961914 1158.63743591309 1105.45251464844 1243.49111938477 1111.35356140137 967.835268974304 1221.06494140625 1373.83235931396 1315.39012306929 1124.17142486572 1221.11653137207 1079.51992797852 1005.22790527344 1242.8157043457 1169.03007507324 875.432929992676 969.163509368896 821.316146850586 1080.36908340454 1058.50527954102 1740.84368896484 805.743110656738 883.155220031738 794.262481689453 1156.78163146973 967.000329971313 954.832736968994 744.578018188477 879.796148300171 918.747299194336 956.200668334961 -9999 -9999 -9999 -9999 -9999 -9999 -9999 -9999 -9999 -9999 -9999 -9999 -9999
836.784172058105 871.055812835693 984.941429138184 970.211578369141 849.130836486816 1116.50175476074 1384.72430419922 1229.65701293945 1146.17651367188 1227.60020446777 1062.18585205078 855.803817749023 1096.38631439209 1549.67988657951 1424.99634552002 1160.90126800537 1044.16979408264 1018.40148353577 1035.44105911255 1016.43811416626 976.238502502441 1103.95913696289 1141.22467041016 936.463073730469 1029.77949905396 964.639085769653 892.151359558105 1128.04666137695 1125.83135318756 1267.45666313171 1032.70782470703 904.279975891113 844.982597351074 856.203788757324 862.2903881073 959.757530212402 949.778045654297 -9999 -9999 -9999 -9999 -9999 -9999 -9999 -9999 -9999 -9999 -9999 -9999 -9999
725.888069152832 836.197965621948 994.135131835938 786.587913513184 830.539497375488 987.214653015137 1138.99391174316 1122.81243133545 1137.72308349609 1202.72616577148 1072.09957122803 1135.6455078125 907.674530029297 1079.09725570679 1548.13157653809 1596.55655670166 969.715362548828 1140.09684753418 1171.76846313477 1141.55276489258 985.246356964111 1122.12525939941 1174.35285949707 1015.05392074585 844.462493896484 976.064498901367 981.781524658203 780.575592041016 963.577033996582 955.415954589844 895.92155456543 825.155326843262 968.237393200397 881.079802513123 898.680114746094 857.672107696533 926.84992980957 967.649566650391 -9999 -9999 -9999 -9999 -9999 -9999 -9999 -9999 -9999 -9999 -9999 -9999
675.752944946289 959.194938659668 843.023242473602 731.920623779297 949.649238586426 1153.53730773926 1262.54513549805 1150.45867919922 1197.21835327148 1086.77270889282 1044.29022598267 1080.7135848999 1037.01233291626 1061.01320266724 1324.35662460327 1600.35366821289 1166.8624420166 1159.07290649414 1184.89877319336 1119.24095153809 1082.61637592316 1018.22434997559 1026.32549285889 1043.34156799316 928.837934494019 1022.79298782349 1069.7162399292 952.293766021729 860.43921661377 1045.35622024536 1388.74094009399 768.726135253906 1070.07274627686 775.941970825195 925.407032012939 980.202098846436 918.136781692505 887.144309997559 -9999 -9999 -9999 -9999 -9999 -9999 -9999 -9999 -9999 -9999 -9999 -9999
745.661599159241 864.918762207031 965.878791809082 912.723709106445 949.729011535645 1086.64125061035 989.023811340332 897.593879699707 1148.83530426025 942.368385314941 954.708341002464 1084.73426437378 1105.64682006836 1212.00074768066 1106.75612640381 1483.61236572266 1155.48258972168 1165.27796936035 1179.91268920898 1056.21442604065 1135.74938964844 965.322412490845 1113.75898742676 1058.7377243042 1187.67683410645 916.052661895752 865.151260375977 1052.68375205994 952.585826873779 966.435325622559 1200.7933921814 728.59423828125 782.484909057617 1099.44694519043 956.223802566528 863.233364105225 787.454040527344 913.246424674988 791.436817169189 -9999 -9999 -9999 -9999 -9999 -9999 -9999 -9999 -9999 -9999 -9999
869.105369567871 849.344345092773 892.907775878906 983.266098022461 1125.71601867676 1169.62309265137 1192.90111923218 1054.14473265409 1096.48067474365 1156.09298706055 896.110671043396 1138.24228906631 1007.17209339142 1141.04559326172 1496.26617431641 1072.56246900558 1170.97354888916 1078.42596435547 1089.28954315186 1210.54456329346 1476.81604003906 1144.96913909912 1433.27291870117 1175.95460510254 1010.5627822876 993.752506256104 928.59334564209 1132.88231658936 966.988178253174 950.330642700195 930.256774902344 1089.65999603271 808.246002197266 770.102310180664 933.709213256836 884.319423675537 953.953760147095 907.392284393311 763.87614440918 -9999 -9999 -9999 -9999 -9999 -9999 -9999 -9999 -9999 -9999 -9999
827.398895263672 905.809051513672 834.229995727539 759.119258880615 1073.18002319336 879.545942306519 1079.33673095703 1014.26891708374 801.486924171448 931.933517456055 936.830299377441 1049.73188018799 957.672950744629 1146.79886627197 1247.61979675293 1389.25067710876 1177.7311706543 1141.91415405273 1186.34599304199 1111.33013916016 1102.01725006104 1019.39642333984 1316.40086364746 1283.49814605713 1176.66632080078 969.912830352783 1179.15268707275 801.712646484375 1066.6828404665 1142.62161254883 890.671051025391 1085.25986480713 740.097778320312 716.419525146484 891.676292419434 919.830032348633 814.413558959961 991.409145355225 884.440079689026 -9999 -9999 -9999 -9999 -9999 -9999 -9999 -9999 -9999 -9999 -9999
726.680989265442 649.416759490967 865.728164672852 706.393858909607 807.673713684082 863.686141967773 791.680471420288 738.925107955933 814.498928070068 895.929328918457 764.926274776459 704.681690216064 864.146713256836 1001.2205991745 1286.35643005371 1260.39474487305 1469.10703659058 1209.73866271973 1095.46343994141 990.945741653442 952.170798301697 968.365783691406 1243.52981567383 1484.04850769043 1127.21109771729 1051.67546129227 1607.71673679352 972.779571533203 963.334403991699 890.912445068359 1048.87959861755 824.076263427734 755.824371337891 656.797470092773 753.732986450195 747.948913574219 785.043365478516 888.201477050781 969.191543579102 780.435287475586 -9999 -9999 -9999 -9999 -9999 -9999 -9999 -9999 -9999 -9999
770.218839645386 881.034225463867 716.870611190796 852.212120056152 816.484024047852 807.142265319824 773.09459400177 891.097763061523 824.995475769043 885.44873046875 794.114767871797 711.422401428223 792.893619537354 880.777820587158 898.625640869141 989.708513259888 1118.6234588623 1184.28746032715 1539.59851837158 1059.1017036438 1075.97100830078 947.039083480835 1081.88715362549 1079.74601364136 1645.40507507324 1701.82219696045 1085.20215606689 1298.35266113281 1124.99179840088 1075.53202056885 1043.75553131104 828.974960327148 786.160285949707 854.863540649414 859.180053710938 885.404182434082 908.165828704834 701.411270141602 780.85897064209 905.065265655518 -9999 -9999 -9999 -9999 -9999 -9999 -9999 -9999 -9999 -9999
942.015426635742 878.338218688965 733.878525495529 600.192718505859 688.854553222656 916.419219970703 836.919525146484 773.751628875732 1010.91919708252 1066.13278198242 794.142343521118 659.73876953125 657.462074279785 638.783401489258 884.861287117004 1006.68815231323 1029.97128295898 930.209983825684 1074.43778610229 1129.0662689209 1011.05831956863 864.812973022461 1046.25381875038 1136.82605743408 982.154712677002 1511.1708984375 1230.94997406006 1062.37724304199 1099.0622253418 1032.95473003387 777.216247558594 1074.8012008667 743.413284301758 1103.05862426758 911.41593170166 808.441383361816 810.265411376953 840.03426361084 792.766670227051 857.169380187988 -9999 -9999 -9999 -9999 -9999 -9999 -9999 -9999 -9999 -9999
823.369407653809 762.342049598694 816.107200622559 735.613964557648 829.470417022705 912.993072509766 841.292850494385 934.830627441406 860.880294799805 1038.60486602783 796.670623779297 712.569900512695 706.274375915527 765.126055717468 781.979873657227 834.706901073456 952.077625274658 943.782557487488 1004.35562705994 1138.76879119873 1027.99376296997 1208.41296386719 1012.24674797058 1276.37348937988 1195.65489196777 1086.26727294922 1057.09161758423 1417.16497802734 1160.87808227539 1066.56974411011 958.307247161865 908.278024196625 872.141525268555 787.721771240234 943.702831268311 948.507089614868 901.930191040039 903.139183044434 850.395553588867 862.061462402344 829.080642700195 -9999 -9999 -9999 -9999 -9999 -9999 -9999 -9999 -9999
747.782450675964 788.579416275024 579.286590576172 767.293939590454 797.638118743896 825.71720123291 930.177658081055 806.094026565552 877.491992950439 801.920794487 831.846115112305 867.270118713379 897.746543884277 684.491485595703 738.109577178955 895.794486999512 726.893508911133 847.483582496643 1000.60580444336 984.693796157837 1099.10732269287 1098.16809082031 1181.43461608887 1181.17441558838 1096.66385650635 1184.49490356445 1052.54635196924 1030.81801223755 1023.84813690186 933.213394165039 784.579162597656 926.550210952759 764.774642944336 959.465000152588 1067.09171295166 812.890296936035 988.747567176819 958.059282302856 871.862846374512 854.667282104492 879.034099578857 -9999 -9999 -9999 -9999 -9999 -9999 -9999 -9999 -9999
629.794692993164 725.678253173828 881.205558776855 771.513387680054 784.396032333374 946.969299316406 813.29990196228 973.055923461914 916.236793518066 738.948135375977 803.671808242798 766.387451171875 884.72204208374 950.205261230469 919.667739868164 826.154112815857 761.847532272339 914.53759765625 755.42219543457 810.61462020874 846.063373565674 1040.09530639648 1046.57911682129 1074.97403717041 1267.4017791748 985.287239074707 956.099277496338 804.740051269531 857.452405929565 1044.81616973877 898.380212783813 943.2551612854 764.486602783203 819.861045837402 873.194076538086 958.969192504883 786.411605834961 1087.70001220703 886.839908599854 923.818138122559 1000.1217622757 1012.46085357666 -9999 -9999 -9999 -9999 -9999 -9999 -9999 -9999
765.433920860291 824.727962493896 856.471294403076 782.413948237896 655.930885314941 808.820819854736 829.096328735352 872.897996306419 779.56275177002 759.482711791992 845.421211242676 879.64281463623 722.815399169922 950.78816986084 871.208011627197 902.538764953613 943.782905578613 824.657013893127 731.104698181152 910.25252532959 811.779121398926 940.019380569458 1010.81329345703 927.653900146484 1054.30634307861 1007.63415527344 949.799575805664 1219.15249633789 1147.18730163574 1058.29042053223 846.391330718994 881.533191680908 867.616428375244 896.564142227173 904.202453613281 779.251342773438 1023.61553955078 949.235034942627 788.718635559082 1043.32538604736 927.357284545898 1032.22964096069 -9999 -9999 -9999 -9999 -9999 -9999 -9999 -9999
850.095344543457 815.34708404541 854.877323150635 776.729713916779 816.518821716309 805.806747436523 630.923828125 876.234729766846 708.299240112305 794.145332336426 928.145660400391 776.273483276367 967.760349273682 872.030241012573 894.893653869629 866.804901123047 1044.33714294434 852.69945526123 933.953453063965 760.400993347168 880.74243927002 758.945503234863 877.549339294434 794.791007995605 968.561874389648 812.198583602905 1102.72525024414 907.163143157959 929.036392211914 928.000541687012 759.111511230469 864.680809020996 831.485252380371 824.762710571289 1075.44139099121 906.181613922119 948.517333984375 1042.02750396729 971.375426292419 915.020713806152 1029.88732910156 981.030558109283 1052.38770294189 -9999 -9999 -9999 -9999 -9999 -9999 -9999
858.759658813477 907.469871520996 870.215908050537 878.514953613281 829.784038543701 801.641551971436 806.083385467529 592.560180664062 682.470779418945 590.133163452148 688.359634399414 1015.85530090332 922.851356506348 862.247829437256 947.605293273926 1167.00143432617 1056.06010627747 893.401020050049 1023.516456604 940.20306968689 908.192252159119 913.004333496094 788.572853088379 795.65474319458 888.566819190979 962.594268798828 970.427345275879 968.071311950684 914.113780021667 801.219146728516 952.485763549805 831.44465637207 915.326602935791 870.986511230469 1133.32353973389 885.757629394531 903.246265411377 911.240211486816 1003.03242015839 901.463401794434 1001.52883148193 963.494842529297 913.08568572998 -9999 -9999 -9999 -9999 -9999 -9999 -9999
838.427370071411 849.914691925049 718.041912078857 810.520631790161 680.785659790039 738.347549438477 793.865086555481 824.003105163574 745.212505340576 620.035934448242 839.276354789734 976.418815612793 1112.86157226562 876.899955749512 847.999389648438 736.173881530762 933.258765220642 860.363594055176 934.431545257568 998.508047103882 1069.70738220215 866.197147369385 956.185615539551 952.417350769043 990.115531921387 867.635894775391 902.407129049301 999.550483703613 726.955322265625 797.225215911865 885.154182434082 1025.50336837769 901.779624938965 842.450996398926 1167.22889709473 870.112854003906 940.671290874481 1046.51966094971 939.228481292725 906.991821289062 987.269155502319 851.466567993164 741.463836669922 882.011238098145 -9999 -9999 -9999 -9999 -9999 -9999
