export/dem/dem42.asc
NCOLS 350
NROWS 171
XLLCORNER 152620
YLLCORNER 418050
CELLSIZE 100
NODATA_VALUE -9999
[rows 44 to 65 of 171, columns 150 to 199 of 350]
408.250526428223 541.270502090454 515.814197540283 555.543855965137 498.138107299805 508.444160461426 404.192283630371 487.457248687744 397.378707885742 519.12914276123 359.601409912109 561.795842170715 412.594253540039 333.995346069336 648.035041809082 588.717214584351 542.444346904755 588.064605712891 584.871883392334 411.094680786133 412.107612609863 574.882287979126 624.526954650879 583.028768539429 608.784046173096 638.976119995117 816.608108520508 657.213592529297 575.011521339417 502.28857421875 576.492294311523 494.756591796875 655.104467391968 660.906623840332 616.648307800293 604.092468261719 644.36830329895 886.208724975586 696.645736217499 621.221431732178 495.619522094727 518.716583251953 481.851783752441 732.171081542969 680.785186767578 597.180197477341 522.261558532715 490.167175292969 1026.89170837402 1279.08028793335
236.639251708984 469.43189239502 340.161499023438 519.002473831177 515.145000457764 370.797256469727 410.325866699219 667.621864318848 490.900352478027 570.013034820557 532.244029998779 499.089767456055 475.215698242188 620.875144958496 581.185548782349 626.855941772461 592.345710754395 503.19408416748 486.963035583496 522.56907749176 588.820808410645 598.055511474609 542.043445467949 453.525596618652 482.665031433105 423.464065551758 444.985610961914 536.882724761963 529.270282745361 539.010887145996 628.801292419434 468.706573486328 476.159545898438 666.37361907959 754.898157119751 607.684577941895 622.890145301819 727.609214782715 605.215127944946 564.015686035156 430.057174682617 324.354187011719 265.404327392578 619.479793548584 560.788387298584 497.518280029297 606.954950332642 687.570625305176 720.819519042969 1018.20036315918
432.963348388672 491.667510986328 400.158142089844 290.568649291992 436.565111160278 479.497314453125 341.630340576172 517.009443283081 594.129997253418 604.585029602051 544.869453430176 670.838325500488 539.43869972229 592.650241851807 621.569896697998 647.541038513184 613.34001159668 453.252220153809 388.672409057617 489.391723632812 468.44161605835 524.168561935425 420.057327270508 554.184397697449 498.778503417969 581.202651977539 476.263069152832 553.271619319916 478.047218322754 550.927842140198 470.786582946777 449.010131835938 490.074409484863 448.538711547852 589.019528388977 512.124519348145 574.93501663208 534.538139343262 533.222106933594 640.356254577637 603.511520385742 490.166603088379 560.874444961548 579.88828086853 377.284301757812 655.601240158081 603.957421302795 635.807998657227 687.671043395996 849.884567260742
373.897705078125 312.413986206055 375.472030639648 463.523176193237 479.897064208984 452.660148620605 329.139266967773 539.040843550116 546.544595241547 502.036457061768 510.806640625 541.4831199646 470.039772033691 542.246057510376 485.041748046875 699.113952636719 747.452255249023 366.166748046875 622.178009033203 531.606229782104 404.150085449219 409.619216918945 601.495471954346 551.890163421631 493.575347900391 468.156471252441 602.56616973877 499.546348571777 465.421211242676 482.358959197998 595.777244567871 455.914695739746 387.258499145508 503.288761138916 411.602874755859 463.89762878418 545.458881378174 687.338958740234 736.096145629883 532.373306274414 513.661800384521 382.487213134766 477.637847900391 571.210433006287 539.585548400879 608.5704164505 628.462963104248 623.338035583496 614.266490936279 646.608726501465
397.819938659668 336.134429931641 488.876232147217 331.460479736328 432.391647338867 509.200454711914 564.384729385376 336.737579345703 563.613489151001 660.673545837402 585.264251232147 556.613541603088 673.261512756348 429.376525878906 549.108451843262 741.71361541748 569.046951293945 619.657028198242 421.995216369629 637.910457611084 578.905258178711 513.256351470947 696.177917480469 535.626476287842 561.016489446163 536.209678649902 538.778547286987 575.574373245239 556.479548454285 738.271957397461 508.620792388916 461.381797790527 503.261619567871 578.146492004395 609.56575012207 485.830463409424 646.071266174316 602.547264099121 569.447597503662 566.59055519104 581.321439266205 626.486968994141 644.604133605957 590.099570274353 458.907066345215 576.549243927002 512.877639770508 788.539276123047 578.050495147705 685.604110717773
480.714611053467 494.879185199738 430.70027923584 368.072326660156 420.079978942871 523.408223152161 470.737155914307 543.098044395447 544.805003166199 386.339721679688 583.018692016602 480.60408782959 555.624773025513 430.020156860352 683.160385131836 563.052551269531 552.463027954102 588.917686462402 738.833082199097 549.210910797119 611.260932922363 587.650653839111 602.401906967163 512.287956237793 504.388198852539 667.854454040527 506.241165161133 607.504199981689 671.147491455078 761.621139526367 735.199996948242 483.660045623779 683.769912719727 432.99479675293 441.754928588867 693.932983398438 687.764419555664 507.439071655273 661.022232055664 641.628913879395 490.97025680542 623.205429077148 724.304718017578 558.362060546875 535.553865432739 625.58763885498 799.338287353516 622.10754776001 623.810916900635 680.202255249023
319.757141113281 460.995944976807 466.346214294434 384.132919311523 427.906440734863 477.27311706543 466.986038208008 467.618270874023 453.286926269531 391.649200439453 465.325691223145 586.120734214783 519.144016265869 577.969515800476 630.304759979248 614.870716094971 701.218116760254 578.815818786621 794.394485473633 539.810699462891 329.603851318359 480.154365539551 633.859306335449 704.142098426819 674.901511192322 405.392868041992 583.145867109299 562.470908999443 574.904326438904 584.321198940277 444.766334533691 458.383018493652 640.503112792969 495.537567138672 589.058128356934 538.553935050964 491.091255187988 508.633068084717 646.940505981445 568.10117650032 602.884868621826 717.424102783203 543.985073566437 603.725296020508 832.094818115234 509.473647117615 501.737449645996 619.483318328857 786.909408569336 605.038853645325
505.146346092224 431.833137512207 424.255859375 469.419982910156 414.23258972168 545.557773590088 531.151293754578 619.376766204834 510.624210357666 526.377689361572 540.408611297607 738.521545410156 576.539964199066 531.009159088135 564.832504272461 497.441612243652 464.576194763184 591.531507492065 707.277549743652 570.615661621094 530.424057006836 614.695338249207 596.915447235107 591.39965057373 514.143188476562 628.028060913086 681.680419921875 573.567714691162 450.811080932617 465.375160217285 443.768119812012 450.000381469727 480.070274353027 534.843719482422 458.763671875 719.919235229492 519.746559143066 515.505283355713 529.816596984863 775.335220336914 633.010223388672 691.161163330078 627.067150115967 618.291316986084 566.997041702271 512.437622070312 566.954256057739 562.067001342773 527.646213531494 483.522506713867
394.724983215332 553.242530822754 609.368194580078 474.634033203125 639.909507751465 536.806374549866 519.508278846741 486.284820556641 350.578872680664 495.112064361572 649.430709838867 511.915302276611 568.486694335938 649.99524307251 592.57933807373 595.834915161133 693.342281341553 625.609613418579 592.819442749023 691.116054534912 733.442291259766 560.992095947266 629.550514221191 538.649291992188 393.731811523438 545.888236999512 665.469879150391 602.435417175293 484.265937805176 385.128448486328 487.347267150879 539.780736923218 413.496917724609 543.528108596802 643.346557617188 665.380348205566 463.302200317383 576.87223815918 645.08952331543 756.534172058105 672.070808410645 656.333152770996 806.65641784668 655.106597900391 530.722471237183 609.133106231689 328.022827148438 717.149528503418 547.621284484863 738.08088684082
427.27294921875 699.241119384766 517.57735824585 568.338935852051 610.120304107666 460.047744750977 590.036781311035 446.247840881348 450.192039489746 527.769445419312 646.678756713867 585.341188430786 765.729904174805 544.888708114624 586.186189651489 586.582662582397 514.969284057617 743.948608398438 675.750735282898 671.227828979492 673.323097229004 591.510917186737 645.927703857422 544.600963592529 585.501007080078 453.45246887207 662.997850418091 675.017421722412 476.92667388916 503.746803283691 527.396480560303 485.488700866699 489.590614318848 551.148813247681 713.265335083008 637.415489196777 567.616812080145 597.256303787231 721.271606445312 762.940383911133 572.492868185043 665.502952575684 576.285325169563 712.841354370117 533.143299102783 475.441291809082 524.389350891113 623.703393936157 530.190837860107 525.726734161377
510.584602355957 652.70679473877 488.993297576904 468.364883422852 683.060173034668 524.37313079834 560.8052495718 515.8180809021 632.412673950195 452.876541137695 610.24535369873 502.374492645264 602.399612426758 620.476417541504 604.81636428833 506.884567260742 547.472801208496 597.533281326294 718.81217956543 744.968276977539 657.882518768311 825.313919067383 580.084564201534 662.00651550293 729.668434143066 679.955711364746 695.193899154663 830.552398681641 519.891181945801 465.99324798584 508.0065574646 550.812223434448 345.901794433594 636.272994995117 573.177231788635 655.129287719727 624.636520385742 676.909927368164 550.269920349121 647.652900695801 600.097076416016 597.147961258888 622.074659347534 565.632516860962 606.572776913643 559.742710113525 513.328475952148 609.983726501465 587.760890960693 596.717781603336
426.97745513916 538.227861404419 537.766109466553 669.964736938477 421.636245727539 619.804141998291 552.102180600166 655.614364624023 587.992227554321 448.126403808594 568.946992874146 431.385498046875 674.681884765625 529.755695343018 536.416872024536 605.172986984253 478.846572875977 557.320472717285 566.453210353851 685.826080322266 790.38591003418 528.659727096558 642.844318389893 594.683864593506 594.512666016817 632.316793441772 844.334121704102 406.214218139648 590.272399902344 580.330718994141 483.224227905273 341.77311706543 534.652465820312 672.967750549316 570.056459888816 493.165145874023 787.844192504883 683.213996887207 644.898372650146 634.475437164307 641.886001586914 614.667519569397 553.318702697754 647.814113616943 353.061309814453 545.090766906738 407.92333984375 720.680892944336 592.121166229248 629.463605880737
524.693613052368 611.185653686523 535.187757492065 650.318046569824 647.341079711914 611.571559906006 618.065216064453 692.75772857666 604.637233734131 542.646433353424 585.977994918823 479.453651428223 553.644086837769 531.716352462769 607.559684753418 673.390060424805 701.693435668945 751.161895751953 513.492073059082 691.449554443359 582.660290241241 505.085746765137 601.508708953857 646.265104293823 653.97910118103 585.627760887146 719.017848968506 721.223480224609 714.908180236816 675.058952331543 517.677803039551 500.617797851562 647.848274230957 594.64474105835 590.266647338867 499.454719543457 660.404861450195 723.909614562988 693.433238983154 644.572456359863 579.144590377808 700.84513092041 690.301704406738 731.172706604004 507.920776367188 721.734802246094 648.066139221191 590.156023025513 578.069301605225 631.811594009399
549.640794754028 630.735343933105 627.29167175293 546.073178291321 648.355484008789 436.762557983398 558.721588134766 508.604125976562 547.235324859619 571.190722942352 660.651893615723 560.282657623291 486.754295349121 441.006530761719 502.37279510498 710.876663208008 569.37696647644 735.095962524414 626.859813690186 695.805473327637 640.800308227539 674.721221923828 675.255699157715 730.710647583008 670.452690124512 616.579700469971 763.609069824219 813.418670654297 787.723213195801 682.791854858398 779.497909545898 568.985282897949 558.779029846191 755.274627685547 606.795226380229 500.061088562012 632.863796234131 564.044893264771 511.333480834961 736.528579711914 673.56803894043 666.04052734375 453.122268676758 717.548057556152 701.064727783203 613.651313781738 658.36413192749 641.576900482178 601.100057601929 636.043943405151
465.990058898926 570.632022857666 528.278423309326 507.904571533203 651.855438232422 566.076138496399 718.331039428711 645.093002319336 815.709213256836 613.26992893219 640.911956787109 635.081859588623 617.003017425537 488.416313171387 488.56893157959 646.077102661133 592.645765304565 537.980621337891 684.286598205566 603.210909366608 517.307395935059 533.126056671143 731.201034545898 553.228601455688 529.421436309814 569.137817382812 687.037700653076 812.056030273438 767.120536804199 811.734748840332 645.992409706116 737.552795410156 596.744956970215 703.026264190674 677.601902008057 688.528957366943 614.765322208405 567.178216934204 612.047921657562 639.099767684937 605.521189212799 610.618538588285 657.355247497559 611.175835609436 448.186706542969 607.915882110596 643.28232383728 714.344970703125 711.125770568848 727.454223632812
525.867393493652 577.7312707901 613.056228637695 738.517303466797 749.408645629883 546.430353164673 675.903747558594 599.105331420898 618.853359222412 558.515657424927 480.749084472656 580.750890731812 513.181121826172 528.621025085449 454.893211364746 559.316174507141 661.948997497559 525.155128479004 774.226425170898 684.32918548584 611.851111650467 685.11164855957 633.434669494629 725.96752166748 711.277000427246 630.242527008057 792.137512207031 700.620101928711 686.212190628052 686.709764480591 726.788604736328 499.293304443359 672.213088035583 734.602970123291 635.83992767334 775.645385742188 847.884368896484 526.649742126465 619.215635299683 661.07120513916 653.821310997009 611.034625053406 675.701889038086 763.810455322266 545.340148925781 487.738998413086 686.896530151367 562.244625091553 635.270454406738 606.990202903748
401.556289672852 515.338886260986 684.58470916748 511.851390838623 645.685005187988 695.279052734375 646.59105682373 522.56876373291 498.31689453125 653.891746520996 589.092723846436 695.33415222168 587.515348434448 595.983505249023 582.720846176147 551.775629997253 546.526699066162 601.740509033203 460.18391418457 756.224868774414 486.458641052246 576.254804611206 733.84538269043 735.334838867188 579.111006736755 642.295896530151 650.855331420898 722.331657409668 559.756565093994 773.700286865234 652.137717247009 776.019592285156 784.990081787109 753.433151245117 834.234039306641 558.00089263916 480.497970581055 625.016750335693 650.046602249146 719.365428924561 648.146125793457 796.730209350586 718.470802307129 781.479560852051 614.930438995361 678.428113937378 606.819492340088 737.364883422852 733.940742492676 767.20760345459
620.411125183105 578.218893051147 607.253288269043 607.631187438965 555.709455490112 516.977970123291 470.761535644531 651.184513092041 567.493663907051 583.014495849609 735.874359130859 667.144355773926 494.066871643066 499.740409851074 684.172454833984 422.240310668945 534.991533279419 753.656402587891 607.107261657715 653.023803710938 621.506824493408 665.537574768066 598.600764274597 760.159469604492 527.771598815918 564.199886322021 645.963626861572 706.453140258789 517.640602111816 482.157974243164 681.197803497314 730.519081115723 722.671890258789 408.987045288086 710.609535217285 690.063423156738 540.986045837402 675.827548980713 604.70460319519 699.695865631104 720.984657287598 748.397415161133 657.725647926331 917.536178588867 618.244621276855 541.056907653809 846.379531860352 712.636390686035 655.024717330933 826.278671264648
517.61536026001 430.044013977051 518.058162689209 465.801872253418 438.050552368164 615.834892272949 545.685931682587 567.498323440552 553.902753829956 528.816219329834 611.350368499756 750.858840942383 505.577671051025 558.273712158203 611.562026977539 519.118125915527 544.672343254089 349.197738647461 543.236885547638 608.405052185059 546.993658065796 597.310834884644 568.197412490845 590.68282699585 665.719657897949 597.206636428833 735.340850830078 725.199905395508 778.560638427734 594.507246732712 634.125072479248 549.277042388916 599.025066375732 702.056102752686 630.484767913818 660.667644500732 665.879241943359 405.531997680664 572.68448638916 623.885633468628 851.891662597656 694.611633300781 704.884353637695 836.066627502441 668.200294494629 679.906196594238 631.784186840057 781.143188476562 777.247695922852 720.294616699219
612.671531677246 642.89030456543 612.249946594238 438.131378173828 519.107179641724 472.489555358887 710.221221923828 675.402481079102 468.840980529785 561.916488647461 436.559341430664 559.808975219727 556.962553024292 649.070594787598 481.98217010498 456.361480712891 524.830680847168 543.032615661621 526.542591094971 583.815687179565 588.235744476318 475.25562286377 576.746095657349 596.334827423096 590.082567214966 709.09130859375 568.134237289429 744.847930908203 571.549934387207 678.800270080566 591.264705657959 514.029228210449 609.693475723267 637.523998260498 526.144645690918 643.25040435791 661.543300628662 562.347026824951 655.945247650146 782.240036010742 638.597854554653 672.231884002686 745.481864929199 688.976879119873 587.660115242004 589.029384613037 597.036087036133 557.662567138672 729.853096008301 652.150177001953
655.142219543457 613.835433959961 649.635391235352 530.511455535889 645.75936126709 526.108610153198 618.259944915771 541.965738296509 525.865142822266 581.407376289368 532.086360931396 554.132225036621 553.829647064209 598.066490530968 533.800964355469 505.653324127197 463.030265808105 558.824253082275 602.756423950195 569.149046897888 526.553882598877 607.250858306885 605.196603775024 606.847927093506 547.037528991699 448.17399597168 554.214408874512 592.414995193481 546.750091552734 638.965572357178 737.766067504883 544.207534790039 537.266426086426 626.589498519897 575.825778961182 653.282379150391 647.005912780762 556.712963104248 585.084217071533 622.123408794403 548.810600280762 584.901763916016 675.195051193237 713.226699829102 650.764701843262 627.486372947693 692.204902648926 811.046783447266 625.342037200928 582.136474609375
467.946685791016 575.987104415894 582.182897567749 334.654922485352 573.237083435059 552.905308246613 646.070152282715 618.538719177246 609.140621185303 693.76936340332 694.883636474609 594.60763168335 495.323303222656 567.605709075928 589.38854598999 537.531438827515 574.18186378479 577.790561676025 520.501892089844 651.370613098145 527.474000930786 613.591167449951 614.955829620361 565.98183631897 454.138198852539 523.646118164062 527.597183227539 660.255111694336 483.800636291504 589.883850097656 625.955053329468 541.227802276611 615.585949897766 543.926219940186 605.276894807816 665.664363861084 481.686416625977 511.052185058594 609.868234634399 776.225173950195 638.624745577574 779.634231567383 668.169513702393 580.071159362793 742.498497009277 720.01261138916 569.225624084473 591.531778335571 608.749485969543 702.700634002686
