export/dem/dem49.asc
NCOLS 350
NROWS 171
XLLCORNER 152620
YLLCORNER 418050
CELLSIZE 100
NODATA_VALUE -9999
[rows 110 to 131 of 171, columns 250 to 299 of 350]
872.159881591797 688.52025604248 652.694778442383 653.362915039062 1238.25601959229 1027.74113750458 635.751312255859 1123.53837585449 767.258544921875 867.78588104248 632.498138427734 883.269660949707 1124.24754047394 892.307250976562 837.426162719727 779.90941619873 934.625328063965 1223.0876159668 912.747497558594 799.639572143555 818.436679840088 830.524642944336 1127.85476088524 1076.91344070435 1284.79793548584 828.515533447266 830.572717666626 952.820182800293 962.905460357666 850.065191268921 842.743280410767 1019.55201721191 959.177436828613 828.925504684448 995.220649719238 832.262580871582 993.472915649414 1025.73345184326 1016.4575881958 889.231796264648 744.46360206604 715.129047393799 702.166038513184 715.359233856201 420.662704467773 821.205039978027 795.267389297485 538.262481689453 815.409270048141 640.614402770996
1033.05605316162 670.272010803223 466.942642211914 795.241844177246 635.178924560547 538.450012207031 700.485260009766 1247.15048980713 464.86262512207 483.133392333984 651.949249267578 808.597496032715 924.557708740234 835.156480371952 899.104763031006 827.554857254028 833.872737884521 747.433074951172 819.571556091309 909.984115600586 1177.03992462158 1013.41987991333 1014.29092311859 774.576965332031 1106.35484313965 1370.15371513367 843.644643783569 887.496799468994 1014.49593353271 864.76806640625 961.812355041504 818.329153060913 967.040306091309 824.977169036865 924.895355224609 955.484558105469 1174.76268005371 1069.19902038574 923.767448425293 893.123559713364 890.587203979492 605.104248046875 743.46895980835 753.648498535156 797.741035461426 607.399124145508 955.680923461914 712.094244003296 741.762958526611 917.955562591553
893.02579498291 1107.34567260742 1002.38963317871 649.275253295898 1065.92157745361 711.196426391602 728.88941192627 772.93342590332 731.962997436523 1003.98631286621 620.47575378418 533.185241699219 867.290641784668 962.216453552246 1180.00891876221 992.073261260986 653.363372802734 785.700275421143 835.218054771423 880.241592407227 879.646944046021 803.659175872803 1168.22161865234 924.413055419922 1034.24629974365 992.945543289185 990.849113464355 1041.08683395386 995.695045471191 934.544668197632 785.967758178711 875.640422821045 854.973068237305 879.192981719971 868.393653869629 966.569867610931 1019.15494537354 882.229301452637 827.187057495117 881.810600280762 642.007511138916 504.662246704102 820.502410888672 904.227542877197 971.662567138672 841.76908493042 945.052932739258 856.943112373352 769.088975429535 895.094156265259
536.607833862305 868.657772064209 571.106384277344 778.047454833984 870.960029602051 1166.10137939453 826.443483352661 626.919036865234 727.28581237793 584.156555175781 479.009078979492 367.128021240234 527.871276855469 659.27535533905 731.312942504883 714.225875854492 739.134117126465 892.435829162598 716.714042663574 804.93212890625 860.536212921143 849.678997039795 922.776756286621 812.295932769775 944.71866607666 1007.08793640137 898.852897644043 904.876514434814 1419.60704803467 1276.73262214661 867.594230651855 783.104652404785 862.779190063477 1005.86315917969 883.230606079102 1049.92886352539 864.711091041565 659.667289733887 611.875015258789 619.914024353027 549.301116943359 538.47745513916 662.967669487 677.864723205566 824.764190673828 798.912841796875 625.20263004303 803.541076660156 836.794244766235 945.153697967529
872.474594116211 1240.11019992828 1211.19209289551 699.27628326416 709.696891784668 743.065103530884 1863.11264038086 746.727909088135 1180.44592285156 1047.56983947754 645.104339599609 519.329986572266 698.342794418335 387.135864257812 703.032747268677 902.764190673828 921.877456665039 762.505584716797 745.618813037872 825.11449432373 718.413116455078 947.784324645996 763.381649971008 564.961181640625 818.616928100586 717.937034606934 730.402328491211 1009.76939249039 1361.08518981934 1337.53569221497 915.763774871826 791.433151245117 882.204784393311 812.698013305664 708.807907104492 612.514621734619 678.498168945312 780.956623077393 868.711639404297 797.424179077148 708.607545852661 619.20189666748 641.344879150391 820.350471496582 744.460605621338 722.125267028809 734.239776611328 912.740783691406 915.484817504883 812.597688674927
710.307525634766 856.978103637695 793.320533752441 754.64369392395 707.026931762695 1103.59828186035 573.800308227539 727.114974975586 704.26838684082 856.012454986572 552.38134765625 546.324806213379 604.191513061523 576.073875427246 733.173683166504 721.458961486816 756.866045236588 774.209169387817 690.14559173584 831.303665161133 832.157403945923 744.352996826172 702.112075805664 849.176193237305 717.9298132658 762.848535060883 874.765659332275 814.917240142822 1289.27510070801 1708.78370094299 947.339416503906 863.338214874268 727.083431243896 651.906295776367 730.084399223328 694.736295700073 707.660877227783 799.992706298828 754.777206420898 704.175724029541 809.878120422363 825.344833374023 802.933422088623 543.856735229492 760.445571899414 760.052852630615 797.621086120605 821.663749694824 694.604824066162 755.54434967041
827.334701538086 1355.75930786133 669.969879150391 701.31867980957 1382.62169837952 708.01163482666 807.290067195892 1159.572265625 664.71533203125 1029.65186309814 910.781661987305 652.683181762695 582.630523681641 605.522426605225 702.701810359955 789.854484558105 675.562808990479 668.113227844238 865.382888793945 849.805767059326 868.860858917236 823.540634155273 829.241921186447 748.474510192871 827.935758590698 688.424514770508 809.548080444336 887.890735626221 818.417762756348 958.239141464233 1196.72283172607 817.45809173584 794.915260314941 736.34709072113 711.01831817627 1189.01676511765 1553.68798828125 1646.32688903809 1702.20568847656 918.115394592285 742.737668037415 738.722839355469 783.68599319458 865.031097412109 857.708068847656 761.050235748291 876.219497680664 704.212850213051 787.571388244629 654.750671386719
737.6897315979 940.93928527832 722.077323913574 670.919769287109 987.275249481201 747.863723754883 1082.68865966797 713.110134124756 696.613647460938 822.591018676758 730.559112548828 830.071190834045 652.516967773438 630.61021900177 772.288963317871 712.884356498718 824.075309753418 853.172637939453 601.90364074707 628.633136749268 477.124450683594 809.513549804688 817.983053207397 794.196029663086 879.425724029541 861.413288414478 793.018661499023 941.483413696289 860.921932220459 796.041896820068 819.534429550171 1005.08247756958 838.793422698975 881.147033691406 1150.69781494141 840.499181747437 1093.71475982666 1169.51246643066 1510.35011291504 2138.92935180664 1112.69240570068 1034.41731262207 796.32653427124 987.431213378906 754.459047317505 805.303215026855 866.960014343262 666.848640441895 704.00394821167 774.327659606934
661.829830169678 836.498840332031 804.961715698242 751.099876403809 1075.84342956543 628.324005126953 1252.75010299683 693.797424316406 907.39248752594 648.367584228516 804.937438964844 714.693603515625 760.697813034058 461.037841796875 545.68586730957 686.511459350586 721.471038818359 710.481422424316 765.474609375 697.568542480469 712.295539855957 539.229736328125 625.051322937012 776.44128036499 807.500751376152 1054.15272521973 964.433292388916 783.535236358643 640.013286590576 701.69799041748 2131.27487564087 2812.0731048584 773.96354675293 895.156600952148 1016.97183227539 948.46342086792 1017.67468833923 1095.7645111084 1339.17463684082 1129.51795196533 1146.27098464966 1302.63064575195 1434.52185058594 1309.48459243774 1524.29209899902 1116.67698669434 1025.83602905273 783.884773254395 864.283485412598 898.073883056641
586.308738708496 549.979068756104 802.203109741211 645.911056518555 783.514831542969 893.809814453125 793.546257019043 627.303070068359 1273.71225357056 598.878479003906 563.897689819336 654.274993896484 512.628540039062 657.05884552002 638.721000671387 633.012664794922 767.23726272583 668.05451965332 777.358654022217 919.658538818359 709.955352783203 802.000271320343 670.030582427979 706.986934661865 826.907890319824 875.64356136322 835.189123153687 981.423652648926 799.749090433121 627.889511108398 775.531394958496 2109.63232421875 753.419631958008 808.218757629395 1175.9517288208 1262.60424804688 1023.08447647095 1208.54224014282 1683.85440826416 1177.79872322083 1096.28941345215 1238.16241455078 976.679229736328 1016.37221717834 1587.43910980225 1638.9327545166 1218.7301940918 1553.86793518066 1485.86566162109 1080.32833862305
581.118713378906 542.564863204956 442.079307556152 538.796165943146 938.936776399612 835.01904296875 778.370193481445 767.295036315918 688.279937744141 465.427963256836 704.45426940918 699.486633300781 480.038055419922 659.286956787109 644.19356918335 622.340572357178 691.356371879578 738.231346130371 618.616996765137 755.417373657227 827.589269638062 713.045310974121 668.246398925781 702.127330780029 637.5458984375 870.310005187988 754.964509963989 926.972484588623 973.921569824219 702.366653442383 615.14453125 754.167831420898 676.054061889648 745.266830444336 880.873727798462 1188.75582885742 1042.40492248535 921.124280929565 1278.05963134766 1087.2627286911 1202.70823287964 1148.45514297485 1210.22004699707 1027.90218734741 1511.2297668457 1299.1756439209 1166.27221679688 1168.61100769043 1347.75637817383 1635.47685241699
704.639589309692 682.642955541611 748.606239318848 591.070999145508 523.890651702881 476.490592956543 613.563707351685 569.930305480957 609.030563354492 588.378341674805 597.742286682129 672.416557312012 667.326751708984 651.24072265625 702.70955657959 632.093650817871 738.220680236816 719.064363956451 819.511070251465 590.584419250488 802.065540313721 708.256904602051 788.888155937195 779.47635269165 787.705051422119 654.430068969727 767.781173706055 735.427352905273 989.184379577637 728.285789489746 770.44514465332 713.038078308105 793.237812042236 762.249412536621 876.517505645752 850.535911560059 1085.58515930176 1137.86700439453 909.129547119141 986.57378578186 1367.16817474365 1420.94239425659 1110.52217102051 859.760629653931 1356.72813796997 1240.21680402756 972.299797058105 1090.44722747803 1389.97094726562 1481.96064758301
692.930578231812 698.019888017327 797.623878479004 664.388824462891 813.200218200684 491.926460266113 471.311965942383 318.890686035156 849.875930786133 669.9306640625 713.957962036133 750.425643920898 731.055564880371 417.580200195312 715.613964080811 629.276992797852 701.01944732666 722.034660339355 596.310989379883 676.798938751221 652.152156829834 777.555976867676 718.810890197754 977.49528503418 718.582416534424 830.69987487793 694.987087249756 801.076606750488 926.277729034424 977.032188415527 742.145286560059 954.465740203857 739.027835845947 816.432061672211 786.544410705566 1041.1526184082 850.700117111206 951.754493713379 870.580238342285 802.987312316895 962.545806884766 918.982316970825 925.917899489403 916.241363525391 873.140407562256 1098.85418319702 1089.42404937744 972.883069992065 1113.95596313477 1214.27088928223
602.294883728027 795.854400634766 769.79970741272 519.395126342773 705.269445419312 778.364280700684 670.730676651001 548.410766601562 724.661365509033 773.436531066895 748.676456451416 702.647407531738 1066.74277877808 664.379608154297 1057.53253173828 618.276824951172 657.666679382324 593.602142333984 794.145042419434 817.166259765625 600.169830322266 776.492752075195 901.904529571533 756.923904418945 812.667858123779 608.928119659424 742.13171005249 743.60570526123 929.523980617523 953.1534075737 899.425130844116 975.759750366211 837.57141494751 609.723846435547 772.584812164307 926.972839355469 954.104339599609 926.337951660156 883.713302612305 796.655097961426 913.98942565918 876.596046447754 767.936835289001 888.144989013672 884.161190032959 962.076820373535 940.257063865662 1136.04023742676 804.637781143188 1051.47106933594
744.839497566223 660.864891052246 823.631561279297 694.671787261963 629.559852600098 635.62158203125 841.4755859375 602.852138519287 737.621612548828 812.835571289062 844.315561294556 727.26375579834 796.697835803032 907.10213470459 1235.90795898438 659.49634552002 711.055582046509 740.531015396118 740.590696334839 735.656288146973 656.647636413574 789.833419799805 720.230642795563 929.409683227539 967.928382873535 702.682174682617 951.834411621094 929.406829833984 807.817222595215 937.270030975342 878.307365894318 1065.49258422852 1060.27648544312 721.16463470459 864.859371185303 718.011421203613 721.709423065186 914.098121643066 794.64904499054 848.234718322754 796.836223602295 820.513862609863 969.276184082031 792.295073032379 705.205024719238 713.992263793945 872.628173828125 899.843017578125 826.613746643066 1002.57279968262
708.819887161255 791.73318862915 610.23811340332 678.992607116699 751.010214805603 852.927055358887 733.531993865967 592.996963500977 548.789452552795 480.564819335938 725.728242874146 623.333587646484 1362.39669799805 907.402877807617 675.315330505371 594.463073730469 823.401416778564 789.799531698227 688.771270751953 1143.1293258667 780.244972229004 638.558929443359 664.729688644409 865.322067260742 895.486114501953 774.903308868408 748.899948120117 833.695022583008 966.329940795898 908.95182800293 809.782157897949 787.079719543457 849.343795776367 689.981727600098 785.224229812622 819.14338684082 771.65097784996 789.046065330505 1020.53877258301 720.178123474121 958.061889648438 741.904920578003 787.141702651978 856.430076599121 932.674560546875 844.628921508789 779.051868438721 742.587745666504 883.938903808594 777.196836471558
813.681760013103 755.658191680908 650.258728027344 758.932606220245 594.291015625 759.154628753662 691.097194671631 792.183639526367 619.216171264648 665.234088897705 553.77774810791 1321.74256134033 699.42945098877 826.388973236084 960.174289703369 730.059940338135 800.361583709717 761.726166725159 1166.02000427246 590.627937316895 697.765522956848 666.25389289856 626.652809143066 680.998668670654 763.631042480469 810.689376831055 854.72705078125 777.707443237305 830.698707580566 884.801040649414 673.529251098633 791.342354059219 812.839983224869 888.715015411377 781.409045219421 921.781326293945 849.54874420166 806.344908952713 720.955284118652 955.482635498047 844.788963317871 813.286876678467 751.861213684082 810.791191101074 652.620712280273 783.22025680542 850.986549377441 840.739683151245 763.924722671509 646.400100708008
659.689651489258 679.870429992676 785.125812530518 711.242179870605 822.484363555908 752.421531677246 661.743659973145 642.583362579346 565.885383605957 542.513366699219 631.009601593018 557.997680664062 659.730884552002 1264.33554458618 716.831504821777 756.011379241943 853.272850036621 973.002346038818 685.35754776001 793.05623626709 721.007760763168 831.026016235352 604.297645568848 645.363357543945 671.454328536987 796.819694519043 783.972007751465 749.937919616699 863.091232299805 720.318634033203 748.96914100647 778.136646270752 775.766960144043 884.414093017578 664.416122436523 827.546043395996 671.889663696289 751.354808807373 663.682952880859 922.272891998291 806.620455026627 817.646968841553 735.756092071533 745.363481521606 736.658975601196 744.594377040863 869.211166381836 847.716758728027 908.906471252441 917.195905685425
892.997131347656 673.856147766113 772.366939544678 738.470881462097 644.422973632812 759.419719696045 821.589773178101 724.309517383575 635.744678497314 451.489013671875 727.974117279053 645.181762695312 791.844432830811 596.721801757812 652.984077453613 864.819854736328 502.634223937988 799.230079650879 702.895023822784 832.613403320312 825.806243896484 717.451393127441 694.523491382599 774.257453918457 651.084121704102 826.359886169434 889.019119262695 611.040481567383 614.090896606445 902.045043945312 673.10563659668 845.071319580078 846.650687068701 719.784145355225 918.14631652832 786.486045837402 812.997573852539 799.662548065186 897.919913291931 1173.03483200073 926.220947265625 890.592178344727 946.895866394043 895.189979553223 830.543917298317 726.930168151855 702.686569213867 754.922584533691 1071.01496887207 856.147514343262
636.126266479492 835.333396911621 748.035179615021 631.50318145752 721.884635925293 838.384281158447 765.128276824951 697.356456756592 619.9088742733 578.414657592773 667.199668884277 738.795878410339 554.274185180664 750.128973007202 758.634236335754 648.103233337402 691.153984069824 739.561293065548 830.998550415039 941.731475830078 744.262767791748 632.363082885742 780.62580871582 683.90392780304 703.442545115948 693.790363311768 714.716041564941 757.30432510376 783.776611328125 694.663204193115 845.163307189941 780.560516357422 833.967697143555 787.010168075562 724.382919311523 1004.17795944214 882.39747428894 916.487855911255 993.479907989502 856.482376098633 904.084342956543 910.968181610107 923.293426513672 1153.94393920898 793.900047302246 861.681945800781 812.300361633301 664.288902282715 883.608848571777 1022.33947753906
855.72282409668 958.732162475586 822.184112548828 678.58126449585 864.34358215332 787.687034606934 720.836487770081 577.582668304443 579.056713104248 625.622049331665 416.079498291016 780.33736038208 516.490661621094 718.302173614502 667.563369750977 728.618713378906 818.157108306885 774.073333740234 735.846089959145 671.609745025635 599.927925109863 689.137535095215 686.42555975914 621.736892700195 688.852676868439 798.046276092529 686.246387481689 805.817972183228 692.294876098633 692.316786289215 712.235858917236 629.523651123047 610.558937072754 831.713821411133 920.686155319214 835.279853820801 884.137107849121 1018.49941635132 1155.55933189392 1075.41568756104 1090.93285942078 1053.29220581055 1015.38613510132 868.320259094238 1064.33937072754 895.706665039062 774.328460693359 790.223567962646 612.356216430664 983.510154724121
702.185928344727 823.745971679688 743.623558044434 719.166919708252 850.848731994629 641.008514404297 635.936412811279 549.14995765686 516.510940551758 666.411106109619 599.324867248535 577.080017089844 605.65608215332 566.759918212891 650.407257080078 632.068519592285 656.363761901855 712.700011253357 861.486549377441 761.161602020264 660.379917144775 631.116882324219 634.104766845703 681.951395988464 637.028762817383 685.005882263184 749.566902160645 707.881608963013 589.96110534668 696.156503677368 793.403312683105 650.63444519043 643.882088661194 597.205043792725 729.117698669434 639.139691352844 711.351372718811 958.359985351562 797.101272583008 930.872428894043 1033.79402160645 949.098403930664 927.054847717285 1020.37620925903 871.610565185547 891.472862243652 960.518352508545 742.04713010788 670.151763916016 993.200059577823
