export/dem/dem42.asc
NCOLS 350
NROWS 171
XLLCORNER 152620
YLLCORNER 418050
CELLSIZE 100
NODATA_VALUE -9999
[rows 44 to 65 of 171, columns 50 to 99 of 350]
697.734081268311 729.40763092041 711.3671875 819.73752784729 360.318603515625 344.111785888672 584.843189239502 531.30002784729 749.138320922852 653.356986999512 904.624767303467 492.444147109985 411.199768066406 554.915554046631 577.744888305664 373.457901000977 437.146453857422 520.469459533691 368.181812286377 513.086738586426 575.496276855469 395.549697875977 489.511096954346 490.091484069824 292.719055175781 451.313549041748 379.265008926392 353.040618896484 299.545295715332 448.832513809204 423.127243041992 401.138874053955 322.037559509277 432.930072784424 372.931335449219 471.883073806763 575.265670776367 311.792221069336 342.022018432617 380.648372650146 451.754190444946 611.863304138184 453.005226135254 382.450149536133 445.404054641724 450.368068695068 531.886238098145 517.726524353027 310.317749023438 416.294146537781
677.916244506836 646.797247886658 518.864028930664 737.290149688721 487.780307769775 449.121299743652 604.327651023865 425.508644104004 646.122711181641 729.55509185791 493.5012550354 273.226470947266 287.250442504883 423.764533996582 430.164451599121 372.294227600098 539.389213562012 450.749670028687 433.233846664429 492.304306030273 205.948913574219 346.085464477539 483.601654052734 523.260856628418 400.725887298584 436.391460418701 444.606260299683 384.612911224365 461.056838989258 367.085803985596 487.042091369629 350.072402954102 439.230564594269 389.977256774902 341.047660827637 310.783538818359 416.246215820312 506.304546356201 284.486457824707 397.518522262573 387.228454589844 222.249771118164 402.139011383057 483.100093841553 453.000110626221 487.731970667839 487.087158203125 440.798871994019 391.281909942627 431.176379203796
640.775111079216 543.507018208504 456.121597290039 420.094352722168 385.856272697449 512.067657470703 726.278846740723 453.898327827454 575.850303649902 585.956737041473 580.018653869629 454.028476715088 418.847427368164 507.756185531616 324.86018371582 534.581596374512 408.024328231812 330.64347076416 505.133636474609 498.524017333984 311.351524353027 395.014542579651 319.612831115723 349.379531860352 442.961082458496 445.475975036621 499.828231811523 451.059955596924 460.202192306519 438.58032989502 448.171990394592 435.068949699402 449.537250518799 520.968826293945 369.854194641113 420.142681121826 334.787506103516 402.282907485962 239.369522094727 443.748622894287 514.723022460938 395.289268493652 395.014316558838 512.218391418457 357.674873352051 552.675621032715 433.432332992554 413.742974281311 327.560615539551 344.615982055664
557.234348297119 444.216506958008 444.343962669373 443.6441822052 490.086158752441 432.325492858887 1097.81869125366 737.535531997681 652.850921630859 503.597618818283 516.062295794487 355.502914428711 455.364879608154 570.826538085938 461.887771606445 526.704750061035 405.536079406738 294.063209533691 440.605110168457 308.521522521973 387.077444076538 394.090231657028 281.316360473633 342.143836975098 386.273567199707 441.047245025635 435.513050079346 444.111541748047 451.0366563797 547.594581604004 447.798807144165 514.840812683105 498.592136383057 486.010139465332 333.595916748047 376.731967926025 377.904277801514 337.08772277832 412.734142303467 454.846700668335 417.60195350647 469.714361190796 491.97240447998 345.015434265137 357.896850585938 413.449590682983 541.362159729004 318.578018188477 432.102334976196 559.473434448242
512.613182067871 544.174591064453 434.420831680298 557.684191465378 530.567184448242 443.269821166992 485.326833724976 588.718727111816 322.247421264648 538.967374801636 601.965957641602 476.090049743652 470.561166763306 646.287445068359 408.585899353027 441.701293945312 465.202152252197 421.593835830688 540.859321594238 533.021347045898 386.192333221436 296.612983703613 405.0191822052 369.608764648438 342.907691955566 344.604988098145 401.842637062073 452.14017868042 314.603706359863 360.569938659668 638.5361328125 512.308567047119 731.67204284668 508.028594970703 597.955963134766 357.354637145996 499.098678588867 451.01815032959 334.996971130371 497.398368835449 341.308334350586 423.911121368408 343.306121826172 286.087768554688 171.203430175781 329.965713500977 292.057998657227 284.530654907227 389.92977142334 425.752765655518
517.4716796875 126.451858520508 375.352363586426 534.359706878662 511.019676208496 523.545795440674 465.522506713867 373.322807312012 453.802803039551 318.521911621094 341.613929748535 504.59324836731 381.935707092285 465.28111076355 411.968063354492 480.028165817261 444.853721618652 436.287281036377 482.716777801514 497.021713256836 472.244625091553 449.763149261475 491.862617492676 439.672988891602 667.218246459961 299.415626525879 419.676885604858 475.15758895874 434.585138320923 590.839416503906 415.478212356567 530.47004699707 371.814628601074 285.138092041016 507.043754577637 526.985633850098 473.200271606445 407.364820480347 441.936435461044 318.39714050293 308.584510803223 427.299515008926 448.676373541355 534.070404052734 355.032981872559 245.155700683594 394.2301902771 494.471561431885 453.339656829834 471.514343261719
372.984704017639 625.741165161133 473.998507499695 1008.55610656738 538.14281129837 604.095146179199 517.272041320801 501.318008422852 423.698040008545 336.795280456543 459.716950416565 336.092208862305 317.842834472656 497.112326860428 600.983779907227 284.913986206055 343.257186889648 423.323699951172 585.797256469727 465.413288116455 336.335609436035 502.770690917969 443.403366088867 440.675598144531 459.447425842285 448.687870979309 579.684768676758 441.776058197021 522.877685546875 378.254482269287 342.481719970703 376.804336547852 522.657783508301 273.698043823242 269.233993530273 487.770095825195 455.923664093018 415.944486618042 521.854415893555 416.111842155457 350.134140014648 248.406707763672 291.655281066895 527.55770111084 419.745414733887 417.048276901245 544.913116455078 325.328010559082 548.993202209473 539.288162231445
725.688792228699 567.175964355469 505.941926956177 540.723785877228 505.218818664551 500.043285369873 585.024948120117 357.571838378906 596.974914550781 456.073535919189 382.198944091797 400.139083862305 533.713691711426 275.933364868164 380.816989898682 403.708980560303 569.697555541992 414.015524864197 473.522815704346 391.920442581177 356.137424468994 479.290626525879 385.449966430664 459.528999328613 488.450820922852 518.471611022949 468.353969573975 371.496315002441 272.128952026367 330.859672546387 319.771003723145 464.501907348633 247.758506774902 452.522010803223 396.13151550293 455.297843933105 528.276229858398 432.369667053223 438.757436513901 554.667404174805 443.951561491936 444.675621032715 316.384979248047 458.136610031128 383.188682556152 496.997901916504 469.287841796875 433.559703826904 266.86653137207 513.808410644531
617.828402519226 448.339996337891 976.890562057495 628.848258972168 459.287612915039 532.291469573975 678.396850585938 503.244634628296 559.601676940918 422.510299682617 324.716186523438 518.097518920898 485.202054023743 468.920650482178 337.932502746582 420.194723129272 443.694319725037 574.228958129883 402.920316696167 459.535499572754 558.796646118164 551.027870178223 470.727725982666 614.209548950195 581.748733520508 623.964004516602 448.524350166321 290.108337402344 304.632736206055 367.900775909424 369.154726028442 287.6806640625 396.960597038269 483.956260681152 428.41021490097 581.355880737305 367.929718017578 399.488872051239 167.693252563477 434.949017047882 492.562953948975 504.154968261719 542.838592529297 281.662399291992 445.241035461426 405.312323093414 407.504848480225 506.589073181152 493.093971252441 433.587080001831
648.287826538086 463.294662475586 687.131759643555 553.205972671509 511.879528045654 526.051054954529 476.336582899094 528.886180877686 471.495970726013 485.647966384888 440.84890127182 352.32300567627 571.499237060547 641.04655456543 484.215614318848 501.759437561035 478.93921661377 478.450874328613 545.406623840332 486.41854095459 400.462999343872 369.560043334961 487.287189483643 498.274642944336 703.683120727539 562.282867431641 562.62419128418 465.41919708252 363.385976791382 290.811210632324 285.106048583984 509.214195251465 432.709226608276 377.213045120239 393.34582901001 440.64600944519 453.044132232666 481.777153015137 392.63436126709 390.780950546265 377.511032104492 343.404804229736 527.980735778809 507.886688232422 637.936492919922 503.234436035156 468.580348968506 419.838384628296 421.971420288086 568.850250244141
685.708267211914 535.549865722656 497.253753662109 630.363784790039 595.180137634277 582.857606887817 468.373506546021 517.309970855713 537.910026550293 453.293354034424 456.541675567627 631.872421264648 291.907325744629 537.147064208984 515.877479553223 586.979370117188 431.010926485062 352.086006164551 334.150314331055 386.950839996338 447.090293884277 405.690937042236 361.1555519104 559.899765014648 529.725534439087 322.683242797852 462.430557250977 353.591464996338 248.355613708496 300.541221618652 594.240905761719 314.485626220703 452.303115844727 420.200433731079 390.385021209717 508.827857971191 449.245590209961 408.064596176147 335.91593170166 330.669010162354 268.879928588867 653.150039672852 421.629088401794 414.382799625397 516.248825073242 474.932369232178 370.682304382324 477.545574188232 549.009475708008 642.357894897461
745.011779785156 1320.98603820801 498.003658294678 561.835708618164 574.704885482788 413.99674987793 521.684833526611 465.603142738342 531.632820129395 503.775039672852 415.506923675537 436.440313339233 564.087829589844 506.193008422852 455.161884307861 597.574691772461 560.841110229492 552.146789550781 355.005561828613 349.637409210205 392.425643920898 445.477993011475 542.415954589844 464.110214233398 297.681495666504 415.882705688477 389.994895935059 305.413028717041 156.194793701172 334.988227844238 426.202209472656 360.248920440674 451.728252410889 312.882682800293 442.904964447021 354.966110229492 366.014207839966 245.617874145508 361.305309295654 307.408203125 315.801307678223 265.915420532227 418.902730941772 326.574398040771 399.9748878479 285.422492980957 452.97101020813 408.89541053772 569.906097412109 462.981443405151
487.72066116333 698.466682434082 683.686019897461 927.242614746094 637.831970214844 598.30704498291 599.87865447998 378.741622924805 344.327507019043 389.154014587402 405.841080784798 447.169429779053 481.686935424805 510.145439147949 481.989826202393 485.05924987793 534.670394897461 446.500343322754 212.803421020508 343.167121887207 526.355186462402 433.206256389618 485.862663269043 303.548919677734 356.113595962524 283.722785949707 293.155529022217 458.926979064941 475.579238891602 300.926330566406 231.292373657227 293.522087097168 340.866659164429 259.576782226562 410.177427768707 435.091259002686 332.36393737793 403.229493618011 358.168352127075 298.172805786133 369.82914352417 243.387756347656 406.194183349609 326.517990112305 314.272583007812 372.908100128174 397.786037445068 414.877794265747 534.216972351074 595.166839599609
749.928062438965 531.47204208374 690.911209106445 550.09744644165 641.644454956055 532.200192451477 513.381670951843 500.274509429932 473.374492645264 331.321105957031 485.163955688477 461.375106811523 516.509208679199 503.96907043457 604.412185668945 514.53596496582 523.33235168457 490.595176696777 345.390075683594 347.352043151855 451.237869262695 512.661796569824 367.8708152771 447.465492248535 481.039459228516 407.851940155029 294.697319030762 277.906002044678 324.285559654236 430.945816040039 462.019607543945 329.9041223526 396.276660919189 412.319631576538 455.541664123535 325.428691864014 318.79709815979 318.23518371582 359.313426971436 297.347267150879 377.213300704956 395.037282466888 371.990522384644 382.716335296631 436.09509563446 466.93078994751 334.97501373291 603.655731201172 526.450569152832 486.88500213623
601.007423400879 578.253602981567 651.015481948853 563.709938049316 532.467220306396 581.697354793549 658.060211181641 432.114471435547 455.079128265381 456.96028137207 411.91588973999 362.059743881226 456.461204528809 406.077707290649 484.138862609863 448.651988983154 525.687484741211 404.664494037628 258.064849853516 444.490051269531 411.139698028564 413.885425567627 135.781051635742 395.004768371582 328.819077968597 443.655288696289 364.451118469238 415.787559509277 451.649551391602 536.219909667969 486.71622467041 503.270980834961 334.133399963379 322.719787597656 371.149081230164 196.115692138672 360.489086151123 507.415878295898 371.445296287537 433.731636047363 538.086044311523 303.906623840332 505.387901306152 599.198394775391 454.13697052002 424.908281803131 607.894500732422 632.643081665039 394.212535858154 659.540237426758
536.276092648506 400.488067626953 673.558616638184 536.476249694824 584.985431671143 649.997772216797 608.486267089844 536.180847167969 385.295139312744 380.825035095215 388.75457572937 336.453058242798 359.842426300049 319.314025878906 481.742919921875 338.269992828369 344.997222900391 412.60732460022 518.367614746094 354.41333770752 449.50855255127 349.925859928131 295.766700744629 294.076316833496 478.494186401367 364.079947471619 365.798241615295 472.463973999023 417.769577026367 373.4636323452 374.429572343826 182.547149658203 420.971691131592 348.067066192627 348.854791641235 434.68701171875 361.366651535034 407.626878738403 414.350322723389 471.127952575684 448.86349105835 388.945238113403 347.128032684326 463.015380859375 521.764602661133 479.125949859619 620.989196777344 427.813899040222 572.292205810547 522.152603149414
451.462537765503 475.764099121094 676.087333679199 691.924102783203 663.082862854004 721.091300964355 682.38013458252 515.306751251221 400.882350921631 466.270217895508 369.010866165161 479.501419067383 406.879493713379 427.198764801025 425.0842628479 539.170379638672 415.475873947144 557.296234130859 558.914657592773 454.69556427002 382.34538269043 527.30793762207 438.821239471436 352.98691368103 437.496185302734 480.744422912598 389.043529510498 351.185791015625 437.31050491333 477.944625854492 361.688095092773 284.614631652832 408.996288299561 337.026512145996 471.072402954102 470.430419921875 331.003677368164 291.41495513916 347.338218688965 322.529228210449 495.801483154297 390.147114753723 417.441138267517 545.184646606445 493.433448791504 492.284576416016 380.613967895508 634.84846496582 482.699295043945 637.205337524414
642.906120300293 419.174438476562 574.693695068359 476.716079711914 474.062103271484 642.25682926178 547.844383239746 679.383239746094 488.095906257629 433.430006980896 496.546569824219 365.134346008301 477.519752502441 457.124195098877 327.411796569824 506.219387054443 343.191856384277 288.297981262207 476.991592407227 426.515762329102 329.576179504395 462.928199768066 406.190418243408 419.358390808105 410.717239379883 460.950248718262 370.529588699341 411.720184326172 445.724586486816 466.188079833984 550.726257324219 269.419151306152 356.329039573669 421.661689758301 421.308113098145 361.446500778198 453.167991638184 384.618030548096 400.501712203026 328.420227050781 349.712825775146 356.671905517578 461.790904998779 580.93310546875 431.502901941538 382.756271362305 388.071815490723 395.879989624023 463.071594238281 573.259048461914
586.377111434937 412.557327270508 498.109924316406 505.254890441895 659.299331665039 712.219547271729 542.015216827393 590.900367736816 609.157089233398 491.138359069824 475.770822525024 487.58470916748 395.671096801758 512.21598815918 413.450275421143 323.038345336914 446.837425231934 406.982727050781 534.195770263672 436.763687133789 445.899047851562 303.204824447632 323.956077575684 446.537322998047 361.452665328979 334.74462890625 465.907936096191 297.214935302734 422.957536697388 436.616775512695 527.525512695312 481.389869689941 610.326095581055 411.196350097656 454.913722991943 309.433555603027 296.852279663086 441.650863647461 423.743969917297 238.323822021484 401.641173839569 390.103088378906 570.923568725586 417.558177947998 368.960250854492 328.789497375488 441.600955963135 436.041446685791 532.658023834229 591.625305175781
507.239013671875 483.146858215332 477.44694519043 643.511024475098 416.701522827148 621.071731567383 517.529586791992 500.722232818604 627.08447265625 484.667098999023 538.806007385254 704.888961791992 389.287459373474 483.389541625977 507.498428344727 385.132942199707 394.235004425049 483.851486206055 409.027450561523 437.761898040771 456.353218078613 486.613021850586 386.4560546875 394.513822555542 432.469345092773 283.765464782715 373.789190530777 397.428764343262 368.55197429657 488.221328735352 403.346748352051 486.458122253418 475.847091674805 495.846908569336 441.254379272461 407.782054901123 454.664619445801 363.109798431396 557.137451171875 333.599304199219 473.176761627197 456.062398910522 441.322359085083 442.767095565796 341.628883361816 422.893395900726 349.30443572998 384.671249389648 552.315574645996 423.612777709961
440.501037597656 593.813690185547 618.130737304688 679.077433586121 485.221439361572 449.778186798096 446.653827667236 474.657554626465 344.848136901855 549.105087280273 449.824964523315 502.510749816895 503.16283416748 434.689102172852 393.711864471436 177.975555419922 534.241439819336 414.599136352539 486.233505249023 373.119155883789 425.600261688232 373.997262954712 354.487487792969 488.824493408203 307.621597290039 349.361916542053 323.746067047119 478.139793395996 317.310264587402 494.93660736084 327.304016113281 329.881996154785 611.91130065918 488.317245483398 507.74235534668 412.011867242865 533.265197753906 345.799312591553 281.999008178711 375.89015007019 288.121185302734 383.15153503418 443.43318939209 517.619079589844 586.797714233398 529.31819152832 301.481864929199 401.252569198608 465.742724895477 545.274848937988
597.178699493408 421.92862701416 513.882745742798 589.658424377441 488.796909332275 601.135665893555 484.564861297607 525.860809326172 341.687484741211 371.788331985474 400.265522003174 506.477600097656 380.869106292725 235.227012634277 326.560306549072 367.590205192566 467.307167053223 334.492015838623 452.370101928711 362.936092615128 345.43501663208 472.633979797363 453.54150390625 249.309257507324 365.271684646606 340.024784088135 618.330932617188 428.403476715088 349.818346500397 415.519947052002 398.780997753143 566.850296020508 516.832824707031 319.714965820312 674.402938842773 494.35816192627 569.02490234375 401.953686714172 342.217391967773 517.124694824219 380.429866790771 355.33723449707 647.924606323242 475.617259979248 470.898948669434 441.668137073517 565.597923278809 454.842403054237 421.642740249634 465.123809814453
