export/dem/dem46.asc
NCOLS 350
NROWS 171
XLLCORNER 152620
YLLCORNER 418050
CELLSIZE 100
NODATA_VALUE -9999
[rows 0 to 21 of 171, columns 150 to 199 of 350]
473.378219604492 507.557403564453 631.914443969727 -9999 -9999 -9999 -9999 -9999 -9999 -9999 -9999 -9999 -9999 -9999 -9999 -9999 -9999 -9999 -9999 -9999 -9999 -9999 -9999 -9999 -9999 -9999 -9999 -9999 -9999 -9999 -9999 -9999 -9999 -9999 -9999 -9999 -9999 -9999 -9999 -9999 -9999 -9999 -9999 -9999 -9999 -9999 -9999 -9999 -9999 -9999
650.477500915527 661.427561283112 681.140930175781 750.132680892944 667.213470458984 606.83470916748 536.42805480957 -9999 -9999 -9999 -9999 -9999 -9999 -9999 -9999 -9999 -9999 -9999 -9999 -9999 -9999 -9999 -9999 -9999 -9999 -9999 -9999 -9999 -9999 -9999 -9999 -9999 -9999 -9999 -9999 -9999 -9999 -9999 -9999 -9999 -9999 -9999 -9999 -9999 -9999 -9999 -9999 -9999 -9999 -9999
421.022552490234 463.929969787598 687.667112350464 611.086605072021 373.229431152344 635.956645965576 609.157260894775 587.194114685059 709.447639465332 719.939338684082 635.62858581543 857.725006103516 871.241939544678 836.519571304321 -9999 -9999 -9999 -9999 -9999 -9999 -9999 -9999 -9999 -9999 -9999 -9999 -9999 -9999 -9999 -9999 -9999 -9999 -9999 -9999 -9999 -9999 -9999 -9999 -9999 -9999 -9999 -9999 -9999 -9999 -9999 -9999 -9999 -9999 -9999 -9999
441.060150146484 683.943481445312 614.287708282471 567.325218200684 523.214660644531 577.517242431641 611.382041931152 941.317670822144 843.431503295898 727.057495117188 769.355172157288 707.34716796875 865.069808959961 886.039939880371 631.129058837891 684.240808486938 837.68285369873 877.38657951355 759.226722717285 846.477104187012 866.001697540283 823.089910507202 748.940032958984 621.964920043945 873.518653869629 725.868194580078 653.65690612793 744.023399353027 711.903398990631 778.586458206177 956.188537597656 849.873373031616 855.853952407837 772.816040039062 902.351081848145 -9999 -9999 -9999 -9999 -9999 -9999 -9999 -9999 -9999 -9999 -9999 -9999 -9999 -9999 -9999
952.19165802002 647.61555480957 812.179016113281 917.427070021629 1101.79086112976 967.80445098877 730.377792358398 947.119154453278 919.869663238525 990.001139640808 833.902801513672 609.362327575684 674.744079589844 720.112686157227 598.353096008301 586.601379394531 708.596578121185 812.369287490845 755.177326202393 693.230777740479 727.411666870117 744.436401367188 928.585372924805 818.565582275391 813.734460830688 670.70630645752 764.274604320526 724.378692626953 637.932487487793 852.5009765625 616.199020385742 767.227508544922 773.57486140728 827.649391174316 758.9387550354 634.483222961426 682.800947189331 722.608880996704 816.380630493164 850.57045173645 766.236808776855 659.833431631327 641.348588943481 623.094123840332 665.750762939453 723.859733581543 683.106178283691 701.323863983154 832.635457992554 941.344177246094
1011.67869949341 785.978569030762 859.955688476562 762.291717529297 1292.40230560303 1002.09317016602 780.378326416016 858.380393981934 817.196899414062 812.86506652832 1009.6997551918 491.888473510742 510.457107543945 377.342926025391 708.367273330688 413.488693237305 581.664764404297 787.436458587646 778.62521648407 780.896190643311 699.45160484314 600.532211303711 818.502830505371 508.067855834961 624.467460632324 523.730682373047 497.120056152344 644.384693145752 576.983615875244 705.540602207184 644.687065124512 794.819332122803 830.775863647461 732.323089599609 587.998252868652 676.668491363525 780.875183105469 846.613478660583 971.606414794922 987.475120544434 856.112108230591 573.249397277832 575.979263305664 564.818374633789 584.724983215332 597.243125915527 654.239599227905 560.799865722656 709.488337576389 630.341918945312
1155.39901351929 1039.81647491455 982.84196472168 878.874652862549 954.659805297852 910.521125793457 946.148582458496 1090.45463562012 1019.54358291626 1012.84560394287 964.440078735352 650.448448181152 510.348739624023 195.677093505859 679.115127563477 582.483016967773 504.171035766602 591.227272033691 595.511932373047 860.256225585938 498.072601318359 672.394790649414 718.365894317627 559.421615600586 701.229657173157 529.032653808594 541.579010009766 669.537563323975 590.280400276184 699.624678850174 949.337707519531 823.669620513916 687.35755109787 661.756675720215 762.019855499268 843.098508834839 967.391723632812 883.522510528564 834.267101287842 987.492835998535 861.165479660034 740.594757080078 683.192583084106 569.891120910645 582.236404418945 522.554916381836 660.972542524338 626.444744110107 653.068981170654 661.318588256836
1081.15522003174 726.400756835938 743.043453216553 649.682350158691 859.549407958984 807.007308959961 902.221664428711 744.158569335938 898.900985717773 863.668518066406 870.651992797852 609.070648193359 623.359664916992 531.757232666016 656.623840332031 770.182548522949 531.912963867188 571.364929199219 828.003135681152 763.168437004089 939.321588516235 919.630676269531 618.310913085938 795.969783782959 601.407817840576 581.78604888916 774.70679473877 780.025978088379 690.048391342163 733.143703460693 656.715766906738 554.870910644531 746.319812774658 749.04719543457 814.495338439941 844.776212692261 804.827705383301 892.952735900879 963.236602783203 997.144607543945 896.592597961426 934.285751342773 975.343246459961 902.344848632812 721.175445556641 853.198965072632 911.820383071899 865.29216003418 804.813438415527 503.354858398438
778.977165222168 713.368381977081 714.261112689972 600.443389892578 1082.22492218018 668.804306030273 1002.4833984375 937.014038085938 822.083557128906 1098.00726127625 679.925537109375 628.027572631836 538.028350830078 807.534070968628 790.205394744873 553.179412841797 710.590835571289 750.79398727417 781.50309753418 824.196178436279 1039.09450912476 1122.98841762543 993.310989379883 727.431182861328 577.359756469727 625.684310913086 754.96337890625 837.900352478027 704.538208007812 856.339214324951 893.943435668945 711.031051635742 819.909790039062 660.327041625977 750.964710235596 866.504367828369 961.573446273804 1053.05004119873 1024.98278808594 1031.49678039551 1007.08831787109 821.426272392273 932.602142333984 805.307125091553 938.821762084961 863.505048751831 962.731857299805 801.433700561523 785.37699508667 798.139863967896
682.115193367004 739.548152923584 680.175937056541 580.399536132812 747.157752990723 807.388017654419 450.981170654297 580.558158874512 663.233420372009 616.753028869629 452.106430053711 729.773162841797 577.496131896973 473.145919799805 952.5207862854 1197.29940795898 891.439208984375 689.505260467529 1054.88584327698 752.766571044922 1045.18970108032 1011.96566009521 1315.80545043945 1162.87216186523 707.01789855957 915.068740844727 768.815049171448 702.266050338745 795.690017700195 626.814811706543 847.471827566624 781.895450592041 637.411331176758 656.560363769531 641.564865112305 832.575775146484 913.577095031738 925.957286834717 897.511077880859 959.117376327515 1048.93431091309 697.668075561523 948.235679626465 804.497978210449 884.297840118408 1004.6882610321 1107.36206054688 815.904079437256 791.396209716797 886.720235824585
914.194396972656 753.793144226074 773.735708236694 696.116557121277 590.61296081543 541.611572265625 701.790203094482 398.400527954102 516.740295410156 568.322090148926 591.501022338867 620.562545776367 510.268272399902 506.296356201172 512.528533935547 893.944915771484 1080.07424545288 711.795669555664 998.014999389648 956.647506713867 1115.87688350677 1120.50470733643 904.928260803223 1111.87699508667 1036.77659606934 1159.36175918579 739.501014709473 572.858871459961 543.010864257812 594.587867736816 832.534942626953 635.499382019043 417.023361206055 419.674728393555 338.298309326172 723.126861572266 842.238118156791 835.080444335938 881.680494785309 945.446922302246 736.806144714355 687.856575489044 969.026145935059 933.239807128906 853.250980377197 1223.38513946533 1092.41250610352 1334.05792617798 1389.39551544189 801.466682434082
741.286556243896 682.525690078735 771.532157897949 631.25669670105 572.219619750977 489.648254394531 575.020109176636 529.338855743408 702.909649610519 599.55263710022 539.77596282959 442.936416625977 537.842422485352 730.803344726562 668.6591796875 585.61149597168 745.780082702637 857.019746780396 824.32544708252 690.153541564941 714.574047088623 1016.74333190918 792.334707260132 768.90062713623 780.547370910645 751.169134140015 1131.31575012207 1253.3844203949 1015.81867980957 1193.98337554932 1129.9880771637 601.022659301758 591.392250061035 402.404357910156 448.612106323242 505.900299072266 733.835121154785 672.200698852539 562.721057891846 709.986709594727 867.423522949219 702.181854248047 926.219673156738 658.887630462646 597.972717285156 751.953784942627 726.743129730225 772.865705490112 1098.85203933716 828.116098165512
728.21036529541 697.863265991211 627.992416381836 507.611740112305 565.231399536133 620.047225952148 555.035224914551 567.359209060669 679.833371162415 665.718794822693 742.404930114746 546.99430847168 982.073791503906 871.865928649902 787.345855712891 624.894178390503 505.233947753906 892.910873413086 991.303241729736 560.843612670898 573.833618164062 1107.88981103897 644.485412597656 866.77974319458 763.222267150879 630.506744384766 1092.63770365715 1264.13955688477 695.897331237793 895.756149291992 1095.85696411133 787.516975402832 580.770324707031 535.327850341797 582.93733215332 721.610221862793 911.651477813721 861.459243774414 774.107810974121 800.554473876953 765.976837158203 910.03076171875 596.28059387207 779.804901123047 607.09029006958 681.004241943359 715.794193267822 798.206728339195 700.457878112793 1000.49499511719
690.128841400146 620.875329971313 642.418407440186 979.334075927734 938.491177558899 976.671249389648 935.576801300049 581.207069396973 581.842514038086 739.101516723633 489.64013671875 365.853576660156 562.664993286133 587.20191192627 800.359718322754 732.131477355957 555.920654296875 670.834266662598 751.610668182373 807.032127380371 795.308849334717 657.469787597656 947.548690795898 934.39714050293 716.422431945801 778.826995849609 765.298095703125 826.07194519043 806.248023986816 837.804244756699 1164.6089630127 696.846244812012 449.855514526367 571.245025634766 521.939010620117 793.743892669678 899.136795043945 698.953945159912 727.711112976074 837.553176879883 724.280830383301 712.150268554688 804.243659973145 747.998949050903 550.986679077148 779.661773681641 724.184188842773 996.859046936035 1004.24959564209 783.475975036621
1199.12743377686 555.456619262695 730.370178222656 783.342346191406 723.157402038574 547.004028320312 756.68977355957 676.128826141357 751.935882568359 804.27214050293 511.410140991211 589.24951171875 454.958755493164 618.605476379395 1145.34827041626 607.473812103271 415.245208740234 454.670303344727 868.860824286938 903.34578704834 723.654762268066 824.599214553833 819.84903717041 601.874206542969 524.807174682617 789.630690574646 1042.33781909943 678.168518066406 928.195649027824 643.23380279541 753.241485595703 788.337677001953 1285.91147232056 720.425971984863 798.657363891602 811.754372596741 729.330860137939 865.153099060059 721.435668945312 604.497550964355 727.044654846191 778.370998382568 949.804382324219 747.583023071289 701.205535888672 618.033748626709 750.364719867706 576.12956237793 987.128131866455 654.235824584961
583.974832057953 885.592071533203 544.533912658691 646.538766860962 542.98811340332 610.525575637817 578.851638793945 614.116176605225 769.581642150879 554.352874755859 606.901969909668 386.307968139648 652.741191864014 1149.6354598999 740.571148872375 856.768104553223 593.098327636719 838.782989501953 575.992309570312 1153.56024169922 1189.27604007721 985.218269348145 1454.17124938965 613.694297790527 787.30867767334 682.190414428711 1082.96390914917 807.687103271484 861.57515335083 785.923988342285 627.991638183594 653.918846130371 748.043304443359 692.052646636963 767.213731765747 665.852767944336 760.884757995605 718.838459014893 835.390853881836 692.061826705933 612.924263000488 826.055541992188 802.169021606445 909.541595458984 719.851573944092 611.615222930908 730.497650146484 679.733654022217 853.461128234863 645.910350799561
692.470321655273 666.708335876465 723.110939025879 577.234210968018 567.140453338623 522.40934753418 609.813962936401 704.196117401123 724.480661392212 651.089855194092 494.441482543945 539.609199523926 1476.67110824585 1570.48192977905 712.421371459961 859.601196289062 468.485595703125 543.983337402344 511.640426635742 583.803100585938 1030.42752838135 612.476341247559 767.248039245605 587.856010437012 764.063747406006 753.367919921875 1739.89263916016 887.350402832031 883.749404907227 729.902289867401 759.331802368164 802.39737701416 588.748458862305 1182.36972427368 728.848167419434 675.311653137207 692.876972198486 1118.54182815552 1452.89881896973 629.857875823975 793.302772521973 938.472457885742 854.316604614258 899.842651367188 1357.74887084961 874.838043212891 869.862692058086 638.257802963257 635.163070678711 829.48828125
488.168762207031 572.327583312988 538.967315673828 569.089904785156 637.016422271729 570.364593505859 776.246963500977 783.504409790039 658.678924560547 811.940689086914 616.206275939941 462.105506896973 587.176864624023 688.933319091797 521.511947631836 1099.16139698029 637.685928344727 387.671997070312 565.054870605469 573.675552368164 567.072067260742 616.883262634277 516.706359863281 745.68384552002 675.378219604492 1172.15891265869 723.212127685547 734.503143310547 606.063720703125 587.581604003906 817.178905487061 916.104856491089 861.455596923828 470.461822509766 863.202896118164 618.285438537598 559.675102233887 732.50191116333 751.141403198242 651.029510498047 683.163661956787 841.156112670898 805.365242004395 838.371994018555 847.528625488281 674.372897148132 609.021949768066 479.864715576172 1134.4616484642 887.432109832764
506.431510925293 591.060434341431 702.623649597168 478.541152954102 720.352951049805 738.488479614258 1117.8055973053 795.943916320801 606.172554016113 647.397253036499 717.723602294922 665.309301376343 698.871843338013 525.057662963867 526.467727661133 906.658935546875 1019.97367858887 1049.72267150879 785.066177368164 725.424278259277 533.319839477539 588.434188842773 872.998458862305 688.678356170654 1029.61421203613 656.846556663513 575.871734619141 578.880310058594 591.428802490234 676.282012939453 684.252334594727 684.581344604492 635.769633293152 626.975009918213 722.822109222412 1349.43365287781 647.470645904541 646.094654083252 777.593276977539 971.763282775879 805.659942626953 1047.97218322754 846.890197753906 1002.49969482422 1185.59527206421 1101.00016784668 688.293869018555 647.838121414185 518.618225097656 697.454315185547
470.122833251953 507.947662353516 708.657737731934 515.295036315918 761.039154052734 670.791107177734 944.112747192383 774.112510681152 721.85179901123 580.205497741699 875.463447570801 577.007926940918 512.41130065918 617.883476257324 759.384910583496 546.820930480957 547.091957092285 605.229881286621 588.17366027832 526.101669311523 583.960144042969 652.182006835938 714.63809967041 787.591445922852 854.281753540039 741.365787506104 743.118541717529 833.565063476562 710.027328491211 470.176605224609 632.907196044922 721.057628631592 973.510414123535 655.322122573853 808.992961883545 841.087055206299 530.241302490234 598.810424804688 786.486633300781 607.452323913574 732.006614685059 540.874465942383 872.178718566895 633.864564239979 675.954814910889 626.974258422852 789.443645477295 648.118498802185 559.924102783203 651.42328453064
537.019256591797 618.103516578674 620.178670883179 573.724471092224 728.562286376953 625.450553894043 704.560771942139 685.50386428833 1434.27114105225 577.383377075195 543.012153625488 645.472396850586 609.389625549316 587.044902801514 623.182182312012 542.169990539551 543.378540039062 661.756282806396 807.354911804199 799.567176818848 824.553298950195 425.614654541016 462.313262939453 749.539962768555 741.202453613281 977.460506439209 854.168321609497 620.254127502441 507.562606811523 613.19327545166 477.552856445312 622.363525390625 823.349884033203 782.189476013184 635.884832382202 609.614898681641 731.504373550415 549.505294799805 766.9287109375 714.079921722412 713.444826126099 927.891342163086 1335.7034072876 624.441548347473 675.89111995697 1249.06195449829 697.320651948452 616.934131622314 736.422483444214 881.366302490234
614.000386714935 594.232044219971 552.75439453125 730.73462677002 629.631002426147 730.566551208496 1137.05621337891 596.167226791382 602.551483154297 445.825210571289 508.616836547852 652.574279785156 457.395889282227 1135.44122886658 603.284866333008 597.029624938965 880.638265609741 696.463210105896 1032.2826385498 793.713638305664 780.902572631836 1307.68668365479 914.732345581055 444.639953613281 411.419372558594 873.825973510742 775.206962585449 681.275199890137 1478.15812683105 508.699356079102 544.797958374023 571.379013061523 552.289312362671 682.657119750977 654.57958316803 674.215848326683 672.661608934402 667.991381645203 785.931896209717 787.384582519531 863.287384033203 637.014945983887 830.198211669922 533.447807312012 632.152805328369 1219.5261592865 733.925003051758 493.426727294922 778.06990814209 707.91454076767
