export/dem/dem40.asc
NCOLS 350
NROWS 171
XLLCORNER 152620
YLLCORNER 418050
CELLSIZE 100
NODATA_VALUE -9999
[rows 110 to 131 of 171, columns 250 to 299 of 350]
958.697190284729 580.648376464844 507.425842285156 522.015319824219 948.616363525391 739.608123779297 689.425247192383 924.404388427734 719.792388916016 679.029876708984 619.425003051758 822.370536804199 984.424285888672 1007.38470077515 853.311172485352 909.254837036133 966.408531188965 1068.11947631836 991.033208847046 1000.48533082008 718.319931030273 918.010145187378 1019.77906036377 1052.43692779541 1254.61845874786 1035.55881881714 891.41202545166 897.10599899292 1035.44271087646 864.531602859497 977.731567382812 726.607833862305 841.246889352798 1012.5531463623 1010.92429733276 738.713806152344 794.859909057617 1045.13198852539 997.197784423828 771.582637786865 718.883805274963 634.437622070312 551.716720581055 629.489791870117 656.626218795776 667.42635345459 795.163373947144 623.115745544434 747.586555480957 749.443348884583
833.503433227539 402.289978027344 400.845809936523 521.891723632812 375.695831298828 652.318008422852 685.937088012695 1048.0036315918 426.602005004883 646.620796203613 683.903234481812 756.486587524414 978.570434570312 637.982757568359 810.353248596191 808.07590675354 719.584800720215 1001.56275939941 884.780578613281 830.242965698242 1466.44151306152 961.292793273926 963.713203430176 855.367004394531 1084.46648597717 1452.38179779053 923.999496459961 949.516494750977 915.430780053139 797.67643737793 901.210678100586 828.222968101501 973.188255310059 770.675992965698 904.665643692017 925.57201385498 989.932762145996 887.119400024414 922.787086486816 851.967643737793 753.517749786377 761.234748840332 800.543936729431 734.922538757324 700.711527824402 847.31526184082 706.033645629883 756.057334899902 778.868593215942 757.019523620605
808.916030883789 779.103820800781 817.490905761719 539.062316894531 886.301727294922 612.181488037109 642.406204223633 789.631622314453 811.228393554688 1020.23544883728 542.515350341797 566.759963989258 865.112579345703 971.869400024414 1096.82191467285 962.902294158936 793.537113785744 780.046927452087 760.2275390625 949.660739898682 920.445182800293 877.762420654297 1296.74649047852 1053.85585403442 1076.10263252258 1080.80151367188 861.1897315979 969.868385314941 993.481925964355 970.690944671631 867.544603466988 1000.80127716064 931.575276374817 914.161104202271 739.932922363281 1021.3630027771 1131.19784545898 797.018743753433 844.559303283691 780.307466506958 776.782814025879 664.054046392441 781.849475860596 889.925372958183 901.487445831299 803.76710319519 620.774833679199 836.58872461319 705.311752319336 874.663985073566
589.546615600586 629.128936767578 492.065490722656 559.608306884766 737.800674438477 1113.55133056641 565.848342895508 675.765579223633 712.68529510498 608.225601196289 478.961135864258 563.785980224609 566.573272705078 612.410320281982 713.964370727539 773.721237421036 731.42688369751 706.178970336914 772.615382671356 908.015434265137 916.054061889648 876.541889190674 819.007724761963 805.738925933838 748.330718994141 1126.17343902588 1064.63714599609 1115.94271850586 1552.99464416504 1380.17364501953 911.785053253174 907.083918571472 964.720802307129 912.699851989746 783.439193725586 891.912408828735 988.709320068359 517.260734558105 528.805877685547 634.364521026611 580.077487945557 582.758781433105 632.327228546143 922.566497802734 807.003658294678 770.449375152588 498.676284790039 1049.59001159668 832.237257003784 768.90705871582
898.025337219238 1122.0567855835 1221.00825500488 651.400497436523 637.945686340332 734.500835418701 1871.99447631836 605.28076171875 1215.05096435547 1024.07852172852 536.6591796875 496.796524047852 691.47681427002 639.846134185791 652.369964599609 960.582538604736 893.473279953003 819.371383666992 807.238731384277 848.594100952148 877.420349121094 954.279054641724 786.627726554871 645.469360351562 672.475845336914 964.56330871582 852.144100189209 1062.26949691772 1420.91200256348 1078.76805114746 1096.63247680664 950.47873210907 888.991245269775 890.001358032227 584.877981185913 694.151245117188 711.482795715332 727.049942493439 725.164199709892 794.043998718262 749.04571723938 733.711849212646 660.266471862793 795.238552093506 831.066886901855 676.162063598633 654.290348052979 807.86704158783 777.636072158813 703.667388916016
640.059066772461 957.426979064941 649.627334594727 695.126777648926 814.26208114624 1216.51632118225 498.761932373047 681.122634887695 625.147506713867 713.186767578125 781.263442993164 673.974619094282 558.526489257812 674.184639215469 778.264266967773 864.840721130371 766.693101882935 751.049922943115 712.515594482422 707.372665405273 670.541717529297 839.181121826172 881.016876220703 990.76969909668 708.59304523468 756.965557336807 948.471450805664 949.714111328125 1108.21058893204 1706.20312309265 1197.90872955322 987.678833007812 947.721817016602 858.018135070801 750.875713348389 792.172065734863 699.082324981689 770.832710266113 866.460678100586 774.909454345703 751.383810043335 825.743026733398 788.150588989258 962.656539916992 764.904705047607 670.192554473877 658.296516418457 693.0979347229 561.994422912598 733.504535675049
769.864044189453 1366.71809387207 742.504196166992 704.068099975586 1351.93397521973 697.123054504395 698.625511169434 1102.78057861328 657.419708251953 915.476333618164 1010.01165008545 580.785842895508 520.025535583496 465.497528076172 760.667942047119 743.234484314919 665.787414550781 618.226356506348 728.92108297348 660.496185302734 765.774444580078 832.531227111816 838.709267139435 875.927555084229 977.5673828125 738.004093170166 1048.89205169678 999.91015625 997.270751953125 1036.54873657227 1098.43418884277 994.338882446289 845.055023193359 870.066955566406 900.618286132812 1166.03375816345 1402.02730941772 1853.15660095215 1618.8438873291 881.247161865234 852.724746704102 746.904670715332 701.687545776367 926.106185913086 804.437690734863 751.844256401062 832.998916625977 779.309730529785 732.448043823242 754.946640014648
651.3173828125 816.905059814453 633.44401550293 666.930023193359 969.465263366699 806.440284729004 1109.82192230225 727.281978607178 716.704765319824 891.686683654785 919.183471679688 749.338417053223 508.018096923828 644.124971389771 698.88302230835 635.577407836914 862.445907592773 589.350860595703 630.066089630127 530.817199707031 731.328720092773 676.297882080078 789.932356834412 810.409534454346 891.087455749512 894.09139251709 1052.17965698242 944.490982055664 884.541805267334 757.18342590332 705.44677734375 1017.64978981018 891.471448898315 1081.83143615723 1121.61135101318 891.623695373535 1158.01959228516 1145.99000549316 1546.47564697266 2012.7352142334 1192.72386169434 1105.4141998291 777.454524993896 752.142646789551 769.068656921387 891.377319335938 805.476360321045 734.964694976807 700.025423049927 863.230056762695
773.021743774414 845.866477966309 494.212982177734 832.825407981873 1194.45294952393 670.855895996094 1300.94933319092 778.113193511963 990.970169067383 597.288909912109 877.533878326416 821.850193023682 775.941650390625 492.785278320312 652.803549766541 743.826320648193 792.87532043457 771.658954620361 789.442362785339 763.134216308594 784.942893981934 780.40796661377 747.932283401489 755.120975494385 796.205326080322 940.074848175049 951.659332275391 879.344940185547 686.469917297363 691.07421875 1970.58363342285 3029.06118774414 897.742216348648 1193.9001159668 1106.56545639038 1098.5677947998 1248.11166381836 1045.80895996094 1328.20401000977 1292.07225036621 1131.83883285522 1264.21077823639 1201.32358169556 1302.63344573975 1371.94488525391 1224.68661499023 949.820573806763 1015.28021240234 1023.81234741211 931.268005371094
396.16015625 549.426433563232 604.761520385742 631.934745788574 953.208805084229 1353.36000061035 862.668033599854 828.800392150879 1099.41091918945 739.480745315552 675.001419067383 789.032455444336 775.018046379089 651.707015991211 566.36946105957 826.923965454102 553.806564331055 801.467384338379 897.727073669434 872.206525802612 856.904647827148 759.343070983887 710.331523418427 750.050453186035 650.895477294922 916.163837432861 813.848770141602 828.362213134766 698.520301818848 735.65883898735 825.02018737793 2285.89824867249 880.406200408936 814.593360900879 996.16667175293 1168.93771362305 1050.78116607666 1258.33061218262 1669.26531219482 1298.47919464111 1208.25170898438 1137.69404983521 1035.43323516846 1002.07291793823 1634.14752197266 1635.7202835083 1235.32201385498 1419.97473144531 1324.43504333496 988.772445678711
606.118114471436 543.55362701416 503.823955535889 550.183408737183 1014.17207336426 827.719875335693 808.065776824951 859.615016937256 850.406544208527 699.048509597778 855.09672164917 815.31148147583 531.49641418457 658.31421661377 709.028656482697 692.936519622803 758.675048828125 726.682914733887 673.181348800659 936.942398071289 915.788093566895 899.520149230957 816.669788360596 614.666801452637 673.073254585266 672.884384155273 667.432418823242 952.736175537109 738.079238891602 706.447868347168 865.89826965332 747.113666534424 883.728050231934 765.526580810547 915.716835021973 1053.88507843018 1074.87505340576 1022.78324890137 1392.24368286133 1128.0163230896 1289.40238571167 1259.49806976318 1004.59341430664 971.7809715271 1344.23908233643 1236.82503795624 1340.93342590332 1235.50469970703 1206.93453216553 1660.2053527832
654.623519897461 661.702869415283 480.112258911133 479.84977722168 404.386611938477 488.145660400391 685.891338348389 469.203536987305 513.434127807617 472.837768554688 708.769249916077 597.93879699707 771.15372467041 710.147468566895 771.055170297623 672.15209197998 607.817138671875 831.565330505371 782.864025115967 764.683792114258 805.452262878418 903.411735534668 830.586524963379 912.485229492188 821.706398010254 868.295570373535 749.456893920898 674.462799072266 863.792583465576 953.526557922363 773.460567474365 719.061353683472 880.734008789062 726.89485168457 828.099090576172 1015.21960067749 1091.72679901123 1006.42212104797 1083.65390014648 1025.57539367676 1403.8529510498 1488.16348266602 1075.61815643311 865.647743225098 1472.03147888184 1319.93154907227 1311.29302978516 1167.89086914062 1198.03430938721 1476.7307434082
738.237597465515 676.043270111084 724.755481719971 766.437355041504 687.217580795288 453.554138183594 497.213882446289 364.314788818359 698.469699859619 649.134017944336 566.86344909668 658.394119262695 790.148619651794 591.110620498657 660.704406738281 624.909149169922 793.448103904724 733.723762512207 799.697868347168 739.144952774048 606.275032043457 918.935684204102 962.765060424805 901.098159790039 926.029037475586 878.609591960907 704.871894836426 750.993162155151 837.213428497314 850.072636127472 990.029159545898 957.275447845459 759.571830749512 842.468780517578 897.373908996582 897.018887734041 937.827796936035 970.444915771484 791.076803207397 915.342376708984 895.330600976944 957.281053543091 779.593200683594 937.319347381592 918.893364787102 1120.10935211182 1122.94757080078 1120.53512573242 1053.90538024902 1176.50270080566
654.375991821289 822.52661895752 714.649076461792 690.388111114502 741.953014373779 644.021644592285 660.567317962646 494.585144042969 693.780660510063 762.363035202026 570.202560424805 778.005222320557 1109.83001327515 703.330810546875 1093.38437652588 847.453102111816 652.223838806152 734.801041603088 670.679740905762 816.479850769043 728.915161132812 746.665945053101 966.71760559082 1045.6717376709 838.093482971191 921.054168701172 814.431171417236 736.10620880127 900.727237701416 1014.50051879883 961.000633239746 839.128025054932 925.054077148438 905.24634552002 938.137832641602 890.652519226074 737.805999755859 871.890644073486 923.583312988281 795.2551612854 769.541341781616 902.632934570312 785.214263916016 862.140274047852 843.268469452858 959.16822052002 866.927947998047 949.210634708405 844.710742950439 882.483581542969
619.421813964844 724.568901062012 874.215255737305 770.366718292236 869.016906738281 575.58967590332 714.213066101074 673.805082321167 569.117141723633 597.577629089355 680.803039550781 769.715049743652 731.839614868164 849.077968597412 1300.98140716553 630.659843444824 653.903503417969 739.861283302307 785.466480255127 698.179275512695 486.248519897461 605.747161865234 766.105991363525 758.568561553955 986.049911499023 855.214492797852 792.206810951233 853.606048583984 739.399795532227 947.68243598938 973.73942565918 1058.70190811157 1110.67309570312 807.506618499756 649.896484375 864.200733184814 645.829833984375 672.502899169922 947.391937255859 870.754066467285 875.700691223145 665.69548034668 770.021733283997 873.976722717285 794.387971878052 769.93550491333 634.069641113281 785.559547424316 854.042518615723 964.116775512695
810.726303100586 620.926696777344 812.395721435547 815.157936096191 742.790125727654 781.851705551147 604.179023742676 495.475830078125 527.023975372314 656.191284179688 777.09065246582 782.790523529053 1128.25442123413 783.565040588379 704.930076599121 822.359771728516 607.66813659668 560.477249145508 683.358543395996 1150.75863647461 642.103122711182 689.558456420898 700.691823005676 954.548751831055 1018.5341796875 775.278011322021 590.97876739502 820.192596435547 756.078792572021 819.078475952148 880.364776611328 967.33186340332 999.211959838867 759.905611038208 697.565956115723 636.998725891113 567.031326293945 853.851982116699 748.132617950439 716.966259002686 719.379444122314 812.429988861084 724.341632843018 618.634185791016 942.87239074707 803.680793762207 812.747396469116 796.138732552528 846.96614074707 785.678478240967
808.146469593048 754.518157958984 756.606712341309 825.521976470947 725.493007659912 764.174808979034 587.847457885742 693.328930854797 606.42418384552 604.802988052368 598.866750717163 1228.17777252197 728.192604064941 968.86222076416 890.484436035156 817.153526306152 689.482299804688 504.047073364258 1125.64259338379 535.485397338867 770.894153594971 574.187896728516 695.015132904053 868.237640380859 983.097747802734 705.683665037155 615.075019836426 748.196811676025 722.910306930542 829.896381378174 954.067581176758 899.48966217041 754.49263381958 780.975814819336 583.147659301758 802.8896484375 699.183219909668 879.161834716797 698.346450805664 730.32682800293 758.304147720337 609.190048217773 559.469787597656 853.305595397949 869.613334655762 939.15550994873 719.157836914062 834.020090103149 682.720230102539 619.910995483398
886.59309387207 660.047828674316 797.045734405518 781.352737426758 688.091087341309 726.281143188477 836.556610107422 735.863348007202 561.452545166016 589.841495513916 495.244621276855 579.018253326416 607.543531417847 1002.14514160156 792.849361419678 615.58772277832 689.8450050354 805.821319580078 551.264663696289 586.06420135498 645.98218536377 657.307563781738 687.726173996925 805.344306945801 747.159969329834 768.433097839355 719.700637817383 545.962585449219 744.169582366943 631.142196655273 673.341556549072 781.76545715332 744.382629394531 779.645120620728 860.120513916016 712.293434143066 900.002372741699 847.300148010254 674.586090087891 854.452370643616 776.727727890015 680.750846862793 859.313621520996 571.185272216797 770.176041603088 570.624908447266 741.96005821228 730.130523681641 950.009719848633 921.463001251221
875.662559509277 721.954399108887 728.816644668579 590.183792114258 707.702560424805 825.169946670532 774.621786117554 758.150821685791 617.526288986206 589.927276611328 584.487251281738 756.960956573486 518.903915405273 655.499481201172 661.007183074951 747.15699005127 588.789682388306 705.961132049561 594.349594116211 677.844074249268 702.330360412598 534.94709777832 656.929752349854 690.370191574097 715.65271282196 749.402645111084 742.22873878479 544.811172485352 576.38005065918 629.38166809082 737.979065418243 805.938327789307 831.556526184082 697.55126953125 934.495025634766 937.718727111816 850.371792316437 914.596069335938 807.818206787109 1129.18533325195 788.944564819336 710.74340057373 737.604667663574 701.720306396484 655.818511962891 534.163482666016 639.855346679688 762.593570709229 885.658935546875 942.38237285614
793.718441009521 821.630451202393 584.285751342773 660.170997619629 652.31526184082 881.992256164551 723.05678319931 791.772155761719 667.636096954346 701.511554718018 775.208080291748 535.826583862305 632.447509765625 659.433601379395 799.244304656982 768.738739013672 576.568115234375 685.829822540283 803.053344726562 842.318382263184 509.016555786133 661.388729095459 628.371894836426 623.355888366699 782.540893554688 803.035789489746 655.471824645996 706.758221626282 753.418716430664 619.175193786621 633.841354370117 893.463779449463 685.936416625977 840.074676513672 895.669532775879 910.888835906982 889.584423065186 925.853698730469 941.819931030273 921.806446075439 843.679641723633 835.972511291504 769.216770172119 745.401641845703 769.681442260742 903.899559020996 706.759845733643 615.413024902344 942.860656738281 809.427276611328
774.277171134949 768.227522850037 700.326858520508 601.517059326172 765.610776185989 629.586227416992 634.754455566406 686.336570739746 606.597858428955 596.158841133118 673.981338500977 635.573402404785 730.496966838837 829.869567871094 879.016952514648 784.456512451172 712.907211303711 734.615309238434 600.020599365234 645.902793884277 758.091751098633 637.675971984863 592.097686767578 576.115943908691 689.476432323456 683.120811462402 808.877727508545 775.761238098145 716.906807899475 630.576972961426 680.577319145203 730.485104560852 671.405372619629 944.482559919357 1122.28286743164 821.763922691345 663.63623046875 1006.35914802551 1117.27083778381 924.08625793457 915.679260253906 1111.4315032959 928.990753173828 753.949714660645 843.438568115234 784.022171020508 891.382811546326 782.020927429199 724.387578964233 860.730651855469
825.686824798584 835.18518447876 896.761215209961 696.647338867188 858.520446777344 807.824935913086 700.975399017334 680.093070983887 741.814331054688 764.483722686768 785.342216491699 694.734130859375 639.677146911621 668.564781188965 768.324102878571 849.666175842285 679.677261352539 689.705894470215 738.006526947021 730.087272644043 712.303464889526 590.506065368652 615.050651550293 595.384155273438 622.31494140625 695.379906177521 483.625885009766 601.52766418457 654.97931098938 575.801048278809 602.88191986084 616.647853851318 598.624206542969 531.400917053223 774.7109375 591.41580581665 530.50358581543 737.510856628418 767.686050415039 992.649757385254 1127.98010635376 1073.40476989746 811.533325195312 961.640419006348 910.434091567993 806.353506088257 888.850158691406 744.067395687103 848.37251663208 968.498014450073
