export/dem/dem43.asc
NCOLS 350
NROWS 171
XLLCORNER 152620
YLLCORNER 418050
CELLSIZE 100
NODATA_VALUE -9999
[rows 44 to 65 of 171, columns 250 to 299 of 350]
647.270950317383 679.797370910645 856.328063964844 649.997711181641 775.37691116333 674.283821105957 742.680051803589 791.332496643066 824.373390197754 751.866333007812 719.36548614502 564.494537353516 632.464042663574 820.748714447021 703.968456268311 789.968574523926 827.346260070801 827.703910827637 874.82405090332 846.980094909668 670.769081115723 822.12984085083 926.815368652344 764.13374710083 531.716049194336 776.17208480835 736.312850952148 706.474533081055 817.018947601318 728.54109954834 843.969599723816 757.185356140137 714.682662963867 881.471970081329 778.942674636841 709.846954345703 712.289539337158 805.813339233398 901.731790542603 758.572738647461 822.627525806427 832.257343292236 938.987899780273 893.540462493896 935.58553314209 865.922941207886 802.659839630127 759.395149230957 737.959854125977 841.044347286224
752.223445892334 635.819717407227 640.683700561523 660.815776824951 791.315467834473 863.611404418945 752.274314880371 740.031618118286 616.229148864746 636.194816589355 686.719177246094 668.43229675293 573.22200012207 747.310147166252 656.269912719727 819.597518920898 785.635208129883 728.434270858765 901.47925567627 844.274341583252 887.213394165039 746.827470779419 730.105804443359 795.852619171143 770.117080688477 754.150966644287 549.487762451172 568.069961547852 730.211723327637 861.832946777344 1024.37921142578 797.969688415527 945.658557891846 1013.76936340332 679.038543701172 802.464979171753 706.371673583984 738.672630310059 1287.0404510498 963.256679534912 739.371849060059 1085.97829818726 942.61018371582 882.275514602661 921.619174957275 981.554962158203 985.168399810791 825.916175842285 925.817733764648 1054.51007080078
769.339100837708 721.583074569702 611.686851501465 720.527723312378 735.692874908447 860.9765625 878.632217407227 789.180328369141 767.748352050781 677.222106933594 679.868076324463 676.844844818115 729.118766784668 642.124237060547 586.561981201172 736.677047729492 769.515268325806 721.52660369873 963.494041442871 855.839462280273 764.731435775757 605.446701049805 784.927097320557 706.559755325317 590.392791748047 1281.47885131836 542.659027099609 1027.96266174316 935.703765869141 677.007888793945 881.874538421631 640.816131591797 786.02709197998 815.372106552124 1118.8568649292 1544.39733314514 1128.0876083374 796.783126831055 1300.29447937012 1460.91049194336 875.434062480927 907.531768798828 1067.20803833008 840.225549697876 1129.31837844849 966.93935418129 1516.01856231689 876.978961467743 786.18733215332 964.157726287842
682.007961273193 688.351633071899 725.024959564209 564.387725830078 642.965316772461 718.021240234375 834.012306213379 774.647212982178 783.506477355957 670.433460235596 567.208969116211 722.546540260315 477.200836181641 651.823547363281 681.980911254883 815.627014160156 629.962829589844 816.575332641602 768.524782657623 673.813888549805 742.492928743362 815.261085510254 656.640319824219 647.711776733398 568.649780273438 1249.54588699341 721.826293945312 1053.83062744141 988.112759590149 1298.65766906738 674.858581542969 804.062919616699 634.819427490234 1044.72143554688 755.271682739258 987.143203735352 1131.76664733887 831.630408287048 1049.58155822754 996.85538482666 843.785371780396 899.604141235352 1424.73656463623 1021.55198478699 925.905071258545 882.93595123291 696.221374511719 981.460441589355 940.342239379883 926.122081756592
622.841331481934 700.663990020752 719.61900138855 668.899993896484 573.218017578125 674.339282989502 779.86018371582 669.333534240723 661.639678955078 731.377013206482 640.01823425293 590.852478027344 770.552000999451 794.504692077637 724.638544082642 674.386535644531 828.10897064209 672.844123840332 748.690578460693 827.766380310059 763.649339675903 624.409812927246 769.313184738159 695.28197479248 581.278442382812 436.126373291016 436.281585693359 758.810409545898 610.737945556641 1075.45409011841 1265.78694915771 699.940826416016 777.950096130371 775.717620849609 692.903167724609 768.141494750977 1192.88726639748 633.240783691406 1458.04241943359 1051.83361434937 727.186622619629 788.96967124939 1117.50076675415 670.414779663086 712.46369934082 856.259887695312 823.965026855469 1881.46831512451 719.430572509766 769.215839385986
671.8864402771 700.699136734009 716.209703445435 667.259944915771 683.412809371948 649.184867858887 685.526837348938 630.673835754395 830.029808044434 712.768640995026 702.477511405945 587.814956665039 791.693859100342 662.363471984863 749.829713821411 684.525108337402 689.66219329834 722.085693359375 849.205451965332 618.843215942383 589.953033447266 673.782516479492 752.174716949463 638.415046691895 745.670265197754 1117.71465682983 750.539947509766 744.475616455078 654.079414367676 647.208786010742 796.558815002441 678.371475219727 631.978912353516 817.964181900024 1360.5285358429 700.730773925781 743.600578308105 658.392211914062 651.371765136719 666.636985778809 904.01914024353 843.031959533691 974.831775665283 1103.08582305908 730.254234313965 715.335693359375 796.592788696289 872.523666381836 913.756690979004 844.705842971802
593.208396911621 716.321134567261 775.64575958252 709.082467079163 719.474411010742 768.458518981934 739.856292724609 618.005233764648 778.329666137695 746.38094329834 721.769908905029 621.59602355957 668.510917663574 718.651844024658 871.840667724609 773.899765014648 483.269546508789 728.125375404954 577.172592163086 579.095306396484 613.134574890137 673.352165222168 760.113571166992 551.344146728516 771.578594207764 699.724014282227 870.587493896484 647.649291992188 673.604469299316 544.893035888672 1099.44374084473 691.784851074219 546.096008300781 744.12809753418 820.071113586426 665.691879272461 585.894195556641 1050.85607910156 806.044815063477 897.572074890137 1054.98847961426 900.778238296509 762.41385269165 849.339164733887 795.214767456055 912.20729637146 858.199417114258 1154.66265106201 994.825698852539 744.414741516113
552.512619018555 713.841214179993 562.841400146484 740.278327941895 644.852470397949 692.627621650696 693.544040679932 758.814350128174 589.48267364502 679.011222839355 733.694405555725 793.808769226074 666.101531982422 563.047332763672 735.990585327148 711.539279937744 603.142845153809 684.369211196899 712.598902702332 617.808052062988 642.630310058594 771.143432617188 639.083450317383 605.987106323242 619.516738891602 659.701293945312 952.836730957031 870.757942199707 822.419485092163 777.281227111816 904.207763671875 812.995452880859 913.275131225586 1321.92870330811 1193.88380813599 749.294982910156 716.473358154297 763.742401123047 962.822326660156 952.819324493408 873.419200897217 619.934631347656 785.441009521484 747.409683227539 847.025810241699 624.66194152832 1003.83465576172 667.939300537109 785.64673614502 804.038078308105
749.058410644531 554.810760498047 641.42227935791 576.530632019043 625.530937194824 763.998207092285 708.93644797802 742.631743907928 581.232391357422 607.973533630371 874.561416625977 716.616498947144 697.625379562378 709.711317062378 631.519733428955 661.686332702637 721.992816209793 757.609676361084 580.613998413086 665.07804107666 623.658508300781 698.049961090088 574.747955322266 564.132171630859 704.185119628906 773.766342163086 1055.70462036133 783.578451156616 706.855514526367 692.906051635742 608.082534790039 660.016815185547 833.866088867188 1247.20072174072 848.236019134521 674.640213012695 1079.34816741943 572.437088012695 946.413818359375 878.429321289062 675.13932800293 580.912002563477 766.30850982666 721.944770812988 704.935905456543 697.332534790039 1063.81463623047 786.849639892578 770.760185241699 867.643671989441
550.188636779785 867.188919067383 831.642009735107 679.31586265564 565.504859924316 721.433530807495 604.126304626465 859.17936706543 415.247589111328 738.620029449463 1189.86441612244 743.391536712646 685.844764709473 675.082683563232 754.076644897461 936.767700195312 516.433715820312 798.452980041504 711.426703929901 1558.23837280273 834.403701782227 581.173355102539 520.195755004883 1220.1519317627 773.130958557129 819.945079803467 729.618534088135 688.795394897461 672.726387023926 777.72686958313 745.511648178101 970.014312744141 823.230140686035 860.610633850098 667.448150634766 1161.02105712891 1142.09082651138 896.498916625977 727.347991943359 635.588180541992 1202.55407714844 720.817390441895 721.744728088379 691.855323791504 660.108383178711 626.898651123047 714.661224365234 760.641338348389 716.651504516602 765.250373840332
597.878410339355 795.332878112793 585.89485168457 660.690786361694 732.904605865479 807.488775730133 797.283836364746 703.236915588379 740.009819984436 678.085037231445 794.471851348877 1465.7762336731 836.996864318848 1074.44818878174 944.565338134766 1601.40773010254 637.567588806152 807.130950927734 800.156478881836 532.177764892578 648.446517944336 439.009735107422 574.989822387695 727.761993408203 601.218292236328 696.345657348633 653.80598449707 733.274597167969 828.463199615479 741.47095489502 838.659130096436 806.512382507324 998.676223754883 896.255212783813 773.904174804688 926.95788192749 1171.60424804688 653.329620361328 613.210586547852 945.36262512207 986.293682098389 830.313503265381 752.043615341187 915.811302185059 831.621771365404 728.694900512695 860.993366241455 715.188629150391 728.733428955078 601.100006103516
638.760430335999 640.714073181152 726.517433166504 753.49783706665 881.371139526367 768.188461303711 705.418239593506 1493.78128051758 706.670463562012 930.745880126953 682.969123840332 582.440658569336 657.022560119629 751.45650100708 452.080444335938 1265.4280090332 605.732208251953 1344.00071716309 729.141670227051 534.71240234375 1347.35668945312 1465.42568969727 1827.85983276367 543.761596679688 959.737548828125 1256.87461090088 744.811126708984 769.596524000168 718.913848876953 780.320730209351 1066.86950683594 838.200469970703 658.424308776855 704.662841796875 948.867645263672 811.066089630127 1116.45034790039 986.79810333252 617.947418212891 1006.71038818359 1347.13475418091 1023.4139213562 1527.48373556137 674.446853637695 820.50094127655 733.792522192001 830.792068481445 780.394180297852 763.071754455566 527.636840820312
798.944610595703 804.807281494141 710.919195175171 648.877429962158 688.544347763062 785.233200073242 882.217926025391 740.379230499268 709.031583786011 630.109992980957 643.123531341553 571.776840209961 719.826606750488 529.449554443359 543.986175537109 735.909240722656 806.934524536133 722.132675170898 628.795883178711 798.817989349365 502.30078125 680.827545166016 1701.50875854492 1897.4002456665 664.138168334961 874.232433319092 789.310394287109 753.734573364258 893.06526184082 803.636697769165 782.495485305786 826.447326660156 671.822814941406 803.105102539062 784.844018936157 637.272155761719 378.586975097656 844.673217773438 673.791839599609 1273.95928478241 896.256790161133 921.454483032227 744.853637695312 738.092254638672 712.034706115723 767.167839050293 658.63932800293 490.181762695312 446.779724121094 910.418823242188
540.577819824219 691.215795516968 696.384721755981 670.334953308105 622.521984100342 712.910400390625 678.741335391998 653.22795009613 679.960298776627 735.947864532471 486.259750366211 632.429878234863 604.281402587891 615.931304931641 711.155646324158 535.645950317383 793.800172805786 748.238435745239 775.677303314209 536.536926269531 706.691215515137 639.243934631348 1050.97891235352 552.33708190918 734.817863464355 733.360610961914 832.481121063232 855.847898483276 796.052518844604 711.764503479004 793.393829345703 919.201385498047 802.358474731445 822.052154541016 1099.08302307129 1289.12763977051 783.705959320068 697.529106140137 516.298950195312 681.449119567871 797.04793548584 832.421356201172 731.611663818359 734.210037231445 782.587434768677 745.67667388916 840.095064163208 485.683746337891 343.709228515625 1156.71838378906
587.1923828125 710.836120605469 784.315254211426 677.38941192627 723.161010742188 662.119804859161 839.041931152344 608.278350830078 725.117092132568 711.502132415771 630.030128479004 696.933583498001 615.631248474121 680.874736785889 692.732521057129 684.546516418457 658.321537017822 635.323348999023 746.588832855225 653.694076538086 702.969451904297 633.513130187988 1033.21273040771 572.428070068359 960.386306762695 720.791625976562 699.075881958008 707.114761352539 681.098709106445 901.884641647339 760.800956726074 738.386747360229 827.096412658691 1062.33300018311 868.544288635254 793.188016921282 624.718353271484 861.824287414551 691.358345031738 796.375228881836 841.337142944336 778.452779769897 899.171768188477 832.757827758789 808.212265968323 801.806303441525 712.513412475586 625.455093383789 995.680358886719 2192.12548828125
632.714641571045 622.255882263184 762.744606018066 646.126256942749 781.476348876953 764.443702697754 797.65209197998 783.699371337891 728.999538421631 803.566200256348 690.690098762512 616.782653808594 701.35466003418 654.208625793457 474.891464233398 750.972454071045 731.738033294678 579.2744140625 718.969616174698 1032.65858364105 636.68782043457 700.596572875977 626.373321533203 572.914352416992 661.027465820312 702.159385681152 762.563972473145 781.668586730957 714.292110443115 753.744737625122 751.617530822754 867.992126464844 609.592102050781 781.163716316223 630.453674316406 707.775985717773 870.498291015625 735.28108215332 712.899032592773 793.923812866211 743.402565002441 689.893707275391 855.228042602539 867.703216552734 843.042476654053 697.615058898926 595.618606567383 511.898559570312 1219.06857299805 1266.16943359375
599.471618652344 534.165496826172 697.662021636963 774.981887817383 778.686889648438 616.895362854004 737.018161773682 705.7718334198 707.000455856323 597.928733825684 642.760208129883 733.799869537354 746.176109313965 765.185203552246 612.843620300293 592.886161804199 625.726829528809 688.31064414978 610.835334777832 733.917770385742 1187.45539283752 989.630859375 553.395614624023 660.44327545166 609.572868347168 690.973770141602 898.560817718506 829.439926147461 733.417907714844 743.871276855469 827.250183105469 561.3701171875 715.358492851257 708.585247993469 806.961730957031 812.681938171387 690.00696182251 687.332637786865 1074.10816192627 693.406455993652 796.101669311523 742.612329483032 897.370613098145 796.621992111206 908.325485229492 678.405799865723 571.332336425781 683.338485717773 665.399398803711 1122.947265625
569.891716003418 539.196990966797 734.82933807373 753.921676635742 569.957977294922 771.805252075195 619.566425323486 752.852164268494 836.301483154297 786.559867858887 479.595199584961 617.230281829834 649.691661834717 672.185455322266 571.999198913574 634.704902648926 627.734420776367 482.203689575195 692.34158039093 699.449576377869 605.849319458008 725.380447387695 595.304428100586 636.422004699707 664.353012084961 738.701261520386 770.541492462158 550.897186279297 692.83472442627 1087.73571777344 773.89172744751 641.876586914062 719.348483562469 688.822738647461 633.589340209961 731.861339092255 717.285000801086 839.211568117142 688.337451934814 737.22925567627 630.346214294434 672.599945068359 802.685108184814 758.816087722778 755.506393432617 605.98371887207 805.178163528442 572.398864746094 605.312423706055 449.526153564453
607.151794433594 668.379480361938 683.307727813721 702.821609973907 738.928199768066 559.595695495605 749.49577331543 745.66569519043 702.933612823486 614.343070983887 647.636344909668 758.727104187012 725.385471343994 654.620922088623 696.392084121704 550.83283996582 614.848945617676 620.088325500488 662.590827941895 690.423622131348 798.364505767822 774.065479278564 582.665344238281 534.399291992188 636.273971557617 552.479141235352 813.232086181641 665.192573547363 527.810760498047 815.968402862549 586.106544494629 648.912178039551 567.780563354492 628.422065734863 660.379421234131 762.364429473877 650.248092651367 686.271598815918 814.152687072754 829.819931030273 808.514251708984 796.793151855469 685.106155395508 724.280963897705 703.232475280762 637.790878295898 749.74044418335 702.324203491211 628.578918457031 724.300117492676
662.600405693054 883.259887695312 570.479484558105 751.50617980957 623.92448425293 530.32600402832 592.672592163086 753.103393554688 594.330986022949 833.117980957031 737.521617889404 610.667495727539 575.085655212402 810.909294128418 691.148989200592 673.322191238403 541.187530517578 670.918772220612 755.640567779541 778.17121887207 763.962055206299 547.580322265625 784.312126159668 763.393898010254 710.039266586304 680.960437774658 686.43702507019 716.408159255981 794.127439498901 738.777507781982 769.797679901123 673.64298248291 593.947540283203 686.278846740723 711.797630310059 614.775657653809 701.413831710815 697.63242149353 603.557647705078 621.782653808594 766.739440917969 887.937683105469 849.555038452148 749.135053634644 752.638249397278 675.27214050293 765.907718658447 831.346809387207 696.731750488281 513.202880859375
736.606079101562 599.311164855957 753.234649658203 530.188629150391 552.269569396973 488.664245605469 560.788017272949 537.02075958252 763.79768371582 685.308378696442 795.338562011719 670.800783157349 695.803950309753 625.572204589844 562.985710144043 552.258346557617 660.836046218872 784.862998962402 684.818231582642 729.552101135254 820.770690917969 697.757179021835 583.677124023438 476.324356079102 717.358879566193 607.892234802246 854.092712402344 691.174987792969 801.793670654297 749.240463256836 728.175851821899 628.296455383301 616.502365112305 679.129817962646 766.822725296021 658.945510864258 706.73263168335 674.132331848145 698.585037231445 801.377555847168 663.324028015137 761.857999801636 702.416385650635 698.105827331543 651.683685302734 604.29231262207 706.063674926758 549.10009765625 656.839027404785 688.910327911377
623.104244232178 696.303089141846 612.748573303223 633.229732513428 573.023651123047 540.125450134277 672.039320230484 624.186511993408 657.565294265747 716.508995056152 742.567741394043 694.497245788574 743.84203338623 667.763971328735 708.480049133301 685.388925075531 706.832328796387 609.60733795166 562.993270874023 695.162940979004 601.157722473145 728.076190948486 664.227609634399 553.707946777344 690.348175048828 701.438789367676 887.634170532227 782.045425415039 768.685035705566 725.7057710886 646.003639221191 582.368072509766 758.84720993042 685.067264556885 579.033157348633 705.121311187744 645.453994750977 729.002067506313 593.133056640625 714.182136535645 678.977844238281 600.238891601562 785.282855987549 774.554456710815 761.425931215286 790.210410356522 770.255233764648 816.845623016357 650.223808288574 671.898002624512
