export/dem/dem45.asc
NCOLS 350
NROWS 171
XLLCORNER 152620
YLLCORNER 418050
CELLSIZE 100
NODATA_VALUE -9999
[rows 0 to 21 of 171, columns 100 to 149 of 350]
-9999 -9999 -9999 -9999 -9999 -9999 -9999 -9999 -9999 -9999 -9999 -9999 -9999 -9999 -9999 -9999 -9999 -9999 -9999 -9999 -9999 -9999 -9999 -9999 -9999 -9999 -9999 -9999 -9999 -9999 -9999 -9999 -9999 -9999 -9999 -9999 -9999 -9999 -9999 -9999 -9999 -9999 -9999 -9999 -9999 -9999 833.174674987793 953.648254394531 833.891784667969 781.557403564453
-9999 -9999 -9999 -9999 -9999 -9999 -9999 -9999 -9999 -9999 -9999 -9999 -9999 -9999 -9999 -9999 -9999 -9999 -9999 -9999 -9999 -9999 -9999 -9999 -9999 -9999 -9999 -9999 -9999 -9999 -9999 -9999 -9999 -9999 -9999 -9999 -9999 -9999 -9999 -9999 674.342617034912 936.833145141602 901.788726806641 866.930603027344 791.031753540039 874.057357788086 811.948097229004 746.645713806152 673.039833068848 525.340280056
-9999 -9999 -9999 -9999 -9999 -9999 -9999 -9999 -9999 -9999 -9999 -9999 -9999 -9999 -9999 -9999 -9999 -9999 -9999 -9999 -9999 -9999 -9999 -9999 -9999 -9999 -9999 -9999 -9999 -9999 -9999 -9999 -9999 -9999 -9999 -9999 -9999 662.034965515137 770.551946163177 790.734771728516 671.100551128387 804.104965209961 807.63419342041 797.939117431641 513.010543823242 560.246318817139 746.366943359375 609.730831623077 765.44123840332 620.074493408203
-9999 -9999 -9999 -9999 -9999 -9999 -9999 -9999 -9999 -9999 -9999 -9999 -9999 -9999 -9999 -9999 -9999 -9999 -9999 -9999 -9999 -9999 -9999 -9999 -9999 -9999 -9999 -9999 -9999 -9999 -9999 -9999 -9999 -9999 823.117492675781 845.510234832764 639.212677001953 673.462104797363 731.667350769043 671.336715698242 626.98258972168 678.386691093445 759.385238647461 555.893814086914 787.752151489258 653.07010269165 864.599395751953 827.794692993164 840.697845458984 469.620872497559
-9999 -9999 -9999 -9999 -9999 -9999 -9999 -9999 -9999 -9999 -9999 -9999 -9999 -9999 -9999 -9999 -9999 -9999 -9999 -9999 -9999 -9999 -9999 -9999 -9999 -9999 -9999 -9999 -9999 -9999 -9999 -9999 689.836602687836 761.906143188477 770.460479736328 741.825565338135 703.375976085663 741.394687652588 797.103118896484 617.728782653809 532.220457077026 725.332973480225 853.043090820312 718.922027587891 595.651069641113 719.753027915955 880.509048461914 848.609878540039 746.855545043945 753.860946655273
-9999 -9999 -9999 -9999 -9999 -9999 -9999 -9999 -9999 -9999 -9999 -9999 -9999 -9999 -9999 -9999 -9999 -9999 -9999 -9999 -9999 -9999 -9999 -9999 -9999 -9999 -9999 -9999 -9999 -9999 702.497398376465 604.154932022095 581.9002161026 725.930267333984 562.923126220703 651.40140914917 726.547346115112 853.045394897461 705.576179504395 751.563125610352 808.558052062988 808.886276245117 715.981937408447 866.389038085938 850.119537353516 827.28928565979 839.376609802246 851.39444231987 1004.78538513184 750.197202682495
-9999 -9999 -9999 -9999 -9999 -9999 -9999 -9999 -9999 -9999 -9999 -9999 -9999 -9999 -9999 -9999 -9999 -9999 -9999 -9999 -9999 -9999 -9999 -9999 -9999 -9999 -9999 606.721908569336 674.240759372711 594.834836959839 652.986450195312 537.750831604004 605.512888908386 630.088813781738 484.892845153809 657.003856658936 766.938243865967 786.937797546387 614.21492767334 771.830419540405 754.661739349365 815.996109962463 1117.22534179688 927.861572265625 747.367248535156 761.85502243042 999.560078620911 1044.29012298584 830.312675476074 1023.52972745895
-9999 -9999 -9999 -9999 -9999 -9999 -9999 -9999 -9999 -9999 -9999 -9999 -9999 -9999 -9999 -9999 -9999 -9999 -9999 -9999 -9999 -9999 -9999 -9999 688.045459747314 608.709930419922 503.656265258789 603.093238830566 507.682281494141 699.452980041504 519.368797302246 521.83952331543 432.108291625977 519.089416503906 598.945559740067 552.279033660889 669.157273769379 781.933700561523 591.992713928223 806.334178924561 866.674617767334 889.822975158691 967.713279724121 837.032485961914 753.499755859375 1050.2557182312 867.867523193359 1187.83627319336 1025.89748382568 1195.86535072327
-9999 -9999 -9999 -9999 -9999 -9999 -9999 -9999 -9999 -9999 -9999 -9999 -9999 -9999 -9999 -9999 -9999 -9999 -9999 -9999 -9999 -9999 664.123003005981 609.855125427246 574.666465759277 532.356582641602 527.342132568359 605.564483642578 669.097694396973 578.045087218285 420.729522705078 456.163734436035 424.596710205078 441.110763549805 602.863094806671 547.693206787109 539.763168334961 691.105020523071 775.798774719238 854.753520965576 1025.65436553955 775.761627197266 746.024192810059 708.732032775879 713.400297164917 1087.07236385345 615.375602722168 758.088478088379 670.964866638184 664.357677459717
-9999 -9999 -9999 -9999 -9999 -9999 -9999 -9999 -9999 -9999 -9999 -9999 -9999 -9999 -9999 -9999 -9999 -9999 -9999 1233.66040039062 702.13289642334 818.690818786621 715.853256225586 450.037261962891 506.767854690552 512.028294563293 532.562026977539 553.34642791748 549.850444793701 541.643413543701 527.748062133789 605.865955352783 575.255038499832 558.645713806152 586.015623569489 531.453678131104 611.733058929443 629.108348846436 554.069328308105 783.765701293945 591.929489135742 735.324977874756 614.820911407471 600.381484985352 537.213272094727 640.063541412354 674.120227813721 578.651550292969 857.426803588867 830.788749694824
-9999 -9999 -9999 -9999 -9999 -9999 -9999 -9999 -9999 -9999 -9999 -9999 -9999 -9999 -9999 -9999 -9999 1224.07104492188 1088.39176571369 1197.61972045898 611.868646621704 649.404163360596 608.104007720947 653.93132019043 470.113666534424 632.595806121826 645.372982025146 775.402542114258 534.373916625977 765.442588806152 566.796867370605 573.982938528061 461.954261779785 504.639625549316 565.533252716064 536.145662307739 517.572975158691 615.883358001709 619.915264129639 695.526881694794 775.03564453125 628.309539794922 649.796993255615 614.121788024902 732.582138061523 551.302780151367 554.650077819824 635.289379119873 709.074745178223 519.774520874023
-9999 -9999 -9999 -9999 -9999 -9999 -9999 -9999 -9999 -9999 -9999 -9999 -9999 -9999 492.36808013916 764.089912414551 698.392202377319 1012.98720169067 976.622217178345 1013.61382102966 1093.34326171875 630.400876998901 465.609359741211 542.275032043457 691.648765563965 688.779058456421 802.956283569336 830.078674316406 659.917011260986 773.21915435791 553.177139282227 660.256195068359 697.048141479492 540.244926452637 588.541360855103 492.262752532959 430.938247680664 658.359748840332 630.751670837402 638.927101135254 667.267744064331 639.826488494873 581.584449768066 641.78590965271 578.112670898438 577.423065185547 859.756042480469 683.735484361649 654.81859588623 734.815689086914
-9999 -9999 -9999 -9999 -9999 -9999 -9999 -9999 -9999 -9999 -9999 -9999 683.063190460205 781.46614074707 652.890651702881 759.179653167725 640.96363067627 637.703395843506 1103.71849822998 860.007080078125 988.551093518734 501.957382202148 579.392044067383 673.971084594727 540.452926635742 714.240573883057 818.454696655273 846.75032043457 758.354690551758 623.714839935303 623.350563049316 580.66294002533 398.868408203125 575.07813334465 440.218399047852 563.098141670227 541.024569511414 728.283615112305 570.124519348145 615.07120513916 806.384727478027 663.96032333374 845.191223144531 613.450496673584 683.279933929443 656.959331512451 711.12035369873 592.93514251709 751.032836914062 627.970603942871
-9999 -9999 -9999 -9999 -9999 -9999 -9999 -9999 -9999 -9999 852.0876121521 809.303146362305 689.203315734863 819.539031982422 725.82405090332 717.617149353027 579.163906097412 576.582088470459 682.410110473633 560.005874633789 634.026386260986 581.860214233398 587.717994689941 723.074982643127 734.007997512817 867.29914855957 859.705268859863 921.182479858398 733.786376953125 680.454521179199 482.022308349609 419.161987304688 425.256437301636 440.418786048889 650.267654418945 591.906969070435 492.169876098633 562.661605834961 744.842102050781 524.795455932617 723.812019348145 609.361103057861 541.458488464355 701.224117279053 646.762354850769 652.960090637207 559.068687438965 800.241058349609 635.816295623779 620.871349334717
480.45263671875 601.876251220703 540.185211181641 667.312171936035 699.07886505127 406.81413269043 469.904563903809 513.275604248047 602.810710906982 363.114723205566 631.637989044189 810.542381286621 767.791046142578 664.307975769043 631.399065494537 522.659889221191 467.033447265625 565.030202865601 568.444185256958 522.363708496094 588.205916404724 597.45671081543 849.389617919922 834.052696228027 608.307907104492 683.885675430298 741.475584506989 825.530006408691 677.102896690369 589.592502593994 460.868396759033 568.916921615601 461.056579589844 453.782210350037 678.4150390625 785.883850097656 582.346801757812 749.489181518555 617.753277182579 649.985454559326 609.207183837891 612.367225646973 653.90998840332 570.303253173828 461.641403198242 578.240589141846 576.624044418335 646.912757873535 655.751258850098 656.975532531738
679.843299865723 668.24373626709 653.612457275391 394.393600463867 624.13560295105 358.471939086914 379.206642150879 424.836112976074 428.069219589233 495.88196182251 728.49536895752 629.89799118042 752.997947692871 482.827743530273 654.008028030396 579.718860626221 703.494522094727 589.783192634583 705.535938262939 550.749572753906 657.462596893311 755.259078979492 664.651973724365 745.73140335083 758.228302001953 873.708740234375 708.335910797119 576.444396972656 596.71336555481 520.736213684082 523.708307266235 535.491142272949 416.486686706543 492.426601409912 497.933380126953 709.425260543823 652.969390869141 723.918422698975 601.746465444565 541.88875579834 676.091878890991 619.459756851196 572.945425033569 666.516834259033 712.381183624268 1105.37937927246 968.413984298706 849.118103027344 468.90251159668 457.824462890625
528.83642578125 517.892303466797 468.409545898438 434.065551757812 520.862274169922 527.392120361328 330.014305114746 376.50520324707 667.581024169922 632.047535896301 517.113960266113 237.307754516602 398.355590820312 518.285568237305 543.973129272461 631.614189147949 713.629044532776 524.481399536133 791.421119689941 819.667423248291 741.404139757156 1162.96572303772 811.516250610352 710.657598495483 639.721520423889 688.895603179932 612.839294433594 735.456327438354 349.561210632324 858.239074707031 567.582817077637 649.788223266602 522.623474121094 867.509326934814 652.863246917725 873.852630615234 570.472755432129 612.158386230469 534.211860656738 630.214141845703 491.272689819336 652.732006072998 896.333625793457 907.016277313232 715.745536804199 710.499811530113 772.293411254883 654.111176252365 560.369361877441 687.742126464844
581.068838119507 629.873741149902 591.934833526611 696.055999755859 759.409435272217 558.59578704834 803.017219543457 1142.02212905884 573.472473144531 514.916091918945 499.870109558105 304.682220458984 617.640087127686 734.066263198853 677.598976135254 668.634171485901 748.717924118042 706.110092163086 331.200088500977 682.414237976074 745.451072692871 795.984340667725 654.473304748535 783.490432739258 770.237785339355 685.99422454834 681.318473815918 735.628945350647 834.481842041016 595.582546234131 585.229586601257 651.626022338867 578.000923156738 600.300205230713 603.127353668213 1045.64007568359 637.315454483032 536.490497589111 567.232597351074 746.669128417969 1260.81630337238 865.367004394531 698.916717529297 660.673313140869 659.076178610325 726.659440994263 856.024528503418 647.805483818054 609.085350036621 552.262212753296
515.78532409668 647.111782073975 993.63508605957 555.197700500488 847.068237304688 560.569839477539 860.608464241028 1064.89211654663 617.067860603333 616.973655700684 754.550910949707 618.446014404297 707.39501953125 747.799576163292 511.311058044434 653.322547912598 846.423828125 627.010055541992 411.318801879883 748.946475982666 568.079406738281 527.944213867188 464.233856201172 778.903266906738 529.150923728943 608.972518920898 603.543418884277 384.953491210938 1279.8279876709 891.501068115234 670.219403266907 748.433055877686 961.384765625 1048.04846572876 704.135848999023 1044.92892456055 1078.00213623047 793.607040405273 626.987743377686 676.614984512329 531.598320007324 651.343246459961 488.112617492676 681.192504882812 666.136741638184 622.346079826355 569.372512817383 544.440139770508 526.079650878906 388.628128051758
672.822105407715 804.6103515625 1138.0814666748 724.366981506348 875.475030899048 832.514209747314 979.712741851807 1188.82287979126 758.379302978516 645.120597839355 832.014167785645 930.896125793457 834.779281616211 943.682971954346 394.535781860352 1142.92098808289 538.314361572266 652.139701843262 492.27156829834 846.175796508789 691.74528503418 542.228897094727 521.461395263672 618.288459777832 1418.40914916992 1052.59870147705 607.927795410156 507.677719116211 621.799524307251 656.375030517578 627.68098449707 509.45442199707 522.855621337891 555.704864501953 504.194702148438 1103.84936523438 614.77724647522 534.417602539062 489.288192749023 403.149536132812 614.3967628479 423.342864990234 622.567329406738 453.793395996094 557.580070495605 721.302780151367 493.075500488281 633.103088378906 710.581832885742 600.480560302734
580.471893310547 593.353511810303 617.126444339752 597.581755638123 516.272842407227 597.089614868164 814.385932922363 613.464433670044 977.614427566528 634.951084136963 683.735030174255 959.387077331543 636.119483947754 982.908588409424 1107.56041717529 1175.58997154236 1302.611743927 1081.57235717773 556.929122924805 556.785003662109 586.191375732422 326.433395385742 988.47282409668 561.20544052124 470.741271972656 1145.18580627441 582.482738494873 541.617164611816 446.239646911621 531.257154464722 649.145698547363 579.01566195488 667.66552734375 656.09642124176 758.079856872559 812.545417785645 655.929790496826 515.654373168945 579.159523010254 703.667709350586 405.399749755859 720.995168447495 825.406234741211 567.477756500244 689.299087524414 641.877021789551 715.853858947754 599.420192718506 687.330558776855 728.609680175781
347.275207519531 524.051826477051 579.287357330322 556.529906272888 627.477016448975 804.214195251465 591.82922744751 771.789321899414 570.409896850586 569.347229003906 626.338844299316 827.837333679199 696.021745681763 724.415149688721 403.310897827148 2231.77574157715 1106.30999755859 816.84153175354 393.824432373047 969.0188331604 765.432235717773 514.350219726562 605.389331817627 1185.94659996033 1214.87922930717 1565.40992355347 969.752395629883 782.076416015625 533.938167572021 608.189935684204 646.555683135986 627.666311264038 464.843795776367 675.722644805908 540.763000488281 546.735698699951 777.436172485352 566.518440246582 616.163688659668 713.269149780273 603.384986877441 532.424324035645 662.749366760254 515.361885070801 561.464176177979 702.839706420898 715.7177734375 622.69988822937 832.601699829102 708.985202789307
