export/dem/dem42.asc
NCOLS 350
NROWS 171
XLLCORNER 152620
YLLCORNER 418050
CELLSIZE 100
NODATA_VALUE -9999
[rows 132 to 153 of 171, columns 300 to 349 of 350]
784.338851928711 867.904434204102 1735.69923400879 1263.48650360107 950.032176971436 1215.08432006836 1575.26365661621 1422.07482147217 1416.59707641602 1542.87881469727 1246.60277748108 1144.732006073 1317.2137298584 1406.25889873505 1455.67351531982 1095.82231903076 1057.03591156006 1046.24291992188 1215.58670043945 1104.79010009766 1145.09060668945 987.613021850586 892.619297027588 873.779582977295 881.013317108154 751.555191040039 832.920194625854 716.501342773438 932.490741252899 924.431587219238 865.529611110687 855.769960403442 757.151382446289 794.905487060547 -9999 -9999 -9999 -9999 -9999 -9999 -9999 -9999 -9999 -9999 -9999 -9999 -9999 -9999 -9999 -9999
851.331142425537 950.609909057617 923.02325630188 1281.59396934509 1219.35543823242 1107.62091064453 1469.47262573242 1735.21447753906 1330.67636108398 1191.76882171631 1087.32632637024 1239.64361286163 1166.32648468018 1184.22473907471 1701.16423034668 1898.63327026367 1596.63095092773 2140.73556518555 1880.26522827148 1513.37606811523 1686.41346740723 1179.77758789062 902.258003234863 975.920921325684 761.066223144531 900.402931213379 692.509963989258 748.950485229492 843.374984741211 891.499103546143 942.043754577637 860.616264343262 943.907291412354 1135.25015258789 -9999 -9999 -9999 -9999 -9999 -9999 -9999 -9999 -9999 -9999 -9999 -9999 -9999 -9999 -9999 -9999
773.123245239258 938.667678833008 862.493789672852 1091.92231750488 1166.79396057129 1153.77713012695 1349.36862182617 1524.62121582031 1179.79824066162 1237.37606811523 1164.1876411438 1350.49074554443 1230.17568016052 1131.77523422241 1326.46143722534 1402.67279815674 1304.53997802734 1453.9704284668 1198.0357208252 1103.3256072998 1291.33267211914 1133.00864219666 868.690485954285 1082.63356018066 914.820713043213 890.927768707275 941.864528179169 1001.54123687744 871.843597412109 926.587285995483 760.075302124023 855.857151508331 1101.09294128418 799.052276611328 863.683925628662 -9999 -9999 -9999 -9999 -9999 -9999 -9999 -9999 -9999 -9999 -9999 -9999 -9999 -9999 -9999
783.305821418762 799.842628479004 1103.80523681641 1341.68852233887 1109.04618835449 1118.62051391602 925.894836425781 1526.19003295898 1529.16114807129 1335.69778442383 1239.84150695801 1412.18442153931 1051.41143798828 1210.01223754883 1346.2223777771 1862.73673248291 1408.67485809326 1063.5564956665 1099.32307434082 929.32994222641 1142.01182556152 1109.65703582764 1251.73792076111 1034.03972244263 950.903755187988 806.847492218018 916.221153259277 817.733291625977 901.971940994263 964.140489578247 846.757331848145 969.250625610352 1051.04237747192 697.665420532227 896.760551452637 741.278076171875 -9999 -9999 -9999 -9999 -9999 -9999 -9999 -9999 -9999 -9999 -9999 -9999 -9999 -9999
924.317230224609 917.836765289307 909.111106872559 1172.25833129883 965.366806030273 1347.38858032227 1264.89456176758 938.9321641922 1054.47160339355 1045.13040161133 1197.5545501709 1124.58371734619 1334.64485025406 1655.61748886108 1197.49629211426 1192.17031097412 1065.26054763794 1072.66459655762 1102.91044616699 1023.90859985352 964.707473754883 1027.05080413818 1052.14545440674 1132.86582374573 1015.77761650085 1001.16749763489 916.809825897217 918.536125183105 842.358278274536 851.171474456787 1025.31853866577 1593.25136566162 864.816769629717 837.572468757629 777.188285827637 936.760594367981 -9999 -9999 -9999 -9999 -9999 -9999 -9999 -9999 -9999 -9999 -9999 -9999 -9999 -9999
793.748039245605 918.085064888 880.299306869507 919.205997467041 946.589393615723 1262.60424804688 1059.78505420685 970.300879001617 1011.04035949707 1232.4340057373 1042.70944976807 1092.38303375244 1298.3944683075 1484.48659133911 1350.40231704712 1097.95601272583 1116.53819274902 1162.37677001953 1087.69644165039 1169.97012329102 1006.80694580078 981.657249450684 966.283712387085 977.254625320435 1269.40167236328 1238.50877380371 1793.43719482422 965.259460449219 727.795356750488 737.345138549805 1278.20500183105 1064.08157348633 830.535049438477 969.734748840332 813.324031829834 810.711120605469 823.706237792969 -9999 -9999 -9999 -9999 -9999 -9999 -9999 -9999 -9999 -9999 -9999 -9999 -9999
928.204624176025 887.866954803467 889.183652877808 933.936988830566 885.723510742188 919.736083984375 1200.5991191864 1069.21835327148 1105.23233032227 1121.19638061523 970.317867279053 1077.56411743164 1030.66276550293 1486.72959899902 1400.33032798767 1272.5683259964 1160.60070800781 1063.88067626953 1084.24340057373 1157.04301452637 930.41202545166 939.677065432072 1055.64208221436 1156.66284942627 1056.99737167358 1106.75396728516 1042.44298934937 911.959281921387 1081.87697219849 1183.51182174683 1194.35638427734 820.332336425781 853.006967544556 921.504871368408 817.256420135498 830.905406951904 715.351905822754 -9999 -9999 -9999 -9999 -9999 -9999 -9999 -9999 -9999 -9999 -9999 -9999 -9999
769.740530967712 855.791081309319 866.422260284424 921.724761962891 868.761711120605 1059.70766830444 1140.17235946655 962.420135498047 1071.34301757812 955.809940338135 978.297515869141 1028.56891441345 923.944259643555 914.792785644531 1705.97406005859 1800.69342803955 1126.66343688965 1081.66458129883 1156.85659790039 1236.83811950684 1017.24917602539 1056.16938018799 968.091941833496 1027.1810798645 1120.69606018066 1027.37201499939 978.637836694717 1000.07476425171 1135.89915466309 1192.01411914825 1102.8850479126 942.739989280701 846.950141906738 814.664459228516 828.488723754883 795.593696594238 773.03466796875 847.65015411377 -9999 -9999 -9999 -9999 -9999 -9999 -9999 -9999 -9999 -9999 -9999 -9999
925.916023254395 1037.24029541016 942.403060913086 784.851906061172 916.789375305176 1017.31364059448 940.523540496826 1073.18414306641 1001.06739044189 1039.38756370544 983.298519134521 991.946559906006 909.407981872559 859.151306152344 1386.76607513428 1534.59217071533 1253.75160217285 1206.86532592773 1155.70452880859 1218.98944091797 1240.55296325684 934.604051589966 950.021641910076 992.972122192383 985.760482788086 874.86351776123 873.001960754395 997.307087898254 1015.78317260742 1015.06231594086 1367.33753013611 1004.91390991211 1052.86557388306 773.453262329102 868.722202301025 795.010864257812 973.513114929199 806.367992401123 -9999 -9999 -9999 -9999 -9999 -9999 -9999 -9999 -9999 -9999 -9999 -9999
837.997894287109 1020.51373291016 918.567306518555 1005.69763183594 963.007255554199 1032.70799255371 1031.90821838379 867.657619476318 1208.57678222656 854.876754760742 927.616413116455 1146.99646759033 1085.47546386719 1075.83617377281 1248.56575012207 1565.89344787598 1043.6902179718 1156.04987716675 1137.97017669678 1149.99466705322 1044.88519477844 1045.0154876709 995.97522354126 970.731809616089 976.120927810669 938.400452613831 823.761322021484 1022.97559022903 944.816087722778 1171.84963989258 1204.90232086182 1075.56316375732 996.316150665283 974.271465301514 909.097139358521 854.071754455566 1092.1494140625 778.829246520996 742.171073913574 -9999 -9999 -9999 -9999 -9999 -9999 -9999 -9999 -9999 -9999 -9999
691.808280944824 962.864212036133 965.327972412109 964.339065551758 1046.62760543823 1151.24222564697 1135.57841682434 1029.61526489258 1073.61148071289 1031.78729820251 1112.17498779297 1185.23729324341 1011.4452123642 982.637760162354 1441.74956512451 1016.72271347046 1070.23292160034 914.875205993652 1086.28828811646 1173.60804748535 1290.1458234787 1089.45487594604 1338.86530685425 1026.60054779053 945.779712677002 883.552207946777 822.862930297852 1009.40613555908 968.347053527832 1030.43369007111 1179.37280607224 1109.76903533936 941.748573303223 1031.45656013489 1069.29037475586 1017.91974639893 816.448913574219 845.62467956543 807.440011978149 -9999 -9999 -9999 -9999 -9999 -9999 -9999 -9999 -9999 -9999 -9999
663.642906188965 814.436386108398 774.079948425293 806.614906311035 889.653406143188 1043.93167114258 979.384468078613 1097.25778198242 780.469757080078 906.222579956055 695.857299804688 968.203050613403 1092.37148284912 1178.35338592529 1093.23374116421 1503.4253616333 996.408367156982 941.536880493164 844.627883911133 1063.68196105957 1118.73258972168 994.141736984253 1017.6209487915 1145.41733932495 1010.77283096313 965.580841064453 1012.46198654175 963.687734603882 1012.96511459351 1159.39651489258 1024.16084766388 1195.63604736328 1043.91949081421 829.565551757812 1025.71231079102 1040.01220321655 956.112237930298 829.202659606934 800.828575134277 -9999 -9999 -9999 -9999 -9999 -9999 -9999 -9999 -9999 -9999 -9999
735.162910461426 665.843048095703 892.142013549805 714.536752700806 782.250400543213 911.408203125 828.812000274658 746.010341644287 878.181587219238 727.607154846191 718.282936096191 704.46403503418 960.459280014038 823.578796386719 899.85302734375 1153.50067138672 1433.26851654053 1131.77257537842 1037.6110200882 974.773763656616 943.78902053833 832.755149841309 1065.41352462769 1344.06087303162 996.72737121582 972.06014251709 1434.05709838867 957.46501159668 1092.21607208252 857.213562011719 1054.39812278748 1115.8765335083 1013.12364959717 966.427429199219 925.016204833984 1069.04695892334 1006.3631439209 1008.22293281555 904.013656616211 956.525936126709 -9999 -9999 -9999 -9999 -9999 -9999 -9999 -9999 -9999 -9999
829.694053649902 728.34042930603 813.760200500488 856.910095214844 677.463256835938 849.897071838379 698.566345214844 846.790336608887 872.699901580811 808.565160751343 707.282348632812 586.407257080078 664.711090087891 904.558376312256 946.875568389893 979.512913703918 962.061698913574 1008.98627090454 1536.74702453613 1067.16162490845 1001.0862827301 855.879241943359 1007.89281749725 982.620742797852 1552.48701477051 1587.28709602356 1057.78496170044 1093.5514831543 1008.15968132019 772.017211914062 1164.07471847534 878.054161071777 764.685287475586 855.064651489258 1053.52317619324 1153.26692199707 1173.32659912109 933.967209815979 789.455268859863 917.691310882568 -9999 -9999 -9999 -9999 -9999 -9999 -9999 -9999 -9999 -9999
891.419235229492 738.724788665771 788.626499176025 831.65608215332 598.036773681641 763.676316261292 679.547477722168 761.396348953247 968.414436340332 754.26692199707 1090.33386230469 749.293384552002 719.941703796387 756.148979187012 842.468685150146 1022.57699584961 904.753902435303 901.691680908203 963.01049041748 984.445449829102 982.667711257935 970.969268798828 880.480773925781 1072.4408454895 1125.94110107422 1401.00273895264 1201.60596466064 998.718198776245 1168.99256896973 1038.83841133118 981.195743560791 957.747329711914 882.583988189697 1240.90036010742 1080.23560333252 853.258255004883 860.535995483398 894.648250579834 1038.69916534424 853.283813476562 -9999 -9999 -9999 -9999 -9999 -9999 -9999 -9999 -9999 -9999
854.961219787598 875.412780761719 779.988193511963 693.88256072998 626.816360473633 759.201347351074 642.604995727539 735.634983062744 728.11644744873 1030.95732879639 841.035285949707 883.420488357544 932.713249206543 815.037086486816 749.508319854736 940.824089050293 880.428443908691 941.4146027565 978.588836669922 1086.85884428024 1024.3064956665 1050.90394973755 1157.92565155029 1252.77217102051 1078.71926307678 1107.46942901611 1044.99233818054 1289.22085571289 952.019203186035 1107.49130630493 958.222198486328 786.475112915039 852.846000671387 917.142339706421 965.031054496765 998.457355499268 971.03063583374 917.719394683838 960.044586181641 1002.54384613037 719.818008422852 -9999 -9999 -9999 -9999 -9999 -9999 -9999 -9999 -9999
812.97412109375 835.371681213379 706.582908630371 805.655590057373 855.045799255371 607.364349365234 701.328521728516 774.136226654053 735.70125579834 864.311485290527 904.18878531456 987.818416595459 747.062561035156 837.937366485596 799.052291870117 679.039443969727 782.366752624512 844.654361486435 754.542419433594 941.582599639893 1082.57167816162 997.082138061523 1111.72027111053 1159.9835357666 1155.49940490723 1172.42616271973 969.523445129395 1045.13932418823 1115.31184387207 846.490623474121 917.508379936218 845.898284912109 942.414436340332 895.263288497925 941.868259429932 836.255859375 953.545837402344 1002.15263938904 1038.79467773438 1037.27529144287 898.305673599243 -9999 -9999 -9999 -9999 -9999 -9999 -9999 -9999 -9999
923.93132019043 848.383861541748 897.823417663574 886.430274963379 691.578941345215 737.010217666626 763.14839553833 817.575445175171 867.150791168213 908.267837524414 772.583957672119 1072.7307434082 867.125495910645 1086.87678909302 760.74333190918 774.660385131836 707.259216308594 796.263633728027 783.831268310547 719.073928833008 887.752342224121 935.706336975098 1150.65495300293 1157.4109954834 1034.92499065399 1013.92395591736 992.885162115097 957.952296257019 942.662246704102 927.663541793823 854.580286026001 864.510311126709 819.342636108398 868.318967819214 829.955093383789 988.500339508057 970.188355445862 913.059131622314 1044.24160766602 924.715103149414 986.653096914291 878.519645690918 -9999 -9999 -9999 -9999 -9999 -9999 -9999 -9999
780.698348999023 833.18620300293 896.067199707031 790.356489181519 883.811576843262 835.750633239746 703.696887969971 942.807662963867 764.289752960205 1050.2866973877 899.838832855225 884.948211669922 856.607083320618 1024.80004882812 828.06664276123 843.698156356812 765.296569824219 813.434713363647 829.524614334106 867.616047084332 839.497375488281 923.166396141052 892.895584106445 1007.51833724976 1112.74376678467 1008.5445098877 980.762809753418 1041.45980072021 857.180290222168 898.307796478271 738.664489746094 779.785675048828 940.529948234558 983.741905212402 912.11757850647 919.267837524414 830.955123901367 1073.24806213379 754.703872680664 884.182510375977 887.778442382812 973.372187614441 -9999 -9999 -9999 -9999 -9999 -9999 -9999 -9999
821.324501037598 765.526683807373 916.264350891113 726.358142852783 720.847190856934 579.65837097168 791.866512298584 751.21475982666 843.13268327713 792.816318511963 927.206381797791 718.022827148438 819.89087677002 716.148284912109 970.20148563385 945.044912338257 784.383422851562 709.407531738281 722.337768554688 810.871374130249 850.738624572754 811.624723434448 742.554267883301 733.495246887207 740.925163269043 837.55623626709 851.660640716553 864.396186828613 1134.70408630371 1092.76316833496 905.336944580078 916.415895462036 972.127956390381 938.099488258362 1368.03549957275 1000.79013824463 944.371021270752 958.420276641846 899.581588745117 1046.36927032471 844.533813476562 1079.07845306396 1084.01206970215 -9999 -9999 -9999 -9999 -9999 -9999 -9999
829.452217102051 868.114356994629 952.260231018066 962.811401367188 784.478157937527 888.972396850586 857.309585571289 770.458940505981 960.02368927002 758.696487426758 848.635971069336 1065.92119598389 873.181793212891 843.133934020996 936.291355133057 926.233604431152 927.93888092041 862.42179107666 860.556526184082 1095.43614196777 777.761779785156 819.692760467529 814.862720489502 890.859813690186 805.683235168457 876.381773948669 748.600257873535 946.419258117676 994.363929748535 985.732487678528 1194.37059020996 958.997448921204 1075.24493408203 1017.30691146851 1289.64796066284 933.821974754333 624.7314453125 1103.85906982422 1030.09196090698 1085.85549926758 1161.86026000977 1080.00074768066 997.919383049011 -9999 -9999 -9999 -9999 -9999 -9999 -9999
824.122206687927 852.85083770752 728.628612518311 929.361679077148 785.747121810913 843.345371246338 890.712097167969 838.868740081787 870.802833557129 876.161361694336 764.727928161621 687.513900756836 1087.34038543701 752.596084594727 795.385204315186 656.08984375 951.150140762329 788.337158203125 855.076843261719 807.529998779297 881.859594345093 910.410413742065 896.787738800049 1038.40490722656 867.074685096741 1052.28684997559 848.061862945557 860.921062469482 870.592923641205 837.250516891479 888.049446105957 1043.63084411621 956.03249168396 952.197645187378 1303.64548492432 823.937805175781 939.439034461975 1049.76927566528 947.788219451904 980.735954284668 1029.39608955383 1280.50788879395 974.070659637451 1192.48684692383 -9999 -9999 -9999 -9999 -9999 -9999
