export/dem/dem44.asc
NCOLS 350
NROWS 171
XLLCORNER 152620
YLLCORNER 418050
CELLSIZE 100
NODATA_VALUE -9999
[rows 110 to 131 of 171, columns 250 to 299 of 350]
750.12483215332 480.109451293945 435.591522216797 473.041809082031 989.258819580078 841.68782043457 676.393432617188 1048.82290649414 990.609329223633 717.224105834961 591.146377563477 944.141237258911 925.244567871094 1063.35069656372 902.760604858398 842.441600799561 885.990951538086 1016.37199401855 828.703155517578 973.966247558594 852.957949638367 872.209251403809 1016.49385070801 1104.59117889404 1175.12023925781 936.36177444458 772.029266357422 914.257862091064 1114.27856445312 890.071502685547 914.06453704834 917.928298950195 906.287322998047 873.572277069092 1017.59809112549 1006.80676269531 950.548765182495 1038.09846496582 1083.57247924805 769.611694335938 802.660568237305 771.487937927246 727.210973739624 820.314910888672 487.749633789062 652.150215148926 729.231945037842 618.117336273193 654.194885253906 808.577758789062
764.237518310547 218.783264160156 362.770217895508 595.150726318359 487.014190673828 565.705642700195 634.477828979492 1134.4196472168 396.38037109375 545.329772949219 411.214080810547 660.544586181641 970.001091003418 682.035537719727 912.36484336853 629.084854125977 797.16481590271 907.271582722664 962.314922332764 838.116554260254 1123.86366271973 779.079345703125 930.807373046875 861.397338867188 1008.49789428711 1398.30003976822 927.038864135742 895.633495330811 890.253396987915 746.48112487793 888.860992431641 801.06901550293 1019.59237670898 944.596557617188 1145.84771728516 1083.58601379395 1273.39161682129 922.784397125244 977.333641052246 898.458369255066 734.738998413086 708.871437072754 749.334308624268 669.814529418945 627.265266418457 656.287063598633 771.042678833008 607.575538635254 678.882606506348 657.234481811523
871.60725402832 649.354614257812 751.264511108398 490.267822265625 1047.71867370605 487.418548583984 500.783996582031 720.081268310547 597.195220947266 872.986312866211 555.015625 522.532928466797 707.08251953125 809.443344116211 1154.54837036133 844.085723876953 776.135944366455 871.974891662598 788.661479949951 820.768180847168 779.633399963379 695.628067016602 1058.86172485352 1034.54345703125 934.940628051758 966.57869720459 735.006805419922 942.065460205078 819.511138916016 816.89315032959 860.297011375427 827.966148376465 997.439613342285 1010.31426239014 945.315826416016 1209.27685546875 1192.51145935059 918.057716369629 792.46549987793 695.011428833008 684.80055475235 521.402236938477 656.465850830078 942.025314331055 791.439170837402 808.834876060486 773.031036376953 643.458618164062 587.888656616211 936.800151824951
580.872909545898 791.558532714844 478.534973144531 596.768188476562 653.643493652344 1049.69554138184 465.9345703125 649.066223144531 637.112091064453 602.102584838867 611.340599060059 691.837092161179 689.000089645386 561.51570892334 795.539512634277 597.345474243164 631.521545410156 798.508888244629 922.673477172852 794.732731819153 704.699859619141 878.678880691528 815.65287399292 648.902374267578 873.768812179565 1007.45725250244 944.176696777344 993.618932723999 1391.56634521484 1305.233923316 920.951784133911 949.90111541748 929.974191665649 987.602416992188 696.102602005005 909.311725616455 992.144226074219 703.152214050293 655.532592773438 596.127305865288 712.520172119141 805.223815917969 744.175018310547 854.048583984375 750.07252407074 663.188663482666 567.003692626953 923.981630325317 772.714485168457 889.894297599792
666.623077392578 1078.94422912598 1354.01163864136 666.690704345703 542.944473266602 577.0390625 1805.6305847168 557.907119750977 1102.3768157959 1133.71273040771 602.145294189453 669.013247966766 724.053779125214 680.766990661621 685.409637451172 1011.39217567444 745.594360351562 669.353645324707 770.230476379395 590.222839355469 744.691476821899 973.076093196869 711.30099105835 546.203552246094 651.56120300293 708.588104248047 860.379795074463 907.841209411621 1185.36560821533 1348.63744354248 824.096748352051 877.557388305664 791.071105957031 691.857669830322 767.986343383789 712.740043640137 860.250106811523 785.736610412598 898.807022094727 905.186492919922 852.360023498535 851.548675537109 686.146514892578 881.71940612793 636.429733276367 704.090353608131 477.418731689453 839.053981781006 831.186920166016 797.642559051514
529.524475097656 981.809413909912 681.242065429688 598.723297119141 521.467956542969 1032.84384155273 557.127151489258 712.121452331543 690.101852416992 709.745468139648 607.235885620117 664.679931640625 630.473526000977 679.693341255188 719.143766403198 751.344408512115 668.254821777344 896.337532043457 829.375 806.001022338867 794.988551139832 962.291107177734 829.267782211304 902.361431121826 614.054740905762 663.53564453125 634.065460205078 868.369960784912 993.174934387207 1761.27780914307 850.947891235352 934.446723937988 755.709654808044 796.195121765137 868.311401367188 960.6591796875 805.853210449219 902.217025756836 693.731937408447 814.146278381348 803.653770446777 722.822006702423 768.981302261353 798.990070343018 719.774738311768 702.894340515137 804.688049316406 815.084655761719 623.145055770874 839.24715423584
829.407241821289 1319.30554199219 698.903228759766 665.742538452148 1195.39115905762 613.995254516602 634.954483032227 1026.57965087891 512.498565673828 941.473770141602 835.593231201172 694.995483398438 462.847717285156 690.623867034912 708.192346572876 782.552474975586 772.396869659424 620.531677246094 594.841323852539 761.761745452881 1033.87614440918 724.903709411621 686.761535644531 902.804676055908 744.922828674316 753.998624801636 823.531021118164 910.841865539551 738.313583374023 884.022674560547 1107.89198303223 704.662734985352 696.111419677734 709.673828125 676.17301940918 1182.82095146179 1448.83540344238 1826.93872070312 1583.44225311279 811.49454164505 882.201400756836 995.104080200195 925.477844238281 966.902481079102 899.910934448242 797.816417694092 654.436157226562 920.744277954102 795.691596984863 650.284076690674
521.958312988281 1060.71509742737 743.103137969971 685.867385864258 785.9951171875 622.636459350586 905.254791259766 517.93669128418 554.174224853516 770.708114624023 874.17024230957 705.987762451172 610.951751708984 508.011138916016 609.785568237305 748.677745819092 727.500638008118 580.837631225586 615.016048431396 721.72477722168 610.856123924255 773.476127624512 668.309799194336 772.930610656738 796.815704345703 844.892009735107 840.578887939453 883.493446350098 912.772384643555 742.926429748535 617.269607543945 970.60334777832 908.244112014771 1089.3422088623 1141.89430236816 993.450149536133 1134.77523803711 1179.31866455078 1548.99446105957 1992.16255187988 1223.92442321777 935.355861663818 863.493305206299 773.199237823486 729.282506465912 813.514907836914 640.349487304688 846.910003662109 760.325351715088 700.805341720581
659.690975189209 666.92756652832 754.246329903603 819.673194885254 910.097763061523 519.472503662109 917.896514892578 514.046173095703 696.408157348633 450.514892578125 689.119918823242 831.083797454834 647.999694824219 415.794509887695 581.527206420898 596.339866638184 616.582141876221 782.354654312134 712.762145996094 998.234069824219 911.174118041992 536.871017456055 805.622932434082 536.785873413086 773.726345062256 735.422912597656 762.275238037109 673.32576751709 493.797454833984 678.216720581055 1952.35612487793 2968.17579364777 653.85807800293 944.406661987305 1249.13066101074 1146.18286132812 1083.11222457886 1222.6441192627 1288.96192932129 1206.30595397949 1317.20097351074 1283.23854064941 1233.95676422119 1453.16496276855 1360.97282028198 1036.81793212891 1053.514793396 777.389001846313 930.071105957031 816.987266540527
511.820648193359 515.546524047852 568.041427612305 514.152145385742 733.427261352539 1035.89770507812 594.528198242188 687.545593261719 1072.40393066406 663.210548400879 617.859176635742 697.973785400391 637.415679931641 588.759613037109 529.185623168945 635.594535827637 642.892074584961 679.291854858398 881.356739044189 743.108200073242 796.896462917328 717.23900604248 803.813346862793 686.598874092102 660.838798522949 946.925853729248 756.723991394043 706.283660888672 617.148742675781 623.213333129883 539.821853637695 2158.63280487061 799.986179351807 1090.11073303223 1106.05250549316 1389.38973999023 1189.0252456665 1318.42140197754 1645.19578933716 1358.86544799805 1042.95952606201 1185.15412902832 1022.06505393982 1163.25048828125 1535.26351547241 1628.64742279053 1151.18287372589 1496.21994018555 1320.12211608887 1004.41007232666
619.55347442627 405.553398132324 392.062362670898 382.079772949219 633.619812011719 612.035217285156 608.529876708984 653.32649230957 555.412017822266 578.818481445312 565.752227783203 781.330863952637 625.016319274902 458.987915039062 623.866844177246 586.834983825684 649.041839599609 552.552871704102 712.965787887573 677.282295227051 765.53776550293 736.93595123291 785.563983917236 584.640960693359 613.433349609375 768.744152069092 627.127326965332 885.500915765762 735.296905517578 627.327087402344 695.498161315918 739.213796615601 741.798751831055 844.339527130127 1041.68989562988 848.799713134766 988.212778091431 999.959568023682 1356.97577667236 1187.10292053223 1383.30813598633 1387.19284057617 1191.25304412842 1069.42141723633 1375.97074890137 1347.53038024902 1469.49450683594 1155.94954681396 1151.74314117432 1581.37456893921
657.322620391846 760.419998168945 610.477963447571 502.56908416748 378.944610595703 493.214344024658 552.59001159668 581.857772827148 527.310897827148 459.213500976562 573.872787475586 430.912414550781 749.43342590332 555.390151977539 572.24397277832 635.328094482422 567.218742370605 651.637222290039 729.254277467728 654.9306640625 706.469337463379 806.644035339355 847.477161407471 777.985654830933 639.950561523438 669.716529846191 808.034713745117 797.365946769714 854.506538391113 665.787872314453 624.180458068848 674.527755737305 683.828109741211 912.319076538086 859.849060058594 1158.42315673828 1120.99909973145 1209.43095397949 1117.35026550293 1005.56566619873 1429.82398986816 1555.16271972656 1195.15032958984 915.804096221924 1407.82920837402 1308.35822296143 1212.18936920166 1147.20861816406 1133.65984725952 1438.33650970459
704.920358657837 741.913772583008 728.243965148926 465.145736694336 709.624414920807 469.964431762695 419.730140686035 339.074844360352 358.818054199219 689.946472167969 622.863037109375 636.682693481445 722.979911804199 636.93696308136 725.281246185303 684.849277496338 738.930046081543 648.688209533691 676.926313400269 665.917369842529 614.936470031738 679.512832641602 791.662360191345 869.024677276611 657.910278320312 801.933921813965 778.101108551025 712.186180114746 872.934579849243 847.665321350098 821.988880157471 962.932731628418 657.799896240234 887.270080566406 980.772338867188 1100.73043823242 1036.60963439941 985.617958068848 961.119049072266 871.647266387939 1028.72143554688 1080.22886657715 896.421672821045 810.728233337402 959.878379821777 1162.13454437256 1023.20701599121 1007.55062484741 1003.817237854 1193.58522033691
737.734983444214 745.201917648315 649.525688171387 508.435974121094 624.879951477051 657.627426147461 598.275207519531 386.05322265625 604.350448608398 709.743003845215 627.62939453125 625.166809082031 1119.14802932739 713.686660766602 1135.16529846191 844.945167541504 641.261184692383 763.472290039062 652.755767822266 662.544868469238 855.760437011719 605.282981872559 742.356521606445 838.675596237183 772.390352249146 571.925926208496 699.983238220215 884.253440856934 1074.05822753906 962.586899757385 827.615001678467 913.76216506958 815.479585647583 829.730281829834 911.267776489258 1026.52786254883 760.610324859619 958.729995727539 858.996700286865 824.741367340088 863.266387939453 790.639110565186 879.669067382812 813.40096282959 868.782829284668 781.24535369873 882.438430786133 942.905321896076 828.448371887207 986.064193725586
744.765504837036 752.20947265625 802.980925559998 769.251834869385 751.680034637451 670.811939239502 716.636222839355 451.407089233398 533.704727172852 782.475082397461 630.438262939453 611.13053894043 815.051168441772 734.418334960938 1422.08881950378 692.230358123779 765.075351715088 816.524642944336 630.680908203125 531.451797485352 499.594955444336 667.8642578125 649.057273864746 664.958755493164 805.549823760986 713.997945785522 787.170448303223 874.288901329041 876.429834365845 877.963607788086 808.601715087891 1032.36775588989 1002.09123802185 767.762950897217 1053.36186218262 836.49415397644 881.483947753906 804.207299351692 860.703029632568 740.844957351685 744.007394790649 682.054229736328 661.613967895508 824.892608642578 550.886978149414 761.327152252197 770.653293132782 781.739486694336 736.899036407471 941.955230712891
825.806709289551 798.232894897461 725.736167907715 708.97123336792 664.222038269043 573.097854614258 410.849395751953 624.779640197754 463.772438049316 358.146041870117 728.385305404663 605.67692565918 1250.10165405273 788.328525543213 866.751312255859 722.827007293701 725.552658081055 767.519649505615 793.562829971313 1250.3230342865 597.318626403809 655.209964752197 647.345497131348 888.468704223633 761.642545700073 768.201225280762 734.74422454834 749.829537391663 816.299959182739 766.886121749878 707.351745605469 618.571273803711 940.449645996094 821.639823913574 997.311813354492 794.868301391602 789.826930999756 818.386947631836 713.898818969727 741.296016693115 634.719787597656 761.635046958923 700.822357177734 891.557281494141 730.263526916504 888.724565505981 810.291475296021 672.270317077637 755.218643188477 1043.33517456055
891.100898742676 687.353572845459 579.999168395996 758.776111602783 602.416213989258 584.272537231445 501.795791625977 549.779922485352 643.98868560791 573.770732879639 537.253608703613 1300.67070770264 659.713760375977 863.126591444016 908.130737304688 565.494445800781 607.91813659668 703.488639831543 1106.75254058838 584.715705871582 674.88215637207 650.791400909424 541.192306518555 631.530349731445 681.364772796631 776.431198120117 664.904888153076 750.273155212402 721.251358032227 842.99044418335 744.183428525925 773.270837783813 839.037391662598 1038.35359191895 819.551364898682 977.054901123047 853.698059082031 808.891083933413 685.550537109375 718.345401763916 742.439608812332 613.292846679688 844.634765625 907.315391540527 722.999160766602 760.210357666016 949.122180938721 670.993850708008 722.963611602783 781.508477210999
842.82137298584 634.868225097656 705.941005706787 642.893157958984 782.658719062805 632.322525024414 707.592775344849 692.226755142212 463.167739868164 544.490196228027 630.202837467194 686.570648193359 453.896072387695 1236.3825044632 798.882740974426 782.884464263916 813.636554718018 892.422777175903 670.246334075928 720.299839019775 557.873474121094 454.0703125 645.947738647461 719.641856193542 669.504838943481 732.730541229248 725.676605224609 784.441833496094 721.958577394485 682.424057006836 844.9814453125 785.538074493408 978.95263671875 747.237146377563 822.63850402832 864.429481506348 850.981592178345 883.481956481934 796.718832015991 726.29606628418 860.303779602051 794.626582145691 771.888443946838 789.973495483398 704.910316467285 601.611373901367 755.170950889587 803.862998962402 853.103050231934 1088.60147094727
776.390184402466 612.372344970703 824.047500610352 620.928062438965 829.611167907715 703.131385803223 814.33274269104 615.727783203125 660.509979248047 623.842384815216 724.921401977539 822.995162963867 614.710243225098 751.948333263397 581.615119934082 798.078597187996 447.212997436523 654.350509643555 563.25732421875 752.912582397461 643.129951477051 717.589942932129 760.165718078613 724.040817260742 796.505317687988 704.077548742294 735.557106018066 670.381713867188 576.905776977539 780.195457458496 700.617311477661 703.798118591309 1006.85165405273 653.87718963623 978.718032836914 920.041809082031 835.085090637207 864.477783203125 882.062412261963 1098.40400695801 988.038986206055 791.468543052673 940.870613098145 801.627662658691 906.539405822754 820.709434509277 644.964065551758 721.876800537109 957.14429473877 872.453460693359
1040.59414672852 800.767482757568 741.910190582275 646.626358032227 767.974677830935 761.142866134644 677.174365997314 687.945167541504 536.939598083496 652.385336875916 785.460424423218 733.140974998474 756.878004074097 687.721557617188 653.568794250488 487.105041503906 568.053527832031 635.544639587402 687.093685150146 747.835218429565 652.371948242188 610.992332458496 802.895721435547 582.66626739502 593.486656188965 717.19377374649 871.072395324707 801.640960693359 714.829971313477 669.065475463867 760.90008354187 808.928646087646 898.633180618286 798.398300170898 795.515768051147 988.722564697266 971.678596496582 823.715812683105 1064.56317901611 910.045780181885 1025.63595199585 923.480587005615 835.261842727661 1048.60791778564 924.070116043091 996.26053237915 807.419254302979 810.219326019287 828.013370513916 993.590919494629
751.513865470886 818.771530151367 752.820346832275 880.853454589844 747.572435379028 632.640800476074 767.354694366455 606.350571632385 606.135091781616 592.681218147278 530.408584594727 709.278270721436 692.132095336914 782.971263885498 633.624061584473 660.317710876465 698.481506347656 733.789585113525 544.873184204102 664.734413146973 615.699752807617 732.265466690063 651.647392272949 543.253356933594 705.617115974426 755.004178285599 743.78245639801 641.619903564453 726.510680049658 754.549819946289 730.867755889893 758.468059539795 562.246810913086 847.850074768066 852.270385742188 726.639526367188 731.380897521973 1024.72216033936 1109.74019241333 958.205326080322 1146.98142242432 1279.03089523315 1008.83964920044 745.873138427734 923.040836334229 1043.56754302979 802.195556640625 854.604515075684 766.343700408936 1116.49026489258
717.438331604004 850.009468078613 700.872131347656 671.254150390625 963.833984375 744.687661170959 757.531707763672 549.682731628418 738.03678894043 513.995864868164 752.730743408203 641.376342773438 776.222587585449 578.316635131836 724.745540618896 559.572631835938 630.836448669434 672.114440917969 707.375034332275 711.44654083252 729.204233169556 774.841079711914 664.650421142578 823.778762817383 549.705627441406 776.114250183105 719.947706222534 700.73935508728 711.318416595459 565.901489257812 668.470447897911 724.379020690918 580.278305053711 625.830011367798 674.206031799316 547.869522094727 700.230123713613 919.264854431152 775.993087768555 1001.00392532349 1067.18432998657 1085.33382225037 993.619689941406 991.821876525879 795.641525268555 714.551826477051 910.958780765533 702.665054321289 860.24761390686 1009.39545059204
