export/dem/dem44.asc
NCOLS 350
NROWS 171
XLLCORNER 152620
YLLCORNER 418050
CELLSIZE 100
NODATA_VALUE -9999
[rows 22 to 43 of 171, columns 150 to 199 of 350]
532.841674804688 608.885459899902 647.358955860138 646.454023361206 684.340965270996 601.571623325348 491.216506958008 469.992584228516 540.670059204102 668.988269805908 536.94108581543 674.270469665527 1060.5583114624 668.547009944916 874.96662902832 544.001190185547 961.522048950195 693.910858154297 697.625150680542 679.454872131348 624.400314331055 643.70719909668 782.533264160156 560.316619873047 666.224143981934 668.742965698242 840.598434448242 499.540084838867 753.215793609619 500.987991333008 525.16796875 515.093860626221 605.713691711426 448.960418701172 543.4619140625 493.996719360352 569.7333984375 601.040752410889 743.050537109375 609.990501403809 684.275618553162 667.249862670898 523.621032714844 635.135108947754 683.201370239258 857.877777099609 735.074333190918 630.891533851624 829.67993927002 696.316027641296
517.397720336914 516.129432678223 586.297168731689 776.068710327148 628.412469863892 571.994871139526 583.987478256226 638.552604675293 486.162521362305 631.605787277222 592.174282073975 716.608348846436 765.380337715149 688.830299377441 708.357490539551 731.778646469116 676.512847900391 889.662376403809 626.481079101562 560.38835144043 899.082405090332 547.719345092773 691.154560089111 617.40860748291 725.136741638184 468.372436523438 1007.54223632812 644.649963378906 499.759307861328 680.521099567413 540.866283416748 448.827117919922 560.525272369385 499.859146118164 437.282867431641 547.032485961914 558.777946472168 668.416292190552 548.380813598633 709.283569335938 698.434891700745 583.990501403809 779.807312011719 662.854286670685 750.920667648315 616.609865188599 876.531112670898 639.745330810547 705.548176765442 627.64835357666
543.144229888916 466.760643005371 513.538101196289 649.935352325439 479.943984985352 654.924922943115 539.695976257324 732.471977233887 712.570701599121 521.585891723633 601.44787979126 511.605758666992 1072.13935852051 755.914566040039 612.191793441772 1315.0885925293 550.725280761719 409.863037109375 634.651836395264 721.583194732666 737.09024810791 669.636775970459 647.222026824951 674.887741088867 702.226593732834 581.118988037109 613.249557495117 562.220413208008 701.389385223389 552.014259338379 450.698593139648 657.954893112183 530.445533752441 555.06371307373 501.892669677734 612.135761260986 524.572959899902 611.769855499268 694.131965637207 644.498798370361 727.503705978394 724.282718658447 759.759506225586 521.501586914062 718.635759353638 687.741813659668 722.510028839111 681.663286209106 659.953826904297 683.842663288116
353.794723510742 487.634132385254 633.114822387695 451.645034790039 759.316513061523 496.308532714844 606.124802589417 532.544143676758 544.187477111816 553.286529541016 404.990203857422 670.132377624512 951.684555053711 548.579788208008 752.071716308594 708.060775220394 610.602920532227 927.073165893555 560.811309814453 605.404876708984 922.915252685547 889.087921142578 623.062980651855 584.903160095215 694.864456176758 806.469375610352 672.071327209473 581.462203979492 506.747985839844 468.696273803711 604.491306304932 562.481994628906 519.073287963867 602.447547912598 601.755249023438 595.683673858643 612.179267883301 618.070580482483 650.221508026123 682.099963665009 771.878837585449 699.30740070343 577.542785644531 632.102161407471 733.28956079483 605.193885803223 747.545318603516 767.112724304199 742.676338195801 683.91220676899
370.436172485352 529.409561157227 675.45637512207 663.402927398682 537.254844665527 585.423843383789 619.426751613617 438.829544067383 677.806175231934 779.58415222168 476.383392333984 496.208381652832 570.445236206055 734.508939743042 574.511772155762 714.374938964844 730.209104061127 544.16081237793 598.48352432251 612.193756103516 464.316070556641 561.807731628418 772.468978881836 677.968812942505 667.676769256592 659.327466964722 851.158340454102 637.774405479431 558.234901428223 617.143213272095 574.267532348633 448.356399536133 553.259872436523 521.0869140625 518.118232727051 640.322557449341 856.345550537109 645.38845539093 831.38102722168 701.916023254395 710.377723693848 656.156715393066 614.421855926514 765.398941040039 732.889129638672 804.31957244873 843.813125610352 816.027923583984 610.965454101562 632.897113800049
519.893005371094 595.282989501953 446.467254638672 464.168090820312 579.082307815552 476.633636474609 761.852180480957 572.677913665771 562.422367095947 512.484512329102 454.499557495117 460.980255126953 787.64514541626 798.647102355957 389.913146972656 751.742751598358 813.430381059647 602.534927368164 427.199401855469 833.120712280273 714.171844482422 928.493949890137 627.784141540527 847.233734130859 521.993118286133 956.852313995361 528.53630065918 780.092655181885 665.924102783203 597.022235870361 568.675552368164 576.350341796875 683.171180725098 547.045425415039 603.368286132812 717.880260467529 656.932579040527 773.165573120117 752.134826660156 701.555815696716 783.890480041504 724.53751373291 706.94185256958 674.826650619507 656.310973167419 600.962017059326 721.412185668945 564.107604980469 574.954154968262 639.523561954498
442.108932495117 568.734467029572 583.721518278122 395.465377807617 446.819854736328 471.631439208984 518.796966552734 517.258934020996 580.348624706268 574.183887481689 533.565795898438 1143.3914604187 722.913375854492 689.106994628906 630.970794677734 1142.26258087158 634.618998527527 1077.84385299683 442.682479858398 874.215045928955 737.731796264648 635.210220336914 556.190399169922 542.347061157227 573.551025390625 612.827667236328 531.336410522461 755.473024368286 561.153209686279 488.099166870117 532.013275146484 649.855800628662 467.23161315918 625.245887756348 684.899772644043 629.678548336029 538.478206634521 511.662376403809 726.784591674805 630.711923599243 984.365814208984 1146.45643615723 538.520133972168 699.117622375488 833.436279296875 736.929443359375 564.955215454102 612.086211204529 641.205139160156 633.701240539551
489.626373291016 427.226440429688 394.179397583008 479.163597106934 597.170652389526 581.468422889709 414.362396240234 769.468795776367 522.147705078125 525.697158813477 604.536346435547 984.557788848877 723.186820983887 881.838409423828 806.091026306152 749.773941040039 584.486366271973 548.164543151855 554.749969482422 562.845527648926 954.146541595459 666.080184936523 594.529983520508 842.76049041748 519.800361633301 550.508625030518 532.608085632324 626.361320495605 426.747589111328 490.750045776367 580.129920959473 642.855041503906 436.698013305664 786.878448486328 668.292835235596 565.014232635498 542.380332946777 743.351913452148 585.753458023071 788.134292602539 690.127548217773 902.227951049805 653.644552230835 767.942398071289 634.349594116211 762.185623168945 813.930892944336 829.076797485352 670.315147399902 698.271362304688
458.180992126465 489.392253875732 513.73889541626 577.544830322266 476.153450012207 529.893196105957 521.731754302979 611.340072631836 409.999176025391 738.986675262451 790.65142250061 857.484352111816 920.574546813965 886.024017333984 735.266609191895 656.248867034912 368.20573425293 394.258850097656 382.052200317383 629.73908996582 748.119216918945 610.6435546875 537.903015136719 551.430648803711 595.406677246094 544.623329162598 569.227615356445 498.92928314209 775.931335449219 594.314599514008 666.67261505127 464.319976806641 627.03515625 889.41064453125 673.510147094727 536.736015319824 577.302350997925 625.943565368652 588.906295776367 714.923004150391 738.366204738617 826.634811401367 605.039316177368 695.802341461182 634.390560150146 685.635383605957 684.265617370605 539.216068267822 740.11572265625 603.287078857422
503.122890472412 535.032934188843 553.136113166809 521.173889160156 537.087871551514 654.457092285156 659.843994140625 557.315159797668 599.924049377441 684.964493751526 758.842729568481 780.688262939453 1028.77978515625 698.994651794434 663.362533569336 577.582202911377 559.593086242676 658.834449768066 661.823699951172 566.825365543365 385.819778442383 412.896423339844 363.976654052734 526.893356323242 564.204113006592 630.395282745361 652.993394851685 582.055110931396 631.015474319458 599.531108856201 666.713844299316 694.026885986328 602.134614944458 698.825225830078 614.441177368164 707.759811401367 531.959098815918 566.433833122253 696.896026611328 544.518795013428 874.436882019043 661.792980194092 514.180046081543 666.969902038574 623.957202911377 654.057342529297 726.608352661133 598.757308006287 602.680839538574 588.951466560364
378.618225097656 687.827651977539 497.607387542725 532.014312744141 548.856978416443 691.487075805664 725.085174560547 554.055377960205 823.374622344971 607.122817993164 733.433874130249 681.514242172241 513.209312438965 600.666522979736 620.09920501709 662.78409576416 492.186325073242 536.484951019287 612.970100402832 530.727783203125 418.624099731445 391.613845825195 417.474731445312 492.382362365723 512.582626342773 473.980766296387 519.036239624023 564.746047973633 545.701091766357 570.913328170776 541.003873825073 735.278717041016 557.550541639328 710.434524536133 606.269660949707 572.259382963181 408.837356567383 662.936752319336 531.261187553406 589.215072631836 570.020263671875 576.589408874512 615.960655212402 614.982227325439 696.835037231445 595.270637512207 723.008377075195 723.747924804688 674.540809631348 604.210760116577
546.559567332268 432.820907592773 726.168731689453 546.267795562744 663.587562561035 541.65887260437 611.678192138672 644.300415039062 878.285232543945 629.366960525513 545.105712890625 823.670776367188 586.04819393158 663.99885559082 680.966323852539 604.456201553345 551.183195114136 590.762327313423 500.375988006592 482.70043182373 486.743446350098 403.778533935547 478.936042785645 471.657737731934 539.178371429443 399.231353759766 508.689147949219 723.315361022949 624.29564666748 544.784252166748 540.757442474365 565.465478897095 512.008487701416 650.109901428223 709.634384155273 698.743499755859 628.7734375 590.501514434814 694.651527404785 674.254623413086 566.901529312134 601.926258087158 523.783878326416 474.182640075684 612.308181762695 657.480049133301 614.497447967529 669.618148803711 467.305686950684 700.984573364258
627.223014831543 441.638244628906 605.327629089355 742.673858642578 520.223587036133 480.844940185547 640.047546386719 713.389053344727 578.056916236877 619.134559631348 629.90242767334 693.444618225098 600.751831054688 547.983184814453 470.046035766602 578.558502197266 547.487225532532 548.782930374146 586.039081573486 585.585689544678 451.375793457031 467.922325134277 417.573760986328 400.599227905273 393.123260498047 469.119277954102 623.954582214355 480.901542663574 598.141128540039 436.882270812988 531.510137557983 539.110786914825 708.046768188477 605.912250518799 606.768907546997 580.562952041626 566.134889602661 575.506646156311 549.74426651001 699.050064086914 616.754802703857 652.45149230957 549.599315643311 508.822631835938 708.54866027832 541.555634498596 472.140602111816 544.971069335938 575.83585357666 466.219955444336
464.322052001953 636.120063781738 611.608116149902 497.301025390625 603.44873046875 438.463500976562 477.497497558594 553.875793457031 596.939260005951 513.520950317383 633.945247650146 767.839233398438 622.939163208008 583.834283828735 567.344591140747 605.549343109131 709.4921875 639.153747558594 575.798595428467 541.664554595947 524.037065505981 437.902084350586 441.805969238281 724.592971801758 384.182632446289 504.56916809082 380.115966796875 624.878074645996 625.101867675781 495.199108123779 479.720233917236 489.419212341309 544.578006267548 669.883926391602 556.627216339111 601.798671722412 621.722095489502 594.148296356201 648.554595947266 581.564565658569 571.353607177734 644.723136901855 762.492195129395 590.855541229248 993.943046569824 533.037133216858 421.801010131836 603.42151260376 523.212745666504 588.142366409302
631.828834533691 655.115417480469 571.908776283264 518.694484710693 569.093563079834 592.302848815918 483.183219909668 514.754486083984 552.482019424438 625.705646514893 564.161909103394 702.010772705078 537.325217247009 511.175624847412 626.907485961914 517.654750823975 601.152725219727 699.405212402344 650.680809020996 565.168983459473 409.245254516602 480.326404571533 490.227684020996 434.514122009277 648.029151916504 517.877750396729 408.325119018555 698.923456192017 527.741291046143 567.036617279053 584.474174380302 642.613613128662 718.713790893555 547.536945343018 622.995229721069 520.499336242676 680.201217651367 767.02197265625 806.786987304688 587.394763946533 630.099472045898 505.052585601807 513.252117156982 482.476348876953 926.319541931152 496.737503051758 436.552207946777 624.722190856934 448.378761291504 604.096912384033
552.17486000061 518.37565612793 587.878726959229 536.612077713013 683.21989440918 626.22444152832 497.49263381958 512.497764587402 648.521141052246 609.127833068371 534.609634399414 736.103012084961 652.690979003906 583.882907867432 516.60364151001 686.621337890625 715.271072387695 567.755702972412 613.264266967773 592.839897155762 471.059432983398 449.843215942383 440.269226074219 687.759124755859 555.9446849823 629.667915344238 419.950744628906 829.720077514648 946.674778938293 513.100368499756 637.234722137451 573.495750427246 689.413692474365 627.839002609253 780.064865112305 752.68000793457 616.35977935791 521.512187957764 479.683303833008 735.671447753906 571.624228477478 680.964340209961 595.820640563965 419.972557067871 480.807235717773 544.137487411499 449.339942932129 605.374961853027 432.901229858398 590.063676834106
439.457107543945 541.761911392212 617.45306968689 711.350021362305 710.961990356445 610.105316162109 716.340507507324 612.484630584717 636.138698577881 603.683345794678 604.549877166748 647.994384765625 512.44669342041 584.545498847961 559.248326539993 526.511500358582 569.102607727051 504.95269203186 548.301393508911 533.638402938843 479.267723083496 363.737945556641 362.094055175781 592.692977905273 517.671253204346 534.256094932556 577.855602264404 679.586132049561 756.527008056641 639.87548828125 561.52946805954 650.982009887695 666.468940734863 607.402229309082 653.015815734863 637.946739196777 601.157829284668 519.301651000977 678.104530334473 480.201362609863 564.74538898468 638.64518737793 415.029434204102 518.037460327148 491.417743682861 449.877647399902 564.269149780273 634.540893554688 599.587173461914 456.249458312988
611.970935821533 544.702251434326 679.121406555176 712.215133666992 651.185684204102 490.82444190979 564.898414611816 519.754341125488 554.503520965576 561.208639144897 464.099647521973 710.975646972656 512.913993835449 526.229343414307 447.292030334473 540.815116882324 680.805267333984 529.903880119324 429.253768920898 396.808135986328 393.533676147461 439.155731201172 596.806363344193 656.384780883789 389.036205291748 667.053504943848 593.828746795654 491.309539794922 642.798141479492 920.047637939453 607.2659034729 637.539665222168 579.172958374023 405.94312286377 487.984642028809 549.684220552444 574.455410003662 684.469390869141 444.298408508301 491.929302215576 635.008244514465 582.800651550293 559.344432830811 383.375030517578 423.773078918457 519.482583045959 461.871276855469 558.879372119904 604.014049530029 446.633071899414
550.201894760132 545.714042663574 518.901123046875 439.431182861328 540.845506668091 670.808212280273 490.891929626465 550.362036705017 492.947216033936 487.744415283203 469.817840576172 424.577438354492 523.297996520996 522.085620880127 366.397994995117 523.813786506653 547.282608032227 709.219329833984 616.557373046875 339.054985046387 282.920593261719 531.982608318329 379.799819946289 605.723575592041 534.060539245605 499.079002380371 589.79780292511 743.24302482605 737.489227294922 619.897987365723 497.341972351074 652.06014251709 538.45267868042 598.913433074951 545.976748943329 561.309417724609 571.127550125122 671.286506652832 574.368265151978 599.451194763184 626.023139953613 678.925720214844 482.477954864502 615.666664123535 344.023345947266 622.438652038574 439.780151367188 536.28138923645 484.047454833984 533.42427444458
468.51838684082 432.980041503906 584.784042358398 647.825263977051 585.054176330566 652.158706665039 551.328176498413 602.724922180176 550.991505622864 584.60005569458 459.831108093262 536.779314041138 594.587223052979 537.298812866211 266.076187133789 405.715606689453 448.63582611084 484.982269287109 569.411316871643 477.719421386719 427.953979492188 503.3825340271 634.477783203125 629.214805603027 544.689591407776 605.674404144287 538.78670501709 738.875991821289 774.591674804688 547.944705963135 650.828056335449 611.733062744141 455.627784729004 646.734184265137 530.1508859694 570.531326293945 638.967891693115 499.600673675537 540.917961120605 557.645422935486 570.320735931396 620.82413482666 530.410205841064 562.0807056427 423.523361206055 614.930435180664 462.057960510254 510.881656646729 493.563304901123 552.532793521881
483.039562225342 534.930262565613 583.773559570312 513.903800964355 584.418525695801 575.844766616821 602.129627227783 453.05827331543 566.959842681885 516.073638916016 541.319164276123 378.19881439209 536.983367919922 473.61226272583 549.956056118011 536.306302547455 373.127731323242 427.437255859375 569.213422775269 352.844329833984 393.522735595703 554.630823135376 598.294124603271 674.471298217773 687.647315979004 581.149090766907 588.619331359863 683.49991607666 731.439571380615 771.661354064941 708.963729858398 510.244598388672 341.543472290039 422.359657287598 624.66780090332 540.22088432312 425.097991943359 545.472655296326 522.413870811462 515.511187553406 531.025083065033 483.659381866455 501.287231445312 629.948867797852 484.964263916016 562.819206237793 529.708122253418 511.772571563721 356.636749267578 493.012336730957
511.920611858368 546.916551589966 615.104797363281 588.095970153809 527.022884368896 618.762466430664 611.357288360596 608.774242401123 518.248037219048 510.682629108429 586.144311904907 489.418029785156 620.760215759277 539.542181968689 411.099624633789 624.962577819824 529.962348937988 545.616933822632 530.340650558472 492.068153381348 594.618431091309 647.356018066406 638.417167663574 652.331977844238 620.773216247559 517.872482299805 743.865692138672 623.655714988708 643.840160369873 610.168346405029 710.377505302429 604.10905456543 649.797416687012 421.171630859375 637.833633422852 552.970606803894 515.346225738525 582.041409015656 500.142692565918 599.545027494431 577.260606765747 432.094589233398 792.294731140137 746.951366424561 789.214820861816 532.00560760498 494.573738098145 582.08118057251 466.710975646973 566.102220535278
