export/dem/dem4.asc
NCOLS 350
NROWS 171
XLLCORNER 152620
YLLCORNER 418050
CELLSIZE 100
NODATA_VALUE -9999
[rows 22 to 43 of 171, columns 100 to 149 of 350]
497.65495300293 265.936126708984 362.643630981445 461.205688476562 554.630645751953 465.403427124023 658.018394470215 807.838424682617 640.609565734863 685.269641876221 941.88830769062 460.985855102539 445.61994934082 848.00658416748 552.890426635742 381.817352294922 700.09619140625 669.977172851562 591.548179626465 566.934539794922 1027.4627456665 777.432388305664 279.508941650391 390.513671875 404.190551757812 582.213949203491 514.261741638184 250.703674316406 336.485473632812 489.049240112305 681.889755249023 659.234893798828 608.978874206543 668.469720840454 522.016448974609 642.125162601471 683.883361816406 550.137756347656 691.015892028809 669.337262153625 768.891372680664 485.718276977539 599.122144699097 560.994331359863 658.936017990112 621.713717460632 628.17182970047 574.978927612305 603.524914741516 773.126846313477
528.933486938477 335.035461425781 470.835105895996 321.807098388672 654.884664535522 732.906127929688 649.864315032959 406.939483642578 618.494438171387 699.419273376465 1669.08069229126 470.494522094727 703.32791519165 1040.88066101074 480.502243041992 405.888763427734 896.803817749023 485.228485107422 539.085968017578 433.887405395508 648.437789916992 465.338195800781 909.383239746094 970.110961914062 536.290786743164 569.824142456055 345.706420898438 460.267700195312 492.716148376465 399.739852905273 509.709777832031 588.890497922897 526.345352172852 617.033069610596 670.46265411377 389.656234741211 535.745849609375 446.762832641602 632.236623287201 603.066509246826 622.557111620903 758.052886962891 624.252330780029 648.998264312744 670.424201965332 675.482025146484 629.956228256226 596.795472741127 556.662899017334 640.121395111084
444.680541992188 514.6155128479 548.933143615723 608.639358520508 541.774780273438 894.89421081543 453.86164855957 722.224285125732 593.762828826904 527.014114379883 677.085544586182 1002.14405059814 711.280506134033 685.464340209961 545.268135070801 557.028717041016 693.981730461121 680.131454467773 502.974563598633 737.963745117188 738.865249633789 320.519958496094 326.189422607422 455.309768676758 635.774108886719 490.472305297852 461.531845092773 327.648651123047 506.959411621094 536.543556213379 559.649244308472 560.296365737915 668.757678985596 833.352516174316 706.990239143372 583.014717102051 630.102896690369 556.878261566162 628.483185768127 586.802917480469 644.614935874939 483.662445068359 560.673034667969 603.261540174484 667.802879333496 495.899101257324 644.837783813477 681.916145324707 565.869020462036 559.178276062012
410.13948059082 362.828842163086 532.925659179688 556.460815429688 464.642761230469 538.888641357422 871.993728637695 970.543991088867 560.480545043945 1002.88370513916 998.524950027466 979.970260620117 908.487983703613 700.404220581055 776.425453186035 1104.8292350769 436.083938598633 530.466506958008 357.942291259766 526.884216308594 1360.74661254883 434.977462768555 468.150619506836 307.618438720703 513.759017944336 474.667297363281 553.764765262604 399.51139831543 553.060345292091 657.765361785889 632.181838989258 459.826805114746 722.149475097656 765.900148391724 700.917232513428 693.504821777344 562.689586639404 468.071960449219 603.729486465454 602.609060287476 731.072959899902 622.33088684082 687.701210021973 590.885481357574 643.15453338623 644.611686706543 611.76086807251 515.539535522461 566.401616096497 657.171684265137
464.036933898926 496.075710296631 664.573028564453 493.152603149414 598.706359863281 312.009643554688 448.131942749023 711.064270019531 1132.35006332397 673.618865966797 647.179206848145 805.377410888672 782.262237548828 685.723300933838 767.572540283203 912.642272949219 465.121536254883 520.857711791992 766.366817474365 427.988845825195 940.847396850586 532.329498291016 527.086013793945 299.082214355469 444.284866333008 541.07470703125 443.418487548828 583.669385910034 598.881679534912 623.198463439941 495.830291748047 417.05322265625 667.477996826172 584.285236358643 681.779083251953 492.436698913574 644.779689788818 483.088233947754 541.342176437378 591.146289825439 628.462509155273 525.099468231201 628.628326416016 640.320812225342 553.673910140991 607.37198638916 576.663639068604 539.82649230957 549.57147026062 742.042678833008
417.703750610352 470.538703918457 443.115585327148 558.081962585449 1093.53243255615 1268.23812103271 554.207595825195 505.035430908203 650.604385375977 927.883195877075 709.606218338013 652.707870483398 1008.89437866211 623.205860137939 543.514617919922 1088.00998687744 1335.63144683838 399.003143310547 603.954788208008 814.92992401123 541.766490936279 601.106947898865 627.837115287781 527.168434143066 708.193092346191 583.152981519699 641.469566345215 611.228012084961 521.40909576416 510.336807250977 511.299461364746 511.409729003906 499.590099334717 470.703308105469 515.264724731445 532.829130172729 594.65884321928 721.314361572266 660.648292541504 560.203964233398 566.000195503235 590.248081207275 593.450946807861 511.018886566162 640.458724975586 581.415286064148 581.854333877563 413.183822631836 494.4787940979 513.665573120117
455.347869873047 979.739837646484 552.282875061035 564.887084960938 591.102480888367 676.267381668091 437.499969482422 536.140998840332 813.734426021576 464.199691772461 841.687911987305 492.761764526367 411.68977355957 589.304870605469 778.481842041016 679.611053466797 596.408782958984 1029.08545684814 1176.7179889679 608.283346176147 533.936859130859 544.260189056396 552.943380355835 559.86994934082 507.870098114014 538.875183105469 332.113983154297 460.324363708496 530.511755824089 627.230583190918 415.112670898438 619.180053710938 522.080032348633 461.338226318359 496.770114898682 485.142532348633 693.266586303711 495.627014160156 645.78532409668 565.859468460083 477.63313293457 638.906578063965 619.684143066406 504.76530456543 509.538414001465 675.335342407227 582.020586013794 541.167130947113 414.746566772461 525.441284179688
399.48681640625 571.837383270264 456.038314819336 462.345802307129 513.951118469238 363.448669433594 646.163444519043 510.994438171387 581.338043212891 427.881912231445 754.150634765625 438.428344726562 766.759796142578 981.637523651123 897.546321868896 597.676848530769 524.057647705078 516.200759887695 430.334228515625 477.110256195068 331.896347045898 438.583839416504 497.695858001709 417.438873291016 456.255714416504 606.491138458252 387.737579345703 441.077713012695 515.290712356567 559.963085174561 563.789123535156 415.554718017578 515.181936264038 391.968521118164 461.506713867188 491.591396331787 541.446666717529 530.554315805435 462.933464050293 461.22193145752 530.895748138428 474.653160095215 453.415367126465 521.295806884766 571.276508331299 554.938276290894 428.760894775391 375.721282958984 434.673515319824 437.677764892578
1023.73364257812 460.055862426758 477.177417755127 683.488731384277 740.503628730774 833.510040283203 499.114395141602 701.616409301758 574.132030487061 836.031711578369 655.14786529541 591.740138053894 530.638679504395 718.165740966797 565.096380233765 861.625289916992 474.417335510254 467.32096862793 364.565307617188 498.507339477539 454.640579223633 447.83610534668 559.885025024414 520.914321899414 735.939842224121 1642.13079071045 498.575862884521 478.058074951172 440.043579101562 480.042232513428 500.697172164917 422.636535644531 583.886993408203 547.782545089722 450.513633728027 579.331707000732 533.427116394043 576.978452682495 427.863174438477 515.014358520508 500.905769348145 560.460613250732 508.424072265625 519.251277923584 389.016494750977 530.146029949188 491.192398071289 529.080211639404 523.53472328186 298.495697021484
475.39924621582 483.256603240967 585.741302490234 576.537610054016 1336.31232070923 687.780410766602 575.088203430176 532.522245407104 687.505611419678 555.212717056274 572.297477722168 730.52613067627 619.375591278076 444.666175842285 597.70480632782 635.768455505371 443.505172729492 417.735649108887 344.370559692383 381.984252929688 468.007286071777 537.420860290527 481.427715301514 448.819984436035 602.047046661377 423.393997192383 543.677474975586 481.131225585938 479.968955993652 478.466247558594 426.573905944824 444.853591918945 467.379810333252 515.489507675171 548.258974075317 540.300769805908 559.730880737305 525.766664505005 709.932769775391 638.583564758301 620.725391387939 500.568046569824 515.747752189636 455.458908081055 471.612861633301 572.907913208008 558.984048843384 583.487758636475 527.167530059814 487.737880706787
493.056079864502 557.961067199707 462.861598968506 613.823799133301 804.634429931641 536.789413452148 554.695976257324 1056.3826816082 1250.71571350098 636.671051025391 469.383361816406 566.670776367188 653.103828430176 462.956665039062 635.033674240112 573.24365234375 438.420421600342 343.406356811523 513.845531463623 406.852821350098 542.307973861694 483.142852783203 433.102439880371 352.076629638672 367.40397644043 381.897834777832 590.031196594238 533.067817687988 411.750686645508 560.772647857666 418.213417053223 428.19987487793 473.904016494751 498.99979019165 542.670683860779 368.589248657227 623.740333557129 642.10400390625 391.103454589844 529.459197998047 446.646907806396 595.736679077148 613.358131408691 442.652160644531 497.934967041016 461.479850769043 568.23010635376 565.798776626587 439.877731323242 443.251907348633
415.306930541992 577.212097167969 408.130577087402 597.506675720215 482.973714351654 440.075031280518 587.920288085938 466.878135681152 684.164434432983 593.259410858154 581.607131958008 300.340667724609 441.965354919434 934.859100341797 466.869613647461 520.711675643921 497.671413421631 465.598358154297 377.7275390625 371.798065185547 490.599243164062 471.123199462891 473.543014526367 438.477546691895 587.483505249023 489.410066604614 473.466238021851 499.268600463867 470.177362442017 528.722122192383 513.956804275513 471.965017318726 483.189910888672 479.395904541016 454.105491638184 571.615814208984 697.558639526367 540.839687347412 623.130302429199 565.581676483154 568.928749084473 536.949372291565 452.934150695801 349.272857666016 500.568843841553 483.525238037109 679.355117797852 603.832614898682 595.034622192383 479.35924911499
482.330770492554 588.395080566406 382.372436523438 435.915496826172 459.875547409058 481.49376642704 449.452983856201 379.955978393555 647.374664306641 445.197776794434 480.030296325684 487.958061218262 492.92621421814 612.570220947266 522.436484336853 523.892129898071 659.281402587891 611.537208557129 563.051052093506 476.256072998047 443.964210510254 473.990364074707 553.027812957764 591.37996673584 582.992698669434 365.776290893555 467.117469787598 433.145484924316 468.723119735718 384.788475036621 359.490158081055 440.650852203369 651.693984985352 354.423568725586 343.552337646484 525.989064216614 462.513774871826 565.08500289917 578.975227355957 444.847232818604 402.415214538574 578.713050842285 564.963237762451 532.119915008545 498.557952880859 382.487396240234 597.293395996094 503.641822814941 427.860290527344 512.22917175293
288.571212768555 469.919742584229 430.122589111328 468.805070877075 404.647453308105 574.252418518066 525.892206192017 634.119659423828 504.496242523193 413.38126373291 515.847736358643 449.23999786377 390.152862548828 430.386901855469 655.239135742188 599.302146911621 512.093151092529 409.050361633301 559.94758605957 523.198516845703 510.890743255615 442.302429199219 669.605728149414 509.297567367554 452.557266235352 379.299865722656 612.462600708008 507.223247528076 562.949806213379 494.981271743774 552.596183776855 492.302000045776 399.885879516602 434.101440429688 597.683143615723 437.804847717285 547.616065979004 391.692657470703 550.853607177734 577.580841064453 693.879348754883 547.667423248291 580.701416015625 509.986122131348 518.001468062401 538.050231933594 588.674968719482 525.205257415771 509.857917785645 461.505416870117
540.713813781738 420.69446182251 427.262928009033 390.366943359375 471.968448638916 575.574951171875 489.345293045044 447.167442321777 629.71061706543 462.108539581299 568.999816894531 412.200096130371 345.457588195801 511.602752685547 453.518707275391 477.115798950195 463.869493484497 469.751340866089 496.012187957764 588.456596374512 527.255813598633 542.821151733398 437.026145935059 608.838333129883 576.563888549805 526.640975952148 485.001108169556 435.550493240356 567.321517944336 460.035085678101 559.876274108887 396.008087158203 487.72057723999 479.64720416069 356.751739501953 529.203086853027 462.947116851807 549.896324157715 681.923889160156 458.437171936035 532.271392822266 669.807083129883 482.124320983887 490.661666870117 605.472091674805 380.193801879883 530.327217102051 408.239013671875 632.726692199707 554.555395841599
528.702953338623 488.68009185791 474.919090270996 379.042999267578 535.844898223877 589.265182495117 634.379104614258 545.62873840332 541.458488464355 547.359546661377 447.204986572266 526.806518554688 389.122650146484 538.35746383667 524.516414642334 450.318180084229 598.488822937012 499.333950042725 537.103675842285 505.331169128418 429.044921875 398.057754516602 429.831806182861 413.184745788574 338.755783081055 415.433959960938 464.956179857254 589.606002807617 501.991832733154 443.72297668457 656.065460205078 569.805213928223 481.030717849731 468.227165937424 434.837574005127 545.1012840271 430.589889526367 543.034576416016 506.146654129028 375.741279602051 564.425323486328 597.120895385742 440.448722839355 386.38835144043 363.213119506836 573.71724319458 549.938632965088 573.054264068604 554.129365921021 567.638018369675
481.376150131226 440.961820602417 555.037857055664 417.259780883789 443.206363677979 559.041549682617 460.39705657959 422.60461807251 579.067726135254 525.071784973145 335.018325805664 578.026008605957 435.090867996216 328.62971496582 511.389080047607 488.209468841553 612.212020874023 647.712036132812 524.426597595215 456.042558670044 413.594127655029 414.992530822754 573.956237792969 463.510889053345 297.411041259766 386.901214599609 425.868375778198 542.239189147949 504.498582839966 439.62618637085 549.615882873535 623.37873840332 448.469253540039 400.244468688965 344.228698730469 451.320297241211 503.771671772003 428.059726715088 555.153003692627 556.416450500488 506.480123519897 506.371207237244 547.631298065186 364.243530273438 411.358978271484 407.055160522461 484.179809570312 548.13716506958 417.659332275391 612.555015563965
654.124221801758 533.11164855957 385.72966003418 467.08226108551 413.104232788086 332.985847473145 582.572296142578 516.589866638184 369.190422058105 404.617034912109 511.239479064941 463.597179412842 379.088264465332 368.843757629395 459.586017608643 369.145843505859 483.979009628296 495.192554473877 590.419830322266 562.090316772461 500.996475219727 528.132095336914 325.241821289062 487.188656806946 401.486553192139 466.189260482788 425.520969390869 442.979279518127 419.847717285156 611.928314208984 591.217948913574 466.106202125549 425.148693084717 436.195598602295 403.292640686035 335.887741088867 400.247589111328 530.752384185791 396.845985412598 547.134017944336 532.424278259277 412.334243774414 473.135290145874 556.957504272461 555.246231079102 537.724527359009 414.783149719238 428.783470153809 633.086692810059 583.053795337677
556.819679260254 669.740814208984 424.136497497559 481.558837890625 235.261108398438 418.561859130859 310.977508544922 330.317192077637 385.283874511719 445.147438049316 475.220004558563 467.776273727417 421.950527191162 413.479267120361 433.495712280273 468.579222202301 658.178634643555 374.546432495117 518.13370513916 506.254447937012 386.681358337402 421.355819702148 450.193328857422 560.311477661133 533.523242950439 488.756208896637 373.41455078125 394.427703857422 444.129608154297 587.396049499512 479.936367034912 560.058631896973 637.195098876953 449.263290405273 505.066890716553 481.385678291321 336.337036132812 348.151321411133 404.643165588379 480.522584199905 511.50411605835 529.02064883709 568.88745880127 559.699975967407 351.644927978516 404.156524658203 297.830993652344 474.857040405273 423.699317932129 551.060733795166
542.848823547363 469.454513549805 446.91826415062 490.489570617676 456.701799154282 376.455780029297 390.359184265137 312.891036987305 479.12233543396 345.96940612793 440.956792831421 306.038589477539 489.666961669922 434.659385681152 427.319923400879 528.137599945068 604.760818481445 467.215634822845 471.697919845581 529.925163269043 514.944011688232 432.967273712158 481.244234681129 225.293914794922 548.052196502686 588.853622436523 444.942239761353 340.061767578125 411.678268432617 526.32963180542 470.556574821472 394.570648193359 478.776789665222 577.130378723145 616.545272827148 539.824645996094 473.345082998276 456.731464385986 486.154211997986 335.229415893555 307.982849121094 446.392944335938 464.856952667236 456.910541534424 438.124351501465 572.369468688965 377.354858398438 518.986603736877 472.875106811523 445.762153625488
505.469749450684 466.260335922241 580.263000488281 332.191993713379 368.657455444336 233.145568847656 407.800354003906 400.114284515381 353.712028503418 420.530883789062 238.06706237793 288.143402099609 500.887636184692 479.162063598633 294.548141479492 415.260597229004 439.983943939209 551.332054138184 455.201555252075 555.404571533203 530.583061218262 436.321311950684 506.104658126831 418.854469299316 431.918056488037 329.131546020508 497.605648040771 362.190689086914 277.72265625 479.286512374878 447.374492645264 537.172744750977 545.164707183838 530.723834991455 584.039665222168 533.338447570801 634.157409667969 518.522243499756 462.461799621582 442.58602142334 446.016925811768 455.341384887695 536.111869812012 637.189567565918 542.624290466309 494.543077468872 580.815689086914 470.335166931152 367.74462890625 481.467723846436
471.707041740417 426.850542068481 463.533405303955 383.806945800781 500.703388214111 328.789756774902 253.632766723633 423.936172485352 472.291505813599 280.174713134766 476.670670509338 372.625034332275 351.629592895508 507.672142028809 351.664329528809 438.831771850586 540.504386901855 349.377532958984 414.198677062988 516.527877807617 612.850067138672 433.967750549316 357.692504882812 723.583358764648 412.110252380371 426.711791992188 486.421869277954 448.2985496521 495.403397798538 441.146499633789 444.378231048584 500.574432373047 574.068672180176 524.743785858154 665.118392944336 317.270217895508 575.296058654785 546.738506317139 516.498575210571 341.31965637207 420.390968322754 626.602890014648 608.775253295898 507.987984418869 367.898452758789 429.987823486328 503.980661392212 541.01647567749 353.994293212891 529.134670734406
