export/dem/dem46.asc
NCOLS 350
NROWS 171
XLLCORNER 152620
YLLCORNER 418050
CELLSIZE 100
NODATA_VALUE -9999
[rows 22 to 43 of 171, columns 150 to 199 of 350]
476.45979309082 688.587059020996 649.510298252106 485.494750976562 623.307424545288 504.245651245117 624.482702255249 536.16837310791 662.936068058014 607.984302520752 625.61679649353 746.158186912537 888.065139770508 665.106613636017 708.586654663086 516.996307373047 907.117942810059 801.432983398438 621.243362426758 560.049880981445 449.044311523438 531.39665222168 548.259155273438 550.103927612305 693.985443115234 666.997146606445 794.294418334961 502.265396118164 465.67724609375 516.67911529541 614.752105236053 578.630649805069 559.310604095459 698.924255371094 596.774765014648 599.901916503906 658.263609886169 513.757080078125 693.761989593506 733.196273803711 622.154159545898 652.474758148193 598.270385742188 631.677230834961 502.796859741211 628.257266998291 882.217956542969 508.143486022949 740.309131622314 718.11906337738
613.882405281067 617.560445785522 612.752738952637 525.182609558105 463.490753173828 427.724258422852 537.030162811279 531.378631591797 552.333847045898 548.246963500977 469.71598815918 541.456924438477 728.269641876221 586.851226806641 421.946807861328 720.452304840088 623.29256439209 856.048332214355 593.37028503418 539.510025024414 696.604141235352 534.292343139648 471.918334960938 613.172271728516 497.066070556641 687.219009399414 1001.01885986328 739.011749267578 455.575500488281 639.751976013184 566.72647857666 594.195190429688 624.498644828796 613.742338180542 599.296756744385 635.658548355103 613.588008880615 591.942604064941 751.478897094727 590.126121520996 703.783081054688 702.103788375854 672.972807884216 420.694107055664 800.84806060791 651.974557876587 747.730525970459 771.324897766113 763.898658752441 630.860063552856
579.355406761169 572.708411216736 576.231250762939 663.616565704346 618.644961595535 590.222330093384 565.340663909912 632.11629486084 527.130165100098 710.267581939697 491.706771850586 634.138481140137 793.957412719727 754.420928955078 654.36616230011 1269.28674316406 721.197937011719 558.738868713379 486.361358642578 492.243377685547 583.020904541016 588.725967407227 460.155624389648 636.055976867676 704.059978187084 553.956802368164 680.267250061035 502.304779052734 413.09358215332 513.743232727051 457.077941894531 561.120018005371 640.308234751225 646.401029586792 631.895811080933 707.234245300293 659.583475112915 600.466506958008 750.018569946289 685.704770088196 703.203411102295 696.097059249878 475.656051635742 526.114028930664 603.823371887207 676.046535491943 734.518585205078 708.386740684509 753.535423278809 570.74925994873
540.773593902588 624.002494812012 764.878463745117 700.814079284668 740.322128295898 607.114109039307 676.864456176758 612.113243579865 511.178604125977 490.86302947998 390.125350952148 480.135437011719 976.092498779297 569.969039916992 808.478416442871 524.153518676758 549.021102905273 881.856689453125 495.296844482422 423.478454589844 935.376480102539 940.447090148926 695.409812927246 484.925201416016 579.379043579102 533.296203613281 774.150405883789 470.86457824707 592.299785614014 432.731155395508 511.344665527344 555.94441986084 598.055328369141 431.370651245117 651.987478256226 651.365546226501 604.453681945801 694.434368133545 824.615234375 696.827028274536 640.01008605957 649.172382354736 614.760673522949 653.5041847229 659.314590454102 667.957901000977 651.07816696167 643.020412445068 575.700950622559 649.479148864746
461.209777832031 846.781967163086 588.313948154449 724.005508422852 674.144905090332 667.704537391663 567.777072906494 550.245460510254 564.230209350586 422.285415649414 325.547637939453 451.911102294922 681.027740478516 604.248641967773 435.513473510742 517.454071044922 584.510971069336 719.563735961914 416.710556030273 703.197074890137 519.250747680664 520.219177246094 545.842544555664 598.095054626465 608.121772766113 717.173711776733 903.789883136749 578.693008422852 500.92741394043 450.424591064453 618.503662109375 462.673858642578 612.226718902588 626.28636264801 660.418428421021 643.984874725342 587.289916992188 507.72981262207 696.528748512268 559.095245361328 672.519277572632 670.736307144165 641.297962188721 684.574703931808 594.595878601074 649.103286743164 675.15234375 544.002655029297 647.543251037598 565.447128295898
526.915817260742 643.616813659668 472.90641784668 629.306797027588 669.566268920898 598.719002336264 638.890341043472 515.223823547363 589.63699054718 418.394226074219 475.427284240723 466.486709594727 715.387189865112 574.105651855469 609.257827758789 706.044254302979 827.362508773804 509.100051879883 459.518844604492 706.890472412109 590.849655151367 872.755798339844 695.57598400116 732.128349304199 564.397529602051 843.14769744873 593.107124328613 674.838394165039 441.142547607422 475.689117431641 582.753036499023 506.137794494629 588.184585571289 764.21834564209 639.597045898438 795.66731262207 547.265235900879 594.428855895996 770.497573852539 581.976783752441 646.112297058105 680.263395309448 746.464347839355 845.978744506836 691.578699111938 628.235261917114 410.489868164062 519.131896972656 667.892545700073 780.893478393555
638.85466003418 686.432403564453 626.584526062012 675.562469482422 645.088645935059 597.603090286255 608.671088218689 653.47518157959 551.573547363281 471.837127685547 555.537200927734 1165.30070877075 725.532157897949 757.053527832031 776.605770111084 1227.5035610199 621.921798706055 964.349578857422 500.963562011719 707.088287353516 869.242343902588 670.109580993652 677.506191253662 601.75895690918 657.916162490845 637.41040802002 676.623625516891 769.335858345032 519.372192382812 675.184577941895 554.411117553711 480.35319519043 583.337118148804 460.913360595703 688.292678833008 610.42271232605 676.97135925293 750.537643432617 548.445049285889 723.070526123047 755.174592018127 919.488620758057 812.25358581543 677.906091690063 609.482341766357 654.76731300354 562.661575317383 615.047161579132 511.731719970703 537.894550323486
556.690232276917 616.363456726074 516.590007781982 578.056641578674 509.803695678711 641.264545440674 568.660175323486 680.511596679688 512.155391693115 450.57975769043 680.421146392822 975.721141815186 870.508993148804 1222.73394775391 823.458919525146 724.220802307129 787.855529785156 611.879932403564 557.244941711426 427.753875732422 888.157447814941 500.053161621094 666.230977773666 800.173652648926 584.558029174805 566.890209197998 555.420112609863 650.976291656494 485.092147827148 623.039218902588 459.489288330078 589.209341049194 627.535057067871 762.28670501709 590.644546508789 673.322242736816 714.168869018555 641.290565490723 542.792232513428 584.690090179443 525.759475708008 722.289752960205 711.604850769043 547.607681274414 524.037216186523 691.195587158203 758.412078857422 671.470470428467 691.20955657959 536.56803894043
453.537170410156 542.553365707397 479.870811462402 617.96017074585 544.217609405518 624.408111572266 457.91626739502 519.127197265625 682.326377868652 537.271209716797 716.101272583008 893.382652282715 1037.89260101318 849.158405303955 803.773684859276 616.464600563049 505.273803710938 514.197483062744 461.581016540527 637.233520507812 698.681457519531 533.661331176758 554.061115264893 454.776458740234 573.504730224609 479.818359375 653.382513046265 665.2399559021 669.635475158691 663.793647766113 416.918197631836 572.692008018494 536.23477935791 711.934463500977 787.198226928711 706.223747253418 481.45679473877 518.046905517578 582.279333114624 663.953247070312 671.039710998535 652.498407363892 646.694152832031 681.475490570068 474.537872314453 508.683723449707 815.418045043945 637.940502166748 727.612640380859 676.938903808594
439.943313598633 475.638595581055 564.267486572266 580.289436340332 463.923774719238 631.141441345215 568.306936740875 538.291931152344 559.21824836731 666.288251876831 814.414319992065 654.493251800537 889.176791787148 582.674640655518 698.335090637207 556.602737426758 611.990695953369 515.271957397461 479.669654846191 428.366348266602 463.625328063965 434.33219909668 411.593505859375 539.729225158691 598.609638690948 570.49974822998 673.058085441589 605.015819549561 532.175224304199 520.116767883301 536.075595855713 609.273326873779 607.960832595825 740.249862670898 552.387310028076 767.125579833984 760.902252197266 535.523792266846 607.935466766357 572.81573677063 745.619121074677 574.091995239258 551.216274261475 537.515647888184 514.778915405273 485.430862426758 536.54972076416 691.165939331055 596.079782485962 558.752574920654
423.673988342285 533.916301727295 487.499404907227 614.627460479736 573.177177429199 552.626371860504 586.791378498077 454.904487609863 853.236103057861 725.870155334473 613.170196533203 553.856925964355 518.418998718262 611.586978912354 631.496795654297 623.960193634033 684.482376098633 607.354551315308 537.019542694092 411.704711914062 427.346221923828 460.398902893066 503.971496582031 524.762077331543 630.834373474121 502.982585906982 722.319458007812 759.581939697266 648.677825927734 563.006840467453 563.711547851562 632.239921569824 589.868923187256 795.598510742188 648.630592346191 651.335601806641 468.568489074707 573.352481842041 645.195663452148 784.56982421875 718.563533782959 776.624549865723 506.126258850098 429.431167602539 572.400025367737 555.017545700073 512.379890441895 572.94153624773 574.005843162537 560.272504806519
406.52734375 624.333473205566 576.134673118591 499.646957397461 626.989562988281 794.345947265625 532.841354370117 467.54443359375 541.025665283203 561.459159851074 580.093490600586 536.209568023682 554.092952728271 476.397323608398 636.549911499023 607.048908233643 589.713668823242 586.097869873047 604.195804595947 351.807510375977 509.894844055176 535.984323501587 398.498657226562 543.982007980347 596.062307357788 614.650436401367 566.694351673126 708.224578857422 586.884273529053 657.121162414551 609.317712783813 671.62158203125 624.289283752441 738.568435668945 618.381240844727 632.284358978271 561.821341514587 688.133827209473 630.280248641968 622.738359451294 719.710174560547 509.54598236084 638.421371459961 525.894008636475 571.420289993286 355.041381835938 456.618362426758 567.077690839767 581.191165924072 499.046417236328
523.019981384277 662.78589630127 583.559917449951 573.115080475807 570.391356468201 654.567558288574 469.474975585938 672.907905578613 679.584411621094 594.612253189087 626.324298858643 574.242477416992 580.046506881714 532.609806060791 575.40845489502 519.411441802979 532.558256149292 484.871276855469 596.64687538147 590.847616195679 573.1737408638 410.795913696289 498.977931976318 569.2238073349 683.362579345703 613.929510116577 515.476806640625 569.847943305969 518.716053009033 560.439016342163 527.383756637573 624.768112182617 590.45129776001 786.819869995117 661.650199890137 608.762268066406 682.240699768066 603.896150588989 454.691787719727 615.221492767334 657.276878356934 538.420576095581 520.382339477539 516.25760269165 585.244743347168 572.901041030884 431.041793823242 611.254596710205 556.074478149414 604.12361907959
681.860885620117 624.779113769531 472.179809570312 590.136920928955 465.695808410645 755.864685058594 675.299545288086 699.044921875 692.213623046875 659.30330657959 565.486562728882 664.215377807617 786.977813720703 601.713562011719 400.471542358398 530.537033081055 635.455749511719 613.258529663086 439.898811340332 572.720951080322 529.891781806946 643.222213745117 591.018989562988 651.353332519531 708.032760620117 613.390823364258 649.609069824219 553.447898864746 419.990257263184 491.154438018799 515.219429016113 605.331928253174 567.57293510437 620.058166503906 683.142028808594 516.223152160645 723.676239013672 568.030193328857 649.112609863281 530.665662765503 566.879769325256 523.616571426392 669.435974121094 669.548057556152 1167.29538726807 506.634033203125 401.584396362305 599.745178222656 690.837860107422 416.213150024414
492.383640289307 560.954108715057 610.988784790039 537.560165405273 469.263702392578 523.992414474487 585.965324401855 595.784414291382 448.479064941406 615.033081054688 548.025581359863 497.720031738281 463.49730682373 606.081512451172 501.260314941406 440.629821777344 554.769114434719 699.947891235352 585.983070373535 577.853698730469 376.165924072266 588.718620300293 644.631637573242 471.606330871582 612.879211425781 658.295433044434 431.879013061523 704.536752700806 496.340454101562 594.965232849121 610.555072784424 610.875843524933 524.054237365723 580.42077589035 555.853626251221 706.457534790039 609.171157836914 617.127271652222 499.854446411133 476.562568664551 501.438503265381 462.808166503906 472.436614990234 598.29354095459 975.791954040527 462.344757080078 667.460144042969 554.254707276821 646.952613830566 440.183670043945
485.557708740234 632.924934387207 703.120193481445 742.848693847656 539.093726158142 704.173782348633 550.241184234619 698.678672790527 573.031589508057 511.254150390625 527.251815795898 668.390647888184 474.879791259766 566.888803482056 573.908168792725 630.715484619141 528.50118637085 332.322647094727 450.84757232666 494.119529724121 643.55118560791 569.354354858398 535.976222991943 658.424285888672 542.289947509766 538.339071273804 744.536605834961 516.770843505859 849.461196899414 555.242359161377 680.674354553223 635.462184906006 720.09740447998 610.493284702301 574.828216552734 604.276222229004 525.23840713501 493.920753479004 639.75284576416 507.653396606445 648.422203063965 552.890754461288 557.666757106781 497.374046325684 657.035797119141 592.350193023682 620.815605163574 615.381484985352 621.471927642822 524.875675201416
640.546546936035 627.229751586914 836.003341674805 625.965496063232 615.881066858768 600.624145507812 685.637939453125 611.606990814209 658.443439483643 565.56636762619 552.471767425537 471.352058410645 647.264656066895 617.337753295898 521.113574981689 547.203484535217 520.711795806885 441.248542785645 339.686309814453 475.907409667969 468.073440551758 391.454193115234 661.318237304688 683.578353881836 667.974792480469 615.361557006836 622.906402587891 628.068785429001 766.076469421387 664.100288391113 544.047912597656 721.858444213867 617.462066650391 660.420425415039 494.846752166748 521.733284950256 494.54522895813 543.406174659729 648.362823486328 307.916259765625 429.017082214355 475.946304321289 524.943901062012 602.973976135254 427.884902954102 569.28186416626 438.20240020752 652.676368713379 570.974658966064 567.213001251221
796.078598022461 619.989688873291 703.346435546875 693.648635864258 453.516181945801 663.958374023438 591.182922363281 600.782592773438 656.141708374023 620.470436096191 656.862113952637 668.309036254883 687.383010864258 721.222427368164 443.491813659668 488.297401428223 532.727956771851 376.648025512695 391.347442626953 479.879001617432 471.414180755615 685.524200439453 675.421867370605 646.142036437988 384.228614807129 536.889060974121 557.099430799484 542.01602268219 821.22682762146 1017.75147247314 502.036823272705 757.251708984375 644.65625 584.021331787109 539.755858898163 654.252960205078 616.753692626953 504.9768409729 528.049590110779 692.215957641602 742.393753051758 437.387634277344 408.649719238281 414.263961791992 549.042985916138 497.315437316895 548.645961761475 569.092546463013 501.681343078613 587.534540176392
610.225528717041 652.024681091309 590.483428955078 612.367000579834 609.851364135742 668.621871948242 692.855575561523 614.445426940918 660.186630249023 727.90357208252 610.604480743408 577.329407691956 507.161861419678 515.118984222412 575.776103973389 450.55736541748 600.017614364624 579.389442443848 607.218423843384 529.483024597168 469.109771728516 566.67301940918 566.130059242249 662.25951385498 544.569681167603 652.596260070801 586.142451286316 822.618598937988 704.47590637207 597.117706298828 639.906539916992 578.235795974731 532.401042938232 556.38175201416 520.654630661011 471.956344604492 438.362998962402 495.632766723633 621.343475341797 457.514694213867 449.671012878418 480.501976013184 472.567363739014 440.16625213623 442.141174316406 516.639186859131 512.076745986938 733.063339233398 472.842750549316 513.727108001709
564.90541934967 342.088745117188 533.238886356354 626.679374694824 603.520793914795 395.910247802734 535.512735366821 544.92720413208 687.799339294434 557.193138122559 710.299575805664 458.484375 521.094990730286 454.814235687256 506.90869808197 688.430023193359 614.312217712402 436.945724487305 729.259963989258 633.830139160156 650.892837524414 492.449012756348 717.206130981445 695.909133911133 597.926132202148 529.899188995361 602.488735198975 573.225021362305 802.104496002197 579.275548100471 623.747993469238 651.013343811035 515.838363647461 536.702509880066 574.474155426025 589.852027893066 665.060325622559 520.154800415039 488.142581939697 450.13240814209 496.247825622559 381.336975097656 488.030414581299 346.530242919922 356.920501708984 339.856231689453 514.119218826294 609.938209533691 677.711822509766 483.148162841797
516.090874671936 522.008155822754 595.708473205566 503.882736206055 656.02522277832 438.591613769531 608.559516906738 660.484214782715 566.762271881104 463.993057250977 613.881757736206 390.970909118652 459.497798919678 442.505908966064 414.141067504883 539.794250011444 527.531712532043 420.97053527832 522.024099349976 636.230560302734 641.509521484375 716.047821044922 570.2190990448 493.176971435547 559.305736720562 672.328422546387 772.338272094727 523.124450683594 768.385599136353 860.996086120605 707.155311584473 655.860790252686 493.94799041748 430.679862976074 476.866775512695 539.867081642151 518.507204055786 581.193790435791 623.975723266602 409.552017211914 515.669996261597 325.433090209961 407.086776733398 546.325369358063 573.283447265625 458.63207244873 548.305681228638 584.524963378906 539.908523082733 631.155479431152
504.006146192551 542.411322593689 398.251541137695 456.185569763184 492.982555389404 553.656565666199 663.081024169922 566.414721488953 432.788635253906 493.475237846375 592.459201812744 460.584953308105 571.694862365723 543.812279701233 483.424270629883 584.047679901123 523.202964782715 584.447345733643 570.912141799927 511.395845413208 581.755081176758 554.853500366211 667.087211608887 481.36198425293 457.333251953125 671.895668029785 619.353860855103 737.69995880127 630.956958770752 602.650798797607 813.070442199707 753.467945098877 733.208587646484 526.363122940063 608.566608428955 506.3635597229 510.911975860596 455.226898193359 576.154299736023 704.335151672363 559.78638458252 561.376588821411 674.834915161133 695.918079376221 654.456363677979 601.796478271484 610.431409835815 623.853335380554 599.008821487427 640.30638885498
