export/dem/dem42.asc
NCOLS 350
NROWS 171
XLLCORNER 152620
YLLCORNER 418050
CELLSIZE 100
NODATA_VALUE -9999
[rows 110 to 131 of 171, columns 250 to 299 of 350]
844.367866516113 606.458114624023 805.951995849609 640.194869995117 1202.11769104004 1001.24885177612 840.138338088989 1154.72920227051 897.163558959961 585.352630615234 774.921649932861 910.702066421509 1015.11055755615 829.524261474609 1001.76570653915 892.645084708929 1036.66764068604 1230.163230896 718.637985229492 920.499313354492 630.848342895508 889.712078094482 906.736175537109 1099.76879882812 1076.74656677246 910.003074645996 743.299335479736 810.841346740723 809.277008056641 846.955990791321 705.037353515625 852.719190597534 982.17253112793 895.190361022949 815.754486083984 842.43602180481 831.370529174805 866.697998046875 748.159729003906 784.681529998779 582.000396728516 675.484758973122 740.201826095581 781.72501373291 779.391052246094 761.170810699463 611.778244018555 776.887321472168 927.629821777344 741.567483901978
916.38765335083 490.082107543945 573.288265228271 801.046089172363 859.391311645508 519.066329956055 734.843811035156 1185.25592803955 444.686813354492 626.180389404297 773.312656402588 900.486594200134 1003.37627029419 802.404510498047 871.815608978271 703.806312561035 877.028991699219 957.999492645264 798.56005859375 844.523406982422 1121.52508544922 881.457168579102 951.085494995117 847.544982910156 1054.51948356628 1377.19114112854 709.09147644043 863.840700149536 804.302124023438 818.142345428467 928.826080322266 1033.15055847168 1108.18157958984 704.213264465332 991.648380279541 946.605686187744 1015.42223739624 961.309230804443 897.444007873535 792.034477233887 747.229434967041 776.253830909729 851.432064056396 844.429191589355 751.328025817871 772.986011505127 653.682174682617 742.182060241699 756.552982330322 914.067569732666
654.511810302734 813.399841308594 1042.43828582764 647.789779663086 1216.58568382263 788.850416183472 551.055267333984 752.486740112305 678.913223266602 865.780883789062 710.053396701813 657.499094009399 686.873657226562 1098.28275299072 1337.15036773682 999.305433273315 729.313346862793 686.738052368164 745.016380310059 704.032257080078 727.361236572266 809.703639984131 1090.84547424316 952.868576049805 933.296493530273 963.799011230469 974.67211151123 1084.37384796143 1016.2894744873 1010.38824462891 922.473896026611 1054.02742004395 870.940803527832 968.217811584473 782.799680709839 1074.8650970459 1079.93681335449 845.992919921875 638.772407531738 820.254007339478 600.976684570312 702.751194000244 754.472102642059 918.999357223511 824.254192352295 849.476673126221 749.481391906738 871.216556549072 986.483383178711 964.22306060791
436.066314697266 657.559219360352 610.311737060547 827.360038757324 806.050918579102 1177.5327835083 719.909713745117 643.846969604492 638.836227416992 642.553382873535 571.244400024414 624.499610900879 429.601654052734 712.882110595703 795.600963592529 717.795616149902 688.838088989258 622.843963623047 602.437240600586 616.46549987793 793.948459625244 812.673950195312 797.258102416992 756.503974914551 934.47696685791 1089.92908287048 1053.70711517334 933.080520629883 1335.89335823059 1473.25682067871 907.99959564209 849.275993347168 832.566833496094 805.428882598877 796.165016174316 948.585777282715 867.601591587067 767.124572753906 765.277816772461 619.446256637573 609.680158615112 570.876140594482 700.295188903809 814.479000091553 902.890274047852 778.623191833496 579.624626159668 920.475807189941 762.098899841309 963.183860778809
938.731212615967 1181.97416687012 1396.40079116821 584.848510742188 808.114322662354 682.609321594238 2121.7258644104 736.387405395508 1366.51594257355 1300.11357116699 732.112438201904 632.340316772461 646.541259765625 704.476131439209 664.862663269043 1022.06612586975 744.708404541016 783.413341522217 767.988918304443 596.238143920898 811.994041442871 903.700752258301 697.629241943359 725.503219366074 718.720252990723 783.439131736755 925.274555206299 932.660705566406 1338.73873138428 1353.5217628479 996.456573486328 1113.83291625977 922.952507019043 743.264782905579 798.131652832031 628.634038925171 632.803441047668 849.779144287109 761.52978515625 807.311668395996 747.005549430847 733.786340713501 800.528091430664 811.223541259766 813.18815612793 700.983412742615 668.33861541748 867.407020568848 746.935476303101 925.519775390625
828.237186431885 1015.59760093689 678.136337280273 610.266662597656 607.039276123047 1199.14249420166 591.385940551758 721.971389770508 778.738433837891 980.813468933105 773.993675231934 722.837219238281 574.780166625977 677.193975925446 660.198699951172 615.018615722656 781.271097183228 810.031256198883 698.865196228027 617.525047302246 590.183166503906 862.441547393799 763.554748535156 850.273221969604 837.363265991211 707.455272674561 760.191772460938 927.476387023926 1154.93152618408 1628.53688430786 1116.78642272949 866.102511405945 795.537071228027 847.780532836914 824.464653015137 847.929672241211 733.805891990662 746.764686584473 988.117095947266 968.749252319336 775.808124542236 757.441493988037 850.12060546875 772.044317245483 836.925514221191 779.271743774414 721.402231216431 485.890106201172 799.078155517578 807.062294006348
957.680686950684 1340.69059753418 757.091453552246 699.257705688477 1343.42015075684 752.029136657715 832.233318328857 1281.75650024414 652.636177062988 924.824569702148 979.259429931641 717.305360794067 742.645446777344 651.351440906525 711.513861656189 788.257606506348 678.233268737793 700.634214401245 589.113708496094 680.89705657959 707.329948425293 651.479988098145 737.724456787109 726.137626647949 778.782697677612 748.908946990967 963.652209281921 1062.78652954102 1067.99250793457 905.066520690918 1039.54193115234 652.622604370117 942.124671936035 647.723205566406 908.826431274414 1361.42692565918 1437.50017547607 1791.33855438232 1686.81362915039 936.555503845215 849.501304626465 759.903503417969 827.437553405762 878.008377075195 749.242864608765 799.114017486572 776.805526733398 783.408630371094 832.054244995117 816.047988891602
799.643493652344 1114.22724723816 837.367328643799 643.91813659668 1039.73052096367 666.314422607422 1094.09169006348 562.189849853516 654.684707641602 850.330169677734 1019.09207248688 856.468820571899 626.010406494141 657.528728485107 772.945274353027 663.397193908691 567.243026733398 711.016944885254 561.523712158203 703.700717926025 689.889595031738 788.763553619385 727.037475585938 958.74560546875 907.76815032959 919.868942260742 1067.92260742188 1014.33072662354 957.613265991211 917.537460327148 886.357849121094 926.160446166992 898.944145202637 1030.32334899902 1032.80546188354 908.832160949707 992.971128463745 1054.40210461617 1486.66184997559 2078.2667388916 1172.50386047363 949.978120803833 815.674547195435 816.02986907959 829.86962890625 845.547119140625 876.892959594727 748.004002690315 780.152767181396 779.415641784668
609.222267150879 862.633566856384 888.955627441406 900.910861968994 1044.87554168701 834.273540973663 1232.47309875488 735.819480895996 830.410125732422 767.101988792419 874.198320388794 841.078205108643 618.858779907227 555.734825134277 853.494720458984 641.963195800781 702.59928894043 833.763446807861 756.318939208984 972.825958251953 805.197595596313 721.779609680176 802.92945098877 781.239273071289 884.41438293457 848.281299591064 897.533367156982 968.877807617188 711.458896636963 760.644918441772 2260.95662689209 2860.70048522949 854.198627471924 1017.12524986267 1171.30725669861 1075.34560394287 1188.23944091797 1188.74465942383 1223.55850982666 1129.80012512207 1305.51831054688 1354.98235321045 1246.3108215332 1212.06215286255 1438.73530578613 971.312563896179 1043.13073730469 975.345504760742 871.075706481934 852.536773681641
511.554252624512 560.723257064819 832.446960449219 528.739059448242 911.414098739624 1054.08764648438 812.443489074707 861.239486694336 1051.16198730469 590.628845214844 638.009574890137 754.811614990234 720.25772857666 573.559478759766 536.517364501953 723.538959503174 691.07527923584 727.76375579834 731.170280456543 825.276865005493 873.653144836426 987.150436401367 785.259841918945 918.341934204102 758.635459899902 800.704658508301 962.533058166504 1031.54029846191 908.835754394531 623.842964172363 842.628170013428 2241.86630630493 603.585601806641 857.704986572266 961.665061950684 1299.9462967962 1208.14529418945 1213.59769058228 1628.17082977295 1342.6865234375 1093.76626205444 1238.38157653809 994.213728904724 981.285118103027 1536.09975814819 1602.32067108154 1175.24459075928 1496.91946411133 1329.20874023438 1087.79745483398
649.517860412598 619.936752319336 369.528411865234 536.114582061768 766.734527587891 825.074398040771 661.224319458008 743.260101318359 847.048926591873 752.70329284668 781.505886077881 906.52912902832 639.914047241211 708.201845169067 709.983304858208 581.728080749512 802.866119384766 614.398040771484 579.194519042969 677.388526916504 866.342193603516 873.429870605469 769.259653568268 803.521160125732 802.227638244629 759.7890625 757.161935806274 755.009658813477 941.532741546631 740.584716796875 652.340141296387 675.901863098145 778.858394622803 728.36083984375 962.733322143555 1117.64004516602 1159.98387145996 936.782110214233 1358.08090209961 1190.54634857178 1303.12202072144 1141.57084226608 1033.41098022461 1079.90459442139 1312.97626876831 1245.15491104126 1335.36524963379 1184.49562072754 1347.00830078125 1629.96073913574
701.96715927124 657.927572250366 677.832374572754 625.273412704468 395.901504516602 594.203254699707 699.275291442871 668.636434555054 755.169857025146 727.665265083313 646.981735229492 692.545501708984 848.06217956543 715.497692108154 711.364521026611 678.416984558105 650.153676986694 630.694801330566 722.898158073425 645.568264007568 960.103530883789 812.192586898804 819.687929153442 878.370964050293 608.843246459961 768.75065612793 904.753059387207 675.397521972656 913.617683410645 945.029830932617 593.188720703125 573.667602539062 828.119777679443 803.848379135132 789.618000030518 1053.15885162354 980.16445350647 1099.89559173584 1205.26403808594 1020.21385955811 1165.80435943604 1460.82614135742 1100.8182220459 856.253286361694 1323.56911087036 1345.51376342773 1217.85585021973 1084.58763122559 1269.49061584473 1342.21346521378
692.343236923218 761.301654815674 624.995941162109 731.10705947876 695.529222488403 636.097198486328 687.847671508789 574.092533111572 496.319122314453 874.313426971436 771.457733154297 687.052703857422 665.868545532227 527.303062438965 625.174057006836 584.885986328125 864.561134338379 763.565515518188 853.757675170898 637.954475402832 774.997299194336 897.482887268066 669.592254638672 928.950416564941 749.269481658936 1065.09062194824 734.389549255371 772.505360126495 814.181419372559 763.656959533691 832.013446807861 873.344305038452 635.589744567871 688.368492126465 1006.59690856934 941.304393768311 968.848617553711 1043.35691833496 917.634132385254 1077.75175476074 919.682819366455 1078.2126159668 1074.4323425293 867.171890258789 1027.57015228271 1103.9292640686 986.116538047791 1065.05996704102 976.044773101807 1141.80020904541
664.673793792725 651.244400024414 606.979583740234 874.579528808594 701.7359790802 762.793876647949 807.220497131348 551.481109619141 667.235668182373 622.217376708984 742.116733551025 744.124538421631 1025.50308227539 736.943019866943 1022.28201293945 786.51371717453 645.281448364258 753.84651184082 850.832275390625 840.003601074219 784.789993286133 661.289672851562 720.3486328125 862.750726699829 792.162261962891 742.321472167969 859.121795654297 666.926773071289 1006.19249725342 886.24015045166 802.399322509766 803.925575256348 808.717864990234 724.300342559814 775.380859375 970.636734008789 875.486808776855 841.271709442139 870.825912475586 1029.29957580566 858.984062194824 873.038917541504 800.804317474365 968.339057922363 882.936256408691 930.358615875244 871.49291229248 1004.95666503906 761.54594039917 985.750228881836
837.799430847168 773.78108215332 866.404190063477 792.287311553955 793.938293457031 833.875663757324 777.227462768555 698.293544769287 866.27424621582 660.626705169678 834.128353118896 707.215911865234 719.404273986816 848.208999633789 1368.00332260132 805.340827941895 690.217380523682 805.558639526367 764.118587493896 696.800113677979 685.855281829834 792.599678039551 734.314376831055 867.483993530273 829.525142669678 666.975568771362 677.16756439209 872.408968448639 853.311943650246 979.143703460693 831.660720825195 848.299697875977 1039.8699131012 904.547332763672 759.055160522461 900.674957275391 832.871238708496 838.186344146729 947.657836914062 837.118850708008 879.658935546875 790.318061828613 758.241811752319 835.691482543945 824.990745544434 646.947952270508 608.994186401367 764.690406799316 591.507202148438 849.649505615234
714.505969047546 753.375360488892 758.953106164932 720.249132156372 695.743991851807 726.272249221802 712.281176567078 738.370098114014 606.666633605957 551.391760110855 850.555999755859 630.626106262207 1144.73579025269 767.392448425293 652.220642089844 726.24292755127 776.466382026672 800.203663825989 712.469650268555 1230.6876411438 695.878044843674 722.146339416504 576.26050567627 727.041820526123 610.380859375 681.479084014893 634.507461547852 662.093162536621 872.793685913086 744.124646663666 520.789962768555 783.204822540283 968.394096374512 783.675830841064 971.836013793945 807.674461364746 800.361459732056 838.031845092773 942.490249633789 816.874382019043 855.957717895508 802.669731140137 882.231941223145 761.955207824707 896.953956604004 735.765731811523 562.500885009766 701.394844055176 678.59147644043 835.513921737671
767.82568359375 737.117383003235 759.733058929443 671.650657653809 767.653349399567 754.713960647583 796.398597717285 689.131150960922 634.868076324463 702.223640441895 572.325649261475 1187.68049621582 819.394367218018 775.840492248535 1038.71500778198 809.168159484863 861.631744384766 792.691192626953 1167.8582649231 795.392509460449 793.874305725098 593.823783874512 482.472137451172 658.24047088623 652.274452209473 789.273178100586 842.84049987793 795.127769470215 807.604030609131 767.042454719543 779.884029388428 904.310638427734 835.593288421631 856.4391746521 831.132411956787 804.418704986572 780.511047363281 798.995428085327 654.510185241699 718.828674316406 752.436460494995 717.620540618896 762.608930587769 868.509384155273 702.397201538086 726.363494873047 830.350067138672 679.763381958008 784.885014533997 744.267774581909
610.457321166992 889.323196411133 790.767827987671 774.955421447754 844.3232421875 842.700855255127 845.015716552734 812.506874084473 556.164962768555 713.664245605469 464.208587646484 696.521621704102 564.999610900879 1093.19157409668 776.368476867676 684.430015563965 756.05100941658 960.92945098877 681.256198883057 622.432739257812 566.862167358398 708.130065917969 746.547412872314 777.276580810547 765.629295349121 752.160903930664 793.394241333008 697.057544708252 822.824394226074 709.281908035278 819.934669494629 697.288032531738 856.141269683838 815.787071228027 756.172504425049 828.483345031738 790.412050247192 757.419399261475 798.85320854187 766.287139892578 799.959526062012 722.16625213623 729.888557434082 746.801729202271 682.596481323242 726.113115310669 596.871780395508 748.418090820312 844.053660809994 701.2177734375
814.354353904724 722.071474075317 749.78915143013 817.895416259766 852.994537353516 756.24942779541 827.494094848633 634.514457702637 474.003829956055 708.756744384766 648.430587768555 840.242218017578 697.402278900146 668.264358520508 629.438152313232 825.952796936035 613.945743560791 721.441646575928 614.428581237793 685.033660888672 739.615467071533 757.122589111328 687.211339712143 724.79133605957 673.101234436035 631.790939331055 756.258499145508 765.116241455078 601.377208709717 760.126827716827 769.821571350098 943.77653503418 958.613632202148 816.095485687256 724.911750793457 861.059455871582 857.010676383972 816.237697601318 890.761377334595 1126.9195432663 737.699478149414 871.799812316895 802.733543395996 860.000447273254 694.558578491211 691.708358764648 770.164319992065 849.080581665039 946.227203369141 892.973571777344
737.1335105896 649.132888793945 825.618316650391 519.050216674805 920.51789855957 801.248678207397 761.281127929688 613.442636489868 776.684066772461 591.736686706543 656.339721679688 656.812675476074 857.812973022461 720.741370201111 790.183948516846 624.745574951172 752.879158973694 625.185455322266 752.737142562866 763.185722351074 673.218778610229 871.931121826172 733.612663269043 710.738119125366 715.911358833313 663.80513381958 683.829132080078 819.534538269043 655.358716964722 689.957843780518 800.867195129395 907.35563659668 894.583354949951 842.144554138184 960.170150756836 932.969566345215 952.017333984375 852.839546203613 1016.06932830811 790.589202880859 952.342678070068 1009.12028503418 894.861946105957 1027.41840744019 923.211833953857 1091.72152709961 691.516555786133 739.189094543457 693.251182556152 843.286666870117
702.479820251465 624.907028198242 743.284225463867 821.084053039551 651.121185302734 712.816730499268 723.871593475342 609.410589694977 643.400356292725 608.294619083405 642.594242095947 703.706119537354 705.696481704712 707.280708312988 781.725860595703 739.381024360657 883.981109619141 687.416996002197 795.297817230225 687.478790283203 644.728988647461 680.323268890381 810.148620605469 817.386268615723 622.593612670898 801.818340301514 710.394512176514 869.704959869385 874.572494506836 637.898288726807 811.411506652832 820.98299407959 825.813682556152 1017.40009307861 994.399452209473 730.052803039551 856.014339447021 875.916915893555 1125.73254591227 869.535934448242 928.049118041992 1031.39503479004 922.565658569336 969.234817504883 1073.38893890381 1086.89195251465 899.519881725311 777.84566116333 740.179138183594 978.512439727783
839.952285766602 797.729570388794 794.128414154053 685.333717346191 841.380355834961 759.266302108765 673.441753387451 601.138799667358 637.973373413086 666.910495758057 625.208755493164 712.13812828064 610.744857788086 873.083541870117 912.039703369141 875.956855773926 726.61177444458 832.75562286377 734.408215522766 837.082328796387 754.459018707275 734.421697616577 633.00057220459 626.831535339355 691.11327290535 680.543111801147 759.712104797363 758.506988525391 705.623792648315 811.225563049316 782.08617401123 740.856727600098 705.698753356934 754.659149169922 654.988012313843 594.384407043457 705.830145835876 817.731300354004 948.125079154968 924.591445922852 1151.84490966797 1053.53686523438 835.033233642578 1065.76586967707 959.486747741699 733.103576660156 917.116721153259 670.844528198242 842.660430908203 1172.29566955566
