export/dem/dem46.asc
NCOLS 350
NROWS 171
XLLCORNER 152620
YLLCORNER 418050
CELLSIZE 100
NODATA_VALUE -9999
[rows 22 to 43 of 171, columns 200 to 249 of 350]
629.275177001953 642.584075927734 717.851844787598 628.52946472168 665.385192871094 532.039627075195 700.236427307129 534.458847045898 691.694410681725 711.464000701904 581.203727722168 666.75474357605 618.773635864258 602.602226257324 739.562267303467 651.265960693359 702.91828918457 571.502197265625 672.649820327759 611.524974822998 667.232158660889 596.548263549805 631.508571624756 664.283249855042 624.337020874023 839.40901184082 902.609725952148 759.514205932617 733.927356719971 699.947452545166 685.194244384766 638.113983154297 933.271560668945 675.379898071289 932.443054199219 906.827743530273 638.875885009766 711.647972106934 667.048042297363 937.44775390625 903.750381469727 837.357727050781 788.392978668213 901.280380249023 1019.71566772461 1488.22303009033 805.977798461914 886.82487487793 844.289734840393 929.907997131348
595.019302368164 710.833940505981 635.175937652588 791.767646789551 540.523681640625 714.744537353516 608.755905151367 711.781574249268 801.939895629883 571.354804992676 544.650833129883 523.746994018555 674.063346862793 551.390670776367 726.322710037231 701.691070199013 818.204223632812 658.876425385475 772.228416442871 616.984764099121 698.787172317505 652.787846565247 610.360610961914 670.088905334473 668.808519363403 663.205902099609 723.959041595459 667.414321899414 776.069404602051 734.744003295898 702.500694274902 758.415546417236 716.972849845886 818.663368225098 800.066856384277 631.341369628906 570.122161865234 681.684913635254 776.692638397217 724.93936920166 721.655502319336 713.438537597656 729.953784942627 753.847427368164 985.075973510742 844.894499778748 801.046096801758 952.688262939453 961.48371887207 1567.27238464355
700.598133087158 655.377338409424 668.655576705933 689.455814361572 704.060924530029 760.109832763672 639.549150466919 683.903341293335 817.480941772461 706.019550323486 641.840438842773 597.553131103516 642.85179901123 620.535903930664 504.03190612793 749.882720947266 872.309555053711 645.60692024231 496.855499267578 649.031198501587 592.759834289551 709.560531616211 663.413343429565 728.917594909668 563.665596008301 712.271123886108 797.413562774658 1108.44529724121 644.928539276123 656.336194992065 653.791999816895 761.825944900513 694.958568572998 688.351203918457 782.052513122559 743.360399007797 632.97728729248 652.985809326172 725.662601470947 814.199783325195 792.727602958679 880.448287963867 894.016235351562 738.60619354248 761.291076660156 654.667930603027 950.640617370605 835.7713098526 933.124137878418 744.616317749023
745.917655944824 687.588788032532 705.062004089355 610.327344894409 548.233024597168 674.737098693848 617.400426864624 631.479665756226 554.048683166504 706.182077407837 636.318893432617 527.943992614746 489.480651855469 626.024656295776 438.819374084473 487.49577331543 690.462421417236 739.095024108887 430.326782226562 571.717926025391 538.278762817383 682.991446495056 719.948028564453 604.493057250977 659.356383323669 726.522922039032 918.016578674316 728.066131591797 558.380920410156 473.973373413086 687.872707366943 726.69396686554 593.045196533203 713.1559009552 830.18000793457 732.026953220367 703.609107971191 890.029144287109 897.451354980469 875.332221984863 949.864929199219 735.18782043457 826.985431671143 687.363700866699 840.287624359131 818.265071868896 1033.06605529785 930.499713897705 887.15251159668 855.440382003784
768.557723999023 646.041149139404 502.073829650879 509.825759887695 500.467170715332 758.658584594727 726.384796142578 662.174827575684 725.037292480469 706.410942077637 574.374570965767 542.264404296875 626.203344345093 617.855121612549 559.10803604126 524.599304199219 555.327705383301 599.107336044312 487.539924621582 411.627395629883 568.930923461914 766.09001159668 714.498508453369 541.419067382812 676.205892562866 783.770646095276 726.626922607422 731.772676467896 691.925411224365 643.810905456543 661.650535583496 593.814842224121 657.272590637207 747.58787727356 622.426124572754 742.935431480408 692.930999755859 646.186019897461 751.151809215546 742.93062210083 781.927042007446 725.584945678711 672.681083679199 827.727115631104 859.601533889771 1027.96781921387 844.0454454422 987.486534118652 908.564617156982 867.019470214844
536.405437469482 532.981384277344 407.745010375977 647.609268188477 717.590438842773 677.44775390625 459.692398071289 647.737455368042 722.926376342773 728.189811706543 646.670009613037 512.254211425781 612.406154632568 422.788833618164 611.479164123535 656.635154724121 656.696563720703 430.694213867188 554.092073440552 611.47695350647 815.552047729492 883.068862915039 728.892242431641 798.616058349609 743.164730072021 598.882568359375 636.272155761719 638.851062774658 651.717952728271 733.434455871582 646.578060150146 720.892727851868 545.057693481445 714.088224411011 831.189651489258 604.392700195312 920.109893798828 733.688862204552 726.606779098511 766.995325088501 702.745632171631 752.359615325928 948.726470947266 895.239364624023 849.699188232422 910.732921600342 732.433174133301 910.399589538574 863.837856292725 807.201910018921
530.236103057861 464.866058349609 577.604557991028 585.117583155632 603.506797790527 650.570426940918 595.583693504333 510.315963745117 666.175842285156 595.553676605225 492.482070922852 663.790386199951 784.862281799316 602.380630493164 561.795448303223 524.382815361023 663.160530090332 537.451341629028 559.144661903381 579.381189346313 567.015357971191 676.621875762939 714.010501861572 750.682678222656 757.774368286133 763.714248657227 775.990524291992 661.025861740112 766.499893188477 747.711763381958 609.635887145996 843.964019775391 667.008443832397 644.782127380371 760.863487243652 756.202346801758 684.46900177002 651.621620178223 701.443912506104 672.183143615723 645.164306640625 898.373046875 709.45446434617 758.959209442139 853.726774215698 786.116770744324 912.414421081543 835.005120277405 711.591053009033 780.596828460693
529.700107574463 430.99934387207 576.902189016342 436.724609375 707.634338378906 651.945877075195 567.964336395264 625.258682250977 661.653846740723 631.563007354736 661.100158691406 674.079365491867 656.501412391663 449.861404418945 587.425140380859 498.398012638092 464.953853607178 419.572746276855 553.909865379333 627.271385192871 704.322849273682 765.654441833496 754.26008605957 838.179962158203 882.872756958008 835.908233642578 882.019378662109 779.383811950684 680.848946094513 666.162610054016 794.191291809082 746.54776763916 820.089080810547 685.254974365234 667.490009307861 682.540092468262 609.702308654785 673.63497543335 667.270034790039 569.064147949219 830.700721740723 758.490570068359 867.039283752441 717.295120239258 787.789665222168 853.700323104858 761.366119384766 859.954578399658 892.730667114258 835.477443695068
683.390144348145 530.0885887146 526.991386413574 552.459583282471 675.691024780273 560.80513381958 461.368988037109 692.281188964844 481.179565429688 607.879516601562 453.759140014648 610.111742019653 636.923288345337 590.540058135986 408.679779052734 557.318176269531 382.805480957031 445.787368774414 604.155822753906 586.864231109619 695.075996398926 755.400871276855 708.600273132324 772.008460998535 823.636032104492 705.172128677368 736.271572113037 797.610198974609 809.086715698242 738.026863098145 631.424140930176 530.941619873047 544.806991577148 870.646865844727 822.294143676758 661.171810150146 704.011093139648 875.47265625 709.590077400208 600.684982299805 802.529407501221 768.202362060547 798.255828857422 727.118572235107 797.582248687744 808.552606582642 736.881591796875 940.960968017578 798.429145812988 817.501358032227
562.371685028076 575.426645517349 473.413143157959 647.330139160156 582.807227134705 603.802394866943 638.346549987793 573.526146411896 652.818237304688 681.437126159668 593.099798202515 603.000838279724 612.539930582047 650.299858093262 377.648872375488 550.192413330078 476.446823120117 534.577369689941 343.075210571289 483.996772766113 696.635231018066 618.05104970932 763.041641235352 775.246948242188 742.607788085938 707.144630432129 745.467628479004 780.57772064209 686.924499511719 671.470713615417 658.574544906616 665.275859832764 785.414581298828 730.315809249878 709.067623138428 682.972965240479 792.804969787598 731.741992950439 730.660009384155 894.110458374023 564.894348144531 740.592141628265 763.602711677551 696.667594909668 722.649475097656 757.035190582275 882.538192749023 775.575048446655 827.603506088257 820.434226989746
633.415519714355 665.37427520752 382.809219360352 431.804306030273 531.640354156494 842.175506591797 615.640789031982 613.780170440674 580.935173988342 619.154098510742 489.864234924316 646.252798080444 612.177643865347 686.485809326172 604.92741394043 555.30668258667 544.984185218811 567.275504112244 493.705894470215 550.826904296875 625.109394073486 721.522392272949 585.360931396484 741.798233032227 770.726203918457 609.258350372314 637.150197982788 687.524869918823 697.346694946289 671.250156164169 708.511276245117 776.117774963379 630.193953514099 704.015110015869 726.416694641113 765.078178405762 750.806896209717 808.795997619629 809.33065032959 754.060518264771 623.969375610352 693.236003875732 672.192073822021 792.211975097656 761.327771186829 745.136703491211 719.966960906982 795.912531852722 641.413963317871 738.342803955078
577.976101398468 639.381340026855 525.222583770752 398.144088745117 591.42112159729 448.560958862305 635.174713134766 573.221452713013 417.616653442383 534.81538772583 504.300323486328 569.619915008545 526.203079223633 707.205820083618 644.733795166016 433.388198852539 521.446635246277 610.373077392578 722.178916931152 684.62446975708 524.442230224609 740.54248046875 719.858383178711 836.04899597168 630.632369995117 772.123908996582 679.133251190186 792.087966918945 585.590927124023 638.232708692551 724.662536621094 679.043740384281 735.050670623779 672.384592056274 694.646350860596 640.588069915771 817.307319641113 859.546646118164 830.388999938965 793.293430328369 966.598831176758 697.968173980713 800.18119430542 688.1584815979 638.907974243164 854.864646911621 709.969779968262 856.924118041992 810.058040618896 1014.97351074219
660.469528198242 599.041915893555 503.674022674561 489.259239196777 604.702514648438 652.005599975586 542.089645385742 480.144882202148 538.797874450684 655.555568695068 433.657073974609 538.400833129883 744.223049640656 624.09839630127 599.278648376465 471.094837188721 459.786109924316 592.736423492432 554.925918579102 499.858383178711 513.611999511719 670.852493286133 895.343170166016 718.720138549805 794.95166015625 732.245559692383 638.178166866302 581.765098571777 624.927610397339 672.011343955994 610.392642974854 615.172149658203 598.734962463379 654.69305229187 610.074684143066 670.874696731567 720.387571334839 745.626152038574 766.37671661377 722.403380155563 679.799839019775 550.402359008789 667.771766662598 735.747507095337 684.587135314941 708.509429931641 806.9267578125 859.450744628906 853.533126831055 880.054634094238
537.77045249939 568.705296516418 486.365097045898 588.546241760254 444.987884521484 573.880264759064 577.318426132202 466.900917053223 502.836853027344 619.349813461304 698.925859451294 755.322906494141 718.702793121338 590.108619689941 599.389619827271 395.36784362793 462.183975219727 578.169952392578 492.835205078125 577.845794677734 684.418175935745 597.439071655273 564.721351623535 767.271774291992 744.25821685791 783.294555664062 469.626068115234 659.594602584839 451.527160644531 577.794738769531 723.092288970947 645.878202438354 763.077690124512 721.89909362793 686.920047521591 653.759647369385 879.846328735352 703.99737739563 739.065692901611 872.120056152344 765.636428833008 658.270626068115 800.394226074219 635.931282043457 626.90087890625 688.494976043701 760.628141403198 801.805694580078 983.911224365234 735.724710464478
484.339824676514 597.213821411133 614.970615386963 540.456520080566 553.048357009888 668.448303222656 467.962554931641 513.093181610107 370.51774597168 580.297749996185 430.15559387207 1246.7964515686 676.759187698364 530.693367004395 621.341049194336 575.834121704102 712.407585144043 464.198608398438 570.828632354736 632.435743331909 546.725784301758 598.599320411682 696.825164794922 656.363636016846 751.38459777832 635.316583156586 667.451156616211 626.10758972168 613.741064071655 654.657194137573 778.160827636719 549.959533691406 726.983318328857 636.064767837524 774.070739746094 600.319305419922 630.037899017334 727.487979888916 575.417785644531 705.43740272522 712.097726821899 678.529483795166 581.288345336914 650.777885437012 743.761940956116 804.743759155273 761.298749923706 897.172073364258 872.340286254883 902.806686401367
507.363849639893 514.092700958252 605.400644302368 668.425888061523 639.592407226562 563.555510997772 700.563179016113 785.960754394531 641.743865966797 598.223629951477 501.652633666992 1143.26036834717 972.859031677246 900.018707275391 658.039386749268 679.57625579834 552.850646972656 780.438858032227 614.144119262695 529.226493835449 695.780227661133 645.619108200073 488.67733001709 602.079974889755 651.251895904541 618.726861953735 767.457855224609 628.500346660614 568.402549743652 510.654678344727 721.261924743652 616.273254394531 692.082357406616 738.853157043457 653.303926467896 663.153583526611 684.732715606689 698.021858215332 820.880073547363 607.367530822754 750.409445762634 767.454139709473 641.600456237793 609.332702636719 829.576294898987 854.973678588867 779.816295623779 856.97412109375 799.994247436523 651.11604309082
722.052848815918 681.782386779785 656.791282653809 528.053985595703 571.340289592743 518.730010986328 522.388641357422 535.967678070068 592.308866977692 651.063934326172 533.385475158691 780.131896972656 615.515506744385 721.030830383301 590.17547416687 626.737873077393 563.644420623779 571.850301742554 582.78199005127 610.916808128357 774.76643371582 636.721229553223 791.244529724121 617.762842178345 702.262733459473 736.721488952637 691.683666229248 576.809539794922 595.506523132324 576.912612915039 499.615386962891 636.682909011841 602.308013916016 727.787082672119 840.042953491211 741.665142059326 596.61149597168 911.446029663086 562.519607543945 668.98511505127 688.780912399292 687.57347869873 713.139080047607 744.03231048584 694.858068466187 773.734024047852 836.811706542969 647.624839782715 674.199996948242 779.192764282227
528.062496185303 590.42462348938 522.509483337402 589.64852142334 627.176532745361 626.053352355957 574.660068511963 522.417251586914 499.321357727051 527.791522979736 626.852962493896 559.367733001709 691.597961425781 542.833377838135 621.772232055664 624.517116487026 670.053329467773 700.298896789551 534.295791625977 759.11213684082 687.548217773438 676.374717712402 552.128715515137 641.144329071045 613.474802017212 863.486953735352 615.973432540894 684.051570892334 704.279052734375 507.489456176758 692.204832077026 562.497573852539 646.887567520142 711.609241485596 621.120561599731 696.785955429077 703.651512145996 640.322422027588 776.657859802246 731.812368392944 696.225235939026 786.49002456665 668.362396240234 785.651847839355 632.688194274902 860.285186767578 811.656982421875 869.411521911621 605.819358825684 647.131156921387
661.250114440918 574.4688539505 546.122982025146 616.894237518311 577.34619808197 465.798774719238 496.447410583496 626.362205505371 657.494750976562 575.243217468262 558.049243927002 643.627002716064 606.073784828186 556.219360351562 670.117919921875 604.219926834106 608.86715054512 637.888879776001 646.55041885376 664.756206512451 547.315940856934 645.731340408325 515.988021850586 604.186855316162 536.825881958008 671.953630447388 760.377960205078 726.665679931641 673.099540710449 584.712333679199 523.257965087891 592.551563262939 556.463203430176 602.003273010254 674.129455089569 748.027770996094 565.211166381836 715.84997177124 651.538890838623 682.543804168701 764.788272857666 743.184497833252 741.689516067505 810.159172058105 754.386679172516 659.74617767334 673.525053024292 733.312801361084 784.963912963867 742.583120346069
485.482948303223 559.102036952972 741.856384277344 526.32544708252 606.825988769531 597.988836288452 598.840532302856 430.884063720703 555.336715698242 447.134674072266 630.370262145996 602.247894287109 577.390176057816 639.77458190918 730.851928710938 607.88169670105 652.405101776123 436.805160522461 669.651569366455 642.210271835327 666.45873260498 596.073637008667 641.415309906006 537.538429260254 627.994364738464 455.421813964844 590.788215637207 628.516166329384 686.3157081604 501.996589660645 788.590515136719 591.860656738281 382.110168457031 615.103042602539 784.092426300049 642.749250411987 602.57950592041 619.642539978027 630.171051025391 716.795492172241 787.22526550293 733.490315437317 727.437122344971 687.337335586548 823.958602905273 782.270065307617 941.404479980469 828.873428344727 711.320508003235 838.224411010742
635.509178161621 466.519165039062 623.82975769043 584.993841171265 526.379726409912 713.122604370117 520.766647338867 482.243667602539 570.136917114258 651.812393188477 511.444358825684 520.574867248535 574.788015842438 652.510599136353 555.3653383255 615.488967895508 600.852920532227 606.204533576965 594.074806451797 636.72155380249 692.265411376953 624.699035644531 562.253517150879 729.309661865234 367.059661865234 525.50471496582 646.592506408691 599.55931854248 620.971454620361 818.267288208008 608.61067199707 754.172500610352 765.740798950195 537.886619567871 600.986042022705 562.79761505127 669.798231124878 598.441146850586 850.824951171875 623.369075775146 837.748260498047 981.702606201172 704.887804031372 666.609697341919 713.518993377686 794.421173095703 758.743957519531 780.838935852051 690.997803688049 709.451769828796
504.889343261719 525.874774932861 488.880271911621 578.784610748291 575.007776260376 472.055816650391 466.397300720215 429.808685302734 452.676010131836 545.176292419434 685.77416229248 554.060665130615 613.713319778442 598.322230815887 694.577705383301 551.545670509338 667.68132019043 572.210018157959 577.633194446564 647.410007476807 768.448257446289 567.548866271973 649.037933349609 577.183536529541 607.516443639994 543.072143554688 806.581359863281 817.873321533203 783.138122558594 523.389122009277 667.560900688171 787.313934326172 665.428909301758 651.383472442627 633.767043113708 530.262145996094 670.072333812714 645.990459442139 715.131187438965 851.394577026367 624.997959136963 639.717803955078 673.918864250183 610.381797790527 738.217651367188 627.964942932129 490.596099853516 630.139644622803 708.471917152405 842.043243408203
