export/dem/dem45.asc
NCOLS 350
NROWS 171
XLLCORNER 152620
YLLCORNER 418050
CELLSIZE 100
NODATA_VALUE -9999
[rows 44 to 65 of 171, columns 250 to 299 of 350]
709.673246622086 666.141952514648 690.506568908691 586.504669189453 619.096343994141 620.791793823242 757.691886901855 619.775741577148 891.677993774414 768.483337402344 742.440881729126 614.034309387207 667.95890045166 695.499572753906 708.119945526123 813.198501586914 729.748178482056 829.38842010498 759.184531211853 788.313830852509 738.782783508301 811.638442993164 693.921760559082 818.253105163574 782.058010101318 716.431289672852 770.092628479004 910.252608299255 711.052307128906 788.390508651733 831.834157943726 688.110595703125 903.537469863892 839.063159942627 810.268618673086 739.88695526123 641.609725952148 847.227798461914 806.02759552002 723.516677856445 829.738575190306 855.969646453857 827.283184051514 916.741241455078 836.380708932877 819.906345367432 788.835968017578 932.870712280273 965.798965454102 841.679828643799
836.017425537109 636.433441162109 622.491249084473 696.795522689819 583.238922119141 609.997573852539 709.108774185181 783.899543762207 624.961051940918 760.589794158936 795.251556396484 767.885794639587 704.458099365234 710.390853881836 753.453693389893 857.905014038086 938.261810302734 745.19731926918 819.092388153076 782.334331512451 695.773860931396 783.985074996948 853.925018310547 600.724136352539 783.806182861328 552.447448730469 741.066123962402 493.63916015625 692.038391113281 998.692844390869 793.146942138672 874.133822917938 926.018226623535 864.987006187439 728.500141143799 665.533508300781 928.038890838623 667.422378540039 1515.23994445801 895.660171508789 682.704864501953 1145.03845977783 663.02326965332 893.840711593628 751.436080932617 782.75749206543 862.277626037598 882.448844909668 913.117786407471 860.803990364075
723.44299697876 598.718299865723 571.376922607422 604.423515319824 696.95109796524 680.520133972168 715.574897766113 570.769866943359 720.058609247208 698.358013153076 688.688335418701 724.375825881958 665.871704101562 616.016120910645 733.751502275467 827.959930419922 667.25609588623 824.099620819092 784.221382141113 914.952163696289 745.961775422096 801.523567199707 765.965001106262 770.971790313721 708.235475540161 1248.41262817383 623.976119995117 998.58659362793 1164.07716369629 773.443344116211 771.011749267578 717.524032592773 930.133602142334 941.500717163086 1242.03684234619 1295.55432128906 1229.91981124878 850.311646461487 1262.92945861816 1089.88400268555 885.243621826172 1014.26602172852 976.813137054443 860.021773815155 1129.80284500122 946.973972320557 1398.68169403076 823.813701629639 868.816413879395 1038.44527435303
699.931671142578 598.103385925293 658.196750640869 602.852226257324 472.031921386719 569.11890411377 668.337413787842 618.119720458984 783.282634735107 686.967388153076 788.883010864258 590.485107421875 640.046333312988 539.671997070312 683.118354797363 833.396308898926 766.259675502777 888.838218688965 726.784206390381 697.463947296143 564.829315185547 827.113792419434 724.4567527771 703.89917755127 682.754707336426 1098.29457092285 656.540786743164 1031.20217895508 869.459487915039 1188.908203125 886.162662506104 789.545204162598 926.478126525879 1184.68707346916 978.678825378418 1033.15534210205 1211.28271484375 840.901662826538 1118.54475402832 900.758834838867 1006.24534606934 797.496212005615 1234.885887146 808.481964111328 990.680105209351 1001.67956590652 832.122150421143 940.622982025146 788.868171691895 903.050817489624
706.338310241699 598.744079589844 732.257293701172 661.588823318481 661.668449401855 722.495079040527 745.32562828064 790.72989654541 793.798988342285 734.096662521362 654.972465515137 494.818756103516 762.831120014191 849.681922912598 739.843304634094 692.759334564209 797.448734283447 748.152749538422 650.639846801758 901.383148193359 735.886269807816 669.808151245117 794.921443939209 870.203979492188 734.156391143799 559.350814819336 504.208770751953 654.002990722656 599.890243530273 981.647735595703 1182.50148010254 732.020965576172 887.836992263794 911.294372558594 795.731685638428 825.50860118866 1194.95129108429 841.156099319458 1538.48435974121 1095.31531143188 842.923401832581 796.116188049316 1082.26691055298 771.821662902832 795.406452178955 1077.16401052475 1017.3864364624 2003.59938812256 731.975051879883 733.233268737793
803.443305969238 780.236640930176 611.061828613281 522.655609130859 708.063579082489 517.469329833984 664.852149963379 670.765251159668 686.198694229126 630.495559692383 692.42885017395 560.248123168945 638.597717285156 718.454950332642 674.066429138184 775.268695831299 751.5384349823 744.579323768616 793.163757324219 710.75249671936 722.973421096802 725.571291923523 770.138828277588 567.751892089844 788.670896530151 996.782135009766 695.411422729492 664.51106262207 705.953098297119 698.071937561035 814.394180297852 809.228530883789 932.190061569214 827.832632064819 1265.02518463135 766.894477844238 800.246288299561 694.004943847656 803.657089233398 785.150665283203 711.213302612305 844.346138000488 1107.64081573486 985.788627624512 680.310043334961 751.495216369629 851.263664245605 825.188461303711 889.035816192627 802.548070907593
668.87003326416 592.567375183105 539.992477416992 603.263442993164 590.269775390625 628.859306335449 641.076057434082 593.508110046387 700.939796447754 719.93282699585 783.456855773926 663.36739730835 714.08167386055 768.881675720215 797.130676269531 741.850580215454 804.013664245605 843.817687988281 695.845148086548 706.848430633545 897.766021728516 784.18115234375 774.984653949738 735.711587905884 738.966007232666 657.591087341309 758.252487182617 765.141159057617 540.230651855469 671.053619384766 997.809936523438 800.021835327148 599.542938232422 770.975364685059 811.220901489258 621.161010742188 871.266380310059 1247.82795715332 959.512092590332 835.394805908203 1229.2619972229 948.362287521362 802.912019252777 761.351318359375 902.240591049194 884.951005935669 791.101486206055 1109.96689605713 898.669891357422 814.740808486938
658.167655944824 650.472358703613 631.3544921875 598.057167053223 591.811752319336 572.842895507812 646.098680496216 820.12890625 741.784078598022 644.521553039551 685.369533538818 775.885078430176 675.829948425293 667.105365753174 690.549003601074 672.520725250244 773.6243019104 643.937850952148 686.238220214844 734.656164288521 616.019668579102 744.325416564941 980.210891723633 614.160034179688 700.343322753906 806.170310974121 1024.84129524231 581.828155517578 672.169494628906 710.767395019531 945.123382568359 924.642593383789 864.454711914062 1290.6125869751 965.075790405273 743.444534301758 760.633934020996 840.931594848633 802.578620910645 948.807376861572 869.306987762451 647.574645996094 658.821090698242 784.764122009277 828.74210357666 796.865304946899 912.487075805664 835.599313735962 671.26904296875 785.559665679932
1073.79699707031 644.545703887939 674.252731323242 688.798021793365 501.039886474609 557.370101928711 704.200749158859 866.343437194824 632.240509033203 773.497852325439 672.039794921875 698.840641021729 638.685989379883 729.157083511353 565.491821289062 596.14575958252 649.247840881348 633.733337402344 666.617931365967 760.525316238403 647.255355834961 615.189743041992 613.101181030273 604.268478393555 770.294876098633 811.68830871582 947.843242645264 739.762435913086 774.34387588501 808.364589691162 567.75537109375 771.409008026123 818.358261108398 1233.74224853516 783.919219970703 815.792321205139 1126.67336845398 678.564071655273 868.439590454102 859.229652404785 749.503700256348 760.674312591553 870.808586120605 627.277954101562 669.906600952148 776.056718826294 1242.80165863037 763.339485168457 642.629852294922 726.372253417969
558.583892822266 816.051856994629 825.263210296631 707.353163719177 706.145125389099 549.125457763672 496.983795166016 570.942779541016 753.327072143555 764.399625062943 1196.94411373138 760.656002044678 629.059600830078 627.341201782227 794.610450744629 858.192474365234 726.212238311768 659.174240112305 568.531372070312 1687.15242767334 762.32829284668 547.706497192383 572.235748291016 1332.65752792358 975.195518493652 828.301448822021 674.351127624512 839.912334442139 747.348394393921 773.01530456543 664.754920959473 1017.22849655151 826.58617401123 775.340103149414 614.47428894043 1255.40310668945 948.303283691406 899.64826965332 708.256256103516 796.133871078491 1234.20974349976 629.950622558594 507.538513183594 780.624915122986 700.621032714844 650.592910766602 570.810440063477 603.827667236328 701.335739135742 614.34782409668
621.908355712891 755.259307861328 702.977432250977 551.8798828125 727.110446929932 893.548980712891 516.117736816406 723.952972412109 656.685523986816 752.772654056549 612.102020263672 1514.1268992424 934.273094177246 1061.96360778809 1083.86718463898 1613.31366729736 701.060279846191 877.638488769531 832.00171661377 438.771484375 544.855133056641 425.088073730469 617.287445068359 666.061279296875 618.403442382812 807.353134155273 896.042373657227 767.74284362793 848.865121841431 661.465835571289 648.185638427734 751.831141471863 1099.00485229492 697.823776245117 919.341344833374 845.514556884766 1182.73680114746 686.016708374023 479.25146484375 764.288940429688 803.941131591797 779.909301757812 661.902488708496 813.615219116211 614.066635131836 598.312469482422 655.195922851562 730.578460693359 622.006378173828 704.397171020508
787.680374145508 577.337951660156 683.32771730423 574.541229248047 637.355178833008 726.060253143311 586.961090087891 1213.7108001709 528.484634399414 799.425037384033 546.038131713867 612.244476318359 531.6767578125 753.647392272949 656.28295135498 1541.71071243286 689.747947692871 1358.98176574707 702.991004943848 655.709915161133 1335.5422668457 1411.2278137207 1731.49662780762 720.344711303711 1114.47732484341 1298.93830871582 723.871124267578 805.794044494629 768.488380432129 772.035175323486 863.327293395996 618.143737792969 669.199279785156 731.573867797852 937.184631347656 598.960632324219 918.669250488281 774.005767822266 687.064163208008 1144.83457946777 1344.94466781616 792.915634155273 1340.84996032715 691.334716796875 736.20280456543 588.522613525391 790.129599645734 706.612617492676 537.4794921875 542.136047363281
665.579592704773 698.475898742676 662.540996551514 553.688919067383 718.367458343506 660.625040054321 682.008628845215 551.882400512695 629.884048461914 565.160217285156 691.245206966996 624.499633789062 774.773508071899 752.946025848389 569.583068847656 835.688339233398 1016.18293094635 725.846206665039 662.752670288086 749.478454589844 521.231811523438 537.671875 1754.29769897461 1899.53839111328 735.079437255859 725.649917602539 736.645950317383 815.759209349751 731.321510314941 843.197203636169 698.279022216797 747.093494415283 719.305023193359 927.073932647705 507.349639892578 579.974349975586 360.07958984375 770.200897216797 757.838272094727 1023.25225830078 692.703002929688 666.162933349609 646.839874267578 634.423233032227 791.638723373413 770.766712188721 727.957908630371 713.830192565918 517.007476806641 819.784698486328
580.490966796875 718.903079986572 580.48698425293 700.437593460083 555.824752807617 672.207754135132 692.592294692993 465.058853149414 640.963214874268 748.900344848633 706.75671005249 580.735649108887 552.376914978027 730.691375732422 588.950004577637 614.309379577637 627.121734619141 652.421867370605 690.838302612305 690.355846405029 737.23038482666 611.855514526367 1070.1549987793 505.570663452148 714.592422485352 706.368667602539 708.241592407227 637.912155151367 751.286672592163 724.385009765625 827.630088806152 657.106750488281 617.453269958496 764.402984619141 984.620979309082 1208.8500213623 692.687088012695 575.1611328125 713.518859863281 504.680633544922 674.000350952148 979.547508239746 750.167621612549 831.321437835693 707.147071838379 743.256973266602 644.8271484375 601.224029541016 335.611907958984 1338.39599609375
715.369548797607 678.147117614746 828.394981384277 639.865776062012 542.287139892578 615.66365814209 680.322498321533 653.115116119385 487.589248657227 695.017715454102 698.204146444798 649.933399200439 821.042655944824 685.884239196777 699.382762789726 649.6529712677 663.189121246338 680.25513458252 788.95556640625 716.722290039062 653.966918945312 520.916793823242 1042.12372589111 650.778396606445 920.021835327148 520.183807373047 648.113571166992 735.87024307251 763.881363868713 958.116832733154 970.099914550781 649.055839538574 777.889404296875 931.396396636963 626.553512573242 714.230812072754 616.839630126953 723.272583007812 840.113203048706 710.738494873047 889.505958557129 821.461841583252 801.667904853821 734.695117950439 676.750755310059 614.413024902344 571.574310302734 594.477966308594 848.125122070312 2097.77551269531
698.290941238403 709.293842315674 652.482599258423 650.332801818848 862.340316772461 737.040489196777 897.932373046875 704.395975112915 604.84294128418 699.996678352356 770.888031005859 733.502941131592 726.489402770996 788.640083312988 694.77973908186 753.633720397949 736.252384185791 819.615631103516 741.171516418457 1007.90454673767 703.249458312988 866.96090567112 794.320247650146 665.953857421875 711.533248901367 639.19075012207 606.815544128418 763.154090881348 779.278962612152 539.195983886719 727.314186096191 682.02543258667 708.190872192383 580.700210571289 662.02808380127 660.738945007324 615.25910949707 822.717515945435 697.762481689453 861.409649372101 835.801551818848 803.732482433319 777.70533490181 791.422131538391 715.066055297852 732.138729095459 604.55110168457 592.928588867188 1213.72146606445 1388.0524597168
647.470411300659 566.147010803223 769.117301940918 620.551454544067 607.000862121582 738.294002532959 724.378395080566 581.016944885254 800.980438232422 719.543716430664 852.009231567383 780.200508117676 821.162132263184 679.293808937073 767.830474853516 845.166778564453 750.667903900146 587.126937866211 863.468215942383 604.711738586426 1153.45658683777 1216.06992721558 625.72078704834 529.397720336914 694.989265441895 651.596588134766 810.905838012695 819.237812042236 697.817878723145 848.204710245132 646.786628723145 842.951232910156 667.502906799316 759.16442489624 691.965167999268 664.070495605469 791.186420440674 778.130912780762 1140.43107414246 803.295860290527 817.104934692383 801.111362457275 717.424976348877 669.739547729492 790.755128860474 516.449340820312 900.289710998535 761.304731369019 695.35417175293 1114.90518188477
598.730659484863 791.333450317383 569.756744384766 751.784072875977 768.015991210938 661.727334976196 658.757696151733 861.81468963623 649.446758270264 700.000425338745 690.911025047302 818.062942504883 736.528179168701 826.86604309082 558.783721923828 738.930896759033 740.081836700439 701.05157160759 723.929504394531 780.313667297363 620.53205871582 593.664413452148 544.813552856445 683.262529373169 697.453605651855 695.236133575439 773.66662979126 719.747840881348 636.495765686035 1119.56696510315 786.339046478271 774.148380279541 639.390007019043 692.026744842529 563.881439208984 822.906364440918 718.259447097778 816.253311157227 692.34253692627 794.346199035645 710.170051574707 665.540451049805 734.783256530762 729.128688812256 575.425064086914 761.379053115845 717.827285766602 722.667686462402 533.270797729492 610.977600097656
670.709127902985 577.399299621582 656.345785617828 710.048575401306 698.087455749512 746.031188964844 757.667938232422 604.271087646484 671.654626846313 755.634490966797 629.291652679443 759.65958404541 617.905166625977 781.781951904297 639.278129577637 580.431678771973 796.565437316895 760.951644897461 681.447799682617 640.246444702148 801.915099143982 701.419605255127 676.57572555542 708.544994354248 634.822105407715 643.0361328125 686.525554656982 620.622169494629 653.758155822754 901.43962097168 683.005573272705 730.315037250519 667.229759216309 796.953460693359 806.31778717041 761.615125656128 634.062004089355 682.232315063477 631.608062744141 662.346946716309 750.266502380371 830.122817993164 761.736654281616 717.581001281738 751.815799713135 842.018424987793 735.831146240234 676.007949829102 709.036041259766 745.455108642578
581.682838439941 720.841342926025 715.216651916504 681.275560379028 520.018295288086 797.429077148438 549.477531433105 583.93669128418 601.076644897461 851.779754638672 595.049255371094 871.73681640625 665.417797088623 716.364009857178 668.693529129028 651.317222595215 699.520343780518 712.174411773682 665.565910339355 706.767404198647 563.446990966797 639.507530212402 615.325424194336 614.778617858887 592.524879455566 521.547927856445 662.508903503418 642.675491333008 738.826843261719 487.90966796875 672.009590148926 798.579925537109 767.510080337524 743.147804260254 771.094417572021 749.735239028931 702.490242004395 732.642865657806 795.180763244629 824.135177612305 704.681282043457 683.935615539551 632.150009155273 748.867849349976 813.841274261475 704.648178100586 862.234901428223 768.463740348816 732.186748504639 841.085639953613
570.73316192627 695.841178894043 707.79842376709 695.525737762451 747.769256591797 568.026908874512 720.050933837891 634.90137386322 581.884712219238 701.19250869751 722.297878265381 725.463672637939 751.246322631836 751.889465332031 639.378211975098 587.716598510742 641.835414886475 726.781433105469 762.467357635498 925.296905517578 618.874588012695 648.282249450684 598.001770019531 648.322315216064 626.633811950684 659.580772399902 661.163829803467 605.863876342773 722.550589084625 750.735172271729 734.518178939819 504.794830322266 713.188123226166 834.371994018555 801.441769599915 655.118644714355 701.334699630737 769.070766448975 719.827365875244 650.323677062988 762.429768562317 691.538352966309 707.921520233154 688.469718933105 711.366153717041 754.995038986206 782.688261032104 905.336151123047 854.615333557129 744.870602846146
583.062019348145 624.19441986084 672.375535964966 650.252471446991 633.323623657227 657.56946849823 709.927703857422 620.362648010254 743.11905670166 637.826442718506 745.811019897461 685.278948783875 724.200942993164 716.825565338135 671.151830673218 639.770751953125 697.37479019165 594.931907653809 724.864219665527 809.465888977051 579.668960571289 620.771812438965 658.212619781494 606.518272399902 694.970108032227 873.928634643555 686.424247741699 878.248092651367 625.753295898438 694.148849487305 544.917190551758 545.452865600586 801.645805358887 693.016633987427 666.04838180542 720.600672930479 911.098243713379 711.487451553345 736.562217712402 767.39697265625 718.70246887207 651.882667541504 683.552307128906 665.296981811523 683.561103820801 842.150005340576 823.019824981689 867.375 707.738403320312 822.903896331787
