export/dem/dem4.asc
NCOLS 350
NROWS 171
XLLCORNER 152620
YLLCORNER 418050
CELLSIZE 100
NODATA_VALUE -9999
[rows 44 to 65 of 171, columns 100 to 149 of 350]
467.391599655151 251.462417602539 420.716867446899 395.510391235352 318.242431640625 331.414779663086 489.716804504395 434.214141130447 243.040451049805 443.595260441303 378.930065155029 515.954551696777 450.726289987564 491.04748916626 508.169746398926 481.660451889038 424.893325805664 475.265529155731 397.115859985352 422.570503234863 446.046564102173 585.630767822266 478.280698776245 535.38143157959 592.432456970215 410.648483276367 386.548538208008 630.773498535156 559.461009979248 654.332183837891 541.955261230469 573.348258972168 545.750942230225 410.033760070801 609.361083984375 607.819198608398 431.874824523926 485.883201956749 437.241279602051 486.225167751312 343.831161499023 588.967018127441 466.622772216797 481.055074691772 434.149597167969 460.993965148926 449.836456298828 490.779377937317 536.488147735596 466.740837097168
448.159487724304 308.892959594727 411.058742523193 352.784217834473 389.824821472168 338.601470947266 450.401901245117 468.507125854492 436.499646186829 351.563514709473 487.734016418457 334.164573669434 386.79500579834 438.992490768433 552.754356384277 454.23096960783 430.705051422119 411.203018188477 524.578128814697 555.085067749023 466.92479133606 554.836463928223 508.102725982666 597.626777648926 433.446487426758 458.077516555786 602.108444213867 541.752365112305 544.126185417175 666.589569091797 550.493185043335 603.36483001709 620.701889038086 454.949855804443 562.101821899414 608.253639221191 574.702529907227 476.024139404297 476.410161972046 448.052711486816 502.763020157814 341.83283996582 584.310287475586 551.74490737915 454.45650100708 432.308780670166 572.780647277832 525.204992294312 396.080902099609 474.08020401001
322.24291229248 324.89476776123 391.494079589844 512.356109619141 223.237548828125 440.922898292542 466.652227401733 593.421737670898 527.61555480957 385.645168304443 419.404418945312 309.938758850098 508.611512184143 608.066055297852 407.262809753418 432.257793426514 309.776153564453 335.312057495117 460.850341796875 443.916566848755 506.197326660156 529.606479644775 613.52392578125 477.367948532104 554.47917175293 512.005060195923 567.072319030762 546.956443786621 600.016868591309 493.491082191467 525.575313568115 617.527206420898 560.741889953613 483.297696113586 548.928871154785 509.157241821289 584.749534606934 490.2275390625 675.45329284668 798.704315185547 526.701467514038 443.298583984375 477.331401824951 474.068351745605 458.8424949646 510.582013130188 660.5068359375 577.537994384766 460.634658813477 421.669929504395
451.492581367493 373.075080871582 374.251625061035 328.283599853516 353.513854980469 388.142654418945 411.34748840332 500.346412658691 411.176414489746 407.890197753906 432.08119392395 333.142990112305 371.939033508301 511.658126831055 415.284374237061 319.490646362305 504.096496582031 461.631320953369 313.141464233398 462.691724777222 430.30672454834 332.449752807617 510.619121551514 647.755645751953 552.2021484375 604.440185546875 545.334411621094 616.289184570312 634.465240478516 666.603744506836 483.792066574097 660.861923217773 642.457893371582 564.548259735107 553.290809631348 440.82181930542 629.060729980469 617.276496887207 662.412933349609 551.381504058838 556.326847076416 609.006538391113 674.136123657227 667.883026123047 499.145407676697 678.753036499023 445.012136459351 555.00789642334 438.719566345215 525.17998456955
389.05286026001 485.26050567627 388.942733764648 433.538023471832 545.697631835938 338.488510131836 406.605987548828 495.009713172913 528.223129272461 429.876861572266 465.399022579193 454.552508354187 570.940734863281 702.145004272461 544.528106689453 503.692134857178 496.763387680054 415.529541015625 535.961208343506 318.351348876953 534.436275482178 665.494888305664 472.261445522308 586.485237121582 468.452016830444 439.531326293945 495.991081237793 754.656494140625 636.204040527344 651.406700134277 648.902961730957 567.327869415283 599.627418518066 334.751312255859 510.741973876953 585.633171081543 565.519538879395 620.19596862793 512.880974769592 609.690650939941 640.317230224609 600.341102600098 650.836608886719 529.892436981201 627.250450134277 611.637672424316 518.675434112549 493.685675621033 584.361740112305 542.367177963257
480.847486495972 407.376316070557 430.37294960022 279.059494018555 428.69641494751 411.968650817871 504.965251922607 448.975360870361 318.575790405273 408.81608581543 341.855049133301 561.468170166016 455.542121887207 482.150232315063 368.967575073242 496.790483474731 531.63060760498 527.294183731079 589.625701904297 445.484317779541 709.961059570312 479.022280693054 554.07152557373 522.286569595337 658.692337036133 297.420272827148 609.044815063477 626.419921875 800.568237304688 688.460800170898 648.33975982666 630.165344238281 596.369338989258 360.958236694336 469.609268188477 613.177513122559 567.937927246094 617.25121307373 491.30514383316 566.918434143066 363.577911376953 622.673645019531 623.862594604492 546.859199523926 478.953323364258 585.776435852051 558.750259399414 523.462982177734 620.721923828125 541.162819385529
491.858951568604 351.765335083008 412.631240844727 624.71614074707 429.390471458435 408.295921325684 414.31322479248 450.053554058075 414.962631225586 527.341850280762 373.485366821289 527.726142883301 492.97188949585 565.347053527832 470.996806144714 488.687637329102 531.389003753662 530.210182189941 510.677761077881 547.9108543396 577.304870605469 571.369560241699 558.767799377441 641.071395874023 624.421157836914 543.589212417603 602.655517578125 590.643539428711 644.933715820312 651.694000244141 551.713890075684 584.246147155762 553.912269592285 492.273327350616 717.149551391602 614.300720214844 621.703971862793 606.475364685059 649.038970947266 535.377065658569 509.283150672913 529.269907474518 411.62296295166 437.605690002441 526.059645652771 592.028381347656 656.071685791016 478.058678627014 456.138553619385 539.379894256592
470.599983215332 374.197746276855 413.638479232788 431.093505859375 513.096397399902 430.721011161804 466.157890319824 461.197337627411 488.547498703003 414.514598846436 592.684867858887 565.480392456055 656.704086303711 506.710147380829 492.671461105347 543.529434204102 440.345195770264 538.840263366699 471.490390777588 569.73397064209 479.47029876709 534.838493347168 434.306159973145 624.354606628418 706.242034912109 475.353733062744 465.608394622803 637.963706970215 657.390487670898 512.821166038513 630.116050720215 487.206401824951 549.235877990723 565.147979736328 589.919887542725 615.198524475098 573.104431152344 571.884544372559 478.819621086121 526.430070877075 516.35253238678 419.288124084473 659.964279174805 484.948314666748 611.096626281738 561.087047576904 616.473587036133 582.740516662598 492.940467238426 516.211804866791
455.691970825195 452.689254760742 403.499155044556 436.437121510506 304.368057250977 359.70849609375 473.166778564453 363.867378234863 506.19486618042 340.655242919922 413.100028991699 686.53010559082 614.987197875977 443.392650604248 519.907733917236 504.764093399048 623.678657531738 577.745613098145 431.674705505371 532.749069213867 511.984592437744 501.762762069702 433.013153076172 465.021661758423 602.363510131836 397.308586120605 565.768455505371 463.091105461121 566.634246826172 447.098426818848 613.56657409668 553.093059539795 589.687622070312 566.462738037109 651.389526367188 718.112564086914 571.420669555664 655.64387512207 575.720767974854 588.963344573975 422.130706787109 647.143013000488 631.911544799805 539.662311553955 422.928955078125 517.332395553589 605.960426330566 504.772970199585 556.284957885742 486.34206199646
462.940933227539 581.095993041992 461.973503112793 448.157855987549 408.963304519653 473.235010147095 395.105430603027 446.375529289246 513.879974365234 706.21452331543 463.338847160339 486.53385925293 483.757447242737 530.756744384766 647.330924987793 397.083305358887 653.218688964844 442.332866668701 449.963161468506 634.880752563477 479.84076499939 584.183204650879 591.791572570801 552.010158538818 646.213577270508 407.538162231445 500.01522397995 498.351545333862 586.692443847656 738.406280517578 575.704147338867 368.173278808594 577.832015991211 593.061401367188 529.539067268372 530.941211700439 607.655639648438 422.162460327148 512.780136108398 654.605934143066 528.374268531799 403.08708190918 538.888329982758 328.724472045898 387.249572753906 602.091667175293 396.678497314453 613.605400085449 520.0705909729 616.17113494873
496.946403503418 479.712715148926 522.538948059082 511.242172241211 441.327711582184 465.937356948853 436.010555267334 423.054841995239 412.415885925293 571.29190826416 584.339637756348 492.357297897339 592.708366394043 379.002487182617 454.935201644897 525.915050506592 718.05598449707 373.97452545166 493.211073875427 518.21399307251 557.031841278076 540.341445922852 645.095230102539 785.497222900391 521.183827400208 511.683644294739 442.067665100098 512.050126552582 576.83878326416 574.922790527344 587.578132629395 394.963043212891 565.441082000732 557.117607116699 608.473503112793 464.387439727783 502.905181884766 478.457187652588 414.917579650879 703.97509765625 640.318511962891 556.841979980469 462.177139282227 545.477453708649 523.082122802734 753.73942565918 595.575992584229 560.613849639893 540.371892929077 462.461502075195
424.340891838074 376.088264465332 519.498558044434 335.974174499512 551.157752990723 466.603129386902 374.873100280762 495.227680206299 418.200843811035 559.034111022949 498.26587677002 474.764216899872 405.850204467773 579.57389831543 514.871263504028 633.726379394531 629.68310546875 543.514297485352 652.779205322266 487.056549787521 512.619869232178 570.451946258545 498.288216590881 522.986562728882 511.443627357483 520.371917724609 448.697437286377 441.015907287598 572.415051460266 618.864070892334 509.769245147705 680.06315612793 511.482538223267 586.338829040527 533.750825881958 589.172718048096 476.04390335083 493.767707824707 480.337001800537 403.36897277832 465.718971252441 574.690029144287 376.360565185547 554.587106704712 477.814903259277 518.492870330811 547.248514980078 535.149461746216 534.14448928833 564.461248397827
481.806339263916 557.109649658203 433.842633247375 565.584602355957 270.230026245117 487.378517150879 362.587417602539 377.322387695312 510.040855407715 502.839836120605 519.486400604248 397.201362609863 430.340473175049 496.373826980591 460.199611663818 436.98286819458 593.191223144531 531.620780944824 648.597869873047 610.825965881348 418.540328979492 507.671991348267 607.056869506836 518.286079406738 329.694152832031 364.425552368164 505.402549743652 346.46516418457 652.138648986816 543.733989715576 585.688440322876 557.348400115967 644.408493041992 626.855651855469 387.677047729492 524.375602722168 606.770683288574 550.09487247467 694.313674926758 546.275362968445 375.015548706055 472.614418029785 372.587158203125 467.153274536133 441.914306640625 438.956466674805 584.697242736816 595.023456573486 653.919059753418 581.987796783447
325.936851501465 460.48996257782 305.137939453125 421.611450195312 263.251525878906 370.68839263916 387.713180541992 489.587448120117 473.423503875732 428.481609344482 560.501945495605 415.655563354492 532.811996459961 429.353618621826 546.064064025879 503.957759857178 667.148559570312 552.815704345703 560.623016357422 553.637645721436 589.056999206543 401.896286010742 510.5690574646 455.204679489136 481.906752586365 469.321186065674 449.51496887207 378.317604064941 549.537606239319 576.680293083191 731.786487579346 594.873916625977 579.947377204895 657.994117736816 545.051217079163 530.642859458923 607.931953430176 555.863494873047 661.425811767578 656.772773742676 608.040605545044 528.03405380249 469.341888427734 563.394268035889 507.01416015625 534.743936538696 562.232391357422 657.44873046875 683.284133911133 650.247062683105
312.723793029785 432.869721889496 433.972580909729 361.858848571777 361.802268981934 421.937015533447 428.520330429077 412.477638244629 427.411113739014 441.663681030273 434.597017288208 473.357021331787 479.917043685913 473.658018112183 373.251441955566 431.848026275635 597.489631652832 573.236869812012 612.31867980957 449.904174804688 561.56078338623 480.381708145142 536.820823669434 516.691388130188 462.549598693848 528.547267913818 424.507667541504 469.990535736084 535.43807220459 478.445377349854 480.68896484375 705.661052703857 582.614315032959 540.274175643921 577.426178455353 660.412643432617 439.50855255127 683.83650970459 649.203824996948 878.476867675781 611.790935516357 650.007392883301 450.581069946289 574.62731552124 644.322715759277 643.020622253418 595.285110473633 569.196805953979 654.301849365234 444.340850830078
628.212448120117 489.435539245605 332.080772399902 381.83487701416 470.506043434143 365.227294921875 478.736588478088 404.146492004395 462.781551361084 405.97473526001 585.256202697754 551.471305847168 536.433235168457 469.419645309448 466.685548782349 497.595264434814 646.473449707031 398.141014099121 425.868675231934 568.283592224121 552.149185180664 362.554862976074 419.949192047119 450.464529037476 567.74365234375 548.802436828613 348.788955688477 475.920475006104 467.405288696289 555.788459777832 597.975364685059 457.959266662598 662.903350830078 561.495365142822 594.883452415466 576.386184692383 753.665935516357 770.758758544922 781.034713745117 630.829418182373 548.859457015991 497.771965026855 596.342376708984 715.980667114258 481.540458679199 755.589813232422 651.707740783691 581.350324630737 618.439697265625 580.166915893555
378.542770385742 477.590620040894 371.141578674316 423.188705444336 389.097312927246 586.768333435059 533.861923217773 465.176427841187 424.075410842896 569.567184448242 430.973434448242 378.368858337402 422.452171325684 457.700752258301 591.595199584961 508.285385131836 495.290892601013 485.893263339996 470.323467254639 537.759243011475 457.606197357178 538.808246612549 575.465309143066 420.179153442383 501.648109436035 497.55609869957 600.038925170898 566.624134063721 526.030865192413 507.600051641464 476.092960357666 523.180118590593 584.718719482422 358.634384155273 498.178131103516 499.778232574463 577.468631744385 564.192504882812 574.149272918701 591.768375396729 547.325738430023 526.407398223877 453.75904083252 594.277793884277 571.078918457031 690.789428710938 478.953075408936 509.703422546387 476.499588012695 454.730087280273
316.98641204834 459.779774129391 406.982448577881 442.289331436157 539.182006835938 457.714107990265 539.910385131836 518.207176208496 510.575267791748 407.637580871582 316.395195007324 435.400238037109 364.105476379395 425.18709564209 473.09970664978 463.281413078308 416.540054321289 487.983795166016 523.452362060547 609.532051086426 637.562957763672 541.061145782471 484.062969207764 540.851196289062 460.705620884895 468.982966423035 424.477191925049 555.109081268311 602.538970947266 443.048351287842 562.5979347229 620.976531982422 474.300945281982 396.531784057617 505.964683532715 635.06217956543 616.453269958496 625.155391693115 503.923248291016 434.083641052246 629.257049560547 576.598963737488 724.292556762695 582.069602966309 641.58959197998 593.835900306702 860.069969177246 606.075150489807 592.23690700531 417.152053833008
465.435085773468 455.528148651123 360.95711517334 335.571266174316 469.341442108154 418.048221588135 504.855741500854 528.249794006348 431.607646942139 406.356300354004 431.918864250183 441.260744094849 410.611171722412 659.288040161133 597.791145324707 514.615463256836 390.526695251465 473.49301815033 360.866806030273 511.345611572266 383.700729370117 474.905163764954 560.940589904785 539.205726623535 470.918628692627 467.187816619873 536.3083152771 524.81863117218 510.460668921471 547.273250579834 377.389633178711 485.269912719727 455.59351348877 525.601227760315 534.008750915527 575.821395874023 512.986366271973 620.419937133789 640.358749389648 721.942810058594 656.591514587402 778.569808959961 704.367568969727 567.30092048645 518.96768951416 648.890029907227 691.135246276855 621.159858703613 549.450749248266 677.441864013672
299.567123413086 493.618175506592 579.711578369141 485.076438903809 482.206435203552 679.386413574219 511.386524200439 494.857345581055 514.64591217041 585.047119140625 562.563423156738 657.499771118164 424.311264038086 426.14605140686 728.957534790039 479.996085166931 407.378265380859 446.56530380249 452.024894714355 448.513187408447 476.923765182495 579.140380859375 436.195852279663 549.48991394043 405.722366333008 617.711166381836 502.012041091919 511.406310081482 502.069248199463 410.605949401855 472.333118438721 468.339809417725 510.71192073822 598.175163269043 482.004692077637 646.588973999023 599.732791900635 464.658031463623 611.851997375488 620.3112449646 533.250591278076 555.560969352722 417.038734436035 588.194320678711 382.977920532227 531.630443572998 413.037506103516 543.279502391815 395.493515014648 639.425559997559
505.636310577393 396.387878417969 551.480087280273 521.180839538574 506.5114402771 447.377769231796 381.143859863281 432.944290161133 496.62753868103 435.14665222168 561.409889221191 533.610759735107 450.863104820251 629.694702148438 654.147079467773 454.605642318726 518.050033569336 514.641191482544 496.475925445557 571.310173034668 477.223481655121 592.705169677734 560.602046966553 428.989612579346 476.801954269409 603.710472106934 500.094007492065 336.351928710938 553.798595428467 388.596397399902 435.158699035645 411.881881713867 497.820858001709 520.431382656097 537.302479743958 572.677356719971 706.713836669922 613.461265563965 508.489822387695 621.493721008301 714.266860961914 533.82096862793 506.040355682373 566.034240722656 464.791862487793 433.149337768555 428.849899291992 522.834098815918 466.493621826172 528.275262832642
471.333477020264 599.463836669922 553.784385681152 510.078544616699 558.337905883789 545.545097351074 521.868740081787 412.064384460449 538.573677062988 438.060417175293 554.864616394043 561.852951049805 393.945999145508 418.12300491333 423.31266784668 340.019012451172 346.693206787109 442.341152191162 264.586334228516 460.450078487396 673.212036132812 601.74397277832 478.351274490356 540.876121520996 637.923080444336 543.422924041748 525.620626449585 544.321632385254 582.801612854004 417.729759216309 579.608585357666 459.072448730469 576.97770690918 526.760374307632 501.056400299072 590.987888336182 505.443267822266 514.092594146729 620.900108337402 516.824312210083 596.590763092041 532.728130340576 587.702014923096 527.354476928711 341.913650512695 522.404178619385 472.659057617188 568.910457611084 456.96688079834 460.434394836426
