export/dem/dem47.asc
NCOLS 350
NROWS 171
XLLCORNER 152620
YLLCORNER 418050
CELLSIZE 100
NODATA_VALUE -9999
[rows 88 to 109 of 171, columns 200 to 249 of 350]
647.603546142578 793.828880310059 705.577001571655 762.820167541504 728.022735595703 769.34593963623 766.61092376709 645.959149360657 639.115592956543 620.694880962372 626.709114074707 498.057159423828 651.047581672668 629.157337188721 618.348346710205 630.424367904663 676.470316827297 814.665855407715 764.054039001465 559.771430969238 705.487277984619 653.244505882263 636.436137199402 675.892930984497 779.161209106445 560.971054077148 562.467956542969 527.090896606445 523.734710693359 678.641024291515 675.786809921265 649.350070953369 598.555690765381 577.496967315674 614.57017326355 442.301132202148 675.557758331299 516.278610229492 773.357315063477 738.183676719666 707.011022567749 801.454713821411 877.830825805664 905.321403503418 727.879451751709 739.228317260742 659.136535644531 927.987607955933 916.751640319824 905.976791381836
759.063446044922 595.315544128418 669.944052696228 777.650367736816 818.07487487793 674.167875289917 759.715927124023 577.377647399902 619.796188354492 712.250267028809 659.231998443604 606.837497711182 580.47388458252 766.695526123047 792.760681152344 744.293395996094 810.602783203125 681.1653175354 722.888626098633 804.589248657227 652.442986249924 588.177291870117 685.082800865173 581.389282226562 798.128173828125 855.053558349609 456.595321655273 624.957946777344 457.471496582031 591.865131378174 713.528190612793 572.371101379395 538.199615478516 701.127456665039 452.243453979492 605.960182189941 660.091896057129 554.462265014648 686.388840675354 595.838684082031 656.529502868652 675.104011535645 897.716278076172 819.562301635742 706.611175537109 672.463506698608 847.230140686035 1113.29362487793 1112.39468002319 776.317157745361
666.445633888245 982.596412658691 692.236166954041 821.102127075195 716.469089508057 708.424201965332 649.820822715759 787.686645507812 619.056144714355 712.898941040039 654.430011749268 457.19938659668 670.001026153564 751.193229675293 616.883793830872 624.221918106079 646.114932060242 606.043296813965 725.964912414551 775.454475402832 759.403335571289 749.88395690918 663.687983989716 644.680116653442 772.533348083496 624.176063537598 702.951307296753 538.767959594727 663.748738288879 694.193395614624 698.428447723389 826.856948852539 687.109115600586 603.156028032303 625.027408599854 703.129791259766 497.77222442627 745.713508605957 814.847526550293 711.148951530457 607.540222167969 756.069655656815 846.437282562256 994.661079406738 601.397094726562 754.331157684326 760.448303222656 1016.3985824585 1065.02027893066 935.853652954102
593.246181488037 562.527894973755 669.329168319702 731.415115356445 623.810276031494 602.97004699707 745.711074829102 596.437099456787 704.628337860107 642.168701887131 628.097311019897 620.540699958801 363.398315429688 711.941513061523 670.675537109375 694.793266296387 665.599018096924 684.93412399292 725.619453430176 776.537246704102 675.981903076172 614.151237487793 653.268342971802 506.330932617188 709.253120422363 725.837577819824 721.190523147583 723.444301605225 573.970550537109 663.634053230286 628.320119857788 836.44181060791 772.689575195312 601.200691223145 702.247299194336 626.177797317505 666.302083015442 523.979026794434 694.409017562866 736.899224832654 713.262351989746 851.656723022461 929.815246582031 714.844261169434 841.696411132812 557.862060546875 851.836883544922 811.22486114502 1097.37181091309 885.87349319458
650.512948989868 572.993392944336 667.15860748291 731.42317199707 673.341387271881 801.349594116211 768.381149291992 692.479717254639 706.950706481934 600.719192504883 455.589111328125 641.361604690552 609.126456260681 678.433628082275 564.55411529541 637.775817871094 640.511319160461 784.984909057617 693.367641448975 666.552589416504 552.357452392578 700.27393913269 590.620162963867 617.245582580566 718.089725494385 657.376953125 734.445137023926 705.709873199463 647.393880844116 651.102611541748 790.080497741699 614.090179443359 791.394973754883 700.79615020752 680.466219902039 713.554004669189 682.71658706665 698.233833312988 601.944897651672 696.480339050293 580.2629737854 674.890808105469 631.943534851074 709.517230987549 640.39315032959 820.244003295898 640.77074098587 800.344871520996 792.141040802002 973.884231567383
661.927581787109 779.558769226074 742.927000999451 464.273986816406 464.922828674316 1124.45280456543 651.825420379639 551.426261901855 760.403114318848 557.447494506836 671.796905517578 476.734756469727 654.066261291504 726.603324890137 482.553985595703 652.422815322876 602.162933349609 809.094604492188 769.761520385742 767.19686126709 771.740859985352 527.141975402832 701.735916137695 611.116775512695 546.91535949707 651.511051177979 678.066551208496 667.633736133575 649.352261543274 713.505062103271 598.663749694824 514.377639770508 727.029264450073 663.22802734375 743.770983695984 724.047504425049 764.882259368896 651.762367248535 718.168312072754 647.428466796875 624.625827789307 614.547777175903 604.849193572998 781.873275756836 763.191207885742 693.931468963623 703.348649978638 828.244499206543 804.656804084778 1032.55206298828
595.551937103271 750.134712219238 629.944778442383 611.332611083984 707.892906188965 806.313606262207 817.81361579895 641.388395309448 740.53173828125 653.339067459106 695.816352844238 710.093505859375 664.941749572754 618.574137151241 602.564649581909 662.677581787109 736.132133483887 745.780838012695 711.947246551514 777.091911315918 765.899169921875 681.618747711182 442.186126708984 733.100761413574 610.246467590332 656.018676757812 716.055730819702 802.314468383789 539.538047790527 610.807102203369 703.252187728882 632.097152709961 439.588195800781 668.642116546631 634.407554626465 703.975166320801 736.827072143555 575.410949707031 671.665187835693 798.078048706055 733.89811706543 666.258480072021 823.653610229492 691.018594741821 682.357861995697 740.176318958402 672.12736004591 653.362942695618 844.656661987305 981.279174804688
575.234771728516 600.173728942871 670.728435516357 755.601066589355 717.213274002075 720.581619262695 736.110984802246 697.85328578949 647.227550506592 679.681690216064 650.200245380402 838.203109741211 505.118316650391 703.322036743164 594.561115264893 644.270496368408 756.262954711914 892.444107055664 595.060615539551 822.928741455078 804.455352783203 673.395709037781 686.021993637085 645.096824645996 640.248546600342 660.664531707764 713.521450042725 605.258781433105 712.397945404053 564.100257873535 539.249984741211 699.520616054535 547.941177368164 659.103143692017 682.474594116211 820.441530227661 856.553131103516 688.993152618408 630.664924621582 669.050954818726 862.170120239258 676.038272857666 796.801460266113 609.761436462402 804.929703243077 649.592330932617 679.993608474731 577.908866882324 711.871753692627 614.635040283203
711.016246795654 488.382568359375 699.611957550049 753.917943954468 751.103981494904 743.302574157715 709.97338104248 786.545806884766 695.599460601807 525.265838623047 613.01153755188 536.942993164062 624.351671218872 478.029037475586 532.983474731445 775.229675292969 718.569274902344 731.451377868652 600.446773529053 840.135040283203 619.02600479126 679.184478759766 677.781047821045 592.883895874023 729.019355773926 697.101524353027 621.634773254395 658.007438659668 736.073101043701 762.270156860352 507.784957885742 474.954238891602 532.148880004883 512.582275390625 520.297088623047 716.071228027344 609.230834960938 719.652932167053 689.044808864594 804.603164672852 732.197903633118 498.1494140625 798.412231445312 796.945365905762 603.253890991211 838.689414978027 788.541130065918 642.774864196777 718.604818820953 685.598407745361
507.527336120605 723.025913238525 739.964046683162 734.520162582397 739.170169830322 754.355791091919 730.967864990234 1072.53260803223 617.819328546524 739.786766052246 589.341651916504 737.243339538574 624.8853931427 589.155128479004 645.026965141296 603.106210708618 687.852355957031 614.203632354736 585.602550506592 672.296745300293 504.051376342773 786.688461303711 683.15856552124 756.899444580078 679.450931549072 813.559883117676 692.759696960449 577.236392974854 535.891075134277 635.730638682842 684.624828338623 582.841293334961 575.999458312988 524.76708984375 486.217094421387 591.291397094727 663.303340911865 579.520233154297 631.222434997559 703.723331212997 718.296577453613 771.559474945068 603.688667297363 782.009078979492 814.206912994385 669.857063293457 794.460987091064 764.551574707031 801.525512695312 577.396041870117
809.298606872559 464.860679626465 665.075649261475 602.931228637695 598.562576293945 912.109970092773 755.08358001709 687.431444168091 670.827926635742 847.71875 709.686473846436 700.674743652344 656.850173950195 638.916709899902 513.716995239258 467.107116699219 557.231376647949 645.518765449524 597.39119720459 619.326186656952 760.036087036133 743.990455627441 658.206657409668 770.485305786133 840.37858581543 676.289848327637 785.815989494324 738.795616149902 684.187405586243 643.176006317139 683.557960033417 686.192659378052 654.259112119675 548.036880493164 415.313446044922 610.61962890625 508.703643798828 511.337814331055 701.843919754028 656.856922149658 684.5345287323 582.602096557617 762.251693725586 690.965559005737 758.71947824955 811.086229324341 792.450923919678 849.417766571045 684.263557434082 720.307838439941
852.556770324707 465.874816894531 724.693000942469 732.190301895142 682.56884765625 963.245223999023 825.754890441895 831.85245513916 844.254867553711 730.884712219238 790.641098022461 596.852323532104 610.279231071472 603.320995330811 578.384429931641 740.277565002441 675.155426025391 516.364463806152 595.922298431396 624.747888565063 698.098449707031 735.996688842773 754.78751373291 586.07572555542 624.309951782227 810.385662078857 1009.92187428474 924.743938446045 788.957038879395 579.644111633301 711.365427017212 554.825042724609 558.913078308105 553.425956726074 486.510177612305 563.423858642578 488.426742553711 637.633117675781 566.989280700684 607.095100402832 756.926467895508 678.159214019775 709.905499458313 694.607982635498 778.427814483643 715.439588546753 891.987701416016 1024.12080192566 945.028343200684 1049.95966339111
677.397247314453 754.560028076172 505.01448059082 689.64697265625 740.361289024353 679.620681762695 818.277626037598 684.743465423584 871.586380004883 710.020873069763 674.994016170502 750.05485534668 694.224433898926 605.402481079102 547.090728759766 630.734130859375 527.689758300781 634.361596107483 559.822372436523 762.788108825684 740.20246887207 652.5667552948 654.936424255371 948.123336791992 619.401695251465 594.33056640625 937.547218322754 738.194725036621 887.3203125 1069.46371459961 1360.70217323303 523.132690429688 590.177856445312 589.71875 590.147720336914 663.643020629883 929.180244445801 646.785026550293 616.751472473145 670.958026885986 771.841892242432 613.189514160156 681.825088500977 661.154945373535 975.40193939209 1207.75736999512 1188.77754211426 851.700133323669 825.050369262695 855.66268157959
769.94652557373 623.15901184082 611.333179473877 664.677322387695 858.032356262207 817.07495880127 894.648246765137 845.505767822266 843.90007019043 1043.0263004303 726.551078796387 645.521482467651 540.484283447266 865.657501220703 538.631927490234 728.076877593994 736.658599853516 632.758909225464 860.902359008789 649.082670211792 785.819961547852 560.819046020508 783.719192504883 847.766662597656 674.48072052002 719.004261016846 587.574150085449 602.766624450684 672.017110824585 581.550956726074 487.007125854492 485.595687866211 484.786163330078 1065.51739501953 804.358200073242 738.24853515625 1059.91899108887 1004.22221374512 538.73616027832 680.182891845703 830.174621582031 794.553024291992 762.177169799805 648.693603515625 614.374359130859 771.425468444824 983.925369262695 1179.92604064941 1430.92758750916 603.299392700195
728.18253326416 729.081825256348 705.916871905327 690.183399200439 768.712670326233 756.788104534149 788.710735321045 766.616504669189 735.0947265625 645.61540222168 1051.33964920044 622.391353607178 795.667846679688 734.126735687256 717.33296585083 707.164268493652 599.02815246582 605.003944396973 682.522575378418 675.6982421875 736.651039123535 625.770050048828 762.154945373535 751.82740020752 681.259401321411 613.226127624512 605.068691253662 704.524402618408 541.199279785156 691.858954429626 481.117828369141 472.630035400391 511.836151123047 516.641403198242 526.466384887695 515.072250366211 538.705963134766 1112.29932022095 624.625392913818 762.642650604248 661.92467880249 562.31103515625 1210.93030452728 774.357664108276 1209.63973474503 831.888511657715 814.533576965332 841.79711151123 895.925140380859 675.293922424316
601.206726074219 844.315891265869 678.208236694336 630.350299835205 810.33963394165 751.068467855453 705.904472351074 748.132305145264 926.58024597168 733.206611633301 713.836044311523 810.969161987305 584.655338287354 691.710962295532 659.742325633764 776.538619995117 751.73828125 705.475341320038 604.907737731934 535.486089706421 742.09700012207 532.288967132568 552.629098892212 585.402156829834 996.361999511719 614.333850860596 716.006004333496 823.176696777344 650.439377784729 596.107032775879 651.532651901245 706.528202056885 654.024936676025 557.172943115234 535.982513427734 555.142623901367 949.370515823364 905.702178955078 858.424533843994 638.876876831055 704.167428970337 696.014024734497 1039.47655105591 865.706199645996 998.735069274902 919.896453857422 726.848651885986 1150.94654655457 731.559944152832 1281.87733459473
-9999 648.596351623535 535.572891235352 689.697639465332 680.792554855347 562.805770874023 534.721618652344 838.524322509766 705.857536315918 743.365685939789 577.100967407227 1069.63462257385 501.583923339844 525.623512268066 590.861686706543 552.75813293457 560.420051574707 628.503830909729 514.643360137939 579.10101890564 532.010765075684 669.229030609131 606.359657287598 1027.0032119751 944.015466690063 617.826847076416 716.704498291016 601.168380737305 591.791313171387 572.574096679688 684.118049621582 569.972434997559 545.351852416992 601.221801757812 768.277069091797 647.272327423096 529.486053466797 574.327339172363 565.181465148926 550.436126708984 677.269565582275 859.4140625 838.373630523682 696.519813537598 726.574058532715 1116.21689033508 734.879169464111 714.766311645508 560.780029296875 923.664037704468
-9999 722.495620727539 754.696792602539 568.115119934082 735.465919494629 728.643215179443 653.075271606445 860.988464355469 764.366104125977 784.983539581299 814.146165847778 613.083847045898 589.965400695801 699.535049438477 839.391647338867 594.954181671143 567.17695069313 679.978477478027 721.635696411133 548.148368835449 522.570350646973 710.350509643555 864.119735717773 741.877220153809 1124.36961364746 699.256076812744 535.967681884766 579.961540222168 588.365730285645 676.931396484375 602.100322723389 661.405888080597 618.158870697021 538.061996459961 968.156372070312 481.931304931641 588.440818786621 594.430931091309 722.262939453125 500.073547363281 684.594381332397 731.05971622467 860.22297668457 639.726715087891 774.285251617432 655.50309753418 1073.39448928833 754.411349773407 510.895492553711 680.964235305786
-9999 -9999 793.297027587891 600.911544799805 562.736396789551 684.678573608398 691.700401306152 756.736810296774 842.876129150391 894.525009155273 783.354297637939 642.068862915039 610.787002563477 615.129482269287 590.195289611816 571.741473197937 577.122791290283 627.500579833984 585.557563781738 819.533447265625 652.353811264038 719.005111694336 725.045715332031 705.170043945312 666.75745010376 533.136978149414 640.197751998901 652.372128486633 538.324340820312 574.275398254395 625.827144622803 671.494369506836 568.061279296875 446.629302978516 693.451347351074 442.685836791992 598.155563354492 564.861274719238 452.485458374023 508.634246826172 566.081512451172 450.472717285156 637.778450012207 725.369636535645 611.637893676758 669.209373474121 726.951995849609 660.363815307617 1015.28712654114 825.754373550415
-9999 -9999 1047.76491832733 937.659938812256 548.860778808594 540.943176269531 740.323030471802 734.682813644409 605.868133544922 784.780918121338 970.753028869629 634.81734085083 705.829792022705 698.225872039795 686.704998016357 717.813949584961 600.615657806396 682.287231445312 661.657402038574 543.23318862915 659.052467346191 585.963582992554 684.836776733398 824.632598876953 715.725982666016 1002.99645996094 639.964725494385 591.865058898926 647.673574447632 647.503499984741 817.468368530273 740.891494750977 631.734973907471 694.398056030273 449.859222412109 631.765733718872 586.859375 634.209075927734 574.142471313477 516.550933837891 818.595882415771 695.611145019531 694.989532470703 707.537353515625 748.087738037109 683.568344116211 669.114517211914 840.684379577637 863.843612670898 645.954467773438
-9999 -9999 -9999 644.172966003418 685.291233062744 702.641487121582 692.054359436035 726.853687286377 746.13519859314 710.965894699097 609.02424621582 551.862693786621 671.871641159058 665.333530187607 737.916854858398 663.58487701416 621.031852722168 626.230136871338 567.868719100952 653.917816162109 579.403659820557 463.910675048828 634.735870361328 1601.50099182129 638.077087402344 654.971015930176 746.180587768555 688.799201965332 515.924209594727 650.652919769287 761.324966430664 648.253988265991 507.799514770508 535.266319274902 570.544776916504 810.713962554932 446.208847045898 639.225700378418 537.466110229492 476.207870483398 604.716079711914 593.148834228516 589.545013427734 761.90417098999 659.667304992676 516.88232421875 603.190185546875 607.591690063477 591.574493408203 934.037658691406
-9999 -9999 -9999 858.080993652344 602.762042999268 683.860273361206 709.203918457031 714.249485015869 664.835289001465 941.449607849121 701.369174480438 725.849028587341 824.048431396484 849.902938842773 679.981531143188 812.344528198242 689.22200012207 540.845664978027 578.685848236084 673.618637084961 628.423851966858 446.401809692383 625.617225646973 1016.12281799316 575.37464761734 749.878044128418 646.864765167236 609.054092407227 590.439598083496 703.94681930542 678.492345809937 549.009803771973 580.702461242676 563.595657348633 545.19019317627 929.690628051758 584.778419494629 551.011154174805 542.797317504883 392.739227294922 527.3857421875 532.994049072266 690.604503631592 764.304992675781 823.58219909668 1133.75457763672 774.220581054688 703.427947998047 951.886810302734 858.080291748047
