export/dem/dem41.asc
NCOLS 350
NROWS 171
XLLCORNER 152620
YLLCORNER 418050
CELLSIZE 100
NODATA_VALUE -9999
[rows 22 to 43 of 171, columns 150 to 199 of 350]
601.837439537048 666.911046981812 614.625549316406 692.692192077637 675.448665618896 693.380035400391 576.53316116333 488.871192932129 694.920621871948 511.328521728516 402.159362792969 681.380577087402 712.088134765625 489.724166870117 761.326679229736 650.84935760498 786.013580322266 770.57612991333 560.354866027832 574.803833007812 667.726112365723 523.999221801758 732.519683837891 694.920886993408 738.725620269775 581.842025756836 917.770988464355 668.901081085205 674.175546646118 525.742118835449 491.025695800781 629.192726135254 593.634164810181 604.553417205811 715.924377441406 707.986705780029 575.743110656738 498.266464233398 597.031845092773 568.232078552246 615.887466430664 620.741218566895 680.679096221924 752.624038696289 615.134353637695 569.968849182129 619.195453643799 474.973495483398 611.688888549805 836.554534912109
662.03018951416 543.364250183105 530.21720123291 570.588466644287 476.772384643555 537.502586364746 461.954071044922 687.478363037109 563.095962524414 519.229400634766 441.859252929688 658.958419799805 681.667846679688 609.167770385742 495.799545288086 657.772407531738 585.656997680664 885.271217346191 667.758594512939 637.875392913818 782.195885658264 603.096054077148 726.509883880615 814.507713317871 708.957640647888 589.715530395508 1295.56673049927 845.36123085022 546.200813293457 593.251853942871 610.397846221924 663.070646286011 563.139053344727 670.830657958984 617.920568466187 729.943313598633 706.795902252197 667.247058868408 512.43684387207 571.210716247559 573.646499633789 643.536197662354 728.528633117676 603.139289855957 751.63959312439 582.477722167969 777.301338195801 713.359157562256 651.71809387207 575.93465423584
606.734899520874 452.409774780273 548.519256591797 646.04634475708 590.630756378174 736.627822875977 594.585754394531 458.124481201172 591.26989364624 533.7861328125 495.495986938477 628.510627746582 785.439727783203 873.630268096924 416.031600952148 1267.84243774414 745.105152130127 607.441727161407 698.625957489014 617.069854736328 741.116027832031 731.856216907501 648.057647705078 680.114948987961 602.397506713867 701.759695053101 539.055236816406 641.507942199707 472.828796386719 712.492630004883 667.539596557617 681.926344394684 759.070793151855 694.279443740845 617.498937606812 708.448150634766 634.50182723999 560.31681060791 627.165172576904 621.579162597656 601.117408752441 661.815017700195 629.85058093071 629.520660400391 644.528347015381 633.113089561462 584.55428314209 670.331176757812 639.729446411133 660.91508102417
608.115689277649 613.872068405151 519.114723205566 521.438186645508 674.340370178223 677.944747924805 628.978755950928 602.993853092194 570.037147521973 508.544448852539 441.389419555664 596.234004974365 1040.67668914795 475.560546875 817.388999938965 635.902290344238 546.594886779785 1026.80487060547 725.419266700745 775.337431907654 828.473236083984 933.256591796875 658.736274719238 674.639859557152 745.891746520996 550.335601806641 686.343479156494 564.822418212891 614.639972686768 655.805488586426 664.048137664795 669.592082977295 821.885498046875 560.841575622559 681.87451171875 765.653472900391 662.131015777588 593.589962005615 691.976139068604 504.849182128906 647.93648147583 629.974983215332 673.646462440491 712.304229736328 631.586791992188 798.721473693848 713.889400482178 578.405830383301 702.952179908752 728.862808227539
533.192504882812 493.203765869141 612.383028030396 592.623107910156 450.59553527832 547.557426452637 623.512739181519 604.504865646362 491.416465759277 539.275741577148 526.645637512207 490.815528869629 678.350288391113 637.692352294922 574.543697357178 713.747787475586 729.26403093338 639.608184814453 397.738357543945 549.194030761719 549.651779174805 592.867141723633 658.718414306641 715.055391311646 603.919296264648 551.699111938477 823.453620910645 534.354026794434 560.171440124512 650.447468757629 628.256874084473 610.342018127441 743.440795898438 720.817909240723 737.347541809082 655.285099029541 612.273955345154 529.19255065918 568.609260559082 605.794013977051 645.57764339447 790.477722167969 577.801315307617 700.763555526733 711.971984863281 717.854655742645 639.315773010254 819.794555664062 692.867462158203 600.273399353027
564.320390701294 363.285919189453 539.9450340271 571.597415924072 290.338745117188 474.536033630371 580.391094207764 553.398235321045 400.508422851562 473.001098632812 547.428146362305 495.087738037109 541.87483215332 534.246688842773 597.393493652344 637.595680236816 792.93523979187 676.599894523621 614.703063011169 789.68790435791 544.814056396484 769.389404296875 662.869132995605 637.553245544434 548.846771240234 989.756980895996 686.777298092842 788.122358322144 606.449136734009 637.424052238464 735.756057739258 606.316415786743 652.694289207458 809.907989501953 743.305828094482 667.892654418945 643.20671081543 672.705211639404 608.704990386963 731.54443359375 764.780769348145 644.801622390747 739.207817077637 652.401141881943 568.805419921875 644.035731554031 577.763084411621 782.816040039062 605.444183349609 552.639602661133
572.629367589951 545.973104476929 426.700119018555 250.531005859375 391.080474853516 498.899597167969 598.533401489258 608.021799087524 490.498291015625 544.884178161621 691.374839782715 1090.93306732178 735.61254119873 875.000659942627 793.70969581604 1212.04616928101 669.259128570557 1031.20546722412 581.918670654297 826.598068237305 866.309589385986 729.11096572876 555.833023071289 634.096786499023 598.638313293457 837.724090576172 810.282608032227 993.999252319336 718.740829467773 824.695983886719 732.419013977051 549.453887939453 611.03281211853 579.674852132797 665.266578674316 682.657791137695 526.865116119385 666.052871704102 524.262893676758 594.746367454529 805.944850921631 1065.70674133301 768.159683227539 658.130461275578 697.484687805176 828.541000366211 648.987278938293 729.902679443359 444.297775268555 495.97388458252
602.011085510254 542.015211105347 403.012969970703 451.864379882812 453.682151794434 562.215909957886 476.648643493652 592.777398824692 484.672569274902 512.937644958496 611.224624633789 1071.06184768677 925.770881652832 986.185014724731 751.995429992676 665.229736328125 536.095375061035 579.661758422852 568.252288818359 654.72020149231 973.46395111084 685.042666852474 547.471557617188 952.852577209473 577.951244354248 727.473838806152 594.192623138428 681.437757492065 582.750609397888 677.09591293335 692.562049865723 656.214122772217 682.433006286621 558.611549377441 510.935806274414 659.259887695312 633.316736221313 621.79097366333 597.47815489769 532.802574157715 671.341886520386 748.767471313477 736.880249023438 645.229250907898 653.998155593872 635.125956535339 741.295600891113 597.780424118042 586.703023433685 529.755363464355
424.574768066406 377.613250732422 546.000851154327 526.652862548828 508.486087799072 430.711608886719 432.701370239258 505.880912780762 588.982444345951 741.276153564453 953.930541992188 968.572360992432 1091.47032165527 829.990797042847 899.154495239258 521.156188964844 669.346221923828 625.264842987061 523.222415924072 708.73551940918 845.632224082947 618.768814086914 561.822414398193 675.368782043457 697.494033813477 523.330787658691 573.572341918945 710.790222167969 607.697314739227 544.995292663574 644.848339080811 555.62251663208 521.978004455566 801.104446411133 606.414405822754 656.646148681641 607.968373537064 521.206363677979 538.233353614807 710.237579345703 663.99129486084 801.347732543945 581.929101467133 589.965042114258 690.897041320801 663.835792541504 501.442344665527 630.227516174316 556.46125793457 597.345052719116
450.772842407227 581.651515960693 487.513954162598 362.475448608398 345.556884765625 542.642713546753 544.450794219971 499.093185424805 586.525876045227 533.009338378906 651.931869506836 721.950323104858 836.396945953369 607.030923843384 525.090591430664 685.491737365723 556.710605621338 571.290319442749 494.082374572754 699.54914855957 590.036423683167 624.513088226318 470.808532714844 516.4736328125 684.005958557129 623.639492034912 650.256662368774 672.379253387451 585.263593673706 466.844993591309 583.732804298401 629.195823669434 438.107788085938 509.885612487793 656.13117980957 524.804817199707 587.303760707378 642.960109710693 524.504135131836 607.499155044556 886.212600708008 850.077484130859 663.560192108154 544.3551902771 583.615478515625 675.878517150879 620.393329620361 526.567905426025 598.593334197998 637.623985290527
684.822494506836 660.212371826172 510.828861236572 424.720458984375 396.131607055664 330.804565429688 604.601182937622 727.417739868164 886.076790809631 751.624122619629 619.780570983887 646.871826648712 524.006538391113 573.593988418579 739.90885925293 582.130405426025 659.145721435547 674.941139221191 568.165927886963 591.364151000977 587.174849510193 559.613918304443 481.266220092773 529.410743713379 483.544219970703 598.131740570068 575.613459795713 580.079082489014 546.681140899658 579.722697257996 552.587575912476 481.717704772949 572.037481307983 673.924041748047 746.560577392578 438.837890625 542.073461532593 734.026336669922 667.991943359375 517.087593078613 717.090919494629 708.771644592285 669.98738861084 742.041091918945 666.019577026367 521.69068145752 663.230667114258 571.291310787201 463.377235412598 507.248077392578
448.978569030762 568.090164661407 586.342332839966 410.548187255859 529.491519927979 538.441921234131 569.147186279297 480.785987854004 631.856014251709 584.194046020508 640.018711090088 539.706981658936 696.610038757324 601.853267669678 498.82958984375 580.128269195557 615.531593322754 607.265975952148 589.212396621704 557.185328960419 737.932693481445 569.581471443176 544.633603096008 401.147155761719 541.275497436523 577.857193946838 599.583065032959 758.689247131348 660.521110534668 709.146629333496 738.259735107422 488.124702453613 508.049129486084 454.06436920166 536.240886688232 467.467483520508 628.853248596191 536.490261077881 690.501350402832 597.616133213043 668.03547668457 659.277481079102 489.715942382812 485.516784667969 605.878910064697 438.148490905762 498.845375061035 506.565719604492 407.938903808594 535.23348236084
547.890956878662 433.178085327148 462.97444152832 373.497344970703 386.677780151367 478.271560668945 535.640403747559 571.086128465831 574.064455509186 431.232925415039 761.519302368164 650.113334655762 657.708450317383 623.121448516846 495.838199615479 479.785835266113 447.768043518066 606.248504638672 595.437911987305 550.065211296082 510.562961578369 642.645950317383 543.828942298889 688.439407348633 623.475612640381 532.804706573486 611.857513427734 542.013977050781 536.820528030396 558.651325702667 466.197395324707 554.743346214294 427.091735839844 592.828491210938 580.128727436066 560.810410499573 553.131940841675 427.759216308594 527.255958557129 654.833801269531 572.507769584656 562.206455588341 635.287349700928 482.809913635254 600.542037963867 614.577751159668 495.834098815918 611.870578765869 509.551177978516 595.44172590971
447.896995544434 467.34903717041 576.790340423584 495.668037414551 420.548828125 492.67951965332 675.125015258789 612.504688262939 526.416522979736 555.649026870728 606.899946212769 664.934783935547 538.920776367188 493.659194946289 569.103338241577 682.792617797852 551.618251800537 595.107223510742 433.294845581055 602.549591064453 519.564722061157 668.665733337402 667.036933898926 598.736912250519 579.970857620239 652.067207336426 734.520385742188 783.805816650391 447.987854003906 634.120590209961 481.177791595459 539.919311523438 578.00140953064 654.872039794922 560.796072006226 479.751586914062 732.716941833496 579.300371170044 515.127744674683 567.50065612793 503.44799041748 532.287971496582 523.862350463867 638.846286058426 1008.54174804688 550.549930334091 497.461330413818 587.523429870605 628.704582214355 482.451583862305
479.817573547363 618.973846435547 497.929428100586 450.627868652344 487.375591278076 411.582168579102 582.469011306763 543.406311035156 655.355072021484 656.039005279541 634.969608306885 526.826568603516 444.284057617188 649.205871582031 486.098628997803 447.292594909668 610.253807067871 566.267580032349 479.252742767334 511.677743911743 477.342140197754 536.841133356094 633.420394897461 684.374351501465 615.463348388672 669.602279663086 611.328407287598 762.166027069092 619.699188232422 558.349390387535 465.670532226562 476.318969726562 587.219140052795 417.057800292969 630.276393890381 635.170867919922 518.779804229736 801.635620117188 651.76732635498 521.221895217896 497.062629699707 454.603294372559 456.457862854004 416.647796630859 1022.6189994812 377.822494506836 516.084045410156 530.612028121948 482.676162719727 530.079002380371
448.906608581543 459.645309448242 619.841270446777 501.923053741455 511.918842315674 495.03967666626 514.208854675293 672.886360168457 683.878723144531 638.577363967896 472.05094909668 479.828056335449 435.203872680664 518.98962020874 535.903257131577 568.976539611816 527.1060090065 519.469905853271 672.214508056641 495.232822418213 415.896667480469 744.602508544922 503.843286514282 477.333515167236 607.264717102051 448.662956237793 585.981660842896 726.774486541748 973.989328384399 519.625473022461 597.788073599339 512.790512084961 719.323715209961 593.638392448425 584.930080413818 706.559967041016 674.393035888672 545.506175994873 733.500915527344 486.378044128418 556.391424953938 571.104794502258 586.447135925293 461.20726776123 505.608192443848 660.219444274902 375.080078125 540.666543006897 533.33332824707 529.44620513916
516.546001434326 478.76326751709 590.23927116394 408.762680053711 542.496360778809 690.918274879456 528.155548095703 698.069213867188 609.786805152893 764.81266784668 551.686923980713 526.253051757812 596.343196868896 579.15128993988 485.715774536133 475.655498504639 477.356857299805 561.45228767395 517.069479942322 499.42427444458 482.142456054688 622.696548461914 512.857898712158 450.14200592041 618.01049041748 538.532294034958 528.450538635254 538.574897766113 786.504047393799 584.414510726929 462.612884521484 367.726165771484 529.795788764954 646.818206787109 650.992515563965 517.796460151672 531.541949748993 618.982833862305 441.689895629883 484.203804016113 480.580497741699 609.044315338135 487.989967346191 480.416557312012 418.097366333008 632.604995727539 514.689868927002 472.042984008789 611.685890197754 494.502265930176
598.976287841797 607.993602752686 614.47159576416 627.01082611084 414.511260986328 439.087333679199 448.392166137695 663.352485656738 604.045780181885 522.42712020874 525.24919128418 596.840170383453 469.094833374023 694.025726318359 386.933349609375 505.967813491821 718.487380981445 513.820976257324 646.143501281738 687.894775390625 432.045715332031 655.04125213623 611.275650024414 559.48574256897 440.567732691765 665.975593566895 569.046570777893 471.758399963379 814.442918777466 876.049072265625 366.791320800781 481.749000549316 464.795860290527 600.100196838379 552.147354125977 552.332314968109 511.546283721924 441.201263427734 587.268962860107 532.964435577393 549.095764160156 542.037358522415 452.020980834961 557.466409683228 458.439971923828 385.258239746094 371.099945068359 606.763931274414 542.617351055145 589.155570983887
587.899743080139 582.882553100586 606.722763061523 561.515239715576 629.262771606445 333.28971862793 477.984973907471 571.784288406372 578.955543518066 703.00439453125 623.809944152832 610.363750457764 493.996765136719 655.319007873535 398.699432373047 404.148567199707 704.668472290039 709.683898925781 580.982924461365 472.846151351929 543.085462093353 724.991806030273 639.298225402832 535.177056312561 593.897842407227 605.376514434814 646.098079681396 714.429992675781 456.319061279297 427.199043273926 374.447540283203 411.431335449219 378.595764160156 491.287948608398 501.692607879639 472.889450073242 607.347030639648 313.155914306641 432.922691345215 531.572998046875 551.986694812775 476.795066833496 467.086891174316 551.671926498413 576.133197784424 486.237697601318 449.603401184082 695.076263427734 366.578079223633 595.718006134033
431.897003173828 655.723068237305 517.30047416687 649.248680114746 671.720375061035 433.77042388916 524.506317138672 546.302547454834 458.90030670166 657.001096725464 539.502822875977 444.95565032959 583.689762115479 452.715194702148 626.385635375977 671.083618164062 529.92050743103 617.004020690918 669.737373352051 453.1337890625 580.816393852234 508.66810798645 515.655586242676 470.555023193359 592.431934356689 530.201086044312 506.259662628174 623.854272842407 708.337219238281 482.458999633789 522.632122039795 434.290466308594 399.413879394531 362.43684387207 432.000267028809 526.579861164093 550.61865234375 423.415519714355 450.267883300781 523.065479278564 415.752410888672 505.258575439453 386.045852661133 339.767059326172 604.195266723633 555.251502990723 469.626091003418 556.719613790512 496.732131958008 518.101505279541
497.263153076172 439.591018676758 433.863220214844 634.748115539551 525.573037147522 339.686935424805 487.897426605225 561.610634326935 596.980506896973 570.830909729004 675.827583312988 445.462997436523 383.33528137207 562.100219726562 445.34001159668 588.860168457031 578.576995849609 554.691738128662 632.901725769043 502.970531463623 613.125442504883 637.695915222168 566.353137969971 535.822222709656 490.520317077637 484.102226257324 531.901197433472 574.895034790039 780.751845359802 790.562484741211 610.57234954834 683.625106811523 546.256935119629 310.227661132812 521.770310282707 623.765365600586 566.999542236328 518.052160263062 404.731803894043 505.615390539169 365.256439208984 480.572227478027 566.464786529541 458.890037536621 464.374534606934 401.037353515625 561.131927609444 629.866722106934 673.659881591797 434.887153625488
564.84859085083 591.88431930542 506.868022918701 701.195343017578 558.560248374939 626.127269744873 558.878287315369 512.87878036499 630.068511962891 610.573188781738 488.805473327637 624.983177185059 452.55770111084 550.82079744339 396.391876220703 375.051971435547 478.388473510742 571.759963989258 699.740493774414 410.863342285156 596.215942382812 544.281980037689 510.303329467773 499.616859436035 430.259063720703 449.102500915527 522.547966003418 536.629547119141 540.819622039795 519.944274902344 675.932243347168 465.595367431641 583.37516784668 585.240322113037 540.682670593262 656.748359680176 554.116058349609 609.02954864502 567.591974258423 499.75715637207 597.644408226013 544.186779022217 756.76830291748 540.158355712891 581.878288269043 649.206783294678 641.997852325439 707.271255493164 689.165687561035 574.609384536743
