export/dem/dem48.asc
NCOLS 350
NROWS 171
XLLCORNER 152620
YLLCORNER 418050
CELLSIZE 100
NODATA_VALUE -9999
[rows 110 to 131 of 171, columns 200 to 249 of 350]
-9999 -9999 -9999 901.706912994385 744.965335845947 674.477355957031 792.799339294434 678.966979980469 640.005302429199 1068.61488294601 698.461188316345 684.507571220398 700.353645324707 645.243701934814 512.319435119629 467.810760498047 780.201419830322 780.184265136719 530.73991394043 646.849678039551 650.975093841553 662.6198387146 742.704605102539 656.714073181152 461.741386413574 561.455474853516 774.788360595703 528.028015136719 406.016265869141 553.656364440918 591.067604064941 564.529411315918 502.728881835938 611.721332550049 624.039531707764 629.072654724121 462.372512817383 506.663436889648 671.824340820312 520.747005462646 687.384425163269 592.196655273438 633.94718170166 761.761394500732 1308.26577758789 796.640174865723 919.881240844727 1225.61638832092 651.640163421631 796.178924560547
-9999 -9999 -9999 -9999 660.331390380859 723.901782989502 880.971969604492 821.426349639893 724.038608551025 747.770790100098 559.150772094727 557.539833068848 409.781036376953 587.935722351074 576.776779174805 491.624938964844 567.355430603027 600.141284942627 733.901100158691 470.618377685547 460.88623046875 668.930103302002 1610.14178466797 550.99422454834 504.870025634766 504.749809265137 671.339595794678 616.003562927246 668.53210401535 623.667133331299 595.441509246826 742.481971740723 654.537467956543 668.093362808228 500.402374267578 580.882293701172 654.687561035156 601.576477050781 577.724586486816 678.188716888428 775.209644317627 557.52668762207 688.259119033813 1018.07430458069 679.206226348877 842.752540588379 1009.75509643555 813.334480285645 598.844818115234 723.514724731445
-9999 -9999 -9999 -9999 769.019771575928 908.197860717773 746.550205230713 704.871994018555 698.385368347168 578.919326782227 761.583520889282 631.022476196289 604.875289916992 578.60725402832 516.112167358398 550.030822753906 622.391063690186 433.059753417969 426.126937866211 535.190437316895 632.820989608765 814.52855682373 619.025176048279 498.382057189941 474.968910217285 600.966743469238 658.004371643066 752.368278503418 563.173980712891 586.952018737793 529.460472106934 635.914775848389 670.092973709106 684.709503173828 550.063148498535 521.981719970703 489.831588745117 693.751091003418 674.407760620117 626.834625244141 639.537017822266 587.037658691406 491.535018920898 904.670215606689 430.905364990234 751.310485839844 1017.30690002441 851.754402160645 692.657867431641 597.348236083984
-9999 -9999 -9999 -9999 -9999 761.019939422607 621.996231079102 842.315353393555 774.105968475342 761.689744949341 1041.8044128418 736.537098884583 689.473304748535 525.639358520508 456.748672485352 638.140171051025 524.011940002441 480.758895874023 469.293395996094 439.933502197266 636.0494556427 1047.80271339417 624.144820213318 764.155059814453 676.154563903809 773.689529418945 799.371711730957 788.380630493164 622.25369644165 497.015434265137 653.026824951172 677.108638763428 737.003684997559 597.599609375 694.824592590332 699.175930023193 571.266761779785 727.867761611938 783.912396430969 753.898223876953 642.79426574707 646.465713500977 617.208053588867 598.126403808594 801.259120941162 743.964088439941 752.327697753906 1260.80574035645 646.978363037109 748.677490234375
-9999 -9999 -9999 -9999 -9999 767.1868019104 702.87233543396 668.078931808472 737.757553100586 677.837387084961 1141.83310079575 690.037574768066 644.732086181641 509.539916992188 557.945693969727 556.83772277832 607.539772033691 401.13818359375 454.288848876953 505.899810791016 1237.94362258911 530.854393005371 617.270320892334 605.542728424072 647.251388549805 563.38606262207 717.473697662354 764.05542755127 769.891895294189 699.35754776001 555.447616577148 553.328666687012 644.260654449463 829.148361206055 555.769859313965 713.447032928467 643.660213470459 607.171897888184 524.124771118164 655.970497131348 665.572540283203 743.636650085449 724.190864562988 677.00952911377 718.494667053223 614.442520141602 739.761024475098 845.293872833252 632.13835144043 579.17366027832
-9999 -9999 -9999 -9999 -9999 994.490478515625 832.666763305664 692.988097190857 632.977262496948 778.291339874268 707.164962768555 675.168994903564 643.446884155273 686.133497238159 556.599609375 692.385246276855 581.26496887207 550.701293945312 577.916854858398 1031.50918579102 533.090698242188 693.453330993652 744.729866027832 665.096374511719 732.950592041016 712.337989807129 672.049160003662 719.697937011719 732.361654281616 767.883926391602 784.035133361816 715.606552124023 654.358066558838 625.781394958496 692.490406990051 688.395214080811 598.169166564941 584.265548706055 697.688477516174 667.744049072266 465.693313598633 720.366195678711 587.427757263184 817.929672241211 577.172500610352 785.323211669922 549.633087158203 614.714630126953 624.575393676758 597.524139404297
-9999 -9999 -9999 -9999 -9999 -9999 721.368072509766 792.425273895264 739.193756103516 693.720317840576 802.638523101807 778.998840332031 618.624412536621 639.667785644531 526.132629394531 717.165707588196 587.634643554688 623.764320373535 516.214492797852 562.679489135742 500.140213012695 682.880224227905 791.381462097168 708.923767089844 844.161354064941 671.258491516113 713.897028326988 868.095916748047 725.617755889893 640.325714111328 661.113735198975 733.867568969727 766.928146362305 699.891914367676 831.087554931641 703.07893371582 800.892623901367 713.83907699585 615.186019897461 720.049770355225 626.661376953125 699.040184020996 570.855392456055 766.745234489441 757.04182434082 804.575958251953 918.470733642578 930.155387878418 713.642364501953 913.818984985352
-9999 -9999 -9999 -9999 -9999 -9999 850.335399627686 1133.3532409668 1223.86611175537 532.99169921875 569.064002990723 742.102955818176 934.8388671875 681.60774230957 586.296508789062 421.23828125 518.589111328125 621.292366027832 1046.54722595215 684.383625864983 754.925857543945 711.206954956055 732.980499267578 713.623876571655 775.895099639893 600.628761291504 790.679626464844 790.797355651855 844.710998535156 749.258129119873 805.639638900757 653.415954589844 613.450073242188 818.234771728516 900.353939056396 792.368179321289 894.607322692871 720.57430267334 732.154277801514 479.814025878906 670.292186737061 653.415824890137 624.377349853516 704.539066314697 596.840301513672 673.908805847168 636.103927612305 658.65185546875 942.336807250977 576.606826782227
-9999 -9999 -9999 -9999 -9999 -9999 -9999 884.827934265137 745.826599121094 800.446022033691 454.450531005859 550.401473999023 543.249694824219 774.405624389648 664.94075012207 599.438194274902 773.323265075684 1372.73651123047 416.530853271484 590.092346191406 707.628187179565 608.484230041504 683.711912155151 634.555725097656 681.259834289551 681.618144989014 618.032913208008 1086.86945724487 819.337097167969 800.697883605957 678.75560760498 598.850173950195 536.868576049805 874.936246871948 847.954618453979 896.417266845703 839.558723449707 918.492141723633 1048.71018981934 654.026954650879 704.861877441406 630.255317687988 696.23991394043 766.070372581482 660.693923950195 614.534690856934 377.692047119141 548.099899291992 486.384140014648 646.585632324219
-9999 -9999 -9999 -9999 -9999 -9999 -9999 -9999 652.928497314453 792.701141357422 663.707855224609 462.281509399414 604.059783935547 699.694602966309 655.178649902344 627.082260131836 1412.53335571289 624.046760559082 549.300857543945 607.702331542969 663.568916320801 682.871185302734 735.391651153564 561.479568481445 755.597599029541 606.909088134766 666.88077545166 688.365724563599 812.218185424805 666.881017684937 604.445545196533 676.849287033081 529.093864440918 1022.34434509277 812.685527801514 818.747230529785 794.447662353516 1009.10341262817 930.047622680664 896.921146392822 741.668447494507 735.644484043121 715.37306022644 587.894523620605 673.636515140533 747.687927246094 572.762954711914 537.526542663574 747.093536376953 493.264060974121
-9999 -9999 -9999 -9999 -9999 -9999 -9999 -9999 -9999 1255.03142166138 1253.80091094971 1182.6856918335 526.563591003418 643.131195068359 572.680892944336 678.406692504883 722.105926513672 676.568992614746 648.102073669434 709.169570922852 636.31169128418 703.590364456177 721.355905532837 639.112197875977 606.59814453125 680.629318237305 449.623123168945 506.545387268066 604.862442016602 531.857139587402 497.058364868164 501.287284851074 500.703517913818 510.111728668213 793.344467163086 776.03742980957 807.710906982422 909.110652923584 903.601028442383 913.432731628418 1007.99421691895 786.029102325439 775.639156341553 662.226028442383 616.94419336319 395.579803466797 534.161247253418 549.499374389648 692.425239562988 491.135063171387
-9999 -9999 -9999 -9999 -9999 -9999 -9999 -9999 -9999 -9999 899.695938110352 574.91170501709 356.690704345703 632.702989578247 675.02147360146 639.771087646484 646.144287109375 643.332618713379 840.847608566284 581.656723022461 711.098461151123 632.54508972168 824.989791870117 830.085029602051 1142.39004135132 835.677529335022 501.006401062012 563.852279663086 765.837997436523 770.431785583496 623.59090423584 589.783939361572 564.096901893616 641.01197052002 791.277297973633 841.400768280029 876.55771446228 838.497489929199 870.891687393188 917.375156402588 932.209157943726 647.183284759521 712.676465988159 678.490417480469 570.972099304199 560.265090942383 557.525299072266 651.534130096436 472.583114624023 644.464537620544
-9999 -9999 -9999 -9999 -9999 -9999 -9999 -9999 -9999 -9999 -9999 1022.39131164551 937.237152099609 900.831214904785 454.37459564209 504.075263977051 601.127685546875 680.544616699219 525.556594848633 699.786136627197 891.454803466797 719.881889343262 665.698226928711 685.014030456543 979.92950630188 735.014332771301 940.485191345215 929.199706077576 685.248867034912 760.800743103027 801.253955841064 878.758842468262 674.048080444336 872.835357666016 768.583589553833 837.402462720871 875.546348571777 739.422660827637 796.492317199707 775.022315979004 1025.35707092285 685.188552856445 765.188365936279 653.77635383606 520.511459350586 536.296234130859 680.983333587646 678.574073791504 753.605743408203 753.231456756592
-9999 -9999 -9999 -9999 -9999 -9999 -9999 -9999 -9999 -9999 -9999 -9999 969.805015563965 1025.93504333496 589.763000488281 490.65104675293 609.617340087891 602.917942047119 630.163578033447 660.415531158447 693.446100234985 676.890439510345 619.608595848083 604.768241882324 806.719917297363 1015.79341125488 841.415143489838 735.269775390625 679.686985015869 754.466165542603 718.041107177734 768.012626647949 674.807327270508 713.286499023438 851.316070556641 731.897453308105 817.200136184692 816.07487487793 898.477069854736 867.402154922485 774.922149658203 760.141960144043 725.417182922363 570.381912231445 542.426696777344 621.773086547852 562.269683837891 554.326263427734 721.209002494812 768.070544242859
-9999 -9999 -9999 -9999 -9999 -9999 -9999 -9999 -9999 -9999 -9999 -9999 -9999 -9999 727.330998420715 554.048431396484 545.868209838867 950.466377258301 578.604885101318 544.775253295898 487.630752563477 497.538078308105 620.96081161499 579.152809143066 802.359748840332 914.305633544922 754.843173027039 814.819458007812 833.777149200439 804.495910644531 758.384056091309 916.304351806641 822.103446960449 674.95743560791 640.403747558594 586.509248733521 762.277603149414 977.985286712646 709.315277099609 1229.00555419922 1061.09244012833 1220.20281600952 650.908628799021 764.762023925781 621.793022155762 752.310691833496 755.598438262939 722.762953281403 739.418048858643 820.796020507812
-9999 -9999 -9999 -9999 -9999 -9999 -9999 -9999 -9999 -9999 -9999 -9999 -9999 -9999 -9999 -9999 -9999 1057.7625541687 676.714889526367 570.255844116211 722.228530883789 570.090133666992 784.289616584778 716.557670593262 801.264037132263 779.636357307434 634.909414291382 714.160911560059 912.389015197754 649.703666687012 774.65723991394 634.299270629883 572.332641601562 820.16495513916 747.376809120178 535.228187561035 653.694576263428 1015.81352233887 900.151386260986 669.298957824707 560.064981460571 1154.16858673096 647.520142555237 804.151733398438 845.510665893555 783.889377593994 690.19469833374 686.342145442963 618.144439697266 793.768524169922
-9999 -9999 -9999 -9999 -9999 -9999 -9999 -9999 -9999 -9999 -9999 -9999 -9999 -9999 -9999 -9999 -9999 -9999 -9999 -9999 1035.29814147949 687.804016113281 833.934307098389 816.118041992188 954.447395324707 974.446533203125 962.209487915039 802.722581386566 664.125579833984 746.970756530762 713.226280212402 715.829448699951 642.011894226074 592.30078125 742.338531494141 611.887775421143 759.348484039307 807.23698425293 1002.52823638916 794.427810668945 740.575172424316 736.839080810547 772.075103759766 844.149337768555 722.758622407913 588.381927490234 719.8151512146 714.929862976074 722.215877532959 696.60373544693
-9999 -9999 -9999 -9999 -9999 -9999 -9999 -9999 -9999 -9999 -9999 -9999 -9999 -9999 -9999 -9999 -9999 -9999 -9999 -9999 -9999 -9999 -9999 -9999 -9999 968.014354705811 917.821739196777 1036.0341796875 950.96361541748 918.46817111969 1010.76036071777 770.323829650879 643.601837158203 624.155323028564 550.102310180664 748.600196838379 977.222974777222 839.606746435165 818.653182983398 716.363361358643 729.364181518555 1044.20400238037 733.635456085205 740.161001205444 833.411689758301 586.486038208008 853.18733215332 733.706844329834 723.672595977783 729.948238492012
-9999 -9999 -9999 -9999 -9999 -9999 -9999 -9999 -9999 -9999 -9999 -9999 -9999 -9999 -9999 -9999 -9999 -9999 -9999 -9999 -9999 -9999 -9999 -9999 -9999 -9999 -9999 -9999 -9999 824.678443908691 887.3557472229 906.71681022644 772.685211181641 721.981214523315 650.366714477539 694.085945129395 739.510360717773 778.564743041992 854.345268249512 579.492073059082 607.234107971191 872.672698974609 683.302623748779 779.519973754883 715.698183059692 753.219223022461 783.125228881836 940.065689086914 802.968505859375 906.178268432617
-9999 -9999 -9999 -9999 -9999 -9999 -9999 -9999 -9999 -9999 -9999 -9999 -9999 -9999 -9999 -9999 -9999 -9999 -9999 -9999 -9999 -9999 -9999 -9999 -9999 -9999 -9999 -9999 -9999 -9999 -9999 1007.87557983398 859.802215576172 861.993005752563 655.489547729492 745.159743309021 929.72314453125 553.103210449219 765.089179992676 582.717126846313 1013.54870605469 833.067367553711 675.611225128174 830.62776184082 701.384061813354 786.32462310791 773.801239013672 731.847159385681 792.965713500977 760.500568389893
-9999 -9999 -9999 -9999 -9999 -9999 -9999 -9999 -9999 -9999 -9999 -9999 -9999 -9999 -9999 -9999 -9999 -9999 -9999 -9999 -9999 -9999 -9999 -9999 -9999 -9999 -9999 -9999 -9999 -9999 -9999 -9999 825.71216583252 959.649253845215 776.523307800293 757.775501251221 719.481315612793 732.404514312744 683.785774230957 776.775451660156 795.453233718872 682.641178131104 748.24488067627 652.775291442871 782.957038879395 625.653038024902 706.016267776489 657.996446609497 781.88956451416 672.070541381836
-9999 -9999 -9999 -9999 -9999 -9999 -9999 -9999 -9999 -9999 -9999 -9999 -9999 -9999 -9999 -9999 -9999 -9999 -9999 -9999 -9999 -9999 -9999 -9999 -9999 -9999 -9999 -9999 -9999 -9999 -9999 -9999 -9999 789.404182434082 1030.1033782959 610.312622070312 728.070117950439 761.536735534668 750.814515113831 775.517230987549 774.671424865723 763.386737823486 666.594554901123 769.767097473145 689.359083175659 822.284881591797 667.685832977295 731.077457427979 607.903656005859 753.695699691772
