export/dem/dem40.asc
NCOLS 350
NROWS 171
XLLCORNER 152620
YLLCORNER 418050
CELLSIZE 100
NODATA_VALUE -9999
[rows 66 to 87 of 171, columns 100 to 149 of 350]
545.561668395996 380.76184463501 531.265396118164 536.057807922363 462.69024348259 410.309368133545 380.401870727539 340.800262451172 359.882591247559 453.180799484253 629.232528686523 345.241317749023 438.332584381104 437.29963684082 406.78165435791 515.140064239502 482.507390975952 436.23775100708 514.574794769287 469.573173046112 525.803062438965 559.322532653809 503.543788909912 424.801601409912 512.705858230591 455.352687835693 359.221969604492 589.276756286621 434.623992919922 302.3955078125 418.376708984375 549.191766738892 559.800714492798 374.929443359375 542.492210388184 524.074661254883 618.45027923584 578.863203048706 536.509860992432 571.497838973999 564.442197799683 499.359451293945 640.743614196777 476.714370727539 577.454395294189 618.830581665039 640.070297241211 670.535003662109 476.184722900391 514.652854919434
420.213813781738 538.803909301758 496.62736082077 468.006398439407 375.980735778809 417.694011688232 535.540939331055 447.171821594238 677.674407958984 463.952019691467 507.244552612305 422.86939239502 419.890968322754 395.617385864258 371.864524841309 434.755813598633 392.890785217285 414.254875183105 582.417106628418 531.289142608643 574.078964233398 639.041458129883 496.898965954781 468.711946487427 477.071992874146 472.341255187988 424.928276062012 605.894592285156 347.314910888672 463.101165771484 370.457015991211 426.627967834473 516.318132400513 544.224246025085 738.890975952148 451.985534667969 643.573379516602 603.587711334229 628.79296374321 411.026596069336 516.797039031982 628.793983459473 477.104537963867 579.02773475647 548.995719909668 520.267608642578 386.470123291016 635.16911315918 401.573516845703 630.754196166992
452.471363067627 453.66613817215 500.96907043457 450.83263862133 460.26749420166 487.341249465942 534.079662322998 432.451801300049 565.095771789551 424.932280540466 438.172031402588 558.012588500977 476.540233612061 330.527420043945 497.081729888916 550.997421264648 470.703132629395 485.705955147743 546.893589019775 398.693695068359 349.44327545166 493.414391994476 549.3879737854 590.097801208496 349.765502929688 485.831638336182 492.807771682739 349.448699951172 466.425323486328 301.300231933594 568.666473388672 461.903274536133 504.934677124023 678.552169799805 472.540184020996 546.982635498047 612.700426101685 647.103015899658 452.716697692871 525.643737792969 511.960861206055 547.867134571075 559.783243536949 665.27205657959 475.078559875488 603.933576583862 627.38175201416 609.396034240723 572.971584796906 497.060653686523
675.524398803711 452.85111618042 503.13748550415 570.216842651367 535.09937286377 450.464741706848 482.506387710571 557.244483947754 444.621751785278 457.261483192444 295.403045654297 509.641151428223 437.997930526733 461.566417694092 478.923141479492 570.311416625977 403.891708374023 403.838619232178 546.638862609863 477.941041946411 455.574354171753 539.090461730957 458.872573852539 450.448165893555 579.884056091309 484.494953155518 507.913505554199 471.540416717529 475.698329925537 492.545307159424 368.873641967773 442.048263549805 511.078338623047 456.86164855957 619.792831420898 515.96257019043 453.430145263672 434.152862548828 603.12727355957 538.849308013916 638.74080657959 635.911277770996 678.447158813477 463.90625 527.253749847412 482.083282470703 512.989437103271 412.936920166016 492.626976013184 699.293106079102
394.508316040039 629.934066772461 490.773840904236 596.638473510742 585.01416015625 616.715118408203 450.298831939697 440.534996032715 545.591491699219 414.133266448975 515.999767303467 576.596496582031 514.866258621216 497.270519256592 548.955238342285 599.001899719238 464.041896820068 520.659065246582 534.284694671631 608.530563354492 509.15184211731 479.819823265076 468.628011703491 456.579689025879 488.45192527771 440.902969360352 467.872074127197 566.003601074219 635.125846862793 572.66247177124 454.644020080566 488.354053497314 480.488380432129 533.878406047821 654.625984191895 777.188385009766 513.197959899902 734.659652709961 542.909461975098 580.780607223511 562.831768035889 518.434242248535 400.828384399414 512.227867126465 754.970199584961 499.996429443359 532.524375915527 462.651611328125 575.939644813538 447.43049621582
654.133087158203 530.821117401123 538.91748046875 548.784019470215 464.988932132721 373.755767822266 593.973937988281 489.56734085083 424.424354553223 394.853378295898 419.927803039551 452.859329223633 461.830882072449 469.117263793945 520.920429229736 548.819183349609 446.457324981689 398.708656311035 459.28212928772 471.371795654297 377.337516784668 342.768997192383 540.990659713745 514.633901596069 409.027442932129 573.086013793945 494.821891784668 604.900863647461 598.10221862793 636.115356445312 547.073219299316 567.381666183472 350.417236328125 421.065361022949 446.661437988281 549.109693527222 643.715980529785 827.657028198242 545.26273727417 678.999801635742 528.969234466553 669.533653259277 663.087326049805 642.275802612305 772.449768066406 638.637794494629 638.180000305176 481.813453674316 593.776943206787 517.90111541748
568.729972839355 572.894714355469 467.205715179443 420.31706237793 497.305353164673 568.197830200195 381.453422546387 527.482685089111 499.791004180908 395.325744628906 375.347145080566 371.945434570312 404.369506835938 548.330265045166 590.005615234375 541.582092285156 502.925801277161 456.796587944031 381.410797119141 233.8232421875 503.14352440834 453.778738021851 571.697471618652 493.823692321777 505.057220935822 576.703201293945 601.785163879395 782.270385742188 537.383800506592 503.008546829224 549.696353435516 593.096567153931 540.877759933472 476.886489868164 591.563106536865 1008.33029937744 626.683456420898 858.108245849609 1032.74780273438 632.844055175781 645.337600708008 432.456130981445 515.413711547852 440.993995666504 628.202289581299 818.103881835938 630.44637298584 492.255439758301 562.489218235016 609.790992736816
662.487991333008 598.066925048828 453.93995475769 549.764678955078 428.749351501465 431.414459228516 497.468856811523 559.269416809082 384.938606262207 481.198811531067 558.301177978516 437.242328643799 516.558132171631 428.680534362793 391.811798095703 437.119789123535 576.461555480957 450.847400665283 475.552488327026 365.564544677734 469.37947499752 543.751712799072 424.846130371094 497.683904647827 472.61153793335 563.541706085205 695.556411743164 614.019157409668 514.965378761292 528.489583969116 562.836765289307 485.154531478882 557.942215919495 857.053496360779 758.5390625 717.605437278748 450.059661865234 903.589134216309 828.075065612793 640.571472167969 690.231216430664 436.959468841553 490.274541854858 508.856369018555 388.462997436523 415.409606933594 687.698379516602 639.809448242188 613.49284362793 620.08589553833
472.848304748535 537.72145652771 454.876888275146 496.305910110474 466.636829376221 507.561489105225 613.797912597656 587.8359375 399.188270568848 389.829650878906 371.05249786377 312.209663391113 436.819736480713 471.409910202026 466.120668411255 463.427995681763 514.090660095215 455.34125328064 565.110565185547 439.888599395752 375.993286132812 433.919864654541 457.847564697266 529.594417572021 596.284866333008 622.9921875 543.500787734985 667.24227142334 556.325967788696 593.559097290039 507.817267417908 383.266548156738 776.009971618652 820.000038146973 510.338241577148 742.398300170898 474.489479064941 718.686908721924 695.573894500732 617.295618057251 646.270394325256 376.001178741455 448.183809280396 495.08434677124 399.203151702881 401.425724029541 491.126136779785 516.04958152771 944.458992004395 551.165470123291
509.108678817749 405.504699707031 621.588470458984 605.033325195312 593.843597412109 553.799072265625 513.598150253296 526.568996429443 499.534351348877 344.511215209961 400.869041442871 462.177282333374 443.774635314941 451.379770278931 524.896671295166 332.524749755859 441.013366699219 529.338304519653 424.287490844727 348.264266967773 521.663362503052 658.73518371582 455.757122039795 473.130523681641 550.753427505493 433.756774902344 605.740810394287 586.127346038818 555.451290130615 496.308490753174 568.749416351318 518.090455055237 536.887329101562 623.470152854919 760.052070617676 750.744659423828 368.702270507812 410.8603515625 508.931777954102 656.72643661499 537.365119934082 441.742904663086 556.448013305664 429.316129684448 293.874069213867 423.461332321167 544.310811519623 470.743171691895 505.185733795166 710.947448730469
758.596389174461 669.066600799561 549.545085906982 495.717533588409 594.07967376709 546.468063354492 452.674848556519 442.496746063232 691.747772216797 549.129375457764 490.306820869446 350.827133178711 515.96159362793 447.840343475342 451.6389503479 523.050329208374 542.333740234375 499.465038985014 432.186965942383 529.456405639648 342.879470825195 532.537260055542 398.868431091309 620.30297088623 686.146743774414 471.495218276978 663.638870239258 663.678421020508 674.239974975586 673.914665222168 559.242370605469 555.152694702148 637.693725585938 645.117301940918 608.838216781616 609.801860809326 417.357865333557 655.639530181885 637.799819946289 656.330291748047 706.133605957031 489.748474121094 336.130561828613 490.536434173584 359.072257995605 500.218551635742 731.380786895752 648.886558532715 524.45184135437 576.90007019043
591.156869888306 506.90259552002 776.699859619141 814.979473114014 571.078742980957 598.14128112793 476.253418445587 589.516983032227 525.714748382568 566.638473510742 437.692504882812 562.371994018555 426.330348968506 512.353874206543 494.11446762085 688.438293457031 384.410629272461 720.762817382812 495.031892776489 636.488792419434 411.971858978271 581.319717407227 577.622695922852 655.857543945312 557.687690734863 732.023132324219 617.914222717285 402.171875 659.383573532104 504.048370361328 370.410186767578 458.926528930664 553.549728393555 516.456436157227 520.060035705566 643.584814071655 549.529716491699 749.119686126709 659.606704711914 634.275356292725 541.079948425293 455.333306312561 431.08744430542 536.776184082031 410.791557312012 522.772171020508 723.752674102783 452.083114922047 216.318725585938 472.685775756836
647.854850769043 533.477384567261 765.278854370117 686.319221496582 686.930938720703 754.018077850342 581.193542480469 484.297807693481 456.525398254395 502.210139751434 326.717422485352 859.851124763489 459.466014862061 462.167117118835 536.468906402588 660.698974609375 522.613348007202 601.185806274414 504.716904401779 429.092792510986 605.803848266602 515.254062652588 554.44898223877 436.984390258789 525.061276078224 610.140998840332 645.38501739502 455.551910400391 283.838272094727 376.563171386719 457.172058105469 484.908470153809 566.158645629883 423.780912399292 202.213516235352 658.080635070801 439.051774024963 608.371315002441 615.038569450378 494.623748779297 333.211059570312 470.415234565735 545.351020812988 400.868934631348 333.62760925293 538.855766296387 334.856552124023 324.026672363281 353.670097351074 490.756248474121
683.471580505371 570.103286743164 566.008113861084 645.924285888672 749.020965576172 466.833114624023 820.847014427185 448.135765075684 426.832221984863 486.778776168823 432.080062866211 459.198295593262 418.626335144043 483.212591171265 324.665328979492 569.163814544678 392.660804748535 502.518660545349 514.169300079346 390.694305419922 490.700499534607 622.549797058105 504.1247215271 699.62174987793 694.135650634766 490.653200149536 388.31282043457 323.605117797852 461.704874038696 469.673927307129 441.301624298096 428.619476318359 444.00821685791 453.054489135742 546.31485748291 671.73828125 575.613618850708 610.303990364075 395.018112182617 557.099872589111 366.829093933105 381.880439758301 437.479438781738 628.804418563843 539.013381958008 516.410331726074 415.700096130371 552.171943664551 294.037231445312 520.184345245361
606.519347190857 700.317596435547 626.682302474976 662.488124847412 574.861843109131 724.578239440918 456.494964599609 806.045234680176 346.418655395508 639.398422241211 225.790069580078 277.838836669922 593.718627929688 488.979335784912 450.652282714844 571.337175369263 653.546493530273 556.203263282776 536.146148681641 533.996660232544 566.169322967529 547.688800811768 494.923309326172 635.344711303711 579.836359024048 558.541584730148 515.770442962646 218.691604614258 359.643249511719 268.78938293457 439.366855621338 490.447234153748 538.020305633545 645.09358215332 605.54842042923 654.123455047607 531.273414611816 635.659454345703 435.79150390625 643.667041778564 515.436715126038 449.475452423096 559.086654663086 559.63302230835 462.509872436523 616.817556858063 445.445053100586 438.448078155518 421.148281097412 588.083560943604
698.608200073242 696.915229797363 519.856750488281 604.363938808441 885.72004699707 638.58030128479 630.960342407227 602.492911338806 388.175033569336 429.081199645996 415.74161529541 372.601219177246 435.579139709473 423.54411315918 510.505924224854 462.405555725098 618.180397033691 627.342910766602 569.670124053955 477.778842926025 737.489791870117 420.044540405273 565.828367233276 486.338790893555 582.377725601196 603.953632354736 633.179443359375 487.918676376343 547.087181091309 544.715126037598 357.204635620117 351.332565307617 565.607307434082 775.119537353516 674.693458557129 669.726104736328 689.277435302734 639.826713562012 451.577239990234 562.950790405273 523.685174107552 468.259401321411 626.072887420654 604.337997436523 732.15026473999 468.37109375 471.311767578125 594.479187011719 505.835018157959 545.393440246582
551.833515167236 667.133155822754 707.388366699219 798.157287597656 723.186851501465 510.229949951172 678.031656980515 673.804725646973 654.317344665527 414.315353393555 407.153175354004 488.762466430664 551.829429626465 570.73152923584 428.591796875 561.504165649414 629.482330322266 429.239303588867 444.249061584473 501.534973621368 622.764671325684 447.385765075684 587.266258239746 504.191925048828 514.364295959473 656.446105957031 666.217910766602 404.226953208447 618.654096603394 580.775964736938 679.179389953613 690.964889526367 606.416917800903 600.413156509399 749.029205322266 519.957084655762 491.849403381348 541.879169464111 589.980864524841 650.473217010498 583.181594848633 638.389892578125 482.99267578125 667.853713989258 655.63720703125 703.600204467773 590.130305290222 830.539667129517 636.635268211365 600.588935852051
417.416786193848 599.097557067871 449.108432769775 711.239860534668 723.383354187012 666.002815246582 603.780456066132 607.370553016663 627.72532081604 648.590640306473 574.385173797607 625.852638244629 693.062957763672 518.190343856812 490.905400276184 566.498947143555 579.733730316162 421.22819519043 511.901690006256 430.845314025879 455.837635040283 636.619293212891 411.52645111084 618.601951599121 655.744106292725 537.605997085571 437.206062316895 819.073509216309 508.178558349609 615.336137771606 660.894947052002 615.655841827393 624.459098815918 700.17756652832 465.797595977783 500.721200942993 342.091125488281 372.335494995117 466.845485687256 416.501495361328 332.958068847656 634.836090087891 439.893310546875 508.130201339722 544.299610137939 379.139251708984 525.196647644043 736.275417327881 684.768272399902 739.669143676758
700.444435119629 827.983825683594 746.39469909668 516.261817932129 578.003967285156 588.592174530029 528.935676574707 647.381946563721 612.792816162109 845.38969039917 348.795059204102 623.489440917969 501.742847442627 528.020360946655 483.805707931519 464.473182678223 594.38249206543 532.953769683838 441.785583496094 466.440826416016 551.834629058838 486.508660316467 593.149063110352 642.905578613281 676.116256713867 689.609252929688 571.369280815125 627.005535125732 507.019510269165 618.507751464844 651.729072570801 659.624389648438 453.414352416992 542.053337097168 328.93172454834 455.669345855713 430.926071166992 393.073112487793 584.675643920898 484.763240814209 357.359756469727 385.569778442383 432.243087768555 327.208526611328 489.322198867798 387.723129272461 831.931045532227 703.689399719238 711.698909759521 779.017532348633
757.191940307617 717.293334960938 847.136215209961 717.137317657471 650.85213470459 510.217889785767 603.881889343262 675.794311523438 678.614295959473 567.500007629395 519.855406761169 493.727571487427 550.32826423645 444.840385437012 479.073434829712 559.649188995361 629.428665161133 738.117630004883 491.980516433716 465.296882629395 442.163070678711 481.149349987507 507.057287931442 351.784774780273 550.304653167725 613.828304290771 428.835693359375 485.522310256958 439.433536529541 428.76492357254 639.827579498291 589.641539096832 506.514457702637 433.450222015381 390.533506393433 311.958717346191 568.342864990234 515.358322620392 497.415107727051 558.651683807373 447.243560791016 506.470886230469 716.655925750732 786.775207519531 812.592461585999 438.050079345703 581.542316436768 766.311874389648 465.074272155762 486.656644821167
706.522903442383 835.643714904785 765.647659301758 655.168267011642 540.846523284912 508.134559631348 463.66633605957 576.434143066406 652.48091506958 604.619047164917 677.329423904419 475.549446105957 480.23267364502 699.495223999023 467.43000793457 772.932556152344 683.712463378906 692.884826660156 555.200290679932 541.718109130859 408.884216308594 537.986684799194 550.836421966553 490.428134918213 600.084129333496 550.354034423828 440.103233337402 529.50754904747 530.565237045288 463.285062789917 702.805908203125 675.943187713623 530.839744567871 474.302303314209 348.258270263672 463.703666687012 370.254943847656 424.246566772461 637.161560058594 628.65896987915 458.463790893555 550.844318389893 846.968650817871 854.618301391602 810.810274124146 566.305263519287 566.279037475586 628.699287414551 671.761070251465 497.75280380249
-9999 -9999 539.506286621094 867.975855827332 520.214462280273 747.744247436523 729.205841064453 387.416969299316 421.262329101562 634.149230957031 448.95719909668 553.026762008667 591.85945892334 532.837578773499 742.181335449219 549.271258354187 603.045555114746 739.505599975586 585.800731658936 476.165439605713 315.402221679688 486.363679885864 508.545594930649 530.590528488159 607.171081542969 484.179122924805 457.060600280762 601.462005138397 617.647743225098 559.218204498291 360.692657470703 659.836853027344 647.029132843018 319.850173950195 233.737426757812 275.719131469727 484.877052307129 624.088562011719 682.560729980469 629.344932556152 608.70825958252 613.824012756348 839.391900062561 1191.41007232666 967.330112457275 835.159042358398 641.762184143066 -9999 -9999 -9999
