export/dem/dem47.asc
NCOLS 350
NROWS 171
XLLCORNER 152620
YLLCORNER 418050
CELLSIZE 100
NODATA_VALUE -9999
[rows 44 to 65 of 171, columns 200 to 249 of 350]
705.768402099609 752.140741348267 609.091026306152 571.216237068176 664.655479431152 636.960823059082 626.551937103271 714.790559768677 633.975524902344 666.730728149414 683.292961120605 619.048767089844 665.720930099487 815.974884033203 488.190124511719 462.956253051758 421.281784057617 512.073509216309 411.448928833008 425.359268188477 487.369537353516 664.140983581543 669.106346130371 531.929733276367 603.367735624313 730.008163452148 709.069831848145 790.057479858398 703.765396118164 741.795021057129 729.797355651855 772.341506958008 1145.3511505127 501.751815795898 683.872554779053 663.676561355591 498.778900146484 649.684573173523 604.728881835938 702.456020355225 846.15788269043 611.482940673828 670.671402931213 563.063652038574 699.005027770996 618.326049804688 668.131416320801 723.922018051147 554.191207885742 575.967948913574
1016.19091033936 1537.05474853516 1019.24184417725 831.289623260498 848.953750610352 982.070374488831 889.216461181641 780.504901885986 618.692520141602 586.676742553711 652.202835083008 599.404968261719 599.409736633301 972.850120544434 693.871209144592 821.532760620117 631.825973510742 556.888961791992 427.083419799805 481.31275177002 490.420776367188 405.897583007812 637.928951263428 503.535232543945 509.690452575684 570.538602828979 626.692804336548 726.708946228027 795.334777832031 713.233348846436 865.151519775391 736.422775268555 679.173199176788 651.431992053986 638.126274108887 469.531829833984 477.87678527832 580.732490539551 833.96223449707 761.504367828369 853.330490112305 716.769283294678 712.356454849243 550.291641235352 819.465240478516 715.344682693481 744.128986358643 607.77613067627 806.273513793945 565.621795654297
690.958145141602 889.475839614868 1439.08373260498 931.12385559082 567.311218261719 773.471969604492 716.853720188141 734.304222106934 584.605458378792 832.477661132812 643.379676818848 490.814262390137 678.761117935181 750.873329162598 654.130653381348 807.25745010376 1327.55123901367 588.253005981445 343.830627441406 475.851997375488 551.011569976807 458.588790893555 610.56699180603 662.042411804199 599.629323959351 515.379035949707 755.523254394531 752.067001342773 645.233144760132 746.047500610352 681.867057800293 696.484924316406 590.507259368896 539.449562072754 485.413269042969 579.703689575195 626.09423828125 608.560695648193 712.812774658203 730.549201965332 660.815500259399 842.592193603516 689.306985855103 678.406120300293 569.880424499512 644.463687896729 600.306449890137 606.473518371582 660.021469116211 696.791367530823
497.03324508667 549.026824951172 852.856803894043 1177.74446868896 732.75830078125 533.512603759766 796.622894287109 754.490180969238 540.29084777832 670.451774597168 683.054489135742 654.391914367676 531.819240570068 626.911270141602 542.08464050293 951.962884902954 1139.32205200195 1825.30346679688 1311.92972564697 611.200096130371 485.891441345215 498.119857788086 669.558124542236 634.635637283325 546.474742889404 726.679985046387 707.967025756836 686.634407043457 703.310905456543 621.999752044678 797.289405822754 746.223266601562 653.21533870697 602.943382263184 523.358871459961 699.56237411499 656.746287345886 615.931545257568 688.576134681702 841.798065185547 697.862342834473 784.946868896484 563.869552612305 574.983497619629 635.750644683838 607.875923156738 620.86270904541 610.601829528809 653.528564453125 622.252655029297
765.626922607422 526.372673034668 728.382978200912 686.665714263916 649.961536407471 777.44750213623 626.452801704407 829.930450439453 696.283100128174 569.724960327148 555.348728179932 554.515568733215 639.806602478027 559.010931015015 526.602752685547 743.389369010925 1179.67502593994 1257.03074645996 1039.47315979004 996.185110092163 662.15803527832 641.670817375183 695.30110168457 572.480110168457 530.161811828613 440.896942138672 551.40128326416 528.366920471191 601.349868774414 617.036338806152 935.435913085938 821.692077636719 581.606178283691 705.166061401367 683.287628173828 724.634353637695 594.504573822021 629.245738983154 644.534797668457 677.327067375183 768.123458862305 934.770652770996 737.010520935059 536.910766601562 656.312026977539 636.474216461182 505.881942749023 483.422149658203 505.440841674805 709.39758682251
648.92253112793 568.683517456055 563.346778869629 624.100803375244 711.101470947266 625.713723182678 763.293605804443 630.423942565918 684.670377731323 668.421670913696 667.900520324707 568.020931243896 619.796268463135 633.360641479492 662.620956420898 748.39900970459 916.92663192749 1270.24559402466 1899.30480623245 1500.12065887451 797.889911651611 808.028872013092 498.931533813477 497.830696105957 589.448446273804 552.57048034668 588.050918579102 534.724575042725 738.866233825684 611.624992370605 629.560562133789 710.110084533691 882.008193969727 809.615005493164 638.780915498734 666.449081420898 583.349899291992 765.240547180176 589.534614562988 572.98274230957 657.656064987183 739.420463562012 660.466115951538 894.631362915039 990.70458984375 905.78874206543 773.627464294434 506.147384643555 559.620254516602 644.458290100098
641.398448944092 557.578979492188 600.742197334766 645.152332305908 532.768888473511 573.954597473145 596.862641334534 696.823547363281 651.85179901123 599.967956542969 688.727157592773 506.886753082275 562.799652099609 624.23112487793 596.562671661377 756.922088623047 815.373043060303 1171.89730072021 1620.16191101074 1727.17290878296 780.442649841309 706.06502532959 691.220394134521 470.866577148438 557.614448547363 623.946387290955 571.786151885986 680.271064758301 591.721618652344 499.841369628906 780.027404785156 709.499214172363 916.562408447266 901.276351928711 714.432680130005 549.846649169922 736.409629821777 691.437133789062 644.501289367676 687.703009605408 618.020748138428 691.57626914978 542.199325561523 699.142137527466 1047.69760513306 1239.49267578125 672.568344116211 573.137710571289 639.729885101318 697.196014404297
709.228507995605 709.895317077637 634.075127124786 512.742614746094 607.618680715561 621.313827514648 685.432453155518 727.656448364258 662.014804840088 690.981513977051 628.787479400635 489.052597045898 494.536445617676 758.464447021484 768.854370117188 757.048278808594 829.676376342773 1042.24947357178 1362.84320068359 1229.26077270508 1350.63920593262 696.264068603516 613.481275558472 584.041845321655 583.413776397705 710.037162780762 642.591781616211 765.145416259766 537.063720703125 614.047166824341 564.303970336914 708.285865783691 707.392112731934 699.153720855713 554.396270751953 834.324234008789 766.898551940918 590.472961425781 635.690589904785 724.962078094482 618.486686706543 719.112770080566 613.16675567627 680.072678565979 999.920026779175 612.654556274414 940.303672790527 1232.05379486084 719.770538330078 775.220001220703
582.25514793396 694.979156494141 580.353210449219 667.498783111572 630.891731262207 568.378730773926 837.813861846924 771.985664367676 653.541832923889 654.32975769043 693.232177734375 767.050704956055 443.70002746582 674.245697021484 734.461151123047 597.119953155518 680.995445251465 972.795486450195 905.697265625 1649.13588142395 2037.45376586914 1353.80186462402 606.385566711426 646.492864608765 506.605087280273 642.67387008667 333.142364501953 619.014754295349 460.137969970703 699.900283813477 595.441215515137 628.157878875732 655.264671325684 753.714775085449 644.554854869843 532.436241149902 612.068950653076 643.045654296875 671.408874511719 607.199871063232 497.158477783203 658.018088340759 656.312440872192 717.934310913086 415.851867675781 759.980881690979 556.671829223633 568.016708374023 1029.44357299805 1075.67098999023
595.977359771729 636.781589508057 430.436096191406 665.442216873169 462.151542663574 507.76538848877 877.720718383789 565.977485656738 567.870264053345 610.738426208496 616.025177001953 710.546325683594 580.368637084961 512.974967956543 658.249549865723 705.646072387695 569.427862495184 646.25018119812 984.119468688965 1056.35131835938 1099.41249084473 1329.43142795563 1563.61057662964 908.519046783447 719.474849700928 649.32700920105 604.140371084213 670.634338378906 731.258087158203 678.953353881836 680.461647033691 492.40803527832 624.340057373047 727.146858215332 650.07127571106 691.189590454102 580.795295715332 654.324747085571 689.87260055542 663.615349769592 618.11403465271 726.32559967041 701.297138214111 705.717094421387 707.618309020996 698.108360290527 544.178253173828 938.55073928833 817.738510131836 497.659332275391
706.70630645752 627.622226715088 707.224578857422 480.335876464844 534.666187286377 750.032279968262 675.66690826416 476.199737548828 688.022508382797 717.53652715683 454.96607208252 652.265434741974 581.194297790527 597.395658493042 601.678303539753 607.619717359543 632.797866821289 633.779491424561 483.201904296875 673.016624450684 813.814735412598 1187.3510017395 1618.17596435547 763.540069580078 856.072276711464 653.630443572998 602.53715801239 536.851127624512 633.509590148926 611.222136497498 838.084915161133 681.965591430664 833.024826049805 692.498996734619 752.430946350098 592.850379943848 834.54621887207 793.386344909668 778.197967529297 697.723896026611 749.06534576416 623.96887588501 603.479843139648 645.583998680115 858.09130859375 667.383790969849 602.51586151123 561.675476074219 624.739818572998 698.272715568542
659.206470489502 684.33829498291 485.755401611328 605.426235198975 572.002225875854 459.042205810547 656.907623291016 527.600219726562 673.107767105103 608.533248901367 595.056938171387 605.632910728455 652.363082885742 667.465671539307 837.452560424805 538.430530548096 528.012084960938 596.748741149902 404.998962402344 554.667015075684 774.468915462494 1035.31006622314 998.013809204102 1302.36629486084 795.839492797852 627.196493148804 658.529529571533 711.090194702148 634.625471115112 710.376029968262 482.182182312012 732.180374145508 740.303276062012 766.57600402832 665.637004852295 755.016326904297 692.087715148926 741.016899108887 761.048835754395 720.439567565918 674.074607849121 566.578346252441 707.488246917725 602.154758453369 766.20902633667 806.98616027832 665.660316348076 648.151604175568 441.151947021484 609.261444091797
618.538970947266 633.440835475922 635.376373291016 650.496425628662 651.317510604858 547.887054443359 532.699073791504 734.818885803223 664.199890136719 716.128121852875 714.076160430908 782.198287963867 663.825336456299 622.61728477478 651.582000732422 731.909902572632 673.88941192627 699.04451751709 724.296268463135 782.055755615234 906.223079681396 882.399002075195 927.220504760742 980.997951507568 724.519287109375 646.189561843872 593.143363952637 806.982955932617 613.558029651642 520.821586608887 529.684516906738 622.192804336548 665.389980316162 633.790162801743 736.809638977051 661.325817108154 620.020405769348 664.302629470825 551.687240600586 625.945731163025 528.195556640625 669.559081792831 666.668691635132 889.738571166992 777.163436889648 700.311710357666 631.31251335144 584.860443115234 580.28311920166 724.82905960083
639.13712310791 643.494817733765 531.765716552734 578.312240600586 614.024957610294 587.313018798828 591.236898183823 782.7646484375 717.556251525879 709.643352508545 729.005180358887 813.703090667725 706.525604248047 812.765197753906 604.402437210083 698.571548461914 712.653232574463 968.564926147461 814.963987827301 655.658447265625 798.641867637634 792.388999938965 797.65503692627 908.855849266052 744.14139175415 721.017776489258 674.612297058105 754.981552124023 599.972847914323 661.50513458252 568.307682037354 575.292625427246 625.632004737854 598.606706619263 596.501266479492 590.54679107666 682.125713348389 578.644039154053 637.482934951782 594.693756103516 668.804695129395 663.309430122375 675.327068328857 715.52791595459 794.324531555176 802.755523681641 603.090473175049 463.327941894531 552.641296386719 648.787811279297
655.316963195801 657.28536605835 616.070198059082 797.8349609375 573.106132507324 600.798606872559 769.761825561523 644.494818806648 752.325218200684 650.78308391571 739.517595291138 570.297698974609 773.222606658936 798.973747253418 668.273277282715 783.176536560059 723.969209671021 801.542921066284 728.369426250458 847.785774230957 831.645174384117 823.146044969559 994.124465942383 881.474544525146 691.70777130127 729.694282531738 648.609066009521 597.03014755249 529.142791748047 611.975564956665 398.920989990234 903.329002380371 665.504510879517 745.131698608398 626.03729736805 795.984146118164 598.597814559937 757.918838500977 621.170754432678 532.317810058594 710.608726501465 507.599296569824 766.692058563232 803.175979614258 630.071727752686 680.810638427734 565.58438873291 539.259552001953 721.791160583496 569.790489196777
557.680618286133 574.5520362854 651.607330322266 720.746658325195 783.541030883789 758.474456787109 588.603176116943 520.084167480469 632.318071365356 581.897071838379 647.838417053223 665.791130065918 638.284629821777 583.79712677002 731.740142822266 665.053789138794 605.008178710938 681.779819488525 755.871808052063 812.195319131017 856.227699279785 870.235218048096 1033.49914550781 769.094856262207 720.021156311035 608.436122894287 621.486594676971 486.82275390625 404.727035522461 433.697525024414 841.238368988037 594.680068969727 808.095707893372 791.892074584961 881.825332641602 695.089626312256 745.933685302734 518.907066345215 726.208305358887 723.88404083252 625.203342556953 717.239191055298 631.650559902191 753.810501098633 767.183151245117 689.188800811768 596.893741607666 821.25212097168 665.618222236633 608.563720703125
625.69043636322 548.407997131348 775.786987304688 673.077215194702 797.380737304688 767.755081176758 698.062339782715 637.067363739014 830.056411743164 705.915096282959 728.380661010742 611.649677276611 660.457534790039 778.162506103516 744.719902038574 615.2861328125 771.135986328125 589.988082885742 664.436225891113 910.991729736328 1025.40071105957 968.477645874023 690.231132507324 683.152565002441 681.448265075684 531.477722167969 553.190784454346 651.062316894531 491.693572998047 789.421409606934 690.438232421875 501.005378723145 479.741966247559 762.912948608398 771.078994750977 884.354778289795 698.819774627686 814.097457885742 599.640699386597 652.534130096436 596.96907043457 562.695091247559 654.306524276733 698.892295837402 772.040466308594 671.203960418701 618.96280670166 602.453960418701 723.664489746094 770.668167114258
585.857099533081 688.035507202148 703.40608215332 753.226467132568 606.569986343384 757.083847045898 830.55354309082 553.628189086914 769.517822265625 649.950012207031 632.880024909973 572.042705535889 653.901756286621 708.080432891846 760.124794006348 758.500801086426 763.557680130005 814.256057739258 699.564067840576 889.973819732666 854.250831604004 705.790901184082 774.737503051758 608.10372543335 742.803611755371 787.95637512207 648.514350891113 539.653984069824 504.336471557617 733.771064758301 612.41242313385 602.565586090088 703.762809753418 790.684753417969 584.901245117188 748.356014251709 710.439498901367 674.948371887207 782.164943695068 719.332908630371 785.729530334473 655.700450897217 665.307624816895 570.308235168457 616.331222295761 734.034332275391 752.770164489746 677.760196685791 860.909469604492 677.129495620728
640.410664856434 669.134155273438 703.754814147949 725.468353271484 738.771903991699 625.205181121826 820.848403930664 525.12882232666 654.697574615479 618.282009124756 728.094291687012 749.393218994141 632.38659286499 615.208436012268 772.339782714844 868.152488708496 688.699310302734 772.959075927734 635.055459976196 592.553272247314 800.783660888672 801.538558959961 706.91520690918 575.586547851562 561.397018432617 541.541870117188 575.74393081665 663.087006092072 561.895477294922 814.643093109131 521.894500732422 611.047020435333 596.317111968994 468.555526733398 730.520790100098 639.232440948486 793.366630554199 1168.68138885498 1082.47728347778 734.221813201904 587.947525024414 568.211296081543 690.915554046631 772.485946655273 700.884481430054 685.154895782471 705.251991271973 747.293304443359 697.833290100098 701.929141998291
521.018417358398 777.934188842773 547.518337249756 744.438690185547 709.055374145508 803.43571472168 777.406600952148 696.836738586426 614.27255821228 734.834671020508 672.524723052979 608.105020523071 712.379249572754 489.555130004883 683.104515075684 680.280857086182 664.312484741211 597.021129608154 658.954893112183 609.008296012878 822.41096496582 773.647888183594 692.107006072998 581.511929452419 688.145606994629 508.299201965332 490.567001342773 562.665473937988 607.340135574341 614.249404907227 576.116607666016 570.585090637207 643.91869354248 642.261639595032 664.174537420273 779.573028564453 633.399733543396 962.017444610596 753.5927734375 470.348815917969 646.041376113892 749.291549682617 639.504398345947 703.280891418457 744.569984436035 638.515986442566 780.743560791016 829.883605957031 633.180727005005 741.362213134766
657.227437973022 842.860778808594 577.907531738281 605.505252838135 692.155010223389 703.065208435059 711.907871246338 551.490348815918 691.835071563721 632.322996139526 621.159513473511 621.991161346436 511.782165527344 666.957870483398 545.641059875488 609.213920593262 544.35933303833 782.561763763428 589.446495056152 553.658962249756 547.517784118652 664.024158477783 625.050231933594 527.273834228516 648.345245361328 459.880065917969 561.163450241089 627.668912887573 733.705444335938 724.270050048828 703.796179771423 596.312911987305 565.079494476318 479.239791870117 522.697898864746 609.707633972168 652.864580154419 975.529960632324 665.805006027222 635.460398197174 607.987329483032 656.85179901123 693.535119056702 798.359741210938 633.879295349121 582.246410369873 663.870716094971 774.931350708008 697.013626098633 621.939447402954
799.220809936523 640.440032958984 607.912940979004 690.904163360596 734.31275177002 641.994915962219 625.2034034729 665.617015838623 611.155361175537 469.945384979248 594.188339233398 713.450714111328 555.735084533691 789.270812988281 650.251247406006 580.006454467773 588.903190612793 596.572441101074 720.104225158691 506.543098449707 343.668914794922 463.012908935547 576.347221374512 704.178314208984 648.219728469849 591.105079650879 624.044500350952 569.971862792969 694.734931945801 472.042602539062 651.386627197266 684.949113845825 636.589407920837 629.040821410716 672.659397125244 890.236124038696 905.695192217827 783.328796386719 645.316349029541 588.408191680908 507.588516235352 656.715494632721 572.950012207031 611.843555450439 505.546646118164 714.11483001709 712.842872619629 704.705604553223 652.627477645874 631.067771911621
