export/dem/dem48.asc
NCOLS 350
NROWS 171
XLLCORNER 152620
YLLCORNER 418050
CELLSIZE 100
NODATA_VALUE -9999
[rows 66 to 87 of 171, columns 150 to 199 of 350]
591.297737121582 576.8916015625 484.317436218262 682.646362304688 502.796535491943 505.677684783936 564.376745223999 526.455148696899 489.763618469238 427.962310791016 548.168287277222 590.477709770203 591.8528881073 717.987335205078 610.131042480469 640.024063110352 741.627746582031 583.826627731323 604.9697265625 750.426239013672 567.965365409851 554.485193252563 470.240249633789 557.345970153809 590.132883071899 686.996002197266 544.081600189209 587.045509338379 673.31876373291 708.28133392334 804.730651855469 628.784070968628 538.677158355713 639.636123657227 607.999140739441 627.409960389137 561.797885894775 554.608551025391 573.41145324707 707.760932922363 682.285865783691 578.166133880615 627.553428649902 767.562362670898 793.506118774414 605.880199432373 535.932907104492 646.584159851074 695.812530517578 672.156062602997
544.612424373627 465.635688781738 555.941608190536 461.46688079834 582.00740814209 486.166339874268 508.800231933594 564.727249145508 471.255149841309 474.054710388184 461.788719177246 575.692403972149 600.211357116699 574.378643512726 497.651908874512 621.898929595947 507.628120422363 631.430862426758 651.021575927734 601.420627593994 583.772143363953 499.897903442383 585.957455635071 538.96817779541 606.127578735352 628.550609588623 582.194591522217 595.917759895325 526.286270141602 634.908918380737 659.476295471191 722.368804931641 745.347259521484 473.654220581055 597.486552238464 545.024642944336 497.442985534668 688.094215393066 635.0511302948 586.309710502625 497.936599731445 625.401073455811 622.049845933914 678.23438835144 582.988121032715 782.982452392578 749.062301635742 779.749267578125 610.032041549683 588.71382522583
503.272792816162 552.455072402954 609.544654846191 618.008186340332 512.356521606445 389.131042480469 488.589546203613 680.480773925781 443.653755187988 440.625961303711 545.14661026001 535.238737106323 576.462131500244 503.073554992676 601.445108413696 670.70548248291 552.734558105469 560.819736003876 619.42845916748 628.312950134277 594.143688201904 526.159744262695 599.960067749023 548.298816680908 605.754236221313 551.539350509644 606.498668670654 544.215087890625 679.349281311035 463.704872131348 515.681983947754 731.731620788574 646.701877593994 566.116966247559 652.597400665283 533.439727783203 654.859817504883 550.310539245605 583.241111755371 603.287303924561 657.367824554443 661.562675476074 565.447448730469 709.246482849121 593.399872839451 706.138385772705 831.02864074707 684.176635742188 605.947135925293 618.074216842651
437.630226135254 685.783996582031 443.702461242676 503.670539855957 515.782152175903 389.822296142578 410.5791015625 468.829391479492 555.435459136963 603.902052164078 405.074020385742 520.815284729004 493.745544433594 515.10559463501 446.442481994629 325.363342285156 601.138919830322 598.268100738525 594.500450134277 602.862323760986 487.687042236328 451.73078918457 556.361568450928 474.052032470703 570.876993179321 504.484992980957 394.991485595703 349.009887695312 641.828929901123 655.405738830566 502.146598815918 558.80973815918 615.909135818481 608.957759857178 561.078067779541 412.448654174805 650.546463012695 585.904556274414 703.234069824219 752.420288085938 691.348945617676 717.327575683594 478.337173461914 681.57006072998 691.074893951416 728.285385131836 652.116966247559 610.631256103516 628.839025497437 607.235992431641
663.503440856934 708.634689331055 490.545906066895 541.453449249268 565.122226715088 440.224830627441 493.536659240723 437.682151794434 517.556407928467 530.080189704895 345.863952636719 444.999786376953 424.47518157959 457.556777954102 357.588409423828 445.031700134277 534.509010314941 529.227241516113 604.164823532104 572.91895198822 593.53453874588 552.092353820801 564.76882648468 612.670033454895 615.733282089233 608.243163108826 600.691082000732 560.014846801758 625.043193817139 567.557399749756 564.139810562134 472.126739501953 667.44856262207 575.507033348083 628.85033416748 575.953062057495 485.824363708496 566.165203094482 629.072994232178 638.967248916626 660.429229736328 748.254470825195 657.747436523438 652.59001159668 731.440567016602 707.805961608887 631.591413497925 628.728637695312 632.323766708374 530.240127563477
573.644021987915 581.384419441223 469.532287597656 534.176627159119 537.09100151062 485.861267089844 474.170310974121 520.812633514404 383.579818725586 538.703245162964 536.052000045776 407.84342956543 491.577850341797 384.011672973633 610.879432678223 645.355209350586 560.055913925171 558.35629940033 497.524047851562 532.89294052124 551.001220703125 607.612096786499 495.858268737793 601.358958005905 698.783760070801 621.883304595947 514.512580871582 462.106147766113 584.212259292603 561.687664031982 483.062103271484 454.043640136719 598.474158763885 727.027877807617 588.200584411621 506.591590881348 614.879749298096 608.599336624146 663.399936676025 743.446502685547 641.399730682373 645.939912796021 727.231979370117 613.408590316772 547.992790222168 709.569374084473 589.358375549316 668.206909179688 710.811752319336 548.95401763916
612.271766662598 466.69938659668 499.466411590576 454.43034362793 657.878715515137 531.540012359619 361.183929443359 515.043216705322 308.966583251953 488.044715881348 564.505281448364 507.517700195312 492.766929626465 451.195579528809 597.114719390869 534.375954627991 693.971725463867 446.794891357422 594.049728393555 338.939178466797 594.42033290863 575.972297668457 655.553737640381 554.878204345703 735.468414306641 584.556931495667 399.842132568359 611.071358919144 464.092132568359 535.413917541504 541.805898666382 688.219116210938 506.447982788086 505.655246734619 625.541044235229 598.573050022125 623.098320960999 640.787307739258 610.099665641785 569.601148605347 707.257217407227 755.424057006836 591.227234840393 564.889839172363 714.056655883789 629.906648635864 716.124046325684 707.38151550293 714.431076049805 448.662246704102
441.464088439941 472.344123840332 504.187557220459 569.809576034546 508.507488250732 532.088104248047 392.054061889648 490.330032348633 462.042869567871 422.157669067383 568.171178817749 532.176963806152 451.097434997559 441.144134521484 502.763927459717 541.068298339844 713.63533782959 570.985261917114 731.916320800781 626.387705802917 490.091125488281 611.175664424896 741.793571472168 635.995615005493 487.141395568848 519.660774230957 531.599060058594 593.618877410889 585.210431098938 489.633346557617 613.730497360229 582.471021652222 681.281143188477 565.594646453857 553.938808441162 708.02262878418 557.22912979126 664.689590454102 531.440418243408 667.909317016602 604.046778678894 732.634689331055 657.576717376709 625.139144897461 615.669319152832 661.186630249023 553.647655487061 672.524742126465 802.351623535156 703.16662979126
510.415042877197 331.713165283203 374.080947875977 625.227527618408 456.096389770508 610.578540802002 375.261077880859 444.68009185791 501.537307739258 655.955539703369 489.179130554199 448.585472106934 481.544898986816 692.550842285156 587.770402908325 604.911891937256 478.706092834473 621.731494903564 726.986724853516 680.676155090332 530.707847595215 671.106624603271 605.232013702393 704.755043029785 553.37406539917 582.70267868042 457.725296020508 534.701591491699 588.370515823364 642.261856079102 471.037872314453 606.214231491089 561.896240234375 612.140745162964 562.595273971558 682.990203857422 569.250749588013 652.985599517822 633.447273254395 638.609672546387 540.24760055542 577.050051689148 602.471872329712 756.461929321289 633.993438720703 697.205223083496 787.339736938477 622.413877487183 641.544494628906 547.161468505859
660.814208984375 563.640417575836 650.331039428711 618.528800964355 606.731204986572 444.319526672363 645.868675231934 558.831844806671 554.925369739532 535.444496154785 589.258743286133 658.341613769531 601.370063781738 591.509351730347 671.503204345703 484.415878295898 570.232875823975 600.417268633842 644.473320007324 593.448592185974 693.594345092773 443.093933105469 585.001831054688 530.513511657715 604.003356933594 485.315711975098 540.851638793945 561.337203979492 643.623199462891 555.015449523926 603.141130447388 629.809795379639 691.775016784668 560.894565582275 610.673568725586 712.242141723633 719.737838745117 645.611309051514 637.591724395752 632.172756195068 610.498344421387 769.091400146484 612.160200119019 703.502326965332 596.352957725525 718.765296936035 677.924179077148 579.37518787384 579.642053604126 631.13440322876
676.523670196533 640.479272842407 780.497899055481 1110.74085998535 541.706115722656 545.363586425781 650.363475799561 594.900303840637 619.233539581299 477.284591674805 765.603759765625 501.229835510254 732.217910766602 492.745445251465 659.337173461914 520.652770996094 516.128463745117 615.099315643311 684.21475982666 605.436932563782 450.471984863281 670.357898712158 548.887634277344 617.185807704926 639.579170227051 498.304306030273 439.366790771484 619.496369838715 335.777252197266 517.220855712891 626.400011062622 408.467544555664 623.481204986572 575.926079750061 545.076057434082 579.527980804443 645.686672210693 763.283584594727 621.319507598877 663.216789245605 731.197498321533 608.688027381897 685.442710876465 507.706748962402 723.402305603027 618.519563674927 830.663543701172 648.310817718506 453.528366088867 462.053802490234
613.472045898438 625.339160919189 795.637161254883 891.659790039062 755.956344604492 696.580961227417 737.097442626953 675.128349304199 548.973087310791 648.947563171387 643.010322570801 604.662635803223 721.666625976562 624.016677856445 384.504989624023 627.705112636089 600.973625183105 585.629707336426 626.729167938232 669.793642044067 622.88812828064 608.118366241455 559.270805358887 612.078853607178 695.399833679199 682.163688659668 620.581828594208 528.658554077148 597.931524276733 570.64054107666 621.490200042725 546.449699401855 479.89387512207 616.961959838867 611.073346138 519.502586364746 705.968681335449 544.154647827148 579.06551361084 665.386642456055 498.314292907715 601.870839595795 682.837829589844 713.582504272461 583.609826087952 551.29467010498 591.257863521576 476.209686279297 486.925155639648 652.351322174072
591.188062667847 539.832935333252 677.780807495117 639.668727874756 861.674713134766 620.609046936035 684.864875793457 663.988319396973 619.616550445557 591.559459686279 616.01208114624 661.500640869141 487.751052856445 459.127334594727 549.171112060547 508.59171295166 576.591567993164 632.221507072449 689.678520202637 755.154510498047 621.556787490845 683.551406860352 590.19226026535 423.936294555664 550.502763748169 550.78670501709 599.334127426147 775.247192382812 634.913906693459 454.384857177734 602.826908111572 531.63892364502 773.265975952148 576.878784179688 507.662574768066 616.841711044312 654.457977294922 636.727584838867 737.182907104492 511.602355957031 627.286694526672 684.945533752441 548.646194458008 642.277870178223 601.734773635864 665.384078979492 525.796653747559 461.093933105469 672.994289398193 643.794807434082
559.370820999146 351.975059509277 652.376510620117 636.469551086426 780.64094543457 609.671996116638 639.674083709717 404.701354980469 713.830436706543 727.781593322754 642.480158805847 663.222633361816 544.131900787354 623.776119232178 791.661911010742 579.08179473877 597.007404327393 705.829485416412 854.282119750977 683.019886016846 740.802680969238 735.075256347656 609.748299598694 568.342750549316 645.134452819824 603.510271549225 553.545860290527 632.772542953491 693.745044708252 627.131778717041 664.691074371338 617.445945739746 847.592025756836 735.008668899536 728.085357666016 663.28649520874 732.804428100586 721.814453125 544.136623382568 570.221073150635 676.105995178223 707.280059814453 800.783874511719 602.489807128906 569.446435928345 690.099601745605 506.387031555176 465.964096069336 615.157534599304 615.10009765625
506.648620605469 395.077243804932 488.190242767334 890.263511657715 909.646728515625 504.130187988281 529.020664215088 765.571655273438 810.03564453125 715.201026916504 606.041026115417 536.74063873291 717.064186096191 876.938814163208 754.306823730469 458.262619018555 670.114664077759 644.300331115723 592.625267982483 770.01985168457 743.980224609375 654.167209625244 679.967277526855 554.216989517212 564.683835983276 612.03910446167 600.856349945068 559.879257202148 737.714958190918 575.261859893799 579.634593963623 621.670719146729 696.449340820312 814.019866943359 656.715257644653 615.526733577251 717.384071350098 547.364212036133 818.667083740234 754.917785644531 706.89054107666 609.934968948364 614.023748397827 612.446686983109 589.421705245972 666.338275909424 548.438568115234 644.993745803833 605.546573638916 572.777839660645
851.784774780273 758.232421875 554.133714675903 1048.51133728027 834.628967285156 654.60262298584 581.961639404297 604.811637878418 615.634605884552 572.98307800293 604.34496307373 903.400100708008 587.442031860352 1017.92803192139 731.126739501953 726.37056350708 747.600212097168 765.061275005341 766.930641174316 722.702865600586 671.560129165649 637.781262397766 566.999817848206 532.040132522583 696.391048431396 518.675903320312 613.774578094482 781.304298400879 545.838768005371 779.417945861816 740.6064453125 524.266906738281 702.063018798828 599.42497253418 690.170463562012 643.547748565674 725.455024719238 567.702566146851 691.772705078125 634.224609375 662.92407989502 582.687437057495 616.228931069374 568.55638885498 487.718048095703 744.945747375488 584.32958984375 884.86930847168 717.735008239746 743.163558959961
871.863922119141 645.766487121582 668.078231811523 999.081024169922 987.407836914062 801.558788299561 744.444315910339 831.652442932129 825.059135437012 1019.67276859283 593.392873764038 448.127532958984 561.199045181274 563.798812866211 554.409942626953 719.666915893555 532.663993835449 686.154409408569 776.364250183105 631.978015899658 648.155736446381 583.421096801758 618.573268890381 780.324142456055 709.360740661621 804.577156066895 781.540199279785 724.215042114258 608.990398406982 721.592643737793 703.188400268555 542.688957214355 775.266525268555 656.955261230469 685.506198883057 555.319480895996 574.44114112854 700.818561553955 614.319410324097 613.602893352509 638.019445419312 746.238189697266 764.564933776855 709.148010253906 526.641799926758 611.490116119385 607.313739776611 596.213108062744 704.357429504395 582.443511962891
675.029663085938 685.617614746094 613.88578414917 630.009544372559 718.296340942383 747.947273254395 565.627955436707 882.461204528809 758.389083862305 975.791000366211 380.096099853516 220.703277587891 478.885482788086 525.244342803955 540.74365234375 467.485525131226 670.962474822998 766.606430053711 660.256149291992 877.404083251953 555.520011901855 600.571159362793 662.467834472656 642.101356506348 771.076118469238 580.070167541504 585.79638671875 742.573829650879 673.685049891472 709.390060424805 571.902271270752 590.131303787231 471.926162719727 577.751914978027 473.927825927734 599.576898574829 670.044853210449 556.967735290527 737.917419433594 708.662155151367 547.461692810059 679.950122833252 649.001752853394 726.595481872559 681.940845489502 717.558307647705 611.711933135986 637.729148864746 568.344421386719 775.175804138184
628.655109405518 820.561569213867 660.705307006836 516.302406311035 539.882934570312 580.224248886108 618.013565063477 851.255004882812 634.608100891113 827.597290039062 494.730926513672 446.308975219727 573.65966796875 648.374960899353 556.425598144531 845.675216674805 581.145141601562 363.462463378906 613.384029388428 1053.09413146973 793.143951416016 559.856067657471 954.269111633301 911.336868286133 648.881254196167 666.738131761551 619.939823150635 735.593784332275 799.547836303711 692.365005493164 506.065933227539 488.556701660156 670.407217502594 737.284942626953 468.04248046875 617.047547340393 603.860162734985 589.909576416016 689.477195739746 540.351570129395 507.256576538086 681.591278076172 590.820678710938 714.490844726562 685.945919036865 819.485168457031 597.194030761719 662.969905853271 578.177795410156 593.018619537354
437.371315002441 582.500633239746 615.804292201996 691.352073669434 677.710792541504 585.158485412598 385.312965393066 481.8310546875 599.20915222168 583.026351928711 759.395580291748 584.88835144043 678.298355102539 753.444005966187 699.821277618408 865.847961425781 672.570720672607 629.90930891037 555.38355255127 984.940521240234 638.778285980225 548.723533630371 695.936586380005 604.33745932579 997.707402706146 704.296976089478 740.156867980957 740.176939964294 643.288239479065 525.513774812222 523.263635158539 599.354131698608 648.657005310059 722.48904800415 523.406341552734 644.886647641659 561.916007995605 483.316360473633 622.369381904602 610.695620536804 760.072746276855 712.048072814941 720.003662109375 827.917861938477 689.640344619751 819.442611694336 595.273361206055 655.615038871765 746.387130737305 528.940719604492
593.379653930664 611.699321746826 803.49040222168 952.4892578125 -9999 -9999 -9999 -9999 -9999 -9999 -9999 -9999 -9999 -9999 -9999 754.397733688354 909.010452270508 877.469619750977 693.950344085693 581.75280380249 801.596755981445 763.672065734863 774.873092651367 539.574661254883 683.85191822052 607.946201324463 952.305625915527 786.626396179199 654.227369308472 928.858156204224 391.368240356445 624.643875598907 615.744373321533 690.921928405762 666.816517829895 656.955568313599 647.674363136292 652.12636756897 625.289070129395 613.795762062073 516.794494628906 889.832122802734 716.24201965332 691.867874145508 899.494735717773 753.440841674805 626.771427154541 667.492891788483 564.716049194336 707.801864624023
-9999 -9999 -9999 -9999 -9999 -9999 -9999 -9999 -9999 -9999 -9999 -9999 -9999 -9999 -9999 -9999 -9999 -9999 755.803857803345 753.222272872925 743.085464477539 775.144901275635 789.861545562744 805.967300415039 573.470413208008 602.009239196777 787.615295410156 522.348678588867 644.375102996826 494.409973144531 545.852453231812 1037.80824524164 591.846710205078 887.918273925781 614.712409973145 510.96403503418 562.455757141113 509.112411499023 599.810665130615 689.031841278076 645.652587890625 526.795288085938 515.558395385742 532.891418457031 730.408832550049 652.106456756592 714.90397310257 705.172269821167 721.920761108398 508.993057250977
