export/dem/dem45.asc
NCOLS 350
NROWS 171
XLLCORNER 152620
YLLCORNER 418050
CELLSIZE 100
NODATA_VALUE -9999
[rows 66 to 87 of 171, columns 250 to 299 of 350]
622.759769439697 552.645202636719 679.447442054749 656.576126098633 641.252557754517 620.084079742432 680.297468185425 678.923292160034 647.044955253601 636.245001792908 713.529428482056 709.274532318115 594.368423461914 629.15357208252 774.960739135742 530.312614440918 599.82551574707 674.313082695007 654.501796722412 596.443954467773 742.037254333496 589.89281463623 613.170463562012 868.807067871094 736.103649139404 872.985626220703 783.425186157227 623.447605133057 657.728645324707 716.756862163544 706.145768642426 736.925590515137 754.775873184204 672.752353668213 699.742378234863 904.298065185547 783.766036987305 733.878608703613 821.234760284424 764.887130737305 935.875839233398 811.489768981934 857.593311309814 815.413284301758 797.038745880127 904.666366577148 677.291709899902 784.290309906006 682.326469421387 920.325218200684
567.784278869629 608.800088882446 652.752827644348 648.045392990112 763.875473022461 567.949424743652 770.400764465332 545.965705871582 587.25902557373 534.302864074707 579.089462280273 630.655171871185 554.446731567383 643.891973495483 695.205341339111 659.704050064087 514.287170410156 687.886283874512 615.181854248047 668.882795095444 723.927585601807 598.341979980469 653.053691864014 743.656757354736 653.922966003418 624.394676208496 710.118361473083 789.379455566406 648.72248840332 577.457153320312 700.021134376526 732.39439201355 756.570423126221 787.173385620117 819.860992431641 747.194107055664 696.539836883545 539.856628417969 760.283294677734 691.082473754883 983.71044921875 943.266784667969 688.714599609375 722.255908966064 694.782775878906 758.478919506073 891.107009887695 872.129814147949 857.740631103516 896.542861938477
520.72038269043 784.323394775391 617.332564711571 657.276760101318 664.215665817261 591.712940216064 663.389672279358 843.620239257812 657.20182800293 734.53751373291 617.554122924805 512.465148925781 568.307121276855 666.348055362701 677.82855796814 657.578758716583 687.579708099365 581.760063171387 789.00040435791 646.576545715332 678.058839797974 599.564331054688 804.327949523926 759.971710205078 678.291877746582 664.318103790283 779.393394470215 738.773300170898 601.917091369629 642.931007385254 696.055278778076 844.107971191406 648.505908966064 725.080396652222 687.491596221924 696.277452468872 782.280502319336 768.353087425232 647.138389587402 870.065292358398 728.157859921455 675.91870880127 1113.31829071045 1419.58370065689 876.111461639404 793.971227645874 716.267581939697 743.659432411194 846.397689819336 811.565841674805
664.506288528442 790.759582519531 655.410552978516 661.334270477295 771.617225646973 566.113655090332 608.590488433838 751.884902954102 686.066173553467 690.479637145996 639.104549884796 570.828353881836 636.659475326538 472.692596435547 605.855445861816 623.377269744873 500.166717529297 746.263175964355 498.805130004883 603.891384124756 667.504971504211 649.25313949585 661.272423624992 698.100959777832 664.398983001709 590.680442810059 664.508995056152 592.995880126953 619.654914855957 635.387489318848 691.49063873291 714.853453159332 769.060127258301 749.182807922363 717.170632123947 721.101039886475 527.216903686523 698.85718536377 794.563529968262 682.534225463867 783.091815948486 525.141021728516 719.36595749855 673.440475463867 882.46510887146 1220.02052307129 689.508094787598 582.098693847656 695.49914932251 665.349403381348
683.547080993652 631.676995277405 740.322219848633 688.640083312988 707.691699981689 859.237670898438 666.765663146973 693.987448334694 978.068145751953 652.705154418945 566.549003601074 523.828926086426 488.862121582031 583.880615234375 666.941982269287 781.678817749023 610.745887756348 683.327959060669 529.026458740234 638.21752166748 656.993362426758 535.459442138672 579.227119445801 714.930187225342 733.794506072998 751.200561523438 629.234027862549 667.333906173706 525.867752075195 641.231746673584 713.045505523682 608.247085571289 735.300228118896 738.715473175049 763.865097045898 738.687822341919 577.429656982422 799.932815551758 645.710319519043 640.125289916992 746.382321357727 680.898979187012 675.135879516602 696.806179046631 659.360542297363 800.012512207031 901.045886993408 1167.92070960999 704.271537780762 746.570018768311
493.782196044922 586.735626220703 724.623435974121 691.31489944458 669.720586776733 629.429807662964 758.531059265137 595.84786605835 750.219940185547 604.884265899658 622.652626037598 562.740531921387 493.906616210938 675.840625762939 631.831058502197 765.721138000488 735.258800506592 666.256275177002 553.187477111816 710.591735839844 550.344253540039 630.283142089844 628.468704223633 661.709407806396 693.543424129486 860.824440002441 614.975379943848 667.377716064453 571.414474487305 651.366641998291 580.955535888672 800.272499084473 723.196495056152 645.752906799316 699.543477058411 685.574467658997 758.309223175049 724.080562353134 657.491287231445 698.837055206299 625.775993347168 656.837108612061 696.268600463867 689.391296386719 642.289688110352 1117.43869781494 696.481369018555 615.449920654297 623.120666503906 642.168239593506
629.474044799805 748.643608093262 745.189521789551 633.153487205505 875.029235839844 847.805511474609 682.081586837769 637.132733345032 688.560956954956 645.514520645142 796.302444458008 561.167907714844 589.607234954834 640.198530197144 743.955810546875 583.72688293457 538.930046081543 475.232772827148 611.965091705322 606.884305953979 603.045471191406 784.678512573242 533.676956176758 639.936302185059 606.169647216797 517.942321777344 574.896766662598 586.491874694824 616.472389221191 577.505470275879 512.42936706543 679.352451324463 647.601875305176 615.853965759277 827.250869750977 680.85693359375 921.940460205078 837.11922454834 761.484565734863 674.757217407227 684.587181091309 1291.92099571228 627.005584716797 661.175018310547 770.196346282959 817.165584564209 716.043563842773 714.239681243896 588.33918762207 636.824394226074
597.01488494873 674.316799163818 785.654891967773 649.849632263184 788.173332214355 697.810458302498 974.593383789062 965.509796142578 800.936309814453 674.501501083374 587.484245300293 655.922749519348 640.489164352417 528.450881958008 740.301036834717 596.02059173584 633.648501396179 507.522033691406 639.103977203369 585.361938476562 771.048202514648 610.7890625 689.069895744324 630.993148803711 498.697052001953 718.254665374756 628.166442871094 483.661560058594 600.024757385254 608.482444763184 832.245300292969 628.943500518799 678.735984802246 732.460481643677 871.470718383789 812.134536743164 753.241989135742 631.182823181152 500.315307617188 745.9683842659 619.540710449219 799.011459350586 790.393356323242 1023.8857421875 839.973411560059 862.843254089355 841.957134246826 699.93717956543 895.353118896484 537.13330078125
621.164896011353 641.801313400269 646.229537963867 796.885101318359 735.874183654785 840.331039428711 851.888900756836 908.325805664062 699.067695617676 661.968910217285 732.309735774994 578.831275939941 643.420372486115 540.680786132812 788.586456298828 687.753036499023 600.508708953857 651.578906059265 671.83002948761 655.746781349182 626.749374389648 629.469624519348 703.106546401978 651.694223403931 645.047805786133 725.859085083008 629.356525421143 592.679710388184 563.868957519531 655.867237091064 671.555157661438 753.850238800049 716.336957931519 932.869735717773 837.405776977539 771.585266113281 869.661338806152 693.874122619629 446.462799072266 583.689720153809 658.747658729553 1029.41375732422 724.921633243561 963.666351318359 1030.11310648918 743.428729057312 719.210952758789 574.624603271484 757.53791809082 893.553535461426
657.020645141602 492.505546569824 445.103759765625 762.600540161133 665.900506973267 646.710180282593 681.975917816162 773.059829711914 624.021331787109 857.030944824219 803.985132217407 830.70659828186 611.502338409424 533.549293518066 560.78101348877 782.174072265625 596.947925567627 591.369781494141 549.567749023438 651.586584091187 782.855522155762 671.866244316101 737.551151275635 665.316236495972 687.754554271698 717.358917236328 687.263637781143 647.118564605713 605.14111328125 576.483489990234 748.784362792969 611.975311279297 713.402812957764 565.387657165527 776.075218200684 817.321784973145 762.536140441895 692.42960357666 699.895946502686 583.9423828125 841.03204536438 994.000287055969 931.281818389893 851.585628509521 784.96460723877 983.70450592041 741.631622314453 630.526092529297 696.983825683594 972.397811889648
567.762741088867 430.467163085938 573.170959472656 722.140741348267 622.253021240234 733.771774291992 660.127895355225 768.782611846924 827.485252380371 818.47078704834 798.427345275879 759.818277359009 667.767604589462 671.827405929565 612.022568464279 600.544052124023 560.012657165527 510.045852661133 788.645874023438 620.75842666626 631.610500335693 636.116716384888 593.628845214844 663.425665855408 773.303382873535 625.520584106445 824.421035766602 761.506324768066 637.148387908936 639.004058837891 636.513378143311 628.862545013428 725.294082641602 708.107977628708 747.337398529053 651.43839263916 782.345098495483 770.078113555908 627.812232971191 732.34451675415 691.571571350098 1020.71987915039 769.402648925781 677.330276489258 715.632255554199 543.846862792969 702.861846923828 698.214767456055 696.459197998047 654.297988891602
530.121551513672 449.85270690918 576.447235107422 528.737770080566 862.960784912109 688.432731628418 582.949708938599 788.662551879883 778.349086761475 767.039527893066 803.487731933594 680.761127471924 653.533315658569 731.579620361328 472.143951416016 751.323020935059 648.476608276367 654.861713409424 686.993965148926 764.838272094727 694.184682846069 760.842147827148 574.050674438477 599.120239257812 638.389610290527 595.029228210449 716.574464797974 753.119888305664 572.874305725098 559.938110351562 586.323707580566 647.293844223022 652.577634811401 986.300415039062 795.407455444336 775.794036865234 914.273941040039 648.058219909668 636.908870697021 762.466674804688 851.388946533203 754.553852081299 726.130104064941 1035.04388046265 701.768310546875 587.783721923828 680.483642578125 569.079330444336 813.863433837891 1021.8250579834
516.088844299316 589.712146759033 576.143070220947 486.460510253906 605.647171020508 690.442497253418 527.325698852539 677.007255554199 807.947845458984 697.44123840332 540.937110900879 546.619606018066 691.697738647461 750.40034866333 753.7878074646 638.022420883179 595.199844360352 666.510791778564 764.59797668457 668.690378189087 777.39040851593 720.579456329346 694.916185379028 725.038757324219 787.681045532227 670.329316616058 683.558605790138 521.551727294922 740.782544851303 639.684644699097 564.06697845459 627.517099380493 752.688316345215 765.590766906738 718.744142532349 779.421516418457 867.065246582031 762.102264404297 473.825241088867 641.00212097168 606.717414855957 1119.82918548584 935.136161804199 815.685496807098 717.456008911133 458.604034423828 749.371994018555 850.421203613281 1083.02728271484 707.335388183594
399.361801147461 553.38614654541 644.461038589478 587.740863800049 659.918886184692 532.457397460938 824.833938598633 711.914943695068 705.746059417725 633.608253479004 787.596698760986 686.293159484863 590.624000549316 699.617071151733 671.698839187622 730.862083435059 792.767181396484 641.221298217773 816.787750244141 765.272972106934 550.381713867188 743.974227905273 578.234176635742 721.75016784668 854.097534179688 859.606903076172 525.914535522461 605.86506652832 681.101943731308 671.357562065125 549.640548706055 657.503109455109 751.735359191895 770.489883422852 649.103073120117 721.640350341797 586.660842895508 640.05792427063 739.721839904785 736.290657043457 548.923477172852 683.775039672852 1133.17000198364 728.209228515625 1003.6304473877 487.12744140625 862.431091308594 669.446670532227 553.920074462891 664.191497802734
569.431030273438 736.430656433105 532.599014282227 623.716637611389 497.897888183594 643.014946699142 714.616008758545 680.09264087677 690.990566253662 622.331614494324 619.278923034668 779.972961425781 600.640762329102 637.276960372925 532.075256347656 519.752532958984 826.427108764648 715.84880065918 738.245838165283 801.102203369141 568.781837463379 581.370788574219 642.444204330444 722.326078414917 762.08854675293 534.582550048828 570.36328125 562.678337097168 656.16259765625 528.702255249023 594.324081420898 832.831741333008 779.951385498047 766.782104492188 564.256896972656 731.514728546143 726.994537353516 719.626020431519 697.435321807861 850.475992202759 598.945571899414 654.061782836914 787.894390106201 1013.83337402344 632.64453125 797.086608886719 1056.7096862793 505.592895507812 560.821517944336 648.763778686523
689.892349243164 785.399536132812 551.356536865234 513.210182189941 662.610326766968 770.909790039062 761.937866210938 765.956100463867 724.128835678101 538.429191589355 737.324638366699 639.719959259033 606.936500549316 608.984033584595 752.952171325684 703.77490234375 707.274353027344 546.115615844727 816.65754699707 665.835220336914 537.894989013672 571.3669090271 634.74352645874 796.207313537598 760.215682983398 625.571552276611 671.803495407104 799.107551574707 755.510185241699 607.501503944397 606.959930419922 764.630878448486 659.834648132324 611.290534973145 743.99928855896 632.734992980957 527.273094177246 777.689712524414 615.118843078613 659.268905639648 677.536117553711 866.701906204224 811.051498413086 673.285438537598 828.494094848633 733.443065643311 1121.60897064209 594.419509887695 614.523025512695 747.660919189453
588.76838684082 602.760515213013 515.345245361328 577.940828323364 663.112966537476 725.226776123047 700.932537078857 602.338047027588 651.16792678833 695.658004760742 748.637619018555 663.246227264404 598.371412277222 609.186809539795 423.445663452148 628.612903594971 557.939041137695 667.181566238403 568.582748413086 749.306762695312 670.996386528015 659.786750793457 736.429439544678 755.624500274658 648.742311477661 538.846115112305 693.857792854309 815.698989868164 757.232238769531 705.361291885376 684.392066955566 617.242263793945 699.636826515198 728.153783798218 588.141502380371 584.289527893066 703.317453384399 754.631973266602 727.625019073486 587.928115844727 746.018115997314 853.102111816406 647.057079315186 812.850471496582 765.991195678711 569.850738525391 623.284042358398 685.789421081543 807.963333129883 998.518508911133
765.844421386719 459.77449798584 591.716014862061 612.08288860321 804.225662231445 653.012855529785 826.92268371582 720.665828704834 695.137699127197 866.674682617188 665.197240352631 681.530158996582 719.769721984863 541.642417907715 636.846845626831 645.830738902092 662.505163192749 691.729204177856 601.672671318054 710.13866019249 628.899337768555 520.157424926758 519.40943145752 745.257514953613 848.841033935547 598.077293395996 728.323030471802 857.770080566406 859.136962890625 763.55525970459 777.451217651367 791.304191589355 730.941940307617 777.604314804077 553.840705871582 785.597587585449 656.512073516846 587.397903442383 568.398681640625 855.914076805115 611.04899597168 1095.77167510986 814.660217285156 598.261337280273 1059.11460876465 704.314376831055 897.940246582031 735.332466125488 699.723083496094 621.531463623047
675.165620803833 585.275274276733 628.291053771973 643.730472564697 571.069019317627 538.345497131348 479.675079345703 608.540214538574 735.206802368164 614.858219146729 774.070274353027 618.209228515625 784.180969238281 1027.59145355225 973.199402332306 552.67448425293 661.310897827148 606.668014526367 512.119094848633 548.118148803711 546.663787841797 540.527145385742 636.204711914062 877.088933944702 518.389190673828 671.772745132446 695.751045227051 622.53125 810.636680603027 743.290153503418 730.753797531128 642.141525268555 512.795471191406 729.268437385559 742.69995880127 593.813365936279 780.957984924316 684.909797668457 733.665994644165 819.206527709961 911.209159851074 681.694244384766 683.230010986328 779.119079589844 812.425762176514 763.403411865234 749.745445251465 646.860885620117 606.339065551758 585.569793701172
829.350509643555 669.886468887329 712.187065124512 722.53736114502 753.860046386719 728.58674621582 715.929473876953 583.29768371582 670.212872505188 579.606719970703 575.500221252441 665.728450775146 586.23166847229 866.946174621582 709.914566040039 586.691795349121 694.033420562744 735.54158782959 768.04377746582 687.508859634399 653.877002716064 587.384330749512 642.882682800293 672.440677642822 662.114223480225 877.567916870117 848.892066955566 878.077041625977 807.681121826172 883.684234619141 745.103004455566 888.311706542969 749.338987827301 655.502105712891 683.247146606445 723.380263328552 621.175380706787 510.125999450684 639.080963134766 930.285659790039 1199.83438873291 648.205913543701 937.930908203125 700.186561584473 510.012344360352 695.105033874512 672.910583496094 781.050073623657 646.445098876953 920.528671264648
901.797714233398 867.262100219727 683.937213897705 606.13943862915 703.708282470703 604.083034515381 536.584785461426 711.110652923584 729.46321105957 567.25984954834 524.031219482422 557.472427368164 740.226165771484 460.218711853027 432.940322875977 597.923416137695 490.520645141602 710.619232177734 675.366485595703 626.292945861816 729.054761886597 498.010986328125 1261.78816986084 514.376281738281 689.269248962402 645.270841121674 795.795013427734 896.34748840332 757.293930053711 926.998626708984 890.026245117188 854.88330078125 807.889263153076 646.561920166016 570.629821777344 797.212379455566 674.047836303711 608.038986206055 681.913284301758 1204.73055267334 651.962738037109 754.560606002808 617.830352783203 1511.87696838379 744.23543548584 1721.42088317871 674.217834472656 636.407150268555 750.090911865234 752.727981567383
1037.31671142578 936.171951293945 844.436668395996 794.781257629395 778.467346191406 603.519985198975 541.284301757812 634.950312137604 634.456954956055 716.523101806641 462.924911499023 790.13232421875 852.271507263184 653.459541320801 675.842727661133 942.12760925293 1043.47653579712 594.321365356445 687.274101257324 602.076808929443 651.08447265625 506.973297119141 646.035236358643 749.350939750671 619.253799438477 688.568544387817 719.477912902832 701.86399269104 712.953313827515 769.36100769043 898.877685546875 819.241287231445 743.200520992279 798.522827148438 766.706127166748 702.952255249023 547.524688720703 671.950031280518 527.07160949707 724.849975585938 465.181549072266 607.946319580078 551.226837158203 630.998306274414 913.754165649414 1004.50498199463 612.521011352539 727.268920898438 662.485900878906 747.938907623291
