export/dem/dem40.asc
NCOLS 350
NROWS 171
XLLCORNER 152620
YLLCORNER 418050
CELLSIZE 100
NODATA_VALUE -9999
[rows 44 to 65 of 171, columns 50 to 99 of 350]
579.731582641602 735.322937011719 742.359245300293 802.15894985199 399.039817810059 377.301223754883 445.746780395508 405.047409057617 471.472305297852 535.924315452576 995.62833404541 457.377773284912 546.950946807861 520.974937438965 535.680950164795 345.176551818848 486.697416305542 489.020084381104 525.797592163086 345.976417541504 478.595283508301 384.688449859619 536.060356140137 431.963210105896 366.781372070312 432.365529060364 430.217693328857 527.468330383301 573.946807861328 402.408130645752 443.586570739746 313.168296813965 397.719078063965 410.789123535156 391.455715179443 460.549812316895 360.904487609863 329.039253234863 440.428100585938 356.55802154541 309.322113037109 496.191148757935 436.906413793564 494.170349121094 346.002052307129 533.219276428223 561.45947265625 424.167441368103 309.401695251465 521.766799926758
879.202346801758 501.394104003906 731.198593139648 694.321975708008 401.500114440918 432.843742370605 669.841388702393 421.832534790039 531.094400405884 631.388717651367 547.919982910156 460.78249168396 589.870376586914 473.582899093628 474.664185523987 350.15657043457 472.220008850098 428.445524215698 583.913970947266 589.478729248047 525.279991149902 386.791828155518 323.235374450684 347.807334899902 422.121892213821 318.724586486816 375.831756591797 614.618286132812 624.152786254883 325.102844238281 342.571502685547 323.939254760742 488.06330871582 343.09619140625 519.015205383301 244.317474365234 352.709892272949 357.436958312988 399.194361686707 281.123962402344 321.08772277832 405.775497436523 459.747018814087 306.238548278809 347.744140625 552.811416625977 471.754928588867 321.36646270752 432.677687644958 379.257141113281
528.75804901123 535.798276424408 479.530181884766 399.452774047852 250.196151733398 543.718984603882 553.761173248291 284.120086669922 718.548065185547 661.977737426758 435.767395019531 508.272861719131 430.063301086426 436.20435333252 497.873010635376 515.982288360596 579.211563110352 353.54638671875 535.18091583252 463.581565856934 428.365531921387 568.451721191406 497.694000244141 515.031173706055 506.961784362793 529.793762207031 601.843765258789 343.041893005371 445.674981117249 460.497509002686 378.195568084717 330.379829406738 391.787328720093 481.639823913574 329.015159606934 513.859962463379 343.741729736328 324.097900390625 274.494247436523 481.173908233643 494.863328933716 396.332572937012 306.486450195312 272.080459594727 392.572317123413 284.182418823242 344.328247070312 387.016681671143 193.812377929688 365.606811523438
385.116928100586 356.78759765625 273.517593383789 371.548248291016 340.283344268799 387.258163452148 952.940132141113 592.768775939941 495.828022003174 301.485870361328 451.621585845947 316.101654052734 512.021911621094 494.792097091675 513.838497161865 442.190607070923 360.15461730957 387.470085144043 519.989295959473 381.916352272034 391.502149581909 371.931407928467 557.663070678711 436.753185272217 440.714641571045 548.920913696289 499.378643035889 418.220147848129 552.89289855957 470.827280044556 367.041854858398 494.579467773438 319.538078308105 414.836269378662 486.994354248047 253.31884765625 398.098648071289 412.16340637207 342.225372314453 503.420059204102 507.242771148682 372.463714599609 491.465057373047 422.970134735107 448.417154312134 514.419776916504 581.692993164062 335.719604492188 449.24072933197 352.363204956055
480.168376922607 512.276710510254 396.971965789795 459.295333862305 340.377410888672 586.702862739563 422.734596252441 489.106611251831 385.325096130371 488.929653167725 452.819690704346 636.87117767334 467.972954750061 575.62805557251 569.930282592773 470.45081448555 314.203491210938 459.668825149536 398.885604858398 384.202217102051 337.480613708496 389.72120475769 460.328460693359 541.770706176758 549.918960571289 664.980545043945 512.161170959473 490.130668640137 419.185175895691 432.201425552368 418.24475479126 462.899603843689 556.665664672852 269.912811279297 446.871750593185 490.15062713623 329.459465026855 491.718681335449 469.840812683105 458.745037078857 498.323112487793 548.644866943359 350.20059967041 453.751703739166 332.443710327148 555.587005615234 530.473564147949 341.248733520508 330.401992797852 324.586723327637
379.419555664062 323.431747436523 460.56071472168 349.991851806641 457.151428222656 469.329216003418 597.623680114746 509.139667510986 381.878005981445 568.301971435547 366.124359130859 476.680744171143 444.296009063721 494.620071411133 377.530624389648 382.391311645508 418.397839546204 346.243671417236 401.983783721924 295.794166564941 443.162883758545 483.618110656738 481.781684875488 480.511032104492 508.470672607422 522.863922119141 482.795997619629 480.221530914307 487.79984664917 472.540424346924 430.211843967438 370.62035369873 503.16817855835 437.133241653442 448.628791809082 517.045112609863 391.614524841309 452.693820953369 479.618518829346 499.340873718262 398.500600814819 477.402847290039 463.438017845154 441.019697189331 453.800531387329 293.52668762207 397.930221557617 309.352462768555 444.36344909668 378.358665466309
467.623001098633 411.77294921875 390.729942321777 839.289321899414 486.718570709229 474.801742553711 544.304065704346 447.022607803345 550.502983093262 459.379278182983 620.247009277344 545.152969360352 625.440826416016 456.869285583496 395.630004882812 538.257743835449 385.094360351562 286.933692932129 382.400609970093 450.865286827087 377.006423950195 379.426850318909 519.065727233887 471.853733062744 387.134397506714 574.776351928711 455.903610229492 556.674667358398 462.5133934021 421.912776708603 273.646408081055 519.839122772217 425.636423826218 480.054229736328 538.961639404297 508.926498413086 381.74556350708 324.79679107666 411.128499984741 459.209735870361 429.5015001297 419.796437263489 377.084712982178 533.041500091553 647.358856201172 317.051300048828 486.988388061523 332.532997131348 537.735084533691 382.616310119629
744.372615814209 507.211124897003 528.169563293457 420.494491577148 361.998870849609 523.143805980682 493.976210236549 400.570732116699 512.425426483154 312.790924072266 574.155250549316 480.850154876709 484.824893951416 586.975616455078 380.141948699951 327.854736328125 369.189788818359 505.568977355957 411.368169784546 428.484632492065 468.467750549316 364.19881439209 414.557023048401 390.116682052612 513.438583374023 457.858543395996 411.66716003418 427.830387115479 470.811767578125 505.144554138184 306.385581970215 412.973447799683 542.859298706055 534.699142456055 488.774276733398 559.331268310547 416.050856113434 314.028648376465 424.262253761292 496.140869140625 285.666839599609 464.459985733032 343.203903198242 418.545110702515 429.124027252197 370.893657684326 380.927547454834 365.663822174072 400.013976097107 306.700843811035
573.435546875 416.758473873138 887.754745483398 541.10474395752 489.996723175049 492.972095489502 665.576797485352 728.787307739258 512.74267578125 500.407203674316 415.417587280273 418.333479881287 560.991508483887 366.429363250732 332.262832641602 509.174293518066 361.923965454102 432.869493484497 389.847801208496 299.109245300293 494.568511962891 526.951515197754 421.172636985779 406.431790351868 583.691650390625 571.616226196289 449.038147926331 500.469245910645 493.088134765625 453.608631134033 348.268215179443 233.874420166016 445.405284881592 605.485641479492 548.206588745117 463.822605133057 291.257141113281 362.994365692139 373.115686416626 402.118074417114 328.783309936523 383.07886505127 434.146469116211 221.387741088867 422.271216869354 452.554710388184 550.889312744141 346.728668212891 268.797485351562 217.379516601562
624.601690292358 659.087142944336 593.921508789062 558.249599456787 562.620970726013 534.790868759155 538.743743896484 654.548034667969 489.685159683228 591.883850097656 491.321491241455 469.905342102051 540.405242919922 442.783193588257 521.416160583496 254.336944580078 252.963165283203 484.890110015869 487.25138092041 463.776470184326 246.424026489258 457.128303527832 601.497146606445 495.66096496582 564.722045898438 541.879264831543 476.573459625244 397.310948848724 454.087295532227 587.316223144531 535.640075683594 402.03587770462 490.927391052246 427.406826019287 556.410247802734 447.741671562195 370.380880355835 366.509609222412 432.075469970703 300.432174682617 293.857513427734 365.546680450439 254.426559448242 369.212635040283 441.480744361877 478.049331665039 398.39049243927 405.954422473907 388.677175521851 104.631805419922
683.554573059082 640.246856689453 536.12095284462 771.770545959473 670.59635925293 604.856304168701 567.619583129883 537.585807800293 620.076873779297 528.258670806885 447.124810218811 585.860809326172 581.064193725586 537.025146484375 499.121131896973 476.739013671875 595.88623046875 433.656799316406 419.243783473969 571.985046386719 526.771385192871 660.167205810547 285.276351928711 790.22265625 754.871948242188 662.043395996094 477.300468444824 454.163146972656 319.514789581299 352.898099899292 376.019414901733 426.816038131714 450.983726501465 447.819442749023 322.211303710938 284.092849731445 410.741748332977 345.488525390625 373.771820068359 525.822982788086 309.645362854004 148.601867675781 240.28759765625 300.396278381348 363.586875915527 381.480865478516 341.285499572754 421.607680678368 294.455574035645 471.625316619873
581.983503341675 1250.86190032959 525.858366012573 665.499053955078 488.482311248779 573.272102355957 564.930114746094 570.36164855957 543.936851501465 472.333126068115 445.957884788513 446.53218460083 557.532638549805 444.428760528564 431.067998886108 493.112586975098 530.988410949707 432.328071594238 463.288192749023 485.482444763184 422.150774002075 469.786277770996 361.017906188965 482.205921173096 526.706558227539 574.044921875 529.086334228516 563.317901611328 320.113719940186 450.02356338501 558.591491699219 345.753425598145 394.33765411377 341.005256652832 353.292255401611 338.579795837402 463.478309631348 309.535003662109 350.620788574219 380.764226913452 393.788046836853 430.136653900146 416.49547958374 315.501182556152 478.815521240234 306.752708435059 482.40465927124 397.025619506836 227.992233276367 401.36678314209
428.081954956055 524.0817527771 531.010955810547 502.863830566406 484.866157531738 578.183406829834 492.36838054657 600.663604736328 618.364486694336 548.849533081055 474.170150756836 466.492935180664 472.20068359375 317.894264221191 440.352080345154 354.883975982666 371.424430847168 403.335217952728 481.36474609375 378.746892929077 455.434110641479 619.308303833008 350.03687286377 347.587368011475 412.154846191406 313.05265045166 404.800231933594 393.747661590576 364.913818359375 380.694692611694 462.212196350098 441.998825073242 419.297134399414 410.044235229492 473.626266479492 245.445861816406 206.953628540039 291.982666015625 384.438412189484 389.804656982422 392.85150718689 388.551979064941 423.108023643494 465.038951873779 465.316856384277 363.615421295166 389.865228652954 450.474674224854 451.753795623779 360.71418762207
516.308662414551 461.396284103394 619.989162445068 522.636693000793 591.524688720703 531.696928977966 580.231391906738 646.712448120117 505.797103881836 331.967697143555 558.477157592773 256.584518432617 352.325885772705 461.177062988281 467.28564453125 300.603073120117 519.468505859375 482.204208374023 452.977485656738 461.478420257568 454.532493591309 546.31127166748 401.800350189209 421.335327148438 309.15217590332 331.006355285645 356.436832427979 276.370716094971 298.750780105591 161.785202026367 461.752296447754 487.558364868164 433.118797302246 404.140901565552 398.850096657872 327.9573097229 303.8759765625 313.648666381836 364.739421844482 368.161178588867 440.723323822021 253.243103027344 412.668303489685 315.465042114258 298.380165100098 226.065155029297 375.816703796387 360.440307617188 329.248641967773 340.266876220703
361.554016113281 607.021556854248 444.06640625 511.650978088379 721.859603881836 512.45751953125 499.828716278076 518.728080749512 320.152755737305 420.060341835022 456.090291976929 389.128263950348 266.668098449707 461.597152709961 432.495555877686 521.086334228516 406.056537628174 337.58878326416 383.303073883057 448.018970489502 295.20336151123 359.214072227478 338.141540527344 309.99666595459 289.696937561035 284.345203399658 452.322898864746 378.219960212708 356.074867248535 395.621541023254 290.178367614746 328.585056304932 511.801162719727 280.711120605469 477.997978210449 285.282379150391 344.493965148926 325.526214599609 376.981853485107 521.931060791016 369.722906112671 443.042343139648 489.565887451172 500.10090637207 381.934034347534 358.660976409912 439.305861949921 442.212617874146 416.347961425781 451.535953998566
546.537487030029 566.304634094238 535.719429016113 676.549011230469 570.316637039185 663.954856872559 669.176040649414 541.177757263184 516.38988494873 546.082733154297 367.697492599487 321.559925079346 360.333141326904 316.643768310547 280.491455078125 432.242523193359 532.480026245117 509.61506652832 445.732662200928 286.458206176758 237.431037902832 296.223762512207 161.931442260742 368.977971076965 382.831153869629 357.599462509155 416.263610839844 451.708374023438 362.853533744812 362.215444564819 209.475402832031 220.071784973145 523.601531982422 358.176891326904 320.27237701416 479.788612365723 274.812225341797 302.864410400391 234.025848388672 355.756984710693 539.791030883789 524.632667541504 519.608581542969 491.051811218262 536.63801574707 633.839782714844 475.373340606689 526.57543182373 490.284545898438 366.104270935059
486.36079454422 732.699142456055 746.802154541016 702.987098693848 726.419654846191 803.29377746582 596.86784362793 422.490177154541 381.647476196289 470.510284423828 340.814014434814 394.462750434875 315.354049682617 492.441246032715 478.274696350098 444.790302276611 419.219942092896 420.667370796204 633.218948364258 370.346294403076 377.470390319824 216.90412902832 395.683194637299 349.219909667969 503.789566040039 410.836357116699 237.796325683594 396.445771187544 343.926280975342 281.385681152344 417.994773864746 356.630321502686 397.380475997925 290.891632080078 346.20444393158 448.000282287598 240.766036987305 487.387680053711 469.481014251709 472.617233276367 345.827911376953 531.346893310547 378.024955749512 357.374885559082 399.61213684082 518.015380859375 505.632392883301 494.802974700928 512.231887817383 203.240875244141
540.21722984314 632.782501220703 461.459564208984 643.059692382812 768.822044372559 632.05965423584 557.972145080566 501.801516771317 579.098541259766 500.416496276855 490.999893188477 427.776416778564 397.712920188904 387.613451957703 465.892807006836 378.214782714844 421.597118616104 325.057159423828 423.717456817627 502.751113891602 468.861324310303 479.14387512207 432.948699951172 455.93350982666 390.602489471436 497.618698120117 333.864944458008 472.69522857666 338.271705627441 366.6704672575 407.077697753906 396.676811218262 362.878200531006 443.103343963623 471.133972167969 502.430351257324 412.581391811371 418.249576568604 476.538192749023 297.845718383789 376.090312957764 386.765369415283 429.183238983154 451.649063110352 380.909301757812 410.323398590088 438.602041244507 480.730541229248 491.809953153133 590.433929443359
616.90885925293 645.270080566406 711.981079101562 543.367073059082 601.699763774872 702.906171798706 562.485083580017 476.310733795166 424.678741455078 455.736610412598 404.867687225342 190.838317871094 366.400184631348 307.003314971924 368.958029747009 359.896921157837 492.768859863281 461.057693481445 395.995472669601 452.958969116211 419.65172958374 471.863037109375 279.030960083008 406.568237304688 531.614624023438 453.95881652832 376.311770439148 507.863800048828 466.432762145996 313.735996246338 371.478099822998 372.674983978271 421.738723754883 317.233249664307 445.450119018555 233.384490966797 236.486061096191 451.733406066895 460.951616287231 447.493979454041 309.092544555664 457.920125961304 389.805826187134 379.61255645752 354.1259765625 485.356269836426 558.088073730469 361.316535949707 538.001155853271 496.521091461182
500.587261199951 701.100448608398 711.663955688477 540.032152175903 489.529434204102 536.879730224609 277.322372436523 445.34437084198 495.263748168945 242.487411499023 472.470909118652 408.621795654297 510.480224609375 296.896541595459 432.604892730713 317.297924041748 278.162208557129 477.471061706543 423.429309844971 429.062484741211 348.943653106689 445.769088745117 483.935485839844 351.301427841187 440.764625549316 374.654664039612 394.984010696411 424.675132751465 442.460121154785 345.0465965271 483.828178405762 315.517951965332 314.560157775879 375.39595413208 385.858231782913 241.500030517578 424.693298339844 359.033809661865 456.18009185791 352.042655944824 417.127681732178 391.909706115723 375.610252380371 422.36891746521 503.813293457031 416.183281898499 421.74360370636 508.236167907715 446.144941151142 671.123092651367
458.913089752197 635.997703552246 523.0260181427 821.724716186523 496.587635040283 527.40069770813 404.504634857178 290.990463256836 294.50235748291 245.401260375977 275.295486450195 216.216445922852 321.354957580566 180.648345947266 222.641540527344 382.850257873535 304.165813446045 521.479034423828 326.548698425293 348.894192218781 424.831321716309 481.715316772461 405.010873794556 405.541528701782 262.522354125977 473.870056152344 534.418991088867 437.315773010254 428.621025085449 337.909461975098 433.998912811279 334.200782775879 446.884412765503 525.838226318359 340.63289642334 520.204986572266 257.973739624023 469.851943969727 531.928550720215 267.421356201172 323.770637512207 464.768016815186 345.092208862305 517.007293701172 457.144685745239 576.043212890625 377.96834564209 451.147966384888 512.747058868408 508.98779296875
519.837043762207 445.697479248047 490.064888954163 609.095947265625 581.448394775391 494.54370880127 417.668552398682 610.436965942383 462.605941772461 388.178576469421 253.240264892578 521.445327758789 302.219326019287 315.448013305664 368.986826062202 282.613388061523 498.311859130859 473.461303710938 227.569519042969 437.630706787109 462.911460876465 625.609527587891 421.405807495117 429.849662780762 448.813781738281 414.902605056763 413.223417282104 499.708488464355 290.848251342773 485.520446777344 514.472320556641 422.575366973877 293.200202941895 481.861225128174 307.783508300781 379.284378051758 352.438804626465 475.988182067871 424.016428947449 460.076753616333 376.093551635742 487.165157318115 321.868385314941 453.582485198975 448.447821617126 463.804649353027 502.708393096924 442.835980415344 555.172332763672 384.696277618408
