export/dem/dem44.asc
NCOLS 350
NROWS 171
XLLCORNER 152620
YLLCORNER 418050
CELLSIZE 100
NODATA_VALUE -9999
[rows 0 to 21 of 171, columns 150 to 199 of 350]
551.780944824219 632.071765899658 661.740707397461 -9999 -9999 -9999 -9999 -9999 -9999 -9999 -9999 -9999 -9999 -9999 -9999 -9999 -9999 -9999 -9999 -9999 -9999 -9999 -9999 -9999 -9999 -9999 -9999 -9999 -9999 -9999 -9999 -9999 -9999 -9999 -9999 -9999 -9999 -9999 -9999 -9999 -9999 -9999 -9999 -9999 -9999 -9999 -9999 -9999 -9999 -9999
725.834487915039 604.626487731934 858.685424804688 648.71305847168 547.561294555664 503.529586791992 535.622161865234 -9999 -9999 -9999 -9999 -9999 -9999 -9999 -9999 -9999 -9999 -9999 -9999 -9999 -9999 -9999 -9999 -9999 -9999 -9999 -9999 -9999 -9999 -9999 -9999 -9999 -9999 -9999 -9999 -9999 -9999 -9999 -9999 -9999 -9999 -9999 -9999 -9999 -9999 -9999 -9999 -9999 -9999 -9999
362.503280639648 440.619766235352 584.073028564453 648.991802215576 490.984741210938 445.704086303711 563.903205871582 680.04825592041 800.923773765564 695.465850830078 702.708023071289 709.036399841309 804.459892272949 692.005706787109 -9999 -9999 -9999 -9999 -9999 -9999 -9999 -9999 -9999 -9999 -9999 -9999 -9999 -9999 -9999 -9999 -9999 -9999 -9999 -9999 -9999 -9999 -9999 -9999 -9999 -9999 -9999 -9999 -9999 -9999 -9999 -9999 -9999 -9999 -9999 -9999
647.829849243164 515.327136993408 439.746719360352 571.211082458496 525.752288818359 541.725921630859 410.792236328125 849.201736450195 858.487640380859 756.0078125 758.360576629639 745.338268280029 756.321550369263 648.053886413574 592.641620635986 598.281898498535 607.568542480469 623.203582763672 782.560302734375 710.987274169922 832.796716690063 697.756042480469 837.505424499512 925.290283203125 804.080902099609 900.081192016602 795.968643188477 729.777046203613 502.499252319336 655.008865356445 664.132080078125 717.828796386719 746.480239868164 888.351001739502 804.203440904617 -9999 -9999 -9999 -9999 -9999 -9999 -9999 -9999 -9999 -9999 -9999 -9999 -9999 -9999 -9999
1098.92548370361 744.019088745117 720.628734588623 806.503494262695 892.37907409668 1112.70336532593 894.447143554688 927.544088363647 962.225687980652 850.689086914062 863.574615478516 661.202665328979 701.911643981934 599.313201904297 299.743072509766 433.11743927002 603.378547668457 691.728523254395 723.768280029297 713.312591552734 788.285823822021 951.885711669922 778.454902648926 834.283252716064 719.468528747559 976.531433105469 728.3600730896 712.860660552979 723.474740982056 800.787738800049 693.383407592773 840.665208816528 642.544128417969 722.778274536133 606.876281738281 803.640884399414 782.251045227051 815.04322052002 846.15842628479 867.348560333252 949.218933105469 632.851013183594 743.063568115234 592.255950927734 825.299873352051 827.798110961914 806.140068054199 837.070068359375 567.022399902344 778.253768920898
1160.12085723877 839.639999389648 761.853424072266 899.569847106934 933.426834106445 1057.16339969635 784.580795288086 836.657669067383 940.113227844238 1026.06503486633 890.183174133301 671.142709851265 595.257278442383 315.595748901367 570.891189575195 321.940277099609 604.19898223877 634.637054443359 818.747146606445 729.651998519897 778.738536834717 709.945400238037 842.908218383789 877.220672607422 834.681091308594 776.017127990723 671.119391441345 742.708221435547 469.934814453125 626.914916992188 614.572906494141 537.432540893555 593.99494934082 836.883193969727 693.050922393799 850.203125 785.627021789551 958.467529296875 972.825569152832 963.659164428711 908.678092956543 651.571773529053 680.246955871582 662.257776737213 734.207046508789 733.335708618164 760.581237792969 751.963424682617 713.431461334229 760.168994903564
1092.30158996582 1212.16343307495 923.597038269043 865.083124160767 747.816314697266 832.349700927734 940.610649108887 860.432952880859 929.018585205078 995.232025146484 1115.28684902191 625.385070800781 666.647748470306 405.53190612793 572.850143432617 488.918563842773 640.367897033691 640.12739944458 710.429130554199 907.868637084961 693.898992538452 739.241214752197 689.071327209473 627.11888885498 722.799133300781 771.587905883789 722.951427459717 784.219451904297 500.435852050781 682.913991928101 777.215431213379 609.512832641602 585.383934020996 690.357974529266 891.957153320312 791.71647644043 937.524742126465 947.344802856445 996.345146179199 900.780397415161 851.994373321533 808.21501159668 649.703812599182 623.398513793945 839.129608154297 850.94758605957 763.222305297852 787.98755645752 816.914329528809 709.473556518555
1172.72420692444 856.455139160156 803.488246917725 798.774055480957 951.884712219238 902.591903686523 837.265869140625 763.688400268555 831.187973022461 1034.08296585083 971.138320922852 701.236442565918 809.229460716248 484.453475952148 565.782165527344 628.7451171875 579.761688232422 629.387260437012 791.11146736145 775.599575996399 991.625305175781 973.079216003418 810.877758026123 766.172618865967 779.287307739258 579.652359008789 610.043388366699 631.920829772949 618.66930770874 846.54801940918 786.628890991211 951.625 744.71452331543 726.44620513916 819.886184692383 979.841079711914 832.95226764679 828.022737503052 927.410926818848 914.332092285156 901.611427307129 735.71272277832 927.59317779541 1001.64862060547 874.441871643066 1038.41203308105 1001.33148193359 825.917213439941 821.83283996582 688.524223327637
805.725250244141 824.412498474121 714.630502223969 737.483428955078 931.637229919434 601.683242797852 756.592407226562 812.247650146484 884.290939331055 773.056640625 810.157759189606 680.04517364502 474.634307861328 711.898750305176 657.333740234375 511.15071105957 610.333358764648 627.436935424805 750.54972076416 706.528305053711 1095.00507926941 1190.09001159668 709.233703613281 842.968132019043 689.214054107666 759.734741210938 877.667686462402 608.464981079102 744.599109649658 800.773696899414 846.086945950985 795.095573425293 896.374404907227 937.29948425293 764.42724609375 878.806381225586 1043.61734008789 1034.99802398682 974.925449550152 1026.9044418335 1050.68955993652 809.831964492798 898.746742248535 988.982528686523 973.412536621094 1051.12371826172 984.884468078613 990.81982421875 761.096630096436 933.444091796875
796.211944580078 768.271621704102 750.567443847656 573.711334228516 537.450653076172 686.043823242188 462.217086791992 638.824512481689 495.488098144531 481.794097900391 660.365467071533 693.364601135254 492.462356567383 659.682636260986 813.976638793945 842.004653930664 950.666946411133 698.617542266846 898.247833251953 761.50106048584 900.728256225586 1079.17091369629 1127.38513946533 1207.22721099854 673.124610900879 844.052947998047 635.432518005371 656.549491882324 649.883270263672 812.526229858398 891.327220916748 776.930847167969 798.845928192139 795.572008132935 966.192367553711 868.822521209717 1151.60383605957 795.754592895508 1057.07918548584 1075.77111816406 774.342807769775 884.940231323242 1022.12440490723 922.083358764648 1000.73042297363 970.121682167053 1027.89375686646 1066.10514831543 967.710815429688 865.603983283043
752.920063018799 712.147852420807 851.860466003418 736.726810455322 673.330049037933 485.516479492188 589.219707489014 478.481048583984 643.519683837891 478.394592285156 501.25471496582 631.130325317383 489.544036865234 620.475524902344 663.552883148193 1047.23546981812 1177.87111663818 704.933540344238 1064.18218994141 705.622283935547 1087.86568069458 995.219566345215 695.466415405273 1185.00412750244 911.014951705933 978.161209106445 689.368618011475 670.943767547607 623.554774284363 401.635543823242 742.163394927979 597.460083007812 639.488030433655 579.707090616226 691.992076873779 717.376358032227 797.73120880127 938.833366394043 821.750221252441 854.617696762085 674.312952041626 695.832598209381 751.813941955566 1120.47393798828 893.172454833984 1279.60874176025 898.260353088379 1360.85995483398 1474.81283569336 976.673896789551
587.706558227539 663.653369426727 680.921699523926 652.648838043213 592.948055267334 469.170227050781 502.787956237793 525.026695251465 727.194927215576 643.33717918396 502.410980224609 444.639877319336 550.355247497559 972.77173614502 729.599494934082 689.108100891113 839.334644317627 798.630815505981 862.047775268555 747.622611999512 673.313591003418 914.209075927734 716.52352142334 535.409545898438 687.447021484375 819.054996490479 1331.7621307373 1227.03434801102 1102.75179290771 1109.94430541992 1176.67886352539 747.821254730225 674.037340164185 448.461364746094 562.917674064636 746.039222717285 568.48176574707 626.408880233765 461.973648071289 461.637344360352 737.598979949951 690.087425231934 884.213905334473 712.104496955872 769.564094543457 772.65938949585 802.270809173584 916.106758117676 1036.6982421875 982.291687011719
551.973762512207 586.539425373077 667.73696231842 692.315368652344 653.641240596771 743.745314598083 629.062532424927 463.023063659668 671.762300491333 583.808212280273 782.277587890625 562.035247802734 1193.33676147461 813.746971130371 805.282890319824 495.315246582031 618.48072052002 712.874336242676 985.198272705078 666.470268249512 746.785844802856 990.120986938477 646.008338928223 741.621780395508 743.699844360352 799.847932815552 1120.96557044983 1346.68609619141 724.093002319336 983.71932220459 1129.70391845703 768.916954040527 590.215576171875 559.135902404785 652.181852340698 835.906532287598 628.160842895508 618.917785644531 680.863077163696 606.299354553223 666.309986114502 692.641380310059 838.902961730957 662.271648406982 740.002105712891 671.889236450195 881.068161010742 853.644020080566 748.653398513794 872.530097961426
597.08570098877 696.050018310547 591.6327085495 1284.11770629883 938.255576133728 1108.87808418274 906.880889892578 723.614540100098 661.124794483185 774.645202636719 602.537216186523 538.477996826172 524.670501708984 636.631809234619 843.236625671387 639.687412261963 568.249603271484 748.182716369629 810.064591884613 565.272766113281 719.642944335938 713.584018707275 923.432479858398 790.650382995605 766.849365234375 952.800232887268 927.635055541992 804.770149230957 913.814975738525 753.592140197754 1143.611328125 586.28840637207 349.982696533203 570.293746948242 590.596817016602 900.630546569824 806.018501281738 543.996139526367 670.039001464844 740.88550567627 617.49015045166 778.038551330566 833.312129974365 752.816984176636 636.303688049316 883.090774536133 889.925598144531 876.088073730469 1084.42831420898 833.419132232666
1032.11616134644 567.461181640625 512.001846313477 625.034029006958 575.774024963379 561.882453918457 656.129592895508 621.479482650757 644.734039306641 644.684562683105 672.980991363525 536.756713867188 699.025518894196 636.802505493164 1141.30644226074 628.091387271881 667.19850730896 561.368576049805 909.613487243652 864.200721740723 804.275554656982 840.108290076256 808.188140869141 790.200109481812 754.704320907593 896.376182556152 890.877502441406 939.074765205383 939.610425949097 642.650199890137 746.871635437012 1018.99180412292 1271.94913864136 675.745101928711 803.504821777344 689.678291320801 781.512822151184 653.441986083984 573.746364593506 597.642936706543 643.141399383545 808.886497497559 782.178975820541 673.310417175293 636.54206943512 638.856206893921 959.574234008789 707.773536682129 1128.85928344727 680.485397338867
490.59253692627 634.742172241211 599.199376106262 496.529998779297 611.230569839478 478.020599365234 564.104667663574 678.147967338562 622.618988037109 606.860214233398 664.15255355835 518.333232879639 611.569808959961 1137.68975067139 647.898933410645 796.455215454102 699.953441619873 929.216325759888 802.202264785767 1202.7939453125 1187.27741622925 865.911224365234 1292.86175537109 641.445220947266 920.401268005371 730.285594940186 1029.76678276062 1080.39711761475 864.243032455444 666.461273193359 817.165016174316 744.567370414734 823.202949523926 710.673025131226 636.503448486328 744.709377288818 553.442092895508 722.993843078613 679.01685333252 675.782304704189 668.95619392395 782.8447265625 605.513565063477 702.30061340332 638.885601043701 716.53772354126 678.702964782715 712.646831512451 698.473247528076 774.380836486816
511.427131652832 400.099670410156 600.043257713318 435.382904052734 427.372833251953 511.28678894043 526.906753540039 688.187730789185 634.852508544922 686.575249671936 661.040384292603 459.442253112793 1491.31048583984 1286.59260559082 715.862159729004 779.328002929688 680.48323059082 704.794776916504 547.484039306641 692.19221496582 1116.39841651917 769.071937561035 760.318939208984 687.515746593475 788.627286434174 633.241394042969 1875.94700622559 1062.81121063232 815.180053710938 696.306774139404 994.976188659668 692.979396820068 641.266998291016 1209.24228668213 772.326240539551 726.809982538223 710.48380279541 992.02075958252 1322.08189296722 867.128616333008 597.856002807617 638.085746765137 643.758560180664 652.811447143555 1164.84256458282 773.247612595558 862.380764007568 680.228544235229 737.444759368896 624.548980712891
489.951217651367 426.048934936523 576.908432006836 615.320303916931 510.175178527832 701.991329193115 644.845372200012 487.638732910156 542.077270507812 542.376564025879 398.421569824219 429.165084838867 385.169464111328 393.197692871094 495.297912597656 1010.95548248291 856.254264831543 629.158699035645 535.705444335938 630.76485824585 598.152496337891 599.393516540527 755.608534812927 713.909889221191 789.583786010742 1057.00065612793 698.758178710938 796.563529968262 697.879302978516 867.56258392334 747.570152282715 990.863204956055 956.750898361206 675.5753698349 932.316131591797 509.861633300781 545.420028686523 633.856582641602 583.192687988281 653.259071350098 632.176665782928 724.390436410904 670.964492797852 633.603218078613 684.855125427246 697.903504371643 720.216457486153 631.078605651855 1093.72694015503 735.293518066406
483.277755737305 497.913238525391 471.445388793945 576.723083496094 508.821022033691 643.724075317383 1108.45422363281 704.711898803711 519.601997375488 471.214691162109 530.782592773438 465.81755065918 538.426147460938 752.472484588623 634.951988220215 834.713409423828 1117.77364349365 1042.1475982666 900.487716674805 790.828784942627 664.121742248535 641.499557495117 837.802673339844 764.456094741821 1061.20141983032 478.756881713867 610.736892700195 672.879508972168 695.10054397583 708.417434692383 794.434623718262 779.951090574265 727.04817199707 701.378345489502 706.351699829102 1191.78086853027 544.934463500977 645.440479278564 608.196533203125 1005.6775894165 757.682159423828 745.635101318359 803.910797119141 1060.37756729126 1103.17936897278 1199.40790748596 655.17448425293 748.231826782227 529.700065612793 479.717544555664
545.834873199463 567.617431640625 492.019943237305 592.539134502411 520.524925231934 472.25114440918 752.499206542969 639.82283782959 663.617435455322 625.574375152588 1008.40161895752 438.380340576172 533.709510803223 769.219074249268 586.15421295166 547.328994750977 528.266754150391 617.522888183594 648.776588439941 666.925894737244 675.878387451172 784.022708892822 731.707878112793 883.837255477905 856.074493408203 672.60164642334 697.153663635254 905.31681060791 855.73844909668 625.238342285156 672.09204864502 731.83437538147 929.300130367279 636.142402648926 772.916729211807 814.901384830475 568.604095458984 608.907390594482 642.52416229248 676.562165498734 730.06369972229 590.987456321716 946.496912002563 637.775884628296 550.582824707031 503.048553466797 787.080410003662 649.126913070679 573.98388671875 559.437355041504
468.878799438477 581.907342910767 747.910919189453 515.470489501953 637.780540466309 583.771654129028 785.645980834961 670.868869781494 1228.44552612305 541.153060913086 639.881454467773 780.067720413208 539.192070007324 511.058967590332 574.792762756348 520.900001525879 430.393417358398 568.302093505859 867.179631233215 732.768859863281 961.628623962402 595.214027404785 703.75634765625 794.503646850586 850.496932983398 834.890319824219 799.271457672119 580.197738647461 765.184555053711 765.512615203857 662.766917228699 799.367431640625 648.103775024414 429.270706176758 610.017234802246 415.364028930664 648.164047241211 603.602462768555 715.52486038208 641.975025177002 713.960123062134 665.481414794922 1267.93219280243 534.045021057129 785.205657958984 1192.94704437256 800.241020202637 454.523208618164 688.25 993.26285982132
482.133895874023 559.627304077148 677.225421905518 802.244262695312 685.506057739258 673.318994522095 915.435691833496 482.491195678711 597.40470123291 576.435050964355 729.51155090332 727.34952545166 533.135108947754 852.177825927734 643.265411376953 609.133140563965 898.911988258362 579.295837402344 1043.08106231689 834.127323150635 771.864822387695 1354.90608215332 1035.45199584961 624.433563232422 466.511734008789 879.424964904785 779.516220092773 578.436325073242 1540.86777496338 698.921752929688 771.839317321777 587.167343139648 462.109184265137 612.752352714539 384.497161865234 641.997100830078 446.836410522461 525.728363037109 616.415740966797 655.027194976807 545.010971069336 614.964874267578 584.121467590332 555.07218170166 698.519325256348 1146.3674697876 467.077850341797 546.842666625977 619.2490234375 618.161987304688
