export/dem/dem40.asc
NCOLS 350
NROWS 171
XLLCORNER 152620
YLLCORNER 418050
CELLSIZE 100
NODATA_VALUE -9999
[rows 44 to 65 of 171, columns 200 to 249 of 350]
913.633560180664 824.764701843262 802.958038330078 472.031021118164 611.648105621338 528.998992919922 795.107727050781 810.737701416016 878.065216064453 859.344787597656 844.639450073242 738.920677185059 601.475616455078 711.841468811035 420.460311889648 585.654536247253 648.224319458008 599.574462890625 567.1875 527.384876251221 510.13981628418 602.642963647842 432.158340454102 552.192764282227 583.34889793396 612.690229415894 559.395137786865 740.42484664917 686.438945770264 695.14274597168 679.913822174072 762.341133117676 1292.11008453369 588.961055755615 731.473575115204 586.056365966797 738.83570098877 755.381256103516 691.383601903915 621.359107971191 674.406485557556 700.719968318939 617.512924194336 623.512313842773 522.422927856445 687.105690956116 718.55908203125 598.87580871582 586.421447753906 721.137159347534
1138.06996154785 1620.49069213867 1224.31831359863 897.46208190918 698.59098815918 1013.959608078 862.963367462158 767.764389276505 858.732131958008 539.153213500977 882.554374694824 668.935276031494 741.705696105957 1132.72294616699 667.82604598999 743.326736450195 639.742370605469 425.120681762695 514.582664489746 597.875631809235 528.126274108887 550.640769958496 568.890251159668 615.79207611084 669.865657806396 508.785446166992 665.896057128906 856.295562744141 468.770050048828 520.394760131836 735.366592407227 751.013626098633 657.000831604004 707.414653778076 612.751953125 761.481872558594 758.468532562256 800.276176452637 859.233688354492 663.929733276367 610.307586669922 501.720825195312 535.779647827148 578.110153198242 554.22721862793 725.035654067993 598.518196105957 766.843803405762 610.764183044434 590.164115905762
830.311248779297 912.174615859985 1542.51718997955 1059.73497009277 594.799865722656 653.892734527588 807.501495361328 881.101043701172 651.374229431152 770.857681274414 646.1438331604 581.250442385674 514.893127441406 732.254989624023 856.128463745117 683.986480712891 1296.49183654785 646.249923706055 519.315620422363 627.123243331909 548.274517059326 563.495811462402 681.223262786865 611.335837364197 706.551338195801 625.225813388824 639.878665924072 665.008865356445 626.598129689693 618.236469268799 729.231964111328 701.026058197021 597.959022521973 767.904228210449 596.276607513428 760.125144958496 681.087134480476 713.319881439209 739.158782958984 693.883587837219 597.727951049805 730.434150695801 637.52038192749 725.385730743408 699.270931243896 596.919364929199 461.178298950195 634.971366882324 642.154441833496 583.146621704102
662.899337768555 716.290023803711 810.894218444824 1188.30993652344 829.447330474854 717.668270111084 761.980036973953 687.370475769043 536.451286315918 526.341239929199 493.068334579468 628.489994049072 612.527965545654 598.091091156006 611.382614135742 971.531800270081 1171.23844146729 1821.05448913574 1227.98767089844 729.048359870911 552.832714080811 587.17472076416 579.079349517822 635.722694396973 726.146636962891 746.776077270508 755.789962768555 627.945149421692 607.895345687866 684.997661590576 603.886795043945 681.270881652832 440.382858276367 713.058410644531 600.052436828613 658.59788107872 725.862056732178 721.947814941406 582.666442871094 723.31284236908 766.91828918457 518.604263305664 685.761159896851 536.174255371094 700.485534667969 706.991714477539 630.994331359863 691.542538642883 665.107978820801 720.998777389526
657.904121398926 538.557224273682 650.738258361816 635.815765380859 596.851317405701 691.53516960144 666.712322235107 536.987411499023 594.257476806641 577.70149230957 589.105909347534 516.220050811768 464.889877319336 619.22322845459 708.854835510254 754.896911501884 986.157905578613 1269.19987487793 1097.53763580322 1014.68578720093 660.526945114136 591.896110534668 580.203939437866 588.492965698242 523.74284362793 620.589713811874 750.802673339844 506.237983703613 783.645065307617 773.303634643555 562.590225219727 676.932733535767 628.488265991211 631.667434692383 603.556648254395 653.274560928345 782.666465759277 723.492942810059 569.351997375488 703.940504074097 675.849234580994 883.408321380615 614.047576904297 737.116184234619 602.905372619629 675.166961669922 496.231140136719 607.379898071289 514.968841552734 612.217514038086
673.027671813965 670.353546142578 550.207271575928 567.850919723511 543.676895141602 634.518207550049 508.754409790039 622.065567016602 827.271606445312 729.791984558105 542.798643112183 585.869781494141 534.125049591064 574.448621749878 677.613735198975 568.355712890625 821.093627929688 1143.06938934326 1740.91441345215 1546.22489929199 768.511177062988 833.808294296265 637.36882019043 517.833442687988 674.003295898438 546.270931243896 647.418781280518 470.870361328125 568.779991149902 556.255676269531 456.354202270508 533.182434082031 776.97624206543 602.45788192749 571.852813720703 818.378524780273 696.173160552979 825.531143188477 714.74193572998 804.706871032715 760.23787689209 621.841785430908 654.587160587311 1025.78429031372 1038.31278139353 1073.24645233154 805.875274658203 605.756874084473 562.405853271484 660.619155883789
546.484958648682 654.558250427246 627.043527603149 550.248445510864 596.307098388672 619.465919494629 542.813610076904 542.191917419434 643.965141296387 701.916809082031 569.275731921196 533.068119049072 492.545787811279 717.355926513672 418.030990600586 611.669761657715 584.775741577148 1022.57704925537 1572.53887748718 1610.36346435547 846.50860786438 738.070753097534 692.369899749756 597.814821243286 665.593284606934 704.687866210938 495.156127929688 615.499094009399 516.580352783203 584.474670410156 685.48970413208 694.220348358154 716.944877624512 609.38302230835 578.082870483398 759.773742675781 680.964371204376 823.04948425293 810.491271972656 671.443481445312 678.736534118652 758.597808837891 652.356214523315 661.374423980713 1019.66784667969 1210.02449798584 719.496292114258 653.513526916504 498.038330078125 907.351867675781
637.800361633301 577.081634521484 642.375018149614 500.980056762695 454.555404663086 517.2698097229 500.294540405273 535.618198394775 565.981224060059 709.323539733887 660.036804914474 476.604179382324 480.549110412598 354.586639404297 506.731777191162 563.977207183838 639.549747467041 828.577011108398 1294.05539703369 1188.5220489502 1272.94651794434 645.929275512695 572.11153793335 561.924331665039 568.944549560547 710.491012573242 468.195358276367 517.519012451172 562.819828033447 662.762866973877 553.464202880859 657.31348991394 687.768871307373 650.875660777092 624.656391143799 593.599143981934 711.79704284668 565.992988586426 758.046291351318 626.092754364014 663.906893722713 732.72673034668 851.735076904297 687.192525863647 1174.74801635742 579.326530456543 824.381011962891 1238.76820373535 731.39631652832 689.633209228516
619.684352874756 650.623100280762 774.974857330322 724.962644577026 661.090705871582 630.825973510742 781.993144989014 652.709518432617 644.291695594788 677.453628540039 776.687843322754 666.177272796631 652.012531280518 566.548652648926 459.504455566406 544.54070186615 419.659896850586 716.144790649414 822.581008911133 1592.72702407837 1827.84104919434 1080.14503479004 750.113460540771 640.292680740356 562.389289855957 611.398864746094 677.478569030762 433.026092529297 473.228294372559 683.001762390137 665.354797363281 754.86784362793 672.893783569336 651.084421157837 673.485679626465 737.625823974609 555.395668029785 556.922973632812 733.189109802246 589.609016418457 640.694629669189 797.3408203125 697.308628082275 655.865991592407 710.362197875977 591.590545654297 674.217247009277 542.8974609375 1052.96759033203 1084.98878479004
643.665458679199 696.465637207031 679.761109352112 813.488159179688 606.745830535889 483.581802368164 612.418495178223 733.744819641113 519.729766845703 747.414459228516 743.958011627197 616.173973083496 669.332546234131 741.855575561523 448.856063842773 589.233585357666 612.76953125 625.831523895264 756.62028503418 749.5771484375 1236.18308258057 1220.06426239014 1453.86859130859 793.678871154785 529.281204223633 749.259902954102 643.585460662842 711.635597229004 630.285541534424 631.720262527466 657.487064361572 474.795364379883 646.024517774582 683.093257904053 603.930404663086 768.078323364258 883.86897277832 582.631278991699 608.817687988281 690.517665863037 709.188301086426 467.000091552734 629.010837554932 631.128917694092 576.20433807373 663.172004699707 491.446762084961 645.911956787109 974.682098388672 554.869567871094
598.658215522766 560.694885253906 759.152938842773 675.811504364014 641.643356323242 753.672569274902 641.609848022461 780.637466430664 656.451448440552 704.72797203064 610.839962005615 678.175025939941 607.181503295898 682.057914733887 567.580375671387 617.659861564636 535.709341049194 475.801734924316 597.747692108154 722.773387908936 932.158088684082 1361.61326599121 1558.31212615967 741.926971435547 683.476760864258 578.320659637451 814.872131347656 587.014134407043 693.055595397949 584.882731437683 494.333686828613 577.146102905273 541.255020141602 617.141082763672 523.933181762695 545.9775390625 597.177642822266 682.470041275024 730.764881134033 674.391531944275 597.593948364258 627.002414703369 679.778749465942 518.503341674805 674.194240570068 650.217765808105 635.533596038818 623.404956817627 589.879264831543 550.32600402832
651.578723907471 776.611236572266 645.317676544189 853.870712280273 625.137090682983 644.052558898926 568.036361694336 618.606015920639 675.959293365479 876.054824829102 694.069295883179 618.676893234253 666.880615234375 736.246597290039 632.597778320312 561.333225250244 600.650760650635 621.795825958252 472.138534545898 638.838001728058 754.935835838318 951.997213363647 1084.73926544189 1356.38402938843 899.29402923584 671.809537887573 804.625595092773 523.414569854736 609.429291725159 654.009044647217 573.042248725891 657.705730438232 514.524925231934 641.799427032471 743.990463256836 641.646759033203 550.8642578125 712.394924163818 625.99391746521 561.669967651367 742.608459472656 555.994247436523 593.139526367188 732.80884552002 605.057197570801 645.52855014801 763.258827209473 593.510696411133 684.194327354431 539.364166259766
584.152362823486 710.039764404297 637.312519073486 636.556987762451 609.879280090332 593.891738891602 632.164066314697 662.37336730957 718.918983459473 661.744663238525 873.98072052002 758.424488067627 648.42845916748 538.61205291748 838.317718505859 790.192771911621 723.921436309814 756.819228768349 752.6838504076 822.238262176514 918.321704864502 859.457778930664 1132.77844619751 1140.00896453857 713.817611694336 816.839874267578 518.437637329102 712.759292602539 659.462425231934 517.557151794434 480.842720031738 513.030471801758 412.414337158203 668.935890197754 666.799652099609 606.588998794556 685.905490875244 735.348403930664 721.29581451416 610.0211353302 686.351165771484 596.413734436035 541.020637512207 897.426376342773 733.466484069824 724.29077911377 850.233474731445 787.637847900391 662.39803314209 523.517974853516
727.760833740234 642.736391067505 628.807929039001 730.783821105957 624.297698974609 684.682674407959 591.286199331284 674.869086742401 647.548015594482 756.749328613281 641.633117675781 710.650524139404 704.471997261047 581.293724060059 611.781764984131 653.962839603424 826.822174072266 774.52766418457 534.616882324219 920.625061035156 808.071133375168 874.356081008911 901.499139904976 794.41032409668 821.796321868896 660.030941009521 623.820049285889 553.456813812256 528.61190032959 721.487380981445 669.200012207031 523.643669128418 549.13793182373 476.701553344727 663.25643157959 679.794239044189 658.275722503662 540.17147064209 544.736778259277 469.425048828125 652.077728271484 714.822746276855 742.189086914062 667.816907644272 647.418464660645 783.392028808594 668.931303024292 613.695701599121 739.253944396973 629.949462890625
581.39395904541 550.127212524414 674.269002914429 698.597652435303 635.196443557739 579.18531036377 618.991286277771 548.368873596191 689.249277114868 751.660568237305 576.738327026367 723.397344350815 682.426906585693 508.751892089844 495.939422607422 734.504266738892 709.118963241577 791.630867004395 610.623428344727 689.553421020508 680.567718505859 831.807769775391 836.958702087402 804.201362609863 746.124549865723 750.579254150391 699.192077636719 485.801795959473 699.826095581055 566.137496948242 480.246589660645 843.391273498535 718.256404876709 753.322677612305 623.979145050049 640.011686325073 579.938621520996 508.668228149414 595.015436172485 575.599868774414 686.594619750977 575.200706481934 726.075662612915 692.632595062256 757.385833740234 676.940937042236 718.753280639648 540.529739379883 633.104986190796 570.999435424805
598.12593460083 462.754196166992 706.772636413574 589.712604522705 778.211502075195 496.966156005859 608.141613006592 638.07896566391 727.907012939453 553.201957702637 613.95043182373 741.66685962677 636.046424865723 580.0859375 723.282740592957 568.072975158691 722.087487220764 718.793556213379 766.300876379013 793.620246887207 826.710662841797 941.967590332031 739.221527099609 530.739135742188 700.563354492188 602.588821649551 697.620880126953 659.604389190674 384.548156738281 528.033988952637 694.411102294922 764.150501251221 652.772567749023 765.809188842773 834.877548217773 562.609870910645 560.925701141357 605.545276641846 604.953576087952 668.120410919189 827.564605712891 540.876007080078 803.970565795898 526.435958862305 704.69172668457 700.879894256592 662.160612344742 717.03519821167 562.979133605957 696.10099029541
663.601585388184 615.129817008972 541.58715057373 577.703842163086 643.364028930664 735.866668701172 561.32918548584 689.535219192505 491.175582885742 510.003936767578 601.725593566895 754.83406829834 544.96728515625 668.109786987305 685.86701965332 739.867713928223 574.225173950195 661.469932556152 672.707386016846 811.073299407959 805.884370803833 849.53466796875 415.216751098633 681.478729248047 517.137702941895 742.183654785156 522.071174621582 517.323043823242 527.20792388916 884.513986349106 864.119552612305 621.373130083084 722.947341918945 580.803997039795 767.065856933594 619.399887084961 615.892692565918 507.339797973633 611.79811000824 626.166952133179 678.582633972168 703.064468383789 644.300407409668 696.583442687988 644.243717193604 657.936820983887 595.432090759277 625.69455909729 456.923217773438 768.09001159668
502.643226623535 439.560775756836 641.314739227295 678.012226104736 770.519500732422 724.513023376465 629.512659072876 518.051483154297 499.675399780273 600.139560699463 610.250186920166 714.619766235352 586.897047042847 705.11771774292 737.264781951904 850.199390411377 552.953033447266 562.146377563477 847.220252990723 902.768707275391 830.354591369629 615.610278129578 566.680252075195 662.849273681641 643.528372764587 781.18586730957 655.803028106689 632.326146602631 602.081009328365 787.853469848633 421.124893188477 590.920833587646 490.174247741699 538.858116149902 592.309181213379 586.53532409668 740.466772079468 670.663383483887 617.838981628418 704.308403015137 583.126174926758 510.131774902344 768.944351196289 607.671184539795 593.075462341309 617.522232055664 576.145683288574 636.842729568481 581.248294830322 582.255599975586
726.886268615723 633.263702392578 730.071899414062 638.521582603455 645.669114112854 774.075988769531 635.155996322632 610.655458450317 644.681997299194 623.003906607628 576.575302124023 693.04679107666 582.638195037842 580.658290863037 596.181037902832 721.131698608398 718.249984741211 617.714177131653 578.461999893188 626.482234954834 696.057624816895 579.459434509277 613.702540397644 583.290493011475 613.792663097382 727.47550201416 679.60375213623 795.158767700195 586.360160827637 834.307926177979 765.186416625977 378.891036987305 628.658475875854 410.517791748047 528.834045410156 505.719436645508 703.230682373047 997.513748168945 982.723983764648 660.31909942627 564.041412353516 618.517366409302 596.097332000732 584.466289520264 578.143112182617 568.557174682617 500.707275390625 675.210124969482 587.238857269287 729.476737976074
633.253564834595 670.620742797852 498.14225769043 670.388603210449 717.561935424805 743.621292114258 655.032650947571 593.687168121338 537.769897460938 726.671775817871 571.325828552246 685.918876647949 614.656135559082 695.745170593262 789.133415222168 778.875858306885 546.785545349121 552.415203094482 632.71999835968 578.17179107666 927.040344238281 682.592269897461 757.13387298584 657.804206848145 639.711196899414 653.931488037109 841.481658935547 666.581535339355 603.868906021118 690.247016906738 627.331077575684 518.058319091797 761.792304992676 557.851753234863 564.675758361816 658.114012718201 532.948089599609 881.898616790771 726.844779968262 675.149024963379 573.365341186523 668.871467590332 418.124008178711 671.424869537354 546.047317504883 576.451587677002 655.278360366821 694.565544128418 591.952377319336 753.135643005371
651.742489814758 759.836095809937 762.434150695801 597.589244842529 719.327705383301 737.930908203125 743.139312744141 677.146585464478 566.587493896484 712.0048828125 617.762686729431 687.474128723145 719.558700561523 644.986621856689 538.25707244873 753.75732421875 663.18074798584 693.052169799805 680.091709136963 579.296772003174 677.190032958984 675.394611358643 636.376873016357 752.378463745117 689.09349822998 585.133831858635 579.24547290802 718.183639526367 612.142702102661 642.086992263794 606.542549133301 803.24520111084 663.068229675293 580.860462188721 874.260803222656 601.174812316895 558.565124511719 803.066802978516 685.710722923279 549.047462463379 638.528121948242 690.682109832764 600.943649291992 658.529279708862 517.892364501953 513.409927368164 517.825378417969 550.196685791016 505.43359375 639.602209091187
724.384727478027 623.534561157227 788.185760498047 710.503616333008 594.006381988525 639.493139266968 623.611145406961 621.953331947327 539.318511962891 633.917625427246 588.199871063232 612.872423171997 621.108809746802 620.256109237671 570.387828826904 603.981800079346 754.928398132324 694.309959411621 496.254516601562 669.078395843506 499.636619567871 654.245073318481 737.76229095459 633.927767753601 669.53385925293 593.730154037476 666.87654876709 653.042217254639 716.712646484375 713.515106201172 826.002975463867 716.929843902588 747.746398925781 653.878656387329 772.47981262207 897.615082263947 867.230701446533 637.745712280273 562.877605438232 649.198141098022 550.731224060059 802.04638671875 656.167181015015 682.957931518555 627.520839691162 582.515605926514 427.418991088867 613.80952835083 531.966041564941 606.249782562256
