export/dem/dem47.asc
NCOLS 350
NROWS 171
XLLCORNER 152620
YLLCORNER 418050
CELLSIZE 100
NODATA_VALUE -9999
[rows 22 to 43 of 171, columns 250 to 299 of 350]
770.282684326172 770.857297897339 915.529121398926 798.710067749023 783.159790039062 896.168888568878 1065.33370304108 925.913743972778 1008.40197753906 606.101806640625 704.489532470703 496.670791625977 516.541091918945 515.451232910156 672.156915664673 618.248031616211 972.838287353516 877.808685302734 733.438097953796 877.891639709473 712.193289279938 771.933151245117 622.410921096802 922.207588195801 1009.08293151855 888.064613342285 950.517547607422 860.424831390381 1043.80218505859 921.60090637207 790.786254882812 -9999 -9999 -9999 -9999 -9999 -9999 -9999 -9999 -9999 -9999 -9999 -9999 -9999 -9999 -9999 -9999 -9999 -9999 -9999
755.206325531006 889.121086120605 754.10396194458 680.621139526367 770.555685043335 827.602882385254 864.374740600586 1245.39270019531 1127.61615753174 836.369659423828 1058.19051742554 660.037857055664 687.147399902344 550.929016113281 647.239212036133 927.228282928467 1024.93878173828 801.129287719727 818.954734802246 857.782218933105 832.587242126465 846.132263183594 635.665203094482 814.708343505859 813.980667114258 637.713157653809 1001.7788848877 915.794822692871 822.895401000977 794.231712341309 735.882682800293 1085.20686340332 1037.30725097656 876.116828918457 -9999 -9999 -9999 -9999 -9999 -9999 -9999 -9999 -9999 -9999 -9999 -9999 -9999 -9999 -9999 -9999
647.651489257812 1223.55855560303 1112.25291824341 722.683406829834 716.523582458496 687.452239990234 776.064331054688 726.215454101562 843.63565826416 636.190643310547 527.653930664062 891.408012390137 820.661666870117 697.932006835938 672.200225830078 802.824211120605 800.2275390625 809.197578430176 909.055862426758 872.074979782104 940.908256530762 855.280632019043 956.259323120117 795.187194824219 767.330741882324 725.05485534668 845.103528499603 910.419654846191 908.503295898438 774.226999282837 1008.79412841797 884.469413757324 923.517395019531 806.112701416016 1075.87324523926 943.407115936279 968.165298461914 -9999 -9999 -9999 -9999 -9999 -9999 -9999 -9999 -9999 -9999 -9999 -9999 -9999
850.121612548828 666.517166137695 661.715492248535 677.576972961426 844.809879302979 695.412796020508 855.447929382324 857.669647216797 818.224082946777 838.540153503418 587.718322753906 819.424392700195 936.097503662109 959.651596069336 835.799697875977 802.080879211426 971.664463043213 788.063484191895 823.238342285156 944.447784423828 1110.61334228516 1030.71298217773 995.892539978027 1088.76647949219 820.226493835449 865.820922851562 1014.4186630249 799.691349029541 755.102767944336 816.432121276855 707.288146972656 881.291076660156 796.522480010986 778.547340393066 1050.27885437012 959.348846435547 842.925575256348 768.448725700378 742.715524673462 745.270734786987 1053.31089782715 -9999 -9999 -9999 -9999 -9999 -9999 -9999 -9999 -9999
861.731408119202 770.419540405273 677.799423217773 760.988815307617 750.985290527344 782.066535949707 872.216804504395 609.007385253906 867.004760742188 729.56307220459 729.940658569336 1035.73046875 1042.79179382324 1298.67509460449 930.326000213623 927.469413757324 1103.50302886963 1017.01422119141 970.271522521973 951.108680725098 892.192058563232 781.34782409668 1184.46256256104 1333.14781188965 891.472308635712 965.827789306641 960.916582107544 973.636165618896 932.877307891846 741.531356811523 745.997924804688 812.449948787689 770.589069366455 637.883255004883 566.550437927246 922.23991394043 862.847953796387 802.725147247314 922.418075561523 951.751007080078 779.623596191406 851.799263000488 1007.59128952026 973.065019607544 998.546775817871 -9999 -9999 -9999 -9999 -9999
831.707457780838 688.518585205078 620.396774291992 751.558212280273 854.785118103027 680.932022094727 1120.0626373291 773.223915100098 908.184647083282 942.381566047668 763.5859375 657.999526977539 650.113265991211 1912.90686035156 663.596954345703 859.381286621094 742.772289276123 891.702198028564 1059.91065216064 928.710189819336 910.813770294189 1046.05799865723 937.035552978516 1098.19877243042 1123.64167022705 1021.20495223999 907.913719177246 1069.1697845459 1076.93199920654 902.105926513672 833.866558074951 929.232116699219 890.038185119629 610.220127105713 670.345123291016 741.483016967773 1027.46951293945 1017.69050598145 825.356992721558 1019.45916748047 725.862060546875 830.982192993164 1105.73654174805 973.65079498291 961.361466407776 839.439888000488 1026.84787750244 695.661437988281 861.093925476074 867.178581237793
799.810992240906 763.287582397461 745.58666229248 728.72013092041 745.028121948242 769.794464111328 815.987669944763 627.945259094238 705.216979980469 814.022940516472 782.931503295898 732.601455688477 596.910888671875 1901.64527893066 614.494079589844 759.054790496826 642.842681884766 831.762372970581 743.510093688965 929.939945220947 973.759502410889 958.711059570312 1064.36590576172 1227.2166595459 1081.32248592377 932.629055023193 901.739738464355 880.498497009277 927.554779052734 792.645736694336 952.31725692749 1005.44668579102 1161.98297119141 668.024591445923 793.416061401367 716.127960205078 951.987979888916 895.620847225189 865.309108734131 946.624298095703 924.088508605957 859.342384338379 783.447929382324 943.390754699707 1133.59265136719 1061.60008239746 1116.35600280762 734.593044281006 929.435333251953 942.330047607422
682.883125305176 682.858047485352 887.305072784424 1021.64405822754 1039.46328735352 759.8752784729 714.864288330078 728.368553161621 814.813831329346 829.097967624664 678.649749755859 635.1875 1299.83779907227 524.335235595703 622.348892211914 782.475944519043 768.104965209961 749.711990356445 802.709266662598 805.894832611084 765.138221740723 1057.87299346924 1108.22591781616 995.093032836914 928.615204334259 1642.6979675293 800.741241455078 1112.50784111023 1100.40264892578 1072.17525482178 936.382102966309 1039.63082885742 1046.54427242279 624.01212310791 921.303352355957 1051.15863800049 958.006622314453 941.923854827881 876.619995117188 905.743885040283 898.111915588379 846.09203338623 857.547843933105 954.977546691895 921.898956298828 946.296859741211 744.101608276367 676.972930908203 470.731521606445 775.440894126892
809.398216247559 828.815010070801 824.263820648193 964.318870544434 810.977691650391 810.293033599854 791.61155462265 771.353397369385 701.197937011719 768.334506988525 719.073654174805 595.251129150391 1732.72456359863 635.059494018555 533.889739990234 688.065856933594 688.50537109375 930.740257263184 715.479293823242 694.624084472656 744.553619384766 763.905166625977 760.540145874023 1006.70405578613 728.037002563477 836.379627227783 599.091506958008 789.254055023193 775.088958740234 754.865295410156 750.909057617188 1247.22287750244 911.115674972534 949.327491760254 774.915969848633 883.769271850586 820.723373413086 903.59252166748 786.806381225586 906.644332885742 949.213649749756 978.656394958496 998.382835388184 937.453525543213 1091.48034667969 987.356307983398 897.329284667969 541.342036247253 487.585983276367 1007.04653930664
935.231407165527 967.572219848633 919.594467163086 853.51293182373 801.552858829498 793.705492019653 726.711517333984 724.27360534668 720.267097473145 693.947639465332 716.167831420898 1085.95175170898 683.461212158203 610.650695800781 545.153717041016 651.69660949707 800.531970977783 740.997108459473 837.502935409546 800.289388656616 656.10090637207 701.165878295898 725.238655090332 867.641109466553 844.724681854248 896.771591186523 747.127632141113 716.411010742188 838.084499359131 843.478655338287 749.040718078613 902.411849975586 814.628370285034 797.676971435547 869.633140563965 853.953430175781 705.632507324219 695.294387817383 969.091419219971 1373.9143075943 947.400020599365 981.726457595825 843.603164672852 1001.28701400757 907.166959285736 953.993469238281 606.960136413574 524.79663848877 671.887561798096 992.508434295654
856.279830932617 810.681896209717 702.452224731445 753.03715801239 793.2077293396 714.62882232666 731.449779510498 781.312143087387 962.466842651367 891.120697021484 798.784149467945 1543.74275970459 710.444198608398 752.7265625 632.165618896484 562.283920288086 772.347942352295 727.111457824707 694.096740722656 762.687767028809 751.153419494629 591.621459960938 682.483772277832 859.514701843262 857.523162841797 852.379348754883 813.005579948425 873.864967346191 694.54866027832 670.978561401367 707.535705566406 704.174278259277 729.344848632812 882.475210607052 708.364974975586 697.682327270508 642.432754516602 767.918869018555 784.346946716309 685.489059448242 722.89217376709 815.608497619629 918.331718444824 1356.93313598633 1021.33551025391 853.922565460205 1165.29844665527 1109.10469818115 1049.66220664978 948.909133911133
785.589463233948 766.415161132812 775.683083534241 727.667211532593 795.469398498535 743.0973072052 874.334327697754 907.559516906738 750.136184692383 759.066734313965 984.703010559082 670.508239746094 675.984390258789 775.440377771854 734.686637878418 747.7672996521 690.653198242188 864.490261077881 607.606994628906 679.339572906494 731.87508392334 805.978096008301 621.535614013672 831.835613250732 690.007545471191 772.528911590576 843.113300323486 831.436332702637 700.786003112793 627.623672485352 777.9485912323 917.2880859375 902.80744934082 782.990036010742 717.686149597168 721.257377624512 700.884292602539 826.94579744339 711.968940734863 728.322898864746 808.686131477356 745.229530334473 885.795673370361 868.239088058472 1503.78078460693 724.660621643066 898.354946136475 801.392931461334 1045.43462085724 1103.50278091431
821.479221343994 843.955467224121 772.48758533597 610.660461425781 562.673553466797 740.964490413666 722.100231170654 766.627901077271 797.151401519775 1116.69225001335 717.768752098083 801.035217285156 646.386764526367 827.430648803711 789.319567203522 922.350002288818 1140.5160369873 896.175109863281 642.337249755859 584.035903930664 693.97208404541 643.837947845459 738.07347869873 958.763320922852 780.104928970337 638.048278808594 740.161981582642 1022.40667724609 719.384979248047 796.128520011902 743.995986938477 771.194492340088 905.119300842285 795.362222671509 758.780433654785 672.671417236328 831.020015716553 808.442444801331 722.252914428711 745.59854888916 699.088088989258 890.419677734375 766.966865539551 871.089145541191 921.755424499512 1453.55830383301 1030.92495727539 1238.48863220215 1089.27889823914 1034.64044380188
782.886581420898 634.851631164551 781.212484359741 595.640548706055 712.917877197266 650.786117553711 1001.53848266602 827.57124710083 841.829986572266 798.112197875977 818.702995300293 918.121490478516 823.836124420166 771.302397727966 723.046779632568 735.735595703125 817.789108276367 859.244232177734 709.94660949707 830.671695709229 662.095031738281 714.422225952148 793.170769691467 1026.63276672363 824.489045381546 776.580997467041 848.097518920898 818.819562911987 715.848491668701 882.863304138184 822.139970779419 807.817367076874 835.528621673584 908.467720031738 853.320263683796 841.887020587921 725.095832824707 874.781921386719 689.575073242188 624.372436523438 761.897827148438 722.096282958984 756.810966491699 798.242910385132 836.909999847412 836.916561126709 879.841513633728 1553.17665100098 980.212036132812 787.148864746094
754.51363658905 655.515495300293 653.886352539062 810.040641784668 630.082740783691 799.48840713501 802.761390686035 735.887874603271 744.369277954102 888.514251708984 817.785388946533 897.220428466797 697.345836639404 726.98078918457 1208.88368225098 1016.6854095459 777.395332336426 1020.78626251221 1189.98102760315 912.401752471924 759.482418060303 825.220909118652 797.184577465057 860.748542785645 750.292781829834 1005.79409790039 636.066223144531 694.262008666992 899.351165771484 925.95874786377 806.427178382874 740.638511657715 815.46454000473 802.203025817871 853.457916259766 961.901351928711 773.576412200928 821.767660617828 788.202352523804 695.62174987793 701.133895874023 814.926733016968 818.422125577927 908.369705200195 1023.96249389648 831.733406066895 947.55042219162 870.666071891785 920.696762084961 981.845329284668
731.929571151733 792.30765914917 741.330816626549 718.033393859863 750.394593238831 726.639659881592 639.758666992188 961.116664886475 658.894088745117 649.568809509277 683.09147644043 756.020500183105 865.996028900146 1030.78188514709 1135.73436975479 763.222526550293 638.475601196289 824.682544708252 1355.60094833374 836.102606773376 790.978013038635 729.395175933838 757.70858001709 926.908149719238 846.640399932861 875.991600036621 830.888565063477 635.181747436523 779.547040939331 757.66223526001 778.744827270508 733.735061645508 824.271997451782 826.510581970215 910.605247497559 938.32559967041 987.133514404297 734.394378662109 856.306957244873 770.942756652832 853.419635772705 845.815683364868 855.540390014648 899.798332214355 959.709587097168 923.922966003418 1062.35953521729 935.803527832031 946.0065574646 1037.28612518311
774.258953094482 681.290367126465 767.208892822266 516.63249206543 693.23611831665 805.177875518799 756.193687438965 695.066787719727 661.226440429688 621.49934387207 1130.67602539062 900.537101745605 1219.34303331375 1018.16814422607 807.688041687012 612.735244750977 853.13005065918 1697.8119430542 776.350667715073 1393.94778251648 1253.58283233643 925.180484771729 811.38451385498 947.07755279541 766.179416656494 843.275997161865 924.78791809082 901.647979736328 958.509590148926 843.797828674316 666.316497802734 641.046752929688 813.188171863556 743.823936462402 791.80347442627 884.457382202148 707.26530456543 872.964897155762 788.195491790771 902.274868011475 990.14567565918 868.076866149902 930.731246948242 885.01965713501 949.592948913574 879.339797973633 935.40601348877 913.955110549927 957.342128753662 734.964874267578
564.260406494141 594.287925720215 696.56213760376 517.090972900391 515.959487915039 664.939918518066 655.848808288574 739.233187675476 614.456726074219 624.208595275879 701.182792663574 788.357650756836 699.873611450195 1189.43074035645 1056.70886993408 1043.55737304688 564.761734008789 766.869201660156 869.615140914917 902.28931760788 1120.95936584473 850.688339233398 1062.05612182617 913.479072570801 849.820777893066 775.032894134521 842.607303619385 786.764259338379 707.147888183594 956.026336669922 821.307872772217 714.47151184082 878.4990234375 847.860240936279 744.750709533691 798.895804405212 711.527236938477 666.797409057617 914.696853637695 775.717979431152 863.876789093018 909.503200531006 909.992820739746 932.354934692383 740.539978027344 852.528025388718 874.103992462158 849.58948802948 845.140968322754 776.09349822998
793.559288024902 642.105461120605 805.447944641113 666.022468566895 671.895301818848 774.61967086792 700.693923950195 622.74324798584 695.452819824219 696.725570678711 639.924499511719 640.1953125 695.905029296875 828.808898925781 826.860679626465 1197.52272415161 708.936107635498 930.129135131836 623.450042724609 765.646020889282 837.907398223877 860.878372192383 668.829627990723 839.233417510986 634.070068359375 782.795574188232 865.29573059082 825.392723083496 854.497611999512 729.500480651855 886.375030517578 653.525970458984 848.56591796875 862.975772857666 726.549140930176 807.876441955566 731.363006591797 694.797561645508 804.91967010498 756.624786376953 1209.30547046661 823.744714707136 698.178833007812 905.14864730835 887.624074935913 811.884393692017 759.141613006592 969.730895996094 946.191673278809 935.067741394043
680.579553604126 706.187720298767 700.51538848877 639.936141967773 707.848442077637 662.041198730469 569.373931884766 674.113945007324 509.972503662109 630.93489074707 1079.67966461182 890.73991394043 619.487089157104 730.978506088257 786.592926025391 862.200538635254 811.708080291748 639.630981445312 828.094512939453 732.28101348877 880.999176025391 820.320819854736 680.515991210938 844.522956848145 720.711643218994 778.741745471954 586.403045654297 767.484294891357 862.309711456299 779.998275756836 1267.88114738464 638.504913330078 836.622886657715 928.024291992188 834.194164991379 791.128051757812 1163.73725128174 814.01900100708 857.219896316528 714.854858398438 1066.46537780762 859.015659332275 727.710395812988 669.457580566406 650.615631103516 832.743845939636 845.880188107491 883.363916397095 870.468719482422 979.351654052734
776.423042297363 658.625953674316 806.755123138428 643.441497802734 845.630971908569 625.006378173828 621.490966796875 696.34481048584 646.455581665039 755.239074707031 1030.79117584229 1432.8652305603 905.982345581055 860.903099060059 732.819852828979 695.019725799561 744.072208404541 853.881973266602 903.183853149414 738.153409004211 835.496398925781 729.432926177979 696.905216217041 690.33016204834 855.471649169922 851.21849822998 819.395294189453 698.57568359375 703.483255386353 742.551895141602 685.677589416504 784.230365753174 911.971607208252 790.178070068359 941.02278137207 717.589340209961 768.808876037598 1067.62965393066 800.438629150391 1354.03126525879 768.613418579102 705.394386291504 731.604804992676 864.611047744751 830.876846313477 705.557815551758 754.148902893066 878.372245788574 1044.51338195801 966.809234619141
580.276672363281 658.653610229492 616.584815979004 677.151237487793 653.632926940918 657.283592224121 725.078525543213 678.590301513672 806.197357177734 821.639987945557 883.628383636475 752.205135345459 630.092498779297 658.071067810059 760.991596698761 799.93675994873 814.631469726562 761.693170547485 781.328960418701 869.245582580566 609.297729492188 852.001495361328 811.440231323242 852.121673583984 759.157242298126 686.560523986816 1017.95468664169 824.658417224884 736.248382568359 1015.42874145508 668.296310424805 622.201988220215 683.323760986328 879.897323608398 551.526672363281 743.153717041016 734.067413330078 924.664125919342 800.103008270264 713.538040161133 833.866470336914 687.549095153809 837.242053985596 777.465602874756 788.521190643311 856.745452880859 848.135844707489 841.189786434174 720.752548217773 915.855746746063
