export/dem/dem49.asc
NCOLS 350
NROWS 171
XLLCORNER 152620
YLLCORNER 418050
CELLSIZE 100
NODATA_VALUE -9999
[rows 132 to 153 of 171, columns 250 to 299 of 350]
854.607429504395 824.640632629395 748.598194122314 823.917938232422 826.337024688721 736.174194335938 654.475059509277 584.090954780579 669.20258307457 800.974116325378 788.658634185791 700.379190444946 691.730381011963 550.111465454102 624.272521972656 813.738166809082 561.131225585938 800.898838043213 747.182174682617 760.06999206543 686.786296844482 538.669830322266 717.356790542603 691.089735031128 625.013740539551 546.122848510742 682.295148849487 657.583040237427 598.883794784546 501.470031738281 554.297409057617 583.926555633545 649.569658517838 527.000663757324 613.410126686096 784.428192138672 777.882888793945 687.244255065918 626.111946105957 883.735929489136 929.381061553955 1037.87457275391 856.807167053223 1087.36067962646 884.605194091797 856.828903198242 943.97766494751 735.903533935547 819.474769592285 880.232353210449
852.201278686523 887.289245605469 827.197205543518 846.8431224823 799.724716186523 590.287014484406 549.561920166016 624.435043334961 678.805419921875 818.694702148438 718.765419006348 590.240753173828 672.67919921875 781.293033599854 592.032608032227 661.126770019531 350.355529785156 770.383041381836 952.416095733643 759.2585105896 664.015411376953 624.129661560059 646.065807342529 691.778057098389 758.441909790039 683.768367290497 658.917819976807 585.003555297852 525.815078735352 698.889404296875 563.026359558105 576.632015228271 439.546279907227 632.253364562988 647.382569551468 770.918411254883 765.45418548584 681.832431793213 585.126777648926 725.83353805542 696.095485687256 865.163770675659 979.906211853027 1035.82881164551 881.382568359375 865.211143493652 922.233535766602 870.660591125488 894.205348491669 1001.02923583984
821.674766540527 783.067283630371 805.033094406128 616.856094360352 725.469711303711 647.061855316162 691.495975494385 752.191556930542 706.719657897949 670.402442932129 668.083198547363 896.195426940918 749.056099418551 669.880989074707 720.604574203491 633.336837768555 566.725814819336 654.718017578125 861.659088134766 713.440826416016 808.824447631836 890.123397827148 596.827781677246 537.671875 578.673545837402 765.755851745605 527.766098022461 577.230728149414 715.164501190186 631.413068771362 708.034545898438 584.61792755127 654.266676425934 507.673355102539 676.21296787262 694.613187789917 676.471221923828 681.268378257751 659.144668579102 764.471244812012 681.414894580841 555.58814239502 660.003499984741 748.450309753418 937.087390899658 703.522064208984 741.772399902344 712.84587097168 692.130950927734 1034.60612487793
653.261978149414 747.998002529144 756.60750579834 722.154724121094 580.224668502808 600.013870239258 752.755661010742 794.759367465973 716.291854858398 687.492111206055 614.311538696289 783.612503051758 750.163879394531 692.854301452637 729.809222698212 718.315357208252 511.742034912109 541.414352416992 603.326614379883 800.826788425446 696.020225524902 850.756332397461 671.607599258423 729.02074432373 606.092624664307 764.42839050293 592.097839355469 544.269920349121 693.546985626221 604.322841644287 735.870979309082 698.135719299316 637.677465438843 619.281965255737 788.109214782715 597.808120727539 547.073913574219 784.199592590332 572.278778076172 746.850475311279 764.123725891113 546.887153625488 558.214057922363 621.851181030273 792.542785644531 848.585399627686 887.021648406982 944.83226776123 921.93140411377 936.12793970108
671.972064971924 723.148427009583 783.219451904297 592.006603240967 506.115264892578 692.414878845215 858.77433013916 737.361358642578 724.686027526855 524.028961181641 775.982092857361 712.052070617676 673.376790046692 743.45194029808 777.429126739502 778.654203414917 792.242589950562 768.690338134766 630.865982055664 783.391176223755 801.934508323669 675.260540008545 579.931930541992 603.736671447754 728.082321166992 621.007873535156 493.825607299805 686.094470977783 647.686302185059 636.427318572998 678.058068275452 568.055919647217 762.565521240234 734.430213928223 712.897012710571 700.722110748291 786.60791015625 623.405914306641 821.313842773438 664.831771850586 780.402648925781 621.339653015137 691.452628135681 631.956653594971 605.118026733398 759.799831390381 792.076831817627 934.212394714355 964.735763549805 1028.12714385986
630.149749755859 699.845487594604 830.362747192383 883.465957641602 650.287200927734 763.58275604248 698.380432128906 708.363784790039 498.834625244141 629.563552856445 743.81800365448 749.0196185112 810.595687866211 760.403541564941 765.643022537231 878.593460083008 696.25422668457 879.34903717041 658.867897033691 691.654544115067 628.643085479736 594.079795837402 532.738464355469 587.940910339355 718.570442199707 561.077743530273 634.837352752686 486.890747070312 558.852867126465 621.09493637085 692.764053344727 658.979587554932 724.572235107422 566.510185241699 700.152015686035 727.146816253662 676.080921173096 644.922248840332 618.085418701172 666.201404571533 593.047538757324 694.505207955837 669.297473907471 672.699565887451 788.35863494873 607.453159332275 910.556739807129 902.898216247559 899.332012176514 922.939018249512
704.1103515625 765.608337402344 712.83890914917 770.187181472778 813.216585159302 784.569070339203 772.880864143372 668.566619873047 648.569869995117 576.862075805664 740.487644195557 801.465637207031 761.765919685364 746.631439208984 780.031175613403 664.778118133545 791.589401245117 699.595579147339 689.99919128418 634.654914855957 799.37321472168 649.833120346069 796.634269714355 645.668731689453 690.730764389038 640.217630386353 589.577964782715 706.832551956177 695.347595214844 694.256927490234 668.882581710815 700.07998085022 669.270133972168 548.92106628418 670.686239242554 758.366157531738 620.169704437256 711.438955307007 735.765907287598 757.860641479492 674.893882751465 616.687828063965 712.768711090088 728.467575073242 687.218307495117 742.028007507324 829.675323486328 888.758560180664 855.539707183838 858.529716491699
663.459983825684 719.965614318848 820.934936523438 834.032176971436 883.657844543457 616.051315307617 710.434211730957 653.917144775391 692.180572509766 726.961929321289 691.596954345703 660.945693969727 688.807182312012 711.851585388184 825.306678771973 798.41576385498 756.24932448566 897.380675315857 827.300170898438 661.366760253906 671.340461730957 750.658409118652 743.011604309082 603.489616394043 712.517772674561 745.851524353027 496.562149047852 676.242721557617 816.409965515137 639.991008758545 533.432464599609 746.260894775391 580.434524536133 587.006500244141 751.365627288818 600.362266540527 720.467147827148 638.409042358398 608.191682815552 687.487047195435 737.719234466553 764.267715454102 579.379814147949 702.042683601379 955.645126342773 813.096992492676 630.1188621521 704.024493217468 989.020416259766 803.941202163696
740.772083282471 863.577857971191 869.052742004395 731.862258911133 745.086109161377 941.954635620117 746.136013031006 556.148742675781 777.114896774292 751.66524887085 722.450836181641 708.409698486328 777.767944335938 835.955291748047 816.830369949341 748.131610870361 899.870567321777 994.420783996582 843.570281982422 738.942346572876 725.821940422058 722.719493865967 612.879180908203 613.272598266602 719.909530639648 860.064025878906 812.190191268921 670.190727233887 649.289224624634 751.730155944824 616.741714477539 632.191925048828 626.422737121582 628.586952209473 843.002960205078 557.459091186523 753.536849975586 815.952758789062 680.528523445129 697.781686782837 755.8151512146 762.458862304688 770.03352355957 744.351690769196 673.085773468018 730.032188415527 614.308982849121 813.816612243652 661.682006835938 579.211288452148
671.204093933105 753.819875717163 867.305755615234 775.510265350342 885.198413848877 796.019595146179 876.859848022461 882.118404388428 861.441276550293 773.387428283691 790.323702335358 676.039047241211 674.21516418457 727.312438964844 700.465171813965 799.002010345459 922.592163085938 775.864080905914 814.384059906006 776.457523345947 745.785461425781 710.744739532471 719.891988158226 685.566776275635 783.974811553955 726.070201873779 830.86869430542 893.281903982162 700.190155029297 795.102207183838 851.046501159668 589.625534057617 529.913269042969 533.414352416992 755.653377532959 693.638165473938 664.253430366516 793.675743103027 708.898254394531 888.955718994141 761.73791885376 784.149917602539 805.784187316895 705.733413696289 744.112483024597 654.091903686523 657.839576721191 731.149730682373 846.731597900391 793.483837127686
744.326244354248 759.409774780273 1196.62940597534 869.386032104492 1169.6471862793 851.862920761108 853.021385192871 607.967643737793 906.610893249512 783.493957519531 916.45662689209 933.20149230957 799.600049138069 824.769012451172 660.078369140625 966.311981201172 833.416281700134 742.936576843262 961.382217407227 698.943054199219 663.784549713135 693.296771287918 643.004207611084 718.138126373291 677.254524230957 723.643779754639 824.201240539551 734.212257385254 808.746535301208 679.33772277832 748.358817100525 553.889129638672 649.026042938232 755.528230667114 774.211009979248 798.5478515625 643.535352706909 705.754594802856 596.916137695312 646.153564453125 685.258186340332 698.446884930134 678.002933502197 710.056487083435 687.730438232422 701.574771881104 647.189472198486 731.82848405838 857.610015869141 776.712005615234
677.304174423218 739.916004180908 1245.46069335938 792.690223693848 902.213668823242 790.949516296387 734.417621612549 1014.95865440369 847.816299438477 783.402626991272 920.973182678223 754.243457794189 742.847099304199 864.000913619995 831.273681402206 754.566032409668 691.843536376953 764.537307739258 954.478355407715 758.097260475159 716.269226074219 534.107131958008 705.954507827759 821.85383605957 772.405965805054 785.512908935547 841.298645019531 878.639549255371 837.2414894104 865.317100524902 831.80078125 714.526578903198 554.654632568359 713.289461135864 475.637054443359 632.185165405273 869.47785949707 786.23307800293 794.829063415527 722.596513748169 662.14217376709 609.330551147461 550.104095458984 656.710525512695 663.441375732422 896.417510986328 801.970916748047 807.530151367188 790.541172027588 745.395057678223
829.64973449707 778.839576721191 798.077701568604 892.386810302734 944.390686035156 623.263670384884 821.446380615234 871.982696533203 760.961296081543 853.427406311035 1112.01861572266 680.345886230469 890.869346618652 858.64880657196 880.129092216492 750.919464111328 819.424411803484 880.286949157715 774.241933822632 862.030162811279 737.939990997314 819.034580230713 682.797096252441 683.787384033203 813.039993286133 711.070213317871 619.600059509277 754.258331298828 739.021575927734 627.574523925781 792.050044059753 771.773872375488 746.095113754272 568.431335449219 473.790420532227 718.020872116089 677.263599395752 729.02827835083 594.088409423828 906.412033081055 805.299942016602 647.807403564453 649.028778076172 797.765731811523 621.433670043945 723.939497470856 801.247131347656 872.801116943359 822.274749755859 708.69649887085
-9999 -9999 -9999 838.170738220215 806.328060150146 947.070693969727 810.830791473389 728.581260681152 732.287239074707 687.540915489197 1045.07783508301 752.567555427551 806.414657592773 783.036636352539 884.157295227051 977.190986633301 824.512672424316 881.816761732101 871.505169153214 678.169250488281 807.462036132812 778.72550201416 953.347732543945 959.312683105469 781.662448883057 684.110204696655 881.955825805664 791.056587219238 673.831520080566 793.094537734985 733.73713684082 744.491828918457 699.372528076172 623.458572387695 785.658752441406 554.78385925293 743.356600522995 669.329109191895 788.175037384033 765.188497543335 939.22314453125 752.608362197876 708.753255844116 813.868141174316 688.207252502441 771.597183227539 633.959541320801 851.25904083252 845.051200866699 793.315763473511
-9999 -9999 -9999 -9999 -9999 -9999 895.518323898315 836.755928039551 677.687469482422 731.636943817139 657.848442077637 600.193908691406 773.156314849854 967.504423141479 869.048014163971 900.114723205566 884.364288330078 944.915046691895 787.041271209717 921.962060928345 832.04497718811 876.927008628845 934.113502502441 852.876155853271 800.60266494751 777.359573364258 826.852320671082 689.043984413147 702.760375976562 812.277618408203 912.647621154785 849.825469970703 614.735610961914 690.719535827637 631.415786743164 670.151348114014 736.160270690918 744.606769561768 770.727058410645 893.40051651001 790.22998046875 721.161819458008 802.300369262695 726.351865768433 739.084442138672 732.06764793396 708.057565689087 621.553031921387 726.828899383545 724.072719573975
-9999 -9999 -9999 -9999 -9999 -9999 -9999 -9999 -9999 884.928781509399 782.443581104279 737.955228805542 745.593307495117 922.241233825684 868.962989807129 909.430099487305 1046.93283081055 777.317481994629 916.212875366211 771.346183776855 1073.63996887207 861.21989440918 791.252960205078 821.974304199219 993.369270324707 912.017112731934 724.189586162567 747.611103057861 631.227569580078 952.442909240723 796.497573852539 754.784912109375 694.526161193848 613.88932800293 575.451454162598 708.031303405762 540.931106567383 643.759376525879 587.796005249023 770.209495544434 664.444229125977 722.697846412659 733.984090805054 824.319068908691 820.207847595215 709.786087989807 804.69083404541 647.152351379395 694.539810180664 821.028049468994
-9999 -9999 -9999 -9999 -9999 -9999 -9999 -9999 -9999 -9999 -9999 842.272262573242 756.008014678955 815.42932510376 655.657297134399 691.806018829346 792.201284408569 1296.70015525818 932.44563293457 840.876155853271 1026.77958381176 1072.80584716797 977.171028137207 927.112121582031 833.621212005615 762.462802886963 739.893792152405 867.07438659668 831.645740509033 877.596607208252 791.454063415527 799.567058563232 637.1591796875 561.256454467773 657.109008789062 603.612243652344 624.534606933594 662.680515289307 628.114784240723 590.476013183594 666.380180358887 769.614307403564 714.063442230225 732.396347999573 734.751266002655 801.734642028809 772.847929000854 828.071510314941 683.510383605957 713.656949996948
-9999 -9999 -9999 -9999 -9999 -9999 -9999 -9999 -9999 -9999 -9999 -9999 820.202499389648 816.401859283447 566.014389038086 689.106038764119 912.128364562988 1468.64879608154 1195.79807949066 1163.0573091507 1160.45829296112 1163.42807769775 1183.50591278076 1167.14241027832 884.90295791626 800.992774963379 739.365720748901 869.283378601074 864.269382476807 799.7138671875 789.167857170105 720.25114440918 831.800557136536 709.987518310547 659.28214263916 614.739013671875 678.925479888916 697.462055206299 703.528861999512 665.676246643066 620.86848449707 690.735450744629 635.190971374512 737.309019088745 799.91540145874 828.11637878418 644.195869445801 731.356321334839 694.47834777832 717.646625518799
-9999 -9999 -9999 -9999 -9999 -9999 -9999 -9999 -9999 -9999 -9999 -9999 867.739229202271 818.38533782959 727.021900177002 645.700687408447 711.278696060181 979.459365844727 861.292600154877 812.75054359436 799.903305053711 1154.37982177734 1032.47955322266 908.886207580566 820.08752822876 895.825141906738 1197.2996673584 811.735521316528 855.807632446289 949.957147598267 875.515911102295 869.55680847168 863.055717468262 694.589374542236 747.883277893066 815.71817779541 685.852966308594 656.92170715332 734.2891497612 733.897119522095 817.135761260986 850.845497131348 860.857238769531 611.895660400391 832.985458374023 859.619758605957 775.166574478149 861.106071472168 716.762676239014 674.553375244141
-9999 -9999 -9999 -9999 -9999 -9999 -9999 -9999 -9999 -9999 -9999 -9999 -9999 988.115142822266 668.66764831543 688.070053100586 673.970371246338 713.947599709034 905.369890213013 860.590058326721 856.074016533792 837.041698455811 866.023498535156 940.208168029785 928.799949645996 813.569332122803 731.13419342041 793.942316055298 597.282516479492 735.780433654785 1095.63200378418 806.311000823975 802.659349441528 664.25325012207 762.257472991943 801.527103424072 697.137191772461 766.86739730835 645.840393066406 720.148048400879 802.915473937988 779.805297851562 788.585765838623 807.957941055298 726.29467010498 852.036018371582 885.480369567871 742.27494430542 737.100830078125 794.794286727905
-9999 -9999 -9999 -9999 -9999 -9999 -9999 -9999 -9999 -9999 -9999 -9999 -9999 -9999 817.475658416748 712.867771148682 770.095138549805 759.874900817871 931.3479347229 915.893653869629 870.225018978119 894.557228088379 1076.64907836914 748.983184814453 961.128036499023 724.092809677124 844.830093383789 800.536922454834 803.662768363953 775.608943939209 734.524402618408 665.768608093262 575.896881103516 748.165875434875 714.034267425537 638.080055236816 743.07780456543 815.690496444702 787.186182022095 850.550060272217 778.233528137207 776.334613800049 901.393947601318 671.584106445312 785.659057617188 699.727294921875 874.667572021484 648.398803710938 840.431846618652 768.36506652832
-9999 -9999 -9999 -9999 -9999 -9999 -9999 -9999 -9999 -9999 -9999 -9999 -9999 -9999 942.76978302002 809.62516784668 753.068399429321 615.237289428711 648.468490600586 666.655715942383 888.729564666748 1047.08522033691 990.980842590332 943.157524108887 845.987915039062 859.782247543335 907.333511352539 870.571710586548 875.430393218994 801.381914377213 577.719467163086 739.859409332275 1183.25776672363 753.563919067383 816.188365936279 637.408668518066 841.486793518066 733.470588684082 670.101753234863 819.47212600708 589.93928527832 652.788497924805 578.388732910156 734.147613525391 791.115715026855 820.637580871582 771.844009399414 661.716567993164 730.435810089111 787.599369049072
