export/dem/dem4.asc
NCOLS 350
NROWS 171
XLLCORNER 152620
YLLCORNER 418050
CELLSIZE 100
NODATA_VALUE -9999
[rows 132 to 153 of 171, columns 300 to 349 of 350]
829.899520874023 1028.34953308105 1699.28295135498 1335.85594177246 1229.60903930664 1021.48052978516 1534.27043151855 1515.15350341797 1349.73797607422 1380.20117950439 1314.38732147217 1196.42290353775 1147.64797210693 1420.45729446411 1424.58192443848 981.44849395752 1040.64384078979 1012.52030944824 1061.16934204102 1056.12286376953 971.386596679688 907.002777099609 801.775257110596 837.607457876205 649.858139038086 865.748558044434 676.396301269531 904.881078720093 830.60514831543 884.269765853882 816.469818115234 930.464050292969 760.003158569336 988.739421844482 -9999 -9999 -9999 -9999 -9999 -9999 -9999 -9999 -9999 -9999 -9999 -9999 -9999 -9999 -9999 -9999
982.194198608398 967.273635864258 1061.82934570312 1471.27409362793 1148.77551269531 1153.18417358398 1375.45153808594 1736.02082824707 1333.57484436035 1287.1590423584 1238.31295776367 1291.28351974487 1236.66493225098 1068.67615127563 1510.45449829102 1805.85085678101 1714.05223083496 2096.81736755371 1782.30310058594 1466.34843444824 1633.11328887939 1030.72331237793 773.580375671387 820.090896606445 878.798324584961 666.559509277344 869.284027099609 861.02961730957 900.172571182251 814.614189147949 808.020217895508 826.919410705566 1009.54317474365 886.839023590088 -9999 -9999 -9999 -9999 -9999 -9999 -9999 -9999 -9999 -9999 -9999 -9999 -9999 -9999 -9999 -9999
930.528076171875 997.99690246582 924.101989746094 1130.36851501465 1212.11265563965 1283.88455200195 1410.97601318359 1523.86013793945 1305.99375915527 1295.5209197998 1251.06323242188 1316.87126922607 1195.824259758 1106.75313186646 1188.66728210449 1425.284324646 1228.89642333984 1457.54452514648 1223.63580322266 1165.9341583252 1190.30764007568 1210.41321182251 1018.40243530273 940.326873779297 854.712517738342 732.121803283691 909.209457397461 880.429415941238 952.869901657104 925.033441543579 938.354179382324 654.721878051758 802.684509277344 924.693140029907 760.309425354004 -9999 -9999 -9999 -9999 -9999 -9999 -9999 -9999 -9999 -9999 -9999 -9999 -9999 -9999 -9999
816.934385299683 786.269081115723 1151.22737121582 1544.05880737305 1071.65964508057 1076.77744293213 1083.96321105957 1704.53851318359 1696.25244140625 1341.29156494141 1223.67823791504 1407.69651412964 1002.08553314209 1120.03291320801 1320.2928237915 1798.67390418053 1421.57630157471 1217.98811340332 1101.77270507812 1139.41995239258 1298.98077392578 1120.59823608398 1346.47418212891 990.332266807556 937.517868041992 942.563423156738 815.103162765503 894.836700439453 826.468193054199 905.857009887695 956.635345458984 729.940155029297 950.212936401367 707.897842407227 980.270488739014 934.052222251892 -9999 -9999 -9999 -9999 -9999 -9999 -9999 -9999 -9999 -9999 -9999 -9999 -9999 -9999
930.68244934082 962.743553161621 942.441184997559 1143.00910949707 997.688385009766 1286.73194885254 1340.19891357422 1165.19393920898 1265.32174682617 1268.67465209961 1072.37915468216 1197.58013916016 1337.00418668985 1614.57771945 1250.05637359619 1026.92565917969 1025.1766872406 1201.87257385254 1066.20053863525 1102.37110900879 1044.22798919678 1134.86578369141 1020.1715927124 1197.16917800903 1109.60710144043 1019.32513809204 935.979885101318 946.370635986328 791.308250427246 918.333221435547 1060.45497131348 1367.6061706543 804.400238037109 571.992584228516 909.531929016113 789.123168945312 -9999 -9999 -9999 -9999 -9999 -9999 -9999 -9999 -9999 -9999 -9999 -9999 -9999 -9999
993.273208618164 1158.08123779297 994.645576477051 1065.42852783203 976.717437744141 1319.30532836914 1311.59869384766 1163.74806213379 1045.19514465332 1146.54258728027 1076.09895324707 1031.0009727478 1398.49864959717 1430.82220602036 1466.90191650391 1031.86748504639 1085.14707756042 1028.44617462158 1002.59521484375 1081.97790527344 998.856473922729 920.848490715027 959.748695373535 1046.9421081543 1065.13345718384 1002.39886474609 1638.65719604492 909.731372833252 884.75989151001 827.322101593018 1347.82376396656 917.186965942383 694.560928344727 805.494346618652 631.435989379883 730.470283508301 849.848457336426 -9999 -9999 -9999 -9999 -9999 -9999 -9999 -9999 -9999 -9999 -9999 -9999 -9999
910.265975952148 907.958271026611 857.653007507324 848.013740539551 936.978820800781 1153.67294311523 1414.05001831055 1195.78395080566 1159.14004516602 1154.22072601318 1054.04414367676 1202.36585998535 1300.02124023438 1573.8872013092 1554.94288635254 1334.36665344238 1024.19830274582 1086.8698348999 934.058155059814 1116.08822631836 1039.80236053467 1038.45812988281 1042.47352218628 1081.5606842041 975.631830215454 1014.28008079529 1203.14402770996 1078.79051971436 1262.77030944824 1255.59805870056 1073.64713478088 1044.88675689697 755.625732421875 886.295890331268 872.3077044487 838.962734222412 764.789873123169 -9999 -9999 -9999 -9999 -9999 -9999 -9999 -9999 -9999 -9999 -9999 -9999 -9999
828.117641448975 937.452026367188 843.736652374268 906.84774017334 907.965072631836 1336.24362182617 1222.72120666504 1107.41631317139 1154.48110961914 1035.13423538208 1116.756980896 911.536468505859 1056.38143157959 1121.57263183594 1854.19789123535 1896.84674072266 1135.15910339355 1184.76097106934 1118.22469329834 1046.14712524414 1051.82326507568 982.170787811279 948.182781219482 1025.82067489624 897.380653381348 964.195922851562 1103.9347076416 1030.56024932861 1069.1801738739 1233.11942672729 959.231712341309 773.973266601562 878.966621398926 829.637260437012 794.895156860352 864.597339630127 857.090520858765 879.616077899933 -9999 -9999 -9999 -9999 -9999 -9999 -9999 -9999 -9999 -9999 -9999 -9999
813.430374145508 920.039793014526 781.487632751465 795.528651714325 907.065660476685 1001.54458236694 1007.21585083008 1131.40953063965 1111.1664352417 1003.08129119873 946.270622253418 913.092498779297 896.019058227539 1133.18963623047 1346.35874557495 1543.61139678955 989.374908447266 1088.22244262695 1089.43614196777 1093.36978149414 1149.17079162598 926.559542655945 958.89350271225 894.949691772461 932.804449081421 957.065271854401 960.6354637146 1068.09216308594 1051.25527954102 968.959106445312 1199.05113220215 1059.03871965408 994.155946731567 775.964569091797 927.023767471313 853.323318481445 1064.09489440918 877.238157272339 -9999 -9999 -9999 -9999 -9999 -9999 -9999 -9999 -9999 -9999 -9999 -9999
768.94454574585 944.781478881836 885.958896636963 881.732666015625 769.410675048828 909.186482429504 1073.02766418457 810.388907909393 1045.76002120972 853.736103057861 875.950675964355 1049.43089675903 998.633338928223 1005.79247283936 1149.15357971191 1420.56647205353 1061.1474571228 1154.35470581055 1170.24351501465 1125.71688842773 1069.34750366211 967.199966430664 946.810768127441 922.492235183716 1018.86585235596 958.424140930176 825.064399719238 1060.11351585388 810.660995483398 979.618217468262 1191.67840576172 905.375366210938 852.22412109375 979.690174102783 926.813894748688 941.684063911438 1024.03570556641 870.763359069824 823.633783340454 -9999 -9999 -9999 -9999 -9999 -9999 -9999 -9999 -9999 -9999 -9999
791.433326721191 771.124856948853 808.32227897644 953.144721984863 1070.24670410156 1135.84104919434 1313.29797363281 1082.03712463379 958.93675327301 985.907775878906 968.938781738281 963.068344116211 1017.88985824585 1008.10450744629 1154.03553771973 1041.9276638031 1140.11866760254 978.637372970581 1128.13282012939 1186.00024795532 1318.98241901398 1192.85032653809 1396.62010192871 1066.75276839733 944.784620285034 1108.92960357666 926.289943695068 1066.15884399414 1026.62673854828 825.931915283203 1168.64231491089 1157.05709075928 922.130359649658 853.233383178711 941.368713378906 945.555065155029 895.378456115723 917.179704666138 848.773591995239 -9999 -9999 -9999 -9999 -9999 -9999 -9999 -9999 -9999 -9999 -9999
686.748950958252 878.472045898438 794.725646972656 733.191697120667 880.141783475876 977.88117980957 934.622560501099 983.471088409424 826.431764602661 934.512084960938 883.308733344078 979.584468841553 1121.44036102295 1088.46643257141 1096.17807710171 1448.4493637085 1146.68093109131 1203.79187011719 1018.58814620972 1166.74362182617 1166.64198303223 842.368988037109 1185.74894714355 1200.55796909332 937.215072631836 1034.48857116699 1197.70249938965 1071.71870422363 988.198883056641 928.485305786133 853.846405029297 1069.08155441284 835.565811157227 809.916976928711 1034.61839294434 1134.07095336914 979.197528839111 940.361661911011 840.936016082764 -9999 -9999 -9999 -9999 -9999 -9999 -9999 -9999 -9999 -9999 -9999
796.999153137207 647.433235168457 813.258186340332 580.23949432373 654.236083984375 782.187530517578 877.83455657959 911.93830871582 890.967735290527 728.13459777832 762.719413757324 702.160396575928 899.581680297852 1015.45025348663 1103.61012268066 1126.47836494446 1450.58222961426 1065.15057468414 1069.85381698608 1087.60773468018 1071.1720199585 896.608881950378 992.41290473938 1311.33978271484 1200.12397766113 1012.38059234619 1589.5133562088 1012.74161148071 862.468994140625 802.194229125977 1020.52495956421 846.931838989258 868.888187408447 883.7398853302 935.08536529541 1004.27179527283 954.466921925545 1002.06045150757 1030.29666137695 877.036602020264 -9999 -9999 -9999 -9999 -9999 -9999 -9999 -9999 -9999 -9999
669.814086914062 615.082099914551 802.539779663086 683.243305206299 757.74999332428 792.344038009644 764.777002647519 881.555068969727 777.297821044922 777.479843139648 688.940734863281 733.36284160614 691.787063598633 795.076721191406 1033.21709823608 884.591850280762 1072.36230742931 1065.74365711212 1567.81742858887 1123.66662597656 1181.87188720703 1107.5270690918 1081.26774978638 1122.07717132568 1439.88704681396 1591.33197212219 1034.48241043091 1242.15734863281 949.368698120117 976.311571121216 977.676605224609 756.763046264648 788.834228515625 749.014694213867 931.843719482422 1016.93962097168 906.88892364502 757.520782470703 920.349571228027 950.885656356812 -9999 -9999 -9999 -9999 -9999 -9999 -9999 -9999 -9999 -9999
781.535685420036 812.606086730957 762.933319091797 568.955612182617 675.619300842285 825.325401306152 769.648262023926 921.367706298828 918.104221343994 906.687178611755 679.479965209961 748.15710067749 598.09162902832 807.410858154297 970.157859802246 996.451560974121 1075.23999023438 985.047096252441 1062.03130149841 1111.99409866333 1296.51205444336 1254.19776916504 1122.05492401123 1109.2769241333 1000.01767349243 1277.10253334045 1249.86306762695 1082.20639038086 944.112236022949 865.172256469727 1087.21830749512 891.295425415039 737.587646484375 1066.20644378662 981.64966583252 925.347350120544 934.904598236084 798.765441894531 721.955551147461 1004.4522857666 -9999 -9999 -9999 -9999 -9999 -9999 -9999 -9999 -9999 -9999
676.073417663574 612.756713867188 613.786712646484 721.735359191895 717.041023254395 712.662040710449 850.788227081299 691.010147094727 671.407936096191 871.43489074707 925.436916351318 691.247634887695 827.082937240601 598.954162597656 763.319072723389 779.939567565918 1031.38000488281 861.817237854004 1084.40729141235 1115.96614265442 1147.57122802734 1106.06538009644 1249.53666687012 1149.7709903717 1012.83527374268 955.726028442383 990.86429977417 1243.84467887878 887.418640136719 934.242736816406 984.663114547729 786.214431762695 801.696311950684 822.892623901367 932.276840209961 928.936088562012 994.171122550964 760.84016418457 836.622161865234 843.94206237793 908.309072494507 -9999 -9999 -9999 -9999 -9999 -9999 -9999 -9999 -9999
714.497840881348 742.0178565979 809.38242149353 811.599048614502 549.153961181641 763.481369495392 897.636421203613 687.397216796875 725.632713317871 608.153228759766 679.719467163086 822.925399780273 910.670429229736 889.772284507751 598.335342407227 697.728858947754 816.10200881958 911.708297729492 839.706108093262 1021.48924636841 1105.58392715454 1129.80063247681 1154.81100845337 1084.12387084961 1068.52014923096 1105.58863830566 910.282455444336 1043.56938552856 905.2360496521 779.056106567383 815.73388671875 879.292190551758 759.059921264648 826.415641784668 905.533706665039 897.219742774963 901.479316711426 909.41340637207 973.631660461426 979.833377838135 957.069501876831 -9999 -9999 -9999 -9999 -9999 -9999 -9999 -9999 -9999
713.430446624756 802.540382385254 881.63306427002 727.50802230835 735.104642868042 594.855941772461 871.546806335449 677.671752929688 645.625442504883 702.338943481445 583.070541381836 768.749176025391 781.991027832031 1177.11632919312 992.965347290039 722.162796020508 770.45156288147 863.140643596649 889.570036888123 916.919258117676 848.726932525635 909.220401763916 1113.97142696381 1096.08819198608 1243.11734008789 1143.25360107422 1069.19081115723 809.771530151367 1030.0316619873 760.539581298828 830.452735900879 818.519859313965 940.331748962402 829.572193145752 1035.22059631348 1082.10598754883 993.212829589844 1021.81634521484 1050.98548126221 962.711799621582 933.58118057251 976.144777297974 -9999 -9999 -9999 -9999 -9999 -9999 -9999 -9999
827.318969726562 686.665878295898 750.112125396729 773.51203918457 933.740341186523 510.62255859375 696.736423492432 703.671524047852 642.571502685547 643.481140136719 775.968292236328 846.399673461914 822.86731338501 795.320411682129 824.079254150391 841.923412322998 716.579795837402 855.456951141357 824.902092933655 825.468235015869 856.025810241699 851.86954498291 916.550607681274 912.980407714844 984.627195358276 977.455003738403 1177.72369384766 1055.49199676514 983.656980514526 865.761840820312 780.372741699219 718.930023193359 863.703399658203 948.980182647705 865.805389404297 1002.07488632202 1067.74143981934 998.648823976517 909.158878326416 956.039836168289 868.98804473877 901.13143157959 -9999 -9999 -9999 -9999 -9999 -9999 -9999 -9999
951.172805786133 847.259437561035 893.512908935547 808.938724517822 736.279750823975 757.166714668274 709.100963592529 730.406791687012 774.491920471191 607.959991455078 899.798522949219 820.782569885254 866.155559539795 788.950614929199 1016.23603057861 924.212089911103 770.738510131836 776.925682067871 831.801887512207 651.713760375977 783.9704246521 680.765533447266 822.733911514282 758.022850036621 741.143112182617 873.054798126221 859.51095199585 1013.43097686768 880.396324157715 879.428985595703 888.843597412109 808.566040039062 733.096557617188 842.45157623291 1152.84515380859 756.334274291992 863.486404418945 1063.2280921936 885.338005065918 1004.94328308105 925.937740325928 1089.73757171631 904.722919464111 -9999 -9999 -9999 -9999 -9999 -9999 -9999
1001.1614074707 963.337097167969 916.28768157959 730.192886352539 828.737899780273 906.66291809082 688.210441589355 739.303255081177 743.760551452637 761.630970001221 801.821670532227 917.386566162109 937.639366149902 891.682104229927 892.16338133812 1075.71381378174 1051.55955886841 794.20556640625 818.245132446289 922.823703765869 752.074432373047 911.484313964844 692.475967407227 855.366808652878 831.648357391357 795.422241210938 875.061333656311 742.548797607422 849.394962310791 838.070602416992 957.556106567383 767.731094360352 914.550287246704 809.826889038086 1211.728515625 884.885120391846 946.896245956421 998.315998077393 1078.1245803833 826.489486694336 1076.56880187988 1039.51533699036 976.884447097778 -9999 -9999 -9999 -9999 -9999 -9999 -9999
877.982177734375 931.222930908203 735.393253326416 839.431701660156 811.374941825867 768.78776550293 721.647010803223 702.483840942383 673.979629516602 577.044860839844 689.98030090332 795.420471191406 1045.32589292526 983.388679504395 757.022617340088 808.360521316528 857.29566192627 1022.39060211182 1075.61109924316 903.268203735352 889.277599334717 872.869609832764 801.088745117188 860.291721343994 861.931886672974 889.500999450684 1071.07833862305 874.401618003845 865.394607067108 849.290121555328 845.74048614502 752.917175292969 949.045223236084 795.339263916016 1135.27435302734 818.690414428711 868.519859313965 776.747833251953 1001.70922851562 825.266525268555 1203.42834472656 1184.6955871582 1066.25354003906 1034.37580871582 -9999 -9999 -9999 -9999 -9999 -9999
