export/dem/dem45.asc
NCOLS 350
NROWS 171
XLLCORNER 152620
YLLCORNER 418050
CELLSIZE 100
NODATA_VALUE -9999
[rows 88 to 109 of 171, columns 200 to 249 of 350]
761.112571716309 794.175201416016 738.515933990479 756.837707519531 700.327186584473 600.238880157471 586.569370269775 894.430603027344 698.994216918945 767.985504150391 785.873168945312 706.755340576172 740.487480163574 739.622680664062 711.42321395874 751.421394348145 730.216274261475 695.017554283142 850.644271850586 651.440317153931 564.647453308105 667.805853545666 682.341316223145 693.100315093994 549.525215148926 727.647045135498 613.087799072266 636.954612731934 749.439849853516 645.398914337158 651.94393157959 683.523685455322 575.781646728516 623.070114135742 714.532073974609 683.629985809326 593.354984283447 528.157466888428 756.123870849609 890.143295288086 798.717643737793 864.904167175293 954.08251953125 929.749160766602 851.376930236816 798.186538696289 711.148588180542 1124.79586791992 1043.19833374023 804.833656311035
677.021967887878 657.428436279297 728.365577697754 545.558868408203 735.35152053833 802.877792358398 572.878524780273 681.306858062744 539.48844909668 654.038969993591 808.032470703125 591.10083770752 631.871725857258 658.530601501465 761.128753662109 643.884815216064 687.464492797852 848.279830932617 647.777130126953 800.356300354004 707.432342529297 622.766567230225 667.497314453125 581.035850524902 649.985769271851 661.07200050354 455.882858276367 488.544281005859 668.011544704437 629.376222610474 718.93677520752 789.197891235352 631.562770843506 550.484306335449 604.215288162231 801.025680541992 716.149658203125 634.157119750977 697.483688354492 904.048645019531 799.051742553711 697.161430358887 838.442291259766 841.641389846802 780.196208953857 621.501598358154 862.178909301758 992.810445785522 1081.81086540222 846.351406097412
678.940586090088 885.206298828125 645.768825531006 592.601707458496 542.564125061035 737.273155212402 670.816442489624 644.829582095146 660.304220199585 568.766250610352 662.584379196167 475.852554321289 677.215351104736 708.18627166748 606.272777557373 682.985851287842 653.747978210449 626.069122314453 884.576736450195 648.917179107666 674.18604850769 725.485172271729 564.173034667969 714.763496398926 616.26025390625 652.838817596436 775.520500183105 597.819259643555 751.004959106445 637.641510009766 745.168746948242 597.832008361816 651.831573486328 615.224577903748 530.315746307373 611.670424461365 579.776691436768 722.226226806641 750.208542346954 1043.51419067383 860.415618896484 751.438414096832 831.869342803955 914.5888671875 677.886085510254 674.921323776245 655.099296569824 957.63790512085 985.242965698242 907.738967895508
553.742904186249 620.773429870605 506.980163574219 720.132659912109 702.872486114502 730.362091064453 687.970458984375 695.889713287354 705.675079345703 482.35710144043 682.80989074707 548.698852539062 700.793670654297 633.902839660645 640.588749408722 596.573413848877 713.902740478516 773.649383544922 735.91268157959 762.111137390137 749.581642150879 817.112777709961 751.710510253906 544.336181640625 799.065773010254 549.36897277832 872.796035766602 779.631614685059 625.11661529541 591.848350524902 679.010589599609 929.089889526367 564.548477172852 678.596557617188 621.629432678223 656.860877037048 635.449922561646 657.070211410522 596.240242004395 787.860927581787 692.692436218262 781.15950012207 789.738132476807 824.500759601593 663.340843200684 602.415985107422 668.695489406586 687.553771972656 1008.74369812012 952.72314453125
522.15291595459 570.221412658691 514.213104248047 493.424537658691 678.835383415222 730.430953979492 677.205833435059 579.190612792969 798.594253540039 763.412048339844 707.872997283936 634.040742874146 570.892120361328 580.651092529297 529.826156616211 719.33519744873 555.603248596191 779.372497558594 692.863414764404 719.841743469238 766.231063842773 685.234113931656 549.486038208008 748.470901489258 648.232681274414 531.653518676758 822.174503326416 695.64999961853 727.326732635498 821.844253540039 853.317199707031 742.15230178833 745.51439666748 666.133737564087 618.032024383545 737.987464904785 744.221717834473 601.160469055176 683.995239257812 588.099914073944 627.871704101562 827.978706359863 745.568344116211 700.039855957031 764.914375305176 650.125600814819 586.719535827637 769.608697891235 736.61743927002 872.207966089249
462.414474487305 557.318740844727 617.68106842041 514.914100646973 493.1510887146 1073.81324005127 734.549255371094 596.836544036865 608.579479217529 622.990333557129 595.838241577148 429.352508544922 586.859893798828 595.360858917236 513.382133483887 611.117292404175 716.683395385742 611.506929397583 688.521528244019 734.640361785889 645.447473526001 738.345230102539 812.233963012695 788.302665710449 684.643043518066 701.511336326599 804.262638092041 684.834859848022 723.295677185059 652.63805770874 663.195105552673 752.336101531982 649.785423278809 733.855216264725 917.926605224609 940.830596923828 754.529697418213 803.183967590332 816.049468994141 599.343841552734 446.282516479492 586.067306518555 778.068069458008 727.248954772949 716.262893676758 661.426383972168 573.996437072754 702.500358581543 676.353485107422 856.144771575928
511.007720947266 747.234985351562 775.77282333374 773.937225341797 501.00959777832 788.85961151123 858.409170150757 658.540222167969 590.659332275391 670.04504776001 654.526245117188 655.304592132568 650.921985626221 423.807586669922 571.764350891113 421.101745605469 593.143615722656 733.189308166504 683.937294006348 714.216796875 828.881362915039 752.552467346191 541.527770996094 826.752212524414 827.086051940918 874.099571228027 741.352626800537 800.389442443848 708.938945770264 710.727737426758 725.279930114746 682.242244720459 640.747611999512 742.52876663208 804.072772979736 847.23787689209 780.60595703125 699.364282608032 693.291921615601 638.010192871094 705.797521591187 723.059280395508 662.483410835266 727.446571350098 721.261978149414 641.911460876465 703.784713745117 594.483280181885 580.535873413086 731.104721069336
531.435729980469 511.710052490234 623.661994934082 872.707443237305 714.756025314331 686.526515960693 752.772773742676 629.708549499512 570.19654083252 717.732116699219 708.972682952881 593.033195495605 648.767154693604 713.014259338379 568.174911499023 633.350364685059 517.656341552734 623.584951400757 614.517583847046 763.222816467285 681.872448682785 678.125335693359 704.39337348938 608.334297180176 738.659206390381 673.511047363281 731.69868850708 718.369194030762 636.158477783203 488.321868896484 648.05057144165 710.741474151611 645.559993743896 614.722366333008 874.895889282227 822.482383728027 899.761489868164 689.14785194397 565.957748413086 694.174460172653 696.920338630676 732.096366882324 681.922626495361 832.079948425293 875.024406433105 926.841247558594 678.548436164856 600.124130249023 809.337203979492 724.803386688232
607.733238220215 627.293639183044 783.75284576416 857.72087097168 770.471158981323 717.954542160034 676.194778442383 718.312287330627 745.808586120605 784.748291015625 656.660785675049 775.637031555176 519.186302185059 713.92366027832 558.333950042725 565.011299133301 535.802253723145 714.909324645996 611.982181549072 637.018668174744 609.742488861084 723.929805755615 842.805191040039 865.266494750977 580.193115234375 618.342280387878 573.739265441895 731.967311859131 563.9384765625 579.817832946777 439.697174072266 594.269332885742 651.139012336731 635.666381835938 682.593849182129 770.433996200562 808.11599779129 613.123611450195 820.682373046875 804.859107971191 780.285388946533 726.385054588318 748.612258911133 707.269230008125 835.866409301758 813.862407684326 749.105686187744 682.103894233704 678.448001861572 767.922760009766
490.398551940918 506.633529663086 758.937927246094 694.788311004639 752.251712799072 893.408355712891 672.572292327881 940.303287506104 619.352935791016 644.365440368652 628.869140625 749.832809448242 713.25838470459 743.676849365234 601.039115905762 659.857440948486 657.198707580566 674.708675384521 586.356662750244 737.481674194336 699.790115356445 722.801235198975 623.656856536865 726.736141204834 662.373977661133 787.105339050293 676.190307617188 658.792972564697 617.33948135376 539.695877075195 473.61848449707 593.477142333984 648.828333854675 587.761459350586 525.497108459473 577.856666564941 752.536981582642 671.282726287842 643.078338623047 639.501708984375 615.002639770508 612.884078979492 823.199562072754 716.708959579468 774.485706329346 840.792282104492 776.960748672485 819.210311889648 1085.1117401123 860.669090270996
650.029136657715 536.741018295288 583.922103881836 760.533061981201 755.583675384521 875.135566711426 595.27938079834 625.895618438721 708.609130859375 677.420387208462 605.850402832031 592.750667572021 612.676708221436 709.892971038818 724.905906677246 599.830290794373 690.33723449707 687.30298614502 616.329225540161 597.701730728149 800.86506652832 686.179880142212 743.159782409668 603.018501281738 767.000907897949 769.692966461182 960.865921020508 611.065849304199 745.643001556396 578.416297912598 683.397946357727 586.026008605957 644.191209793091 626.310178756714 433.215240478516 509.286071777344 481.121658325195 581.707366943359 681.532123744488 520.391540527344 507.087677001953 546.792640686035 591.638595581055 605.682060241699 823.261764526367 754.133037567139 608.517593383789 854.075506210327 765.827528953552 629.148132324219
782.540367126465 525.717208862305 575.133087158203 687.144805908203 721.211418151855 857.053375244141 633.465438842773 668.406955718994 721.56893157959 669.746312141418 633.297309875488 543.994071960449 753.055351257324 729.767807006836 697.796119689941 709.514083862305 690.888896942139 644.190603256226 734.638648986816 629.940887451172 665.459568977356 686.776382446289 526.513008117676 790.871520996094 744.524391174316 739.975744247437 1214.63955688477 882.162902832031 591.65714263916 774.575088500977 553.910552978516 679.603693962097 637.569107055664 519.682464599609 590.74938583374 595.083366394043 569.443389892578 634.272609710693 564.723846435547 644.701728820801 551.149291992188 660.940643310547 576.553344726562 654.24594271183 764.113949298859 700.6799659729 827.712804794312 1023.99949073792 811.561660766602 927.293975830078
704.782066345215 696.344505310059 600.28454208374 780.749212265015 640.675727844238 740.619890213013 620.241355895996 734.532866477966 703.436325073242 674.927787780762 640.336715698242 696.675634384155 688.495380401611 795.791069030762 825.045150756836 676.777996063232 660.488838434219 650.026799678802 675.798137664795 609.491847991943 598.277248382568 740.399543762207 420.881973266602 895.343637466431 605.678779602051 758.40648651123 951.074607849121 816.995087146759 892.146850585938 1155.62185668945 1453.75916290283 640.152359008789 696.923641443253 612.422996520996 693.86254119873 651.00927734375 923.253288269043 632.262397766113 605.162643432617 563.489105224609 632.509536743164 597.221939086914 749.434558868408 688.719324111938 911.451903343201 951.472663879395 1179.79688644409 786.448364257812 833.793563842773 661.51921081543
666.323455810547 702.527551651001 632.924587249756 761.56459903717 602.736587524414 517.034255981445 677.849250793457 529.29817199707 669.591094970703 1015.76967811584 651.071710586548 583.286697387695 762.868461608887 798.412940979004 707.679407119751 681.192161560059 608.579723358154 611.086353302002 679.620769500732 662.707405090332 574.571594238281 562.731475830078 645.759052276611 562.876373291016 542.009315490723 737.622680664062 484.739196777344 535.448959350586 505.414474487305 619.391052246094 570.20947265625 603.975830078125 549.258026123047 1106.87065124512 865.248718261719 804.057708740234 1109.87786865234 1072.55101203918 688.517356872559 889.296005129814 811.037185668945 584.586402893066 666.858901977539 835.472770690918 769.677749633789 769.487533569336 794.522064208984 1004.06993865967 1300.1007232666 720.506479263306
782.143058776855 714.264694213867 650.861186981201 593.696529388428 694.325019836426 687.33625793457 766.186961501837 756.607944488525 637.441741943359 761.757663726807 896.475387573242 794.620910644531 807.602760314941 778.114402770996 655.891048431396 677.789312362671 706.592414855957 724.570907592773 698.728649139404 624.694120407104 539.212661743164 608.460815429688 439.183624267578 760.010322570801 711.543491363525 487.138824462891 653.284489154816 541.32177734375 696.264368057251 576.570472717285 686.124998092651 553.232421875 487.23957824707 599.925094604492 524.013198852539 501.076293945312 562.58065032959 958.852165222168 598.532508850098 464.659057617188 439.459350585938 614.072647094727 1245.65546417236 738.063094139099 1207.66884040833 804.948558807373 651.444877624512 872.976755142212 915.392730712891 752.913961648941
861.114379882812 807.71302986145 805.124391555786 569.217308044434 799.842781066895 579.721588134766 722.832160949707 662.484848022461 824.388003349304 803.147932052612 649.530990600586 989.295761108398 677.465335845947 612.121795654297 726.509269714355 593.948509216309 567.008041381836 737.697025299072 632.136596679688 272.499481201172 475.0224609375 446.870697021484 600.691074371338 617.992031097412 741.79842376709 421.587753295898 661.006566524506 630.726705551147 679.37473487854 454.762985229492 559.271675109863 441.045669555664 553.948822021484 488.400543212891 782.939483642578 432.353500366211 859.306495666504 946.490875244141 697.414215087891 501.091644287109 774.138687133789 676.722515106201 946.525390625 589.914947509766 966.210571289062 1070.3345823288 628.025436401367 977.64518737793 851.133411407471 1320.63667297363
-9999 572.191711425781 703.469855070114 596.985168457031 745.772071838379 723.232177734375 778.827192306519 816.257410049438 722.726249694824 759.353284835815 739.768426895142 1064.8125705719 889.146408081055 597.548107147217 754.711639404297 628.719343185425 689.818477630615 618.00327539444 607.415981292725 616.705108642578 703.625438690186 653.395704269409 483.162231445312 1014.08874893188 985.043979644775 651.755033493042 617.168880462646 600.609624862671 514.978988647461 526.485321044922 611.695125579834 622.149929046631 417.315826416016 483.724090576172 766.218536376953 502.673431396484 570.601531982422 466.011566162109 470.373413085938 627.896171569824 491.061737060547 692.46280670166 686.852386474609 670.119262695312 742.298431396484 1046.06122589111 717.060836791992 878.617637634277 782.019336700439 800.233154296875
-9999 757.536182403564 668.951110839844 656.504051208496 840.200912475586 704.714775085449 689.19645690918 729.570896148682 814.192655563354 851.04732131958 860.395179748535 916.655990600586 652.692462921143 792.743209838867 549.916427612305 591.816074371338 681.255989074707 546.571380615234 610.101618766785 508.203750610352 536.300720214844 444.073913574219 746.377561569214 725.899719238281 1054.75291442871 554.762565612793 508.667572021484 460.039031982422 497.050033569336 700.791126251221 608.500141143799 604.160575866699 649.828773498535 354.489349365234 1061.31785583496 526.365783691406 464.35774230957 649.692271232605 561.472190856934 563.734985351562 650.176403045654 661.314292907715 646.3671875 736.447246551514 554.738128662109 837.019710540771 1023.45688614249 698.872039794922 680.594638824463 487.406616210938
-9999 -9999 732.966178894043 608.046440124512 692.760442733765 793.678476333618 770.134244918823 781.121150970459 676.016723632812 791.206224441528 737.497043609619 654.096385955811 842.020080566406 702.832809448242 632.25470161438 605.005180358887 607.921424865723 588.146945953369 600.700881958008 591.300506591797 721.541053771973 624.650604248047 820.417388916016 636.264183044434 758.138751983643 666.611135005951 487.060562133789 679.642786026001 732.267967224121 543.148132324219 593.161849975586 669.829284191132 532.223098754883 467.583435058594 818.379429936409 462.980239868164 636.62176322937 564.52995300293 548.936279296875 488.282852172852 730.321283340454 489.171691894531 567.871627807617 546.008392333984 680.131805419922 740.88588809967 712.902961730957 710.696409225464 780.031723022461 810.286449432373
-9999 -9999 1012.33456802368 977.068897247314 810.744674682617 530.665649414062 779.985696792603 789.390613555908 771.595243453979 761.100975513458 1050.77197647095 738.773979187012 827.668563842773 757.477279663086 549.112915039062 659.240905761719 606.889064788818 751.492736816406 469.482360839844 690.958206176758 410.076034545898 477.81339263916 487.674087524414 613.48119354248 570.839063644409 623.770072937012 602.173801422119 708.625080108643 467.557861328125 602.326644897461 569.360549926758 736.431114196777 468.327621459961 514.134872436523 514.766632080078 665.152001857758 688.423305511475 650.816955566406 678.877304077148 708.584716796875 602.3466796875 914.929416656494 796.423122406006 851.267692565918 659.470321655273 739.011901855469 754.418914794922 801.614433288574 936.676727294922 829.398876190186
-9999 -9999 -9999 684.155143737793 703.373825073242 658.621066570282 794.040391921997 690.373481750488 754.343116760254 687.323692321777 605.925672531128 694.353065490723 510.55632019043 749.976287841797 691.670860290527 584.765453338623 523.608505249023 477.333084106445 532.231721878052 459.66340637207 515.68674659729 490.236862182617 414.367446899414 1443.53560447693 465.642433166504 658.054623603821 673.149140834808 641.479734420776 579.484367370605 686.174259185791 989.079803466797 825.744583129883 706.74144744873 657.055034637451 536.603057861328 673.235565185547 457.214065551758 660.236373901367 576.688735961914 469.885543823242 544.03596496582 701.576293945312 628.830497741699 805.791926383972 725.926090240479 727.259338378906 668.580642700195 562.772583007812 672.436294555664 1179.54776507616
-9999 -9999 -9999 638.666656494141 524.230163574219 576.927108764648 724.328765869141 771.480553150177 719.492198944092 1063.95314836502 751.657745361328 689.623899459839 586.935272216797 438.403503417969 575.590316772461 517.509590148926 515.968063354492 627.615341186523 579.232816696167 420.509979248047 413.567291259766 553.276248931885 595.529449462891 716.65811920166 556.018369674683 645.089776992798 671.273931503296 685.444757461548 612.678802490234 740.100257873535 672.837239742279 751.253967285156 655.775305271149 525.729675292969 514.843475341797 806.918914794922 603.593597412109 688.28649520874 475.427536010742 605.763767242432 556.60572052002 514.741363525391 528.883697509766 925.828437805176 947.212287902832 1283.18323516846 743.117416381836 744.18017578125 1044.01963806152 932.576946258545
