export/dem/dem4.asc
NCOLS 350
NROWS 171
XLLCORNER 152620
YLLCORNER 418050
CELLSIZE 100
NODATA_VALUE -9999
[rows 88 to 109 of 171, columns 50 to 99 of 350]
470.34188079834 533.919540405273 713.708709716797 528.085754394531 561.246444702148 363.624444961548 483.882209777832 347.567697525024 315.958889007568 197.66185760498 307.195594787598 199.998954772949 324.811363220215 380.594470977783 387.965969085693 398.262084960938 357.055681228638 448.858184814453 294.746726989746 449.389083862305 299.669212341309 310.04402923584 446.46265411377 419.000134468079 632.625915527344 490.610801696777 530.576759338379 490.929405212402 460.794172286987 448.801113128662 326.879302978516 433.639802932739 507.932808995247 353.673583984375 387.611862182617 592.614207267761 412.690032958984 498.900297164917 448.939792633057 456.065795898438 676.66227722168 -9999 -9999 -9999 -9999 -9999 -9999 -9999 -9999 -9999
635.058746337891 508.540977478027 705.390274047852 548.645965576172 413.522789001465 547.070098876953 461.696807861328 537.960418701172 340.329217910767 278.870899200439 151.666366577148 70.2265319824219 257.909950256348 382.023023605347 202.301162719727 333.209102630615 375.549610137939 475.719802856445 371.071424484253 363.808786392212 323.087051391602 259.411880493164 412.573844909668 515.62434387207 486.742164611816 625.55500793457 400.230036586523 467.071758270264 520.617782592773 439.046326756477 408.566791534424 597.187889099121 399.641645431519 309.159790039062 562.760765075684 594.741262435913 567.500769615173 503.361844062805 540.792205810547 428.605224609375 -9999 -9999 -9999 -9999 -9999 -9999 -9999 -9999 -9999 -9999
1053.40841674805 516.02001953125 723.095947265625 565.011497497559 511.786140441895 372.517541885376 343.976982116699 392.132340431213 390.898389816284 374.716121673584 248.550399780273 251.492195129395 333.868846893311 116.487762451172 357.083168029785 423.220020294189 439.523284912109 303.014999389648 364.876512527466 392.958197593689 426.076776504517 317.328037261963 464.394832611084 592.994506835938 574.445861816406 580.799652099609 540.583999633789 420.975768089294 352.707191467285 417.451200485229 466.002305984497 489.017576217651 516.651092529297 385.33122253418 1033.87477111816 551.29913520813 377.245719909668 511.27987575531 375.964782714844 427.57568359375 -9999 -9999 -9999 -9999 -9999 -9999 -9999 -9999 -9999 -9999
440.985889434814 1035.99098205566 589.710510253906 359.504741668701 490.953220367432 513.130859375 520.597267150879 479.290328979492 453.592906951904 428.40616607666 295.042922973633 417.904998779297 292.669631958008 327.327018737793 486.24299621582 493.429344177246 304.844116210938 314.074234008789 480.848648071289 329.019340515137 473.81729888916 306.747299194336 354.514808654785 393.549575805664 305.482040405273 378.73221206665 518.343894958496 442.666162490845 450.254983901978 552.518707275391 396.166305541992 541.34391784668 533.107166290283 623.155487060547 857.069915771484 583.546840667725 525.273391723633 467.906520843506 519.295776367188 -9999 -9999 -9999 -9999 -9999 -9999 -9999 -9999 -9999 -9999 -9999
504.514343261719 466.036022186279 943.515640258789 513.057075500488 530.588073730469 508.975589752197 463.196491241455 270.450454711914 441.362773895264 287.682815551758 296.758964538574 249.818084716797 273.903671264648 344.765911102295 450.221923828125 414.767612457275 191.435806274414 403.674596786499 507.127563476562 433.254902839661 428.776943206787 163.563919067383 310.883079528809 436.416355133057 317.984619140625 523.735626220703 602.202377319336 548.674613952637 545.309043884277 478.796707630157 345.647445678711 461.752082824707 625.011726379395 622.870525360107 643.067161560059 523.580062866211 563.423770904541 581.18286895752 599.245965957642 -9999 -9999 -9999 -9999 -9999 -9999 -9999 -9999 -9999 -9999 -9999
443.916000366211 373.845970153809 358.968040466309 878.254692077637 365.229667663574 609.261070251465 496.915077209473 376.699241638184 419.451972961426 308.710029602051 238.180557250977 370.601720809937 395.429371356964 262.001625061035 362.729732513428 298.079795837402 340.284152984619 381.384030342102 537.934112548828 532.860244750977 539.65909576416 402.267610549927 417.924239397049 450.661516189575 419.70945930481 432.816900253296 450.419135093689 595.257827758789 510.794368743896 476.641637802124 581.727424621582 452.5876121521 739.093292236328 746.508989334106 797.412872314453 629.279552459717 477.983379364014 480.231781005859 641.539571762085 -9999 -9999 -9999 -9999 -9999 -9999 -9999 -9999 -9999 -9999 -9999
411.791366577148 382.502628326416 466.43391418457 483.282646179199 877.246917724609 627.631759643555 467.27100944519 526.679275512695 449.459579467773 393.978073120117 332.022491455078 355.685604095459 277.550392150879 345.200149536133 410.040718436241 377.701313972473 527.459098815918 350.328605651855 469.972408294678 486.701446533203 425.741234779358 414.200210571289 447.654465675354 302.435523986816 356.597686767578 379.75235748291 370.373306274414 494.660274505615 643.891403198242 502.148670196533 492.092597961426 727.810882568359 573.823650360107 611.901763916016 634.069244384766 618.233295440674 508.24770450592 650.204555511475 -9999 -9999 -9999 -9999 -9999 -9999 -9999 -9999 -9999 -9999 -9999 -9999
587.283264160156 307.903480529785 521.374435424805 514.878772735596 483.551155090332 488.796730041504 410.449295043945 507.085296630859 278.436614990234 414.481985092163 391.041130065918 383.638101577759 458.050500869751 213.976974487305 318.835975646973 402.132210969925 527.043159484863 471.459671020508 455.592590332031 505.330200195312 304.027839660645 402.970920562744 425.615547180176 516.75675201416 184.463043212891 375.57787322998 476.730717182159 588.24560546875 621.174423217773 513.8821144104 616.412773132324 547.47395324707 580.880805969238 553.810665130615 579.058448791504 667.691444396973 438.765716552734 704.393882751465 -9999 -9999 -9999 -9999 -9999 -9999 -9999 -9999 -9999 -9999 -9999 -9999
344.741607666016 398.599258422852 268.80369758606 524.553771972656 631.48356628418 632.384773254395 353.689590454102 419.648710250854 445.962495803833 520.997611999512 351.448574066162 555.016098022461 427.991833413951 463.79719543457 510.217971801758 347.34822845459 418.750938355923 344.768051147461 376.180828094482 459.701437950134 340.518592834473 389.789110183716 555.390090942383 506.434733390808 415.530346393585 432.961807250977 534.706836700439 562.938247680664 571.006210327148 512.699821472168 536.45170211792 525.443656921387 435.827404022217 644.513046264648 661.270988464355 708.347579956055 664.22021484375 586.432399749756 -9999 -9999 -9999 -9999 -9999 -9999 -9999 -9999 -9999 -9999 -9999 -9999
449.430770874023 259.313866615295 300.682098388672 547.100241661072 713.463516235352 568.880617141724 698.791320800781 708.885665893555 431.081115722656 380.175956726074 449.371442317963 347.24161529541 431.080360412598 216.670867919922 342.873397827148 330.334434509277 534.233535766602 419.031586647034 393.997184753418 412.537334442139 403.073987960815 800.669120788574 470.181800842285 610.795837402344 617.420207977295 443.174686431885 538.182670593262 356.421264648438 606.975296020508 279.314819335938 431.463260650635 516.995212554932 782.94140625 754.550236225128 570.680624008179 581.899215698242 716.518325805664 -9999 -9999 -9999 -9999 -9999 -9999 -9999 -9999 -9999 -9999 -9999 -9999 -9999
650.147689819336 198.793823242188 636.64852142334 717.586868286133 717.954650878906 696.72607421875 637.189186096191 566.019989967346 558.117721557617 468.302644729614 382.346748352051 422.1676197052 429.910526990891 472.642921447754 464.318180084229 614.245147705078 378.972332000732 407.907902002335 459.296371459961 299.204315185547 558.158684253693 663.136894226074 473.883697509766 512.611427307129 377.557060241699 741.324329376221 426.287322998047 299.738952636719 509.814491271973 648.063228607178 612.345514297485 804.327453613281 664.698226928711 538.021427154541 578.246841430664 599.486206054688 829.89794921875 -9999 -9999 -9999 -9999 -9999 -9999 -9999 -9999 -9999 -9999 -9999 -9999 -9999
677.13875579834 775.135696411133 856.740356445312 698.296806335449 483.993713378906 675.372367858887 613.462184906006 659.212753295898 519.000221252441 412.583061218262 657.175750732422 498.20908164978 592.293960571289 426.432424545288 286.953399658203 538.805305480957 638.824951171875 515.92253112793 617.094699859619 443.280052185059 362.582077026367 493.68648147583 495.336246490479 527.687822341919 572.650384902954 442.793060302734 732.164436340332 699.359649658203 556.065910339355 780.428657531738 730.914833068848 611.936622619629 665.223503112793 480.971035003662 548.462501525879 597.048385620117 607.14536190033 -9999 -9999 -9999 -9999 -9999 -9999 -9999 -9999 -9999 -9999 -9999 -9999 -9999
756.689682006836 776.677139282227 687.653656005859 579.165824890137 672.989875793457 666.049755096436 601.83180975914 514.23072052002 591.229241847992 761.476257324219 649.76256942749 367.259246826172 506.031959533691 431.67653465271 362.420450210571 372.527742862701 339.769287109375 775.578414916992 638.712997436523 555.535507202148 299.218185424805 449.201110839844 301.821304321289 472.221923828125 524.914573669434 581.433606147766 494.845817565918 678.51655960083 733.020851135254 724.316520690918 739.237564086914 817.951278686523 721.616226196289 593.565620422363 620.195930480957 633.641469955444 646.706340789795 -9999 -9999 -9999 -9999 -9999 -9999 -9999 -9999 -9999 -9999 -9999 -9999 -9999
549.503051757812 656.213912963867 614.731536865234 678.517547607422 585.216831207275 770.566436767578 528.946311950684 543.878028869629 842.380844116211 541.811477661133 651.399436950684 720.248580932617 783.823516845703 428.712409973145 482.786721229553 625.109321594238 591.265422821045 481.576175689697 502.894493103027 550.544326782227 598.450481414795 498.806900024414 534.0380859375 578.19388628006 589.990257263184 647.471061706543 535.731986999512 577.895643234253 569.064723968506 595.721279144287 628.345951080322 615.09395980835 522.832778930664 690.858489990234 770.449356079102 614.743680953979 -9999 -9999 -9999 -9999 -9999 -9999 -9999 -9999 -9999 -9999 -9999 -9999 -9999 -9999
427.8857421875 587.848693847656 632.708633422852 555.055295944214 645.949301719666 497.328109741211 688.841991424561 569.713119506836 625.066993713379 600.984664916992 734.690811157227 623.57884979248 704.58927154541 584.844814300537 427.886913299561 525.191240787506 529.867808222771 518.810949325562 637.287734985352 583.097576141357 596.972900390625 536.547512054443 633.809745788574 752.531539916992 533.277626037598 631.80492401123 583.603567123413 598.061391830444 554.043760299683 522.818374633789 501.708312988281 410.451095581055 535.544269561768 682.16480255127 598.681570053101 -9999 -9999 -9999 -9999 -9999 -9999 -9999 -9999 -9999 -9999 -9999 -9999 -9999 -9999 -9999
408.155418395996 410.837539672852 586.134346008301 502.106252670288 638.681335449219 519.15239906311 605.399780273438 577.019390106201 581.203674316406 677.123947143555 694.803085327148 295.69775390625 418.444585800171 429.551124572754 463.108047485352 600.157684326172 450.481555938721 567.903125762939 547.861571788788 631.306900024414 694.798126220703 592.271476745605 629.105644226074 726.954650878906 635.886501312256 664.512271881104 747.825332641602 554.599784851074 422.070743560791 401.904357910156 484.816057443619 637.578533172607 487.967613220215 570.973043441772 -9999 -9999 -9999 -9999 -9999 -9999 -9999 -9999 -9999 -9999 -9999 -9999 -9999 -9999 -9999 -9999
816.022296905518 349.900611877441 350.691652297974 289.848854064941 296.207946777344 352.300018310547 449.926097869873 513.353261947632 424.848697662354 520.485130310059 424.926338195801 419.986442565918 520.097537994385 544.189586639404 342.459777832031 307.182983398438 494.845409393311 568.851554870605 657.605972290039 548.101395606995 545.790327072144 639.757133483887 646.246849060059 625.785270690918 519.430313110352 482.38659286499 463.34971165657 424.426380157471 511.314723968506 526.871364593506 444.925811767578 549.721858978271 674.201042175293 -9999 -9999 -9999 -9999 -9999 -9999 -9999 -9999 -9999 -9999 -9999 -9999 -9999 -9999 -9999 -9999 -9999
-9999 463.745323181152 991.280988693237 300.949111938477 379.782241821289 690.14192199707 466.172534942627 307.691333770752 285.06258392334 522.173004150391 371.970664978027 236.799240112305 426.546997070312 364.719467163086 408.366222381592 313.909881591797 458.74746632576 436.033088684082 423.219583511353 485.75509262085 496.412532806396 475.591403961182 483.755058288574 654.016906738281 340.019989013672 641.452133178711 507.475288391113 625.647033691406 380.291069030762 536.081476211548 611.716743469238 614.825183868408 -9999 -9999 -9999 -9999 -9999 -9999 -9999 -9999 -9999 -9999 -9999 -9999 -9999 -9999 -9999 -9999 -9999 -9999
-9999 -9999 -9999 -9999 822.960559844971 840.561683654785 578.90869140625 374.861026763916 741.753158569336 945.830780029297 499.797988891602 521.101100921631 402.624961853027 479.847415924072 338.701522827148 346.991226196289 420.572437286377 12.4794960021973 -80.8905639648438 553.524423599243 569.776491165161 548.405220031738 681.607543945312 564.029247283936 519.473675727844 545.826847076416 604.485737800598 724.667282104492 454.016367435455 565.741575241089 -9999 -9999 -9999 -9999 -9999 -9999 -9999 -9999 -9999 -9999 -9999 -9999 -9999 -9999 -9999 -9999 -9999 -9999 -9999 -9999
-9999 -9999 -9999 -9999 -9999 -9999 -9999 -9999 -9999 994.829605102539 705.850067138672 590.80229139328 661.542785644531 510.676795959473 238.732604980469 551.704666614532 558.649279862642 23.9865913391113 77.2651405334473 654.4642162323 803.636657714844 574.484638214111 659.467750549316 732.697479248047 654.652885437012 676.18106842041 617.194313049316 717.07536315918 -9999 -9999 -9999 -9999 -9999 -9999 -9999 -9999 -9999 -9999 -9999 -9999 -9999 -9999 -9999 -9999 -9999 -9999 -9999 -9999 -9999 -9999
-9999 -9999 -9999 -9999 -9999 -9999 -9999 -9999 -9999 -9999 -9999 -9999 -9999 -9999 -9999 -9999 628.826581954956 809.292823791504 1011.11011505127 821.990990161896 1018.81767272949 1049.77619934082 934.068187713623 1033.17072296143 917.941679954529 -9999 -9999 -9999 -9999 -9999 -9999 -9999 -9999 -9999 -9999 -9999 -9999 -9999 -9999 -9999 -9999 -9999 -9999 -9999 -9999 -9999 -9999 -9999 -9999 -9999
-9999 -9999 -9999 -9999 -9999 -9999 -9999 -9999 -9999 -9999 -9999 -9999 -9999 -9999 -9999 -9999 -9999 -9999 -9999 -9999 -9999 -9999 -9999 -9999 -9999 -9999 -9999 -9999 -9999 -9999 -9999 -9999 -9999 -9999 -9999 -9999 -9999 -9999 -9999 -9999 -9999 -9999 -9999 -9999 -9999 -9999 -9999 -9999 -9999 -9999
