export/dem/dem41.asc
NCOLS 350
NROWS 171
XLLCORNER 152620
YLLCORNER 418050
CELLSIZE 100
NODATA_VALUE -9999
[rows 132 to 153 of 171, columns 300 to 349 of 350]
943.823997497559 887.469440460205 1683.10256958008 1436.5673828125 1033.63526916504 1076.50856018066 1596.92622375488 1387.66624450684 1351.98803710938 1412.88323974609 1311.52857208252 1445.044921875 1220.00973510742 1489.04663848877 1351.28683853149 1011.16000843048 1227.22244262695 1041.86003112793 1319.48727416992 1090.84777832031 922.558731079102 930.562065124512 844.626622200012 840.117759823799 903.782749176025 774.221267700195 737.21216583252 850.547679901123 774.965393066406 828.44945526123 839.139766693115 968.392784118652 874.15318107605 854.627891540527 -9999 -9999 -9999 -9999 -9999 -9999 -9999 -9999 -9999 -9999 -9999 -9999 -9999 -9999 -9999 -9999
938.780914306641 1010.09199523926 1101.11520385742 1381.05972290039 1123.16848754883 1074.52108764648 1553.11920166016 1742.38291931152 1361.34696960449 1257.71162414551 1297.67610168457 1384.76351928711 1294.26783752441 1132.4167432785 1473.93400764465 1860.12850189209 1627.27374267578 2167.74479675293 1820.96078491211 1527.05902099609 1767.47041320801 894.649141311646 893.65128326416 903.982358932495 873.817474365234 842.485243797302 814.470228970051 917.187620639801 862.577869415283 919.24599647522 778.501136779785 941.873732566833 825.437015533447 939.31234061718 -9999 -9999 -9999 -9999 -9999 -9999 -9999 -9999 -9999 -9999 -9999 -9999 -9999 -9999 -9999 -9999
795.504367828369 787.537039756775 927.446502685547 1222.19104003906 1140.27391815186 1084.34857177734 1331.17807006836 1505.89709472656 1194.62841796875 1249.35890197754 1311.65740966797 1413.46029663086 1194.16817188263 1191.4602355957 1298.76608133316 1377.68478775024 1099.45897483826 1442.47283935547 1312.24969482422 1145.6759185791 1263.73358154297 1033.3892364502 945.824722290039 930.974487304688 903.997219085693 751.866806030273 864.430191040039 875.506577014923 1145.296875 936.874500274658 892.510669708252 886.978813171387 1055.93726348877 881.122406005859 743.844940185547 -9999 -9999 -9999 -9999 -9999 -9999 -9999 -9999 -9999 -9999 -9999 -9999 -9999 -9999 -9999
803.092775344849 770.356210708618 1167.85060119629 1329.39545440674 1091.76415252686 1066.57865905762 1047.51947021484 1636.45805358887 1687.2741394043 1230.0655670166 1337.81658935547 1438.11335754395 1210.7301940918 1235.84085083008 1254.12627029419 1998.84953308105 1443.46253967285 1225.06986999512 1289.5094909668 1073.92190551758 1076.75790405273 1122.78157806396 1417.02937316895 1106.12896728516 1025.55381774902 912.52417755127 799.909008026123 895.843542098999 907.528228759766 1006.50677871704 652.16796875 747.61319732666 1063.29595184326 746.563438415527 1029.46923065186 861.162334442139 -9999 -9999 -9999 -9999 -9999 -9999 -9999 -9999 -9999 -9999 -9999 -9999 -9999 -9999
706.446060180664 828.222877502441 926.164649963379 1195.76600646973 1041.99192810059 1334.50038146973 1402.90399169922 1211.13052368164 1297.48275756836 1178.59545898438 1271.09632873535 1179.37316894531 1378.1566619873 1807.11178588867 1354.67405700684 1223.44635772705 985.728679656982 1077.14881134033 1040.22193145752 1134.88111877441 1132.9836730957 993.807512283325 982.247102737427 1088.57586288452 967.301025390625 1076.03536224365 803.095092773438 843.319136619568 813.7509765625 900.272871017456 965.845053017139 1579.58290100098 824.31173324585 775.204803466797 800.106870651245 786.796478271484 -9999 -9999 -9999 -9999 -9999 -9999 -9999 -9999 -9999 -9999 -9999 -9999 -9999 -9999
929.77042388916 846.230834960938 962.487628936768 1019.12164306641 837.880080223083 1131.8842010498 1239.24732971191 1196.71942138672 1135.07789611816 1235.7880859375 1080.57972717285 1100.25148773193 1333.71860313416 1497.10678100586 1467.85124206543 1044.08007717133 1188.92345428467 905.695779800415 1070.4351348877 1309.46566772461 946.63116645813 1016.86450958252 1029.23233795166 987.712686538696 1007.55021858215 1006.38519287109 1653.58103561401 961.157417297363 859.31941986084 828.571697235107 1395.26369857788 822.96614074707 835.902896881104 731.923980712891 759.370475769043 870.629007339478 814.443687438965 -9999 -9999 -9999 -9999 -9999 -9999 -9999 -9999 -9999 -9999 -9999 -9999 -9999
914.314617156982 822.234268188477 972.008464813232 839.77703666687 936.286117553711 1224.36761474609 1187.46352767944 1180.43481445312 1305.39047241211 1281.79432678223 1133.31019592285 1099.76370239258 1255.35153198242 1793.73593139648 1475.47053527832 1365.64357757568 1036.9334435463 1160.45997619629 1159.2906036377 1160.43743896484 1217.69589233398 788.67204284668 1031.63778305054 892.888275146484 879.13402557373 744.159103393555 754.089416503906 831.066192626953 1181.54972076416 1160.53832244873 1123.54063606262 885.671936035156 722.341278076172 831.927177429199 959.563766479492 706.070556640625 903.930252075195 -9999 -9999 -9999 -9999 -9999 -9999 -9999 -9999 -9999 -9999 -9999 -9999 -9999
728.431022644043 837.627674102783 859.046409606934 860.946212768555 871.529739379883 1331.64567565918 1196.73390960693 1103.22583007812 1005.88679885864 1014.42684936523 1003.03247680888 1153.95745849609 1111.5591583252 1244.12394714355 1645.90987873077 1717.45008468628 1041.10302734375 964.36958694458 1094.10014343262 1189.05783081055 910.618860244751 763.080871582031 1038.85655212402 1040.13819885254 918.347888946533 918.807922363281 825.214889526367 809.515213012695 1048.30294752121 1154.94307136536 1046.00533485413 859.414733886719 819.347549438477 931.621894836426 851.71838760376 863.232818603516 891.286466598511 778.758499145508 -9999 -9999 -9999 -9999 -9999 -9999 -9999 -9999 -9999 -9999 -9999 -9999
881.405403137207 982.55640411377 767.120475769043 845.387531280518 865.44679069519 943.817794799805 996.15633392334 1016.40363883972 958.93717956543 1079.13217163086 986.381286621094 984.060037612915 973.193843841553 1022.27561998367 1465.63673400879 1613.42837524414 1304.11524963379 1070.02084350586 1058.87281799316 1123.14134979248 1096.26206016541 944.977729797363 961.345699310303 955.081153869629 822.304473876953 833.024993896484 817.642929077148 977.619583129883 908.116851806641 927.65837097168 1337.3423242569 1096.93280029297 975.873138427734 940.610462188721 813.574317932129 762.423736572266 941.671982765198 852.09241104126 -9999 -9999 -9999 -9999 -9999 -9999 -9999 -9999 -9999 -9999 -9999 -9999
666.464248657227 759.392871856689 805.64892578125 844.655142664909 1041.40911865234 897.610130310059 1013.30305480957 916.002471923828 895.200836181641 889.452792167664 1024.82765960693 1121.07131958008 1173.56886291504 1073.84006023407 1262.99791717529 1623.58686828613 976.24845123291 1196.87503051758 965.836990356445 973.310684204102 898.408065795898 908.975688934326 984.880298137665 849.6875 744.099273681641 925.137605190277 976.372207641602 1044.69782066345 830.223251342773 977.540985107422 1218.67914962769 1001.43200683594 964.12287902832 1074.80578231812 908.188516616821 834.494468688965 1124.88082885742 772.846984863281 735.420936584473 -9999 -9999 -9999 -9999 -9999 -9999 -9999 -9999 -9999 -9999 -9999
701.549850463867 747.971611022949 762.273574829102 920.28246307373 1134.39566040039 1125.92385101318 1189.37411880493 1103.59312820435 994.233814239502 1060.51817417145 902.688865184784 1233.74154663086 838.130767822266 980.166675567627 1350.75988450646 1015.09892654419 1022.9721736908 900.167442321777 969.062885284424 1106.94505691528 1311.06447315216 975.348648071289 1269.40579223633 847.88688659668 896.549789428711 1028.90064430237 784.632843017578 970.39994430542 915.760551452637 983.285415649414 962.824935913086 1000.65280151367 886.443099975586 1011.56901860237 986.040319442749 882.972225189209 916.118133544922 884.530933380127 791.603393554688 -9999 -9999 -9999 -9999 -9999 -9999 -9999 -9999 -9999 -9999 -9999
730.135150909424 660.954528808594 678.410949707031 775.273792266846 832.007354736328 1046.1333770752 905.826463699341 999.382785797119 721.005058288574 844.180854797363 835.777210235596 825.639236450195 1087.18063735962 1247.8865814209 1066.38830566406 1361.51837921143 885.028366088867 933.096626281738 867.995544433594 914.728126525879 956.893547058105 904.43140411377 1133.65302085876 1201.30831432343 1067.20219993591 801.975997924805 1012.52383422852 919.525177001953 942.40616607666 999.937816619873 995.347106933594 1098.0987033844 889.952507019043 893.123723983765 874.740028381348 1037.72365570068 947.131984710693 961.55578994751 654.946365356445 -9999 -9999 -9999 -9999 -9999 -9999 -9999 -9999 -9999 -9999 -9999
695.99711894989 631.511714935303 759.141936302185 686.35472202301 848.800300598145 878.614479064941 823.855682373047 630.518508911133 826.950977325439 932.797714233398 783.653345108032 747.394889891148 994.763000488281 1040.87311172485 1063.81219768524 1048.92751693726 1385.18176269531 954.793212890625 919.100273132324 804.921127319336 934.132629394531 732.589584350586 1090.89569854736 1382.58735466003 1190.08738327026 1098.00500488281 1569.19129753113 970.280794143677 1130.62497711182 912.792762756348 841.140380859375 826.740219116211 833.820945739746 793.641258239746 909.963928222656 890.788871765137 928.917057037354 1043.82691574097 835.107677459717 842.269844055176 -9999 -9999 -9999 -9999 -9999 -9999 -9999 -9999 -9999 -9999
878.298828125 738.215446472168 729.028472900391 741.230407655239 753.046192407608 750.770627975464 706.355396270752 762.72243309021 731.67463684082 893.774856567383 778.21276473999 810.24243927002 728.885047912598 935.094129920006 998.671896934509 902.365425109863 874.666213989258 1008.25087738037 1606.50624990463 988.931386947632 940.45287322998 978.959270477295 1080.41945266724 1066.49658584595 1423.10208129883 1581.13992500305 936.565910339355 1077.20050811768 949.332763671875 928.521171569824 1081.25350952148 989.973669052124 681.943969726562 778.201477050781 905.127670288086 924.071769714355 832.995330810547 962.787693023682 953.779083251953 946.822957992554 -9999 -9999 -9999 -9999 -9999 -9999 -9999 -9999 -9999 -9999
778.461053848267 791.078880310059 763.896472930908 650.236511230469 623.022117614746 843.631416320801 901.755271911621 626.029708862305 876.535171508789 858.84748840332 805.67677116394 782.404693603516 776.17133140564 802.563425064087 842.878192901611 811.702438354492 772.399673461914 755.21614074707 948.66805267334 936.784812927246 977.039344787598 1026.58530765772 1077.94121932983 983.481811523438 796.720886230469 1208.82353973389 907.471420288086 831.382598876953 1129.85675048828 863.770660400391 982.70679473877 1091.13740539551 938.622900009155 1015.61320495605 884.510116577148 986.761741638184 947.762191772461 1036.11436462402 953.442497253418 863.150260925293 -9999 -9999 -9999 -9999 -9999 -9999 -9999 -9999 -9999 -9999
840.487785339355 808.209995269775 716.222484588623 714.296264648438 679.873596191406 835.189632177353 851.171405792236 820.552551269531 801.049200057983 984.212874889374 1054.54216766357 855.990856170654 828.266935348511 643.93628692627 572.534698486328 825.73540687561 826.097702026367 919.54833984375 1020.33571124077 935.960433959961 1089.91088104248 1036.96502685547 1034.65863108635 1081.17273712158 1119.55787658691 1014.36570549011 1018.15277242661 1090.59980773926 917.685791015625 916.093780517578 885.167236328125 779.969093322754 916.094895243645 781.73030090332 974.782871246338 896.855152130127 819.287475585938 1092.38571166992 781.436737060547 923.733646392822 840.542308807373 -9999 -9999 -9999 -9999 -9999 -9999 -9999 -9999 -9999
758.317698478699 768.261100769043 714.261047363281 675.462593078613 779.279594421387 747.698963165283 716.55004119873 911.777305603027 806.336431503296 812.5822224617 1028.60198974609 937.792987823486 853.431259155273 767.072067260742 736.983238220215 689.141342163086 823.440664291382 808.478099822998 902.893972396851 1053.04009246826 1041.70286238194 1066.91150093079 1180.03819274902 998.33895111084 1011.78583335876 1026.54568862915 1005.73400115967 929.280391693115 781.179443359375 952.801933288574 837.185508728027 741.727935791016 912.468622207642 875.534503936768 930.617607116699 878.095636367798 936.453048706055 957.235563278198 847.509654998779 1045.56754302979 871.343891143799 -9999 -9999 -9999 -9999 -9999 -9999 -9999 -9999 -9999
831.979133605957 716.28165435791 742.202220916748 751.72936630249 779.816270828247 695.244556427002 780.708261489868 751.489196777344 763.825729370117 919.68041229248 704.778099060059 772.464721679688 714.251388549805 1013.15699005127 939.815887451172 759.716255187988 670.119125366211 797.743556976318 942.505485534668 777.007415771484 818.535659790039 1023.4627494812 1093.42404174805 1079.166847229 1088.19345092773 942.259963989258 999.202834129333 1017.32885742188 673.684829711914 848.139762878418 889.591595411301 849.698181152344 821.604759216309 769.704109191895 935.215349197388 1050.66594171524 919.136695861816 942.488441467285 984.986717224121 890.318824768066 875.850959777832 1047.17738342285 -9999 -9999 -9999 -9999 -9999 -9999 -9999 -9999
826.317939758301 817.987659454346 631.327545166016 640.65559387207 609.69026184082 663.415641784668 603.334487915039 800.027984619141 843.050790786743 969.903869628906 853.914024353027 866.130439758301 735.421585083008 810.689392089844 877.30046081543 762.120155334473 833.241405487061 834.267100453377 666.273742675781 778.687492370605 816.79076385498 901.721429824829 892.270244598389 1061.12150096893 1003.26385736465 809.061172485352 1057.73945808411 908.999122619629 754.309860229492 853.938873291016 840.449317932129 830.498092651367 839.734931945801 794.98454284668 856.423416137695 980.844276428223 884.200813293457 960.689399719238 830.432308197021 1038.04099273682 919.633457183838 903.536003112793 -9999 -9999 -9999 -9999 -9999 -9999 -9999 -9999
800.239423751831 714.551052093506 744.624557495117 627.238265991211 795.188613891602 622.245056152344 653.363067626953 666.603561401367 856.902047157288 832.789145708084 1008.78498840332 835.749702453613 871.753700256348 846.715305328369 929.80297088623 966.558261871338 894.813831329346 796.114646911621 672.328506469727 812.144004821777 728.566627502441 824.12522315979 835.28203368187 733.751220703125 829.130012869835 824.641845226288 910.117580413818 955.816707372665 903.112411499023 883.55834197998 935.892671108246 862.696174621582 732.381362915039 1001.22914505005 1243.36083984375 799.109130859375 757.450332641602 971.581924438477 884.638984680176 910.274765014648 908.922721862793 1074.00833129883 948.538730144501 -9999 -9999 -9999 -9999 -9999 -9999 -9999
691.235374450684 756.579013824463 820.665090560913 730.886726379395 794.069664955139 672.454025268555 721.554851531982 721.3479347229 685.72282409668 1024.98048400879 749.122184753418 880.424423217773 1047.63874435425 839.726081848145 1014.02448272705 1024.94804191589 1141.25763702393 951.615624636412 974.884857177734 925.924022674561 799.107086181641 773.460004806519 851.536313056946 842.499797821045 973.981834411621 846.17889213562 823.542163848877 802.846462249756 872.505035400391 960.824367523193 1016.62849998474 859.932228088379 779.351043701172 870.66251373291 1185.85997772217 876.060729980469 885.724960327148 1125.39338684082 941.363975524902 896.072082519531 978.488384246826 942.348289489746 845.209030151367 -9999 -9999 -9999 -9999 -9999 -9999 -9999
694.741889953613 764.856307983398 577.130920410156 829.325855255127 646.494384765625 778.983965396881 756.915616989136 765.42529296875 657.907363891602 711.261268615723 909.282783508301 873.1536693573 976.42977142334 948.490287780762 819.903781890869 793.588241577148 943.829597473145 1056.30138397217 925.232654571533 886.54753112793 823.423210144043 803.843505859375 957.53221321106 890.846549987793 843.447834014893 882.628484725952 1008.43862915039 941.480129241943 797.95613861084 862.518058776855 891.79655456543 942.338874816895 994.873627662659 779.479858398438 1164.11315917969 1032.29956817627 918.229406356812 924.925117492676 1010.92881202698 1063.68969345093 909.471824645996 1056.78226280212 1006.57194781303 914.576007843018 -9999 -9999 -9999 -9999 -9999 -9999
