export/dem/dem41.asc
NCOLS 350
NROWS 171
XLLCORNER 152620
YLLCORNER 418050
CELLSIZE 100
NODATA_VALUE -9999
[rows 44 to 65 of 171, columns 50 to 99 of 350]
759.822746276855 924.537887573242 760.485992431641 884.921012878418 448.509126186371 376.211723327637 439.70036315918 390.847259521484 672.937362670898 462.968246459961 914.787454605103 545.862075805664 494.844650268555 600.307281494141 479.669157028198 498.694553375244 483.561015129089 551.06664276123 560.722885131836 489.198020935059 548.913970947266 460.015256881714 541.262084960938 414.668701648712 503.67960357666 508.572120666504 353.119792938232 374.805019378662 624.475631713867 550.350624084473 548.076049804688 641.0498046875 531.147880554199 514.878356933594 517.942802429199 427.087245941162 377.228141784668 210.170471191406 417.899841308594 310.832229614258 402.572286605835 345.452087402344 399.234878540039 352.511940002441 454.407331466675 282.29948425293 513.764640808105 499.024467468262 496.622856140137 639.683166503906
703.346454620361 611.941249847412 631.93793296814 758.335182189941 384.294158935547 323.946258544922 585.225814819336 635.296859741211 555.521915435791 821.730377197266 512.229200363159 500.677674293518 588.382415771484 660.533599853516 524.484592437744 496.221836090088 642.581497192383 495.616119384766 517.76643371582 525.980476379395 504.111518859863 591.828903198242 436.229148864746 559.61100769043 448.072372436523 422.079647064209 501.769081115723 511.094421386719 500.096229553223 534.485824584961 522.690727233887 362.622680664062 541.215301513672 524.75080871582 512.88712310791 552.67847442627 358.282302856445 374.45613861084 314.066368103027 406.40030670166 429.154256820679 349.834121704102 418.951233863831 435.874733924866 443.11917591095 454.815423965454 398.440753936768 375.693519592285 494.78271484375 507.110977172852
561.482467651367 678.819091796875 566.9206199646 431.509260177612 372.964611053467 458.839267730713 525.330574035645 520.940856933594 721.431934356689 545.534965515137 596.724754333496 601.195777893066 504.934292793274 611.366302490234 552.008728027344 457.42179608345 392.321319580078 413.54238152504 451.745250701904 450.871681213379 419.502868652344 503.721824645996 459.842582702637 423.726825714111 380.976480484009 330.515594482422 476.972198486328 472.270896911621 370.061264038086 530.352935791016 404.504816055298 489.323299407959 396.936947822571 514.91455078125 427.965372800827 447.091429233551 495.431465148926 387.178394317627 324.500030517578 285.130828857422 393.736068725586 420.164901733398 450.037071228027 518.897430419922 433.680128097534 404.153690338135 491.459671020508 510.086418151855 540.793632507324 425.518239974976
562.652797698975 559.702812194824 383.531867980957 290.894729614258 339.203804016113 446.33810043335 1135.35088348389 744.558917999268 583.946956634521 678.681518554688 668.78092956543 676.858901977539 655.901153564453 514.75532913208 636.189178466797 346.906898498535 433.156131207943 337.113380432129 412.432771444321 483.578903198242 390.828694343567 512.311424255371 395.464421987534 350.626762390137 266.545318603516 454.443992614746 516.024364471436 335.518600463867 495.909717559814 451.443397521973 488.520301818848 586.00227355957 389.160663604736 352.774139404297 398.490478515625 326.242324829102 448.319959640503 592.575836181641 430.507761001587 386.970752716064 445.416206359863 432.05717086792 319.822158813477 499.893947601318 496.778305053711 406.670402526855 438.610683917999 391.644512176514 546.761413574219 393.780452728271
667.950897216797 485.954618453979 375.818489074707 629.94409942627 474.373779773712 622.866844177246 527.884658813477 509.755685329437 539.866750717163 536.026655197144 565.423595428467 692.699676513672 499.07999420166 466.89778137207 558.807662963867 380.125930786133 407.592796325684 462.598453521729 583.468658447266 369.281911849976 506.492210388184 516.14232635498 453.075523376465 460.792442321777 430.450290679932 469.199081420898 383.505482673645 391.097568511963 483.516868591309 363.13049697876 491.059288024902 468.646291732788 370.292404174805 346.493476867676 356.913703918457 440.799869537354 372.455791473389 407.186017990112 530.801277160645 455.700317382812 287.082946777344 508.209671020508 527.120071411133 476.652393341064 429.134279251099 346.558898925781 436.461086273193 444.398407936096 409.878837585449 406.267864227295
620.369922637939 288.147155761719 659.57585144043 457.472980499268 597.863679885864 512.909023284912 561.097988128662 539.139930725098 528.619884490967 552.595012664795 580.83642578125 704.845520019531 589.706977844238 543.589965820312 411.202346801758 363.130012512207 264.667388916016 448.255584716797 373.554260253906 470.288177490234 372.663806915283 438.094844818115 349.124950408936 454.193252563477 478.012336730957 524.987106323242 420.624075889587 453.534824371338 395.704309463501 265.584899902344 290.927597045898 317.791793823242 512.687843322754 453.770732879639 481.838645935059 379.293064117432 371.088760375977 309.53491973877 384.747531890869 362.639312744141 353.659271240234 348.896385192871 548.813056945801 588.04801940918 413.415153503418 544.589134216309 456.615617752075 311.779541015625 382.510246276855 572.483436584473
560.328308105469 607.142883300781 610.432510375977 919.72240447998 597.662799835205 620.25666809082 484.147159576416 458.348196983337 422.346862792969 489.021949768066 484.68431854248 506.526405334473 366.212554931641 401.11693572998 303.398544311523 386.679008483887 526.662811279297 329.397720336914 435.730249404907 494.229152679443 485.75456237793 539.306625366211 481.273445129395 377.26696395874 362.49467086792 564.218070983887 408.90562415123 237.181198120117 354.315063476562 366.819396972656 226.748352050781 366.47102355957 318.62939453125 397.33618927002 308.02513885498 376.02282333374 550.201141357422 520.188163757324 499.70100402832 464.609176635742 279.352584838867 458.421352386475 318.454345703125 418.348728179932 510.489669799805 320.311592102051 352.713386535645 464.023540496826 498.729473114014 481.179491043091
810.847686767578 471.280193328857 405.32723236084 539.896646499634 471.667793273926 505.474389076233 475.827453613281 436.453976631165 532.424728393555 535.219703674316 546.085868835449 456.796823501587 579.295532226562 551.50528717041 301.008438110352 564.422882080078 319.465843200684 543.272979736328 600.41682434082 387.509717941284 423.318603515625 472.031452178955 442.82738494873 346.327743530273 420.429812908173 613.884582519531 431.349771618843 384.542114257812 428.467252731323 386.820686340332 443.499931335449 266.288345336914 293.504447937012 359.682056427002 430.387623786926 493.803184509277 462.862609863281 393.586859703064 495.619319915771 499.61205291748 702.203735351562 538.897068023682 415.397413253784 352.202796936035 424.647048950195 288.743995666504 323.707183837891 509.9765625 560.907760620117 376.505729675293
724.545776367188 395.09321975708 1052.38078308105 381.460174560547 549.080871462822 532.397699356079 472.296253204346 458.313009262085 474.936580657959 506.497859954834 454.259613037109 610.431365966797 446.253971099854 364.376068115234 308.053016662598 456.992467880249 334.522392272949 450.8896484375 574.842895507812 422.552967071533 535.867195129395 407.665868759155 414.7229347229 333.929878234863 476.743194580078 457.008045196533 429.574967384338 266.094207763672 393.181474685669 376.075634002686 199.347808837891 327.491088867188 494.240936279297 458.527793884277 589.143692016602 445.2581615448 504.155715942383 512.742347717285 485.429908752441 469.981872558594 522.957447052002 530.451812744141 411.081496238708 397.705993652344 258.487365722656 420.681307792664 387.797770500183 437.448554992676 489.625411987305 409.840414047241
578.059104919434 630.255508422852 606.055362701416 511.789688110352 328.025054931641 579.291103363037 561.234222412109 492.467649459839 419.708847045898 401.757328033447 379.801544189453 326.683059692383 291.746131896973 528.047904968262 362.892688751221 527.343467712402 433.477045059204 488.357284545898 482.467571258545 477.812362670898 452.282709121704 536.672050476074 542.455017089844 422.481050491333 661.926391601562 471.7119140625 556.122283935547 429.618492126465 638.168487548828 431.434879302979 412.410751342773 386.815086364746 377.713638305664 383.288078308105 269.365386962891 569.936492919922 602.188247680664 537.0869140625 527.394943237305 421.885305404663 480.879776000977 594.359588623047 395.974562644958 439.102630615234 331.356887817383 427.186036109924 339.103591918945 283.273803710938 355.501546859741 401.39072227478
609.356204032898 466.735614776611 698.620361328125 686.682342529297 581.606285095215 640.84937286377 422.17463684082 402.300769805908 497.555995941162 664.082931518555 425.306287765503 426.165992736816 443.180629730225 347.288921356201 339.813507080078 246.367828369141 366.982006072998 492.566864013672 520.188453674316 653.091720581055 501.897727966309 596.707000732422 603.422943115234 761.724334716797 656.166282653809 324.604873657227 402.671030044556 477.811592102051 500.323745727539 272.118286132812 559.455856323242 271.869255065918 340.244964599609 273.183700561523 354.846855163574 455.987585067749 367.957256317139 403.90106678009 475.00923538208 634.078659057617 467.469226837158 496.040687561035 552.028366088867 470.684551239014 374.847469329834 358.020004272461 204.059768676758 480.058498382568 357.692356109619 370.41646194458
496.150291442871 1212.48554229736 469.938526153564 711.382202148438 825.438354492188 470.272705078125 383.597694396973 532.526222229004 407.091423034668 357.792144775391 329.088226318359 391.599390029907 438.493705749512 445.710996627808 304.809661865234 399.350563049316 491.336631774902 443.326787948608 343.809844970703 422.842971801758 553.523155212402 472.682746887207 481.376029968262 624.714752197266 468.939765930176 385.396920204163 354.806131362915 303.628120422363 283.603202819824 332.89835357666 357.375457763672 388.683757543564 453.606079101562 326.278442382812 535.151092529297 520.824913024902 465.432579040527 324.025215148926 350.414855957031 393.767124652863 478.946228027344 438.400674819946 353.008308410645 464.02311706543 375.693984985352 456.45923614502 380.505004882812 460.903093338013 336.504974365234 294.093673706055
442.902013778687 603.73379611969 578.237499237061 768.732971191406 456.966156005859 588.62255859375 433.298030853271 486.58543586731 518.101654052734 406.442930221558 345.646953582764 413.646522521973 523.607650756836 417.619846343994 450.548803329468 375.391204833984 390.835704803467 480.594223022461 487.031883239746 526.361862182617 486.909172058105 505.789810180664 403.979146003723 572.258346557617 407.03381729126 464.39998626709 320.55252456665 262.317001342773 327.945074081421 443.93444442749 257.960861206055 325.029937744141 250.651466369629 296.534471511841 447.704460144043 304.988845825195 391.961791992188 413.71360874176 294.031745910645 466.084251403809 554.291625976562 545.888870239258 391.958074569702 384.362241744995 331.84912109375 356.386493682861 211.065643310547 447.02943611145 354.964393615723 372.477066040039
700.123649597168 495.397164344788 707.601364135742 488.961727142334 613.027248382568 408.175155639648 441.582946777344 450.817063093185 462.768087387085 293.379776000977 371.833297729492 452.837718963623 427.448774337769 450.211086273193 491.315864562988 306.28702545166 394.286239624023 394.851451873779 336.463531494141 501.556777954102 470.257316589355 621.191253662109 529.279388427734 309.407684326172 388.39916229248 314.771690368652 329.790191650391 229.463317871094 403.582931518555 428.323867797852 298.170413970947 471.98078918457 429.771450042725 536.092483520508 320.222747802734 414.383296966553 313.930606842041 489.638465881348 381.009262084961 259.253890991211 402.87885928154 494.309272766113 491.441520690918 408.241155147552 289.613052368164 511.0029296875 541.254379272461 356.225074768066 362.463977813721 610.843505859375
527.161491394043 584.9817943573 643.528219223022 494.261604309082 553.87873840332 561.456672668457 370.491706848145 482.72950553894 533.255249023438 405.645277023315 515.552993774414 280.813980102539 416.264785766602 399.641267776489 394.907759189606 496.839454650879 483.265672683716 483.060264587402 545.02197265625 611.797607421875 447.437675476074 318.841899871826 341.390855789185 311.93683719635 245.16219329834 294.943218231201 257.824806213379 241.084411621094 267.955375671387 165.109344482422 170.65837097168 280.781585693359 334.892974853516 339.427528381348 339.805709838867 364.767051696777 371.617710113525 363.411251068115 476.310073852539 423.150852203369 545.028228759766 512.516395568848 517.616188049316 418.37952709198 463.112739562988 644.556427001953 454.1943359375 520.842266082764 449.489556312561 536.744735717773
528.707135677338 420.182708740234 524.236061096191 682.712989807129 629.381324768066 685.558753967285 543.563095092773 469.874947547913 383.456188201904 415.14288520813 417.481567382812 384.203136444092 455.892387390137 307.631721496582 429.515533447266 477.275779724121 452.522245407104 526.53564453125 560.505661010742 564.243377685547 422.182189941406 414.604991912842 296.53995513916 333.492588043213 351.637720584869 453.801872253418 312.10090637207 319.505706787109 392.39340877533 304.585502624512 486.786491394043 174.201049804688 301.716407775879 387.830625772476 279.472290039062 337.092338562012 374.32511138916 540.523498535156 456.711986541748 486.914031982422 266.163452148438 629.468673706055 325.432006835938 506.803237915039 445.321239471436 496.696159362793 607.031448364258 498.769805908203 519.369331359863 485.543251037598
421.027675628662 503.518272399902 519.39444732666 594.652082443237 660.466373562813 555.333854675293 491.853248596191 505.880352020264 534.537231445312 316.72730255127 226.930877685547 404.545124053955 356.995513916016 299.873443603516 223.927841186523 367.130876541138 460.095222473145 422.20917725563 430.424464225769 542.749031066895 355.434113502502 453.695526123047 490.824829101562 559.081756591797 466.995429992676 388.172676086426 442.067008972168 382.834180831909 336.857109069824 398.255221366882 405.002475738525 432.254066467285 473.131813049316 277.578666687012 330.125051498413 295.060089111328 513.525436401367 307.211952209473 288.704383850098 413.87744808197 379.757991790771 494.733177185059 598.782272338867 388.371326446533 526.726196289062 603.360794067383 448.517284393311 475.741397857666 637.07844543457 613.995635986328
367.876968383789 530.591636657715 541.507369995117 478.668144226074 649.937076210976 561.131896972656 541.443946838379 417.894996643066 417.388576507568 310.857002258301 407.064790248871 463.395404815674 465.172698974609 504.818923950195 435.694797515869 551.543815612793 438.313236236572 472.158485412598 548.914627075195 483.865234375 312.390350341797 327.519966125488 371.486741065979 390.604866027832 432.329643249512 389.985252380371 328.788055419922 393.394311904907 349.47686958313 347.774118423462 380.681312561035 322.851009368896 319.83650970459 444.832962036133 320.432090759277 265.829483032227 496.033805847168 526.941848754883 345.964111328125 381.589832305908 417.90210723877 385.792407989502 383.231590270996 381.917736053467 511.767906188965 552.887786865234 392.550426483154 565.777725219727 477.106362342834 434.549612045288
523.333377838135 449.497329711914 507.700874328613 472.983184814453 607.144485473633 639.069465637207 523.238822937012 408.653923034668 462.90892791748 257.75700378418 403.570499420166 393.940910339355 317.635810852051 361.539760112762 508.32258605957 442.972518920898 364.587642669678 305.120269775391 534.432174682617 455.430183410645 543.426940917969 332.13692855835 323.790855407715 473.826179504395 253.892509460449 311.227714538574 214.080902099609 256.911392211914 374.685903549194 379.669233322144 367.692258834839 294.300750732422 472.561614990234 322.688606262207 399.704103827477 273.73796081543 488.715919494629 299.778602600098 532.108818054199 379.92212677002 449.201271057129 357.117576599121 423.733633041382 255.08544921875 332.872009277344 483.983150482178 451.777074337006 503.832679748535 676.943496704102 446.289462566376
333.208251953125 339.616973876953 503.595436096191 484.977005004883 433.331352233887 357.695808410645 335.360900878906 457.016601085663 447.092552185059 201.117645263672 334.76399230957 359.449890136719 403.143985748291 393.907382965088 474.313850402832 400.350713729858 270.632293701172 379.375757694244 456.801322937012 361.187833786011 321.509826660156 392.945899963379 299.079559326172 396.845217704773 480.341934204102 347.505828857422 256.32820892334 481.511329650879 274.986000061035 410.904472351074 327.297584533691 315.442047119141 493.438507080078 234.102676391602 389.572007536888 457.08765411377 396.075332641602 384.830005645752 272.592506408691 249.93782043457 337.634368896484 311.731437683105 564.404296875 412.914987564087 389.875823974609 573.45068359375 553.983009338379 506.009712219238 511.457221984863 381.272125244141
522.908202171326 491.634456634521 504.668449401855 534.549270629883 603.140029907227 521.551740646362 427.39107131958 429.290682792664 360.845291137695 477.352424621582 414.714275360107 447.018226623535 439.348731994629 362.549651265144 273.145820617676 412.113380432129 352.78639793396 257.803733825684 241.238265991211 300.234470367432 412.288166046143 463.79549407959 476.298583984375 505.039978027344 524.257850646973 452.15234375 384.700844407082 360.019784927368 434.985454559326 368.517722606659 309.991050720215 403.620197296143 383.689701080322 222.662231445312 348.556615829468 452.897125244141 361.555717468262 422.848526000977 496.955589294434 408.01019859314 517.142112731934 429.955641746521 420.089114949107 505.64412689209 447.465558052063 448.970925331116 392.219306945801 347.627311706543 443.498828887939 540.681060791016
588.630926132202 468.880554199219 418.514907836914 669.875160217285 423.503732681274 416.494686126709 462.606782913208 386.231624603271 278.256889343262 395.586937904358 395.914209365845 484.105918884277 333.6862449646 378.487154006958 399.130769729614 377.45934677124 391.367033004761 178.223846435547 255.557106018066 482.886993408203 426.635549545288 508.793876647949 481.12264251709 391.155471801758 365.896518707275 344.631740570068 326.633041381836 433.910758972168 456.184051513672 410.693622589111 483.436874389648 369.527738571167 324.725051879883 382.272289276123 356.093467712402 393.979761123657 359.47066116333 419.870784759521 598.148345947266 532.739395141602 517.009819030762 471.581661224365 390.565814971924 473.527656555176 437.842216491699 478.630554199219 542.537780761719 355.361915588379 584.809906005859 405.670373916626
