export/dem/dem43.asc
NCOLS 350
NROWS 171
XLLCORNER 152620
YLLCORNER 418050
CELLSIZE 100
NODATA_VALUE -9999
[rows 132 to 153 of 171, columns 300 to 349 of 350]
976.692749023438 1023.94526672363 1660.31499481201 1308.2354888916 950.790985107422 1024.96201324463 1557.60757446289 1455.84623718262 1289.79940795898 1377.56351470947 1464.85241699219 1293.52952575684 1132.24596405029 1330.72626495361 1206.16925048828 869.245941162109 1044.16788864136 1094.32621765137 1117.9626159668 994.209869384766 975.054077148438 903.292366027832 943.746078491211 809.38014793396 949.677299499512 979.967872619629 770.558792114258 962.19660949707 967.418724060059 1069.75982666016 981.252471923828 958.712905883789 829.423095703125 896.315530776978 -9999 -9999 -9999 -9999 -9999 -9999 -9999 -9999 -9999 -9999 -9999 -9999 -9999 -9999 -9999 -9999
902.653999328613 875.276203155518 929.209022521973 1453.20027160645 1140.7625579834 1048.63143920898 1492.84844970703 1953.36502075195 1357.75646972656 1259.63824462891 1291.13952636719 1278.12933731079 1128.13075256348 1124.52997159958 1560.99005126953 1793.86673545837 1713.19706726074 2102.64178466797 1706.82258605957 1365.68812561035 1655.79007720947 980.33716583252 936.23023223877 826.107738494873 885.5592918396 835.266494750977 940.288307189941 957.011840820312 1075.42567443848 935.474054336548 628.868789672852 908.427164077759 949.809043884277 806.282424926758 -9999 -9999 -9999 -9999 -9999 -9999 -9999 -9999 -9999 -9999 -9999 -9999 -9999 -9999 -9999 -9999
916.630264282227 952.628601074219 906.67024230957 1221.19317626953 1151.25192260742 1050.03393554688 1558.83993530273 1554.10263061523 1327.76727294922 1268.82023620605 1322.51914978027 1384.14436340332 1283.16899108887 977.833274841309 1322.28472900391 1529.02726745605 1345.06002807617 1309.15782165527 1199.70803833008 1155.54341125488 1242.64849853516 1222.80513763428 802.926574707031 921.091758728027 793.974739074707 859.338653564453 841.424446105957 765.091461181641 1104.03675842285 944.34962272644 959.20548248291 883.086175918579 953.77181494236 860.080905914307 885.892922878265 -9999 -9999 -9999 -9999 -9999 -9999 -9999 -9999 -9999 -9999 -9999 -9999 -9999 -9999 -9999
923.030990600586 835.198799133301 1130.95411682129 1363.00933837891 1222.13989257812 1196.67401123047 1037.57322692871 1720.82165527344 1595.1039276123 1351.72119140625 1287.04568481445 1516.33311462402 1115.72595977783 1213.57157897949 1281.14563274384 1785.71818161011 1374.65423583984 1192.17161560059 1013.16897583008 988.418434143066 1122.30139160156 1011.61239147186 1097.11534118652 1054.67318725586 879.400299787521 777.401817321777 826.339787483215 1013.39645385742 819.870029449463 818.753158569336 902.937746047974 850.570660948753 1090.85448265076 856.196502685547 1010.85922241211 864.472927093506 -9999 -9999 -9999 -9999 -9999 -9999 -9999 -9999 -9999 -9999 -9999 -9999 -9999 -9999
874.149116516113 988.534355163574 847.434867858887 1182.95399475098 1120.45143127441 1162.38925170898 1225.51817321777 1007.06690979004 1178.75769042969 1036.54655075073 1245.54557800293 1007.83588600159 1283.41272354126 1524.14419555664 1346.11134338379 1115.28234004974 1161.41801452637 989.709705352783 1068.94513702393 1069.06165313721 1084.2709197998 1103.02491760254 911.567268371582 1195.92250823975 1006.09436798096 838.695922851562 819.168907165527 744.75764465332 838.217519760132 946.408618927002 920.952381134033 1401.18841552734 863.970646619797 930.747802734375 822.249973297119 1009.49205780029 -9999 -9999 -9999 -9999 -9999 -9999 -9999 -9999 -9999 -9999 -9999 -9999 -9999 -9999
923.934677124023 933.506965637207 1119.02052307129 973.74080657959 994.640899658203 1199.52896881104 1081.57112884521 1099.26800537109 1087.48321533203 1224.06077575684 1048.76397705078 1020.59293746948 1364.40003585815 1394.45568275452 1422.06618499756 1083.12006759644 1103.59701538086 982.449249267578 1111.60063171387 1001.32805633545 1140.08746337891 959.356407165527 1057.55780792236 1048.52919769287 1009.23742294312 1071.34118461609 1619.9104385376 750.2919921875 686.12712097168 828.589580535889 1249.81632995605 958.955417633057 861.497062683105 861.492803573608 1013.73008728027 825.089490890503 966.308738708496 -9999 -9999 -9999 -9999 -9999 -9999 -9999 -9999 -9999 -9999 -9999 -9999 -9999
910.511953353882 948.076772689819 908.511918544769 809.686819076538 838.798221588135 948.412611722946 1242.40488624573 1032.16475296021 1084.18980407715 1068.53335905075 1123.85665893555 951.515231132507 1251.15458679199 1639.78678131104 1501.92012786865 1400.75344848633 1171.2117767334 1154.77789306641 964.3752784729 985.626433372498 1004.43994522095 972.857967376709 1032.7394695282 1024.34953832626 996.193291664124 1076.66265869141 984.580213546753 838.720184326172 865.394775390625 1066.52668762207 976.30493927002 803.030380249023 886.792858123779 924.402132034302 711.533630371094 957.090324401855 941.400955200195 -9999 -9999 -9999 -9999 -9999 -9999 -9999 -9999 -9999 -9999 -9999 -9999 -9999
604.905532836914 880.065172195435 801.032371520996 960.46240234375 764.68790435791 1123.8861579895 1138.55467605591 1080.04397964478 1076.25088500977 1200.34600830078 995.93240404129 1007.11241674423 1149.65608978271 1184.71434020996 1764.6717376709 1820.89184570312 1129.73480224609 1293.37951660156 1114.09436035156 1027.67066192627 934.915240287781 1032.87014770508 1059.30628967285 1152.7664642334 990.330627441406 922.857551574707 897.714836120605 848.596580505371 900.793304443359 1038.39129638672 888.519989013672 859.489097595215 927.968173980713 902.894124031067 921.066708564758 862.768314361572 775.796005249023 928.281753540039 -9999 -9999 -9999 -9999 -9999 -9999 -9999 -9999 -9999 -9999 -9999 -9999
844.69341468811 840.767990112305 775.970199584961 664.774124145508 967.383781433105 1072.66772460938 935.062805175781 978.042976379395 1181.34973144531 932.292015075684 1060.23408889771 1099.65061187744 903.611892700195 990.91654586792 1329.86829376221 1607.18544006348 1100.35195541382 1028.17830657959 1081.43235015869 1105.6206741333 1253.28096008301 867.287567138672 1029.33223724365 974.611667633057 1012.79885101318 1040.76206207275 941.703510284424 804.311248779297 795.700317382812 921.647071838379 1290.68023300171 1133.01187896729 929.559349060059 899.574884414673 847.948741912842 990.678337097168 971.197200775146 859.875609397888 -9999 -9999 -9999 -9999 -9999 -9999 -9999 -9999 -9999 -9999 -9999 -9999
563.31364440918 747.073337554932 848.84578704834 923.623519897461 951.680656433105 1020.678565979 970.974559783936 807.49812412262 1141.30038452148 756.290657043457 935.265781402588 1205.9351272583 932.802322387695 890.768417358398 1182.15280532837 1436.1464138031 1076.84791946411 1122.88128852844 1081.47725296021 1046.30594980717 940.384750366211 963.790664672852 849.192321777344 1074.20761108398 941.717579364777 891.316806793213 883.140426635742 995.480449676514 777.068572998047 1053.79295730591 1248.71853876114 1042.75475692749 1061.71751403809 962.194488525391 934.397982597351 867.252517700195 893.64826965332 743.846405029297 894.171615600586 -9999 -9999 -9999 -9999 -9999 -9999 -9999 -9999 -9999 -9999 -9999
907.157768249512 863.140785217285 798.886859893799 839.512516021729 1085.09325408936 1088.53985595703 1380.04364013672 1072.2026348114 1004.99622344971 1156.0570526123 954.582897186279 1125.07108926773 995.281050682068 1048.07645893097 1358.43859052658 1191.30517578125 978.756782531738 962.432415008545 880.699172973633 1312.87002563477 1360.26276397705 1288.83331298828 1363.21644592285 1056.49002075195 822.339813232422 902.906684875488 967.613471984863 1021.68604373932 830.324096679688 920.288261413574 981.363647460938 1160.38136672974 878.051322937012 1138.97666931152 1067.34757614136 819.447196960449 905.082317352295 801.837814331055 793.196926116943 -9999 -9999 -9999 -9999 -9999 -9999 -9999 -9999 -9999 -9999 -9999
674.460706710815 771.038915634155 625.094436645508 766.431106567383 991.362434387207 1057.80323791504 1088.29205322266 1197.43324279785 916.945182800293 777.519968986511 625.534301757812 891.447601318359 880.677673339844 993.377799987793 1156.6969871521 1408.5929889679 1102.32693862915 991.985176086426 1049.68511199951 1068.43900299072 1143.01895141602 1012.35621643066 1086.22743988037 1081.25006103516 888.881362915039 985.069137573242 1019.86191177368 973.110317230225 1057.126101017 1093.67964553833 1142.58799743652 1167.03722763062 1092.84657287598 1026.16556549072 968.511648178101 968.906351089478 934.553153723478 1035.58638763428 902.624368667603 -9999 -9999 -9999 -9999 -9999 -9999 -9999 -9999 -9999 -9999 -9999
717.74489068985 780.410224914551 765.422090530396 939.807189941406 725.092620849609 910.382965087891 863.883407592773 707.334559440613 863.43692779541 923.28833770752 812.667671203613 679.328811645508 779.986373901367 1041.58889389038 953.336212158203 990.306495666504 1523.7225163579 1094.38804626465 927.710792541504 792.506683349609 1047.6707611084 878.382253646851 1030.67019081116 1260.87268066406 1084.44225311279 1236.07363891602 1539.38917160034 979.74923324585 1096.75241851807 998.767702102661 1068.43405985832 1015.38652992249 903.70408821106 988.073318481445 1151.41470336914 834.388565063477 1005.31974029541 1058.79811096191 1074.79623413086 775.591354370117 -9999 -9999 -9999 -9999 -9999 -9999 -9999 -9999 -9999 -9999
859.708587646484 853.283294677734 928.908111572266 805.440414428711 635.878837585449 890.247436523438 971.06803894043 836.14582824707 785.633020401001 969.308547973633 861.42894744873 616.125457763672 739.313457489014 858.727516174316 883.787734985352 1007.99522018433 913.667358398438 1073.57223629951 1610.85771036148 976.856229782104 975.157416343689 961.328969955444 1032.48756885529 973.793991088867 1571.08346557617 1578.34122848511 941.017616271973 1189.96330833435 1087.11783981323 965.026151657104 1028.93908691406 919.155662536621 896.957419395447 760.366821289062 1065.49802589417 1009.81142044067 1015.81896591187 880.706562042236 869.508201599121 958.477487564087 -9999 -9999 -9999 -9999 -9999 -9999 -9999 -9999 -9999 -9999
761.943273544312 904.172790527344 810.241432189941 760.807777404785 668.493713378906 669.590606689453 672.308708190918 692.455757141113 1002.56100463867 846.746276855469 849.486156463623 597.699584960938 657.88493347168 675.316345214844 910.019462585449 867.574821472168 948.516978740692 992.658115386963 1045.75477933884 972.221923828125 1096.91638946533 1034.80911827087 1125.85391235352 1080.46766662598 889.348625183105 1381.14817810059 1116.82072925568 1072.28701019287 886.539566040039 882.566192626953 882.976119995117 1064.73237991333 763.203262329102 1075.98030090332 990.870838165283 835.651908874512 889.74144744873 1003.28251266479 941.383636474609 922.210233449936 -9999 -9999 -9999 -9999 -9999 -9999 -9999 -9999 -9999 -9999
969.385635375977 917.819549560547 818.817031860352 757.549970626831 875.721473693848 836.590356588364 793.407033205032 667.255935668945 826.2526512146 847.385787963867 958.305332183838 962.927055358887 706.791648864746 794.51070022583 783.894256591797 744.530883789062 985.099451065063 944.417887091637 1071.99465179443 1265.27822875977 951.354431152344 1108.20261001587 1003.97304153442 1275.46003723145 1073.76181221008 1047.49723243713 1127.75115203857 1166.93051147461 954.704452514648 929.55721282959 808.351547241211 931.326805114746 823.816230773926 856.912574768066 958.323829650879 940.752639770508 951.092197418213 902.375938415527 926.532553672791 982.729545593262 947.385833740234 -9999 -9999 -9999 -9999 -9999 -9999 -9999 -9999 -9999
649.265487670898 933.789596557617 804.424615859985 808.3893699646 658.745414733887 780.443536758423 725.785690307617 684.502471923828 636.637390136719 812.052998542786 865.937259674072 1079.91998291016 972.753526687622 881.166937828064 842.584297180176 804.968970775604 834.743999481201 952.383697509766 857.103446960449 1025.90171432495 1028.21960830688 1092.76190280914 1047.35079956055 1120.57794189453 975.904748916626 1068.09699440002 1186.75952148438 1005.72874736786 904.726612091064 837.391960144043 956.096015930176 877.037494659424 1010.28769683838 882.016124725342 973.811255455017 826.602958679199 947.400863647461 960.783535003662 914.786103248596 817.42073059082 1075.03765869141 -9999 -9999 -9999 -9999 -9999 -9999 -9999 -9999 -9999
749.52903842926 736.398666381836 818.115152359009 677.566452026367 760.761761188507 787.577110290527 629.556945800781 808.190006256104 727.611320495605 761.234062194824 784.467480659485 916.166492462158 880.070016860962 1098.52312469482 737.081680297852 704.495262145996 711.236679077148 921.572776794434 1062.85992431641 876.43381690979 847.262603759766 990.849275588989 960.378662109375 1158.58692932129 1237.38140869141 1091.69679260254 1051.31808853149 893.521850585938 865.705076217651 980.448780059814 870.415648460388 925.214292526245 950.650428771973 932.2541847229 1086.74322509766 1034.79548454285 895.868614196777 983.728889465332 953.313061714172 923.265720367432 923.411651611328 947.319861412048 -9999 -9999 -9999 -9999 -9999 -9999 -9999 -9999
982.101791381836 783.788280487061 750.691272735596 789.370850086212 724.267868041992 662.90648651123 769.78683757782 798.184478759766 735.11589050293 683.522445678711 803.558502197266 951.845087051392 815.039985656738 973.221481323242 941.918905258179 850.773684501648 807.426593780518 716.668579101562 815.097007751465 863.621208190918 851.929424285889 929.534076690674 1035.13034820557 982.020195007324 1083.04838562012 1042.6198425293 987.947086334229 982.946278572083 1015.12228775024 931.203746318817 917.232162475586 868.979015350342 853.759399414062 1024.86109924316 994.782871246338 957.342641830444 909.623737335205 1053.58806228638 899.958242416382 944.935551643372 926.85041809082 1175.67526245117 -9999 -9999 -9999 -9999 -9999 -9999 -9999 -9999
823.374137878418 905.913375854492 823.099254608154 783.935299873352 644.80290222168 838.898078918457 665.356521606445 830.752985954285 702.163391113281 874.250072479248 917.321296691895 856.963256835938 805.16820526123 869.316650390625 910.538421630859 836.906936645508 853.007057189941 828.599250793457 968.25422668457 685.839477539062 816.538103103638 891.845363616943 1017.86573791504 773.3359375 877.943576812744 750.348449707031 927.194175720215 999.267364501953 875.137855529785 959.40433883667 981.746650695801 787.114852905273 947.631578445435 794.63346862793 1098.20361328125 849.70027923584 855.469242095947 808.039352416992 779.382110595703 871.488372802734 669.127380371094 888.671928405762 880.793731689453 -9999 -9999 -9999 -9999 -9999 -9999 -9999
993.105895996094 813.973878860474 1037.92109680176 956.509948730469 829.804222106934 812.39087677002 791.019432067871 763.799410820007 773.658935546875 795.827970504761 814.635753631592 972.276329040527 1100.56773376465 853.082481384277 763.081634521484 931.792770385742 1043.56661319733 1026.86679840088 819.773849487305 817.953567504883 742.13883972168 726.207511901855 882.127243041992 840.576992034912 852.73970413208 709.429565429688 841.448352813721 902.282680511475 915.953511238098 990.35483288765 823.842361450195 974.788308143616 769.8759765625 876.55233001709 1068.91557312012 927.714710235596 752.608657836914 892.394134521484 975.590562820435 831.439910888672 1084.06293487549 977.56791305542 802.573715209961 -9999 -9999 -9999 -9999 -9999 -9999 -9999
807.224697113037 885.31519317627 788.891307830811 775.412878036499 926.985771179199 847.195373535156 712.072601318359 829.300945281982 750.151657104492 700.885223388672 810.557723999023 937.957458496094 1134.73065948486 806.9892578125 609.927474975586 762.43318939209 784.58659362793 1016.67486572266 832.914772033691 827.394073486328 907.583483099937 821.886535644531 786.403762817383 831.629814147949 924.227779388428 983.061050415039 861.920742034912 889.523710668087 761.02124786377 709.612106323242 856.704582214355 925.965114593506 840.283843994141 642.663696289062 1293.15324401855 894.631343841553 951.970798969269 853.969696044922 899.196273803711 1028.84642219543 1043.14217948914 1060.53573036194 1142.40344238281 1079.00116729736 -9999 -9999 -9999 -9999 -9999 -9999
