export/dem/dem49.asc
NCOLS 350
NROWS 171
XLLCORNER 152620
YLLCORNER 418050
CELLSIZE 100
NODATA_VALUE -9999
[rows 132 to 153 of 171, columns 300 to 349 of 350]
947.884876251221 808.399940490723 1560.57380104065 1227.07440948486 1111.28227233887 969.030010223389 1582.91455078125 1572.92639160156 1089.05281448364 1295.75635719299 1357.57023620605 1443.14967346191 1220.91441345215 1505.06224822998 1529.76042175293 1029.14602279663 1095.53672027588 1079.65873718262 983.804229736328 1055.77372741699 1072.44660949707 909.929817199707 809.55313873291 828.610801696777 876.10786819458 978.334407806396 825.843654632568 712.163345336914 931.47402048111 741.846862792969 802.100967407227 889.101888656616 855.107799530029 895.668514251709 -9999 -9999 -9999 -9999 -9999 -9999 -9999 -9999 -9999 -9999 -9999 -9999 -9999 -9999 -9999 -9999
823.446675300598 1033.25820922852 1011.18104553223 1225.70495223999 1001.61941719055 1178.70648193359 1445.42083740234 1868.16860961914 1271.32139587402 1213.26783752441 1207.44366455078 1200.30063438416 1110.36800765991 1213.15626525879 1548.47299957275 1821.00081253052 1495.92604589462 2031.82611846924 1792.56109619141 1465.60186767578 1713.62762451172 916.560924530029 897.005527496338 1062.21479797363 943.284469604492 905.384956359863 848.920616149902 915.680365085602 764.960418701172 828.731964111328 791.888347625732 927.165442705154 958.721496582031 905.946826934814 -9999 -9999 -9999 -9999 -9999 -9999 -9999 -9999 -9999 -9999 -9999 -9999 -9999 -9999 -9999 -9999
900.523246765137 864.081184387207 789.567152023315 1222.57397460938 1206.01525878906 1151.48860168457 1371.38774108887 1572.24002075195 1401.01467895508 1365.60623168945 1269.1640625 1249.39032745361 1254.15877914429 1320.41746520996 1400.36624908447 1372.34317207336 1320.55352783203 1406.36831665039 1106.22509765625 1079.84118652344 1135.61841964722 1074.74526977539 857.539041519165 852.040870666504 797.088035583496 819.132236480713 826.659271240234 967.95108795166 739.016006469727 919.461399555206 866.792517662048 766.693946838379 838.16968536377 907.715373039246 748.432601928711 -9999 -9999 -9999 -9999 -9999 -9999 -9999 -9999 -9999 -9999 -9999 -9999 -9999 -9999 -9999
882.285339355469 864.825607299805 1135.00258636475 1278.7633895874 1223.64462280273 1206.54052734375 1075.25109863281 1517.69438934326 1743.20565795898 1422.08865356445 1234.92207336426 1480.67608642578 1257.15049743652 1346.49884033203 1341.64898300171 1858.95393371582 1455.64575195312 1103.32097625732 1047.60243225098 1024.18428039551 1038.90812683105 1036.95983505249 1236.07969272137 888.908958435059 771.639221191406 818.777418136597 707.754981994629 818.210681915283 771.753868103027 894.791263580322 905.240156173706 743.838851928711 922.623519897461 626.361312866211 828.584625244141 873.748382568359 -9999 -9999 -9999 -9999 -9999 -9999 -9999 -9999 -9999 -9999 -9999 -9999 -9999 -9999
885.516983032227 931.16231918335 1044.28498840332 1260.04260253906 1140.70541381836 1251.92854309082 1194.74957275391 1112.24240112305 1455.23217773438 1230.50880432129 1213.36004638672 1301.39273071289 1520.38107299805 1750.74102783203 1390.63494873047 1100.79348874092 983.894666671753 1100.51988220215 947.245458602905 967.524970054626 1033.5788192749 1030.98014068604 1123.4748840332 1091.20179748535 878.513046264648 1032.42210769653 839.5846824646 890.130111694336 767.770965576172 927.290813446045 884.769409179688 1500.07880020142 754.05549621582 564.601745605469 760.945236206055 879.002853393555 -9999 -9999 -9999 -9999 -9999 -9999 -9999 -9999 -9999 -9999 -9999 -9999 -9999 -9999
958.130989074707 948.117639541626 909.738713264465 859.011070251465 1163.37832641602 1215.06468200684 1160.28173828125 1173.86154174805 1104.97358703613 1358.90856933594 1175.14953613281 995.714227676392 1236.99195861816 1420.73709416389 1395.55464172363 1041.66116046906 1059.95797979832 1003.31829833984 1084.51110839844 945.451225280762 869.902458190918 1104.03538513184 964.297093391418 1062.04356765747 1002.95594024658 1091.37856817245 1678.16567802429 800.989852905273 823.643018960953 905.067362785339 1403.9182510376 998.058933138847 958.42064666748 735.830459594727 823.182954788208 857.900752067566 890.988451004028 -9999 -9999 -9999 -9999 -9999 -9999 -9999 -9999 -9999 -9999 -9999 -9999 -9999
770.294494628906 1050.28407287598 897.911064147949 806.762578964233 839.527587890625 982.479681015015 1405.82733154297 1090.13612365723 1154.06149291992 1310.15451049805 1007.03626823425 989.321598052979 1087.56527709961 1519.38966369629 1433.50090408325 1311.92586135864 1258.05821228027 1088.08251190186 1136.19384765625 1011.30268096924 873.514747619629 971.909538269043 1022.74617958069 1078.96459960938 995.781084775925 1029.40549468994 807.518661499023 1002.82369232178 1071.80076599121 1227.28208065033 1087.05328273773 1012.87408065796 920.805149078369 751.158950805664 792.565673828125 884.903205871582 680.242660522461 -9999 -9999 -9999 -9999 -9999 -9999 -9999 -9999 -9999 -9999 -9999 -9999 -9999
801.976177215576 792.098487854004 937.643566131592 831.599941253662 925.245712280273 1171.6452255249 1032.4356918335 1183.86529541016 1053.85389328003 1085.12154388428 1047.29305267334 1008.79796504974 1043.27750778198 988.670467376709 1775.92501831055 1773.02952575684 1005.38054275513 1079.9080657959 1104.53762054443 1104.8646697998 944.772918701172 875.519523620605 978.486753463745 852.765968322754 1092.35815429688 826.692260742188 973.795706510544 908.121715545654 1071.4808883667 1056.59795379639 890.34635925293 952.474302709103 901.83179473877 941.853145599365 995.988433837891 1034.79358673096 763.700302124023 936.986331939697 -9999 -9999 -9999 -9999 -9999 -9999 -9999 -9999 -9999 -9999 -9999 -9999
773.443420410156 841.585063934326 773.609130859375 807.992189407349 801.855972290039 937.393203735352 1112.55094909668 967.507125854492 1095.74416923523 1112.75160217285 1011.30274528265 1121.54032897949 922.499473571777 1024.28373384476 1209.52180480957 1554.57398223877 1052.40745925903 1164.34773254395 1058.52757263184 1119.09197998047 1084.96208763123 826.273101806641 1117.39176940918 922.469499588013 951.294540405273 1011.11117553711 943.889511108398 929.9443359375 919.868494033813 975.519550323486 1214.73469543457 1057.58942890167 995.12092590332 800.234596252441 966.448127746582 980.258533477783 898.942096710205 987.847923278809 -9999 -9999 -9999 -9999 -9999 -9999 -9999 -9999 -9999 -9999 -9999 -9999
710.68004989624 920.707611083984 937.735794067383 755.197784423828 699.815673828125 813.078269958496 985.65327835083 817.73705291748 1114.36893463135 926.58406829834 958.202315330505 1101.25825119019 1064.14817810059 1208.34547424316 1296.93265533447 1440.11595344543 1193.38838195801 1176.2322769165 1212.82297515869 1089.67157745361 1105.67423248291 863.621772766113 1164.21487426758 1006.60809326172 840.502021789551 967.991874694824 919.535491943359 1036.62638998032 762.139556884766 966.985595703125 1162.99140930176 895.446792602539 826.20263671875 979.007152557373 969.081157684326 1054.10765075684 901.874881744385 840.015064239502 846.80624961853 -9999 -9999 -9999 -9999 -9999 -9999 -9999 -9999 -9999 -9999 -9999
799.307825088501 945.703704833984 866.283658981323 974.497634887695 951.051387786865 1086.43111419678 1194.05174636841 1094.90744781494 1004.241065979 1127.10975646973 886.148235321045 1033.36933898926 1079.77834320068 952.555198669434 1290.22905349731 989.286018371582 1038.69823884964 1011.75525283813 1129.20624542236 1077.50481414795 1412.14599609375 1175.49713897705 1428.00096130371 1104.45504379272 994.387447357178 855.635604858398 992.456413269043 845.547454833984 1047.54354858398 943.107437133789 1015.20024108887 1020.78332519531 904.587158203125 1034.40872955322 1080.05737304688 914.080538272858 972.763916969299 1034.71966552734 718.160232543945 -9999 -9999 -9999 -9999 -9999 -9999 -9999 -9999 -9999 -9999 -9999
722.243530273438 831.621696472168 714.722276687622 802.703941345215 886.794910907745 926.728605270386 839.26456451416 1030.67098999023 816.667947769165 834.531932830811 1025.08033752441 958.430377960205 953.631767272949 989.819381713867 1057.51679611206 1400.22037887573 1250.15692138672 947.323795318604 1077.1294631958 824.142654418945 1108.63137054443 1085.37478637695 1163.05820083618 1103.75347137451 1023.96613883972 964.892196655273 934.45964050293 980.136343955994 910.814544677734 811.985153198242 942.438598632812 1056.84358215332 1038.93428421021 933.912405014038 1006.82153129578 830.518218994141 941.330259799957 927.966547012329 718.55712890625 -9999 -9999 -9999 -9999 -9999 -9999 -9999 -9999 -9999 -9999 -9999
737.588050842285 785.692405700684 744.813988685608 790.201515197754 894.434860229492 773.614768981934 766.429027199745 609.761047363281 779.389284133911 783.964046478271 870.708442687988 814.537879943848 999.66552734375 976.411016464233 1003.95575714111 1148.13758087158 1507.34980773926 1169.19869995117 1089.0216293335 850.2333984375 904.240970611572 861.256313323975 1095.00823974609 1530.19166564941 1115.26552581787 1093.45162963867 1549.26095199585 930.088024139404 1041.16721534729 953.062339782715 1060.75646781921 1093.29406356812 1160.61669921875 884.454754829407 901.736831665039 852.269714355469 1043.10412597656 852.447494506836 996.337577819824 996.075736999512 -9999 -9999 -9999 -9999 -9999 -9999 -9999 -9999 -9999 -9999
755.613074302673 645.206527709961 707.804404258728 739.445424079895 812.005027770996 775.88822555542 840.81510925293 769.703531265259 791.220520019531 899.79838180542 489.945739746094 582.691390991211 754.143032073975 896.40246963501 971.511856079102 1029.71169662476 950.306938171387 1109.06706619263 1615.94432258606 884.689315795898 1077.07955932617 1186.79406738281 1094.44239044189 971.440799713135 1385.05276489258 1566.22943878174 1025.52950286865 1251.42358398438 927.853942871094 976.777833938599 1057.54048919678 1046.14466094971 908.933347702026 805.788055419922 1230.99453735352 934.951499938965 916.952281951904 806.55135345459 793.174453735352 1068.07082366943 -9999 -9999 -9999 -9999 -9999 -9999 -9999 -9999 -9999 -9999
803.500129699707 772.775972366333 790.898036956787 571.336486816406 764.430355072021 807.649600982666 816.632389068604 728.286834716797 905.70235824585 883.056192398071 720.588020324707 792.768236160278 514.898162841797 713.47834777832 884.2476978302 859.385414123535 1025.05069732666 1070.00396728516 960.4208984375 1083.66080665588 1089.38765716553 1001.38464736938 1168.78536987305 1083.22294616699 933.232620239258 1287.53109073639 1133.55753993988 1036.05683898926 1059.00285577774 1030.34003686905 1053.75595855713 987.856323242188 816.172889709473 1014.67366027832 907.180503845215 865.678771972656 1062.53798675537 1005.90821838379 957.874282836914 918.013704299927 -9999 -9999 -9999 -9999 -9999 -9999 -9999 -9999 -9999 -9999
776.877740859985 914.630981445312 670.758926391602 732.496000766754 785.374097824097 792.364883422852 685.326103210449 779.919201135635 673.626770019531 845.743835449219 893.935123443604 856.878925323486 757.491924285889 653.357368469238 729.172592163086 829.294574737549 863.320449829102 1008.39907455444 1080.53606414795 1124.18850326538 1165.06108093262 1238.64854431152 1107.4987411499 1291.34895324707 957.640319824219 1008.78039741516 1035.1412153244 1432.38986206055 938.499244689941 1095.88286972046 943.481475830078 802.593482971191 786.872451782227 778.251724243164 895.719543457031 955.937603473663 928.77225112915 1007.49824142456 963.374820709229 904.120425224304 971.18578338623 -9999 -9999 -9999 -9999 -9999 -9999 -9999 -9999 -9999
780.304048538208 960.857925415039 724.202896118164 805.146415710449 819.37361907959 709.634902954102 926.750602722168 735.483329772949 738.514511108398 862.286273956299 878.078777313232 722.925231933594 844.677978515625 889.887651443481 685.933166503906 790.448703765869 1115.96496582031 797.884086608887 1008.74178314209 1028.66471099854 1198.78810119629 1097.65229606628 1108.97120380402 1213.79412841797 944.921710968018 1014.63465499878 1249.94732666016 1138.78671264648 836.761009216309 842.576301574707 709.283187866211 886.496357917786 810.671440124512 744.400207519531 926.845993041992 755.817825317383 964.432931900024 919.900104522705 849.495574951172 969.691005706787 964.227199554443 -9999 -9999 -9999 -9999 -9999 -9999 -9999 -9999 -9999
779.830577850342 906.239074707031 974.41276550293 757.235919952393 618.836929321289 691.507923126221 794.466849327087 841.171684026718 827.133770942688 759.678520202637 809.551561355591 811.436546325684 814.254264831543 1079.47043609619 924.811538696289 785.559043884277 749.902149200439 862.389186859131 760.714729309082 924.675369262695 1048.07525634766 1206.35067749023 1095.58696937561 1206.47325134277 1018.52492713928 947.216411590576 1070.71031951904 987.268054962158 825.755657196045 945.130584716797 973.442428588867 934.218803405762 787.782775878906 879.182024002075 804.254257202148 1014.33399581909 1071.59376525879 968.638010978699 1094.99194335938 895.755275726318 1097.44966125488 855.839614868164 -9999 -9999 -9999 -9999 -9999 -9999 -9999 -9999
691.188659667969 768.375287771225 782.583372116089 854.532699584961 716.20463180542 577.344085693359 726.578720092773 1011.34684753418 794.786338806152 764.042350769043 829.898338317871 1051.32702636719 799.928775787354 859.284885406494 953.740423202515 669.661544799805 719.407539367676 777.833526611328 772.005466461182 1007.07565307617 988.549468994141 957.282302856445 879.081703186035 1067.19130706787 1115.18592834473 996.364734649658 977.853713989258 1129.98384094238 994.647357940674 970.017379760742 729.716598510742 919.809339523315 918.817761421204 953.078533172607 929.622165679932 929.083480834961 911.26256942749 893.68025970459 1022.02008056641 877.610000610352 1211.0941619873 950.502841949463 -9999 -9999 -9999 -9999 -9999 -9999 -9999 -9999
612.439422607422 830.788314819336 929.033363342285 773.550064563751 727.598064422607 668.827407836914 779.22741317749 867.162364959717 797.510482788086 756.853935241699 947.228784561157 885.137264251709 958.395324707031 869.940116882324 1006.18846702576 778.95964050293 731.550598144531 807.347877502441 707.146194458008 786.294570922852 863.473720550537 732.13801574707 693.650604248047 850.513135910034 824.268826961517 956.924896240234 970.014450073242 1053.38302612305 913.221549987793 1018.26982116699 994.362846374512 1013.79196929932 939.197994232178 1043.7865447998 1201.86884307861 948.764240264893 963.882160186768 947.56457901001 964.161593317986 926.669376373291 896.53426361084 880.211547851562 892.539710998535 -9999 -9999 -9999 -9999 -9999 -9999 -9999
852.436408996582 628.127792358398 878.752227783203 789.198135375977 745.200038909912 700.900360107422 867.972885131836 857.656150817871 763.367256164551 900.965240478516 828.343036651611 984.40697479248 938.175933837891 753.240859985352 875.18385887146 814.518463134766 966.664009094238 1027.08065032959 849.483016967773 856.299728393555 729.590545654297 711.304870605469 651.001541137695 785.339302062988 865.748472213745 778.245597839355 937.605812072754 1074.93255615234 1032.07047271729 895.070091247559 940.900772094727 1019.12352371216 959.20051574707 945.184711456299 1295.8260383606 958.876484870911 1073.75489807129 988.793102264404 903.670310974121 883.064567565918 1059.20403862 890.88737487793 920.029220581055 -9999 -9999 -9999 -9999 -9999 -9999 -9999
865.277191162109 807.884002685547 766.363716125488 726.096817016602 845.001644134521 960.968719482422 814.593988418579 888.537078857422 882.139671325684 916.06226348877 955.88028717041 1016.27753448486 1174.27651977539 915.095795631409 481.166564941406 740.814521789551 867.810451507568 939.437679290771 940.344117164612 819.387237548828 859.065570831299 798.680114746094 824.263122558594 796.666870117188 755.812194824219 908.261793851852 948.443279266357 805.610374450684 727.217834472656 800.119888305664 954.948826789856 954.944902420044 866.469520568848 799.059310913086 1232.8208694458 810.304397583008 1026.40037536621 1056.19939422607 1006.15411567688 997.201619148254 977.448871612549 1067.85942840576 855.209732055664 908.079563140869 -9999 -9999 -9999 -9999 -9999 -9999
