export/dem/dem46.asc
NCOLS 350
NROWS 171
XLLCORNER 152620
YLLCORNER 418050
CELLSIZE 100
NODATA_VALUE -9999
[rows 22 to 43 of 171, columns 100 to 149 of 350]
572.570561408997 432.73046875 511.596885681152 345.467895507812 495.977020263672 539.690567016602 718.708780288696 617.053550720215 793.64994430542 535.377395629883 847.666465759277 495.439437866211 327.65673828125 729.052627563477 703.816791534424 372.010437011719 755.674865722656 581.891510009766 487.070114135742 665.902679443359 879.132843017578 762.259826660156 481.768844604492 412.593536376953 476.949066162109 460.89616394043 489.898078918457 600.723556518555 513.158752441406 465.000915527344 476.456649780273 414.699645996094 593.787708282471 618.710639953613 621.528651237488 509.088500976562 609.410486221313 676.776050567627 635.382658004761 643.222336769104 547.764877319336 507.930572509766 509.415679931641 479.638786315918 520.558952331543 709.299964904785 654.080993652344 652.63822555542 497.809700012207 755.300079345703
364.856994628906 285.23193359375 598.408275604248 370.593963623047 379.290649414062 801.265014648438 558.875991821289 649.566062927246 879.615264892578 562.944969177246 1570.78172302246 501.400970458984 572.745903015137 1139.86243438721 599.541440963745 471.941818237305 820.938262939453 554.26725769043 465.445281982422 484.697082519531 603.382781982422 396.492736816406 1116.99995422363 882.601165771484 373.33251953125 627.281776428223 396.983139038086 472.27075958252 459.966430664062 451.731010437012 506.546203613281 593.732362747192 475.676902770996 584.217044830322 742.671585083008 664.515378952026 505.135246276855 664.191947937012 636.888866424561 704.45975112915 644.342569351196 654.830492019653 554.120433807373 575.897426605225 616.51185798645 775.160263061523 721.423957824707 662.852478027344 591.524612426758 734.403533935547
423.38410949707 412.504150390625 501.87279510498 504.057464599609 514.058547973633 904.732727050781 444.065246582031 585.223693847656 398.816986083984 480.496444702148 514.881332397461 819.034545898438 697.248489379883 714.40731048584 491.894577026367 701.674343109131 564.173431396484 411.893615722656 385.937561035156 629.778427124023 730.370788574219 472.376289367676 562.22571182251 398.655319213867 604.938034057617 350.916046142578 561.953750610352 317.258438110352 516.429588317871 350.817337036133 635.591079711914 472.616203308105 628.517868041992 695.354656219482 512.088851928711 562.078109741211 496.604148864746 636.590408325195 568.516693115234 731.05037689209 556.170623779297 564.759777069092 617.510866731405 630.887029647827 746.228103637695 505.53441619873 598.457319736481 626.209072113037 608.800447463989 650.408145904541
590.965455055237 498.858829498291 610.422538757324 635.347595214844 462.320755004883 433.439239501953 792.384170532227 1005.01268005371 411.769165039062 829.731079101562 817.289825439453 819.268104553223 770.86799621582 787.877670288086 706.845489501953 1064.3586807251 450.278442382812 420.766082763672 520.976364135742 693.331832885742 1308.07501220703 419.10563659668 523.355895996094 525.173709869385 473.354873657227 426.357131958008 491.319526672363 436.290313720703 525.021125793457 501.377197265625 566.158020019531 555.653968811035 579.556386947632 815.949184417725 702.371685028076 590.687675476074 454.08332824707 562.026027679443 680.184761047363 551.623386383057 652.166603088379 546.585506439209 610.485813140869 571.149256706238 640.160488128662 609.395513534546 702.946807861328 549.63823902607 602.304492950439 448.779388427734
434.451957702637 506.472587585449 770.862281799316 499.615364074707 619.533966064453 334.135894775391 392.082672119141 669.231414794922 947.98210144043 481.182922363281 615.203872680664 847.682865142822 711.579940795898 664.661785125732 831.908660888672 832.671203613281 411.064849853516 720.813777923584 699.194976806641 426.148681640625 847.419372558594 562.955276489258 559.324554443359 359.775604248047 534.190414428711 298.910095214844 463.504043579102 565.295585632324 485.581153869629 499.324111938477 572.362726211548 563.313659667969 555.802440643311 654.342681884766 584.958734512329 663.603549957275 400.346313476562 547.123229980469 616.716293334961 679.806140899658 523.600612640381 563.32527923584 649.083625793457 608.75731086731 727.246627807617 625.992708206177 705.90234375 493.795783996582 592.893728256226 676.151695251465
523.577850341797 557.182415008545 557.52965927124 494.346984863281 1180.54903078079 1304.94322967529 626.321426391602 471.77375793457 454.809692382812 838.201034545898 591.100158691406 665.296775817871 863.209373474121 621.935193061829 547.406867980957 1022.37112426758 1300.86143493652 305.990203857422 622.915405273438 799.681671142578 478.848220825195 394.444717407227 518.648178100586 592.465705871582 628.867279052734 492.688652038574 425.045211791992 458.278968811035 526.831760406494 638.040481567383 525.272672653198 593.919658660889 493.688106536865 703.906936645508 513.423519134521 609.284454345703 500.342636108398 562.835561752319 561.47146987915 701.508750915527 633.625869750977 531.408145904541 462.708274841309 537.538928031921 506.250671386719 478.332046508789 576.839260101318 460.828536987305 549.051568031311 570.125691413879
597.927181243896 951.797605514526 416.105438232422 462.895706176758 473.078170776367 594.764610290527 388.631439208984 407.476989746094 687.678184509277 474.611038208008 730.422622680664 643.469062805176 479.029640197754 620.149078369141 840.499153137207 569.366424560547 532.613250732422 1001.96923065186 969.460189819336 460.698638916016 486.508583068848 503.16374206543 617.490177154541 400.077392578125 517.049968719482 585.118690490723 668.718902587891 539.078015327454 415.277458190918 518.360808372498 524.648357391357 607.869346618652 394.826232910156 630.959991455078 590.867923736572 430.282089233398 495.09489440918 588.783181190491 678.53507232666 442.621063232422 581.849853515625 489.609313964844 600.779037475586 514.038265228271 559.729043960571 549.051927980036 696.181671142578 607.744537353516 439.826782226562 538.92248916626
571.402841567993 490.666645050049 520.385551452637 424.181945800781 560.20044708252 488.720718383789 546.735696792603 444.416519165039 718.229825973511 643.134098052979 885.772644042969 502.520202636719 690.561042785645 887.333381652832 636.12287902832 557.060218811035 456.536041259766 469.792068481445 410.504425048828 442.100219726562 460.060661315918 467.37914276123 446.039695739746 637.270294189453 530.868848800659 528.212356567383 450.072074890137 464.663352966309 616.49698638916 412.773536682129 560.721399307251 396.769287109375 417.484596252441 403.524421691895 481.644172668457 563.517339706421 576.62229681015 437.712791442871 484.93798828125 574.666771888733 699.113861083984 571.393776893616 656.174125671387 465.331848144531 473.905220031738 646.601379394531 563.024990081787 521.97723865509 469.811836242676 584.508581161499
790.243675231934 588.037506103516 443.805122375488 638.191734313965 690.13277053833 290.255126953125 398.698211669922 550.654140472412 627.231498241425 888.392259597778 638.508308410645 518.383201599121 318.53498840332 683.722381591797 383.046051025391 852.386871337891 428.013870239258 454.374984741211 540.165169715881 458.548927307129 473.176536560059 676.497741699219 629.554496765137 460.286315917969 700.736553192139 1642.48721313477 469.944618225098 459.57836151123 560.80643081665 571.633098602295 639.771949768066 479.363136291504 486.616226196289 507.288426399231 460.551895141602 666.918716430664 476.042011260986 561.606121063232 400.269927978516 438.190811157227 499.544010162354 427.069770812988 502.299797058105 519.231433868408 530.737380027771 457.007957458496 494.192462921143 552.254602432251 598.334327697754 501.011840820312
562.52299118042 608.974395751953 345.443557739258 558.313259124756 1131.86524963379 408.180023193359 437.102127075195 457.13765335083 595.195526123047 398.123947143555 466.874557495117 745.974189758301 471.110656738281 481.434623718262 327.531799316406 550.725692749023 580.922346115112 503.757619857788 365.383575439453 564.816692352295 439.041893005371 569.830037117004 720.511459350586 518.251798629761 564.71817779541 569.271354168653 578.927501678467 516.833329677582 582.033256530762 489.612064361572 565.098670959473 649.569854736328 561.639026641846 545.54958152771 548.535293579102 531.837288856506 628.400657653809 593.832347869873 604.950019836426 562.109884262085 501.38402557373 440.333656311035 390.26237487793 595.757097244263 565.605795860291 488.159698486328 393.231536865234 678.079895019531 706.658782958984 524.161472320557
559.742277145386 423.538497924805 531.43260383606 550.5185546875 464.141250610352 461.015037536621 575.990829467773 959.5673828125 1117.82416152954 550.937507629395 487.621292114258 646.703252792358 765.266136169434 462.60799407959 659.093238830566 643.310920715332 482.672883033752 594.86014175415 465.163291931152 649.385719299316 565.174867630005 594.855306625366 401.772521972656 496.818460941315 642.697784423828 499.45192527771 573.775779724121 573.224788665771 448.505481719971 504.229557991028 593.305473327637 503.403772354126 477.177129745483 613.322189331055 457.191261291504 439.754047393799 491.561004638672 451.651374816895 522.378345489502 470.554466247559 579.825141906738 660.621742248535 609.431518554688 625.838325500488 531.403253555298 581.914165496826 504.925045013428 491.93620300293 394.647033691406 579.478385925293
538.460456848145 538.716899871826 383.90943145752 342.409942626953 417.828254699707 310.697021484375 424.522178649902 531.298551559448 571.507675170898 607.239147186279 718.284702301025 604.294189453125 502.190540313721 1052.56594848633 515.245669364929 425.591728210449 468.715339660645 661.94758605957 597.698211669922 433.640274047852 451.690971374512 583.134979248047 490.058891296387 414.608238220215 453.244136810303 458.400485992432 604.712928771973 402.131439208984 500.239078521729 650.478546142578 461.83469581604 602.069847106934 547.368911743164 573.551414489746 561.383487701416 533.65101146698 463.790725708008 454.846801757812 443.166191101074 477.169769287109 576.771903991699 597.290946960449 538.170063018799 572.600105285645 668.125579833984 665.868743896484 730.228698730469 586.218362808228 626.851669311523 605.691234588623
429.206909179688 475.073041915894 467.772390365601 359.34016418457 374.087127685547 557.141799926758 441.370491027832 448.799110412598 543.130485534668 492.586809158325 598.344802856445 440.51050567627 436.122489929199 459.254356384277 602.847946166992 374.290435791016 565.252128601074 564.451599121094 542.032442092896 617.152572631836 607.124717712402 591.532402038574 618.941345214844 596.86018371582 492.294563293457 326.504043579102 549.740432739258 345.797561645508 587.560264587402 489.058197498322 568.401214599609 539.816268920898 556.664974212646 585.02140045166 363.849166870117 559.997219085693 451.165550231934 399.740936279297 413.478561401367 357.688781738281 598.496055603027 505.345244705677 503.423371315002 593.426063537598 530.155440330505 418.024192810059 492.126750946045 414.021194458008 718.935180664062 713.527969360352
414.670257568359 514.093490600586 343.024795532227 568.379981994629 442.342269897461 409.605018615723 547.591243743896 484.962970495224 526.710391998291 411.145927429199 483.571510314941 593.040832519531 336.877380371094 440.178451538086 486.145782470703 430.775821685791 530.845073699951 562.242862701416 507.876386642456 602.258270263672 503.004910469055 540.710487365723 415.838150024414 526.273202896118 415.496147155762 480.451819181442 494.388679504395 343.644790649414 479.222134590149 456.045722961426 535.879077911377 623.557205200195 537.441764831543 571.97664642334 429.057098388672 392.487121582031 467.384415626526 668.648086547852 591.230911254883 545.076400756836 597.261642456055 656.144683837891 508.39679813385 635.146408081055 465.70198059082 527.591566085815 524.034081459045 449.739067077637 647.133827209473 553.220568180084
347.700820922852 534.041500091553 504.38956451416 394.330894470215 529.704397201538 536.827133178711 423.592552185059 436.262680053711 515.766677856445 562.343170166016 352.431610107422 454.925979614258 464.141928553581 515.993179321289 518.525526046753 594.010513305664 494.173042535782 631.991012573242 484.177736282349 648.126602172852 410.43758392334 450.005380630493 527.315341949463 448.455345153809 428.423828125 551.151542663574 370.462432861328 451.396830558777 535.819068908691 535.576118469238 420.714050292969 387.890151977539 494.259848594666 546.54020690918 358.785354614258 444.603759765625 562.052505493164 475.433822631836 541.528224945068 537.363265991211 522.355701446533 639.359573364258 708.712982177734 481.240516662598 391.067527770996 454.293617248535 437.052932739258 515.738349914551 563.374670982361 619.182640075684
573.539985656738 505.637985229492 559.956954956055 392.155197143555 530.721904754639 555.865295410156 500.235385894775 340.907974243164 364.201667785645 290.252685546875 469.973430633545 519.38946723938 424.060054779053 404.839485168457 566.107902526855 624.678329467773 570.293197631836 545.955741882324 421.081134796143 476.380469322205 557.705894470215 484.259244918823 377.821849822998 559.397064208984 463.959635734558 391.762992858887 461.481398582458 617.123138427734 580.328483581543 351.456901550293 461.160830497742 576.082801818848 369.321182250977 517.602169036865 498.130260467529 475.848649024963 411.619621276855 469.633987426758 450.121395111084 393.18595123291 563.436470031738 485.416021347046 570.983818054199 558.793617248535 475.363035202026 527.700662612915 478.252227783203 657.347999572754 585.361484527588 654.11238861084
395.914512634277 448.422668457031 599.92805480957 562.500267028809 553.967414855957 507.426122665405 471.899822235107 397.665328979492 620.221557617188 587.409225463867 415.494327545166 574.471160888672 420.991287231445 396.477996826172 313.565032958984 501.489410400391 462.784976959229 489.473415374756 522.52950668335 424.311210632324 399.958564758301 441.514102935791 575.556503295898 424.07341003418 451.202201843262 476.398677825928 487.863586425781 448.371000289917 474.990020102821 598.739059448242 512.224876403809 499.070400238037 497.453737258911 335.954650878906 426.602024078369 424.917217254639 730.574661254883 477.276051998138 550.307247161865 217.028533935547 492.706538677216 523.203595161438 336.121704101562 485.136241912842 560.339359283447 432.829399108887 484.069232940674 652.115074157715 631.435195922852 717.487091064453
256.155517578125 460.13597202301 367.213790893555 408.717014312744 287.093139648438 406.405418395996 509.430419921875 436.330062866211 490.136013031006 487.446647644043 497.996479034424 527.3600730896 432.058277130127 505.315868377686 534.24772644043 646.364166259766 385.050262451172 542.28044128418 423.362300872803 702.634033203125 631.084976196289 560.733947753906 591.262214660645 517.189331054688 490.614044189453 542.413925170898 418.557929992676 374.819297790527 510.851787567139 537.89041519165 575.26586151123 378.691871643066 371.516899108887 497.918878555298 364.764839172363 557.157127380371 567.722763061523 487.114537000656 576.227294921875 437.540893554688 371.676971435547 508.74599647522 469.632572174072 556.835479736328 473.6643409729 402.175430297852 377.211715698242 363.797225952148 498.725090026855 578.303579330444
255.379669189453 235.081451416016 341.627571105957 519.152626037598 548.902854919434 537.581832885742 579.666290283203 529.004592895508 442.267553329468 667.392929077148 532.602172851562 642.432739257812 581.924835205078 586.15779876709 693.254379272461 600.83186340332 452.667900085449 404.935974121094 515.309150695801 557.122604370117 521.849315643311 600.72265625 562.215377807617 490.336015701294 566.499000549316 459.816003799438 405.335662841797 501.303195953369 342.705917358398 465.910437583923 397.363868713379 369.445648193359 419.111602783203 573.891899108887 398.950740814209 362.32738494873 655.720306396484 615.473785400391 526.190980911255 485.471457004547 333.666290283203 393.476440429688 377.768295288086 618.910766601562 507.76410484314 423.959938049316 432.532897949219 386.467697143555 522.321698188782 565.6676902771
227.625885009766 479.824459075928 447.513058185577 217.792175292969 432.722700119019 343.639434814453 485.48436832428 416.041702270508 465.721175789833 522.924961090088 403.93180847168 383.072113037109 503.875072479248 514.842586517334 452.693719863892 510.739402770996 538.610618591309 543.071983337402 526.614421844482 526.329418182373 535.775756835938 484.562107086182 444.591190338135 549.52099609375 531.187007904053 299.349060058594 423.777088165283 472.849178314209 274.099151611328 477.547088861465 500.236660003662 389.289245605469 577.524795532227 436.95157623291 449.905910491943 429.491203308105 665.849014282227 608.786834716797 686.983795166016 457.07852935791 568.060745239258 271.325439453125 459.867309570312 383.949806213379 421.917900085449 440.768249511719 409.279449462891 387.631469726562 348.337387084961 419.526718139648
306.374862670898 337.658416748047 499.975879669189 127.753265380859 279.458892822266 489.705743789673 556.326484680176 549.999740600586 593.319580078125 663.027099609375 520.946243286133 398.414878845215 233.663909912109 433.611446380615 484.243768692017 509.452964782715 663.823486328125 515.121257781982 481.548402786255 524.074882507324 468.858139038086 410.10848236084 488.395608186722 357.06233215332 589.42650604248 393.465774536133 435.320018768311 629.441787719727 225.713851928711 379.098571777344 589.311866760254 375.138114929199 176.996948242188 487.568265914917 530.645919799805 602.137969970703 616.751663208008 563.492965698242 531.581938266754 471.899536132812 575.110412597656 399.390594482422 532.174617767334 453.178955078125 363.536239624023 383.959686279297 297.948455810547 545.056764602661 390.048469543457 690.194564819336
509.047695159912 485.797824859619 408.759349822998 325.022750854492 327.590225219727 315.959854125977 443.290765166283 549.957618713379 422.760799407959 566.3876953125 537.489715576172 455.411087036133 353.387573242188 431.566753387451 326.862419128418 576.821495056152 433.379371643066 537.690238952637 537.337265014648 500.174570083618 369.142669677734 403.45613861084 486.523540973663 439.187675476074 431.957088470459 388.16690826416 378.615821838379 558.815525054932 472.140701293945 600.092674255371 564.796348571777 354.636779785156 458.11795425415 363.258438110352 532.159160614014 459.478368759155 505.604406356812 492.10750579834 604.951721191406 455.692905426025 273.486557006836 472.80283164978 588.655303955078 446.431156158447 356.952423095703 460.767902374268 454.228176116943 515.003755092621 606.674217224121 629.984428405762
