export/dem/dem43.asc
NCOLS 350
NROWS 171
XLLCORNER 152620
YLLCORNER 418050
CELLSIZE 100
NODATA_VALUE -9999
[rows 44 to 65 of 171, columns 200 to 249 of 350]
834.982969284058 685.282348632812 667.15690612793 384.276184082031 632.303833007812 476.563301086426 632.547748565674 742.0022585392 503.908111572266 705.625043869019 765.296962738037 635.302528381348 671.607875823975 889.893226623535 578.357842445374 637.799194335938 630.14037322998 515.139915466309 478.348899841309 657.870223999023 700.820732116699 742.759292602539 572.957935333252 552.627166748047 536.679138183594 700.339950561523 623.452668190002 845.090087890625 700.519680023193 662.511608123779 556.81958770752 716.246063232422 1183.25808143616 756.24674987793 840.264137268066 664.274283409119 481.14208984375 571.87589263916 722.955680847168 647.026691436768 681.200327396393 678.640830993652 596.963432312012 613.683250427246 640.392196655273 652.876300811768 707.05153465271 766.530612945557 624.443908691406 687.140735149384
1067.76995658875 1401.02069473267 1262.63331604004 1103.1375579834 750.550514221191 1033.17279052734 669.800537109375 677.750633239746 815.457977294922 798.300689697266 801.480253219604 711.513404846191 750.194644927979 1112.36772918701 657.704063415527 882.501591444016 634.515625 519.603874206543 543.069549560547 751.737030029297 580.09846496582 698.698738098145 691.418495178223 564.890270233154 618.292002677917 474.846458435059 638.861810684204 710.982933044434 721.98462677002 758.284034729004 680.304679870605 765.691040039062 715.136745452881 635.611585617065 553.191139221191 685.094923019409 770.245651245117 568.231750488281 619.156272888184 855.829956054688 838.014709472656 798.790550231934 744.178699493408 929.473846435547 727.92399597168 729.568202972412 700.277457237244 703.197727203369 736.895656585693 665.88410949707
814.524169921875 1003.47353363037 1616.19761657715 1056.49098205566 621.3544921875 662.489360809326 703.911819458008 755.440395355225 538.855865478516 549.77465057373 639.721000671387 894.174652099609 677.247379302979 906.585372924805 816.359001159668 810.057762145996 1475.00988388062 629.296661376953 483.95484161377 319.367309570312 587.010499954224 632.909507751465 606.931999206543 560.614086151123 565.460430145264 604.447130203247 536.795501708984 499.806144714355 639.862405776978 698.706939697266 650.825282096863 740.132858276367 753.721839904785 727.438385009766 743.057708740234 635.384588241577 686.574868679047 633.381938934326 720.823219299316 556.589508056641 614.932388305664 660.332584381104 706.110641479492 633.421230316162 741.425872802734 586.223457336426 627.89688873291 725.957429885864 765.802886009216 620.629211425781
569.424675941467 688.074172973633 910.161804199219 1312.52749252319 926.943725585938 676.365465164185 641.577484130859 707.125907659531 544.408210754395 553.609650611877 426.735763549805 659.629730224609 674.528610229492 615.66068649292 705.921806335449 909.930633544922 1175.42405700684 1897.97394561768 1182.72387695312 775.852085113525 578.339173078537 648.050813674927 627.812505722046 514.99951171875 564.979085922241 488.132255554199 679.433139801025 622.193391799927 761.433486938477 620.240118026733 782.844436645508 857.728805541992 753.087348937988 720.166435241699 465.562484741211 791.000366210938 503.595550537109 524.896575927734 613.565982818604 621.722259521484 663.075778007507 615.250694274902 695.781246066093 840.311218261719 827.786514282227 727.594654083252 620.077705383301 816.368980407715 884.190765380859 690.608607292175
710.536956787109 751.478485107422 956.803909301758 566.6435546875 528.163558959961 673.329649686813 473.194595336914 606.162734985352 502.288558959961 552.557023286819 430.482772827148 536.677436828613 592.783332824707 635.91304397583 598.661731719971 753.711656808853 1061.0652923584 1418.64212322235 1156.78319549561 859.019577026367 709.77827835083 654.810754776001 585.23416519165 690.916133880615 667.805465698242 680.698017120361 747.521713256836 610.139472961426 646.420790195465 756.449752807617 689.93049621582 741.786666870117 677.983089447021 736.591506958008 538.392585754395 587.662940979004 599.066780090332 490.897766113281 565.734329223633 599.541290283203 611.50231552124 679.884643554688 709.85737991333 658.438339233398 532.984588623047 731.065845489502 648.302738189697 828.225044250488 778.04621887207 769.884993553162
692.021255493164 728.032516479492 654.219993591309 653.887073516846 574.170887470245 668.989444732666 660.012500762939 655.326049804688 640.930969238281 634.735822200775 611.446830749512 579.348794937134 593.610650062561 495.781490325928 714.497886657715 653.857513427734 737.823753356934 1197.53826904297 1807.18070220947 1498.09335327148 815.568169593811 756.591632843018 653.065670013428 555.383262634277 633.802053451538 663.822429656982 545.72981262207 763.750762939453 690.781631469727 713.737648010254 648.756843566895 630.634722709656 751.248291015625 729.124984741211 577.052253723145 815.359481811523 752.320434570312 654.982299804688 508.564376831055 559.558723449707 813.01969909668 473.806030273438 542.192970275879 1055.91556358337 1049.41486740112 972.782844543457 898.164816617966 668.608947753906 604.274963378906 855.927871704102
645.642784118652 715.149108886719 704.83113861084 628.910007476807 632.632682800293 392.987747192383 571.508975982666 603.407693862915 861.268371582031 742.50244140625 579.623269081116 674.99439239502 543.883338928223 560.419166564941 553.262308120728 842.572540283203 822.142826080322 1128.89424514771 1452.92692565918 1757.6770772934 862.524916648865 717.429187774658 649.986492156982 789.863922119141 557.680030822754 752.668060302734 541.06071472168 708.039756774902 647.991132736206 624.483654975891 793.392044067383 654.938280105591 768.566925048828 680.401525497437 726.693958282471 832.071563720703 756.541564941406 674.618327617645 535.709045410156 777.842842102051 621.061157226562 654.490275382996 754.877769470215 754.06143951416 1133.95519638062 1300.9956111908 767.298774719238 552.466278076172 692.453702926636 916.159255981445
691.156478881836 730.920650482178 918.479125976562 727.755325317383 539.120056152344 481.265190124512 819.577224731445 422.379364013672 496.524261474609 616.689979553223 716.038654327393 580.249912261963 535.075191497803 623.214965820312 735.471984863281 566.97004032135 827.50129699707 1136.12870788574 1421.98614501953 1248.21733093262 1498.63411712646 764.463578224182 557.278121948242 576.573396682739 588.510890007019 595.154558181763 600.770985603333 653.011501312256 659.16682434082 657.799615859985 661.025499343872 688.379413604736 599.790042877197 689.642505645752 657.75620174408 590.727474212646 598.008209228516 698.843700408936 767.815406799316 577.16780090332 517.1650390625 767.119171142578 617.611770629883 649.961322784424 1000.28273010254 509.991973876953 951.296180725098 1085.58940124512 869.016250610352 884.157402038574
591.599016189575 593.588123321533 720.560251653194 711.411762237549 612.837760925293 697.081352233887 799.224581480026 692.956005096436 531.861709594727 746.389323234558 802.313331604004 713.61254119873 736.239364624023 700.003196716309 705.513870239258 774.942810058594 597.389862060547 893.816963195801 960.286083221436 1551.49184417725 1935.17163085938 1167.86805725098 571.349990844727 581.546688079834 598.090039253235 493.601707458496 685.497840881348 471.831207275391 555.494934082031 654.571537017822 680.598278045654 650.159007072449 701.358726501465 646.739806175232 519.693733215332 709.901596069336 605.058292388916 657.551857709885 649.666996002197 672.255952835083 860.628860473633 631.841957092285 775.232238769531 652.502347946167 666.728801727295 692.649955749512 627.665985107422 582.391761779785 1046.5280456543 1141.40587615967
732.265579223633 678.815551757812 661.599915266037 574.422080993652 680.278480529785 592.049398422241 733.939224243164 663.01288831234 602.268507003784 772.542236328125 698.851390361786 658.598739624023 504.49974822998 638.654930114746 600.08890914917 752.963348388672 575.408334732056 756.270301818848 1014.27879333496 950.319808959961 1316.01343822479 1372.70667457581 1481.52996826172 822.936939239502 596.015823364258 593.91198348999 626.07297706604 647.663177490234 572.413219451904 431.93669128418 520.660171508789 523.735687255859 572.486915588379 529.836944580078 701.778072357178 583.158840179443 585.691200256348 533.290176391602 804.982360839844 853.872833251953 786.600296020508 529.158950805664 762.396942138672 759.904739379883 563.03638458252 764.144646644592 567.72827911377 882.22901725769 797.303604125977 569.400245666504
645.976093292236 781.817993164062 668.315692901611 741.955268859863 607.294673919678 622.154333114624 580.501574993134 634.897902488708 659.954490661621 697.785305023193 516.571960449219 666.861150741577 702.323246002197 544.433929443359 734.448745727539 695.226402282715 709.932922363281 672.234809875488 697.369674682617 663.896522521973 871.109321594238 1180.79005050659 1520.76190185547 811.655670166016 885.442432403564 699.489707946777 601.860487937927 549.196098327637 634.602577209473 646.528358459473 603.225926399231 672.895038604736 652.02223777771 632.435217022896 747.481788635254 695.322818756104 684.90718460083 580.202613830566 599.626419067383 629.762531280518 565.282539367676 802.891006469727 724.480354309082 763.078674316406 798.187118530273 720.719264984131 474.646713256836 522.408218383789 643.464378356934 619.352432250977
669.061264038086 751.174919128418 652.048198699951 725.013000488281 646.436832427979 479.690971374512 691.152328491211 661.367218017578 663.694295883179 782.643173217773 633.632522583008 552.421234130859 684.931762695312 818.629623413086 739.341705322266 761.157745361328 727.749305725098 797.533584594727 622.85258102417 570.324813842773 788.430177688599 820.811721801758 1252.55633544922 1308.87483978271 882.970690727234 672.43349647522 674.957660675049 528.163288116455 508.450927734375 641.368732452393 638.876636505127 693.247039794922 480.39616394043 566.562171936035 561.449409484863 531.318428039551 581.608085632324 436.964431762695 582.786937713623 557.802886962891 705.404891967773 682.731924057007 847.761795043945 844.635589599609 810.088806152344 650.954922556877 664.378258943558 704.433368682861 645.733140945435 638.49861907959
628.101464271545 754.417488098145 544.118869781494 784.446350097656 563.649703979492 676.971385955811 572.88102722168 476.973358154297 722.283710479736 628.54052734375 842.343589782715 782.122337341309 590.130029678345 663.702331542969 768.106384277344 815.782867431641 804.281227111816 681.597938537598 741.384701728821 802.512561798096 729.162155151367 865.349723815918 1173.55962371826 1056.70516967773 826.68831205368 665.039901733398 522.194900512695 481.772567749023 434.552383422852 489.947265625 604.701225757599 389.748870849609 781.368057250977 422.703979492188 597.03249168396 527.515563964844 566.149589538574 569.660209655762 495.067184448242 660.714527130127 618.796115875244 775.610954284668 627.568261623383 796.074089050293 632.181648254395 690.220409393311 815.476913452148 746.052001953125 661.623123168945 502.578155517578
649.545169830322 678.768383979797 710.89656829834 660.0002784729 585.314451217651 765.344383239746 646.870018005371 558.199562072754 502.249130249023 597.175552368164 783.931526184082 775.753053665161 772.135196685791 589.636383056641 739.298225402832 579.465110778809 713.220863342285 938.435165405273 854.966445922852 793.628482818604 756.090351104736 832.618357658386 1068.40260314941 901.192054271698 883.53466796875 600.464387893677 647.941825866699 572.326015472412 600.797263324261 428.912643432617 689.776138305664 668.861566543579 568.842735290527 475.55305480957 487.463317871094 669.290573120117 537.244590759277 757.62614440918 714.308815002441 706.678695678711 620.846597671509 620.649555206299 756.49337387085 675.525493621826 776.469268798828 651.743397295475 687.848188400269 663.259427785873 688.121864318848 709.918727874756
645.999626159668 575.917930603027 509.438873291016 648.219900131226 573.782440185547 628.855437278748 682.979656219482 575.931625366211 545.951057434082 632.958874702454 626.277679443359 593.562103271484 677.638423919678 960.705276489258 713.338577270508 860.128860473633 882.135498046875 877.85338973999 737.747703313828 745.491592407227 895.09956741333 804.171363830566 940.025215148926 764.787284851074 658.16291809082 645.376733779907 376.88703918457 701.47371673584 766.952789306641 402.680328369141 583.405472278595 745.239547729492 684.774404406548 509.308837890625 568.021667480469 474.910690307617 501.198318481445 678.028312683105 607.458683013916 635.029758453369 597.370153427124 688.826049804688 808.625061035156 775.529487609863 646.445022583008 679.532936096191 603.870941162109 742.893882751465 681.526048660278 666.235776901245
604.037033081055 525.579460144043 614.049938201904 622.669718742371 526.936653137207 592.60181427002 608.237728118896 660.732536315918 725.608955383301 629.048429489136 623.941566467285 696.688545227051 780.055488586426 871.982894897461 739.275442123413 792.409866333008 804.11954498291 751.347099304199 696.26001739502 911.250785827637 928.180625915527 722.406547546387 799.372436523438 671.770839691162 637.007913589478 614.701676368713 468.415878295898 636.142860412598 596.553352355957 617.554956436157 774.666366577148 799.425258636475 583.140853881836 702.849151611328 640.490089416504 560.09351348877 631.762672424316 686.496864318848 433.382385253906 689.690208435059 531.258262634277 685.38720703125 601.442958831787 652.498552322388 775.152954101562 599.934875488281 668.151328086853 806.795677185059 678.123043060303 614.757019042969
484.504196166992 652.302370071411 701.492904663086 605.591854095459 630.531685829163 655.275698184967 722.744934082031 807.09033203125 598.842967987061 719.141540527344 674.120199203491 812.542984008789 839.300430297852 639.805553436279 803.386260986328 753.574690580368 687.950325012207 732.916872024536 787.649333953857 859.210021972656 863.660213470459 800.811852931976 700.282859802246 502.089218139648 649.152282714844 524.248161315918 463.082122802734 539.989471435547 506.602363586426 801.478462219238 705.643974304199 524.873413085938 546.47253036499 546.90160369873 581.334583282471 883.525539398193 667.193939208984 566.219795227051 471.728591918945 555.936302185059 549.441429138184 694.585487365723 610.669195175171 594.197067260742 701.976837158203 508.914764404297 677.571495056152 763.45450592041 762.473350524902 644.680706977844
547.889678955078 660.5505027771 628.596005439758 704.629645347595 471.636672973633 808.184524536133 612.312664031982 701.265308380127 660.114562988281 665.655723571777 757.623504638672 696.582885742188 852.470413208008 927.168334960938 884.814041137695 961.702880859375 785.704208374023 857.409774780273 700.642753601074 894.230083465576 725.787631988525 639.928524017334 541.705017089844 609.484519958496 644.230388641357 745.219299316406 666.737957000732 686.576076507568 549.220813751221 854.180679321289 455.111526489258 582.250751495361 488.321197509766 430.510604858398 542.5185546875 732.194120407104 661.11434173584 776.44663476944 749.849708557129 501.043769836426 606.741790771484 592.395788192749 774.185317993164 746.700775146484 521.374588012695 598.75862121582 705.959823608398 706.36018371582 727.80493927002 652.478169441223
610.722618103027 541.150367736816 740.107040405273 695.081550598145 784.349105834961 657.220798492432 616.006457328796 524.020866394043 639.051952362061 816.609848022461 535.668663024902 624.09886264801 622.9547996521 613.812541007996 591.255432128906 1019.22508239746 675.025016784668 721.352325439453 605.904500484467 650.547374725342 659.960571289062 578.797874450684 582.465599060059 535.321662902832 581.637619018555 639.761127471924 574.456199645996 499.551467895508 642.863212108612 724.360870361328 509.532783508301 572.140777587891 533.162826538086 606.456722259521 536.49153137207 568.872993469238 724.169937729836 1035.48036575317 1032.35694026947 755.250701904297 707.058433532715 589.740882873535 589.743354797363 572.721580505371 635.642230987549 591.553623199463 763.682418823242 819.222793579102 722.459548950195 803.465087890625
517.286102294922 724.737396240234 512.093841552734 459.915161132812 535.977241516113 560.611930847168 590.432689666748 443.814758300781 595.168899536133 723.365829467773 584.201042175293 576.077499389648 528.547035217285 616.264966487885 631.849945068359 803.311603546143 607.155944824219 651.834510803223 567.134387969971 504.27303314209 619.096406936646 560.682670593262 473.548309326172 620.338977813721 658.320541381836 704.437828063965 759.981803894043 599.771507263184 641.54656124115 567.538177490234 681.640250682831 579.665863037109 685.778635263443 616.997861862183 697.347650527954 560.509094238281 650.33195400238 896.149291992188 652.78791809082 784.98078918457 671.518947601318 784.348617553711 540.549362182617 773.429748535156 750.690292358398 425.209732055664 536.020988464355 500.625778198242 804.069839477539 638.641759097576
561.241416931152 659.65291595459 539.467552185059 684.954315185547 613.096950531006 752.127708435059 600.235305786133 612.133670806885 628.497020721436 543.610420227051 503.507049560547 619.047189712524 520.904396057129 626.598363876343 475.108688354492 752.221755981445 609.229393005371 774.730548858643 711.742706298828 560.27144241333 636.762989223003 515.386810302734 529.667053222656 494.951141357422 468.009994506836 660.974060058594 710.121452331543 666.247414588928 460.094589233398 562.053939819336 687.831441879272 657.264755249023 511.494400024414 411.195541381836 611.963413238525 520.796775817871 593.181034088135 765.669326782227 636.06884765625 590.048374176025 579.89669418335 726.532299041748 687.294437408447 552.555633544922 678.08296585083 626.110911369324 662.453567504883 726.422454833984 629.303654670715 602.620227813721
682.753803253174 542.634284973145 663.845591545105 590.767753601074 676.492980957031 633.046666622162 702.554084777832 749.245635986328 682.602409362793 465.102279663086 597.411960601807 616.754558563232 632.714108467102 674.942329406738 523.47632598877 648.633538246155 615.224279403687 627.438377380371 682.048294067383 638.189311981201 611.952602863312 654.797960281372 571.111686706543 466.048828125 708.109939575195 664.937641143799 554.799613952637 650.542783737183 679.134895324707 617.14909362793 642.189239501953 702.519139617682 560.04426574707 514.957374572754 522.91357421875 804.322296142578 673.355590820312 605.596138000488 670.323467254639 656.245107650757 687.542785644531 628.561222076416 646.880208969116 575.41463470459 604.562992095947 594.283653259277 748.757804870605 613.533664703369 588.705474853516 761.839279174805
