export/dem/dem49.asc
NCOLS 350
NROWS 171
XLLCORNER 152620
YLLCORNER 418050
CELLSIZE 100
NODATA_VALUE -9999
[rows 44 to 65 of 171, columns 100 to 149 of 350]
351.186447143555 406.851570129395 358.915802001953 344.821159362793 391.121517181396 265.859420776367 341.539909362793 430.199901103973 373.52713394165 348.763290405273 309.82795715332 329.877670288086 443.871479988098 284.100128173828 469.264636993408 445.650856018066 419.123184204102 473.497539520264 505.236770629883 466.834276199341 524.660209655762 439.930435180664 430.270709991455 385.662902832031 284.173248291016 486.496073722839 450.880264282227 509.27087020874 549.818408966064 546.957227706909 420.477516174316 470.050405502319 571.861106872559 522.462982177734 482.647497177124 492.436014175415 636.768753051758 474.39794921875 436.735549926758 482.876039505005 416.108543395996 599.24382019043 495.853085517883 488.372117996216 397.775619506836 467.290927886963 534.132734298706 553.413932800293 464.63402557373 378.344787597656
548.444999694824 570.95475769043 348.74536895752 407.488136291504 403.473731994629 304.014663696289 517.230804443359 577.982315063477 466.009813308716 367.998405456543 453.542973995209 391.063159942627 394.353759765625 561.029815673828 517.13623046875 612.043960571289 333.268783569336 535.865570068359 708.753631591797 368.882698059082 411.9040184021 408.675361633301 562.582313537598 425.293678283691 418.979827880859 352.335189819336 482.528555870056 446.81272315979 561.716087341309 567.006904602051 408.544281005859 501.890048027039 657.434310913086 523.222316741943 415.744895935059 395.619270324707 505.775844573975 466.052574157715 354.809204101562 495.910303354263 441.94962310791 534.4475440979 697.596969604492 622.422096252441 442.065071105957 445.070846557617 486.449552536011 486.044894218445 394.294853210449 506.625379562378
356.781616210938 366.159484863281 371.230262756348 394.325889587402 454.145118713379 329.537750244141 422.398071289062 441.443199157715 542.545944213867 363.715347290039 338.56468963623 438.109252929688 364.857696533203 416.306810379028 481.170648574829 508.699676513672 415.90930557251 480.044633865356 491.041456222534 576.36695098877 501.442283630371 277.613830566406 234.22200012207 448.755908966064 448.23962020874 314.669784545898 509.450124740601 413.608081817627 464.60311126709 592.379104614258 407.84008026123 408.933395385742 559.248645782471 475.619720458984 490.008238792419 427.552059173584 529.187149047852 474.073357105255 390.03498840332 535.013048171997 559.379745483398 307.236831665039 530.038785934448 446.119338989258 430.87756729126 506.369783163071 548.171781539917 465.229822158813 516.697064399719 512.833353996277
378.410102844238 450.712696075439 411.262313842773 426.662696838379 468.727032661438 517.551383972168 550.0654296875 547.395080566406 517.040500640869 411.178043365479 303.826354980469 529.090110778809 569.882148742676 597.066772460938 462.097691059113 363.607955932617 520.565906524658 397.10619354248 346.724426269531 443.41229057312 541.909118652344 451.778045654297 525.516563415527 541.627532958984 738.640670776367 413.061073303223 470.026840686798 484.716054439545 489.528909683228 549.6435546875 446.143329620361 415.894584655762 503.926965713501 512.334226131439 500.802877426147 483.557134628296 380.287208557129 433.610900878906 533.781047821045 496.362954139709 426.953979492188 453.100315093994 474.417449951172 607.638397216797 363.518890380859 419.079811096191 446.539710998535 428.407897949219 514.236350059509 497.027435302734
398.522872924805 409.86141204834 427.331655025482 453.783152580261 482.910326004028 393.005271911621 551.804359436035 420.36498260498 442.932373046875 499.488742828369 514.164203643799 410.92036819458 606.829772949219 478.816331863403 537.923332214355 510.450469970703 386.204711914062 427.34529876709 419.63404083252 291.042175292969 554.600296020508 336.993240356445 340.299285888672 454.76049041748 495.427936792374 362.171173095703 488.49702835083 563.366416931152 537.898565292358 716.545776367188 609.728240966797 552.954880714417 471.647857666016 618.264610290527 624.106422424316 634.141586303711 464.655164241791 549.165496826172 537.220603942871 566.02823638916 478.169677734375 482.886257171631 491.126486301422 580.645965576172 624.898384094238 459.209953308105 342.705642700195 531.994396209717 615.254058837891 540.517360687256
305.635604858398 340.099433898926 501.630279541016 422.34298324585 324.162635803223 363.664489746094 385.14835357666 481.216696500778 351.182205200195 469.37061882019 473.475524902344 407.817359924316 558.783832550049 433.496593475342 325.493286132812 428.900848388672 514.633483886719 528.075681686401 486.146961212158 550.389518737793 566.112510681152 394.052726745605 369.545196533203 446.530902862549 533.337163925171 315.186065673828 529.279218673706 582.137073516846 418.778274536133 436.2109375 468.110160827637 481.145988464355 532.288845062256 253.989807128906 581.900196075439 626.651443481445 478.748716831207 442.965717315674 417.215530395508 229.114166259766 393.031967163086 540.529058456421 614.963272094727 544.984395980835 682.392471313477 596.245704650879 446.195858001709 428.91983795166 530.442447662354 521.329912185669
417.428211212158 376.608909606934 441.777586936951 237.65071105957 326.964447021484 425.602823257446 384.87663269043 497.193462371826 332.105255126953 306.412231445312 429.802003860474 516.38557434082 559.307563781738 580.161354064941 483.703504562378 476.754837036133 395.859748840332 662.087707519531 439.34098815918 579.147087097168 407.086601257324 507.2086353302 492.428798675537 623.219131469727 505.347089767456 574.349884033203 490.129085540771 597.467887878418 498.096614837646 557.542655944824 555.368545532227 566.590400695801 446.018207550049 557.972080230713 619.608261108398 527.588954925537 540.776229858398 434.882595062256 557.830368041992 440.413093566895 614.355903625488 710.854431152344 548.868621826172 477.579372406006 539.083890914917 512.258487343788 414.217468261719 482.951486587524 425.135665893555 553.838443756104
418.76180267334 404.113602638245 553.651733398438 288.461074829102 397.519943237305 492.464370727539 357.400657653809 415.906261444092 466.846862196922 534.172340393066 486.683950424194 500.257074356079 433.931217193604 564.511600494385 286.080780029297 552.991577148438 516.544143676758 582.182907104492 473.858913421631 504.310497432947 361.714569091797 442.301654815674 570.58430480957 562.718925476074 388.738555908203 476.008083343506 655.08154296875 602.458465576172 488.183069229126 567.870895385742 718.380477905273 517.624582529068 544.996910095215 467.513053894043 620.556755065918 554.82385635376 682.187225341797 560.07234954834 393.080596923828 493.908082962036 392.756927490234 449.840637207031 551.926462173462 595.429023742676 542.511623382568 764.032958984375 421.354057312012 612.065162658691 614.898017883301 644.974044799805
508.516510009766 397.141819000244 555.546966552734 504.040863037109 561.812614440918 374.611434936523 323.049545288086 556.918449401855 487.263895988464 431.949806213379 445.200899124146 456.953616142273 391.058883666992 385.060424804688 439.412033081055 425.352626800537 558.030967712402 364.365829467773 525.574131011963 407.318061828613 731.329772949219 494.341652870178 436.131172180176 586.006324768066 560.809017181396 447.603366851807 522.975059509277 473.428307533264 590.361427307129 550.14038848877 664.482986450195 663.768035888672 615.242584228516 611.370559692383 482.857803344727 461.009761810303 710.255172729492 583.697582244873 398.381484985352 395.824096679688 341.835006713867 447.262702941895 537.464336395264 409.475776672363 435.796562194824 540.018152236938 530.130634307861 478.227752685547 462.395130157471 601.078399658203
533.407997131348 439.983180046082 389.192825317383 411.692034721375 398.273668289185 568.747230529785 404.313869476318 616.319900512695 638.409591674805 641.342964172363 462.57461977005 482.662530899048 470.111611366272 493.418003559113 406.703277587891 279.451263427734 436.113193511963 465.984708786011 552.70645904541 450.179725646973 442.641506195068 500.583839416504 533.307262420654 533.823987960815 616.419494628906 422.311988830566 646.022506713867 437.085750579834 399.972305297852 500.694546222687 449.828311920166 734.60514831543 615.943504333496 685.732452392578 538.603866577148 621.716316223145 524.476442813873 470.514556884766 452.047409057617 382.857940673828 519.266319274902 463.153747558594 402.317565917969 510.57303237915 504.131089925766 485.127773284912 455.180023193359 529.90755879879 496.258239746094 470.214042663574
353.337776184082 539.314765930176 416.787974119186 349.773628234863 386.702808380127 300.171478271484 600.95938873291 620.025741577148 472.37596321106 441.241767883301 630.141830444336 390.45092010498 481.495879262686 461.925437927246 514.901096343994 535.152729034424 426.44376373291 455.700708389282 529.401203155518 519.448482513428 565.692520141602 514.811710357666 448.188945770264 585.747062683105 491.094717979431 489.778324127197 520.038366317749 349.706115722656 415.567367553711 502.515952587128 459.983394622803 622.536514282227 572.607509613037 534.831858634949 591.713874816895 639.53636932373 509.06157875061 577.235649108887 438.852165222168 524.501879692078 389.103805541992 472.050178527832 613.480049133301 492.225196838379 491.241947174072 520.57706451416 463.890579223633 356.32421875 395.907470703125 570.243144989014
530.367088317871 596.640014648438 350.609268188477 329.412704467773 364.194625854492 392.476387023926 567.71346282959 547.441596984863 434.677570343018 496.716386795044 520.532573699951 470.273703575134 324.045791625977 463.76515007019 353.471817016602 464.965644836426 522.397079467773 619.224395751953 668.800064086914 501.37601852417 597.786903381348 425.223663330078 533.644300460815 578.550872802734 547.181461334229 562.615369796753 413.222671508789 537.300048828125 614.595825195312 693.045806884766 617.396965026855 495.63542175293 600.897705078125 703.61408996582 495.068759918213 529.701538085938 390.359268188477 387.514541625977 399.763244628906 478.654321670532 378.071243286133 437.986038208008 642.664207458496 637.038208007812 454.804069519043 519.784624099731 447.905151367188 474.824180603027 582.449882507324 594.527942657471
585.371246337891 404.167011260986 483.96789932251 418.588779449463 439.315944671631 313.194793701172 374.007385253906 421.249977111816 496.303985595703 527.042278289795 699.229034423828 361.446144104004 380.341804504395 433.353572845459 415.401260375977 542.97639465332 253.316589355469 497.801755905151 540.452579498291 583.879211425781 479.447027206421 596.962600708008 554.567554473877 461.423763275146 600.522933959961 627.862243652344 628.800857543945 281.556564331055 632.640232086182 570.689603805542 626.676876068115 615.861062049866 552.124704360962 517.42887377739 623.257766723633 572.03503036499 557.025144577026 441.886657714844 590.998596191406 622.115051269531 604.391036987305 540.241212129593 559.076665878296 544.076101303101 548.913413763046 522.93717956543 449.252288818359 468.609535217285 573.033769130707 657.215087890625
458.1583776474 412.410892486572 354.127433776855 538.387016296387 503.36763381958 406.208488464355 336.351943969727 531.219161987305 274.507553100586 464.705425262451 507.836242675781 404.858474731445 476.822259902954 512.054229736328 454.507859230042 467.075108528137 425.26171875 354.111930847168 475.522043228149 502.034684181213 636.372360229492 539.424781799316 512.65998840332 503.771015167236 511.196964263916 449.937232971191 492.986240386963 463.002025604248 466.28589630127 543.206859588623 632.547035217285 595.756309509277 737.103408813477 576.756488800049 508.230535507202 546.66198348999 684.333114624023 622.03169631958 621.66651892662 607.858623504639 506.384521484375 541.092600822449 736.038345336914 561.488519668579 615.783828735352 668.511932373047 439.435539245605 428.825050354004 623.636543273926 472.936492919922
383.000514984131 447.354139328003 509.119945526123 599.165176391602 332.060478210449 476.61838722229 543.337066650391 655.381637573242 576.504005432129 505.38325881958 321.375762939453 250.639572143555 264.445556640625 320.427352905273 401.8076171875 443.695497512817 330.040496826172 480.158486366272 470.963896751404 503.840670585632 525.145877838135 713.12434387207 485.551110267639 518.446999549866 707.39518737793 629.279342651367 495.617810249329 381.841285705566 583.93709564209 492.218580245972 586.714455604553 652.239519119263 543.054374694824 622.588935852051 640.878463745117 545.287987709045 621.609859466553 557.486124038696 602.542182922363 672.49422454834 470.185615539551 641.156181335449 550.852155685425 611.403755187988 521.188182353973 721.952667236328 541.522552490234 432.227035522461 402.398468017578 542.898506164551
488.0276222229 547.189697265625 390.992725372314 569.126968383789 477.290351867676 342.621299743652 421.30883026123 462.712676048279 601.895629882812 295.634185791016 367.07844543457 265.327224731445 289.618408203125 417.133567810059 442.366504669189 479.473719596863 393.016036987305 386.648147583008 628.874374389648 575.224716186523 452.899711608887 499.781543731689 483.128074169159 425.10523223877 430.655952453613 393.330856323242 448.931079864502 567.424591064453 576.696083068848 526.978916168213 440.733200073242 453.13557434082 515.690002441406 455.660339355469 670.114944458008 520.494150161743 704.639668464661 562.835731506348 548.362831115723 584.978627204895 640.395225524902 535.26665019989 567.462938308716 423.967559814453 534.390790939331 846.836120605469 513.30265045166 561.927967071533 421.218505859375 557.374290466309
395.056880950928 307.976989746094 401.398384094238 468.335061728954 409.08975982666 459.6628241539 462.65666103363 342.89330291748 343.393089294434 332.963050842285 283.799072265625 383.446380615234 348.609024047852 400.999649047852 451.159473419189 352.233787536621 465.157697677612 451.292221069336 448.635311126709 473.695268124342 429.380485534668 377.442604064941 533.228679656982 592.090103149414 358.597473144531 544.831954956055 488.78425693512 538.067983627319 643.035598754883 505.10608291626 463.759811401367 436.514755249023 385.656860351562 564.400810241699 701.438079833984 558.885189056396 524.612229347229 398.191909790039 466.087921142578 487.701568603516 526.314319610596 348.454986572266 565.0241355896 531.954056739807 481.774642944336 631.312391281128 521.437877655029 687.127288818359 527.499160766602 553.793962478638
386.816741943359 468.728343009949 576.442337036133 325.460388183594 310.126754760742 453.434952735901 345.619857788086 548.372711181641 275.739654541016 374.946708679199 328.325874328613 504.49182510376 384.37720489502 390.929397583008 291.048141479492 381.835075378418 353.313522338867 402.099517822266 382.384246826172 373.826461791992 410.887496948242 529.234546661377 289.776596069336 431.9602394104 327.043212890625 472.836030483246 461.891494750977 674.12223815918 515.092542648315 470.156723022461 617.403434753418 486.639043807983 533.739631652832 508.736574172974 580.932384490967 522.796903371811 549.378785133362 594.997852325439 519.864491462708 442.167930603027 509.147296905518 547.747362136841 522.004962921143 532.732620239258 445.105087280273 482.470863342285 604.230484008789 582.975509643555 600.357064723969 600.636497497559
427.432392120361 495.652381896973 498.88069152832 333.196769714355 473.782373428345 315.124298095703 453.077404022217 275.133514404297 542.9423828125 452.640509605408 433.077722549438 508.096630096436 326.888565063477 509.302671432495 359.534866333008 412.872802734375 519.994464874268 451.008028030396 488.389587283134 378.626281738281 460.372283935547 266.193695068359 581.445724487305 248.256454467773 535.204551696777 580.634696960449 559.798355102539 464.605228424072 533.473062515259 621.22599029541 591.473991394043 479.301258087158 378.193695068359 620.164375305176 596.155639648438 514.35755443573 554.937353134155 465.943954467773 600.341659545898 516.491239547729 600.178859710693 528.200290679932 580.931419372559 486.261100769043 583.762088775635 529.150575637817 506.572692871094 523.893706440926 497.503898620605 481.018856048584
226.970672607422 480.641732692719 279.645263671875 526.339172363281 420.599811553955 416.88037109375 545.467346191406 367.549545288086 405.547485351562 503.343975067139 531.105461120605 479.7740650177 401.240715026855 221.026504516602 290.913467407227 318.05339050293 486.922877311707 493.676362991333 377.238883972168 414.163520812988 557.857044219971 482.028300285339 371.018707275391 500.925754547119 574.815956115723 479.675046920776 611.985404968262 552.188652038574 428.940422058105 529.634122848511 380.537567138672 625.010581970215 516.91478061676 541.94668006897 530.756415367126 626.582473754883 551.739547729492 767.482040405273 479.808887481689 573.450008392334 587.921939849854 646.634979248047 438.748008728027 627.45246887207 463.386299133301 532.509258270264 617.97473526001 486.403137207031 650.475936889648 523.883018493652
348.233047485352 321.327011108398 332.142036437988 318.615234375 413.144947052002 306.760101318359 392.571155548096 467.911834716797 534.065212249756 461.404804229736 311.480285644531 394.58283996582 410.055305480957 403.84496307373 543.236541748047 363.485931396484 411.062984466553 445.843692779541 337.169082641602 370.799774169922 440.281608581543 448.301731109619 507.602649211884 510.65037727356 518.395467758179 600.422966003418 687.449691772461 646.002349853516 563.812282562256 508.710287690163 528.367963790894 568.719169616699 609.504318237305 654.664665222168 690.954483032227 581.781860351562 576.315700531006 662.732704162598 667.249954223633 593.000984191895 623.212539672852 608.192779541016 444.974273681641 544.506020545959 390.650161743164 628.492012023926 596.310886383057 556.267685890198 469.651695251465 467.049301147461
435.940351486206 397.562339782715 314.479934692383 253 329.481704711914 452.563428878784 426.986827850342 392.19701385498 290.198852539062 504.734960794449 301.304794311523 496.0924243927 457.861331939697 413.509899139404 458.098825454712 481.850828170776 366.86597442627 459.53968334198 383.717636108398 258.064270019531 307.05110168457 327.482788085938 448.951839447021 398.107330322266 358.498031616211 542.537693023682 512.490844726562 546.150978088379 600.817855834961 530.280818939209 531.208233833313 467.099910736084 578.789112091064 517.864236831665 462.696849822998 682.053359985352 626.732650756836 603.294162750244 594.457691192627 516.592819213867 554.503338813782 625.656162261963 614.959861755371 517.467567443848 581.719581604004 610.369911193848 481.773624420166 793.251129150391 521.298595428467 597.635204315186
