export/dem/dem48.asc
NCOLS 350
NROWS 171
XLLCORNER 152620
YLLCORNER 418050
CELLSIZE 100
NODATA_VALUE -9999
[rows 22 to 43 of 171, columns 50 to 99 of 350]
-9999 -9999 -9999 -9999 -9999 -9999 -9999 -9999 -9999 644.207441329956 616.726600646973 536.893493652344 631.975856781006 661.928628921509 248.451126098633 495.064359664917 298.124771118164 441.125091552734 636.902500152588 575.519630432129 606.577121734619 611.049873352051 570.006488800049 738.381134033203 874.437249183655 704.600246429443 604.96736907959 568.309432983398 678.630653381348 501.832466125488 521.084365844727 585.732423782349 673.128768920898 607.146342754364 582.620693206787 759.298759460449 610.781768798828 401.207901000977 490.451171875 638.612945556641 534.35294342041 628.460456848145 1140.64283943176 665.509864807129 511.667587280273 523.231468200684 436.695190429688 653.205009460449 554.508825302124 1309.67535400391
-9999 -9999 -9999 -9999 -9999 -9999 -9999 -9999 917.109432220459 700.130271911621 435.495346069336 516.111938476562 493.437637329102 291.160293579102 337.127639770508 612.141586303711 407.401489257812 616.566856384277 462.222427368164 520.645729064941 702.094219207764 654.539886474609 666.087448120117 691.132747650146 755.471981048584 714.763580322266 603.102510452271 383.945281982422 521.809293746948 352.435668945312 405.060508728027 423.763519287109 544.764545440674 625.923931121826 560.571330070496 752.207799911499 536.285120010376 1008.05813598633 798.355137348175 1150.38961982727 873.699081420898 533.022758483887 519.982971191406 527.681385040283 531.878532409668 488.917442321777 491.631172180176 698.484203159809 600.719440460205 1064.39495849609
-9999 -9999 -9999 -9999 -9999 -9999 -9999 1112.09913635254 808.859573364258 871.947525024414 402.654876708984 459.54118347168 362.228363037109 323.799354553223 342.150192260742 416.849487304688 545.689155578613 696.30443572998 642.939826250076 541.32266998291 697.646079063416 626.067888259888 745.419036865234 697.383628845215 739.771499633789 512.343811035156 572.922714233398 505.040691375732 523.217872619629 1095.40935516357 608.296997070312 497.108283996582 595.67992401123 527.032169342041 713.510963439941 618.149757385254 515.04907989502 611.245788574219 649.831394195557 687.214584350586 590.445623397827 446.914352416992 529.044231414795 512.030685424805 604.745916366577 547.018810272217 647.643005371094 443.604202270508 508.355253219604 1080.19175338745
-9999 -9999 -9999 -9999 -9999 -9999 869.366958618164 905.98392868042 863.07056427002 909.081535339355 473.847427368164 577.738845825195 445.020252227783 421.48095703125 464.587396621704 706.469169616699 686.330902099609 577.022716522217 608.636005401611 619.705749511719 601.33113861084 747.256866455078 474.530906677246 616.662820935249 514.662307739258 580.522162914276 481.857490539551 1122.12382125854 717.950492858887 606.16227722168 620.054321289062 696.820368766785 652.298492431641 809.401260375977 752.724437713623 660.201511383057 520.817092895508 523.920013427734 518.647369384766 604.19250202179 614.377155303955 536.531952857971 614.694107055664 545.243082046509 471.212203979492 501.412170410156 640.52562713623 642.789978027344 430.157699584961 844.858469009399
-9999 -9999 -9999 -9999 -9999 674.509620666504 567.128051757812 509.860728502274 431.806953430176 466.514495849609 550.475090026855 634.357544898987 617.846252441406 648.768889904022 588.76309967041 664.257322311401 679.657531738281 470.942520141602 693.684204101562 712.684265136719 681.8349609375 404.450042724609 620.300472259521 468.630142211914 528.807056427002 855.697257995605 716.511535644531 683.651123046875 904.452449798584 660.80020904541 741.118053436279 527.039596557617 415.384094238281 603.708545684814 692.982061386108 657.045555114746 504.081367492676 466.060272216797 534.282814025879 462.293823242188 579.719722747803 529.639476776123 415.74365234375 673.224411010742 473.271331787109 548.675930023193 564.122309684753 550.251895904541 576.301940917969 612.654014587402
-9999 -9999 -9999 -9999 537.389389038086 657.613277435303 363.884765625 558.999526977539 348.360565185547 625.446393013 598.69359588623 821.329025268555 656.772733688354 657.628704071045 630.64307975769 731.348340034485 547.487365722656 628.826751708984 379.952056884766 421.974319458008 546.439632415771 442.191474914551 408.8935546875 1024.00310134888 870.193412780762 735.909072875977 530.97184753418 638.113945007324 536.307907104492 680.840126037598 560.057590484619 678.012439727783 628.882278442383 643.450520515442 776.201904296875 632.637326478958 574.684192657471 502.759048461914 517.035999298096 589.551244735718 631.55419921875 396.447509765625 606.612945556641 503.839767456055 648.54077911377 507.973678588867 477.550849914551 587.512133598328 432.340606689453 518.056259155273
-9999 -9999 -9999 1083.15096282959 516.353466033936 401.908416748047 550.889362335205 403.57698059082 611.582355499268 445.802551269531 761.927490234375 526.708740234375 436.077026367188 517.222274780273 729.190620422363 721.230377197266 747.178604125977 718.209625244141 544.428131103516 498.567768096924 472.090385437012 475.760906219482 808.140674591064 442.549911499023 594.43151473999 568.801490783691 660.018287658691 554.22749710083 519.580808639526 522.345656871796 552.747339248657 499.622756958008 497.414665222168 600.585319280624 536.815505981445 621.943090438843 482.261566162109 515.726737976074 681.400917053223 505.114234924316 464.135078430176 420.932670593262 399.82479095459 480.470567703247 539.487405776978 473.953296661377 550.056968688965 506.812202453613 552.75203204155 489.219268798828
-9999 -9999 724.726528167725 1208.72413635254 486.200977325439 453.691479206085 508.048530578613 458.370216369629 596.058158874512 770.031179428101 678.470192909241 653.536380767822 500.088844299316 590.205581665039 646.921516418457 642.19836807251 664.578151702881 683.282451629639 882.074851989746 360.383331298828 1196.84478187561 484.885055541992 474.208503723145 464.712753295898 614.155059814453 578.223098754883 549.632194519043 599.006864547729 376.494018554688 379.470680236816 455.8346824646 595.559997558594 612.50940322876 366.379776000977 538.928377866745 526.276798248291 589.684108734131 501.911502838135 471.14421081543 405.682205200195 469.863639831543 511.85139465332 437.675727844238 354.140350341797 592.902198791504 738.678726196289 600.233924865723 530.453560829163 415.379943847656 781.122520446777
-9999 -9999 634.833930969238 1168.75692749023 1131.2417755127 451.160045146942 640.720726013184 518.156999588013 529.783470153809 705.237706661224 547.95133972168 552.695888519287 793.631622314453 619.35538482666 716.040348052979 630.600082397461 642.176971435547 445.232093811035 698.455062866211 625.030033111572 425.997734069824 495.370422363281 599.204624176025 435.018951416016 546.357749938965 490.434341430664 547.742523193359 510.673377990723 587.195770263672 396.272674560547 322.177703857422 605.57405090332 440.23998260498 478.559468269348 403.125831604004 371.66862487793 546.239227294922 517.022380828857 509.806402206421 513.993307113647 638.704208374023 619.57984161377 532.241481781006 473.121465682983 578.444473266602 617.596687316895 560.042991638184 621.913246154785 436.459602355957 741.086584568024
-9999 458.844207763672 676.145908355713 671.776195526123 693.685394287109 584.002994537354 514.743743896484 673.749900817871 650.305465698242 547.342025756836 597.244819641113 663.290243148804 697.231283187866 565.035934448242 509.303749084473 699.925964355469 721.619216918945 488.405087471008 765.173156738281 648.11888885498 633.384704589844 536.754556655884 446.680141448975 639.548843383789 456.651354789734 457.692291259766 457.671543121338 469.973250389099 403.668659210205 387.765228271484 552.260803222656 361.318862915039 433.694892883301 583.266799926758 355.543067932129 472.905250549316 386.62899017334 489.005012512207 537.520454406738 464.654124140739 468.673645019531 405.506591796875 419.048484802246 350.423095703125 468.518536567688 479.33211517334 452.863792419434 583.824905395508 638.268974304199 584.219707489014
383.415466308594 610.961284637451 714.794082641602 553.785232543945 435.081878662109 541.805194854736 532.16276550293 655.347557067871 514.462997436523 688.356643676758 535.370170593262 644.87313079834 556.440551757812 461.420806884766 575.99861907959 584.071187973022 510.219653129578 528.459898948669 563.32292175293 404.516632080078 497.581025540829 593.54621887207 489.656646728516 437.123195648193 547.911170959473 513.058025360107 522.01815032959 557.902046203613 501.01397895813 367.70565032959 557.927459716797 361.717590332031 496.43872833252 549.805885314941 335.592491149902 419.593841552734 524.796394348145 499.927419662476 504.164543151855 513.277820587158 650.139389038086 494.950286865234 539.892955780029 533.21044921875 474.478475570679 636.912162780762 503.268623352051 541.515369415283 529.268780708313 483.712501525879
523.501319885254 442.342864990234 435.377624511719 548.800506591797 462.771575927734 343.461975097656 550.476623535156 648.9543800354 669.698930740356 511.391815185547 652.613723754883 517.346485137939 509.61833190918 330.701484680176 560.633758544922 512.891059875488 582.697847366333 460.44633102417 494.949350357056 422.022583007812 430.719787597656 412.906436920166 535.132888793945 551.893920898438 448.908021450043 315.922065734863 551.026512145996 480.709889054298 335.109191894531 479.829598426819 323.23607635498 373.741363525391 404.257621765137 521.21150970459 495.807075500488 507.066551208496 565.305236816406 553.690078735352 384.912979125977 470.616508483887 302.618133544922 546.251767158508 532.194351196289 482.312870949507 415.174415588379 515.207164764404 322.481521606445 410.01277923584 403.943855285645 457.88985824585
409.72541809082 491.972214698792 566.180957794189 540.784364700317 550.068572998047 654.140245437622 622.429777145386 347.430099487305 685.081689834595 613.464866638184 419.304183959961 658.190925598145 479.257370948792 583.150169372559 414.371040344238 542.351333618164 376.675971984863 546.969083786011 413.096458435059 567.307037353516 617.338562011719 466.830228805542 545.212936401367 672.942504882812 495.150005340576 586.021423339844 573.902313232422 527.297786712646 503.008403778076 391.590785980225 570.100891113281 427.24542427063 432.63000869751 422.977745056152 292.123382568359 325.823989868164 431.975440979004 372.907234191895 364.781799316406 343.957008361816 324.914962768555 646.908592224121 353.063056945801 426.741226196289 470.434592247009 450.169496536255 420.863849639893 412.042793273926 607.743583679199 462.753547668457
605.636871337891 437.933135986328 459.753135681152 453.840812683105 475.322381973267 591.757362365723 623.069793701172 821.554271697998 817.278045654297 633.993999481201 435.961570739746 374.681274414062 565.056428432465 522.91419672966 573.603744506836 467.030879497528 591.037811279297 565.65559387207 607.078987121582 537.168933868408 597.539825439453 535.294952392578 554.756057739258 431.315611362457 367.031101226807 311.721313476562 490.972097933292 485.133247375488 500.112991333008 261.784484863281 532.386573791504 293.484573364258 543.274795532227 418.933542251587 507.780292510986 406.938457489014 548.995758056641 338.042747497559 467.090295791626 364.791954040527 473.035820007324 473.197938919067 448.79522895813 402.998355865479 350.969314575195 515.7131690979 388.109428405762 477.145275592804 456.459806442261 475.150537490845
628.50508415699 502.698616027832 411.616722106934 438.271812438965 574.974655151367 595.066516876221 639.875971794128 691.413909912109 632.632972717285 702.028984069824 337.138954162598 484.976715087891 594.168426513672 546.674664497375 527.04423391819 638.795562744141 309.898498535156 544.875354766846 566.797492980957 669.556243896484 422.137943267822 437.511483192444 576.126998901367 482.751861572266 336.807830810547 358.582092285156 449.771631240845 492.60506439209 295.316604614258 449.496273040771 533.531768798828 489.283996582031 503.329025268555 481.173526763916 331.586982727051 496.079475402832 505.874320983887 296.619216918945 401.530448913574 335.629150390625 349.707397460938 347.205806732178 482.030715942383 480.122661590576 376.067169189453 551.514984130859 492.452041625977 397.492301940918 429.331027984619 562.633689880371
557.204216003418 401.690940856934 519.764584541321 687.581130981445 791.691589355469 553.659004211426 450.632316589355 446.744873046875 530.945999145508 574.879585266113 349.632850646973 798.332832336426 493.221076965332 501.999362945557 461.138320922852 582.580963134766 514.23127746582 428.553462982178 413.486013412476 537.656410217285 460.59983253479 450.117496967316 278.204818725586 493.438671112061 421.805865287781 335.240356445312 341.769226074219 435.070203781128 254.137237548828 475.723209381104 276.469482421875 334.643028259277 370.345191955566 416.983039855957 468.504383087158 382.784862518311 650.219223022461 417.419368743896 464.120402812958 437.579628944397 565.432304382324 336.113456726074 447.133764266968 368.749313354492 479.096727371216 478.112270355225 457.808861255646 506.59704208374 462.864798069 422.829708099365
646.223388671875 611.895523071289 469.81653213501 674.736408233643 513.439339637756 444.764665603638 489.165451049805 1025.52979469299 1045.83231258392 1039.66454315186 485.25505065918 543.303188323975 404.646659851074 492.389636993408 550.236511230469 432.767692565918 314.945816040039 516.489658355713 526.84521484375 656.104309082031 425.614925384521 467.346807479858 378.770687103271 391.30931854248 478.582096099854 435.474215507507 402.851669788361 440.877342224121 436.319160461426 552.007225036621 430.823990345001 523.451843261719 458.245079040527 530.494834899902 350.788055419922 379.042068481445 427.519285202026 465.57256424427 369.886566162109 433.684986114502 450.389781951904 487.572338104248 434.845157623291 407.115949630737 372.832710266113 445.632803916931 395.890243530273 406.605152130127 416.306457519531 490.08757019043
425.667343139648 521.500228881836 473.53148651123 829.096652984619 490.675071716309 426.457701206207 271.49592590332 710.527824401855 524.593307495117 564.610366821289 423.602584838867 482.172843933105 509.376646280289 583.16561126709 529.236385345459 533.879257202148 505.641040802002 414.483386993408 490.585868835449 546.001930236816 425.901584625244 519.094467163086 469.997520446777 480.759410858154 428.654848098755 490.107925415039 470.873733520508 385.211088180542 445.449991226196 422.979270219803 566.581275939941 513.032112121582 306.536712646484 452.707096099854 502.12816619873 268.340530395508 575.204933166504 340.155158996582 401.095706939697 411.510034561157 450.117172241211 600.032852172852 516.219108581543 415.521924972534 359.820404052734 401.611618041992 522.789993286133 263.744400024414 575.529899597168 519.122451782227
514.728178024292 514.305572509766 899.405151367188 702.811539709568 759.017017364502 470.745742797852 434.674377441406 609.56547164917 427.092758178711 470.470291137695 578.986371994019 546.297184348106 606.074447631836 476.151866912842 432.093963623047 428.336406707764 420.74698638916 422.356258392334 528.200340270996 430.899290084839 497.609550476074 517.781867980957 346.618911743164 487.401588439941 514.361724853516 523.113815307617 420.524944424629 540.841148376465 521.102905273438 456.159561157227 418.711791336536 407.294832229614 403.65958404541 426.618580818176 427.148468494415 349.915908813477 332.868019104004 392.320899963379 441.79302406311 448.431323051453 522.7633934021 545.935211181641 439.234954833984 347.096153259277 333.789535522461 455.902878761292 460.245683431625 530.046279907227 515.181289672852 508.991409301758
469.821926116943 685.946231842041 656.232844829559 709.383171081543 760.887439727783 493.473841667175 387.701789855957 630.123908996582 659.474479675293 1148.66973495483 515.830696105957 630.284568786621 320.752975463867 506.635540008545 557.920707702637 411.815444946289 533.740493774414 494.340370178223 416.916612625122 379.582817077637 521.228050231934 519.655815124512 421.920623779297 441.42493724823 501.603034973145 491.423614501953 425.263031005859 396.528213500977 556.443893432617 412.883219003677 523.085311889648 483.661724090576 472.160858154297 458.561412811279 351.664325714111 301.797309875488 395.401245117188 376.141983032227 518.92546081543 418.616634368896 428.173599243164 514.156370162964 463.906850814819 361.912132263184 404.05158996582 442.425420761108 508.520950317383 452.673246383667 373.991138458252 496.19930267334
765.162353515625 831.353004455566 789.019519805908 862.876068115234 638.61149597168 572.848983764648 588.834998607635 608.816139221191 644.061546325684 461.623210906982 612.278180122375 504.315635681152 484.327449798584 495.578128814697 485.526917457581 457.901432037354 426.966642379761 490.245632171631 398.403018951416 448.919527113438 437.57795715332 507.039512634277 477.327655792236 343.903701782227 478.478103637695 399.089486598969 490.733978271484 397.21061706543 591.622573852539 375.471393585205 330.435173034668 368.612411499023 352.166694641113 382.234735488892 543.959365844727 485.301368713379 401.976501464844 504.063957214355 357.334098815918 410.604606628418 483.208789825439 419.347183227539 396.481658935547 213.876358032227 378.236457824707 424.619363963604 601.120941162109 617.93244934082 555.103645324707 477.344242095947
551.342113494873 907.338781356812 748.93957901001 891.38729095459 447.634986877441 387.889640808105 499.213726043701 522.493469238281 629.506572723389 572.464416503906 518.585517883301 572.565811157227 443.480670928955 439.468879699707 494.460485935211 454.33683013916 431.510063171387 564.259422302246 499.092132568359 300.820899963379 480.5661277771 308.231597900391 390.903093338013 390.537582397461 537.39323425293 313.895965576172 276.613403320312 457.310108184814 503.630241394043 521.1962890625 442.579888939857 476.183305740356 431.171355247498 531.701316833496 519.778526306152 550.216827392578 448.882545471191 436.068696975708 395.955921173096 431.339797973633 407.517597198486 533.176114559174 587.535751342773 436.770677566528 436.910842895508 472.346210479736 358.399810791016 459.541560173035 463.653505325317 559.034042358398
