export/dem/dem56.asc
NCOLS 350
NROWS 171
XLLCORNER 152620
YLLCORNER 418050
CELLSIZE 100
NODATA_VALUE -9999
[rows 66 to 87 of 171, columns 50 to 99 of 350]
642.077934265137 496.859720230103 416.788932800293 439.229013442993 523.083763122559 574.204040527344 458.181137084961 326.927261352539 423.629729747772 204.203750610352 263.806060791016 353.288549661636 315.784564971924 332.021102905273 499.897506713867 330.202703475952 315.552930831909 430.848937988281 375.595287322998 447.333053588867 439.574188232422 466.870719909668 429.784816741943 333.658920288086 441.895099639893 564.695266723633 475.440795898438 352.034326553345 536.815856933594 377.772169589996 394.553729534149 530.958908081055 331.113220214844 426.658508300781 402.231549501419 414.195368766785 243.755264282227 425.366676092148 424.181814193726 414.498176574707 380.582778930664 320.331008911133 307.691604614258 385.232532501221 437.35148525238 321.657051086426 389.955726623535 514.528270721436 509.491855621338 331.338745117188
427.069183349609 560.488891601562 396.105903625488 274.321533203125 406.419546127319 379.675630569458 369.995643615723 299.553787231445 366.513209342957 442.032435417175 293.976196289062 312.63151550293 219.822425842285 341.040279388428 318.735710144043 267.490947723389 336.974633693695 311.634090423584 382.414527893066 431.913902282715 293.527305603027 487.572357177734 477.721817016602 388.573895990849 572.916961669922 472.933250427246 436.639308929443 388.81168794632 375.038946151733 422.600830078125 252.020942687988 293.520126342773 544.141220092773 316.47957611084 466.452320098877 403.150013923645 480.387855529785 397.533525466919 359.579521179199 431.782472610474 406.962320327759 308.817153930664 297.762268066406 302.258270263672 417.966194152832 380.433586120605 284.343811035156 330.519546508789 330.921821594238 349.620712280273
402.857261657715 609.956085205078 552.067848205566 400.805252075195 287.886070251465 221.518295288086 477.14860534668 411.883972167969 291.517730712891 446.894454956055 238.501502990723 253.814796447754 357.427715927362 244.311767578125 333.548643112183 195.533981323242 357.366982460022 234.54125213623 329.889255523682 363.103764712811 267.614593505859 315.472076416016 315.338012695312 480.381454467773 336.326171875 465.106147766113 450.184867858887 438.500101089478 411.694118499756 528.515579223633 540.351379394531 432.560411453247 298.159408569336 446.168724060059 497.851875305176 185.024505615234 511.498062133789 423.336519241333 244.264724731445 400.931396484375 542.387557983398 479.174970626831 335.54508972168 397.933181762695 491.620620727539 419.496032714844 545.886985778809 455.257397890091 401.661396026611 521.172130584717
588.000999450684 632.199691772461 585.010818481445 500.794609069824 206.911056518555 216.697021484375 35.4554748535156 350.090598106384 184.692749023438 321.245273590088 280.99934387207 194.787811279297 394.386962890625 244.180656433105 299.298027038574 348.670085906982 265.617553710938 466.986640930176 410.898403167725 484.739410400391 309.653327941895 393.439210414886 356.657808303833 376.398548126221 540.381698608398 304.028099060059 419.253107070923 469.980583190918 348.237621307373 485.506355285645 423.186466217041 400.810459136963 507.960594177246 472.246482849121 365.058532714844 405.756374359131 379.939374923706 174.023895263672 337.998527526855 302.563873291016 270.472640991211 496.943046569824 490.304077148438 251.330490112305 433.833930969238 519.730140686035 542.35636138916 395.991481781006 332.136901855469 367.673820495605
472.957914352417 493.272407531738 414.924176216125 410.584710121155 307.029014587402 392.579895973206 289.684799194336 148.671966552734 330.707479476929 265.104866027832 261.362434387207 289.847099304199 476.810440063477 225.87809753418 177.056381225586 384.19446182251 341.442394256592 337.12134552002 468.826522827148 451.747863769531 286.746910095215 495.497024536133 332.623546600342 486.225326538086 397.741162776947 469.434700012207 383.504766464233 277.019454956055 401.251068115234 387.933287620544 436.38338470459 470.817031860352 407.204051971436 312.721923828125 389.31498336792 271.447471618652 557.889129638672 376.905967712402 313.402465820312 395.363683700562 366.566837310791 383.006858825684 371.857437133789 381.821182250977 451.65375995636 479.349592208862 407.677249908447 408.730895996094 452.197604179382 468.586051940918
446.103266716003 462.869132995605 329.696159362793 362.045307159424 357.061462402344 220.601211547852 352.826007843018 223.763198852539 373.937398910522 267.617233276367 458.834381103516 285.148567199707 437.344680786133 433.387557983398 378.396224975586 432.629440307617 331.7766456604 510.05615234375 470.409973144531 272.40389251709 387.851379394531 187.707321166992 330.144813537598 398.897724151611 378.32137966156 414.207355499268 407.990652084351 361.061349868774 451.872398376465 441.583763122559 342.074668884277 515.726959228516 437.039409637451 356.173553466797 406.646286487579 451.072929382324 403.141188621521 360.29020690918 403.927589416504 327.833084106445 265.135711669922 282.717300415039 319.259857177734 515.080718994141 428.105766296387 399.383228302002 579.411636352539 463.458096981049 488.753328323364 407.666454315186
361.280258178711 419.306259155273 484.955390930176 475.000076293945 389.092542648315 414.899208068848 353.548369407654 306.924571990967 298.253650665283 374.738418579102 379.257968902588 234.298492431641 342.665853500366 353.395775794983 388.047855377197 325.980506896973 476.851661682129 377.565711975098 539.685943603516 438.89363861084 426.097049713135 456.489059448242 265.547325134277 457.741233825684 441.106254577637 425.944488525391 550.130477905273 268.759384155273 324.704032897949 442.475040435791 313.807922363281 455.441795349121 370.800046920776 259.361755371094 274.721382141113 472.968681335449 527.572273254395 473.808277130127 576.078231811523 253.370498657227 371.437507629395 318.402061462402 578.642860412598 470.877023696899 488.678276062012 699.770172119141 559.680648803711 560.539688110352 477.686084747314 508.356477737427
509.511428833008 441.189990997314 548.428009033203 452.849388122559 432.775161743164 363.998240470886 257.191925048828 391.037185668945 373.118574142456 299.980072021484 331.822219848633 358.513055801392 338.661582946777 408.047378540039 388.323833465576 238.615684509277 350.558948516846 361.824573516846 451.831748962402 305.68953704834 410.45873260498 313.41251373291 453.81867980957 551.371688842773 367.006866455078 415.605350494385 461.371673583984 346.707487106323 421.628398895264 321.087562561035 364.771968841553 383.289328098297 516.472839355469 281.887908935547 426.229541778564 311.311805725098 467.617824554443 445.767345428467 616.056823730469 302.97314453125 275.767440795898 409.047607421875 351.92985534668 401.696434020996 456.930570602417 573.125076293945 556.010562896729 432.894729614258 340.288223266602 465.77880859375
598.863433837891 505.670112609863 484.588363647461 415.667415618896 318.26921081543 291.223838806152 296.215110778809 376.258571624756 323.681568145752 408.929882049561 212.876831054688 346.348857879639 488.720550537109 261.196784973145 383.670970916748 364.888457298279 159.92561340332 274.119155883789 326.962413787842 343.336360931396 345.086059570312 506.659973144531 382.691553115845 302.219619750977 237.278335571289 444.637603759766 329.285785675049 332.999877929688 238.686431884766 375.295537233353 439.843425750732 363.990720748901 232.406127929688 334.058853149414 415.764992713928 383.712508916855 389.468496322632 429.260971784592 496.501052856445 320.08275604248 335.85758972168 510.434459686279 467.487653255463 456.385200500488 413.548076629639 597.973640441895 548.845531463623 369.110366821289 500.593015670776 466.11625289917
465.625829696655 415.206546783447 523.870903015137 383.314594268799 420.362125396729 275.44881439209 213.595581054688 335.423351287842 360.571385145187 269.370933532715 453.873901367188 301.14497756958 326.70133972168 350.546304225922 284.564254760742 270.954261779785 285.683166503906 303.233589172363 422.088500976562 327.173748016357 335.393299102783 276.331901550293 336.487987518311 343.471833229065 522.770660400391 424.660385131836 409.516164779663 254.119445800781 282.220085144043 373.493867874146 319.508934020996 267.80696105957 273.55883026123 371.389194488525 351.271873474121 414.955490767956 457.327404022217 546.146301269531 524.169761657715 365.981300354004 534.598182678223 469.849223136902 517.181701660156 524.468292236328 523.97745513916 439.573638916016 467.103809356689 476.291173458099 555.874176025391 819.631008148193
629.137566566467 473.964744567871 354.618499755859 389.487664222717 196.104705810547 538.116409301758 377.647247314453 369.251310110092 515.632095336914 349.292416572571 352.991297245026 503.669357299805 269.86205291748 391.900116443634 549.870483398438 534.655487060547 454.541397094727 434.387176513672 418.750442504883 494.6025390625 275.409973144531 315.934631347656 403.824142456055 425.846088409424 376.548027038574 404.754974365234 425.257186889648 408.17342376709 451.946231842041 377.189476013184 392.138521775603 368.266439437866 372.333927154541 540.761047363281 453.748542785645 356.695579528809 329.394149780273 348.977157592773 450.210372924805 589.197250366211 419.096355438232 471.305667996407 432.478252410889 540.160186767578 547.062156677246 389.907371520996 635.818225860596 767.787788391113 603.051586151123 531.015213012695
451.858527183533 504.320362091064 421.458213806152 355.099506378174 478.040475323796 413.912613868713 433.605762481689 523.825149536133 251.830963134766 370.761781692505 488.254997253418 192.588516235352 282.805686950684 399.468116760254 427.046592712402 447.604583740234 274.371887207031 548.05583190918 310.030193328857 499.656387329102 448.687828063965 438.811546325684 468.46183013916 397.028455734253 428.342594146729 392.809818267822 369.157398223877 302.591384887695 449.263427734375 411.66534614563 339.970447540283 422.569787979126 410.223192214966 583.822036743164 365.498023986816 419.281791687012 363.798599243164 444.067057609558 456.646743774414 510.103197097778 535.779863357544 466.763402938843 452.110307693481 501.001766204834 545.821250915527 662.571292877197 548.976526260376 543.079666137695 434.124324798584 787.060653686523
468.718392372131 415.465545654297 377.510971069336 375.484470367432 370.697170257568 404.673728942871 425.765243530273 419.22119140625 400.924652099609 157.652114868164 346.245561599731 264.46076965332 222.217575073242 358.614051818848 411.3922996521 434.584495544434 411.898586273193 433.984306335449 337.097220420837 514.092514038086 291.738925933838 465.173431396484 339.963809967041 428.839721679688 344.059917449951 459.992126464844 304.45044708252 378.612614631653 428.295600891113 359.59965133667 403.879187822342 435.031959533691 295.522277832031 524.852149963379 505.822074890137 511.956977844238 372.180160522461 476.363887786865 444.875877380371 522.948757171631 714.062973022461 640.284797668457 445.14848613739 774.808101654053 589.127737045288 683.617614746094 395.048065185547 382.743064880371 555.735413074493 448.442886352539
341.063933849335 344.791326522827 384.115131378174 342.711376190186 454.423704624176 465.054626464844 287.727958679199 372.551156997681 381.637050628662 268.657844543457 149.760757446289 352.232406616211 365.796659469604 423.440048217773 213.867111206055 343.562713623047 394.504919052124 466.26432800293 374.796103477478 363.901356220245 485.22900390625 396.176357269287 328.863716125488 464.112770080566 538.216331481934 323.504306793213 401.638204574585 395.193935871124 485.493324279785 428.605619430542 317.741165161133 360.568943023682 377.648414611816 393.144718170166 470.526391983032 470.888417243958 498.310646533966 484.736326694489 391.670906066895 292.264984130859 676.420486450195 613.169166564941 862.225200653076 682.733436584473 722.022148132324 666.568668365479 588.29541015625 470.338981628418 441.824577331543 641.171466827393
550.66911315918 316.583625793457 459.388946533203 528.788703918457 353.168262481689 353.986137390137 249.588737487793 443.72794342041 459.223541259766 389.137363433838 458.38916015625 468.850250244141 369.216759204865 370.650504112244 277.138160705566 295.637901306152 462.417144775391 497.099464416504 241.787887573242 284.548530578613 395.986181259155 333.669776916504 401.628799438477 535.927780151367 347.483234405518 243.378128051758 327.054420471191 349.250408172607 457.308704376221 309.280952453613 444.0615234375 452.687480926514 484.834690093994 448.172271728516 383.596656799316 466.654675483704 449.107080936432 441.163391113281 482.674618244171 508.609530925751 693.20751953125 586.45959854126 917.590560913086 467.524352073669 535.571872711182 494.588606834412 710.39762878418 522.577575683594 571.827905654907 577.230541229248
370.528982162476 392.530504226685 342.823553085327 378.920523643494 440.397499084473 452.026458740234 399.53168296814 342.556694507599 377.237340927124 437.346138000488 325.732864379883 341.291936397552 379.141433238983 232.267074584961 331.110639572144 127.600845336914 127.533264160156 198.9794921875 276.846122741699 385.697420120239 368.265661239624 250.181907653809 427.337768554688 608.430145263672 323.659217834473 467.392372131348 362.14573097229 430.368354797363 363.428086280823 423.773447036743 397.226279020309 435.257987976074 507.261184692383 540.443267822266 226.870834350586 569.879470825195 471.65943145752 451.328109741211 518.094589233398 681.928756713867 1031.42118835449 457.256217956543 765.14013671875 666.373687744141 623.406288146973 634.946151733398 453.319339752197 593.272689819336 610.856430053711 656.508972167969
345.116870880127 295.342388153076 402.194549560547 246.54508972168 436.821388244629 533.248886108398 378.145622253418 402.821533203125 513.175704956055 337.472066879272 304.044235229492 328.180170059204 344.9439868927 225.955047607422 294.930965423584 276.493095397949 260.497421264648 341.439256668091 430.900035858154 500.370941162109 306.20679473877 473.623497009277 285.276252746582 335.2763671875 438.644020080566 463.271926879883 324.562469482422 321.14478302002 445.860904693604 304.198875427246 414.055498123169 466.994331359863 570.228889465332 438.849468231201 547.083961486816 440.489534378052 417.631286621094 676.373390197754 829.218360900879 543.755378723145 698.287124633789 534.466606140137 435.758668899536 406.825210571289 670.288665771484 555.392848968506 518.04362487793 374.696792602539 485.286270141602 768.117721557617
439.511528015137 339.270513534546 257.868270874023 442.443046569824 373.631355285645 429.896366119385 326.972220420837 388.295810699463 281.268115997314 336.287286758423 356.194150924683 332.377511978149 270.755920410156 395.331756591797 342.876448154449 205.655242919922 307.151775360107 213.551147460938 417.247634887695 520.425338745117 530.257843017578 325.886871337891 394.994400024414 417.995471954346 429.535278320312 454.931331634521 473.333698272705 446.611110687256 398.742963314056 461.539218902588 413.486312866211 461.443656921387 557.985000610352 490.17399263382 345.611938476562 630.5419921875 635.716728210449 718.940124511719 587.333793640137 573.563146591187 514.011083602905 602.121566772461 489.593542098999 482.8393907547 621.309267044067 645.455944061279 750.23046875 692.270355224609 720.296173095703 595.871877670288
475.582656860352 392.224571228027 445.321876525879 575.345687866211 585.810546875 383.614772796631 248.283668518066 466.54524230957 422.116630554199 352.801099777222 296.071998596191 301.811386108398 447.033676147461 414.582092285156 364.62984085083 304.113677978516 266.76879119873 363.724572658539 308.426692962646 395.171308517456 368.399171829224 202.993011474609 386.067891120911 476.843475341797 576.537826538086 509.380950927734 662.785354614258 539.846054077148 449.806304931641 600.040252685547 459.396743774414 557.294372558594 464.558959960938 508.198377609253 571.590957641602 451.521667480469 707.551901817322 615.512413024902 653.997772216797 548.735389232635 492.416675567627 541.20210647583 706.855621337891 606.175353050232 756.938011169434 594.381181716919 710.19002532959 685.457374572754 833.481369018555 681.546720504761
268.63355255127 423.794464111328 343.257995605469 413.774833679199 350.228680610657 429.725028991699 354.439086914062 288.267241477966 389.697916030884 411.210885047913 352.467288970947 386.317119598389 408.190414428711 453.084510803223 366.932765960693 219.589370727539 398.066865921021 358.560293197632 333.18369102478 300.573677062988 272.895469665527 330.592918395996 440.563171386719 366.593788146973 563.469024658203 478.06755065918 487.334884643555 505.405418395996 521.173263549805 546.001373291016 561.841384887695 398.63591003418 579.888900756836 541.467147827148 484.136922836304 437.354488372803 484.157173156738 520.010761260986 580.33358001709 419.039844512939 402.048042297363 718.977294921875 688.336112976074 689.351570129395 762.118545532227 -9999 -9999 1087.50202941895 661.077689349651 910.606983363628
535.534255981445 513.330848693848 546.890014648438 427.454555511475 351.413862228394 397.091194152832 332.573711395264 252.346542358398 279.858261108398 388.854526519775 412.230140686035 413.355461120605 408.372184753418 332.267961502075 318.509664535522 337.632978439331 247.098747253418 355.600214958191 346.156394004822 416.25952911377 240.853744506836 424.83575630188 341.080547332764 386.792455196381 423.829694747925 573.69987487793 445.683944702148 555.110733032227 618.810638427734 536.19075012207 459.387172698975 558.054885864258 514.294841766357 612.388671875 522.074569702148 938.814849853516 543.206474304199 606.937356948853 399.048583984375 471.355182647705 485.101982116699 592.538650512695 -9999 -9999 -9999 -9999 -9999 -9999 -9999 -9999
421.150489807129 462.970680236816 310.411804199219 428.111446380615 456.418685913086 541.856552124023 465.755195617676 235.630905151367 308.235557556152 422.008308410645 288.108726501465 447.455825805664 461.40983581543 464.168357849121 333.627304553986 354.905955553055 339.459125518799 340.95069694519 268.921867370605 501.122138977051 357.726741790771 435.195606231689 435.704544067383 378.375137329102 423.370826721191 356.624071121216 502.100646972656 644.838729858398 668.345092773438 424.365783691406 647.389678955078 436.783686459064 616.060768127441 415.059871673584 468.178585886955 519.321796417236 557.29238319397 438.751770019531 316.856552124023 406.210266113281 575.156745910645 -9999 -9999 -9999 -9999 -9999 -9999 -9999 -9999 -9999
