export/dem/dem57.asc
NCOLS 350
NROWS 171
XLLCORNER 152620
YLLCORNER 418050
CELLSIZE 100
NODATA_VALUE -9999
[rows 44 to 65 of 171, columns 50 to 99 of 350]
898.945693969727 688.889228820801 853.201061248779 771.699119567871 524.410255432129 502.403228759766 653.515983581543 714.84748840332 845.093994140625 740.231658935547 1030.13052368164 482.563535690308 482.466423034668 471.837152481079 403.4912109375 549.03483581543 509.645709991455 597.460906982422 463.150714874268 555.26237487793 429.757389068604 588.346130371094 368.020011901855 434.137222290039 347.139144897461 584.161163330078 418.181816101074 459.440578460693 496.246887207031 581.952590942383 315.482231140137 508.429718017578 441.331459522247 423.322986602783 305.180038452148 514.951080322266 474.181571960449 332.887969970703 392.354961395264 530.791481018066 418.447878837585 514.735858678818 444.665892601013 376.51293182373 374.210346221924 306.536582946777 291.677474975586 346.178108215332 495.784591674805 432.505785942078
798.542781829834 679.162773132324 576.825149536133 734.84774017334 511.579840660095 534.506053924561 822.646759033203 593.677688598633 586.127182006836 1000.05157470703 750.483306884766 554.080055236816 400.26636505127 526.597387313843 437.007705688477 438.151937484741 476.596702575684 563.426483154297 528.846206665039 497.016380310059 444.093790054321 545.573501586914 398.38911819458 421.66711807251 336.824325561523 466.040489196777 615.756759643555 579.16877746582 456.312839508057 522.297233581543 637.518661499023 404.505386352539 309.751739501953 378.349018096924 557.735198974609 580.605010986328 315.273307800293 532.811676025391 362.245594024658 485.817047119141 546.926765441895 400.616233825684 561.867477416992 318.408012390137 455.672773361206 494.494372367859 422.219435691833 499.351661682129 546.162643432617 349.800331115723
586.473094940186 529.199682235718 563.822814941406 620.603454589844 503.285209655762 609.493431091309 702.990234375 343.230491638184 675.239647865295 769.833236694336 441.481155395508 729.494277954102 546.777000427246 381.694801330566 431.597225189209 475.849823951721 422.499842166901 351.593475341797 517.378448486328 498.106559753418 442.453598022461 362.972244262695 448.994064331055 404.793917655945 332.524291992188 481.019676208496 462.846694946289 419.109302520752 415.07476234436 333.266304016113 409.751379013062 477.100784301758 438.269390106201 395.418947219849 463.257328033447 436.687767028809 352.080352783203 505.068214416504 488.046058654785 477.722930908203 486.284079551697 318.928863525391 346.853950500488 333.464897155762 396.0999584198 413.701705932617 367.255737304688 225.090789794922 374.034187316895 427.858918190002
519.759910583496 457.462696075439 524.275695800781 562.046768188477 515.68310546875 554.760894775391 1031.61837673187 770.452880859375 517.030239105225 462.022747039795 567.41625213623 641.153030395508 431.30558013916 376.813468933105 467.218154907227 449.814856529236 551.151069641113 547.397735595703 461.650512695312 312.636123657227 337.342308044434 279.506713867188 487.410018920898 508.843307495117 438.796329498291 273.929275512695 652.57878112793 519.834808349609 553.132209777832 483.840099334717 499.613883972168 503.097967147827 522.950836181641 432.288025379181 346.050514221191 349.174018859863 393.658294677734 508.023452758789 394.963470458984 347.252059936523 396.83402633667 291.653030395508 315.546035766602 462.961977005005 459.576511383057 201.229766845703 342.434791564941 324.170318603516 507.462287902832 421.177044868469
487.364124298096 469.164691925049 512.509910583496 690.135543823242 600.888641357422 459.205894470215 488.155004501343 455.076396942139 356.257583618164 643.731414794922 581.328819274902 487.928699493408 516.484134674072 493.237510681152 316.464828491211 496.267011642456 515.624885559082 565.471496582031 484.933570861816 429.426313400269 384.606227874756 470.973850250244 557.620361328125 430.249811172485 471.914772033691 426.277151107788 412.265106201172 380.445922851562 512.272331237793 526.007705688477 449.0240650177 539.297859191895 432.887710571289 743.64013671875 463.867500305176 342.402366638184 391.006799697876 669.84211730957 405.887512207031 376.211303710938 408.519578933716 442.804777145386 381.17845916748 395.591464996338 571.150817871094 437.310373306274 486.111835479736 512.902614593506 513.948959350586 605.774398803711
595.767904758453 518.713195800781 410.150512695312 742.581298828125 656.290348052979 491.032554626465 456.135650634766 395.188194274902 527.66202545166 489.542115211487 521.192848205566 615.71800994873 507.533006668091 397.353866577148 396.967529296875 484.258378982544 393.243688583374 304.597602844238 290.524765014648 443.708831787109 421.614676475525 579.145935058594 484.729866027832 441.978164672852 535.063507080078 329.795524597168 495.486839294434 428.697613239288 478.336093902588 467.255462646484 444.461911678314 380.414901733398 567.180068969727 509.338882446289 497.131233215332 340.070861816406 481.43620300293 501.004844665527 398.594547271729 602.233352661133 341.608749389648 288.616775512695 500.527908325195 508.877849578857 362.276626586914 292.809020996094 435.585139274597 510.076278686523 511.751235961914 477.961978912354
371.42107629776 539.970672607422 572.17276763916 1109.49600219727 637.539321899414 403.94637298584 509.250787734985 486.673046112061 603.708877563477 493.280199050903 401.769096374512 474.873859405518 427.701555252075 479.203783035278 491.461578369141 385.367618560791 412.4404296875 628.966781616211 313.535301208496 333.795738220215 395.450399398804 481.064888000488 436.612451553345 541.067115783691 401.611903190613 455.454965591431 428.84620475769 410.184925079346 339.963752746582 542.877571105957 609.264984130859 552.030143737793 412.669719696045 554.815948486328 520.999229431152 393.014822006226 314.775039672852 444.779930114746 393.577917098999 331.649284362793 468.885013580322 216.503723144531 351.942569732666 443.448333740234 426.847465515137 258.242095947266 451.429407119751 488.719036102295 572.69059753418 306.1474609375
785.08235168457 610.155883789062 572.786918640137 618.781105041504 604.544212341309 594.114364624023 544.502590179443 392.303359985352 513.55993270874 533.90746307373 496.496562957764 494.200180053711 384.049098968506 503.470844268799 408.319828033447 516.845733642578 406.062808990479 366.458419799805 437.759703636169 447.394245147705 444.388296127319 301.467056274414 428.241704940796 464.39595413208 422.389086008072 352.95832824707 449.254423141479 488.104698181152 383.866317749023 427.509701728821 307.184837341309 563.635025024414 283.944229125977 516.291061401367 529.514366149902 445.49831199646 495.058227539062 417.578984260559 372.735527038574 494.149345397949 415.891416549683 599.635063171387 254.401596069336 472.165554046631 429.894161224365 285.58016204834 404.257827758789 358.17794418335 388.001678466797 430.366995811462
751.696434020996 542.942123413086 920.547622680664 592.359781265259 520.254922866821 434.08358001709 643.689239501953 625.464233398438 421.57543182373 293.136840820312 410.950099945068 534.672424316406 403.805419921875 462.056835174561 446.721778869629 408.716552734375 434.577081680298 527.442123413086 547.871025085449 468.13883972168 318.075187683105 427.686706066132 469.82693862915 384.73743057251 459.013690948486 410.994055747986 428.224617004395 497.075988769531 438.56085395813 435.799289703369 405.548355102539 520.843742370605 405.464813709259 418.835662841797 465.23365020752 481.08472442627 461.334075927734 455.206829071045 323.113227844238 389.400451660156 376.80884552002 359.717636108398 437.281278610229 436.41259431839 414.075360298157 424.775023460388 311.609794616699 170.431198120117 349.887287139893 184.236434936523
655.841678619385 561.71639251709 468.558013916016 429.433898925781 572.632850646973 365.012496948242 555.055458068848 428.384838104248 416.454212188721 431.276346206665 583.211654663086 375.350944519043 387.839311599731 543.071243286133 441.646556854248 585.307815551758 540.628074645996 579.751800537109 493.511238098145 403.849937438965 359.305358886719 310.880790710449 467.031841278076 450.545875549316 648.446044921875 438.203023910522 622.609039306641 367.451818466187 306.553550720215 419.272342681885 356.294059753418 574.819686889648 422.865261077881 385.954946756363 510.659145355225 534.055572509766 511.867149353027 384.322266578674 440.17959022522 471.260543823242 363.9075050354 254.183334350586 467.458946228027 487.377876281738 443.746023178101 506.725433349609 365.863086700439 236.058151245117 358.213315963745 403.735324859619
679.464515686035 803.858276367188 609.698341369629 646.255739212036 383.848403930664 567.77218580246 512.097635269165 477.582050323486 465.632489204407 336.421768188477 294.102615356445 422.784740447998 321.490371704102 476.871971130371 379.023704528809 442.541694641113 542.033164978027 428.223712921143 422.77285528183 403.663756847382 418.879177093506 588.745880126953 404.005945682526 629.309478104115 618.76106262207 364.256423950195 343.807270050049 297.669441223145 368.293096542358 368.887976646423 489.154197692871 484.870979309082 450.176986694336 511.606948852539 617.03889465332 470.450183868408 563.816619873047 434.694046020508 467.850814819336 338.895008087158 237.048095703125 229.379425048828 517.556190490723 552.053207397461 305.80224609375 390.155891418457 375.212627410889 335.229141235352 232.264434814453 473.92813873291
762.808380126953 1272.99034118652 736.005065917969 743.287963867188 666.182975769043 501.600351452827 472.328905344009 486.03436088562 389.439338684082 537.264762878418 378.936225891113 497.212837219238 532.252510070801 453.916786193848 442.922595977783 414.661188602448 536.034790039062 397.184381484985 235.401992797852 260.291625976562 379.710235595703 418.14842414856 395.105964660645 564.442993164062 566.945785522461 548.112121582031 388.230045318604 349.503678321838 251.258316040039 497.219985961914 520.488906860352 412.587789535522 471.409233093262 479.279800415039 326.675674438477 430.530325889587 315.022705078125 347.395214080811 380.058290481567 353.097965240479 238.201629638672 412.25958108902 455.542373657227 209.417388916016 349.319820404053 408.466459751129 299.707489013672 455.462451934814 189.258453369141 292.738861083984
595.634994506836 717.6923828125 676.200141906738 731.438552856445 590.018863677979 393.1318359375 465.613143920898 446.143770217896 577.811309814453 542.656532287598 376.805830001831 602.269134521484 397.77815747261 444.363136291504 320.532264709473 517.849647521973 426.541975021362 504.001731872559 384.36808013916 298.141906738281 396.362499237061 356.895034790039 461.027732849121 431.383560180664 388.196731567383 329.944515228271 278.153835296631 342.208405017853 246.390739440918 357.175224304199 363.094478607178 340.481060028076 334.503945827484 179.793838500977 428.821218490601 331.808029174805 347.942989349365 362.102073669434 499.182907104492 281.424438476562 361.541893005371 341.879829406738 397.627202987671 558.150039672852 318.949211120605 442.099935531616 434.548206329346 317.42594909668 334.042121887207 447.636291503906
779.093795776367 474.385328292847 574.522008895874 576.491245269775 590.372547149658 436.934104919434 438.070098876953 340.047752380371 472.297389984131 441.943315505981 568.639724731445 493.897789001465 395.498811244965 416.240674972534 363.249835968018 204.082412719727 413.534440040588 463.260471343994 302.752006530762 516.27857208252 433.830667495728 352.199531555176 412.411552429199 472.343872070312 397.53751373291 330.081077575684 164.158172607422 352.173040390015 120.636856079102 228.145164489746 259.51155090332 470.049575805664 333.831993103027 487.524955749512 333.441665649414 338.93741607666 340.310657501221 361.860111236572 349.225193023682 395.528943479061 431.342266082764 331.69994354248 505.209075927734 531.197425842285 274.822235107422 490.488479614258 299.864120483398 433.73074054718 374.719047546387 426.118484258652
507.812430381775 500.265209197998 748.131958007812 659.453575134277 636.819198608398 540.787456512451 522.201049804688 640.398788452148 562.271560668945 344.983757019043 471.823036193848 352.326366424561 371.402846574783 436.359813690186 477.720932006836 367.777400970459 507.013725280762 364.384143829346 374.110481262207 407.510305404663 210.764282226562 238.759483337402 231.904823303223 228.354820251465 298.197200775146 374.104091644287 285.517330169678 264.80103302002 406.741659164429 323.858299255371 368.009902596474 346.472448348999 279.711700439453 302.203323364258 294.104515075684 251.639587402344 326.027496337891 302.01619720459 371.114942550659 394.260723114014 360.705467224121 336.913276672363 235.340667724609 462.684356689453 447.63850402832 307.378852844238 396.361190795898 389.202301025391 482.295406341553 413.639759063721
578.024139404297 567.80158996582 585.635410308838 907.429260253906 595.280010819435 635.366374969482 586.16389465332 518.778190612793 338.967041015625 416.240309715271 313.303527832031 371.094777584076 393.956615447998 307.942378997803 458.369205474854 159.897323608398 436.007056176662 410.539358139038 270.279884338379 521.388778686523 335.723069190979 277.966575622559 342.199620962143 197.149078369141 412.367942810059 463.411087036133 398.047897338867 377.631031513214 432.110469818115 325.197620391846 268.171447753906 213.646713256836 332.072052001953 172.353073120117 341.72847366333 238.780288696289 331.467137336731 410.667032241821 334.448276519775 557.239700317383 323.508903503418 313.788757324219 343.311622619629 267.370109558105 395.839707374573 432.232782840729 505.754028320312 412.049158096313 403.715496063232 483.869129180908
537.98450088501 613.131362915039 589.512610435486 539.737487792969 575.398368835449 791.664764404297 465.196807861328 368.339416503906 570.030975341797 596.601806640625 374.334159851074 442.376949310303 457.729217529297 472.636032104492 204.315612792969 334.002746582031 413.636638641357 433.477842330933 505.95475769043 493.01676940918 319.70520401001 281.246154785156 337.440887451172 307.48152923584 178.864318847656 402.683753967285 321.290153503418 367.546213150024 276.560447692871 265.948745727539 361.393772125244 282.986419677734 290.271591186523 368.136793136597 205.516372680664 321.358646392822 290.108375549316 226.565139770508 342.686923980713 379.092992782593 424.192108154297 245.610214233398 368.700424194336 413.059580802917 513.553455352783 275.53254699707 241.076599121094 341.262351989746 505.913734436035 395.132011413574
674.649826049805 590.406261444092 631.218605041504 620.333099365234 767.303787231445 649.764436721802 716.682525634766 459.586296081543 344.23567199707 563.649948120117 547.884796142578 450.09077835083 365.654731750488 451.604572296143 220.48681640625 436.36017036438 438.062440872192 333.483554840088 357.180355072021 448.163021087646 570.298141479492 419.990676879883 379.374372005463 386.3240442276 424.897274017334 253.336883544922 244.734672546387 362.32251739502 297.377944946289 373.715994358063 299.493782043457 284.16251373291 238.099639892578 251.05012512207 453.650505065918 300.119483947754 314.97045135498 323.984107971191 444.229991912842 455.453552246094 219.130416870117 291.873458862305 286.931640625 264.851654052734 528.205276489258 412.633293151855 299.885902404785 446.903215408325 427.705780029297 438.171776771545
507.377197265625 497.275360107422 675.126121520996 596.127288818359 684.60604095459 601.900497436523 570.821975260973 480.587745666504 472.768578529358 440.518136978149 347.773643493652 537.374969482422 473.364624023438 378.281469345093 235.512939453125 243.78889465332 335.013771057129 487.704414367676 392.439292907715 421.282032012939 524.615646362305 214.151340484619 398.013050079346 364.75294303894 255.407775878906 335.659038543701 255.405235290527 218.025436401367 325.086524963379 286.105033874512 314.890068054199 192.175598144531 75.4258117675781 159.993316650391 426.253841400146 255.224021911621 300.326160430908 359.59992980957 297.708221435547 247.000915527344 319.543914794922 358.065734863281 492.17015838623 322.55785369873 556.385765075684 429.249862670898 256.38639831543 464.398102283478 491.591257095337 570.996879577637
559.641980171204 527.177852630615 480.423225402832 460.910148620605 436.914741516113 427.328338623047 574.329406738281 510.472522735596 497.177829742432 398.124781608582 551.868232727051 598.597061157227 392.742121696472 367.045669555664 309.771324157715 350.296993255615 389.675607681274 401.412099838257 375.449677467346 390.060946464539 468.95588684082 450.944808959961 365.274087905884 295.840026855469 380.438429832458 324.061450958252 362.800359725952 304.258918762207 360.54300403595 212.848495483398 351.502334594727 441.559673309326 162.822891235352 460.906219482422 434.083042144775 367.083995819092 159.722320556641 355.21745300293 360.043197631836 387.970993041992 440.867153167725 404.814771652222 374.484378814697 361.887825012207 458.909467697144 400.970218658447 241.678512573242 313.887283325195 485.613315582275 520.230400085449
500.917989730835 466.422454833984 570.560331344604 536.807357788086 655.603134155273 498.228777647018 644.845306396484 448.516860961914 472.421600341797 469.869125366211 349.054878234863 294.96036529541 337.858207702637 420.011665344238 396.101888656616 380.322701454163 325.478584289551 341.23756980896 348.368721961975 426.598983764648 261.939682006836 368.498782157898 378.132215499878 301.577949523926 363.148643493652 305.965278625488 491.038238525391 475.087913513184 301.969627380371 371.216777086258 257.701667785645 268.587089538574 526.328247070312 426.556251525879 350.62210559845 317.465126037598 377.557621002197 317.25422668457 398.620328903198 478.526390075684 495.199325561523 439.593294620514 320.75666809082 537.966064453125 513.877082824707 463.017660140991 341.287902832031 313.620254516602 375.927825927734 484.468807220459
448.500495910645 621.202018737793 530.465526580811 602.0436668396 521.062721252441 418.571346282959 534.365333557129 333.75431060791 550.552947998047 253.201461791992 540.495216369629 437.547107696533 382.253086090088 365.519983291626 365.292464971542 242.475608825684 246.737617492676 275.283248901367 310.359306335449 218.180053710938 364.835412979126 393.731938838959 357.486263275146 366.976888656616 389.360023498535 523.123550415039 474.998718261719 376.775473594666 279.10856628418 279.438636779785 398.611464977264 320.417434692383 381.296272277832 369.550853729248 432.50333404541 369.767379760742 340.141479492188 339.567558288574 396.432867050171 475.093927383423 524.561149597168 431.614948153496 422.189386367798 462.786996841431 464.676532745361 515.506828308105 438.684111595154 419.771884918213 453.961434841156 539.198852539062
