export/dem/dem56.asc
NCOLS 350
NROWS 171
XLLCORNER 152620
YLLCORNER 418050
CELLSIZE 100
NODATA_VALUE -9999
[rows 44 to 65 of 171, columns 200 to 249 of 350]
985.442596435547 817.165893554688 606.951068878174 597.739654541016 628.475589752197 582.947263717651 763.154090881348 777.146289825439 591.383277893066 814.419639587402 750.841102600098 629.475456237793 698.53516960144 640.32209777832 624.431221008301 358.385650634766 604.431762218475 725.818511962891 724.897430419922 628.293418884277 712.985961914062 663.691806793213 524.470237731934 426.133972167969 580.695671081543 536.816101074219 565.70783996582 815.941902160645 732.240226745605 611.922069549561 816.321426391602 705.722965240479 1223.11805534363 776.959365844727 796.88932800293 741.069320678711 705.487159729004 528.431427001953 636.130264282227 689.405439853668 569.318420410156 570.630416870117 688.834143161774 588.060150146484 705.152816191316 711.924477577209 620.313896179199 567.028656005859 730.261455535889 742.814716339111
1263.71514892578 1528.43153381348 1016.06033325195 730.316192626953 782.158725738525 921.814102172852 746.972885131836 774.672337055206 732.236861228943 665.227226257324 761.52379989624 743.889068603516 712.774426460266 930.719680786133 490.367767333984 776.847503662109 764.418315887451 544.550750732422 545.423416137695 646.450908660889 615.233714103699 538.070442199707 665.950057983398 540.84354019165 678.80785369873 569.049734115601 762.519790649414 733.033401489258 612.063150882721 688.861206054688 838.937911987305 567.759841918945 707.647815704346 596.939479827881 744.142013549805 682.814838409424 644.057464599609 676.788275241852 705.217998504639 628.159324645996 574.456573486328 675.6851978302 617.960235595703 603.299301147461 720.061405181885 743.644245147705 639.627090454102 658.825212478638 680.421049118042 851.978515625
675.30237197876 801.748191833496 1590.10932540894 1085.23159980774 505.895492553711 687.290264129639 751.448389053345 809.356842041016 573.85010433197 642.149211883545 550.272972106934 615.423385620117 596.188980102539 726.106994628906 823.400871276855 627.894958496094 1341.10090637207 615.357376098633 434.45964050293 590.691308498383 667.274024963379 519.095100402832 481.812149047852 634.064058303833 502.794372558594 573.419342041016 809.914886474609 716.562934875488 705.249267578125 717.380447387695 725.528938293457 742.450187683105 699.178817749023 715.261833190918 579.626823425293 775.210266113281 831.912261962891 686.047733306885 596.807846069336 785.76441192627 662.655307769775 542.543807983398 598.747299194336 658.989738464355 677.641489744186 721.170959472656 693.351392507553 570.54460144043 732.160490036011 620.287300109863
512.311145782471 602.01545715332 819.266067504883 1168.16403961182 814.154220581055 777.726127624512 667.313270568848 704.806599378586 619.128305912018 526.368278503418 547.01859664917 572.295976638794 581.740501403809 651.336254119873 731.856238365173 961.488615036011 1072.10559082031 1856.28524780273 1264.63972473145 652.496337890625 425.874145507812 526.539360046387 405.485321044922 676.671142578125 548.919589996338 761.38801574707 658.388799667358 532.734298706055 684.609848022461 817.7578125 715.984630584717 693.633270263672 682.301856994629 616.030015945435 655.166520357132 735.471038818359 753.688690185547 713.597957611084 661.796122550964 703.348340034485 580.793998718262 569.81965637207 702.054769515991 612.59090423584 670.054190635681 634.611377716064 684.653827190399 687.79868221283 621.005264282227 665.937076568604
551.777088165283 386.153030395508 681.770004272461 717.799629211426 499.907402038574 680.865626335144 778.135681152344 718.840891003609 663.55610370636 339.906539916992 808.689193725586 464.498626708984 492.433753967285 555.14722442627 674.853036880493 735.291030883789 1054.04792785645 1343.20497131348 1117.3684387207 906.782249450684 626.009201049805 649.571712493896 667.756591796875 751.759696960449 596.595699310303 643.74881362915 566.197395324707 585.39306640625 647.006489038467 573.237945556641 724.533706665039 747.080299377441 675.141456604004 618.018321990967 588.547065734863 604.999458312988 556.535491943359 609.18896484375 685.73583984375 716.650384902954 723.422847747803 924.164497375488 546.481292724609 702.87841796875 455.480529785156 489.390472412109 589.488784790039 640.99739074707 786.667495727539 833.268016815186
499.643867492676 690.500999450684 453.241653442383 574.650424957275 677.140007019043 576.501647949219 749.524528503418 645.856101989746 883.730941772461 631.222200393677 673.35767364502 455.218742370605 506.574752807617 511.747673034668 611.360788345337 771.254787445068 922.156280517578 1191.48571014404 1956.20132064819 1434.32334899902 741.338981628418 780.439022064209 561.237724304199 644.15616607666 677.898941040039 609.395264148712 634.062436103821 561.821739196777 627.303165435791 565.395805358887 738.123680114746 576.621517181396 637.637853622437 461.494812011719 623.100557327271 620.477268218994 529.322891235352 698.222894668579 619.231281280518 604.56810760498 535.26399230957 640.478984832764 700.758964538574 943.946533203125 999.77555847168 920.749336242676 973.663230895996 639.307830810547 757.045766830444 641.88557434082
553.053401947021 593.788927078247 587.671568870544 684.968940734863 483.678398132324 541.689780235291 497.218765258789 673.306213378906 781.340000152588 770.10791015625 640.21329498291 505.780517578125 526.687084555626 494.377326965332 584.683883666992 633.635810852051 779.964657783508 972.25887298584 1559.84770965576 1543.70608520508 743.998077392578 746.513957977295 672.431375145912 602.348249435425 556.142738342285 556.750709533691 611.609748840332 661.650245666504 674.273895263672 710.311172485352 775.030517578125 725.556930541992 694.42162322998 531.111740112305 657.343173980713 800.941535949707 642.460956573486 598.670417785645 566.03199005127 684.943066596985 533.912353515625 684.9846534729 688.455853462219 677.641387224197 966.246391296387 1269.98207473755 857.350156068802 577.724273681641 637.459575653076 802.841938018799
616.015872955322 565.201461791992 590.701374053955 599.237947463989 391.526794433594 466.209030151367 693.897655487061 699.552207946777 590.160705566406 751.94815826416 679.211736679077 667.678741455078 591.312074661255 386.838302612305 557.038309574127 382.537811279297 623.050010681152 725.406494140625 1591.88159179688 1307.35495376587 1343.20217132568 740.852634429932 751.799049377441 615.242697715759 608.988442897797 520.411117553711 724.42805480957 572.563919067383 719.710227966309 673.357040405273 772.747543334961 704.651840209961 658.970336914062 813.233963012695 595.959167480469 614.301788330078 690.206573486328 560.867301940918 550.390670776367 662.241861343384 632.750591278076 672.278695583344 617.839138031006 833.435287475586 1057.40082550049 731.239486694336 1009.23335504532 1131.20880126953 876.118835449219 883.690483093262
556.552571773529 625.353267669678 740.46887588501 628.459289550781 568.675384521484 586.397850036621 974.999786376953 851.261108398438 693.355632781982 759.590816020966 810.772895812988 537.857818603516 459.161224365234 541.289665222168 280.480255126953 676.510681152344 563.010723114014 846.335248947144 786.28596496582 1540.89404296875 1879.0179901123 1278.24088573456 707.334995746613 681.43140411377 723.672782897949 594.680602073669 590.644241333008 783.829879760742 632.012817382812 695.043724060059 662.560329437256 573.436996459961 566.781028747559 482.38005065918 626.238698005676 471.160385131836 575.766326904297 685.199125289917 557.379730224609 587.871376037598 673.531319856644 622.791355133057 566.06519317627 538.974258422852 677.679718017578 828.071750640869 618.596603393555 570.148132324219 1103.47367095947 1066.86238098145
576.27688908577 539.385746002197 699.839756011963 535.777198791504 599.731630325317 646.08197593689 706.190979003906 626.1471824646 666.452766418457 740.466256141663 848.143692016602 583.617641448975 502.314514160156 556.066955566406 507.691940307617 548.376638412476 382.688385009766 600.724807739258 789.978240966797 1033.23033905029 1175.69468688965 1311.24987030029 1685.55878448486 885.686159133911 739.12463760376 771.737869262695 680.242286682129 617.068012237549 616.223386764526 641.802265167236 552.73119354248 613.256958007812 675.596416473389 618.21142578125 602.436225891113 531.515159606934 580.943923950195 564.090072631836 710.442916870117 670.199422836304 694.703514099121 700.401405334473 665.532991409302 734.28978729248 526.117530822754 681.932090759277 589.53466796875 775.637802124023 921.215347290039 464.652740478516
570.292108535767 632.157339096069 629.333930015564 627.238917350769 621.770433425903 703.637603759766 682.978240966797 431.674987792969 561.048492431641 656.773765563965 314.099273681641 639.348892211914 594.352447509766 531.248916625977 658.086566925049 614.330018997192 582.701656341553 662.716102600098 500.156890869141 737.104646682739 829.807975769043 1020.5620880127 1568.8780670166 883.644596099854 810.025810241699 667.379264831543 690.654960632324 751.595657348633 700.864562988281 691.837791442871 807.549667358398 627.587656497955 622.499532818794 598.595302581787 546.773284912109 575.754234313965 588.1858253479 681.881193161011 736.082466125488 707.57592010498 633.105606079102 769.218780517578 720.104080200195 628.611290454865 608.276100158691 712.837074279785 667.504929542542 573.20783996582 724.072250366211 724.818439483643
654.119174957275 545.481986999512 707.215049743652 592.125923156738 506.951904296875 603.651867866516 603.212106704712 530.055786132812 771.30786895752 805.65145111084 589.40209197998 603.211213111877 533.06565284729 615.868437290192 652.356399536133 581.206064224243 562.839084625244 652.001452445984 636.34875869751 610.646766662598 736.442008972168 959.365139007568 1104.31797027588 1339.8807258606 822.939830780029 622.908712387085 522.653503417969 617.823329925537 624.602708816528 727.859146118164 512.809494018555 774.224334716797 570.901424407959 559.065086364746 579.727588653564 517.939483642578 678.381595611572 770.476661682129 685.978656768799 605.576667785645 829.203903198242 774.389961242676 722.112522125244 666.642339706421 572.763870239258 606.093116760254 657.855338096619 558.925827026367 714.657180786133 668.37753200531
686.667537689209 737.366035461426 630.871681213379 512.359451293945 670.798324584961 694.646842956543 633.065756797791 655.634915351868 693.561852008104 679.633153915405 797.713399887085 764.51537322998 626.838472366333 644.529167175293 820.977722167969 611.628120422363 769.407544374466 784.11220741272 713.132511138916 699.318130493164 921.613906860352 939.14147567749 1313.37355041504 1035.57983362675 674.421463012695 619.939782567322 580.135864257812 579.480556488037 716.420799255371 595.49538230896 654.477203369141 485.279396057129 622.303141117096 733.513732910156 510.292930603027 417.801971435547 522.82723236084 757.824645996094 758.28303527832 507.917289733887 816.278915405273 860.545364379883 700.341773986816 741.356422424316 698.368278503418 744.26513671875 664.526402950287 731.483024597168 803.132148742676 666.281864821911
689.746780395508 736.310386657715 630.477078437805 560.445468902588 692.645561218262 701.94584274292 450.784454345703 568.436126708984 761.999977111816 617.989219665527 756.717475891113 810.144943237305 796.676376342773 670.395255088806 633.132117986679 608.454803466797 760.885960102081 788.845748901367 748.087795257568 871.092533111572 889.738876342773 835.627521514893 860.142837524414 901.34536075592 743.446636199951 658.158016204834 616.939159393311 685.68180847168 603.564180374146 482.332908630371 540.94605255127 678.786779403687 688.703853607178 508.108749389648 478.635696411133 654.090045928955 778.920532226562 503.574317932129 721.807167053223 650.001935958862 699.365684509277 749.387977600098 748.603958129883 601.854248046875 762.853927612305 765.429718017578 717.525398254395 722.517124176025 733.052398681641 743.21411895752
657.519130706787 725.52587890625 750.094795227051 618.382228851318 644.131748199463 571.429077148438 640.15484046936 732.127937316895 665.891644954681 675.400680541992 781.031044006348 780.299873352051 776.857540130615 717.559868812561 694.003940582275 643.670600891113 757.79602432251 809.90078163147 714.197420120239 747.695446014404 1016.70225524902 866.356346130371 911.240002632141 906.047927856445 654.264247894287 578.658916473389 726.093872070312 635.429382324219 436.628814697266 492.594039916992 545.870630264282 873.423858642578 560.870994567871 538.871963500977 640.484994888306 734.102973937988 577.541072845459 462.391250610352 644.027248382568 732.290222167969 701.805595397949 760.847396850586 881.175354003906 733.687599182129 777.472869873047 757.680770874023 795.234634399414 708.446941375732 779.347221374512 703.524799346924
723.858291625977 767.177536010742 629.594566583633 500.682388305664 578.143863677979 648.928426265717 523.96809387207 639.50754570961 734.258934020996 611.437725067139 713.797012329102 844.888931274414 730.238780975342 790.109405517578 766.407276153564 728.398857116699 677.43238067627 654.594478607178 822.392837524414 867.511940002441 827.666108608246 927.762512207031 958.099349975586 699.088329315186 700.650863647461 669.283203125 536.925590515137 493.284103393555 483.581665039062 549.196353912354 903.914920806885 710.495399475098 854.102165222168 772.037353515625 809.088150024414 785.926765441895 649.771434783936 476.814056396484 588.384349822998 637.661750793457 699.917678833008 880.989685058594 724.671005249023 665.719055175781 622.390077710152 554.74828338623 756.559516906738 624.975448608398 675.952032089233 695.82152557373
608.233449935913 525.055458068848 580.031658172607 730.302719116211 651.388385772705 655.461030960083 492.152786254883 661.790714740753 679.699321746826 697.213893890381 631.220838546753 634.752397537231 801.976348876953 607.239532470703 758.188190460205 828.62963104248 715.406771659851 741.682842254639 799.632774353027 897.642097473145 769.047924041748 757.178321838379 696.800201416016 645.483324050903 549.601249694824 607.982800006866 465.852554321289 595.90230178833 512.854309082031 840.49889755249 712.680389404297 596.662885665894 430.46076965332 484.973403930664 563.955718994141 786.154895782471 575.438125610352 493.372749328613 536.714508056641 685.649520874023 813.021865844727 849.629196166992 677.318462371826 722.383247375488 670.099906921387 641.587799072266 647.324285507202 698.90113067627 548.200347900391 747.823127746582
588.395385742188 555.070472717285 633.264404296875 758.044979095459 522.71102142334 828.036804199219 726.777641296387 623.55079460144 616.796802520752 474.074256896973 715.813789367676 688.443458557129 622.183819770813 681.072345256805 727.763973236084 907.402290344238 699.928401947021 783.245288848877 613.084594726562 856.336843490601 656.225105285645 584.679874420166 679.207599639893 670.215740203857 571.578735351562 627.400866985321 700.073097229004 771.707153320312 502.43660736084 782.982027053833 485.865028381348 566.671997070312 543.400344848633 592.753261566162 707.717090606689 710.159291505814 706.055660247803 743.294044494629 653.115707397461 641.925403594971 788.484428405762 797.861862182617 687.097290039062 723.722007751465 519.655921936035 516.336311340332 672.039928436279 661.062240600586 616.249366760254 616.56763458252
636.964864253998 540.839752197266 651.870140075684 741.816757202148 516.810981750488 610.212966918945 669.399410247803 648.085954666138 670.932888031006 654.162321090698 643.649621963501 707.907218933105 562.220157623291 596.403059005737 683.238143920898 732.804504394531 742.614188194275 581.056034088135 494.454025268555 675.011001586914 575.670181274414 610.616362571716 667.589115142822 624.162999153137 710.42847442627 557.278945922852 493.319046020508 494.593139648438 406.306365966797 712.846061706543 400.692749023438 635.631771087646 611.115335464478 581.090744018555 603.833908081055 499.421127319336 691.769939422607 1060.67732810974 1008.8942861557 678.136745452881 486.874740600586 706.947212219238 659.306018710136 679.575904846191 732.329162597656 579.55899810791 611.330274581909 702.277824401855 616.567852020264 669.617262840271
656.753200531006 582.380851745605 545.730297088623 577.93238067627 674.529407501221 687.420055389404 695.174747467041 596.999515533447 452.183715820312 665.100021362305 704.853149414062 698.678192138672 539.397583007812 543.637748718262 725.23443031311 686.981201171875 427.322860717773 442.320449829102 609.676670074463 610.322934627533 716.19856262207 459.114608764648 625.349903583527 549.125505447388 608.42333316803 529.566890716553 594.736324310303 516.277626037598 636.625334739685 582.091529846191 704.337440490723 865.049133300781 724.120391845703 725.533584594727 555.530822753906 421.639343261719 659.391090393066 849.231651306152 649.742115020752 606.468021392822 636.827251434326 565.427253723145 659.481853485107 555.901161193848 596.797931671143 692.732025146484 522.199645996094 632.984659194946 624.636470794678 732.068489074707
567.979103088379 799.943737030029 550.700340270996 738.256072998047 568.412704467773 620.676839828491 699.031497955322 684.458267211914 669.664581298828 726.315231323242 623.172907829285 822.826217651367 675.394908905029 698.339294433594 667.342029571533 720.323684692383 560.913391113281 735.355680465698 769.122604370117 596.216188669205 662.784881591797 578.504692077637 549.555290222168 715.765815734863 545.474342346191 641.134922027588 574.236658096313 565.63565826416 593.390886306763 499.207389831543 628.530181884766 817.267303466797 609.434803009033 523.092124938965 602.095359802246 545.472831726074 407.07926940918 923.02498626709 772.535873413086 599.625413894653 655.477701187134 834.229881286621 597.301559448242 546.919189453125 742.461433410645 568.602111816406 511.559471130371 646.037071704865 606.530216217041 600.326461791992
642.436933517456 543.610666275024 737.539016723633 740.039840698242 634.121570587158 661.172847747803 637.260048866272 696.565368652344 704.332290649414 759.776077270508 703.798004150391 747.301223754883 626.394820690155 676.738903045654 685.334980010986 518.140098571777 513.114929199219 694.008762359619 718.057525634766 678.035987854004 524.000312805176 608.620336532593 511.811973571777 588.868549346924 659.096872329712 679.86332321167 549.872367858887 340.909729003906 545.367645263672 688.198823928833 750.632690429688 823.539054870605 614.229140281677 875.753768920898 602.560111999512 868.092258453369 1049.46182250977 658.270645141602 557.596351623535 588.98983001709 662.090137481689 700.433269500732 435.593643188477 635.574032783508 691.193031311035 476.908599853516 568.206245422363 642.820750236511 704.026969909668 591.011917114258
