export/dem/dem59.asc
NCOLS 350
NROWS 171
XLLCORNER 152620
YLLCORNER 418050
CELLSIZE 100
NODATA_VALUE -9999
[rows 44 to 65 of 171, columns 100 to 149 of 350]
453.870049476624 456.795753479004 378.959426879883 412.755783081055 601.469985961914 505.48551940918 673.74609375 588.174209594727 498.967330932617 492.272178649902 367.102874755859 290.854232788086 401.83960723877 455.793117523193 421.789001464844 447.065967559814 524.135272979736 545.994499206543 571.356956481934 529.534828186035 512.039939880371 348.899642944336 497.681903839111 490.007343769073 453.561195373535 495.10882511735 457.398494720459 520.263900756836 533.679100036621 542.274516105652 381.676338195801 511.674589157104 313.394744873047 552.945434570312 520.056829452515 490.056222915649 626.828659057617 674.772064208984 530.155567169189 543.640979766846 551.113693237305 624.317413330078 552.481510162354 505.414165496826 771.314605712891 463.532749176025 600.625419616699 480.641841888428 539.191865921021 450.150329589844
476.935646057129 530.563545227051 465.428558826447 321.445526123047 506.926681518555 607.256317138672 429.329074859619 543.629776000977 361.398979187012 328.973594665527 452.670654296875 389.491359710693 332.716903686523 433.601800918579 289.172637939453 398.593059539795 428.581550598145 520.335605621338 573.541007995605 533.767059326172 358.975166320801 356.631904602051 495.311411857605 449.533752441406 405.538391113281 520.046234130859 413.701950073242 507.742244720459 677.171157836914 516.30112361908 520.233792304993 502.713210105896 567.805585861206 386.622016906738 545.58317565918 542.429401397705 510.209564208984 432.796390533447 636.873580932617 551.9030418396 739.861862182617 620.647743225098 568.227584838867 557.9934425354 473.667449951172 616.830513000488 582.165420532227 560.957363128662 316.215118408203 438.491111755371
441.39626455307 464.082075119019 595.136459350586 550.866722106934 565.84489440918 598.339736938477 306.861145019531 405.731349945068 234.587295532227 427.638580322266 490.232959747314 410.17706489563 445.489479064941 322.787048339844 359.099418640137 354.902900695801 447.91178894043 407.23978805542 548.299102783203 478.918360710144 494.243165969849 649.790512084961 517.739700317383 625.917495727539 404.574249267578 494.922403812408 356.065277099609 435.015933990479 614.001312255859 540.027339935303 434.64338684082 408.37744140625 478.775825500488 459.845008850098 402.424140930176 549.592483520508 501.32551574707 508.26166343689 461.530384063721 435.879028320312 446.230167388916 566.811546325684 522.571223735809 463.7864112854 707.982269287109 493.93962097168 369.107162475586 574.845222473145 304.963897705078 544.48980140686
461.878749847412 527.199150085449 403.291746139526 612.104782104492 435.720909118652 329.119003295898 361.198318481445 557.912895202637 389.797927856445 413.104427337646 477.083927154541 421.97686958313 468.75937795639 244.017486572266 418.088840484619 397.480087280273 436.751888275146 436.477802276611 556.335670471191 487.037792205811 472.337849617004 482.082155227661 465.636972427368 546.883399963379 396.683906555176 549.196235656738 375.374664306641 411.86100769043 611.297538757324 516.288280010223 648.71516418457 742.076171875 546.335453033447 470.767547607422 411.811553955078 490.238912582397 460.741184234619 386.167633056641 599.04451751709 418.662780761719 462.274482727051 505.07120770216 572.005336761475 504.194519042969 533.568035125732 548.348659515381 449.211277008057 539.014190673828 524.944915771484 499.346015930176
556.11865234375 358.019111633301 535.241905212402 488.62141418457 470.566312789917 493.854278564453 456.036870956421 448.272333145142 659.552398681641 518.854820251465 396.177604675293 512.83780670166 359.276039123535 400.355815887451 367.003898620605 530.919704437256 468.411411583424 428.998386383057 513.134502410889 328.133041381836 556.588745117188 456.587024688721 457.393757820129 394.572204589844 446.324188232422 542.984149932861 414.253894805908 334.909027099609 566.838325500488 499.702669143677 457.268035888672 412.097915649414 442.238746643066 467.978771209717 411.19303894043 549.875865936279 442.166494369507 511.192464828491 513.561455726624 457.634826660156 540.021701812744 500.802379608154 581.484275817871 553.736297607422 565.827140808105 612.274269104004 469.403915405273 483.617511510849 465.961455345154 631.826202392578
490.961727142334 314.203430175781 435.304589271545 477.382115364075 575.588424682617 559.81551361084 530.770439147949 398.853256225586 458.844884872437 612.101470947266 346.260856628418 611.285522460938 343.572296142578 444.992361068726 412.097064971924 524.77184677124 524.793960571289 550.023506164551 620.574340820312 483.894941568375 433.200782775879 679.889144897461 523.630428314209 509.038173675537 500.939512252808 445.064643859863 340.839874267578 496.636783599854 566.728008270264 425.220085144043 507.781178474426 613.116195678711 541.44548034668 324.520629882812 553.170959472656 442.215927124023 467.232598304749 674.877944946289 565.890655517578 531.127641677856 429.773860931396 462.841239929199 522.904584884644 686.965713500977 456.640651702881 313.674301147461 410.549781799316 259.087432861328 415.785285949707 543.920711755753
430.816669464111 449.966661453247 339.591773986816 533.717613220215 483.068660736084 405.207656860352 473.499538421631 397.435031890869 457.346854090691 391.42440032959 257.337295532227 652.724349975586 531.733108520508 261.504043579102 546.339218139648 520.00870513916 496.829015254974 542.320388793945 443.377174377441 377.283294677734 592.245628356934 603.579109191895 514.463455200195 516.403465270996 601.920234680176 555.155937194824 488.998937606812 500.466251373291 562.646511077881 613.848091125488 452.064002990723 605.664489746094 602.800552368164 481.641681671143 545.778118133545 599.700366973877 458.015171051025 508.317674636841 539.749755859375 652.149261474609 540.349195480347 421.844947814941 520.242963790894 563.26598739624 561.238182067871 417.625328063965 444.782051086426 441.704452514648 508.435312271118 424.721961975098
462.433361053467 572.96142578125 509.711235046387 440.100959777832 411.170531272888 290.403289794922 359.103416442871 357.361038208008 417.234497070312 551.796493530273 468.138607025146 517.598903656006 661.277099609375 469.292659759521 408.513145446777 396.363876342773 380.274864196777 392.207122802734 595.977828979492 517.368085861206 518.701480865479 562.604965209961 473.358005523682 381.873031616211 433.151069641113 514.464239835739 563.41817855835 598.856872558594 438.243801116943 420.422264099121 541.709213256836 390.479629516602 398.108062744141 505.904766082764 478.78490447998 441.705421447754 604.864135742188 535.780693054199 453.624282836914 501.970285415649 437.739898681641 692.845901489258 379.926742553711 628.830062866211 492.177900314331 413.592918395996 438.076789855957 416.861114501953 373.058296203613 381.498443603516
464.535930633545 622.812896728516 528.570770263672 524.139457702637 384.902950286865 409.15295791626 390.14762878418 500.800914764404 520.474346160889 618.134246826172 530.889427185059 415.547348022461 482.3365650177 621.199935913086 702.489517211914 442.24373626709 400.862525939941 545.047199249268 548.673873901367 582.164543151855 534.815898895264 574.955085754395 491.519891738892 496.588920593262 487.695732116699 446.965236663818 533.894714355469 435.648952484131 474.699917793274 498.232515335083 523.956160545349 703.032867431641 589.988136291504 462.867935180664 658.148468017578 638.709899902344 721.712020874023 568.807285308838 490.274173736572 536.295708656311 474.396705627441 462.633544921875 530.034814834595 595.11457824707 498.877286911011 511.896738052368 510.217433929443 656.407501220703 385.594024658203 466.640586853027
288.400299072266 502.951324462891 410.214846611023 249.828628540039 271.00456237793 384.133930206299 432.202680587769 416.029438018799 549.897804260254 566.727840423584 429.214382171631 623.564834594727 555.273002624512 445.804203033447 634.130584716797 375.764137268066 468.891084671021 436.717510223389 599.330474853516 476.88686466217 575.022689819336 577.404098510742 599.326095581055 578.073371887207 621.257987976074 448.503303527832 520.790390014648 499.435485839844 466.432794570923 439.613342285156 544.351745605469 575.565898895264 511.550197601318 562.208309173584 520.913718223572 586.697662353516 638.424827575684 466.968803405762 484.439636230469 628.752838134766 586.618347167969 530.890682220459 627.800300598145 601.708335876465 514.035629272461 398.338226318359 482.296577453613 501.287593841553 607.259178161621 533.049458742142
470.092712402344 424.466294288635 404.071731567383 367.294906616211 437.540629863739 329.735160827637 372.390579223633 500.11109161377 592.609985351562 462.082153320312 594.98828125 490.84964466095 508.007150650024 598.607208251953 519.785453796387 579.51424407959 545.29381942749 511.056015014648 518.748701095581 565.39803314209 516.592672348022 479.500557899475 423.349906921387 507.4105052948 483.324047088623 523.991724014282 634.344375610352 487.377506256104 568.709465026855 511.445584774017 744.18977355957 606.489517211914 538.86403465271 476.888977050781 544.101858139038 542.659440994263 604.241493225098 583.53861618042 526.626779556274 528.537034988403 576.922527313232 549.280608177185 518.855041503906 665.574996948242 502.54367351532 435.904090881348 555.294285058975 496.206832885742 625.76195526123 488.770740509033
398.100311279297 475.668647766113 196.747817993164 431.315689921379 500.43564414978 494.375049591064 458.194805145264 458.18686580658 479.88365650177 472.080956459045 469.904500961304 585.249282836914 578.956031799316 595.086479187012 417.982604980469 537.445192337036 646.665664672852 626.692626953125 501.228567123413 622.35661315918 536.623470306396 524.211015701294 634.712585449219 581.55655670166 611.064521789551 511.998266220093 609.995536804199 588.039688110352 601.402379989624 627.597953796387 675.454368591309 593.325302124023 582.458595275879 458.119010925293 550.026317596436 537.717816323042 529.5179477036 363.910629272461 654.239547729492 485.690376281738 489.619640350342 355.243804931641 471.593353271484 592.127769470215 312.362030029297 422.110542297363 664.551452636719 572.959859848022 457.573120117188 542.22438621521
509.925018310547 389.54114151001 394.19030380249 421.264152526855 385.388401031494 416.672604560852 486.795490264893 395.798011779785 359.795906066895 466.362182617188 531.477516174316 546.427703857422 466.059816837311 625.394577026367 497.666990280151 475.792108535767 729.118316650391 552.900272369385 598.695510864258 550.058540344238 635.234436035156 587.106708526611 518.085262298584 609.482055664062 571.209655761719 480.218360900879 529.487871170044 548.726076126099 764.825813293457 699.886909484863 649.575950622559 748.610137939453 482.38688659668 353.665939331055 453.95597076416 643.002578735352 604.247138977051 470.724197387695 506.805099487305 662.032485961914 661.131965637207 623.428260803223 539.637701511383 589.145595550537 587.783836364746 594.969905853271 519.497409820557 635.869873046875 653.176155090332 621.402633666992
649.711700439453 425.679740905762 385.06958770752 343.945251464844 432.252910614014 493.886680603027 541.577072143555 452.721906661987 429.602792263031 421.084907531738 585.85466003418 427.656669616699 468.623412132263 450.462120056152 467.488433361053 532.904418945312 476.342467308044 490.894212722778 496.436538696289 518.420387268066 673.670532226562 374.180923461914 614.069610595703 498.525197982788 475.611289978027 414.978904724121 511.115047454834 685.139312744141 509.191505432129 603.124209403992 692.022329330444 624.885933876038 570.608528137207 434.750869750977 433.987434387207 450.934791564941 463.090591430664 467.294395446777 543.995635986328 529.37841796875 641.325981140137 551.386038541794 609.36580657959 569.519456863403 659.503616333008 594.502616882324 524.948954582214 526.403890609741 643.420509338379 564.894690513611
262.702285766602 278.639953613281 238.761657714844 352.561210632324 364.665649414062 462.868869781494 486.480487823486 520.406230926514 499.957710266113 471.229694366455 410.138919830322 419.730255126953 379.401359558105 445.432060241699 515.400039672852 512.41996383667 385.637840270996 498.679165840149 600.305961608887 388.77222442627 613.033828735352 651.629623413086 536.250858306885 417.388694763184 406.417068481445 511.286232829094 497.444590568542 369.728820800781 575.243507385254 613.332084655762 649.756591796875 707.27885055542 572.034160614014 533.441640853882 562.122079372406 517.757102012634 421.237716674805 539.331680297852 601.678634643555 315.745422363281 665.361152648926 581.230907440186 584.009853363037 556.80313205719 675.374542236328 426.016464233398 675.959178924561 566.39121055603 322.290725708008 679.958358764648
393.395835876465 258.538558959961 406.472732543945 358.373313903809 290.107208251953 462.158406734467 340.257057189941 377.606498718262 467.652063369751 476.489273071289 440.619255065918 458.483123779297 482.92603302002 400.125617980957 448.023948669434 577.234825134277 524.644367218018 398.74129486084 319.990097045898 577.217483520508 590.521850585938 496.613109588623 548.466079711914 572.503425598145 421.986331939697 513.500186920166 471.304843902588 463.003353118896 513.93305015564 542.711723327637 509.315868288279 617.838188171387 640.396484375 578.347545623779 442.689743041992 537.340930938721 523.361282348633 520.599178314209 721.338836669922 598.634057283401 648.652938842773 564.441486358643 605.339534759521 527.87828207016 563.962448120117 700.749900817871 513.122310638428 699.092971801758 512.519287109375 478.907890319824
280.02018737793 272.164520263672 182.201293945312 331.119476318359 403.975841522217 184.833892822266 311.36149597168 336.843452453613 472.010795593262 451.606843948364 502.025329589844 370.358749389648 465.082384586334 390.638793945312 502.264001846313 530.171264648438 249.131958007812 446.875419616699 607.373756408691 606.933181762695 425.285522460938 577.059089660645 482.212161064148 408.743217468262 457.742696762085 524.232398986816 437.298515319824 557.881294250488 573.016212463379 476.75040435791 472.758598327637 463.209892272949 590.314567565918 548.820104598999 515.128807067871 598.637924194336 511.162473678589 400.653198242188 570.973129272461 463.485023498535 594.271884918213 517.907133102417 703.300003051758 469.97779083252 635.816673278809 678.386079788208 555.780332565308 614.470907449722 671.195636749268 626.002727508545
474.962173461914 209.898910522461 476.140218734741 261.512573242188 336.810546875 385.433250427246 282.334091186523 424.457977294922 431.450141906738 383.920440673828 259.313049316406 567.93790435791 388.93346786499 394.43278503418 418.774658203125 524.954536437988 435.746994018555 350.798446655273 482.302949905396 475.860696792603 411.305358886719 577.409683227539 403.131385803223 410.602077484131 510.606601715088 469.981811523438 534.164333343506 661.649459838867 554.893268585205 544.38862991333 412.063629150391 431.606506347656 535.68838596344 504.281959533691 602.353637695312 477.384178161621 515.771194458008 680.555145263672 527.195793151855 521.835245132446 538.393921554089 611.181224822998 612.176845550537 751.433555603027 530.481094360352 822.737091064453 659.425537109375 600.570495605469 652.51148223877 476.889068603516
369.652168273926 358.273498535156 511.516639709473 373.257431030273 361.923896789551 399.918605804443 439.936100006104 532.433334350586 411.327560424805 524.372951507568 349.726547241211 405.920230865479 356.125541687012 437.415466308594 436.16682434082 411.354583740234 388.421264648438 344.004684448242 440.692653656006 552.429534912109 471.936891794205 498.946825027466 398.56761932373 466.651205062866 548.837474822998 497.774940490723 502.711595535278 523.914706707001 601.958564758301 579.419544219971 526.88776845485 495.304533004761 564.599769592285 503.990329742432 491.368566513062 466.899394989014 662.76392364502 573.436374664307 473.126319885254 502.261737823486 535.019059181213 589.221294403076 699.140228271484 667.355262756348 606.52108591795 573.693588256836 804.218081474304 600.505088806152 524.148094177246 544.300176143646
344.000732421875 451.022090911865 525.603515625 270.190704345703 403.773643493652 460.998712539673 658.69645690918 494.281269073486 463.615636825562 365.454917907715 320.274459838867 286.833465576172 348.456726074219 489.359226226807 414.051765441895 369.029029846191 483.972179293633 531.017889022827 494.140413284302 569.47785949707 508.519198894501 522.253929138184 363.032073974609 582.678863525391 633.186721801758 662.095138549805 529.544035434723 661.009521484375 595.734420776367 638.428359985352 497.564203739166 455.464195251465 365.592651367188 509.417682647705 565.341281890869 455.842597961426 583.200256347656 539.144863128662 545.606739997864 552.608427047729 593.459873199463 413.391571044922 555.495788574219 524.877183914185 556.043100357056 707.792373657227 625.193237304688 628.885093688965 608.751853942871 623.045394897461
371.642631530762 432.633979797363 397.238342285156 362.091934204102 493.809425354004 441.790744781494 420.190547943115 499.461074829102 425.357330322266 559.001426696777 483.295757293701 591.239410400391 471.896097183228 537.588878631592 364.516754150391 433.95401763916 419.476947784424 542.874950408936 488.78564453125 335.234909057617 521.87487411499 515.574996948242 455.413196563721 394.729682922363 460.185028076172 628.745094299316 432.363227844238 468.18155670166 497.750334739685 615.709716796875 523.754125595093 527.98100566864 556.489482879639 542.253664016724 552.746690750122 530.30730676651 702.463592529297 542.338030338287 425.416610717773 515.849876403809 517.851068496704 546.945602416992 547.854768395424 444.815216064453 354.542846679688 579.179649353027 683.339492797852 619.002655029297 549.102886676788 638.428970336914
412.914993286133 416.156101226807 465.816828727722 461.972332715988 433.608276367188 386.105278015137 391.474723815918 630.386367797852 393.754211425781 511.065810680389 387.248245239258 388.511505126953 436.323173522949 501.8356590271 545.064933776855 335.036354064941 487.443073272705 499.775257110596 427.691869735718 544.359329223633 464.656318664551 368.772613525391 492.535841107368 498.657811164856 434.125595092773 567.541328430176 394.242095947266 490.915499150753 521.269538879395 452.261741638184 607.360420227051 602.974502563477 584.126678466797 493.775485992432 518.74903345108 663.882995605469 530.349719524384 485.135810852051 556.779826164246 512.795093536377 504.955142974854 638.658958435059 417.582962036133 450.975257873535 494.845706939697 616.248550415039 490.783760070801 539.762592315674 417.25855255127 428.25178527832
