export/dem/dem5.asc
NCOLS 350
NROWS 171
XLLCORNER 152620
YLLCORNER 418050
CELLSIZE 100
NODATA_VALUE -9999
[rows 110 to 131 of 171, columns 250 to 299 of 350]
735.922958374023 677.6674451828 667.380096435547 543.349502563477 1153.69450378418 905.127288818359 551.8203125 1096.45959472656 871.923797607422 768.598083496094 717.912162780762 872.157554626465 1069.61944198608 856.013687133789 940.81022644043 893.837819695473 1025.66993045807 1196.34605407715 1052.56224060059 941.608196258545 684.54118347168 913.092231750488 1171.77666473389 989.71142578125 1195.62854385376 910.598831176758 725.572631835938 934.302764892578 890.763116836548 848.000123023987 849.40743303299 808.016796112061 890.386623382568 856.430812835693 966.838771820068 902.625936508179 1048.84320831299 900.076359152794 896.478395462036 789.058992385864 706.938018798828 673.492941141129 800.350002288818 821.38175201416 752.322036743164 937.216979980469 955.757507324219 740.509155273438 723.67472076416 698.2600440979
705.716125488281 590.430809020996 398.737060546875 768.962844848633 515.702117919922 561.362319946289 693.276992797852 1188.1526184082 312.611419677734 604.643249511719 538.47688293457 920.946117401123 976.989707946777 726.647850036621 803.942306518555 656.811386108398 700.850067138672 752.605163574219 875.950630187988 836.611640930176 1332.99333190918 968.389324188232 1046.79351234436 866.220741271973 844.734329223633 1274.2945022583 932.290958404541 762.317504882812 923.76659488678 929.643501281738 892.834997177124 931.50048828125 913.366285324097 774.282190322876 884.071788787842 1112.42282104492 1013.8657951355 1063.59558105469 1053.12295532227 1085.80772399902 890.561042785645 700.349899291992 821.16187953949 758.025636672974 901.348220825195 846.47932434082 975.722747802734 808.817016601562 694.39176940918 889.570734024048
740.598266601562 760.673355102539 785.096420288086 640.57292175293 1030.97358703613 785.750782012939 828.023624420166 881.670841217041 683.494033813477 932.492748260498 656.058067321777 615.196723937988 978.348295211792 1024.8230304718 1064.84223937988 849.742340087891 562.342544555664 725.727684020996 735.576698303223 934.490291595459 858.112889528275 877.166925430298 1089.52532958984 1079.72436094284 1016.62619018555 990.085548400879 754.738311767578 1012.76046252251 997.915855407715 867.931457519531 712.957366943359 850.908176422119 962.375110626221 924.910429000854 920.502662658691 1055.56065368652 1039.37448120117 857.7727394104 790.384071350098 932.933654785156 731.769477844238 706.592769622803 732.029976844788 942.569652557373 1111.62208557129 959.102554321289 735.844447612762 726.774719238281 758.101403474808 931.442234039307
552.337142944336 690.04557800293 485.147064208984 680.240921020508 859.716163635254 1298.9777135849 805.998488426208 628.234619140625 781.58097076416 668.858535766602 593.425086975098 621.524078369141 675.189248323441 563.52685546875 719.519912719727 621.725219726562 825.586925506592 806.268793106079 692.215057373047 737.512184143066 731.76700592041 782.542900085449 915.250888824463 810.19034576416 816.339614868164 1030.69366073608 1097.07746887207 859.168159484863 1399.5471496582 1199.89629364014 823.172775268555 851.144897460938 1003.88263702393 865.573036193848 720.936024665833 1002.05667114258 1008.66777038574 698.448600769043 920.080200195312 719.125862121582 688.946216583252 757.080917358398 824.301116943359 808.025524139404 878.09496307373 753.280696868896 766.268508911133 933.045974731445 694.491760253906 886.199795722961
793.906066894531 964.462432861328 1216.18696594238 557.159484863281 543.208999633789 724.670211791992 1959.27503204346 825.275485992432 1307.02153015137 980.527618408203 653.509750366211 489.183135986328 646.171951293945 713.41544342041 813.332916259766 1004.92071390152 662.720230102539 820.051338195801 829.136215209961 889.254943847656 810.306442260742 908.865013122559 813.225749969482 691.286235809326 941.049057006836 821.364122390747 932.745729446411 999.296011447906 1426.20536804199 1294.40658664703 1016.41333007812 952.822843551636 893.461784362793 746.969085693359 774.160140991211 725.32332611084 738.713020324707 811.938133239746 833.803886413574 715.528877258301 852.303909301758 744.51854133606 728.196618080139 742.025213718414 868.952056884766 692.513695716858 628.89574432373 744.976337432861 693.842697143555 852.245282173157
863.472280502319 791.050491333008 611.965805053711 579.496841430664 607.299606323242 1056.56614685059 708.02982711792 744.537086486816 777.303649902344 997.898597717285 717.662124633789 650.303955078125 610.29515838623 645.780633926392 763.633270263672 793.533981323242 807.834732055664 758.880958557129 810.925262451172 680.795902252197 623.045333862305 765.22233581543 874.006622314453 930.10196685791 735.152378082275 720.434555053711 886.811382293701 945.525100708008 1204.09316253662 1709.5789604187 996.667526245117 895.804814338684 733.797077178955 727.475513458252 759.197303771973 832.477157592773 829.755508422852 805.651908874512 1002.61187744141 756.78971862793 776.288738250732 823.057739257812 669.217414855957 855.541015625 742.71822822094 737.628301620483 833.406028747559 783.941585540771 608.07862663269 663.663345336914
1032.19505262375 1266.8272857666 695.883255004883 647.114151000977 1213.31716918945 673.819244384766 718.880813598633 1232.76050567627 538.049423217773 913.192932128906 988.727493286133 698.367130279541 627.56907749176 589.02067565918 774.179061889648 904.972625732422 639.704154968262 751.441635131836 748.091659545898 899.502807617188 730.550559997559 682.250793457031 971.603118896484 774.876419067383 872.354454040527 725.149467468262 981.575313568115 878.102334976196 958.137680053711 1058.47439575195 1123.36332321167 780.39208984375 894.024784088135 704.856033325195 829.564830780029 1279.58106231689 1463.9623260498 1686.72598838806 1807.57501220703 983.887420654297 808.601425170898 845.038843154907 666.716236114502 816.332206726074 900.241073608398 750.864998817444 736.166002035141 781.781341552734 796.277839660645 681.644706726074
661.958164215088 969.606018066406 602.133483886719 473.339874267578 896.685684204102 692.931625366211 1098.49063110352 687.047637939453 758.839561462402 972.093804836273 899.832183837891 645.576431274414 752.277938842773 588.979167938232 685.545555830002 597.84578704834 719.506879687309 593.992050170898 669.862164348364 659.431691169739 547.190132141113 663.556396484375 835.808395385742 777.441070556641 875.114238739014 864.656797647476 924.384287834167 840.54337310791 936.187049865723 834.939159870148 806.780151367188 1015.37012290955 795.581733703613 745.918212890625 1082.93281173706 893.170776367188 1196.58874511719 1277.86630249023 1468.46267700195 2148.30801391602 1169.2434387207 1000.85028266907 963.460571289062 898.975448608398 881.384017944336 803.07795715332 693.752838134766 887.646240234375 940.552047729492 813.651641845703
523.280456542969 760.489433288574 606.860412597656 764.422470092773 1143.04573822021 653.890045166016 1199.43507385254 770.774921417236 788.202514648438 621.982772827148 780.536743164062 743.404113769531 744.255928039551 588.829898834229 538.746429443359 603.74503326416 444.199111938477 871.55774307251 644.667907714844 623.173706054688 649.829711914062 734.30965423584 770.737781524658 637.762329101562 894.906341552734 936.767505645752 933.224825382233 809.539920806885 748.160972595215 659.848091125488 2107.2413520813 2871.81284332275 876.446420669556 1024.29350662231 1103.60401535034 970.266556143761 1094.07473373413 1163.78736877441 1291.90068054199 1290.80577087402 924.117858886719 1386.1456451416 1303.11526489258 1502.51098632812 1474.52156066895 970.615720748901 1072.60153198242 738.14400100708 861.478843688965 824.574317932129
557.234728813171 538.022567749023 575.141288757324 553.283203125 813.469841003418 1104.57695007324 855.261762619019 937.179229736328 1112.24365997314 461.923828125 577.010467529297 599.133636474609 599.265594482422 846.187606811523 494.283538818359 499.320022583008 703.759566307068 515.650863647461 690.93798828125 796.532489776611 798.537174224854 668.986633300781 712.2659689188 689.526216506958 634.786575317383 1034.29211425781 810.381122589111 873.216841697693 596.580657958984 834.02172088623 729.612045288086 2171.09391021729 825.39376115799 875.474262237549 1187.23692321777 1305.29677915573 1151.21022796631 1316.71208190918 1713.40005493164 1388.26261901855 1250.49664306641 1083.76282978058 1067.60195541382 1140.57350158691 1627.22509765625 1553.05907440186 1262.48442840576 1428.41904449463 1351.47438049316 1043.34196472168
580.044626235962 535.955441474915 456.049713134766 473.309020996094 925.207832336426 824.182231903076 779.92552947998 828.038497924805 670.070190429688 590.543876647949 645.830795288086 713.353103637695 589.367752075195 726.590364933014 554.86181640625 442.465316772461 741.884376525879 729.04216003418 679.996868133545 780.158540725708 777.579151153564 756.918190002441 677.376556396484 674.14771270752 524.187850952148 683.53369140625 686.628433227539 752.496520996094 927.966117858887 858.961719512939 829.0380859375 853.649726867676 774.619270324707 676.460174560547 853.939639091492 1135.70471191406 998.358989715576 1072.83871459961 1357.04730987549 1176.82653808594 1353.47382354736 1237.10998535156 1205.26344299316 1112.61811828613 1427.3225402832 1262.76642990112 1238.13500213623 1263.74612426758 1228.56239318848 1710.00231933594
797.431045532227 721.719024658203 750.043869018555 558.485450744629 534.584403991699 575.978446960449 653.533042907715 560.39892578125 720.51672744751 624.329048156738 603.450592041016 656.596923828125 892.87040309608 793.594615936279 732.182117462158 643.428726196289 588.487899780273 793.869041442871 698.678661346436 675.000617980957 668.708885192871 763.349456787109 776.533199310303 794.539133429527 702.181018829346 690.853889465332 914.210182189941 789.540531158447 812.500640869141 922.833145141602 751.151950836182 778.503633499146 805.019521713257 813.622131347656 782.278007507324 1043.57431793213 1068.89757156372 1081.76217651367 1122.43020629883 1196.00480651855 1240.74320220947 1320.93450927734 939.431442260742 849.190832138062 1459.31018829346 1378.21926879883 1194.76332092285 888.150527954102 1045.959815979 1351.12986373901
672.646484375 767.205810546875 729.411209106445 703.320651054382 516.993453979492 455.441368103027 579.140712738037 391.174438476562 553.153244018555 734.941902160645 572.483032226562 791.405283212662 685.680770874023 481.422088623047 695.026302337646 518.025665283203 605.661499023438 730.038108825684 719.65895652771 842.829795837402 702.727118492126 754.040618896484 689.139122009277 865.217178344727 758.211107254028 895.243204116821 793.341590881348 778.928590774536 883.044103145599 1006.26817321777 855.887317180634 973.981117248535 705.062316894531 747.020462036133 836.020610809326 1073.01641845703 941.753387451172 1092.50415039062 996.192962646484 918.420867919922 1107.5101776123 962.571760177612 906.629358291626 954.469444274902 1061.67698669434 1081.44281196594 982.579060554504 865.595375061035 763.038589477539 1029.48243427277
730.280487060547 702.207414627075 602.759506225586 553.18408203125 568.027885437012 634.842510223389 528.177932739258 516.130989074707 585.492546081543 698.912368774414 647.478179931641 658.408874511719 1136.83433914185 753.413780212402 1165.2855348587 659.839828491211 635.248146057129 535.761184692383 671.496883392334 687.251113891602 569.927520751953 670.481231689453 861.790489673615 695.212463378906 624.887214660645 528.508041381836 655.823234558105 816.559913158417 925.226531982422 888.283248901367 874.36125421524 786.374740600586 611.659286499023 884.471061706543 983.155822753906 964.716743469238 1015.91310119629 964.479202270508 988.426177978516 994.770477294922 801.600286006927 740.801582336426 781.451581954956 848.311627388 939.523056030273 992.080528259277 966.90767288208 900.696578979492 675.490371704102 732.106872558594
729.675180435181 668.385871887207 653.483291625977 609.909484863281 676.737403869629 559.664047241211 677.199150085449 510.698928833008 556.261825561523 664.726909637451 633.968673706055 740.948066711426 606.021743774414 731.553558349609 1303.80236053467 602.119049072266 657.896141052246 748.431077957153 487.341293334961 537.976654052734 678.727254867554 739.756271362305 750.708620071411 808.246421813965 796.897541046143 474.658966064453 782.604461669922 772.89478302002 871.904050827026 1151.79176330566 990.609046936035 1143.32099914551 966.557922363281 823.884271621704 916.453643798828 753.85684967041 917.398300170898 811.568263530731 1021.08972167969 908.578079223633 799.851556777954 718.972244262695 704.222808837891 854.572769165039 773.78235244751 581.628295898438 777.549322128296 786.972183227539 551.463333129883 806.121350765228
702.782844543457 657.461135864258 694.306358337402 480.349945068359 808.979652404785 646.502952575684 756.073364257812 639.819465637207 482.590774536133 502.14835357666 742.59476852417 629.063117980957 1043.94348144531 778.907806396484 616.145172119141 759.823439598083 692.46134185791 748.537658691406 808.909339904785 1385.59302520752 647.57738494873 582.16219329834 718.745170593262 739.065013885498 711.133689880371 603.108039855957 552.72257232666 773.810115814209 595.926895141602 732.586805343628 818.831596374512 679.41276550293 939.346221923828 681.298492431641 903.73518371582 744.309537380934 906.392456054688 888.60432434082 946.811996459961 761.027596950531 779.118117332458 763.284061431885 735.590213775635 908.199127197266 951.721488952637 971.691963195801 911.956130981445 702.94352722168 736.930500030518 769.303821563721
699.776313781738 856.334747314453 635.040687561035 734.299880981445 796.546661376953 740.558153152466 701.176803588867 702.38387298584 652.934078216553 609.565493226051 620.095641255379 1325.42250823975 809.742389678955 681.215393066406 920.266273498535 667.444152832031 867.785652160645 707.457759857178 1102.57419586182 685.589842796326 746.638362884521 569.526268005371 634.227018356323 756.032495498657 531.036407470703 680.277229309082 646.807723999023 649.234119415283 737.324502944946 708.149063110352 852.117248535156 808.603998184204 789.996032714844 670.462631225586 897.090866088867 730.94553565979 778.219659805298 774.323402404785 814.230457305908 627.547332763672 809.490043640137 755.018394947052 715.760070800781 743.225296020508 772.142665863037 957.503295898438 691.058319091797 692.545967102051 794.146621704102 601.556564331055
749.736340999603 770.163993835449 794.599967956543 739.977026939392 812.727715492249 692.582763671875 774.012294769287 808.948753356934 713.792320251465 602.887882232666 529.612785339355 744.909637451172 643.145524978638 1075.84387207031 758.350399017334 801.495754241943 644.697608947754 834.49201965332 779.671630859375 871.225814819336 755.079399108887 594.947654724121 590.718727111816 822.75008392334 659.016002655029 720.763160705566 797.40567779541 671.578013181686 810.651069641113 771.278553009033 808.246589660645 771.135520935059 804.199695110321 723.689910888672 744.957740783691 708.556915283203 758.635368347168 680.69921875 839.134260177612 862.595457434654 781.28667640686 691.485664367676 692.958763122559 544.923492431641 668.899024963379 636.632232666016 871.355155944824 886.440856933594 962.522003173828 795.755157470703
789.96266078949 736.179132461548 873.506881713867 752.804405212402 752.544462203979 711.409194946289 709.68342590332 741.650152206421 512.686904907227 628.566158294678 679.126638889313 814.760848999023 664.34937286377 643.629089355469 667.960527420044 754.413009643555 597.15337562561 928.675338745117 721.654264450073 647.951030731201 689.951265335083 811.274230957031 542.981216430664 819.535705566406 756.346656799316 573.133422851562 664.032173156738 709.662090301514 726.452072143555 659.490898132324 710.217224121094 808.298620223999 864.136329650879 767.496714115143 841.101612091064 883.746406555176 767.660202026367 671.839645385742 857.81555557251 1159.86908912659 655.568695068359 726.184299468994 685.632217407227 725.181610107422 820.723724365234 708.998359680176 726.012283325195 615.560028076172 1019.03041267395 774.181213378906
731.670066833496 694.626441955566 802.240730285645 727.237297058105 648.887168884277 718.76587677002 792.773994445801 758.677406311035 562.821784973145 534.952308654785 592.859436035156 786.035011291504 747.247772216797 739.443998336792 794.049816131592 746.628572463989 754.836893081665 804.371734619141 894.652038574219 658.822998046875 701.844357013702 817.481658935547 633.740261077881 703.850226402283 720.140272140503 764.403480529785 765.648316383362 773.435417175293 651.981658935547 731.12663269043 722.69285774231 935.060768127441 1008.05888366699 750.755334854126 732.054763793945 1046.33740997314 724.967483520508 699.007064819336 852.305557250977 854.078987121582 903.033950805664 887.0705909729 630.043243408203 984.7312707901 933.19836807251 1013.43032073975 653.687461853027 666.128234863281 938.778259277344 866.701667785645
776.471506118774 815.719650268555 813.500999450684 626.030387878418 763.643988609314 793.498805999756 704.764941334724 496.912734985352 646.090190887451 557.683723449707 650.827766418457 682.147705078125 699.735408782959 657.953552246094 824.129905700684 672.547439575195 765.137053012848 747.704274177551 662.719314575195 810.920425415039 807.796005249023 904.935180664062 570.963035583496 654.841064453125 669.755270004272 715.272785186768 829.875503540039 911.022766113281 710.533151626587 728.09513092041 738.308681488037 601.180236816406 733.107023239136 825.846031188965 845.008995056152 808.402225494385 745.118881225586 910.505577087402 975.020812988281 1085.48318862915 1023.05168151855 1183.51354980469 932.934066772461 677.85237121582 819.322692871094 814.679763793945 743.452911376953 713.471996307373 744.747290611267 1010.25413894653
806.425022125244 813.180934906006 768.784799098969 790.595481872559 829.957954406738 733.177720546722 543.751052856445 567.644296646118 608.693046569824 580.096771240234 631.22486114502 690.480514526367 614.278457641602 835.587493896484 812.840152740479 829.482803344727 703.90784072876 786.847255706787 767.99676322937 971.318206787109 682.40795135498 707.37986946106 622.539512634277 720.950664520264 784.609390258789 648.755187988281 757.445755004883 605.968620300293 720.011764526367 691.264413356781 744.31640625 536.29345703125 712.093143463135 778.631690979004 632.038449287415 642.764021396637 803.765243530273 970.375900268555 995.861423492432 953.808517456055 1015.5718460083 1066.13352966309 985.989250183105 925.959701538086 634.444641113281 855.885103225708 894.555987358093 639.005798339844 896.358536720276 989.056601524353
