export/dem/dem56.asc
NCOLS 350
NROWS 171
XLLCORNER 152620
YLLCORNER 418050
CELLSIZE 100
NODATA_VALUE -9999
[rows 66 to 87 of 171, columns 100 to 149 of 350]
506.702201843262 467.649019241333 486.334465026855 464.927718162537 426.381484985352 459.151683807373 328.877166748047 510.983055114746 379.120643615723 647.086685180664 531.492851257324 754.263000488281 591.244689941406 763.899322509766 518.370471954346 606.383918762207 516.797382354736 661.404693603516 389.226097106934 564.915145874023 413.626754760742 370.783554077148 504.193710327148 461.538112640381 580.085815429688 304.962341308594 490.40393447876 587.443733215332 548.823173522949 536.661312103271 576.760005950928 574.738594055176 426.31852722168 495.972023010254 438.929260253906 573.439945220947 554.73745059967 520.239959716797 531.430744171143 542.379336357117 600.238403320312 637.246101379395 583.987617492676 510.048866271973 554.635835647583 524.14112663269 598.157642364502 619.895233154297 382.813568115234 561.754406929016
514.692089080811 348.462516784668 516.136318206787 492.875617980957 426.619735717773 458.315909862518 335.074493408203 515.03893661499 541.939247131348 494.592445373535 521.553833007812 602.900581359863 568.687431335449 608.143486022949 589.069267272949 493.372472763062 593.022735595703 554.973922729492 461.266648054123 478.078409671783 514.78039932251 545.182155609131 475.927885055542 487.775442123413 402.253730773926 388.559303283691 559.860607147217 399.341934204102 447.86897277832 559.790493011475 433.350028991699 491.910209655762 584.633777618408 570.718363761902 583.75554227829 631.767208099365 448.39128112793 639.889122962952 568.123836517334 433.586532592773 497.569381713867 529.039287567139 659.310768127441 534.297239303589 551.75080871582 575.330686569214 515.882112503052 588.661720275879 557.165044009686 560.478443145752
488.892002105713 540.417419433594 454.153987884521 478.589622497559 389.159881591797 422.181816101074 499.323095321655 385.736389160156 690.661193847656 542.252746582031 489.291042327881 678.584350585938 660.737533569336 625.833145141602 509.22607421875 523.350433349609 614.420593261719 622.363571166992 570.761116027832 495.209076121449 590.153457641602 563.923286437988 420.774536132812 400.132598876953 448.985301971436 314.711791992188 502.853428125381 463.300884246826 446.509841918945 540.276399612427 489.522277832031 558.713207244873 459.87109375 491.065990447998 569.624782800674 430.18115234375 613.816370010376 591.684792041779 561.521312713623 673.829132080078 480.17163848877 584.39061164856 482.070037841797 501.632331848145 496.639518737793 558.231510162354 357.141418457031 552.025943756104 577.7825756073 579.198919296265
513.63143157959 379.491790771484 486.473340988159 329.217041015625 471.05230474472 341.372276306152 467.771478652954 516.058547973633 611.485366821289 460.916914701462 508.942607879639 587.994033813477 652.172058105469 516.552726745605 664.266983032227 653.308975219727 482.68621635437 496.161357879639 478.881189346313 633.825012207031 514.936218261719 397.671607971191 586.30948638916 451.879703521729 385.538223266602 441.849143981934 437.91431427002 566.093799591064 391.292373657227 422.791152954102 365.19758605957 615.649887084961 474.293014526367 618.494073867798 626.706282615662 558.61766242981 679.111862182617 704.363349914551 573.212324142456 534.347995758057 501.350128173828 610.211193084717 546.107330322266 569.355750203133 426.627517700195 566.900063991547 560.650804519653 524.107118599117 554.132383346558 659.030822753906
495.837345123291 450.536352157593 374.812515258789 425.099975585938 481.270048141479 306.982269287109 439.891307830811 493.495370864868 620.304092407227 541.308464050293 608.446914672852 594.539054870605 612.063758850098 597.593795776367 833.082183837891 581.360961914062 573.946685791016 549.116226196289 417.070068359375 514.775115966797 579.976806640625 436.559215545654 481.743250846863 603.31127166748 475.372734069824 449.060985565186 553.728633880615 501.113173484802 607.459838867188 529.361114025116 363.114776611328 418.874740600586 548.913050539792 498.07689666748 648.885791778564 635.469820022583 576.936941146851 549.0035572052 670.578338623047 556.092769622803 460.354217529297 635.836990356445 597.865942001343 594.933198928833 541.844821929932 522.861972808838 765.016815185547 614.449157714844 615.340751647949 508.472999572754
695.100936889648 578.771774291992 483.317539215088 350.469749450684 520.080772399902 432.105772018433 406.992618560791 547.414751052856 438.8869972229 489.455495834351 594.759132385254 461.044363021851 555.769088745117 532.242809295654 633.771697998047 683.073654174805 615.036163330078 573.893646240234 570.66130065918 457.845123291016 503.22025680542 421.66344833374 493.25313949585 374.815658569336 398.68879699707 513.062780857086 351.713424682617 493.49009513855 416.772346496582 451.413543701172 553.604435920715 671.111968994141 496.764694213867 620.359733581543 606.747535705566 752.388748168945 686.961288452148 746.628368377686 687.071716308594 663.991363525391 502.377952575684 611.963914871216 594.24772644043 440.934936523438 670.259475708008 750.020294189453 439.134231567383 471.563346862793 467.907470703125 528.012760162354
576.266304016113 423.035675048828 596.694664001465 574.73567199707 468.363498687744 533.66780090332 603.436408996582 569.900810241699 427.391208648682 574.87532043457 435.183525085449 576.995750427246 508.415016174316 714.666061401367 652.255554199219 570.748733520508 557.620746612549 586.596687316895 526.791885375977 402.278587341309 408.680168151855 432.207580566406 415.086326599121 464.886795043945 545.417922973633 561.817863464355 445.266014099121 452.973663330078 542.185815811157 467.399242401123 440.331840515137 560.522889614105 534.626495361328 779.839447021484 734.133392333984 1079.95793151855 722.686889648438 752.75745010376 875.229236602783 876.150817871094 683.14900970459 578.232963562012 570.76346540451 528.426713943481 575.1190366745 600.667999267578 580.527750551701 533.692790985107 586.885480880737 634.553161621094
504.361768722534 409.13353729248 518.107883453369 443.858280181885 493.288042068481 479.348285794258 534.934131622314 455.422444343567 435.612770080566 700.634811401367 530.904693603516 431.803031921387 647.041519165039 530.92013168335 552.371147155762 614.60523223877 640.983551025391 623.235778808594 531.673313140869 480.626687049866 472.335358977318 495.676390647888 400.518264770508 529.301016807556 437.759155273438 465.711219787598 455.179286956787 640.888702392578 564.345153808594 569.572742462158 646.922203063965 546.885082244873 562.289399147034 924.972854614258 926.948501586914 968.65673828125 625.305366516113 692.334365844727 727.716934204102 691.403945922852 644.354325294495 454.001342773438 421.326614379883 466.638347625732 479.522624969482 477.106861114502 819.460311889648 362.777099609375 580.193090438843 698.303810119629
464.865447998047 437.145217895508 645.429122924805 471.321960926056 538.889110565186 432.474529266357 495.693914413452 609.131607055664 477.714231491089 500.875198364258 346.176582336426 515.377647399902 545.282165527344 503.228246688843 515.151901245117 478.971665143967 526.305603027344 392.665161132812 485.883222103119 359.921859741211 488.451605319977 374.069053649902 475.800420761108 488.323841094971 427.801780700684 603.876937866211 431.884864807129 585.464431762695 625.498126983643 562.928344607353 684.254943847656 468.373245239258 803.137939453125 812.005264282227 677.763793945312 744.116027832031 391.157112121582 692.456093668938 702.88914680481 683.150932312012 604.865028381348 273.75422668457 506.343349456787 392.315357208252 236.011810302734 324.19401550293 502.560745239258 547.066253662109 973.383205413818 621.720803260803
527.694651037455 514.591544151306 479.908851623535 426.498435974121 432.18306350708 581.994720458984 552.648216247559 443.457983016968 548.961730957031 591.010269165039 498.945974349976 492.478816986084 503.770055770874 559.721130371094 486.192192077637 552.136875152588 295.93994140625 558.32014465332 476.995073318481 469.752920150757 573.186988830566 438.516059875488 647.726974487305 442.84797668457 438.612434387207 584.580425262451 470.233215332031 529.847768783569 310.583129882812 441.550216674805 683.153884887695 713.844451904297 793.488006591797 817.661865234375 598.970962524414 634.809029579163 473.24254989624 697.720427036285 690.775457859039 700.823951721191 794.640167236328 476.804065704346 507.324893951416 678.550979614258 359.769088745117 181.75048828125 441.795425415039 463.590759277344 455.624031066895 396.272216796875
578.185348510742 663.265125274658 369.16739654541 593.242240905762 433.782386779785 387.851226806641 569.719696044922 561.216773986816 488.306098461151 384.378936767578 602.361114501953 473.94656252861 362.721702575684 487.776877403259 594.568183898926 542.893810272217 337.979751586914 409.790588378906 510.901332855225 458.845272064209 464.33846282959 431.795890808105 534.52946472168 642.34440612793 478.140190124512 471.666730880737 443.005966186523 607.357543945312 523.772018671036 607.386135101318 591.299453735352 495.66227722168 435.262811660767 661.24573135376 527.553840637207 713.277030944824 471.001804351807 832.151718139648 765.735664367676 699.732995986938 582.526161193848 460.454658508301 516.14376449585 346.868957519531 375.158149719238 627.267555236816 678.85856628418 536.901803970337 430.983032226562 643.707525253296
565.911457061768 579.967828989029 527.796180725098 824.735633850098 568.801887512207 525.858947753906 429.069408416748 591.101997375488 505.886565208435 504.375439405441 443.246894836426 566.042369842529 353.429985046387 437.917987823486 600.251976013184 410.302696228027 405.073379516602 588.589080810547 494.245786190033 427.10816192627 374.570343017578 444.254623413086 501.337244033813 552.378219604492 494.571979522705 364.598968505859 457.501304626465 566.497192382812 685.481376647949 723.361030578613 612.822830200195 534.07154083252 527.669548034668 546.866622924805 711.207557678223 479.393661499023 428.853187561035 689.492939949036 641.286468505859 753.815223693848 654.5205078125 473.53316783905 543.847549438477 514.265956878662 498.53914642334 558.213915348053 556.857543945312 325.096435546875 360.898330688477 645.760673522949
497.113288879395 564.26350402832 575.50378036499 674.346336364746 704.228355407715 649.195899963379 564.234523773193 555.620170593262 460.392070770264 426.866340637207 467.137889862061 948.236999511719 588.971870422363 477.322917461395 517.234190940857 494.831879258156 479.761806488037 598.685546875 639.758041381836 601.286956787109 606.937301635742 525.737907409668 372.308090209961 538.017059326172 442.556007385254 516.031093597412 432.195205688477 549.641885280609 645.303688049316 468.535224914551 550.255355834961 598.109832763672 423.579201698303 460.934030532837 399.657508850098 690.125343322754 382.636764526367 636.297019958496 688.968681335449 706.468193054199 597.963119506836 532.944732666016 347.402587890625 553.040969848633 369.453346252441 458.498963832855 435.838708877563 340.664665222168 334.570991516113 518.50316619873
547.54806137085 447.285339355469 474.414947509766 508.112712860107 680.26343536377 441.049285888672 681.471374511719 561.274681091309 610.345710754395 575.529586791992 448.751556396484 549.365634918213 491.196956634521 466.767765045166 496.407704591751 573.767929077148 360.886032104492 631.009826660156 543.83472442627 537.285001754761 418.871124267578 547.87406539917 451.56632232666 574.786399841309 504.09361076355 375.201354980469 473.07852935791 592.064140319824 401.340852737427 434.343677759171 495.292528629303 560.836856842041 446.800338745117 430.670806884766 546.071296691895 560.115604400635 658.719882965088 554.578979492188 470.793243408203 604.609781742096 610.278747558594 403.560890197754 478.549823284149 616.789099693298 572.241973876953 483.03687286377 585.71883392334 581.915069580078 507.165466308594 611.988037109375
649.885162353516 701.874671936035 516.556365966797 623.044033050537 572.037223815918 699.035346984863 592.805158615112 667.890800476074 467.420375823975 502.50008392334 437.317199707031 477.517906188965 369.449493408203 471.233474731445 486.143924713135 428.12776184082 475.2584400177 512.774002075195 607.468627929688 452.029273986816 438.296463012695 585.445369720459 581.54744720459 515.775297164917 514.801013946533 568.19655418396 457.234878540039 448.830930709839 528.659805297852 516.609634399414 426.120942115784 478.294599533081 687.961334228516 639.51008605957 556.766471862793 669.402244567871 601.300466299057 547.29305267334 735.389144897461 596.44660949707 576.573463439941 503.160743713379 531.415748596191 628.681257247925 601.286144256592 778.941528320312 726.505325317383 657.247741699219 584.688018798828 562.002216339111
579.549850463867 696.984130859375 662.964683532715 555.912963867188 577.276824951172 622.555785179138 580.600490570068 615.84355711937 567.472759246826 554.42308807373 368.73420715332 449.39176940918 500.430249154568 263.573516845703 266.305923461914 458.328998565674 502.130895614624 456.414611816406 574.872833251953 542.298343658447 580.018486022949 351.862579345703 647.369682312012 414.188018798828 521.927913665771 577.395738601685 567.367666840553 608.794174194336 495.443237304688 396.15465927124 446.303812026978 479.658084869385 621.936172485352 682.124069213867 610.577974319458 547.342582702637 637.535865783691 753.13069152832 643.243740081787 665.280639648438 594.026824951172 482.991688132286 623.721153259277 721.445459365845 695.262177467346 724.71509552002 781.040283203125 629.364028930664 659.898628234863 753.165130615234
532.690008163452 596.288932800293 574.701225280762 632.586547851562 586.200290679932 672.918655395508 603.810173034668 608.869161605835 555.970500946045 387.750495910645 461.643085479736 447.841213226318 411.828887939453 390.890129089355 312.827194213867 453.787967681885 540.977794647217 608.801597595215 502.025947570801 463.532081604004 461.515014648438 518.804898023605 593.239471435547 519.582185745239 456.82755279541 572.46205329895 458.152244567871 447.299983978271 708.009887695312 770.885757446289 637.702724456787 601.224761962891 758.267684936523 658.879013061523 634.138175964355 631.474866867065 502.725685119629 774.981399536133 541.092895507812 833.969696044922 679.608428955078 666.311818122864 491.997009277344 726.313896179199 731.781768798828 757.448364257812 872.201110839844 956.822814941406 732.13321685791 843.885131835938
572.901245117188 664.915512084961 487.7093064785 595.729272276163 587.311532020569 676.795822143555 699.203727722168 611.721242904663 615.327774047852 666.165246963501 519.235929489136 395.099334716797 556.422824859619 539.622261047363 503.943259239197 595.987106323242 564.02240562439 613.257553100586 567.319198608398 601.884742736816 579.386009216309 388.654228210449 427.963844299316 489.603771209717 679.819839477539 643.350440979004 396.69548034668 851.734924316406 783.600158691406 809.773345947266 733.137588500977 744.662963867188 677.519760131836 770.49397277832 459.490261077881 806.372741699219 611.586311340332 550.817001342773 527.336256027222 565.795497894287 661.445888519287 633.36499786377 596.520191192627 529.526010990143 544.568479537964 650.417007446289 671.505142211914 859.966537475586 833.363868713379 851.149673461914
657.515015602112 833.583145141602 756.786064147949 424.771781921387 581.116706848145 525.512603759766 616.316210746765 682.471351623535 600.134043693542 859.812400817871 444.934501647949 537.135284423828 500.633150100708 593.757614135742 424.994972229004 616.064010620117 541.624626159668 782.193939208984 531.669021606445 565.729776382446 419.959465026855 486.474540710449 632.565643310547 641.894859313965 523.960114479065 657.506607055664 695.95622253418 691.715873718262 616.880462646484 525.667930603027 847.707580566406 669.845314025879 867.166870117188 752.869369506836 472.729537963867 484.356079101562 463.572074890137 616.765754699707 560.609413146973 627.954788208008 651.20881652832 548.971675872803 736.506256103516 636.000549316406 651.678207397461 611.689666748047 747.444244384766 829.615356445312 839.723205566406 722.20246887207
740.804985046387 507.119171142578 686.868997573853 502.315811157227 642.338890075684 566.475070953369 533.253227233887 633.003076553345 548.14436340332 552.704063415527 507.320199966431 333.655166625977 485.359519958496 465.079162597656 576.846290588379 560.359134674072 554.935104370117 496.529020786285 563.472881317139 483.383268356323 515.177955627441 416.537673950195 665.098220825195 549.069358825684 510.38738822937 657.490715026855 722.124008178711 558.600219726562 551.282485961914 501.946762084961 667.720283508301 770.799468994141 763.757354736328 587.551727294922 629.707962036133 613.555969238281 541.08934211731 364.712173461914 517.458391785622 516.993301868439 575.028163909912 590.717245101929 752.487183570862 990.091627120972 895.085426330566 606.275802612305 676.917892456055 727.909652709961 714.472198486328 583.124221801758
695.439117431641 677.63045501709 741.652641296387 570.726783752441 556.022731781006 507.51895904541 505.724750638008 578.489435195923 545.287605285645 607.521366119385 480.576370239258 453.982963562012 493.875419616699 525.320358842611 570.647483825684 589.716590881348 561.428554534912 499.473585128784 433.896095275879 491.452568054199 569.604656219482 566.114688873291 499.40801525116 489.912773132324 430.39094543457 556.471336364746 594.384830474854 565.537658691406 681.926010131836 493.181217193604 583.256353974342 901.273330688477 702.654327392578 455.325122833252 444.785202026367 439.910099029541 498.143218994141 587.420892715454 641.055145263672 483.192970275879 614.962154388428 640.264755249023 805.010845184326 897.287506103516 730.206115722656 776.970809936523 775.007186889648 750.903182983398 669.030738830566 591.873420715332
-9999 -9999 665.863948822021 908.89673614502 687.243274688721 522.78636932373 481.413864135742 483.547744750977 594.621192932129 435.223861694336 464.853302001953 306.400238037109 564.595252990723 631.150352478027 544.574300765991 532.049083709717 596.901016235352 577.782005310059 540.337270736694 551.861213684082 680.933120727539 445.881484985352 568.187889099121 508.308144569397 554.901538848877 547.805665969849 434.775184631348 787.322418212891 877.788223266602 673.761005401611 522.704975128174 589.8495657444 733.180236816406 524.663314342499 470.394760131836 433.971645355225 482.584686279297 460.333763122559 410.127578735352 439.91877746582 716.513889312744 746.922542572021 784.713081359863 953.897529602051 1082.15231323242 894.953231811523 869.832077026367 -9999 -9999 -9999
