export/dem/dem57.asc
NCOLS 350
NROWS 171
XLLCORNER 152620
YLLCORNER 418050
CELLSIZE 100
NODATA_VALUE -9999
[rows 22 to 43 of 171, columns 100 to 149 of 350]
564.623189926147 514.738357543945 733.368469238281 601.334244728088 747.689029693604 560.580322265625 632.308067321777 824.545722961426 693.647285461426 722.646521568298 854.255317687988 529.417976379395 648.012161254883 854.523910522461 504.119155883789 462.112045288086 789.41951751709 721.166595458984 694.217220306396 654.297943115234 1011.11318206787 763.189666748047 474.857055664062 629.687950134277 415.357284545898 498.669128417969 547.963413238525 532.067852973938 482.910736083984 711.690864562988 558.019708633423 642.079011917114 567.387115478516 468.311828613281 576.109811782837 538.072135925293 608.047415733337 679.665439605713 646.656261444092 597.717418670654 602.501625061035 607.190143585205 758.918960571289 469.082550048828 651.647873878479 727.907897949219 636.732781887054 555.864303588867 586.902872085571 525.271179199219
784.26139831543 571.614192247391 573.453536987305 593.517632484436 713.040855407715 865.849533081055 599.493713378906 381.071838378906 704.092029571533 488.364990234375 1650.83036530018 591.019927978516 472.403533935547 1142.09777832031 361.193069458008 427.238677978516 863.454742431641 635.611129760742 723.484205722809 534.885864257812 719.554908752441 534.657585144043 1188.69167709351 955.667999267578 585.181838989258 570.974899291992 462.383293151855 445.048477172852 613.804134368896 501.864479064941 501.854034423828 612.196599960327 463.228591918945 445.448593139648 663.717662811279 628.263120651245 636.310329437256 597.630634307861 682.671825408936 641.187724113464 793.924713134766 600.793842315674 627.410112380981 668.820251464844 495.702919006348 613.445473194122 669.419738769531 655.880870819092 536.154296875 535.605819702148
635.619655609131 667.044647216797 537.258857727051 559.869857788086 696.504598617554 926.013214111328 639.391849517822 642.902862548828 323.255828857422 441.904846191406 698.062788009644 940.191184997559 583.565979003906 594.513290405273 483.037368774414 580.294128417969 469.732345581055 491.928955078125 596.075119018555 739.993774414062 735.554550170898 614.31191444397 529.682052612305 521.449867248535 594.169631958008 532.077056884766 577.391973495483 443.047485351562 425.447998046875 502.851699829102 516.07218170166 538.877014160156 588.183805465698 617.016876220703 806.197303771973 743.062934875488 600.930557250977 693.387161254883 622.443344473839 714.497535705566 626.908250808716 740.567481994629 653.108818054199 617.702054977417 586.5876121521 486.300987243652 531.523712158203 490.524749755859 744.65576171875 675.203674316406
668.856590270996 440.753349304199 650.94506072998 703.753185272217 470.315048217773 498.966491699219 818.603218078613 867.036499023438 407.652267456055 658.138244628906 922.243984222412 841.066253662109 728.164001464844 825.036018371582 858.312355041504 991.976699829102 425.190216064453 576.723075866699 539.509113311768 641.154083251953 1342.62139892578 464.394760131836 464.393325805664 486.545974731445 490.302612304688 433.511474609375 442.584800720215 410.000534057617 607.655681610107 489.168853759766 386.549987792969 394.554702758789 601.525179862976 777.516711235046 646.45231628418 663.869980812073 612.945207774639 504.79581451416 526.939056396484 601.577301025391 581.341569900513 652.066677093506 670.093742370605 510.06632232666 541.010227203369 488.867309570312 584.095729827881 631.979957580566 748.196792602539 689.65030670166
546.545687675476 463.782524108887 705.515289306641 553.076736450195 570.056274414062 425.73681640625 350.137451171875 493.174346923828 969.746627807617 561.188339233398 588.863571166992 734.491760253906 733.949035644531 578.643730163574 924.605178833008 841.45539855957 415.786315917969 474.013610839844 735.865257263184 333.94303894043 1065.15702819824 470.914047241211 655.81196975708 399.938247680664 437.209609985352 645.101397514343 309.304626464844 326.603012084961 417.312866210938 391.660903930664 460.187187194824 514.04528427124 554.395389556885 428.484664916992 554.166095733643 669.568183898926 564.571891784668 520.831630706787 612.926586151123 712.968612670898 505.683898925781 564.181299209595 533.788970947266 511.33073425293 683.685997009277 636.935649871826 473.33464050293 634.391960144043 655.305923461914 737.35661315918
592.718738555908 363.631317138672 594.166842937469 522.129051208496 1055.15724182129 1248.13133239746 518.356842041016 430.923843383789 580.929801940918 762.529083251953 558.432342529297 818.761203765869 756.435035705566 624.062311172485 597.961349487305 1011.87181091309 1300.98266601562 384.24055480957 456.599151611328 571.274658203125 350.396377563477 555.51224899292 520.027572631836 573.737823486328 734.119464874268 530.32209777832 529.4365234375 446.374046325684 405.510940551758 405.791900634766 451.522918701172 374.768859863281 496.67170715332 576.733083724976 538.052097320557 637.301094055176 703.244049072266 673.342819213867 539.785614013672 575.245220184326 448.178703308105 614.070785522461 466.340438842773 609.843173980713 579.985843658447 720.860946655273 465.377944946289 512.248374938965 716.610656738281 574.323534011841
373.777755737305 841.024742126465 484.350608825684 456.036819458008 530.107269287109 484.268051147461 407.356292724609 472.100158691406 727.018333435059 508.842140197754 821.985008239746 533.941604614258 377.739120483398 605.184219360352 825.61311340332 456.822845458984 579.988059997559 1013.31114959717 1070.99429321289 513.170227050781 507.291702270508 367.455688476562 406.779632568359 469.01001739502 571.605512619019 519.596122741699 472.146514892578 572.217594146729 398.365158081055 451.489837646484 521.049280166626 596.617106437683 591.215179443359 652.511123657227 720.428131103516 584.38503742218 607.151363372803 738.840515136719 553.134963989258 690.11865234375 491.97477722168 526.95849609375 475.154273986816 538.347441673279 571.265441894531 535.032412528992 701.109115600586 708.681121826172 663.491470336914 649.05054473877
481.590660095215 474.894798278809 414.109848022461 361.181289672852 681.238525390625 515.904884338379 417.133087158203 549.707656860352 506.778381347656 533.447326660156 935.1897315979 372.653472900391 655.863464355469 899.564002990723 756.13452911377 480.704513549805 460.352676391602 502.939758300781 359.334503173828 342.625 423.223007202148 632.027633666992 521.901681900024 433.570037841797 515.385143280029 647.055614471436 518.82644367218 475.401031494141 570.66588973999 539.832105636597 586.936508178711 566.555229187012 562.953447341919 533.512811660767 610.757858276367 639.746917724609 796.867599487305 520.843384742737 604.173675537109 490.790802001953 630.574630737305 458.568336486816 378.347579956055 566.291150093079 521.889974594116 554.104117870331 491.105686187744 621.847930908203 560.207803726196 601.388330459595
802.001960754395 469.643016815186 414.319717407227 624.310668945312 554.776000976562 460.661697387695 345.132293701172 510.486473083496 492.929344177246 714.019439697266 783.301116943359 452.256729125977 530.411415100098 525.974334716797 556.93151473999 853.862945556641 377.121124267578 437.39688873291 605.67126083374 466.118927001953 444.398468017578 643.646743774414 660.554161071777 544.30588722229 683.624884128571 1689.26158714294 524.94495010376 648.838043212891 652.411743164062 421.382354736328 598.73250579834 600.349075317383 694.644729614258 490.228269577026 573.338184356689 631.604690551758 609.110572814941 636.540863037109 705.086273193359 521.405744552612 744.090469360352 560.1589012146 575.486698746681 444.582939147949 479.500076293945 636.884498596191 521.456577301025 455.719360351562 572.738506317139 712.452758789062
492.545406341553 524.725593149662 345.356628417969 499.085708618164 1143.05857849121 309.221282958984 426.007095336914 531.203071594238 824.629470825195 547.66752243042 509.427627563477 760.183937072754 539.612724304199 544.099896430969 464.511367797852 644.042358398438 537.043098449707 505.087551116943 516.359638214111 545.439786911011 568.189175605774 455.747299194336 505.874011993408 641.807189941406 533.419828414917 579.612444877625 432.519317626953 631.942741394043 575.050483703613 579.545539855957 581.354019165039 677.710891723633 512.760088920593 558.809539794922 708.957855224609 541.164247512817 628.270309448242 599.096897125244 392.423965454102 450.545074462891 426.837142944336 519.757753372192 470.644760131836 632.245208740234 526.508689880371 795.191192626953 637.941902160645 446.745414733887 623.842220306396 529.029928207397
596.376518249512 581.550304412842 497.589683532715 517.824466705322 484.221176147461 331.677764892578 394.481384277344 895.599639892578 1064.76671600342 470.428009033203 597.740856170654 630.741817474365 664.804878234863 583.212965011597 649.361270904541 488.511833190918 369.151580810547 449.481079101562 693.22412109375 467.961143493652 632.775985717773 635.427421569824 478.005294799805 525.478212356567 534.490465164185 598.593101501465 475.120384216309 613.558631896973 584.661010742188 517.530639648438 554.218597412109 586.044914245605 506.624411582947 451.17297744751 432.38826751709 481.961351394653 474.077758789062 639.254722595215 530.078475952148 626.080604553223 502.932705879211 542.504179000854 544.834489345551 693.929595947266 474.472053527832 460.74259185791 494.562213897705 700.462707519531 496.394958496094 484.074951171875
455.254650115967 404.492546081543 518.059181213379 424.494812011719 445.533592224121 372.406929016113 413.178024291992 531.902156829834 743.635467529297 516.624195098877 632.268661499023 703.103088378906 512.591548919678 766.57942199707 613.66911315918 513.446388244629 417.035873413086 495.261722564697 380.235366821289 483.267910003662 390.5859375 547.552700042725 601.811332702637 503.42435836792 444.306671142578 547.512100219727 721.07145690918 593.147354125977 508.930716514587 439.078239440918 556.702354431152 405.302536010742 520.913721084595 691.35612487793 437.798126220703 539.162009716034 490.037767410278 420.898040771484 638.452850341797 404.481842041016 566.06689453125 601.673286437988 593.94701385498 586.291801452637 472.099517822266 430.82967376709 497.335273742676 525.963125228882 479.543899536133 682.83349609375
521.853614807129 569.275802612305 441.277503967285 532.2776222229 459.794605255127 305.934097290039 567.055686950684 507.84239423275 556.567420959473 448.076110839844 536.86545753479 380.541595458984 557.222412109375 491.197514533997 404.062324523926 459.162296295166 540.34836769104 515.955992698669 567.223846435547 586.672958374023 537.653165817261 572.281002044678 529.889879226685 525.591207504272 635.380218505859 664.41682434082 554.254920959473 533.993907928467 515.007490158081 424.470329284668 484.707098007202 518.948085784912 404.627937316895 400.083602905273 510.325458526611 410.644691467285 304.389465332031 409.088668823242 487.631576538086 462.995555877686 558.266674041748 524.544694900513 556.798435211182 671.009506225586 500.863275527954 644.493492126465 440.095191955566 465.641174316406 436.584762573242 607.050670623779
282.205764770508 545.58243560791 524.266696929932 538.605026245117 482.332059860229 528.201068878174 533.056335449219 497.808037757874 443.112926483154 358.293395996094 453.561889648438 433.97095489502 504.608894348145 522.632698059082 429.128776550293 551.765998840332 557.396179199219 506.329418182373 387.869018554688 463.820589065552 572.25 549.692153930664 543.183074951172 625.928932189941 581.025634765625 525.11251449585 387.514015197754 471.588086128235 632.12532043457 419.785011291504 471.634284973145 549.920318603516 517.808851242065 329.730056762695 603.754371643066 366.328536987305 490.011194229126 522.058422088623 495.3130838871 545.638702392578 571.213523864746 473.692861557007 412.708877563477 478.481155395508 475.562419891357 402.296585083008 446.570465087891 491.571556091309 481.760765075684 596.175758361816
557.868354797363 402.178749084473 540.418972015381 497.403259277344 401.546768188477 416.783905029297 358.151069641113 446.975429534912 410.542999267578 412.050964355469 634.708694458008 512.377689361572 663.204635620117 497.142297744751 472.766311645508 501.881951332092 495.461224079132 566.240272521973 521.71656036377 616.167358398438 532.77880859375 592.770469665527 514.392471313477 523.663784980774 568.83251953125 390.500106811523 484.877672195435 508.781929016113 650.896408081055 534.184520721436 462.864248275757 380.940299987793 584.912467956543 501.33152961731 545.326091766357 347.313430786133 380.120323181152 363.85684967041 446.587581634521 435.72779083252 648.271270751953 534.563650131226 427.968696594238 451.658069610596 489.205989837646 599.224830627441 584.078353881836 589.18367767334 452.201164245605 597.143398284912
505.824420928955 488.068490982056 404.39098739624 411.276924133301 418.383666992188 507.00072658062 482.392261505127 421.510856628418 378.599029541016 470.066116333008 556.573516845703 484.076330184937 470.720404624939 497.757116317749 350.846817016602 399.465950012207 550.529075622559 506.013477325439 571.732231140137 572.313461303711 368.236175537109 494.042629241943 465.453319549561 465.718938827515 391.13981628418 553.169082641602 433.040187835693 446.873356819153 442.919219970703 534.51131439209 408.417953491211 507.948040008545 459.120698928833 443.55765914917 528.695430755615 395.153778076172 506.756114959717 345.16194152832 361.221252441406 445.540836334229 569.61434173584 502.121886253357 575.470268249512 633.523460388184 540.853809356689 570.500545501709 619.312927246094 425.726043701172 664.569091796875 651.976303100586
488.971042633057 528.173656463623 502.756862640381 448.827918052673 499.208192825317 448.406608581543 502.884881973267 436.505697250366 457.935218811035 300.476654052734 498.593711853027 550.227905273438 412.931442260742 468.936679363251 316.190551757812 463.021103858948 526.296310424805 407.225967407227 426.657760620117 505.183197021484 514.038970947266 562.959831237793 532.563587188721 569.212760925293 389.092376708984 648.032043457031 572.149856567383 561.051635742188 631.446624755859 439.095127105713 591.04044342041 417.807811737061 367.756927490234 438.331455230713 361.376098632812 470.640250205994 581.184532165527 315.517883300781 564.985679626465 485.864848136902 710.814437866211 383.085052490234 495.037558555603 275.52995300293 542.958589553833 550.949592590332 653.127426147461 645.945358276367 597.850723266602 598.780342102051
445.865324258804 552.08992767334 412.898609161377 451.377369880676 408.410491943359 417.972677230835 300.114440917969 460.472970962524 573.956100463867 442.495862960815 432.209201812744 506.464206695557 474.261840343475 502.217582702637 431.678722381592 447.9791431427 397.267601013184 560.325752258301 484.49097442627 566.176834106445 460.874337434769 584.629875183105 579.206047058105 556.929412841797 390.554714202881 457.568625926971 369.376197814941 355.684371948242 534.267810821533 421.131912231445 476.890299797058 427.750156402588 461.281860351562 387.649276733398 380.336288452148 448.500951766968 446.49781036377 399.736434936523 514.263450622559 485.803780555725 512.957702636719 396.637214660645 603.588821411133 443.711555480957 473.715679168701 472.646083831787 316.567962646484 581.772407531738 522.096370697021 523.896678924561
474.946571350098 418.167524337769 407.567390441895 339.025428771973 476.398668289185 327.07014465332 372.693046569824 419.49116897583 507.494625091553 499.11106300354 561.826522827148 538.132705688477 507.955558776855 417.748756408691 426.778331756592 593.269973754883 344.258331298828 391.98038482666 434.059226989746 419.130867004395 444.184673309326 467.815015792847 519.484600067139 480.071469664574 416.130355834961 502.11159324646 409.738822937012 379.67342376709 325.33268737793 375.804298400879 342.499900817871 469.994544029236 321.348648071289 477.583996772766 519.856521606445 464.799722313881 571.929634094238 451.499061584473 552.466148376465 592.930557250977 489.845933914185 537.70943069458 360.741180419922 435.006996154785 553.429815292358 560.702199935913 599.629058837891 605.121334075928 497.155847549438 627.218017578125
333.033363342285 351.37801361084 466.476400375366 402.805521011353 472.007061004639 403.676651000977 301.996444702148 525.512542724609 485.180704116821 473.648030281067 457.137167692184 521.123676300049 392.573875427246 520.870506286621 529.875255584717 465.543647527695 401.184661865234 457.024585723877 470.57567024231 485.117649078369 612.444030761719 529.043121337891 568.508544921875 436.116416931152 571.96263885498 292.605453491211 341.97713470459 448.577213287354 483.995615959167 414.049102783203 457.242712497711 428.470134735107 326.961685180664 393.084777832031 352.283012390137 386.57462310791 419.916255950928 498.140172481537 450.885715484619 468.603721618652 400.185119628906 644.761123657227 456.030746459961 719.338897705078 533.481422424316 485.299610137939 604.230911254883 633.228530883789 565.071422576904 441.727127075195
351.814292907715 431.22610616684 385.105937957764 286.522491455078 332.398086547852 347.992446899414 376.542846679688 342.254943847656 416.081508636475 552.231575012207 482.360160827637 471.928073883057 510.267894744873 517.970767974854 592.834915161133 596.48649597168 488.953301906586 428.247711181641 533.125263214111 408.828155517578 412.624412536621 399.445220947266 580.840942382812 511.787624359131 446.646257400513 411.907516479492 288.955871582031 409.815048217773 436.154167175293 456.353603363037 546.655853271484 439.642753601074 496.215716362 500.133943557739 569.464538574219 407.702262878418 325.196105957031 453.779830932617 663.429260253906 601.325469970703 523.233451843262 682.877151489258 468.82908821106 663.825546264648 450.857307434082 325.307601928711 465.948513031006 418.322273254395 459.195575714111 629.228393554688
524.827850341797 376.181663513184 471.08286857605 322.176063537598 427.188112258911 420.447490692139 536.485549926758 439.864287376404 476.64181137085 427.428698539734 429.813819885254 427.321730613708 405.549571990967 575.309043884277 446.048813700676 571.35139465332 597.579368591309 477.209583282471 460.100114345551 481.86026763916 444.160514831543 439.377807617188 371.11109161377 526.328884124756 594.166618347168 458.385848999023 567.177001953125 506.234855175018 368.958755493164 577.727615356445 466.585388183594 301.176254272461 551.09107208252 440.2243309021 676.623413085938 260.761749267578 558.212608337402 451.867710113525 620.046592712402 584.457885742188 482.222320556641 517.494480133057 569.011394500732 445.356666564941 487.216093063354 619.775512695312 559.368148803711 535.372802734375 648.908500671387 512.559204101562
