export/dem/dem57.asc
NCOLS 350
NROWS 171
XLLCORNER 152620
YLLCORNER 418050
CELLSIZE 100
NODATA_VALUE -9999
[rows 132 to 153 of 171, columns 250 to 299 of 350]
766.377511978149 667.165069580078 799.66335105896 753.576171875 727.287696838379 569.333480834961 505.387237548828 563.215698242188 565.124214172363 749.254207611084 549.377883911133 656.80606842041 674.083755493164 675.584129333496 845.171566009521 729.355075836182 850.780502319336 895.308044433594 830.000804901123 846.942054748535 832.573921203613 786.09016418457 710.642366886139 646.898811340332 712.427532196045 757.624565124512 554.51091003418 654.784547805786 344.571441650391 872.579956054688 578.896331787109 638.748600482941 564.866218566895 549.819755554199 585.29097366333 591.458011627197 442.791748046875 611.88215637207 726.791093826294 807.117282867432 899.299865722656 1201.17002868652 1032.01200866699 994.482727050781 1004.46867656708 925.701573371887 919.330951690674 769.916599273682 876.508058547974 1076.70914459229
658.156059265137 826.742378234863 873.332183837891 807.751528739929 695.42029350996 574.604232788086 516.88680267334 572.723968505859 721.387241363525 796.383634567261 550.049407958984 665.788284301758 736.004848480225 825.990669250488 751.290462493896 796.141593933105 712.940227985382 972.455230712891 873.129806518555 718.149068832397 756.896879196167 723.408283233643 692.340382099152 749.269157409668 785.036415100098 731.463302612305 637.687917709351 581.723587036133 749.963935852051 672.869006156921 621.067944526672 603.49401473999 688.682281494141 558.190078735352 615.919006347656 575.201248168945 683.335403442383 624.343662261963 785.410461425781 699.445970535278 841.107208251953 903.318473815918 1052.7683300972 1140.77838516235 1004.35401535034 899.699935913086 1045.48122406006 770.825113296509 779.202949523926 989.444068908691
853.140113830566 730.345481872559 771.810255050659 611.181510925293 632.511842727661 638.650733947754 674.597141265869 817.530857086182 684.536994934082 715.126319885254 793.960880279541 693.343055725098 677.210075378418 821.960174560547 925.986740112305 987.865356445312 781.317050933838 831.357292175293 959.752241134644 807.023990631104 870.450286865234 793.939430236816 859.701889038086 772.512203216553 744.212261199951 664.790275096893 539.527183532715 613.873031616211 601.171535491943 724.788925170898 657.527261734009 696.564891815186 688.535236358643 658.701328277588 610.610317230225 676.140104293823 544.101783752441 647.27502822876 693.993879318237 585.896705627441 768.20288848877 853.202362060547 633.357318878174 883.149078369141 806.649971008301 822.087524414062 961.078994750977 812.123867034912 997.05541229248 901.800629615784
644.313354492188 609.074630737305 696.12416434288 749.533393859863 692.806167602539 569.039031982422 753.643191337585 660.646194458008 827.997123718262 774.635452270508 872.378326416016 924.996520996094 914.069610595703 966.991821289062 792.060493469238 891.801040649414 797.025745391846 876.72737121582 734.375747680664 886.870811462402 855.559860229492 684.941879272461 761.547630310059 757.383396148682 667.199604988098 757.599868774414 718.034076690674 578.31909942627 623.372678756714 765.824142456055 786.022888183594 639.329536437988 683.532377243042 715.209968566895 606.571128845215 537.760604858398 659.651964187622 739.837642669678 635.607696533203 730.242170333862 754.253578186035 710.953922271729 797.744720458984 634.149925231934 722.53314781189 833.435073852539 917.795455932617 964.699020385742 1040.96125793457 932.011819112115
612.792877197266 729.74094581604 744.825679779053 627.314300298691 713.257263183594 1007.57887268066 958.854789733887 812.421733379364 791.545213699341 853.705017089844 626.439804077148 744.399234771729 552.666351318359 681.674430847168 893.83154296875 691.891426086426 855.663928985596 872.168025970459 856.798095703125 642.260498046875 904.209373474121 669.361856460571 805.461822509766 857.823287963867 762.859519958496 660.51730298996 639.290990829468 777.849502563477 617.807571411133 647.498304367065 659.199517250061 605.425622940063 649.024111747742 642.430250167847 742.009376525879 541.298240661621 678.570482254028 524.873001098633 673.476737976074 780.942398071289 803.770553588867 796.21662902832 747.155200958252 661.934854507446 745.504684448242 888.330947875977 977.907791137695 1001.90752410889 894.999504089355 921.458928108215
729.492129325867 672.730690002441 762.702304840088 777.294166564941 790.815521717072 834.616756439209 739.029365539551 830.720119476318 771.350545883179 681.885265350342 645.380912780762 683.81063079834 621.213569641113 887.406295776367 877.535079956055 783.147060394287 781.099418640137 938.068115234375 576.876678466797 572.970863342285 799.839561462402 678.765989303589 651.384948730469 740.591827392578 701.01383972168 558.67301940918 711.062911987305 644.78374671936 813.775787353516 736.228748321533 812.1357421875 591.916709899902 654.448274612427 728.932506561279 735.847038269043 675.883951187134 781.228080749512 709.325210571289 775.864379882812 781.194747924805 824.627967834473 813.827255249023 806.452369689941 678.822570800781 765.228252410889 619.752490997314 959.602066040039 797.911989212036 868.944677352905 771.389915466309
784.657777786255 843.923706054688 700.601150512695 821.379180908203 770.069372177124 721.868438720703 851.253204345703 772.279177427292 797.893699645996 755.620481491089 731.93830871582 658.91187286377 741.736028671265 736.963394165039 718.981834411621 710.42055901885 807.510566711426 750.914319992065 835.138648986816 711.674222946167 670.027313232422 775.12336730957 853.488998413086 678.595712661743 597.40315246582 711.832580566406 634.715847015381 676.760328352451 706.649496078491 693.35816192627 717.540067672729 552.445892333984 666.083078384399 592.404472351074 744.577880859375 564.024299621582 681.649560928345 642.680641174316 685.169647216797 671.647960662842 718.32776260376 703.877019882202 742.51354598999 710.332928061485 711.143571853638 748.546363830566 794.837112426758 922.225234985352 763.540069580078 652.621208190918
713.6644115448 800.995710372925 799.642065048218 761.006416320801 937.626327514648 756.615140914917 850.33846282959 812.930889129639 775.219419121742 883.289512634277 853.44017791748 801.850561141968 766.443859100342 692.307518005371 841.463874816895 580.020370483398 691.743614196777 887.289485454559 781.861846923828 732.265693664551 861.545623779297 813.449081420898 589.638916015625 634.296997070312 665.921318054199 660.495708465576 728.059127807617 749.987339019775 671.690547943115 691.775096893311 722.420040130615 764.707126617432 677.369104385376 524.637771606445 631.847602844238 646.864225387573 657.564498901367 672.315856933594 512.488510131836 554.184707641602 620.077491760254 689.563938140869 586.531059265137 681.504402160645 697.891120910645 692.375829696655 728.152984619141 731.232164382935 732.009002685547 891.641929626465
802.931205749512 851.578281402588 954.405029296875 887.691543579102 974.432205200195 782.727628707886 859.694229125977 872.416938781738 750.237258911133 870.287620544434 737.208419799805 753.330127716064 805.43928527832 735.861061096191 700.737365722656 780.040765762329 794.900993347168 852.998781204224 842.240676879883 646.096588134766 612.749725341797 590.140159606934 680.667411804199 762.425608634949 761.070677757263 743.772089004517 783.465286254883 856.602149963379 790.916847229004 745.901145935059 680.521659851074 802.395668029785 766.063236236572 676.438734054565 741.147472381592 499.319442749023 490.980575561523 500.140335083008 697.631490111351 613.08358001709 627.698722839355 608.342849731445 645.866889953613 914.924682617188 619.130516052246 680.278343200684 740.751266479492 806.396476745605 866.767486572266 714.130501747131
780.098438262939 726.977108001709 840.267141342163 777.760749816895 1000.08909606934 754.954921722412 762.553333282471 845.402178764343 791.807513237 954.549392700195 946.313400268555 699.000358581543 774.244367599487 810.878028392792 668.958030700684 811.617336273193 729.222732543945 844.575302124023 781.107469558716 578.644866943359 622.245597839355 645.170322418213 635.48184967041 760.778972625732 710.316747665405 757.228536605835 888.295768737793 824.533515930176 779.408957481384 817.391551971436 721.896423339844 766.180309295654 731.559364318848 576.940620422363 752.028255462646 719.407001495361 460.639068603516 571.030364990234 590.433670043945 630.146705627441 738.562124252319 650.638832092285 879.401031494141 732.112571716309 670.840984344482 774.060897827148 837.883171081543 805.222007751465 839.846313476562 807.070655822754
742.465530395508 704.182502746582 918.044311523438 725.991874694824 822.156713485718 894.586715698242 745.401008605957 753.819793701172 807.320266723633 736.133316040039 838.91508102417 988.241912841797 871.510635375977 787.678831100464 861.247745513916 716.725608825684 900.862289428711 691.920684814453 733.530883789062 641.859634399414 525.199325561523 660.266746520996 661.981410980225 704.457084655762 740.157522201538 681.332527160645 677.65185546875 824.045118331909 917.340408325195 797.526374816895 661.16813659668 621.198783874512 801.175361633301 753.380071640015 560.926651000977 640.697471618652 650.489119529724 550.330352783203 645.477725982666 548.387435913086 662.071708679199 756.781620025635 789.368118286133 676.416717529297 740.23738861084 763.557456970215 726.236465454102 772.693344116211 834.613418579102 703.394693851471
697.194752693176 772.572891235352 990.382316589355 595.27857208252 792.783569335938 793.668594360352 739.201957702637 1053.07132720947 846.203285217285 757.706329345703 965.065536499023 714.421241760254 731.300331115723 732.232322692871 862.621002197266 732.185981750488 782.385471343994 718.652221679688 743.171585083008 625.118255615234 654.874923706055 654.810009002686 744.981485366821 656.772422790527 768.143325805664 665.496126174927 686.959297180176 704.348892211914 766.123252868652 797.687366485596 895.45361328125 738.446788787842 717.904006958008 780.813491821289 675.446132659912 626.791160583496 573.564575195312 699.086277008057 628.340225219727 691.49498462677 688.080146789551 667.840227127075 551.348480224609 646.008346557617 695.635499954224 549.590133666992 732.961088180542 646.422576904297 767.448331832886 709.911308288574
686.382251739502 777.166038513184 857.220260620117 787.780086517334 762.039273500443 443.286926269531 591.157562255859 810.854370117188 571.135200500488 909.033912658691 1033.98794555664 790.536560058594 757.043838500977 793.375503540039 841.850873947144 815.272565841675 659.851547241211 851.094188451767 701.023941040039 704.310066223145 734.736572265625 679.671844482422 692.99271774292 672.499893188477 824.518583297729 646.838005065918 665.577053070068 829.127197265625 779.216808795929 946.343978881836 754.403438568115 820.42964553833 727.847258090973 651.182601928711 710.61316204071 655.359092712402 591.848625183105 841.453033447266 655.828239440918 668.326232910156 645.995223999023 627.94384765625 721.534048199654 559.986450195312 643.621894836426 687.275825500488 687.711757659912 811.320518493652 733.59387588501 738.890026569366
-9999 -9999 -9999 835.536733627319 813.649810791016 924.272399902344 765.833518981934 709.668590545654 618.964881896973 525.198883056641 879.541551113129 768.354994446039 819.516258239746 922.102475166321 870.317886352539 771.972312927246 950.47785949707 767.027442932129 944.08863067627 841.346304178238 746.6220703125 702.413482666016 874.70059967041 890.54695892334 960.970695495605 791.713844299316 607.955589294434 820.633743286133 681.662830352783 678.834197998047 672.701034545898 758.409404754639 648.517448425293 850.446922302246 656.604736328125 610.273590087891 690.152015686035 733.979057312012 726.498062133789 769.678043365479 794.949407100677 590.942504882812 610.169044494629 730.572693705559 803.892402648926 637.653915405273 735.830850601196 659.595497131348 827.176712036133 722.698234558105
-9999 -9999 -9999 -9999 -9999 -9999 799.919967651367 855.942756652832 634.722671508789 511.660461425781 719.365074157715 638.279859542847 738.540233612061 994.237915039062 703.394195556641 780.680198669434 640.29850769043 976.286399841309 865.159599304199 919.679992675781 983.836685180664 874.790105819702 993.754684448242 903.174110412598 917.590850830078 750.935638427734 862.402364730835 797.514068603516 785.62720489502 822.065364837646 856.894740104675 951.612268447876 745.620223999023 704.116584777832 777.647674560547 654.273529052734 877.752201080322 775.397748947144 722.47583770752 895.974121570587 809.392974853516 727.369655609131 729.85470867157 739.690866470337 715.875741481781 728.77986907959 659.544513702393 772.098430633545 772.254926681519 792.846220016479
-9999 -9999 -9999 -9999 -9999 -9999 -9999 -9999 -9999 751.832221984863 550.887268066406 635.461090087891 679.776947021484 842.802855968475 641.043319702148 782.062075614929 1036.74878692627 1064.66299438477 1068.01639938354 906.970825195312 982.978561401367 1041.09594726562 964.404510498047 856.597920417786 892.092715740204 792.565664291382 874.900344848633 776.20588684082 864.07040977478 793.227207183838 785.864608764648 834.46505355835 807.578796386719 637.075538635254 712.152307510376 753.143447875977 730.937593460083 726.411987304688 798.534019470215 711.605164527893 667.560214996338 779.525108337402 759.553993225098 832.899749755859 728.261295318604 783.220996856689 750.545282363892 805.592346191406 766.993993759155 858.50611114502
-9999 -9999 -9999 -9999 -9999 -9999 -9999 -9999 -9999 -9999 -9999 764.854515075684 718.783573150635 628.332778930664 748.515914916992 632.34192276001 894.239303588867 1243.63947296143 792.23907661438 929.866088867188 1076.91861724854 1106.30258178711 987.629272460938 1001.85486602783 922.969131469727 783.54088973999 802.185264587402 931.910011291504 831.065053939819 911.404218673706 856.208617687225 918.175827026367 734.145488739014 716.224740028381 797.052707672119 699.675268173218 684.029340744019 552.852722167969 545.152786254883 717.59348487854 827.887245178223 807.787857055664 718.434184074402 674.235122680664 741.31545573473 706.3882188797 725.0126953125 739.750761985779 932.282730102539 746.557567596436
-9999 -9999 -9999 -9999 -9999 -9999 -9999 -9999 -9999 -9999 -9999 -9999 817.080337524414 795.704666137695 642.779083251953 696.756788253784 743.157165527344 1580.61642456055 1194.05459690094 1228.74407196045 1150.32427978516 1343.30068969727 1303.36520385742 1184.92963409424 911.196960449219 824.806358337402 785.41286277771 762.644729614258 887.211936950684 744.603057861328 741.876815795898 987.43913269043 883.551750183105 925.614852905273 702.621286392212 761.819889068604 725.19679915905 651.488136291504 738.253515720367 931.868515014648 882.797729492188 883.1220703125 864.540748596191 846.472930908203 884.081558227539 598.927169799805 685.486854553223 737.320021629333 916.974349975586 758.303895950317
-9999 -9999 -9999 -9999 -9999 -9999 -9999 -9999 -9999 -9999 -9999 -9999 714.084625244141 783.523101806641 853.500930786133 729.941181182861 721.748279571533 915.700523376465 928.823661804199 850.007968902588 921.29345703125 906.542652130127 935.706119537354 1006.6506652832 750.945888519287 769.87756729126 1219.12292671204 804.530656814575 907.738948822021 1171.8289642334 803.472255706787 950.385205984116 758.265495300293 795.796440124512 797.109661102295 851.017077803612 853.485301971436 725.493740081787 783.990879058838 758.411031246185 833.716720581055 863.990608215332 863.343334197998 724.725555419922 789.589794158936 774.192887306213 753.355073928833 667.579200744629 888.958427429199 927.576324462891
-9999 -9999 -9999 -9999 -9999 -9999 -9999 -9999 -9999 -9999 -9999 -9999 -9999 781.53254699707 802.542789459229 701.53849029541 651.235572814941 710.489934444427 948.609756469727 823.890926361084 931.405639648438 989.246299743652 950.784927368164 1006.88195800781 931.51155090332 876.014144897461 742.364902496338 790.122346878052 701.974113464355 759.873390197754 1060.71100616455 766.900175571442 794.517135620117 733.408584594727 864.476165771484 644.848175048828 855.258337020874 862.136711120605 737.18830871582 784.246067523956 655.767730712891 796.542060852051 854.358963012695 739.163650512695 699.51155090332 679.517463684082 699.34440612793 914.309120178223 860.830261230469 740.273693084717
-9999 -9999 -9999 -9999 -9999 -9999 -9999 -9999 -9999 -9999 -9999 -9999 -9999 -9999 766.410430431366 719.939907073975 800.79176902771 819.114608764648 1001.2936630249 895.05850982666 726.114852905273 781.989730834961 964.042259216309 752.650093078613 588.13069152832 717.615442037582 673.413414001465 795.360462188721 809.0499958992 768.654094696045 778.792165756226 806.047988891602 783.387828826904 784.889984130859 911.667953491211 788.450668334961 844.528167724609 796.561901092529 657.357864379883 731.103668212891 731.977928161621 808.418935775757 829.806146621704 765.829452514648 790.66662979126 816.231955528259 614.139724731445 726.664009094238 835.45435333252 887.064720153809
-9999 -9999 -9999 -9999 -9999 -9999 -9999 -9999 -9999 -9999 -9999 -9999 -9999 -9999 658.916702270508 706.048324584961 814.212856292725 598.863159179688 676.886474609375 778.953048706055 728.055191040039 842.545333862305 730.121490478516 916.47652053833 900.661609649658 784.414554595947 927.815589904785 904.505638122559 891.207469940186 774.598701477051 793.011560678482 757.583051681519 1176.87745666504 810.14298248291 707.762966156006 648.072486877441 687.794288635254 763.949945449829 814.379898071289 817.340097427368 738.851631164551 861.197649002075 862.56229019165 1001.69041442871 895.996517181396 1085.92611694336 917.862327575684 904.530426025391 786.019293785095 728.141731262207
