export/dem/dem55.asc
NCOLS 350
NROWS 171
XLLCORNER 152620
YLLCORNER 418050
CELLSIZE 100
NODATA_VALUE -9999
[rows 132 to 153 of 171, columns 300 to 349 of 350]
731.96728515625 812.908424377441 1604.76169013977 1279.46646881104 1068.6145324707 1198.74578857422 1611.49858093262 1463.04205322266 1369.29611206055 1394.15759277344 1437.81118774414 1453.67330932617 1101.60270881653 1646.10443115234 1554.53840637207 1127.59223937988 1202.35475158691 1007.75032043457 1053.62124633789 1036.91331481934 974.963989257812 892.6198387146 966.690162658691 825.741485595703 832.974221229553 863.597095489502 875.584085464478 1018.55017089844 937.94789648056 893.362517356873 1037.09307861328 886.351742744446 1012.99973297119 885.468799591064 -9999 -9999 -9999 -9999 -9999 -9999 -9999 -9999 -9999 -9999 -9999 -9999 -9999 -9999 -9999 -9999
902.510726928711 742.120941162109 911.843269348145 1378.971824646 1144.71290588379 1138.40582275391 1401.90542602539 1982.00283813477 1373.04788208008 1326.51206970215 1186.19243621826 1489.97058105469 1172.75500488281 1246.45854187012 1721.69772338867 1927.63526916504 1666.22772216797 2144.3034362793 1741.22436523438 1378.88218688965 1694.59429931641 928.539207458496 914.348316192627 747.872200012207 795.451404571533 945.802764892578 814.691700130701 1005.52632141113 950.297031402588 943.163286209106 918.950653076172 1001.55422973633 926.695693969727 906.792428970337 -9999 -9999 -9999 -9999 -9999 -9999 -9999 -9999 -9999 -9999 -9999 -9999 -9999 -9999 -9999 -9999
909.80054473877 1007.70207214355 801.832950592041 942.448467254639 1165.59660339355 1209.13430786133 1321.57975769043 1551.17269897461 1373.72326660156 1357.65930175781 1379.21984863281 1462.96105957031 1327.76561737061 1192.4489440918 1217.68537902832 1384.13705062866 1256.24263000488 1358.29667663574 1027.90394592285 1143.69947814941 1136.56758880615 1157.69695186615 949.38932800293 1117.10452270508 778.209342956543 915.238174438477 918.188798904419 951.852088928223 1032.71612167358 937.416774749756 1014.47232055664 938.380096435547 1056.8098449707 868.309589385986 847.453197479248 -9999 -9999 -9999 -9999 -9999 -9999 -9999 -9999 -9999 -9999 -9999 -9999 -9999 -9999 -9999
794.638899803162 750.33341217041 1033.48728370667 1257.71194076538 1069.78060150146 1095.29675292969 984.316558837891 1646.89199829102 1683.78353881836 1428.79486083984 1289.78828430176 1583.60578918457 1312.90473937988 1233.27265930176 1394.87517547607 1868.39789581299 1522.86555480957 1098.71029663086 1164.61717224121 1093.88032531738 1037.33339691162 1065.38323974609 1141.70146179199 1045.17588043213 800.152214050293 928.910423278809 832.591986119747 935.797203063965 900.600877761841 1119.66729736328 1009.77771759033 935.32527923584 1140.78169059753 804.006757259369 906.078870773315 990.343215942383 -9999 -9999 -9999 -9999 -9999 -9999 -9999 -9999 -9999 -9999 -9999 -9999 -9999 -9999
796.081066131592 959.477966308594 818.68748664856 1008.15651130676 1009.80665588379 1338.97227478027 1193.06979370117 1027.92919158936 1169.43515014648 1232.01095581055 1257.66891479492 1079.54857635498 1354.6185798645 1717.92794036865 1224.40962219238 1023.82859039307 982.266437530518 1213.36065673828 1077.56547546387 1025.97151184082 988.108215332031 1079.8423538208 975.880314946175 1204.65463256836 1214.33372497559 1148.20707702637 951.570610046387 905.990394592285 910.441314697266 862.591289520264 1101.24287414551 1626.94645690918 944.164215087891 883.796234130859 948.612777709961 758.783615112305 -9999 -9999 -9999 -9999 -9999 -9999 -9999 -9999 -9999 -9999 -9999 -9999 -9999 -9999
899.118209838867 957.943250656128 880.145212173462 945.758541107178 1075.19371032715 1265.46737670898 1284.03530883789 1126.41706848145 1216.00250244141 1312.98448181152 1066.88134765625 961.796918869019 1420.44664764404 1481.34443283081 1336.87034988403 1167.19727325439 1117.97584533691 1021.17820739746 1115.76306152344 992.232730865479 955.959566116333 985.340866088867 948.314406871796 1042.76328277588 1096.45830535889 1180.26171875 2017.64767456055 816.692123413086 751.259208679199 902.093337059021 1645.4892578125 1129.18522644043 939.280300140381 1061.02363586426 890.093532562256 876.624443054199 1004.419090271 -9999 -9999 -9999 -9999 -9999 -9999 -9999 -9999 -9999 -9999 -9999 -9999 -9999
891.986804485321 1032.42253112793 1075.54922485352 1009.95736694336 693.000244140625 1093.5659942627 1308.47852325439 1031.24833297729 1168.00428771973 1213.87890625 957.727954864502 988.642200469971 1247.68187713623 1688.85234069824 1552.17036437988 1303.78303909302 978.921474456787 1136.39909362793 1186.7998046875 1133.39071655273 963.548973083496 1011.73530578613 1072.2053604126 1170.25582885742 947.17174911499 998.540154457092 1084.19390106201 980.019203186035 1201.80435943604 1349.23602294922 1104.42213392258 1062.72469329834 880.496809720993 931.51513671875 809.549560546875 878.779452323914 886.763664245605 -9999 -9999 -9999 -9999 -9999 -9999 -9999 -9999 -9999 -9999 -9999 -9999 -9999
791.334030151367 816.806324005127 956.740734100342 964.690322875977 903.545265197754 1193.6944732666 1263.37120056152 1163.6238861084 1082.61637115479 1216.44329833984 1208.34887695312 1190.51736450195 1207.48051452637 1204.01512145996 1738.93416595459 1838.22169494629 1119.04609680176 1197.30921936035 1077.84256744385 1094.05897521973 974.178253173828 1052.74253082275 1238.01048278809 855.927047729492 1093.38864898682 1058.7675743103 1049.45558166504 883.972663879395 1016.29595565796 1199.5396194458 987.491928100586 1019.71161651611 1008.48719787598 906.708755493164 877.295989990234 1029.91438293457 787.654151916504 647.312652587891 -9999 -9999 -9999 -9999 -9999 -9999 -9999 -9999 -9999 -9999 -9999 -9999
762.481666564941 862.665399551392 867.963270187378 805.828395843506 869.836721420288 1097.00314331055 890.549026489258 1174.17524719238 1222.60832214355 1131.96039581299 1065.11627197266 1113.69149017334 1085.27476501465 1168.3623046875 1334.81384658813 1448.80330657959 1210.89538574219 910.676773071289 1125.0205078125 980.803667068481 949.542686462402 1089.46421813965 793.087280273438 923.598503112793 902.837574958801 929.067470550537 934.24409866333 994.753253936768 1022.97282409668 844.815368652344 1423.70798492432 960.301170349121 925.440605163574 818.433074951172 863.937976837158 893.624038696289 959.741924285889 1031.50405883789 -9999 -9999 -9999 -9999 -9999 -9999 -9999 -9999 -9999 -9999 -9999 -9999
816.536399841309 947.630142211914 746.149658203125 796.479873657227 899.790013313293 1010.53407287598 1041.86544036865 836.293510437012 1141.03935241699 972.664710998535 947.830587387085 1341.19989013672 1100.39820098877 1098.96530532837 1202.31174945831 1575.63705444336 1110.19297790527 1140.5237197876 1145.33651351929 1151.0824432373 981.876064300537 969.299928665161 934.277576446533 801.193313598633 898.40552520752 883.487308502197 878.405879974365 999.476261138916 892.421884536743 1026.5778427124 1185.15323638916 1043.23331069946 1030.54544067383 1054.89896392822 799.016357421875 948.623664855957 927.240352630615 1040.50616455078 867.949329376221 -9999 -9999 -9999 -9999 -9999 -9999 -9999 -9999 -9999 -9999 -9999
663.056137084961 742.072025299072 726.332908630371 754.980934143066 1012.29598617554 1216.98474121094 1269.8784942627 1048.78608751297 1051.80646514893 1123.33576202393 885.972555160522 1096.10645675659 973.190704345703 994.405361175537 1264.10525512695 1072.3898935318 1103.20597457886 958.242115020752 1070.40554428101 1182.48240661621 1250.24108886719 953.871536254883 1269.95807647705 945.366676330566 949.567206382751 1059.27075195312 874.450618743896 1063.61611175537 997.180264472961 1145.21499633789 1309.93804168701 1155.18184661865 1193.27688598633 1077.9278678894 1087.59764862061 691.186920166016 916.607032775879 1089.15469360352 1027.83967590332 -9999 -9999 -9999 -9999 -9999 -9999 -9999 -9999 -9999 -9999 -9999
732.289028167725 822.308517456055 758.785196304321 572.804794311523 844.684078216553 913.683308601379 887.031681060791 935.061094284058 935.139343261719 806.154998779297 1034.75964355469 941.727607727051 890.808364868164 1166.18824005127 1092.92329382896 1386.75184488297 1133.13667297363 1077.29014587402 1016.27584838867 1039.76865768433 1062.14595794678 1021.12570571899 975.232360839844 1132.61511230469 991.352779388428 877.779439926147 927.475250244141 1033.82057571411 948.432373046875 1100.76051330566 1058.04022216797 1250.54935455322 1081.71076202393 927.133604049683 1057.65186309814 1033.40653991699 890.301609039307 1014.32820510864 1073.31860351562 -9999 -9999 -9999 -9999 -9999 -9999 -9999 -9999 -9999 -9999 -9999
720.068454742432 642.610618591309 634.748970031738 746.86185836792 836.88257598877 712.374240875244 666.523368835449 704.692449569702 697.125480651855 700.649063110352 786.014944076538 792.658882141113 929.380706787109 1120.26009368896 930.352836608887 1169.64274978638 1513.91112232208 905.76741027832 954.856132507324 962.693988800049 905.867050170898 911.143940448761 1082.7511138916 1298.09808731079 1129.7926864624 987.53942489624 1583.6932554245 1105.06903839111 1056.71409702301 970.603988647461 1141.17430877686 1088.19599914551 924.183774232864 754.613250732422 958.87423324585 1021.59549713135 933.920959472656 1127.38519287109 953.428199768066 916.967102050781 -9999 -9999 -9999 -9999 -9999 -9999 -9999 -9999 -9999 -9999
772.050012588501 660.087249755859 668.136199951172 703.393291473389 754.754476308823 775.527056336403 720.789463043213 809.880283355713 699.237548828125 860.240808486938 688.969802856445 632.599685668945 597.070541381836 926.201738357544 853.265655517578 906.327747344971 994.062553405762 963.153526306152 1606.40713202953 848.180770874023 969.412528991699 922.678321838379 1066.26225280762 1000.36816596985 1458.29844665527 1551.82931518555 1028.44083213806 1226.56497192383 907.900665283203 924.509662628174 1275.10176086426 917.793815612793 798.085220336914 895.759980201721 1157.59634399414 1012.93042373657 898.273239135742 897.266859054565 1086.57179260254 1056.05699157715 -9999 -9999 -9999 -9999 -9999 -9999 -9999 -9999 -9999 -9999
904.208648681641 818.421760559082 776.086334228516 803.596096038818 805.460021972656 753.972578048706 679.19694519043 905.193725585938 831.912063598633 1039.75901794434 820.678375244141 816.461415290833 603.093948364258 811.645248413086 764.93896484375 823.604858398438 1000.74201965332 957.01518535614 902.168670654297 984.804191589355 807.984756469727 981.756324768066 1121.80735015869 1060.93074989319 942.231620788574 1323.08373260498 1277.77360534668 1102.94960021973 1229.69654846191 934.376800537109 1024.65807181597 1027.3762588501 857.039066314697 1089.45485687256 1042.34730052948 915.258638381958 931.648124694824 991.269287109375 960.794681549072 864.339160919189 -9999 -9999 -9999 -9999 -9999 -9999 -9999 -9999 -9999 -9999
769.029462814331 894.117240905762 833.832916259766 761.871555328369 701.709442138672 986.677337646484 818.330198287964 809.223426818848 887.407623291016 1135.04092407227 919.23646736145 831.165420532227 787.489181518555 758.265356421471 807.311403751373 829.995436668396 987.741594314575 946.983094871044 1070.43658828735 995.815933227539 965.74122428894 1120.88549041748 930.435386657715 1041.37548065186 1023.07290077209 1006.40934562683 988.257293701172 1316.68949890137 1069.34340667725 1233.39436340332 864.992309570312 904.846890687943 993.389778137207 782.876556396484 949.28529548645 908.241638183594 1000.04420566559 1039.17015075684 919.291349411011 928.747583389282 974.041046142578 -9999 -9999 -9999 -9999 -9999 -9999 -9999 -9999 -9999
857.500091552734 879.927574157715 810.277238845825 711.238513946533 633.655479431152 874.096458435059 794.124084472656 782.484714508057 892.173919677734 768.412017822266 870.218685150146 900.014556884766 918.025684356689 880.719124794006 657.849159240723 722.993614196777 764.155731201172 811.688934326172 846.706123352051 1024.22378158569 966.93367767334 1087.47488689423 1081.90453529358 1040.33565139771 947.510841369629 1107.79141616821 1093.88463973999 1069.28559875488 1006.97875976562 859.752668380737 1001.76950836182 916.679189682007 851.836875915527 891.232255935669 844.956314086914 906.867736935616 912.49829864502 1045.98519897461 892.208057880402 857.927017211914 791.397232055664 -9999 -9999 -9999 -9999 -9999 -9999 -9999 -9999 -9999
802.662929534912 794.100922584534 760.36865234375 687.046585083008 936.467895507812 791.973251342773 882.268623352051 835.619762659073 788.327453613281 631.374282836914 723.209274291992 1000.35279083252 960.202102661133 1098.01781463623 655.903564453125 650.225494384766 738.768692016602 812.295726776123 827.741401672363 935.799438476562 964.927837371826 845.96199798584 1103.91577148438 1026.37019348145 1064.43687438965 1251.54783630371 1194.97909545898 1035.1884765625 1009.50498962402 971.265686035156 941.418983459473 977.191474914551 852.221418380737 743.764770507812 1022.14663314819 1011.32800292969 990.598304748535 981.415195465088 853.046104431152 940.886619567871 886.869873046875 929.973850250244 -9999 -9999 -9999 -9999 -9999 -9999 -9999 -9999
743.164028167725 753.971864700317 894.063819885254 875.162330627441 793.624504089355 984.97021484375 758.164339661598 925.930347442627 779.008274078369 713.481063842773 724.858016967773 1090.64158630371 702.872711181641 907.070673942566 735.908447265625 845.857830047607 659.011413574219 868.127956390381 723.455711364746 768.517021179199 887.31734085083 758.802978515625 931.125897884369 1011.70931625366 1019.17196083069 1011.74139404297 1017.51331329346 1092.46103668213 874.151512145996 877.822078704834 891.306043624878 871.977127075195 970.320739746094 810.562896728516 869.580215454102 941.011381149292 895.074592590332 877.927749633789 817.926811218262 825.38883972168 866.815399169922 902.521148681641 -9999 -9999 -9999 -9999 -9999 -9999 -9999 -9999
879.174774169922 809.676237106323 858.482845306396 993.398803710938 843.129455566406 854.98567199707 743.980988502502 795.828826904297 825.185947418213 839.170835494995 962.817073822021 922.307090759277 834.178436279297 855.230979919434 838.186141967773 875.577056884766 958.100112915039 816.029460906982 722.360710144043 747.467620849609 751.705307006836 670.25569152832 792.056179046631 834.688493728638 956.15217590332 781.511539459229 937.291610717773 965.929672241211 1030.40441894531 986.530783176422 938.465514183044 948.736068725586 984.528549194336 859.643402099609 1364.5841293335 707.56298828125 755.023422241211 926.36491394043 1051.13903045654 917.961769104004 854.985580444336 1047.58115386963 913.560840606689 -9999 -9999 -9999 -9999 -9999 -9999 -9999
743.646671295166 708.843505859375 984.933074951172 912.422187805176 962.397735595703 737.5582447052 723.754173278809 662.052429199219 805.004749298096 855.334209442139 849.053400039673 850.017730712891 909.43025970459 692.166976928711 756.593124389648 1105.48104858398 987.453144073486 1042.30877685547 856.544776916504 886.268329620361 920.993390083313 675.081817626953 750.746475219727 919.251243591309 1003.27787017822 1018.52310180664 1036.63119506836 834.364795684814 928.426614761353 1041.64613723755 1047.55152130127 1049.39962768555 1025.06613922119 997.121109008789 1165.67484283447 776.15803527832 918.889919281006 970.765480041504 884.438636779785 955.267921447754 1022.45351982117 958.979591369629 1038.84127044678 -9999 -9999 -9999 -9999 -9999 -9999 -9999
774.487087249756 781.720579147339 703.007476806641 914.475677490234 815.098459243774 800.882208824158 692.094833374023 729.543087005615 683.023216247559 790.629712104797 895.139621734619 859.131824493408 974.197074890137 766.741897583008 776.182411432266 794.487319946289 889.865436553955 1038.31535339355 954.769575297832 978.611132383347 850.011451721191 982.187686920166 1087.97889709473 1039.86285400391 982.368858337402 916.654302120209 838.422149658203 926.905372619629 908.799076080322 820.764493942261 931.468061447144 884.364669799805 1020.70438766479 650.708679199219 1015.88824462891 905.517604827881 771.17366027832 846.585693359375 939.42329788208 1038.32058525085 901.872833251953 921.053634643555 1138.1947479248 900.141792297363 -9999 -9999 -9999 -9999 -9999 -9999
