export/dem/dem54.asc
NCOLS 350
NROWS 171
XLLCORNER 152620
YLLCORNER 418050
CELLSIZE 100
NODATA_VALUE -9999
[rows 88 to 109 of 171, columns 200 to 249 of 350]
553.518127441406 550.19450378418 638.437473297119 611.977638244629 539.254493713379 753.601600646973 631.514359474182 570.672653198242 561.230701446533 647.811326980591 657.705833435059 631.694554567337 471.776779174805 589.389656066895 656.047171093524 625.406330108643 592.21688079834 569.542503356934 746.193130493164 653.935747146606 616.247735977173 772.137344360352 786.826156616211 701.171417236328 741.562759399414 707.446447372437 645.850885391235 589.457214355469 624.151679992676 754.269111633301 688.91517829895 577.141681671143 547.898338317871 531.084800720215 834.738082885742 784.165267944336 728.708076477051 552.431339263916 559.375350952148 774.612148284912 751.323925018311 728.641273498535 738.795822143555 854.741147875786 833.790679931641 622.167053222656 775.542907714844 985.064163208008 924.478881835938 872.731418609619
618.116661071777 700.105301856995 578.461700439453 720.172119140625 556.631126403809 634.567594528198 672.131296157837 621.697582244873 626.073569297791 652.965250015259 538.44686126709 619.91876077652 548.700126647949 563.314765930176 612.960689544678 551.93138885498 590.66450881958 610.889545440674 688.123979091644 529.313720703125 527.679382324219 634.495594024658 668.640196323395 571.002700805664 648.593511581421 637.206127166748 574.878349304199 702.320224761963 597.224998474121 573.158203125 543.8486328125 635.029078483582 716.066116333008 662.853736877441 765.537887573242 876.39338684082 853.247329711914 693.345100402832 775.838943481445 642.738983154297 569.83757019043 620.052536010742 665.34481048584 750.250785827637 609.206924438477 698.359962463379 812.105964660645 1030.02799987793 1121.90643310547 860.455699920654
643.590335845947 1019.14474105835 671.574856758118 654.263702392578 680.550361633301 757.159301757812 656.343312263489 710.817581176758 619.550327301025 540.862289428711 709.764080047607 793.472061157227 591.374847412109 508.686889648438 561.456123352051 469.743255615234 606.914655685425 558.483879089355 463.439758300781 670.439827919006 623.106395721436 665.102716445923 706.145572662354 659.846900939941 627.202163696289 776.30207824707 638.178890228271 664.951982498169 539.178405761719 705.38543510437 643.060232639313 571.883255004883 489.002861022949 615.639611244202 677.341430664062 739.30810546875 716.144714355469 677.918308258057 716.115856170654 662.184623718262 598.327575683594 837.775314331055 913.894912719727 1120.45858764648 825.837356567383 678.247430801392 690.12038230896 887.153398513794 823.066291809082 1007.53718566895
486.650917053223 594.085342407227 685.851810455322 764.509063720703 661.872672557831 705.206741333008 616.985076904297 697.998489379883 630.604291915894 716.203018188477 704.615245819092 693.392784118652 458.329498291016 525.051834106445 510.036308288574 580.985122680664 561.820343017578 527.858016967773 671.045850753784 704.410099029541 634.820665359497 778.006782531738 804.293968200684 680.966794252396 739.021785736084 801.936157226562 741.441026687622 518.943252563477 684.998241424561 733.839866638184 677.295011520386 597.618957519531 548.668617248535 576.390720367432 684.992923736572 679.044857025146 710.607650756836 681.600439071655 725.43310546875 682.129360198975 786.093002319336 754.768419265747 889.935111999512 975.226760864258 625.693382263184 591.680618286133 859.504974365234 797.654689788818 991.387702941895 921.305725097656
670.150993347168 522.944114685059 691.615028381348 597.544414877892 692.688276290894 742.32527923584 887.36506652832 514.254592895508 596.434946060181 551.798065185547 589.880374908447 579.939758300781 668.77299118042 577.342529296875 516.053565979004 733.858848571777 713.48078918457 726.445907592773 677.543647766113 666.596242904663 646.404325485229 654.578622817993 738.232227325439 809.590171813965 798.633209228516 750.219818115234 641.459922790527 510.283660888672 461.220993041992 597.922813415527 635.232372283936 850.205703735352 699.568653106689 583.600677490234 653.93452835083 719.636352539062 768.151031494141 665.575305700302 620.265015602112 424.157272338867 633.40342092514 703.891250610352 779.202301025391 966.584533691406 486.077697753906 711.789222717285 622.413511276245 544.619659423828 862.710525512695 923.693969726562
731.256912231445 808.143218994141 855.722618103027 538.301559448242 613.667411804199 1051.9149980545 616.73522567749 767.037841796875 811.939468383789 702.266410827637 618.287138938904 694.634799957275 597.16748046875 663.177764892578 679.861198425293 707.626289367676 670.548931121826 585.413269042969 636.362319946289 670.163850784302 646.84724521637 589.163466930389 888.013336181641 732.714678525925 666.736480712891 561.704475402832 620.382293701172 679.322525978088 634.313272476196 535.654289245605 622.402446746826 803.332473754883 661.279449462891 650.493286132812 742.095606803894 757.411048412323 684.27379989624 673.952033996582 596.6689453125 770.36888885498 608.75910949707 616.86141872406 685.583763122559 798.966537475586 700.363658905029 686.357563018799 674.664339542389 852.822685241699 780.915390014648 722.567352294922
514.644424438477 726.755182266235 657.272361755371 625.208183288574 691.414909362793 592.781845092773 777.828460693359 645.059051513672 642.847105979919 726.357086181641 519.086250305176 739.998649597168 584.954132080078 763.152130126953 720.990158081055 689.74634552002 682.28247833252 514.729797363281 735.802490234375 686.60876083374 666.479232788086 654.868912696838 631.062713623047 760.043586730957 812.262168884277 813.181522369385 730.451816558838 624.152606964111 659.668105602264 761.615005493164 620.86897277832 746.655784606934 672.492622375488 682.925781011581 697.607646942139 827.786766052246 800.278022766113 592.944488525391 657.127071380615 849.164604187012 758.458789825439 601.274757385254 577.69416809082 670.459617614746 669.831693649292 634.756149291992 670.960278511047 580.26061630249 648.441764831543 752.073894500732
730.271041870117 560.783256530762 679.22025680542 688.382843017578 724.383308410645 543.200645446777 694.392223358154 708.087865829468 719.864521026611 728.199241638184 496.178604125977 763.824256896973 639.489735603333 721.653999328613 712.568092346191 705.369575500488 623.78536605835 652.86366212368 430.049179077148 716.99528503418 875.518005371094 560.938446044922 704.501315116882 643.895706176758 583.838050842285 610.784439086914 698.748918533325 635.617519378662 758.545448303223 618.168689727783 623.556125640869 695.587993621826 612.960083007812 826.490798950195 759.011005401611 789.008776664734 797.29174041748 618.972030639648 670.618396759033 749.967926025391 513.450119018555 711.901406764984 740.88440990448 706.00054693222 889.155578613281 713.891441345215 634.204231262207 518.494522094727 672.061309814453 513.229583740234
521.165557861328 489.548843383789 627.822860717773 672.805305480957 808.123462677002 680.980386734009 628.657949447632 671.143676757812 712.849143981934 693.355178833008 637.007483243942 756.234176635742 596.45768737793 617.644786834717 650.636045455933 699.188545227051 639.325054168701 540.733116149902 722.52294921875 651.440186262131 778.511947631836 669.437583208084 663.865921020508 647.635559082031 591.146430969238 553.740669250488 624.040168762207 644.850927352905 605.748489379883 627.862785339355 799.449844360352 679.178025245667 598.08952331543 576.896865844727 467.618011474609 598.814590454102 667.611129760742 598.503845214844 609.664764404297 603.51188659668 756.722564697266 642.209762573242 684.477390289307 680.720537185669 791.862720489502 817.786651611328 726.494106292725 662.54595375061 563.301635742188 619.818992614746
678.949638366699 613.246753692627 810.117500305176 826.092834472656 796.297452926636 713.627421379089 647.60725736618 1111.67589569092 632.640552520752 778.134651184082 706.021644592285 606.971437454224 676.253271102905 673.355354309082 695.419582366943 760.996658325195 621.104251146317 611.947122573853 784.073333740234 812.482864379883 569.760635375977 643.4924659729 557.040107727051 788.844161987305 612.995170593262 765.480186462402 788.574768066406 717.590744018555 765.817245483398 529.738616943359 629.684101104736 619.921390533447 605.468242645264 565.134696960449 426.367034912109 392.629760742188 658.926097869873 571.174865722656 656.116512298584 484.269180297852 712.954010009766 695.794527053833 702.410753250122 479.384735107422 687.834274291992 640.958106994629 603.088653564453 710.888666152954 930.450603485107 662.366142272949
666.116157531738 456.481712341309 617.76286315918 673.544372558594 715.900924682617 744.256998062134 760.682594299316 750.537979125977 516.84001159668 725.383350372314 647.575950622559 697.352638244629 912.358245849609 651.882691383362 738.97297668457 739.846069335938 742.329376220703 654.336645126343 637.551155567169 787.70866394043 711.945117950439 769.327537536621 734.537254333496 580.044929504395 835.053268432617 886.888786315918 773.814104437828 607.87181854248 571.80207824707 655.665950775146 704.301729202271 496.033843994141 716.764984130859 628.54744720459 470.791564941406 652.31245803833 684.495254516602 633.482448577881 517.848022460938 615.676284790039 592.486328125 449.569290161133 525.07666015625 639.99186706543 771.206332206726 638.866516113281 653.068641662598 905.58119392395 640.60090637207 719.983016967773
629.578002929688 519.903144836426 737.108085632324 779.478368759155 695.00838470459 785.426516532898 770.873050689697 737.138298988342 763.082304000854 783.404418945312 643.28236579895 706.944953918457 723.340667724609 699.51212310791 805.697692871094 592.75366973877 694.508602142334 554.077774047852 666.641872406006 689.471473693848 635.886758804321 799.014205932617 696.740154266357 677.856660842896 634.438941955566 909.377349853516 1041.01985740662 943.291416168213 606.886032104492 654.594947814941 578.233329772949 606.343757629395 641.988140106201 548.244918823242 415.448287963867 594.650772094727 635.217224121094 546.181716918945 672.551277160645 591.146041870117 564.144165039062 508.557479858398 544.524230957031 678.730865478516 645.316314697266 807.348556518555 791.560911178589 1038.2021727562 898.16886138916 993.129007339478
798.554759979248 595.970779418945 631.035757064819 718.407737731934 707.371147155762 700.123313903809 820.659477233887 763.712238311768 725.62979221344 760.991554260254 568.066207885742 741.047897338867 707.03833770752 726.864803314209 760.441740036011 601.262939453125 661.478343963623 481.562316894531 696.855659484863 608.75163269043 627.94095993042 672.310122489929 619.812690734863 1035.47106170654 638.078735351562 609.774703979492 1003.31264877319 762.292102813721 967.957672119141 1267.19465637207 1305.51844787598 563.472076416016 603.644691467285 489.767517089844 521.767776489258 768.159778594971 793.648880004883 746.75760269165 730.774379730225 661.5924949646 720.381489753723 640.555290222168 706.541007995605 712.901491165161 940.203323364258 1072.40384292603 1183.71218490601 838.307035446167 876.003997802734 737.43138885498
738.574851989746 732.911190986633 552.94734954834 668.413566589355 758.631277084351 671.863670349121 740.745342254639 865.305999755859 783.94642829895 868.185104370117 733.785900115967 664.936571598053 773.489585876465 591.713218688965 716.804911136627 664.134948730469 584.304153442383 682.435745239258 584.30228805542 697.983108520508 686.472003936768 600.994220733643 578.543300628662 725.564548969269 555.838367462158 784.579917907715 812.119720458984 678.186493873596 707.727054595947 668.89688873291 652.567905426025 662.934558868408 388.217559814453 1100.7632598877 951.27232170105 879.815040588379 1152.887550354 1126.41698265076 853.93701171875 894.664338588715 1024.36825561523 620.019062042236 651.282684326172 726.337696075439 762.657613754272 958.067329406738 637.063415527344 1122.72540092468 1374.01787567139 640.001762390137
830.53124332428 789.868999481201 682.758241653442 651.996858119965 798.774055480957 913.758224487305 883.947410583496 782.872409820557 832.440097808838 700.940727233887 1047.26647949219 613.854389190674 555.285888671875 709.909872055054 742.460117340088 635.770248413086 650.280122756958 574.698387145996 587.088512420654 565.462089538574 720.870727539062 619.130060195923 531.644485473633 520.359024047852 736.527381896973 624.661178588867 746.483917236328 636.938007354736 467.76872253418 642.416877746582 662.9601354599 615.173240661621 421.953353881836 496.056030273438 712.034282684326 534.528411865234 518.422180175781 1003.99584197998 712.16100692749 627.69507598877 691.229184627533 544.014343261719 1028.36424255371 707.494358062744 1144.85489654541 622.117095947266 661.195182800293 823.112609863281 847.305160522461 614.841644287109
630.447212219238 743.50936126709 749.435897827148 760.492218017578 785.879346847534 804.919002532959 964.977355957031 781.283363342285 885.088592529297 803.898916244507 730.118942260742 854.019950866699 638.6402156353 558.997505187988 712.568115234375 648.385366439819 660.302593231201 625.683982849121 703.491025447845 350.534927368164 565.261280059814 620.83182144165 427.881271362305 517.228408813477 718.542053222656 609.02262878418 526.65315246582 590.980834960938 439.350784301758 621.192901611328 634.755493164062 541.303665161133 541.659255981445 454.293792724609 718.620292663574 601.674545288086 862.931861877441 957.334922790527 742.574005126953 654.00813293457 492.055725097656 500.477767944336 903.131759643555 560.312561035156 815.868957519531 916.145385742188 538.97932434082 958.309173583984 729.657211303711 1339.23336029053
-9999 613.01001739502 521.634887695312 601.691136837006 485.748596191406 693.872123718262 760.459879130125 946.531799316406 844.326923370361 609.497756958008 586.379623413086 993.590637207031 599.683193206787 656.188723564148 440.148223876953 464.281539916992 617.745620727539 546.40225982666 411.794372558594 558.161136627197 604.070587158203 451.941345214844 444.041152954102 998.173139572144 967.882343769073 534.547950744629 590.682319641113 578.850448608398 600.125419616699 584.848907470703 597.285083770752 765.221664428711 423.700958251953 521.790908813477 854.598449707031 673.363739013672 605.928329467773 671.807385921478 617.617485046387 609.880867004395 553.139923095703 320.882385253906 656.773971557617 487.148529052734 539.463500976562 876.876007080078 617.573471069336 732.242141723633 766.512989044189 743.44677734375
-9999 802.815444946289 574.263427734375 751.604202270508 558.04020690918 824.381679534912 830.317054748535 923.495513916016 916.038330078125 777.493156433105 750.563457489014 704.441677093506 607.876327514648 604.963661193848 667.415368080139 608.713754653931 561.945262908936 570.199563980103 590.561007022858 657.035564422607 680.940795898438 662.646017074585 477.352615356445 544.854560852051 994.165019989014 532.005317687988 521.40796661377 580.91438293457 435.687698364258 564.289291381836 454.361526489258 542.024955749512 513.565376281738 475.156509399414 1015.45219421387 579.082420349121 619.110130310059 723.169555664062 756.637275695801 759.681663513184 669.890769958496 469.907119750977 605.659118652344 665.202667236328 626.888671875 560.730880737305 983.494655609131 688.551006317139 761.372022628784 431.048950195312
-9999 -9999 821.548202514648 817.517822265625 748.029937744141 784.315620422363 774.224128723145 790.794334411621 807.996614456177 698.564552307129 700.323379516602 590.756172180176 432.468963623047 523.495025634766 652.221416413784 413.780654907227 615.403282165527 619.194633483887 580.962036132812 697.171352386475 624.609680175781 727.086456298828 616.484058380127 614.664522171021 515.382385253906 645.982195854187 546.794075012207 480.271194458008 542.381813049316 594.856563568115 619.330810546875 577.623428344727 547.625106811523 577.355407714844 738.892631530762 540.635124206543 501.088333129883 715.009422302246 517.229614257812 712.285648345947 648.142440795898 502.157363891602 582.298110961914 659.853225708008 701.022026062012 737.500156402588 648.286804199219 579.497924804688 704.212646484375 636.037155151367
-9999 -9999 957.615364074707 901.426959991455 568.614845275879 687.435192108154 761.312861323357 781.721464157104 675.339111328125 720.579128265381 915.229064941406 532.681137084961 665.492760658264 591.211753845215 719.80802154541 465.304000854492 532.066347122192 599.792407989502 513.066818237305 540.473611831665 385.127044677734 564.16348361969 441.945617675781 647.457517623901 493.076171875 626.245559692383 538.292953491211 607.969886779785 484.572952270508 734.865219116211 632.517086029053 720.987808227539 631.735256195068 626.790023803711 576.456573486328 420.493896484375 518.575042724609 833.601982116699 823.008743286133 663.26220703125 743.858093261719 757.747421264648 661.652282714844 730.820053100586 637.256301879883 834.835189819336 741.976821899414 675.154739379883 917.536590576172 776.769233703613
-9999 -9999 -9999 687.762184143066 706.261688232422 638.392227172852 731.088844299316 739.289684295654 708.111625671387 563.335792541504 561.051399230957 566.205375671387 687.992429733276 769.317222595215 749.415710449219 539.27571105957 523.922466278076 772.274124145508 428.924072265625 478.313865661621 577.800567626953 507.757850646973 484.529563903809 1254.78108215332 430.974868774414 654.194320678711 583.934608459473 470.335113525391 583.565269470215 722.893552780151 790.224941253662 556.38410949707 593.148529052734 571.38011932373 512.946044921875 694.648941040039 481.158599853516 488.4306640625 590.99072265625 482.023803710938 606.649612426758 635.00373840332 605.8447265625 560.656036376953 605.497894287109 664.411758422852 668.360687255859 637.578002929688 627.357681274414 1012.6255645752
-9999 -9999 -9999 678.798717498779 568.371509552002 625.602779388428 847.988899230957 913.194259643555 785.328838348389 1049.36830711365 631.189247131348 692.626165390015 688.600246429443 733.793922424316 748.840553283691 552.656490325928 699.991409301758 598.616624355316 536.625343322754 530.810695648193 505.661247253418 429.729675292969 522.447246551514 841.924710154533 484.246490478516 632.302198410034 518.30207824707 685.880933761597 804.199081420898 565.715667724609 627.807262420654 694.018539428711 606.137851715088 591.927238464355 579.203979492188 851.757369995117 576.788619995117 670.603092193604 617.066719055176 528.03588104248 576.821144104004 503.768188476562 531.611358642578 651.044372558594 823.499328613281 1100.98089599609 724.47737121582 708.366882324219 999.577735900879 1105.65510559082
