export/dem/dem57.asc
NCOLS 350
NROWS 171
XLLCORNER 152620
YLLCORNER 418050
CELLSIZE 100
NODATA_VALUE -9999
[rows 44 to 65 of 171, columns 100 to 149 of 350]
574.683578491211 488.171092987061 463.235509872437 521.222480773926 430.681960344315 582.899215698242 508.059154510498 368.40406036377 427.558429718018 568.80802154541 362.476055145264 520.015495300293 459.088823795319 644.68669128418 423.483860015869 572.28392791748 577.758094787598 616.790588378906 514.029996871948 410.232116699219 571.262016296387 460.340272903442 542.428955078125 432.181259155273 564.242561340332 595.256233215332 506.685450553894 554.656043052673 521.809661865234 516.237978935242 523.462301254272 505.342869758606 565.288120269775 468.721670150757 524.637300491333 258.770568847656 358.296676635742 659.857055664062 598.315757751465 422.82349395752 497.134507060051 533.941572189331 478.437803268433 390.849716186523 467.21337890625 464.156833648682 569.275161743164 593.887023925781 550.640560150146 525.708149909973
387.92374420166 556.323799133301 546.644660949707 516.297203063965 389.743553161621 546.021087646484 417.767162322998 443.113940238953 609.088485717773 445.340491294861 534.692947387695 346.811668395996 508.147932052612 648.194808959961 579.593811035156 462.521474838257 520.997261047363 485.897601604462 661.948616027832 447.771322250366 254.367263793945 421.847667694092 549.623142242432 492.938673973083 553.704991817474 475.939587593079 611.594062805176 545.29736328125 458.818771362305 447.825523376465 505.70708656311 410.918716430664 444.74112701416 494.530827045441 489.599941253662 408.448890686035 478.045832633972 403.060691833496 557.296413421631 516.448141098022 508.32518529892 462.126979827881 591.306503295898 517.0452003479 521.461866378784 387.331977844238 614.609443664551 469.282194137573 498.804815292358 532.280866622925
279.875564575195 514.777549743652 493.72972869873 411.089344024658 472.498813033104 470.147100448608 503.701988220215 509.751857757568 464.516451835632 484.799983978271 513.09349822998 585.931762695312 585.489753723145 342.441215515137 416.603290557861 549.020111083984 435.584238052368 329.17008972168 575.326972961426 268.579132080078 384.709609985352 337.526885986328 405.835716247559 593.091987609863 494.113864898682 505.343250274658 399.887733459473 534.756782531738 540.08846282959 337.532821655273 514.553448677063 413.534622192383 376.124176025391 441.311988830566 544.917129516602 525.278163909912 424.794807434082 398.765106201172 383.205253601074 461.590381622314 409.947204589844 660.781280517578 507.2618227005 547.67053604126 553.886489868164 539.042327880859 502.664834022522 506.822719573975 638.339065551758 494.242921829224
419.788564682007 480.77241897583 358.776885986328 472.293104171753 374.322860717773 407.039279937744 353.817436218262 454.82349395752 527.34455871582 497.613327026367 671.361053466797 605.732543945312 662.322006225586 506.404602050781 562.282043457031 471.980642318726 422.258735656738 406.368263244629 492.054377555847 279.286895751953 265.742446899414 522.445468902588 489.441003799438 477.959314346313 427.222068786621 593.59635925293 427.355197906494 615.409194946289 475.77486038208 298.283660888672 440.635406494141 438.648155212402 258.662109375 343.752456665039 440.373065948486 428.444519042969 380.466300964355 472.895788192749 530.164176940918 484.54415512085 390.375076293945 534.266849517822 472.207317352295 575.073398590088 533.729358673096 342.036239624023 503.095706939697 468.15828037262 536.870407104492 559.651235580444
339.971656799316 469.262174606323 348.405899047852 358.07356262207 425.835155487061 385.914100646973 395.362663269043 425.786762237549 416.74573135376 448.261652708054 482.74787902832 418.062210083008 500.306539535522 549.11213684082 543.188247680664 456.503412246704 505.304725646973 277.227874755859 432.902271270752 439.412612915039 439.885231018066 500.48571395874 330.273712158203 402.204727172852 366.279296875 482.264526367188 455.129320144653 528.470834732056 608.42610168457 403.158096313477 497.396999359131 596.395000457764 574.038543701172 550.742027282715 509.485352039337 456.835289001465 456.942516326904 461.128116607666 343.16780090332 686.240737915039 504.9332010746 375.898735046387 536.560665130615 539.723802566528 541.234107971191 453.602947235107 546.794971466064 470.173933982849 362.024078369141 429.136344909668
388.164836883545 587.251449584961 529.403388977051 525.895389556885 405.033935546875 560.026596069336 460.698215007782 579.444610595703 375.927444458008 580.60294342041 503.072723388672 477.417778015137 483.288982391357 445.246157646179 391.018043518066 515.243404388428 342.254676818848 327.340850830078 608.003639221191 502.447942733765 521.965698242188 500.563764572144 424.105144500732 414.807777404785 475.977569580078 618.033828735352 505.383473396301 476.156192779541 509.489782333374 546.007022857666 544.247528076172 489.375152587891 452.463684082031 480.773069381714 365.087692260742 413.686080932617 415.319770812988 436.469165802002 577.873123168945 532.7777967453 433.679996490479 468.347053527832 427.833000183105 405.551551818848 501.881649017334 515.408815383911 550.714202880859 594.543632507324 289.483505249023 403.176254272461
359.427711486816 385.446937561035 413.095558166504 445.135517120361 290.63298034668 331.379264831543 532.751342773438 487.932292938232 464.696304321289 547.008850097656 502.801029205322 445.063385486603 484.360479354858 382.280494689941 246.908050537109 475.840342521667 496.836532115936 524.680561065674 530.297901153564 491.100452423096 421.13387298584 578.255382537842 436.544815063477 462.349342346191 719.874801635742 552.37523651123 439.555892944336 640.766761779785 431.821983337402 455.441402435303 491.973558425903 549.448043823242 524.335916519165 518.905912399292 407.48218536377 560.35821723938 336.451171875 529.348148345947 456.640022277832 469.003452301025 660.128677368164 356.038955688477 442.683815002441 573.139751434326 493.96656036377 597.734077453613 451.238464355469 439.252445220947 483.988426208496 459.513050079346
389.835418701172 365.565322875977 459.792873382568 344.05541229248 485.1022605896 459.633924484253 456.942024230957 511.007995605469 429.782356262207 415.11775970459 560.307769775391 569.63459777832 502.625370025635 488.065198898315 382.56925201416 329.748474121094 438.166072845459 373.200736999512 589.082992553711 479.41042137146 562.894790649414 514.744285583496 506.54825258255 571.460071563721 430.27059173584 581.829200744629 478.167692184448 469.289638519287 452.911144256592 482.903076171875 413.851837158203 510.033878326416 406.413307189941 318.820053100586 584.426177978516 683.970642089844 425.516777038574 458.064155578613 592.245849609375 495.836048126221 520.072317123413 431.093887329102 578.590530395508 555.399604797363 386.877944946289 440.608360290527 426.348030090332 566.077438354492 529.70153427124 494.512689590454
361.504837036133 312.356330871582 431.872892379761 364.823501586914 443.712278366089 286.438003540039 389.528717041016 476.790962219238 470.645421743393 418.075645446777 595.337875366211 561.735061645508 383.877426147461 425.279758453369 357.375366210938 479.51822412014 421.830009460449 594.214241027832 470.370376586914 544.449565887451 704.816558837891 549.472267150879 593.565292358398 536.210578918457 573.247291564941 468.766412734985 374.58765411377 433.558525085449 454.635711669922 422.642822265625 402.62230682373 444.518829345703 437.983657836914 408.701713562012 416.112503051758 422.316101074219 571.116264343262 460.842765808105 523.864110216498 629.580963134766 656.924438476562 560.464939117432 538.929180145264 586.993026733398 477.346702575684 468.863342285156 484.59684753418 447.049034118652 537.914039611816 629.138603210449
320.493431091309 447.536925315857 486.616302490234 487.597896575928 271.803161621094 419.134969711304 349.524848937988 559.251098632812 400.570732116699 556.04216003418 542.079879760742 642.609237670898 503.984951019287 316.697784423828 412.059524536133 368.677520751953 476.232189178467 534.059028625488 506.29523563385 406.212799072266 540.760974884033 594.438850402832 636.934478759766 642.582015991211 502.189668178558 339.170669555664 429.919334411621 368.21989440918 368.371795654297 429.402473449707 403.497337341309 429.529396057129 461.56420135498 333.456298828125 487.832387924194 477.462757110596 468.388477325439 425.824806213379 496.534126281738 571.540706634521 525.781618118286 637.611000061035 531.156455993652 404.974075317383 513.987412452698 533.547740936279 511.009880065918 554.174007415771 471.433025360107 536.916939735413
545.576454162598 408.419790267944 323.394821166992 511.029273986816 309.24486541748 450.583475112915 557.990333557129 439.850517749786 402.258720397949 474.520904541016 552.986083984375 560.15845489502 563.192398071289 293.207443237305 366.985961914062 545.955207824707 453.117988586426 370.450477600098 495.288573980331 480.549900770187 495.331785321236 462.630615234375 552.588111877441 396.158760070801 486.431932449341 474.410743713379 459.513828277588 426.895149230957 381.146667480469 386.091087341309 481.790031433105 421.330215454102 485.910850524902 518.075262486935 601.34740447998 529.674477100372 668.233474731445 495.087135314941 577.493991851807 402.8544921875 597.637870788574 620.738220214844 414.413314819336 444.09481048584 525.687747001648 550.747706413269 521.62767791748 649.225021362305 639.39518737793 642.80313873291
476.553039550781 491.020267486572 432.276073455811 386.701789855957 548.337688446045 429.664726257324 506.105976104736 431.008567810059 411.463958740234 395.583404541016 412.65954208374 641.956497192383 589.876022338867 576.508499145508 498.556467056274 622.694694519043 599.357749938965 534.35364151001 546.051433563232 495.193396568298 528.418884277344 571.875869750977 534.702335357666 442.250518798828 436.167324066162 515.810791015625 422.05704498291 426.669303894043 545.906095504761 502.752285003662 516.96985244751 378.808258056641 376.964721679688 458.088043212891 582.30196762085 694.581085205078 650.380592346191 512.480073928833 564.735794067383 461.212188720703 668.335830688477 535.244565010071 678.953170776367 457.07844543457 632.016723632812 587.964660644531 574.159818649292 695.349472045898 599.296758651733 646.353202819824
444.394201874733 445.736693501472 479.774211883545 493.200252532959 414.532615661621 437.75221157074 510.933769226074 528.599708557129 401.419891357422 386.352394104004 547.193824768066 589.78662109375 511.7907371521 447.210361480713 457.601137161255 460.534578323364 632.397422790527 379.34481048584 379.147811889648 515.566707611084 704.664215087891 496.257968902588 460.747730255127 563.113796234131 462.586832046509 331.460571289062 672.812240600586 473.585151672363 740.376190185547 609.411106109619 594.101276397705 536.38809967041 603.137886047363 437.205513000488 611.250350952148 562.282665252686 541.731762886047 466.917503356934 717.621231079102 525.945176124573 572.993804931641 560.578786849976 511.889667510986 446.297142028809 497.568901062012 539.430248975754 579.707492828369 419.778381347656 570.852936983109 729.227233886719
414.093156814575 491.896781921387 559.921195983887 593.951614379883 585.883728027344 568.939910888672 686.9853515625 325.380233764648 393.641048431396 377.751327514648 341.338188171387 479.698459625244 391.962989807129 540.965461730957 593.898773193359 443.170166015625 431.477764129639 591.576156616211 378.687690734863 511.590184211731 561.969234466553 614.680145263672 526.003837585449 485.229384422302 403.715461730957 515.197576522827 490.000411987305 569.815879821777 666.281066894531 633.771392822266 629.021034240723 735.795181274414 508.850944519043 621.954246520996 418.24080657959 569.634223937988 601.35368347168 608.460796356201 781.016250610352 582.323836326599 470.683296203613 410.465408325195 594.733337402344 639.722946166992 540.250779539347 413.499435424805 599.175800323486 557.766982078552 656.683540344238 650.790054321289
403.457065582275 507.333374023438 420.635595321655 557.652908325195 453.739049434662 483.739013671875 551.762344360352 480.860368728638 491.688869476318 392.550582885742 383.055809020996 365.589660644531 545.108116149902 515.872711181641 653.612533569336 626.938140869141 490.444743156433 435.220115661621 319.611145019531 585.387519836426 607.631790161133 567.326271057129 731.460876464844 763.286560058594 597.452728271484 642.95246887207 471.531566619873 593.572387695312 652.147994995117 641.690315246582 751.649261474609 780.176063537598 593.765933990479 622.566612243652 561.73731803894 663.759628295898 501.651889801025 543.300445556641 617.093048095703 536.268165588379 616.927324295044 706.989379882812 482.127033233643 459.868392944336 578.59253692627 514.625801086426 516.638397216797 614.263259887695 683.998435974121 471.158241271973
434.623433113098 565.017715454102 475.784250259399 651.478317260742 544.306671142578 611.679901123047 514.387985229492 513.111797332764 534.069717407227 500.875923156738 365.842590332031 526.896270751953 588.210357666016 521.641426086426 506.938011169434 471.768283605576 627.201599121094 465.192538261414 484.283305168152 537.501022338867 539.847965240479 410.968841552734 505.013513565063 565.926582336426 562.605133056641 397.386863708496 436.15096282959 467.074840545654 617.28515625 709.797348022461 560.260059356689 598.419708251953 650.102378845215 587.441450119019 632.002445220947 527.811134338379 791.599212646484 600.953702926636 579.988912582397 609.416149139404 522.587959289551 564.781368255615 646.371765136719 527.312357664108 418.410217285156 463.677925109863 451.586669921875 738.002502441406 638.724922180176 592.168083190918
488.163555145264 476.708898544312 753.279632568359 654.556884765625 529.696434020996 581.491630554199 302.418243408203 420.853712081909 573.818145751953 557.632347106934 450.134048461914 391.449897766113 339.715034484863 496.676893234253 605.974426269531 502.068367004395 482.109923362732 403.427757263184 593.361038208008 576.888664245605 476.672758102417 435.358165740967 472.994012832642 444.661083221436 570.055267333984 508.223567008972 627.499160766602 589.94123840332 538.611463546753 670.815872192383 660.739761352539 713.993225097656 428.88264465332 622.457664489746 656.760250091553 523.258796691895 370.840148925781 470.840827941895 606.640602111816 658.72940826416 552.369423866272 466.979713439941 421.261779785156 501.238250732422 350.709182739258 651.007960796356 568.722045898438 662.098308563232 684.407257080078 692.085823059082
446.835620880127 629.167327880859 512.570148468018 587.41047668457 509.223255157471 492.338405609131 488.264484405518 624.089080810547 529.848377227783 541.305953979492 302.040939331055 415.249401092529 483.770942687988 397.624702453613 569.836402893066 533.184928894043 610.146759033203 507.637730121613 420.679824829102 656.779037475586 391.850143432617 554.028507232666 436.423500061035 585.117553710938 478.117107391357 636.280090332031 520.889839172363 494.624472618103 545.440319061279 597.737937927246 507.906626701355 694.417022705078 706.69645690918 532.725466489792 624.415367126465 620.170616149902 554.906314849854 495.412223815918 592.843463897705 543.910720586777 631.44457244873 463.625534057617 693.8154296875 661.64147567749 377.865921020508 542.780479431152 815.121713638306 717.388778686523 732.503326416016 488.914869308472
331.192306518555 541.432556152344 565.588150024414 416.357130050659 549.282676696777 420.623275756836 474.390559196472 627.757965087891 560.05394744873 420.973011016846 445.353840351105 327.030075073242 364.750831604004 512.213691711426 612.469589233398 579.057746887207 546.167602539062 477.928133010864 509.260381698608 488.8582239151 528.770652770996 546.331298828125 626.626571655273 607.58878326416 446.096378326416 558.949481964111 502.83953666687 630.358184814453 584.831268310547 652.28685760498 538.584279060364 644.427490234375 481.017715454102 596.72046661377 428.123809814453 551.986310958862 560.464986801147 448.686233520508 448.857872009277 510.039524078369 586.808944702148 499.56396484375 588.504957199097 554.702524662018 456.85595703125 384.994094848633 830.726776123047 480.464637756348 609.9469871521 664.982666015625
390.729843139648 573.786964416504 558.718200683594 481.888298034668 684.450637817383 438.299564361572 320.677780151367 361.794288635254 468.531732559204 455.735069274902 416.569648742676 322.665817260742 462.766350746155 533.131851196289 580.450531005859 577.896125793457 499.774522781372 585.534828186035 490.190277099609 569.272285461426 570.681632995605 687.108306884766 413.576030731201 592.808059692383 426.395889282227 484.004117965698 645.018013000488 645.1826171875 510.299824118614 699.161926269531 459.526279449463 508.312208414078 456.48690032959 435.294830322266 408.526763916016 499.134296417236 361.094482421875 611.632057189941 404.687286376953 475.141952514648 563.540075302124 577.404624938965 572.165496826172 481.897010803223 451.964859008789 509.689208984375 462.744682312012 624.622016906738 554.989551544189 660.884086608887
493.830141067505 495.007991790771 496.521522521973 366.119239807129 336.442588806152 319.992431640625 459.035208702087 469.550285100937 539.60619354248 507.129976511002 374.2109375 470.258802652359 520.199085235596 537.390037536621 627.377471923828 490.454393386841 544.9609375 438.969501495361 429.592304229736 448.085041046143 544.093246459961 417.459053039551 445.699970245361 420.356063842773 355.820007324219 646.324142456055 519.556904792786 467.593631744385 597.879165649414 551.269268035889 362.288681030273 550.611701965332 457.53657913208 460.433380126953 656.337539672852 551.760677337646 552.570224761963 522.45880317688 506.951025009155 524.682445526123 584.854007720947 386.911308288574 471.296951293945 314.279876708984 524.81770324707 631.542892456055 596.49174118042 494.864814758301 566.091533660889 653.078552246094
483.827081680298 419.754215240479 519.597156524658 560.458877563477 466.333867549896 424.154258728027 496.918348312378 474.412225246429 286.91535949707 621.219017028809 411.069641113281 567.573554992676 588.724639892578 498.161979675293 456.090644836426 594.92170715332 537.449508666992 555.609298706055 468.083180427551 395.17403793335 380.795204162598 521.247148513794 575.247650146484 563.859642028809 587.967346191406 565.123649597168 578.390884399414 556.856559753418 587.893394470215 537.665700912476 553.278514862061 522.515602111816 496.961692810059 501.146295547485 631.877258300781 636.229438781738 496.126312255859 487.228050231934 561.656116485596 397.76496887207 484.275608062744 329.388717651367 448.88786315918 607.564842224121 545.361156225204 595.703155517578 424.068092346191 613.474914550781 663.365173339844 617.407508850098
