export/dem/dem5.asc
NCOLS 350
NROWS 171
XLLCORNER 152620
YLLCORNER 418050
CELLSIZE 100
NODATA_VALUE -9999
[rows 66 to 87 of 171, columns 100 to 149 of 350]
408.470687866211 462.971481323242 340.917991638184 494.271701812744 422.754913330078 544.352485656738 409.279251098633 410.86393737793 369.604934692383 450.292181015015 453.953611373901 361.303718566895 439.4567527771 555.683784484863 317.621856689453 537.35440826416 546.031524658203 637.11750793457 439.204349517822 595.772872924805 543.359169006348 397.716606140137 508.498685836792 406.667537689209 327.01301574707 608.757904052734 650.245071411133 535.980236053467 527.173274993896 581.976600646973 618.189636230469 408.357208251953 504.043748855591 636.402969360352 653.262371063232 582.016235351562 735.036163330078 519.004234313965 551.338510513306 719.811645507812 607.448579788208 529.422340393066 511.603313446045 500.756683349609 414.658973693848 695.241287231445 696.228332519531 473.925338745117 426.666290283203 498.900577545166
461.973376274109 513.61873626709 566.468620300293 581.533477783203 442.68833732605 406.073497772217 474.545511245728 358.640113830566 301.417785644531 540.176475524902 504.490940093994 500.855400085449 490.958247184753 457.133800506592 553.339225769043 573.277725219727 540.363845825195 744.170318603516 656.052490234375 538.673831939697 469.743242263794 459.321992874146 656.171127319336 407.945594787598 480.646013259888 416.895431518555 435.721771240234 512.395346403122 476.805095672607 481.594511032104 657.232788085938 546.551085472107 595.824550628662 517.396469116211 632.767272949219 575.112773895264 696.914474487305 708.47297668457 778.028137207031 573.194399833679 537.067039489746 456.527725219727 438.590858459473 458.715591430664 675.605026245117 631.23868560791 568.283214569092 514.57160949707 466.204742431641 551.899732589722
262.090835571289 377.045234680176 617.800659179688 531.954605102539 501.736850738525 536.584922790527 335.503890991211 312.618881225586 507.286949157715 502.767890930176 606.159683227539 472.335018157959 587.349029541016 621.369354248047 522.256420135498 648.450439453125 699.22737121582 517.891849517822 514.236217498779 474.356437683105 454.071712493896 450.123069763184 405.82544708252 514.711281776428 407.954254150391 662.398864746094 425.866668701172 666.424224853516 470.749412536621 524.632301330566 435.472480773926 438.355461120605 550.852408409119 532.258054733276 437.424468994141 613.381641387939 546.44779586792 576.287304878235 626.561553955078 628.61859703064 564.395922660828 538.973267555237 592.049793243408 559.913534164429 601.555561065674 476.279006958008 610.354194641113 503.210854530334 645.354133605957 547.396213531494
489.702026367188 467.284352302551 464.19281244278 575.647430419922 433.780683517456 330.249359130859 290.153381347656 409.628303527832 421.0276222229 526.835414886475 443.016536712646 597.956428527832 567.722221374512 448.903896331787 544.75707244873 569.471801757812 753.837890625 408.758243560791 349.22679901123 382.046188354492 350.329574584961 362.165794372559 505.76821231842 586.622421264648 599.440406799316 607.918334960938 644.193130493164 493.971633911133 328.586166381836 508.275094985962 624.224197387695 531.409439086914 577.426626205444 457.975769042969 586.585889816284 573.652763366699 490.523948669434 760.35856628418 641.567230224609 615.761207580566 582.440130233765 556.770804405212 355.831649780273 535.951187133789 541.471775054932 509.127197265625 491.399803161621 544.594787597656 558.912376403809 604.86861038208
460.001340866089 546.102066040039 592.03157043457 464.539825439453 508.36442565918 518.535865783691 319.024566650391 357.124099731445 452.728978157043 353.258262634277 466.934561729431 580.419723510742 444.982406616211 304.194580078125 534.500518798828 497.728649139404 559.87272644043 480.193965673447 407.424827575684 452.657712936401 485.363577842712 436.669734954834 360.284713745117 619.888244628906 560.148731231689 479.124988555908 537.622911453247 421.910499572754 529.298852920532 486.258361816406 570.075756072998 454.659332275391 625.279525756836 578.321559906006 481.747138977051 639.089626312256 580.970497131348 522.365180015564 626.220317363739 488.403198242188 516.680280685425 495.540843963623 502.922340393066 490.865989685059 540.718490600586 607.674543380737 460.625503540039 558.155086517334 565.56236076355 469.491638183594
663.177604675293 592.336959838867 393.512901306152 392.144958496094 472.202573537827 489.102592468262 410.523784637451 536.427228927612 519.716232299805 690.631301879883 476.334008216858 507.472869873047 490.01545715332 564.223358154297 601.500183105469 425.620124816895 576.255599975586 568.347442626953 443.686973571777 428.712707519531 536.314102172852 360.354484558105 514.054134130478 536.374607086182 663.063873291016 496.574179649353 536.845352172852 501.907762527466 467.566722869873 370.00764465332 505.067111968994 488.883590698242 296.416900634766 339.434631347656 484.020172119141 439.608856201172 658.524444580078 791.131874084473 593.222527980804 597.229529857635 432.881530761719 624.120651245117 625.609596252441 538.11014175415 574.463088989258 729.146690368652 647.885261535645 525.422565460205 603.708232879639 501.797069549561
568.26936340332 382.605506896973 483.4664067626 441.625221252441 441.560127258301 392.473983764648 463.955371856689 458.304979324341 373.867080688477 592.387474060059 532.301818847656 437.01346206665 491.410528182983 602.512237548828 468.454579353333 492.977792739868 640.592666625977 352.893020629883 539.749683380127 439.343032836914 466.013095855713 434.054246902466 625.318695068359 643.442535400391 489.795732498169 318.918365478516 386.367202758789 474.545921325684 597.837829589844 344.355697631836 391.948638916016 417.954376220703 567.671547889709 516.440437316895 464.906867980957 1071.35009002686 504.602275848389 749.074584960938 928.845062255859 762.601390838623 736.73518371582 366.391357421875 679.094314575195 423.590339660645 641.501586914062 741.556030273438 534.310497283936 416.53955078125 537.081869125366 646.685523986816
528.277628421783 568.826461791992 447.770404815674 537.996368408203 569.742897033691 392.348594665527 638.55940246582 355.703033447266 476.992021560669 378.903396606445 333.346969604492 644.691528320312 584.644737243652 527.284603118896 575.168800354004 565.600357055664 503.714992284775 420.169860839844 505.884809494019 538.924781799316 456.465921401978 327.1591796875 431.128387451172 486.6994972229 374.154693603516 620.366180419922 469.194149017334 558.738620758057 496.048402786255 566.620338439941 432.840362548828 390.967170715332 488.441276550293 708.496963500977 853.809226989746 742.881721496582 430.973678588867 902.298217773438 778.133796691895 623.496082305908 735.344345092773 335.496917724609 590.025115966797 483.859901428223 361.445137023926 514.292198181152 694.224243164062 525.644107818604 418.714172363281 588.055375099182
522.894134998322 440.46565246582 447.550811767578 355.740951538086 467.481426239014 471.638397693634 429.259368896484 257.472351074219 298.369094848633 531.010860443115 434.351055145264 356.290710449219 399.418174743652 610.277816772461 502.716070175171 640.679397583008 622.138977050781 540.332218170166 472.183164596558 595.665626525879 515.468057632446 582.629035949707 426.099266052246 504.850706934929 511.538034915924 459.312755584717 582.8720703125 606.028919219971 486.820365905762 473.431159973145 443.520202636719 482.772916793823 619.472671508789 685.985542297363 713.467567443848 653.305494308472 454.502401351929 668.35297203064 612.454284667969 723.177238464355 513.515029907227 376.914402008057 545.601623535156 565.297233581543 414.848043441772 483.246109008789 504.327911376953 428.537857055664 863.919326782227 500.18741607666
536.485726356506 458.515174865723 386.118804931641 405.239471435547 272.516403198242 449.412174224854 398.656455993652 437.048179626465 485.776072502136 353.375663757324 467.679914474487 377.249351501465 460.201267242432 484.497582435608 590.462257385254 612.177124023438 560.132972717285 507.483108997345 591.757629394531 560.135353088379 485.662862300873 427.97038269043 423.920955657959 385.478088378906 533.338925361633 654.417114257812 538.850046157837 546.750444412231 595.066055297852 598.362995147705 580.613229751587 601.763732910156 527.867477416992 627.615673065186 776.820587158203 650.874624252319 518.724311828613 741.159133911133 574.466857910156 704.868131637573 643.593047142029 391.758764266968 472.305263608694 439.151177346706 387.505386352539 357.119598388672 466.362480163574 574.289966225624 512.683348655701 327.361465454102
869.644706726074 584.835477828979 565.582931518555 362.720687866211 488.560810267925 423.665733337402 610.10774230957 348.918960571289 400.778953552246 469.413227081299 367.146545410156 598.100105285645 553.539009094238 490.443426609039 544.697162628174 538.515029907227 526.578392028809 602.182106018066 366.376586914062 422.052661895752 468.677997589111 415.770896911621 517.693859100342 497.475364685059 488.219097137451 426.222831726074 598.169723510742 528.742256879807 620.267959594727 450.520439147949 566.607852935791 332.165298461914 451.066938400269 748.620758056641 775.334808349609 614.325485229492 526.004829406738 605.152038574219 814.801193237305 511.566818237305 564.859756469727 331.662200927734 332.188613891602 423.315139770508 436.617166519165 461.988174438477 550.3857421875 593.89310836792 532.542295455933 678.151435375214
579.170351147652 661.314025878906 488.216003417969 872.18052482605 480.506259918213 526.215950012207 543.903381347656 424.17989730835 597.833801269531 424.554214477539 385.956497192383 519.760847091675 537.133480072021 528.266338348389 647.476867675781 544.704944610596 565.561141967773 562.565086364746 611.45726776123 665.78352355957 540.64574432373 487.676938056946 558.29797744751 486.586153030396 422.769668579102 514.411359786987 603.62281036377 705.394195556641 543.201553344727 553.827903747559 613.813026428223 455.261772155762 324.214691162109 406.142757415771 779.265670776367 834.116744995117 513.400993347168 798.22176361084 782.467147827148 774.283531188965 472.372430801392 324.563461303711 387.405708312988 363.581367492676 372.095504760742 587.139339447021 430.785842895508 357.672744750977 273.212677001953 597.768445968628
722.7841796875 490.492004394531 592.571117401123 435.838180541992 648.10075378418 723.401691436768 483.07014465332 433.749450683594 456.06954574585 480.940155029297 456.011642456055 864.166310310364 522.98232460022 516.559429168701 429.517051696777 345.040405273438 507.357909202576 441.366226196289 485.801275253296 330.182891845703 598.512725830078 513.565942764282 459.847694396973 345.375564575195 434.68994140625 755.092208862305 696.200042724609 522.623723983765 577.295963287354 461.436252593994 502.729364752769 528.922880172729 275.694229125977 514.605201721191 466.441505432129 721.889289855957 634.878479003906 668.262672424316 682.478118896484 605.133690357208 594.992935180664 369.915832519531 412.477416992188 430.310363769531 377.592750549316 318.056655883789 516.554779052734 268.460479736328 315.623962402344 476.162910461426
513.474189758301 464.191753387451 510.467916488647 621.644104003906 588.266490936279 433.021926879883 953.637306213379 600.842300415039 511.81965970993 513.023564338684 409.686866760254 593.972164154053 480.026256561279 402.511108398438 371.820816040039 571.021499633789 595.217651367188 420.53108215332 632.083404541016 476.415904998779 536.346599578857 619.732925415039 419.384635925293 739.158874511719 480.609088897705 623.783279418945 732.210494995117 480.980758666992 519.354507446289 389.070037841797 459.818111419678 522.699247360229 485.766310691833 573.798599243164 481.959552764893 786.360260009766 811.255065917969 784.874893188477 699.022552490234 733.654891967773 593.287460327148 470.236799240112 483.010322928429 500.639350891113 556.347156524658 459.900696754456 358.521308898926 314.370498657227 348.295478820801 486.332748413086
498.563201904297 547.488422393799 558.603832244873 651.228885650635 684.240562438965 739.746597290039 537.496025085449 693.036613464355 578.596176147461 598.118320465088 494.040187954903 335.849548339844 472.375755310059 464.579513549805 500.266944885254 667.169647216797 450.937412261963 603.068031311035 561.792064666748 497.503162384033 551.16771697998 695.765075683594 474.897144317627 490.734172821045 581.980247497559 587.842868804932 651.62557220459 400.681232452393 631.475372314453 393.513229370117 421.918833732605 628.95565032959 453.313220977783 513.401166915894 625.205522537231 839.921524047852 784.158493041992 634.568992614746 619.105016708374 702.346946716309 674.455032348633 491.310301780701 634.502349853516 523.608596801758 618.350821971893 496.950965881348 299.324737548828 379.093467712402 344.587539672852 464.344970703125
507.722503662109 594.521511554718 694.349327087402 706.362129211426 692.49047088623 737.295066833496 547.810044407845 761.073959350586 597.249183654785 535.836795806885 473.755077362061 312.918533325195 340.002899169922 362.527938842773 427.229835510254 464.311065673828 587.667259216309 503.810131072998 492.299997329712 433.261741638184 479.2760887146 316.668090820312 562.724275588989 492.254873275757 529.532024383545 547.192460536957 645.336952209473 481.038264274597 534.327033996582 500.345569610596 414.931915283203 383.45238494873 478.863880157471 457.028060913086 516.987251281738 529.205131530762 577.316886901855 669.128974914551 514.000244140625 580.766042709351 531.662842750549 392.342742919922 511.96427154541 728.918548583984 652.941951751709 570.857284545898 397.795608520508 475.632411956787 502.666069030762 595.133171081543
446.303504943848 478.350814819336 614.470218658447 710.962173461914 559.60315322876 609.993346214294 696.89911365509 654.299278259277 735.699569702148 529.160961151123 480.009544372559 343.715927124023 438.13614654541 605.113006591797 450.845867156982 446.254791259766 403.451118469238 528.185251235962 647.022186279297 530.898902893066 657.456268310547 564.783275604248 471.76342010498 527.723552703857 546.641976833344 705.591537475586 580.912521362305 444.980087280273 649.876747131348 700.465789794922 629.252794265747 614.864723205566 742.915466308594 712.745620727539 704.2509765625 765.696395874023 603.978481054306 618.578170776367 592.421564102173 695.912280082703 444.842132568359 737.233032226562 525.635124206543 519.727638244629 556.089412689209 394.04899597168 595.854738235474 763.801086425781 566.623664855957 611.041076660156
462.981559753418 439.763469696045 432.521816253662 554.867626190186 613.850647926331 695.063499450684 507.597221374512 625.178874969482 718.81909942627 716.019332885742 436.96932220459 433.706832885742 532.125694274902 432.752834320068 538.671688079834 447.828411102295 510.090698242188 602.799018859863 522.611902236938 557.559726715088 454.790294647217 531.273452758789 405.178382873535 558.329959869385 673.558044433594 593.484195709229 594.469360351562 783.65315246582 635.608509063721 665.59619140625 467.334884643555 556.555240631104 622.341445922852 608.26162147522 447.205736160278 485.093929290771 540.777236938477 433.283020019531 494.195352554321 526.180709838867 524.35311126709 608.467437744141 374.355209350586 596.802738189697 450.10474395752 491.359854698181 540.152965545654 756.870559692383 804.656757354736 790.320212364197
660.805852890015 626.487644195557 641.75922203064 400.069763183594 348.723052978516 651.392486572266 631.580007553101 796.07112121582 627.300472259521 984.054725646973 540.604803085327 611.927757263184 425.832588195801 672.364654541016 370.146949768066 693.757263183594 595.99528503418 555.108764648438 492.792766571045 554.983541488647 708.631439208984 386.971549987793 583.348861694336 584.102970123291 535.028591817245 642.284599304199 672.517250061035 675.154312133789 607.762710571289 515.301425933838 654.109024047852 707.873329162598 664.932800292969 585.93728530407 490.32933807373 487.867851257324 587.66227722168 595.812637329102 440.341926574707 344.84684753418 495.43497467041 493.544410705566 486.484741210938 573.352130889893 412.702156066895 558.49952507019 585.312408447266 698.642604827881 512.621673583984 651.144519805908
495.284225463867 464.433303833008 605.395202636719 773.203399658203 566.422553062439 450.762279510498 501.216621398926 622.728080749512 675.262466430664 590.347980499268 658.968154907227 631.800628662109 596.237770080566 600.019409179688 584.216926574707 460.128993988037 492.914387702942 341.458557128906 383.168594360352 426.455993652344 491.756461143494 477.780149936676 396.866004943848 488.736090183258 516.306725502014 455.464958190918 504.486953735352 454.465263366699 464.590866088867 447.486337661743 672.109260559082 583.520369946957 705.55965423584 490.203239440918 544.776206970215 425.933938026428 450.898147583008 494.793941497803 467.69751739502 384.667327880859 428.673652648926 533.049823760986 863.375282287598 1013.4538192749 784.61962890625 395.680892944336 512.469499588013 508.735221862793 594.510168075562 506.342348098755
406.368362426758 675.948181152344 577.74927520752 551.714202880859 431.959579467773 546.645065307617 483.267971038818 711.874572753906 627.498464584351 810.934783935547 632.34720993042 544.782632827759 600.430000305176 727.691986083984 450.316715240479 498.21976184845 424.437873840332 538.156951904297 360.802642822266 389.650382995605 385.090209960938 472.673286437988 357.135406494141 506.035717964172 510.514162063599 458.664993286133 671.306625366211 629.129196166992 613.749961853027 478.37438583374 579.060831069946 749.171234130859 651.303886413574 527.769287109375 365.681591033936 411.113346099854 482.689460754395 646.67017364502 494.812980651855 475.578269958496 498.923316955566 654.18724822998 656.195686340332 951.886585235596 725.650093078613 496.254287719727 472.102432250977 488.927391052246 480.452423095703 410.227241516113
-9999 -9999 589.476848602295 803.074485778809 653.833038330078 664.250022888184 563.389434814453 415.366256713867 650.178150177002 643.579833984375 517.048629760742 449.392402648926 505.172443389893 657.907775878906 709.533584594727 666.814575195312 552.03299331665 400.464782714844 523.047968864441 377.582580566406 585.364265441895 555.011478424072 486.721351623535 480.616485595703 456.896255493164 486.616638183594 646.96662902832 727.713432312012 699.434370040894 567.837425231934 513.984325408936 641.935028076172 805.436294555664 563.173435211182 335.268486022949 459.999336242676 539.9133644104 408.379089355469 572.559548377991 508.353179931641 732.82523727417 617.90389251709 978.22526550293 1060.03206825256 924.416038155556 865.603790283203 734.259365081787 -9999 -9999 -9999
