export/dem/dem58.asc
NCOLS 350
NROWS 171
XLLCORNER 152620
YLLCORNER 418050
CELLSIZE 100
NODATA_VALUE -9999
[rows 88 to 109 of 171, columns 50 to 99 of 350]
511.617576599121 530.190551757812 484.585269927979 358.958587646484 340.826414108276 309.304086685181 435.235069274902 280.977836608887 361.420370101929 268.826721191406 341.88236618042 380.394798278809 364.748762607574 431.289726257324 405.093898773193 408.941719055176 317.785552978516 445.527061462402 444.312297821045 386.394948959351 346.125823974609 459.838958740234 422.567836761475 509.164779663086 555.040252685547 461.467761993408 432.426541805267 387.74116897583 507.641906738281 457.605361938477 342.091567993164 248.057189941406 478.939260482788 527.299617767334 580.093200683594 455.134666442871 609.154237747192 442.421287536621 660.950393676758 631.257150650024 579.036209106445 -9999 -9999 -9999 -9999 -9999 -9999 -9999 -9999 -9999
394.565830230713 336.11181640625 559.189056396484 452.303165435791 478.376358032227 414.044384479523 376.066793441772 351.454469680786 256.836143493652 265.945777893066 396.328414916992 345.918457984924 360.839765071869 466.679122924805 468.301864624023 341.715717315674 371.037475585938 355.031321525574 480.489219665527 319.126579284668 266.593963623047 355.192516326904 407.375782191753 486.702331542969 382.62914276123 417.868998467922 368.734491348267 454.133140563965 401.677047729492 342.987831115723 447.940364837646 441.443206787109 228.458435058594 491.982406616211 751.548324584961 647.343467712402 471.762794494629 329.005004882812 670.319450378418 513.509948730469 -9999 -9999 -9999 -9999 -9999 -9999 -9999 -9999 -9999 -9999
827.311080932617 554.683403015137 497.68900680542 537.20418548584 428.634335398674 496.112701416016 295.523167610168 342.47144317627 363.897083282471 413.945053100586 251.57495880127 343.117728233337 510.123596191406 355.481059074402 494.169303894043 392.92706823349 392.61644077301 472.850311279297 402.431722640991 495.604904174805 359.765663146973 428.571895599365 465.005218505859 355.319797515869 571.679656982422 433.745716094971 379.93758392334 381.435119628906 371.697360992432 493.472587585449 485.694810390472 531.044120788574 378.26847076416 385.957221984863 793.898101806641 514.777336120605 499.94913482666 349.082168579102 686.414131164551 516.226608276367 -9999 -9999 -9999 -9999 -9999 -9999 -9999 -9999 -9999 -9999
501.927841186523 890.225360870361 468.120807647705 327.090553283691 335.376663208008 297.830307006836 316.549324035645 299.043106079102 332.698165893555 440.876960754395 426.239398956299 417.833961486816 402.6087474823 388.470158576965 340.459400177002 366.26587677002 439.948257446289 387.594970703125 503.137878417969 493.843650817871 420.449924468994 491.813179016113 438.241516113281 414.361038446426 493.982818603516 474.521656036377 356.856513977051 428.265156745911 350.104370117188 563.862236022949 391.27424621582 560.682098388672 465.812478065491 515.064727783203 809.027304649353 545.678482055664 320.12467956543 432.335647583008 630.056091308594 -9999 -9999 -9999 -9999 -9999 -9999 -9999 -9999 -9999 -9999 -9999
171.384750366211 445.013931274414 682.916355133057 431.860046386719 309.820465087891 386.208358764648 517.122116088867 287.810211181641 299.423927307129 468.572555541992 414.003934860229 450.883193969727 360.177984237671 488.681251525879 264.171241760254 510.799034118652 316.063079833984 436.416080474854 372.490539550781 440.356155395508 409.708047866821 272.124389648438 454.230075836182 448.902496337891 467.984783172607 401.265308380127 427.679748058319 192.232299804688 352.263603210449 452.694124221802 546.85424041748 517.245140075684 457.408069610596 564.743240356445 538.352210998535 639.499404907227 494.708522796631 614.07546210289 725.073165893555 -9999 -9999 -9999 -9999 -9999 -9999 -9999 -9999 -9999 -9999 -9999
216.656593322754 209.528541564941 180.092834472656 744.339328765869 147.949546813965 517.142765045166 223.671691894531 295.892166137695 343.87797164917 397.067373752594 239.593475341797 480.978698730469 330.595642089844 275.331268310547 248.526870727539 308.800430297852 404.015643596649 518.12865447998 540.047058105469 446.862000465393 518.372200012207 316.208023071289 233.428680419922 318.700752258301 395.278923034668 381.843576431274 220.957122802734 391.3112449646 566.618698120117 510.135467529297 441.657413482666 445.206119537354 645.593536376953 638.257652282715 481.226959228516 543.693946838379 421.591377258301 499.074523925781 519.331993103027 -9999 -9999 -9999 -9999 -9999 -9999 -9999 -9999 -9999 -9999 -9999
281.896263122559 284.848892211914 379.279224395752 353.286491394043 604.382331848145 325.008331298828 403.948642730713 409.783790588379 173.195251464844 418.361059188843 292.070106506348 484.625831604004 298.506385803223 425.615268707275 470.452026367188 591.113723754883 441.315753936768 565.552810668945 397.804953575134 537.033325195312 480.551616668701 428.335490226746 435.755149841309 368.555377960205 355.856781005859 307.620620727539 434.479374885559 333.598556518555 425.223350524902 444.136850357056 450.802297592163 496.765060424805 354.517425537109 556.936517238617 302.55517578125 407.837631225586 494.533592224121 655.604469299316 -9999 -9999 -9999 -9999 -9999 -9999 -9999 -9999 -9999 -9999 -9999 -9999
233.84984588623 260.466373443604 244.635200500488 582.286895751953 415.294079780579 459.78698348999 400.859870910645 389.238632202148 337.523132324219 228.599807739258 457.216582775116 475.711929321289 476.156169891357 443.731246948242 703.889739990234 603.614273071289 561.249923706055 565.193511962891 431.397043228149 425.33377623558 404.488876342773 298.077880859375 388.419822692871 554.764320373535 342.700653076172 356.389984130859 424.847347259521 446.159593582153 398.855712890625 378.250633239746 355.272842407227 490.899332523346 327.8359375 422.564376831055 401.206436157227 311.878509521484 426.046180725098 410.36750793457 -9999 -9999 -9999 -9999 -9999 -9999 -9999 -9999 -9999 -9999 -9999 -9999
399.104942321777 119.78678894043 346.628723144531 493.025787353516 548.432033538818 494.918743133545 489.559541702271 315.717437744141 391.697692871094 388.770324707031 431.430112838745 455.794139862061 490.417865753174 353.608814239502 397.104063987732 512.196640014648 535.007659912109 486.533760070801 517.668525695801 484.819217681885 438.328521728516 401.292764186859 514.475364685059 522.11365032196 381.750461578369 630.055084228516 300.985488891602 421.447448730469 428.506462097168 319.435134887695 278.013854980469 359.592002868652 369.563087463379 515.040181159973 322.573196411133 455.140342712402 328.475799560547 599.453994750977 -9999 -9999 -9999 -9999 -9999 -9999 -9999 -9999 -9999 -9999 -9999 -9999
331.108169555664 262.108109474182 261.42967414856 627.757713317871 623.336410522461 487.789115905762 440.066909790039 481.09105682373 360.83731880784 561.216514587402 377.147346496582 384.805633544922 432.322622299194 410.926902770996 392.929111480713 439.750928878784 381.186382293701 338.586486816406 363.827484130859 439.477920532227 336.939270019531 702.21605682373 370.02018737793 446.966342926025 595.095218658447 313.021339416504 458.06031036377 429.794338226318 376.140419006348 321.685829162598 265.347595214844 334.990463256836 720.144332885742 638.788467407227 290.897399902344 391.707916259766 377.257278442383 -9999 -9999 -9999 -9999 -9999 -9999 -9999 -9999 -9999 -9999 -9999 -9999 -9999
541.51226234436 240.419937133789 477.014770507812 461.955360412598 745.616409301758 445.225082397461 641.278472900391 523.444265365601 546.164712905884 295.506927490234 422.575119018555 322.389274597168 240.481658935547 396.724803924561 449.776660919189 462.909450531006 564.58154296875 429.113250732422 433.863403320312 478.634258270264 639.405921936035 632.816371917725 469.487419128418 500.819442749023 312.288513183594 734.290229797363 473.21937173605 354.697814941406 523.782691955566 632.063354492188 413.397064208984 529.315299987793 482.583938598633 440.903411865234 426.060173034668 291.982208251953 498.406806945801 -9999 -9999 -9999 -9999 -9999 -9999 -9999 -9999 -9999 -9999 -9999 -9999 -9999
565.778195381165 695.759048461914 660.213569641113 585.077292442322 579.858510971069 605.750564575195 764.629119873047 566.644884109497 496.541229248047 602.052238464355 630.307441711426 638.949447631836 618.719024658203 360.581413269043 534.926078796387 347.003265380859 417.401788711548 469.302673339844 607.645122528076 551.872318267822 538.187904477119 604.257843017578 447.64453125 473.615165710449 551.838839888573 529.355142593384 772.66007232666 660.104774475098 661.804570674896 661.081773757935 555.900085449219 670.522556304932 583.350685119629 449.136672973633 494.040964365005 429.504348754883 544.411911010742 -9999 -9999 -9999 -9999 -9999 -9999 -9999 -9999 -9999 -9999 -9999 -9999 -9999
596.087342381477 616.531618118286 687.038482666016 477.491264343262 534.818168640137 656.54455947876 646.35608291626 685.639495849609 741.105514526367 652.809917449951 710.636505126953 541.852298259735 559.11332321167 572.420524597168 533.109283447266 438.845909118652 525.745185852051 771.353820800781 610.408538818359 617.055953979492 544.156672000885 447.427276611328 587.256610870361 546.550939559937 578.96802520752 603.953079223633 677.732559204102 560.08975982666 591.344097137451 821.724197387695 663.321119070053 688.707605361938 444.626129150391 405.765167236328 365.801879882812 625.264217376709 433.255630493164 -9999 -9999 -9999 -9999 -9999 -9999 -9999 -9999 -9999 -9999 -9999 -9999 -9999
262.236770629883 711.766036987305 425.359832763672 552.57682800293 583.238964080811 566.276435852051 667.071712493896 626.55713558197 654.947996139526 768.195343017578 695.396320343018 756.481872558594 860.644636154175 423.186321258545 529.021724700928 823.697891235352 565.311141967773 580.734931945801 682.39697265625 745.715393066406 525.523109436035 616.237024307251 625.252368927002 592.108073234558 555.902201652527 495.614387512207 585.867265701294 577.808620452881 543.013771057129 560.639144897461 657.911023139954 477.830917358398 430.606983184814 313.199340820312 480.239608764648 539.588062286377 -9999 -9999 -9999 -9999 -9999 -9999 -9999 -9999 -9999 -9999 -9999 -9999 -9999 -9999
310.310935974121 290.896240234375 661.446708679199 576.436278343201 706.297729492188 593.128582000732 623.855085372925 635.483575820923 682.90894317627 672.075578689575 724.295745849609 777.75456237793 784.92236328125 645.696622848511 624.972564697266 687.384078979492 652.867942810059 715.616989135742 489.786769866943 656.786407470703 586.708396911621 595.94779586792 564.098645210266 528.83122253418 641.45272064209 526.798210144043 544.397127151489 441.30086517334 432.864608764648 517.614864349365 371.476303100586 423.176315307617 606.37078666687 556.456262588501 601.418422698975 -9999 -9999 -9999 -9999 -9999 -9999 -9999 -9999 -9999 -9999 -9999 -9999 -9999 -9999 -9999
283.787994384766 399.984786987305 497.32495880127 437.093158721924 514.117008209229 365.516098022461 522.17179107666 646.051839828491 672.931801795959 823.091171264648 562.161449432373 512.113159179688 349.110900878906 521.590409755707 592.77779006958 628.107124328613 660.881759643555 521.771978855133 578.773891448975 452.934646606445 566.408599853516 568.119997024536 523.931091308594 670.818939208984 608.573331832886 627.193334102631 505.077537536621 575.440635681152 424.705280303955 480.602372169495 462.662511825562 452.886810302734 485.378479003906 472.363464355469 -9999 -9999 -9999 -9999 -9999 -9999 -9999 -9999 -9999 -9999 -9999 -9999 -9999 -9999 -9999 -9999
860.899627685547 414.273810386658 247.676284790039 315.458011627197 257.423782348633 241.716690063477 374.387306213379 523.16282081604 422.86821937561 412.194553375244 399.036842346191 458.759613037109 602.396499633789 496.883949279785 564.470001220703 647.08235168457 667.158424377441 601.591003417969 599.358985900879 549.691442489624 598.002159118652 645.83292388916 770.103088378906 707.660003662109 475.820853233337 598.053314208984 596.516555786133 429.320079803467 627.475112915039 446.439552307129 478.505668640137 492.702522277832 644.239063262939 -9999 -9999 -9999 -9999 -9999 -9999 -9999 -9999 -9999 -9999 -9999 -9999 -9999 -9999 -9999 -9999 -9999
-9999 521.465167999268 963.054782867432 515.286842346191 298.258392333984 597.658218383789 289.904037475586 253.792770385742 375.031019210815 422.759693145752 316.573669433594 385.898792266846 378.554077148438 567.366409301758 515.604667663574 521.537101745605 349.544143676758 517.178939819336 549.576110839844 426.989498138428 497.457675933838 570.443328857422 530.694198608398 558.304222106934 380.894760131836 423.681671142578 617.765480041504 667.69758605957 593.057693481445 640.25707244873 515.607887268066 673.328002929688 -9999 -9999 -9999 -9999 -9999 -9999 -9999 -9999 -9999 -9999 -9999 -9999 -9999 -9999 -9999 -9999 -9999 -9999
-9999 -9999 -9999 -9999 758.134304046631 705.072235107422 365.575958251953 332.885307312012 891.640525817871 767.011554718018 633.894134521484 457.324321746826 410.108383178711 395.693168640137 499.743698120117 431.117799758911 497.477043151855 112.945930480957 -17.8774871826172 518.664172172546 407.573654174805 410.966957092285 611.471733093262 460.397743225098 571.382007598877 557.28653717041 749.200454711914 645.805118560791 386.355819702148 583.976879119873 -9999 -9999 -9999 -9999 -9999 -9999 -9999 -9999 -9999 -9999 -9999 -9999 -9999 -9999 -9999 -9999 -9999 -9999 -9999 -9999
-9999 -9999 -9999 -9999 -9999 -9999 -9999 -9999 -9999 877.852981567383 775.643127441406 600.075347900391 558.636650085449 552.819053649902 559.108795166016 669.056251525879 604.723236083984 -134.408462524414 203.065902709961 645.317944526672 597.060432434082 601.740344047546 600.089120864868 762.410507202148 613.012128829956 686.093013763428 743.435737609863 457.610321044922 -9999 -9999 -9999 -9999 -9999 -9999 -9999 -9999 -9999 -9999 -9999 -9999 -9999 -9999 -9999 -9999 -9999 -9999 -9999 -9999 -9999 -9999
-9999 -9999 -9999 -9999 -9999 -9999 -9999 -9999 -9999 -9999 -9999 -9999 -9999 -9999 -9999 -9999 757.109001159668 919.404056549072 859.353628158569 807.753324508667 975.776153564453 1033.18508148193 1028.08916473389 1044.94639587402 1010.99193572998 -9999 -9999 -9999 -9999 -9999 -9999 -9999 -9999 -9999 -9999 -9999 -9999 -9999 -9999 -9999 -9999 -9999 -9999 -9999 -9999 -9999 -9999 -9999 -9999 -9999
-9999 -9999 -9999 -9999 -9999 -9999 -9999 -9999 -9999 -9999 -9999 -9999 -9999 -9999 -9999 -9999 -9999 -9999 -9999 -9999 -9999 -9999 -9999 -9999 -9999 -9999 -9999 -9999 -9999 -9999 -9999 -9999 -9999 -9999 -9999 -9999 -9999 -9999 -9999 -9999 -9999 -9999 -9999 -9999 -9999 -9999 -9999 -9999 -9999 -9999
