export/dem/dem53.asc
NCOLS 350
NROWS 171
XLLCORNER 152620
YLLCORNER 418050
CELLSIZE 100
NODATA_VALUE -9999
[rows 110 to 131 of 171, columns 250 to 299 of 350]
872.90771484375 663.722063064575 944.963516235352 579.310394287109 1176.44437408447 817.557723999023 703.345764160156 1092.67259216309 993.427284240723 806.066207885742 723.601119995117 863.525161743164 908.608627319336 914.979782104492 953.577785491943 778.454360961914 978.082389831543 1085.31036376953 794.375411987305 928.837829589844 755.924842834473 890.159069061279 1067.02030181885 882.48046875 1083.83380126953 979.437606811523 804.576005935669 868.508428573608 835.562042236328 891.021469116211 661.017761230469 865.351091384888 984.531875610352 916.54948425293 982.005439758301 1025.7600402832 954.218738555908 1050.61793518066 1060.21995544434 814.952656745911 648.551742553711 663.907466888428 695.96964263916 767.724703788757 663.801876068115 655.856422424316 786.567988395691 607.302333831787 862.444828033447 946.226211547852
996.340459823608 696.830934047699 539.658325195312 864.150367736816 633.638336181641 571.590148925781 736.350875854492 1169.67854309082 469.479141235352 598.349975585938 610.381774902344 702.817520141602 886.973129272461 769.159103393555 819.030982971191 760.505004882812 656.194412231445 766.339782714844 908.313400268555 913.572336196899 1202.03785705566 1005.85782003403 900.722518920898 898.51229095459 1104.307056427 1306.44179534912 986.879104614258 916.990272521973 983.17985534668 788.061016082764 870.044029764831 971.55924987793 975.879188537598 915.105422973633 1030.94301605225 1005.94895172119 1192.92181396484 1069.82049560547 933.743743896484 871.653514862061 830.331111907959 753.157969474792 781.411966323853 905.752670288086 706.258372306824 675.217384338379 769.451263427734 729.143989562988 708.709075927734 906.592105865479
910.341327667236 1082.88514709473 857.770767211914 753.867626190186 1035.72933959961 631.715454101562 668.867462158203 872.393337249756 913.248470306396 874.53059387207 663.974414825439 670.292053222656 870.189323425293 1024.77468109131 1226.84530258179 882.242706298828 795.029142880812 857.84220123291 893.447826385498 829.45036315918 873.985984802246 853.338320732117 1114.8099899292 1050.21089553833 1084.21816539764 850.808563232422 724.110885620117 990.661649703979 835.015472412109 842.771743774414 840.658140182495 935.356147766113 995.921508789062 957.452953338623 922.70597076416 1025.84479904175 1013.66707992554 1036.83973693848 806.578121185303 745.621784210205 807.699722290039 688.746028900146 773.985494613647 777.119354248047 846.040241241455 822.055706262589 604.088272094727 892.040721893311 741.45043182373 883.935049057007
750.064924240112 1021.19490814209 712.792945861816 930.371608734131 1035.10390472412 1179.38846588135 679.207046508789 687.683990478516 764.662483215332 672.731773376465 490.332641601562 683.377937316895 484.898590087891 656.95300579071 770.066925048828 782.586857795715 759.483316421509 764.043610572815 695.285499572754 757.096326828003 744.995429992676 883.890605926514 751.464256286621 712.056716918945 737.965026855469 1105.53890991211 1090.51669311523 917.158706665039 1276.94622802734 1302.75901603699 1015.65783691406 865.528240203857 1096.50895690918 980.158157348633 870.97932434082 1007.89276123047 1072.0445098877 776.731842041016 843.756988525391 588.450889587402 653.068576812744 664.229885101318 628.274230957031 760.639616012573 711.355484008789 599.148483276367 681.612308502197 882.982301712036 981.570938110352 945.599834442139
790.844268798828 1338.30065155029 1258.49298095703 735.634651184082 825.850402832031 605.10270690918 1909.53393554688 705.787223815918 1271.73789215088 1164.3115234375 711.825832366943 541.534805297852 693.066804885864 542.258544921875 702.986906051636 944.724998474121 927.738128662109 754.344660758972 878.071479797363 865.712226867676 697.033470153809 1106.55972290039 875.91381072998 763.029319763184 564.464874267578 762.78434753418 826.853607177734 943.091571807861 1217.05037307739 1405.46968078613 937.541931152344 1008.12600708008 972.564102172852 649.980514526367 640.987323760986 700.042274475098 739.730140686035 691.282680511475 879.068130493164 670.406156539917 801.441268920898 824.483497619629 778.256080627441 594.604690551758 464.167037963867 731.817420959473 487.814933776855 673.834167480469 790.877288818359 768.93643951416
720.866897583008 1000.69191741943 842.268756866455 736.319660186768 762.592239379883 1191.08225250244 586.476760864258 655.155868530273 776.644287109375 812.762351989746 724.775901794434 585.382278442383 660.785110473633 484.91731262207 675.833753585815 819.979892730713 877.290946960449 805.369948267937 725.794967651367 610.318481445312 737.30477142334 950.641777038574 721.169540405273 781.157829284668 601.35383605957 799.029853820801 798.275897979736 738.794921875 942.523193359375 1593.9217300415 960.951538085938 914.197818756104 852.981605529785 833.836303710938 729.610445022583 710.50550699234 644.950141906738 802.229133605957 757.46696472168 797.221267700195 874.196914672852 822.429992675781 891.013122558594 763.771055221558 752.848888397217 733.085339069366 797.521396636963 808.047966003418 648.52956199646 743.30094653368
907.619049072266 1314.52684783936 828.305149912834 742.640785217285 1183.87818908691 626.311721801758 594.609970092773 1078.56196594238 626.284103393555 951.630767822266 1215.2834777832 640.251502990723 597.170524597168 739.658477783203 698.380776286125 767.529056549072 626.591934204102 796.542549133301 619.550468444824 840.405818939209 743.20809173584 792.476642608643 829.387098312378 883.408771514893 827.478223800659 802.938297271729 852.232467651367 791.243286132812 928.25884449482 871.155891418457 1133.24026107788 868.863366127014 851.31714630127 933.985534667969 760.043938159943 1246.1058883667 1396.9156036377 1857.84739685059 1635.30093383789 1076.84405517578 891.939788818359 835.193483352661 755.895708084106 825.828666687012 674.647659301758 715.929382324219 837.749557495117 634.695335388184 690.243662834167 664.009246826172
599.407905578613 990.47248840332 745.996284484863 655.390060424805 843.510375976562 631.288848876953 998.999374389648 776.728628158569 692.072387695312 954.509038925171 935.228576660156 748.266273498535 635.698295593262 539.751174926758 739.316425323486 675.563491821289 652.672485351562 728.604254722595 776.36775970459 649.4381275177 575.43871307373 662.855262756348 785.970648765564 775.652656555176 704.994613647461 856.752307415009 828.358016967773 767.937927246094 744.883728027344 589.219299316406 610.552810668945 929.923500061035 848.916255950928 848.182601928711 1133.09465026855 842.988130569458 1125.87164306641 1227.25671386719 1468.14825439453 2019.19390869141 1125.48107147217 975.135282516479 831.392501354218 736.246115446091 839.794006347656 678.377994537354 837.298179626465 860.954055786133 767.396255493164 821.500694274902
688.407773971558 842.153125762939 633.01481628418 825.761106491089 1128.25785088539 722.167861938477 987.577239990234 694.115417480469 831.574554443359 810.303720474243 753.501892089844 828.695503234863 738.763496398926 484.632354736328 546.517395019531 667.935550689697 770.283393859863 896.655242919922 794.758735656738 758.3291015625 858.213134765625 529.302841186523 623.549774169922 672.44905090332 861.232688903809 908.839008331299 1052.45532226562 655.24405670166 537.975524902344 570.152847290039 1923.63952636719 2840.09260559082 805.607032775879 897.308959960938 1246.66307067871 919.351039886475 1001.59907150269 1097.64113616943 1259.64236450195 1097.77688980103 1299.98272705078 1165.29091644287 1338.95317077637 1346.4859085083 1239.79114532471 1127.88647460938 1102.46307373047 790.244037628174 1008.53221130371 810.060989379883
397.478851318359 588.050351142883 537.824356079102 654.766372680664 848.707855224609 1089.63705444336 904.331050872803 859.346752166748 1203.57414531708 769.474411010742 703.67008972168 793.972129821777 688.196434020996 673.509773254395 589.316535949707 516.202056884766 663.14644241333 655.888290405273 834.712812423706 999.549285888672 758.723281860352 877.287437438965 682.510112762451 773.573143005371 777.468029022217 810.58659362793 912.755290985107 821.902542114258 693.641906738281 676.328346252441 669.072257995605 2097.73545837402 815.135938644409 947.300189971924 1065.87134027481 1299.79474282265 1213.40995788574 1276.48802185059 1676.96600341797 1190.30890369415 1166.29051971436 1119.67812538147 1059.9182434082 1067.00752258301 1475.57782745361 1590.78173065186 1068.26446533203 1391.4701423645 1274.25071716309 1079.48669433594
497.514533996582 377.407653808594 489.267211914062 471.430618286133 868.465171813965 845.132183074951 893.526836395264 881.808524608612 828.145051956177 791.653549194336 1006.29547119141 740.257278442383 731.128894984722 734.2680311203 534.649444580078 587.505035400391 640.550399780273 760.318405151367 828.413299560547 838.030349731445 847.717380523682 783.333273887634 844.052185058594 770.920637130737 662.406564712524 852.565143585205 920.330932617188 827.879817962646 799.707244873047 751.313018798828 628.848129272461 639.499908447266 750.194477081299 1012.36158752441 964.755096435547 1023.08908462524 1126.20603179932 1065.9327545166 1434.09953308105 1129.65661621094 1277.11811637878 1047.24069213867 1069.63395881653 1078.22081756592 1270.90368080139 1147.27759552002 1330.33978271484 967.852432250977 1237.48922729492 1618.23201751709
648.423637390137 602.237434387207 550.796348571777 524.988296508789 578.28343963623 688.456115722656 679.040477752686 764.516548156738 810.501518249512 779.279293060303 804.013374328613 774.248159408569 816.185340881348 748.889781951904 611.393325805664 588.914611816406 683.454818725586 734.297254562378 700.003082275391 644.856044769287 779.332211017609 771.610848426819 745.597087860107 755.37060546875 784.961727142334 813.234817504883 932.03897857666 827.459800720215 1033.77040100098 807.717514038086 647.030822753906 797.420921325684 781.962100982666 812.849316596985 953.766960144043 1134.29086303711 1112.71306610107 1154.91532897949 1103.15486907959 1008.30966567993 1187.87145996094 1406.25849437714 1029.29310369492 844.857654571533 1428.05448532104 1178.73406219482 1084.42524194717 1006.09752655029 1161.56613922119 1447.65356445312
542.822128295898 597.826721191406 572.408241271973 709.2952003479 647.033485412598 641.536956787109 460.029571533203 547.293180465698 783.751842498779 966.850296020508 741.895175933838 666.27579498291 863.71459197998 569.818222045898 607.828979492188 558.770294189453 713.13990020752 770.650490283966 663.482536315918 700.171209335327 690.117319107056 737.015678405762 736.748611450195 735.777313232422 811.037796020508 876.960330963135 651.187606811523 816.760948181152 861.730758666992 1007.66242980957 862.381284832954 847.104351043701 770.102241516113 917.947853088379 839.613625526428 1101.23681640625 1045.06423950195 981.90502166748 836.179176330566 777.260406494141 1054.37306213379 1017.68929290771 804.72093963623 812.59903717041 817.889404296875 1067.50548028946 902.769508361816 1038.56262207031 950.492985725403 1100.11073303223
561.55534362793 696.714508056641 827.642265319824 683.930841445923 537.429351806641 678.538362503052 791.068153381348 625.550556182861 809.920875549316 767.407028198242 841.25846862793 804.811191558838 1148.87874603271 838.653423309326 1071.67830657959 755.740753173828 646.69743347168 620.082489013672 775.165603637695 829.362861633301 625.140907287598 802.179344177246 1021.66270446777 944.572715759277 714.538589477539 641.82314491272 685.481460571289 835.033763885498 926.233469009399 993.599876403809 885.368768692017 851.07808303833 771.452285766602 809.733367919922 878.79557800293 872.138292312622 850.360565185547 918.719390869141 873.52823638916 780.380920410156 794.711992025375 956.847915649414 688.606498718262 765.489547729492 891.610481262207 888.974161148071 971.482730865479 888.902606964111 833.282474517822 826.957356452942
692.280433654785 814.453132629395 753.529865264893 705.281015396118 592.408630371094 679.526264190674 828.575645446777 728.405456542969 707.17746925354 693.714567184448 929.087882995605 638.64485168457 841.106433868408 837.309719085693 1418.75038719177 725.597343444824 641.525093078613 797.586502075195 739.169548034668 722.305145263672 548.312713623047 719.586693763733 739.725872039795 784.52565574646 971.312942504883 774.045753479004 789.898278236389 1014.57392883301 822.523874282837 951.00891494751 820.759983062744 1013.67335033417 1045.41678619385 840.006855010986 983.10285949707 737.523803710938 862.106918334961 779.111127853394 793.20871257782 851.201782226562 668.285148620605 765.920040130615 760.33381652832 618.664703369141 763.732410430908 719.929504394531 705.001770019531 876.219223976135 821.728801727295 870.981903076172
780.415935516357 768.862289428711 714.6008644104 821.143920898438 711.553258895874 878.842620849609 709.024936676025 634.216499328613 605.359519958496 585.620349884033 740.448241233826 754.6713514328 1123.66036224365 830.572650909424 790.502455711365 643.210166931152 934.114379882812 737.45866394043 666.208557128906 1236.13790893555 723.323532104492 585.655838012695 796.438064575195 704.572418212891 674.203605651855 771.536880493164 756.943382263184 793.056064605713 830.574306488037 555.474792480469 594.207336425781 862.808773040771 1037.6876373291 919.542495727539 871.003242492676 591.341522216797 650.124786376953 711.169418334961 862.610740661621 809.603088378906 608.561401367188 840.288528442383 829.954395294189 773.206130981445 845.613251686096 885.655326843262 832.099417209625 749.447799682617 733.329391479492 820.614824295044
869.543815612793 763.100227355957 692.034833908081 837.98371887207 785.134201049805 772.56942987442 782.504283905029 795.602272033691 765.583862304688 654.368549346924 687.004760742188 1299.23319816589 777.19923055172 777.708099365234 1086.32242584229 808.250221252441 846.315963745117 767.764469146729 1201.89583587646 701.337093353271 727.171510696411 598.601348876953 634.889051437378 724.175855636597 589.136077880859 872.535079956055 820.730239868164 672.69880771637 659.425941467285 817.487659454346 773.639381408691 846.773612976074 813.025997400284 900.345161437988 766.857801437378 825.190780639648 694.894569396973 779.843032836914 676.27188873291 664.788238525391 629.784103393555 753.109483957291 566.239135742188 643.630584716797 637.551116943359 684.600189208984 793.727272033691 777.767700195312 665.729034423828 824.339900970459
756.485106468201 694.266353607178 713.479663848877 888.878860473633 786.131555557251 763.771923065186 790.960369110107 644.919757843018 474.241676330566 471.809524536133 491.666900634766 539.923767089844 729.669082641602 1255.08902359009 738.87345123291 786.123762130737 923.74609375 916.116801917553 622.822731018066 762.943019866943 752.217555999756 717.154361724854 508.007629394531 706.033754348755 566.26789855957 700.992826461792 783.331001281738 789.452926635742 826.632148742676 852.815948486328 678.07360458374 953.621536254883 865.732204437256 842.492965698242 836.547092437744 876.160018920898 882.980461120605 834.224498748779 770.142204284668 781.70694732666 833.133422851562 786.783150434494 844.168636322021 698.970146179199 655.032333374023 667.052978515625 647.286567687988 772.417938232422 731.866592407227 859.404148101807
725.495452880859 637.692039489746 681.273170471191 773.189067840576 665.086647033691 796.958142995834 799.75209903717 760.517948150635 613.085741043091 834.761825561523 601.197265625 667.730693817139 610.208930969238 651.547439575195 611.335296630859 680.570960998535 642.675048828125 850.064933776855 696.591572880745 727.552062988281 572.127960205078 632.112705230713 563.768531799316 613.247276306152 629.287231445312 722.951773643494 739.065130233765 779.736694335938 880.396835327148 680.180183410645 789.002727508545 759.797334671021 988.729553222656 829.816345214844 903.919116973877 913.772895812988 815.705627441406 775.972583055496 791.714851379395 1098.52737808228 685.165374755859 738.693271636963 745.284217834473 801.535057067871 602.462203979492 509.403656005859 846.344741821289 721.743270874023 1020.43427848816 1007.68979644775
599.371063232422 770.725130081177 843.321617126465 853.826889038086 646.202629089355 860.517013549805 605.668876647949 658.662474632263 519.113731384277 667.312038421631 747.738010406494 753.79861831665 752.192687988281 668.061347961426 790.031196594238 685.686321258545 885.754196166992 655.158683776855 517.226684570312 614.5732421875 632.248992919922 710.893267869949 675.021484375 675.536052703857 651.416297912598 915.571899414062 716.383743286133 724.770030975342 742.505336761475 846.382080078125 727.980509757996 976.913124084473 863.51392364502 856.088081359863 857.241760253906 931.961322784424 835.73104095459 835.06827545166 978.61131811142 853.467124938965 921.30680847168 999.529594421387 606.91667175293 884.812454223633 781.280433654785 812.199371337891 599.594848632812 700.875625610352 718.318878173828 1025.84325408936
688.880790710449 692.816467285156 563.293563842773 584.639007568359 712.870941162109 592.498626708984 832.812347412109 644.104520797729 628.573771715164 535.323608398438 684.187362670898 630.46696472168 790.49137878418 731.413692474365 823.095680236816 737.904909133911 764.743796825409 772.954690933228 674.797309875488 605.189079284668 580.404762268066 623.495414733887 469.871994018555 613.616989135742 684.84187412262 855.551872253418 705.744705200195 814.382408618927 825.829132080078 777.913261413574 658.482568740845 781.940238952637 732.390113830566 803.167190551758 831.98796081543 881.68745803833 775.417964935303 980.710205078125 816.318359375 1004.8754940033 1015.9910774231 1123.38177490234 1016.85148239136 824.284974098206 976.074075818062 857.897491455078 784.974754333496 476.08984375 749.910938695073 917.709892272949
924.533569335938 688.209846496582 598.456527709961 682.650978088379 838.140888214111 650.959106445312 534.197792053223 695.841117858887 849.386016845703 746.237819671631 706.61371421814 583.651443481445 784.125785827637 766.590970993042 674.651832580566 798.501899719238 631.893112182617 644.113258361816 823.759719848633 914.626678466797 698.122194290161 795.364311218262 609.709495544434 721.65146446228 637.952281951904 676.298553466797 700.082330226898 831.12190246582 821.999923706055 858.059143066406 701.562397003174 556.279991149902 606.281833648682 587.115074157715 620.930601119995 735.175201416016 706.072777748108 757.379783630371 972.600578308105 1016.38573455811 1140.54028511047 1104.76276302338 960.778472900391 960.821258544922 886.577000319958 972.908187866211 709.230697631836 669.123558044434 870.990055084229 838.393096923828
