export/dem/dem55.asc
NCOLS 350
NROWS 171
XLLCORNER 152620
YLLCORNER 418050
CELLSIZE 100
NODATA_VALUE -9999
[rows 66 to 87 of 171, columns 150 to 199 of 350]
588.999202728271 443.767120361328 504.375221252441 531.814065933228 533.835918426514 570.379414558411 578.974521636963 538.907795548439 539.360496520996 584.359287500381 579.841571331024 464.560844421387 605.901947021484 567.436745166779 540.174175262451 500.003448486328 611.46898651123 509.390766143799 687.935653686523 556.01408290863 618.107551574707 556.472999572754 696.125473022461 567.363143920898 497.782440185547 598.22629737854 576.210202693939 485.25887298584 470.339859008789 581.438125610352 666.640068054199 622.807329177856 536.520622253418 546.417339324951 623.005464553833 633.312594413757 567.324035644531 555.110420227051 462.598449707031 554.189365386963 529.565986633301 494.319030761719 632.619060516357 712.721008300781 674.406192779541 701.409027099609 694.46297454834 580.787759780884 650.581799507141 639.761302947998
573.536880493164 518.60933303833 433.041534423828 369.131423950195 487.031921386719 448.486961364746 561.116179466248 498.673812866211 485.930305480957 611.030952453613 550.154275894165 527.891296386719 567.552145957947 628.738925933838 586.868358612061 411.903915405273 693.626770019531 554.951981544495 606.257904052734 529.338315963745 630.297252655029 666.95565032959 555.886336326599 422.344375610352 529.172687530518 480.720176696777 493.374015808105 521.669418334961 431.020874023438 604.590065956116 516.993476867676 602.337642669678 383.057571411133 482.533821105957 742.010131835938 460.816436767578 630.224859237671 596.3907122612 596.959360122681 421.342346191406 659.861190795898 728.781379699707 694.058959960938 813.229202270508 634.68406867981 673.567890167236 675.359121322632 609.223514556885 646.316158294678 773.251800537109
566.365594863892 365.608551025391 519.924659729004 528.687350273132 436.986656188965 455.835784912109 423.788192749023 480.266014099121 406.440994262695 621.687305450439 583.882448196411 636.74885559082 568.462818145752 618.417449951172 524.546237945557 471.393157958984 692.567199707031 645.37100982666 473.997970581055 703.390426635742 621.138431549072 502.823249816895 497.118812561035 564.51454782486 560.107799530029 582.374314069748 565.175441741943 755.994918823242 735.092636108398 570.180854797363 425.408538818359 561.902866363525 563.456014633179 465.245208740234 666.389457702637 412.912811279297 634.659370422363 525.294021606445 509.231483459473 592.020732879639 594.091087341309 717.392402648926 831.261184692383 683.891262531281 567.634357452393 773.045166015625 665.024036407471 638.294764995575 590.748054504395 634.298000335693
365.376266479492 533.608573913574 516.286594390869 413.56428527832 456.381996154785 451.577728271484 546.545679807663 459.342559814453 547.253509521484 702.134719848633 558.168646812439 523.726112365723 404.770401000977 624.534301757812 621.227294921875 685.928344726562 531.116051673889 592.753185272217 471.902481079102 578.14953994751 656.910133361816 537.542789459229 548.617525100708 609.529472351074 452.005348205566 607.79386138916 481.077285766602 566.99317407608 489.235061645508 615.475198745728 535.766731262207 514.383117675781 518.827163696289 708.005348205566 606.137180328369 545.024684906006 656.584808349609 511.806846618652 668.360870361328 572.124069213867 445.317504882812 547.420192718506 772.893829345703 570.081344604492 633.80432510376 615.474235534668 709.835220336914 699.121192932129 688.201560974121 732.105567932129
661.744049072266 500.411640167236 494.371742248535 485.14461517334 583.5119972229 472.997909545898 513.549520492554 371.956726074219 307.058441162109 585.820331573486 560.564875602722 582.423706054688 563.118591308594 503.489109039307 541.489519119263 489.650245666504 570.350324630737 566.553491592407 600.601335525513 410.581878662109 607.62268447876 475.883476257324 627.275257110596 523.508934020996 730.204864501953 711.579124450684 636.186614990234 633.060413360596 597.882474899292 736.618423461914 621.677276611328 640.696975708008 555.227771759033 595.022412776947 528.999000549316 577.461304664612 739.120590209961 649.579524993896 672.674354553223 649.577011108398 775.437942504883 512.637008666992 677.792427062988 739.890487670898 624.78594493866 674.405391693115 557.110511779785 561.145088195801 618.873439788818 567.916831970215
593.968433380127 537.740873336792 360.212951660156 346.412902832031 495.160026550293 545.775588989258 410.954330444336 490.065582275391 553.473878860474 504.310810089111 415.338333129883 683.14924621582 457.5302734375 600.859924316406 507.435390472412 429.999877929688 658.95677947998 505.438575744629 589.813953399658 560.613006591797 405.105239868164 466.698944091797 499.34294128418 536.631248474121 555.77551651001 557.733097076416 641.41153717041 448.222229003906 584.846942901611 646.879776000977 675.866508483887 608.441997528076 539.248779296875 657.434818267822 723.630081176758 695.159385681152 708.281700134277 717.280197143555 824.721160888672 695.978363037109 613.706447601318 670.443557739258 710.368896484375 679.448776245117 519.307731628418 771.644470214844 744.021186828613 616.867143630981 619.992453098297 573.290344238281
536.78311252594 478.997268676758 358.753799438477 435.900863647461 632.834320068359 296.397827148438 411.864654541016 476.183673858643 321.192718505859 514.040534973145 574.185377120972 652.765167236328 476.893745422363 442.576263427734 551.096044540405 409.370727539062 523.515743255615 535.592918395996 644.843509674072 623.869256973267 668.00463104248 705.776344299316 662.928646087646 569.548065185547 669.145965576172 540.767112731934 696.524307250977 673.566398620605 541.974506378174 692.828269958496 487.962936401367 559.867500305176 432.728988647461 581.280981063843 682.72843170166 714.729858398438 634.861194968224 727.948593139648 773.261611938477 725.713562011719 734.610633850098 592.89595413208 522.149208068848 707.920387268066 482.749664306641 640.553350448608 560.302169799805 685.951210021973 533.433822631836 601.23356628418
584.654273986816 559.008121528663 401.25260925293 525.600044250488 403.51936340332 572.598281860352 500.737007141113 455.904403686523 449.524833679199 546.016842126846 437.039260864258 465.158981323242 697.033767700195 533.831354141235 295.355865478516 372.003463745117 614.534994125366 533.558403015137 526.250457763672 532.032768249512 660.342678070068 544.697547912598 753.010238647461 550.680625915527 619.159404754639 419.272689819336 650.956260681152 790.715225219727 720.710037231445 573.440078735352 709.146591186523 532.065719604492 615.933810472488 552.213855743408 716.248626708984 607.87598323822 747.835357666016 682.376121520996 787.457214355469 795.533828735352 754.629776000977 577.996062278748 513.933959960938 670.831092834473 601.750340938568 653.341112136841 617.14682674408 587.599414944649 678.699420928955 654.806402534246
522.236751556396 444.104080200195 351.09440612793 417.43913269043 404.743194580078 471.28108215332 423.466979980469 479.475852966309 490.405433654785 582.368114471436 588.038681030273 512.717830657959 622.634899139404 424.762847900391 551.426522254944 549.932216644287 561.459049224854 482.844360351562 565.828231811523 473.153678894043 571.381420135498 633.637432217598 517.171661376953 650.574424743652 553.794551849365 574.259889602661 535.501457214355 692.664627075195 578.207172393799 653.195163726807 656.963821411133 655.97331237793 571.917249679565 581.4469435215 567.46347618103 552.055171966553 632.738529205322 675.173721313477 696.859031677246 776.097869873047 687.040267944336 551.798652648926 681.183158874512 444.641387939453 664.55876159668 437.888763427734 666.234180450439 583.173127174377 616.497270584106 715.543464660645
666.141510009766 439.075401306152 674.745269775391 604.007328033447 469.696701049805 615.911911010742 482.827774047852 480.021682739258 496.043506622314 622.281143188477 727.576400756836 547.352918624878 553.893671035767 508.823295593262 590.329812049866 675.558170318604 573.694637298584 471.009384155273 496.834350585938 691.48908996582 563.407524108887 454.223815917969 581.137077331543 575.346858978271 585.060089111328 469.695793151855 566.764541625977 659.824802398682 769.729782104492 744.344039916992 628.839809417725 633.952899932861 517.340980529785 842.265487670898 748.150344848633 593.836814403534 535.369403839111 590.573463201523 637.862903594971 569.642335891724 801.93603515625 521.135238647461 581.177854537964 655.551696777344 403.732025146484 343.814880371094 724.885726928711 667.745300292969 439.215118408203 838.357177734375
608.166019439697 742.799453735352 573.584915161133 929.04106760025 718.795791625977 590.168455123901 698.437652587891 534.112384796143 553.358709335327 631.920417785645 568.804040908813 593.23996925354 547.633937835693 463.659027099609 568.831512451172 662.352939605713 755.799438476562 518.406883239746 456.064079284668 493.74439239502 654.535213470459 595.98762512207 734.173149108887 494.260307312012 576.766952514648 398.105834960938 493.942234039307 680.549694061279 723.401870727539 756.182998657227 662.274772644043 602.876525878906 620.450428009033 662.436393737793 597.90433883667 651.047103881836 592.676836252213 556.962827682495 541.584579467773 591.962057113647 643.660915374756 550.648136138916 765.783172607422 740.9853515625 684.371574401855 538.287292480469 614.878475189209 648.115493774414 680.243049621582 587.795700073242
480.05150604248 598.038249969482 741.06810760498 716.239265441895 466.815948486328 637.583847045898 602.02131652832 586.691125869751 796.171569824219 456.231521606445 719.507598876953 652.752296447754 637.827590942383 555.48530960083 513.617195129395 625.346478462219 646.639991760254 523.927536010742 456.527450561523 653.044574737549 633.541893005371 507.956680297852 637.503581047058 606.697750091553 857.170196533203 590.246841430664 482.018295288086 559.803756713867 725.269905090332 788.01774597168 522.481147766113 526.608001708984 617.980157852173 727.828109741211 702.885871887207 786.530334472656 715.522155761719 622.595352649689 566.796653747559 730.023399353027 667.861862182617 611.510299682617 602.29665517807 646.382202148438 687.946922302246 660.941398620605 558.694669723511 564.2126121521 723.909385681152 652.598999023438
574.841110229492 608.223846435547 541.86820602417 433.379211425781 622.041027069092 617.165378570557 530.453998565674 720.093673706055 785.490051269531 575.322818756104 579.072650671005 481.698394775391 532.650043487549 510.320896148682 521.174537658691 529.727645874023 545.958709716797 504.449996948242 528.852981567383 740.273559570312 619.496515274048 558.548637390137 531.08080291748 632.69514465332 524.608383178711 507.066940307617 614.589619636536 490.202293395996 684.225479125977 721.920616149902 733.219650268555 666.754192352295 486.398956298828 784.306747436523 617.204077959061 534.466575622559 542.121166229248 628.438293457031 566.358816146851 692.74250793457 734.231338500977 777.997543334961 670.318603515625 558.48095703125 614.250717163086 533.761318206787 602.955417156219 618.519496917725 618.182131171227 663.336135864258
503.231712341309 393.766443252563 526.123722076416 737.274841308594 592.859481811523 625.299039840698 644.420524597168 691.233062744141 677.505798339844 556.720802307129 544.003135681152 603.466959953308 598.984565734863 523.241619110107 759.157409667969 557.713180541992 633.229549407959 536.756210327148 601.985683441162 761.190330505371 592.220390319824 683.312927246094 548.068630218506 550.814512252808 584.478504180908 501.042236328125 697.846603393555 655.812281847 606.848815917969 648.984756588936 616.285001754761 682.32414150238 788.912559509277 850.388534545898 673.475814819336 572.266651153564 624.024778366089 580.462664604187 739.093307495117 749.633743286133 571.369449615479 539.752662658691 567.081329345703 692.913249969482 769.222854614258 687.207878112793 818.578735351562 726.509231567383 592.878929138184 525.290405273438
598.663646697998 448.242483139038 502.668172836304 602.22639465332 610.731548309326 557.167163848877 540.196403503418 530.028114318848 720.716239929199 632.493942022324 537.468399047852 619.773975372314 651.917367935181 1026.14264678955 835.185612678528 625.753992080688 542.259490966797 621.934814453125 515.84627532959 539.152076721191 763.906539916992 631.880326271057 622.044532775879 634.655891418457 654.540477752686 427.137298583984 558.519302368164 557.497947692871 646.265506744385 625.891543388367 645.285056591034 665.187973022461 640.522491455078 859.89501953125 640.757844924927 696.392730712891 706.418128967285 746.473297119141 575.527593612671 575.474922657013 788.604141235352 759.279571533203 489.36515045166 795.945190429688 548.298915863037 724.29443359375 653.156894683838 682.181079864502 670.802307128906 621.57849407196
788.095886230469 590.878211975098 616.401657104492 953.415985107422 691.677240371704 537.24983215332 462.417343139648 598.947570800781 640.016410827637 813.786254882812 738.096687316895 939.50821685791 514.275634765625 960.967409133911 985.900161743164 712.79195022583 554.969390869141 755.380990982056 725.554029464722 607.901683807373 670.963430404663 671.744522094727 709.317459106445 606.256908416748 637.610929369926 704.178039550781 619.501884460449 717.630962371826 615.850963592529 538.482490539551 655.246670722961 742.794715881348 665.44725227356 800.597290039062 785.758941650391 578.338066101074 661.074859619141 699.704284667969 657.861110687256 645.804027557373 690.831718444824 652.466674804688 676.553943634033 760.152374267578 803.427932739258 696.245414733887 583.875862121582 505.881149291992 596.116394042969 577.10375213623
581.022506713867 704.71745300293 616.931079864502 934.475799560547 863.563087463379 723.952373504639 869.277626037598 957.540481567383 879.45085144043 1239.98971557617 626.407649993896 670.252311706543 575.594964981079 467.867980957031 571.479067325592 572.211140051484 608.971265554428 741.784851074219 730.200080871582 906.416351318359 614.303958892822 541.594169616699 659.281700134277 704.097747802734 571.289237976074 723.637229919434 687.15062713623 620.72590637207 580.035537719727 671.882541656494 591.511079788208 500.356307983398 673.885875701904 657.588609695435 816.744598388672 732.862289428711 727.591163635254 662.236518859863 692.581169128418 728.428153991699 728.73323059082 579.416572570801 819.07633972168 781.021820068359 735.417358398438 705.000198364258 619.899015426636 788.892013549805 653.151917934418 691.607124328613
553.426124572754 578.064125061035 557.833034515381 676.571762084961 591.865135192871 575.405891418457 567.547069549561 820.013864517212 737.539283752441 1017.52398681641 633.93359375 341.575271606445 430.466522216797 628.503311157227 581.863288879395 499.604698181152 670.213520050049 647.166425704956 738.318538665771 972.05753326416 711.16088104248 484.884712219238 632.365730285645 691.673263549805 684.359203338623 582.52970123291 803.481567382812 781.941589355469 604.397933959961 644.547640323639 779.273941040039 796.178527832031 767.799896240234 724.277587890625 677.700065612793 664.380043029785 703.366889953613 576.496423721313 687.281372070312 564.536403656006 736.422843933105 524.241828918457 671.720455169678 824.081848144531 680.241638183594 679.597418785095 749.003852844238 745.77320098877 767.36442565918 638.566923141479
707.753952026367 675.332939147949 274.459228515625 512.423736572266 293.16764831543 603.157569885254 462.410389900208 723.263776779175 675.709625244141 628.79202760756 758.611785888672 544.634010314941 816.975814819336 674.63011932373 585.482559204102 619.105833053589 457.503486633301 605.044570922852 639.547157287598 855.745819091797 751.399745941162 797.803375244141 1054.43168640137 820.743324279785 780.536560058594 604.924682617188 678.248508930206 685.988301277161 683.6930809021 643.503040313721 571.431934356689 677.199752807617 790.632431030273 780.369613647461 847.192428588867 719.947059631348 694.688522338867 533.653785705566 667.291809082031 613.953762054443 769.84383392334 776.645729064941 721.71183013916 827.595840454102 813.811462402344 736.385734558105 863.012741088867 817.987060546875 681.561923980713 739.46809387207
501.256400585175 605.909210205078 683.287857055664 607.193337440491 609.919553756714 653.412643432617 502.542903900146 667.39538192749 804.357612609863 627.060028076172 823.412155151367 877.806396484375 808.877910614014 832.445320129395 702.600910186768 677.860664367676 523.916961669922 705.177474975586 594.560539245605 896.361518859863 717.963333129883 470.838725566864 708.18877530098 630.441535949707 1058.46691131592 612.800674438477 680.854751586914 705.629251480103 817.277801513672 543.765695571899 631.593612670898 741.775718688965 711.158322811127 800.6728515625 652.811740875244 640.54892873764 671.129192352295 473.933708190918 723.109405517578 698.072845458984 590.245765686035 680.656507492065 845.037719726562 857.900619506836 794.378829956055 792.560523986816 727.179298400879 651.227191925049 762.35563659668 802.236404418945
485.157106399536 686.844795227051 819.453910827637 552.790298461914 -9999 -9999 -9999 -9999 -9999 -9999 -9999 -9999 -9999 -9999 -9999 761.248847961426 596.572082519531 699.592620849609 725.586449146271 623.70707321167 620.400712966919 812.655380249023 671.978050231934 405.322135925293 765.770210266113 562.772300720215 1069.16767692566 712.55429649353 503.055130004883 1090.42913818359 644.055778503418 620.423719882965 779.233177185059 820.311294555664 801.480651855469 739.411613464355 706.344314575195 620.302250862122 672.581653594971 730.436393737793 556.074317932129 686.228889465332 647.691082954407 727.627281188965 825.173675537109 683.988264083862 735.355800628662 704.597255706787 658.753759384155 752.017166137695
-9999 -9999 -9999 -9999 -9999 -9999 -9999 -9999 -9999 -9999 -9999 -9999 -9999 -9999 -9999 -9999 -9999 -9999 717.415877342224 664.674118041992 779.875213623047 940.854522705078 793.409755706787 654.789057731628 654.645568847656 574.204605102539 708.657487869263 553.225479125977 677.202468514442 700.197425842285 416.512847900391 1050.67446231842 781.486557006836 596.549911499023 762.377159118652 758.121154785156 672.17488861084 604.131088256836 672.348276138306 575.960037231445 723.189916610718 777.882553100586 583.673194885254 650.404530525208 822.500610351562 729.300621032715 665.583759307861 656.988849639893 785.992828369141 623.112283706665
