export/dem/dem52.asc
NCOLS 350
NROWS 171
XLLCORNER 152620
YLLCORNER 418050
CELLSIZE 100
NODATA_VALUE -9999
[rows 110 to 131 of 171, columns 200 to 249 of 350]
-9999 -9999 -9999 871.764071464539 682.000762462616 596.878150939941 563.01439666748 630.658843994141 790.439470291138 1109.0611076355 760.215293884277 618.021408081055 660.143359184265 797.802932739258 652.3756980896 548.890487670898 1027.56852722168 682.737564086914 573.681224822998 603.72679901123 557.009391784668 699.993721008301 596.913017272949 679.042739868164 543.729108810425 669.783760070801 786.316177368164 802.315704345703 684.290744781494 679.423384904861 565.295852661133 736.230907440186 632.915176391602 673.812783241272 537.907943725586 741.619274139404 782.428871154785 592.051246643066 627.384021759033 540.754196166992 498.713333129883 728.308738708496 641.872680664062 604.859497070312 1072.90798950195 819.337089538574 933.770301818848 1174.09619140625 498.89892578125 880.441780090332
-9999 -9999 -9999 -9999 776.176742553711 612.884086608887 535.079177856445 689.908973693848 614.824478149414 874.940464019775 571.037185668945 750.941093444824 688.797390937805 590.474578857422 629.112663269043 582.797733306885 685.597023010254 675.476181030273 828.138397216797 747.017288208008 760.412841796875 590.289928436279 1242.10502624512 580.998971939087 517.546955108643 594.639174461365 683.196865081787 718.376478672028 724.489757537842 480.768714904785 682.83642578125 701.969955444336 635.818645477295 686.059326648712 704.572616577148 667.686849594116 687.44539642334 808.409732818604 575.03963470459 666.474216461182 722.355537414551 513.944213867188 640.546394348145 938.595161437988 446.443786621094 752.050521850586 851.166320800781 863.264892578125 765.313301086426 888.894386291504
-9999 -9999 -9999 -9999 968.990478515625 827.706398010254 506.503158569336 615.526351928711 749.089639663696 728.556644439697 663.971305847168 629.674301147461 526.994338989258 696.858486831188 556.068206787109 669.685837984085 759.515068054199 580.788619995117 448.89079284668 527.139854431152 653.078807830811 650.002311706543 523.095718383789 633.430431365967 644.942157745361 709.53311920166 759.703315734863 596.987670898438 642.418792724609 758.85327911377 544.763500213623 603.413383483887 737.514259338379 710.572412014008 684.919977664948 649.084383010864 530.477783203125 704.952529907227 709.434776306152 758.646709442139 662.339431762695 702.733982086182 590.712226867676 950.138060569763 515.30534362793 895.607173919678 1103.29703140259 1024.44813537598 808.148923873901 777.659519195557
-9999 -9999 -9999 -9999 -9999 855.306438446045 748.967195510864 705.936937332153 833.139823913574 896.856918334961 1095.83905029297 719.690926671028 617.903358459473 619.714042663574 600.588859558105 686.949076652527 645.242818832397 720.133392333984 779.968681335449 750.699745178223 458.325103759766 901.917022705078 493.30012512207 629.980432510376 461.586044311523 338.795806884766 663.896141052246 535.209701538086 648.630382537842 605.138851165771 528.399398803711 719.292054176331 895.881072998047 556.090721130371 692.06351852417 531.083618164062 667.905076026917 639.923374176025 676.214416503906 841.555274963379 968.961723327637 715.094680786133 683.90665435791 573.792190551758 698.673690795898 877.656036376953 950.942129135132 1207.23416137695 818.033435821533 977.143020629883
-9999 -9999 -9999 -9999 -9999 981.741546630859 762.64200592041 584.212028503418 576.941047668457 648.043922424316 1167.82311630249 797.363765716553 612.657623291016 616.071033477783 525.503494262695 618.137847900391 732.632965087891 476.953430175781 731.978607177734 612.865684509277 1286.27654647827 598.171936035156 687.686532974243 566.530303955078 581.293338775635 557.43864440918 753.41365814209 705.372974634171 717.527546882629 818.824104309082 674.734045028687 915.128540039062 799.290222167969 758.016609191895 664.439890861511 760.122367858887 473.881072998047 590.266723632812 705.849630355835 666.028823852539 610.432327270508 850.175636291504 690.177085876465 713.636413574219 663.676895141602 642.482780456543 714.910598754883 926.559917449951 689.304695129395 581.907135009766
-9999 -9999 -9999 -9999 -9999 961.37572479248 883.379661560059 631.917793273926 597.293048858643 545.513900756836 795.866611480713 818.373840332031 712.681261062622 540.400436401367 599.446083068848 699.446152687073 712.474149703979 644.080284118652 777.734405517578 1189.42038726807 488.217376708984 578.322471618652 533.939102172852 582.417678833008 602.971496582031 555.690032958984 726.73401927948 735.741706848145 709.271228790283 864.937850952148 709.050011634827 666.453485369682 778.926200866699 695.31685590744 763.940063476562 705.534506320953 571.218315124512 581.348793029785 617.566963195801 792.746551513672 537.529663085938 674.922088623047 576.382614135742 928.261070251465 755.399286270142 718.900184631348 636.206939697266 683.281730651855 639.151596069336 661.14030456543
-9999 -9999 -9999 -9999 -9999 -9999 999.682563781738 886.043733596802 881.941696166992 659.385246276855 714.223327636719 893.683235168457 668.841947555542 684.378150939941 737.919677734375 607.012870788574 554.966323852539 689.788570404053 693.169353485107 570.791877746582 690.389278411865 567.520851135254 657.684659004211 755.774124145508 648.800361633301 621.633277893066 777.57209777832 800.740165710449 766.427169799805 794.564598083496 696.477561950684 750.458770751953 699.029279708862 755.501487731934 761.603384017944 709.049863815308 757.399757385254 817.570068359375 660.451868057251 707.648344039917 745.745113372803 684.001022338867 743.835548400879 678.69995880127 963.839763641357 1098.23815917969 888.604217529297 930.572174072266 834.610258102417 736.521667480469
-9999 -9999 -9999 -9999 -9999 -9999 946.40404510498 1343.77638244629 1299.17681789398 706.649757385254 768.114189147949 752.268986701965 1022.59917449951 627.632637023926 555.515487670898 611.226043701172 593.871566772461 667.272155761719 1060.53761291504 551.91960144043 554.628555297852 654.195474624634 567.366798400879 764.990501403809 651.158584594727 565.077346801758 650.147247314453 800.362251281738 801.098892211914 880.403274536133 828.27091217041 875.213638305664 672.733974456787 1021.12411308289 830.765197753906 939.201454162598 1024.41679763794 585.167221069336 699.095203399658 699.640996456146 847.888481140137 730.073263883591 727.218794822693 650.165901184082 607.659843444824 677.738273620605 654.965240478516 923.961871899664 1084.09224128723 767.922327041626
-9999 -9999 -9999 -9999 -9999 -9999 -9999 948.40721321106 791.138519287109 652.812255859375 717.607948303223 700.804267883301 605.543502807617 860.680305480957 723.240112304688 528.68962097168 645.315444946289 1347.09321594238 647.01309967041 661.160350799561 673.707679748535 570.00789642334 684.919039726257 609.776977539062 802.186508178711 663.091987609863 808.374404907227 1059.81727218628 888.832511901855 877.439041137695 886.308319091797 660.946815490723 619.530385017395 969.727554321289 661.091323852539 994.848880767822 937.52067565918 945.133472442627 1108.97096633911 661.184494018555 746.504261016846 726.483494520187 746.297275543213 619.846481323242 817.193674087524 697.608684539795 673.696834564209 748.947364807129 775.681247711182 618.390129089355
-9999 -9999 -9999 -9999 -9999 -9999 -9999 -9999 809.375192642212 768.266899108887 814.215381622314 503.088516235352 573.086563110352 633.534408569336 456.227722167969 563.906677246094 1352.74880981445 609.502494812012 608.234680175781 648.18416595459 666.942810058594 783.712673187256 813.98046875 686.861343383789 954.630310058594 794.898078918457 748.984497070312 741.757530212402 930.497673034668 768.81128692627 700.820343017578 962.950439453125 721.848571777344 1035.15307617188 980.702255249023 920.279628753662 1014.87777328491 982.308961868286 802.180526733398 1088.75326538086 703.261408805847 707.681810379028 700.719009399414 653.317134857178 502.899230957031 429.323425292969 612.120580673218 654.249610900879 592.630310058594 558.588220596313
-9999 -9999 -9999 -9999 -9999 -9999 -9999 -9999 -9999 1324.03221416473 1142.46243286133 1082.39007568359 560.58967590332 481.623657226562 721.720279693604 656.24242401123 869.304016113281 623.000350952148 612.427337646484 676.900932312012 550.833511352539 690.44522857666 649.956283569336 635.357147216797 666.370964050293 894.132102966309 920.457824707031 693.234756469727 853.804733276367 657.877336502075 669.668117523193 657.859390258789 588.39041519165 519.107149124146 868.674983501434 909.001987457275 810.357543945312 853.887504577637 1246.6106262207 1027.36418151855 1151.38044333458 826.353523254395 663.550666809082 873.838851928711 661.994930267334 442.91716003418 558.871559143066 566.11142539978 444.324462890625 459.249496459961
-9999 -9999 -9999 -9999 -9999 -9999 -9999 -9999 -9999 -9999 1048.6238117218 628.298337936401 469.253524780273 628.881671905518 561.566528320312 487.533813476562 726.948436737061 745.670413970947 930.708717346191 730.273564338684 667.476890563965 590.71403503418 679.656402587891 864.844139099121 950.124633789062 808.888697624207 525.913119316101 616.263103485107 908.179153442383 831.712768554688 832.497505187988 867.881317138672 598.723899841309 725.074462890625 911.04377746582 930.15518951416 868.691628456116 981.403259277344 865.688377380371 980.673199653625 989.927782058716 750.222305297852 673.06555557251 685.780838012695 453.57487487793 607.724315643311 687.044082641602 546.264038085938 644.739559173584 617.205163955688
-9999 -9999 -9999 -9999 -9999 -9999 -9999 -9999 -9999 -9999 -9999 1116.42900085449 1099.59762954712 914.087745666504 491.452041625977 533.643127441406 710.841529846191 621.955718994141 753.856081962585 623.018737792969 752.391662597656 792.91774559021 776.999523162842 742.749687194824 980.316354751587 616.647087097168 1102.2908782959 907.489743232727 750.36440372467 804.419166564941 1040.13691711426 947.001007080078 773.823959350586 789.700752258301 899.434188842773 842.054702043533 897.057754516602 946.159202575684 993.002044677734 869.280960559845 856.164436340332 744.257581710815 722.113990783691 520.016632080078 622.051528930664 595.245864868164 714.657337188721 584.633651733398 666.537311553955 773.995723724365
-9999 -9999 -9999 -9999 -9999 -9999 -9999 -9999 -9999 -9999 -9999 -9999 1055.38835334778 1076.36918640137 525.337112426758 560.603445053101 616.302810668945 694.191703796387 633.450179100037 650.910503387451 739.351203918457 651.019123077393 722.140022277832 364.056991577148 721.620342254639 883.116092681885 1010.45210266113 647.157777786255 723.230822563171 756.112354278564 952.513961791992 1046.30880737305 939.008453369141 923.518966674805 758.132140159607 623.062167167664 887.252960205078 766.592308044434 834.202194690704 781.536521911621 653.453842163086 744.047409057617 802.802223205566 500.539291381836 518.558166503906 626.899253845215 665.556600570679 715.406801223755 765.089813232422 758.395425796509
-9999 -9999 -9999 -9999 -9999 -9999 -9999 -9999 -9999 -9999 -9999 -9999 -9999 -9999 727.493245124817 655.479827880859 650.81160068512 1008.08001232147 652.503784179688 663.361560821533 571.692212343216 531.862205505371 554.909955978394 452.093109130859 735.249884366989 703.375255584717 679.139236450195 810.745475769043 964.70304107666 905.358985900879 881.414232254028 965.579986572266 888.293716430664 836.875862121582 898.71875 766.963424682617 895.663669586182 1097.95997619629 812.44695854187 1070.10709309578 906.018783569336 1127.64287948608 718.848274230957 684.872804641724 534.152816772461 591.746589660645 621.220588684082 567.743270874023 630.594734191895 652.029541015625
-9999 -9999 -9999 -9999 -9999 -9999 -9999 -9999 -9999 -9999 -9999 -9999 -9999 -9999 -9999 -9999 -9999 1153.49695205688 771.305896759033 781.446517944336 866.242721557617 703.221710205078 747.95036315918 736.973979949951 639.757293701172 1003.00061035156 635.422524929047 714.848030090332 750.507118225098 745.506637573242 798.025119781494 835.624557495117 829.851003646851 976.575729370117 806.528720855713 681.070426940918 851.326309204102 813.654945373535 860.377775192261 590.652643203735 495.252861022949 931.655395507812 585.852924346924 758.365867614746 585.650367736816 657.255783081055 567.925277709961 635.901691436768 530.368255615234 572.309600830078
-9999 -9999 -9999 -9999 -9999 -9999 -9999 -9999 -9999 -9999 -9999 -9999 -9999 -9999 -9999 -9999 -9999 -9999 -9999 -9999 1019.86616516113 790.353881835938 863.1266746521 891.842714309692 980.365257263184 808.333053588867 770.878552436829 838.219646453857 953.056777954102 975.426528930664 819.934751033783 708.617580413818 893.57209777832 744.38982629776 823.848819732666 707.256042480469 663.513610839844 1042.29402160645 971.086769104004 725.78129196167 747.600921630859 674.410041809082 568.652496337891 607.412902832031 701.807474136353 726.415278434753 467.196899414062 574.146903991699 545.135864257812 475.020401000977
-9999 -9999 -9999 -9999 -9999 -9999 -9999 -9999 -9999 -9999 -9999 -9999 -9999 -9999 -9999 -9999 -9999 -9999 -9999 -9999 -9999 -9999 -9999 -9999 -9999 960.831077575684 850.319702148438 890.508293151855 945.012851715088 879.758028030396 888.718425750732 996.07666015625 796.863983154297 671.303122758865 635.675930023193 765.475440979004 1160.49291992188 1058.3625793457 830.606086730957 631.823356628418 576.975959777832 1046.1469078064 523.606170654297 830.655303955078 669.030410766602 649.918422698975 677.607368469238 686.901072502136 664.007251739502 744.326245307922
-9999 -9999 -9999 -9999 -9999 -9999 -9999 -9999 -9999 -9999 -9999 -9999 -9999 -9999 -9999 -9999 -9999 -9999 -9999 -9999 -9999 -9999 -9999 -9999 -9999 -9999 -9999 -9999 -9999 883.487247467041 966.385772705078 799.034042358398 838.611264228821 710.644962310791 683.36332321167 636.04158782959 944.042068481445 1059.98446655273 866.670989990234 690.117275238037 692.155956268311 561.520141601562 697.178247451782 562.619003295898 691.308982849121 611.404495239258 712.866764068604 625.996940612793 609.957916259766 501.678649902344
-9999 -9999 -9999 -9999 -9999 -9999 -9999 -9999 -9999 -9999 -9999 -9999 -9999 -9999 -9999 -9999 -9999 -9999 -9999 -9999 -9999 -9999 -9999 -9999 -9999 -9999 -9999 -9999 -9999 -9999 -9999 1068.7654838562 883.186592102051 814.580604553223 689.766708374023 715.484760284424 882.515407562256 661.614219665527 802.926231384277 586.748550415039 912.035858154297 799.165557861328 696.565590858459 762.148212432861 527.840545654297 661.103355407715 680.040113806725 603.549728393555 814.375762939453 795.545932769775
-9999 -9999 -9999 -9999 -9999 -9999 -9999 -9999 -9999 -9999 -9999 -9999 -9999 -9999 -9999 -9999 -9999 -9999 -9999 -9999 -9999 -9999 -9999 -9999 -9999 -9999 -9999 -9999 -9999 -9999 -9999 -9999 724.341934204102 879.232316017151 885.767615318298 968.087387084961 791.443252563477 754.763235092163 640.801977157593 649.527305603027 817.974853515625 728.286025762558 633.316452026367 630.400360107422 636.40406036377 728.447967529297 527.624969482422 708.747909545898 744.115901947021 883.176406860352
-9999 -9999 -9999 -9999 -9999 -9999 -9999 -9999 -9999 -9999 -9999 -9999 -9999 -9999 -9999 -9999 -9999 -9999 -9999 -9999 -9999 -9999 -9999 -9999 -9999 -9999 -9999 -9999 -9999 -9999 -9999 -9999 -9999 955.092483520508 985.075614929199 561.085952758789 562.580108642578 773.163291931152 771.470575332642 803.46212387085 919.506530761719 743.313484191895 777.560817718506 502.100204467773 638.597381591797 615.563415527344 631.252796173096 495.802322387695 759.346420288086 679.762130737305
