export/dem/dem5.asc
NCOLS 350
NROWS 171
XLLCORNER 152620
YLLCORNER 418050
CELLSIZE 100
NODATA_VALUE -9999
[rows 132 to 153 of 171, columns 250 to 299 of 350]
804.4015417099 782.15208530426 794.232739448547 681.159713745117 711.063133239746 514.845581054688 478.798721313477 480.403839111328 427.052154541016 739.834274291992 615.399604797363 721.890198707581 736.476457595825 912.819854736328 777.928682804108 672.754211425781 681.301315307617 790.280778884888 855.726551055908 793.06867980957 652.490653991699 633.084007263184 712.818628311157 551.639801025391 670.750246047974 596.369659423828 704.555160522461 790.817672729492 646.107555389404 614.899097442627 772.275619506836 447.369552612305 663.845966339111 733.99715423584 824.466674804688 614.619758605957 660.960367202759 872.930435180664 632.894554138184 919.947875976562 954.580177307129 1074.55112838745 918.432697296143 965.433395385742 872.980499267578 783.769287109375 852.988403320312 767.410232543945 775.287445068359 952.57043838501
800.511644363403 865.314445495605 848.358863830566 887.292655944824 653.522155761719 525.640983581543 599.733975410461 494.678192138672 688.416103363037 532.57975769043 659.560208320618 794.739334106445 749.552031040192 896.965469360352 721.512231826782 726.290364265442 714.930944442749 944.835731506348 1049.99266052246 682.720176696777 814.215675354004 666.228187561035 799.416145324707 578.566223144531 657.0583152771 675.701824188232 588.702507019043 842.306869506836 690.556632995605 777.792518615723 652.393838882446 874.871704101562 597.896810531616 686.99633026123 715.647956848145 724.59691619873 697.54426574707 664.587116718292 663.294988632202 810.686782836914 562.067794799805 726.551284790039 951.500038146973 1043.56712341309 835.989501953125 816.892425537109 969.154373168945 837.212715148926 838.769535064697 790.70556640625
959.470611572266 870.673854827881 839.356483459473 714.771842956543 611.618854045868 518.491027832031 529.779510498047 691.759704589844 615.658889770508 643.164916992188 804.271602630615 724.72053527832 756.230815887451 801.190368652344 843.140647888184 716.04291343689 843.783576965332 791.952961921692 974.06413269043 714.684646606445 612.351150512695 822.991264343262 627.901809692383 645.417701721191 495.685424804688 736.772369384766 628.462978363037 735.883697509766 703.645107269287 935.994934082031 617.336032867432 696.251350402832 554.740539550781 643.276608228683 640.635801315308 620.387817382812 638.821170806885 788.308334350586 680.892154693604 688.025201797485 663.14556312561 634.817741394043 699.514728546143 566.820053100586 722.910247802734 850.677085876465 914.981882095337 776.605551719666 891.393042087555 916.139472961426
755.458357810974 720.757091522217 631.292663574219 494.415130615234 676.033103942871 658.566341400146 748.495710372925 786.010086774826 921.020751953125 849.520336151123 865.375 866.395959854126 870.674873352051 911.824111938477 734.857835769653 860.067176818848 821.672500610352 805.626930236816 759.731304168701 722.889572143555 707.514266967773 669.529273986816 620.667060852051 595.291564941406 632.03364944458 625.831384003162 661.331794261932 675.232702255249 556.81322479248 736.177047729492 431.198623657227 602.717651367188 725.323505401611 693.752815246582 615.726634979248 718.763774871826 505.382904052734 709.035111427307 661.025257110596 677.174173355103 741.499044418335 624.914218902588 647.916980743408 499.862258911133 666.166145324707 707.637329101562 882.698726177216 811.509119033813 931.135494232178 790.746017456055
818.369232177734 674.943927764893 665.723552703857 675.99393081665 597.537742614746 740.317779541016 737.720207214355 738.109565734863 868.656387329102 815.201259613037 757.696640014648 727.306568145752 651.997564792633 826.846939086914 876.861953735352 616.933120727539 776.359752655029 866.251689910889 698.41690826416 818.435516357422 784.810857772827 571.56396484375 575.607330322266 675.271087646484 681.207027435303 653.008816003799 703.773830413818 752.350593566895 758.13355255127 559.914844512939 544.765785217285 544.769950866699 548.757530212402 618.460224151611 862.053329467773 488.327896118164 711.642496109009 477.983581542969 557.504241943359 629.341751098633 770.678604125977 651.087799072266 620.720184326172 598.088813781738 636.510501861572 722.090713500977 746.150436401367 849.316440582275 823.300706863403 863.534690856934
598.855850219727 642.510620117188 800.750854492188 813.675346374512 672.149803161621 749.43448638916 828.043167114258 723.562282562256 816.553230285645 898.911468505859 791.219585418701 840.742744445801 641.167350769043 630.137855529785 807.14754486084 727.472797602415 726.110820770264 850.483419418335 778.54175567627 884.600631713867 713.281143188477 577.023452758789 743.641315460205 539.937240600586 677.412441253662 628.527732849121 607.108448028564 539.110656738281 543.214851379395 838.59001159668 570.177131652832 754.777027130127 471.858016967773 697.422033309937 589.823577880859 675.547677993774 720.653802871704 568.012351989746 610.249588012695 683.756693840027 795.730606079102 785.027267456055 598.339027404785 666.500152587891 709.619883537292 689.660705566406 865.564102172852 753.286567687988 985.496963500977 893.250190734863
759.003570556641 645.625942230225 680.109367370605 728.607276916504 706.028800964355 799.415605545044 872.833480834961 740.550363540649 867.919456481934 854.239868164062 786.684736251831 682.693656921387 821.039527893066 695.573806762695 718.850128173828 700.159399032593 709.519836425781 687.583404541016 767.572418212891 751.769285202026 644.221809387207 718.862377166748 638.779685974121 755.491359710693 650.849843978882 688.184633255005 563.988403320312 675.616006761789 741.152191162109 646.598530292511 647.973712921143 692.683643341064 687.356777191162 487.433670043945 693.181792259216 694.397138595581 715.000663757324 733.70894241333 664.531787872314 625.147682189941 702.550312042236 828.219932556152 789.13200378418 837.800201416016 821.396255493164 543.760620117188 743.622367858887 671.040061950684 909.319122314453 574.536819458008
644.619888305664 887.533142089844 749.827318191528 838.8095703125 742.762817382812 664.742233276367 777.518222808838 806.324245452881 917.087417602539 906.35131072998 748.960205078125 884.331108093262 754.424953460693 635.541946411133 942.845230102539 769.007919311523 757.521447181702 836.297138214111 761.787519454956 870.670776367188 739.186738014221 641.688682556152 655.560081481934 845.017791748047 669.766777038574 517.337097167969 682.347133636475 753.865459442139 695.339714050293 747.775203704834 725.120761871338 783.391094207764 759.732032775879 794.358688354492 874.645645141602 779.987716674805 737.727344512939 630.661811828613 728.80118560791 554.497924804688 558.585998535156 721.438637107611 676.855927467346 712.299052238464 555.052520751953 688.719032287598 747.015296936035 751.513404846191 757.241443634033 863.383201599121
871.012542724609 849.988605499268 752.453414916992 809.509202957153 746.914413452148 724.765151977539 755.529487609863 814.882242202759 885.227516174316 841.762336730957 699.170677185059 696.871025085449 675.545234680176 663.363143920898 918.559188842773 960.491149902344 824.491583824158 825.005130767822 674.618461608887 560.890960693359 818.870346069336 815.956756591797 797.536991119385 774.440479278564 591.043884277344 745.585733413696 784.60129737854 790.628328204155 647.22459602356 624.533866882324 591.259719848633 645.749443054199 891.717208862305 915.625930786133 622.172199249268 732.38899230957 732.597820281982 728.06826210022 448.583526611328 713.385015964508 554.914337158203 766.761207580566 634.154632568359 751.134444236755 764.278186798096 710.877563476562 606.595756530762 702.655668735504 593.400840759277 654.716125488281
619.549980163574 751.644676208496 799.697286605835 866.030590057373 804.599285125732 801.867121458054 971.698471069336 899.144996643066 799.899394057691 795.751915693283 779.82878112793 788.410076141357 807.860373497009 858.603439331055 784.767347812653 790.35920715332 683.670837402344 754.789491653442 957.953826904297 771.335065841675 718.952305793762 587.35334777832 651.681037902832 726.047681808472 715.5436668396 756.257110595703 844.825885772705 869.350269317627 866.303421020508 813.481067657471 625.825477600098 673.123752593994 797.48462677002 704.663433074951 708.332048177719 842.432769775391 765.424682617188 787.304550170898 689.68571472168 607.798377990723 770.827144622803 730.394528031349 715.591919898987 660.03052520752 883.611892700195 744.986394882202 712.475286483765 668.627180099487 711.303301244974 705.292591094971
701.185340881348 755.67928314209 1135.07990455627 632.596923828125 724.915649414062 845.521889686584 858.20964050293 508.675308227539 698.749626159668 751.643939971924 793.450313568115 766.310817718506 754.323783874512 853.672187805176 761.636989593506 799.761156082153 795.10245513916 873.103267669678 846.557079315186 594.756378173828 689.307298660278 579.746398925781 671.616481781006 815.727935791016 630.809761047363 741.270614624023 787.898077011108 838.158306121826 767.624294281006 765.87123298645 823.36506652832 745.625961303711 702.083016395569 622.363525390625 815.911399841309 631.023857116699 596.884811401367 670.863147735596 696.911546707153 681.934133529663 820.425918579102 673.459064483643 806.504135131836 595.22452545166 740.717905044556 788.613418579102 657.859321594238 745.394938468933 680.911922454834 670.232397079468
660.248912811279 599.626365661621 949.243103027344 575.884696960449 779.150691986084 693.619955062866 798.923590660095 986.079778671265 738.161296844482 753.584342956543 853.042247772217 820.88948059082 936.548858642578 964.009033203125 733.302040100098 903.349716186523 855.689628601074 889.781265258789 991.407035827637 740.970651626587 694.02571105957 642.060447692871 727.164597511292 821.809669494629 751.274143218994 617.860214233398 771.224767208099 722.40779876709 908.707061767578 649.10417175293 784.008669018745 730.468105316162 818.985954284668 639.728523254395 627.552001953125 632.821983337402 695.468032836914 684.089910507202 717.509237289429 754.024745941162 731.288757324219 656.116348266602 689.34055185318 745.051664352417 705.619685173035 789.457870483398 713.309483289719 695.319797515869 821.841331481934 746.233448028564
707.271659851074 652.970188140869 662.522666931152 682.424385070801 738.451282501221 590.044158935547 681.167097091675 830.912414550781 540.332778930664 771.712682723999 951.528694152832 867.167915344238 1002.04135131836 880.024974822998 922.363216400146 906.588428497314 874.589813232422 963.953056335449 865.547904968262 920.961608886719 830.95291519165 829.941059112549 833.998359680176 768.365396499634 759.770671844482 683.739480018616 726.95631313324 974.029846191406 744.330352783203 844.429145812988 646.770217895508 835.414394378662 632.878036499023 609.27172088623 626.32145690918 609.181945800781 742.472103118896 698.711495399475 662.460754394531 760.027819633484 553.040313720703 550.252792358398 592.456619262695 771.951168060303 774.618236541748 794.757270812988 727.00341037265 619.213638305664 732.054079055786 809.04662322998
-9999 -9999 -9999 768.068450927734 748.374076843262 902.861598968506 774.728889226913 747.754579544067 716.806880950928 678.48992729187 874.069501698017 969.867858886719 816.521644592285 1080.07878112793 935.486442565918 888.286045074463 944.980842590332 876.816727280617 958.06428527832 850.21062707901 942.947715759277 920.448715209961 920.124504089355 848.15564084053 929.568977355957 826.198295593262 615.560775756836 804.12638092041 693.672016620636 744.976921081543 799.389373779297 772.958312034607 699.258834838867 764.150825023651 545.25764465332 651.668983459473 886.622207641602 853.704803466797 837.981413841248 648.622497558594 672.289337158203 656.363746643066 604.366622924805 483.888244628906 799.706001281738 684.094520568848 884.803100585938 721.01925945282 684.617454528809 662.103607177734
-9999 -9999 -9999 -9999 -9999 -9999 846.248929977417 745.547256469727 788.924718856812 701.744705200195 777.836929321289 589.893783569336 900.898651123047 906.161121368408 868.489817857742 732.982917785645 950.961624145508 798.353126525879 848.831934928894 757.208312988281 940.648384094238 831.535900115967 780.040954589844 954.057159423828 986.233505249023 774.660007476807 992.76887512207 679.922475814819 893.793243408203 718.176029205322 819.279634475708 879.308647155762 864.787956237793 667.295829772949 651.989265441895 674.883171081543 850.194938659668 710.619407653809 890.602230072021 832.813461303711 704.008163452148 645.481483459473 702.682151794434 776.977027893066 713.971245288849 825.224304199219 691.924911975861 691.692459106445 789.634418487549 647.224319458008
-9999 -9999 -9999 -9999 -9999 -9999 -9999 -9999 -9999 851.758419036865 679.41259765625 799.508504867554 812.354339599609 714.760704040527 781.058218002319 846.288627624512 1208.74620056152 960.279113769531 1017.04536056519 867.929746627808 1001.98611450195 1039.52857971191 986.084648132324 888.139762878418 964.25267791748 721.431953430176 812.723739624023 747.656734466553 905.810737609863 849.423427939415 813.512649536133 755.915885925293 745.426229476929 681.729927062988 644.632015228271 675.716325759888 663.235576629639 692.983165740967 737.717460632324 674.530973434448 575.974456787109 828.571144104004 748.897453308105 707.207803726196 752.911658287048 619.898468017578 654.770561218262 786.390117645264 805.23811340332 709.542186737061
-9999 -9999 -9999 -9999 -9999 -9999 -9999 -9999 -9999 -9999 -9999 875.105886459351 708.673145294189 780.610533714294 751.320243835449 742.938484191895 748.257335662842 1409.43474578857 931.325172424316 808.648128509521 1253.38717651367 852.21508026123 754.742858886719 1015.28764343262 870.760808944702 914.805221557617 879.204971313477 779.108211517334 822.472150802612 988.141532897949 715.639831542969 955.074508666992 602.284599304199 726.946584224701 739.368915557861 807.43416595459 723.501368522644 613.305404663086 501.862686157227 703.011243462563 706.473217010498 770.41813659668 767.171901702881 841.485061645508 636.413864135742 658.701934814453 739.942852973938 878.104888916016 910.112457275391 851.624641418457
-9999 -9999 -9999 -9999 -9999 -9999 -9999 -9999 -9999 -9999 -9999 -9999 799.592849731445 748.967262268066 777.564491271973 873.058288574219 761.978757858276 1455.31265068054 1136.00797271729 1152.23486709595 1216.92686462402 1137.76797199249 1258.71759033203 1344.6716003418 846.89937877655 785.008438110352 717.4013671875 753.058700561523 969.5302734375 796.531539916992 708.444664001465 936.429489135742 863.075164794922 810.190605163574 709.357568740845 677.728404998779 688.114566802979 641.256187438965 723.573103904724 740.296615600586 701.713466644287 770.306224822998 808.732578277588 810.643329620361 761.878470420837 622.367385864258 720.070093154907 752.008471488953 768.454005241394 724.827278137207
-9999 -9999 -9999 -9999 -9999 -9999 -9999 -9999 -9999 -9999 -9999 -9999 727.420372009277 610.724639892578 673.483093261719 800.169479370117 715.134014129639 792.010787963867 856.162264168262 854.292030334473 814.940052032471 971.152740478516 847.019077301025 1006.64807128906 888.909782409668 686.524978637695 1164.32444763184 744.440986633301 889.184669494629 1042.09407806396 791.136779785156 866.632942199707 803.862674713135 850.336059570312 875.012771606445 763.857475280762 849.993076324463 809.223964691162 740.202315330505 856.815933227539 873.320266723633 754.851809024811 860.983428955078 870.445571899414 684.441116333008 735.786281585693 813.457290649414 676.350280761719 736.511295318604 610.69873046875
-9999 -9999 -9999 -9999 -9999 -9999 -9999 -9999 -9999 -9999 -9999 -9999 -9999 720.415832519531 814.262104034424 781.386849403381 630.548431396484 756.610931396484 805.046516418457 849.639404296875 945.536956787109 842.379245758057 820.40353012085 780.788307189941 703.684860229492 734.359317779541 684.534889221191 709.617301940918 703.154083251953 809.729686737061 1039.86443328857 843.488761901855 771.310028076172 699.49072265625 861.48942565918 757.758987426758 781.73950958252 768.478302001953 971.130981445312 851.145462036133 886.809440612793 769.796466827393 731.77611541748 678.215705871582 700.337051391602 635.878829956055 754.444969177246 692.420349121094 682.462928771973 781.76460647583
-9999 -9999 -9999 -9999 -9999 -9999 -9999 -9999 -9999 -9999 -9999 -9999 -9999 -9999 712.611492156982 809.87255859375 951.864906311035 927.825813293457 920.863414764404 859.999341964722 732.026092529297 922.033851623535 891.02335357666 820.593042373657 789.09042930603 612.820808410645 581.039169311523 965.481803894043 788.118276596069 835.625949859619 669.519493103027 707.149471282959 803.857471466064 867.428176879883 666.180236816406 838.191413879395 937.582103729248 917.658027648926 807.189175128937 762.275295257568 891.053100585938 989.205917358398 849.030688285828 833.356030464172 848.088056564331 757.451793670654 770.950815200806 714.316734313965 713.784721374512 846.013317108154
-9999 -9999 -9999 -9999 -9999 -9999 -9999 -9999 -9999 -9999 -9999 -9999 -9999 -9999 906.769718170166 882.127487182617 920.471862792969 830.533222198486 750.508201599121 852.963933944702 759.54475402832 811.96639251709 730.649078369141 772.112152099609 761.052963256836 743.090927124023 825.256805419922 879.411407470703 926.24479675293 799.40621805191 727.649078369141 740.186428070068 1231.31568908691 943.576187133789 780.922992706299 770.213708400726 791.145406723022 742.014904022217 960.295700073242 719.537048339844 908.522346496582 842.650979280472 702.363876342773 804.960693359375 717.845985412598 910.284168243408 845.435892939568 836.850975990295 770.330701828003 648.648223876953
