export/dem/dem51.asc
NCOLS 350
NROWS 171
XLLCORNER 152620
YLLCORNER 418050
CELLSIZE 100
NODATA_VALUE -9999
[rows 22 to 43 of 171, columns 250 to 299 of 350]
779.523246765137 765.93529510498 901.727416992188 855.136417388916 915.406250953674 857.765327453613 1063.37834191322 882.142646789551 1014.88765716553 892.615966796875 682.447288513184 787.189376831055 774.163987636566 718.745559692383 815.203018188477 821.940658569336 898.666332244873 807.060752868652 977.502197265625 903.52742767334 757.299488067627 909.636093139648 866.495712280273 859.962089538574 838.932455062866 821.674816131592 814.780464172363 945.267074584961 790.228729248047 885.847867965698 825.845092773438 -9999 -9999 -9999 -9999 -9999 -9999 -9999 -9999 -9999 -9999 -9999 -9999 -9999 -9999 -9999 -9999 -9999 -9999 -9999
921.340782165527 741.509504318237 716.969463348389 807.331551551819 726.762046813965 884.158878326416 905.801544189453 1110.78103637695 1138.72257995605 1108.13357543945 990.38907623291 886.837346076965 1001.15954589844 1017.87174987793 925.525924682617 950.280128479004 1017.2191696167 774.518951416016 860.691596984863 908.765106201172 773.79158782959 695.847996711731 793.754165649414 528.182518005371 631.700843811035 641.722940444946 652.393402099609 736.09252166748 767.741460800171 745.451608657837 773.541702270508 1074.39725112915 952.055335998535 929.731643676758 -9999 -9999 -9999 -9999 -9999 -9999 -9999 -9999 -9999 -9999 -9999 -9999 -9999 -9999 -9999 -9999
794.810668945312 1258.28450012207 1131.07469177246 808.309162139893 762.993637084961 648.596389770508 829.735378265381 926.729414820671 870.297973632812 857.811591148376 789.251993179321 1013.18086498976 1031.04124546051 870.071624755859 764.048484563828 785.651588439941 870.719566345215 712.832778930664 872.927090644836 999.892021179199 909.052963256836 960.843475341797 793.194969177246 795.377075195312 669.427310943604 613.554676055908 729.319747924805 696.774765014648 829.633419036865 740.908808708191 819.054878234863 938.391229629517 923.392593383789 755.883598327637 1050.65278625488 1050.21614074707 994.183982849121 -9999 -9999 -9999 -9999 -9999 -9999 -9999 -9999 -9999 -9999 -9999 -9999 -9999
888.884254455566 881.513034820557 727.276290893555 784.938529968262 792.260823249817 795.680469512939 940.66851234436 926.495707511902 975.14094543457 997.012298583984 879.803726196289 1036.46886825562 910.16845703125 875.76741027832 982.251706004143 1093.41786193848 963.899562835693 856.909008026123 841.801879882812 923.869829177856 1109.5170135498 1094.22331237793 985.662376403809 983.797252655029 1002.53330993652 789.512172698975 812.912780761719 782.771064758301 839.125106811523 916.146347045898 661.92273235321 767.43293762207 814.68701171875 709.442794799805 919.843372344971 1017.51243591309 803.916257858276 715.979122161865 869.55736541748 793.394618988037 889.049848556519 -9999 -9999 -9999 -9999 -9999 -9999 -9999 -9999 -9999
799.401882171631 888.50821685791 819.507160186768 840.041041374207 775.042446136475 828.443183898926 714.081497192383 731.392711639404 847.506843566895 800.7505235672 749.889251708984 998.319709777832 1056.76873779297 1227.28863525391 941.074447631836 1048.15132904053 998.65861415863 957.294521331787 874.132061004639 914.915950775146 1013.2509765625 822.845146179199 1108.57509422302 1195.18543243408 1084.51171875 988.041090011597 722.857025146484 871.922309875488 1049.41468048096 793.989753723145 637.307678222656 872.356735229492 682.272369384766 720.459899902344 773.211715698242 1051.63836669922 928.566497802734 885.049896240234 822.514457702637 740.142379760742 821.042057037354 836.451751708984 777.454208374023 990.038917541504 929.153060913086 -9999 -9999 -9999 -9999 -9999
735.559799194336 864.471717834473 873.553842544556 782.359497070312 862.700669288635 769.477294921875 1085.43688964844 928.755905151367 953.479801177979 888.171977996826 682.885208129883 561.865142822266 690.996200561523 2063.05395507812 866.694702148438 909.689361572266 621.868499755859 966.025871276855 960.755098342896 1068.02169799805 974.322853088379 1030.96047973633 885.036766052246 1008.91626739502 1195.43874359131 1165.24085998535 1045.3985710144 952.44285595417 865.250801086426 710.974132537842 794.78217124939 821.901702880859 912.068626403809 602.740423679352 642.955741882324 600.568877518177 940.401714324951 1006.53568267822 927.347175598145 941.001800537109 785.975891113281 736.621095657349 777.127746582031 807.087005615234 935.083826065063 948.967685699463 859.080451965332 748.156169891357 905.49787902832 922.31396484375
681.578262329102 788.064283370972 807.660415649414 787.460182189941 834.487791061401 852.540116548538 837.940853118896 755.4990234375 746.695919036865 843.025289535522 634.989898681641 609.13835144043 587.261474609375 1731.4573059082 768.024909973145 723.034523010254 843.832153320312 777.304712295532 901.387233734131 875.687057495117 922.71329498291 875.050628662109 950.574424743652 1134.99317169189 1136.45602798462 910.987134933472 1073.6575088501 999.796649932861 939.539684295654 902.530083656311 860.819366455078 900.388063430786 1071.37348651886 631.375495910645 725.561605453491 540.826465606689 848.633476257324 893.250435352325 863.729712486267 979.845947265625 818.616200447083 859.536430358887 846.160049438477 825.126686096191 739.242950439453 807.181060791016 875.657363891602 804.414025306702 780.010068893433 702.311584472656
762.091945648193 730.402381896973 819.525890350342 853.022163391113 791.09200668335 855.977508544922 830.197689056396 867.240417480469 756.081995010376 710.980941772461 729.16234588623 721.986103057861 1224.93852233887 538.577789306641 692.85871887207 875.478121519089 905.117557525635 844.64199256897 816.996971130371 697.734710693359 777.940170288086 878.588592529297 967.536338806152 908.374815940857 942.243505477905 1493.16542053223 999.450122833252 1130.166847229 1180.10000610352 827.832794189453 804.88298034668 934.136234283447 1090.1630821228 788.935485839844 792.704322814941 991.800132274628 933.330219268799 1088.9066619873 935.699083328247 903.296875 899.77758026123 836.152923583984 774.83515894413 816.710174560547 754.068817138672 611.169021606445 611.042225837708 586.623989105225 431.121612548828 770.065753936768
883.183303833008 902.034019470215 785.841508388519 895.14249420166 832.233467102051 886.717803955078 891.804588317871 763.95308303833 595.443267822266 696.335113525391 748.40714263916 867.551177978516 1670.13502502441 610.41423034668 612.841400146484 713.997947692871 919.448387145996 737.900596618652 696.877471923828 741.240676879883 696.868041992188 783.142768859863 743.484397888184 765.283081054688 941.385429382324 1031.60180664062 863.750553131104 951.697288513184 1044.42350769043 826.997173309326 975.210945129395 1279.51290893555 934.481719404459 1021.81874084473 818.620428085327 769.639717102051 988.472396612167 924.466777801514 1034.37787628174 1042.33766174316 948.739559173584 729.533798217773 840.409858703613 770.043090820312 873.961114883423 646.237777709961 585.545696258545 515.914434432983 502.737148284912 939.961582183838
777.032127380371 729.662002563477 724.413761138916 839.06706237793 772.67999458313 862.25732421875 772.001160621643 720.581848144531 776.17523765564 670.851936340332 773.661075234413 1116.79722595215 837.63742184639 567.195266723633 675.538879394531 569.490783691406 629.238632202148 766.756622314453 790.452396392822 769.761028289795 815.605500459671 708.592155456543 795.11762046814 759.486568450928 926.317794799805 832.807459831238 843.492462158203 900.539535522461 892.356620788574 925.437210083008 873.425498962402 804.171984195709 1011.14851379395 777.877990722656 1070.1044921875 889.670440673828 897.203311920166 705.796722412109 961.203422546387 1326.20690536499 886.382820129395 952.144134521484 846.92041015625 821.736557006836 882.744550704956 563.998489379883 462.691009521484 638.512099266052 733.266860961914 928.758293151855
733.035807609558 555.338302612305 835.558378219604 697.31999206543 682.609485626221 660.205291748047 772.884227275848 991.066543579102 859.201812744141 864.218780517578 666.496643066406 1524.48599433899 806.781824111938 533.2685546875 630.048370361328 823.968200683594 820.857543945312 872.401744842529 705.82559967041 745.890983581543 741.830253601074 745.795224189758 723.492420196533 827.312377929688 723.705104827881 753.541271209717 966.070648193359 817.871955871582 893.738868713379 846.93127822876 959.489799499512 765.525012969971 759.103130340576 875.026019096375 858.944019317627 838.107079029083 876.468284606934 804.321073532104 781.729362487793 760.228851318359 705.001342773438 721.083557128906 966.807325363159 1287.33857727051 684.817810058594 695.06909942627 967.634738922119 880.14518737793 1066.76225852966 1205.87268066406
676.293815612793 593.706436157227 634.950691223145 952.254486083984 976.223846435547 768.233009338379 817.61497926712 862.514259338379 892.921348571777 860.465599060059 1198.69438934326 711.002838134766 792.130016326904 779.08097743988 888.002159118652 746.27615737915 956.309783935547 814.626605510712 743.314056873322 595.466567993164 563.589431762695 558.099166870117 530.486389160156 785.872663021088 720.317230224609 695.359683990479 818.052810668945 910.464981079102 753.874942779541 911.488037109375 957.52197265625 954.435668945312 725.669723510742 767.619525909424 846.104772806168 788.804750442505 697.796241760254 751.009284973145 821.61137008667 809.730973243713 767.574287414551 706.836219787598 753.325942993164 661.525268554688 1327.83102416992 559.815948486328 828.02184677124 764.900175094604 994.312610626221 1076.10730743408
779.761024475098 731.905502319336 788.189037322998 751.980367660522 819.779788970947 875.947906494141 889.150543212891 964.152313232422 744.956516265869 1108.22614955902 746.734210014343 652.96565246582 778.722651898861 785.780560970306 734.060245513916 1093.30819702148 1195.61100769043 819.349644184113 719.219459533691 667.893188476562 669.652053833008 541.224868774414 928.874084472656 789.409914016724 833.957981109619 820.87703704834 798.770290374756 758.705196380615 789.895995616913 751.85071182251 823.186287879944 874.962261199951 922.347709655762 774.882724761963 872.886299133301 803.678649902344 682.887939453125 616.634338378906 736.200248718262 812.308259963989 749.96643447876 934.965797424316 754.795532226562 755.168418884277 742.057289123535 1305.22171783447 842.002307891846 1086.35983276367 1322.4271697998 1023.94284057617
690.351493835449 711.509052276611 776.350318908691 728.933261871338 704.594497680664 849.615982055664 781.969925403595 780.221554279327 889.688102722168 715.319100439548 960.206527709961 650.585342407227 655.819023132324 697.545734405518 561.806137084961 831.850196838379 870.565864562988 961.418430328369 889.128349304199 809.123859405518 614.799331665039 681.495834350586 680.014221191406 828.404190063477 908.463928222656 914.885597229004 569.112640380859 808.675276756287 861.563346862793 851.426712036133 770.18070602417 826.229309082031 761.71898651123 876.596652984619 792.605155944824 702.197052001953 734.083320617676 743.829341888428 739.667434692383 831.735027313232 846.763004302979 672.887664794922 755.619827270508 703.844223022461 784.092399597168 705.231185913086 924.813724517822 1440.09370613098 1085.40819168091 897.670051574707
648.222351074219 661.963256835938 776.952789187431 646.946754455566 802.907703399658 766.986223741435 725.638320922852 725.12572479248 942.323862075806 735.846410751343 790.001043319702 797.789169311523 559.462249755859 605.581619262695 1177.1817779541 841.236831665039 790.693702697754 1006.64989471436 1234.12038612366 977.705436706543 660.085968017578 760.356857299805 744.74243927002 822.194650650024 791.599398136139 976.224407196045 873.709114074707 768.85671043396 768.047485351562 783.726543426514 831.771632194519 707.263816833496 745.620246887207 774.95395565033 726.066543579102 980.28727722168 710.804489135742 875.769668579102 787.671476364136 740.692474365234 771.548244476318 696.135116577148 735.682579040527 705.572685241699 925.686515808105 822.254955291748 830.463325500488 706.762237548828 811.766250610352 1017.15584564209
680.920825958252 674.600799560547 706.375587463379 842.75724029541 747.863173484802 619.26237487793 742.161121368408 856.0139503479 802.496036529541 751.334711551666 722.130439758301 755.294013977051 740.929145812988 930.700546264648 1086.91440963745 833.737476348877 730.786273956299 826.695251464844 1513.71427154541 800.397804260254 749.212875366211 798.134654998779 715.911140441895 732.700035095215 662.395431518555 779.240085601807 904.185989379883 791.597967147827 727.221954345703 723.743263244629 863.127662658691 703.69864654541 745.060897827148 706.112171173096 797.258925914764 818.255395412445 736.595092773438 668.617141723633 605.915374755859 781.906394958496 823.412763118744 788.186408996582 750.676849365234 657.70637512207 752.184417724609 699.146789550781 842.972381591797 774.093421936035 940.714897155762 900.871408462524
802.932006835938 578.81982421875 678.717861175537 764.678533554077 655.584083557129 683.907253265381 767.342697143555 777.944816589355 778.923511505127 676.520263671875 1323.82945632935 953.900068283081 1085.62696838379 989.117599487305 864.575616836548 628.638488769531 840.070266723633 1466.67803955078 790.387839317322 1438.72819519043 1150.79997253418 826.851505279541 697.371006011963 490.252227783203 874.472259521484 844.400409698486 808.795324325562 880.271919250488 946.601699829102 686.534271240234 757.618782043457 772.101016998291 772.217681884766 1031.46415710449 804.852481842041 763.015430450439 721.304016113281 799.930635452271 787.69095993042 606.919555664062 635.310470581055 597.148635864258 708.964027404785 670.783203125 762.615257263184 958.941047668457 933.252017974854 901.61979675293 819.489990234375 877.54679775238
858.015716552734 766.885925292969 761.430902481079 727.289055556059 540.662155151367 674.455593109131 600.536239624023 575.909362792969 716.368480682373 717.563781738281 754.084926605225 840.026000976562 758.280906677246 1278.51652908325 1317.09748840332 924.600959777832 675.229278564453 616.90510559082 793.202629089355 942.916889190674 1008.99227714539 823.043899536133 817.255016326904 840.103233337402 725.364681243896 801.911852002144 781.82564163208 600.21257019043 743.269592285156 1009.79434204102 803.591232299805 839.66254234314 680.422973632812 732.735992431641 792.649824142456 849.706398010254 867.607570648193 578.912490844727 716.948516845703 606.683288574219 673.592895507812 722.997619628906 810.210674285889 859.991743087769 723.456657409668 874.011375427246 833.748682022095 835.047818899155 885.318952083588 712.093124389648
691.497219085693 712.452461242676 745.439924240112 599.675476074219 650.431297302246 749.959095001221 604.160224914551 732.639408111572 799.590049743652 775.841369628906 1022.04867553711 1009.80208587646 776.508895874023 1014.31649780273 813.915451049805 1125.85829162598 724.584428787231 1087.68943214417 788.173931121826 814.606307983398 707.23974609375 761.581428527832 843.64013671875 783.124586820602 714.959739685059 681.812881469727 748.269908905029 580.516555786133 647.832992553711 824.768329620361 789.43212890625 780.074306488037 885.470596313477 842.467461585999 820.409791946411 804.059988975525 782.638290405273 972.11254119873 740.425346374512 629.263427734375 1135.02996063232 724.05443572998 800.100051879883 745.234878540039 705.580184936523 800.852367401123 808.5431432724 769.179100036621 766.978897094727 816.05973815918
773.843128204346 721.757247820497 812.354694843292 877.821258544922 815.614091873169 735.664115905762 594.784187316895 618.231376647949 569.768096923828 938.192932128906 990.4709649086 1029.35238647461 644.468825340271 766.704402923584 490.523162841797 918.66473197937 966.494415283203 853.50248336792 1086.79531860352 722.185775756836 816.917026519775 735.552215576172 614.093475341797 827.981590270996 798.945526123047 767.432316303253 770.835229873657 744.608196258545 788.210205078125 836.452571868896 1333.94518280029 671.232086181641 909.82280921936 763.793296813965 689.790191650391 786.291213989258 1180.08859682083 713.987075805664 738.430595397949 931.182670593262 1138.09766387939 846.326723098755 906.275749206543 894.390090942383 1050.06979370117 781.154792785645 888.909164428711 1002.61058044434 805.997709274292 856.674592971802
635.643562316895 852.171569824219 794.114559173584 887.828346252441 901.639156341553 622.912567138672 704.711730957031 742.770704746246 633.492485046387 667.817070007324 1102.56471967697 1275.03329467773 601.923736572266 732.214426994324 724.379253387451 859.189292907715 773.664009094238 961.104442596436 859.340156555176 803.603710174561 834.343975067139 766.121150016785 595.683364868164 786.336894989014 663.861114501953 592.784378051758 819.342414855957 746.995834350586 570.727691650391 766.787017822266 798.493917942047 731.425254821777 849.592475891113 795.039813995361 903.899257659912 687.680694580078 759.309646606445 1059.87689208984 809.407592773438 1412.00568389893 879.519104003906 1015.72773742676 997.4765625 950.523719787598 954.644355773926 973.982635498047 812.327201843262 947.9453125 769.51868057251 930.534172058105
743.050857543945 781.826488494873 719.210784912109 656.547481536865 750.022905349731 759.170944213867 788.654178619385 656.998203277588 768.098232269287 771.009078979492 804.208648681641 619.884536743164 752.013113021851 718.237342834473 936.601959228516 928.809158325195 806.137668609619 855.550086975098 689.861824035645 622.491104125977 877.865386962891 762.428671836853 650.854026794434 574.800506591797 510.274307250977 655.062782287598 968.278465270996 727.803276062012 789.821413040161 1077.40070343018 798.786787033081 522.921203613281 782.981147766113 738.508556365967 846.097598671913 804.488212585449 745.934768676758 930.870551109314 778.58532333374 768.847145080566 707.238006591797 935.747161865234 884.70532989502 912.39338684082 926.816032409668 993.941375732422 910.876697540283 926.28963470459 904.681243896484 977.796455383301
