export/dem/dem59.asc
NCOLS 350
NROWS 171
XLLCORNER 152620
YLLCORNER 418050
CELLSIZE 100
NODATA_VALUE -9999
[rows 88 to 109 of 171, columns 200 to 249 of 350]
757.060966491699 712.787271499634 637.879985809326 547.247955322266 827.610748291016 515.127990722656 710.658248901367 684.197238922119 616.707437753677 622.000159263611 515.548965454102 727.319290161133 649.836372375488 878.352111816406 570.631088256836 474.426895141602 692.51446723938 589.823822021484 767.844581604004 707.410892486572 639.851505279541 762.826766967773 796.427780151367 816.237350463867 811.721771240234 698.17384147644 640.828405380249 712.204021453857 519.769027709961 576.266036987305 799.228164672852 623.737910628319 767.353530883789 624.750449180603 810.415924072266 874.532577514648 627.340234279633 665.493644714355 643.66040802002 761.595960617065 930.280715942383 916.286491394043 812.12003326416 771.918739318848 827.635307312012 833.113395690918 762.799970626831 870.365089416504 649.390472412109 972.059394836426
551.539245605469 649.651962280273 445.175170898438 587.310897827148 632.082298278809 659.180058479309 720.822246551514 748.94938659668 653.773002624512 613.40283203125 696.786624908447 701.735649108887 599.693733215332 655.045600891113 646.750313997269 458.118911743164 667.914907455444 742.744567871094 580.37361907959 600.195159912109 663.137554645538 608.438545227051 765.283836364746 718.05118560791 717.99787902832 739.993515014648 727.51416015625 721.29647064209 698.274608612061 506.218978881836 545.188415527344 663.288251876831 699.447799682617 743.098030090332 690.575454711914 767.06755065918 784.74674987793 623.964574813843 714.178855895996 746.237622022629 731.402312755585 696.243705749512 876.51692199707 817.122542381287 800.953575134277 554.193954467773 758.261868476868 897.574851989746 1086.34489440918 781.743000030518
599.993476867676 1097.18391036987 693.595561027527 746.211696624756 625.929309844971 729.98934173584 646.740500926971 620.612926483154 706.308620452881 605.646266937256 774.086471557617 679.813148498535 608.896348953247 651.510496139526 518.334663391113 403.580352783203 727.320182800293 638.7342710495 579.017448425293 581.039878845215 691.136043548584 620.796993255615 800.837829589844 702.908473968506 692.363000869751 683.842695236206 698.077686309814 669.218029022217 715.800811767578 661.518641471863 649.947536826134 684.810115814209 787.069396972656 753.721603393555 661.052680969238 627.517360687256 688.845626831055 613.717010498047 1034.17263793945 862.365646362305 805.723991394043 744.337350845337 900.736312866211 807.105815887451 652.429443359375 480.571304321289 617.07445526123 828.431037902832 878.313425064087 793.462303161621
499.909217834473 562.69623374939 579.502983093262 544.61727142334 725.889873504639 833.051300048828 709.174331665039 643.154529839754 599.548519134521 544.004981994629 734.087966918945 663.02473449707 546.752082824707 707.556312561035 608.553955078125 607.803100585938 708.303329467773 610.761878967285 593.420684814453 695.694221496582 690.436115264893 533.744750976562 779.764839172363 680.333821296692 727.210025787354 655.231601715088 792.102256774902 729.582580566406 666.21846395731 660.08683347702 674.036737442017 859.636222839355 725.624801635742 591.047088623047 585.91032409668 852.318084716797 687.593925476074 629.989524841309 830.625617980957 892.336975097656 688.792465209961 847.527252197266 888.199928283691 847.593454360962 661.656089782715 582.521911621094 713.657428741455 627.820533752441 903.529220581055 975.427352905273
723.131736755371 589.435493469238 622.734627366066 698.150283813477 594.228698730469 712.571624755859 568.411582946777 646.997677564621 583.22384262085 762.048721313477 829.290817260742 524.805671691895 618.558868527412 657.805198669434 534.200386047363 680.808338165283 776.970779418945 674.963335037231 811.574462890625 649.441149711609 537.56079864502 750.460456848145 777.956787109375 703.143304347992 593.039237976074 604.364593505859 794.6279296875 715.45792388916 596.924682617188 622.524242401123 628.784778594971 758.373489379883 720.046714782715 735.903816223145 826.312301635742 700.047065734863 556.053070068359 761.547065734863 712.750732421875 603.966485023499 604.994033813477 914.129196166992 735.081523895264 886.165573120117 584.251564025879 509.785690307617 569.822944641113 726.122890472412 710.249351501465 885.947751998901
564.981674194336 608.546028137207 832.692993164062 691.021244049072 589.372570037842 1134.29965209961 644.501602172852 635.94544506073 741.698745727539 686.711977005005 584.208679199219 636.807652950287 601.863003730774 698.297782897949 604.724498748779 777.990081787109 621.259536743164 730.022239685059 693.167179107666 698.728577613831 596.00114440918 537.299514770508 773.912731170654 792.683044433594 699.895584106445 725.631092071533 772.693531036377 889.018051147461 736.646484375 656.455220937729 770.65478515625 695.824896812439 711.090412139893 922.592376708984 587.243682861328 896.414566040039 661.455867767334 659.368076324463 853.268264770508 611.903251647949 782.352821350098 683.709503173828 639.34373664856 551.921813964844 485.678848266602 659.515914916992 585.646499633789 770.500823974609 768.220550537109 881.52116394043
589.942707061768 615.027648925781 753.896557807922 664.594799041748 831.838714599609 701.743613243103 835.003328800201 829.918762207031 588.998611450195 575.008632659912 618.953426361084 653.55184173584 580.567264556885 537.237983703613 497.944633483887 584.695400238037 599.50382232666 838.230880737305 683.290782928467 701.055572509766 796.274543762207 704.369937896729 598.957414627075 889.590301513672 777.2278175354 768.593081474304 847.246124267578 624.412559509277 734.094451904297 698.461978912354 669.985774993896 654.408042907715 605.479629516602 859.751174926758 745.786500930786 793.055795669556 671.387538909912 689.487545013428 766.824310302734 820.880752563477 742.593547821045 837.749877929688 678.026063919067 750.872398376465 601.707717895508 710.912227630615 681.565155982971 734.433303833008 643.782051086426 795.573792934418
613.273727416992 698.912239074707 769.362457275391 765.037475585938 794.65355682373 696.10209274292 609.402320861816 704.41277885437 688.376441955566 593.81275177002 674.792024612427 651.32251739502 674.659061431885 648.191814422607 637.88840430975 553.92798614502 655.657558441162 744.916488647461 710.126174926758 610.913646697998 847.562530517578 740.501754760742 698.134366989136 542.397068023682 667.984001159668 717.964564919472 725.174919128418 680.63229238987 645.59072303772 711.759017944336 551.19116973877 552.447021484375 693.940046310425 675.048993110657 723.125350952148 760.056488037109 643.050170898438 686.135576248169 610.499114990234 676.087798118591 865.969741821289 662.763362884521 599.188873291016 773.061985015869 778.736288070679 901.247009277344 677.925899505615 654.415168762207 827.075870513916 644.78702545166
598.454010009766 540.111885070801 800.695930480957 740.491408586502 714.49133682251 738.803245544434 575.862415313721 535.039566040039 798.372261047363 537.521385192871 680.165561676025 784.921730041504 597.368358612061 587.331439971924 553.590324401855 568.700389862061 721.572441101074 814.865447998047 666.067064285278 475.090805053711 743.577476501465 662.434322834015 842.600639343262 835.141616821289 596.313034057617 473.636688232422 603.846481323242 690.225600242615 570.653656005859 684.130867958069 573.785263061523 584.298004150391 552.04914855957 647.294998168945 606.128677368164 809.255290985107 856.947719573975 692.233180999756 749.951843261719 653.922698974609 680.103286743164 609.559814453125 689.819774627686 795.090744018555 751.609045505524 846.618141174316 656.112232208252 712.008548736572 721.99732208252 642.225143432617
549.664390563965 612.498069763184 724.786238670349 634.030570983887 814.517578125 771.967781066895 630.235675811768 1007.93785715103 640.365972518921 763.30345916748 658.707837104797 617.776166915894 730.629302978516 557.56330871582 634.050626516342 624.622712433338 793.042724609375 656.176338195801 784.520217895508 570.213912963867 661.474131584167 782.574584960938 757.987396240234 695.406562805176 620.443426132202 621.895812988281 592.885732650757 435.260192871094 660.682682037354 554.468269348145 520.852912902832 658.001704216003 452.837982177734 668.997374653816 604.777980804443 569.317192077637 721.455677509308 775.055847167969 624.7822265625 584.93334197998 679.851081848145 719.673626422882 619.002433776855 792.234840393066 709.23152923584 776.515712738037 809.580860137939 581.329025268555 920.616287231445 726.868264198303
654.739654541016 539.303565979004 703.736059188843 809.929039001465 788.057586669922 794.450786590576 685.170915603638 744.193962097168 601.452512741089 677.842349767685 564.369468688965 544.525421142578 578.179775238037 543.084526062012 561.664642333984 728.171119689941 635.304239034653 657.928970336914 442.961685180664 546.57258605957 759.388732910156 661.212467193604 795.970947265625 716.379161834717 693.846462249756 655.534126281738 767.269788742065 576.662437438965 629.290885925293 499.795745849609 557.939758300781 589.566200256348 590.35181427002 687.578910827637 591.250164031982 559.673416137695 482.288101196289 801.597152709961 571.066284179688 688.0972032547 617.29764175415 635.917068362236 681.372512340546 702.819814682007 805.306324005127 727.965740203857 635.863014221191 852.398466110229 675.574356079102 760.12885093689
812.01833820343 457.783645629883 692.781600952148 658.458557128906 782.248874664307 771.238271713257 818.698059082031 785.544025421143 885.073150634766 851.38134765625 639.497465133667 568.513153076172 528.097290039062 647.026210784912 632.827457427979 662.62130355835 712.508296966553 707.007484436035 633.598409950733 771.00724029541 716.324371337891 740.950401306152 757.164352416992 662.493163108826 642.210762023926 686.219512939453 912.623374938965 808.068382263184 619.67618560791 552.940673828125 876.801071166992 485.936370849609 645.852111816406 540.95142364502 516.134353637695 716.383305549622 544.38102722168 508.122512817383 633.741558074951 782.839714050293 626.594367980957 658.046863555908 601.773422241211 625.703107833862 699.070201873779 776.724449157715 745.651222229004 857.705459594727 1002.92742538452 925.945785522461
900.639724731445 760.131572723389 511.865768432617 867.089698791504 708.427223205566 727.564210891724 736.560010433197 636.524757385254 824.950843811035 696.603564679623 757.832138061523 674.681765556335 536.369239807129 641.153804779053 765.354404449463 743.215267181396 715.119590759277 730.910736083984 663.589599609375 744.987205505371 685.331981658936 877.215179443359 573.746130943298 847.499031066895 593.454574584961 704.321332931519 881.440536499023 762.486667633057 945.294853210449 1321.46403217316 1371.57745742798 673.333889007568 692.036849737167 493.555313110352 758.495681762695 839.586574554443 825.615203857422 651.326519012451 601.80052947998 578.131370544434 613.531005859375 672.479824066162 955.816192626953 569.489929199219 880.794832229614 699.587615966797 1159.78512573242 780.330505371094 885.382530212402 718.619430541992
756.493553161621 823.320587158203 642.100788593292 742.737248420715 712.272254943848 738.662187576294 816.462429046631 674.303047180176 842.778930664062 1004.68159484863 712.084205627441 671.618462324142 786.835189819336 644.756721496582 780.137344360352 721.307245254517 689.919254302979 668.807039260864 737.479789733887 693.203254699707 782.262825012207 736.993362426758 578.229412078857 745.591051101685 551.1025390625 752.172319412231 472.242584228516 604.386360168457 546.884262084961 677.449117660522 626.806358337402 605.582130432129 628.669708251953 1312.59399318695 870.012641906738 863.268249511719 1148.28759002686 1189.87507629395 813.248542785645 671.121139526367 868.860675811768 672.392269343138 655.875823974609 940.769409179688 539.703506469727 725.76416015625 773.664276123047 1061.94868850708 1347.51148986816 701.10665512085
819.628729820251 852.371948242188 623.687942504883 703.91792678833 745.008087158203 859.307472229004 951.361038208008 802.183817863464 801.823608160019 722.86803817749 1026.15844726562 754.054870605469 657.988624572754 585.516532897949 729.460514068604 674.823884963989 681.730922698975 656.25534465909 579.54273223877 657.702417373657 585.522396087646 645.387037754059 688.352197647095 808.939804077148 596.893836975098 518.705871582031 550.236526489258 550.564567565918 459.560317993164 602.530921936035 654.627765655518 633.511264801025 458.66911315918 452.690734863281 647.10179901123 618.029808044434 629.791343688965 1103.61578369141 707.936143875122 673.509412765503 553.339599609375 517.648574829102 1097.30335998535 681.707618713379 1068.34544372559 630.765686035156 772.360836029053 895.891246795654 846.082015991211 653.686019897461
688.417457580566 807.308791160583 778.533195495605 429.325653076172 949.789489746094 749.94321346283 870.708030700684 855.995498657227 908.95255279541 821.596349954605 993.596069335938 951.832059383392 686.402816772461 602.207542419434 643.477415084839 667.802670001984 776.316909790039 707.530735969543 711.439640581608 441.94588470459 685.458721160889 530.843128204346 568.091544628143 530.134376525879 686.107269287109 479.739654541016 550.234878540039 515.622024536133 479.318450927734 479.081802368164 577.942443847656 640.278594970703 616.212963104248 505.582550048828 676.682693481445 697.359497070312 951.99267578125 1029.38636302948 767.165451049805 641.85018157959 580.350311279297 500.622314453125 953.040504455566 560.210327148438 950.474411010742 800.232391357422 592.795288085938 1041.25783538818 818.062913894653 1251.4799041748
-9999 564.743835449219 698.756561279297 501.17700958252 672.368679046631 786.382623672485 766.825060844421 885.017623901367 897.312438964844 794.06046295166 845.328559875488 1140.68063354492 573.868988037109 691.0764503479 532.49764251709 622.778527259827 752.159782409668 656.068279266357 519.215881347656 593.262913703918 765.725791931152 819.485061645508 610.40465927124 916.223934173584 967.724609851837 650.932290077209 585.239265441895 409.410369873047 538.542617797852 417.881286621094 489.830718994141 490.744476318359 545.689361572266 636.391267776489 1021.09104514122 528.444580078125 662.279489517212 748.430549621582 696.347344398499 761.469829559326 728.606167316437 551.489028930664 753.832004547119 634.665992736816 665.14478302002 1098.37453842163 739.566072463989 704.712181091309 735.311144828796 777.107635498047
-9999 680.554119110107 659.28394317627 506.76131439209 686.693746566772 645.40714263916 677.484329223633 835.821105957031 704.931350708008 996.295104980469 720.47257232666 763.357066631317 729.381206512451 780.823753356934 685.72346496582 664.402660369873 582.239426612854 619.622993469238 586.581816673279 528.578842163086 635.071889877319 641.082744598389 727.131757259369 737.812477111816 1046.96585655212 635.298422813416 481.265823364258 583.549514770508 452.210113525391 412.105575561523 560.803283691406 547.227798461914 676.79178237915 622.687189102173 1130.23075866699 534.788291931152 615.590744018555 492.571533203125 628.820594787598 742.640674591064 700.826550483704 407.006011962891 756.625417709351 658.380950927734 619.492416381836 765.253231048584 873.245819091797 572.6220703125 711.4801197052 576.782470703125
-9999 -9999 634.513214111328 626.508724212646 601.66512298584 782.041883468628 778.396310806274 656.536918640137 767.729763031006 805.647206306458 698.620536804199 688.529046058655 699.239448547363 693.205497741699 784.203857421875 616.540309906006 468.048889160156 514.752613067627 661.35445022583 564.391815185547 760.57266998291 597.619899749756 714.660411834717 522.534217834473 865.720901489258 502.436660766602 462.463241577148 537.875144958496 501.46598815918 468.463577270508 588.998992919922 648.348306655884 586.51335144043 585.427642822266 708.801368713379 438.655838012695 644.325672149658 478.254989624023 735.249565124512 577.894798278809 596.424125671387 552.826217651367 677.650382995605 777.467887878418 523.251937866211 620.181091308594 653.408760070801 585.806030273438 833.209945678711 741.489715576172
-9999 -9999 931.056213378906 1046.46657562256 614.979305267334 547.134857177734 807.892208099365 843.53458404541 791.700256347656 639.740020751953 1095.870470047 660.916242599487 571.286781311035 610.160270690918 521.326263427734 572.511121809483 483.50227355957 598.690010070801 608.907451629639 628.803520202637 589.156627655029 539.082710266113 689.322372436523 697.042808532715 543.626148223877 654.560874938965 609.246192932129 595.984642028809 546.196868896484 568.210510253906 558.962684631348 454.248168945312 610.837261199951 583.056694030762 485.334701538086 612.211158752441 751.599773406982 775.945770263672 610.448097229004 622.010902404785 803.123489379883 834.69108581543 673.827423095703 851.734802246094 624.419372558594 837.020706176758 574.530609130859 814.443210601807 952.74303817749 623.751953125
-9999 -9999 -9999 820.802688598633 523.424621582031 711.447559356689 771.221566677094 811.015899658203 815.15771484375 738.196380615234 689.186920166016 706.228469848633 454.133972167969 603.153610229492 655.532432556152 719.340385437012 576.143400669098 653.522750854492 580.374959945679 558.672506332397 480.983085632324 447.667877197266 666.766548156738 1530.16046905518 581.426062583923 661.017291069031 642.65160369873 554.167259216309 524.283599853516 649.533710479736 757.598968505859 484.706115722656 563.098373413086 445.596740722656 479.89045715332 674.993804931641 571.545440673828 752.847961425781 767.494819641113 705.104133605957 822.714210510254 859.590190887451 730.855472564697 777.463489532471 664.527549743652 817.940055847168 667.014190673828 519.223526000977 516.195068359375 1012.44586181641
-9999 -9999 -9999 530.476715087891 572.320041656494 763.217658996582 816.461204528809 688.866256713867 834.14217376709 966.643119812012 746.589420318604 738.297243118286 677.148233413696 588.357696533203 594.659484863281 520.93115234375 530.26326751709 513.23690032959 605.206310272217 573.873255252838 576.145805358887 567.508289337158 558.140836715698 855.137655258179 479.22940826416 682.081310272217 826.322036743164 736.948638916016 651.664499282837 483.478790283203 678.68507194519 408.609222412109 562.525024414062 460.752212524414 458.212707519531 1018.00833129883 665.124262332916 622.13809967041 713.286058425903 664.568786621094 608.170516967773 692.610164642334 707.421398162842 923.970222473145 833.466888427734 1260.23008728027 758.39958190918 648.613464355469 943.788223266602 908.629943847656
