export/dem/dem59.asc
NCOLS 350
NROWS 171
XLLCORNER 152620
YLLCORNER 418050
CELLSIZE 100
NODATA_VALUE -9999
[rows 110 to 131 of 171, columns 300 to 349 of 350]
796.006187438965 799.202102661133 767.469619750977 594.774017333984 546.953338623047 918.647621154785 819.316230773926 828.329071044922 876.360168457031 682.916435241699 763.943161010742 612.51335144043 1702.27947998047 724.944213867188 776.385322570801 873.052898406982 1372.9907989502 786.214538574219 962.919616699219 -9999 -9999 -9999 -9999 -9999 -9999 -9999 -9999 -9999 -9999 -9999 -9999 -9999 -9999 -9999 -9999 -9999 -9999 -9999 -9999 -9999 -9999 -9999 -9999 -9999 -9999 -9999 -9999 -9999 -9999 -9999
734.527069091797 631.509918212891 692.866027832031 661.514129638672 699.845973968506 796.194725513458 1130.05470275879 1366.57685852051 637.700592041016 690.907974243164 1431.87363815308 426.314498901367 810.794097900391 659.714096069336 691.108322143555 824.383888244629 822.60758972168 1311.48768424988 1246.85325622559 -9999 -9999 -9999 -9999 -9999 -9999 -9999 -9999 -9999 -9999 -9999 -9999 -9999 -9999 -9999 -9999 -9999 -9999 -9999 -9999 -9999 -9999 -9999 -9999 -9999 -9999 -9999 -9999 -9999 -9999 -9999
742.861862182617 839.832836151123 974.046722412109 651.399856567383 741.365520477295 736.56311416626 587.460502624512 937.636985778809 718.07007598877 1566.08407592773 1005.38968658447 772.038627624512 578.50244140625 790.868392944336 681.824951171875 1250.12954711914 671.813278198242 909.903594970703 1760.09826660156 857.035003662109 -9999 -9999 -9999 -9999 -9999 -9999 -9999 -9999 -9999 -9999 -9999 -9999 -9999 -9999 -9999 -9999 -9999 -9999 -9999 -9999 -9999 -9999 -9999 -9999 -9999 -9999 -9999 -9999 -9999 -9999
845.632024765015 838.886432647705 699.602767944336 968.437816619873 714.907737731934 777.754522323608 787.00724029541 797.503532409668 722.911575317383 2397.93063354492 579.579559326172 713.667785644531 716.670700073242 1053.54835510254 1144.55514526367 1039.60028076172 813.530853271484 710.54231262207 999.168838500977 1291.64717102051 1032.66970825195 -9999 -9999 -9999 -9999 -9999 -9999 -9999 -9999 -9999 -9999 -9999 -9999 -9999 -9999 -9999 -9999 -9999 -9999 -9999 -9999 -9999 -9999 -9999 -9999 -9999 -9999 -9999 -9999 -9999
786.514720916748 692.13298034668 870.043480873108 734.490058898926 683.743144989014 854.895156860352 811.485164642334 808.364141464233 730.864730834961 1350.02950763702 821.06477355957 1020.82363891602 800.213668823242 769.033843994141 693.487289428711 761.616119384766 787.613887786865 890.844932556152 940.426345825195 869.05436706543 878.726058959961 -9999 -9999 -9999 -9999 -9999 -9999 -9999 -9999 -9999 -9999 -9999 -9999 -9999 -9999 -9999 -9999 -9999 -9999 -9999 -9999 -9999 -9999 -9999 -9999 -9999 -9999 -9999 -9999 -9999
847.162055969238 792.940536499023 856.069164276123 876.599258899689 885.727966308594 791.928483963013 687.64241027832 830.08260345459 647.040870666504 1101.57545471191 1301.49340820312 877.149120330811 830.974979400635 1170.00885009766 628.461853027344 627.260665893555 967.190795898438 972.940784454346 914.904636383057 623.996551513672 555.41975402832 634.27262878418 -9999 -9999 -9999 -9999 -9999 -9999 -9999 -9999 -9999 -9999 -9999 -9999 -9999 -9999 -9999 -9999 -9999 -9999 -9999 -9999 -9999 -9999 -9999 -9999 -9999 -9999 -9999 -9999
904.824974060059 807.435935974121 984.513378143311 1092.46360778809 710.795169830322 625.269336700439 1272.51108932495 687.22713470459 675.551124572754 1230.88354492188 1059.11903381348 1292.74713134766 916.989265441895 974.902893066406 834.564010620117 553.111083984375 1271.521484375 1022.55699157715 663.216735839844 780.995109558105 764.909629821777 474.213012695312 819.15559387207 -9999 -9999 -9999 -9999 -9999 -9999 -9999 -9999 -9999 -9999 -9999 -9999 -9999 -9999 -9999 -9999 -9999 -9999 -9999 -9999 -9999 -9999 -9999 -9999 -9999 -9999 -9999
775.103302001953 605.423097610474 745.783096313477 792.098907470703 1195.8359375 1453.53491973877 635.671226501465 633.232604980469 666.122749328613 620.13801574707 827.059783935547 872.583061218262 1077.90888977051 1280.05390930176 775.494476318359 780.641784667969 922.687744140625 760.933486938477 802.345180511475 773.521812438965 759.288116455078 811.756259918213 701.128540039062 -9999 -9999 -9999 -9999 -9999 -9999 -9999 -9999 -9999 -9999 -9999 -9999 -9999 -9999 -9999 -9999 -9999 -9999 -9999 -9999 -9999 -9999 -9999 -9999 -9999 -9999 -9999
888.572174072266 651.950698852539 894.442008972168 875.106777191162 901.089584350586 795.105718612671 708.078720092773 1066.00217819214 805.976799488068 559.39973449707 849.863784790039 622.562553405762 620.440948486328 834.14794921875 682.367706298828 895.469131469727 773.588027954102 737.129951477051 783.636810302734 849.059598922729 631.469711303711 743.536079406738 718.720672607422 764.688125610352 -9999 -9999 -9999 -9999 -9999 -9999 -9999 -9999 -9999 -9999 -9999 -9999 -9999 -9999 -9999 -9999 -9999 -9999 -9999 -9999 -9999 -9999 -9999 -9999 -9999 -9999
983.402610778809 878.087245941162 619.683414459229 807.759430408478 947.814407348633 868.353660583496 775.767540454865 783.402716636658 736.586100578308 696.758247375488 861.688938140869 668.311721801758 955.203643798828 1005.43535614014 1212.9164276123 826.145248413086 687.360931396484 642.782760620117 654.227386474609 585.407485961914 670.737899780273 782.614814758301 646.0673828125 808.345779418945 781.392631530762 -9999 -9999 -9999 -9999 -9999 -9999 -9999 -9999 -9999 -9999 -9999 -9999 -9999 -9999 -9999 -9999 -9999 -9999 -9999 -9999 -9999 -9999 -9999 -9999 -9999
1287.97833251953 1812.18054962158 851.186164855957 1105.85717201233 1283.01703643799 855.407211303711 782.846868515015 635.268264770508 685.005973815918 1479.09986114502 814.680734634399 760.17272567749 843.526531219482 933.462692260742 987.451362609863 1390.10771942139 734.579574584961 741.619827270508 869.34449005127 844.327461719513 692.813629150391 680.718170166016 812.127586364746 760.853637695312 800.510459899902 793.405349731445 -9999 -9999 -9999 -9999 -9999 -9999 -9999 -9999 -9999 -9999 -9999 -9999 -9999 -9999 -9999 -9999 -9999 -9999 -9999 -9999 -9999 -9999 -9999 -9999
1071.60172271729 956.721626281738 1324.68049049377 955.126609802246 1424.94532775879 1546.52584838867 1143.86664867401 876.084617614746 843.363174438477 851.324028015137 836.090259552002 578.765838623047 680.499313354492 742.806934356689 1121.72165298462 932.435050964355 800.440189361572 690.019012451172 798.748863220215 708.768508911133 769.194305419922 803.463924407959 836.254024505615 833.338795185089 768.364761352539 807.197875976562 -9999 -9999 -9999 -9999 -9999 -9999 -9999 -9999 -9999 -9999 -9999 -9999 -9999 -9999 -9999 -9999 -9999 -9999 -9999 -9999 -9999 -9999 -9999 -9999
1215.95721435547 1123.05798339844 1296.86869812012 1029.03973388672 1190.07297134399 1438.0428609848 1337.11106872559 948.61051940918 1041.99822616577 1313.84772109985 990.401588439941 780.832191467285 632.968566894531 748.957153320312 924.29040145874 731.418380737305 883.488586425781 892.625984191895 735.497940063477 723.729881286621 820.328121185303 870.206651687622 781.235101699829 734.901405334473 736.129112243652 867.061317443848 845.281032562256 -9999 -9999 -9999 -9999 -9999 -9999 -9999 -9999 -9999 -9999 -9999 -9999 -9999 -9999 -9999 -9999 -9999 -9999 -9999 -9999 -9999 -9999 -9999
1366.24783325195 968.490112304688 1009.59133911133 903.598663330078 919.356970787048 1156.84494018555 1462.4345703125 1013.48097991943 1014.29449081421 1081.44761562347 772.61986541748 666.284973144531 777.799545288086 683.749282836914 866.028633117676 888.912595748901 865.084613800049 873.229469299316 822.485973358154 850.859429359436 889.620994567871 750.540824890137 784.276263237 747.615547180176 671.883178710938 738.570907592773 710.349105834961 760.43098449707 -9999 -9999 -9999 -9999 -9999 -9999 -9999 -9999 -9999 -9999 -9999 -9999 -9999 -9999 -9999 -9999 -9999 -9999 -9999 -9999 -9999 -9999
1041.43862915039 972.649513244629 943.789325714111 985.0758934021 995.665099143982 1105.16571807861 1546.29030609131 1070.86769866943 1000.63955688477 784.265464782715 831.366002082825 748.677726745605 722.699867248535 783.529350280762 803.77864074707 929.683891296387 872.116518437862 718.878807067871 822.872095108032 795.221693992615 659.633911132812 742.693603515625 732.894111633301 744.664031982422 717.908500671387 640.033782958984 719.632278442383 908.634864807129 979.144744873047 -9999 -9999 -9999 -9999 -9999 -9999 -9999 -9999 -9999 -9999 -9999 -9999 -9999 -9999 -9999 -9999 -9999 -9999 -9999 -9999 -9999
943.978754997253 1012.14611816406 942.875862121582 1202.42039489746 1430.06999588013 974.70597076416 1146.5308380127 1122.9175567627 757.431594848633 854.71336555481 799.023810386658 780.101974487305 817.442150354385 722.639823913574 829.969547271729 742.867080688477 797.263872146606 966.49520111084 1080.09202575684 985.445892333984 924.114151000977 743.609321594238 975.697463989258 893.844337463379 664.147125244141 767.395736694336 882.8108959198 842.779453277588 780.496192932129 -9999 -9999 -9999 -9999 -9999 -9999 -9999 -9999 -9999 -9999 -9999 -9999 -9999 -9999 -9999 -9999 -9999 -9999 -9999 -9999 -9999
1151.13006591797 898.054862976074 1514.95927429199 1414.56121444702 1108.14820480347 1119.99393844604 1331.67098999023 1072.27185821533 1320.99830102921 1018.65356445312 729.226280212402 795.519329071045 868.865627288818 855.251480102539 767.512817382812 678.243041992188 864.908237457275 853.370094299316 972.723686218262 920.794593811035 1011.78500366211 788.308954954147 717.094169616699 744.338096618652 731.772010803223 812.014702796936 830.629747390747 774.599014282227 842.207563400269 832.823564246297 -9999 -9999 -9999 -9999 -9999 -9999 -9999 -9999 -9999 -9999 -9999 -9999 -9999 -9999 -9999 -9999 -9999 -9999 -9999 -9999
850.008605957031 1081.34715270996 1282.4146270752 1617.9294090271 2052.23994445801 1091.96423339844 1217.46792984009 1065.74631786346 1371.97473144531 1013.14161682129 745.847320556641 703.445579528809 850.089590072632 897.394462585449 648.589256286621 683.528656005859 959.24153137207 880.732803344727 1135.33996582031 800.266194343567 930.799530029297 848.700345516205 788.970544815063 823.758010864258 885.542213439941 902.534675598145 1003.37585449219 978.194225311279 846.734481811523 774.833354949951 977.377853393555 -9999 -9999 -9999 -9999 -9999 -9999 -9999 -9999 -9999 -9999 -9999 -9999 -9999 -9999 -9999 -9999 -9999 -9999 -9999
1148.6353225708 1013.82257461548 1170.57464599609 1326.87412643433 1361.32422637939 1390.72964096069 1533.27383422852 1169.68796157837 1180.23980712891 962.784867286682 1156.53981018066 1059.50141906738 936.050659179688 841.031021118164 874.572887420654 764.743341445923 933.12629699707 905.780586242676 896.435485839844 1010.51252746582 793.92588698864 1015.6527557373 918.967082977295 666.176666259766 938.442413330078 905.544334411621 774.291305541992 891.974234700203 977.494888305664 1000.66641235352 723.325325012207 -9999 -9999 -9999 -9999 -9999 -9999 -9999 -9999 -9999 -9999 -9999 -9999 -9999 -9999 -9999 -9999 -9999 -9999 -9999
1259.60270500183 1006.56007766724 990.016372680664 1480.62805938721 1103.29182815552 1410.41333770752 1381.3104057312 1255.99424362183 1836.86233520508 1358.26581954956 1144.68741226196 1096.07734298706 1102.34198760986 1776.92017936707 1086.24311447144 964.519805908203 905.89656829834 965.888130187988 937.286888122559 992.570983886719 937.934886932373 941.489309310913 879.86568069458 862.720474243164 922.457740783691 764.590003967285 956.287963867188 861.78524017334 963.31812286377 968.986129760742 825.424747467041 898.969161987305 -9999 -9999 -9999 -9999 -9999 -9999 -9999 -9999 -9999 -9999 -9999 -9999 -9999 -9999 -9999 -9999 -9999 -9999
1203.67812347412 836.403930664062 1018.02724456787 1089.12216091156 933.146095275879 1206.98220825195 1656.41896057129 1548.04745483398 1310.62192153931 1363.33244514465 1392.5521697998 1094.85204696655 1050.2113571167 1282.72539520264 913.229625701904 1085.7703704834 972.090564727783 1018.33924865723 815.940110683441 794.337970733643 820.087274551392 857.710136413574 748.831260681152 940.051765441895 937.687187194824 910.015655517578 933.796409606934 966.90567779541 933.182828903198 753.662195205688 881.953872680664 877.809633255005 924.558572769165 -9999 -9999 -9999 -9999 -9999 -9999 -9999 -9999 -9999 -9999 -9999 -9999 -9999 -9999 -9999 -9999 -9999
764.00318145752 1120.36287689209 1433.38763809204 876.897045135498 937.167785644531 1110.52306556702 1179.34595108032 1245.58547973633 1410.40142822266 1430.06694793701 1236.95104789734 992.141403198242 1128.1183013916 1058.54294586182 1066.65378570557 988.23140335083 929.175888061523 937.178726196289 951.765029907227 926.568073272705 1017.64302062988 928.319854736328 884.55598449707 1045.64942932129 888.767799377441 882.815967559814 952.415473937988 1153.58648681641 1001.92960357666 789.077700138092 873.111921310425 1023.62617492676 839.30899810791 -9999 -9999 -9999 -9999 -9999 -9999 -9999 -9999 -9999 -9999 -9999 -9999 -9999 -9999 -9999 -9999 -9999
