export/dem/dem55.asc
NCOLS 350
NROWS 171
XLLCORNER 152620
YLLCORNER 418050
CELLSIZE 100
NODATA_VALUE -9999
[rows 88 to 109 of 171, columns 250 to 299 of 350]
901.336686134338 882.992706298828 968.383792877197 876.832347869873 813.247844696045 1051.48823547363 567.338317871094 569.29027557373 808.542709350586 831.411014080048 817.903272390366 644.385948181152 514.428604125977 928.252601623535 681.965133666992 1081.23313140869 580.562591552734 672.551170349121 701.257494449615 696.69896697998 492.108795166016 776.583480834961 785.854934692383 661.098482131958 747.582786560059 776.415229797363 590.698051452637 726.40864944458 672.23571395874 836.031272888184 779.673194885254 726.986995697021 626.319343566895 734.319393157959 604.640167236328 797.589218139648 735.209316253662 692.39729309082 757.235897064209 490.315963745117 744.289192199707 630.338340759277 652.120506286621 1017.75718688965 542.869682312012 582.785461425781 769.871803283691 551.194869995117 710.050468444824 698.072113037109
837.605394363403 837.765438079834 1062.37495231628 999.747951507568 830.337575912476 863.28408908844 663.464424133301 823.265403747559 642.503875732422 811.295673370361 604.968154907227 860.539888381958 856.016288757324 586.197723388672 770.097717285156 931.05969619751 625.838882446289 721.32536315918 741.363786697388 689.765592575073 485.164199829102 483.578964233398 627.857458114624 654.671146392822 714.789497375488 569.456809997559 654.073696136475 760.243721008301 759.144142150879 721.139507293701 606.296737670898 806.971405029297 645.334632873535 705.33295249939 798.026641845703 715.270210266113 676.160045623779 573.551483154297 620.371849060059 626.509628295898 1275.90191650391 540.98583984375 667.432342529297 658.848571777344 646.326156616211 577.362670898438 632.192352294922 702.315635681152 585.77653503418 675.066879272461
823.551331996918 881.546695709229 922.196533203125 1081.28715515137 867.652740478516 697.709762573242 831.679206848145 547.42839050293 519.931167602539 663.210842132568 754.149085998535 878.967025756836 654.126373291016 731.223945617676 675.998474121094 743.44010925293 614.512454986572 759.831809997559 713.928030490875 474.231964111328 943.292755126953 578.584533691406 593.768840789795 717.359237670898 812.842603683472 903.300086975098 851.905330657959 922.106758117676 733.334224700928 760.355361461639 777.339000701904 758.532424926758 635.892318725586 596.93408203125 848.014709472656 720.067867279053 619.38391494751 583.385208129883 383.772125244141 598.103302001953 781.732818603516 636.888263702393 527.138595581055 605.593296051025 617.498947143555 788.501041412354 1043.97512054443 460.688659667969 555.890167236328 883.744186401367
704.046188354492 809.120755195618 855.764621734619 759.030319213867 1125.3218536377 1328.76092910767 765.113918304443 710.447261810303 809.258628845215 736.729751586914 727.716625213623 780.258186340332 555.924331665039 679.338790893555 834.231384277344 625.874130249023 915.581695556641 748.4299659729 794.410906195641 703.905235290527 673.875823974609 777.849715232849 710.658996582031 807.880633354187 656.262168884277 846.112010955811 853.522390365601 890.03430557251 1077.1852645874 1386.96092987061 648.197494506836 669.373989105225 606.92658996582 646.888481140137 627.21800994873 715.30157661438 634.245098114014 769.262756347656 675.29810333252 651.326126098633 1043.58630371094 1189.52464294434 549.67041015625 479.730072021484 499.849365234375 590.764129638672 557.608032226562 507.137268066406 912.786117553711 1125.81268310547
665.864776611328 713.568473815918 671.163497924805 824.509632110596 944.108856201172 857.74275970459 1312.76893615723 826.91512298584 728.194068908691 975.230712890625 878.520526885986 938.687021255493 767.922668457031 527.663604736328 706.640830993652 1148.83961868286 758.180690765381 801.730476379395 673.228286370635 821.048931121826 702.061954498291 724.50227355957 880.352546691895 737.267761230469 872.776321411133 753.301513671875 864.816341400146 940.761394500732 854.292259216309 1009.24071311951 816.19654083252 727.730484008789 574.185699462891 627.720611572266 509.533157348633 767.751873016357 666.341889858246 753.081428527832 579.826988220215 690.097652435303 455.370025634766 1293.34213256836 406.057220458984 540.723739624023 673.214141845703 501.744766235352 657.092247009277 668.897842407227 631.36833190918 623.540969848633
742.843521118164 619.781326293945 758.879661560059 1020.32867431641 999.459352493286 1086.9207611084 818.622634887695 909.475547790527 747.778778076172 1001.04114532471 1022.43828582764 805.06844329834 754.465148925781 1131.04594421387 1016.27716064453 787.050678253174 694.922470092773 593.959014892578 724.700122833252 650.854232788086 711.755958557129 693.435363769531 576.321502685547 799.795262336731 800.166553497314 768.897050857544 1099.43504714966 1277.35994720459 771.236312866211 962.64599275589 787.461578369141 699.582229614258 708.462677001953 811.555606842041 692.137298583984 788.10636138916 818.717433929443 674.401500701904 637.259452819824 545.670394897461 484.517181396484 1136.99063110352 515.570358276367 573.641311645508 534.455642700195 667.898422241211 546.402709960938 514.3935546875 775.278518676758 801.78173828125
807.158729553223 992.734558105469 1107.96732330322 1133.70013427734 888.243030548096 789.015853881836 862.594104766846 820.599855422974 712.919761657715 660.779861450195 1011.84027862549 789.240371704102 700.119293212891 1011.2019367218 929.015716552734 691.821071624756 654.216949462891 639.185317993164 727.889682769775 597.652420043945 712.543319702148 849.069198608398 654.96410369873 693.455490112305 778.012951850891 1137.94052886963 618.474182128906 830.690582275391 755.094146728516 1049.69803965092 1005.10671710968 881.893733739853 553.985198974609 904.84822845459 739.249198913574 661.673355102539 774.419044494629 743.733215332031 568.243606567383 562.75373840332 244.220855712891 573.318313598633 520.424224853516 524.962097167969 534.713897705078 495.465530395508 515.162338256836 520.904495239258 601.048095703125 768.789978027344
761.272994995117 926.49674987793 1105.44216918945 1135.29978942871 735.818336486816 823.245607852936 1152.0697889328 994.335340499878 810.973045349121 983.355285644531 711.234176635742 1332.35448339581 845.141815185547 650.940811157227 893.117694854736 937.614212036133 728.075454711914 543.523147583008 855.083278656006 680.76619720459 805.723491668701 715.550514221191 838.094573974609 989.228191375732 802.783813476562 1188.10839080811 920.677886962891 675.981781005859 434.079010009766 613.987182617188 1424.67385864258 679.599472045898 728.088943481445 678.401885986328 770.074005126953 805.196517944336 782.102710723877 912.988066673279 743.734634399414 622.981170654297 507.002716064453 586.2958984375 970.25830078125 365.078491210938 505.255630493164 526.926712036133 1014.96778869629 658.548492431641 518.722969055176 948.135498046875
949.948318481445 1097.07765483856 1045.44766235352 867.954784393311 867.889762878418 867.613349914551 818.752241134644 731.057647705078 1167.49522399902 1010.79780197144 743.07799243927 723.912559509277 570.497665405273 739.656412124634 543.895217895508 712.383422851562 449.200744628906 679.070755004883 709.0849609375 1049.42090606689 956.013664245605 1269.53666687012 1204.58689880371 647.790176391602 813.433578491211 632.989471435547 625.374130249023 518.768920898438 762.565574645996 1432.45600128174 648.786178588867 769.236259460449 546.037933349609 782.476196289062 1274.06747436523 789.144348144531 817.824203491211 536.884033203125 621.135818481445 571.300064086914 625.649169921875 603.245422363281 857.320556640625 492.117279052734 800.980484008789 693.476776123047 675.168785095215 594.021865844727 521.155738830566 965.672737121582
807.278650283813 846.5108897686 704.000640869141 874.646018981934 709.504745483398 949.487144470215 890.451286315918 852.390009760857 1295.51065826416 1512.26614379883 775.071754455566 727.578498840332 1370.73905181885 1071.14297866821 753.92204284668 557.523361206055 494.655670166016 533.022491455078 765.582726478577 694.038993835449 666.295227050781 900.393402099609 627.109817504883 682.107192993164 447.069396972656 1032.80521392822 692.912689208984 632.986877441406 648.079895019531 808.489837646484 698.012908935547 1313.82904052734 1293.19450378418 595.951843261719 636.363327026367 737.031936645508 657.463592529297 560.732849121094 564.66618347168 533.950607299805 535.344177246094 400.195983886719 831.285110473633 1495.93771362305 647.205520629883 804.053894042969 607.583145141602 729.760673522949 627.490219116211 685.386642456055
634.178451538086 1406.61504745483 1191.42765045166 909.393615722656 700.712928771973 831.89478302002 842.383636474609 1320.64324188232 786.779029846191 817.065383911133 643.908081054688 746.617218017578 688.436317443848 819.718238830566 524.003692626953 692.42887878418 663.4306640625 556.658493041992 396.200042724609 475.011016845703 759.514053344727 714.257400512695 786.022827148438 1129.04058837891 275.720703125 986.191207885742 1562.0104675293 1150.83792114258 1370.41455078125 535.959625244141 872.218338012695 547.488647460938 710.093887329102 1056.72168731689 732.664077758789 793.975040435791 744.990879058838 718.078460693359 680.955474853516 586.548934936523 766.113099098206 666.779285430908 955.763717651367 691.382415771484 524.910308837891 581.412101745605 628.925498962402 709.773738861084 627.258499145508 962.180450439453
793.890991210938 706.826606750488 1221.5418548584 626.956192016602 759.738288879395 858.135776519775 1285.88208007812 1222.20415878296 738.540596008301 850.006683349609 517.528564453125 1015.35797119141 1285.93181228638 1119.14168548584 982.583297729492 943.169677734375 795.734649658203 583.839935302734 579.248107910156 659.274398803711 1140.08564090729 721.735908508301 822.290832519531 543.827056884766 1365.33726501465 870.867721557617 687.548278808594 1223.2278137207 1161.87484741211 502.355194091797 1050.08577728271 857.9228515625 754.742156982422 1012.94493103027 803.700992584229 729.84285736084 610.994827270508 735.236045837402 769.631984710693 390.193908691406 528.732147216797 726.89379119873 825.262405395508 1232.95669937134 1368.35423278809 610.795036315918 623.504547119141 609.90852355957 769.32154083252 733.489456176758
1166.19646453857 594.703659057617 632.069145202637 598.618911743164 752.882265090942 1058.53126525879 707.86759185791 953.709884643555 849.274924278259 871.688186645508 1018.9026184082 650.822158813477 883.384658813477 834.976745605469 792.084579467773 854.410232543945 555.895141601562 586.173873901367 495.899536132812 694.723663330078 1095.3267364502 1341.38815307617 550.171051025391 781.433380126953 625.353973388672 1168.68074035645 727.010314941406 601.633758544922 1388.25614929199 633.701446533203 1049.74580383301 717.178619384766 950.75888633728 803.542282104492 736.254592895508 902.958789825439 715.656242370605 781.395023345947 699.819065093994 389.79475402832 528.768096923828 727.64183807373 743.952716827393 665.644897460938 742.587417602539 651.774978637695 607.768562316895 651.286926269531 733.227172851562 713.697624206543
708.545722961426 579.658081054688 885.993026733398 832.360946655273 544.689422607422 1168.54746246338 1056.17749786377 920.105026245117 886.438865661621 1068.15100097656 728.474746704102 1043.38977050781 649.170715332031 637.326614379883 899.727691650391 757.948455810547 765.423568725586 1197.90689086914 565.500335693359 694.835815429688 1236.22862243652 462.2392578125 1057.84622192383 771.925804138184 755.030662536621 879.704742431641 1174.37579345703 1590.06823730469 572.238067626953 1105.82928466797 820.347915649414 756.668060302734 909.152704238892 727.381225585938 768.156791687012 899.859745025635 777.883365884423 744.670890808105 692.543319702148 549.829788208008 593.119998931885 509.585857391357 607.585725784302 783.205405235291 1097.22819137573 807.239887237549 835.328954696655 820.727986335754 691.81502532959 702.848510742188
676.657424926758 954.507598876953 873.388031005859 654.104675292969 564.000335693359 687.147003173828 780.131175994873 1008.34004974365 714.7451171875 1514.43036651611 602.269973754883 1177.76078033447 796.233215332031 747.313415527344 799.130073547363 1009.49496459961 537.882278442383 531.447280883789 1356.17614746094 872.704860687256 859.702934265137 752.877868652344 676.902404785156 1133.82913208008 885.165252685547 683.798416137695 632.976821899414 1562.18313598633 771.035949707031 670.171752929688 742.044799804688 1359.56406402588 817.002334594727 883.887366533279 745.879081726074 906.734031677246 843.206249237061 758.179328918457 761.907020568848 745.180725097656 654.440818786621 462.827507019043 495.444187164307 801.228958129883 700.345275878906 732.635429382324 634.829803466797 695.589706420898 785.841173648834 783.36922454834
640.823760986328 1187.51164245605 849.672912597656 647.950408935547 1246.31916046143 1056.96872711182 1158.59953308105 889.010928153992 841.643062591553 870.155883789062 764.546890258789 850.88196182251 863.586006164551 785.353134155273 842.442333221436 777.736892700195 1155.18642425537 650.377029418945 701.666152954102 1018.83130455017 807.976047515869 837.701377868652 685.397598266602 1026.32456970215 830.082725524902 890.489616394043 1144.30084228516 728.347206115723 550.984527587891 721.684768676758 1126.01968383789 1112.73135375977 633.479629516602 717.303817749023 831.949974060059 760.5078125 831.504066467285 760.111770629883 757.190586566925 781.709564208984 642.187187194824 581.696401596069 753.160377502441 872.902633666992 843.800846099854 643.793617248535 708.028972625732 625.136154174805 826.574127197266 919.577507019043
976.970443725586 711.382011413574 962.636548995972 748.403377532959 623.443008422852 893.161849975586 831.796557426453 957.564605712891 737.39917755127 908.04695892334 803.222351074219 655.894195556641 766.229827880859 1196.35041427612 938.58154296875 985.149452209473 846.250968933105 863.894989013672 728.967590332031 940.487693786621 626.992797851562 1089.24977874756 728.907272338867 761.508254051208 741.935073852539 747.625427246094 960.121520996094 896.417514801025 1429.07501220703 1368.70724487305 1295.49865341187 743.463241577148 608.996520996094 894.527317047119 839.033748626709 878.537363052368 923.891876220703 949.851818561554 831.311515808105 862.586074829102 868.285705566406 519.486289978027 698.363639831543 515.14778137207 963.334014892578 1314.08364105225 726.651023864746 685.080047607422 647.59252166748 1028.44340515137
698.598617553711 723.584038734436 781.542665481567 909.57540512085 771.503829956055 1047.48494720459 563.441818237305 796.321670532227 827.92603302002 982.013000488281 843.498382568359 1129.33966064453 1376.66298675537 938.916955947876 858.813163757324 759.994552612305 901.54903793335 716.419494628906 983.472610473633 1077.77493286133 742.91926574707 910.744106292725 995.448577880859 1231.74306488037 1022.76510620117 900.171169281006 761.605697631836 838.878433227539 778.683746337891 886.234092712402 804.022052764893 903.638467788696 722.956886291504 672.354919433594 845.004202842712 683.206741333008 902.438571929932 784.136505126953 881.336589813232 988.463455200195 936.703462600708 788.386127471924 794.839904785156 799.317306518555 768.453171730042 1083.59091186523 808.861934661865 875.436042785645 1201.51498413086 961.412982940674
707.402725219727 899.838512420654 1355.44081878662 1038.06176185608 924.01383972168 911.83154296875 677.455062866211 1060.50754547119 1889.82598876953 657.808921813965 1335.91363525391 645.665374755859 1188.70985221863 949.134580612183 777.153747558594 897.219482421875 734.014053344727 582.436737060547 795.35767364502 799.822685241699 818.632682800293 904.369537353516 895.772169113159 782.274639129639 861.244956970215 888.723495483398 854.890613555908 912.778007507324 870.877353906631 814.538745880127 895.172592163086 728.110023498535 645.205360412598 648.240005493164 591.387329101562 694.029281616211 798.993194580078 648.893028259277 879.831604003906 1005.92303466797 849.662725448608 838.538913726807 751.52502822876 802.452087402344 791.274677276611 877.568222045898 776.353713989258 785.079048156738 894.931427001953 666.288200378418
872.24893951416 842.46630859375 777.770942687988 832.140866279602 924.067840576172 1286.95723724365 1543.897605896 1080.41209411621 839.825389862061 731.85082244873 1092.31391906738 738.60221862793 912.020965576172 957.33610534668 841.173240661621 1158.10709381104 831.005508422852 938.446533203125 728.515296936035 682.723434448242 997.835250854492 742.037948608398 777.823749542236 697.468841552734 813.741441726685 930.470100402832 833.3798828125 799.630599975586 901.154588699341 843.834079742432 820.704879760742 771.427864074707 662.043395996094 734.747858047485 669.920135498047 795.45051574707 904.05478477478 915.072071075439 777.057516098022 896.971473693848 850.715511322021 640.905685424805 749.853401184082 423.741943359375 550.876525878906 640.199090957642 768.850631713867 672.432197570801 811.20182800293 788.441120147705
590.982879638672 1119.72434234619 1127.64088439941 944.881980895996 957.043670654297 993.852659225464 1006.32028198242 1426.06304168701 1481.65105438232 759.328197479248 680.379684448242 1142.28451538086 827.898284912109 1009.69845581055 1172.46639251709 963.30339050293 897.940948486328 977.129318237305 1585.02491760254 1247.77738189697 833.705123901367 766.555694580078 787.902229309082 649.326538085938 976.655952453613 843.344142913818 912.980724334717 842.5432472229 845.051120758057 805.090347290039 961.777740478516 828.12520980835 829.737815856934 721.153388977051 861.757453918457 865.82933807373 989.22981262207 632.891876220703 557.787628173828 570.127510070801 830.377132415771 951.385528564453 858.517738342285 789.949234008789 538.511506080627 596.644886016846 705.730892181396 694.802093505859 829.9808177948 929.764656066895
643.431053161621 506.49951171875 797.609836578369 938.460525512695 1101.8780670166 801.126693725586 763.880653381348 1279.49285620451 1593.65409851074 836.31031036377 1133.4660949707 790.900161743164 1010.00340461731 888.08963394165 986.751012325287 1088.56800842285 791.970916748047 917.841255187988 1124.97096252441 830.10107421875 1246.46570968628 967.967836499214 1042.66941833496 800.535087585449 849.794565200806 902.888195037842 919.02416229248 915.747318267822 1067.52523803711 997.736213684082 820.806694030762 710.518089294434 757.716209411621 878.667398452759 839.168766021729 868.066112518311 1025.67526245117 746.239742279053 935.767223358154 655.099098205566 677.59171295166 933.227043151855 850.722831726074 679.002473831177 572.839889526367 657.315914154053 712.812824249268 938.627360343933 948.643367767334 940.339111328125
