export/dem/dem53.asc
NCOLS 350
NROWS 171
XLLCORNER 152620
YLLCORNER 418050
CELLSIZE 100
NODATA_VALUE -9999
[rows 66 to 87 of 171, columns 250 to 299 of 350]
654.825551509857 570.106472015381 581.908752441406 628.117400407791 679.619018554688 503.861190795898 672.834351539612 591.160175323486 608.251522064209 714.53385925293 766.955001831055 766.852966308594 772.786697387695 761.56177520752 659.078701019287 540.177627563477 737.430316925049 573.502197265625 773.584754943848 544.114151000977 681.685757637024 827.134742736816 726.896488189697 768.726486206055 627.191619873047 683.311103820801 708.06881570816 747.711517333984 836.935104370117 758.737224578857 608.732849121094 739.453462600708 777.89302444458 703.694816589355 660.558013916016 769.082878112793 643.860870361328 769.851989746094 801.030464172363 821.4577293396 793.841611862183 752.186092376709 990.046752929688 589.541641235352 738.140973091125 743.036348342896 714.368978500366 709.554298400879 646.351119995117 816.126928806305
555.018623352051 521.319236755371 443.140426635742 517.841781616211 583.630256652832 583.405731201172 604.229721069336 658.892407417297 722.80297088623 554.88648223877 795.820732116699 588.469570159912 611.408008575439 654.276777744293 579.549819946289 709.041580200195 750.051261901855 624.182716369629 653.820751190186 636.30672454834 679.978105545044 773.232772827148 630.500953674316 773.58780670166 501.6982421875 609.083305358887 587.082229614258 603.723648071289 657.230884552002 555.388900756836 693.29599955678 692.967573165894 675.139541625977 791.057235717773 730.812395572662 805.928504943848 671.283069610596 724.162002563477 640.29483795166 680.236122131348 1112.32976150513 1223.89300537109 731.536682128906 808.085063934326 730.983512878418 658.496131896973 838.71460723877 645.240943908691 678.047912597656 629.929977416992
604.007690429688 692.260391235352 676.565143585205 495.900939941406 520.383071899414 469.45426940918 527.714088439941 486.941070556641 818.195541381836 594.737861633301 581.809356689453 701.972734451294 712.458667755127 644.202547073364 600.758575439453 820.697143554688 670.390159606934 640.879375457764 681.294486999512 833.826644897461 729.546062469482 745.586357116699 670.400463104248 708.091162204742 653.557159423828 677.791513442993 751.325096130371 642.87228012085 754.938659667969 705.546874046326 817.102569580078 717.932710647583 717.524983406067 701.042427062988 676.19536781311 718.714526057243 607.771377563477 694.032638549805 828.962989807129 665.725074768066 740.397517204285 666.490257263184 1059.18618774414 1269.46765136719 861.387736558914 614.835861206055 821.358840942383 748.059441566467 795.978931427002 651.112869262695
621.99945640564 730.72989654541 479.143173217773 524.735641479492 510.558898925781 581.638008117676 481.907409667969 596.531703948975 652.380851745605 523.444610595703 737.397033691406 592.635639190674 736.575485229492 682.239940643311 602.935050964355 680.373488426208 602.299453735352 441.549560546875 691.206197738647 809.863922119141 768.22583770752 771.858184814453 629.386360168457 586.302345275879 766.535491943359 585.134170532227 616.638801574707 634.386291503906 549.005279541016 646.124862670898 761.584552764893 605.026069641113 638.164043426514 490.220184326172 628.295799255371 696.183385848999 533.812561035156 648.204299926758 607.694854736328 678.324241638184 673.992485046387 562.226104736328 623.409133911133 605.512756347656 769.737403869629 1324.79754638672 861.718811035156 693.840822219849 813.783149719238 801.772041320801
676.577133178711 623.683535456657 749.339324951172 562.633201599121 600.996063232422 610.26609992981 679.72647857666 682.132645606995 804.751804351807 718.354843139648 714.491760253906 665.098112106323 672.938859939575 539.061958312988 492.581192016602 604.759338378906 643.034740447998 782.875556945801 765.22908782959 643.825878143311 684.979514122009 624.42692565918 614.421215057373 622.20092010498 655.35026550293 637.354690551758 662.111618041992 572.041969299316 699.656282424927 604.490463256836 551.949752807617 537.212905883789 544.957275390625 756.111488342285 555.430328369141 606.50757598877 536.803421020508 630.587303161621 502.807403564453 621.055671691895 591.598022460938 616.298950195312 739.202332735062 847.167167663574 554.879058837891 766.972270965576 922.141045570374 975.922378540039 780.356922149658 686.186790466309
638.237699508667 654.35188293457 748.463714599609 645.580806255341 699.686012268066 648.776387691498 709.587493896484 554.032051086426 683.805184364319 513.303924560547 711.272109985352 759.503662109375 686.914154052734 551.543960571289 724.582931518555 596.029396057129 684.511651992798 658.193308442831 599.98913192749 702.577766418457 718.376682281494 923.987487792969 730.932781219482 879.528076171875 638.016204833984 847.063674926758 577.087913513184 592.698837280273 634.550666809082 637.489025115967 667.6187915802 539.507019042969 712.313702583313 698.747001647949 790.73974609375 658.107332229614 625.414237976074 531.115524291992 560.681076049805 562.803665161133 548.215118408203 438.435729980469 747.752582550049 792.243408203125 599.729866027832 1214.6238117218 568.030227661133 753.586885452271 667.136131286621 586.791778564453
725.575561523438 771.903099060059 727.99292755127 604.23055267334 691.2780418396 733.398156285286 694.290464401245 493.166213989258 650.430030822754 502.219657897949 648.926904678345 636.601014137268 572.741600036621 604.941879272461 557.391815185547 765.476570129395 598.063243865967 593.62296295166 684.978466033936 700.857276916504 569.391815185547 813.366790771484 633.225311279297 610.891593933105 590.88850402832 752.135925292969 610.761734008789 568.188079833984 660.665069580078 714.661750793457 519.212448120117 664.773242950439 575.090530395508 723.463869094849 692.979593276978 775.279609680176 770.125106811523 715.47367477417 512.391204833984 562.177139282227 528.125640869141 1102.5150604248 722.284248352051 662.417808532715 513.63525390625 784.238815307617 565.476364135742 605.663345336914 529.483184814453 722.284648895264
885.507217407227 586.731845855713 702.318073272705 781.403938293457 739.216247558594 757.556728363037 786.447120666504 821.567314147949 639.0837059021 621.890665054321 712.828186035156 579.376388549805 616.101895570755 728.511276245117 727.1303191185 677.045934677124 690.918403625488 647.935661315918 664.446539878845 606.615287780762 594.847637176514 748.163108825684 532.665191650391 572.148803710938 635.226894378662 785.543479919434 585.569801330566 608.960311889648 650.64203453064 708.355518341064 615.813522338867 750.248142242432 762.340595245361 827.608627319336 676.891031265259 755.898208618164 804.09252166748 655.094802856445 636.068054199219 527.03205871582 637.044826507568 708.617767333984 705.259338378906 844.229217529297 783.184005737305 721.945266723633 802.092485144734 739.16633605957 1067.55430984497 531.662033081055
696.160606384277 573.48360824585 681.527816772461 707.836608886719 422.120376586914 780.140411376953 748.58399772644 731.714319229126 592.040828704834 644.705463409424 716.881271362305 602.767848968506 665.646196365356 802.237335205078 748.897834777832 741.059867858887 507.30672454834 613.53556060791 518.861022949219 566.799163818359 618.512386322021 710.904769897461 515.401992797852 598.23023223877 742.65372467041 566.45329284668 551.81950378418 613.016868591309 633.074283599854 628.651794433594 735.541648864746 703.607833862305 816.695495605469 799.385444641113 773.533409118652 798.225227355957 840.655075073242 654.706474304199 746.201314926147 592.078254699707 594.955551147461 941.138175964355 572.684326171875 977.472137451172 883.292739868164 505.447174072266 794.001098632812 834.287357330322 587.617004394531 996.06254196167
659.457815170288 653.509296417236 832.52897644043 652.98148727417 731.866920471191 526.796127319336 673.50537109375 566.778106689453 718.901096343994 725.566200256348 854.654830932617 862.081329345703 663.713011741638 596.609758377075 697.277809143066 670.18185043335 634.322842597961 704.271900177002 580.927032470703 662.611951828003 816.209777832031 668.802732467651 675.014892578125 535.530258178711 668.541173934937 541.166275024414 781.807388305664 563.295082092285 671.18515586853 781.054504394531 724.39030456543 648.198844909668 696.893578529358 809.144821166992 705.389387130737 777.227111816406 655.665138244629 570.464324951172 471.665924072266 545.629272460938 953.331329345703 939.067649841309 795.460182189941 684.148056030273 883.438394546509 879.880767822266 762.017868041992 762.702705383301 964.688354492188 824.640869140625
765.707931518555 765.321014404297 1049.15072631836 908.964859008789 721.346134185791 579.151512145996 559.324844360352 748.21919631958 566.629440307617 731.105922698975 668.673080444336 856.149017333984 773.171211242676 639.037479400635 703.737205505371 650.429447174072 728.267181396484 672.760919570923 786.339721679688 644.825714111328 541.46883392334 748.05029296875 669.371603012085 675.531325727701 750.264953613281 625.671463012695 637.079769134521 624.884780883789 586.720771789551 741.253774642944 574.479629516602 673.082166671753 830.876907348633 679.075342178345 803.017906188965 762.801044464111 789.036764144897 709.722011566162 731.781398773193 606.309753417969 751.974967956543 911.109855651855 681.616546630859 688.294258117676 686.983222961426 717.288032531738 603.507446289062 664.285110473633 768.550872802734 713.306648254395
775.14306640625 863.406234741211 814.272430419922 761.112922668457 785.949188232422 554.2294921875 521.034645080566 619.549913406372 668.541481018066 875.953079223633 727.015596389771 616.874313354492 655.041694641113 754.43579864502 816.886642456055 703.500761032104 630.611307144165 699.202438354492 636.529272317886 518.819671630859 570.353530883789 521.783493041992 619.685455322266 657.562690734863 615.973400115967 674.355530798435 709.199569702148 719.645845413208 693.573040485382 522.949661254883 685.699992179871 645.256118774414 764.660751342773 736.550395965576 796.336097717285 854.633346557617 673.707244873047 616.957511901855 514.85546875 683.839772537351 1062.47532272339 861.401405334473 660.021713256836 899.744995117188 815.102806091309 809.029140472412 646.168701171875 577.70198059082 879.098503112793 1000.25257873535
676.96467590332 743.701141357422 622.775350570679 640.641679763794 666.417346954346 643.079941511154 675.81713104248 470.449913024902 774.229957580566 718.888971328735 662.702299118042 732.230369567871 677.403482437134 896.100204467773 959.986999511719 711.327457427979 715.671005249023 670.740981578827 449.831573486328 589.716918945312 628.751571655273 634.694183349609 541.012069702148 592.007720947266 720.583168029785 748.563568115234 640.809455871582 463.745010375977 591.258071899414 619.805076599121 731.405632019043 687.756717681885 739.105049133301 751.922267913818 872.740509033203 771.59831237793 608.879577636719 733.111549377441 534.891166687012 815.987140655518 606.833923339844 1298.54544448853 899.591934204102 715.843650817871 651.544082641602 668.342468261719 755.327644348145 873.404006958008 1074.0173034668 764.569641113281
730.387016296387 652.399719238281 667.706493377686 734.596122741699 576.811408996582 610.055656433105 682.06291103363 558.861389160156 623.311454772949 674.173765182495 607.210525512695 667.668403625488 604.43628692627 772.450057983398 791.47127532959 804.396011352539 746.547035217285 683.45858001709 534.026702880859 648.400798797607 617.62760925293 712.99084854126 631.766067504883 709.762042999268 681.771965026855 672.318183898926 601.161590576172 637.810541152954 674.37872171402 633.520854949951 745.8330078125 688.891361236572 670.518548965454 817.714111328125 799.109794616699 683.769076347351 642.074411392212 675.102821350098 598.295074462891 701.624542236328 690.183006286621 774.741058349609 928.655548095703 767.763122558594 1003.8865737915 620.160018920898 954.177062988281 602.160766601562 656.188064575195 675.967742919922
670.754953384399 462.578247070312 723.44278717041 497.287338256836 622.960412979126 586.97932434082 599.43225479126 652.62223815918 557.069725036621 662.445110321045 509.065048217773 708.447860717773 629.00666809082 659.154215812683 692.757518768311 820.898635864258 783.453765869141 654.447725296021 515.664764404297 765.800785064697 608.839569091797 598.22481918335 644.655578613281 709.99425983429 711.156621932983 665.859493255615 719.417236328125 672.630110263824 815.877166748047 645.115161895752 748.118450164795 729.356904983521 741.842636108398 656.005855560303 788.713851928711 659.679376602173 612.153635025024 705.816720962524 690.719343185425 855.007865905762 658.229568481445 791.604293823242 647.064514160156 913.763748168945 634.048072814941 734.418548583984 1194.16361999512 573.044830322266 540.56640625 582.512313842773
643.147466659546 706.501205444336 740.481925964355 706.08984375 668.587827682495 544.760864257812 756.204360961914 675.884586334229 703.248886421323 723.269676208496 660.868925094604 674.985492706299 608.217174530029 690.752071380615 603.795372009277 677.611618041992 695.699947357178 647.401336669922 669.252681732178 722.861207485199 758.63525390625 656.317974090576 673.758125305176 836.766189575195 695.095718383789 576.863204956055 751.047950744629 796.218284606934 730.50464630127 548.69751739502 736.841918945312 795.785743713379 692.583638191223 676.504674911499 702.679317474365 767.127742767334 568.714744567871 780.30883026123 653.91748046875 729.558364868164 537.976364135742 817.957027435303 744.35026550293 560.518096923828 745.485504150391 637.128524780273 1030.14691162109 689.000152587891 590.356689453125 683.283630371094
579.193950653076 671.373081207275 692.49454498291 656.796867370605 606.799938201904 602.556844711304 737.489387512207 629.958046913147 584.361835479736 733.222595214844 839.797897338867 585.580139160156 642.525621414185 610.603218078613 632.531791448593 770.055084228516 652.634973526001 743.93140411377 699.658088684082 723.814552307129 573.269111633301 748.458229064941 678.709418296814 607.257720947266 586.959777832031 888.65983581543 597.75016784668 762.541374206543 610.149967193604 745.023609161377 563.897773742676 708.263129711151 806.247169494629 668.475696563721 739.964469909668 686.759576797485 539.774002075195 579.908760070801 773.062614440918 706.896896362305 719.747714996338 962.976425170898 578.016387939453 777.022331237793 905.724643707275 750.624397277832 599.020004272461 581.927261352539 850.101097106934 972.100311279297
763.42268371582 460.503479003906 696.429336547852 618.681089401245 569.905540466309 628.50257396698 664.156175613403 829.564697265625 828.391784667969 757.241577148438 640.537908554077 700.86971282959 646.602571487427 746.905952453613 686.160446166992 680.68835067749 631.653434932232 871.839172363281 627.13537311554 716.95694732666 647.279281616211 630.968088150024 652.695850372314 647.822624206543 482.306015014648 750.189441680908 856.509887695312 605.975364685059 652.626884460449 625.462097167969 834.458290100098 675.289698600769 662.151672363281 711.527183532715 437.945266723633 669.05763053894 510.230453491211 529.117462158203 571.241317749023 865.537330627441 628.794219970703 1004.41746520996 656.767997741699 728.484329223633 1036.69451904297 789.589555740356 915.852783203125 720.315567016602 831.235809326172 661.121490478516
703.962718963623 681.48316192627 559.302143096924 618.209008216858 703.299629211426 582.238647460938 557.094123840332 619.214996337891 555.338973999023 726.915489196777 622.659996032715 684.649261474609 731.073722839355 1113.03486633301 1130.33508300781 732.065731048584 930.785285949707 649.176236152649 840.449111938477 668.970188140869 884.174575805664 695.756128311157 545.931106567383 859.444625854492 647.143341064453 728.773170471191 668.933961868286 744.228927612305 788.185272216797 688.901217460632 606.601715087891 690.434250831604 591.25447845459 795.314014434814 715.440828323364 696.202125549316 718.157245635986 761.346874237061 709.128166437149 857.793327331543 746.869125366211 889.524967193604 686.321762084961 489.671279907227 709.538223266602 710.493148803711 536.110504150391 689.134475708008 655.555603027344 929.029342651367
657.580215036869 661.660182952881 728.819198608398 602.475368499756 611.644674301147 760.018218994141 683.748596191406 589.916549682617 565.201438903809 725.195487976074 554.836212158203 660.652177810669 621.24226474762 935.322479248047 637.273973464966 669.415031433105 867.236022949219 730.322395324707 691.329423904419 714.441523551941 682.714935034513 608.483505249023 708.563792109489 720.79963684082 712.737952232361 720.782312393188 691.441677093506 656.310241699219 702.62325668335 728.945599555969 782.625801086426 674.700996398926 758.526967525482 748.365718841553 731.615386962891 703.703314781189 660.877489089966 625.611963272095 674.601570129395 1055.08184814453 1104.60233306885 554.055740356445 1112.85574150085 597.257781982422 386.509292602539 529.069427490234 765.76891708374 673.500534057617 716.122440338135 1104.16989898682
746.558067321777 797.868133544922 918.527893066406 646.768990516663 647.142279863358 525.944122314453 621.517427444458 610.400638580322 641.703889846802 704.876678466797 577.456985473633 744.548801660538 725.967955708504 586.304624557495 610.475793838501 640.172149658203 819.654930114746 863.70565032959 795.421997070312 627.867080688477 745.632472515106 609.613708496094 1376.63710784912 623.664211273193 725.234275817871 655.739038467407 615.469802856445 805.293067932129 686.168755531311 782.830879211426 767.790050506592 746.893150568008 742.203991889954 583.689392089844 818.933120727539 795.635475158691 694.484582901001 546.157440185547 651.302677154541 1059.53819656372 639.98791885376 641.071647644043 401.116271972656 1456.52275085449 618.518630981445 1560.55828857422 662.605484008789 611.064163208008 1000.74996948242 843.620365142822
995.201934814453 869.442642211914 854.380073547363 716.024342060089 785.733070373535 576.248020172119 546.499542236328 529.079071044922 666.807536900043 746.296510696411 592.33422088623 832.526725769043 814.838226318359 619.856018066406 755.492027282715 1153.0500087738 1054.9937210083 729.449974060059 572.186431884766 576.324127197266 646.766145706177 595.76432800293 597.543998718262 880.819198608398 691.916481018066 630.092636108398 529.117897033691 903.993392944336 716.39616394043 804.215805053711 583.917694091797 670.714031219482 633.027473449707 679.757591247559 654.18921661377 577.946334838867 692.164569854736 694.092265605927 763.477279663086 764.455703735352 557.324089050293 494.762023925781 502.103134155273 720.946495056152 825.449890136719 982.667007446289 670.704238891602 800.312263965607 590.186233520508 684.765068054199
