export/dem/dem54.asc
NCOLS 350
NROWS 171
XLLCORNER 152620
YLLCORNER 418050
CELLSIZE 100
NODATA_VALUE -9999
[rows 22 to 43 of 171, columns 150 to 199 of 350]
615.669916152954 734.539428710938 511.078689575195 566.164001464844 642.643484115601 467.348663330078 526.288505554199 449.169662475586 568.504989624023 553.312637329102 526.765998840332 701.478092193604 997.759857177734 489.895645141602 688.761642456055 727.65596818924 808.646194458008 759.095847606659 570.784217834473 630.367774963379 673.256889343262 502.660858154297 727.528678894043 613.615219116211 646.860473632812 618.991973876953 828.757934570312 636.856346130371 688.405307769775 738.273986816406 534.765289306641 477.924163818359 564.736865997314 579.143508911133 570.320350646973 643.364561080933 581.414039611816 600.044502258301 656.55166053772 593.675186157227 688.023373603821 681.602890014648 649.487014770508 692.48582649231 587.641372680664 651.499681472778 708.334259033203 688.386627197266 805.781982421875 599.374969482422
636.324523925781 780.707153320312 538.260437011719 573.120300292969 539.15064239502 577.140031814575 471.593231201172 453.192886352539 534.243171691895 518.476203918457 732.369598388672 627.301750183105 721.064441680908 618.530799865723 502.05029296875 679.926223754883 664.172004699707 849.854721069336 609.91446685791 478.383071899414 689.089065551758 560.503219604492 688.82629776001 493.026382446289 540.525207519531 426.962463378906 1178.00400543213 725.980499267578 669.740942955017 512.426010131836 459.149383544922 690.327144622803 556.325637817383 637.125175237656 479.140121459961 501.641983032227 590.281436920166 537.597152709961 580.26379776001 609.442573547363 783.662078857422 811.633148193359 618.962162017822 799.810424804688 681.926132202148 553.995445251465 567.428810119629 789.808067321777 829.698143005371 629.734464645386
487.980224609375 593.221731185913 544.226669311523 716.205726623535 541.060256958008 622.970624446869 564.251049041748 586.832223892212 647.547603607178 587.249816894531 634.785835266113 795.533004760742 1022.30842208862 759.589637756348 534.498390197754 1283.11061859131 745.413454055786 470.0537109375 598.02897644043 554.952865600586 769.532493591309 637.544281005859 646.169998168945 553.622741699219 513.240112304688 657.987392425537 539.48014831543 619.802047729492 652.926382064819 521.003845214844 686.996482849121 673.731286883354 611.356439590454 547.465850830078 710.596305847168 541.942741394043 617.61548614502 661.23557472229 689.816499710083 634.885677337646 794.476577758789 819.044036865234 723.95516204834 624.986724853516 726.156579971313 430.237670898438 579.809135437012 701.681502819061 700.30451965332 681.200975418091
463.438354492188 519.274864196777 590.336871623993 595.246128082275 595.072297096252 348.058944702148 551.33032989502 735.425262451172 503.341644287109 516.958419799805 559.908309936523 640.427376270294 1124.58955764771 619.172603607178 876.788505554199 694.919157981873 500.840423583984 963.453453063965 704.379240036011 654.965888977051 1021.65033721924 971.568656921387 585.434783935547 597.808929443359 353.683013916016 515.464752197266 527.306671142578 754.710926055908 639.812885284424 518.131149291992 740.706428527832 767.898277282715 616.556507110596 585.163570404053 692.028736114502 576.98641204834 634.223514556885 739.679985046387 761.935050964355 686.391906857491 898.667053222656 708.682326316833 719.17493057251 780.927619934082 678.466316223145 684.560974121094 674.648693323135 700.392950057983 654.933780670166 520.74153137207
616.132181167603 423.995574951172 595.516958475113 588.149391174316 546.990291595459 488.683959960938 611.228190422058 655.047546386719 640.699195861816 596.795957565308 616.317018508911 720.334823608398 743.104669570923 625.82942199707 508.151741027832 834.384387969971 590.026229858398 783.903566360474 409.515319824219 649.62646484375 644.209075927734 516.993621826172 587.506896972656 643.853710174561 632.571601867676 603.265640258789 727.16227722168 387.408935546875 538.666442871094 526.335227966309 715.741815775633 661.354608535767 755.102424621582 563.785579681396 682.642555236816 751.895492553711 727.657302856445 536.859069824219 608.290710449219 696.107395172119 615.572317123413 585.436492919922 688.286403656006 692.728406906128 735.033897399902 694.908742904663 727.633743286133 608.240264892578 585.695678710938 757.609916687012
639.766941070557 422.212020874023 514.434631347656 381.708877563477 609.48561668396 591.881869316101 702.127006530762 646.39647102356 647.196872711182 640.757419586182 611.688373565674 688.612878799438 766.635734558105 724.510927200317 775.973770141602 560.152816772461 732.086822509766 503.10546875 478.244338989258 830.938110351562 487.738632202148 642.216613769531 690.347624063492 587.643890380859 615.074474334717 715.680755615234 683.081376552582 710.326633453369 511.825958251953 679.674545288086 633.659072875977 588.379913330078 619.771268844604 777.237869262695 739.749374389648 703.819343566895 629.267004013062 665.918920516968 698.38960647583 754.094680786133 708.399638175964 661.936547279358 656.703732013702 579.956985473633 640.790866851807 577.333320617676 638.490829467773 755.70671081543 621.204187393188 516.953201293945
533.716300964355 606.082538604736 564.798997879028 405.079132080078 588.621116638184 580.887343429029 611.321878433228 511.092308044434 613.301908493042 506.262031555176 697.964061737061 1111.07918548584 833.956119537354 714.160934448242 526.299621582031 1121.84676361084 531.713233947754 1048.28790283203 570.712188720703 724.842544555664 651.005081176758 581.873443603516 506.295928955078 643.547294616699 572.251693725586 620.962249755859 642.890125274658 896.619613647461 699.747940063477 563.000553131104 561.24089050293 675.223453521729 683.634162902832 627.428745269775 664.323497772217 708.793060302734 651.041851043701 607.746547698975 449.774124145508 490.870185852051 563.066955566406 985.885377407074 686.466110229492 569.822731018066 622.778438568115 598.506597518921 648.788675308228 660.182929992676 472.303924560547 573.092126846313
484.546203613281 559.55306994915 523.248065948486 458.645576477051 634.078304290771 522.635620117188 403.913925170898 484.22966003418 530.229587554932 454.875244140625 597.521286010742 1093.60096740723 934.493316650391 1066.52841949463 757.94303894043 787.35652923584 622.47798538208 501.889572143555 468.20198059082 629.647971153259 977.801990509033 502.013000488281 741.92204284668 904.66215133667 624.695586681366 504.983001708984 555.28963470459 650.388702392578 676.853485107422 660.032939910889 491.959762573242 642.255466461182 706.065322875977 665.447580337524 634.625308036804 761.042098999023 693.254173278809 567.903602600098 541.440906524658 508.575500488281 481.724166870117 795.459560394287 585.498043060303 674.65612411499 558.02140045166 508.038116455078 587.161678314209 785.577590942383 680.349853515625 670.070487976074
482.118797302246 498.171504974365 544.121451854706 469.533309936523 433.048652648926 539.020290374756 559.843226909637 451.056907653809 660.92960357666 678.856559753418 697.284240722656 934.835610389709 1253.13162231445 650.333312988281 864.227897644043 441.738494873047 480.483139038086 578.721926450729 574.762711524963 656.558502197266 859.290822505951 678.696012973785 634.983373641968 469.306762695312 637.718639373779 682.049095153809 624.572151184082 643.652082443237 634.822322845459 607.526913642883 733.743881225586 641.096565246582 705.269340515137 657.518859863281 648.541833877563 709.814262390137 599.36465215683 389.370407104492 511.612937927246 564.017562866211 699.900074005127 649.893405914307 530.187141418457 652.006201982498 672.703243255615 672.069755554199 651.465702056885 704.603584289551 518.436058044434 641.274829864502
521.251287460327 625.144714355469 599.221393585205 507.19522857666 561.879209518433 524.616249084473 528.26220703125 384.585601806641 672.438255310059 752.746047973633 878.967887878418 534.780075073242 892.9800593853 502.278121948242 582.182037353516 654.722793579102 653.548263549805 528.392181396484 575.767050266266 678.846572875977 585.831225395203 565.528963088989 602.596302032471 485.93473815918 574.025615692139 395.30615234375 685.558957099915 453.045150756836 523.37850189209 547.346908569336 644.839378356934 521.247421264648 633.44157409668 654.030395507812 655.64266204834 609.956684112549 639.129318237305 624.354251861572 540.0517578125 503.150505065918 727.39333152771 665.014240264893 601.099234104156 676.413391113281 578.829677581787 652.429489135742 611.901660919189 810.620986938477 512.339736938477 660.715110778809
526.662521362305 627.877086639404 524.042959213257 513.083862304688 395.835144042969 500.112045288086 655.535675048828 538.922348022461 813.572788238525 607.067066192627 631.552154541016 592.915115356445 673.173332214355 513.017395019531 623.517213821411 553.09375 531.945667266846 670.189804077148 755.841644287109 527.077110290527 607.167922973633 629.938842773438 579.211096763611 635.073417663574 519.574489593506 432.814575195312 571.452802658081 681.156364440918 612.64102935791 569.290429592133 591.811923980713 470.357406616211 496.208187103271 505.496517181396 535.652339935303 688.532554626465 471.671951293945 526.929214477539 667.774032592773 777.068923950195 661.134924173355 759.568252563477 628.828712463379 461.887710571289 679.502891540527 488.863990783691 605.371112823486 657.948287963867 671.09497833252 563.202493667603
549.845383167267 558.005187988281 798.066375732422 565.603497743607 526.696792602539 419.672256469727 479.238410949707 522.453964233398 621.426498413086 661.558666229248 745.077209472656 606.575471878052 547.451564788818 508.029495239258 518.203605651855 597.851712226868 577.684199869633 713.008926391602 723.619445800781 622.96342086792 760.339080810547 751.804977416992 577.081073760986 450.853057861328 481.013748168945 416.731079101562 526.930912017822 701.047058105469 534.620126724243 625.070373535156 570.640752792358 696.42325592041 504.012031555176 530.860685348511 516.115810394287 636.28173828125 527.009502410889 509.459510803223 650.791362762451 525.154640197754 692.02921295166 597.598195075989 565.165861606598 412.017761230469 565.686462402344 622.491878509521 645.526496887207 522.585453033447 634.2421875 594.904265880585
672.129608154297 626.511665344238 598.927612304688 445.466430664062 601.702884674072 456.077835083008 602.901279449463 486.986053466797 470.202949523926 423.805908203125 506.122581481934 587.057710647583 399.072357177734 516.969951629639 513.839042663574 461.869270324707 535.696175575256 716.101837158203 679.569923400879 673.124725341797 784.66276550293 602.049940109253 603.145488739014 608.07746887207 486.209098815918 464.513847351074 505.633422851562 556.614288330078 574.53949546814 605.550182342529 606.384918212891 581.9592628479 554.519831895828 486.301605224609 497.36206817627 501.99666595459 600.114717483521 693.063468933105 689.012397766113 677.447914123535 534.756986618042 560.820645853877 575.138110160828 541.731225967407 685.927844047546 627.508628845215 501.748222351074 687.669292449951 577.15022277832 488.305633544922
552.42917484045 579.3996925354 559.314249038696 602.126686096191 609.204608917236 484.178207397461 590.266754150391 647.590049743652 574.095094680786 399.015335083008 729.453552246094 602.317535400391 545.043071746826 480.746917724609 527.922988891602 473.433547973633 505.997898101807 720.57991027832 471.74764251709 592.247169494629 734.340774536133 510.743885040283 542.8479347229 574.972204208374 687.643524169922 401.243743896484 634.099979400635 609.022964477539 537.023721694946 496.596801757812 497.199066162109 536.854561805725 588.696277618408 498.580078125 654.053245544434 480.774787902832 716.524719238281 724.996368408203 485.888137817383 486.869216918945 572.719202041626 500.089820861816 683.538440704346 617.34335899353 1251.89674377441 575.303464889526 605.842433929443 573.142578125 542.941915512085 569.344889640808
562.375917434692 469.051338195801 434.72241973877 657.358291625977 587.428329467773 488.53099822998 603.895240783691 724.24690246582 427.455932617188 559.039115905762 509.574634552002 432.401931762695 545.486026287079 423.244522094727 468.775672912598 450.140083312988 539.817583084106 612.517784118652 517.237480163574 483.7467918396 626.013648986816 534.311479568481 653.088188171387 699.055160522461 449.096977233887 609.642395019531 530.417331695557 714.67157459259 570.105918884277 501.375022888184 608.267044067383 579.606857299805 526.453022003174 470.305801391602 623.454456329346 549.241587162018 498.581394195557 564.390602111816 628.50904750824 558.870816230774 445.642585754395 501.594482421875 480.834632873535 500.745552062988 1034.25002336502 657.669326782227 639.024932861328 409.242065429688 501.312007904053 560.210589885712
579.207786560059 311.736236572266 420.970291137695 353.773178100586 464.516868591309 462.866676330566 489.830291748047 559.377565383911 539.344162940979 557.022449493408 611.578708648682 584.152138710022 367.661651611328 497.870475769043 553.973024368286 618.346351623535 574.74108505249 358.191909790039 523.807425498962 565.046937942505 558.354978561401 529.012079238892 485.555088043213 569.236186981201 407.057563781738 495.132608413696 714.176284790039 708.724494934082 982.550115585327 496.097087860107 653.506423950195 637.444939613342 685.618370056152 728.581336975098 521.694097518921 509.044246673584 475.245620727539 461.22794342041 485.018333435059 501.987518310547 523.324073791504 456.63646697998 556.374112129211 423.05150604248 584.344543457031 471.476341247559 407.989379882812 560.788489341736 639.624801635742 522.813941955566
483.120307922363 521.860317230225 553.617534637451 510.254318237305 577.604446411133 524.974685668945 552.222396850586 412.150024414062 639.010744094849 604.973865509033 594.531759262085 643.704902648926 474.233123779297 415.450546264648 644.175720214844 492.036964416504 564.26072883606 584.941272735596 562.643253326416 626.000450134277 561.609000831842 594.572956085205 581.941665649414 696.751708984375 502.877559661865 554.182627677917 518.878384590149 566.066814422607 875.33708190918 493.421104431152 708.858749389648 616.631118774414 556.240400314331 609.394653320312 626.155876159668 524.376351594925 403.466003417969 510.507614135742 677.414596557617 559.119793891907 517.373237609863 547.376296043396 466.207054138184 360.772186279297 499.677013397217 419.079086303711 524.474407196045 620.319633483887 586.484107971191 536.7331199646
663.775428891182 468.413757324219 491.761604309082 463.637809753418 526.498916864395 394.874229431152 449.480995178223 529.966953277588 639.966407775879 752.642761230469 644.022315979004 668.276641845703 433.320114135742 512.550247192383 586.475021362305 484.09400177002 640.309219360352 521.955730438232 557.733943939209 573.581336975098 602.981643676758 544.009724617004 573.552284240723 468.43970489502 385.457637786865 483.466285705566 659.717376708984 508.941368103027 848.59441947937 846.918167114258 529.544340133667 507.408744812012 625.561637878418 591.952423095703 706.032608032227 434.36026763916 554.552198410034 505.112911224365 512.137954711914 608.782356262207 590.322982788086 499.113140106201 540.0900182724 421.523391723633 555.83443069458 367.685195922852 493.402042388916 602.245025634766 628.26530456543 550.825759887695
588.652948379517 539.328822135925 476.605659484863 610.710121154785 491.218193054199 537.757637023926 514.131561279297 558.631025791168 537.930154323578 528.05940246582 624.677013397217 652.810432434082 466.858993530273 534.040615081787 613.828948974609 576.46858215332 472.193305969238 640.533767700195 572.292562484741 514.091724395752 644.537315368652 514.839372634888 536.839345932007 485.09481048584 529.35103225708 512.389430999756 492.071411132812 695.355026245117 676.763790130615 452.381462097168 528.263669967651 532.584577560425 613.736289978027 660.421501159668 521.299510955811 481.359973907471 580.433483123779 449.607284545898 566.105182647705 541.40257704258 494.187900543213 433.321502685547 512.554721832275 550.868938922882 511.065441131592 327.863082885742 500.776206970215 627.613109588623 598.550762176514 661.519271850586
485.373416900635 581.860450744629 581.460369110107 581.009441375732 567.371459960938 626.163848876953 542.425818651915 495.02001953125 623.43346786499 536.277893066406 572.681531906128 537.135887145996 612.7265625 452.2799949646 385.651245117188 498.269931793213 611.5168800354 455.780410766602 553.503461837769 629.605278015137 660.146636962891 615.437324523926 523.45080947876 561.552114486694 415.113578796387 535.249324798584 401.700668334961 621.969108581543 800.067087173462 581.112531371415 499.935863494873 520.556354522705 514.442068099976 518.84564781189 492.786552429199 586.115867614746 598.287258148193 634.692230224609 438.659812927246 489.663291931152 581.172046661377 458.42862701416 397.869476318359 412.366668701172 636.06519317627 546.777016639709 521.040033340454 539.572179794312 444.84504699707 532.556306838989
353.743087768555 551.432758331299 504.635814666748 584.601985931396 653.978713989258 588.095233917236 518.462324142456 468.177619934082 450.787124633789 503.483131408691 529.868118286133 515.016563415527 546.688568115234 538.385707855225 545.19544506073 554.040246963501 479.345893859863 499.224668502808 551.574727058411 666.305603027344 556.957611083984 587.208034515381 564.39623260498 543.513276576996 516.668575286865 420.89111328125 472.016220092773 443.57487487793 659.237075805664 794.459739685059 622.345445632935 662.922439575195 627.029075622559 611.145240783691 491.921535491943 591.691646575928 543.962408065796 470.134353637695 489.924617767334 313.055328369141 380.763977050781 427.207466125488 459.492805480957 554.739988327026 572.583209991455 446.579246520996 443.044532775879 568.786640167236 473.376358032227 642.083114624023
541.238815307617 676.565612792969 495.736804962158 464.790489196777 679.33186340332 671.798561096191 603.837291717529 511.282871246338 445.976715087891 396.036506652832 706.820617675781 660.902290344238 636.72819519043 690.032531738281 558.55250453949 533.437549591064 595.241416931152 502.228881835938 554.562900543213 594.842163085938 557.098287582397 595.149585723877 653.821533203125 618.483753204346 586.466606140137 490.148765563965 426.905578613281 668.141448974609 542.113117218018 501.624206542969 739.238615989685 710.30557346344 634.228130340576 559.07844543457 553.195676803589 429.33570098877 490.743316650391 628.776214599609 659.032691955566 563.516372680664 645.291969299316 544.987567901611 707.42977142334 687.615690231323 573.971305847168 615.409164905548 521.489547729492 597.936531066895 569.70378780365 578.344430685043
