export/dem/dem51.asc
NCOLS 350
NROWS 171
XLLCORNER 152620
YLLCORNER 418050
CELLSIZE 100
NODATA_VALUE -9999
[rows 22 to 43 of 171, columns 50 to 99 of 350]
-9999 -9999 -9999 -9999 -9999 -9999 -9999 -9999 -9999 796.165405273438 701.326148986816 749.952583312988 684.590495586395 761.522163391113 420.068935394287 572.076126098633 534.930858612061 523.839351654053 434.408950805664 624.059038162231 526.398529052734 605.35258102417 617.146450996399 656.707984209061 858.182893514633 819.666534423828 686.882160186768 844.88117980957 698.584476470947 591.681545257568 625.049966812134 572.368494033813 489.980369567871 649.220119476318 400.257461547852 602.1159324646 446.052032470703 579.863770484924 440.144958496094 417.519714355469 562.34009552002 505.792846679688 1119.11064815521 734.551792144775 439.282150268555 677.088363647461 530.44344329834 583.767333984375 659.240798950195 1472.48141479492
-9999 -9999 -9999 -9999 -9999 -9999 -9999 -9999 978.06303024292 576.189422607422 554.791213989258 696.10907459259 636.936634063721 454.607761383057 501.59317779541 555.598731994629 734.639434814453 665.555875778198 576.245357513428 612.508848190308 629.846406936646 884.128106117249 610.952784538269 583.511611938477 651.592384338379 598.825853347778 756.246765136719 504.88037109375 561.559885025024 484.418312072754 531.924778938293 511.863443374634 598.531566619873 522.931911468506 534.456024169922 656.648216247559 526.310718536377 909.036193847656 696.461685180664 1206.65352249146 685.427963256836 645.930156707764 390.739974975586 522.091667175293 505.455299377441 646.272762298584 491.402244567871 759.992782592773 570.650950431824 1233.75727820396
-9999 -9999 -9999 -9999 -9999 -9999 -9999 777.879180908203 915.108692169189 920.837911605835 520.539604187012 554.617965698242 523.912254333496 474.058353424072 529.36816906929 592.180957794189 593.546722412109 483.154037475586 574.94319152832 632.292919158936 701.547285079956 620.270336151123 394.835296630859 541.942100524902 674.07483291626 634.23624420166 602.88480758667 491.663722991943 611.789875030518 1095.03688049316 751.665309906006 662.800857543945 630.6201171875 510.540210723877 684.021408081055 540.913818359375 664.059860229492 735.83521270752 538.87085723877 557.337066650391 525.024314880371 607.778057098389 553.328639984131 633.096549987793 614.720378875732 493.546310424805 628.292171478271 653.230422973633 242.837493896484 912.060684204102
-9999 -9999 -9999 -9999 -9999 -9999 747.1279296875 622.839904785156 815.787353515625 718.097869873047 504.854995727539 598.664806365967 426.324035644531 512.694103240967 510.863870620728 546.565093994141 418.814102172852 554.134185791016 469.716903686523 439.012664794922 646.754344940186 585.992454528809 505.695869445801 629.313658714294 499.746673583984 610.092124938965 484.516479492188 1116.97900390625 813.771114349365 777.890478134155 697.769519805908 656.550434112549 620.785690307617 810.005722045898 617.031257629395 525.057815551758 585.387783050537 730.042701721191 501.854843139648 670.15705871582 631.852230072021 568.452703475952 472.974899291992 432.55615234375 698.211091995239 685.703247070312 575.794074058533 559.464664459229 519.733531951904 728.616424560547
-9999 -9999 -9999 -9999 -9999 556.723266601562 427.509872436523 444.369495391846 261.218078613281 514.756088256836 630.650663375854 535.551712036133 703.818508148193 658.869258880615 561.819808959961 709.767871856689 325.808319091797 537.089529037476 542.071884155273 571.005910158157 705.415480613708 618.862819671631 628.337078094482 497.07731628418 599.259795188904 723.503982543945 695.891616821289 726.837127685547 926.288446426392 717.294258117676 718.665494918823 616.423240661621 572.767631530762 582.026268005371 520.225845336914 774.172752380371 437.102096557617 449.876449584961 602.269424438477 482.718727111816 533.909799575806 491.714515686035 526.254108428955 455.562896728516 585.782005310059 601.89998626709 516.83084487915 688.588218688965 565.363330841064 701.376465082169
-9999 -9999 -9999 -9999 463.998054504395 538.785537719727 369.458358764648 278.601547241211 287.063110351562 502.216293334961 543.980758666992 621.457138061523 510.125793457031 387.424331665039 502.500709533691 595.592681884766 382.468124389648 437.211158752441 470.079872131348 452.489868164062 644.893905639648 474.428344726562 481.830154418945 930.297943115234 877.805992126465 700.985260009766 564.611801147461 686.751045227051 789.42883682251 778.707824707031 529.275230407715 585.547348022461 565.254634857178 650.896453857422 593.082252502441 501.710556030273 543.596794128418 535.07833480835 510.077209472656 642.314937591553 557.206833839417 643.453765869141 541.350884437561 576.249805569649 515.031913757324 614.66939163208 632.368148803711 601.583127975464 512.474838256836 621.650424957275
-9999 -9999 -9999 1119.89580535889 398.778869628906 518.88069152832 463.429107666016 294.800064086914 444.094635009766 651.993586540222 759.2688331604 642.598541259766 617.487640857697 699.801849365234 720.039525985718 482.92236328125 497.192398071289 533.305244445801 428.751113891602 394.14924621582 501.769687652588 443.990707397461 816.327167510986 391.869033813477 493.654159545898 428.670974731445 628.518087387085 590.229438781738 588.013069152832 415.402137756348 550.642469406128 425.972831726074 448.370574951172 563.716201782227 490.199645996094 569.535768508911 488.582695007324 511.466960906982 518.083000183105 408.652229309082 488.054779052734 550.102885723114 470.985363006592 514.317780017853 564.27271270752 531.926964044571 641.462593078613 405.626678466797 519.191680908203 592.527038574219
-9999 -9999 655.433284759521 991.826507568359 278.569717407227 376.430702209473 620.040731430054 344.554748535156 623.040140151978 621.370399475098 614.68318939209 558.004409790039 436.215698242188 709.987476348877 768.339378356934 630.249237060547 682.317490100861 474.486663818359 976.723518371582 496.112213134766 1028.70054626465 489.766311645508 371.053070068359 519.989318847656 447.717441558838 457.504955291748 407.392921447754 530.143211364746 446.37328338623 522.388479232788 564.408531188965 683.864738464355 545.39439201355 505.477401733398 563.644004821777 567.344100952148 334.06413269043 474.919723510742 481.559921264648 334.759658813477 370.509178161621 370.702163696289 449.325687408447 336.780227661133 422.374931335449 574.672180175781 607.12720489502 578.39319229126 346.810943603516 783.780380249023
-9999 -9999 560.027130126953 1090.63721847534 1050.54107475281 270.727615356445 645.270288467407 494.108419418335 607.229402542114 487.647476196289 625.863942146301 516.445635318756 736.64545917511 590.517730712891 718.271329879761 540.808837890625 562.573097229004 593.703266143799 736.737373352051 448.757675170898 403.678215026855 585.437861442566 411.690582275391 341.379135131836 429.340869903564 315.70654296875 379.052406311035 562.198844909668 364.780830383301 379.300498962402 403.70325088501 555.800498962402 400.35440826416 331.335891723633 536.97868347168 517.945858001709 590.893844604492 586.296604156494 444.541610717773 383.300392150879 417.604583740234 449.993965148926 313.822006225586 493.546225547791 471.602548599243 532.38981628418 527.095277786255 515.584862709045 378.288558959961 786.146278381348
-9999 688.177379608154 818.472946166992 590.149879455566 554.335166931152 623.933847427368 653.807140350342 790.600921630859 625.501480102539 582.327922821045 583.106555938721 645.866962552071 594.523475646973 512.061431884766 424.806045532227 635.205883979797 505.753200531006 460.49641418457 432.207984924316 420.422378540039 424.073188781738 499.166751861572 391.22176361084 486.101982116699 424.197124481201 473.646041870117 362.964530944824 627.87922668457 458.401575565338 467.646138191223 476.504812002182 516.682857513428 569.439888000488 513.288475036621 500.349365234375 464.488007068634 468.068671226501 649.329345703125 528.918876647949 474.843004226685 428.615539550781 581.039304733276 483.408283233643 398.602020263672 490.358900547028 433.106864929199 508.260980993509 501.808995246887 451.262367248535 548.642273902893
484.88257598877 679.519227981567 472.723739624023 500.094375610352 445.795516967773 471.68318939209 441.246185302734 609.187980651855 577.239692687988 616.542488098145 526.13020324707 665.431846618652 442.072357177734 462.078384399414 577.748245239258 642.305717468262 455.60026550293 334.945388793945 508.922406196594 420.922393798828 446.824012756348 517.588485717773 402.840065002441 389.641586303711 411.548263549805 575.251853942871 504.854976654053 612.758453369141 579.803535461426 359.920013427734 402.741081237793 485.364614009857 485.769792556763 381.157356262207 567.803901672363 433.074371337891 395.593547821045 364.800552368164 414.330711364746 273.015487670898 394.486106872559 294.268753051758 370.641426086426 369.977325439453 297.582473754883 433.468368530273 614.996212005615 422.269485473633 476.753070831299 546.907760620117
471.529296875 386.949859619141 409.380889892578 432.73063659668 427.179779052734 582.150146782398 521.897994995117 448.459945678711 432.318405151367 648.084889411926 701.98939704895 486.636367797852 582.727472305298 462.792572975159 576.104423522949 412.345390319824 492.75968170166 377.279479980469 464.306507110596 395.426254272461 396.925788879395 414.296123504639 521.844924926758 283.839309692383 342.566482543945 261.641036987305 523.612873077393 364.247673034668 593.327682495117 397.734275817871 534.457984924316 286.716445922852 461.837439417839 432.834808349609 483.221179962158 609.85920715332 430.489322662354 521.155452728271 593.868469238281 355.183776855469 340.03776550293 409.991249084473 486.599591255188 458.15961265564 398.486206054688 356.056358337402 498.683585166931 554.007621765137 470.44375705719 535.6256980896
471.179916381836 452.582138061523 276.787353515625 414.095596313477 408.617111206055 520.612396240234 502.924331665039 390.662937164307 782.026550292969 694.359444618225 616.525198936462 486.250259399414 492.257679462433 510.529479980469 469.047256469727 805.015441894531 584.012588500977 480.034484863281 530.561108589172 311.289306640625 414.391677856445 473.245244979858 414.722526550293 246.57829284668 513.540573120117 435.556774139404 493.293310165405 577.811248779297 332.818389892578 393.135372161865 536.605522155762 414.853855133057 404.659843444824 394.445365905762 376.470367431641 490.369752407074 459.447882652283 328.690567016602 391.64134979248 312.702392578125 499.118661880493 577.045692443848 516.36014175415 448.438095092773 458.08958864212 392.585205078125 424.441841125488 420.129791259766 487.906709671021 609.630111694336
411.541687011719 347.853775024414 302.041381835938 408.945030212402 407.474639892578 509.798408508301 461.9013671875 862.187874317169 650.375778198242 582.709037780762 559.957988977432 279.347518920898 604.048179626465 550.001232147217 536.176257133484 448.350093841553 478.614171028137 513.958587169647 468.201210021973 342.830017089844 480.079539299011 424.481212615967 473.86462020874 456.454391479492 384.216354370117 516.588806152344 498.225848197937 391.212162017822 447.136190414429 435.154560089111 561.604888916016 498.189067840576 413.455238342285 367.991928100586 444.150791168213 330.004058837891 438.135404586792 553.239013671875 517.013809204102 368.356620788574 554.602157592773 434.847255706787 499.935039520264 450.461542129517 494.266582489014 394.441116333008 453.526396751404 492.065763473511 530.095863342285 354.410095214844
494.761642456055 460.637786865234 469.386005401611 394.293243408203 507.76628112793 490.699676513672 615.911608695984 636.104248046875 741.1662940979 740.351787567139 422.397451400757 572.10973072052 376.837829589844 523.929096221924 423.644523620605 597.961326599121 456.500381469727 494.432071685791 431.56169128418 458.641225814819 426.917400360107 399.8291015625 456.019841194153 603.880828857422 349.491592407227 234.319076538086 438.309691429138 354.782829284668 343.736679077148 617.395919799805 526.156127929688 376.562595367432 388.793800354004 528.349159240723 407.39616394043 438.940725326538 372.754417419434 513.971343994141 406.819480895996 461.774442672729 436.375988006592 423.522075653076 368.529411315918 404.630599975586 356.681259155273 419.054302215576 355.574333190918 474.745278358459 444.283290863037 444.372409820557
534.106086730957 522.814165115356 441.476638793945 545.000938415527 604.088062286377 527.576713562012 460.767280578613 487.207046508789 556.389923095703 729.835292816162 406.795761108398 586.13166809082 611.270065307617 534.517198562622 475.283950805664 573.777381896973 540.713460445404 415.205741882324 405.653388500214 513.603595733643 432.533709526062 471.56614112854 431.154730796814 351.85961151123 273.95817565918 375.506202697754 290.146774291992 461.189332485199 450.482044219971 478.646060943604 460.270652770996 436.840690612793 293.695182800293 381.825305938721 342.022430419922 439.316474020481 354.534088134766 428.631278991699 450.026665687561 561.222671508789 529.690048217773 487.906352996826 326.462585449219 347.842651367188 337.697509765625 390.41198348999 491.605613708496 590.213066101074 481.47421836853 388.508377075195
646.856117248535 358.721969604492 413.458633422852 603.561155319214 520.909629106522 480.728107452393 503.930362701416 1072.94680786133 1184.60418701172 1111.8224029541 631.458648681641 555.064699172974 393.678382873535 618.166191101074 493.20161819458 534.860145568848 384.700553894043 495.949820995331 300.142028808594 622.589828491211 467.999799251556 255.180847167969 394.776290893555 407.691520690918 436.075712203979 529.946739196777 314.240882873535 403.251054883003 446.095262527466 465.607488632202 470.564682006836 373.435321807861 281.367782592773 449.064266204834 394.991134643555 356.145042419434 362.096817016602 396.536796569824 493.105531692505 464.465740203857 542.790985107422 500.778305053711 332.546813964844 469.97534942627 407.660736083984 246.50309753418 489.644487380981 539.223533630371 413.087924957275 382.244361877441
424.797519683838 390.230270385742 602.14349937439 792.773077964783 464.339023590088 417.536331176758 513.443534851074 702.601837158203 557.690544128418 685.317812919617 530.038794398308 553.250823974609 472.029739379883 443.996227264404 456.118953704834 520.67073059082 411.093811035156 566.057876586914 484.532745361328 500.673601150513 454.161825180054 337.694038391113 430.620705127716 390.968242645264 446.683345317841 326.52709197998 398.093710660934 335.362487792969 411.145464897156 455.794551849365 388.829109191895 381.034351348877 308.467300415039 377.75146484375 424.383279800415 581.615875244141 568.649291992188 344.834167480469 456.236026644707 458.313933372498 567.76146697998 591.294742584229 362.440811157227 473.3844871521 479.149410247803 539.65544128418 373.590286254883 446.371204137802 344.569984436035 339.541473388672
415.800842285156 583.081512451172 690.277355194092 836.583572387695 764.341621398926 422.718753755093 662.746627807617 805.96174621582 615.854946136475 783.021423339844 520.594966888428 471.965614318848 479.830772399902 298.040451049805 365.254425048828 502.517858505249 304.846298217773 442.829259872437 448.687368392944 423.679246902466 390.635566711426 382.79594039917 247.841018676758 404.514317512512 402.958312988281 320.395385742188 303.53881072998 377.78923034668 540.952644348145 392.523656845093 312.443420410156 394.756914138794 325.45189666748 371.917152404785 445.521054267883 290.429138183594 494.416942596436 317.164855957031 691.984603881836 585.029739379883 531.063659667969 439.133784294128 417.625232696533 346.645004272461 435.362930297852 448.778995275497 527.641513824463 434.922510147095 481.220771789551 472.018417358398
568.63134765625 673.361045837402 704.753871917725 753.025337219238 829.47428894043 582.803718566895 599.953720092773 773.935523986816 946.183792114258 1182.90964508057 663.232627868652 502.752265930176 577.369655609131 474.737892150879 383.855651855469 537.905040740967 469.222176551819 371.863998413086 365.619888305664 505.186408996582 255.704071044922 414.752563476562 543.718055725098 428.23611497879 583.730087280273 449.722932815552 522.874176025391 327.612014770508 338.444694519043 215.202377319336 391.936294555664 353.801734924316 464.375473022461 468.783958435059 339.101676940918 519.356094360352 508.174591064453 523.27921295166 485.707973480225 482.452953338623 379.775665283203 500.233822822571 363.396797180176 324.933486938477 578.187133789062 351.345588684082 464.397992134094 487.454521179199 467.252300262451 371.415363311768
816.297967910767 1005.02810668945 1068.78814697266 702.001022338867 579.464805603027 619.634078979492 718.11051940918 884.366973876953 655.584911346436 727.154144287109 600.442791938782 450.756340026855 555.944610595703 426.539009094238 538.755535125732 580.245986938477 420.074287414551 367.43367767334 422.885423660278 396.518352508545 488.155048370361 251.929260253906 376.869094848633 251.914932250977 406.629170894623 187.098510742188 319.948593139648 341.448745727539 444.198095321655 248.857086181641 276.142883300781 414.796312332153 407.909797668457 514.457107543945 369.107383728027 506.83487701416 594.569351196289 424.412629127502 454.876106262207 478.780796051025 501.958869934082 631.214431762695 353.896095275879 308.019165039062 371.158031463623 379.250007629395 442.345645904541 443.376968383789 416.535243988037 390.649654388428
535.164920806885 862.560487747192 921.610496520996 915.351623535156 336.890258789062 479.601036071777 635.336227416992 662.260406494141 639.978546142578 569.121025085449 770.776794433594 659.149627685547 680.757125854492 578.733840942383 525.604444503784 555.615921020508 575.284912109375 529.297798156738 432.048629045486 343.897850036621 413.761142730713 500.381736755371 449.206981658936 433.940727233887 337.070678710938 421.374400138855 358.456748962402 409.530181407928 370.60177230835 404.094909667969 212.278915405273 371.031044006348 493.924167633057 356.235473632812 356.442932128906 584.267517089844 588.564849853516 516.109359741211 409.881893157959 513.337779998779 491.511745452881 481.890735626221 487.301151275635 466.653823852539 274.03776550293 333.064811706543 312.881767272949 353.53776550293 255.408203125 334.071990966797
