export/dem/dem5.asc
NCOLS 350
NROWS 171
XLLCORNER 152620
YLLCORNER 418050
CELLSIZE 100
NODATA_VALUE -9999
[rows 22 to 43 of 171, columns 50 to 99 of 350]
-9999 -9999 -9999 -9999 -9999 -9999 -9999 -9999 -9999 591.066928863525 582.025688171387 569.70352935791 681.172965034842 569.917991638184 507.888946533203 548.208274841309 346.114547729492 473.619979858398 790.921943664551 452.593627929688 495.9248046875 569.700248718262 595.893375396729 608.731719970703 717.475677490234 640.661108016968 609.702449798584 684.84875869751 609.638988494873 562.337005615234 538.561813354492 670.571235656738 482.77613067627 570.37574005127 569.113143920898 607.51935005188 478.048675537109 701.070236206055 643.807929992676 573.94002532959 611.859062194824 712.962677001953 1151.60266876221 658.1969871521 547.50732421875 531.283180236816 539.611000061035 467.344192504883 556.681454658508 1260.31625366211
-9999 -9999 -9999 -9999 -9999 -9999 -9999 -9999 834.357330322266 502.215270996094 628.656461715698 739.550296783447 785.654220581055 550.63020324707 529.734916687012 551.098838806152 473.948860168457 689.570625305176 618.90456199646 604.521411895752 556.802894592285 756.597587585449 456.310104370117 634.959060668945 831.695983886719 550.162727355957 456.517219543457 465.536018371582 517.748598098755 515.564968109131 388.564361572266 490.217334747314 709.481506347656 641.352554321289 637.639465332031 596.81916809082 525.855014801025 1012.2819519043 815.101103782654 1200.27340888977 873.620651245117 589.775316238403 713.334228515625 559.886905670166 538.695518493652 526.44441986084 558.636489868164 533.325988769531 500.01294708252 1211.28026390076
-9999 -9999 -9999 -9999 -9999 -9999 -9999 825.681640625 752.592651367188 796.177993774414 504.584594726562 582.24658203125 562.210350036621 553.858779907227 620.392242431641 596.76456451416 678.866088867188 640.113105773926 609.395935058594 610.681121826172 586.661956787109 650.633790493011 595.053663730621 660.62842464447 692.714450836182 648.302417755127 583.432880401611 526.732948303223 563.955355644226 1086.45478820801 704.744443893433 583.020168304443 714.036955833435 555.327966690063 784.039859771729 740.091873168945 570.260307312012 754.634719848633 592.624762535095 661.555126190186 666.005668640137 614.276805877686 502.616165161133 524.290672302246 492.138298034668 633.334697723389 554.43333530426 370.395065307617 327.031265258789 1051.01519393921
-9999 -9999 -9999 -9999 -9999 -9999 823.810165405273 803.909042358398 942.147356033325 1073.09024047852 640.267274856567 518.026649475098 466.192296028137 610.234870910645 370.502799987793 681.015644073486 594.503450393677 652.450595855713 465.903884887695 702.794400691986 671.837324142456 691.88879942894 484.320713043213 658.984554290771 531.131958007812 512.141128540039 513.922176361084 1147.70556640625 815.084980010986 825.296844482422 758.509330749512 654.589649200439 738.990287903696 979.770149230957 648.488262176514 685.088665008545 641.536029815674 817.927642822266 671.122764587402 801.15885925293 601.007507324219 591.46533203125 592.07886505127 539.143913269043 647.178577423096 570.524551391602 566.517808198929 547.380529403687 527.061721801758 876.679470062256
-9999 -9999 -9999 -9999 -9999 448.6611328125 384.819091796875 249.203308105469 372.837142944336 537.708122253418 535.808815002441 636.139936923981 805.026657104492 584.450107574463 749.178497314453 590.4443359375 516.562194824219 451.794525146484 546.56431388855 643.436851501465 639.997695922852 421.691040039062 618.457252502441 454.142127990723 478.094245910645 819.701823711395 922.193161010742 959.391487121582 1157.36248779297 788.538227081299 689.962989807129 613.509922027588 715.983612060547 685.067184448242 786.959823608398 697.800615310669 552.80534362793 651.799385070801 822.859481811523 617.293201446533 769.984436035156 601.302715301514 622.911079406738 411.637603759766 492.706249237061 347.831024169922 462.342376708984 599.881423950195 667.355392456055 660.364978790283
-9999 -9999 -9999 -9999 418.596603393555 553.145965576172 323.851303100586 315.716705322266 291.969421386719 490.54377746582 473.809783935547 579.702682495117 577.319705963135 606.508080482483 431.726058959961 685.695960998535 352.696762084961 623.333168029785 464.458694458008 476.438690185547 689.706649780273 536.749725341797 600.950576782227 810.208145141602 894.417045593262 772.416572570801 910.294448852539 884.079116821289 786.830741882324 858.727966308594 682.327682495117 640.140954017639 641.763820648193 542.130142211914 575.605484008789 702.993309020996 559.943389892578 590.521016716957 615.955711364746 566.729745864868 581.390760421753 555.985433340073 553.439375400543 561.459085464478 502.912628173828 442.936309814453 440.811965942383 510.260101318359 560.508159637451 634.479713439941
-9999 -9999 -9999 1062.63772583008 429.723663330078 365.903778076172 439.640625 291.242034912109 458.307113647461 552.279357910156 628.791831970215 807.406539916992 513.549659729004 610.88866519928 864.790954589844 719.562927246094 645.868381500244 623.252149581909 532.385707855225 592.52001953125 613.580780029297 367.748115539551 923.836410522461 533.747680664062 637.232600212097 662.168647766113 647.856948852539 595.822443008423 727.942337036133 706.836837768555 567.698863983154 457.303192138672 498.412216186523 556.471103668213 675.322044372559 766.925109863281 724.307479858398 698.784713745117 611.899412155151 578.369140625 491.0791015625 553.784207344055 557.926815032959 493.967192649841 481.948608398438 462.156967163086 354.635070800781 330.172836303711 428.768333435059 471.696136474609
-9999 -9999 504.656372070312 1049.75151062012 191.408416748047 312.424789428711 382.495498657227 270.629745483398 546.04948425293 707.167495727539 592.449325561523 689.420791625977 723.501113891602 552.341415405273 754.208473205566 595.156145095825 658.962787628174 619.122522354126 912.838520050049 667.103038787842 1245.42553901672 559.799011230469 463.873428344727 503.437927246094 490.68811416626 497.605573654175 523.580554962158 780.37841796875 402.024040222168 467.336616516113 526.782720565796 609.994442939758 625.199390411377 546.063346862793 497.351676940918 494.723274230957 677.962509155273 736.712799072266 590.493865966797 565.616191864014 483.590298652649 503.973757743835 496.418484687805 464.698831558228 499.027144908905 405.535507202148 340.325607299805 463.569717407227 376.691299438477 765.627227783203
-9999 -9999 617.79907989502 888.325714111328 865.058074951172 289.073196411133 503.694374084473 602.672760009766 690.683860778809 667.727485656738 558.369247436523 504.381047725677 766.600563049316 832.872817993164 763.308212280273 583.906669616699 571.979866027832 571.83065700531 950.350875854492 617.704963684082 473.911338806152 564.517488002777 574.976299285889 496.952129364014 392.705413818359 445.756322860718 314.480056762695 483.506965637207 422.263067245483 442.363748550415 303.059692382812 255.477249145508 602.94938659668 477.16058588028 462.228402122855 443.903242111206 568.240203857422 681.96875 525.697466850281 457.586170196533 381.084846496582 459.691329956055 485.217252016068 518.583499908447 389.452796936035 367.288650512695 414.319839477539 401.549354553223 458.454292297363 678.660194396973
-9999 489.241012573242 536.263153076172 528.20329284668 432.685516357422 433.280166625977 544.231880187988 718.689295530319 623.900810241699 434.146194458008 733.309593200684 668.911361694336 575.189308166504 710.386322021484 576.154832839966 551.083648681641 480.133598327637 308.277191162109 672.973983764648 410.565940856934 462.427742004395 650.085296630859 441.510238647461 410.710262298584 385.715847015381 463.970121383667 446.214517593384 380.387008666992 628.733505249023 597.41512298584 493.090693473816 441.924320220947 426.008911132812 461.934204101562 444.218007087708 461.186248987913 513.8434715271 455.501122236252 562.349426269531 493.48650932312 546.40690612793 589.128280639648 533.147465705872 465.875080108643 377.525939941406 472.167858123779 402.992973327637 369.74543762207 511.780858039856 582.721897125244
490.466598510742 578.34748840332 607.800886154175 462.093856811523 405.096801757812 363.121047973633 414.905517578125 667.483297348022 553.94930267334 687.098239898682 559.903648376465 691.963705062866 601.003005981445 512.601547241211 753.999931335449 502.340629577637 742.979598999023 599.263633728027 677.929489135742 438.28246307373 398.170310974121 476.776476860046 420.10375213623 533.984954833984 352.984481811523 431.70032119751 487.072599411011 510.271976470947 404.713012695312 410.975227355957 511.033464431763 550.03694152832 449.776437759399 418.791152954102 494.811279296875 598.19563293457 484.12854385376 385.072944641113 359.082206726074 429.762243270874 500.378219604492 585.980110168457 384.172035217285 604.710372924805 438.787071228027 596.989570617676 568.733226776123 448.192428588867 477.82202911377 535.41598033905
517.776138305664 398.351852416992 358.640747070312 471.948486328125 543.09545135498 530.218376159668 682.526269584894 444.382339477539 669.790069580078 474.253280639648 687.821237564087 517.010768890381 557.335990905762 243.426849365234 624.503865242004 509.918575286865 709.755569458008 637.899154663086 541.893672943115 502.596897661686 462.708106994629 326.195053100586 415.803241729736 473.230312347412 489.663234710693 502.248447418213 460.588293075562 568.178970336914 429.950508117676 408.801139831543 457.818044662476 537.209999084473 420.693229675293 527.890075683594 382.261436462402 448.635213851929 449.442193210125 506.019264221191 348.258377075195 489.491580963135 409.814193725586 491.212776184082 554.168815612793 529.301040649414 558.720031738281 512.07527923584 512.707662582397 576.379356384277 381.300277709961 433.463851928711
500.352760314941 276.661285400391 544.159618377686 534.789154052734 537.309642791748 547.830680847168 526.354484558105 271.671203613281 544.224487304688 485.631805419922 606.536282062531 451.276847839355 434.865863800049 555.879199981689 427.92310333252 707.145214080811 638.296966552734 512.099185943604 524.783546447754 514.127634048462 505.701946258545 360.700798034668 516.587463378906 592.623565673828 399.810619354248 417.773902893066 472.176440238953 401.573379516602 368.551399230957 331.880355834961 476.874032020569 372.996994018555 410.893398284912 487.760372161865 436.297584533691 430.870994567871 391.485023498535 448.357137680054 363.552581787109 404.547298431396 530.223014831543 499.252704620361 522.868637084961 611.876800537109 423.460670471191 404.183288574219 550.218727111816 380.79320526123 415.067459106445 431.375957489014
463.738899230957 322.787719726562 504.175591468811 525.966306686401 330.956497192383 439.610641479492 558.582617759705 737.828643798828 401.019744873047 540.424285888672 412.065887451172 450.074012756348 595.681100845337 533.902844429016 439.791816711426 551.378631591797 592.752349853516 607.146896362305 501.912638425827 474.967004776001 411.629081726074 388.955039978027 402.345394134521 539.642478942871 473.707778930664 369.766395568848 426.581840515137 436.28444480896 479.093620300293 346.84496307373 444.311985015869 416.636741638184 518.895294189453 360.021209716797 501.946559906006 498.642246246338 352.883438110352 457.363152503967 277.309814453125 337.928329467773 532.254280090332 495.501327633858 536.90128326416 592.284561157227 435.373666763306 501.626918792725 433.164184570312 490.658317565918 392.01245880127 552.9619140625
530.585929870605 489.836196899414 447.842235565186 401.306106567383 502.919090270996 452.461318969727 521.109176635742 682.942329406738 649.711971282959 508.768096923828 425.134225845337 463.218200683594 540.820313453674 572.655809402466 483.326404571533 473.32413482666 478.818183898926 472.661472320557 359.76725769043 508.000682830811 377.154296875 325.523262023926 406.704105377197 481.240795135498 500.13956451416 427.791097164154 480.361671447754 419.287355422974 354.632141113281 456.132301330566 475.24881362915 366.965488433838 437.370875835419 431.039037704468 368.960456848145 341.840667724609 410.770740509033 566.604995727539 539.449424743652 477.069458007812 437.266644477844 492.538452148438 438.799696758389 529.034759521484 372.23804473877 285.046203613281 519.534164428711 507.231674194336 500.53008556366 557.048294067383
429.52197265625 373.790390014648 311.341766357422 510.776153564453 571.153633117676 442.292724609375 482.662845611572 456.344085693359 757.26696395874 612.375007629395 493.955089569092 622.289688110352 532.377438545227 478.864143371582 533.059159755707 603.09700012207 532.087007522583 417.805992126465 484.924209594727 524.212226867676 507.726676940918 440.654071331024 400.568565368652 476.122093200684 426.518936634064 493.891613006592 453.512813568115 419.219596862793 298.996704101562 408.786462783813 354.274322509766 525.754325866699 413.703032374382 380.234981536865 388.02615737915 314.278480529785 273.863403320312 319.944274902344 475.083648681641 398.346214294434 472.673271179199 404.397994995117 372.999706268311 513.887935638428 368.668853759766 291.814559936523 475.393142700195 395.698570251465 451.609390735626 448.445358276367
550.13977432251 227.20036315918 373.604522705078 520.31184387207 345.106719970703 356.661445617676 585.365894317627 1061.13439369202 1076.13969039917 1102.14873504639 565.00404548645 545.915298461914 591.801452636719 613.671501159668 598.700965881348 416.281242370605 420.522537231445 372.167068481445 286.04566192627 438.75008392334 595.6591796875 513.071701049805 449.900405883789 441.666528701782 439.897888183594 499.932510375977 414.746731758118 406.715630531311 369.821159362793 408.086719512939 377.2880859375 456.247770309448 457.635143280029 435.282740116119 334.868057250977 401.429389953613 338.153396606445 279.780059814453 310.653732299805 481.618278503418 481.803552627563 357.946662902832 358.023246765137 447.2327709198 339.937789916992 492.655731201172 494.606401443481 286.777893066406 432.114093780518 343.354873657227
385.412063598633 310.537506103516 524.397956848145 785.135187149048 338.672790527344 347.736206054688 288.265823364258 532.474235534668 536.158420562744 698.296599090099 478.512340545654 370.172149658203 443.174839019775 467.017246246338 508.99294090271 526.369300842285 434.035779953003 482.332515716553 516.491889953613 525.452899932861 503.972724914551 311.513763427734 553.19457244873 484.305908203125 460.568786621094 509.368087768555 459.272609710693 362.545074462891 428.455686569214 282.525680541992 508.504554748535 335.583480834961 419.971677780151 424.712031841278 338.616149902344 249.047058105469 467.825563430786 324.521911621094 352.116668701172 353.895576477051 448.533452987671 584.559940338135 533.753341674805 443.820921897888 415.669094085693 470.025259017944 426.251056671143 350.874839782715 623.719055175781 456.159780502319
448.54426574707 592.95418548584 562.958847045898 678.915344238281 591.44361114502 373.747364044189 591.603897094727 592.879859924316 481.324829101562 518.844375610352 581.769454956055 394.048110961914 386.969604492188 390.134231567383 565.19686126709 453.969236373901 493.780532836914 575.737258911133 560.508010864258 492.415149688721 470.85279083252 523.59748840332 510.895240783691 380.211990356445 353.76847076416 497.070503234863 391.632286071777 417.384948730469 392.012977600098 294.539558410645 298.730529785156 303.78475189209 338.284614562988 370.983699798584 347.935546875 435.392069816589 478.330471038818 271.450592041016 384.093769073486 419.821102142334 598.557861328125 492.278865814209 513.737201690674 438.464357376099 367.615013122559 246.344940185547 411.543151855469 263.938781738281 339.420211791992 406.106374740601
524.445124387741 436.512985229492 521.773544311523 738.54776763916 659.916816711426 413.065238952637 441.492053985596 622.411403656006 586.440704345703 1161.54803681374 388.863586425781 441.531402587891 589.749294281006 388.462966918945 497.960807800293 633.599227905273 397.582717895508 349.400253295898 526.673149108887 501.014919281006 444.154517829418 524.301651000977 276.942230224609 333.479072570801 448.865966796875 422.062471389771 303.8046875 445.936893463135 265.685211181641 436.958869934082 410.50830078125 436.418395996094 440.547723770142 390.393327713013 305.951225280762 456.499855041504 526.272277832031 431.941415786743 427.946016311646 451.659261703491 469.47101688385 638.559707641602 560.872550964355 373.343452453613 469.254732131958 232.621719360352 471.249620437622 305.463363647461 226.978454589844 288.916870117188
537.186340332031 770.25309753418 710.636138916016 672.684600830078 431.455539703369 370.140411376953 544.496704101562 504.5087890625 429.819305419922 477.544925689697 514.021537780762 532.364346265793 589.260501861572 518.172904968262 467.914386749268 553.877471923828 541.454734802246 447.947682380676 469.772115707397 414.586624145508 460.271881103516 281.484420776367 523.466728210449 288.565933227539 314.452453613281 299.841606140137 518.939308166504 359.069847106934 360.038673400879 195.633483886719 396.192993164062 468.470155715942 289.234985351562 219.864593505859 286.906372070312 505.157287597656 447.067850112915 495.280952453613 292.583053588867 460.379350662231 513.030769348145 550.202270507812 640.144607543945 537.958984375 255.424026489258 259.820602416992 318.534790039062 335.92733001709 236.136856079102 346.625907897949
625.587083816528 947.706714630127 826.931674957275 805.08270072937 405.087608575821 477.095268249512 493.682900428772 422.167854309082 671.950836181641 379.630264282227 517.482040405273 414.945610046387 466.733741760254 469.020603179932 523.64422416687 554.805473327637 417.309047698975 517.110786437988 564.837982177734 586.14387512207 469.357446670532 465.640979766846 488.644805908203 366.727909088135 434.096576690674 252.66682434082 432.545141220093 483.013488769531 367.878509521484 399.958368301392 396.987239837646 294.555892944336 361.465270996094 456.910394668579 524.44953918457 360.638809204102 390.706512451172 407.749067306519 543.559135437012 543.679382324219 561.81568145752 551.676021575928 538.963409423828 480.396591186523 163.864318847656 423.111207962036 239.368423461914 272.020721435547 373.848083496094 370.58203125
