export/dem/dem58.asc
NCOLS 350
NROWS 171
XLLCORNER 152620
YLLCORNER 418050
CELLSIZE 100
NODATA_VALUE -9999
[rows 66 to 87 of 171, columns 150 to 199 of 350]
528.419137954712 485.940868377686 638.836380004883 579.2995262146 493.014091491699 529.206331253052 576.141450881958 449.23371887207 587.70637512207 667.454223632812 527.809329986572 475.208274841309 497.256774902344 739.950668334961 513.004997253418 491.071464538574 612.412292480469 536.974981307983 419.722778320312 626.555332183838 692.620010375977 711.806335449219 656.870140075684 644.219718933105 554.998321533203 657.320777893066 574.975283145905 577.554087281227 583.340922653675 649.481376647949 715.437217712402 608.303616046906 538.298690795898 627.844387054443 735.433715820312 533.487991333008 643.987129211426 550.166114807129 603.979364395142 597.13125038147 626.847295761108 565.057888031006 582.227214813232 610.308563232422 696.807075500488 725.14868927002 608.038503646851 560.748664855957 880.063461303711 704.853126525879
607.539443969727 654.521629333496 621.948928833008 536.847150325775 502.829769134521 359.659271240234 673.001113891602 470.430625915527 562.922872543335 467.000762939453 594.162742614746 646.296699523926 642.166511535645 618.208953857422 646.98201751709 392.18489074707 673.749610900879 728.893096923828 396.232452392578 512.673294067383 497.750747680664 515.553150177002 535.920169830322 548.03720831871 556.353003501892 553.502212524414 604.619762420654 546.864013671875 742.282653808594 597.69962978363 755.117523193359 446.090217590332 624.191888809204 590.505697250366 620.872742652893 500.317657470703 562.648254394531 693.079139709473 546.994613647461 562.736133575439 492.954139709473 667.463649749756 582.699569702148 578.926811218262 661.348712921143 551.241584777832 665.119626998901 689.470691680908 723.805816650391 779.271575927734
711.576721191406 579.223022460938 612.505153656006 502.612899780273 403.397720336914 566.541608810425 395.682952880859 543.646465301514 604.245620727539 684.567390441895 660.329124450684 707.818283081055 595.562866210938 739.436614990234 558.578971862793 483.024932861328 582.025173187256 610.621116638184 614.234283447266 627.375308990479 514.403644561768 511.056045532227 523.908695220947 491.472106933594 670.830020904541 535.603103637695 562.091778755188 589.465665459633 614.426658630371 570.600053787231 588.409488201141 674.860416412354 535.992725372314 670.251441955566 767.338104248047 512.090728759766 580.203932762146 596.757044792175 470.266464233398 553.989000320435 752.28450012207 689.790863037109 733.348205566406 756.873420715332 447.547210693359 643.007688522339 761.628639221191 622.950624465942 866.87890625 830.70295715332
608.325672149658 573.824903488159 523.779075622559 545.028415679932 531.500564575195 542.797286987305 629.853126525879 668.541854858398 649.459140777588 666.920913696289 539.695724487305 609.127479553223 559.483231544495 643.239318847656 539.278839111328 680.578491210938 518.827474594116 575.003931999207 579.618432044983 622.44123840332 542.114074707031 541.59154510498 567.058451332152 549.591621398926 569.561381340027 590.199304580688 588.896089553833 673.28148651123 546.446407318115 577.80105304718 689.152702331543 611.371350109577 640.354274749756 686.076530456543 386.309066772461 466.573089599609 534.747276306152 519.630180358887 475.343780517578 612.013824462891 699.477806091309 713.486976623535 638.487652301788 698.213130950928 581.79460144043 488.073989868164 830.518310546875 582.029800415039 808.334487915039 759.94889831543
484.098251342773 534.093074798584 539.010950088501 611.290508270264 615.329055786133 485.895942687988 556.634430885315 412.644432067871 484.324508666992 585.531223297119 571.20361328125 622.536338806152 471.854667663574 583.000396728516 668.588096618652 571.58070898056 711.135330200195 570.472957611084 543.710243225098 619.710453033447 713.905082702637 537.800338745117 615.472923278809 616.227597475052 654.423310279846 625.343402862549 681.878555297852 527.510719299316 642.655776977539 771.313339233398 575.76994395256 598.708065152168 671.280288696289 426.450622558594 536.856037139893 487.99373626709 429.646774291992 536.191673278809 459.576065063477 587.957439422607 587.488802909851 628.660820007324 499.101013183594 416.423202514648 502.437103271484 524.924156188965 726.394477844238 810.54997253418 825.448822021484 698.409454345703
647.726203918457 697.783386230469 601.974689483643 694.748977661133 611.127532958984 545.951899290085 425.040046691895 518.76948928833 568.970155715942 436.739196777344 559.870038986206 595.550373077393 523.712442398071 685.2060546875 624.082546234131 650.809989929199 467.389389038086 567.225682735443 635.971801757812 612.884649276733 730.925628662109 670.20743560791 523.618049621582 520.39501953125 650.6774559021 608.175786018372 744.376541137695 569.003203392029 693.815872192383 862.272552490234 812.479797363281 777.024215698242 649.326995849609 632.161794662476 592.038984298706 658.742050170898 635.369983196259 616.985946655273 666.763408660889 625.441054344177 580.431330680847 611.470239639282 483.911422729492 587.796433925629 639.951820373535 687.16276550293 748.368354797363 748.704734802246 587.563407897949 656.311103820801
541.868095874786 523.961672782898 560.02795791626 492.820056915283 530.254238128662 725.307586669922 504.430446624756 455.019187927246 498.63444519043 641.935180664062 478.659812927246 535.640659332275 624.690277099609 513.205680847168 643.089790344238 474.145904541016 538.077556610107 533.616302490234 492.96866607666 640.354934692383 594.185089111328 515.132591247559 773.825668334961 725.829940795898 479.731430053711 495.815643310547 742.720520019531 741.423927307129 716.071891784668 649.540626525879 654.35066986084 684.169044494629 593.13794708252 608.140892028809 654.447063446045 636.156009674072 578.530956268311 492.88387298584 728.877197265625 733.2451171875 578.455142974854 491.357650756836 512.625595092773 677.38370513916 581.465289115906 610.736375331879 588.133865356445 578.17569732666 719.481704711914 598.082180023193
645.088020324707 719.057754516602 477.841915130615 500.745445251465 637.603134155273 548.399419784546 529.681900024414 528.842227935791 645.561073303223 538.466032981873 520.538917541504 520.983379364014 508.299362182617 509.322769165039 547.362270355225 570.066404342651 518.803428649902 613.710270881653 632.159122467041 546.761764526367 626.96768951416 768.72590637207 700.948757171631 487.168212890625 562.910129547119 659.1784324646 699.005027770996 701.011695861816 685.090972900391 702.788116455078 633.172855377197 773.593063354492 725.432067871094 599.768661499023 763.424468994141 550.735214233398 548.29114151001 589.308604240417 545.170310974121 571.734852790833 492.73282623291 519.080223083496 481.656700134277 532.992286682129 597.509011626244 731.818336486816 679.200294494629 561.19873046875 751.66325378418 656.998377084732
609.079231262207 597.048044204712 566.01000213623 548.169551849365 467.972679138184 520.876686096191 536.535585403442 449.983367919922 584.806701660156 534.072769165039 514.824474334717 600.621143341064 638.844787597656 593.855781555176 599.565711975098 583.53391122818 565.159280776978 698.900062561035 733.24430847168 546.202159881592 681.25354385376 589.676891326904 658.34718132019 712.327156066895 604.254111886024 565.49536895752 615.146902084351 758.427352905273 791.941207885742 690.294288635254 629.554882049561 660.917518615723 650.111431121826 608.051647186279 561.400966644287 726.797866821289 564.068742752075 696.649375915527 562.787654876709 594.626351833344 535.114196777344 517.158897399902 598.919940948486 577.117033004761 577.32852935791 684.677886962891 618.988293647766 653.645278930664 634.457040786743 511.357124328613
759.667060852051 620.534690856934 591.311778783798 504.536720275879 539.05030632019 552.534192562103 523.32265663147 591.309589385986 491.212287902832 511.55447769165 680.2822265625 398.971145629883 562.356244087219 649.928596496582 594.741480350494 749.865348815918 794.520095825195 577.379005432129 644.228343963623 557.857555389404 518.246955871582 682.352447509766 735.041736602783 664.92435836792 822.464309692383 599.831589698792 551.853286743164 543.664363861084 636.966728210449 613.059795379639 556.263534545898 628.20565032959 448.221527099609 699.186935424805 704.944763183594 563.774150848389 442.002548217773 531.492797851562 610.12823677063 647.231094360352 676.745847702026 664.353462219238 605.800986766815 640.902061462402 631.945327758789 656.350662231445 574.83136177063 491.522445678711 668.052047729492 510.103843688965
732.43074798584 785.978363037109 731.703010559082 877.061237335205 712.860992431641 598.504283905029 590.705854892731 541.002975463867 474.675643920898 510.202610015869 488.473888397217 529.086589813232 644.450889587402 637.435237884521 565.480560302734 637.346157073975 623.77254486084 786.088165283203 603.494468688965 628.379834651947 634.344584703445 644.817777276039 599.774353027344 619.921946525574 802.199615478516 550.128944396973 595.550365447998 677.040962219238 648.462577819824 574.406827926636 680.02123260498 576.087836265564 900.071136474609 530.607765197754 592.618227958679 588.688361167908 610.924282073975 407.606887817383 507.14835357666 566.954686164856 673.830291748047 610.61224937439 658.152549743652 648.358455657959 570.346294403076 572.805200576782 682.705856323242 505.299560546875 714.588920593262 463.127624511719
580.265830993652 686.846572875977 611.92850112915 673.189926147461 621.656902313232 666.752891540527 490.957496643066 682.627471923828 632.516292572021 524.999488830566 472.497184753418 420.047821044922 543.023658752441 580.369873523712 630.427364349365 643.270630836487 708.398635864258 680.612155914307 706.199859619141 728.868961334229 783.07878112793 698.123077392578 535.796432495117 551.962989807129 852.940677642822 716.704277038574 599.798288345337 596.128566741943 557.807586669922 518.302383422852 696.965347290039 679.208633422852 597.741813242435 680.547973632812 532.225730895996 538.913803100586 646.9450340271 465.549057006836 540.674499511719 575.592779159546 731.44255065918 534.785549163818 567.566640853882 451.622985839844 659.543212890625 569.546875 586.843991667032 536.04768371582 690.477012634277 605.426139354706
690.616508483887 594.504295349121 586.143661499023 711.242584228516 712.905200958252 720.603454589844 603.335460662842 667.433570861816 599.66329574585 687.187530517578 641.708866119385 530.676696777344 531.300422668457 709.128524780273 697.559371948242 624.29536819458 626.36775302887 687.731533050537 747.665412902832 702.901615142822 750.04239654541 773.659469604492 668.772560119629 596.193542480469 570.69625556469 565.646577835083 531.099281311035 722.35009765625 503.340179443359 526.778411865234 927.354064941406 495.411407470703 490.776794433594 662.322677612305 732.872283935547 782.096923828125 625.334384918213 361.725555419922 548.141590118408 554.547441482544 638.299383163452 589.953720092773 552.914749145508 698.937644958496 588.898179531097 641.760757446289 522.241798400879 578.248870849609 562.906406402588 649.053722381592
624.366233825684 426.30583012104 766.930755615234 565.838363647461 661.863933563232 676.499908447266 633.931854248047 708.859725952148 712.331245422363 577.896183013916 714.680397033691 765.822723388672 694.780517578125 614.736473083496 857.504821777344 674.301212310791 778.508758544922 880.921630859375 654.685380935669 748.136329650879 561.730270385742 743.49934387207 605.007568836212 562.072650909424 738.772430419922 619.367568969727 609.342348098755 690.36213684082 556.464782714844 546.664703369141 643.42094039917 675.743840932846 654.609676361084 655.740139007568 752.682479858398 717.250984191895 529.903823852539 611.948472976685 665.853507995605 554.653926849365 492.229072570801 660.186183929443 473.424957275391 693.912796020508 676.869636535645 635.786890029907 686.720558166504 628.845973014832 556.113777160645 506.306480407715
545.004508972168 511.725196838379 575.679954528809 838.361724853516 675.182235717773 593.645404815674 626.555271148682 525.510807037354 680.879693984985 675.080657958984 474.806816101074 592.708823204041 694.187767028809 910.848329544067 743.603179931641 681.153423309326 701.536571502686 803.551170349121 577.090529441833 766.989547729492 614.352085113525 772.593856811523 582.551902770996 616.593910217285 492.652709960938 617.480752944946 775.376495361328 668.742275238037 572.862777709961 498.863800048828 574.573829650879 602.798469543457 696.532516479492 649.853260993958 506.831977844238 628.121342658997 665.831218719482 669.833839416504 525.435928344727 556.692399024963 495.838172912598 700.130378723145 650.464435577393 723.620964050293 753.748687744141 688.615753173828 649.882761001587 645.259456634521 575.991996765137 496.125091552734
702.78625869751 894.755722045898 639.958229064941 952.580879211426 683.835280418396 914.156219482422 574.080234527588 634.256874084473 648.894691467285 643.941543102264 764.495895385742 1033.19343566895 732.657897949219 866.22728729248 843.659376442432 836.230194091797 732.754964828491 735.224590301514 781.092636108398 655.578533172607 748.613220214844 615.586723327637 573.873687744141 456.007583618164 755.016975402832 694.892372131348 598.097263336182 599.525604248047 407.678024291992 623.601745605469 806.666473388672 698.552314758301 670.562294006348 733.528182983398 706.831497192383 706.908721923828 625.573826789856 565.763111114502 695.519569396973 531.040054321289 645.671962738037 622.439700126648 752.54508972168 540.811714172363 521.277137756348 601.259963989258 658.186893463135 670.88352394104 474.963439941406 667.311553001404
661.62720489502 723.754196166992 577.91737139225 908.843849182129 724.624069213867 926.354232788086 769.757542610168 757.170555114746 699.812167167664 1063.05466461182 616.885105133057 751.927307128906 509.09033203125 701.072822570801 633.691734313965 664.135734558105 540.7734375 523.373596191406 775.147445678711 707.334645271301 683.83863067627 749.772506713867 714.225685119629 714.455986022949 588.204784393311 653.50573348999 586.575393676758 776.164337158203 591.026309967041 644.976581573486 666.774772644043 619.853116035461 642.851186752319 637.723785400391 665.48152923584 654.300888061523 361.588882446289 586.741287231445 565.109596252441 636.555194854736 627.415014266968 609.624982833862 601.705699920654 686.00093460083 661.502281188965 741.323539733887 813.162261962891 859.166519165039 696.943965911865 564.133544921875
721.154014587402 702.245727539062 616.274894714355 629.288642883301 561.878562927246 634.328405380249 637.205215454102 672.951110839844 619.730990886688 956.247150421143 573.748435974121 753.543060302734 600.848175048828 613.757827758789 419.081653594971 666.80485534668 608.922911882401 568.8655128479 676.230314135551 1024.77815246582 643.143115997314 461.213150024414 559.934017181396 447.365081787109 600.83869934082 684.299926757812 889.173294067383 798.491088867188 533.27490234375 770.851943969727 619.530650138855 526.973220825195 666.624248504639 700.140243530273 741.558166503906 592.14714050293 360.799041748047 614.290333747864 492.469825744629 503.236427307129 670.718685150146 527.129745483398 620.728954315186 536.114486694336 636.127948760986 697.642601013184 743.255905151367 800.467651367188 735.168865203857 605.438491821289
821.170440673828 624.353165626526 645.694641113281 523.761268615723 519.672225952148 664.144798278809 562.05403137207 795.921989440918 533.431350708008 572.260368347168 647.813903808594 822.348937988281 817.273132324219 790.54264831543 911.005798339844 728.448081970215 443.929500579834 558.382610321045 541.682201385498 952.226383328438 579.56591796875 619.629093170166 986.692512512207 645.872611999512 689.446613311768 569.35474395752 720.35217666626 635.336643218994 649.548642158508 535.162155151367 546.254783630371 526.326705932617 484.618423461914 729.801467895508 825.918273925781 757.678695678711 638.831798553467 564.38240814209 527.538803100586 535.111343383789 483.532608032227 619.537281036377 642.05050110817 672.01216006279 569.66374206543 664.629596948624 778.294105529785 626.664085388184 599.483238220215 682.886701583862
556.120651245117 505.441222667694 674.342002868652 713.242950439453 787.87922668457 695.595306396484 653.162246704102 733.488327026367 689.969385147095 753.419277191162 837.589859008789 811.995979309082 977.863525390625 888.999389648438 775.126319885254 747.110576629639 729.65714263916 782.183013916016 489.576538085938 817.624431610107 688.533180236816 525.743030548096 730.351842880249 559.70890045166 984.169364929199 635.859066009521 604.396774291992 681.281513214111 538.527671813965 344.740814208984 313.235260009766 490.667816162109 792.85050201416 639.728895187378 672.335975646973 762.827781677246 842.527969360352 677.495155334473 751.490386962891 590.933710098267 608.55143737793 479.632415771484 663.724901199341 728.988838195801 655.752514839172 670.190798282623 611.318878173828 552.370613098145 806.576370239258 631.64232635498
525.100782394409 675.173633575439 664.174659729004 771.650913238525 -9999 -9999 -9999 -9999 -9999 -9999 -9999 -9999 -9999 -9999 -9999 800.922431945801 849.95467376709 794.012840270996 716.578338623047 753.521408081055 704.302589416504 653.886404037476 744.120071411133 482.151378631592 644.020530700684 723.732360839844 1002.71280288696 601.563850402832 519.000907897949 955.139343261719 505.644752502441 486.719360351562 709.598415374756 562.514434814453 642.642863273621 701.728363037109 607.914161682129 569.730094909668 682.764823913574 450.865158081055 561.374237060547 646.528867721558 679.534582138062 719.689025878906 621.573974609375 835.545951843262 662.333322525024 743.241508483887 679.698183298111 642.162057876587
-9999 -9999 -9999 -9999 -9999 -9999 -9999 -9999 -9999 -9999 -9999 -9999 -9999 -9999 -9999 -9999 -9999 -9999 671.534984588623 718.608359336853 865.918434143066 704.678337097168 745.961741447449 789.506164550781 667.671508789062 386.964752197266 804.519813537598 554.339508056641 655.348714828491 523.069869995117 533.78052520752 1035.11309444904 612.305746078491 577.275680541992 637.935235977173 615.142488479614 626.54912853241 656.915732383728 633.301072120667 635.557033538818 693.485329151154 672.304390907288 641.292348861694 833.313583374023 673.140852928162 691.881896972656 720.358779907227 645.032838821411 784.961837768555 625.08659362793
