export/dem/dem50.asc
NCOLS 350
NROWS 171
XLLCORNER 152620
YLLCORNER 418050
CELLSIZE 100
NODATA_VALUE -9999
[rows 44 to 65 of 171, columns 200 to 249 of 350]
713.575256347656 688.22159576416 471.493171691895 496.621803283691 448.73868560791 609.731742858887 752.947380065918 793.401790618896 726.731548309326 782.69926071167 820.12410736084 695.71600151062 767.630035400391 747.568342208862 673.634826660156 588.901218414307 531.489601135254 621.520257949829 497.884895324707 569.299629449844 488.348556518555 698.121475219727 559.753364562988 509.836524963379 601.509454727173 661.324859619141 640.585788726807 835.646186828613 579.402488708496 525.282249450684 756.509368896484 766.541999816895 1203.2062830925 688.40172958374 661.366287231445 676.201217532158 623.117572784424 625.969913482666 695.168002128601 688.954829931259 676.758707046509 805.996124267578 802.510711669922 850.825881958008 619.09708404541 712.415899276733 703.539581298828 581.118286132812 576.511299133301 643.924575805664
1120.55515289307 1422.4990272522 1201.47386169434 875.577527046204 748.638828277588 982.598492622375 667.667373657227 745.853719711304 796.908424377441 734.294561386108 673.593605041504 671.333934783936 644.462257385254 974.827301025391 596.134284973145 952.541549682617 680.859375 605.386274337769 542.525405883789 579.950563430786 548.512786865234 691.585594177246 664.902198791504 623.645793914795 598.349211215973 534.580177307129 700.693168640137 547.994720458984 553.276931762695 561.821640014648 686.25963973999 664.505043029785 721.534317016602 707.023433685303 762.273551940918 682.404085159302 689.8590965271 749.410911560059 603.651481628418 567.328582763672 871.519271850586 707.16600227356 719.414192199707 640.171295166016 677.173464775085 674.019044876099 823.043304443359 608.252891540527 711.799045562744 684.632684707642
747.831298828125 952.735645294189 1645.53706359863 1052.19450378418 743.905670166016 887.910629272461 905.481964111328 600.780899047852 545.588703155518 712.377174377441 543.745899200439 546.809261322021 616.966903686523 776.101226806641 758.509457588196 789.327072143555 1437.38368833065 797.273975372314 738.260330200195 592.280337333679 707.76619720459 545.28373336792 608.0882396698 713.341842651367 514.211547851562 603.131706237793 608.2125415802 628.529327392578 704.472541809082 618.878286361694 643.105359554291 553.141693115234 603.678844451904 630.951377868652 466.412612915039 662.46663749218 726.819362640381 696.641447067261 532.718215942383 592.579437255859 530.264770507812 601.514923095703 676.610062599182 695.232270956039 702.125198364258 672.885885238647 707.033201217651 614.128593444824 726.246690750122 567.647994995117
538.460523605347 647.791324615479 980.714172363281 1238.91119766235 754.848175048828 614.454334259033 848.153831481934 793.937187194824 493.862586975098 540.391971588135 461.177452087402 627.138484954834 666.049705505371 703.697647094727 928.088119506836 896.080177307129 1297.81126880646 1754.87454223633 1500.31903839111 707.702871322632 792.915710449219 735.405166625977 764.013427734375 691.118095397949 601.204867362976 626.381148338318 689.185222625732 540.969284057617 575.930179595947 605.047714233398 683.0959815979 660.398738861084 701.179424285889 735.292358398438 731.95825958252 650.584866523743 667.398576378822 639.026411056519 709.562808990479 548.74089050293 752.155250549316 561.713386535645 590.250335693359 678.625239610672 705.269235610962 544.378631591797 665.587993621826 630.941398620605 597.967590332031 781.373802185059
649.300590515137 526.010459899902 922.696823120117 602.129089355469 611.958354949951 662.792549610138 679.088745117188 600.434425354004 708.824211120605 702.141632080078 594.40961933136 457.90022277832 582.330625534058 531.757328033447 625.90838432312 710.967220306396 1130.3989906311 1395.27201843262 1098.56906890869 991.554763793945 695.619078636169 776.096878051758 651.241992950439 835.332916259766 733.615737915039 566.205871582031 628.788623809814 645.107257843018 662.193380355835 742.386131286621 793.815795898438 741.953979492188 800.904556274414 642.289804458618 677.50622177124 711.102924346924 642.669299125671 737.207038879395 614.530384063721 430.366928100586 519.578964233398 833.81719493866 509.176483154297 646.572927474976 723.328323364258 626.414836883545 634.702339172363 688.836798667908 652.431156158447 713.629371643066
637.58699798584 521.697250366211 492.894905090332 623.185972213745 570.698949575424 532.107902526855 593.031402587891 740.978885650635 746.853218078613 687.293033599854 637.2060546875 765.809539794922 696.606292724609 490.232051849365 552.911827087402 662.162971496582 843.003427505493 1230.55872094631 1751.26075744629 1518.61158752441 807.319053649902 759.144226074219 737.976390838623 698.983810424805 498.895729064941 631.808670043945 618.960227966309 664.672492980957 658.373226165771 773.467781066895 646.092824935913 652.476224899292 598.990852355957 631.450808525085 577.387313842773 800.223556518555 668.185588359833 676.210220336914 716.575580596924 680.896397590637 614.993503570557 630.818008422852 622.662002563477 1058.87984275818 907.219177246094 965.996734619141 731.433563232422 697.505259990692 678.166061401367 659.209693908691
615.289669036865 519.820648193359 526.260627746582 563.542617797852 536.17534828186 607.983459472656 559.126831054688 530.399768829346 749.235414505005 738.951858520508 685.192024230957 713.730712890625 648.75032043457 537.971882820129 649.467658996582 624.72774887085 711.659873962402 947.249725341797 1500.27583694458 1663.29426574707 917.269958496094 668.150505065918 686.129704475403 772.183090209961 734.843032836914 628.086965560913 681.887359619141 702.96923828125 737.155029296875 701.119270324707 771.218551635742 797.305282592773 672.702861785889 582.567100524902 664.26784324646 661.918281555176 818.899703979492 740.33519744873 660.94165802002 595.69930267334 598.123828887939 631.765754699707 724.201385498047 678.032482147217 1030.76665115356 1215.60049438477 762.04753112793 628.685043334961 613.668441772461 805.217144012451
603.903383255005 700.739166259766 802.941528320312 579.889469146729 512.47981262207 562.194370269775 662.111983299255 549.711502075195 718.038619995117 625.169425964355 694.436431884766 639.843292236328 520.035427093506 583.281730651855 557.692883253098 655.280731201172 730.942771911621 915.343898773193 1471.41477203369 1252.8854598999 1412.69551181793 813.388595581055 617.562028884888 740.470413208008 566.002403259277 579.120622634888 650.29439163208 692.846122741699 744.170585632324 713.182518005371 798.635711669922 615.453407287598 676.963115692139 731.837409973145 748.34496307373 767.229591369629 657.768642425537 718.675224304199 797.927383422852 683.381856918335 550.962631225586 703.819929122925 546.671836853027 628.288509368896 922.163345336914 567.397010803223 875.31575012207 1197.64192199707 678.940734863281 857.913093566895
678.106109619141 611.448711395264 667.350975036621 598.955146789551 635.54404258728 587.80500793457 706.657218933105 705.382610321045 678.8196144104 859.003845214844 725.836080551147 716.452911376953 522.415718078613 640.719165802002 672.367286682129 541.939039230347 610.595180511475 758.124397277832 1132.32244873047 1534.27870178223 2033.40245246887 1245.13225746155 646.872303009033 724.341873168945 755.629531860352 638.040956497192 609.054114103317 496.344299316406 736.462799072266 637.515184402466 706.72679901123 689.565536499023 768.466049194336 748.524520874023 583.921928405762 735.005233764648 712.815353393555 839.689437866211 696.170711517334 577.100875854492 510.486404418945 542.571136474609 690.257781982422 669.228508472443 454.328384399414 721.094005584717 697.341403961182 487.153274536133 980.812545776367 935.883819580078
574.728698551655 729.510391235352 732.201461791992 684.367334365845 673.634498596191 578.845031738281 607.797401428223 640.593200683594 702.985153198242 736.880222320557 636.940258026123 616.602468490601 662.145679473877 565.93489074707 532.837207794189 608.074398040771 698.422164916992 700.086845397949 888.979574203491 999.485534667969 1284.24984741211 1266.9275970459 1587.94483375549 998.789474487305 700.336603164673 756.043006896973 712.219505310059 586.888244628906 573.094524383545 511.658905029297 679.179969787598 627.260977745056 831.013580322266 485.055099487305 537.262512207031 788.335647583008 752.16650390625 722.218635559082 731.237167358398 565.355751037598 596.809535980225 433.523666381836 675.635606765747 622.272546768188 564.201309204102 655.726081848145 605.858390808105 791.936386108398 816.876373291016 419.95703125
541.916809082031 608.560493946075 648.069067001343 658.359718322754 530.111343383789 590.910774230957 669.341026306152 629.349027633667 844.990310668945 813.479988098145 530.619029998779 561.457305908203 719.221740722656 434.077209472656 428.704437255859 623.650873184204 590.382648468018 604.791770935059 745.73558807373 693.038078308105 879.081447601318 1252.78464412689 1629.80673027039 913.099670410156 893.351131439209 558.527709960938 641.890180587769 720.409843444824 617.920751571655 703.812240600586 552.604557037354 667.019195556641 630.55873632431 689.734329223633 496.662384033203 718.805374145508 815.997436523438 798.636032104492 779.447807312012 728.971557617188 470.979537963867 597.80687713623 546.477951049805 492.400894165039 601.017669677734 787.280540466309 658.050926268101 600.289695739746 614.011489868164 393.672943115234
600.726926326752 631.251675128937 387.855880737305 815.199661254883 562.671867370605 563.400566101074 611.21036529541 616.764592170715 675.401656150818 693.929151535034 740.540397644043 513.755233764648 581.17667388916 570.306499481201 534.069282531738 720.463989257812 600.385028839111 497.399658203125 596.82323050499 753.087890625 692.101371765137 928.167827606201 1164.62498664856 1469.11616516113 857.296355247498 536.531188964844 649.518232345581 422.143432617188 523.99097442627 594.87689781189 640.169231414795 558.859828948975 600.25013923645 778.647033691406 756.262794494629 712.170593261719 778.988800048828 575.370742797852 611.169662475586 797.16242980957 697.567352294922 684.508768081665 761.815528869629 695.589721679688 609.805686950684 715.140293121338 455.714462280273 648.040240764618 396.090423583984 524.097106933594
631.692070960999 624.175836086273 392.385635375977 572.072124481201 698.238166809082 573.026561737061 676.883636474609 651.015145301819 814.049667358398 768.948505401611 680.270401000977 719.756730318069 612.52272439003 595.36207485199 709.845911979675 728.625199317932 799.11531829834 681.624557495117 819.848114013672 821.497556447983 930.240634918213 936.937894821167 1407.69140625 973.466632843018 720.091728210449 449.893280029297 672.170948028564 638.588214874268 438.223907470703 416.490417480469 611.737730979919 539.506801605225 668.174041748047 629.636213064194 623.976666927338 649.606739044189 624.590821743011 565.891677856445 523.315338134766 553.003238677979 712.672294616699 527.87239074707 788.63883972168 783.474138259888 669.034769058228 557.746597290039 632.302749633789 703.226127624512 498.928955078125 566.529838562012
533.126403808594 756.040512084961 572.087280273438 709.834190368652 715.422485351562 704.047470092773 468.061477661133 640.170448303223 591.838806152344 646.736766815186 864.254867553711 822.247852325439 657.803829193115 634.559507369995 515.120323181152 685.581466674805 922.052658081055 790.889049530029 771.789485931396 816.827272415161 833.368114471436 785.708408355713 981.830146789551 934.790882110596 680.826171875 587.849838256836 844.45588684082 671.372695922852 558.335250854492 414.370986938477 563.636157989502 593.419059753418 569.779289245605 725.962623596191 641.758718490601 564.121002197266 694.530075073242 738.826774597168 669.485622406006 613.603830337524 729.839019775391 799.642868041992 739.813745498657 681.258907318115 596.997245788574 734.004432678223 641.02099609375 766.772491455078 608.725772857666 568.329055786133
669.986377716064 638.859913349152 664.110150337219 621.51159286499 768.981025695801 827.967422485352 728.406707763672 630.553331375122 543.012512207031 671.984836578369 827.050735473633 744.035732269287 691.677127838135 591.058685302734 686.761201858521 738.667593002319 793.863098144531 912.49674987793 766.192707061768 818.605431556702 810.927661895752 967.252197265625 843.350326538086 976.38069152832 660.211826324463 692.52970123291 487.838439941406 663.761150360107 381.368698120117 554.64241027832 515.44202041626 868.075046539307 590.459968566895 564.984642028809 675.297210693359 601.345283508301 778.645660400391 630.808660507202 575.50174331665 636.602471351624 768.186950683594 685.175872802734 768.837047576904 654.916474342346 686.364351272583 783.277847290039 833.675521850586 710.102920532227 677.551906585693 601.135131835938
501.709106445312 505.21598815918 617.409530639648 588.675037384033 625.712875366211 684.215866088867 656.170266151428 525.410179138184 593.134895324707 577.546974182129 581.085708618164 675.154842376709 590.595703125 677.157299995422 606.196746826172 815.650405883789 885.119186401367 798.684463500977 900.935348510742 746.806800842285 881.270709991455 852.334335327148 818.728176116943 736.208419799805 663.936658859253 670.482192993164 625.784586906433 505.062767028809 360.52116394043 483.490814208984 818.920852661133 663.482437133789 778.288461685181 878.113391876221 635.041023254395 785.323539733887 661.790451049805 704.23664855957 558.239521026611 719.973739624023 839.422927856445 876.004699707031 763.832107543945 652.922985076904 615.766246795654 702.875896453857 648.915975570679 883.729248046875 574.732276916504 749.012062072754
587.955879211426 675.792469024658 507.762023925781 552.058387756348 819.559158325195 679.800218582153 728.630523681641 730.799499511719 622.687252044678 647.45907497406 524.557769775391 560.795555114746 603.650505065918 611.192222595215 614.522720336914 781.057806015015 682.278308868408 627.901878356934 791.730922698975 810.881935119629 962.821029663086 897.299346923828 437.062347412109 700.094951629639 692.658447265625 658.6142578125 658.963562011719 604.220421209931 571.808292388916 966.077308654785 766.283382415771 652.727443695068 425.051010131836 524.878326416016 795.826599121094 803.039638519287 770.226005554199 586.325275421143 691.54662322998 762.764221191406 686.867115020752 663.173097610474 793.371459960938 611.765179514885 707.35684967041 659.22444152832 706.70975112915 878.516372680664 635.460317134857 553.701881408691
475.761001586914 571.972888946533 508.604331970215 630.934852600098 698.399681091309 732.464580535889 715.316047668457 573.477241516113 657.111438751221 554.753807067871 631.367890357971 597.242685317993 486.213539123535 666.368255615234 640.631546020508 737.683944702148 677.519790649414 730.602681875229 777.465574264526 864.214290618896 854.416023254395 551.265548706055 636.042219281197 599.5104637146 524.680236816406 680.138095855713 748.93913269043 512.766555786133 500.779373168945 638.037750244141 425.398056030273 521.731430053711 631.305746078491 630.539408922195 518.10334777832 586.45108795166 835.030906677246 813.367073059082 795.358535766602 514.833763122559 567.660758972168 612.494708061218 713.53670501709 681.333309173584 648.399757385254 616.505250930786 598.426597595215 750.173034667969 446.903228759766 603.673427581787
679.18480682373 670.891094207764 614.823085784912 540.166442871094 681.497970581055 740.004737854004 707.530792236328 662.663505554199 547.753234863281 634.914916992188 706.549644470215 498.722732543945 739.710411071777 617.309679508209 614.221252441406 836.146141052246 672.266136169434 607.466962814331 650.764312744141 723.056823730469 712.608749389648 612.175410270691 615.8678150177 555.238990783691 597.917423248291 704.207023620605 602.867418289185 584.71923828125 588.24169921875 770.738565444946 560.123180389404 570.474643707275 684.118385314941 656.315656661987 803.544937133789 692.487831115723 686.03687286377 1141.29695129395 957.926689147949 749.954051971436 659.279813766479 577.599349975586 670.077722549438 742.81566619873 800.238708496094 647.557620048523 657.986520767212 761.561386108398 542.083541870117 730.932144165039
553.319465637207 677.555276870728 686.949699401855 675.05083656311 776.415435791016 717.430435180664 792.23503112793 670.662139892578 749.01985168457 627.912019729614 596.342208862305 541.21028137207 677.950008392334 618.905172586441 715.203922271729 700.648895263672 671.48900604248 655.353870391846 687.890590667725 631.084293365479 558.076538085938 538.526481628418 661.372449874878 723.585510253906 663.117324829102 608.109870910645 683.339469909668 745.461242675781 646.002820968628 618.947731018066 729.862800598145 769.775421142578 781.805137634277 863.231567382812 683.909725189209 694.662321090698 589.385456085205 1059.87139892578 542.656204223633 576.727184295654 567.105346679688 584.647958755493 676.057670593262 690.120597839355 779.787094116211 723.537040710449 649.299372673035 540.302490234375 680.998252868652 603.758876800537
484.665893554688 716.954793930054 707.524738311768 684.428325653076 629.182067394257 669.92299079895 691.587274551392 675.668439865112 674.783309936523 533.84733581543 663.474941253662 697.643173217773 727.014060974121 728.351104736328 699.111274719238 701.174545288086 752.433029174805 565.723419189453 664.748081207275 680.067848205566 650.525504112244 632.983818054199 694.276126861572 570.24626159668 571.118824005127 603.606664657593 647.975276947021 711.763816833496 710.461715698242 525.244964599609 667.596839904785 712.651813983917 571.130725860596 674.358455657959 635.518859863281 725.377616882324 885.262405395508 922.497165679932 688.336431503296 537.925506591797 498.157791137695 624.479919433594 701.786958694458 631.284247398376 669.752788543701 770.534912109375 862.495941162109 742.630142211914 574.065895080566 670.807235717773
678.283220291138 493.92894744873 632.822629928589 633.030611991882 628.262106895447 696.902565002441 503.742485046387 656.571805953979 671.077545166016 440.352554321289 724.324081420898 619.518091201782 632.336352348328 697.074729919434 646.294393539429 636.866051316261 679.900451660156 599.817901611328 604.130928039551 554.110488891602 602.793868541718 636.165440246463 648.43921661377 779.4853515625 643.245254516602 666.212116241455 688.608497619629 714.826942443848 731.112693786621 869.299270629883 820.723861694336 610.078147888184 739.930763244629 626.5688996315 723.092498779297 1055.73658752441 1150.12771606445 782.331756591797 674.772941589355 603.588552474976 602.45677947998 605.754943847656 625.791761398315 760.705017089844 671.827926635742 468.25146484375 747.132774353027 765.798133850098 626.234827041626 640.301016807556
