export/dem/dem58.asc
NCOLS 350
NROWS 171
XLLCORNER 152620
YLLCORNER 418050
CELLSIZE 100
NODATA_VALUE -9999
[rows 0 to 21 of 171, columns 200 to 249 of 350]
-9999 -9999 -9999 -9999 -9999 -9999 -9999 -9999 -9999 -9999 -9999 -9999 -9999 -9999 -9999 -9999 -9999 -9999 -9999 -9999 -9999 -9999 -9999 -9999 -9999 -9999 -9999 -9999 -9999 -9999 -9999 -9999 -9999 -9999 -9999 -9999 -9999 -9999 -9999 -9999 -9999 -9999 -9999 -9999 -9999 -9999 -9999 -9999 -9999 -9999
-9999 -9999 -9999 -9999 -9999 -9999 -9999 -9999 -9999 -9999 -9999 -9999 -9999 -9999 -9999 -9999 -9999 -9999 -9999 -9999 -9999 -9999 -9999 -9999 -9999 -9999 -9999 -9999 -9999 -9999 -9999 -9999 -9999 -9999 -9999 -9999 -9999 -9999 -9999 -9999 -9999 -9999 -9999 -9999 -9999 -9999 -9999 -9999 -9999 -9999
-9999 -9999 -9999 -9999 -9999 -9999 -9999 -9999 -9999 -9999 -9999 -9999 -9999 -9999 -9999 -9999 -9999 -9999 -9999 -9999 -9999 -9999 -9999 -9999 -9999 -9999 -9999 -9999 -9999 -9999 -9999 -9999 -9999 -9999 -9999 -9999 -9999 -9999 -9999 -9999 -9999 -9999 -9999 -9999 -9999 -9999 -9999 -9999 -9999 -9999
-9999 -9999 -9999 -9999 -9999 -9999 -9999 -9999 -9999 -9999 -9999 -9999 -9999 -9999 -9999 -9999 -9999 -9999 -9999 -9999 -9999 -9999 -9999 -9999 -9999 -9999 -9999 -9999 -9999 -9999 -9999 -9999 -9999 -9999 -9999 -9999 -9999 -9999 -9999 -9999 -9999 -9999 -9999 -9999 -9999 -9999 -9999 -9999 -9999 -9999
-9999 -9999 -9999 -9999 -9999 -9999 -9999 -9999 -9999 -9999 -9999 -9999 -9999 -9999 -9999 -9999 -9999 -9999 -9999 -9999 -9999 -9999 -9999 -9999 -9999 -9999 -9999 -9999 -9999 -9999 -9999 -9999 -9999 -9999 -9999 -9999 -9999 -9999 -9999 -9999 -9999 -9999 -9999 -9999 -9999 -9999 -9999 -9999 -9999 -9999
510.075843811035 645.836959838867 621.960353851318 585.561334609985 862.70922088623 -9999 -9999 -9999 -9999 -9999 -9999 -9999 -9999 -9999 -9999 -9999 -9999 -9999 -9999 -9999 -9999 -9999 -9999 -9999 -9999 -9999 -9999 -9999 -9999 -9999 -9999 -9999 -9999 -9999 -9999 -9999 -9999 -9999 -9999 -9999 -9999 -9999 -9999 -9999 -9999 -9999 -9999 -9999 -9999 -9999
520.960231781006 641.88298034668 669.884353637695 534.805473327637 732.667053222656 842.834747314453 454.058488845825 732.585189819336 641.471076965332 652.858795166016 -9999 -9999 -9999 -9999 -9999 -9999 -9999 -9999 -9999 -9999 -9999 -9999 -9999 -9999 -9999 -9999 -9999 -9999 -9999 -9999 -9999 -9999 -9999 -9999 -9999 -9999 -9999 -9999 -9999 -9999 -9999 -9999 -9999 -9999 -9999 -9999 -9999 -9999 -9999 -9999
1111.77201843262 686.719772338867 563.135208129883 709.651519775391 706.457389831543 766.890007019043 610.674697875977 542.639877319336 617.57112121582 566.179878234863 512.205646514893 602.374603271484 767.846588134766 626.776786804199 783.860916137695 837.267425537109 776.063385009766 740.362609863281 1214.55795288086 1160.58436584473 964.583099365234 977.706184387207 962.770538330078 835.263847351074 886.802906036377 953.03422164917 846.766548156738 899.911382675171 1026.20735549927 1141.23428344727 887.870937347412 888.363845825195 660.637908935547 736.865676879883 791.936447143555 692.158050537109 1080.07992553711 1187.11231231689 925.601463317871 -9999 -9999 -9999 -9999 -9999 -9999 -9999 -9999 -9999 -9999 -9999
953.78279876709 1025.8099822998 772.569622039795 810.429832458496 1072.38749694824 1130.53713989258 1082.67246055603 563.747398376465 510.28776550293 597.344924926758 677.699035644531 451.123754501343 549.017601013184 600.724761962891 697.384048461914 539.837196350098 725.313995361328 597.697341918945 1185.53384399414 972.609588623047 945.403800964355 841.260101318359 871.1748046875 838.668197631836 821.406176567078 835.128957271576 775.165340423584 806.778823852539 737.575561523438 872.394810676575 853.974576950073 704.370239257812 440.56413269043 602.02099609375 537.485641479492 688.193809509277 1069.25481414795 1119.82595062256 789.332664489746 764.962589263916 746.361083984375 1059.97138977051 1261.6608505249 847.887763977051 775.58890914917 -9999 -9999 -9999 -9999 -9999
1129.9556427002 1011.44543886185 740.798439025879 759.441432952881 1159.81834411621 990.385780334473 1224.7322845459 1149.14755630493 842.131675720215 719.881422042847 770.31205368042 651.87735748291 517.829532623291 388.180786132812 591.820861816406 590.096130371094 551.195899963379 601.944519042969 827.276750564575 915.717445373535 810.237785339355 786.067832946777 880.382148742676 862.955963134766 879.851982116699 894.431339263916 806.200117111206 762.197792053223 893.383960723877 898.349779129028 874.953773498535 883.29549407959 748.642478942871 663.717681884766 742.16112613678 679.58177947998 897.163528442383 1073.20104980469 608.275544166565 653.706188201904 583.162689208984 976.897193908691 766.332450866699 873.850818634033 782.785438537598 1104.32174682617 697.452484130859 -9999 -9999 -9999
908.650856018066 761.777315139771 1099.40780639648 1225.9649810791 1092.77292060852 1123.61258479953 1221.13683700562 1197.93404388428 814.287368774414 774.380035400391 699.545124053955 822.992050170898 719.861145019531 715.830337524414 513.51473236084 810.897964477539 889.302307128906 995.316528320312 865.094081878662 1068.3084487915 975.185710906982 1147.56996917725 791.959014892578 750.433479309082 736.004810333252 917.773048400879 763.959678649902 762.09375 812.177951812744 767.679000854492 856.611469268799 747.458946228027 625.980579376221 602.73921585083 619.722969055176 748.602615356445 642.907085418701 916.293350219727 962.3157081604 642.168266296387 673.39794921875 780.027338027954 805.326999664307 683.502143859863 656.997802734375 1184.23556518555 764.254440307617 1364.5016784668 750.041494369507 -9999
939.15340423584 997.120688438416 806.972320556641 1022.54236268997 1053.83536911011 1028.91464233398 1178.6689491272 1102.00223922729 801.593399047852 970.341377258301 838.434143066406 770.855644226074 688.012250900269 672.346868515015 672.864288330078 895.226013183594 915.158065795898 908.160354614258 828.664107322693 965.660665512085 899.21851348877 1106.85354995728 781.823677062988 758.14183807373 882.812705993652 938.204299926758 794.650130271912 853.346904754639 784.126794815063 767.817291259766 800.122858449817 653.946731567383 757.322372436523 746.28825378418 799.830810546875 478.832015991211 588.650804519653 997.774311065674 977.454586029053 958.541860580444 737.36449432373 759.745559692383 648.735046386719 706.303375244141 617.130844116211 736.184013366699 666.744934082031 1218.85059356689 945.817001342773 809.73176574707
1004.58023071289 859.225360870361 729.908081054688 925.24080657959 642.717239379883 949.877662658691 742.791236877441 776.068862915039 913.510971069336 889.781425476074 1014.85340881348 891.752365112305 907.099365234375 776.886787414551 893.302803039551 819.811729431152 917.876178741455 966.619892120361 1122.89944458008 1128.7477645874 1066.92636108398 1234.10056304932 952.712097167969 807.588796615601 846.608463287354 865.94206237793 812.210502624512 944.565967559814 791.225563049316 849.869926452637 972.283050537109 799.07735824585 765.723833084106 656.442291259766 779.854339003563 572.244537353516 576.103713989258 1004.30903625488 1173.36896514893 981.702438354492 618.871929168701 654.045449085534 711.2255859375 865.872871398926 800.741104125977 907.544738769531 967.876892089844 675.151084899902 626.814575195312 791.4375
687.260009765625 595.542152404785 676.520601630211 695.755434036255 662.822124481201 696.225566864014 716.37944984436 769.232891082764 1105.07917022705 1102.84747314453 944.528228759766 885.026344299316 767.040279388428 763.094581604004 880.903476715088 1383.61432790756 807.96923828125 862.142057418823 922.564491271973 1345.93891525269 1009.1703338623 1313.42958831787 878.492607116699 758.214350700378 768.124799728394 855.153938293457 956.345184326172 707.270545959473 872.162925720215 1005.24678039551 698.015472412109 888.195545196533 1030.72943115234 949.59720993042 879.465789794922 893.944702148438 946.168724060059 968.126502990723 988.940532684326 940.949266314507 767.499245643616 888.984603881836 498.339050292969 906.675476074219 1040.45364379883 1158.50305175781 947.517070770264 801.355545043945 880.984825134277 1078.19628870487
658.668354034424 498.895767211914 599.473556518555 597.64525604248 774.565505981445 685.599423408508 833.240661621094 908.500213623047 830.378845214844 679.42854309082 918.00700378418 1015.61331176758 1210.06824493408 631.970260620117 803.807113647461 860.86408996582 788.894962310791 779.916902542114 780.070948719978 1357.8585319519 660.699157714844 673.908763885498 718.004013061523 1091.72632598877 612.400772094727 701.72534942627 833.87854385376 856.258241653442 829.255527496338 932.337184906006 762.461608886719 923.030740737915 796.800548553467 924.537883758545 761.270950317383 835.455444335938 947.613651275635 901.360795974731 965.225991368294 771.608779907227 1087.95935058594 1024.68803071976 1060.71897363663 899.966598510742 886.472511291504 988.154824018478 929.454395294189 903.119678497314 823.960420608521 970.89574432373
634.472206115723 535.188583374023 585.772705078125 645.101047515869 743.028072357178 707.383024215698 662.203742980957 673.91463470459 676.236027240753 744.512935638428 787.232276916504 671.155736923218 775.014587402344 769.781116485596 931.309417724609 960.962051391602 682.316925048828 652.962562561035 824.421546936035 664.071105957031 669.267436981201 698.266914367676 617.601821899414 617.614715576172 832.52123260498 831.356043815613 954.579811096191 702.444366455078 694.378265380859 823.54972076416 753.559364318848 934.290470123291 707.626853942871 819.839221954346 703.389999389648 839.987090110779 902.857898712158 876.58723449707 913.086055755615 898.700668334961 882.607444763184 947.084651947021 877.687286376953 915.860313415527 1034.5813331604 1043.4460067749 928.919876098633 889.000061035156 821.24024772644 805.488300323486
717.395355224609 657.729461669922 683.569206237793 790.010855674744 733.050773620605 598.181381225586 783.437255859375 847.295219421387 724.236652851105 792.832557678223 1115.55537414551 1024.01699829102 794.063362121582 822.458305358887 889.662910461426 737.483791351318 772.114303588867 786.061456680298 590.424423217773 464.474304199219 649.748542785645 692.040424346924 736.097755432129 696.160263061523 839.675300598145 936.014266967773 691.881233215332 1276.84574508667 794.127136230469 830.320762634277 830.253105163574 851.786575317383 858.583446502686 692.399353027344 738.641693115234 776.611267089844 906.381507873535 814.82844543457 815.379974365234 889.375311374664 985.697120666504 993.87003326416 985.168975830078 942.277342319489 1025.77151107788 957.243923187256 1073.38226699829 1016.32524108887 1014.43908691406 819.314151763916
521.646835327148 484.517395019531 1167.73191833496 647.137908935547 650.321857452393 759.012718200684 690.781997203827 663.46280670166 568.573379516602 874.388175964355 773.995002746582 819.670860290527 712.322781562805 866.94807434082 708.146144866943 836.703605651855 869.732040405273 755.347574234009 632.320457458496 705.12878036499 644.546493530273 734.787254333496 749.778140068054 663.304515838623 742.430923461914 665.366344928741 747.861728668213 757.431777954102 777.369649887085 751.613876342773 1024.35574150085 819.725975036621 690.595191955566 1329.73785018921 784.269592285156 863.680187702179 589.997512817383 916.999992370605 841.440248638391 806.157465934753 701.546539306641 800.347542762756 806.85977935791 771.049350738525 867.69384765625 882.254915237427 820.079727172852 929.570945739746 835.121650695801 897.980476379395
1011.30235290527 624.286521911621 1242.19358825684 1202.70903015137 718.883828878403 590.862899780273 624.173065185547 772.377014160156 1156.65719223022 827.52368927002 662.881748199463 654.491613864899 530.508483886719 822.304740905762 775.385822296143 880.450836181641 823.506530761719 647.382350921631 812.521072387695 736.324867248535 725.082703590393 825.256073951721 796.406272888184 654.53023147583 740.703895568848 662.276840209961 843.624923706055 881.737655639648 760.353744506836 763.850145339966 681.485794067383 605.001541137695 764.533460617065 748.670835494995 740.461556911469 1228.72244262695 672.123573303223 719.947830200195 752.893112182617 769.005100250244 960.301109313965 684.129058837891 847.008529663086 931.349655151367 851.210834503174 740.983551025391 801.249839782715 1016.65952301025 1046.0291519165 938.089546203613
672.268383026123 717.815715789795 818.160404205322 640.643264770508 1157.02168273926 1340.60510635376 849.579685211182 668.46688079834 627.522071838379 768.274356842041 781.481018066406 697.290636062622 797.76139831543 823.257942199707 632.68578338623 617.372009277344 655.558891296387 789.683971405029 850.087829589844 773.51456451416 948.733673095703 810.127212524414 670.45018196106 625.913108825684 653.392232894897 857.840026855469 880.078941345215 795.047065734863 726.496201515198 628.759765625 629.217559814453 563.479339599609 655.717590332031 704.581911206245 673.629684448242 631.815914154053 602.202178955078 1166.83407974243 590.838104248047 739.022594451904 815.19478225708 657.591209411621 936.33967590332 826.757102966309 739.387256622314 815.304119110107 934.559754371643 811.895263671875 891.789745807648 938.27242565155
752.479007720947 752.661312103271 704.981781721115 787.580940246582 640.012893676758 781.317443847656 816.456756591797 721.215046882629 754.278537750244 559.619453430176 652.009557723999 733.576389312744 703.295166015625 641.50789642334 699.421577453613 672.919311523438 746.663187026978 668.402118682861 682.056468009949 742.499084472656 760.772026062012 776.853713989258 770.002967834473 743.699554443359 678.840706348419 843.836723327637 724.048829078674 522.751312255859 596.373107910156 654.337615966797 597.033935546875 613.739570617676 780.942646026611 695.344047546387 808.060989379883 855.95915222168 737.098253250122 749.275432348251 667.751686096191 1159.93205451965 1172.19166564941 643.323226928711 598.28288269043 761.55184173584 889.404541015625 947.814071655273 741.2854347229 970.721225738525 1145.49019241333 909.817646026611
840.824951171875 856.907272338867 856.254425048828 774.960990905762 607.544944763184 665.235767364502 683.136416435242 606.808746337891 770.679176330566 594.37580871582 795.044532775879 640.066101074219 632.827157974243 557.657661437988 646.042133331299 558.669403076172 659.572860717773 771.083442687988 435.810760498047 646.606534957886 765.686645507812 740.587482452393 809.969245910645 790.693702697754 700.982751846313 860.933959960938 632.080528259277 641.762084960938 692.987926483154 610.974258422852 648.084808349609 811.71280670166 829.932281494141 836.904724121094 787.245597839355 840.361854553223 626.796417236328 750.322762489319 649.003448486328 726.483425140381 736.097805023193 697.562654495239 833.888427734375 988.429214477539 990.474105834961 785.380332946777 895.366992950439 968.309959411621 866.048168182373 900.479040145874
