export/dem/dem51.asc
NCOLS 350
NROWS 171
XLLCORNER 152620
YLLCORNER 418050
CELLSIZE 100
NODATA_VALUE -9999
[rows 110 to 131 of 171, columns 300 to 349 of 350]
712.618309020996 709.959434509277 823.869005203247 794.291217803955 688.187835693359 1050.16030693054 855.053993225098 812.271667480469 794.94563293457 587.424652099609 756.643432617188 646.572402954102 1648.35638427734 549.800598144531 755.459869384766 578.111724853516 1284.33464050293 641.11149597168 904.605651855469 -9999 -9999 -9999 -9999 -9999 -9999 -9999 -9999 -9999 -9999 -9999 -9999 -9999 -9999 -9999 -9999 -9999 -9999 -9999 -9999 -9999 -9999 -9999 -9999 -9999 -9999 -9999 -9999 -9999 -9999 -9999
828.637033462524 854.883499145508 626.304916381836 703.987258911133 803.365005493164 846.834468841553 1219.41222381592 1365.72429656982 690.987312316895 687.735824584961 1181.5517578125 474.701293945312 1095.38605690002 653.259704589844 594.517547607422 581.488159179688 802.798355102539 1112.50077819824 996.680328369141 -9999 -9999 -9999 -9999 -9999 -9999 -9999 -9999 -9999 -9999 -9999 -9999 -9999 -9999 -9999 -9999 -9999 -9999 -9999 -9999 -9999 -9999 -9999 -9999 -9999 -9999 -9999 -9999 -9999 -9999 -9999
759.349113464355 867.827056884766 958.567832946777 728.152679443359 858.594718933105 630.509078979492 582.505226135254 1029.91042423248 699.149673461914 1678.21438598633 1001.85704040527 762.262817382812 605.398574829102 702.263702392578 626.516021728516 1137.59335327148 643.646209716797 927.328689575195 1710.45031738281 1017.09033489227 -9999 -9999 -9999 -9999 -9999 -9999 -9999 -9999 -9999 -9999 -9999 -9999 -9999 -9999 -9999 -9999 -9999 -9999 -9999 -9999 -9999 -9999 -9999 -9999 -9999 -9999 -9999 -9999 -9999 -9999
988.419700622559 861.762528538704 732.836433410645 878.453887939453 732.567161560059 739.032167434692 710.635559082031 740.750625610352 861.376998901367 2170.67051696777 841.865051269531 757.344131469727 759.631927490234 1085.01426696777 1237.07769775391 998.683197021484 889.221633911133 841.866821289062 1086.81101608276 1317.93444824219 1151.58622741699 -9999 -9999 -9999 -9999 -9999 -9999 -9999 -9999 -9999 -9999 -9999 -9999 -9999 -9999 -9999 -9999 -9999 -9999 -9999 -9999 -9999 -9999 -9999 -9999 -9999 -9999 -9999 -9999 -9999
770.586711883545 938.911033630371 777.22526550293 804.806180000305 714.547400474548 878.332107543945 673.80721282959 713.159637451172 736.223281860352 1134.47135925293 854.66185760498 1000.9029083252 837.442169189453 980.533424377441 611.740997314453 765.794357299805 813.022238731384 884.033599853516 943.964614868164 952.887565612793 1039.26047897339 -9999 -9999 -9999 -9999 -9999 -9999 -9999 -9999 -9999 -9999 -9999 -9999 -9999 -9999 -9999 -9999 -9999 -9999 -9999 -9999 -9999 -9999 -9999 -9999 -9999 -9999 -9999 -9999 -9999
866.498439788818 686.20947265625 731.479301452637 855.650459289551 948.77562713623 764.028762817383 769.165541648865 870.738075256348 355.343292236328 1031.5171661377 1337.29846191406 615.563339233398 642.453948974609 1118.20834350586 627.674285888672 584.318756103516 1071.26181030273 859.917434692383 855.361854553223 702.431427001953 679.670097351074 695.782020568848 -9999 -9999 -9999 -9999 -9999 -9999 -9999 -9999 -9999 -9999 -9999 -9999 -9999 -9999 -9999 -9999 -9999 -9999 -9999 -9999 -9999 -9999 -9999 -9999 -9999 -9999 -9999 -9999
730.576198577881 860.515487670898 673.135406494141 1037.66751098633 818.172332763672 636.579593658447 1233.82674026489 663.34903717041 626.009414672852 1037.51934814453 1098.10289001465 1362.47067260742 678.702392578125 1073.66482543945 671.390197753906 631.095291137695 1241.19155883789 1155.04009246826 702.844345092773 972.786338806152 939.547607421875 802.263236999512 989.625640869141 -9999 -9999 -9999 -9999 -9999 -9999 -9999 -9999 -9999 -9999 -9999 -9999 -9999 -9999 -9999 -9999 -9999 -9999 -9999 -9999 -9999 -9999 -9999 -9999 -9999 -9999 -9999
870.483642578125 635.473704338074 845.886270523071 896.395729422569 1341.25147867203 1403.61352157593 483.609390258789 625.722640991211 546.486434936523 650.854721069336 889.173034667969 919.422786712646 1137.83925628662 1282.26953887939 864.649154663086 823.077697753906 909.678131103516 833.239929199219 814.943120479584 805.771255493164 859.697273254395 940.898124694824 986.975093841553 -9999 -9999 -9999 -9999 -9999 -9999 -9999 -9999 -9999 -9999 -9999 -9999 -9999 -9999 -9999 -9999 -9999 -9999 -9999 -9999 -9999 -9999 -9999 -9999 -9999 -9999 -9999
742.327561378479 837.497505187988 746.793323516846 895.816667079926 917.502487182617 769.544372558594 640.385314941406 849.894546508789 719.328956604004 701.04012298584 907.437544107437 696.743585586548 835.332572937012 856.01086807251 978.848897695541 913.404144287109 726.384208679199 793.122077941895 887.178334236145 757.128517150879 764.029884338379 1064.16767883301 994.906768798828 976.481650352478 -9999 -9999 -9999 -9999 -9999 -9999 -9999 -9999 -9999 -9999 -9999 -9999 -9999 -9999 -9999 -9999 -9999 -9999 -9999 -9999 -9999 -9999 -9999 -9999 -9999 -9999
886.16332244873 837.400659561157 636.250937461853 690.866241455078 959.46118927002 860.31524848938 843.875171661377 743.051128387451 756.030169487 745.158050537109 884.389938354492 964.517395019531 744.823822021484 1100.96505832672 1237.04717445374 846.689945220947 736.021469116211 835.484712600708 897.449321746826 843.855429649353 892.537216186523 981.405746459961 836.552082061768 951.198642730713 943.49303817749 -9999 -9999 -9999 -9999 -9999 -9999 -9999 -9999 -9999 -9999 -9999 -9999 -9999 -9999 -9999 -9999 -9999 -9999 -9999 -9999 -9999 -9999 -9999 -9999 -9999
1414.06507873535 1839.25772094727 1072.2176361084 914.692474365234 1214.89681243896 967.546451568604 608.399154663086 729.617691040039 629.035217285156 1398.08179855347 767.870769500732 682.624572753906 744.856872558594 1039.67011260986 954.143383026123 1315.16682434082 840.115896224976 597.060333251953 873.698488235474 1030.46054077148 874.930194854736 925.815578460693 902.322310447693 915.968154907227 993.865249633789 770.890625 -9999 -9999 -9999 -9999 -9999 -9999 -9999 -9999 -9999 -9999 -9999 -9999 -9999 -9999 -9999 -9999 -9999 -9999 -9999 -9999 -9999 -9999 -9999 -9999
1097.89945983887 953.936744689941 1203.25436401367 910.745347499847 1459.51322937012 1529.24448394775 908.834548950195 981.144882202148 847.736312866211 892.253265380859 788.410823822021 740.360969543457 762.300201416016 791.76226568222 1043.33819580078 795.234527587891 812.822032928467 704.224166870117 848.504411697388 1022.61656188965 806.870235443115 955.378128051758 919.424949645996 764.169792175293 709.564712524414 850.400634765625 -9999 -9999 -9999 -9999 -9999 -9999 -9999 -9999 -9999 -9999 -9999 -9999 -9999 -9999 -9999 -9999 -9999 -9999 -9999 -9999 -9999 -9999 -9999 -9999
1150.17518615723 1081.29600524902 1259.94372177124 844.686584472656 1090.02855682373 1293.59329223633 1468.04588794708 1249.56256866455 1046.88535308838 1168.31211853027 1066.72183322906 895.640369415283 760.421722412109 977.768165588379 792.073188781738 709.885101318359 616.150115966797 762.990278244019 849.301752090454 757.858528137207 836.181125640869 712.999465942383 682.461433410645 844.325716018677 873.863355636597 836.154449462891 889.366677522659 -9999 -9999 -9999 -9999 -9999 -9999 -9999 -9999 -9999 -9999 -9999 -9999 -9999 -9999 -9999 -9999 -9999 -9999 -9999 -9999 -9999 -9999 -9999
1318.00679779053 1063.5871887207 933.764553070068 844.270652770996 902.268471717834 1366.15004634857 1428.65586090088 1118.64200401306 1107.62000274658 1067.29732847214 980.783599853516 825.064672470093 900.676105499268 823.06702709198 865.13903427124 814.319316864014 714.455215454102 836.001075744629 744.754524230957 794.612384796143 761.938810348511 784.906890869141 869.173835754395 764.045356750488 821.646806716919 895.017738342285 869.471459984779 784.609115600586 -9999 -9999 -9999 -9999 -9999 -9999 -9999 -9999 -9999 -9999 -9999 -9999 -9999 -9999 -9999 -9999 -9999 -9999 -9999 -9999 -9999 -9999
1000.05871200562 998.839508056641 884.561662197113 999.040111541748 985.612411499023 967.286163330078 1583.59149932861 1162.9702796936 1113.22283172607 879.325678348541 1010.96380615234 912.291130065918 847.044624328613 741.550964355469 837.344047546387 969.120376586914 899.533067703247 723.720039367676 809.467693328857 763.450672149658 594.389831542969 815.426124572754 701.565391540527 717.303863525391 808.686943054199 601.041427612305 821.697292327881 862.908237457275 739.353530883789 -9999 -9999 -9999 -9999 -9999 -9999 -9999 -9999 -9999 -9999 -9999 -9999 -9999 -9999 -9999 -9999 -9999 -9999 -9999 -9999 -9999
980.214370727539 937.447532653809 911.891347885132 987.750991821289 1416.17652511597 990.963111877441 1216.5080499649 1107.51789093018 832.813694000244 898.920455932617 1036.46849060059 904.859024047852 694.529922485352 860.921951293945 664.265174865723 818.329151153564 625.576370239258 752.784027099609 751.306533813477 814.080820083618 863.019569396973 725.216201782227 906.222946166992 776.039577484131 712.240753173828 568.871124267578 803.942897796631 742.076797485352 793.82933807373 -9999 -9999 -9999 -9999 -9999 -9999 -9999 -9999 -9999 -9999 -9999 -9999 -9999 -9999 -9999 -9999 -9999 -9999 -9999 -9999 -9999
1108.48417663574 964.726402282715 1435.37420272827 1227.80575561523 1107.7350692749 1124.09045028687 1481.00922584534 1078.63047027588 1375.97834014893 1116.27516174316 831.680177688599 871.612930297852 871.518566131592 815.165046691895 748.777931213379 857.025512695312 870.631183624268 781.40779876709 789.758758544922 791.98258972168 987.69905090332 843.806484222412 657.774719238281 832.328120172024 671.123657226562 762.800884246826 694.06494140625 795.734756469727 785.903816223145 844.585103034973 -9999 -9999 -9999 -9999 -9999 -9999 -9999 -9999 -9999 -9999 -9999 -9999 -9999 -9999 -9999 -9999 -9999 -9999 -9999 -9999
897.032390594482 935.493728637695 1002.42028808594 1532.20336914062 1873.71729278564 1209.81643486023 1166.25256729126 1116.02883529663 1333.93654632568 1026.85614013672 876.614841461182 868.43448638916 978.248001098633 796.550298690796 849.212577819824 922.526634216309 840.128423690796 708.837356567383 979.510917663574 893.864738464355 868.889068603516 836.133634567261 939.211952209473 756.130256652832 823.821282625198 861.552459716797 968.304275512695 874.411170959473 901.391254425049 766.485900878906 805.335800170898 -9999 -9999 -9999 -9999 -9999 -9999 -9999 -9999 -9999 -9999 -9999 -9999 -9999 -9999 -9999 -9999 -9999 -9999 -9999
1011.83626556396 1092.87314987183 983.406131744385 1398.56191825867 1539.24285888672 1402.28635787964 1511.91814804077 1101.08785247803 1071.21829605103 1068.05323791504 1081.41473388672 1132.93644714355 1056.70100402832 1123.84893798828 823.363926887512 936.984771728516 881.02250289917 923.955528259277 829.395986557007 985.664199829102 1030.29583740234 843.95672750473 880.959465026855 838.142184376717 838.071420192719 923.181427001953 652.151229858398 808.56079864502 840.744613647461 698.222961425781 628.61328125 -9999 -9999 -9999 -9999 -9999 -9999 -9999 -9999 -9999 -9999 -9999 -9999 -9999 -9999 -9999 -9999 -9999 -9999 -9999
1014.31312561035 902.583786010742 904.056558609009 1472.31282806396 1086.02906227112 1406.74580049515 1282.98841094971 1165.62543487549 1798.21082687378 1408.03141403198 1282.20908355713 1196.51910018921 1202.67928314209 1779.66027069092 1107.0563583374 1013.4372253418 887.136749267578 847.062465667725 1037.86026000977 1037.72567749023 906.887645721436 1024.12544250488 764.504165649414 766.334648132324 829.338984727859 748.98201751709 919.319198608398 717.820892333984 880.623695850372 741.139999389648 705.998016357422 793.595024108887 -9999 -9999 -9999 -9999 -9999 -9999 -9999 -9999 -9999 -9999 -9999 -9999 -9999 -9999 -9999 -9999 -9999 -9999
1128.87743759155 981.417656898499 1004.2998046875 1156.30670166016 1066.01452636719 1362.09078979492 1629.12330627441 1412.06021118164 1421.76107788086 1412.28848266602 1402.25923919678 1109.75105285645 1243.58958435059 1497.44356536865 953.640705108643 1120.64671325684 1006.32135009766 970.581512451172 977.613739013672 981.377487182617 981.874267578125 777.372505187988 814.576290130615 800.131879806519 738.19132232666 785.273860931396 834.070320129395 892.111103057861 841.467781066895 642.640548706055 755.277770996094 608.993133544922 864.07653427124 -9999 -9999 -9999 -9999 -9999 -9999 -9999 -9999 -9999 -9999 -9999 -9999 -9999 -9999 -9999 -9999 -9999
897.651966094971 1092.451171875 1279.4122543335 979.791103363037 866.397392988205 1217.15162658691 1168.4639210701 1241.96646118164 1238.51672649384 1301.07804870605 1178.44064712524 1278.20640563965 1142.15509033203 1142.77758789062 1006.05820846558 938.424736022949 1047.36331939697 913.641860961914 1100.27258300781 1140.55895996094 959.240386962891 854.557294845581 876.623956680298 950.812931060791 938.887011528015 757.112495422363 758.660087585449 771.373054504395 792.822570800781 592.905853271484 660.369888305664 812.53108215332 887.711441040039 -9999 -9999 -9999 -9999 -9999 -9999 -9999 -9999 -9999 -9999 -9999 -9999 -9999 -9999 -9999 -9999 -9999
