export/dem/dem50.asc
NCOLS 350
NROWS 171
XLLCORNER 152620
YLLCORNER 418050
CELLSIZE 100
NODATA_VALUE -9999
[rows 44 to 65 of 171, columns 150 to 199 of 350]
440.588737487793 496.233669281006 549.903114557266 541.543432235718 518.481357574463 456.034461975098 567.971302032471 531.293527126312 490.331245422363 502.378883361816 513.635311126709 605.212215423584 507.005256652832 445.991149902344 820.569274902344 658.45337677002 653.839668273926 515.220596313477 507.945423126221 537.461883544922 552.010063171387 457.523330688477 601.292449951172 498.939208984375 462.41813659668 626.195835113525 667.80931854248 623.079486846924 547.234124183655 404.125625610352 593.818283081055 613.610042572021 616.820068359375 761.167041778564 617.180168151855 654.636701583862 707.655878067017 613.259071350098 741.983020782471 613.791800200939 443.876007080078 437.502197265625 519.071586608887 731.124389648438 748.572715759277 606.733795166016 558.627197265625 539.441818237305 1153.44429397583 1215.50438976288
415.711437225342 529.545875549316 490.067974090576 495.936126232147 488.718458175659 470.818870544434 385.948364257812 532.216901779175 577.310661315918 467.889999389648 472.466262817383 506.933349609375 559.9411277771 628.574348449707 667.34814453125 747.276214599609 567.891958236694 671.869506835938 527.113632202148 487.67077255249 388.8134765625 430.17603302002 530.03631401062 490.966331481934 498.389801025391 569.375252723694 644.715110778809 818.605651855469 631.375152587891 664.071044921875 700.06608581543 630.25174331665 490.226295471191 655.783416748047 584.818206787109 601.937385559082 735.703598022461 608.370906829834 537.644264221191 496.203437805176 539.368125915527 717.155944824219 497.273948669434 521.030048370361 500.159172058105 616.242725372314 538.432098388672 498.639587402344 569.046974182129 706.094520568848
484.296581268311 463.903106689453 553.139359474182 366.822723388672 431.660423278809 360.957244873047 437.507530212402 457.184555053711 467.155181884766 493.91402053833 578.576987266541 600.890426635742 488.036270141602 614.366779327393 682.931457519531 685.579689025879 493.526458740234 625.695129394531 604.900211334229 460.237640380859 459.669868469238 510.337306976318 602.413997650146 454.579277038574 454.990394592285 533.781096085906 512.702419281006 602.734043121338 632.627429962158 613.152626037598 654.33243560791 474.354942321777 562.664884567261 540.396415710449 619.484001159668 464.451210021973 455.345596313477 629.255283355713 607.631978034973 717.617530822754 500.326324462891 360.64567565918 611.924507141113 383.739685058594 476.06413269043 651.505651473999 426.220947265625 644.253662109375 706.80591583252 556.947387695312
576.790012359619 533.495994567871 643.025115966797 554.148933410645 520.089814186096 522.072333335876 447.380355834961 520.606969833374 669.240608215332 537.882733345032 568.917317271233 635.574325561523 675.370582580566 539.260402679443 720.420211791992 478.486671447754 581.314189910889 465.762687683105 539.395786643028 643.391090393066 735.497634887695 479.17121887207 549.029367923737 621.045986175537 520.886127471924 593.1305809021 629.828132629395 650.802391052246 684.169036865234 601.740272521973 721.68603515625 598.694347381592 506.371898651123 506.923725128174 670.016639709473 457.831237792969 554.468534469604 531.359756469727 686.194190979004 682.22972869873 475.186996459961 548.319833755493 603.829233169556 502.177444458008 478.584289550781 357.750778198242 526.038299560547 779.333908081055 582.387955546379 706.97932434082
607.644653320312 505.620780944824 474.222267150879 395.996864318848 548.055745124817 574.326501846313 538.147853836417 444.502288818359 440.932121276855 533.315643310547 639.686588287354 513.450466156006 751.971633911133 521.364204406738 619.247142791748 492.38249206543 396.295867919922 478.456085205078 454.679397583008 501.731048583984 589.98952293396 431.127044677734 526.678380966187 609.099582672119 452.086730957031 675.33080291748 537.592252731323 563.669284820557 594.255878448486 725.616073608398 435.365882873535 485.254722595215 524.230781555176 519.209457397461 406.826705932617 578.585094451904 490.069644927979 576.661140441895 435.961517333984 536.225486755371 600.363761901855 446.128761291504 540.929622650146 539.2878074646 517.685829162598 710.368965148926 664.757481575012 687.605567932129 648.055374145508 469.120590209961
375.045608520508 600.359802246094 517.346600532532 611.71826171875 633.886413574219 664.385650634766 590.95308303833 622.791580200195 632.509353637695 660.227439880371 469.512878417969 648.430686950684 673.549964904785 671.183311462402 660.188140869141 614.133155822754 650.047473788261 580.113258361816 693.019298553467 620.975478172302 451.756172180176 674.576461791992 638.235173225403 686.570167541504 514.742202758789 554.007036209106 583.597259998322 545.529716491699 590.415306091309 691.926788330078 625.610939025879 581.063812255859 571.168598175049 544.504124164581 624.114753723145 545.353760719299 524.762256622314 642.83065032959 447.148368835449 522.115341186523 474.302841186523 424.35546875 591.814685821533 492.774677276611 433.81388092041 454.78556060791 675.036399841309 622.377662658691 776.311447143555 535.513942718506
610.584609985352 561.356185913086 556.365989685059 530.677153676748 507.397819519043 447.284957885742 553.84247303009 487.57201385498 576.888717651367 734.233337402344 772.292297363281 611.090202331543 542.665723800659 722.490646362305 622.313991546631 552.104789733887 520.727569580078 502.80322265625 583.171890258789 569.810523986816 618.545478343964 666.41487121582 697.070762634277 923.406005859375 577.554679870605 636.921119689941 528.43078994751 538.588687896729 469.714820861816 548.71794128418 694.320327758789 491.71369934082 668.761947631836 524.234748840332 462.895385742188 500.926998138428 625.337104797363 624.52384185791 523.131999969482 483.428825378418 504.717323303223 473.588569641113 553.143089294434 432.85270690918 430.85807800293 392.742645263672 558.298023223877 638.843948364258 809.868659973145 788.964828491211
477.923229217529 415.524040222168 448.703216552734 339.181686401367 441.92414855957 411.026672363281 537.881847381592 444.034759521484 612.598159790039 678.081787109375 624.343814849854 509.390914916992 680.320442199707 613.579383850098 626.824434280396 615.198177337646 514.51651763916 505.787734985352 561.62442779541 464.530487060547 504.131462097168 741.645881652832 737.127281188965 646.610038757324 631.374111175537 610.120979309082 828.741195678711 551.219970703125 619.922996520996 534.974258422852 634.189918518066 469.290649414062 572.853054046631 429.750228881836 453.524269104004 397.111129760742 417.388969421387 353.365051269531 566.298620223999 669.728889465332 427.739273071289 521.025192260742 481.653434753418 524.648193359375 542.935161590576 615.170680999756 500.793045043945 697.751411437988 774.360488891602 662.395336151123
523.95182466507 525.15966796875 653.523376464844 669.485572814941 541.465162277222 546.677985191345 452.156646728516 540.900072097778 592.610046386719 521.518535614014 674.879150390625 556.21621966362 552.354022979736 563.029039382935 461.376663208008 496.213836669922 493.194641113281 491.71866607666 536.018270492554 551.59203338623 626.398986816406 642.704982757568 635.379703521729 543.48717880249 457.578941345215 618.969788551331 738.720115184784 639.422496795654 658.673477172852 584.113346576691 612.256397247314 672.777961730957 478.404273986816 512.986782073975 609.473873138428 456.71314239502 686.397178649902 474.665786743164 571.770978450775 544.785675048828 512.647804260254 583.673283100128 398.014236450195 541.344757080078 403.387985229492 413.092514038086 547.758499145508 600.33039855957 797.78125 566.540176391602
518.613432884216 583.901210784912 602.218612670898 595.894840240479 539.527050971985 408.91357421875 545.314449310303 410.681381225586 660.766967773438 454.641082763672 461.629432678223 493.188301086426 620.575733184814 568.291144371033 637.698600769043 559.738700151443 731.736282348633 570.874924898148 514.112319946289 675.001277923584 537.546005249023 412.352783203125 637.300937652588 621.860317230225 802.945083618164 538.214653015137 632.472910881042 633.911570549011 634.095401763916 573.813903093338 672.918281555176 569.199953079224 582.457479476929 658.705261230469 540.001781463623 486.785659790039 614.924205780029 559.083152770996 709.571029663086 590.950635910034 481.483833312988 688.505508422852 683.964752197266 477.44287109375 521.242500305176 563.848598480225 524.626983642578 663.919448852539 391.478363037109 536.855083465576
669.975486755371 576.597236633301 513.412599563599 521.977115631104 713.862335205078 695.695816040039 620.61714553833 519.151718139648 600.746162414551 668.864631652832 565.190656661987 508.72566986084 636.654525756836 497.866859436035 603.294208526611 736.433547973633 551.004535675049 613.598340988159 497.900665283203 643.238861083984 637.848735809326 456.741714477539 441.193405151367 550.247249603271 467.701370239258 600.753887176514 765.487609863281 568.860786437988 671.645244598389 682.036262512207 710.707702636719 746.470840454102 525.449347496033 584.793336868286 679.716339111328 576.96750831604 698.724334716797 518.933174133301 720.777397155762 616.627975463867 533.751943588257 522.689720153809 659.901641845703 578.162538528442 449.771026611328 598.05703163147 719.464859008789 410.613662719727 622.005839347839 654.345081329346
715.265960693359 613.147598266602 517.373792648315 570.793983459473 470.649559020996 511.933547973633 528.538734436035 689.865196228027 622.923992156982 769.238555908203 621.438163757324 647.706298828125 535.742113113403 522.009582519531 579.532154083252 535.248615264893 563.678285598755 708.991653442383 607.525604248047 623.731418609619 642.10892868042 492.485191345215 487.309532165527 514.719367980957 521.108894348145 481.817047119141 779.302000045776 598.971849441528 492.594833374023 537.97452545166 648.633613586426 545.018692016602 534.861686706543 603.650955200195 622.228847503662 651.459197998047 691.574256896973 527.232234954834 658.994060516357 648.256168365479 517.343235015869 699.190063476562 629.317028045654 777.512237548828 594.897123336792 579.830757141113 529.566078186035 609.185953140259 568.236934661865 659.215316772461
607.733470916748 641.447685241699 654.568984985352 639.532730102539 616.534885406494 687.78108215332 673.672645568848 593.385292053223 654.455513000488 540.03554058075 483.394348144531 448.988845825195 678.345367431641 403.045150756836 417.937042236328 616.732395172119 602.33325958252 565.29407119751 621.979091644287 598.982743263245 492.781661987305 576.443548202515 589.582630157471 692.178117752075 612.896152496338 489.734741210938 666.14185333252 677.161367416382 627.917855262756 535.783348083496 676.603805541992 857.904632568359 377.959716796875 574.972471237183 492.998733520508 630.98620223999 627.809585571289 618.929443359375 671.832695007324 657.016891479492 558.196500778198 615.720651626587 570.14115524292 669.233066558838 696.818923950195 552.934185028076 624.01179599762 496.856536865234 580.879940032959 418.19352722168
559.20360660553 358.317504882812 510.966762542725 518.383193969727 470.020721435547 607.025810241699 707.242713928223 572.018323898315 744.996475219727 581.331481933594 596.399283409119 717.729110717773 656.498107910156 772.603332519531 602.377872467041 462.250389099121 643.696857452393 463.904067993164 725.954162597656 488.695610046387 592.390144348145 651.676193237305 545.686233520508 523.702041625977 633.550464630127 520.044952392578 566.462295532227 722.042106628418 752.872200012207 700.078243255615 564.77229309082 765.59130859375 726.588516235352 748.855117797852 448.787261962891 690.916107177734 636.774772644043 566.288921356201 642.604530334473 766.65412902832 627.91487121582 604.462584972382 520.441989898682 587.02919960022 652.914867401123 707.370483398438 557.287822723389 681.668949127197 700.213226318359 617.500148892403
575.155488967896 533.103256225586 585.762228012085 573.624445915222 667.968193054199 725.836242675781 677.607269287109 616.623394012451 646.40510559082 522.305969238281 499.183868408203 672.713180541992 696.581192016602 685.900482177734 492.382202148438 639.91690826416 674.806991577148 528.547367095947 536.779754638672 551.225505828857 636.571460723877 587.144822120667 655.229949951172 599.28977394104 514.245262145996 588.985688686371 435.582107543945 633.666341781616 532.689376831055 861.042266845703 673.441799163818 692.693428039551 753.386016845703 732.094009399414 726.746960163116 551.441688537598 635.107274055481 573.158981084824 704.824211120605 699.316673278809 743.583206176758 667.61625289917 680.669063568115 645.213661193848 721.829078674316 729.236480712891 601.516630172729 746.957168579102 545.820304870605 562.249454498291
702.701919555664 488.310333251953 419.486587524414 584.855033874512 585.027683258057 639.721618652344 645.073211669922 676.086730957031 624.934844970703 722.487518310547 643.955619812012 669.688705444336 629.689388275146 513.833549499512 540.397914886475 733.945953369141 728.297378540039 579.940876960754 558.72097492218 585.039786338806 604.517686128616 780.491104125977 618.034504890442 557.407474517822 633.421552658081 505.206214904785 619.666719436646 728.49137878418 654.814925909042 640.690860748291 769.022598266602 661.433162689209 718.264961242676 643.908304214478 575.457290649414 725.432342529297 561.716300964355 628.672103881836 619.209661483765 620.04700088501 799.518844604492 676.631813049316 704.732421875 760.795455932617 426.837539672852 605.624701499939 628.680073022842 636.386339187622 607.781433105469 541.152770996094
612.67467880249 714.421081542969 628.975030899048 634.403266906738 668.894912719727 635.495529174805 656.582946777344 633.170421600342 564.334735393524 667.592750549316 511.633415222168 653.340232849121 724.7421875 632.70378112793 467.507431030273 414.945816040039 436.081573486328 618.314594268799 618.035339355469 564.246379852295 665.222801208496 536.307323455811 522.442707061768 513.373092651367 481.67699432373 672.749919891357 531.022979736328 742.47135925293 660.01033782959 614.550756454468 615.269495010376 698.481910705566 645.685702323914 736.560668945312 638.920936584473 721.064186096191 619.124038696289 610.751770019531 738.479103088379 665.19609606266 707.292783737183 789.96516418457 719.135078430176 614.930812835693 683.62403678894 561.164428710938 603.709146499634 558.284687042236 580.003776550293 628.954071044922
560.819505691528 661.389320373535 664.033576965332 624.033042907715 655.414016723633 464.349555969238 587.111751556396 652.302764892578 537.995361328125 520.10399055481 818.725784301758 594.154281616211 612.213260650635 679.968269348145 587.959957122803 506.628746032715 557.713460445404 689.981582641602 408.248138427734 483.190711975098 574.636397838593 692.832244873047 559.468334197998 673.677417755127 579.306064605713 592.243366241455 690.764617919922 603.76055431366 725.418930053711 702.626953125 776.086799621582 719.42554473877 672.566917419434 753.095169067383 740.840843200684 727.456771850586 737.115081787109 587.742160797119 680.014335632324 631.15745639801 675.339097976685 621.578485488892 592.13595199585 838.867616653442 795.395881652832 504.597396850586 652.160598754883 686.425910949707 588.863563537598 559.840019226074
477.596725463867 521.553802490234 593.546264648438 567.028858184814 571.866287231445 588.424694061279 630.130249023438 568.112937927246 652.120147705078 509.898555755615 590.635221481323 582.915393829346 589.301340103149 648.365119934082 525.59729385376 705.86279296875 545.662537097931 512.727849960327 626.351150512695 694.917617797852 656.163421630859 694.519859313965 556.383188247681 565.724349975586 587.212668418884 619.828437805176 778.922698974609 609.502264022827 759.249244689941 683.415740966797 699.098922729492 516.605476379395 664.825790405273 697.43627166748 678.231863021851 607.230331420898 617.444923400879 606.835975646973 674.348358154297 850.023727416992 589.648544311523 842.686218261719 430.512603759766 874.310348510742 727.270709991455 721.253684997559 585.898891448975 714.69995880127 690.02233505249 502.228073120117
607.640102386475 659.354995727539 540.261421978474 530.498003005981 512.294277191162 442.844551086426 738.39323425293 690.938858032227 541.047103881836 590.251091003418 586.786155700684 713.673843383789 659.091575622559 670.903129577637 576.236794948578 588.653163909912 399.902191162109 609.809368133545 645.026016235352 673.844299316406 641.402606964111 782.011154174805 546.610549926758 639.269023895264 660.099563598633 600.146919250488 610.531836509705 723.66024017334 632.644123077393 771.667724609375 505.010932922363 615.470865249634 580.850383758545 507.708641052246 670.642490386963 745.896041870117 689.03443145752 716.671447753906 595.714284896851 632.550302028656 715.26490020752 750.053024291992 599.092533111572 728.293113708496 632.165166854858 629.446814417839 721.154815673828 554.682647705078 706.203468322754 619.90258026123
627.201995849609 543.696702957153 563.329707145691 630.359489440918 515.012565612793 761.887985229492 430.658401489258 578.060026168823 517.641761779785 648.585678100586 566.138325214386 615.371780395508 713.503921508789 763.692153930664 766.540939331055 550.732462882996 526.429689407349 692.578338623047 449.328384399414 512.314743041992 564.691405296326 604.546421051025 434.906051635742 467.285568237305 486.588325500488 533.936889648438 581.374298095703 492.719711303711 552.892370223999 589.620950698853 627.247428894043 744.555389404297 596.536415100098 560.961879730225 663.004688262939 733.279495239258 561.568321228027 618.057353973389 610.233459472656 692.228324890137 523.318626403809 695.351745605469 631.37254524231 754.834426879883 704.649917602539 565.771900177002 654.237846374512 521.789333343506 783.629547119141 747.023239135742
425.384727478027 647.312614440918 545.100526809692 675.820938110352 475.683364868164 522.80287361145 624.019966125488 525.153394699097 517.264102935791 752.711349487305 471.613792419434 576.236022949219 576.966737747192 521.556407928467 564.170487880707 440.608795166016 445.152969360352 549.820650100708 477.054557800293 435.518249511719 542.291492462158 471.102592468262 478.948867797852 564.986310958862 497.120483398438 554.774993896484 664.881446838379 517.041664123535 448.880157470703 551.95666885376 555.911540985107 587.843970775604 643.213245391846 653.448234558105 675.115447998047 602.76912021637 656.137794494629 665.172992706299 569.964511871338 716.573593139648 753.803840637207 549.209648132324 578.563087463379 578.748708724976 529.065399169922 612.149897575378 626.391344070435 705.938056945801 610.818863868713 684.298097610474
