export/dem/dem55.asc
NCOLS 350
NROWS 171
XLLCORNER 152620
YLLCORNER 418050
CELLSIZE 100
NODATA_VALUE -9999
[rows 44 to 65 of 171, columns 50 to 99 of 350]
683.738464355469 874.672210693359 814.615146636963 662.32389831543 355.118988037109 467.435953140259 560.101184844971 509.117027282715 609.006893157959 406.523513793945 798.262100219727 470.671691894531 384.127090454102 371.981727600098 535.648731231689 377.17414855957 546.630615234375 396.097148895264 298.548667907715 440.411426544189 374.101184844971 346.90894317627 386.160984039307 385.486492156982 409.717489242554 394.224611282349 294.953659057617 430.051410675049 338.791549682617 373.639465332031 377.284881591797 568.437759399414 545.893669128418 598.601135253906 496.006847381592 341.19945526123 482.570945739746 530.904930114746 343.72053527832 338.898849487305 516.223777770996 501.839542388916 469.606296539307 402.627815246582 338.023292541504 465.482551574707 409.335018157959 485.907802581787 374.228992462158 411.795993804932
670.991813659668 723.850662231445 578.971687316895 710.690422058105 313.761703491211 340.417724609375 514.154747009277 308.811370849609 439.657859802246 576.017562866211 341.884140014648 452.190326690674 359.783821105957 555.922039031982 636.892822265625 420.790069580078 295.623229980469 312.348205566406 367.368858337402 519.026107788086 375.706428527832 406.517468452454 420.172606229782 391.504917144775 402.872072219849 353.228267669678 462.871837615967 430.562434434891 313.141983032227 491.612144470215 483.819190979004 366.691635131836 510.503463745117 610.753982543945 472.153114318848 570.099632263184 431.52840423584 395.921974182129 539.86442565918 647.375915527344 417.333099365234 378.082214355469 433.015984177589 470.628471374512 444.373125076294 667.636123657227 426.795745372772 439.433379173279 496.568061828613 443.833034515381
670.769910812378 597.919971466064 518.786331176758 330.420310974121 282.135299682617 369.328399658203 516.08324432373 496.45276260376 618.339996337891 568.69110584259 433.606468200684 523.028405189514 611.23998260498 485.943591356277 507.702907562256 432.278699874878 279.902694702148 379.379344940186 391.227649688721 350.655044555664 346.94149017334 425.845598220825 461.409427642822 234.392486572266 449.06339263916 489.067375183105 344.515037536621 434.553169250488 295.927734375 324.335922241211 449.711966514587 451.21732711792 572.820083618164 577.473236083984 423.357223033905 607.606185913086 478.146797180176 505.654174804688 634.765502929688 492.217491149902 533.223793029785 481.525058746338 407.53618144989 449.133945465088 321.24308013916 402.447854995728 486.467761993408 441.887395858765 445.394205093384 439.195694923401
597.444710254669 431.227851867676 409.32564163208 307.257797241211 339.494899749756 461.97785949707 1001.9761428833 670.144874572754 590.138027191162 560.718894958496 494.747661590576 450.875053405762 644.641479492188 525.920886993408 390.319351196289 493.831420898438 349.234840393066 316.722801208496 347.019771575928 442.430156707764 424.247430801392 365.755065917969 422.162197113037 411.12677192688 418.800452232361 450.069816589355 354.533760070801 457.57661819458 414.930932998657 282.871368408203 538.09733581543 520.19490814209 510.764495849609 539.065711975098 364.635974884033 534.111206054688 505.372344970703 425.870016098022 445.592426300049 466.571435928345 622.402420043945 476.928024291992 558.907585144043 472.947822570801 259.597045898438 410.126007080078 518.55345916748 353.503826141357 377.925231933594 473.290935516357
523.707492828369 503.155544281006 376.515182495117 492.374523162842 551.390281677246 592.858032226562 694.43212890625 670.055816650391 480.721292495728 499.461990356445 547.992149353027 633.772163391113 587.922546386719 663.552658081055 453.416873931885 456.318778991699 459.644395828247 386.248420715332 493.905548095703 590.030334472656 435.803260803223 390.474220275879 411.970057487488 487.497741699219 378.02023935318 479.533790588379 215.893920898438 472.004722595215 442.304508209229 547.521560668945 455.539978027344 542.440048217773 600.708557128906 650.436492919922 539.834144592285 415.61065864563 532.944351196289 419.242851257324 499.645248413086 440.726278305054 557.804313659668 480.016359329224 386.530815124512 485.072719573975 500.007041931152 372.060974121094 596.145370483398 437.361972808838 631.908050537109 407.162532806396
485.176116943359 510.950576782227 473.885727405548 412.668762207031 570.745155334473 610.749801635742 562.942428588867 520.383083343506 583.768028259277 408.626274108887 463.206556797028 512.661262512207 458.749549865723 339.801361083984 453.187761306763 453.710333347321 175.414459228516 412.218698501587 506.258651733398 392.167602062225 524.292587280273 311.711433410645 442.474502563477 335.639533996582 526.957679748535 565.689727783203 403.140682220459 463.119518280029 507.590423583984 587.358489990234 534.541877746582 632.764007568359 565.17993927002 532.219024658203 564.870330810547 511.006576538086 561.238494873047 536.514144897461 452.645733833313 457.417127609253 475.177265167236 567.788955688477 439.843519210815 454.473284721375 357.451484680176 311.780166625977 376.289306640625 499.628009796143 416.044987678528 441.75013256073
229.220031738281 441.024795532227 498.158090591431 927.845039367676 441.755966186523 686.946472167969 672.323791503906 508.367359161377 519.056640625 475.726442337036 330.504219055176 398.723304748535 390.798843383789 544.80785369873 559.306312561035 352.753471374512 302.100006103516 401.639757156372 542.154968261719 419.663887023926 343.788932800293 346.771999359131 455.352851867676 474.445526123047 591.17073059082 416.655155181885 447.131038665771 429.153121948242 533.606468200684 591.282943725586 534.769920349121 494.614511489868 458.570251464844 450.082492828369 429.265776634216 424.66145324707 582.811721801758 337.182861328125 449.170581817627 452.879878997803 400.954299926758 435.545420646667 268.151977539062 409.543292999268 383.089401245117 267.358795166016 479.118877410889 540.559303283691 506.297836303711 480.393194198608
718.676717758179 626.181823730469 485.840636253357 508.524669647217 464.262199401855 359.766723632812 523.973888397217 611.913635253906 462.007309436798 374.54517364502 452.508526802063 387.802333831787 377.728443145752 511.446846008301 405.822378158569 356.369468688965 289.586196899414 415.346416473389 451.374113082886 379.812580108643 562.670654296875 435.753065109253 520.993156433105 576.988494873047 421.246364116669 389.712205886841 473.500507354736 379.419696807861 419.558757781982 437.5051612854 442.32621383667 565.966262817383 306.845027923584 410.5353307724 429.691246986389 432.329790592194 584.745193481445 497.79027557373 484.935298919678 509.248481750488 468.637254714966 701.799224853516 339.811973571777 350.590377807617 322.516540527344 398.980125784874 341.977035522461 360.77095413208 401.330404281616 431.069113731384
677.398189544678 506.878303527832 1002.43160259724 466.22013092041 446.005058288574 422.701278686523 652.076309204102 469.761301994324 558.122032165527 463.56431722641 423.798055648804 499.807479858398 498.039136886597 516.851371765137 299.314193725586 384.623512268066 340.663200378418 278.601699829102 306.059555053711 404.468294143677 586.753128051758 492.732975006104 488.226161956787 445.579080581665 581.521026611328 701.813751220703 457.995864868164 383.092142105103 482.738906860352 400.277640342712 346.556911468506 360.336849212646 341.847602844238 593.371536254883 490.610809326172 469.268085479736 642.84065246582 577.200958251953 429.090127944946 283.685653686523 462.612453937531 429.983311653137 438.044013023376 481.306541442871 496.122436523438 453.148300170898 455.110500335693 509.048866271973 287.75318145752 455.470443725586
605.010096549988 593.073722839355 448.64208984375 471.735244750977 548.017520427704 470.108539581299 517.297924041748 482.313316345215 575.149528503418 441.808682441711 437.881060123444 396.545248031616 349.268840789795 355.164756774902 473.058036804199 331.96711730957 375.98804473877 461.436004638672 494.786712646484 312.621810913086 392.631782531738 459.243198394775 359.626220703125 374.130311965942 634.420516967773 652.420608520508 611.970031738281 401.39794254303 529.274658203125 392.844547748566 435.73458480835 579.469161987305 346.604831695557 329.006816864014 373.79655456543 474.845264434814 292.148963928223 493.925453186035 383.872169494629 358.332492828369 302.323677062988 243.429428100586 415.447312355042 343.900291442871 306.929244995117 321.872344970703 418.276843547821 477.813179016113 600.407699584961 461.133045196533
574.450550079346 647.751129150391 520.492170333862 552.28050994873 532.695508986712 489.876518249512 446.159999847412 483.231803894043 430.215591430664 448.2053565979 358.539833068848 530.613372802734 435.628595352173 457.497978210449 495.358505249023 578.304885864258 458.967407226562 290.177925109863 623.572204589844 488.628509521484 523.905548095703 431.056341171265 521.404289245605 691.65083694458 758.279357910156 649.364807128906 632.666641235352 425.500770568848 400.886058807373 383.281224966049 369.819513320923 291.998687744141 397.126293182373 421.976892471313 441.772987365723 385.880111694336 436.246475219727 337.127838134766 510.960983276367 276.788215637207 456.289142608643 346.996604919434 425.362984657288 482.426628112793 408.659118652344 427.687644004822 479.714500427246 508.071647644043 289.891189575195 360.162292480469
661.352947235107 1152.51203346252 691.531463623047 645.376724243164 557.444551944733 501.472405076027 386.269714355469 609.295104980469 532.054267883301 521.023086547852 494.963508605957 481.173126220703 444.112930297852 377.842571258545 557.272537231445 547.110321044922 426.241831898689 459.026660919189 499.504211425781 478.553688049316 454.017547607422 415.327383041382 488.076644897461 517.784355163574 498.410705566406 541.326217651367 588.637176513672 365.034720420837 346.198669433594 430.644777297974 189.812088012695 329.135444641113 275.809326171875 416.933952331543 415.92742729187 382.152770996094 362.375085830688 376.220670700073 494.507911682129 406.36206817627 307.274551391602 378.021780014038 482.347877502441 200.672470092773 379.792736053467 433.753114700317 386.053985595703 348.774848937988 413.33295249939 469.034248352051
409.492168426514 533.769226074219 712.181625366211 572.631317138672 574.687061309814 511.969499588013 466.153690338135 382.464859008789 489.084579467773 408.761645317078 469.618377685547 342.018333435059 472.126457214355 523.094017028809 416.286010742188 403.2342710495 652.43408203125 527.943161010742 466.833480834961 424.174697875977 504.280883789062 667.668319702148 476.393287658691 336.822040557861 339.892459869385 427.531272888184 338.94797706604 419.385231018066 380.893104553223 292.681221008301 347.122123718262 505.390533447266 267.760372161865 235.918800354004 315.610076904297 430.883838653564 548.928421020508 437.326644897461 418.505573272705 467.149513244629 413.544065475464 412.174017801881 484.724647521973 432.09185218811 499.097763061523 409.693337917328 339.154983520508 461.289667129517 290.150009155273 346.639572143555
675.213222503662 378.97566986084 389.493392944336 702.766204833984 586.233386993408 401.718978881836 458.804504394531 429.15198135376 396.148796081543 433.283807039261 439.814915522933 267.100769042969 268.997650146484 501.349128723145 281.541076660156 429.637634277344 441.548854827881 399.77419090271 486.04141998291 287.429443359375 504.020454406738 452.892078399658 429.298233032227 465.707397460938 443.71630859375 287.331340789795 482.003936767578 404.784004211426 320.002959728241 296.78088760376 180.420364379883 313.288579940796 362.909875869751 381.065366268158 375.21693611145 358.02734041214 230.040710449219 597.720916748047 360.159889221191 566.78092956543 502.618095397949 389.771239280701 247.937576293945 388.678081512451 519.052581787109 522.988822937012 433.607048988342 357.671379089355 503.224975585938 352.560417175293
390.117149353027 419.329132080078 604.494411468506 511.077980041504 662.307144165039 668.332145690918 441.194370269775 408.16773223877 371.988536834717 307.574317932129 264.226486206055 295.41773223877 489.257095336914 250.423599243164 432.766201019287 552.668151855469 771.089141845703 520.974533081055 449.600814819336 503.110687255859 438.624557495117 303.407970428467 420.969596862793 533.178024291992 512.095657348633 278.630565643311 347.647443771362 432.989334106445 343.908926010132 429.232269287109 274.480285644531 408.686832427979 343.348678588867 598.047256469727 368.735586166382 297.433540344238 466.794288635254 216.130249023438 498.166038513184 423.756645202637 416.314576148987 506.89892578125 341.039169311523 282.044952392578 475.198577880859 518.128105163574 611.353820800781 280.700347900391 378.93448638916 252.037048339844
440.138145446777 548.476572275162 529.985305786133 520.249519348145 582.134745597839 542.57377243042 438.882461547852 377.39575958252 214.698928833008 443.591682434082 334.335289001465 419.780075073242 450.223014831543 324.986465454102 484.253257751465 502.25560760498 501.80712890625 404.180545806885 456.64965057373 359.283893585205 484.982528686523 272.45824432373 530.189270019531 214.724746704102 409.940299987793 387.526638031006 391.196166992188 288.299873352051 521.27294921875 375.068294525146 423.746334075928 221.657447814941 311.091583251953 278.964393615723 366.397847652435 408.33402633667 381.462345123291 464.045928955078 403.474447727203 447.99934387207 335.060401916504 441.930084228516 397.486918449402 342.944286346436 397.486492156982 455.42636680603 450.630483627319 421.142534255981 374.584541320801 428.283236503601
514.304794311523 471.832084655762 615.336332321167 595.864771127701 706.22497177124 684.143358230591 600.902397155762 484.930387496948 526.546676635742 434.767300844193 351.377395629883 562.760177612305 338.208595275879 475.180740356445 530.358657836914 465.723762512207 435.584903717041 427.753657102585 487.363746643066 412.162065505981 414.418128967285 376.38835811615 534.671325683594 508.330535888672 461.354385375977 519.537231445312 200.935638427734 356.571590423584 490.403755187988 332.830131530762 529.720504760742 244.362762451172 299.230171203613 419.578193664551 356.900809131563 367.543047904968 362.362718582153 486.848487854004 371.257343292236 522.935104370117 473.655754089355 451.618518829346 378.750864028931 579.912109375 485.99259185791 441.851574897766 423.511219978333 604.069351196289 568.071678161621 208.329483032227
415.292175292969 531.393243789673 656.40754699707 552.822685241699 601.138553619385 680.260746002197 600.308124542236 582.935279846191 510.879455566406 339.77481842041 518.836448669434 296.785552978516 345.579692840576 329.13094329834 436.330150604248 585.766357421875 444.281784057617 442.542785644531 435.857219696045 555.933563232422 391.272867202759 491.805236816406 461.675964355469 365.386858940125 460.389358520508 497.686920166016 438.139083862305 429.152126312256 486.071678161621 337.736261367798 361.691242694855 441.159828186035 400.975118637085 225.608474731445 411.917028427124 416.860877990723 368.078216552734 540.784400939941 457.209663391113 444.61433172226 451.614791870117 507.565757751465 554.093414306641 437.021026611328 439.76818561554 481.598480224609 456.04154586792 579.692352294922 451.781116485596 416.05835723877
656.750801086426 754.450958251953 593.450225830078 604.388020992279 688.468460083008 736.080211639404 626.571971893311 399.554000854492 487.831183433533 282.661102294922 445.886225700378 441.966365814209 520.370719909668 357.040503025055 402.791431427002 461.912559509277 482.669281005859 239.608978271484 295.632789611816 475.939125061035 259.908187866211 392.004951477051 515.352737426758 520.638732910156 296.869888305664 573.703735351562 421.070960998535 370.275709152222 533.238662719727 291.175170898438 402.711265563965 410.012843132019 346.208242416382 330.198402404785 350.319053649902 240.30322265625 356.532529830933 452.587287902832 327.921676635742 439.744718551636 416.310260295868 680.317855834961 311.902572631836 469.93920135498 473.558650970459 497.647216796875 513.885593414307 353.67268371582 527.73663520813 485.054328918457
581.388103485107 628.41771697998 437.131874084473 435.013160705566 612.283199310303 413.571319580078 235.747161865234 423.209012985229 451.95991230011 335.678775787354 531.319534301758 422.920749664307 378.087704896927 343.306119918823 277.613021850586 413.208683013916 309.10961151123 413.460132598877 262.551948547363 450.362121582031 343.268039703369 475.300872802734 497.357727050781 461.776298522949 488.142936706543 519.337615966797 438.082221984863 464.767456054688 477.817054748535 532.933334350586 322.261840820312 423.833053588867 362.111473083496 258.884986877441 227.993774414062 426.585887908936 471.374351501465 394.393730163574 349.626670837402 504.73641204834 553.662605285645 573.744827270508 477.675018310547 415.19038772583 440.229516506195 330.21607208252 577.503326416016 525.318359375 451.538856506348 372.383590698242
518.818727016449 458.233863830566 566.689783096313 607.926635742188 458.829002380371 436.729572296143 305.989852905273 472.485557556152 479.48323059082 496.518539428711 440.694551467896 474.112854003906 280.213539123535 320.543243408203 329.062534332275 246.557067871094 380.213541030884 303.383819580078 291.238800048828 437.622627258301 424.651626586914 367.393560409546 453.275302886963 432.70174407959 365.976036071777 536.949066162109 428.300647735596 403.688087463379 356.177974700928 326.208385467529 261.960838317871 294.632270812988 248.856506347656 288.891555786133 302.58137512207 413.873859763145 517.895843505859 505.151382446289 482.359283447266 325.29093170166 411.02086353302 355.154304504395 327.22762298584 499.029022216797 369.870086669922 502.554992675781 513.103523254395 509.493103027344 515.975681304932 431.568065643311
376.614074707031 422.027610778809 482.323303222656 441.594757080078 374.792106628418 321.180236816406 344.475059509277 612.465454101562 404.124439239502 356.565952301025 542.859619140625 334.049388885498 333.73060798645 348.808343321085 460.60196685791 267.276390075684 310.737007141113 270.094848632812 320.833675384521 345.887521743774 460.577011108398 360.0361328125 318.91641998291 322.506187438965 302.895568847656 501.645866394043 482.495101928711 446.870010375977 277.235877990723 316.113780975342 351.774909973145 306.755111694336 299.991325378418 499.461891174316 552.502059936523 449.674753189087 565.977844238281 368.440658569336 369.180583953857 651.317749023438 467.579242706299 281.795516967773 521.671691894531 476.05680847168 570.12580871582 548.10945892334 456.358231067657 544.286712646484 596.549713134766 451.633991241455
