export/dem/dem59.asc
NCOLS 350
NROWS 171
XLLCORNER 152620
YLLCORNER 418050
CELLSIZE 100
NODATA_VALUE -9999
[rows 132 to 153 of 171, columns 250 to 299 of 350]
880.929679870605 850.352554321289 850.327964782715 785.484497070312 779.869083404541 686.612838745117 567.729164123535 749.605865478516 598.215789794922 778.205944061279 678.483528137207 874.873809814453 830.781997680664 788.944690704346 742.18172454834 825.157562255859 784.672611236572 780.474193572998 688.888244628906 743.386610031128 636.774543762207 595.528930664062 728.030771255493 666.200048446655 642.716312408447 713.297378540039 555.433471679688 800.317916870117 534.78727722168 711.521060943604 722.174743652344 657.936038970947 543.234962463379 584.041999816895 634.377635955811 564.67839050293 614.368099212646 697.921859741211 701.199801445007 791.650939941406 790.040573120117 1135.46842765808 878.135269165039 1086.43520736694 986.832624435425 854.023910522461 978.260459899902 856.261848449707 926.560234069824 1042.16304397583
861.676475524902 737.180755615234 732.923881530762 789.729837417603 590.967704772949 628.064552307129 683.744400024414 652.991296768188 648.16934967041 622.474700927734 654.651766777039 814.898254394531 788.657012939453 754.941097259521 786.780498504639 809.294609069824 666.185516357422 904.517749786377 972.930139541626 771.435985565186 747.328809738159 907.978393554688 717.854125976562 657.133087158203 531.282440185547 582.493804931641 678.766082763672 589.686111450195 746.947723388672 640.118194580078 725.294746398926 478.368667602539 549.344802856445 599.77103805542 703.692470550537 604.515670776367 650.533462524414 563.372550964355 590.857925415039 736.433197021484 681.946483612061 877.476365089417 1022.12581825256 1158.29248809814 988.870685577393 930.846221923828 1017.61367797852 937.129608154297 886.260766983032 962.515384674072
813.02016544342 752.255645751953 821.791652679443 566.865219116211 588.838182449341 569.545791625977 683.950675964355 663.226631164551 736.90104675293 692.413604736328 734.429679870605 786.538093566895 737.579969406128 835.476951599121 817.053504943848 718.939481735229 874.638793945312 801.787042617798 875.860656738281 839.477394104004 876.915756225586 693.741733551025 801.866394042969 646.219429016113 665.400058746338 596.622863769531 673.402265548706 675.57320022583 648.465055465698 602.188926696777 554.639083862305 584.062881469727 479.378555297852 584.490566253662 632.114845275879 622.770587921143 565.362838745117 754.034786224365 595.015739440918 628.023162841797 559.571395874023 689.449544906616 633.253387451172 706.520210266113 958.309566497803 1009.12014007568 810.19246673584 861.930397033691 992.974212646484 1012.23100280762
823.70426940918 682.509590148926 655.478870391846 648.050074100494 692.701606750488 464.945709228516 815.106384277344 797.480424880981 825.382015228271 885.548393249512 849.694923400879 859.782706260681 946.570983886719 931.279434204102 790.864105224609 815.001117706299 797.628566741943 695.207252502441 785.435779094696 743.665729522705 771.011885643005 540.4609375 550.470504760742 663.149959564209 635.874725341797 553.555503845215 598.486557006836 631.964165687561 562.760589599609 548.933654785156 623.119945526123 658.62572145462 611.744998931885 620.787620544434 555.285514831543 600.12349319458 428.546646118164 639.220729827881 671.31849861145 654.335117340088 703.405083656311 656.320940971375 658.177621841431 655.870899200439 680.654273986816 989.857238769531 955.116523742676 1043.39158630371 958.429718017578 956.709131240845
841.446762084961 681.886390686035 681.510068893433 530.606216430664 678.997867584229 734.502819061279 766.982131958008 737.351188659668 735.981521606445 783.134048461914 766.641408920288 813.455017089844 793.651992797852 737.478929519653 883.586471557617 964.228820800781 927.072372436523 910.571136474609 791.454162597656 653.838737487793 833.795385360718 737.480571746826 640.475936889648 753.113716125488 675.113959312439 620.094429016113 557.304489135742 574.577484130859 699.031248092651 690.786468505859 498.7880859375 601.451641082764 784.50910949707 640.826644897461 615.267654418945 536.368682861328 578.69441986084 645.107490539551 661.337989807129 525.445495605469 640.814746856689 607.885955810547 722.03614616394 711.397556304932 829.006011962891 803.830429553986 937.975952148438 1012.50444030762 916.487800598145 940.221971511841
688.780765533447 648.256523132324 813.062309265137 753.417278289795 728.28190612793 655.404403686523 647.525909423828 664.178359985352 643.279441833496 715.782283782959 969.043243408203 797.932304382324 854.605903625488 669.676898956299 785.442638397217 715.624208450317 771.059547424316 837.723903656006 809.35521697998 716.546157836914 678.185829877853 602.788024902344 780.003311157227 634.972103118896 563.975715637207 628.821899414062 625.759449005127 650.537675857544 650.620620727539 743.517440795898 663.778017044067 749.797595977783 672.999828338623 671.989148139954 529.67170715332 701.054667472839 623.480003356934 585.22477722168 750.235931396484 588.138847351074 805.30298614502 692.190691232681 646.291999816895 729.114744067192 676.661325454712 666.233520746231 840.737575650215 784.803749084473 816.240825653076 730.340118408203
820.172557830811 624.490783691406 734.677015304565 732.305042266846 774.504688262939 665.208694458008 750.479099273682 609.4921875 862.263114929199 783.601419448853 719.62767791748 868.610450744629 753.591576576233 851.302930831909 751.754585266113 671.935985565186 662.680004119873 922.910446166992 777.954299926758 740.274464130402 728.962518692017 603.046348571777 775.901222229004 637.0950050354 470.285888671875 594.461090087891 553.066192626953 592.956001281738 814.123901367188 570.410575866699 617.766815185547 567.415580749512 651.812982559204 764.670379638672 697.738560676575 591.213409423828 572.346488952637 526.768630981445 842.990264892578 607.039093017578 698.985857963562 848.550170898438 572.653190612793 714.226861000061 732.846807003021 863.645431518555 815.600006103516 749.796173095703 942.931182861328 675.014045715332
721.372817993164 837.678359985352 726.436950683594 778.911815643311 757.299560546875 731.928695678711 711.347587585449 724.993579864502 729.888866424561 903.329978942871 762.886894226074 697.239044189453 738.697830200195 775.524484872818 849.957052230835 762.340497970581 802.59126663208 929.516094207764 773.791370391846 693.901134490967 720.967864751816 577.887329101562 849.487365722656 556.937316894531 661.615257263184 645.365356445312 517.25634765625 657.075843811035 687.656867980957 551.249404907227 556.802040100098 763.913224220276 729.37003326416 711.585350036621 783.789825439453 627.508171081543 709.586490631104 634.439453125 474.499465942383 565.094940185547 675.286443710327 829.155403137207 709.958932876587 781.517700195312 659.436141967773 677.637439727783 652.384243011475 759.302848815918 774.320688247681 779.321723937988
828.83260345459 914.48902130127 932.935546875 870.990322113037 726.522064208984 768.621040344238 740.391620635986 731.384292602539 847.461318969727 671.173904418945 666.087959289551 736.471042633057 926.986831665039 799.513467788696 846.701202392578 694.856048583984 911.465179443359 884.532363414764 796.544807434082 784.623851776123 678.59649848938 700.98899435997 759.526808261871 612.439758300781 747.90944480896 569.461761474609 795.455174446106 858.007759094238 584.999351501465 697.392442703247 735.576440811157 641.382827758789 760.329141616821 719.240875244141 709.147325515747 647.841688156128 626.515529632568 615.356460571289 549.525497436523 659.438632965088 572.575416564941 851.746459960938 715.058188438416 797.51708984375 739.250070571899 732.879850387573 620.551986694336 745.688262939453 670.134826660156 770.118640899658
580.129531860352 830.537956237793 811.680497169495 825.019442796707 914.399551391602 747.230934143066 790.246141433716 810.120801925659 728.266609191895 678.655838012695 759.010799407959 802.983453124762 874.189453125 910.151802062988 860.939468383789 837.255047798157 822.675527572632 693.82772064209 675.713432312012 546.059936523438 713.515208244324 672.053173065186 784.763053894043 694.824626922607 782.715354919434 666.835479736328 771.457614898682 935.701789855957 719.382354736328 875.68505859375 623.603050231934 658.816329956055 648.876613616943 715.92183303833 780.928558349609 599.614028930664 537.5166015625 588.179191589355 597.375717163086 696.308850288391 604.199615478516 723.112812042236 730.251109361649 690.360717773438 783.560607910156 750.508683204651 751.10876083374 709.894260406494 687.178834915161 777.36999130249
680.391288757324 730.53581237793 1144.28893661499 969.492538452148 723.863555908203 926.716514587402 919.148910522461 458.565567016602 597.580871582031 831.969917297363 624.923187255859 825.705272674561 720.108879089355 833.122301101685 966.577728271484 941.223014831543 917.260955810547 902.589851379395 816.78702545166 801.606307983398 729.397918701172 730.738132476807 747.973365783691 614.189666748047 774.189136505127 908.021850585938 834.293590545654 693.354957580566 907.557029724121 713.290863037109 779.981338500977 623.480117797852 588.790466308594 761.490177154541 695.895137786865 728.074769973755 638.409393310547 711.168809890747 619.519287109375 601.867919921875 651.638038635254 692.941071510315 682.989139556885 653.588001251221 759.719299316406 662.965587615967 720.121025085449 659.352798461914 641.452239990234 608.078285217285
760.918739318848 723.571813583374 1093.48790550232 775.345291137695 792.460437774658 772.408176422119 713.37190246582 849.47297668457 692.871925354004 640.291687011719 773.243144989014 958.916625976562 838.474645614624 864.617218017578 756.318550109863 930.893623352051 898.168312072754 896.544860839844 847.499717712402 769.319883525372 664.483238220215 669.982051849365 834.423774719238 744.758539199829 810.44842338562 754.947113037109 733.244407653809 790.664615631104 654.756553649902 701.451484680176 749.285064697266 657.720367431641 654.190021514893 636.46561050415 574.272819519043 620.263427734375 596.242584228516 647.972820281982 700.841070652008 722.346479415894 583.809478759766 729.631212234497 712.103960037231 829.740242004395 811.346839904785 815.508140563965 679.800060272217 721.861682891846 731.229270935059 383.540008544922
673.284633636475 760.14302444458 768.635704040527 732.796264648438 854.630470275879 580.523319244385 578.94229888916 826.853286743164 692.592613220215 756.74206161499 1080.4681854248 719.286014556885 936.545013427734 932.490600585938 966.709915161133 942.168426513672 955.235580444336 827.51259803772 728.137733459473 893.056823730469 994.645248413086 755.194660186768 805.927024841309 954.925582885742 883.280181884766 750.752388000488 732.768133163452 768.382110595703 883.574653625488 886.952964782715 807.846286475658 912.858879089355 829.728118896484 812.123458862305 597.170806884766 815.647109985352 525.804840087891 568.999404907227 748.763571977615 722.406764984131 640.725463867188 673.661819458008 720.046998023987 734.682050704956 745.541816711426 855.202705383301 747.864347457886 594.521484375 429.734252929688 720.8005027771
-9999 -9999 -9999 922.832061767578 809.557983398438 897.73802947998 755.346990585327 590.963714599609 610.037483215332 753.46715927124 967.940528869629 814.742904663086 998.514167785645 1027.82594299316 832.530384063721 908.946723937988 980.408988952637 998.258255004883 955.565071105957 819.728578567505 903.86701965332 851.0494556427 800.810415267944 790.757236480713 681.119476318359 681.880474090576 698.5866355896 706.955938816071 699.701003670692 799.983592033386 837.86563873291 680.583419799805 751.57105255127 841.628433227539 702.392539024353 829.720275878906 650.230186462402 734.667697906494 770.696964263916 902.088066101074 841.424964904785 798.935661315918 702.312091827393 830.068786621094 790.942668914795 714.546897888184 562.892532348633 815.903305053711 650.270225524902 849.626739501953
-9999 -9999 -9999 -9999 -9999 -9999 937.453536987305 735.493057250977 755.555717468262 716.129718780518 680.94922542572 710.025505065918 837.337524414062 1027.45416259766 1008.1209564209 817.342542648315 775.23899269104 898.186531066895 910.918556213379 973.920257568359 844.533794403076 895.492877960205 790.052421569824 915.510522842407 878.134990692139 669.311069488525 848.579384803772 648.168148040771 616.465393066406 731.318294525146 820.394559860229 1067.44667816162 648.425277709961 808.828273773193 726.425415992737 716.785782814026 870.191287994385 835.713771820068 779.428524017334 1053.72067260742 849.924265742302 714.407859802246 714.240504741669 744.341763496399 617.246765136719 771.768665313721 604.776138305664 756.064319610596 795.626197814941 804.209972381592
-9999 -9999 -9999 -9999 -9999 -9999 -9999 -9999 -9999 914.465923309326 815.214500427246 729.661815643311 820.124280929565 944.637435913086 884.032691955566 906.372497558594 1131.06715774536 917.476491928101 1086.81210327148 831.700830459595 790.986785888672 845.401363372803 902.842266082764 828.154457092285 839.582027435303 789.345905303955 801.329254150391 534.615661621094 833.259197235107 802.466979980469 823.113059997559 684.897171020508 587.721923828125 600.816818237305 709.04979133606 711.433095932007 672.10865020752 574.805618286133 755.176414489746 693.668712615967 680.991209030151 677.518600463867 641.204345703125 694.589294433594 647.555587768555 680.645862579346 695.825531005859 756.730823516846 754.126823425293 666.377006530762
-9999 -9999 -9999 -9999 -9999 -9999 -9999 -9999 -9999 -9999 -9999 931.177070617676 942.234191894531 833.66060256958 683.37398147583 562.077812194824 807.812216281891 1277.95864105225 915.206001281738 847.144844055176 1047.53913879395 943.497391700745 851.185386657715 851.118553161621 666.783798217773 760.942192077637 788.40406036377 966.709823608398 795.224214553833 939.047630906105 742.305885314941 747.911605834961 706.384341478348 754.332725524902 583.905227661133 703.85004234314 802.916633605957 685.890671551228 784.469596862793 743.486095428467 704.503038406372 778.819107055664 783.926868438721 828.319976806641 683.056858062744 672.365520477295 649.76978302002 772.089551925659 792.274707794189 735.64182472229
-9999 -9999 -9999 -9999 -9999 -9999 -9999 -9999 -9999 -9999 -9999 -9999 916.965370178223 834.645942687988 810.670455932617 728.015163421631 861.939949035645 1359.49774932861 1123.88785171509 1269.02877807617 1161.30491352081 1238.5104598999 1131.91467666626 1057.20600318909 887.134422302246 813.142959594727 730.140068054199 804.663541793823 750.764488220215 714.110473632812 843.273632049561 773.200752258301 775.151222229004 722.296743392944 606.48558807373 702.88875579834 827.059677124023 617.956741333008 594.379776000977 724.619316577911 844.395111083984 744.980285644531 759.006770610809 761.679749250412 799.805713653564 727.195755004883 819.524711608887 771.346212387085 840.367408752441 789.454193115234
-9999 -9999 -9999 -9999 -9999 -9999 -9999 -9999 -9999 -9999 -9999 -9999 802.57007598877 700.266494750977 633.524642944336 604.047912597656 788.504844665527 936.622192382812 961.968276977539 803.156015396118 837.810804367065 915.317802429199 1000.08959960938 774.658164978027 847.374919891357 829.646057128906 1324.03787994385 1026.54176330566 968.422113418579 1017.36141204834 809.522842407227 915.42512512207 860.204727172852 936.191299438477 729.106533050537 926.92658996582 811.475713729858 850.155899047852 796.767211914062 669.791885375977 810.029367446899 864.547172546387 938.292770385742 651.905952453613 701.660797119141 804.394729614258 828.380470275879 906.085479736328 892.736152648926 881.728012084961
-9999 -9999 -9999 -9999 -9999 -9999 -9999 -9999 -9999 -9999 -9999 -9999 -9999 711.387145996094 592.381286621094 716.693290710449 767.45386505127 729.452011108398 954.015594482422 881.289275169373 926.065887451172 914.204689025879 820.307220458984 837.455702543259 835.837755203247 819.665111541748 800.074111938477 833.386142730713 953.239212036133 866.001024246216 1155.23506355286 822.703289031982 822.763303756714 754.896862030029 820.93221282959 892.430130004883 812.896579742432 774.361095428467 872.800296783447 756.564922332764 784.699224233627 646.600830078125 838.421096801758 763.036279678345 778.205840110779 890.723831176758 768.501682281494 850.091247558594 900.13126373291 867.761161804199
-9999 -9999 -9999 -9999 -9999 -9999 -9999 -9999 -9999 -9999 -9999 -9999 -9999 -9999 663.954833984375 857.542869567871 573.054718017578 846.157106399536 940.737966537476 928.329860687256 840.384716033936 862.948106765747 1004.83888244629 817.808187484741 928.25853729248 873.370056152344 849.162773132324 938.48070526123 775.298046112061 952.737640380859 739.926948547363 759.791074752808 724.4404296875 714.149562835693 786.627883911133 795.988822937012 784.584121704102 801.559627532959 782.39988899231 944.013793945312 919.291305541992 901.26766204834 887.203063964844 983.078659057617 749.476669311523 893.465446472168 769.351654052734 745.368152618408 811.404456615448 679.500984191895
-9999 -9999 -9999 -9999 -9999 -9999 -9999 -9999 -9999 -9999 -9999 -9999 -9999 -9999 738.082763671875 748.37742805481 736.513774871826 901.322509765625 857.453737258911 818.1247215271 828.693771362305 966.785423278809 870.231409072876 927.306411743164 890.196422576904 912.977081298828 1043.48069763184 894.575576782227 892.489208221436 867.125331878662 884.875343322754 933.666000366211 1276.39854431152 733.775402069092 967.989440917969 717.949569702148 644.829643249512 904.851097106934 758.136421203613 896.520889282227 810.525923728943 853.253903388977 888.197769165039 787.792495727539 849.109684944153 988.197601318359 886.704727172852 855.775890350342 740.93807220459 842.564636230469
