export/dem/dem56.asc
NCOLS 350
NROWS 171
XLLCORNER 152620
YLLCORNER 418050
CELLSIZE 100
NODATA_VALUE -9999
[rows 22 to 43 of 171, columns 250 to 299 of 350]
769.95658493042 672.701210021973 893.699348449707 813.186138153076 992.112152099609 940.076560974121 1169.12451171875 1021.7776260376 961.398178100586 763.263084411621 674.954124450684 559.872756958008 709.310550689697 666.465698242188 575.919998168945 736.500396728516 711.840087890625 829.796844482422 760.969749450684 844.602500915527 952.362838745117 784.776626586914 652.294677734375 975.781051635742 862.211212158203 882.312049865723 833.482410430908 819.538614749908 817.570915222168 959.343139648438 673.160018920898 -9999 -9999 -9999 -9999 -9999 -9999 -9999 -9999 -9999 -9999 -9999 -9999 -9999 -9999 -9999 -9999 -9999 -9999 -9999
932.32731628418 739.437797546387 696.974708557129 829.899936676025 773.509460449219 834.614004135132 911.960403442383 1023.06996679306 1036.92104053497 965.928248405457 1031.26307678223 917.697248458862 886.06233215332 782.225399017334 686.583076477051 684.68083190918 827.362449645996 944.357360839844 822.515998840332 768.19047164917 747.784896850586 703.46164894104 649.07299041748 618.552735567093 694.288196563721 651.13928604126 769.827756881714 864.144275665283 784.67399597168 959.885269165039 753.27180480957 1074.93879699707 850.561360359192 771.495367527008 -9999 -9999 -9999 -9999 -9999 -9999 -9999 -9999 -9999 -9999 -9999 -9999 -9999 -9999 -9999 -9999
659.100257873535 1292.29237174988 1088.71550750732 754.12469291687 653.785537719727 744.267541885376 925.274757385254 761.585739135742 932.493253707886 797.596786499023 827.090114593506 991.018390655518 1060.10662078857 653.072906494141 699.073402404785 849.463626861572 904.098339080811 814.956378936768 1013.52705383301 1037.10554504395 1011.03999328613 861.30948638916 664.138286590576 811.543930053711 637.427312850952 751.714530944824 874.838153839111 878.984306335449 897.965808868408 807.491355895996 1041.48927307129 936.448373794556 792.596660614014 771.395111083984 888.362447738647 1040.92000579834 917.768283843994 -9999 -9999 -9999 -9999 -9999 -9999 -9999 -9999 -9999 -9999 -9999 -9999 -9999
928.921974182129 852.792873382568 710.371704101562 705.884296417236 822.868125915527 750.219627380371 970.75044631958 855.508247375488 910.83885383606 931.881055831909 947.640949249268 1000.28552055359 1034.94665908813 1024.22511672974 930.975173950195 762.697845458984 888.927433013916 850.424735784531 772.278244018555 887.50475692749 1029.28990936279 974.773368835449 1015.13236999512 975.071350097656 839.092781066895 898.107055664062 1126.62696838379 938.885314941406 1121.51107788086 1008.16122436523 700.64831161499 944.862588882446 689.291675567627 750.202499389648 970.925849914551 941.992652893066 881.604751586914 829.489521026611 844.390937805176 764.978913664818 849.090497970581 -9999 -9999 -9999 -9999 -9999 -9999 -9999 -9999 -9999
1042.38841247559 953.194869995117 799.835803985596 841.800192832947 846.745432853699 727.55322265625 767.097094535828 805.346940994263 658.844039916992 745.50129699707 849.858979225159 1085.17427635193 1112.66599273682 1249.49450683594 807.4365234375 965.197906494141 1000.05838298798 957.54460144043 1008.61251831055 947.367137908936 859.646145224571 956.75407409668 1288.55683898926 1019.08622741699 1051.4087677002 1191.83061218262 1013.80117797852 1043.67602539062 973.646595954895 926.324234008789 736.01683807373 746.263954162598 917.429496765137 703.682167053223 540.641708374023 1004.85785675049 844.052627563477 808.801403045654 834.515930175781 793.809896469116 772.744619369507 838.588241577148 928.48447227478 1003.87754821777 1015.79754257202 -9999 -9999 -9999 -9999 -9999
905.991355895996 937.573760986328 932.321868896484 801.552757263184 788.022148132324 777.541870117188 1056.34443664551 816.500017166138 960.381359100342 913.216361045837 728.836730957031 756.583251953125 617.723922729492 1979.94345092773 778.131317138672 913.782005310059 731.730758666992 827.432235717773 1022.50812530518 771.713745117188 843.655765533447 906.167819976807 641.406860351562 1143.35903167725 1188.30945587158 1059.92429161072 1042.73623657227 942.914274215698 1177.88688659668 842.426948547363 868.456024169922 934.003107070923 832.151096343994 626.321952819824 669.729393005371 669.237205505371 964.772125244141 730.880844116211 714.847915649414 729.406234741211 698.926330566406 693.653472900391 921.138011932373 951.746503353119 812.740692138672 1017.22323226929 1026.46190643311 846.582927703857 903.800804138184 861.749391555786
874.537925720215 945.162017822266 809.718040466309 850.043127775192 707.591171264648 874.332649230957 766.753726959229 735.547817230225 729.310775756836 763.896465301514 773.024864196777 816.459529876709 550.777740478516 1792.97744750977 608.191024780273 733.590347290039 680.044830322266 791.023942947388 731.262977600098 961.48645067215 1018.71542739868 772.887148857117 1096.51019287109 1078.78722763062 1151.31376647949 958.751525878906 882.255966186523 880.645362854004 1110.95414733887 766.59846496582 938.139274358749 917.130659103394 1056.70188617706 788.69457244873 657.232822418213 716.837036132812 975.336868286133 995.840316772461 846.971457004547 835.156436920166 710.899032592773 786.076322555542 870.191368103027 844.712036132812 912.634311676025 870.804336547852 961.564587116241 931.38525390625 794.96932220459 848.938911437988
649.781860351562 835.158397674561 896.948188781738 873.30192565918 954.072593688965 857.962524414062 729.848697662354 852.285217285156 753.478075027466 742.043762207031 894.89058303833 525.473297119141 1267.7911529541 555.708709716797 830.189548492432 684.982879638672 798.780372619629 811.530361175537 965.071327209473 803.474510192871 874.974586486816 1116.84660339355 1231.76232910156 1032.9616317749 1099.71397399902 1480.11710739136 1057.0220413208 1060.97075462341 1014.81489562988 1034.48767471313 873.488602638245 945.753932952881 1054.83702802658 798.841918945312 946.343605041504 1032.47012329102 976.938614845276 1112.6056060791 1069.68270874023 829.206016540527 807.00881922245 882.195243835449 801.591695785522 780.407890319824 793.370152950287 901.582939147949 593.145872116089 687.779541015625 502.569606781006 797.87021446228
862.114112854004 768.468130111694 870.020462036133 996.70246887207 761.277732849121 886.61922454834 903.703102111816 828.077220916748 834.949451446533 702.257568359375 565.319519042969 650.184356689453 1633.42739868164 670.160835266113 638.220901489258 622.207000732422 735.136932373047 780.193717956543 788.201438903809 697.683975219727 757.591514587402 917.631469726562 831.090999007225 766.069473266602 943.5869140625 963.301216125488 829.77379989624 815.926626205444 811.895793914795 868.657948493958 856.21683883667 1423.65502929688 720.107681274414 1090.10443878174 972.576232910156 1010.90467834473 1034.30145263672 878.841461181641 880.29411315918 1002.69633865356 808.163429260254 867.455963134766 856.201929092407 888.878433227539 831.035308837891 815.882063865662 599.006182670593 470.954467773438 587.490009307861 921.742170333862
860.87943649292 800.258068084717 782.117042541504 717.623710632324 868.084617614746 900.31086730957 887.867683410645 777.884531021118 757.737682342529 697.306541442871 577.77897644043 996.222732543945 630.894439697266 530.484573364258 547.314880371094 689.763809204102 786.399673461914 838.25209903717 805.63857460022 834.217474937439 716.581680297852 746.979034423828 801.118717193604 1044.96900939941 911.744277954102 919.801307678223 859.324951171875 997.401885986328 826.152554988861 799.425399780273 1041.20852661133 831.510244369507 904.975273132324 982.822120666504 1142.56324768066 1025.15077209473 885.122724533081 766.203826904297 918.187153339386 1297.69286346436 1005.21725082397 1052.24795913696 933.450759887695 791.196716308594 788.199501037598 562.815414428711 718.683153152466 616.17325592041 706.527145385742 1126.72986602783
805.395614624023 886.739112854004 841.559427261353 790.550525665283 816.345039367676 961.443328857422 813.571243286133 717.393989562988 667.168350219727 919.465751647949 661.139221191406 1316.2964630127 622.839141845703 623.370681762695 751.147443771362 688.421630859375 769.800802230835 648.618286132812 747.318328857422 901.445701599121 768.456195831299 705.703716278076 766.538430213928 724.899173736572 705.131622314453 824.563371658325 852.164623260498 948.201950073242 907.067405700684 889.47386932373 851.917757034302 982.53938293457 922.244934082031 964.37956237793 935.624557495117 875.581241607666 795.169540405273 833.484623908997 874.270097732544 1008.23609924316 720.331420898438 851.310846328735 877.951122283936 1326.97973632812 891.762865066528 672.438415527344 973.68013381958 1115.34524536133 1144.43880462646 975.358959197998
920.125595092773 823.373420715332 742.420604705811 720.309947967529 817.528713226318 822.086357116699 955.810562133789 961.790023803711 849.062915802002 813.616673350334 1049.60112380981 652.299575805664 662.257926940918 742.852561950684 762.342397689819 813.335579872131 763.372501373291 835.452070236206 685.599140167236 676.760204315186 783.143913269043 627.79662322998 706.980564117432 762.433771133423 725.758581161499 838.308944702148 808.024322509766 761.539367556572 781.241121292114 735.540836334229 872.048957824707 716.210205078125 962.687759399414 882.064609527588 1022.07830810547 832.640928268433 682.73796081543 949.04899597168 830.315686702728 860.119430541992 779.134250640869 846.75590133667 867.362373948097 583.037963867188 1372.26015853882 664.898612976074 923.926425933838 917.583999633789 982.864719390869 1071.86630058289
793.400939464569 672.808135986328 678.013275146484 775.505515813828 941.032745361328 864.929222106934 761.618963241577 843.807983398438 680.159660339355 1066.83295440674 453.984130859375 743.362579345703 674.612480163574 582.910202026367 687.546371459961 877.711952209473 1109.67219161987 646.483627319336 852.334686279297 707.774032592773 538.896759033203 505.298126220703 886.504005432129 909.142753601074 801.375816345215 649.803337097168 698.62979888916 764.270774841309 721.651908874512 796.408888816833 772.922649383545 940.575088500977 777.734878540039 841.30371761322 802.857572078705 949.729301452637 907.865425109863 918.119049072266 801.692106246948 922.580261230469 874.588241577148 1020.02151489258 957.17317199707 959.370109558105 918.602947235107 1432.24682235718 841.157608032227 1065.81772565842 1030.69163131714 1080.94099617004
858.696899414062 812.242641448975 666.935096740723 730.712028503418 778.33452796936 722.944786071777 959.968109130859 845.126037597656 797.064191818237 746.083265304565 634.65641784668 799.573207855225 621.292373657227 803.493865966797 547.385177612305 716.038116455078 902.085334777832 809.855918884277 953.171264648438 557.582977294922 625.372055053711 808.217866420746 864.989562988281 835.835506439209 801.269563674927 767.604845046997 803.986486434937 810.648765563965 723.226905822754 731.908813476562 786.075344085693 715.550468444824 795.675379037857 740.611404418945 929.259719848633 991.976623535156 1025.9736328125 892.193511962891 894.626838684082 757.981786727905 841.883773803711 957.081268310547 924.689804077148 1000.15699768066 852.715018570423 951.527992248535 757.019577026367 1475.5237121582 1015.48899078369 861.716159820557
698.607551574707 867.208610534668 812.255832672119 751.542717695236 858.23755645752 769.943848848343 734.04430770874 814.80126953125 929.191597938538 792.58784866333 686.655654907227 703.421409606934 553.299194335938 736.70629119873 1271.39643287659 831.840110778809 818.715530395508 1035.87076663971 1043.3766784668 845.114440917969 647.938522338867 870.906863212585 799.881571292877 927.35041809082 815.217979431152 847.358688354492 696.872192382812 719.276908874512 806.985550403595 785.399631500244 793.596952438354 673.208374023438 832.05721282959 671.753288269043 883.137847900391 764.371746063232 762.86141204834 945.522880554199 958.370651245117 764.456245422363 800.336109161377 987.244430541992 798.575439453125 938.055473327637 894.893188476562 1079.35345458984 918.810356140137 885.626249313354 839.635917663574 1026.36767959595
675.946090698242 632.187896728516 786.916942596436 626.149253845215 725.181860923767 666.761276245117 576.479278564453 1000.94764709473 718.16524887085 857.485969543457 748.321981430054 755.617317199707 766.037605285645 941.469665527344 1027.85214996338 822.52046585083 660.103469848633 739.15892791748 1311.95652770996 762.25855255127 686.619316101074 712.961681365967 758.429386138916 897.285369873047 807.48988199234 814.599522590637 657.570617675781 757.888065338135 893.59415435791 840.834630966187 811.281852245331 737.310527801514 750.757751464844 732.24621963501 778.196862220764 804.194455623627 738.448547363281 652.43034362793 814.542899131775 1021.22700500488 807.887222290039 969.719955444336 899.826309204102 794.823215484619 819.271366119385 783.398208618164 984.21170425415 734.937866210938 916.235969543457 867.429748535156
774.73868560791 819.657287597656 751.454317092896 635.692070007324 745.595746994019 889.907150268555 817.473152160645 744.471553325653 883.998565673828 749.158800125122 1231.575340271 808.014709472656 1043.45249938965 931.843734741211 871.257252693176 769.790657043457 841.291305541992 1489.03712463379 770.159840583801 1353.17045974731 1198.74159240723 760.855590820312 644.460441589355 680.455154418945 625.521347045898 753.524978637695 771.30135345459 744.337028503418 891.787101745605 747.833156585693 840.229419708252 696.528007507324 745.00399017334 861.329986572266 657.424667358398 970.588073730469 792.885786056519 763.879829406738 854.231212615967 978.092735290527 919.440353393555 834.224325180054 887.589157104492 878.013820648193 928.76985168457 804.276710510254 770.577110290527 941.525390625 955.149024963379 879.962198257446
718.600215733051 764.259819030762 826.544311523438 563.249206542969 636.986274719238 732.918052785099 654.09147644043 881.541076660156 673.608993530273 767.103542327881 581.177154541016 731.804901123047 715.031349182129 1301.27695083618 1181.19686698914 832.613388061523 695.839988708496 630.562881469727 711.068893432617 786.71484375 941.328254699707 808.112499237061 736.140998840332 873.962265014648 597.314682006836 692.378189086914 849.851947784424 814.429421424866 802.618583679199 899.9643201828 836.861450195312 745.351524353027 760.738647460938 944.611373901367 870.252979278564 813.492932915688 876.310577392578 853.316707611084 735.444442749023 917.902297973633 827.072202682495 877.934257507324 851.392032623291 942.875923156738 754.747116088867 776.56111907959 983.078788757324 873.466339111328 786.182510375977 836.274891853333
624.921257019043 766.842395782471 706.166521072388 743.700949668884 817.456504821777 825.299463272095 697.360948562622 697.597885131836 704.296764373779 679.720115661621 789.798337936401 743.589828491211 679.261795043945 1002.884765625 826.540271759033 1000.89408874512 725.823669433594 890.280181884766 716.245357513428 754.478450775146 690.774337768555 876.087844848633 710.779598236084 754.730813980103 779.703165054321 807.167222976685 830.144828796387 706.684532165527 762.125331878662 1034.8786315918 836.434497833252 757.534133911133 931.966592788696 750.707733154297 710.850868225098 835.62516784668 765.367057800293 754.608840942383 774.444835662842 797.806705474854 1107.72850799561 737.177406311035 806.873725891113 836.948360443115 940.570083618164 821.493338108063 811.242011070251 920.211456298828 959.923118591309 844.440752983093
779.382553100586 649.624389648438 624.620697021484 705.16283416748 678.322891235352 781.896492004395 693.588098526001 609.265129089355 621.860084533691 832.918823242188 1037.8046836853 1066.05751800537 697.876605987549 622.87614440918 606.295654296875 770.790557861328 910.47811126709 678.593704223633 950.308045387268 755.837471008301 858.232864379883 744.518054962158 821.012275695801 894.311157226562 889.503967285156 697.606994628906 837.550724029541 924.54475402832 868.118225097656 846.99228477478 1271.04494667053 840.34771156311 900.479545593262 776.871555328369 611.568145751953 993.879379272461 1043.55848693848 750.281272888184 865.174520492554 877.637475013733 1088.53379058838 780.445461273193 813.715963959694 781.720314025879 791.045501708984 788.472885131836 879.051166534424 792.030277252197 876.75325012207 867.959000110626
486.583938598633 613.247230529785 829.442260742188 823.195785522461 870.885689735413 719.361080169678 644.84016418457 785.403713226318 622.093376159668 753.484336853027 973.062477111816 1410.87401258945 895.33088684082 612.575927734375 739.914256334305 663.355270385742 850.783378601074 998.77897644043 684.19261932373 642.070411682129 848.369735717773 855.107772827148 763.433392524719 659.569664001465 814.128047943115 779.981321334839 874.361217498779 867.655216217041 613.211929321289 783.388320922852 792.435095787048 760.080387115479 871.983070373535 890.283756256104 901.169574737549 809.414915084839 820.096885681152 1023.02256011963 745.509956359863 1336.21988677979 861.618753433228 791.374156951904 872.256935119629 976.185157775879 801.825550079346 795.534141540527 756.611923217773 758.571380615234 817.607764959335 857.99355173111
772.445987701416 669.616382598877 693.251415252686 768.95210647583 656.492218017578 634.797019958496 805.371479034424 720.556650400162 684.569286346436 971.681762695312 1017.71516418457 687.119747161865 781.401435852051 690.62028503418 671.816329956055 663.996154785156 887.32332611084 823.854637145996 908.844421386719 769.222898483276 648.48023223877 830.833415985107 726.582805633545 778.909948348999 850.286437988281 851.6943359375 1021.53355884552 859.822101593018 893.373802185059 1161.48796463013 734.867126464844 653.062339782715 930.964790344238 788.073397636414 752.927200317383 678.108154296875 649.878494262695 709.023147583008 807.36448097229 794.598411560059 753.21418762207 806.611082077026 690.386619567871 737.413482666016 899.83321762085 856.940386772156 852.154167056084 791.484104156494 848.691045761108 900.418111801147
