export/dem/dem52.asc
NCOLS 350
NROWS 171
XLLCORNER 152620
YLLCORNER 418050
CELLSIZE 100
NODATA_VALUE -9999
[rows 44 to 65 of 171, columns 100 to 149 of 350]
400.71667098999 465.481651306152 470.528345108032 346.763046264648 517.283828735352 404.613952636719 463.762208938599 303.780639648438 435.484453201294 425.946538925171 510.696182250977 412.715285301208 515.914878845215 395.806468963623 575.05598449707 460.570615768433 546.33975982666 579.914726257324 422.984046936035 513.183929443359 522.876312255859 404.341537475586 397.348297119141 500.776740074158 606.563621520996 666.772491455078 566.761779785156 691.046112060547 519.866121292114 522.695697784424 421.381477355957 452.210868835449 545.635723114014 312.445297241211 614.762451171875 378.240821838379 413.34009552002 542.348300933838 456.394515991211 399.296752929688 478.460271835327 484.029529571533 408.157752990723 550.568622589111 487.662574768066 624.976959228516 592.091278076172 638.563613891602 443.638397216797 616.531967163086
449.373703956604 537.291961669922 493.972700119019 502.485366821289 338.397254943848 336.616348266602 414.437484741211 504.034961700439 499.239639282227 438.035704135895 541.190612792969 370.979843139648 479.898042201996 511.859622955322 479.808694839478 489.304618835449 429.539199829102 518.856929779053 674.338409423828 489.25260925293 513.708602905273 751.216522216797 465.600936889648 533.433750152588 681.705062866211 448.663116455078 531.563121795654 605.018203735352 514.279516220093 627.267677307129 485.363380432129 477.307541847229 481.360927581787 312.214828491211 572.511344909668 505.798637390137 539.754089355469 449.116298675537 382.858238220215 618.370903015137 450.038318634033 435.277145385742 405.346694946289 417.205589294434 363.767471313477 595.786468505859 624.478477478027 507.632591247559 595.090179443359 513.319053649902
411.892236709595 378.086181640625 412.08674621582 475.782215118408 531.479892730713 384.589561462402 469.186646461487 483.339275360107 357.15763092041 542.29069519043 457.306800842285 432.359069824219 501.470342636108 335.844718933105 445.538663864136 527.334518432617 422.101417541504 522.30041885376 521.573703765869 376.309173583984 539.585556030273 531.149097442627 404.938652038574 580.72974395752 520.603244781494 668.311599731445 378.494293212891 607.100646972656 401.893783569336 346.974609375 527.641885757446 387.968826293945 411.635719299316 580.946434020996 505.399503707886 429.833309173584 424.828720092773 396.013305664062 334.978042602539 368.045684814453 453.078727722168 463.261184692383 498.110578536987 374.439727783203 378.100318908691 446.61270904541 459.140007019043 641.647659301758 528.561609268188 569.959415435791
477.528221130371 367.961502075195 438.704214572906 519.422904968262 556.38028717041 558.501441955566 386.443916320801 541.866359710693 433.76621055603 468.4118475914 317.221633911133 394.47407913208 443.635501861572 457.407707214355 474.227669715881 498.334732055664 525.583953857422 600.597427368164 616.352645874023 611.804718017578 512.294889450073 408.374588012695 487.605706214905 508.636403083801 565.800025939941 539.841918945312 455.535556793213 376.912284851074 414.784629821777 405.581657409668 493.975607872009 528.019104957581 491.162357330322 664.355331420898 522.137001037598 637.832321166992 730.675033569336 474.494009017944 432.190650939941 457.876857757568 535.254650115967 485.353645324707 511.892871379852 580.807312011719 619.906211853027 461.301574707031 371.430229187012 572.066032409668 436.02409362793 515.94478225708
426.42628288269 219.434860229492 300.858734130859 598.830551147461 568.30199432373 421.476997375488 505.280982971191 533.399757385254 463.313190996647 594.858673095703 477.247906684875 541.192680358887 426.250377655029 587.468856811523 384.923500061035 405.68249130249 477.255809783936 505.307556152344 562.851303100586 477.806644558907 407.430404663086 233.822235107422 556.702758789062 331.991516113281 354.418167114258 625.250762939453 598.462242126465 401.072120666504 605.811279296875 554.352258682251 417.855834960938 499.744602203369 505.46201467514 703.093765258789 572.940391540527 513.127313613892 417.189041137695 514.31619644165 567.777244567871 616.134017944336 320.433502197266 328.525695800781 501.502768039703 406.696846008301 523.383206367493 619.144393920898 454.587232589722 525.483974456787 653.400238037109 610.301467895508
381.634979248047 488.387268066406 475.428060531616 300.410797119141 532.662002563477 486.793666481972 634.290496826172 574.225761413574 673.184631347656 408.262435913086 556.547554016113 441.461555480957 621.019752502441 463.795502185822 602.817718505859 393.420913696289 478.935613632202 503.550064086914 427.888000488281 536.627841949463 513.114030838013 473.846152305603 520.181365966797 410.820167541504 491.855229377747 546.718631744385 526.635761260986 549.100574493408 465.679225921631 502.691829681396 424.214813232422 538.738725662231 517.386265277863 521.284797668457 514.55491566658 442.617790222168 434.756633758545 504.582113265991 460.784942626953 457.680736541748 498.535756111145 521.30619430542 526.747772216797 533.180311203003 520.266395568848 583.422264099121 633.671997070312 684.232604980469 658.188186645508 760.181228637695
471.158298492432 473.898368835449 498.419227600098 358.163642883301 423.488229751587 474.662147521973 500.488487243652 522.574974060059 498.453155517578 372.86678314209 473.054922103882 407.527500152588 401.926666259766 425.133441925049 466.412401199341 660.591674804688 422.961433410645 585.573265075684 423.11678314209 379.600692749023 547.157886505127 602.706611633301 550.745742797852 448.357714653015 593.085121154785 498.352585792542 514.318017482758 483.569931030273 349.031677246094 473.212738037109 415.077613830566 460.644584655762 429.551773071289 588.340225219727 475.039421081543 658.372566223145 506.834155082703 443.384872436523 265.713912963867 418.721321105957 532.074434280396 472.94474029541 522.071754455566 604.395156860352 455.769409179688 634.296875 757.399688720703 528.863513946533 502.268642425537 688.834167480469
362.204803466797 329.392456054688 376.50691986084 207.355575561523 365.931510925293 525.029838562012 567.719787597656 480.188858032227 435.563785552979 504.558399200439 458.097929000854 540.346092224121 364.589714050293 475.232578277588 532.295913696289 564.361419677734 478.25443649292 393.093849182129 511.498819351196 555.122329711914 508.607018470764 537.074871063232 599.055725097656 598.694404602051 468.399715423584 566.938571929932 484.885635375977 545.629695892334 502.871829032898 470.539348602295 443.87780380249 339.763198852539 510.285346984863 502.392151832581 588.391178131104 601.291881561279 639.900085449219 438.537178039551 365.633575439453 477.020320892334 410.789070129395 476.039764404297 587.703899383545 441.116371154785 528.941874980927 503.061585426331 484.818405151367 597.838600158691 519.400938034058 564.352867126465
454.034587860107 309.757881164551 439.95245552063 472.509460449219 369.62230682373 418.91464805603 554.628425598145 506.304618835449 464.423136711121 480.073329925537 503.965431213379 477.878972053528 533.294692993164 402.268264770508 575.862922668457 542.591159820557 452.350116729736 372.514579772949 524.388000488281 574.410942077637 644.295623779297 524.226043701172 541.04345703125 382.974670410156 495.685764312744 580.839630126953 484.017023086548 500.809421539307 474.023416519165 383.934371948242 465.987464904785 536.655181884766 432.557647705078 410.282096862793 442.687515258789 508.115462303162 643.990798950195 498.104438781738 293.609710693359 485.062953948975 514.305458068848 622.092712402344 379.029922485352 457.113552093506 426.258666992188 566.972211837769 561.193946838379 485.232315063477 481.637954711914 389.061996459961
364.22407913208 375.283134460449 413.05158996582 351.997894287109 471.445579528809 509.879974365234 458.918651342392 576.615653991699 592.48087310791 498.065628051758 461.030194282532 517.434811592102 504.448602676392 425.533729553223 583.956615447998 455.751873016357 467.98512840271 542.331623077393 582.041618347168 454.611074447632 517.959745407104 680.565658569336 491.799042701721 357.135040283203 552.097568511963 531.344856262207 488.793571472168 340.428115844727 408.772583007812 366.669219970703 366.796890258789 498.392377853394 675.385879516602 552.700849533081 546.245388031006 417.649703979492 537.42933177948 502.484825134277 470.448463439941 609.297782897949 570.597640991211 553.630887985229 552.436420440674 614.112693786621 578.196411132812 611.738456726074 498.385147094727 424.498657226562 538.155330657959 662.123916625977
324.617279052734 360.605270385742 393.538709640503 453.823778152466 382.651206970215 549.699691772461 561.028015136719 540.499404907227 538.695323944092 529.823106944561 400.775505065918 511.865842819214 495.702444076538 551.717323303223 522.314178466797 513.842945098877 430.806018829346 411.405921936035 478.618660926819 526.034610748291 507.309759140015 496.641301393509 496.035075187683 460.6178855896 442.203437805176 486.56748008728 555.439113616943 620.702133178711 557.730884552002 423.904174804688 432.668807983398 592.259223937988 603.228782653809 537.238903045654 398.206802368164 426.924453735352 558.429323196411 414.502769470215 542.2102394104 426.234352111816 410.043090820312 497.93274307251 452.453872680664 580.645008087158 586.589859008789 531.093480110168 484.385040283203 516.417140960693 623.069999694824 480.74585723877
379.774440765381 393.604476928711 434.730848312378 408.084899902344 318.823593139648 363.840148925781 574.803466796875 508.601665496826 457.795050621033 481.332180976868 499.037342071533 401.16576385498 529.109748840332 505.368204116821 483.044478416443 383.496887207031 428.756729125977 665.680541992188 589.84065246582 430.622158050537 458.271711349487 621.159111022949 489.423690795898 495.353373527527 430.21501159668 589.640567779541 432.617256164551 324.868942260742 489.106918334961 505.454536437988 504.364219665527 501.295417785645 548.666356086731 523.224894046783 399.883911132812 544.610012531281 436.310050964355 619.797233581543 441.55638885498 513.765201568604 412.800689697266 439.579132080078 540.592038154602 447.29997253418 583.848922729492 483.686489105225 458.803909301758 582.040403366089 657.00634765625 612.876865386963
368.782234191895 508.85888671875 281.864456176758 521.942207336426 477.551845550537 513.437858581543 388.553482055664 418.733943939209 527.939895629883 526.219093322754 374.497581481934 346.223838806152 504.512428283691 531.928325653076 405.761451721191 502.822191238403 659.995132446289 538.303344726562 510.155313491821 356.097137451172 490.752838134766 572.496086120605 528.185384750366 419.362510681152 450.144653320312 421.172370910645 462.601043701172 454.604038238525 854.898864746094 589.332057952881 545.10306930542 503.287887573242 539.295487880707 558.62060546875 498.428810119629 531.226720809937 555.317272186279 525.721002578735 549.698310852051 472.015060424805 500.129848480225 484.959312438965 573.823539733887 563.913410186768 515.167236328125 548.023395061493 629.463554382324 373.440032958984 560.600326061249 487.758377075195
425.338962554932 519.411010742188 381.975807189941 368.466110229492 374.607925415039 373.902214050293 456.572615623474 443.284797668457 607.245086669922 621.037124633789 404.971645355225 442.726333618164 385.219421386719 437.427947998047 510.834987640381 429.236465454102 454.600547790527 305.231826782227 506.669483184814 521.280786514282 366.512542724609 538.07901763916 484.235410690308 366.75350189209 406.879219055176 400.230850219727 557.255521774292 441.525436401367 632.188919067383 552.392585754395 535.963150024414 588.650779724121 536.719596862793 609.630683898926 540.441224813461 608.834197998047 631.765907287598 692.194488525391 677.589172363281 554.692026138306 599.367347717285 527.129302978516 543.211780548096 403.582046508789 501.128753662109 604.340148925781 640.022979736328 495.741870880127 411.902603149414 549.382663249969
443.805649757385 521.648399353027 403.615013122559 381.145378112793 582.723937988281 491.484725952148 463.824087142944 484.509112358093 619.118988037109 424.363677978516 424.961006164551 611.742904663086 527.552925109863 571.304298400879 371.248817443848 476.297295570374 472.92973613739 616.743125915527 510.531078338623 435.84997177124 526.429611206055 503.008702278137 502.564183712006 456.639171600342 374.775535583496 545.294017791748 508.477325052023 480.087316244841 512.293305873871 524.062043774873 608.443643569946 842.589340209961 578.093479156494 609.716732025146 676.292572021484 738.889099121094 668.532188415527 688.122909545898 767.579750061035 450.123153686523 522.214889526367 447.114723205566 450.953842163086 629.642822265625 512.174810409546 430.733978271484 750.77766418457 544.182334899902 593.387815475464 725.036636352539
496.974468231201 376.188537597656 327.596290588379 400.641723632812 505.056446075439 514.51863861084 480.679903030396 436.033466339111 415.942510604858 529.223915100098 545.067207336426 577.074203491211 484.182096481323 445.452193617821 447.179744720459 548.475921630859 588.215446472168 428.217834472656 465.877307891846 535.172626495361 459.341291427612 462.202234268188 455.185941696167 261.817291259766 334.292724609375 594.918914794922 536.738716125488 531.079389572144 498.824726104736 606.693840026855 539.491018295288 618.907615661621 565.180734634399 562.540706634521 498.084541320801 499.596565246582 734.424022674561 661.537307739258 792.051544189453 569.996740341187 619.348701477051 586.499588012695 491.280532836914 612.517799377441 695.922576904297 482.24634552002 538.415565490723 781.042251586914 595.218524932861 582.861770629883
273.683898925781 374.843254089355 553.446990966797 521.864986419678 462.081440925598 404.272060394287 445.862668037415 425.000183105469 552.427825927734 599.294692993164 501.553802490234 487.187353134155 452.542410850525 571.117881774902 552.896438598633 471.772249698639 326.803863525391 540.334632873535 524.128349304199 495.370796203613 429.097389221191 474.381731033325 361.576263427734 459.050426483154 314.813278198242 706.811813354492 540.999382019043 530.971856117249 510.183233261108 460.57893371582 474.423427581787 616.421157836914 573.778957366943 573.561660766602 597.836553573608 604.371070861816 507.602275848389 721.042282104492 552.86791229248 625.958763122559 574.021936416626 364.58918762207 550.2355260849 645.187522888184 479.732788085938 774.08422088623 492.281723022461 531.376358032227 654.938461303711 590.915939331055
360.312919616699 356.867782592773 497.640964508057 471.315766572952 499.127649307251 533.148658752441 531.403282165527 540.202442169189 477.53216791153 459.285914421082 471.15824508667 581.728950500488 553.473564147949 542.185050964355 416.637969970703 453.162714958191 541.297706604004 468.685451507568 559.188423156738 445.523754119873 438.724983215332 546.714935302734 338.625625610352 481.112895965576 524.698768615723 488.668371200562 488.465870857239 543.350658416748 610.491256713867 432.555763244629 474.894428253174 363.477661132812 368.209503173828 339.654281616211 343.759628295898 443.33137512207 608.879333496094 597.686176300049 619.135726928711 488.943515777588 581.779518127441 315.352478027344 704.233245849609 718.758834838867 422.104110717773 525.411315917969 943.583068847656 573.05606842041 589.632393836975 444.385284423828
372.802955627441 390.653755187988 463.522649765015 332.878120422363 516.708213806152 586.83243560791 622.474227905273 484.660726547241 450.633930206299 551.146621704102 495.553550720215 566.724143981934 646.322326660156 506.694337844849 536.442029953003 511.062564849854 509.886688232422 515.240715026855 533.811508178711 636.154815673828 458.35945224762 453.996971130371 400.397956848145 436.869319915771 526.380781173706 530.802680969238 528.233737945557 595.920257568359 549.768856048584 560.122444152832 623.363861083984 451.958503723145 336.209609985352 430.608322143555 501.111949920654 501.597522735596 588.032688140869 718.874267578125 599.609664916992 391.581573486328 483.327655792236 406.377517700195 726.717880249023 431.946044921875 536.163612365723 494.758041381836 777.685253143311 415.304824829102 536.991510391235 472.845886230469
447.798292160034 402.631759643555 393.21467590332 499.707130432129 510.504787445068 507.507305145264 537.34203338623 567.574737548828 420.540237426758 639.211822509766 496.803955078125 496.642246246338 578.331451416016 616.109466552734 649.211837768555 500.806625366211 520.933704376221 630.280418395996 524.709571838379 673.151718139648 688.420318603516 570.476066589355 434.375068664551 455.121305465698 485.453763961792 519.47106552124 588.152816772461 488.943476676941 531.412506103516 500.262427330017 414.125282287598 594.186645507812 442.583927154541 451.002197265625 396.028617858887 614.25366973877 572.449640274048 420.852241516113 700.728851318359 511.016677856445 392.464538574219 628.944282531738 481.973999023438 519.646123886108 523.813650131226 571.929193496704 433.533378601074 405.198745727539 590.456901550293 611.501113891602
359.13459777832 526.814716339111 511.334037780762 562.282371520996 409.97200012207 544.939178466797 606.116760253906 488.310688018799 490.429976463318 693.975509643555 656.209655761719 537.995903015137 497.109916687012 574.968719482422 459.372193336487 639.682815551758 640.354827880859 623.900787353516 527.968326568604 717.846496582031 606.282936096191 589.024116516113 459.042373657227 620.36767578125 386.122550964355 413.38809967041 488.171863555908 507.955694913864 592.356506347656 445.406288146973 469.561988830566 365.95719909668 532.907035827637 293.770141601562 386.719802856445 500.934566497803 441.927665710449 446.432121276855 525.439426422119 555.272946834564 433.207344055176 325.158615112305 538.327105045319 446.664535522461 330.726516723633 479.965274810791 491.161952972412 589.591495513916 399.017837524414 464.032135009766
460.214660167694 472.670225143433 374.485046386719 450.004939079285 438.797161102295 639.509963989258 460.295627593994 550.295112609863 510.628917694092 552.312496185303 443.958881378174 641.210739135742 491.482615470886 597.079895019531 471.434588432312 650.943710327148 629.731246948242 598.557426452637 537.248542785645 591.019500732422 638.913864135742 492.085305333138 480.678071975708 492.861660480499 341.224731445312 395.432014465332 560.450927734375 470.235677719116 487.013909339905 433.872787475586 551.752616882324 634.346008300781 347.489227294922 413.758155822754 416.972175598145 422.280876159668 447.76513671875 570.77562713623 600.135261535645 569.722332000732 409.528060913086 557.452449798584 578.281875610352 366.900756835938 661.228561401367 468.818061828613 440.022903442383 534.124673843384 600.850250244141 538.27837240696
