export/dem/dem54.asc
NCOLS 350
NROWS 171
XLLCORNER 152620
YLLCORNER 418050
CELLSIZE 100
NODATA_VALUE -9999
[rows 0 to 21 of 171, columns 100 to 149 of 350]
-9999 -9999 -9999 -9999 -9999 -9999 -9999 -9999 -9999 -9999 -9999 -9999 -9999 -9999 -9999 -9999 -9999 -9999 -9999 -9999 -9999 -9999 -9999 -9999 -9999 -9999 -9999 -9999 -9999 -9999 -9999 -9999 -9999 -9999 -9999 -9999 -9999 -9999 -9999 -9999 -9999 -9999 -9999 -9999 -9999 -9999 891.21337890625 713.563194274902 570.228912353516 740.091552734375
-9999 -9999 -9999 -9999 -9999 -9999 -9999 -9999 -9999 -9999 -9999 -9999 -9999 -9999 -9999 -9999 -9999 -9999 -9999 -9999 -9999 -9999 -9999 -9999 -9999 -9999 -9999 -9999 -9999 -9999 -9999 -9999 -9999 -9999 -9999 -9999 -9999 -9999 -9999 -9999 972.144897460938 827.900215148926 787.289109706879 657.148233413696 789.736099243164 730.52419757843 891.561431884766 792.123825073242 468.755561828613 501.345718383789
-9999 -9999 -9999 -9999 -9999 -9999 -9999 -9999 -9999 -9999 -9999 -9999 -9999 -9999 -9999 -9999 -9999 -9999 -9999 -9999 -9999 -9999 -9999 -9999 -9999 -9999 -9999 -9999 -9999 -9999 -9999 -9999 -9999 -9999 -9999 -9999 -9999 878.692817687988 661.854049682617 769.368011474609 644.604526519775 888.477478027344 806.456047058105 778.063583374023 668.3984375 556.004001617432 583.468391418457 508.060165405273 585.280780792236 511.61203956604
-9999 -9999 -9999 -9999 -9999 -9999 -9999 -9999 -9999 -9999 -9999 -9999 -9999 -9999 -9999 -9999 -9999 -9999 -9999 -9999 -9999 -9999 -9999 -9999 -9999 -9999 -9999 -9999 -9999 -9999 -9999 -9999 -9999 -9999 700.718063354492 854.079704284668 743.450866699219 682.479055404663 768.23853302002 528.793727874756 495.337371826172 797.306884765625 746.304748535156 780.790260314941 758.286037445068 512.530731201172 591.03199005127 728.667812347412 800.666931152344 466.354496002197
-9999 -9999 -9999 -9999 -9999 -9999 -9999 -9999 -9999 -9999 -9999 -9999 -9999 -9999 -9999 -9999 -9999 -9999 -9999 -9999 -9999 -9999 -9999 -9999 -9999 -9999 -9999 -9999 -9999 -9999 -9999 -9999 724.328886032104 768.834518432617 736.854095458984 907.472579956055 682.266056060791 753.818408966064 636.165174484253 603.411952972412 497.02970123291 593.303558349609 621.439281463623 752.24674987793 493.096435546875 661.376014709473 859.109756469727 730.325489044189 755.288166046143 607.184982299805
-9999 -9999 -9999 -9999 -9999 -9999 -9999 -9999 -9999 -9999 -9999 -9999 -9999 -9999 -9999 -9999 -9999 -9999 -9999 -9999 -9999 -9999 -9999 -9999 -9999 -9999 -9999 -9999 -9999 -9999 624.669322967529 564.453104019165 431.635498046875 770.704940795898 727.289001464844 925.31575012207 749.369270324707 645.699016571045 639.308544158936 493.743469238281 692.503961086273 809.519844055176 749.357131958008 846.260330200195 916.286521911621 688.017738342285 752.85897064209 885.348258972168 801.661231994629 507.094497680664
-9999 -9999 -9999 -9999 -9999 -9999 -9999 -9999 -9999 -9999 -9999 -9999 -9999 -9999 -9999 -9999 -9999 -9999 -9999 -9999 -9999 -9999 -9999 -9999 -9999 -9999 -9999 629.990489959717 789.426025390625 560.171466827393 620.34880065918 684.262115478516 564.746246337891 635.499683380127 694.941589355469 678.886680603027 739.966087341309 709.389070510864 639.757129669189 658.595855712891 637.585479736328 672.516738891602 770.758234024048 751.079669952393 683.953941345215 727.776960372925 920.745140075684 982.981872558594 800.961654663086 841.536849975586
-9999 -9999 -9999 -9999 -9999 -9999 -9999 -9999 -9999 -9999 -9999 -9999 -9999 -9999 -9999 -9999 -9999 -9999 -9999 -9999 -9999 -9999 -9999 -9999 698.419815063477 687.785577774048 580.658241271973 666.737205505371 646.532104492188 558.177843093872 609.232887268066 563.823822975159 638.263568878174 543.696369171143 749.181564331055 533.319515228271 580.195053100586 606.247222900391 693.770414352417 717.008041381836 675.992614746094 824.961253166199 889.211170196533 919.762891769409 946.991065979004 992.751123428345 995.335050821304 996.825073242188 937.711767673492 1228.5964012146
-9999 -9999 -9999 -9999 -9999 -9999 -9999 -9999 -9999 -9999 -9999 -9999 -9999 -9999 -9999 -9999 -9999 -9999 -9999 -9999 -9999 -9999 618.668895721436 574.860870361328 549.298309326172 754.763320922852 746.781883239746 640.163482666016 518.100082397461 466.430847167969 446.923309326172 655.86164855957 660.482124328613 693.084121704102 692.857940673828 458.274612426758 521.62455368042 656.137275695801 518.846343994141 836.849910736084 1018.44211959839 811.22713470459 640.492149353027 871.016384124756 719.209930419922 1028.89744186401 710.558929443359 632.137107849121 608.909828186035 536.448364257812
-9999 -9999 -9999 -9999 -9999 -9999 -9999 -9999 -9999 -9999 -9999 -9999 -9999 -9999 -9999 -9999 -9999 -9999 -9999 1138.00338363647 877.76708984375 748.852945327759 712.697200775146 676.065105438232 672.213928222656 450.96118927002 745.343170166016 644.552507400513 729.997421264648 489.280014038086 709.591079711914 654.037406921387 766.757797241211 696.941375732422 627.05725479126 547.636344909668 603.115919113159 443.019607543945 635.45387840271 747.335800170898 607.560920715332 702.527505874634 690.113195419312 586.624557495117 710.64533996582 768.971244812012 670.934898376465 661.55562210083 537.625823974609 703.981198310852
-9999 -9999 -9999 -9999 -9999 -9999 -9999 -9999 -9999 -9999 -9999 -9999 -9999 -9999 -9999 -9999 -9999 1153.11611175537 1244.15547180176 1065.13269042969 666.440696716309 607.829420089722 661.778717041016 487.385704040527 550.132556915283 771.760032653809 815.081420898438 698.476051330566 675.516690015793 596.586975097656 669.423820495605 597.203750610352 686.847984313965 689.311141967773 601.151924133301 542.964389801025 553.61464881897 587.906290054321 623.571460723877 837.144439697266 770.350242614746 855.206893920898 720.192512512207 719.909084320068 704.730773925781 660.156454086304 765.658332824707 669.909223556519 494.363403320312 599.298490524292
-9999 -9999 -9999 -9999 -9999 -9999 -9999 -9999 -9999 -9999 -9999 -9999 -9999 -9999 461.741394042969 658.754611968994 803.548957824707 940.70389175415 1119.87660217285 1057.88320159912 1171.17031860352 754.366760253906 638.526523590088 564.224910736084 719.23168182373 677.290392160416 838.111038208008 852.278060913086 695.599279403687 824.396057128906 754.578811645508 693.749992370605 688.49055480957 480.74104309082 589.56746673584 512.474182128906 580.075902938843 593.030040740967 635.750999450684 632.04443359375 697.062693595886 531.030136108398 635.675285339355 827.222198486328 579.24422454834 595.806591033936 531.20719909668 660.657001495361 763.147403717041 492.573425292969
-9999 -9999 -9999 -9999 -9999 -9999 -9999 -9999 -9999 -9999 -9999 -9999 738.047328710556 660.34716796875 647.082048416138 566.660934448242 463.216003417969 674.209548950195 1055.17984008789 1077.80339813232 947.377754211426 622.430435180664 544.446578979492 818.877059936523 796.781242370605 803.390207290649 917.179641723633 787.690071105957 842.080596923828 803.759460449219 573.375001430511 632.202484130859 313.086380004883 554.751365661621 646.353797912598 617.692646026611 422.740707397461 466.084213256836 469.228118896484 697.531517028809 627.496231079102 645.750106811523 655.419263839722 706.138854980469 689.943622589111 663.847358703613 561.98583984375 806.56217956543 634.83296585083 558.85945892334
-9999 -9999 -9999 -9999 -9999 -9999 -9999 -9999 -9999 -9999 671.930923461914 769.597177505493 726.450994491577 683.113723754883 668.334030151367 550.855346679688 401.32080078125 593.711696624756 642.976089477539 680.952621459961 561.139976501465 625.540767669678 699.527671813965 612.869644165039 789.538078308105 751.062342643738 832.721366882324 662.757385253906 682.194493293762 604.251594543457 578.471509933472 547.823955535889 332.580764770508 471.203670501709 574.61877143383 464.528938293457 466.132232666016 527.734474182129 474.833221435547 538.440238952637 578.873107910156 485.037002563477 507.599136352539 567.811874389648 576.985740661621 653.535999298096 586.00106048584 731.504928588867 615.683057785034 627.683095932007
718.781480789185 712.922824859619 723.929815292358 645.66552734375 639.027557373047 422.196113586426 365.588012695312 524.63817024231 510.574863433838 494.688179016113 600.364852905273 522.412384033203 552.960174560547 423.372573852539 495.465972900391 583.557289123535 665.710166931152 572.404350280762 493.480171203613 540.719993591309 551.780498504639 750.05920791626 815.826179504395 898.352951049805 871.21484375 757.291770935059 764.351366043091 866.206466674805 842.5302734375 573.325147151947 553.912281036377 585.919548034668 564.237390518188 260.368927001953 636.096908569336 492.191070556641 458.225112915039 590.670644760132 413.373321533203 511.104354858398 532.413711547852 614.016960144043 340.380447387695 595.439193725586 597.070602416992 618.136469841003 529.61206817627 496.133811950684 535.493465423584 819.541610717773
743.938026428223 827.255359649658 721.305118560791 697.85237121582 607.871097564697 483.953727722168 422.655925750732 427.199451446533 444.843127250671 534.504440307617 602.258407592773 696.820274353027 695.537784576416 502.131256103516 577.666007995605 531.130561828613 461.053253173828 691.361434936523 729.570472717285 679.900417327881 743.088356018066 607.16716003418 586.925262451172 732.106142044067 779.813674926758 568.913986206055 721.415725708008 609.169227600098 624.086715698242 669.862358093262 525.302715301514 518.526565551758 571.853202819824 518.947425842285 446.386619567871 608.529418945312 443.609634399414 492.731750488281 389.294540405273 521.63688659668 452.87580871582 607.238739013672 428.669006347656 635.572468757629 791.160484313965 1160.79117584229 990.162902832031 752.128828287125 836.490417480469 694.922882080078
564.961345672607 691.329206466675 853.353759765625 686.815525054932 720.643081665039 400.34411239624 532.591232299805 289.029449462891 352.64867401123 694.029541015625 625.385423183441 425.263065338135 642.262496948242 661.624671936035 553.207946777344 610.246292114258 549.011871337891 690.215888977051 705.803382873535 850.223587036133 755.121786117554 1136.85044980049 709.098754882812 626.446590423584 768.206985473633 663.597944259644 696.77978515625 715.917763233185 504.282562255859 664.412677764893 731.873435974121 746.355663299561 798.980407714844 872.720401763916 621.398484230042 575.320571899414 381.644927978516 398.930953979492 402.028991699219 506.123001098633 634.091461181641 432.88427734375 610.280715942383 820.392112731934 613.496398925781 635.442291259766 665.820670127869 826.556106567383 635.55800151825 541.307418823242
499.002403259277 615.47261428833 764.128395080566 709.578628540039 815.28239440918 613.597759246826 819.242984771729 1053.03957366943 578.394908905029 545.554206848145 672.768230438232 612.938125610352 556.907766342163 573.170181274414 552.443206787109 433.988159179688 623.895927429199 804.545179367065 547.199569702148 622.83088684082 813.206771850586 669.850440979004 701.753845214844 661.006547927856 720.067287445068 482.47550201416 554.002372741699 817.374656677246 716.972673416138 709.690765380859 543.836437225342 708.541136980057 598.762615203857 589.93119430542 531.509391784668 1236.37563705444 539.594688415527 433.895111083984 512.790969848633 570.741264343262 1278.51965141296 692.830703735352 573.966709136963 419.497680664062 578.800712585449 783.370758056641 755.114889144897 703.718963623047 580.452735900879 580.625722885132
633.337995529175 738.185569763184 1214.00933074951 641.38245010376 694.988803863525 817.519195556641 852.009318351746 974.781768798828 519.363403320312 595.142669677734 717.511639088392 696.365755796432 572.639320373535 785.447551727295 376.095169067383 513.986129760742 689.382070541382 706.101184912026 484.605056762695 685.709342956543 538.790802001953 579.975173950195 725.744937896729 633.287040710449 706.904449462891 587.153411865234 581.330848693848 463.181625366211 1049.74050140381 983.496337890625 718.700897216797 834.102836608887 978.534881591797 1125.2520980835 819.994069099426 1057.43804931641 1095.3006439209 783.188018798828 723.007095336914 694.339683532715 516.304412841797 507.03719329834 530.772186279297 464.719779968262 579.072998046875 731.760765075684 608.225162506104 664.941879272461 681.09553527832 512.090347290039
772.28702878952 694.469863891602 1262.08304595947 675.32762336731 837.309037208557 741.423963546753 905.887405395508 1206.69438147545 761.524398803711 588.541366577148 869.363861083984 949.27848815918 1011.89519119263 916.021324157715 333.58137512207 808.762908935547 415.657852172852 578.519401550293 425.023178100586 884.286651611328 785.710426330566 561.462203979492 515.11701965332 640.87726020813 1189.35063934326 1258.73960876465 822.292416572571 615.813457489014 628.350936889648 583.541206359863 347.873245239258 690.915519714355 604.708024978638 464.37353515625 615.589756011963 1198.46520614624 621.787702560425 562.65266418457 487.734893798828 687.965728759766 623.064292907715 448.131828308105 533.060188293457 630.714280456305 584.918651580811 446.627899169922 611.629585266113 435.557312011719 560.487785339355 518.309791564941
820.947875976562 622.210291862488 576.595634460449 577.763431549072 569.831655502319 638.49861907959 848.097606658936 627.688781261444 921.54296875 558.202865600586 618.596954345703 943.979400634766 671.416976928711 963.45569229126 1049.02306365967 1004.62319946289 1013.06993103027 1097.57968139648 424.464096069336 421.647415161133 750.398986816406 425.636306762695 1093.86284637451 474.235885620117 542.642738342285 1148.43844604492 497.979080200195 522.859001159668 549.852609157562 445.191940307617 569.022337436676 687.467880249023 750.673416137695 759.076690673828 612.677549362183 710.670036315918 698.912197113037 666.482529640198 562.175277709961 625.514983177185 687.185962677002 711.354635238647 535.805946350098 652.713134765625 612.903590902686 689.520628213882 536.894836425781 533.378456115723 704.924278259277 527.835021972656
569.978340148926 624.196825027466 496.2590675354 392.841613769531 513.941879272461 906.588589668274 558.371978759766 833.628498077393 785.597618103027 695.34783744812 723.592716217041 913.873792648315 630.933204650879 791.868545532227 624.609999656677 2302.66987419128 1115.02771759033 802.762798309326 403.239532470703 804.514251708984 683.729888916016 410.447799682617 394.91276550293 998.864273071289 1029.02833557129 1536.94612121582 1077.67457199097 669.8046875 569.221444129944 529.960762023926 387.604110717773 693.00244140625 711.807777404785 730.670265197754 631.248563408852 603.266828298569 452.473876953125 560.358047485352 514.402725219727 573.817077636719 674.492559671402 650.62504196167 660.405467987061 599.037883758545 544.445358276367 694.712928771973 712.10884475708 604.127119064331 576.777639389038 509.363067626953
