export/dem/dem50.asc
NCOLS 350
NROWS 171
XLLCORNER 152620
YLLCORNER 418050
CELLSIZE 100
NODATA_VALUE -9999
[rows 66 to 87 of 171, columns 150 to 199 of 350]
580.033729553223 544.649482011795 517.058120727539 563.513378143311 607.236534118652 549.993521690369 521.510639190674 455.618286132812 629.210876464844 728.96516418457 631.256420135498 578.412716984749 657.602844238281 464.914886474609 646.54704284668 589.884532928467 526.863788604736 645.776985168457 632.680641174316 341.718673706055 626.867267608643 562.382186889648 489.509094238281 569.073574066162 497.423522949219 613.70251083374 444.022598266602 507.48991394043 523.614826202393 661.138450622559 563.979892730713 625.887424468994 426.319564819336 733.252349853516 651.046142578125 628.095214784145 680.583183288574 598.579444885254 668.362747192383 685.529876708984 546.140510559082 820.177444458008 614.145050525665 715.542533874512 650.349507808685 737.930229187012 558.508636474609 541.066856384277 612.767942428589 664.327011108398
312.298629760742 432.538307189941 453.391326904297 528.489295959473 650.365074157715 472.487045288086 641.694007873535 561.310816764832 501.775783538818 581.213007926941 465.231224060059 599.318389892578 480.982322692871 593.811738967896 551.494049072266 662.811492919922 588.548965454102 621.302368164062 645.370620727539 558.61548602581 610.92599105835 540.970417022705 505.581146240234 497.472576141357 520.071228027344 562.01216506958 495.921028137207 480.812553405762 537.431339263916 478.784194946289 680.763442993164 762.713287353516 536.146667480469 591.065841674805 548.46418762207 554.987545013428 534.262298583984 459.835144042969 612.860805034637 634.578979492188 668.987060546875 742.056381225586 700.429351806641 605.950073242188 515.709335327148 651.641002655029 502.876556396484 684.196804046631 665.905471801758 708.236080169678
383.135833740234 447.024299621582 485.129806518555 604.102981567383 466.235160827637 586.735019683838 606.582668304443 490.610286712646 576.830375671387 584.606472015381 602.324310302734 505.691047668457 573.338275909424 655.597702026367 682.503532409668 520.312957763672 505.172702789307 602.404472351074 539.075053215027 583.617750644684 546.512554168701 738.717346191406 603.718103408813 467.384704589844 448.451400756836 348.918350219727 610.72282409668 436.904556274414 637.949836730957 436.412612915039 660.818023681641 629.356126785278 592.557230770588 504.688758850098 624.865411758423 694.431106567383 510.865550994873 574.798007965088 782.936981201172 479.002616882324 632.268672943115 583.332548141479 602.418636322021 787.695205688477 364.06982421875 699.837474822998 764.917266845703 764.478469848633 618.424208641052 658.243881225586
455.371673583984 455.562225341797 547.799102306366 526.362483978271 635.017082214355 499.997619628906 533.37427520752 628.64022064209 476.455177307129 748.176315307617 491.180221557617 498.188583374023 574.58603477478 553.004198551178 502.131790161133 551.846841812134 545.739031225443 613.248470306396 465.34455871582 499.178035736084 542.757850646973 661.733612060547 601.345886230469 501.111480712891 456.964065551758 463.608016967773 566.907361984253 503.834083557129 714.920516967773 675.038223266602 599.670408248901 694.876365661621 568.260259628296 429.209411621094 467.189422607422 561.458206176758 622.14647769928 501.360137939453 650.895427703857 427.845916748047 549.147937774658 528.182579040527 564.053619384766 626.43874168396 599.879692077637 548.123531341553 646.248563766479 631.612208843231 476.410842895508 533.263809204102
507.212558746338 513.613868713379 558.149249434471 652.684341430664 443.853302001953 546.42564535141 565.440116882324 425.564781188965 624.478240966797 549.065705299377 579.124320983887 439.27180480957 488.997783660889 509.494251251221 504.040210723877 491.308181762695 494.954940795898 484.692008972168 443.963027954102 575.062948703766 512.409996032715 559.151113510132 552.329549789429 603.405381202698 552.409225463867 450.450241088867 569.882498897612 612.371412277222 547.398641586304 532.492477416992 542.689044952393 606.879496574402 664.487045288086 547.754322052002 527.366149902344 468.515800476074 686.87744140625 512.971992492676 438.778625488281 617.883251190186 569.267803192139 354.474304199219 528.489685058594 455.298965454102 708.01309967041 737.458892822266 613.031059265137 569.675086975098 722.059234619141 539.948600769043
364.394241333008 541.974472045898 557.483095735312 531.115688323975 579.460403442383 542.784312069416 480.972290039062 674.208572387695 542.974234104156 494.059242248535 374.429824829102 662.805374145508 595.644138336182 564.460647583008 626.389682769775 430.1806640625 651.350471496582 498.051681518555 542.891513824463 508.116989135742 582.067316770554 566.113531112671 654.735832214355 550.2506980896 584.194486618042 587.933840274811 532.631530761719 492.825904846191 633.534070968628 609.671107769012 710.449661254883 702.756790161133 597.203106403351 528.750122070312 617.928567886353 498.018501281738 636.473407745361 555.242969512939 526.318542480469 509.564430236816 537.620555877686 517.325813293457 504.898750305176 419.253723144531 503.017959594727 569.32421875 658.706697463989 555.510292053223 475.655151367188 545.158813476562
533.649322748184 391.948501586914 517.590373039246 646.732810974121 540.906348228455 541.351405143738 591.847522735596 698.327728271484 595.14965057373 529.608936309814 482.999092102051 587.328008651733 562.077821731567 540.694364547729 384.017166137695 433.573379516602 559.862821102142 612.211566925049 642.038570404053 475.476860046387 548.345268249512 652.272830963135 638.723564147949 457.262344360352 657.440052032471 466.533706665039 511.363624572754 622.647080421448 585.004146575928 583.845564842224 664.98070526123 543.0452003479 536.042148590088 525.655361175537 632.65470123291 590.954051971436 652.126279830933 639.366481781006 591.389360904694 339.236892700195 719.330085754395 534.208602905273 525.014602661133 507.850593566895 470.24137878418 576.84481048584 552.182807922363 588.846820831299 649.085788726807 590.601230621338
575.496347427368 545.366142272949 454.955451965332 503.940616607666 567.493766069412 475.529579162598 604.469997406006 489.858211517334 406.73664855957 580.146364212036 529.051208496094 494.17253112793 609.524185180664 639.219863891602 402.826950073242 513.304893493652 521.080612182617 613.706780433655 557.211158752441 610.135016918182 672.566673278809 574.404441833496 635.724849700928 696.355354309082 569.092433929443 582.098672866821 608.223146438599 670.630481719971 580.561247944832 559.924192428589 453.533050537109 617.391454696655 649.530651092529 415.396179199219 518.609764099121 592.959477424622 708.50431060791 642.822750091553 551.906623840332 670.628150939941 508.519371032715 390.27555847168 531.524421691895 406.271057128906 675.406791687012 659.342926025391 477.82137298584 574.67884349823 602.296543121338 536.04662322998
569.646366119385 497.08039855957 694.222686767578 556.792820930481 570.053160667419 640.035682678223 578.421342849731 639.153411865234 465.154144287109 544.642753601074 430.25333404541 574.0251121521 450.47331237793 421.392227172852 433.798370361328 626.779441833496 592.538704395294 443.861389160156 626.375358581543 534.465179443359 541.007568359375 531.783210754395 719.246017456055 716.715621948242 560.712993621826 519.083839416504 509.291381835938 632.227699279785 804.909439086914 543.741634368896 579.588994979858 553.305057525635 635.298751831055 630.537696838379 560.991514205933 643.873722076416 617.633930206299 629.266960144043 759.454544067383 576.100808143616 674.490989685059 556.850229263306 469.78987121582 452.459991455078 507.325828552246 590.729475021362 497.18628692627 729.945358276367 728.179222106934 604.769477844238
795.056447982788 658.645820617676 615.473789215088 695.000030517578 620.908233642578 635.075782775879 536.287010192871 639.416763305664 431.543960571289 479.936637878418 434.970413208008 490.597221374512 608.709888458252 518.536010742188 568.123481750488 703.360969543457 434.496475219727 353.844665527344 422.697891235352 615.41273021698 754.154144287109 711.648445129395 787.412712097168 548.511661529541 794.380508422852 549.289978027344 759.269134521484 608.836184501648 680.347202301025 696.949775695801 552.909177780151 415.945220947266 587.966427326202 491.214706420898 670.759941101074 639.523216247559 497.049835205078 516.816146850586 605.986526489258 640.867740631104 915.179962158203 497.443069458008 468.751083374023 515.169143676758 636.987361907959 753.0380859375 399.960800170898 685.992950439453 794.877288818359 781.676727294922
737.467193603516 561.339782714844 698.38631439209 787.319519042969 525.21688079834 552.263935089111 518.290649414062 477.473365783691 705.706604003906 616.071788787842 595.452308654785 598.235851287842 521.165100097656 385.098983764648 679.281135559082 557.106513977051 626.112205505371 429.646575927734 532.541175842285 578.946311950684 545.180847167969 657.189003944397 802.957702636719 687.084861755371 784.423385620117 621.956773757935 499.370494842529 529.400314331055 653.638290405273 649.05309677124 548.595188140869 690.073318481445 430.483276367188 577.245841026306 623.216697692871 626.330131530762 741.719024658203 617.165704727173 631.591087341309 585.678047180176 871.889282226562 565.324321746826 646.019248962402 567.474796295166 590.494144439697 527.053352355957 608.283644676208 691.057174682617 684.140144348145 590.500272750854
511.994117736816 526.120979309082 616.108402252197 672.687786102295 499.798530578613 706.754025936127 548.285695075989 746.742599487305 588.747713088989 563.747478485107 642.853332519531 623.108489990234 642.742702484131 603.705514907837 749.063171386719 671.248603820801 756.883880615234 547.038444519043 659.390364646912 603.925193786621 644.982753992081 635.161499977112 856.168014526367 610.499156951904 853.589153289795 958.498062133789 629.261466741562 682.165111541748 694.686897277832 827.017013549805 565.902923583984 599.421387791634 614.949380874634 661.01513671875 537.889453887939 697.791839599609 682.562438964844 695.172233581543 645.709272384644 590.094082832336 706.34765625 607.586580276489 643.70471572876 551.507194519043 616.66216468811 648.868236541748 599.933418273926 649.035110473633 521.950889587402 825.42448425293
520.165817260742 588.330949783325 473.461364746094 555.106136322021 624.210613250732 745.447326660156 444.757736206055 664.523368835449 613.242444992065 635.639963150024 577.021072864532 723.249664306641 770.07536315918 683.813125610352 609.009811878204 666.313899993896 622.601801633835 574.971199035645 743.834526062012 710.865537643433 566.153366088867 615.26532125473 574.726156234741 449.970748901367 533.515003204346 512.062385559082 721.160522460938 610.24430847168 589.306411743164 635.328098773956 724.767425537109 534.430122375488 509.802146911621 647.060436248779 769.392593383789 513.19605255127 536.84033203125 530.599327087402 489.816551208496 691.15062713623 663.166687011719 630.406666755676 572.464540481567 553.023403167725 433.53727722168 629.728191375732 746.246124267578 725.791137695312 677.730686187744 608.424912810326
781.376129150391 537.295036315918 647.687423706055 830.245574951172 693.51904129982 671.475883483887 793.804885864258 693.084098815918 628.82787156105 524.061874389648 872.844131469727 599.981719493866 645.70140838623 664.361724853516 783.849254608154 607.86642074585 608.228157043457 684.18575668335 555.966201782227 573.284534454346 534.726470947266 599.004718780518 551.133590698242 303.790878295898 606.541261672974 671.503887176514 664.570198059082 770.18147277832 629.467235565186 690.328277587891 600.403491973877 751.082412719727 693.386872291565 671.223731994629 612.872428417206 590.119647979736 557.519916534424 642.126094818115 699.331787109375 759.929748535156 673.763526916504 658.195446014404 658.642456054688 657.168672561646 596.469751954079 707.017143249512 719.05192565918 680.930446624756 637.486701965332 596.580862045288
705.507186889648 383.380241394043 528.939079284668 884.862480163574 711.959449768066 599.676765441895 589.319735527039 654.096626281738 656.214556694031 538.621955871582 561.264995574951 626.178350448608 751.350128173828 977.810485839844 876.454254150391 623.643131256104 774.120468139648 810.636795043945 418.657043457031 626.120890617371 547.80103302002 635.379611968994 473.790214538574 443.751838684082 714.539108276367 588.819240570068 581.558010101318 674.397010803223 734.85417175293 643.727579116821 580.374675750732 658.568685531616 669.473552703857 697.040042877197 653.664043426514 726.234016418457 665.879432678223 614.606052398682 391.154830932617 661.637565612793 663.413402557373 711.049209594727 538.544483184814 617.55540895462 613.131240844727 718.974044799805 681.63366317749 645.736597061157 690.904029846191 513.939552307129
811.312225341797 778.385292053223 692.87971496582 943.356616973877 949.147521972656 579.405014038086 779.625183105469 658.180328369141 558.508365631104 469.021438598633 656.448707580566 1023.10009002686 683.6666431427 1050.23668670654 820.777235031128 723.662797927856 633.11254119873 807.498001098633 621.744010925293 695.445785522461 711.856300354004 548.890510559082 626.016887664795 523.208597183228 664.538555145264 710.896362304688 627.793943405151 614.310245513916 677.069059371948 796.403045654297 633.085735321045 564.530197143555 547.003471374512 578.311771392822 708.018516540527 643.699405670166 760.96435546875 678.368591308594 588.320665359497 731.581497192383 734.469436645508 624.539837837219 790.242477416992 698.136749267578 529.650909423828 648.963243484497 687.947933197021 640.699868202209 617.379732131958 666.395758628845
836.576950073242 516.960956573486 584.74108505249 751.663196563721 869.906959533691 802.295036315918 947.293106079102 922.525505065918 706.13436126709 1059.13649749756 610.384700775146 550.125188827515 591.301074385643 653.541618347168 681.570892333984 766.783645629883 713.451286315918 601.678844451904 768.982849121094 573.130035400391 540.923706054688 640.059471130371 577.746894836426 640.87814617157 581.71997833252 773.373947143555 740.439933776855 603.412853240967 541.271507263184 620.180790424347 595.292495727539 715.116798400879 675.96427154541 741.062927246094 770.835174560547 631.732288837433 698.512130737305 732.071449279785 648.490566253662 534.113563537598 585.153322219849 620.353517174721 590.082160949707 645.445779800415 718.152053833008 671.796035766602 637.232405662537 526.831451416016 681.668926239014 554.005973815918
618.235413551331 723.50919342041 629.058200836182 611.853233337402 714.275543212891 761.175735473633 515.40739440918 816.541053056717 647.45622253418 937.491283416748 518.935409545898 620.996002197266 514.271629333496 444.763782501221 497.065044403076 416.232353210449 582.716163635254 545.130386352539 707.652835845947 957.395264148712 583.128830909729 497.108089447021 660.064025878906 611.338291168213 723.984550476074 647.479692459106 738.243865966797 731.34033203125 673.630173534155 634.141212463379 458.755249023438 625.536357402802 482.806594848633 577.549705505371 776.255493164062 593.148685455322 588.836763381958 635.091468811035 595.126090049744 707.436706542969 587.253398895264 628.227763175964 669.747447967529 585.017517089844 620.677200317383 760.400482177734 567.544044494629 571.160362243652 688.675055503845 707.806777954102
599.32194519043 696.510551452637 540.591926574707 505.817749023438 351.567852020264 591.071523666382 431.823665618896 669.041721343994 650.659673690796 681.515514373779 646.467258453369 535.254417419434 659.994468688965 701.467445373535 641.557031154633 781.422470092773 570.099277496338 567.983295440674 548.687643051147 793.231231689453 576.10619354248 544.81435585022 918.010032653809 693.849124908447 647.887453079224 675.025493144989 684.35634803772 698.424842834473 637.383230209351 558.803886413574 509.838737487793 445.188827514648 722.526485443115 735.352272033691 821.487991333008 720.915245056152 601.63020324707 580.691558837891 562.282054901123 549.050498962402 580.010326385498 496.635513305664 689.351757049561 680.419884204865 570.979217529297 664.442596435547 668.686629295349 607.338897705078 559.25846862793 623.213066101074
543.515941619873 666.613021850586 484.892501831055 513.967277526855 667.125736236572 548.866393089294 430.802890777588 481.122756958008 888.979080200195 767.004127502441 918.171920776367 681.727875232697 832.191452026367 636.149536132812 606.805419921875 797.34578704834 701.947265625 595.769538879395 656.065168380737 958.212272644043 711.427307128906 720.960662841797 578.897323608398 598.427944660187 1018.76683235168 617.344085693359 655.690680503845 750.547216415405 534.268402099609 529.423489093781 459.825561523438 655.738208770752 725.759920120239 571.369956970215 441.441253662109 533.591415405273 554.640586853027 462.618316650391 580.670757293701 645.691514968872 482.203369140625 468.944595336914 602.305686950684 681.599945068359 588.251388549805 635.459625244141 626.482582092285 714.116600036621 643.483070373535 700.032358169556
630.677284240723 644.542325973511 746.522930145264 701.370078086853 -9999 -9999 -9999 -9999 -9999 -9999 -9999 -9999 -9999 -9999 -9999 850.111015319824 800.692859649658 619.80443572998 739.10009098053 817.735977172852 559.724189758301 719.414779663086 486.766609191895 408.722427368164 734.632743835449 502.222885131836 934.070266723633 568.367691040039 715.644790649414 863.314796447754 449.03084564209 675.643497467041 742.923583984375 600.78918838501 532.145378112793 511.531425476074 583.217407226562 577.617835998535 543.459381103516 427.12451171875 645.31131452322 583.700942993164 564.849578857422 684.874917984009 702.699203491211 719.669978141785 642.445899963379 558.180000305176 759.134262084961 820.407272338867
-9999 -9999 -9999 -9999 -9999 -9999 -9999 -9999 -9999 -9999 -9999 -9999 -9999 -9999 -9999 -9999 -9999 -9999 677.645065307617 655.089859008789 839.459655761719 768.227876663208 753.438384056091 666.130027770996 623.953117370605 539.851379871368 700.821537494659 635.361250400543 695.212261199951 505.954200744629 548.099502563477 957.017082214355 676.714473724365 729.806903839111 617.840675354004 463.550506591797 491.277236938477 534.599472045898 427.527633666992 470.541061401367 505.271484375 555.530319213867 627.945022583008 705.992950439453 746.282272338867 695.918807983398 769.490341186523 685.076565742493 681.390038132668 568.946357727051
