export/dem/dem50.asc
NCOLS 350
NROWS 171
XLLCORNER 152620
YLLCORNER 418050
CELLSIZE 100
NODATA_VALUE -9999
[rows 44 to 65 of 171, columns 100 to 149 of 350]
298.752334594727 306.773880004883 324.407829284668 350.981880187988 343.315391540527 396.866672515869 382.529033660889 442.930012226105 405.713322639465 367.729652404785 338.263381958008 451.345327377319 541.126304626465 510.416011810303 563.546951293945 465.665779173374 371.87425994873 326.951431274414 348.162445068359 376.237236022949 492.892385482788 526.506420135498 491.189241409302 451.018966674805 510.932925224304 559.932647705078 531.521823883057 508.27001953125 584.497245788574 498.57963180542 613.620193481445 725.285415649414 563.780075073242 591.486312866211 547.175235748291 380.339157104492 514.252027511597 429.478546142578 335.726364135742 489.775049209595 433.93416595459 343.555389404297 441.496150970459 550.345428466797 452.070682525635 511.071521759033 519.16496270895 549.002895355225 609.001068115234 487.011993408203
365.956832885742 627.011840820312 394.165428161621 336.270469665527 431.975175857544 349.323532104492 342.861145019531 435.621450424194 547.36003112793 408.862041473389 628.26579284668 605.677459716797 492.725118637085 400.269775390625 527.919067382812 451.051395654678 404.108959197998 340.80403137207 441.519088745117 488.117153167725 535.830696105957 538.044242858887 507.328916549683 409.475685119629 584.881420135498 552.943283081055 563.350357055664 488.099219322205 529.91848897934 517.791615009308 518.521460533142 580.05850982666 473.244125366211 408.000297546387 354.963729858398 410.760177612305 394.233184814453 588.115089416504 606.942054748535 555.533512115479 417.553398132324 571.75919342041 529.350366592407 439.282936096191 531.342615127563 425.451484680176 498.757402420044 459.818927764893 513.411536216736 578.751846313477
572.529861450195 344.445877075195 333.448959350586 314.910034179688 341.385101318359 395.611663818359 499.208274841309 503.412063598633 341.053993225098 480.298278808594 487.627731323242 451.18084526062 622.341957092285 424.058431625366 375.085601806641 359.984687805176 511.658996582031 342.495567321777 472.136200904846 392.480003356934 703.007568359375 528.146514892578 404.889312744141 549.754570007324 463.182346343994 469.698001861572 405.191932678223 446.525691986084 608.005805969238 530.876121520996 583.332580566406 499.49334526062 686.17219543457 444.592792510986 603.035522460938 577.164031982422 371.131492614746 424.6735496521 407.065765380859 525.395040512085 406.81974029541 424.005508422852 486.362030029297 609.349014282227 643.003128051758 564.116924285889 770.399215698242 345.322845458984 748.21826171875 525.192451953888
421.531608581543 487.252208709717 349.334609985352 414.75927734375 438.625442504883 398.118354797363 408.225498199463 577.065887451172 603.768142700195 411.555011749268 499.506141662598 299.05046081543 455.43013381958 440.416996002197 353.824638366699 429.012729644775 394.235420227051 552.316963195801 480.602137327194 377.179130554199 492.871605873108 616.15559387207 467.405055999756 501.46535217762 627.833724975586 625.516967773438 441.441703796387 315.188507080078 528.469581604004 638.311485290527 609.648727416992 442.967651367188 654.063812255859 638.319381713867 411.327217102051 333.012084960938 345.855575561523 399.981781005859 477.236026763916 481.011991500854 501.863206386566 592.554710388184 601.724166870117 542.849244117737 548.01261138916 647.969329833984 469.913340568542 544.148834228516 432.941818237305 609.107643127441
335.606010437012 330.232475280762 388.412097930908 311.318283081055 372.581695556641 377.316337585449 370.616882324219 378.378692626953 416.419052124023 379.292198181152 438.15064239502 384.715621948242 462.398606300354 391.518943786621 330.881607055664 475.043564796448 500.800437927246 444.561248779297 505.682638168335 475.602491974831 532.05362701416 572.236610412598 500.089385986328 579.04956817627 542.973579406738 494.617749750614 503.69598197937 584.385772705078 605.781150817871 442.838218688965 512.546834945679 639.1513671875 502.169060230255 519.803213596344 573.374870300293 462.329030990601 451.051369667053 430.188472747803 454.349781036377 471.81823348999 506.495914936066 608.095191955566 572.58715057373 615.0068359375 693.74528503418 635.953010559082 487.459468126297 487.106414318085 433.47924041748 493.164211273193
490.797500610352 475.907890319824 292.411163330078 489.368492126465 264.128280639648 578.053833007812 338.584106445312 381.679733276367 433.142350196838 431.410690307617 550.059310913086 391.164772033691 480.624252319336 327.283187866211 575.559715270996 473.841789722443 486.79723739624 561.301414489746 522.268530845642 508.107389450073 606.041374206543 454.143152236938 658.368255615234 626.156089782715 510.551312446594 601.857139587402 450.744792938232 547.193922042847 458.23059463501 546.172353744507 314.736907958984 410.529602050781 506.629058361053 408.948745727539 468.431205749512 456.469013214111 521.344779968262 391.638641357422 445.656848907471 467.826892852783 340.733505249023 344.519256591797 650.873733520508 607.741638183594 606.482154846191 670.956558227539 663.412689208984 429.062026977539 696.875762939453 639.601463317871
409.523220062256 355.146301269531 493.682453155518 484.710243225098 565.248359680176 470.470119476318 416.970849990845 448.947109222412 335.327461242676 573.070663452148 455.723418712616 429.022277832031 352.320205688477 333.645904541016 296.324935913086 568.578758239746 523.08113861084 621.011138916016 446.180252075195 640.285308837891 656.808120727539 619.069519042969 481.909750938416 431.47424030304 493.535140991211 543.12494468689 441.280563354492 381.933410644531 456.767612457275 484.132036209106 526.686521530151 447.291496276855 347.087738037109 370.992835998535 442.524070739746 535.2662550807 450.691665649414 267.529006958008 409.358810424805 424.676055908203 427.728286743164 395.550834655762 596.281036376953 563.27250289917 629.76188659668 501.55118560791 429.826072692871 543.4033203125 442.123935699463 541.145572662354
336.854301452637 389.529977798462 422.937540054321 395.666126251221 558.579040527344 433.57831299305 374.033489227295 448.50036907196 497.522951126099 475.79646396637 330.445388793945 478.113390684128 345.422973632812 334.60188293457 311.853759765625 649.267196655273 526.569297790527 554.156684875488 694.462417602539 537.385612487793 515.308378219604 631.1279296875 519.879343032837 562.054347991943 451.967781066895 542.007789611816 624.183326721191 552.575748443604 475.998823165894 482.520154953003 596.658210754395 514.384711742401 461.802055358887 548.810722351074 450.038131713867 565.682466506958 362.975952148438 418.424774169922 407.986671447754 422.073257446289 613.118232727051 626.361480712891 464.559516906738 616.134925842285 671.923034667969 433.011016845703 577.188415527344 587.278511047363 591.807037353516 487.899602890015
303.629035949707 366.774715423584 467.527736663818 544.986236572266 549.519218444824 348.409675598145 413.865573883057 646.587036132812 496.6565284729 429.001647949219 369.166160583496 441.741851806641 393.731601715088 493.791602134705 311.523086547852 839.853515625 746.209320068359 528.665431976318 646.212280273438 648.348907470703 542.285106658936 572.930313110352 529.412551879883 477.868179321289 409.557624816895 480.219162464142 509.944297790527 625.974304199219 499.157609939575 479.609331130981 497.105402946472 526.008897781372 537.751436233521 655.661865234375 565.673694610596 209.61767578125 520.227475166321 426.414138793945 617.952796936035 570.527637481689 453.587852478027 597.138191223145 557.003364562988 524.810733795166 502.618644714355 422.320877075195 663.688659667969 615.246109008789 616.81721496582 489.190458297729
266.062530517578 425.942327976227 357.798858642578 533.185722351074 385.070190429688 515.227203369141 447.892540931702 479.702840805054 397.336181640625 458.355499267578 405.123081207275 414.194717407227 418.073703765869 460.516599655151 473.494781494141 593.770393371582 644.832015991211 729.705871582031 759.879333496094 570.456436157227 551.115951538086 576.89200592041 519.409309387207 535.856395721436 548.773708343506 531.495208740234 610.027542114258 480.359826087952 466.379592895508 490.711166381836 507.871629714966 623.650817871094 642.253623962402 577.109310150146 526.932571411133 490.176939487457 299.566787719727 500.61349105835 429.272804260254 559.996349334717 806.018432617188 457.855125427246 508.118810653687 364.657623291016 443.671909332275 529.365089416504 613.363494873047 660.507019042969 535.255807042122 643.005149841309
330.192832946777 194.079467773438 412.308291435242 478.218315124512 486.314296722412 464.64546585083 397.672256469727 392.604900360107 560.876327514648 635.497871398926 580.639640808105 511.838577270508 575.399337768555 620.281860351562 607.431365966797 671.999847412109 626.555923461914 525.992118835449 553.13793182373 523.203022003174 506.700491905212 693.051620483398 592.534141540527 462.142303466797 452.953289031982 602.127395629883 558.42663192749 563.378120422363 548.769065856934 489.366886138916 545.929391860962 601.572540283203 346.101272583008 575.504825592041 483.742767333984 415.220092773438 577.37540435791 641.879341125488 586.888916015625 599.334579467773 619.812019348145 544.647253990173 526.563552856445 690.937393188477 552.859470367432 581.11905670166 581.70037651062 641.494285583496 512.059869766235 616.021362304688
422.052129745483 383.649543762207 360.747360229492 414.446813583374 432.600547790527 553.125762939453 540.650299072266 519.647445678711 479.56162405014 473.172080993652 423.556907653809 561.321479797363 627.218978881836 486.818953990936 505.798484802246 628.715309143066 531.360378265381 638.337600708008 642.440292358398 608.971809387207 544.10665512085 609.491683959961 515.932057380676 479.419170379639 567.867401123047 707.805694580078 472.192975997925 598.208984375 473.738990783691 568.354102134705 592.515716552734 720.59309387207 619.254135131836 522.650563240051 675.044250488281 472.528442382812 590.183933258057 605.457664489746 547.792708396912 479.438798904419 566.881275177002 556.969197273254 544.467473983765 560.933627128601 514.288595199585 428.896492004395 607.871471405029 477.43675994873 571.667444229126 540.983114242554
484.996234893799 385.400871276855 375.332984924316 516.934310913086 556.964332580566 384.483066558838 677.458801269531 544.041702270508 595.249053955078 459.344402313232 446.004379272461 448.8420753479 522.75407409668 538.683578491211 582.88346862793 652.054214477539 567.273731231689 606.680191040039 428.011386871338 709.633010864258 465.956119537354 553.120822906494 468.501922607422 698.258819580078 326.782974243164 440.924606323242 604.131118774414 539.135362625122 762.262313842773 630.211627960205 651.100219726562 684.97127532959 474.330993652344 503.732545852661 512.293964385986 589.753837585449 395.252716064453 539.966898858547 737.510070800781 539.935228586197 667.496681213379 599.927516937256 687.130920410156 601.490600585938 522.747749328613 533.369698047638 533.503441810608 544.519539773464 667.470825195312 459.258110046387
297.785522460938 351.760108947754 380.936050415039 381.451484680176 447.748265862465 459.623410701752 397.91202545166 440.837985992432 483.183223724365 441.063474655151 562.556312561035 449.351355552673 547.309494018555 529.410091400146 457.024596214294 391.934043884277 504.284475326538 427.860012054443 374.514801025391 613.590347290039 347.751907348633 237.821136474609 447.716588020325 604.343688964844 500.810033798218 461.773231506348 542.293783187866 556.021957397461 590.122434616089 440.87385559082 833.531112670898 605.969032287598 557.176557540894 583.680591583252 484.689167022705 599.68684387207 620.336380004883 572.683187067509 728.024780273438 574.30291724205 736.829025268555 601.562789916992 671.619201660156 521.929943084717 431.194343566895 674.180824279785 514.263425827026 764.560546875 564.473936617374 627.808929443359
459.398466110229 345.105316162109 369.417869567871 483.860984802246 352.412239074707 451.768400669098 369.852073669434 384.2705078125 359.272735595703 558.072998046875 379.645309448242 419.618198394775 570.128845214844 414.121765136719 465.650391101837 337.36083984375 497.613577842712 626.737014770508 486.507678389549 542.616790771484 611.093841552734 456.912979125977 567.743835449219 402.32039642334 464.619741439819 354.51789855957 500.186387062073 404.55492401123 627.852210998535 621.68098449707 543.480903625488 732.349159240723 682.491859436035 615.312023162842 466.002265930176 430.127113342285 480.94881439209 579.264015197754 723.666110992432 642.319648742676 665.868766784668 605.618431091309 611.722396850586 444.232315063477 580.206195831299 515.538333892822 453.100814819336 685.907699584961 587.296850204468 825.780212402344
370.18180847168 542.916206359863 456.840443611145 446.067819595337 466.246704101562 450.205379486084 449.553467750549 655.292709350586 397.594654083252 415.499795913696 498.005540847778 503.61353302002 368.273696899414 457.33559513092 265.005844116211 498.541700363159 211.703369140625 416.661979675293 532.676773071289 467.095722198486 629.113510131836 370.288208007812 417.208976745605 478.039878845215 469.580533027649 414.493053436279 471.983777999878 486.270729064941 614.986488342285 679.764556884766 540.925363540649 702.896011352539 615.40060043335 564.287082672119 398.744400024414 436.850257873535 539.748580932617 593.087718963623 726.794281005859 592.010443210602 603.251605987549 477.292152404785 525.594404220581 506.995084762573 442.386444091797 641.691722869873 669.885078430176 638.224754333496 664.945327758789 719.002151489258
260.868194580078 405.753601074219 445.590330123901 221.976867675781 262.070907592773 485.418552398682 319.856536865234 438.452975869179 393.502563476562 421.639167785645 436.904479980469 547.552116394043 502.989463806152 444.631853103638 431.459465026855 516.926933288574 390.640197753906 569.774398803711 542.629230499268 567.767677307129 589.499740600586 359.660522460938 679.219024658203 357.35285949707 393.926704406738 495.114388942719 517.72346496582 484.404651641846 505.356948852539 698.428329467773 531.343623876572 517.735159397125 582.307064056396 386.271408081055 555.485466003418 561.754543304443 441.158882141113 561.388983726501 530.313665032387 602.553329467773 530.563261032104 407.441116333008 554.566778182983 649.210960388184 510.079442977905 595.320209503174 651.405693054199 631.617673873901 648.139198303223 514.505458831787
337.480102539062 352.903007507324 268.877899169922 535.244728088379 441.691499710083 469.960089683533 421.837785720825 444.701469421387 432.23025894165 456.112523794174 300.370040893555 475.3319272995 390.806804656982 478.136701345444 466.785343170166 461.077184200287 346.46272277832 491.015818595886 396.082054138184 521.390226364136 580.926582336426 419.184844970703 484.725992202759 465.867726325989 422.470470428467 425.58020401001 433.452442169189 535.308917999268 512.073463916779 522.733089447021 435.948852539062 521.434990882874 462.492786407471 533.787766218185 708.457214355469 506.616588592529 551.699279785156 522.452812194824 613.124076843262 670.894622802734 599.646064758301 575.201766014099 505.945976257324 657.835590362549 510.444721221924 638.450037002563 870.449459075928 639.41473197937 463.299468994141 602.198364257812
321.013046264648 345.403930664062 347.902809143066 308.871124267578 423.062702178955 300.440582275391 534.456871032715 500.293003082275 518.446723937988 533.864967346191 338.483947753906 423.205097198486 514.481437683105 347.628799438477 451.147438049316 569.678344726562 429.651893615723 449.050602912903 516.201728820801 546.373271942139 474.601686000824 435.711894989014 570.94384765625 521.99426651001 511.226449012756 455.109218597412 670.899261474609 478.271965026855 563.911979675293 468.078453063965 590.050914764404 505.836427688599 480.963047027588 575.783039093018 509.85816860199 552.903457641602 499.115020751953 658.967239379883 589.559440612793 706.249847412109 647.818222045898 737.969909667969 546.372959136963 517.354312896729 519.452751159668 535.333634853363 730.520668029785 658.149826049805 476.094337463379 613.280464172363
424.582130432129 459.478633880615 368.670127868652 305.948333740234 538.019195556641 591.664039611816 490.665594100952 562.518836975098 505.027866363525 338.412704467773 434.327478408813 421.825639724731 397.117340087891 315.972579956055 362.374244689941 433.811294555664 504.363351821899 536.101776123047 399.028762817383 481.451167345047 399.70866394043 656.478378295898 338.28978729248 362.766738891602 452.578914642334 316.156402587891 399.278366088867 446.245388031006 580.993637084961 540.302593231201 483.662481307983 393.761283874512 404.737945556641 510.060956478119 380.647064208984 451.751121520996 617.058616638184 510.308624267578 569.824020385742 502.092517852783 594.705711364746 603.373779296875 513.798295021057 633.249923706055 539.805360794067 600.91712474823 548.425608634949 511.687755584717 634.151626586914 482.482662200928
463.362532615662 460.450918197632 304.948272705078 275.794555664062 355.012519836426 588.519378662109 515.879287719727 417.628524780273 463.883941650391 613.581451416016 370.743423461914 382.786033630371 412.207824707031 364.809593200684 260.626510620117 457.654348373413 516.761249542236 477.097164154053 465.470388054848 424.576389312744 499.570840835571 593.95231628418 515.131370544434 451.355777740479 347.294067382812 453.077896118164 583.553050994873 453.317047119141 594.847518920898 392.257965087891 489.821846008301 425.627952575684 460.59094619751 386.1572265625 613.224685668945 570.097351074219 507.782194137573 532.170697212219 757.484252929688 556.417744159698 492.833999633789 409.912620544434 548.318079948425 487.834651947021 554.405197143555 452.904624938965 323.706283569336 488.927871704102 556.803776741028 523.253007888794
368.653205871582 427.658355712891 516.004581451416 410.716537475586 447.8157081604 403.863777160645 539.719951629639 461.957648277283 511.067222595215 391.22314453125 343.360717773438 412.119129180908 340.860580444336 382.387084960938 441.61291885376 447.374940872192 455.478953361511 541.337799072266 393.186710357666 352.939033508301 397.728317260742 647.479782104492 449.41291809082 370.384460449219 418.705451965332 382.217491149902 433.868362426758 439.521873474121 361.743949890137 360.24397277832 607.988273620605 638.016204833984 464.775447845459 474.957740783691 413.393096923828 591.270214080811 441.342620849609 515.898090362549 531.829991340637 580.227294921875 523.904537200928 384.196395874023 539.508847236633 616.031463623047 492.299301147461 580.034774780273 302.069961547852 440.917198181152 462.908676147461 492.278049468994
