export/dem/dem54.asc
NCOLS 350
NROWS 171
XLLCORNER 152620
YLLCORNER 418050
CELLSIZE 100
NODATA_VALUE -9999
[rows 132 to 153 of 171, columns 300 to 349 of 350]
915.228515625 858.681777954102 1517.69953536987 1085.21487426758 1051.0258026123 1142.25071716309 1598.99546813965 1423.28687286377 1455.85119628906 1380.38114929199 1233.60794734955 1129.10656738281 1068.10170078278 1393.33164274693 1483.77478027344 1058.71961212158 1122.32265472412 1040.91961669922 1069.64218139648 1019.82612609863 920.901473999023 880.556804656982 955.785484313965 765.227409362793 905.205337524414 940.489240646362 878.635150909424 1003.66833496094 958.322761535645 968.361152648926 875.246954917908 1044.42665100098 1115.09545898438 1007.20767211914 -9999 -9999 -9999 -9999 -9999 -9999 -9999 -9999 -9999 -9999 -9999 -9999 -9999 -9999 -9999 -9999
860.542678833008 959.984672546387 961.680980682373 1400.33728027344 1221.59092712402 1048.7393951416 1246.97037506104 1716.17115783691 1356.48602294922 1428.7262878418 1294.59140014648 1400.66542053223 1307.64082336426 1110.55768585205 1527.24076080322 1901.19358825684 1608.34841156006 2022.54471588135 1673.4755859375 1444.02018737793 1734.13243103027 882.270134925842 773.948425292969 943.123054504395 880.133884429932 745.60115814209 844.10400390625 998.13932800293 947.825580596924 1024.37314605713 870.491891860962 1155.36108398438 926.09944152832 915.402729034424 -9999 -9999 -9999 -9999 -9999 -9999 -9999 -9999 -9999 -9999 -9999 -9999 -9999 -9999 -9999 -9999
955.052703857422 808.859044075012 829.674098968506 1021.72066497803 1108.87460327148 1224.37284851074 1479.869140625 1412.28491210938 1429.05700683594 1260.771484375 1380.04077148438 1372.86375427246 1400.74421691895 1225.91786193848 1433.75552368164 1568.86323547363 1285.46672058105 1295.70364379883 1236.46551513672 1137.94259643555 1298.5760345459 1205.46096420288 1078.07586669922 839.291870117188 971.079292297363 863.631786823273 937.840770721436 891.534012794495 836.572387695312 980.996864318848 959.073974609375 872.580047607422 883.127380371094 1038.54425811768 857.848146438599 -9999 -9999 -9999 -9999 -9999 -9999 -9999 -9999 -9999 -9999 -9999 -9999 -9999 -9999 -9999
878.833930969238 864.24292755127 1010.81812477112 1300.73458862305 1124.5062713623 1137.61755371094 902.024535655975 1562.14024353027 1796.50842285156 1325.46907043457 1328.0778503418 1376.58473300934 1207.3166885376 1085.70163345337 1445.08399963379 2000.68762207031 1445.69676208496 1216.40454101562 1032.2349319458 1133.29678344727 972.70115852356 1140.29927062988 1242.3743057251 1029.28784751892 938.605140686035 809.650043487549 900.621650695801 860.601784229279 793.028015136719 931.494962692261 951.642572402954 768.16870880127 1110.05546665192 786.193119049072 997.843990325928 878.252105712891 -9999 -9999 -9999 -9999 -9999 -9999 -9999 -9999 -9999 -9999 -9999 -9999 -9999 -9999
887.522537231445 1014.55674743652 944.056938171387 1046.49773406982 940.848888397217 1210.04466247559 1111.38055419922 1046.28730773926 1114.9112701416 1092.32367706299 1227.94009399414 1108.40416717529 1523.11531066895 1589.92618751526 1229.53549957275 1337.2093963623 1217.86128234863 1191.6480255127 976.48003578186 922.585548400879 1126.29788208008 1037.77967071533 1053.04024505615 1072.72440719604 959.360412597656 909.867752075195 800.396141052246 836.703119277954 846.817625045776 920.370407104492 939.447454452515 1481.02070808411 900.554016113281 791.760410308838 911.987403869629 1062.79109191895 -9999 -9999 -9999 -9999 -9999 -9999 -9999 -9999 -9999 -9999 -9999 -9999 -9999 -9999
961.206382751465 1040.2370300293 958.237659454346 954.501029968262 994.142929077148 977.368766784668 981.969291687012 1315.88217163086 1116.73622131348 1229.02674865723 1232.38583374023 1166.10160827637 1487.6722869873 1432.77981758118 1441.87381744385 1126.32147979736 895.638595581055 844.274612426758 996.825752258301 998.383518218994 1131.81274414062 796.884887695312 980.696519851685 1117.0866394043 1080.27571487427 1123.11513328552 1750.86874389648 770.191505432129 790.599445343018 959.599304199219 1274.85018920898 917.089210510254 897.47219991684 930.449199676514 807.279006958008 890.718688964844 1002.39219665527 -9999 -9999 -9999 -9999 -9999 -9999 -9999 -9999 -9999 -9999 -9999 -9999 -9999
1054.51274108887 1031.05644989014 816.599075317383 798.770755767822 893.187789916992 933.586982727051 1157.04495239258 1105.84774780273 1158.87623596191 1217.58152770996 915.320251464844 1010.31447601318 1162.35419082642 1556.78868532181 1397.20243644714 1300.60121154785 997.861011505127 1084.15148925781 1059.92530822754 1174.34994506836 950.398410797119 882.487815856934 1022.71002483368 888.763076782227 907.560478210449 865.166801452637 986.562446594238 869.808990478516 1201.65816497803 1264.64202308655 876.968109130859 903.76473236084 764.974136352539 940.065280914307 1013.78518676758 1041.9328918457 937.029296875 -9999 -9999 -9999 -9999 -9999 -9999 -9999 -9999 -9999 -9999 -9999 -9999 -9999
801.56120300293 902.075469970703 885.542385101318 866.17333984375 911.755584716797 1092.7633395195 1111.38735771179 958.714241027832 1174.02159118652 1253.1907043457 1094.0189743042 961.583301544189 877.539962768555 1183.07986450195 1620.25734806061 1706.63111305237 1097.34558105469 1210.044921875 1068.59768676758 1248.37895202637 968.569553375244 1035.99810028076 1004.20690202713 995.81761932373 987.834384918213 875.004920959473 993.793703079224 944.256202220917 1174.48663330078 970.918960571289 959.71607208252 935.310186386108 1057.22736358643 807.544906616211 970.388618469238 901.599937438965 974.909088134766 1009.82451629639 -9999 -9999 -9999 -9999 -9999 -9999 -9999 -9999 -9999 -9999 -9999 -9999
758.710563659668 783.360969543457 852.520850419998 745.802639007568 958.581687927246 984.233384132385 855.621788024902 1020.75116348267 1258.09417724609 1049.34799766541 1092.3835144043 1129.73291778564 1037.30083084106 937.162628173828 1268.31152534485 1521.37760162354 1310.16920471191 1336.22470092773 1166.45079040527 1212.13157653809 1055.63729000092 916.129856109619 896.99015045166 837.245124816895 957.090389251709 842.492431640625 1062.69673156738 914.323997497559 1006.81757736206 965.842399597168 1389.16994476318 1004.90785598755 1075.16751861572 959.701156616211 899.060013651848 1060.17810058594 1016.78553009033 765.662818908691 -9999 -9999 -9999 -9999 -9999 -9999 -9999 -9999 -9999 -9999 -9999 -9999
812.727210998535 758.894241333008 805.547950744629 874.903991699219 857.457727432251 876.066593170166 894.520118713379 862.239112854004 1030.09717416763 907.481510162354 1059.92793273926 1221.40098571777 1050.09777832031 1147.38445281982 1131.8005065918 1393.46944046021 1065.69060134888 1126.2618637085 1178.57295227051 1113.50168609619 1160.01156616211 845.366172790527 988.463408708572 809.668090820312 981.671585083008 956.387058258057 906.05438041687 982.798419952393 901.215107917786 1151.95600128174 1275.73701858521 1197.49966430664 984.17512345314 900.929222106934 933.107711791992 1053.380027771 877.215950012207 794.260116577148 720.842620849609 -9999 -9999 -9999 -9999 -9999 -9999 -9999 -9999 -9999 -9999 -9999
909.474090576172 880.340148925781 819.211158752441 842.438606262207 1060.678565979 1065.43613243103 1211.33044815063 1062.49549007416 995.484079360962 1029.38345336914 938.3232421875 1319.38279724121 1019.6811580658 931.781326293945 1362.88425922394 1100.57389831543 1053.35451412201 1058.01369476318 1023.76228547096 1117.19701194763 1188.43882751465 1093.74240350723 1386.24760437012 1076.58568954468 1052.40785217285 999.67197227478 890.326874732971 1113.72758483887 996.53146648407 1003.2788734436 1140.72772216797 1219.65937423706 836.457717895508 954.440967559814 968.894702911377 984.778984069824 737.914611816406 910.054265975952 834.83479309082 -9999 -9999 -9999 -9999 -9999 -9999 -9999 -9999 -9999 -9999 -9999
795.005882263184 756.975878000259 599.688568115234 851.734771728516 908.449520111084 855.037014007568 970.565662384033 947.419195175171 1008.84300231934 884.278266906738 990.956901550293 911.449989318848 1114.34712219238 1038.13574790955 1064.95949554443 1417.20983505249 930.727897644043 1032.63447761536 958.465744018555 1011.52569293976 1083.05421829224 981.088449478149 1068.80171585083 1222.58841705322 1049.19914960861 946.690719604492 945.773338317871 1078.6754989624 1129.06962585449 1086.52440643311 879.858062744141 915.839920043945 965.120620727539 853.400470733643 935.205425262451 918.309432983398 779.061859130859 957.758739471436 817.543537139893 -9999 -9999 -9999 -9999 -9999 -9999 -9999 -9999 -9999 -9999 -9999
574.769302368164 687.667625904083 762.846670150757 700.587408542633 569.92546081543 750.343075037003 719.61686706543 655.298118591309 855.472442626953 861.415100097656 812.553695678711 819.690887451172 943.180055141449 1051.10721969604 1018.58367538452 1099.16305446625 1570.21632385254 1042.21667480469 866.692779541016 960.366115570068 995.947923660278 757.725311279297 994.792734146118 1265.46286773682 1098.64405822754 1010.35496520996 1520.21628570557 837.962310791016 1087.29131317139 1056.49563980103 1057.15429592133 985.126079559326 797.233856201172 886.296038627625 921.234756469727 1019.42204666138 930.40739440918 798.043960571289 831.866134643555 962.402851104736 -9999 -9999 -9999 -9999 -9999 -9999 -9999 -9999 -9999 -9999
763.176189422607 714.231616020203 787.465995788574 706.167404174805 762.277516365051 684.624244689941 681.182975769043 791.373329162598 764.387699127197 919.088111877441 781.776647567749 903.401443481445 760.507440567017 857.230056762695 943.445430755615 998.191497802734 1017.69221115112 1324.17475891113 1597.96170568466 880.843383789062 984.848225355148 842.017227172852 933.331680297852 944.357635498047 1500.86479949951 1652.05961608887 1007.10838794708 1040.32066345215 977.971164703369 872.25904083252 1248.63186645508 1004.35967826843 780.831550598145 831.07405090332 1095.57947540283 965.468346595764 937.386930465698 1186.68856811523 992.790863037109 1025.69428253174 -9999 -9999 -9999 -9999 -9999 -9999 -9999 -9999 -9999 -9999
742.389919281006 774.229791641235 768.970561981201 715.934764862061 684.869371414185 753.140031814575 720.602714538574 868.219085693359 1108.27278137207 863.00297164917 721.620254516602 775.895740509033 798.813522338867 664.781265258789 781.992706298828 919.89444732666 973.094673156738 1065.74348449707 1019.10231781006 802.877395629883 947.464515686035 1077.9630317688 1057.63443756104 993.966320037842 1055.87051010132 1426.92014312744 1089.92907142639 887.326995849609 842.276214599609 944.533615112305 924.528411865234 1155.39398574829 882.463996887207 1234.9734992981 1180.48876953125 878.655609130859 1040.7133140564 967.218006134033 975.662673950195 1016.2808303833 -9999 -9999 -9999 -9999 -9999 -9999 -9999 -9999 -9999 -9999
746.785060882568 713.86402130127 798.821952819824 782.929046630859 699.375160217285 930.257133483887 768.56450843811 779.933403253555 919.223281860352 900.618133544922 999.648616790771 721.170440673828 780.948230743408 677.143859863281 674.344314575195 799.924259185791 984.566303253174 880.164947509766 1047.04335403442 1017.64930725098 988.4235496521 1049.48676347733 970.801086425781 1167.17726898193 1037.90419387817 1062.44804382324 1012.56102085114 1226.71314620972 937.045036315918 1083.55847358704 1017.99565124512 962.775543212891 964.47229385376 842.772041320801 902.646560668945 906.466014862061 1039.03357315063 963.702473640442 894.091110229492 899.670635223389 811.630416870117 -9999 -9999 -9999 -9999 -9999 -9999 -9999 -9999 -9999
676.968879699707 845.675830841064 762.258487701416 726.525119781494 748.664622306824 829.248603820801 714.392684936523 814.822898864746 869.006023406982 841.872827529907 925.289472579956 856.419502258301 830.246162414551 776.292572021484 575.584365844727 782.149366378784 847.273753643036 968.490493774414 953.950977325439 974.127216339111 1013.80763244629 1159.280128479 1011.44469451904 1246.61123657227 935.502548217773 1199.37117004395 1024.93712043762 827.371871948242 923.143297195435 842.540874481201 920.417469024658 1025.23928070068 952.640661239624 897.359136581421 1058.47048187256 923.65379524231 1191.68087768555 807.641815185547 915.878217697144 970.046539306641 871.643901824951 -9999 -9999 -9999 -9999 -9999 -9999 -9999 -9999 -9999
838.322151184082 728.414001464844 777.958484649658 847.000709533691 751.476054191589 652.47705078125 812.044933319092 832.681053161621 873.753284454346 816.326555252075 897.067810058594 886.715225219727 781.99324798584 1009.56163787842 709.967864990234 859.303897857666 789.356644630432 891.410522460938 842.104309082031 867.13069152832 962.859146118164 1077.04037475586 1053.63112640381 1202.08543395996 1030.19276332855 1218.16464233398 988.415034234524 862.012222290039 1059.79217529297 976.023303985596 702.78742980957 885.369256973267 869.86053276062 988.982803344727 958.909029960632 974.708084106445 1033.67328643799 1004.12366485596 858.75545501709 856.795190811157 921.516960144043 851.40404510498 -9999 -9999 -9999 -9999 -9999 -9999 -9999 -9999
679.599822998047 808.587699890137 770.851671218872 771.259476661682 654.632987976074 713.774303436279 679.897163391113 877.385588169098 901.115905761719 793.229187011719 884.92211151123 855.995315551758 634.223037719727 768.601821899414 876.551834106445 831.530513763428 831.956429958344 859.12636756897 867.457218170166 983.014961242676 915.796123504639 1113.47750854492 950.941323280334 1121.23122406006 1125.20388031006 933.206572532654 1147.54505157471 996.992803573608 924.118761062622 908.161912918091 827.32186126709 803.121253967285 912.577479362488 979.349998474121 951.892459869385 926.770431518555 917.474155426025 1097.23245239258 877.665552139282 1073.4366607666 843.822631835938 983.472918510437 -9999 -9999 -9999 -9999 -9999 -9999 -9999 -9999
724.973781585693 957.448059082031 853.933040618896 713.612659454346 1011.37886047363 668.052139282227 809.8743019104 695.925933837891 849.470991134644 690.76496887207 756.90283203125 872.556945800781 970.997608184814 800.838653564453 922.223545074463 899.41445350647 961.902496337891 877.2716588974 881.786506652832 851.53729057312 1077.3790435791 811.610563278198 852.006714820862 852.14200592041 858.629508972168 899.282066345215 1016.99263000488 1006.19639205933 1008.80737686157 1157.60954284668 961.423572540283 921.076383590698 677.902404785156 849.435531616211 1256.62073516846 1001.81717681885 894.508769989014 1019.61196708679 845.009094238281 905.775901794434 896.781120300293 993.713892936707 1025.69306182861 -9999 -9999 -9999 -9999 -9999 -9999 -9999
754.835918426514 752.892810821533 886.688564300537 721.536476135254 784.215802311897 870.7529296875 733.229312896729 684.618019104004 549.127288818359 674.475402832031 747.176338195801 907.930038452148 809.681610107422 819.432373046875 980.972770690918 1033.18710851669 924.889518737793 811.65510559082 1032.42142486572 1033.30491638184 809.468902587891 765.353443145752 901.98010635376 800.204708099365 868.839747428894 959.430168151855 908.094539642334 701.491363525391 963.053524017334 944.29065322876 937.194561004639 964.796546936035 845.45191192627 851.1240234375 1257.42960014939 1075.40818786621 1002.33396530151 951.831512451172 971.184495925903 843.210586547852 918.512420654297 943.240814208984 832.090057373047 -9999 -9999 -9999 -9999 -9999 -9999 -9999
1019.68016052246 907.204299926758 795.610446929932 684.219718933105 952.802886962891 733.284057617188 794.039381027222 801.620223045349 687.19588470459 874.069137573242 797.820728302002 934.614437103271 1066.80562210083 805.077682495117 773.209840893745 783.28592300415 813.319580078125 813.190765380859 967.151642799377 967.015501022339 912.793204784393 986.199420928955 1016.82263183594 877.175622940063 926.268466949463 895.248085021973 881.16362953186 691.543746948242 878.318230628967 804.925430297852 892.95287322998 922.444374084473 997.039887428284 822.987083435059 1216.18633270264 836.694366455078 939.360303878784 1049.7811164856 973.570070266724 924.090385437012 1059.70780181885 1028.67764663696 1046.19741439819 997.787704467773 -9999 -9999 -9999 -9999 -9999 -9999
