export/dem/dem52.asc
NCOLS 350
NROWS 171
XLLCORNER 152620
YLLCORNER 418050
CELLSIZE 100
NODATA_VALUE -9999
[rows 110 to 131 of 171, columns 300 to 349 of 350]
762.293236970901 950.255004882812 839.333662033081 687.472351074219 622.633651733398 974.46252822876 681.792495727539 901.421997070312 832.220489501953 674.227447509766 719.435165405273 613.204925537109 1585.36756896973 844.742431640625 611.109283447266 653.076232910156 1197.32012939453 599.203582763672 1067.05303192139 -9999 -9999 -9999 -9999 -9999 -9999 -9999 -9999 -9999 -9999 -9999 -9999 -9999 -9999 -9999 -9999 -9999 -9999 -9999 -9999 -9999 -9999 -9999 -9999 -9999 -9999 -9999 -9999 -9999 -9999 -9999
856.734039306641 726.627269744873 661.391830444336 693.30785369873 578.024444580078 720.193534851074 1156.67628479004 1314.29983520508 569.345062255859 696.627593994141 1260.99417114258 405.911071777344 932.293106079102 723.035942077637 748.591430664062 638.995544433594 699.790130615234 1139.61613464355 835.150543212891 -9999 -9999 -9999 -9999 -9999 -9999 -9999 -9999 -9999 -9999 -9999 -9999 -9999 -9999 -9999 -9999 -9999 -9999 -9999 -9999 -9999 -9999 -9999 -9999 -9999 -9999 -9999 -9999 -9999 -9999 -9999
867.799978017807 993.085517883301 1111.21421051025 795.811768531799 820.099018096924 584.312606811523 478.124862670898 819.917709350586 603.775177001953 1457.83865356445 925.08235168457 645.254653930664 772.237174987793 767.116607666016 757.126991271973 1204.4027557373 763.033340454102 954.278732299805 1543.09252929688 702.94970703125 -9999 -9999 -9999 -9999 -9999 -9999 -9999 -9999 -9999 -9999 -9999 -9999 -9999 -9999 -9999 -9999 -9999 -9999 -9999 -9999 -9999 -9999 -9999 -9999 -9999 -9999 -9999 -9999 -9999 -9999
956.200325012207 979.071105957031 949.186462402344 1016.603515625 866.197399139404 687.918304443359 723.006782531738 739.309448242188 771.349807739258 2122.25646972656 867.627025604248 726.122329711914 744.821014404297 1069.61584472656 1263.28454589844 1056.4006652832 1135.7647190094 818.568260192871 888.502288818359 1244.25672912598 1068.10131835938 -9999 -9999 -9999 -9999 -9999 -9999 -9999 -9999 -9999 -9999 -9999 -9999 -9999 -9999 -9999 -9999 -9999 -9999 -9999 -9999 -9999 -9999 -9999 -9999 -9999 -9999 -9999 -9999 -9999
815.635862350464 781.95959854126 972.275512695312 801.543981552124 695.664395809174 670.894104003906 666.955505371094 743.330780029297 661.95198059082 1171.72482299805 815.183486938477 954.48014831543 700.066558837891 696.202728271484 654.961624145508 758.333633422852 539.865875244141 733.630325317383 870.538604736328 801.124221801758 768.966781616211 -9999 -9999 -9999 -9999 -9999 -9999 -9999 -9999 -9999 -9999 -9999 -9999 -9999 -9999 -9999 -9999 -9999 -9999 -9999 -9999 -9999 -9999 -9999 -9999 -9999 -9999 -9999 -9999 -9999
825.801696777344 762.232368469238 598.270111083984 813.625762939453 933.337562561035 597.490859985352 796.00243473053 740.188461303711 634.811920166016 1027.94692993164 1109.72671508789 680.370330810547 609.003936767578 1246.80575561523 722.814041137695 663.659149169922 922.811340332031 719.748809814453 774.989273071289 678.05908203125 605.408813476562 622.087036132812 -9999 -9999 -9999 -9999 -9999 -9999 -9999 -9999 -9999 -9999 -9999 -9999 -9999 -9999 -9999 -9999 -9999 -9999 -9999 -9999 -9999 -9999 -9999 -9999 -9999 -9999 -9999 -9999
724.615943908691 653.100639343262 955.939128875732 1128.26041316986 809.556690216064 583.884506225586 1276.36035346985 592.273040771484 675.843673706055 1176.09387207031 1214.45617294312 1358.0113067627 851.053314208984 1129.08434295654 848.979084014893 806.058433532715 1245.09786987305 1172.2015838623 759.897537231445 739.915069580078 810.366088867188 751.295524597168 942.486389160156 -9999 -9999 -9999 -9999 -9999 -9999 -9999 -9999 -9999 -9999 -9999 -9999 -9999 -9999 -9999 -9999 -9999 -9999 -9999 -9999 -9999 -9999 -9999 -9999 -9999 -9999 -9999
797.961112976074 760.026763916016 884.898056030273 826.990127563477 1212.36280822754 1374.01425600052 571.844711303711 690.720111846924 657.349960327148 727.805152893066 815.332733154297 922.801706314087 1248.99247360229 1322.26321029663 986.494136810303 961.03125 1158.92010879517 922.029438018799 701.187515258789 602.760543823242 949.367794036865 757.556938171387 854.157363891602 -9999 -9999 -9999 -9999 -9999 -9999 -9999 -9999 -9999 -9999 -9999 -9999 -9999 -9999 -9999 -9999 -9999 -9999 -9999 -9999 -9999 -9999 -9999 -9999 -9999 -9999 -9999
756.446117401123 818.93238067627 685.857391357422 851.304187774658 992.025543689728 656.107604980469 694.692680358887 948.419063568115 680.89720916748 696.373596191406 845.551445007324 601.661460876465 872.903819322586 851.963863372803 978.121977567673 939.628105163574 670.999435424805 808.331356048584 920.905735015869 874.560386657715 835.331130981445 844.156986236572 874.724254608154 924.02787399292 -9999 -9999 -9999 -9999 -9999 -9999 -9999 -9999 -9999 -9999 -9999 -9999 -9999 -9999 -9999 -9999 -9999 -9999 -9999 -9999 -9999 -9999 -9999 -9999 -9999 -9999
982.120895385742 772.045825958252 682.208995819092 898.890235900879 1129.35424804688 607.059417724609 862.136436462402 639.502151489258 710.562694549561 610.915328979492 897.203905105591 880.660457372665 906.964405059814 1046.54996109009 1150.01155853271 893.231822013855 851.914794921875 912.991928100586 791.841773986816 824.983205318451 802.635847091675 1023.67016601562 1071.43940734863 1044.83828735352 957.151786804199 -9999 -9999 -9999 -9999 -9999 -9999 -9999 -9999 -9999 -9999 -9999 -9999 -9999 -9999 -9999 -9999 -9999 -9999 -9999 -9999 -9999 -9999 -9999 -9999 -9999
1333.00285339355 1627.9375 1048.26784515381 1102.57905578613 1210.65110015869 968.725708007812 756.690509796143 721.066093444824 734.08292388916 1282.35485839844 787.52357339859 832.067680358887 714.020515441895 1061.06850814819 954.027526855469 1668.5726776123 618.685028076172 942.57536315918 1029.55683898926 808.211132049561 689.658660888672 825.349842071533 849.73072052002 907.582372665405 821.155952453613 993.397514343262 -9999 -9999 -9999 -9999 -9999 -9999 -9999 -9999 -9999 -9999 -9999 -9999 -9999 -9999 -9999 -9999 -9999 -9999 -9999 -9999 -9999 -9999 -9999 -9999
997.094367980957 898.116174697876 1322.0654258728 859.990699768066 1351.28700447083 1599.72459602356 996.459136962891 920.946345500648 845.525066375732 833.412094116211 754.469688415527 631.976043701172 903.17325592041 700.261299133301 1106.34926223755 985.246810913086 738.232559204102 831.530251979828 784.734668731689 819.856990814209 923.735092163086 834.947536468506 852.26639175415 769.034683227539 780.812919616699 844.436294555664 -9999 -9999 -9999 -9999 -9999 -9999 -9999 -9999 -9999 -9999 -9999 -9999 -9999 -9999 -9999 -9999 -9999 -9999 -9999 -9999 -9999 -9999 -9999 -9999
1014.85973739624 1010.16533088684 1208.53118896484 910.487594604492 1144.88013648987 1566.00584411621 1571.82329559326 1127.25186538696 1095.05137252808 1263.97606098652 992.736930847168 882.555113315582 918.554412841797 835.118787765503 815.260387420654 765.033388137817 732.938945770264 765.98468208313 952.486228942871 760.729553222656 849.259124755859 626.448837280273 708.130851745605 877.537948608398 844.393837928772 1002.07318878174 881.563679695129 -9999 -9999 -9999 -9999 -9999 -9999 -9999 -9999 -9999 -9999 -9999 -9999 -9999 -9999 -9999 -9999 -9999 -9999 -9999 -9999 -9999 -9999 -9999
1240.17435455322 1060.30778503418 1008.82878112793 1091.29339599609 904.498861312866 1352.25583648682 1509.65927696228 1097.81073760986 1091.68962860107 1027.02606964111 858.878551483154 756.971797943115 923.035800933838 779.325256347656 783.508865356445 848.18577671051 761.978302001953 676.950355529785 897.022514343262 840.380048751831 839.108509063721 725.326477050781 849.775077819824 703.702514648438 660.927688598633 844.136484861374 654.604278564453 798.779335021973 -9999 -9999 -9999 -9999 -9999 -9999 -9999 -9999 -9999 -9999 -9999 -9999 -9999 -9999 -9999 -9999 -9999 -9999 -9999 -9999 -9999 -9999
982.390050888062 1089.8758392334 945.102672576904 1070.83322906494 1002.14324474335 1155.9022102356 1538.63406944275 1200.91886901855 1152.64019775391 758.858024597168 774.148773193359 798.463418960571 909.245750427246 866.92147064209 767.912730813026 727.21012878418 945.649032592773 772.196559906006 766.422416687012 645.953598022461 741.061412811279 715.352531433105 584.12109375 587.131271362305 777.930767059326 820.931253433228 860.423504829407 919.97053527832 933.299396514893 -9999 -9999 -9999 -9999 -9999 -9999 -9999 -9999 -9999 -9999 -9999 -9999 -9999 -9999 -9999 -9999 -9999 -9999 -9999 -9999 -9999
1087.72660827637 869.797518253326 1044.88188171387 1163.77806854248 1758.11959838867 1156.04615783691 1189.70287513733 1221.08670043945 845.011741638184 727.657905578613 836.447750091553 860.194232940674 765.374401092529 838.004367828369 808.937608718872 957.126892089844 791.833711624146 824.69903755188 926.172286987305 748.353286743164 833.18522644043 591.984954833984 648.405517578125 713.211242675781 618.750061035156 659.10676574707 701.207458496094 744.454086303711 1001.18858337402 -9999 -9999 -9999 -9999 -9999 -9999 -9999 -9999 -9999 -9999 -9999 -9999 -9999 -9999 -9999 -9999 -9999 -9999 -9999 -9999 -9999
1154.02601623535 910.137420654297 1420.52466201782 1376.95251005888 1131.13608169556 1181.55763244629 1629.50497436523 1087.25899505615 1316.01827764511 946.561515808105 760.305244445801 800.480318069458 918.927406311035 677.70743560791 770.681537628174 775.49373626709 791.483489990234 927.187004089355 822.39831161499 658.491806030273 839.845686912537 761.70040512085 594.444839477539 733.449287414551 624.743728637695 834.858759880066 829.983352661133 939.719207763672 823.252830505371 783.265602111816 -9999 -9999 -9999 -9999 -9999 -9999 -9999 -9999 -9999 -9999 -9999 -9999 -9999 -9999 -9999 -9999 -9999 -9999 -9999 -9999
921.323772907257 915.308326721191 1019.33815765381 1541.24775695801 2026.47953414917 1327.44934082031 1275.12931060791 1152.73163604736 1368.22269439697 1156.60830688477 805.337902069092 755.866683959961 777.579216003418 777.534454345703 816.157123565674 736.05744934082 765.630897521973 629.280853271484 867.853530883789 650.649261474609 625.829010009766 821.970355987549 749.135437011719 546.276153564453 762.719699859619 747.351333618164 797.142597198486 898.726383209229 851.28768157959 801.950241088867 878.907234191895 -9999 -9999 -9999 -9999 -9999 -9999 -9999 -9999 -9999 -9999 -9999 -9999 -9999 -9999 -9999 -9999 -9999 -9999 -9999
957.165077209473 920.31761932373 947.49453163147 1448.36720275879 1641.49899291992 1510.80992126465 1643.15751647949 1183.94663619995 1018.02548217773 1168.17590332031 1134.03958129883 834.134826660156 966.837398529053 880.838836669922 767.956050872803 707.01473236084 784.928859710693 765.043830871582 692.296287536621 740.932174682617 763.705423355103 706.141876220703 667.77033996582 902.916435241699 917.24690246582 847.496730804443 651.033187866211 877.538834571838 899.256551742554 858.813440322876 814.368985414505 -9999 -9999 -9999 -9999 -9999 -9999 -9999 -9999 -9999 -9999 -9999 -9999 -9999 -9999 -9999 -9999 -9999 -9999 -9999
1161.86699676514 780.197143554688 844.473121643066 1395.41374897957 1164.41205596924 1573.8550567627 1428.01995849609 1200.55398464203 1811.50453186035 1389.71390247345 1218.48065185547 1107.02976226807 1050.30648040771 1624.44717407227 1218.92574310303 934.208995819092 724.255111694336 938.789436340332 818.823855638504 814.892931461334 850.597337722778 902.106081962585 901.873794555664 718.850662231445 754.042594909668 766.389938354492 883.4482421875 856.716825485229 745.780044555664 789.332855224609 763.378593444824 865.089988708496 -9999 -9999 -9999 -9999 -9999 -9999 -9999 -9999 -9999 -9999 -9999 -9999 -9999 -9999 -9999 -9999 -9999 -9999
1116.88475847244 1081.14022064209 903.604385375977 1049.25883865356 827.579025268555 1332.29141998291 1746.42318725586 1470.78590393066 1332.72507476807 1470.79957580566 1441.97695922852 1063.09531545639 1033.37787628174 1393.45270824432 953.960397720337 1040.24109554291 1004.51708221436 806.769574165344 809.394523620605 911.616889953613 814.135940551758 798.095607757568 788.231400489807 967.271286010742 764.640068054199 789.433494567871 807.253051757812 814.265502929688 864.204681396484 687.685615539551 839.118350982666 838.9289894104 815.689033508301 -9999 -9999 -9999 -9999 -9999 -9999 -9999 -9999 -9999 -9999 -9999 -9999 -9999 -9999 -9999 -9999 -9999
870.065671443939 872.375640869141 1277.38862609863 1024.72365570068 815.993396759033 1226.79922485352 1368.32281494141 1154.9073638916 1357.62342071533 1496.73457336426 1338.1593170166 1088.43220329285 1120.09418869019 1068.16953277588 1055.31846618652 1063.95220947266 1141.64100646973 810.75559425354 920.338806152344 931.990226745605 831.046253204346 878.865135192871 796.314239501953 970.350898742676 1034.24324798584 712.42106628418 905.745975494385 853.467296600342 990.785743713379 774.91633605957 834.598461151123 889.947731018066 901.161184310913 -9999 -9999 -9999 -9999 -9999 -9999 -9999 -9999 -9999 -9999 -9999 -9999 -9999 -9999 -9999 -9999 -9999
