export/dem/dem51.asc
NCOLS 350
NROWS 171
XLLCORNER 152620
YLLCORNER 418050
CELLSIZE 100
NODATA_VALUE -9999
[rows 66 to 87 of 171, columns 150 to 199 of 350]
481.969345092773 586.870456695557 551.927692651749 482.057441711426 422.078826904297 641.408203125 607.246398925781 646.217468261719 563.751475334167 485.68083190918 436.459411621094 408.015426635742 519.53296661377 600.385406494141 520.799386978149 475.330543518066 534.091835021973 495.688972473145 458.665802001953 541.063695907593 566.571027755737 518.736057281494 624.310546875 484.701721191406 722.88330078125 548.761714935303 627.365604400635 677.309532165527 626.10355758667 741.232620239258 717.569175720215 700.588752746582 638.711574554443 615.625844955444 686.517623901367 718.422973632812 617.789967060089 589.955066680908 705.686744689941 609.750402927399 671.320831298828 636.947230815887 682.417205810547 721.553146362305 602.524154663086 679.145614624023 600.216514587402 648.819557189941 653.954524993896 713.977527618408
475.199924468994 515.916332244873 393.083831787109 577.19743347168 409.598770141602 584.934005737305 689.22135925293 626.963333129883 493.426807403564 510.416725158691 321.19401550293 547.429344177246 297.919311523438 528.586978912354 530.400707244873 547.395832061768 386.532012939453 569.059875011444 537.872226715088 553.160187244415 673.826652526855 544.560760498047 643.920860290527 504.235355377197 584.490654945374 477.718437194824 617.416465759277 831.866607666016 671.590957641602 610.82413315773 746.130798339844 692.620300292969 594.733445763588 648.872505187988 729.402130126953 720.096984863281 854.749206542969 720.820755004883 614.418097496033 628.095706939697 656.289333343506 701.431648254395 605.56529045105 583.73796081543 704.395973205566 721.14981842041 803.591201782227 752.188003540039 681.822666168213 745.533088684082
719.149765014648 425.459205627441 568.438866615295 558.04839515686 500.462448120117 399.868759155273 527.866075515747 459.561744689941 578.839904785156 704.585914611816 510.092926025391 502.942783355713 427.8466796875 577.639956086874 563.955411911011 508.379165649414 461.998176574707 568.538442373276 616.486351013184 651.298828125 600.648509979248 722.489807128906 615.836135864258 557.504089832306 619.09375333786 518.292739868164 530.367515563965 750.895233154297 711.285545349121 796.857223510742 669.426788330078 637.571355819702 747.012283325195 760.659515380859 728.628005981445 852.296081542969 707.88459777832 756.437973022461 613.378475189209 569.545492172241 536.928428649902 634.964033126831 726.078010559082 714.792133331299 571.172430038452 774.089378356934 790.55908203125 628.335952281952 708.295600891113 645.248905181885
436.788116455078 517.50186920166 601.760704040527 630.020092010498 548.640959262848 408.838165283203 601.636302947998 629.405418395996 678.355880737305 579.91686630249 668.55313873291 604.012599945068 647.139457702637 636.039237976074 667.732688903809 590.188117980957 435.478515625 608.109928131104 486.362480163574 475.502349853516 553.639429092407 645.668605804443 545.574197769165 787.772033691406 574.177146911621 588.700096130371 632.27152633667 636.883720397949 735.203720092773 748.81999206543 674.89421081543 684.631843566895 747.874694824219 720.153686523438 647.14330291748 695.591125488281 631.770488739014 576.538509368896 586.502742767334 429.802032470703 547.287136077881 832.084869384766 689.338356018066 658.195810317993 725.909339904785 744.107574462891 703.749206542969 708.181709289551 594.241746902466 652.306674957275
492.019950866699 421.002700805664 583.540044784546 566.014278411865 476.907531738281 540.03986120224 598.421821594238 383.537292480469 498.389751434326 709.455184936523 606.301788330078 703.05436706543 638.960182189941 699.803817749023 542.54065990448 544.04310798645 413.238342285156 587.956254959106 646.238227844238 551.342575073242 680.668121337891 631.841228485107 629.223640441895 543.324256896973 749.836608886719 603.674452781677 634.585189819336 659.985328674316 596.550020217896 771.552062988281 665.859100341797 675.75602722168 637.360771179199 592.931666851044 644.82710647583 719.552978515625 559.745792388916 578.899648666382 520.466941833496 557.895347595215 602.960691463202 582.382375717163 705.818099975586 523.033599853516 568.750198364258 773.427558898926 689.277063369751 656.997578144073 671.982219696045 545.456985473633
446.395057678223 423.606735229492 434.249923706055 499.424617767334 516.176961898804 508.958282470703 566.059017181396 608.262111663818 570.676467895508 501.572536468506 681.992401123047 609.87576675415 613.125648498535 681.892578125 606.967834472656 548.233085632324 565.776924133301 652.533401489258 529.833812713623 700.337173461914 679.770057678223 653.025726318359 699.349533081055 618.289668083191 605.045442581177 608.249382972717 729.162086486816 588.938957214355 725.190483093262 707.332252502441 632.784429550171 626.208560943604 758.779418945312 686.985977172852 755.275802612305 541.716064453125 544.568710327148 591.896062612534 516.569610595703 717.901298522949 675.904907226562 537.759788513184 610.15315747261 530.246166229248 644.680023193359 627.046600341797 699.591819763184 586.322113037109 518.453804016113 557.547821044922
529.07138299942 461.013664245605 505.466682434082 466.280502319336 590.648937225342 588.6852684021 451.591918945312 505.026462554932 468.879974365234 417.939971923828 727.102432250977 680.832054138184 619.789962768555 452.204032897949 500.016548156738 695.766708374023 557.159117698669 597.015092849731 509.549125671387 559.465824127197 560.132961273193 640.00923538208 533.555885314941 611.256769180298 575.686283111572 598.562978982925 619.705458641052 508.644676208496 618.085460662842 730.495223999023 547.007570266724 767.329147338867 557.783994674683 569.608975768089 646.072135925293 653.191097259521 641.701064109802 562.503797531128 501.277404785156 537.755487442017 667.342472076416 588.284994125366 641.01477432251 686.855049133301 675.691116333008 556.321746826172 608.012999534607 641.643026351929 660.102058410645 672.053140640259
531.953880310059 651.859085083008 470.102890014648 628.995918273926 559.662590026855 580.801933288574 488.489898681641 528.64931678772 624.649848937988 586.658107757568 531.204206466675 618.691101074219 552.493507623672 625.531032562256 587.505481719971 637.753471374512 720.758590698242 579.724905014038 615.961689949036 629.164488792419 726.883689880371 606.625619888306 715.391983032227 530.209045410156 485.586647033691 606.331706225872 501.737167358398 547.921310424805 607.271680831909 548.108135223389 633.093597412109 699.25407409668 766.813507080078 650.238773345947 550.447650909424 680.768859863281 518.939491271973 608.263816833496 443.73844909668 423.108413696289 696.887435913086 651.798690795898 697.899139404297 664.257751464844 695.143707275391 771.185943603516 528.605094909668 582.853085756302 576.597263336182 568.701644897461
591.25634765625 481.722808837891 561.212254524231 510.435829162598 458.636932373047 487.303932189941 544.243116378784 538.493421554565 517.785320281982 541.769508361816 605.061309814453 553.532281279564 575.034653663635 584.760347366333 494.748031616211 602.571521759033 378.774017333984 456.358428955078 656.337169647217 535.132781982422 733.614547729492 655.276302337646 739.174194335938 664.233665466309 574.568647384644 522.045936584473 649.306610107422 700.354270935059 631.164691925049 502.20142364502 512.577156066895 553.764797210693 524.602394104004 660.338409423828 663.071411132812 504.843872070312 679.872207641602 563.156764984131 620.041593551636 620.238010406494 765.377975463867 617.786624908447 629.263036727905 727.544204711914 638.140548706055 551.090400695801 562.005783081055 493.005180358887 452.15673828125 486.419906616211
809.546351909637 629.416091918945 605.242546081543 634.703773498535 606.085697174072 592.288516998291 679.128875732422 514.471569061279 525.950756072998 521.057697296143 555.932891845703 503.217826843262 480.24552154541 544.613479614258 500.127105712891 500.730278015137 529.602149963379 567.805564880371 546.667655944824 557.240020751953 669.52534866333 558.145389556885 601.017555236816 608.924209117889 741.709762573242 591.97412109375 725.25171661377 608.210449695587 447.173431396484 682.708831787109 416.078521728516 538.025859832764 554.10789680481 466.177688598633 776.113052368164 653.325756072998 626.462852478027 608.630746841431 613.893613815308 627.951885223389 792.714859008789 721.605453491211 701.185966491699 494.462707519531 506.388214111328 568.869491577148 439.200881958008 516.184982299805 571.326433181763 562.430519104004
706.47448348999 661.853077411652 708.054382324219 1045.03296661377 452.278533935547 557.624217510223 695.716735839844 754.396789550781 494.024215698242 591.106245040894 619.18815612793 515.045722961426 667.736740112305 677.965286254883 648.883235931396 556.729629516602 669.060260772705 576.134689331055 700.260238647461 703.759078979492 786.087005615234 649.950184106827 652.289522647858 556.911125183105 662.339809417725 581.242876052856 485.433712005615 612.453276634216 630.412318229675 613.073625564575 489.412689208984 613.366485595703 535.08243560791 503.411880493164 706.479263305664 620.539443969727 490.653106689453 644.629199981689 513.808670043945 523.804058074951 613.45726776123 623.747964859009 564.760028839111 607.107326507568 761.403686523438 655.89538192749 525.849502563477 636.652500152588 553.714626312256 471.841506958008
582.452737808228 601.339172363281 587.838165283203 585.057369232178 577.719541549683 651.678760528564 664.242065429688 708.974838256836 484.727813720703 569.708101272583 483.712059020996 583.462042808533 525.779556274414 619.398658752441 587.374866485596 524.260429382324 554.59839630127 615.304180145264 674.365432739258 608.775016784668 599.063606262207 699.762107849121 761.106781005859 735.578132629395 602.213607788086 571.177154541016 684.677501678467 572.111000061035 659.852348327637 628.02080821991 705.580604553223 527.743026733398 620.611753463745 556.755485534668 654.14758682251 607.020671844482 680.039237976074 600.504814147949 747.469329833984 514.000503540039 502.116806030273 655.903190612793 672.962348937988 535.084281921387 728.887252807617 524.84440612793 501.94303894043 695.524322509766 576.131441116333 574.18004989624
528.4016456604 588.073179244995 591.411575317383 828.870849609375 720.268356323242 579.671526908875 441.054306030273 630.818515777588 643.082908630371 583.054616928101 464.096641540527 528.7663230896 699.156471252441 417.065643310547 586.945749282837 471.44645690918 565.656566619873 701.4833984375 732.72240447998 650.550800323486 760.104537963867 614.722620248795 542.609268188477 416.06982421875 541.814746856689 433.340957641602 562.414535522461 618.233528137207 602.165330886841 487.969161987305 523.0703125 543.194854736328 684.732757568359 526.448272705078 676.65873336792 472.580276489258 637.990558624268 574.528803825378 514.992935180664 521.335983276367 548.846603393555 645.62121963501 455.659088134766 584.945885658264 587.302883863449 628.22562789917 639.058361053467 597.682747364044 619.951113939285 705.388488769531
584.287824630737 353.159553527832 565.165897369385 723.97013092041 734.864280700684 614.828414916992 724.002105712891 637.653209686279 689.760734558105 666.102388381958 485.942535400391 503.682716369629 495.584564208984 587.934796333313 924.447799682617 596.003967285156 678.33166885376 622.909790039062 612.433654785156 622.130511283875 605.445301055908 661.172801971436 605.454003810883 367.965026855469 551.265235900879 533.498046875 665.012073516846 673.875699996948 660.443315505981 665.319393157959 655.654928207397 617.624271392822 733.717071533203 599.451637268066 653.321933746338 560.185150146484 563.292503356934 591.349941432476 627.060886383057 602.742718219757 631.567111968994 739.135704040527 774.584091186523 840.349426269531 652.382225036621 568.828117370605 539.497619628906 662.382629394531 689.984092712402 559.502113342285
508.073421478271 338.284149169922 372.050903320312 591.758148193359 590.807270050049 647.350090026855 625.315299987793 660.3193359375 638.537617683411 686.339382171631 569.916912078857 651.219825744629 632.995471954346 878.187803268433 806.507186889648 470.34684753418 676.438272476196 620.74836730957 648.283699035645 671.769989013672 662.834074020386 675.807125091553 810.336090087891 701.716781616211 584.359065055847 542.492538452148 708.024681091309 754.130317687988 738.332023620605 581.196071624756 673.426277160645 647.971333503723 721.800628662109 764.73641204834 639.794148445129 678.781799316406 503.342178344727 611.260078430176 677.323799133301 370.572509765625 592.038877487183 686.865943908691 655.314186096191 731.422142028809 759.387710571289 643.170866966248 752.167762756348 667.383319854736 580.073486328125 552.121715545654
625.122407913208 816.873931884766 525.075750142336 898.884878873825 697.254392623901 858.564010620117 838.743240356445 531.91880273819 649.425930023193 650.654261946678 644.595066070557 995.232698440552 694.884056091309 877.065856933594 1007.06483459473 685.039151668549 825.203475952148 763.345199584961 725.101568222046 619.391151428223 670.08148765564 526.452018737793 567.214876174927 517.251178741455 815.050369262695 725.700263977051 788.978729248047 837.111297607422 794.904266357422 760.06982421875 698.823738098145 603.143653869629 719.27872467041 702.61792755127 504.453475952148 763.328681945801 559.623710632324 573.407691955566 564.512565612793 584.42465877533 629.648315429688 541.46671295166 649.040920257568 724.078941345215 824.538696289062 654.959100723267 707.448959350586 633.509809494019 582.680076599121 690.628604888916
621.21114730835 642.738250732422 431.442916870117 859.777149200439 887.738731384277 814.377094268799 819.007923126221 861.584079742432 674.631946563721 1073.65427017212 632.966953277588 419.656158447266 554.076103210449 597.781222343445 586.049566268921 632.690456390381 525.618095397949 614.790328979492 831.414373397827 741.508327484131 641.223717689514 665.583400726318 694.461791992188 704.919502258301 725.146018981934 771.172370910645 755.430740356445 529.868995666504 703.675800323486 584.56175994873 606.654623031616 581.663822174072 601.447736740112 634.131605148315 637.251299858093 668.374252319336 750.587844848633 680.845330238342 620.371807098389 515.03311920166 521.59375 637.21459197998 625.700620651245 634.524615883827 721.56925201416 630.20191860199 820.817184448242 686.681648254395 615.033714294434 741.600509643555
665.68286895752 590.733402252197 518.404651641846 460.023853302002 722.870269775391 674.680288314819 568.808591365814 738.598220825195 613.94401717186 916.100684642792 325.037124633789 405.720649719238 469.760852813721 300.404067993164 315.240005493164 439.685764312744 620.526454925537 588.068733215332 528.523223876953 917.588005065918 617.861011505127 488.279071807861 571.803550720215 566.794642448425 724.35319519043 743.555557250977 774.329406738281 637.475654602051 741.190238952637 491.15803527832 540.105140686035 644.455205917358 527.003433227539 648.890134811401 529.293479919434 629.035158157349 646.038482666016 528.595916748047 579.281076431274 729.420021057129 691.346549987793 507.276397705078 544.349128723145 729.937759399414 763.922233581543 718.687774658203 669.468000411987 691.058364868164 668.522562503815 632.822561264038
569.206733703613 761.547943115234 474.434678673744 438.754190444946 377.949686050415 623.455581665039 401.852394104004 673.336906433105 631.164845466614 618.991616249084 589.146900177002 588.020893573761 531.387191772461 467.291625976562 700.807964324951 573.943683624268 539.360523223877 512.005885124207 532.543598175049 940.31702709198 704.68692445755 496.12873840332 877.221446037292 768.040321350098 564.408416748047 732.998180389404 685.950800895691 643.723297119141 657.835607528687 582.642688751221 536.374938964844 663.433959960938 703.927284240723 597.19779586792 663.221361160278 759.784576416016 739.28653717041 823.797607421875 628.529346466064 557.056636810303 591.139575958252 667.010456085205 635.201707363129 644.743900299072 496.294967651367 583.271614074707 907.605072021484 935.635223388672 815.193664550781 577.650993347168
603.393371582031 491.869371414185 637.311290740967 743.425811767578 734.815376281738 571.555792808533 632.541107177734 594.298122406006 679.40990447998 716.804061889648 717.187109470367 543.128067016602 693.071739196777 676.807136535645 762.394876480103 665.230514526367 754.61669921875 535.308258056641 709.297584533691 813.247421264648 660.546764373779 450.411209106445 683.765100479126 563.98250579834 1145.67797851562 862.10237121582 797.939605712891 788.915325164795 671.265777587891 473.853652954102 502.334054946899 530.023750305176 709.4876537323 757.824745178223 669.353164672852 567.495796203613 682.977649688721 464.083190917969 531.067054748535 649.808403015137 551.968605041504 497.829650878906 671.464840888977 655.955594062805 636.945978164673 685.274345397949 722.845001220703 729.500617980957 722.645580291748 723.671092987061
639.50846862793 658.506042480469 763.984554290771 959.744812011719 -9999 -9999 -9999 -9999 -9999 -9999 -9999 -9999 -9999 -9999 -9999 754.341482162476 764.474990844727 647.926315307617 621.566650390625 629.966809868813 561.044540405273 641.569515347481 656.347072601318 461.53148651123 672.185138702393 547.487380981445 904.526947021484 793.054237365723 636.396369934082 1051.51432037354 391.605529785156 511.554626464844 639.998783111572 823.160949707031 609.089920043945 641.614628791809 677.678527832031 653.083375930786 556.561378479004 656.783876419067 557.198234558105 664.610420227051 564.73900604248 664.995069503784 736.924392700195 792.20760345459 850.688858032227 607.295230865479 750.972320556641 653.38969039917
-9999 -9999 -9999 -9999 -9999 -9999 -9999 -9999 -9999 -9999 -9999 -9999 -9999 -9999 -9999 -9999 -9999 -9999 800.897827148438 675.688663482666 753.69903755188 582.419311523438 787.256359100342 726.397979736328 594.92772436142 561.702259063721 693.26808142662 604.779312133789 718.533164978027 509.70979309082 560.448599815369 1000.80690765381 630.355701446533 628.942016601562 686.082782745361 664.592496871948 661.032768249512 600.809986114502 636.963178157806 571.000213623047 604.144119262695 717.036792755127 516.751678466797 515.406951904297 711.516296386719 649.505188941956 661.983394622803 775.480583190918 785.130989074707 591.734504699707
