export/dem/dem53.asc
NCOLS 350
NROWS 171
XLLCORNER 152620
YLLCORNER 418050
CELLSIZE 100
NODATA_VALUE -9999
[rows 66 to 87 of 171, columns 150 to 199 of 350]
570.031282424927 577.925369262695 562.522227287292 435.282539367676 584.334836959839 460.557594299316 500.719696044922 448.875541687012 512.08268737793 663.569747924805 531.21533203125 446.578720092773 536.815090179443 484.104995727539 513.710186004639 495.684425354004 589.327234268188 583.891412734985 568.121717453003 525.520259857178 645.412239074707 659.794830322266 668.87425994873 518.597297668457 512.526710510254 538.444366455078 597.377479553223 662.195495605469 509.876403808594 533.09757232666 559.054302215576 473.798568725586 527.037403106689 642.011253356934 552.160026550293 605.2926902771 652.485935211182 568.115589141846 527.06273651123 574.583744049072 543.740695953369 688.367568969727 442.585494995117 575.806449890137 588.630313873291 678.212146759033 724.88200378418 667.217693328857 564.71223449707 604.440391540527
498.720676422119 519.318153381348 420.280715942383 349.675567626953 342.966873168945 502.294525146484 449.475006103516 362.367401123047 413.956253051758 480.120040893555 476.293823242188 595.822467803955 374.280731201172 634.622203826904 501.426517486572 580.809194564819 672.88272857666 569.383813142776 706.370010375977 532.27555847168 445.153625488281 570.895506858826 594.989894866943 410.069091796875 430.649353027344 563.348968505859 663.331192016602 520.581340789795 439.367782592773 626.833667755127 527.217842102051 500.552101135254 607.422604560852 464.854919433594 666.895706176758 587.875196456909 588.030733108521 783.40283203125 556.112258911133 597.615493953228 716.750755310059 684.607627868652 486.639801025391 626.316282272339 646.582955360413 673.879959106445 604.072105407715 707.369853973389 582.399345397949 726.029388427734
425.884674072266 490.732730865479 448.953956604004 516.130752563477 368.339492797852 420.825729370117 485.902763366699 701.597961425781 453.290603637695 516.624771118164 599.52222442627 470.48819732666 497.665885925293 666.99951171875 566.151744365692 441.938659667969 486.499732971191 527.340362548828 433.00666809082 452.558654785156 539.265674591064 730.872924804688 569.534774780273 389.192276000977 519.93302154541 576.858778953552 443.650680541992 536.288970947266 495.561363220215 596.057089805603 566.468370437622 591.00244140625 572.011343002319 405.597396850586 573.824783325195 616.390419006348 524.337760925293 742.733840942383 636.4091796875 553.283279895782 567.137069702148 642.248355865479 672.895084381104 596.623336791992 542.540260314941 597.296691894531 745.961044311523 675.018878936768 719.787956237793 553.392631530762
502.124404907227 354.341613769531 404.551391601562 572.61548614502 462.793983459473 501.556678771973 476.347198486328 525.979187011719 666.712364196777 587.382599830627 366.462783813477 557.132764816284 528.840564727783 532.780164718628 396.67431640625 453.848251342773 613.889022827148 456.036109924316 636.709403991699 449.836929321289 488.446815490723 497.147277832031 471.691062927246 455.18489074707 427.549865722656 552.515623092651 483.24781036377 485.60498046875 601.377738952637 568.811218261719 562.126607894897 636.650390625 617.714128494263 551.263523101807 541.190795898438 671.332443237305 528.204765319824 567.243041992188 690.048805236816 591.786358833313 691.342567443848 619.737203598022 596.845569610596 683.146308898926 556.914253234863 529.697158813477 699.311538696289 715.685325622559 763.843383789062 517.086715698242
538.812522888184 479.802375793457 539.547180175781 258.599975585938 438.35277557373 383.375595092773 494.920562744141 427.994895935059 563.341033935547 427.764877319336 391.329528808594 442.114501953125 578.895072937012 542.511539459229 494.974700927734 665.827774047852 663.808143615723 712.109176635742 540.479915618896 526.115222930908 512.878746032715 530.38846206665 639.011463165283 634.650089263916 620.737878799438 513.030624389648 542.742753982544 689.304504394531 527.323760986328 826.089996337891 492.082870483398 675.20369720459 595.811462402344 589.137240290642 492.246231079102 679.953079223633 524.847099304199 594.781606674194 612.60613822937 701.701942443848 543.151531219482 524.341026306152 491.5947265625 640.085842132568 671.571758270264 640.77478313446 733.126953125 691.511316299438 821.999572753906 615.326625823975
596.040813446045 647.463531494141 470.559585571289 285.162353515625 395.340179443359 481.211570739746 427.827125549316 670.597427368164 605.295059204102 470.443504333496 658.220680236816 633.343162536621 466.178955078125 595.856452941895 490.331596374512 621.180271148682 618.708820343018 656.855178833008 540.935134887695 538.357215881348 545.773517608643 512.116203308105 442.731414794922 648.82173538208 367.441101074219 717.431518554688 544.46671295166 544.109851837158 614.722975730896 500.470588684082 586.808560371399 534.68998336792 551.630310058594 503.18790435791 604.681290388107 557.959363937378 750.03596496582 641.36661529541 591.15651512146 648.138525009155 694.708808898926 647.566932678223 519.987335205078 547.771068572998 713.354721069336 525.189262390137 667.633773803711 775.809722900391 619.747945308685 508.370056152344
358.297744750977 511.934488296509 459.434730529785 470.868824005127 526.461200714111 370.696258544922 678.908020019531 610.655967712402 637.569427490234 614.690082550049 551.233381748199 529.772006988525 685.876220703125 617.465545654297 579.159627914429 635.615005493164 604.537261962891 596.649027824402 570.749296188354 703.352256774902 697.085647583008 697.174125671387 574.531324386597 584.63681602478 705.762176513672 520.587783813477 681.453659057617 545.434242248535 654.68924331665 584.790496826172 664.976432800293 695.003547668457 597.491455078125 644.851577758789 549.424060821533 858.260055541992 724.730598449707 681.095993041992 661.785186767578 430.689727783203 401.449951171875 433.933227539062 515.679870605469 601.326953172684 630.379539489746 623.730199813843 740.864593505859 652.628582000732 555.360450744629 760.900192260742
609.16423034668 464.49104309082 411.918434143066 470.914245605469 520.517677307129 552.339979410172 713.184280395508 623.36311340332 598.875686645508 608.176086425781 709.438674926758 514.730186462402 666.36376953125 541.081438064575 649.57120513916 629.083976745605 659.226005554199 636.217098236084 541.26842880249 658.387496948242 655.304153442383 536.318252563477 500.040924072266 526.149299621582 417.511016845703 776.224609375 683.683059692383 646.839195251465 612.605819702148 583.023490905762 597.159860134125 501.574028015137 490.107612609863 617.592575073242 669.444633483887 568.974327087402 591.981068611145 701.884063720703 582.544476509094 587.596725940704 460.191848754883 476.180885314941 529.420913696289 546.310138702393 599.850685596466 606.007326126099 500.203094482422 633.500106811523 591.494209289551 578.936721801758
680.830879211426 415.0927734375 498.657241821289 576.882172584534 532.93355178833 643.491226196289 544.532819747925 582.176557540894 777.988098144531 774.874694824219 655.305992126465 472.975547790527 635.175506591797 708.272689819336 628.511768341064 566.176988601685 690.921836853027 699.210388183594 774.607238769531 601.295487374067 560.662338256836 722.366104125977 626.004975318909 622.54164981842 560.033023834229 601.035221397877 668.113636016846 650.099393844604 607.323616027832 627.723522186279 616.220819473267 548.678630828857 547.081985473633 600.089981079102 554.648014068604 631.874645233154 648.713066101074 652.851345062256 759.180358886719 516.905372619629 691.958564758301 662.11799621582 574.566509246826 606.928579330444 597.721577525139 559.750297546387 497.250907897949 579.755884170532 553.805603027344 635.529481887817
743.574356079102 522.219528198242 621.302448272705 443.452972412109 582.444290161133 484.670318603516 550.346975564957 689.036026000977 589.003204345703 677.828140258789 614.134189605713 560.388619422913 651.882453918457 719.16130065918 679.859268188477 613.090043067932 731.893928527832 625.806903839111 683.477699279785 505.499710083008 610.916550159454 585.783761978149 635.675621032715 517.127319335938 701.881474494934 554.647327423096 564.097434997559 614.987615585327 552.450500488281 469.656280517578 508.321640014648 652.327339172363 603.855802536011 697.781982421875 517.722717285156 435.640243530273 548.873352050781 528.194332122803 610.183012008667 590.097905397415 803.214096069336 685.451644897461 670.589233398438 442.944091796875 549.484039306641 625.531448364258 742.601974487305 683.876373291016 412.328765869141 435.99967956543
500.538726806641 670.27575302124 683.025344848633 925.560561180115 570.632307052612 529.458316802979 582.927870750427 653.244575500488 630.357387542725 623.388679504395 407.602752685547 585.545093536377 544.636852264404 648.280742645264 812.923568725586 570.173118591309 589.491458892822 753.506690979004 629.573623657227 651.905797958374 537.645034790039 594.978893280029 641.09003162384 663.336074829102 782.411666870117 529.436218261719 511.80668258667 632.730725288391 646.109884262085 755.782745361328 566.111822128296 577.877924919128 472.810203552246 461.262214660645 563.178667068481 637.243461608887 507.89852142334 594.01793718338 603.440752029419 489.800453186035 582.59969329834 461.140670776367 699.607765197754 641.30578994751 554.469253540039 606.421133995056 607.418889045715 382.797241210938 385.161010742188 410.955917358398
505.583339691162 498.34659576416 628.169780731201 577.076236724854 655.28914642334 677.555646896362 577.860570907593 640.064895629883 584.151082038879 621.751930236816 565.314207077026 707.651077270508 701.451240539551 535.977058410645 503.971084594727 621.913306236267 562.214096069336 609.574666976929 591.70299911499 670.627866744995 706.331573486328 655.140581130981 635.370394706726 658.980263710022 821.59497833252 772.16449213028 683.710201263428 609.373106002808 711.942573547363 643.53636932373 671.366989135742 710.580055236816 706.370300292969 469.794204711914 600.985422611237 559.297786712646 530.813819885254 555.323051452637 542.657096862793 676.160804748535 473.839340209961 599.595332145691 459.754776000977 569.709838867188 623.224946975708 343.971481323242 675.841049194336 396.017440795898 572.668838500977 582.805734634399
605.710975646973 644.888153076172 443.562511444092 522.149337768555 765.133026123047 580.935782432556 537.634498596191 655.066680908203 701.290222167969 651.137241363525 615.401763916016 574.026008605957 609.324636459351 456.794761657715 627.673526763916 533.208862304688 553.475273132324 661.74446105957 580.976112365723 682.945784568787 566.908081054688 589.872329711914 718.424629211426 648.761093139648 521.592063903809 471.032089233398 444.901885986328 535.774318695068 610.241802215576 550.17529296875 640.135541915894 552.666954040527 541.235008239746 426.227615356445 661.881061553955 556.548866271973 577.71813583374 571.296864509583 539.061531066895 548.245582580566 647.003923416138 574.718341827393 542.488464355469 501.212097167969 410.067245483398 596.247017383575 499.256828308105 538.513748168945 626.149230957031 581.609216690063
513.15503692627 456.991992950439 614.711463928223 857.778900146484 542.687210083008 716.932731628418 635.70414352417 632.181381225586 656.620538711548 730.25611114502 662.935253143311 575.733781814575 502.320182800293 590.445043563843 685.504272460938 566.446075439453 706.509357452393 744.588275909424 591.099510192871 674.492073059082 619.67067527771 585.871480941772 580.237682342529 678.874252319336 470.233604431152 596.928639411926 569.211013793945 513.323394775391 529.214065551758 675.073581695557 539.686904907227 739.933937072754 623.618667602539 649.787620544434 519.005073547363 625.099086761475 559.99388885498 490.821380615234 710.001922607422 427.500091552734 604.018451690674 699.886940002441 661.294052124023 585.088302612305 639.065334320068 648.924438476562 626.35041809082 642.176664352417 479.225875854492 623.269679546356
630.217948913574 447.637777328491 573.458740234375 917.054153442383 774.848815917969 645.424999237061 647.115631103516 827.493682861328 743.401588439941 670.892353057861 692.311492919922 541.015083312988 687.095611572266 850.287902832031 755.126281738281 546.84154510498 755.652709960938 764.750511169434 654.668701171875 824.00505065918 752.050735473633 599.126243591309 653.703147888184 610.356945037842 536.865829467773 660.53351688385 685.845691680908 463.499359130859 647.096042633057 554.420234680176 595.956378936768 523.186721801758 489.991546630859 472.401550292969 560.77490234375 591.791820526123 660.745338439941 617.685066223145 641.75537109375 413.076553344727 611.918869018555 587.615416526794 465.474945068359 481.308471679688 674.715675354004 583.713550567627 657.166481018066 555.626647949219 544.064338684082 556.615741729736
752.180801391602 802.395050048828 547.730098724365 955.741157531738 620.515949249268 698.514589309692 560.419097900391 454.816589355469 503.594032287598 672.454177856445 583.708740234375 1058.54694366455 666.606409549713 844.964775085449 886.476768493652 607.746864318848 830.409324645996 708.815670013428 741.972305297852 684.350229263306 589.403560638428 554.736404418945 582.611217975616 459.932716369629 547.120994567871 652.276069641113 575.633712768555 613.087543487549 543.249435424805 597.011455535889 672.158113479614 560.156730651855 670.402997970581 630.550057649612 646.217630386353 703.266109466553 706.612319946289 536.377445220947 599.711251735687 626.521598815918 548.023036956787 695.051414489746 656.531532287598 652.402164459229 403.185897827148 601.017150878906 484.617599487305 497.716857910156 555.181221008301 496.207046508789
822.548278808594 624.676181793213 568.839985847473 935.171142578125 874.742515563965 690.094192504883 766.742280006409 715.724052429199 754.941341400146 1146.95388793945 469.109260559082 577.323386192322 574.01579284668 585.939320266247 452.214530944824 538.294441223145 557.475654602051 744.554176330566 854.742820739746 550.098129272461 578.173820495605 697.849761962891 476.219223022461 595.809925079346 582.302749633789 576.996444702148 538.923271179199 482.128692626953 643.728064537048 633.667917251587 400.463470458984 564.294486999512 605.128222942352 711.984931945801 700.910575866699 664.354431152344 605.62476348877 630.125183105469 689.270874023438 599.385310649872 677.765678405762 614.391689777374 659.973917007446 655.402509689331 723.339416503906 623.334789276123 550.575881958008 528.525932312012 572.021919250488 658.288089752197
556.741443634033 616.439061641693 620.236133575439 564.162677764893 534.864402770996 486.012222290039 669.16088104248 801.780624389648 698.882118225098 891.169546127319 436.445072174072 467.48668050766 370.39631652832 388.485061645508 310.364166259766 436.15544128418 640.597721099854 553.210807800293 675.739583969116 791.210708618164 542.635639190674 550.508811950684 480.673065185547 321.325927734375 662.071588039398 639.56987953186 679.083690643311 592.509796142578 621.641937255859 677.703567504883 485.185890197754 750.679244995117 636.386743545532 708.814964294434 666.302558898926 719.993026733398 758.564926147461 559.089866638184 594.648338794708 749.757446289062 568.094745635986 597.733961105347 609.832685470581 785.954925537109 651.159504890442 663.011653423309 537.994964599609 661.742685317993 636.564323425293 606.412631988525
596.087571144104 420.48112487793 502.133808135986 491.192520141602 492.008827209473 764.105712890625 570.377708435059 810.264038085938 581.715892791748 558.121299743652 714.850524902344 422.339599609375 579.088569641113 435.159469604492 569.194442749023 543.247093200684 494.162724494934 432.501853942871 527.286827087402 939.049768447876 654.849514007568 488.464645385742 983.269325256348 797.903301239014 729.264350891113 649.275089263916 715.173240661621 545.406005859375 741.561218261719 602.10004901886 720.961456298828 520.718414306641 829.397018432617 664.717440605164 610.130689620972 459.693435668945 767.266067504883 742.101577758789 690.949813842773 599.026802062988 639.414622068405 555.906387329102 577.697631835938 715.256256103516 686.260402679443 670.136384963989 585.165824890137 612.498252868652 627.981876373291 566.696060180664
498.831025123596 324.182723999023 644.48850440979 735.922866821289 755.30729675293 760.016265869141 450.98063659668 643.438079833984 764.195346832275 824.010955810547 748.577337265015 668.168025970459 736.816902160645 618.346496582031 586.604614257812 609.541557312012 590.717094421387 486.809127807617 616.054134368896 895.625339508057 607.81161403656 450.907484054565 755.372219085693 463.022262573242 987.923495531082 672.718450546265 742.362396240234 714.257650375366 601.446577072144 560.469417572021 503.052028656006 557.128837585449 702.489604949951 646.34748840332 693.537906646729 661.032848358154 560.010681152344 592.809045553207 642.884847164154 543.823844909668 545.038887023926 655.115129590034 747.833541870117 616.151149749756 641.049531936646 650.370185852051 576.011825561523 563.15657043457 481.983428955078 567.608085632324
533.597150802612 533.840660095215 631.757507324219 641.420799255371 -9999 -9999 -9999 -9999 -9999 -9999 -9999 -9999 -9999 -9999 -9999 609.321624755859 664.413932800293 702.25820350647 748.021383285522 570.022075653076 743.48371887207 619.121028900146 507.985252380371 522.213146209717 790.597106933594 809.043319702148 1024.89308357239 693.304542064667 547.315246582031 963.570120811462 565.145927429199 740.714050292969 658.984990954399 692.737192153931 643.467039108276 580.777359008789 500.567276000977 648.873105049133 682.703609466553 502.434074401855 604.915111541748 631.751289367676 629.259273529053 597.00186920166 746.65064239502 755.739082336426 687.02507352829 740.444190979004 730.273429870605 634.551420211792
-9999 -9999 -9999 -9999 -9999 -9999 -9999 -9999 -9999 -9999 -9999 -9999 -9999 -9999 -9999 -9999 -9999 -9999 649.671249389648 698.904050827026 800.012058258057 747.746513843536 703.325016021729 775.706329345703 588.607748746872 603.342102050781 754.822357177734 719.731475830078 685.32944393158 686.46272277832 671.12865447998 1161.74569702148 571.073059082031 740.061714172363 774.420989990234 661.872596740723 480.73649597168 564.536483764648 502.09423828125 595.34326171875 705.768493652344 756.503852844238 629.804622650146 646.205144882202 665.193256378174 625.398574829102 798.786521911621 760.824768066406 681.599906682968 633.034582138062
