export/dem/dem52.asc
NCOLS 350
NROWS 171
XLLCORNER 152620
YLLCORNER 418050
CELLSIZE 100
NODATA_VALUE -9999
[rows 88 to 109 of 171, columns 250 to 299 of 350]
920.597005844116 1070.94641113281 1006.70309448242 842.441558837891 769.519081115723 597.325912475586 564.931678771973 636.937341690063 597.806762695312 764.231842041016 685.545928955078 564.211517333984 536.220550537109 1011.31477737427 742.39778137207 949.331460952759 639.447898864746 741.769132614136 730.03254699707 573.992637634277 596.313953399658 763.202987670898 634.272911787033 727.948310852051 595.539123535156 493.112396240234 559.699928283691 820.924629211426 618.991550445557 723.70288848877 662.17094039917 644.588275909424 689.407745361328 727.87587928772 498.308807373047 613.79288482666 612.436538696289 701.502067565918 479.246032714844 558.658813476562 735.410194396973 437.004531860352 538.219604492188 818.451522827148 483.236358642578 721.201812744141 702.207252502441 605.015533447266 641.486557006836 606.008239746094
799.980366706848 886.988138198853 1022.88625621796 821.539215087891 684.571624755859 715.097030639648 775.93773651123 699.657295227051 668.063163399696 842.180717468262 645.772148132324 763.66569519043 851.061782836914 799.701434135437 719.809097290039 783.381355285645 681.018934249878 628.282943725586 761.153920412064 617.662261962891 513.017265319824 688.07759475708 497.870681762695 703.341236114502 667.583889007568 697.418300628662 654.622802734375 671.000399372046 646.317676544189 719.830680847168 658.747680664062 672.73469543457 817.533535003662 697.792219161987 655.146209716797 685.982465744019 682.806407928467 624.766788482666 583.575225830078 413.03971862793 1111.03979492188 391.178253173828 467.179840087891 557.230773925781 711.552932739258 773.266830444336 721.38591003418 631.307952880859 629.983123779297 650.672485351562
943.799468994141 906.710571289062 802.030696868896 1129.57431411743 907.154418945312 686.718643188477 973.987871170044 486.855239868164 549.474258422852 592.719596862793 686.865234375 923.909896850586 554.698196411133 644.440536499023 820.421375274658 647.21240234375 756.184417724609 569.647659301758 670.506496429443 651.879482269287 689.404396057129 620.623332977295 548.521324157715 804.521335601807 848.183616638184 722.178596496582 643.225067138672 856.181285858154 689.788787841797 758.149806976318 666.551879882812 899.030727386475 609.976745605469 652.735542297363 613.682907104492 410.219055175781 669.65486907959 680.452679157257 428.644149780273 399.86491394043 836.136459350586 384.082916259766 439.896331787109 437.847808837891 625.300994873047 604.820739746094 828.757598876953 483.90185546875 665.47575378418 753.947998046875
789.857967376709 884.695503234863 872.694442749023 883.360527038574 1148.71040725708 1313.92658996582 697.628105163574 579.551895141602 784.427091598511 658.530899047852 740.860160827637 663.935928344727 569.807632446289 464.731964111328 661.604507446289 598.554138183594 624.896835327148 797.87410736084 821.126781463623 708.368125915527 728.584297180176 622.670700073242 941.631698608398 903.707054138184 774.546558380127 794.169057846069 849.572351455688 870.080586433411 1018.35217666626 1217.07761764526 733.386394500732 571.031402587891 534.613693237305 684.118347167969 712.29526424408 550.980529785156 656.259618759155 488.841934204102 462.723449707031 403.496643066406 1005.91262817383 868.244018554688 468.516525268555 385.013092041016 531.742584228516 541.781372070312 866.363410949707 492.165924072266 990.766082763672 1225.48533630371
933.385055541992 814.167530059814 823.128211975098 903.315948486328 1033.42454910278 926.487936019897 1235.55211639404 546.636367797852 851.951953887939 815.045097351074 779.442657470703 809.264953613281 888.290836334229 587.201187133789 629.056091308594 1154.4803981781 765.110683441162 724.830226898193 739.941268920898 764.539502203465 642.617050170898 826.788726806641 736.594169616699 793.569152832031 754.944933891296 846.742408752441 813.242073059082 540.903381347656 904.101230621338 908.225044250488 890.23610496521 779.587490081787 602.922012329102 477.238464355469 621.311805725098 575.2109375 570.787117004395 655.244009017944 510.090850830078 373.065948486328 265.408843994141 1099.62817382812 470.778533935547 527.926696777344 647.65795135498 464.651000976562 639.093048095703 656.53581237793 777.649936676025 414.664459228516
931.897796630859 756.047041893005 911.040382385254 924.708938598633 892.35050201416 864.805992126465 796.801949083805 859.551433563232 820.733739852905 1098.78698965907 901.232257843018 829.430225372314 890.725036621094 985.012878417969 1106.14130401611 617.107147216797 641.963607788086 487.160171508789 810.059181213379 554.339584350586 684.075157165527 708.423809051514 769.689034461975 819.005268096924 829.326309204102 848.387115478516 1110.08266448975 1163.66633605957 635.079223632812 711.971008300781 727.77587890625 868.457418441772 735.424278259277 677.816741943359 629.976425170898 741.413696289062 917.164360046387 714.321750640869 526.037109375 545.950759887695 565.551582336426 1278.53851318359 482.706970214844 633.279037475586 512.71745300293 625.918853759766 709.093048095703 744.635749816895 639.247772216797 865.867660522461
822.112392425537 959.203964233398 1003.3650226593 920.740791320801 1023.69682312012 959.864051818848 736.872135162354 961.325714111328 704.828399658203 764.854875564575 692.434783935547 870.042518615723 680.654678344727 902.158905029297 943.852462768555 528.759033203125 711.686817169189 627.006881713867 755.878345727921 606.596412658691 560.033081054688 529.809371948242 629.801605224609 639.659378051758 737.343856811523 1118.45333099365 734.604400634766 1019.31112289429 637.875289916992 905.069046020508 955.473415374756 783.908767700195 769.201370239258 1018.31137084961 778.698364257812 781.122619628906 972.03018951416 779.775024414062 513.963348388672 498.388458251953 481.021072387695 379.819122314453 403.198638916016 509.219711303711 731.846391677856 664.402053833008 549.986251831055 523.338500976562 678.00959777832 814.26685333252
804.812037467957 915.797622680664 840.769329071045 768.941223144531 716.162551879883 842.497562408447 1182.70821762085 870.381301879883 843.089727401733 964.493465423584 705.05638885498 1256.24039459229 1001.72738361359 714.562309265137 646.871444702148 882.340911865234 693.037353515625 742.56721830368 892.853282928467 670.541519165039 629.660842895508 913.326995849609 867.965848922729 948.851470947266 971.431480407715 1183.88813781738 1097.06378078461 684.398284912109 489.093444824219 771.80196762085 1584.47015762329 688.622863769531 820.172859191895 663.009262084961 859.56019115448 951.151416778564 806.826299667358 907.267688751221 735.524368286133 494.578582763672 580.958786010742 467.071792602539 1027.83340454102 539.956848144531 437.968994140625 495.533004760742 1058.80679321289 706.686069488525 482.108856201172 957.763305664062
822.398132324219 1237.49379730225 833.580764770508 703.400665283203 870.868186950684 878.627948760986 748.782234191895 801.305812835693 1236.97729110718 896.356796264648 645.039566040039 647.341442108154 577.130409240723 560.927673339844 557.521102905273 792.408256530762 448.482574462891 581.231903076172 727.094734191895 1050.08423233032 937.666374206543 1442.2831993103 1139.35034179688 773.874931335449 1015.41288948059 690.218597412109 560.587295532227 710.092666625977 761.47583770752 1169.49993896484 716.502708435059 791.363838195801 742.81721496582 848.010940551758 1231.51629066467 945.288650512695 836.324569702148 670.354354858398 684.721954345703 619.614990234375 405.896087646484 555.480621337891 913.744445800781 399.856597900391 728.410263061523 612.55891418457 720.623634338379 612.972396850586 337.973846435547 940.022499084473
827.174289703369 969.734161376953 842.461618423462 842.146049499512 726.035285949707 867.368030548096 845.14640045166 877.004261016846 1265.63105010986 1520.37884521484 773.190856933594 794.115751266479 1243.4035949707 843.000259399414 638.612014770508 659.143310546875 711.324279785156 591.486328125 676.693840026855 670.485092163086 782.470779418945 843.469902038574 684.023300170898 696.958892822266 470.706115722656 952.785751342773 824.307312011719 831.893915176392 625.750946044922 742.022399902344 664.27571105957 1307.42321777344 1301.00051879883 783.820541381836 808.282859802246 839.192511320114 788.518352508545 616.191146850586 663.882637023926 570.277984619141 579.432876586914 592.44660949707 794.112182617188 1478.36181640625 642.296401977539 645.046401977539 620.25798034668 619.310516357422 735.534187316895 677.215774536133
850.575736999512 1300.60172271729 1124.31091761589 884.909103393555 782.170831680298 947.800895690918 1057.94248199463 1289.91561508179 750.128715515137 794.632709503174 773.561450958252 676.383529663086 731.526588439941 671.721725463867 521.525436401367 915.395437240601 742.740478515625 609.17236328125 593.489074707031 717.090034484863 710.111282348633 648.248611450195 766.723617553711 1246.84033203125 415.010650634766 1151.03327178955 1613.39379882812 1025.32379150391 1381.65232849121 371.688232421875 883.342681884766 677.854385375977 685.358291625977 1095.37951660156 704.187301635742 675.154541015625 638.644882202148 685.402618408203 703.324840545654 696.504894256592 621.373397827148 561.184356689453 1000.49565124512 919.693977355957 557.081069946289 722.173669815063 501.321411132812 761.187877655029 727.350490570068 1091.72364807129
774.401100635529 587.148239135742 1440.49986457825 795.061199188232 892.72297668457 748.630386352539 1447.08313083649 1123.90434265137 711.749877929688 985.327711105347 667.343826293945 973.479156494141 1090.05928039551 1037.01457214355 984.239669799805 1043.67727661133 1028.09422302246 568.265045166016 679.470428466797 836.759243011475 1080.28112030029 711.78141784668 845.94913482666 666.793731689453 1382.35749816895 950.136047363281 843.620361328125 1214.96206665039 1243.88793945312 527.189178466797 1023.45223236084 820.668411254883 907.921518325806 839.615737915039 691.726638793945 779.83430480957 557.666809082031 780.277252197266 718.997453689575 436.748718261719 622.581031799316 413.714630126953 548.489562988281 1138.21351623535 1533.45637893677 586.367477416992 606.051292419434 696.53247833252 804.91219329834 872.408744812012
1296.19007110596 595.084014892578 739.811145782471 566.765380859375 613.178619384766 1071.0495300293 933.317588806152 1054.74876785278 800.510478973389 768.257202148438 976.348625183105 776.442176818848 995.447321891785 1149.78259712458 735.6103515625 809.574684143066 676.6240234375 538.202926635742 595.312026977539 648.159683227539 1187.89521789551 1347.35224914551 688.210403442383 975.828636169434 724.142578125 1151.0661315918 858.267372131348 569.562622070312 1430.15425109863 674.714904785156 1005.66314697266 725.959976196289 879.432418823242 831.627960205078 671.056930541992 837.5221118927 790.536862850189 683.386444091797 704.49423789978 653.562866210938 630.264457702637 623.298046112061 602.392044067383 781.786904811859 883.314615249634 621.140274047852 618.840194702148 742.111549377441 881.23641204834 834.330968379974
867.038597106934 726.070129394531 1020.75531578064 712.217788696289 726.051811218262 977.504783630371 861.73070526123 935.046371459961 814.913887023926 908.502569198608 698.748085021973 1084.54851913452 726.991882324219 759.950088500977 975.386528015137 600.12907409668 646.558929443359 1172.59666442871 592.663223266602 563.198455810547 1280.72463607788 697.841682434082 1141.00741577148 590.250457763672 661.256134033203 960.277938842773 1104.43923950195 1640.27233886719 688.999252319336 1239.42321777344 852.403915405273 723.497909545898 861.410842895508 779.470146179199 769.634712219238 869.220592498779 873.95435333252 853.27349281311 787.808404922485 779.939781188965 459.490692138672 490.217071533203 647.036479949951 748.052940368652 980.611015319824 772.651988983154 773.602867126465 754.215854644775 671.396850585938 825.109069824219
766.299705505371 1081.02705383301 875.431900024414 683.900299072266 712.128379821777 567.111358642578 721.738914489746 797.806762695312 768.834701538086 1522.32566452026 715.55241394043 1317.18979644775 993.712173461914 635.180206298828 751.213623046875 829.384780883789 517.666259765625 558.400268554688 1250.95849609375 642.791473388672 768.33723449707 716.489501953125 743.516006469727 1196.98582458496 886.743347167969 667.03141784668 747.879829406738 1504.5520324707 958.266555786133 757.427459716797 785.186157226562 1256.91049194336 984.153717041016 856.196235656738 713.314147949219 864.035613536835 787.46488571167 809.843086242676 709.125305175781 658.423675537109 747.069320678711 470.294147491455 486.163822174072 702.822308540344 782.578182220459 531.762023925781 858.573585510254 749.094905853271 868.531295776367 799.005771636963
674.692535400391 1398.22256851196 1310.89199829102 767.155676841736 1314.3793182373 935.226959228516 1041.75270080566 880.034555435181 807.973728179932 731.646789550781 872.734680175781 795.549003601074 723.161102294922 839.686264038086 793.01245880127 750.029510498047 1016.29872131348 505.656127929688 639.846481323242 715.357452392578 632.355453491211 741.123947143555 698.604965209961 976.452835083008 722.075393676758 810.690063476562 914.039344787598 747.807556152344 666.676986694336 844.390071868896 1241.81688690186 1071.93486022949 794.785720825195 821.396976470947 830.583290100098 841.020364761353 889.134258270264 734.082077026367 880.43123626709 840.958740234375 633.358295440674 542.117706298828 588.466300964355 748.684391498566 850.366756439209 586.772735595703 860.381217956543 733.107989788055 862.113021850586 850.334688186646
1088.63874053955 598.079071044922 1058.59474182129 773.565697669983 739.738090515137 935.897380828857 869.162620544434 748.516326904297 794.239143371582 949.848648071289 836.558433532715 746.158531188965 824.165664672852 1062.75289916992 867.818496704102 823.866592407227 830.336486816406 770.079620361328 702.667678833008 929.747787475586 890.560367584229 1128.46376800537 754.842742919922 671.322380065918 745.591323852539 835.670074462891 1031.01733398438 870.20231628418 1340.3522644043 1369.21031188965 1314.72888946533 673.4111328125 830.095432281494 898.858427047729 851.66145324707 932.426187515259 791.870864868164 996.094585418701 873.672149658203 789.144073486328 864.593521118164 670.1123046875 491.711029052734 682.123023986816 871.014785766602 1154.9656791687 913.445137023926 743.119710445404 650.519050598145 835.704998016357
613.154693603516 783.349788665771 713.327941894531 732.347465515137 730.173767089844 950.766906738281 648.280403137207 937.077757120132 749.034744262695 947.795761108398 868.001220703125 1244.36285495758 1321.21249389648 671.096282958984 773.34944152832 731.257522583008 782.035751342773 597.509948730469 904.670364379883 1035.89710998535 646.936920166016 981.632627487183 1147.53637695312 1202.36292266846 1091.56143808365 931.682563781738 935.098178863525 968.901123046875 833.400539398193 790.109485626221 730.157333374023 915.525671005249 785.999154090881 864.474693775177 869.93635559082 1000.0941619873 1047.06282043457 899.587543487549 831.198554992676 871.106337070465 1054.81912231445 814.066070556641 587.559574127197 708.502689361572 732.492622375488 1003.71315288544 720.944770812988 862.172243118286 771.213912963867 1023.00076293945
794.951583862305 940.253978729248 1472.57293891907 1060.65534973145 961.607078552246 839.413330078125 612.949951171875 1078.57914733887 1911.60354614258 650.966300964355 1368.49983596802 743.326629638672 1160.14764785767 928.497436523438 947.671301841736 902.281425476074 824.279483795166 841.521060943604 771.424346923828 772.785537719727 860.724590301514 1045.60485363007 876.300413131714 664.757461547852 899.488494873047 915.711692810059 890.999160766602 910.8776512146 880.538367271423 840.403018951416 815.77547454834 890.072296142578 647.993003845215 805.768259048462 871.605484008789 984.517997741699 1019.29784393311 735.606927633286 931.287353515625 842.710868835449 757.454277038574 758.793106079102 638.407093048096 675.256622314453 936.297653198242 847.000347137451 1043.71919250488 899.09698677063 888.025501251221 841.077003479004
866.988006591797 842.067825317383 749.600173950195 754.082733154297 761.247619628906 1174.18016052246 1525.2864074707 1056.66416168213 747.328887939453 687.789337158203 1158.84098815918 803.564002990723 673.029022216797 873.011909484863 730.945205688477 926.078048706055 804.66682434082 800.834442138672 702.881492614746 578.725448608398 943.049453735352 882.894226074219 646.101577758789 741.724632263184 773.673137664795 918.319965362549 791.540419578552 777.760787963867 885.75576543808 868.757533073425 846.197334289551 750.571655273438 905.126350402832 710.634834289551 813.777839660645 772.190532684326 929.006954193115 1006.3770904541 854.397903442383 784.521472930908 679.30451965332 760.179107666016 689.105014324188 565.387178421021 769.253860473633 712.16397857666 807.64436340332 772.056358337402 816.370309829712 745.660210609436
729.018531799316 1151.35822677612 1078.18807983398 857.64928817749 891.247268676758 897.106948852539 828.242614746094 1320.91734313965 1301.61660766602 671.903961181641 797.630517959595 1054.72895812988 622.164733886719 1041.2612991333 986.601615905762 911.801361083984 967.959548950195 721.99153137207 1498.74195861816 1262.81671905518 1019.21569728851 713.91682434082 834.055782318115 917.875511169434 801.890403747559 804.167663574219 862.996500968933 747.121461868286 847.154712677002 935.361373543739 919.733779907227 819.464508056641 836.353942871094 870.38695526123 922.067737579346 831.124503135681 878.475854873657 685.073593139648 749.964305877686 721.659898757935 776.872913360596 903.333971977234 859.190185546875 666.051414489746 493.033130645752 588.089569091797 609.61198425293 573.534194946289 910.531623840332 931.061195373535
619.381286621094 659.758293151855 629.656677246094 790.196304321289 1240.52379608154 867.834075927734 768.330047607422 1149.5188293457 1562.99850463867 673.939178466797 1036.46279907227 673.876678466797 736.885559082031 748.907279968262 1012.89246368408 984.349807739258 886.168464660645 901.206787109375 1251.70874023438 1137.39891052246 1381.91746520996 832.879257202148 989.241119384766 923.500644683838 807.793037414551 867.66503405571 965.443725585938 767.791015625 808.940309524536 792.433036804199 963.590408325195 758.844470977783 952.148345947266 979.184280395508 822.896451234818 955.783966064453 793.525032043457 934.229461669922 1050.87509155273 830.184867858887 834.887950897217 784.596853256226 758.227111816406 466.919174194336 680.913053512573 707.622394561768 732.218391418457 921.692930221558 877.380516052246 971.754661560059
