export/dem/dem53.asc
NCOLS 350
NROWS 171
XLLCORNER 152620
YLLCORNER 418050
CELLSIZE 100
NODATA_VALUE -9999
[rows 88 to 109 of 171, columns 200 to 249 of 350]
764.743499755859 659.090354919434 692.044851303101 774.065208435059 752.718803405762 700.143543243408 659.82114982605 687.52853012085 587.181503295898 640.218461990356 656.492160797119 535.084541320801 657.062894225121 684.903388977051 722.556694030762 732.884986877441 784.104385375977 590.634422302246 758.514293670654 582.106719970703 432.604156494141 546.916213989258 609.332714080811 639.388516426086 637.288665771484 712.602363586426 762.301010131836 775.540077209473 711.311264038086 874.8623046875 737.622413635254 573.390701293945 737.464683532715 691.88204574585 622.147659301758 538.935516357422 676.069034576416 571.972315788269 752.335025787354 782.247379302979 751.019777297974 854.461349487305 988.844299316406 819.878479003906 681.518493652344 706.580969393253 730.76318359375 1132.09996032715 913.72029876709 901.20337677002
620.181579589844 721.837891578674 673.874664306641 666.281448841095 637.305603027344 606.750431060791 663.341933727264 722.633895874023 479.231262207031 678.024997711182 760.307388305664 678.893543243408 702.807037353516 540.548377990723 680.032375335693 562.638786315918 537.122489929199 644.919056892395 734.0006980896 616.714874267578 682.269027709961 551.879768371582 637.406879425049 619.444694519043 763.533615112305 744.454849243164 716.043685913086 844.150268554688 766.157997131348 716.82275390625 618.705404281616 546.375007629395 729.688598632812 584.179668426514 664.674747467041 606.583953857422 498.731300354004 337.919189453125 612.046630859375 718.02516746521 645.453491210938 896.018280029297 823.698310852051 863.789398193359 858.186981201172 633.205238342285 797.179977416992 999.092807769775 979.606483459473 885.61141204834
646.147005081177 1082.17044448853 654.434679031372 869.544906616211 621.453899383545 735.524345397949 687.287036895752 600.127490997314 724.287040710449 696.516914367676 510.019149780273 719.152328491211 565.453269958496 619.592516899109 650.211050033569 598.644420623779 737.737617492676 533.546257019043 609.987350463867 653.372810602188 626.14747428894 677.322031497955 546.976890563965 665.458348274231 761.663497924805 693.264088630676 730.463748931885 653.805597305298 819.166076660156 673.006989717484 620.877462387085 646.235363006592 448.110565185547 538.826930999756 620.3314037323 587.147543907166 590.471855163574 733.691596984863 754.235749959946 772.763313293457 724.870693206787 837.640998840332 907.379608154297 853.132601737976 789.149635314941 640.458873748779 772.768497467041 827.010047912598 761.006256103516 876.267402648926
387.153045654297 618.2200050354 634.796130180359 757.115608215332 704.227745056152 766.489715576172 488.010818481445 620.55327796936 631.431469917297 595.276538848877 660.417406082153 818.193572998047 634.064834594727 677.766086578369 555.20059967041 695.60213470459 673.841079711914 579.274711608887 660.580043792725 668.358076095581 530.644966125488 650.023696899414 791.169624328613 830.791137695312 832.153915405273 587.637977600098 804.07283782959 757.812400817871 810.065322875977 635.048698425293 645.68595790863 767.760383605957 656.205739974976 694.009643554688 561.04663848877 592.307674407959 616.369808197021 781.134292602539 715.544057369232 718.026596069336 687.48592376709 710.405620574951 817.702765703201 916.112716674805 843.489418029785 569.804679870605 728.315113067627 762.230212211609 733.185256958008 762.59765625
533.332885742188 708.10099029541 635.1294298172 621.412004470825 508.646957397461 717.493381500244 673.589534759521 499.346618652344 636.400071144104 530.163925170898 626.343410491943 683.362945556641 719.373344421387 587.157886505127 580.65368270874 640.65619134903 735.631912231445 608.812744140625 685.165771484375 558.386253356934 633.092527389526 743.92208480835 735.973243713379 704.610905647278 589.663925170898 543.614273071289 788.693243026733 814.532592773438 877.410446166992 757.823738098145 826.329986572266 926.489700317383 717.115982055664 622.622587203979 655.611215591431 704.431926727295 677.30800819397 690.95627784729 596.089391708374 567.030132293701 481.934020996094 781.408309936523 676.913837432861 688.634670257568 707.421993255615 599.775817871094 570.245018005371 754.150851726532 728.340156555176 755.97843170166
614.575199604034 802.950187683105 808.095710754395 645.644506454468 564.4088306427 1051.79876852036 583.93941116333 766.490753173828 574.232292175293 748.897590637207 626.8041203022 586.567546844482 618.903460025787 615.258469104767 616.037669181824 636.683622598648 709.9697265625 718.156539916992 774.113403320312 801.812568664551 531.676078796387 574.556871414185 809.358741760254 788.432415008545 700.419273376465 715.414888381958 727.928295135498 704.143333435059 626.457359313965 585.04906463623 611.702713012695 757.25821685791 788.704620361328 745.657136917114 801.752265930176 502.231201171875 803.633270263672 768.277847290039 620.707439422607 823.613815307617 748.036270141602 546.192520141602 624.2967004776 726.855949401855 804.992111206055 648.365587234497 560.663055419922 735.219058990479 785.180734634399 777.360862731934
625.836944580078 624.909423828125 756.486926078796 702.611200332642 614.216953277588 505.154693603516 707.208000183105 435.266494750977 513.025924682617 560.458290100098 607.54787838459 728.100120544434 596.686321258545 672.862785339355 634.496959686279 702.94945526123 708.646728515625 618.924682617188 694.484115600586 773.232604980469 718.840009689331 763.113807678223 550.303651809692 958.186279296875 714.906463623047 653.85099029541 681.257177352905 533.585189819336 555.760711669922 688.897785186768 824.69303894043 605.414794921875 653.915596008301 616.191017150879 768.798655509949 759.926254272461 667.57385635376 750.480506896973 628.518745422363 950.379760742188 645.749496459961 733.116510391235 635.636859893799 688.086828231812 723.972129821777 698.240879058838 646.909433364868 730.560859680176 693.424993515015 806.166444778442
760.465408325195 664.218883514404 643.509719848633 763.105972290039 747.919063568115 518.996170043945 586.292617797852 647.998718261719 495.173294067383 536.682571411133 552.89656829834 755.489128112793 605.496675491333 736.923667907715 710.512329101562 761.117736816406 662.910118103027 791.023849487305 648.765902042389 603.604690551758 733.867244720459 761.833183288574 670.959403991699 710.002914428711 708.502151489258 716.030485868454 621.646018981934 585.666847229004 719.638389587402 603.866958618164 754.542625427246 741.430564880371 503.466552734375 647.778007507324 773.244672775269 683.594398498535 748.672622680664 762.762252807617 660.014297485352 691.308796107769 706.835711717606 900.496292114258 816.974899291992 727.147466659546 804.067960262299 711.412521362305 704.330816268921 796.944976806641 991.334045410156 568.663024902344
674.878065824509 531.728889465332 780.264427185059 838.54817199707 841.736145019531 605.631332397461 558.667060852051 630.094848632812 639.529655456543 609.63138961792 562.856025695801 646.800617218018 593.318084716797 647.785798072815 535.032196044922 690.628471374512 681.448280334473 645.521718978882 658.253806114197 577.495567321777 666.602865219116 531.770462036133 706.904750823975 700.628306150436 679.640186309814 547.013397216797 596.844520568848 615.99528503418 791.438598632812 563.259338378906 686.160359382629 720.696746826172 563.044509887695 669.677425384521 632.040313720703 841.542167663574 623.97802734375 637.11695098877 861.853240966797 686.744327545166 630.688858032227 813.08910369873 895.84375 762.661140441895 806.800098419189 817.593368530273 497.832855224609 562.300849914551 755.318147659302 643.264122009277
636.73193359375 628.488510131836 806.287567138672 709.501930236816 710.603008270264 801.302757263184 624.478883743286 933.327362060547 514.00146484375 553.70938873291 552.305770874023 586.175060272217 637.093671798706 668.310934066772 590.345729827881 642.514827728271 486.867874145508 702.172264099121 493.472854614258 830.434356689453 766.478141784668 722.254070281982 661.037713050842 704.869667053223 610.329647064209 789.490524291992 625.980045318604 768.678970336914 524.971557617188 604.786733627319 497.353286743164 546.032173156738 658.189907073975 572.24129486084 609.416593551636 579.716934204102 679.282741546631 598.173385620117 744.319801330566 710.228643894196 936.80192565918 754.537174224854 723.572693347931 764.076988220215 756.547171354294 858.756614685059 860.384208679199 763.55057144165 967.505052089691 663.665557861328
673.546772003174 562.54229092598 779.038417816162 807.553569793701 683.429836273193 831.194763183594 668.265905857086 687.103132247925 483.197326660156 469.474609375 674.467645645142 480.34538269043 546.752243041992 680.514568328857 575.156433105469 655.265968322754 597.017776489258 710.324836730957 648.860368728638 626.693942666054 645.714213609695 546.993377685547 572.51538848877 575.541687011719 716.804893493652 765.229117393494 719.690727233887 726.936454772949 613.510238647461 530.954254150391 633.31184387207 630.375247955322 714.788234710693 658.172606468201 498.232513427734 700.387725353241 542.099174499512 614.063091278076 781.166763305664 734.346382141113 498.010925292969 638.013582110405 724.682426452637 771.862976074219 725.709079742432 683.606399536133 825.776695251465 939.91194152832 651.098136901855 770.265209197998
1002.68659973145 645.765142440796 674.545139312744 784.360612869263 991.639526367188 790.614375591278 688.069221496582 687.334144592285 805.02931022644 489.193603515625 662.813179969788 474.587280273438 422.86833190918 616.927352905273 662.597082138062 664.948432922363 607.734741210938 589.876510620117 659.545680999756 821.700210571289 729.17741394043 680.905382156372 721.129570007324 713.050148010254 669.578340530396 785.857343673706 1090.24541473389 891.292324542999 829.706832885742 647.635356903076 683.683307647705 652.559413909912 679.537367582321 748.482780456543 419.189590454102 673.950710296631 703.561014711857 600.361099243164 695.26476764679 742.87833404541 841.610748291016 737.869552612305 733.466302871704 631.294172286987 644.295532226562 664.230716705322 848.280700683594 1022.08049201965 1025.69946670532 1028.88053703308
898.286949157715 858.140590667725 613.187662124634 748.492447018623 726.766651153564 746.018842697144 869.215187072754 841.171951293945 672.670501708984 619.101531982422 572.475135803223 623.77116394043 664.357218742371 710.364122390747 924.382507324219 805.822082519531 697.310386657715 560.687118530273 707.157653808594 736.982521057129 848.879806518555 717.144138336182 586.834675073624 796.43675994873 790.168228149414 702.938586235046 1158.99240112305 700.106231689453 1007.63216018677 1167.82521057129 1356.23490905762 738.432110786438 543.376022338867 532.576995849609 546.879577636719 700.854652404785 849.529968261719 769.972236633301 631.604034423828 732.636491775513 772.692504882812 702.950597763062 814.066116333008 586.853858947754 774.781661987305 934.119155883789 1092.93776512146 809.91189956665 795.856048583984 725.951103210449
878.463554382324 626.515022277832 635.722536087036 786.295177459717 772.233839035034 701.547504425049 820.878105163574 745.17004776001 647.664825439453 940.22127532959 492.046569824219 734.59188079834 562.819763183594 555.730911254883 627.615211486816 769.899490356445 627.523565292358 658.291938781738 602.085031509399 594.852907180786 546.29288482666 577.233505249023 790.951034545898 662.136318206787 607.089650630951 809.582599639893 682.211737394333 717.547870635986 583.378692626953 612.618202209473 596.278625488281 550.094085693359 564.602355957031 1060.2067565918 761.1982421875 870.542572021484 1106.63346862793 944.848922729492 805.590015411377 846.953800201416 805.117866516113 585.620864868164 757.867143630981 683.043014526367 765.246385574341 774.772178649902 738.255409240723 1034.6321182251 1549.2105178833 632.042350769043
873.020294189453 654.569595336914 791.16520690918 559.759231567383 853.820388793945 727.889760971069 809.544845581055 838.470634460449 768.006826400757 766.437777519226 1112.20990562439 701.674613952637 602.821815490723 530.91535949707 598.345962524414 639.22590637207 752.73511505127 688.98762512207 697.845623016357 684.763816833496 437.33056640625 704.834075927734 695.447605133057 681.77830696106 739.653861999512 681.050319671631 659.271756768227 766.433692932129 577.810470581055 673.137385368347 589.319671630859 535.034622192383 405.67138671875 392.090087890625 567.494201660156 439.336090087891 455.372985839844 1031.1621131897 543.72412109375 662.85327911377 623.398498535156 597.847351074219 1078.87976074219 774.759441375732 1102.82473754883 785.701553344727 635.48152923584 776.037567138672 795.120407104492 599.315414428711
784.450088500977 742.201583862305 789.247936248779 720.5417137146 836.619606018066 745.603414535522 843.455261230469 754.096736907959 859.605670928955 864.606109619141 786.015572786331 926.175203323364 523.724464416504 690.702059745789 545.682014465332 519.208602905273 572.407455444336 574.861869812012 690.674247741699 603.699459075928 651.766490936279 629.707557678223 576.610345125198 526.397445678711 784.471755981445 641.501139163971 671.720198631287 643.783683776855 505.10270690918 531.234466552734 585.229835510254 644.261528015137 541.834548950195 533.161560058594 608.442886352539 576.962326049805 866.870124816895 971.521404266357 780.645401000977 628.247009277344 604.095199584961 579.23193359375 1003.60581970215 678.833076477051 911.250839233398 923.653594970703 642.148834228516 1082.11111450195 568.37043762207 1361.56212234497
-9999 684.090658187866 671.706108093262 689.787162780762 599.078666687012 813.167888641357 659.528221130371 655.205307006836 735.881401062012 781.535671234131 791.390579223633 1001.27290344238 628.851036071777 648.188130736351 633.601098537445 518.032501220703 653.081684112549 711.165649414062 576.819430232048 540.717224121094 762.930488586426 691.690013885498 583.831886291504 903.312812805176 870.115493774414 617.241535186768 488.777038574219 495.5703125 628.601631164551 438.609481811523 436.331512451172 491.790832519531 582.306594848633 555.405715942383 860.47102355957 492.590209960938 572.556846618652 584.673377990723 731.008319854736 713.696578025818 704.586818695068 687.922248840332 726.497611999512 525.869964599609 703.518539428711 973.785659790039 692.273204803467 715.261123657227 727.946430206299 958.115016937256
-9999 616.081153869629 720.883008480072 690.176368713379 533.688659667969 738.440454483032 678.062210083008 597.458023071289 867.141376495361 707.838600158691 1028.0852355957 833.314315795898 796.706657409668 619.580039978027 788.956161499023 580.471462249756 651.594215393066 546.116017341614 503.430671691895 631.437257766724 723.863288879395 603.39762878418 675.040515899658 476.610153198242 886.372436523438 612.947071075439 519.095588684082 504.816665649414 585.308174133301 645.270972251892 428.922225952148 357.120178222656 486.705856323242 317.537780761719 1012.8461151123 478.623809814453 487.45246887207 591.085494995117 614.681350708008 693.354580402374 634.366249084473 736.798118591309 637.936370849609 615.302261352539 724.853546142578 652.037490844727 872.372406005859 713.238330841064 677.659042358398 583.694732666016
-9999 -9999 808.997632980347 630.120712280273 850.9462890625 807.106437683105 687.481788635254 726.896934509277 816.517228841782 751.319183349609 759.535152435303 671.044300556183 829.684585571289 740.1025390625 723.871696472168 459.7666015625 622.37718963623 575.14621925354 610.141602516174 598.459926605225 652.007608664222 548.495803833008 509.672073364258 553.32349395752 550.17951965332 737.340744018555 563.48210144043 603.062461853027 494.476654052734 483.86701965332 492.869247436523 618.490127563477 454.404602050781 501.154495239258 677.014190673828 535.693870544434 577.619018554688 537.505165100098 784.247467041016 648.748348236084 553.330535888672 588.796417236328 678.07559967041 637.369827270508 764.610811233521 616.826690673828 628.955581665039 601.613594055176 865.550804138184 750.315483093262
-9999 -9999 1149.87503051758 881.413146972656 638.250301361084 720.170547485352 759.49864345789 886.751022338867 664.642234802246 716.379974365234 945.054458618164 783.065460205078 812.775650024414 569.809150695801 591.817050933838 474.408409118652 640.014297485352 592.531829833984 416.769790649414 696.669631958008 562.936124801636 616.642555236816 491.629707336426 684.331544876099 502.897193908691 653.808395385742 592.37890625 581.795478820801 555.279373168945 562.10627746582 443.159942626953 583.012748718262 488.171752929688 530.213470458984 457.112075805664 503.98974609375 522.100402832031 658.984252929688 615.066917419434 497.306732177734 860.823236465454 873.777122497559 743.068901062012 777.351852416992 856.876085281372 715.195266723633 658.651901245117 855.23041343689 881.686897277832 635.397033691406
-9999 -9999 -9999 917.477157592773 756.299530029297 552.434944152832 650.218765258789 789.068992614746 729.440074920654 506.139266967773 570.894599914551 605.725372314453 499.059432983398 776.319969177246 669.113571166992 606.008102416992 569.290459632874 619.845832824707 345.858596801758 415.456130981445 297.705184936523 545.963600158691 518.078315734863 1293.92008209229 425.560974121094 706.401916503906 773.780754089355 669.036695480347 514.08366394043 451.680389404297 912.765823364258 511.542984008789 638.75107383728 550.165878295898 513.836074829102 729.077194213867 514.082046508789 473.486419677734 723.256189346313 582.943538665771 732.791530609131 754.416160583496 519.986343383789 603.944595336914 519.302291870117 641.319763183594 702.406227111816 536.42936706543 697.985527038574 1039.94923400879
-9999 -9999 -9999 827.045364379883 463.666473388672 695.259744644165 782.468700408936 734.501079559326 698.248832702637 919.621185302734 556.65852355957 621.019828796387 797.407974243164 641.793144226074 703.309406280518 593.529951095581 685.79328918457 722.909164428711 594.275314331055 451.870239257812 490.316390991211 533.314834594727 571.557548046112 710.797622680664 570.796225547791 650.616574287415 543.836326599121 706.959163665771 777.064765930176 607.978229522705 515.293075561523 603.946125030518 586.714813232422 579.217132568359 616.312934875488 1030.0964050293 526.663925170898 679.142009735107 529.783020019531 537.912399291992 578.34740447998 438.618103027344 609.034637451172 891.268608093262 783.46549987793 1259.94132232666 760.014129638672 846.38117980957 1064.34371948242 964.951347351074
