export/dem/dem58.asc
NCOLS 350
NROWS 171
XLLCORNER 152620
YLLCORNER 418050
CELLSIZE 100
NODATA_VALUE -9999
[rows 44 to 65 of 171, columns 150 to 199 of 350]
474.705104827881 437.756637573242 398.724838256836 495.590999603271 603.648811340332 624.768867492676 601.403167724609 465.921558380127 693.426406860352 421.639190673828 468.293212890625 466.90104675293 673.173805236816 523.770662307739 672.433223724365 638.094604492188 498.234683990479 446.01708984375 453.677223205566 567.760276794434 628.143501281738 691.554382324219 610.890113830566 549.929817199707 680.461349487305 603.320625305176 634.125541687012 534.193359375 559.191383361816 508.363231658936 438.305694580078 695.938999176025 697.337827682495 639.689140319824 686.128065109253 700.847480773926 694.923101425171 598.744407653809 781.704376220703 648.007442474365 575.513893127441 515.350715637207 586.418575286865 886.074298858643 934.247528076172 477.868850708008 615.162083625793 687.822429180145 1308.53248596191 1368.62559509277
430.603313446045 471.546039581299 421.586845397949 412.136322021484 503.420234680176 396.346755981445 355.5166015625 566.728957176208 544.572797298431 498.630928039551 557.270259857178 563.626474380493 477.895011901855 530.10270690918 620.655059814453 647.03409576416 545.336926460266 543.724566698074 646.239250183105 500.773567199707 626.110572814941 589.309719085693 759.627410888672 502.169261932373 694.32666015625 486.859565734863 670.37663269043 510.902572631836 487.874473571777 472.117584228516 632.094167709351 597.11304473877 669.055732727051 725.657011032104 628.130577087402 758.363182067871 657.2347240448 651.113622665405 614.401975631714 752.652526855469 590.564270019531 581.734642028809 507.246669769287 411.650375366211 554.84188079834 632.350591659546 636.385185241699 630.602344512939 657.762583732605 1051.1277923584
546.747844696045 353.317291259766 518.811744689941 586.137138366699 612.534698486328 502.713565826416 550.411735534668 472.5791015625 389.239074707031 522.92081451416 512.889316558838 630.871978759766 482.896186828613 529.41234588623 576.686241954565 550.420274734497 633.873016357422 453.434516906738 507.67769241333 489.617923736572 606.368095397949 568.849985122681 703.950271606445 621.960090637207 556.015933990479 685.275817871094 539.965301513672 557.300162315369 417.175247192383 494.550365447998 649.101928710938 498.893783569336 438.489151000977 622.905820846558 666.58130645752 486.170166015625 717.265235900879 604.515516281128 716.530197143555 596.012721061707 596.257801055908 526.870677947998 595.276955127716 570.911071777344 659.236930847168 545.237236022949 657.367835998535 877.579498291016 568.758661270142 710.597900390625
446.470115661621 482.318099975586 473.078948974609 485.943826675415 464.169273376465 485.352874755859 505.860880851746 525.19683265686 571.020601272583 469.514938354492 447.975021362305 458.304542541504 390.217330932617 399.412353515625 565.266855239868 443.753509521484 567.169466018677 552.358198165894 570.345916748047 546.753546237946 581.333061218262 447.110153198242 688.93684387207 427.827438354492 559.511078417301 549.677114009857 579.641012191772 561.447122573853 573.509956359863 387.566452026367 408.647918701172 593.69556427002 505.26509475708 608.964244842529 594.644500732422 586.535087585449 751.238037109375 734.324729919434 764.851211547852 532.952465057373 494.167701721191 465.280906677246 634.556411743164 511.905128479004 584.152633190155 491.708778381348 680.742500305176 639.706665039062 707.119239807129 773.45280456543
467.486141204834 363.164688110352 420.628868103027 712.893020629883 523.669177055359 514.913578033447 596.036014556885 555.681699752808 478.031227111816 393.311813354492 511.836280822754 523.163799285889 454.332206726074 479.438682556152 511.551635742188 694.052803039551 605.245679616928 435.70149230957 500.467086791992 455.14998626709 450.376510620117 509.90454864502 709.769226074219 571.768923997879 515.304088592529 640.192626953125 628.892974853516 569.02840423584 578.247943878174 640.729560852051 540.833849012852 554.376342773438 560.6018409729 571.602369308472 544.556579589844 454.273803710938 566.038763046265 699.592056274414 490.364498138428 551.440999984741 654.82829284668 445.110313415527 489.312492370605 557.078964233398 584.045272827148 682.88916015625 680.026483535767 611.618569374084 758.514999389648 718.070098876953
392.983978271484 534.947849273682 692.746627807617 442.888687133789 468.908706665039 540.303310394287 571.82360458374 481.308815002441 672.84497833252 587.673959732056 561.753338336945 391.10139465332 662.634368896484 487.206069946289 608.255986213684 727.238014221191 644.866832733154 564.09407043457 630.905166625977 519.217964172363 560.119690895081 581.405776977539 691.495800018311 486.61247253418 629.083873748779 561.357650756836 506.483573913574 515.646537780762 549.132793426514 623.253929138184 655.818954467773 530.380741834641 493.584804534912 523.195323944092 471.968048095703 511.658662796021 459.471870422363 625.849403381348 468.529235839844 543.262742042542 384.325592041016 454.467323303223 539.541346549988 707.282241821289 523.614822387695 697.871032714844 676.470237731934 685.417671203613 729.953887939453 725.220916748047
505.665295600891 437.7724609375 488.179695129395 571.786079406738 458.247535705566 598.467227935791 461.730072021484 546.522934347391 570.139657020569 637.961669921875 615.11633682251 458.173728942871 590.349096298218 681.322639465332 474.84326171875 452.703094482422 704.26668548584 587.980939865112 480.171478271484 543.610870361328 573.009258270264 502.660499572754 636.515174865723 699.68389749527 616.478618621826 591.535226821899 647.914237976074 484.004173278809 741.809768676758 696.292114257812 567.727749824524 563.58738899231 572.088781356812 422.910461425781 503.051334381104 602.144874572754 397.171569824219 485.238395690918 462.824371337891 539.328609466553 751.728073120117 637.020401000977 504.522109985352 673.728782653809 702.126052856445 538.947172164917 565.073243141174 536.997158050537 758.768798828125 628.77640914917
519.111183226109 448.487716674805 491.197792053223 436.345420837402 667.459381103516 613.194217681885 436.906723022461 520.165943145752 587.434928894043 699.348968505859 588.412229061127 540.212249755859 396.294570922852 444.703765869141 598.316890716553 560.413475036621 533.007687568665 673.189727783203 614.18977355957 551.552139282227 517.094390869141 642.739333152771 692.389701843262 541.165390014648 671.815730690956 777.839797973633 738.371843338013 574.973339080811 635.604106903076 607.764797210693 651.638328552246 593.811626434326 559.32543182373 537.021472930908 415.446876525879 425.039222717285 670.565368652344 569.01503944397 453.860458374023 669.655197143555 518.303722381592 499.824691772461 525.733810424805 610.881256103516 650.938293457031 608.36527633667 747.057708740234 582.116176605225 701.207153320312 662.633689880371
440.586555480957 448.676959991455 507.768089294434 332.065811157227 576.610980987549 549.851284980774 491.855155944824 523.686790466309 563.053699493408 681.033432006836 627.892925262451 584.952745437622 553.321117401123 504.433456420898 569.686325311661 627.503347069025 686.871711730957 732.693786621094 619.791778564453 528.342025756836 620.328815460205 526.481491088867 587.326818943024 456.563247680664 573.762077331543 676.931465148926 817.227821350098 717.748600006104 513.426849365234 621.031669616699 562.329251289368 541.957778930664 561.9255027771 504.435653686523 522.137241363525 584.730659484863 626.601669311523 661.524063110352 543.631053924561 680.647495269775 517.714752197266 494.233177185059 402.076690673828 448.378936767578 432.36311340332 455.880485534668 724.874252319336 701.827026367188 636.54503172636 699.726844787598
454.969627380371 510.558090209961 439.492538452148 317.151306152344 469.948532104492 593.795120239258 749.801132202148 593.850463867188 772.869934082031 780.09033203125 724.848251342773 630.622779846191 587.760825634003 450.980049133301 611.743370056152 604.962913513184 735.078704833984 507.115577697754 774.546363830566 621.819408893585 562.79955291748 521.879886627197 621.502529144287 419.450408935547 648.691168785095 539.021987915039 656.434322357178 637.002139799297 673.278923034668 676.509162902832 683.83243560791 507.026126861572 427.563575744629 672.076530456543 528.69248008728 577.951593399048 692.287757873535 677.196418762207 437.358474731445 734.768478393555 630.720252990723 571.567170143127 591.323459625244 539.673664093018 630.947956085205 507.649108886719 513.554901123047 631.275653839111 519.803756713867 620.955310821533
430.842170715332 494.179656982422 649.838012695312 527.150093078613 606.392078399658 489.003051757812 561.795018196106 677.344795227051 588.087085723877 707.500396728516 593.219635009766 598.636348724365 583.804511070251 483.537559509277 640.880722045898 637.133388519287 643.973106384277 709.417198181152 685.48762512207 578.977464675903 719.597503662109 522.596660614014 465.025360107422 600.37915802002 586.392913818359 605.235626220703 555.541938781738 692.793003082275 449.773101806641 429.61198425293 464.601219177246 767.503494262695 599.988693237305 681.969116210938 565.751258254051 526.18282699585 588.619937896729 567.889226913452 482.33039855957 580.287005186081 512.934547424316 563.773921966553 573.070837020874 427.700881958008 543.22127532959 619.573934078217 542.980117797852 376.405487060547 726.418930053711 651.545112609863
485.268253326416 548.696218490601 580.162689208984 482.256469726562 575.215389251709 692.775817871094 534.507152557373 586.38208770752 522.520915985107 542.640329360962 610.256465911865 618.995729446411 639.06575012207 690.817359924316 594.518203735352 701.394996643066 580.944926261902 634.852516174316 776.910369873047 633.205234527588 630.188877105713 570.603149414062 729.735534667969 597.842292785645 571.498104095459 638.193859100342 838.168739318848 683.974220275879 635.493449926376 628.228214263916 658.400375366211 646.088218688965 561.242258071899 672.224456787109 537.096942901611 526.958950042725 581.812442302704 592.589515686035 802.177703857422 581.297665596008 623.229843139648 662.779842376709 644.564136505127 611.456951618195 485.828125 661.997341156006 538.229072570801 419.041931152344 627.967308044434 582.128858566284
414.213516235352 447.746795654297 674.988624572754 524.399082183838 498.709766387939 496.063507080078 598.690685272217 461.417747497559 600.408405303955 524.789026260376 519.840255737305 619.867179870605 514.312496185303 570.239320755005 614.820465087891 770.588760375977 517.759330749512 610.368330001831 541.606601715088 535.779117584229 619.290264129639 582.096032857895 478.547271728516 470.084671020508 673.628814697266 568.089847564697 803.590528488159 644.931197166443 559.135330200195 623.301782608032 564.507503509521 647.245414733887 592.577753067017 479.99235534668 632.488563537598 510.883010864258 575.863717317581 649.62525177002 690.269329071045 523.594581604004 582.240395665169 705.18000793457 647.317113876343 761.0126953125 652.925321578979 675.050983428955 711.314933776855 539.292381286621 607.828351974487 497.53239440918
593.075046539307 565.629199981689 538.178826332092 397.357482910156 541.828727722168 535.888075828552 650.227523803711 721.821960449219 588.92728805542 686.259811401367 662.273246765137 546.682918548584 637.201065063477 639.327278137207 633.343383789062 549.632478713989 645.512573242188 766.083511352539 629.024402618408 561.747909545898 677.339637756348 464.628295898438 501.847618103027 659.031402587891 561.281354904175 636.517824172974 530.282783508301 712.081998825073 656.745052337646 630.119012832642 715.978885650635 618.278198242188 702.941734313965 633.289367675781 669.169780731201 549.587535858154 540.549476623535 432.195068359375 532.361427307129 499.726371765137 650.417678833008 554.250316619873 606.873031616211 480.292266845703 619.137783050537 481.027542114258 690.913009643555 626.251831769943 579.240497589111 547.252243041992
535.487348556519 573.713230133057 565.46008682251 508.987602233887 527.232736587524 659.449768066406 479.445442199707 625.252944946289 566.74382019043 660.952335357666 755.570343017578 556.606147766113 558.923866271973 666.015342712402 721.665939331055 712.636108398438 571.168957710266 715.091903686523 574.03116607666 691.496559143066 592.036962985992 557.645318984985 645.971515655518 441.49186706543 652.011337280273 609.231550216675 689.903186798096 524.669715881348 698.566677093506 624.389595031738 599.873546600342 679.834022521973 706.589244842529 615.315074920654 872.169860839844 645.180737257004 587.428276062012 727.31787109375 634.354068756104 681.958595275879 534.692100524902 606.555779933929 482.334655761719 680.536800384521 738.013565063477 654.151950836182 615.53680062294 630.255228042603 411.471343994141 556.70153427124
685.105545043945 584.478857040405 615.682266235352 663.701293945312 652.430061340332 500.912292480469 616.512508392334 681.010665893555 626.922718048096 811.334487915039 569.036998748779 554.727569580078 590.150618076324 628.62606048584 638.763061523438 606.230987548828 726.10563659668 647.282875061035 624.737247467041 636.851963043213 666.907985687256 644.24925994873 624.581338882446 522.10474395752 641.292419433594 500.397758483887 407.971145629883 537.377773284912 566.426376342773 720.400936126709 722.816888809204 581.622680664062 814.236877441406 825.403747558594 845.048904418945 589.316253662109 783.751495361328 688.394790649414 692.470802307129 627.347456932068 719.871837615967 603.827758550644 755.461807250977 737.170913696289 630.980410337448 652.883296966553 680.981071472168 636.400428771973 670.105712890625 615.811633586884
540.077987670898 714.615341186523 599.742856025696 593.162704467773 576.667415618896 619.824714660645 547.756855010986 506.201850891113 748.11750793457 667.094703674316 633.550849914551 547.23777961731 635.371673583984 688.118072509766 560.685982704163 626.86759185791 591.583183288574 633.673023223877 564.298367500305 439.487075805664 313.2890625 331.482543945312 535.48030090332 529.097702026367 524.173751831055 679.010032653809 514.860740661621 786.551971435547 504.579025268555 501.704650878906 730.601676940918 619.869961261749 589.359382629395 639.718482971191 660.024550437927 697.106990814209 701.071228027344 633.72788476944 675.679382324219 587.040267944336 681.974128723145 638.455574035645 753.206825256348 819.995391845703 696.490203857422 535.49193572998 598.015644073486 638.291286468506 557.762397766113 652.889831542969
538.207378387451 624.156646728516 592.268947601318 400.480712890625 536.849003449082 565.651544570923 597.138084411621 601.97009563446 419.41438293457 732.644226074219 624.326557159424 734.101943969727 668.557350158691 539.114372253418 588.236095428467 624.640853881836 743.220336914062 587.238220214844 577.762342333794 573.447546482086 496.083717346191 440.486145019531 606.367830276489 513.89289855957 541.395240783691 649.288795471191 500.874099731445 501.264869689941 487.575531005859 433.068069458008 609.529922485352 576.677955627441 740.29273223877 707.869194030762 638.461149215698 520.901218414307 578.934288024902 626.859241485596 501.829254150391 563.337501525879 559.105461120605 423.987670898438 622.264251708984 744.336540222168 842.749382019043 846.897750854492 653.052967071533 642.001811981201 489.240661621094 693.177684783936
605.725582122803 546.553321838379 682.010711669922 600.524387359619 554.8303565979 562.296138763428 566.852904319763 611.132652282715 702.160614013672 701.976638793945 599.267066955566 636.096206665039 660.334342956543 601.454196929932 530.209281921387 632.550140380859 447.267921447754 478.566928863525 496.619979858398 408.974700927734 438.272155761719 452.646949768066 457.740493774414 533.909568786621 746.99494934082 754.351013183594 649.611484527588 577.060228347778 645.471725940704 557.592803955078 473.089790344238 633.853935241699 570.740632534027 700.186248779297 689.734931945801 529.807403564453 591.930282592773 483.5517578125 590.535850524902 616.60312461853 413.853851318359 659.852979660034 472.719375610352 887.55387878418 814.862724304199 708.254608154297 524.106903076172 644.633582353592 651.87766456604 523.007827758789
557.228643417358 668.071502685547 669.067337036133 716.289733886719 613.986686706543 734.295211791992 801.603179931641 566.014199256897 564.163394927979 550.215894699097 568.782612800598 672.21312713623 683.141639709473 527.861930847168 617.121849060059 468.082374572754 446.100730895996 628.521240234375 509.381378173828 455.134765625 514.334518432617 576.413151025772 597.167003631592 425.928405761719 619.154193878174 626.395261764526 585.515846252441 555.999050140381 465.834045410156 555.192909240723 376.772766113281 498.491470336914 523.045623779297 661.288875579834 487.509384155273 666.608688354492 514.37508392334 406.232635498047 432.281555175781 589.943622589111 475.860397338867 587.459274291992 588.288444519043 768.983856201172 570.50025177002 685.795761108398 639.768836021423 729.303619384766 658.912549972534 530.842098236084
706.434143066406 614.071743011475 611.867965698242 581.371427536011 649.922584533691 677.691253662109 681.951736450195 620.175792694092 604.535084724426 668.915046691895 559.224987983704 747.253601074219 694.674949645996 713.665344238281 442.225006103516 512.113796234131 678.132247924805 619.966255187988 630.297962188721 421.386383056641 546.402326583862 645.526065826416 549.324005126953 511.538108825684 664.385803222656 563.311126708984 552.855262756348 484.755447387695 452.368179321289 482.551414489746 587.471962928772 499.308860778809 574.873149871826 528.727005004883 546.072883605957 510.680061340332 560.083099365234 528.271507263184 471.785125732422 508.984985351562 559.533714294434 666.166143417358 711.635108947754 529.773292541504 674.573226928711 656.551414489746 751.229400634766 538.059803009033 666.791563034058 830.677490234375
368.100311279297 693.00505065918 676.231857299805 727.994659423828 634.618194580078 596.358665466309 599.56579208374 699.960037231445 513.242523193359 506.295387268066 482.907730102539 657.295227050781 601.715324401855 477.920463562012 650.528099060059 645.166641235352 515.063720703125 555.302095413208 633.377048492432 765.176361083984 538.168313980103 404.794036865234 579.006811618805 599.857217788696 559.169929504395 604.452078342438 688.25080871582 607.740692138672 634.168930053711 641.167373657227 690.841064453125 676.821220397949 589.07755279541 633.668102264404 524.552871704102 616.616521835327 640.661636352539 657.757919311523 641.316825866699 616.338338851929 467.696350097656 639.510374069214 598.604361534119 707.515396118164 667.956993103027 615.479789733887 731.659065246582 709.439476013184 656.868473052979 818.162963867188
