export/dem/dem6.asc
NCOLS 350
NROWS 171
XLLCORNER 152620
YLLCORNER 418050
CELLSIZE 100
NODATA_VALUE -9999
[rows 22 to 43 of 171, columns 250 to 299 of 350]
819.159569263458 786.203654527664 797.405443191528 962.70418548584 843.592880249023 828.812896728516 927.499588012695 870.910415649414 850.650337219238 666.574310302734 811.002250671387 600.300369262695 793.348346710205 742.245136976242 612.840850830078 626.656036376953 815.925714492798 638.350227355957 799.315349578857 901.857902526855 811.587364196777 694.815184593201 850.803665161133 923.457855224609 993.19596862793 931.831878662109 836.798320770264 1020.03137207031 835.364875793457 846.017875671387 857.451873779297 -9999 -9999 -9999 -9999 -9999 -9999 -9999 -9999 -9999 -9999 -9999 -9999 -9999 -9999 -9999 -9999 -9999 -9999 -9999
773.920776367188 787.765144348145 720.810802459717 705.315948486328 771.941568374634 694.719787597656 950.537520647049 936.629608154297 931.659141540527 819.827133178711 967.073127746582 910.171624183655 710.093246459961 763.491828918457 870.856719970703 830.582412719727 937.015720844269 910.043930053711 688.893615722656 1001.29891967773 813.340339660645 888.8671875 670.353832244873 811.241989135742 926.929260253906 733.754692077637 884.868537902832 769.813293457031 854.172630310059 876.349975585938 760.772430419922 1076.91108322144 885.533763885498 853.567855834961 -9999 -9999 -9999 -9999 -9999 -9999 -9999 -9999 -9999 -9999 -9999 -9999 -9999 -9999 -9999 -9999
722.305799871683 1396.41473388672 1067.55213165283 697.188850402832 874.767406463623 749.418859958649 825.692060470581 961.902397155762 821.901977539062 850.503086090088 825.214729309082 878.162017822266 1029.92030239105 684.191497802734 551.748931884766 668.040786743164 802.577926635742 769.343719482422 926.918025970459 925.627212524414 1031.51066589355 948.387969970703 917.876586914062 758.434616088867 783.314720153809 806.754089355469 843.782651424408 837.75092934072 850.99461555481 917.435424804688 984.277587890625 896.788038253784 718.932474136353 682.703638553619 945.209060668945 1015.48713493347 866.177043914795 -9999 -9999 -9999 -9999 -9999 -9999 -9999 -9999 -9999 -9999 -9999 -9999 -9999
899.560691833496 910.512702941895 641.694869995117 675.087799072266 760.403133392334 915.674530029297 943.207830429077 902.77232837677 811.880683898926 866.976112365723 736.531494140625 800.311309814453 808.720077514648 931.082542419434 834.934921264648 746.742889404297 730.047576904297 650.706100463867 851.007762908936 915.216104507446 1084.10333251953 1015.89637756348 1043.4395904541 1036.92774963379 968.560043334961 768.490566730499 942.723294734955 855.474481582642 893.06273651123 873.454572677612 640.257387161255 962.676372528076 648.50146484375 754.719749450684 906.998095035553 945.170524597168 736.970554351807 616.12043762207 730.166728973389 707.143131256104 858.345147609711 -9999 -9999 -9999 -9999 -9999 -9999 -9999 -9999 -9999
878.180278778076 964.239654541016 975.102958679199 802.221477508545 934.145866394043 893.110969543457 761.430938720703 763.404922485352 897.246627807617 597.539566040039 709.245025634766 987.165832519531 1029.81216430664 1336.18717193604 779.886825561523 940.567138671875 832.50749206543 811.294464111328 886.154848098755 1028.72626495361 946.569290161133 1011.36299133301 1119.46416091919 1254.44877624512 855.964233398438 836.024337768555 1044.6736831665 1159.74835205078 915.173072814941 883.657224655151 783.97713470459 890.271224975586 766.858425140381 535.76685333252 547.988307952881 920.781578063965 680.200500488281 672.065383911133 706.314029693604 674.481460571289 622.43408203125 737.032655715942 961.878659725189 1046.201171875 1132.20390319824 -9999 -9999 -9999 -9999 -9999
840.405640602112 916.422416687012 824.349136352539 985.67699432373 918.279888153076 981.517028808594 1204.72525787354 729.200080871582 887.733425140381 833.701400756836 794.527725219727 636.962768554688 662.156158447266 1993.78688049316 665.330169677734 875.766403198242 702.732887268066 905.466359138489 943.277757167816 958.962562561035 876.872728347778 953.662017822266 900.862434387207 1095.81483078003 979.131340026855 1074.42860937119 977.20912361145 1059.79594421387 1057.1061706543 715.081493377686 755.207257270813 838.75325012207 917.450889587402 549.228492736816 413.436126708984 487.295150756836 751.780075073242 830.828464508057 741.650703430176 632.60514831543 719.743621826172 1048.38244628906 989.866649627686 1077.50672912598 967.357542037964 986.308933258057 1083.37303161621 728.135215759277 807.058097839355 899.571809768677
833.386995315552 797.282945632935 1005.89497375488 979.851295471191 865.255583763123 991.788955688477 844.435333251953 758.944082260132 751.520071029663 643.310028076172 603.774627685547 677.454528808594 627.454940795898 1693.25067138672 576.928314208984 750.710876464844 828.090137481689 653.47932434082 738.407615661621 992.526178359985 1031.25814437866 998.616851806641 889.21293258667 1003.9538230896 1120.03617858887 1026.55094909668 1101.60836029053 1007.51163482666 987.919333457947 916.53791809082 918.179752349854 1022.72686004639 1033.56521606445 683.841020584106 707.075247764587 447.6181640625 834.406242370605 886.720858216286 790.560768127441 702.545303344727 925.231651306152 775.714936465025 867.545555114746 796.193454742432 1021.73037719727 1021.17569732666 865.376350402832 823.05383682251 763.404113769531 855.666595458984
800.969118118286 748.575309753418 877.660564422607 998.594314575195 847.973121643066 833.345802307129 703.701957702637 906.353881835938 729.895614624023 759.461250305176 618.846084594727 546.874130249023 1255.05973815918 577.495132446289 840.243654251099 762.677391052246 815.242202758789 781.13338470459 990.091651916504 673.273788452148 849.848197937012 895.869689941406 1039.40542984009 902.759828567505 982.719470977783 1619.76513671875 860.41138458252 1229.3942565918 1026.35641479492 1065.20316886902 946.842903137207 973.248634338379 1091.34547424316 728.536512374878 813.791328430176 835.235656738281 859.045791625977 746.822204589844 909.600811004639 843.86735534668 728.322479248047 781.851650714874 910.591598510742 843.99160194397 834.223537445068 738.232688903809 708.151733398438 561.293563842773 546.23748588562 771.422452926636
745.289850234985 942.516952514648 903.664939880371 940.942123413086 914.951095581055 880.45352935791 1007.01321411133 779.650124549866 816.190022468567 596.114028930664 638.360931396484 509.278533935547 1565.11752319336 512.057281494141 616.580780029297 701.85717010498 809.928169250488 787.052448272705 846.477584838867 856.71669960022 898.397396087646 881.634006500244 957.365898132324 957.482490539551 857.778575897217 863.955194473267 774.776176452637 921.756980895996 869.223894119263 954.68773651123 735.712005615234 1024.47358703613 950.072452545166 1005.7708697319 652.703338623047 921.842027664185 879.710800170898 838.273056030273 885.702484130859 904.009582519531 984.314315795898 820.079078674316 727.468139648438 974.822852134705 922.876983642578 706.793869018555 574.32307434082 521.557796478271 523.626329421997 719.848083496094
836.26485824585 842.762371063232 735.728275299072 888.839302062988 1012.23846435547 954.698425292969 833.225341796875 840.597682952881 693.988899230957 623.706771850586 643.718139648438 1145.66641998291 749.705284118652 568.979263305664 645.722305297852 711.551918029785 820.40843963623 815.388188362122 869.842147827148 949.878799438477 996.699813842773 965.866729736328 901.49479675293 950.778350830078 778.684204101562 738.201759338379 790.12033033371 810.268983125687 802.848434448242 871.012897491455 798.915603637695 737.036846160889 802.570768356323 931.91540145874 949.995239257812 810.772132873535 838.683584213257 787.46321105957 951.894710540771 1414.65045166016 924.675506591797 1111.85452270508 867.143600463867 1012.75402450562 940.798328399658 746.134157180786 724.481544494629 440.925567626953 646.882680892944 1012.48976135254
754.21524810791 858.434455871582 854.801471710205 782.046535491943 892.760192871094 816.12523651123 752.34774017334 795.592189788818 776.880916595459 557.545913696289 529.754943847656 1250.5036315918 811.432933807373 511.772369384766 774.277003765106 783.231731414795 676.52897644043 866.237213134766 825.724209308624 948.906036376953 830.776317596436 897.019744873047 802.79956817627 760.235748291016 740.093643188477 807.071544192731 781.087072372437 705.789276123047 866.890739440918 600.137771606445 760.145790100098 647.943298339844 707.434188842773 877.68683385849 842.150475502014 817.217105865479 752.376617431641 918.812713623047 908.103370666504 812.108520507812 829.334727287292 954.58952331543 984.634716033936 1422.27979850769 1021.03117370605 832.155252456665 1080.38137435913 1073.73295211792 1012.37474632263 1105.21467590332
766.000460147858 887.550750732422 866.188026428223 840.57202911377 763.554973602295 838.970733642578 851.489276885986 842.827465057373 897.822006225586 803.909145355225 1178.12718200684 605.782806396484 663.677886962891 781.389957904816 631.642395019531 805.98356628418 906.952598571777 791.57048034668 713.985214233398 715.737875461578 902.481132507324 693.101875305176 775.54444694519 775.798259735107 592.822769165039 747.548797607422 788.427620887756 786.943162918091 819.024429321289 925.756561279297 794.495656967163 823.80193901062 852.324615478516 863.435829162598 823.924686431885 696.961219787598 628.478942871094 765.271404266357 876.194458007812 748.576347351074 960.707534790039 809.774490356445 1011.07797241211 832.449600219727 1477.73408508301 640.100616455078 814.356674194336 770.197565078735 1047.84764099121 1004.46141052246
836.228672027588 810.092208862305 795.119073867798 829.379249572754 812.399787902832 866.430656433105 696.367980957031 923.231719970703 898.829818725586 1182.29347991943 637.403274536133 669.872268676758 740.61404800415 671.708297729492 757.059375762939 1083.64260101318 1091.11450195312 834.999952316284 869.796482086182 838.661030292511 821.139867782593 701.630760192871 795.118912696838 808.248847007751 848.277606964111 680.614898681641 788.624206542969 779.236824035645 877.526123046875 871.238136291504 826.61612033844 866.34854888916 919.239990234375 888.967376708984 837.358058929443 802.558578491211 778.206001281738 822.428941726685 783.230923891068 773.071786880493 941.332748413086 923.261360168457 822.503843307495 837.511474609375 919.333946228027 1355.8664894104 794.000633239746 1044.36140441895 1155.09947967529 1037.78807067871
897.237579345703 751.094482660294 797.174667358398 756.980400085449 799.545806884766 809.245412826538 719.75505065918 786.024215221405 742.457736968994 710.01780128479 758.038377761841 683.703979492188 749.594205856323 732.218662261963 723.946533203125 824.734172821045 847.742828369141 857.161922454834 794.082090377808 599.600158691406 706.202323913574 839.157615661621 730.735313415527 690.89818572998 919.964721679688 744.054428100586 852.386730194092 671.348922729492 762.742984116077 807.764319419861 794.229898452759 895.624931335449 789.44516658783 724.238296508789 1022.27767944336 857.97239780426 854.219024658203 646.024108886719 713.253532409668 685.340644836426 733.731170654297 863.186698913574 821.916483402252 763.873916625977 887.065631866455 926.948822021484 724.216262817383 1418.91471624374 908.149963378906 951.482515335083
715.462963104248 716.421476364136 833.100757598877 725.77795791626 780.497943878174 777.999856948853 885.343704223633 755.813012123108 870.238899230957 630.426406860352 656.329940795898 636.471527099609 733.4896068573 797.779927253723 1211.11864471436 805.846168518066 563.467132568359 1063.53214263916 1312.95823669434 944.022514343262 688.578811645508 812.861667633057 769.056373596191 812.566928863525 948.852813720703 927.15295124054 733.414337158203 779.612608909607 900.688591003418 799.864530563354 838.076377868652 804.857618331909 726.637153625488 698.75513458252 643.260192871094 694.718109130859 725.862983703613 781.545906066895 821.00787115097 779.089412689209 767.758659362793 871.449054718018 604.936019897461 829.262477397919 861.868514060974 872.345739364624 967.516157150269 824.964797973633 861.865440368652 980.482803344727
695.69556427002 775.685743331909 650.573547363281 838.200561523438 795.645645141602 769.240612030029 747.181866645813 1019.66368865967 630.813667297363 772.044122695923 826.006065368652 821.075639367104 831.63646030426 950.418937683105 1000.55378723145 810.518898010254 686.367080688477 892.548336029053 1329.48180389404 872.305606842041 797.04191160202 825.012554168701 673.516609191895 751.44002532959 711.459518432617 859.403335571289 855.66535949707 665.756072998047 733.251678466797 862.661796569824 736.768424987793 747.568151473999 737.476844787598 783.294281959534 593.798355102539 736.650527954102 808.207677841187 730.285514831543 680.676231384277 799.505043029785 827.723540306091 857.385063171387 838.053892161697 668.108123779297 740.676742553711 833.437593460083 1054.43338012695 759.893188476562 870.090957641602 897.677806854248
736.343140602112 658.036521911621 608.842514038086 784.466239929199 674.701198577881 862.875305175781 846.191146850586 611.561149597168 750.256052017212 825.155609130859 1282.23731803894 889.037395477295 1102.00939178467 1120.59919834137 654.407196044922 748.583374023438 794.081787109375 1635.13565826416 861.865341186523 1320.03466796875 1298.55334949493 876.476210802794 917.919479370117 685.987030029297 670.482452392578 800.027896881104 868.61727142334 608.194030761719 796.354713439941 839.125890731812 819.937816143036 832.304943084717 809.933240890503 819.588463306427 729.640502929688 868.40168762207 802.366419792175 723.154342651367 707.254348754883 930.690696716309 745.988456726074 945.311157226562 646.827102661133 917.92015838623 983.535293579102 770.490676879883 840.439186096191 902.65878534317 960.217338562012 964.77320098877
681.413383483887 667.966400146484 781.930534362793 621.126373291016 690.918389320374 762.579629898071 633.305122375488 843.883834838867 679.054389953613 703.222938537598 730.798820495605 843.969329833984 915.511863708496 1259.07538223267 1192.98846817017 883.514923095703 697.379547119141 850.475646972656 911.697555541992 932.81213760376 1150.20826721191 807.623680114746 722.722610473633 712.071144104004 709.437294006348 843.090858459473 654.43376159668 751.30012512207 776.180656433105 840.36775970459 940.082962036133 680.446060180664 890.384552001953 845.966083526611 805.409088134766 825.849530220032 760.611488342285 829.548376083374 681.388290405273 844.681946754456 748.630485534668 737.770889282227 823.186787605286 757.330474853516 790.781089782715 610.652084350586 773.430641174316 847.715550422668 990.660583496094 819.639518737793
801.013023376465 616.881820678711 735.18914937973 590.574234008789 748.342794418335 640.915573120117 713.942214012146 703.506673812866 685.522090911865 684.337566375732 839.294981002808 912.69945526123 745.987197875977 878.966236114502 742.281829833984 1113.93516159058 715.051128387451 1058.98060894012 705.238117218018 729.085315704346 734.621631622314 791.130866900086 652.663360595703 695.640357971191 772.998883008957 726.343441009521 689.804489135742 862.18098449707 860.553997039795 962.381927490234 937.804710388184 801.453758239746 920.448844909668 874.366649627686 855.420944213867 672.100173950195 854.227041244507 798.344329833984 697.167175292969 651.530883789062 1103.37958526611 687.360855102539 670.862091064453 597.457336425781 795.70361328125 900.962036132812 919.681121826172 902.619697570801 891.629886627197 775.841209411621
782.227226257324 648.498023986816 652.837600708008 694.27326965332 792.185962677002 854.567089080811 734.457980155945 695.505725860596 658.520935058594 768.555728912354 942.170764923096 937.603004455566 639.770763874054 536.392150878906 695.300815582275 928.320968359709 852.063090935349 818.146484851837 862.928245544434 738.880498886108 819.638706207275 775.483745098114 768.38542175293 768.746933460236 663.8798828125 826.950126647949 822.034061431885 812.028707504272 929.778725147247 855.202568054199 1284.49833965302 761.195713043213 824.029209136963 804.746696472168 800.832019805908 1101.68690490723 1140.50038909912 675.459594726562 842.949172019958 699.383514404297 1160.31337165833 663.301132202148 576.602783203125 792.134342193604 905.248138427734 862.978786468506 975.884582519531 872.211992263794 859.213104248047 966.547523498535
646.037075042725 694.19748878479 630.007202148438 653.876037597656 846.980047225952 618.553039550781 698.104583740234 820.79483795166 749.014362335205 949.754776000977 1122.10452651978 1457.43493270874 713.327796936035 810.293312072754 778.333267211914 629.63516998291 678.602348327637 914.225823402405 861.03621673584 708.604335784912 808.585628509521 774.834586143494 734.429998397827 598.674697875977 642.983673095703 602.596603393555 794.529495239258 780.290634155273 742.324165344238 852.382442474365 766.358470916748 765.525554656982 918.36775970459 793.409782409668 812.803638458252 908.770011901855 800.925216674805 1052.50289916992 771.51781463623 1202.02294158936 839.524817466736 704.059646606445 724.459548950195 773.711563110352 857.848720550537 830.421073913574 992.350051879883 927.184989929199 862.63712310791 749.016311645508
553.608993530273 643.583351135254 651.70027923584 621.619911193848 729.715105772018 690.50464630127 673.853149414062 769.263824462891 628.361312866211 927.855598449707 958.058113098145 772.168598175049 728.587190628052 654.151420593262 808.770965576172 757.749901771545 757.405246734619 830.46654510498 683.937477111816 811.234436035156 924.000335693359 773.456882953644 708.148063659668 727.032445907593 665.977798461914 837.290252685547 931.282669067383 740.532417297363 824.608688831329 1020.00779724121 758.356929779053 615.417762756348 749.952651977539 806.29291009903 796.184200286865 738.968734741211 813.650215148926 688.605651855469 835.870044827461 825.577255249023 878.49022769928 692.770645141602 985.162460327148 826.761471748352 860.090547561646 861.876304626465 840.975573539734 933.218536376953 881.646854400635 984.037452697754
