export/dem/dem60.asc
NCOLS 350
NROWS 171
XLLCORNER 152620
YLLCORNER 418050
CELLSIZE 100
NODATA_VALUE -9999
[rows 132 to 153 of 171, columns 300 to 349 of 350]
1006.21101379395 955.523963928223 1727.54537963867 1127.10858154297 1011.06893157959 1038.18898010254 1602.85339355469 1516.99150085449 1344.9068145752 1344.08730316162 1381.48486328125 1273.52741241455 1241.19509887695 1519.97100830078 1465.37659454346 1259.35333251953 1189.24765014648 1024.93402099609 1135.97903442383 1001.80400085449 916.419204711914 986.005889892578 882.985679626465 724.001235961914 900.196334838867 887.721286773682 812.178123474121 798.983390808105 873.391895294189 899.762512207031 892.275550842285 911.911285400391 854.128849029541 861.28443145752 -9999 -9999 -9999 -9999 -9999 -9999 -9999 -9999 -9999 -9999 -9999 -9999 -9999 -9999 -9999 -9999
816.81427192688 1115.45365905762 1170.28698730469 1317.30332183838 1139.9016418457 1078.3977355957 1443.76385498047 1936.1413269043 1471.57678222656 1403.63519287109 1247.10137939453 1427.16360473633 1117.3189907074 1281.33319091797 1573.73012542725 1788.96808242798 1639.97129821777 2143.9235534668 1846.74328613281 1513.22473144531 1705.35401916504 1125.0404510498 858.94443488121 899.717935562134 766.516326904297 848.641770362854 796.857061386108 956.602973937988 911.100470066071 767.408981323242 886.529727935791 935.321682453156 1002.22256469727 890.577442169189 -9999 -9999 -9999 -9999 -9999 -9999 -9999 -9999 -9999 -9999 -9999 -9999 -9999 -9999 -9999 -9999
899.289237976074 969.878234863281 925.831069946289 1080.09397125244 1107.64443206787 1044.13220977783 1402.55049133301 1523.84942626953 1298.84834289551 1308.66368103027 1200.28609466553 1405.10989379883 1273.20376586914 1311.57698059082 1392.03436279297 1543.33786010742 1434.48107910156 1378.99034118652 1191.10829162598 1145.55583190918 1191.00407409668 1053.55278015137 873.291747570038 870.779491424561 819.740642547607 979.521499633789 843.078071594238 868.794707298279 950.091579437256 876.033863067627 954.180587768555 934.075965881348 859.343482971191 975.252792358398 880.551137119532 -9999 -9999 -9999 -9999 -9999 -9999 -9999 -9999 -9999 -9999 -9999 -9999 -9999 -9999 -9999
804.534676551819 936.847854614258 1107.06287384033 1329.44054412842 1052.75527191162 1189.47387695312 1126.0959777832 1554.09957885742 1647.45840454102 1488.23818969727 1256.43670654297 1455.87624359131 1177.45306396484 1238.73358154297 1334.41926574707 1885.26641845703 1482.79925537109 1120.90039825439 1182.03262329102 1099.87579345703 1028.83242797852 958.005683898926 1216.81195640564 1009.6233663559 816.113159179688 782.561141967773 578.889404296875 848.780714035034 832.84977722168 833.981391906738 861.121170043945 972.56404876709 1210.28977966309 783.151292800903 1088.39183044434 894.903160095215 -9999 -9999 -9999 -9999 -9999 -9999 -9999 -9999 -9999 -9999 -9999 -9999 -9999 -9999
961.345321655273 927.419555664062 850.619123458862 933.09587097168 1004.97596740723 1176.81715393066 1361.72695922852 1082.84411621094 1182.4952545166 1260.27294921875 1189.46820068359 1244.7261505127 1424.39723968506 1730.35501861572 1257.09433746338 1206.19209289551 1229.37245178223 985.366973876953 1024.98366546631 1042.39015197754 907.772398948669 903.925201416016 817.499969482422 1128.82014036179 857.10807800293 998.443901062012 831.145626068115 883.878284454346 690.451538085938 689.959991455078 1006.61121368408 1552.05377578735 907.421733856201 848.98193693161 766.306632995605 914.180704116821 -9999 -9999 -9999 -9999 -9999 -9999 -9999 -9999 -9999 -9999 -9999 -9999 -9999 -9999
711.894500732422 985.922706604004 1091.46115112305 1008.49429321289 902.220699310303 1111.39838790894 1115.97245788574 1110.41648864746 1021.92076873779 1146.92190551758 1171.80796813965 1223.36354064941 1268.38676071167 1459.24228286743 1334.47517967224 1042.23267555237 944.821929931641 889.873805999756 966.206935882568 1054.01741790771 997.658010482788 875.65355682373 939.779726982117 1156.41789245605 844.018997192383 1086.69048881531 1637.51682662964 977.790641784668 820.155365943909 845.032604217529 1335.44006919861 1030.71288299561 1029.3369140625 901.803573608398 812.165023803711 774.354156494141 1056.32406616211 -9999 -9999 -9999 -9999 -9999 -9999 -9999 -9999 -9999 -9999 -9999 -9999 -9999
930.244541168213 1060.88302612305 928.627446174622 923.382263183594 856.334518432617 1195.72970581055 1423.8567199707 1099.12325286865 1300.63128662109 1192.11207580566 1016.64949226379 958.852579116821 1130.86111235619 1596.57834243774 1439.33324813843 1364.79383087158 983.269504547119 1037.43600082397 1102.3092880249 1088.99655151367 1055.02584075928 956.661436080933 1043.17740631104 1168.46983337402 925.081893920898 1025.29407501221 1116.75510406494 935.211715698242 1310.44409179688 1409.76782226562 1120.77506637573 991.014274597168 815.871757507324 1034.63725280762 851.751026153564 752.733192443848 748.169582366943 -9999 -9999 -9999 -9999 -9999 -9999 -9999 -9999 -9999 -9999 -9999 -9999 -9999
747.828207015991 1004.55282592773 1019.82473754883 917.726295471191 904.0615234375 1252.49017333984 1358.54852294922 1186.06793212891 1122.29354858398 1142.81732177734 1051.64254379272 1144.7244720459 951.578620910645 1054.421459198 1736.66799926758 1722.03480148315 894.182033538818 1102.61185455322 1130.70250701904 1145.1750869751 1026.72167205811 1111.62693786621 1040.46390151978 1062.35222625732 1122.74703979492 1080.51882171631 1039.81848144531 1011.26243591309 998.009761810303 1124.27759170532 886.056564331055 941.480215072632 897.67024230957 801.390411376953 834.632736206055 949.844753265381 844.963001251221 827.298904418945 -9999 -9999 -9999 -9999 -9999 -9999 -9999 -9999 -9999 -9999 -9999 -9999
851.430788040161 924.673862457275 818.919450759888 843.410724639893 1044.14593505859 1074.24633789062 1074.91774749756 1186.32760620117 1068.27299380302 1180.54330444336 1061.7712020874 920.634117126465 999.053822994232 1087.81449127197 1311.86110496521 1450.77783203125 997.942207336426 1140.20558166504 1081.10622406006 989.685516357422 1117.13376235962 991.737609863281 896.366130828857 1101.11587524414 983.946441650391 902.204113006592 1018.55931091309 1042.50297164917 1088.77572631836 878.601806640625 1470.53031158447 1048.7118473053 976.490127563477 984.466148376465 1017.62875366211 924.79423199594 970.59761428833 954.043846130371 -9999 -9999 -9999 -9999 -9999 -9999 -9999 -9999 -9999 -9999 -9999 -9999
786.242485046387 661.614784240723 958.832038879395 939.834922790527 908.714550018311 1037.82070159912 1099.19111633301 955.90983581543 1039.79671764374 967.597381591797 898.944671630859 1071.19487953186 1025.26996564865 1027.93506240845 1191.85541725159 1383.99814796448 1127.5923538208 1214.9038772583 1184.04679870605 1084.14805603027 981.970966339111 870.760276794434 919.343200683594 1066.7936706543 1096.09306335449 997.281120300293 1110.21447753906 1027.58646070957 1025.04502105713 1106.11386871338 1349.94568634033 1029.1804485321 915.650207519531 1058.01652526855 1020.36462402344 1017.19956970215 1051.82200622559 867.885055541992 740.576782226562 -9999 -9999 -9999 -9999 -9999 -9999 -9999 -9999 -9999 -9999 -9999
708.742111206055 891.118576049805 835.808883547783 900.596811294556 952.042495727539 1229.09928894043 1346.01286315918 1074.04005241394 1049.5580291748 972.983963012695 818.868118286133 1057.68730926514 1073.24929046631 1055.74543571472 1296.84817886353 1118.34560775757 1072.12453269958 1013.53822898865 1048.81618118286 1295.03775024414 1232.55540466309 954.722106933594 1373.99970245361 1083.32271766663 963.367061138153 1050.61709976196 892.733868598938 989.96607208252 1112.94493103027 1086.45650482178 1197.89611721039 1208.32032394409 874.090431213379 926.878517150879 1016.23771095276 935.808473587036 896.990440368652 1003.90142059326 927.234352111816 -9999 -9999 -9999 -9999 -9999 -9999 -9999 -9999 -9999 -9999 -9999
701.872695446014 755.009963001125 788.619445800781 628.266792297363 923.461723327637 908.793329715729 962.504905700684 1028.83515167236 881.019340515137 723.697124481201 823.452323913574 917.427906036377 976.428070068359 1166.82199859619 1261.17446899414 1353.29294967651 1006.84568405151 1001.39569854736 1033.81484222412 960.697189331055 967.680389404297 798.728820800781 1164.74645233154 1121.10158538818 1171.82482910156 951.424068450928 1025.25914001465 1028.10611724854 1125.0407371521 1093.85257339478 906.361755371094 1251.63682556152 934.053245544434 1017.82537078857 798.813446044922 903.482192993164 798.605239868164 855.435157775879 869.221606254578 -9999 -9999 -9999 -9999 -9999 -9999 -9999 -9999 -9999 -9999 -9999
750.79430770874 633.70520401001 727.531312942505 760.089588165283 758.461016595364 781.668581008911 909.583236694336 837.659912109375 952.293182373047 733.104026794434 782.621468544006 756.106252670288 1016.16586303711 1070.25226593018 1210.32339477539 1113.80429172516 1582.38250350952 1160.80531311035 1209.29023742676 969.696113586426 798.822570800781 765.708786010742 914.066780090332 1093.94262695312 1086.01045227051 904.530944824219 1492.10869598389 893.749954223633 1121.69530487061 1056.19450759888 900.532302856445 986.875194549561 855.522018432617 910.0314245224 889.732879638672 828.428436279297 809.755340576172 911.956268310547 776.794128417969 782.060195922852 -9999 -9999 -9999 -9999 -9999 -9999 -9999 -9999 -9999 -9999
697.367786407471 688.411560058594 564.851425170898 708.495086669922 810.408126831055 670.29647064209 784.367042541504 782.482521057129 872.420394897461 1025.92779541016 817.046911239624 594.688858032227 874.534820556641 896.829666137695 1020.89253997803 979.530371665955 1188.26119995117 1090.32756233215 1672.05571746826 1041.4781036377 1067.90107727051 797.91845703125 1015.03522491455 887.055435180664 1461.5708065033 1604.36872291565 1000.60198450089 1119.9668006897 1108.94847869873 924.571384429932 962.008193969727 907.88005065918 921.037551879883 833.365539550781 1005.7723236084 1011.93832397461 941.651012420654 925.112877845764 893.265087962151 811.107162475586 -9999 -9999 -9999 -9999 -9999 -9999 -9999 -9999 -9999 -9999
841.530517578125 683.87621307373 580.559646606445 764.913669586182 622.422622680664 729.846477508545 662.49055480957 587.152542114258 948.489022254944 945.08528137207 814.259756088257 728.069381713867 697.740821838379 810.317321777344 893.028790473938 1014.89560699463 991.239791870117 1123.26069641113 1195.35974121094 1091.94533920288 791.595779418945 1073.40139389038 1033.60611248016 953.747650146484 1013.21210938692 1284.25869560242 1058.25556182861 968.411115646362 1001.03272247314 960.03182220459 951.006134033203 1077.64426422119 842.207992553711 1059.06280517578 864.126647949219 840.477043151855 1013.04644393921 1067.19580841064 872.097763061523 937.567336082458 -9999 -9999 -9999 -9999 -9999 -9999 -9999 -9999 -9999 -9999
693.822113037109 619.34587097168 700.701457977295 777.697345733643 771.163670301437 857.44126701355 638.996017456055 790.808275222778 755.012998580933 899.02172088623 846.461608886719 835.985546112061 646.146987915039 740.353986740112 765.886680603027 733.293357849121 1052.5432510376 1064.02251434326 1082.15314865112 1142.96169281006 935.607635498047 1031.87171173096 988.293422698975 1165.17330551147 1080.1037902832 899.324020385742 729.192565917969 1174.85088348389 872.140609741211 994.087829589844 854.387130737305 969.447536468506 953.937767028809 941.574186325073 1040.25658416748 754.196685791016 946.935302734375 995.190460205078 914.879192352295 900.968052864075 886.909910202026 -9999 -9999 -9999 -9999 -9999 -9999 -9999 -9999 -9999
666.091339111328 789.246851921082 760.715869903564 736.938452720642 670.381576538086 687.575866699219 838.835956573486 730.123023986816 800.407302856445 835.981269836426 934.795322418213 874.6611328125 774.07438659668 880.809459686279 720.130516052246 871.453907012939 966.878517150879 1027.88381958008 912.201211929321 1085.30052185059 1041.83105611801 1156.31259155273 949.749694824219 1212.78440093994 937.398231506348 974.284912109375 973.021728515625 979.831764221191 900.517524719238 861.717672348022 869.649982452393 803.575904846191 892.947685241699 773.785293579102 981.610385894775 970.057228088379 1053.86253356934 808.968444824219 890.219237327576 928.135316848755 761.144073486328 -9999 -9999 -9999 -9999 -9999 -9999 -9999 -9999 -9999
737.102956771851 636.821090698242 767.485649108887 669.799545288086 644.620040893555 667.928573608398 597.226867675781 733.255081176758 797.459491729736 749.768547058105 502.861358642578 716.01904296875 797.271408081055 1043.27055358887 741.621559143066 699.130958557129 806.002918243408 796.384029388428 981.262901306152 878.716407775879 850.386981964111 964.763451099396 1160.85926055908 1141.7631893158 944.00813293457 977.436790466309 959.898355484009 870.123474121094 899.693395614624 849.976654052734 913.127393722534 947.33570098877 973.180023193359 866.611789703369 948.227465629578 1051.05744409561 892.074775695801 844.394859313965 864.823204040527 816.78596496582 942.863494873047 1012.59290313721 -9999 -9999 -9999 -9999 -9999 -9999 -9999 -9999
678.719314575195 772.490607261658 782.02993106842 734.889099121094 812.001358032227 668.573272705078 662.936027526855 839.76863861084 787.159099578857 859.675812602043 801.041343688965 837.30256652832 785.346893310547 666.176177978516 887.200881958008 809.560119628906 935.053764343262 788.743797302246 667.426666259766 952.99617767334 869.957537651062 1026.98905181885 1008.96865081787 895.483291625977 891.818321228027 800.176239013672 1025.77809619904 1031.68531799316 875.986976623535 749.457412719727 908.785186767578 878.031551361084 806.051246643066 734.770767211914 909.758060455322 741.719161987305 843.055465698242 824.16764831543 738.628463745117 962.019706726074 1013.56437301636 995.98671913147 -9999 -9999 -9999 -9999 -9999 -9999 -9999 -9999
579.783737182617 591.954620361328 776.782222747803 646.115272521973 740.119007110596 844.476554870605 608.105590820312 801.366292953491 644.308166503906 786.237274169922 741.360946655273 716.072326660156 740.725433349609 799.330657958984 828.318634033203 902.290828704834 890.825647354126 960.287727355957 718.437004089355 888.792823791504 1022.75033569336 709.905342102051 830.251994609833 743.961624145508 868.040649414062 926.0224609375 995.126197814941 1067.01178741455 988.736071169376 1033.71369934082 952.806370735168 981.653469085693 659.179748535156 935.974899768829 1200.88985443115 919.306180953979 913.454076290131 847.572708129883 896.530799865723 955.124294281006 901.166435241699 851.296630859375 814.139495849609 -9999 -9999 -9999 -9999 -9999 -9999 -9999
756.897861480713 728.799423217773 744.527801513672 721.17456817627 715.399208068848 793.48286819458 716.468688964844 748.823830604553 702.873504638672 770.241714477539 933.882610321045 1087.7018661499 917.850624084473 647.780639648438 939.117847442627 943.127639770508 960.864097595215 960.176100730896 1036.36476135254 1013.65550231934 973.99401473999 753.161655426025 854.351222038269 850.308758020401 837.981067657471 903.012613296509 954.296928405762 839.009784698486 765.73600769043 968.77100944519 979.241981506348 884.718307495117 914.95125579834 924.15523147583 1161.38273620605 925.042310714722 900.932502746582 1056.11863899231 813.348892211914 1029.16442298889 877.59700012207 803.799758911133 875.791778564453 -9999 -9999 -9999 -9999 -9999 -9999 -9999
803.214812278748 651.009628295898 725.820461273193 674.260856628418 746.24730682373 727.519702911377 931.144271850586 783.03626537323 842.212287902832 830.24698638916 739.503486633301 833.92972946167 1002.78327560425 868.805545806885 795.602167129517 798.588865280151 696.464385986328 1004.50176239014 860.774429321289 985.877774715424 849.913425445557 1065.88131713867 1004.34275817871 1001.81806182861 896.198179244995 901.107219696045 896.334478378296 732.275253295898 837.405487060547 774.766731262207 921.954113006592 950.05996131897 886.219734191895 907.446338653564 1217.95696258545 829.2099609375 914.869968414307 1014.59519910812 873.506675720215 1063.37833023071 932.121452331543 1004.21715164185 728.220672607422 919.52396774292 -9999 -9999 -9999 -9999 -9999 -9999
