export/dem/dem67.asc
NCOLS 350
NROWS 171
XLLCORNER 152620
YLLCORNER 418050
CELLSIZE 100
NODATA_VALUE -9999
[rows 66 to 87 of 171, columns 50 to 99 of 350]
409.934799194336 530.973617553711 576.755897521973 694.536697387695 394.240661621094 501.860237121582 431.712781906128 494.201477050781 456.551599502563 483.590301513672 503.901069641113 447.017318725586 353.124815940857 282.932647705078 336.278087615967 160.269989013672 266.198509216309 342.498962402344 148.460006713867 342.994964599609 375.482028782368 293.909332275391 442.1999168396 375.098404884338 473.344772338867 556.462753295898 467.60400390625 348.80738067627 356.80198097229 247.740615844727 380.540466308594 402.174458026886 405.475120544434 449.888156890869 370.198490142822 440.926609039307 302.586578369141 388.452102661133 559.701332092285 364.504447937012 357.282455444336 528.465644836426 429.32040977478 545.728446960449 448.266102313995 430.661217212677 403.043815612793 401.997917175293 621.398406982422 473.94545173645
417.456367492676 522.359275817871 523.598335266113 389.483806610107 461.735462188721 390.346445560455 513.363479614258 396.288391113281 511.012237548828 432.100394248962 402.887561798096 351.208511352539 310.815582275391 292.123191833496 147.536590576172 151.289108276367 252.383010864258 311.414886474609 245.158264160156 144.446868896484 188.962844848633 339.659133911133 338.840221405029 383.719343185425 430.988426208496 406.206594467163 494.686126708984 375.200119018555 410.082408905029 327.745239257812 364.515830993652 353.235160827637 346.655616760254 544.088241577148 400.350702285767 531.097702026367 317.745468139648 435.783237457275 413.058561325073 365.080791473389 447.83522605896 508.570594787598 505.631607055664 473.567253112793 440.222360610962 474.716102600098 616.179901123047 498.021713256836 533.081474304199 530.545433044434
650.192153930664 510.829784393311 442.327719688416 439.452330589294 375.995380401611 345.933521270752 311.029930114746 263.755836486816 341.522985458374 537.350723266602 430.31290435791 231.259185791016 420.47297668457 130.438064575195 245.725883483887 89.3638916015625 343.945196151733 191.982803344727 411.502765655518 198.312744140625 254.034515380859 299.267044067383 462.808120727539 607.043502807617 208.310073852539 526.717178344727 427.673160552979 411.5060338974 427.843151092529 414.546985626221 223.658630371094 335.082046508789 242.2158203125 221.738586425781 368.610038757324 407.73793309927 379.878078460693 439.016918182373 329.113433837891 356.86510848999 431.835213184357 622.561538696289 446.289165616035 471.948219299316 328.422355651855 421.02409362793 380.432441711426 543.876937866211 414.43635559082 562.179328918457
583.670295715332 579.99951171875 547.701393127441 564.68830871582 401.935314953327 411.945463180542 436.766956329346 302.129844665527 274.332397460938 363.336686611176 428.723075866699 266.049385070801 291.727966308594 354.857169151306 256.034133911133 243.609756469727 277.528686523438 327.492118835449 421.340660095215 476.610664367676 152.820907592773 522.348907470703 397.439985275269 366.978429794312 283.136978149414 402.117565155029 417.558397293091 325.074348449707 201.310302734375 450.091331481934 273.594314575195 332.588821411133 509.456848144531 457.077060699463 425.748249053955 551.859024047852 391.967056751251 484.879196166992 424.732311725616 374.148155212402 441.567649841309 535.865898132324 401.336120605469 232.846267700195 403.623363494873 476.871729373932 503.026844024658 437.329015731812 392.91202545166 452.93480014801
382.167175292969 502.600231170654 424.089630723 442.111238479614 312.664039611816 231.530258178711 266.718330383301 278.330684661865 294.944030761719 245.557556152344 418.726226806641 269.411643981934 405.234010696411 240.424346923828 338.037365913391 318.960399627686 436.29976272583 380.781672477722 373.591633796692 270.512390136719 421.06383895874 345.124485015869 398.012329101562 398.310047149658 447.730430603027 497.190689086914 332.11988067627 245.612152099609 443.101516723633 478.771339416504 410.943309783936 459.939903259277 433.917655944824 364.240497589111 478.085830688477 438.046421051025 369.394102096558 353.109169006348 353.214408874512 576.951141357422 467.345596313477 449.908163070679 457.632358551025 280.024337768555 459.421938419342 391.080890655518 449.242201924324 551.916961669922 515.300922393799 601.077423095703
342.263999938965 471.200193405151 422.373003959656 387.646299362183 400.895929336548 257.113716125488 227.264678955078 261.694808959961 351.298043489456 342.371718406677 305.034145355225 259.90128326416 206.06901550293 300.544258117676 416.12754535675 300.485527038574 263.183906555176 489.669281005859 428.915267944336 421.537857055664 333.424026489258 297.182571411133 337.474334716797 387.764566421509 414.723054885864 347.791702270508 527.133331298828 429.651126861572 462.850227355957 165.955200195312 540.1142578125 537.034362792969 536.198165893555 494.109107971191 385.088876724243 309.615287780762 264.093200683594 311.463348388672 286.042953491211 373.358493804932 384.983913421631 400.77774810791 525.940101623535 440.116388320923 447.776529312134 421.828125 343.445365905762 424.537178039551 557.595573425293 396.828590393066
531.417411804199 538.377082824707 433.943260192871 332.772537231445 321.750312805176 404.121963500977 369.964625835419 149.697906494141 318.27357673645 528.973861694336 319.017423629761 301.50617980957 438.390617370605 267.033645629883 374.437477111816 275.238227844238 327.284664154053 383.068162918091 326.955944061279 412.164319992065 399.532537460327 446.791557312012 317.484405517578 368.530865907669 287.44197845459 371.617561340332 381.124715805054 330.367762565613 385.625827074051 434.86775970459 529.977127075195 407.274560928345 450.011341094971 400.785300254822 461.172843933105 411.558460235596 493.123306274414 426.569430828094 328.821632385254 315.475227355957 404.593414306641 420.003229141235 574.033950805664 485.812168121338 413.686904907227 563.946586608887 488.324285507202 410.845062255859 454.563707351685 504.057605743408
410.589809417725 461.27893447876 541.129974365234 355.559070587158 109.155349731445 244.331024169922 368.72971200943 162.473571777344 294.533473968506 340.305474281311 392.993799209595 359.029654979706 328.166687011719 439.772422790527 251.712425231934 365.812398910522 366.469683647156 397.335750579834 291.781234741211 400.637409210205 403.319892883301 469.179618835449 228.282470703125 435.359386444092 486.117546081543 447.812698364258 271.195617675781 433.466323852539 271.000122070312 463.897079467773 407.516132354736 376.144165560603 444.729625701904 479.429389953613 472.147399902344 541.735900878906 428.029382705688 440.742671012878 465.973342895508 568.123123168945 561.933235168457 520.141662597656 470.418899536133 501.952201843262 557.087295532227 532.116973876953 466.390544891357 617.603271484375 479.514588356018 397.550987243652
399.572668075562 384.688766479492 360.111801147461 540.751480102539 271.536315917969 279.194435119629 381.426055908203 389.677827835083 360.302249908447 385.75226020813 500.485595703125 430.95393371582 402.962726593018 450.492134094238 417.553619384766 287.207145690918 276.628219604492 355.202995300293 305.99250793457 17.2186889648438 373.841388702393 415.317546844482 413.361038208008 449.602912902832 437.507648468018 395.387752532959 353.616161346436 327.382068634033 389.24977684021 546.497100830078 295.35026550293 281.046669006348 436.10359954834 409.581113219261 543.929290771484 523.248443603516 380.411315917969 314.540130615234 351.77458190918 458.344405174255 505.726821899414 401.073394775391 544.332145690918 442.615060806274 510.420383453369 467.480230331421 433.347553253174 561.58549118042 403.649421691895 418.166282653809
453.225700378418 300.812614440918 560.413696289062 366.639793395996 424.610824584961 420.058250427246 312.299621582031 377.109854578972 339.250202178955 341.515797615051 413.190856933594 386.009428024292 441.51301574707 452.329429626465 321.399894714355 308.417392730713 420.850681304932 270.197677612305 412.233615875244 368.818009853363 302.838829040527 356.192639350891 411.035053253174 407.293228149414 433.948768615723 497.317832946777 438.621269226074 385.273729324341 357.867513656616 535.043563842773 518.568389892578 449.609516143799 485.359657287598 371.875078201294 471.614242553711 443.377214431763 529.64070892334 544.619621276855 409.608470916748 524.172889709473 550.733108520508 529.60774230957 419.156036376953 455.03325843811 595.025009155273 457.455862045288 456.00855255127 330.777267456055 428.996147155762 630.547988891602
490.704704284668 287.376091003418 394.180089235306 460.379692077637 387.5871925354 346.301635742188 288.055381774902 457.126304626465 413.318309783936 275.901279449463 386.855690002441 411.106086730957 411.502388000488 354.524652481079 326.916530609131 251.250785827637 384.254213094711 315.169540405273 226.511688232422 263.159248352051 398.19506072998 511.154098510742 387.738031387329 430.718757629395 489.642547607422 487.561874389648 535.121994018555 396.992073059082 416.422100067139 486.23469543457 484.789985656738 437.787021636963 478.702011108398 436.221355438232 400.946959495544 439.731122970581 452.750042915344 345.010612487793 577.47639465332 569.985771179199 458.244590759277 322.972747802734 427.977947235107 405.197597503662 515.994380950928 576.316032409668 651.787061691284 846.830657958984 482.785469055176 630.22945022583
485.436325073242 470.743948459625 336.202514648438 383.487132549286 428.842842102051 446.352283477783 309.829795837402 431.858589172363 345.512132644653 378.217132091522 496.945598602295 256.950263977051 430.26180267334 280.379188537598 175.983871459961 177.845825195312 281.041557312012 253.473724365234 316.814098358154 344.196924209595 273.570732116699 412.767894744873 324.394233703613 507.42008972168 285.432571411133 561.542358398438 501.518196105957 433.035068511963 395.849076271057 526.377166748047 478.805435180664 441.604507446289 471.583847045898 435.595623016357 477.788906097412 489.822395324707 507.116607666016 430.892318725586 551.404747009277 690.046173095703 552.380142211914 440.290019989014 333.29305267334 520.667900085449 445.16890335083 773.237770080566 524.877853393555 702.695732116699 381.729194641113 600.431686401367
497.225553512573 455.072219848633 257.971748352051 499.058296203613 406.617975234985 502.076652526855 423.701137542725 429.45295715332 412.672878265381 323.060619354248 419.332038879395 319.588329315186 318.211364746094 343.445844650269 431.030136108398 362.782818317413 242.782112121582 318.720485687256 231.531890869141 325.653072357178 257.478996276855 276.571800231934 463.03263092041 334.472774505615 424.422763824463 435.719604492188 278.63777923584 348.407318115234 304.865371704102 431.041275024414 429.786350250244 469.264381408691 419.752985954285 393.621059417725 537.22240447998 556.679809570312 449.88393497467 502.738885879517 541.314868927002 464.703102111816 506.78727722168 540.856414794922 520.636283874512 776.295545578003 493.287498474121 713.220102310181 524.089023590088 530.17497253418 441.529426574707 603.554958343506
384.358486175537 360.425796508789 513.983581542969 328.85961151123 341.139335632324 460.741453170776 361.476338386536 308.532772064209 248.763336181641 288.835758209229 271.04190826416 320.712882995605 349.688831090927 308.25297164917 283.082237243652 458.711563110352 338.103710174561 357.902597427368 310.363059997559 179.106353759766 191.999557495117 221.241874694824 355.14507484436 455.324737548828 539.42431640625 267.898811340332 380.243996620178 457.422401428223 525.464447021484 204.282241821289 317.058036804199 409.877653837204 388.126852035522 333.484275817871 476.910488128662 497.191509246826 517.362117767334 369.055992126465 504.734893798828 464.006813049316 468.60523223877 451.206077575684 865.421264648438 667.835876464844 625.695589065552 754.344924926758 647.513233184814 657.313827514648 296.442718505859 584.291427612305
467.402374267578 472.56649017334 431.454128265381 387.398345947266 317.844772338867 262.125183105469 289.387054443359 230.737518310547 115.679885864258 263.351623535156 191.900573730469 372.833207130432 326.07283782959 469.345832824707 328.59349822998 396.909992218018 361.165047645569 272.431922912598 372.861720323563 364.040205001831 161.488372802734 288.628845214844 469.318977355957 385.236941337585 409.565174102783 387.148850917816 431.420341491699 407.33729839325 359.325954437256 386.37285733223 349.946598052979 300.974891662598 492.162742614746 312.461280822754 486.175203323364 578.17414855957 444.760850906372 403.892791748047 404.243743896484 419.356986999512 590.753929138184 591.178112030029 836.949271678925 494.557350158691 489.839916229248 433.273765563965 648.549175262451 714.48551940918 354.747009277344 450.214752197266
450.972732543945 298.433555603027 427.035118103027 261.804206848145 291.892143249512 394.983089447021 313.1374168396 449.748687744141 364.897686958313 321.82901763916 303.53670501709 297.629535675049 407.1471824646 490.864990234375 556.219619750977 429.331237792969 316.43274307251 373.705589294434 351.070924758911 315.927906036377 330.22798538208 377.556964874268 501.886940002441 432.871030330658 367.493389129639 400.238276958466 477.166290283203 498.256576538086 210.113632202148 229.522125244141 374.62265586853 367.405164718628 369.138885498047 525.801330566406 525.636043548584 556.462371826172 658.033142089844 362.652923583984 413.388717651367 501.692375183105 819.383157730103 493.202095031738 780.233055114746 611.63298034668 504.743121385574 558.066802978516 519.385953903198 565.593807220459 413.401817321777 421.374046325684
552.288772583008 248.753799438477 298.038745880127 374.359771728516 411.399616241455 335.737941741943 468.980163574219 430.688060760498 281.964729309082 362.625781059265 411.463306427002 344.964834690094 569.972640991211 438.074371337891 392.831596374512 310.440757751465 454.836067199707 397.077949523926 476.464614868164 284.877227783203 332.616588592529 367.742075204849 395.81507396698 441.632480621338 215.702255249023 390.819737315178 286.26033782959 410.527389526367 425.495994567871 432.269742965698 403.430902004242 313.868278503418 279.185653686523 459.436415195465 317.619720458984 339.436790466309 382.500274658203 557.506258010864 775.726982116699 597.066959381104 485.383934020996 389.267097473145 599.21321105957 560.767116546631 421.166122436523 425.79833984375 419.105110168457 432.76643371582 409.935882568359 530.810917854309
523.437705993652 417.366687774658 371.630971908569 259.201805114746 263.072044372559 269.357330322266 285.492496490479 472.235305786133 240.308647155762 421.181907653809 246.568824768066 336.067228317261 382.089160919189 405.768604278564 478.705291748047 396.20210647583 207.718994140625 315.423000335693 320.655429840088 379.0827293396 366.915950775146 260.630401611328 524.163497924805 554.460464477539 274.674255371094 423.335275650024 364.413497924805 507.111312866211 242.640548706055 492.114097595215 343.515735626221 417.622269868851 495.831321716309 521.553190231323 491.074094772339 538.839752197266 499.566841125488 584.227844238281 656.038304328918 301.574447631836 477.336809635162 461.90225982666 471.638202667236 523.723697662354 549.119960784912 505.740058898926 559.01256942749 591.582550048828 648.345737457275 460.038650512695
483.037101745605 433.225603103638 363.976008892059 159.595596313477 281.631980895996 391.340316772461 378.493293762207 532.04573059082 478.489730834961 530.597793579102 345.567700386047 265.705261230469 504.427917480469 378.036645889282 439.823265075684 300.574264526367 401.954277038574 259.740409851074 413.547992706299 308.309684753418 328.181484222412 322.777473449707 384.298467636108 331.778987884521 413.396306991577 406.811396360397 286.98876953125 350.026851654053 160.508087158203 424.249265670776 446.123424530029 290.806869506836 354.400543212891 516.801513671875 366.00471496582 300.511077880859 519.731689453125 417.6279296875 531.9885597229 575.199001312256 362.35962677002 457.10326385498 605.619682788849 443.718551635742 557.860801696777 554.428997039795 745.146209716797 601.505821228027 654.080806732178 562.580459594727
496.159828186035 298.763977050781 449.43025970459 374.668312549591 422.598907470703 504.435684204102 199.631378173828 337.84716796875 386.312991142273 348.065628051758 442.966766357422 419.388999938965 492.36589050293 418.066570281982 380.439981460571 331.034574508667 336.223693847656 448.848014831543 472.698173522949 586.651580810547 321.966354370117 264.565727233887 216.136276245117 476.27449798584 378.693908691406 542.811309814453 357.913726806641 456.10132598877 451.570163726807 414.717710494995 295.680908203125 398.890930175781 386.663787841797 639.740783691406 330.511642456055 265.352569580078 546.409687042236 445.704963684082 509.115509033203 577.096572875977 548.070835113525 618.825868606567 536.282203674316 513.50129699707 477.311996459961 -9999 -9999 818.774742126465 575.271644592285 762.724655151367
332.830108642578 324.468078613281 256.121475219727 412.156215667725 376.336193561554 521.07666015625 280.88117980957 413.619415283203 264.655181884766 300.441341400146 327.981192588806 366.166301727295 312.572814941406 372.302955627441 388.022514343262 267.661926269531 355.174179792404 356.623341083527 330.833969116211 367.154702663422 421.213806152344 480.12776184082 398.781384468079 458.03133392334 286.524429321289 399.746930122375 357.436176300049 404.966892242432 409.860376358032 422.704406261444 416.22235584259 334.906517028809 470.915781736374 379.23072052002 498.00599861145 918.157844543457 613.54220199585 511.530265808105 400.745170593262 425.556007385254 554.186134338379 544.973243713379 -9999 -9999 -9999 -9999 -9999 -9999 -9999 -9999
481.19066619873 425.672189712524 298.675247192383 414.221849441528 520.675720214844 325.132457733154 448.4296875 224.969306945801 434.236106872559 410.985908508301 247.54296875 207.34407043457 348.335549354553 356.95047044754 356.580846786499 316.926895141602 330.31326675415 472.780448913574 511.348571777344 274.005363464355 429.455257415771 309.393264770508 358.722236633301 455.56538772583 314.800178527832 455.602981567383 486.894714355469 377.507369995117 466.871299743652 526.182006835938 192.561889648438 481.390815734863 590.96590423584 468.28018951416 358.900749206543 500.88745880127 495.205711364746 527.229988098145 340.813385009766 581.479690074921 454.91943359375 -9999 -9999 -9999 -9999 -9999 -9999 -9999 -9999 -9999
