export/dem/dem67.asc
NCOLS 350
NROWS 171
XLLCORNER 152620
YLLCORNER 418050
CELLSIZE 100
NODATA_VALUE -9999
[rows 110 to 131 of 171, columns 250 to 299 of 350]
987.369121551514 687.849604606628 645.559173583984 648.606056213379 1089.16807556152 759.114776611328 557.894012451172 1162.84043884277 831.270843505859 868.230628967285 837.759683609009 948.118085861206 1043.5587387085 1055.46564483643 897.127510070801 856.002731323242 1004.40124607086 1080.97709655762 803.09375 946.348754882812 782.115058898926 999.155952453613 1116.56816768646 1149.20724582672 1228.19327926636 958.828802108765 880.172180175781 804.262660980225 931.746757507324 950.484550476074 940.040084838867 853.451930046082 983.045181274414 896.606491088867 828.742828369141 965.777099609375 965.288394927979 1111.42105102539 955.711837768555 751.252586364746 762.870109558105 900.463409423828 1018.44241333008 712.16951751709 604.236043930054 672.945049285889 841.738014221191 702.82886505127 792.27033996582 844.011795043945
728.507797241211 566.317108154297 405.855438232422 750.849670410156 563.156311035156 582.828628540039 626.492935180664 1115.57275390625 505.673843383789 527.272064208984 672.836711883545 888.482260704041 849.075485229492 810.11142539978 658.519500732422 687.880828857422 711.44514465332 753.968902587891 886.114921569824 956.030806541443 1150.69499969482 940.943862915039 1020.68863725662 890.996265411377 944.956245422363 1473.65547943115 1035.82858276367 838.974320888519 1074.54653930664 833.341168403625 864.005297660828 804.902153015137 881.298850178719 743.684749603271 927.496846199036 1024.31075286865 1152.32527160645 867.783977508545 728.864814758301 726.432556152344 935.297561645508 813.74768447876 926.972900390625 820.084289550781 691.741647720337 827.237434387207 842.469282150269 644.20760345459 893.864311218262 842.25754737854
678.088562011719 965.407276153564 952.125779628754 506.902404785156 1038.58193969727 544.940673828125 504.615875244141 611.188171386719 683.329986572266 947.741683959961 356.860626220703 540.704177856445 882.820808410645 1047.87949848175 1177.73719787598 866.231811523438 881.623085021973 731.765800476074 898.4020652771 801.558723449707 815.520515441895 874.459131240845 1191.34803390503 1014.46103668213 1080.2150592804 1288.08428955078 1019.83274078369 1068.44557571411 1015.53218078613 970.353332519531 852.699647903442 873.631219863892 886.134685516357 780.898460388184 892.003242492676 1029.42821884155 1029.40424346924 946.995132446289 797.446975708008 829.967990875244 647.438629150391 663.452392101288 882.700302124023 1093.01893615723 987.790817260742 817.490357398987 770.857360839844 796.704803466797 801.723564147949 759.639350891113
559.385162353516 740.360061645508 805.732755661011 732.393615722656 778.358367919922 965.940338134766 557.756042480469 743.489891052246 658.580642700195 581.085433959961 557.285858154297 596.59366607666 429.598617553711 670.1223757267 824.941424489021 720.862747192383 763.050117492676 716.610240936279 775.446443080902 859.046287536621 737.074066162109 939.056217193604 921.35120010376 767.263862609863 815.117149353027 1122.81301879883 1013.94056892395 1042.82277679443 1477.5432434082 1442.759765625 968.7497215271 967.444923400879 957.421924591064 804.822799682617 698.556542396545 873.862325310707 1000.17839050293 707.389358520508 713.22435760498 537.471508026123 613.280347824097 617.405008792877 637.30014705658 812.580877304077 736.364566802979 771.520072937012 675.54243850708 869.411878585815 878.350099563599 982.41431427002
716.157531738281 1042.18028259277 1184.49444580078 626.158569335938 727.295883178711 569.929321289062 1710.00393676758 617.750534057617 1267.03494262695 1198.53436279297 576.93798828125 523.268249511719 804.60375213623 633.113483428955 612.750831604004 950.307041168213 887.178792953491 557.454238891602 726.171915054321 812.316055297852 776.785363197327 837.06575012207 839.990455627441 749.633695602417 808.578699588776 823.218574523926 856.532649993896 1151.5555267334 1389.81604003906 1299.27822208405 1031.42046356201 1062.44709777832 729.337829589844 771.911281585693 693.756401062012 685.911964416504 761.526153564453 788.857879638672 801.807769775391 856.183288574219 724.427905082703 880.058547973633 849.5712890625 764.762826919556 630.517723083496 716.240997314453 630.014263153076 870.635650634766 904.351852416992 890.068416595459
797.041313171387 853.782913208008 667.889114379883 587.702239990234 600.507400512695 1072.75518798828 425.716766357422 790.492704391479 591.311370849609 783.154403686523 695.947708129883 561.761054992676 624.53133392334 628.65571975708 537.215545654297 589.818328857422 638.482688903809 856.549324035645 859.222137451172 749.995685577393 776.607818603516 798.925773620605 717.384628295898 819.444019317627 615.425659179688 652.678100585938 836.259689807892 1036.53695678711 1273.23522949219 1771.94959259033 1121.41065979004 897.571090698242 755.971392631531 693.411914825439 624.214134216309 834.383140563965 869.980255126953 852.199127197266 946.838043212891 896.097229003906 725.95697593689 678.739933013916 723.154622077942 857.030059814453 748.639504909515 687.134609222412 763.99224281311 862.746070861816 621.47008228302 753.344948768616
981.386001586914 1262.02983093262 749.093063354492 811.664989471436 1300.63095855713 650.529220581055 662.684219360352 1114.70545959473 539.255279541016 932.065231323242 840.873733520508 635.190711975098 519.828369140625 648.182249248028 615.868988037109 628.708114624023 672.149261474609 803.082862854004 778.493991851807 817.497771263123 808.055716514587 669.256645202637 782.942218780518 784.922439575195 783.51086807251 780.435097157955 1025.15125274658 1045.27433776855 958.181507110596 1030.58616256714 1189.167927742 904.513912200928 893.879695892334 705.090572357178 751.678644180298 1188.83783960342 1578.15586853027 1916.70198059082 1714.25160217285 999.987121582031 820.039337158203 844.871997833252 694.048873901367 727.736121207476 846.305358886719 661.588333129883 775.304679870605 776.321922302246 868.52294921875 638.921230316162
795.497131347656 1087.46407723427 636.81005859375 726.858989715576 1037.83869493008 735.268661499023 1046.54389953613 580.640350341797 720.488372802734 677.807250976562 845.19401550293 867.074659347534 577.232490539551 571.273986816406 581.170227050781 787.968544006348 762.073669433594 729.560190200806 642.931730270386 777.94881439209 833.815277099609 754.553439378738 740.922985076904 769.355125427246 779.61612701416 996.628616333008 944.483122825623 1078.93212890625 789.338039398193 915.124160766602 749.261367797852 1102.40898132324 781.599349975586 902.448333740234 1094.37657165527 890.255592346191 1019.23948669434 1207.98275756836 1499.25062561035 2120.23834228516 1202.32957458496 1113.78977966309 753.11051940918 747.555581092834 711.770124435425 886.572830200195 916.550720214844 939.880325317383 826.999671936035 796.511726379395
638.074615478516 765.562950134277 502.45295715332 787.416862487793 1027.90298461914 760.111991882324 1102.8734588623 783.086811065674 691.47314453125 623.059783935547 839.368410110474 858.334537506104 730.516750335693 535.883850097656 618.880504608154 773.087017059326 706.628353118896 751.438053131104 883.976776123047 853.928852081299 916.109085083008 760.075775146484 708.387307167053 686.958354949951 708.652336120605 916.582004547119 934.837193012238 966.100723266602 695.73698425293 725.82453918457 2148.64873695374 2905.30309677124 803.699073791504 907.140563964844 1094.43076705933 1023.50748443604 1172.55293273926 1216.94718933105 1147.77352523804 1121.55451965332 1132.42007827759 1429.01133728027 1066.83955383301 1286.57085418701 1439.38105773926 1134.77407836914 1073.31011962891 947.407638549805 893.721618652344 748.498243331909
438.575057983398 665.048713684082 599.30052947998 706.800842285156 826.612403869629 1045.82675170898 793.313453674316 843.133991241455 941.197875976562 677.01815032959 775.06530380249 620.059829711914 637.301910400391 575.180236816406 580.192977905273 559.292045593262 533.43603515625 777.810607910156 855.041580200195 921.497970581055 921.54305267334 735.940719604492 669.280918121338 771.35294342041 790.141162872314 956.436729431152 907.985336303711 970.759658813477 697.767196655273 686.868675231934 727.368942260742 2223.63210487366 842.175747871399 799.194595336914 1037.96109008789 1236.02631759644 1168.88179016113 1254.59861755371 1721.91790771484 1310.15114593506 1041.66131877899 1194.97619628906 1133.72232055664 1152.98625183105 1567.25681304932 1680.47146606445 1239.90711212158 1587.94157409668 1347.43125915527 1055.41337585449
599.577541351318 569.268249511719 605.532894134521 470.925289154053 881.16247177124 627.949325561523 842.615838050842 761.126480102539 654.598724365234 701.685037612915 688.826187133789 690.838027954102 555.691589355469 648.051261901855 541.519683837891 499.091644287109 531.425415039062 536.016540527344 699.193647384644 676.162811279297 929.195137023926 785.501605033875 766.961653709412 680.80500793457 831.008926391602 744.266052246094 694.607173919678 974.622711181641 808.708984375 964.319213867188 704.3493309021 689.177444458008 868.076084136963 916.564250946045 802.744155883789 969.649937391281 1049.06709671021 1022.55721282959 1382.36343383789 1167.8745803833 1349.80342102051 1174.38660049438 1094.78683280945 1103.87889099121 1494.04808044434 1342.11992645264 1361.39456176758 1197.12748718262 1231.78910827637 1725.21934509277
670.621604919434 724.362327575684 615.750141143799 551.575664520264 453.940414428711 503.61743927002 376.900177001953 623.699806213379 713.359853744507 544.995056152344 657.78377532959 519.074035644531 607.079772949219 731.852127075195 650.039138793945 573.901260375977 749.12230682373 601.964691162109 760.094814300537 684.47936296463 736.811016082764 816.425624847412 864.401809692383 897.414619445801 731.517181396484 675.288185119629 689.108901977539 797.893290996552 781.374214172363 869.629148483276 822.035179138184 715.762775421143 717.711700439453 870.324897766113 732.335563659668 1047.95673370361 1114.9838104248 1150.96365356445 913.083755493164 1195.67665100098 1406.1075592041 1525.26852416992 1183.97546386719 862.342590332031 1366.97923898697 1225.79667282104 1098.67479896545 1185.3807220459 1154.33561706543 1440.44000244141
622.82096862793 753.766841888428 626.279197692871 618.422981262207 769.208404541016 472.641555786133 278.444732666016 387.920257568359 666.21410369873 621.279678344727 746.650520324707 661.520141601562 588.770843505859 490.044067382812 697.454383850098 609.838348388672 845.260643005371 746.948789596558 655.660213470459 760.564476013184 636.443344116211 755.952781677246 933.105133056641 820.977056980133 743.330373764038 771.287887573242 743.534198760986 611.908203125 907.299444198608 972.200065612793 882.469041824341 875.268682479858 730.667109727859 895.842750549316 904.706188201904 937.805156707764 958.976974487305 897.184169769287 726.125938415527 881.3889503479 1042.79177856445 1032.07678985596 830.820388793945 961.586086273193 950.720077514648 1141.74662780762 1040.55758666992 947.399872541428 1010.44132232666 1038.87227734923
619.996826171875 748.187381744385 833.225547790527 648.727489471436 577.543449401855 699.244965553284 583.937339782715 474.005477905273 500.355178833008 682.814636230469 628.571823120117 722.796165466309 976.949844360352 645.004943847656 1028.3275604248 641.989120483398 576.96012878418 651.282600402832 684.201427459717 730.300542354584 821.6396484375 785.425468444824 835.324773788452 936.286392211914 830.946159362793 643.001281738281 805.923946380615 730.830528259277 806.645111083984 1064.34735870361 907.649829864502 887.227022171021 825.230396270752 878.996673583984 837.847062587738 924.950477600098 729.487373352051 856.187686920166 790.981875419617 832.421674728394 664.159072875977 975.286697387695 736.183609008789 797.486568450928 755.640800476074 792.283866882324 973.110416412354 807.791870117188 748.660942077637 801.861070632935
646.581504821777 594.107215881348 709.761604309082 687.310688018799 757.126931190491 567.457595825195 753.518154382706 497.281982421875 592.497077941895 579.182525634766 722.489074707031 705.93074798584 702.326461791992 821.210084915161 1328.63355255127 749.250993728638 740.003906309605 614.8701171875 698.969537734985 638.152875900269 656.842586517334 577.982757568359 597.276298522949 801.140026092529 942.131576538086 631.386779785156 796.308899879456 784.652130126953 855.650272130966 778.823928833008 912.63659286499 750.732360839844 957.688732147217 767.974332809448 900.76335144043 906.626091003418 707.115173339844 900.134475708008 903.959396362305 817.43611907959 736.152946472168 874.363128662109 797.181838989258 843.403923034668 789.732608795166 764.195518493652 803.509468078613 720.732269287109 720.756851196289 864.120418548584
824.364692687988 680.632137298584 709.21911239624 699.361679077148 635.906890869141 708.541046142578 665.088088989258 502.902587890625 466.617416381836 494.453811645508 665.406837463379 642.867210388184 1151.87230300903 877.535470962524 705.241432189941 748.932545185089 830.939632415771 648.155883789062 686.812072753906 1150.90878295898 627.305473327637 650.01894569397 700.823387145996 885.105079650879 790.114780426025 780.381462097168 563.391395568848 844.866485595703 828.605354309082 749.771232128143 650.834747314453 884.2493019104 955.353343963623 767.083111763 722.372749328613 806.678131103516 929.937515258789 708.117118835449 829.724895477295 855.732711791992 909.584350585938 670.569885253906 716.951881408691 563.697631835938 697.529083251953 922.755486488342 709.493278503418 692.939552307129 807.262645721436 734.085632324219
670.524658203125 647.397415161133 613.306304931641 660.943572998047 628.454193115234 761.602521896362 648.163726806641 603.805549621582 532.488304138184 492.155197143555 600.6657371521 1153.79137420654 799.924840927124 694.356948852539 940.008964538574 729.023275375366 691.091247558594 735.60368347168 1115.93148040771 499.336456298828 761.329254150391 577.832466125488 660.429605007172 683.721942901611 723.010171890259 698.844674110413 738.466133117676 643.174724578857 848.638946533203 685.982833862305 661.783599853516 845.957317352295 799.455402374268 778.089805603027 876.174301147461 872.653930664062 917.935256958008 1049.6192779541 979.673385620117 841.822425842285 718.751808166504 830.791999816895 812.956428527832 654.853553771973 778.935527801514 835.625157833099 797.878532409668 707.18327331543 749.578504562378 648.97306060791
572.119537353516 676.169811248779 559.654739379883 608.264175415039 611.023208618164 685.282440185547 689.818313598633 669.345268249512 667.682960510254 591.757247924805 661.059501647949 584.103561401367 514.082420349121 1233.13929748535 801.499089837074 773.670877933502 851.84880065918 810.322555541992 657.854751586914 542.996505737305 704.893267631531 740.13208770752 687.81627586484 694.207984924316 718.167251586914 614.89665222168 620.59196472168 622.684200286865 624.94539642334 811.57666015625 624.954292297363 712.301731109619 694.082885742188 564.464614868164 850.290016174316 798.602039337158 904.992553710938 763.275924682617 791.665218353271 957.360313415527 805.852907180786 878.235549926758 609.050582885742 908.34294128418 831.774024963379 684.036720275879 780.018387794495 949.742713928223 808.344116210938 832.634792327881
708.305465698242 733.716814041138 729.422685623169 743.440638542175 695.355484008789 689.394271850586 788.874752998352 633.695930480957 550.036445617676 743.162727355957 746.776119232178 683.623348236084 748.636516571045 716.96467590332 739.385116577148 797.290038794279 671.542121887207 704.056018829346 719.280298233032 647.460578918457 745.74328994751 626.920101165771 722.991558074951 706.294810295105 523.962692260742 788.713424682617 694.016706466675 707.125609397888 727.745559692383 708.590339660645 780.59644317627 885.934432983398 728.066741943359 764.311573028564 824.438091278076 835.486689567566 953.100051879883 899.205932617188 950.673812866211 1291.87641906738 751.318405151367 815.850063323975 891.615077972412 1013.18518066406 834.125844717026 845.991973876953 797.982980489731 857.341724395752 1043.60176849365 814.710403442383
804.5022315979 804.021392822266 577.665100097656 559.338684082031 627.001525878906 702.555374145508 656.054782867432 778.548217773438 781.379043579102 783.322448730469 851.762184143066 777.019313812256 775.964309692383 802.827781677246 690.130233764648 698.136329650879 762.886322498322 902.990036010742 730.241698399186 775.740058898926 768.130653381348 813.932403564453 631.52604675293 804.529220581055 707.400464296341 643.170150756836 782.651485443115 721.266629934311 893.240417480469 793.547901153564 997.525573730469 992.632537841797 848.645683288574 837.37385559082 802.15599822998 931.92786026001 916.598812103271 963.73787689209 1044.43530273438 959.637805223465 910.38387298584 883.607513427734 767.285583496094 1046.90386581421 881.154167175293 802.255996704102 625.014343261719 890.237739562988 782.650196075439 934.661319732666
776.868240356445 609.497360229492 733.929985046387 561.027069091797 722.093814849854 630.123153686523 603.389175415039 583.81827545166 658.169504165649 766.67692565918 840.170440673828 731.918232440948 717.822862625122 680.385726928711 784.53832244873 759.00697517395 783.457160949707 707.659027099609 818.034469604492 603.648025512695 686.319019317627 788.157974243164 683.515556633472 720.115425109863 772.120742797852 768.777296066284 796.653244018555 828.090858459473 809.948799133301 678.513360977173 760.567260742188 544.628112792969 748.061414718628 859.702369689941 957.739459037781 782.320381164551 889.820358276367 991.627650260925 1071.93051147461 1063.04270172119 1118.63272857666 1160.80822753906 978.72208404541 824.931106567383 866.067832946777 855.716339111328 1064.25610351562 816.015636444092 642.146980285645 827.502075195312
714.188484191895 852.220230102539 807.648307800293 640.217254638672 470.662017822266 575.04035949707 458.534133911133 630.099590301514 822.424285888672 819.821281433105 821.611000061035 841.44945526123 710.166618347168 998.347305297852 800.227823257446 917.723007202148 967.281814575195 768.85876083374 652.270065307617 768.404296875 733.435400009155 754.356895446777 666.616661071777 708.059593200684 794.523780822754 702.176195025444 691.554718852043 588.415519714355 737.959938049316 673.413866996765 715.768898010254 629.941909790039 693.557281494141 566.468406677246 721.16471862793 707.198696136475 714.712823867798 918.922332763672 944.308350563049 946.78882598877 1053.71116256714 1043.29010772705 1043.14995670319 1026.56624603271 922.580455780029 912.52352142334 900.478133201599 711.084678649902 1004.8734664917 1046.71601104736
