export/dem/dem69.asc
NCOLS 350
NROWS 171
XLLCORNER 152620
YLLCORNER 418050
CELLSIZE 100
NODATA_VALUE -9999
[rows 0 to 21 of 171, columns 150 to 199 of 350]
679.137351989746 720.802299499512 787.768686294556 -9999 -9999 -9999 -9999 -9999 -9999 -9999 -9999 -9999 -9999 -9999 -9999 -9999 -9999 -9999 -9999 -9999 -9999 -9999 -9999 -9999 -9999 -9999 -9999 -9999 -9999 -9999 -9999 -9999 -9999 -9999 -9999 -9999 -9999 -9999 -9999 -9999 -9999 -9999 -9999 -9999 -9999 -9999 -9999 -9999 -9999 -9999
777.301651000977 664.906260967255 669.703544616699 573.036407470703 776.594266891479 612.202861785889 497.126586914062 -9999 -9999 -9999 -9999 -9999 -9999 -9999 -9999 -9999 -9999 -9999 -9999 -9999 -9999 -9999 -9999 -9999 -9999 -9999 -9999 -9999 -9999 -9999 -9999 -9999 -9999 -9999 -9999 -9999 -9999 -9999 -9999 -9999 -9999 -9999 -9999 -9999 -9999 -9999 -9999 -9999 -9999 -9999
455.179725646973 637.251541137695 554.901634216309 511.795272827148 547.399169921875 597.597694396973 494.013427734375 522.956787109375 723.129577636719 705.560180664062 668.424934387207 509.771514892578 708.102340698242 719.745529174805 -9999 -9999 -9999 -9999 -9999 -9999 -9999 -9999 -9999 -9999 -9999 -9999 -9999 -9999 -9999 -9999 -9999 -9999 -9999 -9999 -9999 -9999 -9999 -9999 -9999 -9999 -9999 -9999 -9999 -9999 -9999 -9999 -9999 -9999 -9999 -9999
539.279751777649 454.845390319824 719.168834686279 636.123874664307 586.828659057617 557.499389648438 674.067555189133 958.22577214241 744.446838378906 819.532165527344 658.678367614746 609.468383789062 681.158683776855 697.403846740723 310.802322387695 533.361129760742 668.732299804688 822.099449157715 851.676628112793 818.340908050537 810.943344116211 823.026579856873 834.325551986694 1006.33827209473 708.621963500977 782.644515991211 824.827445983887 783.524841308594 751.043384552002 822.769863128662 799.798763275146 936.664939880371 980.443206787109 776.116554260254 835.208986282349 -9999 -9999 -9999 -9999 -9999 -9999 -9999 -9999 -9999 -9999 -9999 -9999 -9999 -9999 -9999
1067.14932250977 727.069770812988 661.234424591064 908.471536636353 1059.21851539612 1073.88773065805 802.366325378418 793.834762573242 842.724975585938 908.314041137695 870.001754760742 559.424263000488 506.520904541016 574.235687255859 534.360740661621 444.301361083984 638.8896484375 478.862213134766 604.373306274414 501.748138427734 778.074329376221 834.312929391861 997.145004272461 837.631324768066 816.178707122803 826.16072845459 678.606330871582 887.793815612793 742.795207977295 920.926124572754 1024.68649291992 781.677070617676 737.651607513428 744.720980644226 777.813591003418 670.611221313477 716.559149742126 699.897317886353 815.352367401123 932.902778625488 682.627754211426 700.654850006104 765.599494934082 716.585510253906 518.388488769531 787.252046585083 690.053840637207 821.350662231445 746.28226852417 899.076971054077
1150.04567718506 649.877082824707 734.112266540527 987.298313140869 1080.34465026855 1071.72159719467 894.208461761475 988.313587188721 948.765300750732 837.03205871582 852.156173706055 594.457176208496 624.092441558838 437.20832824707 738.166463851929 544.189376831055 670.895198822021 650.091232299805 533.108581542969 626.156524658203 650.607139587402 723.946825027466 898.842895507812 689.749379515648 691.260796546936 558.045845031738 552.985328674316 720.037746429443 739.099349975586 721.861608505249 756.331546783447 808.230762481689 683.247169494629 745.938998222351 633.843879699707 620.750190734863 712.50214099884 807.202175140381 992.559295654297 914.609966278076 865.073463439941 697.400749206543 655.846859931946 484.582382202148 641.995794296265 653.568816184998 562.671600341797 662.617178201675 586.623138427734 651.63591003418
1057.79298400879 1135.63763999939 819.901693344116 746.04914855957 890.937171936035 1053.40858459473 832.270706176758 886.365005493164 1076.53552830219 1090.62588119507 1017.48847961426 527.316741943359 654.084714889526 328.330932617188 706.879211425781 660.340847015381 572.709823608398 500.121109008789 667.227073669434 590.379577636719 818.495094299316 465.031372070312 636.581359863281 582.62663269043 629.191989898682 580.114486694336 752.565383911133 737.619812011719 609.467705249786 742.439002990723 866.808227539062 953.557022094727 670.665247917175 496.029190063477 580.581451416016 880.259189605713 751.650588989258 815.535655975342 907.482738494873 908.005102157593 759.454635620117 810.225778579712 642.701850891113 589.116340637207 753.006774902344 720.833057403564 714.904644012451 679.311981201172 734.357778549194 869.279266357422
1144.9085226059 740.750595092773 658.078353881836 600.884582519531 931.286499023438 1018.89285469055 960.761573791504 844.492141723633 914.196014404297 978.532722473145 885.87077331543 636.425186157227 861.490592956543 706.541381835938 839.724407196045 716.604270935059 654.979148864746 544.651885986328 589.093902587891 675.66138458252 869.511169433594 823.577346801758 719.154571533203 883.124473571777 685.492733001709 662.119745254517 627.14933013916 717.664226531982 707.991710662842 894.70866394043 766.149318695068 701.74779510498 671.080855369568 623.162742614746 600.15047454834 743.327850341797 860.972576141357 778.312232971191 701.080963134766 889.003109931946 798.375537872314 827.438438892365 767.409538269043 876.25182723999 861.724641799927 984.203422546387 902.008241534233 938.489868164062 923.423934936523 842.121673583984
739.436944961548 761.530220031738 776.256301879883 696.181785583496 951.597694396973 711.13208770752 962.447280883789 821.165817260742 997.48828125 1056.82855033875 638.565383911133 709.709197998047 558.836494445801 749.190528869629 773.790988922119 602.29224395752 646.006195068359 631.058197021484 632.256561279297 671.075836181641 916.072113037109 1054.46231079102 781.889724731445 859.723251342773 744.504272818565 786.341773033142 697.345542907715 790.336864471436 753.695669174194 992.338844299316 823.335638046265 896.704967498779 731.040668487549 833.649745941162 835.891448974609 897.121482849121 969.651412963867 1001.46695327759 1090.07792663574 978.579405426979 937.221949100494 686.268432617188 800.612361907959 732.438522338867 1041.94400024414 995.786819458008 1144.37228393555 800.46947479248 731.896507501602 816.046787261963
615.218597412109 701.863833427429 806.291931152344 515.572647094727 669.037890434265 618.639465332031 580.355964660645 641.782150268555 584.941902160645 479.048538208008 482.636032104492 662.378639221191 421.445114135742 724.768749713898 909.86466050148 1083.92388725281 898.01139831543 497.612243652344 875.276763916016 590.689392089844 829.096084594727 939.188766479492 1163.54587554932 1286.64506340027 778.412048339844 995.569381713867 731.57541847229 816.475830078125 765.268283843994 747.582458496094 880.166332244873 798.325782775879 841.489181518555 744.608243942261 679.538673400879 847.753967285156 1021.36447143555 1004.87335968018 987.133952140808 1150.88952636719 775.430397033691 846.665368080139 802.148651123047 824.380250930786 933.740166187286 984.67849111557 1093.64434051514 912.322776794434 906.804893493652 867.237637713552
700.181820869446 780.158271789551 737.177012443542 799.032989501953 687.868258476257 631.790486335754 695.946880340576 606.898441314697 751.864105224609 624.307397961617 744.014785766602 787.098278045654 546.001335144043 747.307812690735 580.054306030273 971.96460723877 837.728851318359 433.416656494141 1106.88175964355 704.500900268555 1111.86532974243 927.507858276367 806.32150554657 1005.55628967285 997.122741699219 1277.26727294922 654.060164868832 573.679355621338 578.052993774414 506.349918365479 855.811180114746 566.589904785156 679.212306976318 576.474645614624 491.128051757812 846.531688690186 864.908851623535 928.522445678711 828.978591918945 851.08685874939 672.09815788269 750.935729980469 943.258911132812 1000.03495788574 832.210260391235 1164.01871490479 1052.08016204834 1313.6753692627 1378.78170776367 869.714504241943
737.964889526367 678.637300491333 605.194747924805 654.810270309448 641.045853972435 606.200420379639 605.52811050415 621.031799316406 546.839889526367 453.552703857422 504.555252075195 643.206854820251 601.417625427246 985.38134765625 609.366485595703 601.651641845703 800.767061233521 707.232933044434 713.738098144531 517.147567749023 650.564598083496 1130.39088439941 653.716354370117 803.132291316986 807.046825408936 648.100120544434 1259.05163526535 1221.32873725891 1117.66578674316 1267.95743560791 1018.43688964844 832.248455047607 667.18412399292 533.779201507568 622.778526306152 719.281101226807 682.853546142578 565.335464477539 592.97364616394 675.554450035095 712.74649810791 715.670204162598 899.663112640381 634.63500213623 616.663600921631 788.726089477539 801.922595977783 816.867079734802 1030.08187484741 717.296752929688
659.798790931702 486.966552734375 682.922639846802 568.960792541504 742.467300415039 785.767984390259 488.890129089355 392.355728149414 623.094062805176 620.367263793945 858.085041046143 698.162349700928 1322.34289932251 865.270690917969 863.360614776611 638.637021541595 471.441818237305 576.817337036133 943.832023620605 553.625 490.182250976562 949.676452636719 657.160606384277 564.226898193359 579.95295715332 764.526641845703 1090.27296331525 1213.20922851562 740.79846572876 1158.58120727539 1184.68733978271 798.504638671875 754.244136810303 611.376205444336 790.562255859375 773.742380142212 861.6584815979 687.120746612549 708.951689533889 598.507545471191 673.861114501953 761.794160842896 806.596492767334 801.889175415039 821.662887573242 724.933674812317 768.447063446045 862.099796295166 875.334899902344 881.181762695312
799.130310058594 727.590003967285 515.36735534668 1223.51553726196 1085.30497741699 1034.50204467773 916.024063110352 529.496940612793 573.897468566895 541.245803833008 800.880386352539 582.183250427246 651.930992126465 586.373764038086 942.930755615234 614.723022460938 568.862869262695 542.323913574219 713.440986633301 716.426116943359 738.385246276855 586.709777832031 930.685806274414 682.115707397461 753.460319519043 873.838829040527 646.737289428711 704.200988769531 730.953094482422 746.141090393066 1188.9208984375 783.60705947876 552.217140197754 639.759010314941 686.738666534424 806.092603683472 937.956703186035 810.178176879883 528.075691223145 483.240097045898 462.153884887695 673.287872314453 707.185478210449 618.415664672852 706.69948387146 695.841075897217 675.993530273438 939.897627353668 938.198311805725 891.343070328236
1054.61936950684 634.139873504639 492.760025024414 558.830741882324 592.45548248291 570.888069152832 607.789329528809 654.192929267883 597.582992553711 571.859878540039 718.314200639725 596.238899230957 586.040069580078 640.756355285645 1115.69608306885 481.3955078125 612.250885009766 578.526294708252 746.457298278809 491.760711669922 564.780853271484 590.995834350586 786.024719238281 634.866989135742 662.076065063477 771.64822769165 946.758941650391 831.807975769043 791.890365600586 612.816787719727 665.979965209961 835.930404663086 1193.18733978271 745.828323364258 751.92448425293 880.380111694336 829.737197875977 913.953918457031 497.869941711426 522.630981445312 715.361869812012 741.080990791321 621.587768554688 727.768323898315 609.158714294434 570.32103729248 747.884215354919 587.353538513184 1083.53610229492 810.154396057129
588.161630868912 534.144241333008 493.190742492676 546.36109161377 599.985931396484 610.842226028442 640.70040512085 676.737421035767 641.897294044495 576.676139831543 628.306518554688 595.595163345337 557.680587768555 1158.08617401123 605.072334289551 705.663696289062 702.874586105347 646.123168945312 732.410743713379 1211.60652160645 1140.86263275146 915.611755371094 1116.30612182617 583.977081298828 768.566314697266 543.001770019531 914.49365234375 928.259593963623 715.327819824219 750.313888549805 788.257482528687 687.870288848877 950.246200561523 655.340110778809 766.067944526672 874.175308227539 641.025691986084 733.960308074951 663.664611816406 626.728404998779 616.68864440918 465.437149047852 632.798751831055 550.156661987305 645.217739105225 537.823219299316 577.92236328125 650.629615783691 715.414137840271 686.951149940491
520.597671508789 515.620323181152 546.983821868896 539.142753601074 601.582611083984 638.714530944824 564.971237182617 669.646420717239 790.084701538086 492.141754150391 680.092989444733 433.746276855469 1491.9009437561 1388.16487121582 688.415573120117 744.19287109375 629.062515258789 742.407276153564 710.113943099976 688.066108703613 1025.89256286621 537.137390136719 623.309158325195 526.68603515625 620.080108642578 519.385833740234 1724.82464599609 986.173454284668 819.367095947266 544.897216796875 722.311737060547 684.709789276123 617.629119873047 1265.2592048645 846.335233688354 680.940296173096 702.138134002686 845.382781982422 1294.94624710083 682.195089817047 494.391555786133 568.496704101562 611.008392333984 745.229953765869 1035.83152770996 810.309875488281 823.538967132568 540.595611572266 876.74333190918 572.099670410156
512.414161682129 542.773986816406 529.114845275879 597.626379489899 532.694473266602 660.338424682617 627.967843055725 678.570593357086 761.373058319092 651.089800834656 647.874018192291 502.207763671875 498.140045166016 333.450164794922 470.690811157227 956.60075378418 507.978271484375 578.32120513916 673.042417526245 646.056730270386 593.145774841309 558.982666015625 592.117935180664 692.631210327148 688.577026367188 1021.59325408936 697.179733276367 861.249697208405 732.701438903809 772.329521179199 834.414543151855 794.770919799805 856.222297668457 692.490284919739 948.545579910278 541.551742553711 609.503662109375 545.203887939453 653.71434211731 587.471115112305 633.86022734642 738.441989898682 718.660762786865 739.303160190582 699.56071472168 514.115478515625 615.543418884277 700.624031543732 1045.02637481689 722.897422790527
495.892395019531 649.799095153809 608.045589923859 619.145789027214 385.339019775391 522.538101196289 1141.38559341431 954.733215332031 591.960422515869 636.839363098145 652.212587356567 547.312240600586 588.852836608887 610.834518432617 427.636291503906 1048.8689956665 1114.04521942139 1098.36099243164 792.892768859863 822.680263519287 573.294975280762 567.319229125977 919.52360534668 635.71019744873 1073.43425178528 596.816757202148 716.372177124023 694.409149169922 822.581634521484 899.376564979553 876.405933380127 830.993541717529 620.239002227783 662.391407012939 569.973663330078 1260.05937194824 687.827009439468 584.366775512695 564.770545959473 992.027931213379 531.264511108398 902.935054063797 907.691425323486 868.771484375 954.232452392578 1278.41593551636 856.826349258423 642.08979511261 559.987506866455 638.276033401489
566.927547454834 657.955471038818 496.996635437012 571.867153167725 690.959007263184 695.704116821289 783.70735168457 670.198039054871 656.658462524414 453.644165039062 882.239265441895 604.663116455078 553.662490844727 542.37223815918 542.390625 563.123268127441 537.935195922852 616.105102539062 492.266998291016 744.149398803711 535.556304931641 723.708213806152 694.519950866699 784.795059204102 1004.23525238037 831.417903900146 671.984382629395 976.659175872803 1080.48890686035 726.227334976196 670.799407958984 681.460121154785 1069.51731872559 622.028350830078 772.512739658356 768.465980529785 620.066673278809 701.857028961182 571.410827636719 463.20036315918 763.315498352051 489.332214355469 950.430065155029 606.365980148315 707.476112365723 655.809394836426 729.85472869873 714.322338104248 734.143890380859 554.559791564941
479.133209228516 481.410720825195 494.005859375 473.21605682373 526.545288085938 625.152118682861 859.310455322266 657.939227581024 1289.77686309814 505.714370727539 758.248825073242 676.635887145996 588.102443695068 489.434417724609 656.902305603027 441.014602661133 398.435089111328 659.749774932861 643.400909423828 689.840118408203 772.644073486328 539.471328735352 685.671844482422 744.061416625977 855.830001831055 910.806125640869 809.210865020752 649.840656280518 749.499977111816 819.192558288574 668.258249282837 818.633857727051 620.715843200684 581.565048217773 560.973022460938 609.692504882812 689.65465927124 680.45879483223 687.987138748169 604.156852722168 635.362689971924 858.521862030029 1104.28890991211 555.38794708252 607.695762634277 1016.72076416016 751.548480987549 689.953773498535 729.191566467285 952.442916870117
522.524032592773 685.48779296875 589.192070007324 695.86693572998 663.18873500824 765.035034179688 1153.68803405762 865.640197753906 775.00887298584 617.433097839355 636.856395483017 755.525318145752 472.713653564453 1095.13913345337 602.486381530762 662.441741943359 895.025170326233 560.670127868652 1107.57020759583 696.29621887207 651.991241455078 1269.43399047852 987.373054504395 636.35718536377 581.557357788086 992.273713111877 946.699783325195 689.71076965332 1684.05834579468 745.012413024902 570.776412963867 713.657748222351 656.882926940918 586.451431274414 601.412689208984 645.28148651123 434.601943969727 515.015243530273 643.351173400879 665.438842773438 683.683746337891 704.801463127136 672.775646209717 541.370544433594 643.319510698318 1283.67997741699 535.788452148438 564.337646484375 690.162967681885 589.72518157959
