export/dem/dem61.asc
NCOLS 350
NROWS 171
XLLCORNER 152620
YLLCORNER 418050
CELLSIZE 100
NODATA_VALUE -9999
[rows 110 to 131 of 171, columns 200 to 249 of 350]
-9999 -9999 -9999 835.839605331421 666.528112411499 520.561729431152 669.497767925262 881.196792602539 751.416314125061 968.543159484863 655.804225921631 711.577816009521 708.774658203125 594.260284423828 606.96028137207 635.022155821323 737.576065063477 510.490280151367 611.308254241943 641.867601394653 553.633895874023 456.238830566406 571.363998413086 539.395530700684 651.686561584473 611.278046131134 856.531280517578 737.705543518066 656.237202167511 654.748430252075 699.772510528564 634.021797180176 624.281894683838 584.722511291504 635.446001052856 693.572664737701 672.805484771729 645.348037719727 476.025512695312 456.00106048584 671.94306576252 573.221984863281 614.592590332031 808.934638023376 1224.55979156494 870.992969512939 1095.24669647217 1130.44069671631 539.473388671875 849.657203674316
-9999 -9999 -9999 -9999 854.81177520752 819.375778198242 626.630043029785 769.830648422241 812.4670753479 900.675060272217 624.695293426514 647.456051588058 664.67116355896 619.761322021484 864.092803955078 594.044906616211 597.2848777771 569.784637451172 687.455291748047 560.463150024414 705.680541992188 510.142547607422 1247.63130187988 425.275375366211 478.608299255371 472.532928466797 556.929809570312 753.793750762939 658.422536849976 648.894153594971 553.88943862915 725.392276763916 624.835098266602 777.45947265625 611.865879058838 738.698059082031 687.948226928711 738.67476272583 547.310134887695 778.193298339844 652.286163330078 525.715377807617 446.364227294922 848.801330566406 589.557792663574 895.133785247803 947.283416748047 1003.71453094482 451.251831054688 797.462913513184
-9999 -9999 -9999 -9999 893.756561279297 671.60079574585 683.993911027908 838.352066040039 815.953285217285 780.966117858887 879.311508178711 745.482160568237 584.210235595703 684.537009239197 665.733200311661 630.946949005127 713.238964080811 528.639205932617 578.412368774414 599.626819610596 640.564798355103 566.632141113281 583.41162109375 475.66438293457 535.717956542969 463.915618896484 594.786560058594 667.12598323822 788.822822570801 703.605569839478 594.811459541321 679.103166103363 647.444637298584 679.451995849609 811.748397827148 537.470687866211 723.323497772217 846.599891662598 614.099075317383 845.192344665527 865.145599365234 578.564605712891 640.81563949585 1049.65203857422 589.845191955566 918.409769058228 978.315155029297 780.034515380859 587.06184387207 724.629501342773
-9999 -9999 -9999 -9999 -9999 817.622184276581 768.066974639893 432.701782226562 643.329299926758 768.559055328369 1237.3106174469 679.576984405518 582.83309173584 643.621263504028 578.272743225098 536.856781005859 412.676330566406 576.244934082031 738.080589294434 581.19361114502 549.635078430176 998.347023010254 637.024776339531 608.325006484985 529.508354187012 590.761215209961 690.895416259766 652.648025512695 718.751205444336 610.246452331543 501.504768371582 605.088195800781 591.629936218262 685.975914001465 831.720344543457 706.127920150757 748.141273498535 666.419498443604 772.675242424011 749.529232025146 634.19157409668 766.236778259277 750.022579193115 861.852264404297 879.551582336426 697.906112670898 646.643005371094 1208.66661071777 450.283111572266 859.320327758789
-9999 -9999 -9999 -9999 -9999 821.105710148811 765.270252227783 578.485317230225 587.425312042236 735.983111381531 1191.03893661499 782.695894241333 827.71883392334 639.182376861572 572.690353393555 514.590209960938 483.223342895508 572.586387634277 424.087844848633 680.209694862366 1212.57678222656 666.655628204346 608.955104827881 519.390449523926 709.761512756348 640.916870117188 595.591606140137 705.685999631882 793.43025970459 782.901321411133 731.104335784912 543.90348815918 695.633807182312 572.396087646484 724.109306335449 754.814315795898 620.537261962891 716.677497386932 698.387281417847 661.17399597168 748.394425392151 745.209541320801 795.678736686707 665.837966918945 711.235824584961 634.945823669434 840.959445953369 760.197341918945 588.490951538086 654.573974609375
-9999 -9999 -9999 -9999 -9999 905.463982582092 702.056182861328 660.078308105469 577.950584411621 760.743576049805 739.539237976074 784.66325378418 741.133958816528 608.331008911133 617.304763793945 580.073577880859 498.088836669922 512.607788085938 426.815902709961 988.845001220703 596.392776489258 626.295753479004 629.442653656006 713.100742340088 623.310695648193 733.021809577942 656.514148712158 755.815330505371 759.474517822266 695.414161682129 754.124328613281 768.826698303223 711.736629962921 683.41693687439 598.15389251709 693.894374847412 732.399490356445 694.934661865234 661.9801902771 710.382049560547 603.097917556763 911.480335235596 660.904762268066 1090.85109710693 736.043075561523 676.15852355957 738.103409290314 628.814529418945 668.724235534668 655.816665649414
-9999 -9999 -9999 -9999 -9999 -9999 776.825248718262 644.931457519531 621.843490600586 649.883413203061 545.088302612305 853.314949989319 561.356628417969 587.506507873535 748.097139358521 620.789970397949 551.427154541016 413.050445556641 519.180206298828 337.441345214844 545.811531066895 504.594985961914 708.703094482422 652.382364273071 864.351432800293 674.692756652832 675.228591918945 894.884674072266 805.337135314941 689.575353622437 892.666625976562 703.636711120605 698.420944213867 709.371320724487 717.127445220947 819.25927734375 699.499570846558 675.601421833038 661.032899856567 670.151615142822 677.020736694336 838.036598205566 640.708435058594 580.960220336914 944.143119812012 1042.25483036041 1179.50775146484 1072.2892036438 907.773544311523 880.703491210938
-9999 -9999 -9999 -9999 -9999 -9999 844.77600479126 1257.35966491699 1273.36992263794 593.887817382812 600.417308807373 672.958229064941 1012.57061767578 539.621643066406 735.428711891174 624.476928710938 523.284881591797 490.61994934082 1096.22499084473 564.240707397461 358.650482177734 670.671967029572 547.676132202148 702.233449935913 706.940933227539 667.188564300537 594.181816101074 789.068916320801 815.874389648438 811.70972442627 941.39665222168 769.146181106567 698.228353500366 887.902015686035 847.44278717041 829.398048400879 1042.41683197021 729.226537704468 668.594211578369 723.716262817383 830.986923217773 733.377850532532 635.09317779541 721.092798233032 616.394844055176 701.09614944458 625.40283203125 972.216583251953 869.898574829102 547.265548706055
-9999 -9999 -9999 -9999 -9999 -9999 -9999 950.537978172302 749.599029541016 681.134864807129 535.863662719727 657.56761932373 467.777496337891 727.39143371582 738.343597412109 699.942372441292 645.451095581055 1212.92700195312 547.916656494141 597.71940612793 521.681884765625 631.240730285645 490.789993286133 664.437713623047 768.614852905273 807.261207580566 728.788437843323 1152.61783981323 908.268173217773 784.032692909241 664.861822128296 724.491374969482 684.289875030518 889.672907829285 761.853317260742 1087.91162109375 953.773205757141 1041.6287651062 1210.52600097656 807.744552612305 861.49040222168 824.060417175293 755.666027069092 672.972534179688 745.469749450684 700.489208221436 848.816223144531 634.296562194824 657.094696044922 637.697975158691
-9999 -9999 -9999 -9999 -9999 -9999 -9999 -9999 742.518913269043 796.823524475098 663.503234863281 474.188949584961 677.94490814209 617.553085327148 647.946853637695 664.416488647461 1529.61585998535 506.148788452148 610.789154052734 499.583404541016 536.61750793457 666.89038848877 649.470039367676 783.079250335693 779.333843231201 733.864595413208 680.574550628662 656.120757579803 836.885679244995 618.163963317871 658.970802307129 464.010528564453 650.233438491821 747.94303894043 703.356475830078 853.877533435822 1031.68087768555 974.554989814758 1056.79333877563 949.788343429565 635.963165283203 799.618087768555 792.213027954102 686.74792098999 595.735885620117 715.745276451111 759.741882324219 573.690925598145 668.183563232422 507.134380340576
-9999 -9999 -9999 -9999 -9999 -9999 -9999 -9999 -9999 1269.63111495972 1263.32009506226 1163.09991455078 432.865676879883 647.196365356445 617.820770263672 565.208541870117 796.677536010742 707.087516784668 734.082269668579 608.585739135742 763.699920654297 783.091442108154 477.241333007812 691.953414916992 778.005924224854 804.039470672607 581.703491210938 764.131698608398 706.25997543335 726.006256103516 789.12890625 556.048964977264 558.806577682495 489.562717437744 789.716400146484 920.251796722412 770.245277404785 801.010540008545 1055.34691238403 1054.68110656738 1214.67275238037 838.34546661377 913.765777587891 820.96866607666 675.853210449219 490.979164123535 635.258164405823 648.360702514648 576.029334068298 557.122706413269
-9999 -9999 -9999 -9999 -9999 -9999 -9999 -9999 -9999 -9999 1013.32242679596 568.238578796387 392.623428344727 622.101989746094 507.433242797852 696.097118377686 675.732391357422 619.00764465332 740.592758178711 687.106575012207 578.395553588867 656.049766540527 585.692367553711 635.700492858887 1075.50776672363 782.78833770752 484.156763076782 757.343185424805 841.532531738281 644.752311706543 645.977172851562 595.174503326416 462.858619689941 582.274021148682 892.611381530762 968.664794921875 825.246532440186 1046.25659179688 912.899675369263 953.834332466125 899.11792755127 673.806970596313 856.543884277344 1044.29681396484 474.393524169922 558.057929992676 562.029632568359 760.964096069336 615.692077636719 681.05294418335
-9999 -9999 -9999 -9999 -9999 -9999 -9999 -9999 -9999 -9999 -9999 984.5859375 885.94775390625 888.486289978027 402.121520996094 647.060793876648 791.32600402832 705.062046051025 711.754188537598 860.624473571777 803.518865585327 701.704940795898 591.549438476562 562.07933807373 882.827789306641 747.738330841064 993.144065856934 939.052680969238 712.302904129028 736.54380106926 831.663377761841 861.747680664062 681.835639953613 793.881374359131 755.382078647614 881.19660949707 1010.92776489258 867.537630081177 741.162368774414 995.700241088867 1051.97399902344 836.058006286621 899.523788452148 733.65177154541 726.394622802734 715.687213897705 604.979648590088 880.541732788086 853.652008056641 779.11328125
-9999 -9999 -9999 -9999 -9999 -9999 -9999 -9999 -9999 -9999 -9999 -9999 937.080627441406 1082.93698120117 610.8916015625 680.10124206543 724.688247680664 521.516906738281 587.277557373047 660.194034576416 760.249649047852 711.173564910889 505.540252685547 605.542770385742 627.605094909668 831.189632892609 993.166961669922 692.271032333374 711.89747428894 807.213989257812 887.208976745605 878.835941314697 879.183380126953 885.71842956543 912.679306030273 681.985092163086 981.763748168945 809.989253997803 996.448089599609 781.869777679443 964.692428588867 994.402038574219 799.629531860352 586.720199584961 711.985414505005 822.437629699707 696.688052415848 645.624908447266 832.225944519043 819.23420715332
-9999 -9999 -9999 -9999 -9999 -9999 -9999 -9999 -9999 -9999 -9999 -9999 -9999 -9999 702.591293334961 669.108551025391 600.481941223145 980.726188659668 575.862815856934 670.276023864746 493.237731933594 541.972190856934 584.458725452423 686.813232421875 663.485931396484 911.127014160156 805.879547119141 763.490839004517 1026.56646728516 918.846820831299 966.773582458496 742.422889709473 785.026836395264 815.027900695801 710.902568817139 606.425138235092 851.687040328979 939.617953777313 908.202095031738 1057.16953086853 977.213096618652 1084.70944213867 377.6318359375 665.631215572357 731.996782302856 739.362247467041 794.156311035156 785.570503234863 747.079710006714 827.795791625977
-9999 -9999 -9999 -9999 -9999 -9999 -9999 -9999 -9999 -9999 -9999 -9999 -9999 -9999 -9999 -9999 -9999 924.28596496582 780.028799057007 553.084701538086 870.533172607422 863.506019592285 791.476055145264 871.392433166504 955.809600830078 772.907503128052 615.342144012451 735.30020904541 750.643508911133 856.946228027344 777.730165481567 723.693246841431 871.575134277344 1017.58741760254 962.567733764648 718.110939025879 920.318008422852 969.712322235107 775.480346679688 554.819753646851 498.036804199219 877.812133789062 652.605613708496 706.078413963318 776.025268554688 888.087188720703 819.523864746094 655.440877914429 615.113780975342 747.548721313477
-9999 -9999 -9999 -9999 -9999 -9999 -9999 -9999 -9999 -9999 -9999 -9999 -9999 -9999 -9999 -9999 -9999 -9999 -9999 -9999 938.374897003174 811.771263122559 967.292625427246 1028.83854675293 847.396022796631 855.749923706055 861.892158508301 772.174091339111 830.633338928223 812.83257484436 830.301204681396 701.833209991455 818.069465637207 659.059219360352 887.916328430176 767.953948974609 782.215404510498 875.93578338623 910.670160293579 558.294120788574 413.111633300781 791.508168697357 612.654468536377 842.328826904297 909.36018371582 761.40845489502 821.127685546875 836.238296508789 727.001918792725 639.025188446045
-9999 -9999 -9999 -9999 -9999 -9999 -9999 -9999 -9999 -9999 -9999 -9999 -9999 -9999 -9999 -9999 -9999 -9999 -9999 -9999 -9999 -9999 -9999 -9999 -9999 999.80150604248 829.77465057373 1012.22133636475 821.992286682129 958.130916595459 1013.91488647461 803.311818122864 805.247692108154 614.043510437012 763.508895874023 772.334163665771 1029.14028739929 789.6535987854 695.819965362549 627.66951751709 708.8056640625 942.85803604126 749.006233215332 696.199606895447 669.873794555664 794.154144287109 789.317115783691 716.393356323242 557.977676391602 661.50431060791
-9999 -9999 -9999 -9999 -9999 -9999 -9999 -9999 -9999 -9999 -9999 -9999 -9999 -9999 -9999 -9999 -9999 -9999 -9999 -9999 -9999 -9999 -9999 -9999 -9999 -9999 -9999 -9999 -9999 960.16185760498 940.469582676888 967.985290527344 885.372344970703 647.128730773926 774.30249786377 751.059192657471 796.451580047607 875.729709625244 690.325580596924 712.650646209717 621.483963012695 608.800720214844 749.508514404297 728.677279949188 702.980871081352 623.138023376465 878.73600769043 821.670639038086 687.071758270264 646.866523742676
-9999 -9999 -9999 -9999 -9999 -9999 -9999 -9999 -9999 -9999 -9999 -9999 -9999 -9999 -9999 -9999 -9999 -9999 -9999 -9999 -9999 -9999 -9999 -9999 -9999 -9999 -9999 -9999 -9999 -9999 -9999 1089.94119262695 785.709228515625 747.156875610352 741.366390228271 866.534111022949 790.062484741211 762.204887390137 712.044030189514 580.939069747925 741.028343200684 508.275756835938 708.307878255844 730.717468261719 743.173324584961 664.527921676636 747.195388793945 750.037558555603 627.7158203125 670.045890808105
-9999 -9999 -9999 -9999 -9999 -9999 -9999 -9999 -9999 -9999 -9999 -9999 -9999 -9999 -9999 -9999 -9999 -9999 -9999 -9999 -9999 -9999 -9999 -9999 -9999 -9999 -9999 -9999 -9999 -9999 -9999 -9999 752.049386024475 857.045116424561 794.984832763672 741.671455383301 734.963676452637 723.193634033203 676.689304351807 662.073543548584 870.034866333008 739.093518257141 747.692981719971 725.276266098022 729.225898742676 686.092163562775 808.709129333496 616.427757263184 468.647705078125 680.722179412842
-9999 -9999 -9999 -9999 -9999 -9999 -9999 -9999 -9999 -9999 -9999 -9999 -9999 -9999 -9999 -9999 -9999 -9999 -9999 -9999 -9999 -9999 -9999 -9999 -9999 -9999 -9999 -9999 -9999 -9999 -9999 -9999 -9999 820.784294128418 840.464473724365 715.121208190918 748.785667419434 594.890953063965 895.905746459961 778.699007034302 950.231079101562 697.475933074951 808.755867004395 788.6005859375 750.095294952393 830.809158325195 746.011795043945 657.273880004883 750.017436981201 598.552108764648
