export/dem/dem69.asc
NCOLS 350
NROWS 171
XLLCORNER 152620
YLLCORNER 418050
CELLSIZE 100
NODATA_VALUE -9999
[rows 22 to 43 of 171, columns 250 to 299 of 350]
891.470001220703 750.695224761963 789.538589477539 847.665149688721 898.263538360596 862.611034393311 989.093231201172 990.647274017334 777.779312133789 722.133857727051 720.951751708984 732.772354125977 687.389961242676 633.984359741211 522.672012329102 736.387660980225 798.650394439697 628.151214599609 729.081514358521 986.907302856445 725.727538108826 823.603378295898 741.860733032227 842.200527191162 826.575444221497 921.642547607422 849.880386352539 722.771881103516 653.287300109863 836.048261642456 693.462314605713 -9999 -9999 -9999 -9999 -9999 -9999 -9999 -9999 -9999 -9999 -9999 -9999 -9999 -9999 -9999 -9999 -9999 -9999 -9999
745.378440856934 744.242383956909 935.246017456055 733.692047119141 726.280784606934 872.990370750427 896.899154663086 888.455551147461 1011.03788757324 947.851962566376 1078.5061044693 842.316112518311 701.735580444336 841.96773648262 641.276763916016 723.208419799805 968.487474441528 649.309219360352 837.722473144531 959.993316650391 702.984943389893 715.474950790405 744.279998779297 723.401878356934 954.574798583984 883.199020385742 931.271026611328 740.233154296875 682.281150817871 716.938049316406 552.917709350586 1114.23374176025 1076.24685668945 767.547148704529 -9999 -9999 -9999 -9999 -9999 -9999 -9999 -9999 -9999 -9999 -9999 -9999 -9999 -9999 -9999 -9999
703.727991104126 1275.22172164917 1072.99640655518 716.925994873047 804.315534591675 872.326721191406 1074.18977355957 1063.90570068359 971.664920806885 1071.24526977539 782.142967224121 984.187980651855 1037.11038780212 761.170425415039 635.779342651367 781.750350952148 869.521896362305 806.954624176025 902.305864334106 949.378749847412 926.967094421387 1039.44607543945 955.404098510742 794.943756103516 824.101486206055 731.196655273438 1004.72114562988 934.051002502441 871.853989601135 814.865215301514 1039.75550842285 956.9596824646 756.974008560181 724.603763580322 1051.63508605957 1163.41235351562 980.992057800293 -9999 -9999 -9999 -9999 -9999 -9999 -9999 -9999 -9999 -9999 -9999 -9999 -9999
702.261589050293 835.223703503609 762.791687011719 599.6455078125 512.551483154297 804.496147632599 925.273495674133 947.457504272461 1053.14797973633 857.082580566406 990.670928955078 878.643157958984 899.458763122559 826.0693359375 962.168516159058 818.820198059082 970.869319915771 849.057101726532 892.145399093628 920.081125259399 1083.49800109863 933.691204071045 1085.59526062012 1076.83741760254 1043.79107666016 794.466510772705 1019.94010162354 833.058044433594 1009.22506713867 840.315546035767 782.520866394043 964.868030548096 735.72233581543 592.433647155762 845.678592681885 923.665576934814 711.063232421875 739.55500793457 722.931442260742 685.92333984375 817.818370819092 -9999 -9999 -9999 -9999 -9999 -9999 -9999 -9999 -9999
912.620887756348 962.552589416504 992.153991699219 922.518661499023 791.829612731934 903.452499389648 705.824653625488 849.341567993164 903.170318603516 918.382705688477 949.224464416504 1045.0241394043 1087.00141906738 1256.9252166748 845.887969970703 906.041412353516 1214.02224731445 885.842498779297 1093.58393859863 928.776262283325 934.307090759277 1066.42456054688 1239.9716796875 1219.83374023438 1023.69287109375 981.404725313187 951.892256736755 984.718997955322 948.5756483078 822.135967254639 681.219452857971 918.556869506836 720.723037719727 709.142044067383 685.392929077148 794.115905761719 771.76579284668 731.845050811768 647.207748413086 736.55256652832 711.55867767334 678.424072265625 1042.90533447266 856.791007995605 1041.60958862305 -9999 -9999 -9999 -9999 -9999
1003.71380615234 804.817073822021 756.130210876465 927.680866241455 888.65233039856 831.762809753418 1291.86396789551 777.779605865479 972.041133880615 1045.97941589355 805.791427612305 897.807586669922 771.997295379639 2131.96982574463 748.555160522461 900.837554931641 816.487152099609 1038.07350921631 919.453569412231 824.303279876709 864.964936256409 883.979254245758 1005.07830810547 1177.69610595703 1205.68501281738 1111.15047073364 926.778869628906 983.618175506592 1128.9828338623 843.526145935059 936.430969238281 944.343067169189 800.485381126404 522.62052154541 489.94115447998 629.305704116821 847.534168243408 857.158828735352 720.530227661133 638.387077331543 590.240936279297 708.341789245605 804.709289550781 895.545608520508 845.530784606934 996.337158203125 846.360557556152 911.257141113281 823.593185424805 918.291505813599
857.844036102295 1003.66119384766 832.578773498535 870.90634727478 1014.19924926758 812.911548614502 888.775955200195 698.272422790527 754.053657531738 883.447235107422 764.772735595703 754.023391723633 796.094367980957 1811.42916870117 625.25244140625 680.279006958008 753.654029846191 901.624153137207 752.300765991211 1012.75526428223 902.89680480957 930.349914550781 1013.78301239014 1222.9334564209 1117.34417724609 912.476839065552 974.259016036987 962.923687934875 945.143211364746 899.008462905884 922.80143737793 1092.0341796875 1093.52532577515 821.513572692871 891.516510009766 609.177680015564 870.655986785889 757.467651367188 641.77766418457 863.205139160156 757.824764251709 695.809135437012 710.365562438965 850.986214637756 790.042587280273 924.19877243042 730.20817565918 759.665185928345 726.026256561279 762.021993637085
873.245315551758 856.051277160645 799.342735290527 840.592462539673 891.31831741333 911.054664611816 708.88557434082 779.193296432495 776.294589042664 831.70179104805 779.482841491699 567.924926757812 1178.44067382812 609.701171875 596.666519165039 632.231964111328 743.708129882812 897.366682052612 1015.25957489014 793.484590530396 946.192543029785 1143.66882324219 965.909210205078 838.917465209961 981.355560302734 1517.08139801025 1035.68034362793 1105.84654808044 1052.22326087952 1204.13500976562 951.391548156738 936.326595306396 1200.4040222168 782.965660095215 867.37585067749 813.673034667969 867.337646484375 1075.59274291992 756.467529296875 711.437835693359 725.21257019043 660.651062011719 708.384811401367 839.036445617676 556.846099853516 716.136123657227 621.140374183655 648.363800048828 494.715824127197 731.442367553711
928.411254882812 896.204635620117 822.470100402832 883.604072570801 712.639739990234 827.865871429443 729.164775848389 815.041639328003 792.255718231201 680.43009185791 829.658988952637 673.757720947266 1513.46136474609 525.429351806641 630.409042358398 623.371063232422 865.682418823242 696.9609375 1002.01071166992 822.549591302872 847.263983249664 929.913063049316 910.932762145996 940.641426086426 756.764186859131 912.2230052948 786.470914840698 719.691078186035 775.630836486816 889.204874038696 971.250793457031 1188.69099855423 993.53560256958 1029.7977771759 909.987106323242 908.05430316925 967.62947845459 889.89803314209 909.613246917725 831.734916687012 918.812063217163 748.894027709961 744.192047119141 922.697555541992 881.509838104248 987.866317749023 516.929428100586 492.186698913574 574.402027130127 743.623184204102
805.088437080383 860.12181854248 911.527679443359 834.046516418457 729.466346740723 893.570663452148 760.001611232758 915.608627319336 817.648390769958 880.955505371094 644.467750549316 1207.80476379395 603.378463745117 740.52978515625 663.516098022461 643.298248291016 791.867309570312 895.04248046875 821.344802856445 774.619468688965 755.015720367432 898.784759521484 787.306518554688 871.8127784729 949.023834228516 791.638624191284 704.839050292969 667.537384033203 936.842613220215 894.84888458252 916.368278503418 909.965476989746 815.312976837158 796.182350158691 954.501289367676 917.651741504669 874.088881492615 788.666439056396 801.943168640137 1294.62711334229 924.000625610352 893.084022521973 917.671333312988 935.71542930603 945.270252227783 816.663394927979 717.061602592468 531.80443572998 476.952026367188 1140.08339691162
799.53727722168 830.677417755127 973.553909301758 600.160675048828 867.883483886719 788.872291564941 909.245071411133 724.331771850586 785.710718870163 766.184087753296 736.840839385986 1483.30777072906 581.639297485352 686.213676452637 600.851791381836 588.198104858398 736.510139465332 796.729717254639 743.309272766113 725.920768737793 685.390716552734 727.000148773193 604.651931762695 847.354019165039 789.293942451477 732.229187011719 833.292947769165 770.675819396973 783.181089401245 806.185661315918 904.811538696289 758.606002807617 874.21129989624 944.400905609131 862.28503036499 945.383796691895 780.379447937012 639.675048828125 805.364841461182 813.747619628906 724.606544494629 626.612716674805 793.881301879883 1369.65870666504 723.925186157227 787.147537231445 1021.95307588577 1012.16429901123 984.819526672363 1015.59691905975
989.515518188477 746.152269363403 742.036600112915 714.027893066406 853.12232208252 807.457183837891 798.802757263184 856.483421325684 813.678297996521 732.042366027832 1028.2742767334 745.278480529785 501.221496582031 744.547058105469 700.123229980469 753.845260620117 812.467135429382 755.771293640137 750.035573959351 674.744018554688 830.3150806427 632.982780456543 795.635204315186 651.056716918945 720.91960144043 668.061660766602 790.445881843567 828.391136169434 709.613494873047 807.887816429138 673.151184082031 991.281219482422 699.656494140625 785.214023590088 742.095344543457 808.980924606323 725.513298034668 800.12767791748 833.362893342972 749.693405151367 707.284881591797 881.827693939209 769.596565246582 753.348892211914 1378.81802749634 641.259498596191 679.65397644043 765.599174499512 1026.3722782135 1053.58526229858
820.811902999878 875.253341674805 726.150245666504 836.109699249268 818.840381622314 782.518447875977 780.951628923416 842.507396697998 766.606596946716 1088.78054618835 590.26203918457 662.850524902344 750.518890380859 856.891090393066 817.66983795166 977.046995401382 1196.28923034668 729.333145141602 775.43563079834 649.795257568359 793.728744417429 739.07190322876 712.44465637207 750.90470123291 730.630081176758 749.767341136932 579.778350830078 666.595199584961 842.671775817871 797.08752822876 761.749584197998 825.141089916229 785.015689849854 969.935668945312 779.879516601562 983.866607666016 796.317325592041 721.739906311035 772.599412918091 759.962408065796 692.408470153809 729.066375732422 956.186279296875 745.549446105957 820.686256408691 1249.11331176758 766.074249267578 1077.9617190361 1065.14536380768 1027.36220169067
881.774742126465 775.952724456787 600.630630493164 756.7359790802 636.31315612793 714.410316467285 725.830379486084 825.318695068359 800.157251358032 669.642841339111 820.275859832764 690.305801391602 716.901893615723 718.531406402588 672.176914215088 826.617347717285 876.729072570801 892.255765914917 655.901229858398 674.47159576416 689.074722290039 771.059841156006 669.605018615723 789.114370822906 769.600257873535 767.642812728882 838.309907913208 768.331363677979 662.35961151123 794.268615722656 952.294815063477 809.413061141968 730.349044799805 780.292705535889 896.706718444824 771.762573242188 807.256889343262 898.296455383301 667.129669189453 722.392417907715 722.360595703125 807.403256416321 585.201705932617 882.602996826172 714.904968261719 1151.51229858398 925.879276275635 1469.99927520752 1093.46534729004 1038.80100250244
801.207675933838 800.19603729248 947.222122192383 721.660406112671 650.529586791992 744.630651473999 859.66569519043 868.631187438965 965.657188415527 874.164413452148 899.838012695312 718.93590927124 711.58373260498 739.091094970703 1159.0407409668 857.85263633728 797.432628631592 854.038558959961 1131.35191345215 935.946125030518 888.353446960449 743.204742431641 756.299285888672 835.755084991455 817.82525062561 791.026840209961 828.543001174927 893.189781188965 659.662155151367 858.143461227417 914.063369750977 773.216173171997 801.388319015503 841.094085693359 845.038608551025 815.551258563995 755.271453857422 654.618423461914 783.627872467041 810.160197257996 949.532989501953 831.501039355993 744.964630126953 824.395857334137 880.945888519287 810.573509216309 1073.81756591797 987.682075500488 1124.97369384766 1115.44491195679
705.336967468262 634.26350402832 683.872425079346 688.534427642822 728.433982849121 766.063570022583 626.12907409668 1176.96356201172 850.743232727051 826.445709228516 683.962013244629 863.478004455566 749.34789276123 781.116973876953 955.595306396484 723.916107177734 742.477249145508 702.587142944336 1373.91911697388 665.513092041016 707.606842041016 644.788597106934 828.93074798584 873.078666687012 723.676116943359 854.946712493896 787.619650363922 864.546657562256 745.358917236328 950.49072265625 842.181976318359 628.346809387207 946.253433227539 787.888000488281 735.140155792236 744.080047607422 811.039161682129 633.11474609375 786.766738891602 874.248085975647 765.730812072754 707.738777160645 798.303607940674 831.089813828468 902.922092437744 936.092811584473 866.122131347656 1016.69886779785 960.842582702637 861.552085876465
694.298095703125 560.984725952148 769.201850891113 610.833740234375 748.411758422852 627.543937683105 715.929992675781 779.193725585938 744.916980743408 620.313369750977 1253.85066986084 765.96321105957 1059.58760070801 1099.19985771179 811.310348510742 827.415893554688 883.298606872559 1663.95733165741 567.841033935547 1372.10466456413 1374.84777450562 984.00895690918 823.709060668945 872.864109039307 783.47510433197 914.017951965332 817.506574630737 816.865117147565 786.112319946289 804.289931297302 769.249446868896 814.403485774994 622.865417480469 886.04354095459 874.702259063721 894.716796875 808.39141368866 932.53980255127 741.711135864258 868.503248214722 819.968746185303 650.918380737305 695.641410827637 769.717971801758 849.260030508041 993.661544799805 962.383331298828 948.213153839111 1093.04907226562 882.356422424316
539.569747924805 591.538131713867 782.891952514648 505.390518188477 661.274169921875 759.130168914795 757.206604480743 819.738471984863 662.633125305176 698.791110992432 813.810592651367 892.398581504822 903.343978881836 1256.48993301392 1104.89199066162 977.947700500488 653.884857177734 626.983535766602 714.230270385742 1080.21975708008 847.89958190918 737.568794250488 760.98390007019 731.237777709961 788.688096046448 709.098007202148 859.501647949219 736.308364868164 779.429351806641 744.969345092773 970.462593078613 908.746131896973 912.178825378418 788.090641975403 890.455696105957 729.790054321289 692.496887207031 837.791618347168 888.570960998535 769.070510864258 803.098379135132 837.873428344727 791.196521759033 739.813575744629 925.065696716309 675.043655395508 934.098403930664 955.097526550293 906.180545806885 827.244678497314
770.614395141602 493.511795043945 771.634395599365 695.906543731689 522.449234008789 749.938995361328 702.57879447937 615.01392364502 698.514142990112 609.24104309082 630.659881591797 684.254974365234 715.41845703125 954.040372848511 854.744558334351 1222.9426651001 680.814506530762 911.1923828125 709.728538513184 652.202690124512 819.069583892822 736.57181930542 813.093318939209 737.154411315918 770.822107672691 670.027328491211 784.515352249146 770.511375427246 726.593627929688 739.983283996582 922.964488983154 923.29613494873 1082.51063537598 755.38175201416 750.673755645752 635.975677490234 742.569122314453 888.815216064453 812.434789657593 801.099380493164 1287.8060760498 824.170079261065 742.366569519043 739.308853149414 801.197105407715 804.16669178009 863.955135345459 872.088878631592 1028.85420227051 767.83438873291
677.367233276367 670.687980651855 741.456775665283 586.973281860352 832.668970584869 741.750652313232 731.249982833862 668.800910949707 619.65998840332 627.056564331055 880.187683105469 1028.48996543884 592.442169189453 697.657707214355 750.313040405512 1064.66285705566 726.65731048584 761.378791809082 743.397583007812 639.327072143555 703.351837158203 743.512283325195 793.438175201416 802.393749237061 699.260894775391 680.112915039062 798.135427474976 720.659439086914 914.443388938904 813.291564941406 1205.38633728027 971.683090209961 960.817138671875 797.129638671875 786.166893005371 911.28108215332 1110.65195846558 815.738909721375 832.886012077332 904.4534034729 952.150054931641 749.49048614502 766.472770690918 857.042718887329 833.161745071411 795.683788299561 873.240245819092 849.528042316437 711.677024841309 731.342926025391
802.118659973145 640.123504638672 779.051761627197 686.182220458984 880.863210678101 710.438354492188 790.534381866455 685.171234130859 661.977977752686 662.489616394043 913.726760864258 1384.21806144714 797.355428695679 732.824853897095 772.901382446289 727.063671112061 751.330352783203 839.409530639648 682.624145507812 698.400451660156 853.69425201416 733.776741027832 797.767570495605 675.57689666748 666.277114868164 658.012939453125 845.113857269287 854.82933807373 568.017654418945 818.329238891602 846.871646881104 740.756446838379 952.719192504883 848.643804550171 809.61767578125 769.91121673584 827.701114654541 1138.04777145386 869.313296318054 1318.46263170242 832.581384658813 718.395332336426 772.267772674561 764.583595275879 700.377105712891 803.644138336182 722.078384399414 925.782081604004 780.318374633789 777.114334106445
638.959831237793 661.921325683594 755.945566177368 918.090927124023 553.406021118164 821.787437438965 868.538909912109 727.620901107788 643.851745605469 819.921173095703 737.356491088867 571.937042236328 635.409576416016 754.01601099968 949.286697387695 735.152185440063 714.647933959961 672.791255950928 618.367385864258 802.938335418701 577.238510131836 718.038528442383 677.875267028809 745.985496044159 745.444787979126 518.519912719727 939.407920837402 766.915466308594 764.872669219971 1072.09523010254 758.329921722412 752.867073059082 815.808288574219 830.423978805542 789.3991355896 703.793502807617 813.988780975342 899.728492736816 853.912380218506 755.506896972656 835.758003234863 710.78385925293 717.272552490234 729.708839416504 806.196968078613 736.464996337891 900.811111450195 806.691883087158 846.789608001709 926.577370643616
