export/dem/dem69.asc
NCOLS 350
NROWS 171
XLLCORNER 152620
YLLCORNER 418050
CELLSIZE 100
NODATA_VALUE -9999
[rows 66 to 87 of 171, columns 150 to 199 of 350]
470.417579650879 564.147800445557 503.346343994141 652.538780212402 585.578413009644 496.576141357422 613.904777526855 610.99104309082 536.020011901855 571.432755470276 595.625801086426 627.484134674072 479.389434814453 510.087715148926 635.209899902344 517.289196014404 678.075241088867 634.310729980469 668.069961547852 538.787685394287 513.847442626953 516.372074127197 582.176212310791 699.746353149414 614.264289855957 602.247924804688 610.404726028442 574.357684373856 607.342195510864 559.801990509033 607.611293792725 569.844570159912 588.133401155472 574.123912811279 399.711090087891 753.340316772461 584.306411743164 640.327171325684 631.882526397705 558.751602172852 375.170776367188 484.99250793457 549.691925048828 799.958183288574 677.302585601807 587.896453857422 551.308227539062 688.018608093262 760.46117401123 655.257452011108
475.885452270508 534.263640880585 507.468379974365 441.442108154297 525.790878295898 546.749048709869 523.952058792114 553.164846420288 415.383773803711 421.880401611328 531.41329574585 486.398612976074 423.717514038086 482.867286682129 612.722045898438 618.253463745117 614.990661621094 548.139406204224 431.050659179688 671.529808044434 519.581516265869 769.221862792969 621.955707550049 731.323974609375 574.268758296967 440.71745300293 699.340362548828 626.810764312744 633.34676361084 541.517059326172 623.551870346069 510.697315216064 603.661754608154 565.949354171753 557.20686340332 578.657857894897 610.22344493866 488.743942260742 547.051387786865 738.850799560547 519.877098083496 682.833099365234 708.515785217285 581.608901977539 590.038444519043 613.105438232422 584.326919555664 735.523803710938 639.677189826965 650.644992589951
364.693695068359 504.89465713501 392.192581176758 500.307113647461 473.296272277832 645.497299194336 614.711982727051 620.801147460938 426.662651062012 560.291210174561 532.727020263672 347.305541992188 573.136947631836 480.216247558594 374.445266723633 484.75341796875 587.256834030151 569.229241371155 481.667945861816 552.092113494873 453.938110351562 453.945587158203 642.024894714355 710.805389404297 642.26940536499 593.710660934448 659.086578369141 638.756580352783 649.068767547607 569.909311294556 478.109146118164 610.903270900249 507.365135192871 507.103057861328 548.401485443115 799.730926513672 513.410140991211 582.381277084351 581.536773681641 542.192935943604 637.89363861084 550.577770233154 786.225540161133 743.485427856445 488.356590270996 633.989242553711 556.349067687988 639.359052658081 636.890079498291 635.934110641479
490.298858642578 523.319313049316 518.02534866333 596.706290721893 541.751420080662 585.176673650742 512.691825866699 559.911256790161 497.821876525879 608.913321495056 543.541850566864 464.517677307129 690.789367675781 470.070953369141 591.631977081299 575.006471633911 539.790787220001 691.63892364502 577.15015411377 487.815551757812 458.340705871582 421.57942199707 536.59691619873 462.309059143066 677.84553527832 609.002868652344 811.048385620117 612.120838165283 556.345289230347 538.436569213867 526.005378723145 503.816986083984 634.274868011475 522.730079650879 533.936904907227 617.340502738953 591.036666870117 624.901439666748 708.087127685547 459.697784423828 644.677333831787 414.191345214844 668.541343688965 594.485565185547 700.589019775391 532.752502441406 664.085933685303 595.819219589233 576.3505859375 536.418701171875
525.92947769165 447.796249389648 577.852224349976 648.048286437988 568.224378585815 424.901954650879 585.354557037354 542.25955247879 538.36571598053 539.739903450012 513.598430633545 555.05317735672 531.364257335663 580.058248519897 551.333199739456 528.423168182373 379.396133422852 660.002731323242 624.394100189209 687.014343261719 477.31575012207 458.970779418945 550.92084312439 514.132659912109 548.027725219727 596.708767175674 611.220710754395 501.188301086426 647.655967712402 481.580444335938 512.631881713867 691.774520874023 723.539367675781 553.077335357666 608.743710517883 621.951908111572 717.650108337402 638.593242645264 599.552020072937 698.831420898438 592.784292221069 602.880322217941 556.754886627197 763.859268188477 671.192123413086 523.882942199707 712.684513092041 797.936080932617 705.511047363281 557.960922241211
655.763526916504 602.340755462646 575.134872436523 437.815132141113 473.361053466797 526.471750259399 472.320785522461 580.544519424438 611.174110412598 495.836009979248 468.541633605957 463.12255859375 464.413116455078 512.659717559814 437.617172241211 659.004776000977 504.776268005371 650.364639282227 637.98868560791 573.122882843018 627.127170562744 553.743587493896 646.752185821533 517.299491882324 569.838470458984 662.064514160156 519.742111206055 650.532493591309 611.698041915894 655.136112213135 851.256866455078 525.523979187012 683.599159240723 548.807109832764 631.662424087524 766.77116394043 764.386489868164 589.154534339905 679.041580200195 660.658542633057 547.608089447021 849.896133422852 729.247093200684 588.742409706116 680.34447479248 667.897590637207 540.875877380371 530.559600830078 587.346157073975 701.236518859863
620.546447753906 510.396921157837 483.939220428467 404.04035949707 404.559005737305 513.586887359619 413.785385131836 318.928146362305 508.717887878418 436.255821228027 476.643043518066 556.021982913837 638.331161499023 696.813125610352 506.702133178711 583.088214874268 507.594806671143 713.17911529541 564.181093215942 704.847534179688 600.266207456589 476.554702758789 636.436563491821 543.665596008301 694.862747192383 591.179462432861 560.544868469238 742.947799682617 590.204427719116 581.426688194275 665.23966217041 580.636507034302 539.106540679932 483.439956665039 518.491058349609 618.279569625854 698.560157775879 473.641235351562 567.152446746826 526.307674407959 670.999912261963 658.420127868652 744.457717895508 639.08670425415 689.732231140137 823.854156494141 621.990720391273 740.9091796875 624.629721641541 754.229866027832
482.391273498535 719.758102416992 536.131471157074 579.731170654297 461.863914489746 616.757553100586 366.615646362305 553.237638473511 356.666229248047 486.838672637939 427.68497467041 487.199729919434 504.436153411865 517.849506378174 416.241271972656 468.464576721191 546.339775085449 629.154870986938 599.1483335495 546.082901000977 666.787231445312 526.672035217285 558.047698974609 477.088607788086 580.555126190186 614.185779571533 703.986518859863 477.972610473633 691.021278381348 689.071739196777 610.867296218872 565.907737731934 555.701171875 557.870569229126 657.119613647461 644.006683349609 530.747077941895 460.070388793945 624.399150848389 598.309354782104 548.305469512939 653.657752990723 795.466812133789 590.263510704041 570.386800765991 690.502979278564 603.927547074854 648.240375518799 639.380071640015 713.351554870605
620.422424316406 673.612403869629 443.395835876465 628.837608337402 590.601085662842 540.677930831909 579.420653343201 524.874486923218 506.421180725098 600.914962768555 428.680374145508 577.107484817505 506.381694793701 528.355968475342 505.789672851562 681.796806335449 683.562553405762 448.386825561523 656.825813293457 599.308363318443 593.258808135986 543.309509277344 455.734954833984 563.628555297852 479.588943481445 636.020469665527 675.425109863281 652.574708938599 659.435680389404 568.354175567627 671.375778198242 549.308963775635 531.07177734375 458.385185241699 385.938262939453 403.240966796875 607.7259349823 638.485374450684 714.934501647949 556.789373397827 558.960262298584 726.90348815918 700.748504638672 558.610767364502 610.770617485046 574.58422088623 726.860794067383 564.210021972656 608.54029583931 638.854539871216
847.659790039062 524.49231338501 592.044364452362 424.4814453125 472.124008178711 617.7731590271 572.027849197388 557.31582736969 575.633458137512 652.269912719727 544.700731277466 533.838665008545 387.293319702148 680.776184082031 511.341751098633 719.552696228027 522.119979858398 589.886918067932 827.219635009766 715.715431213379 550.588417053223 527.898277282715 570.710105895996 481.452018737793 707.354173660278 438.564910888672 681.556255340576 647.548484802246 587.357730865479 622.127534866333 570.918648719788 561.366622924805 603.4157371521 481.528778076172 513.703178405762 590.039315700531 528.62678527832 666.120956420898 551.563262939453 523.778907775879 688.524719238281 564.500814437866 755.324569702148 697.558990478516 872.646881103516 703.061294555664 781.162124633789 523.403358459473 578.921367645264 647.880344390869
679.673574447632 624.050586700439 912.176223754883 957.311473846436 619.884544372559 553.906136512756 809.037338256836 559.882270812988 614.979961395264 573.418695449829 565.376760482788 607.467414855957 459.107841491699 524.047393798828 616.318050384521 589.782209396362 548.646831512451 634.347053050995 510.429069519043 549.310440063477 670.837337493896 466.111114501953 407.491928100586 553.2864112854 844.170791625977 546.4836769104 440.37321472168 700.038757324219 736.527336120605 565.634063720703 299.436401367188 589.700009167194 689.90274810791 488.215286254883 556.035713195801 763.704956054688 559.343124389648 487.612182617188 665.795372009277 572.598162770271 800.998008728027 670.713943481445 582.467344284058 506.264427185059 925.714965820312 718.547256469727 604.393713474274 656.050746917725 632.485591888428 638.331539154053
596.537252426147 649.042930603027 649.010513305664 800.057357788086 578.016681671143 626.126136779785 563.355314731598 445.28955078125 583.316246032715 555.727815628052 498.056739807129 480.520263671875 545.050472259521 690.993339538574 590.821228027344 548.322982788086 453.354187011719 596.990447998047 605.193054199219 725.472763061523 658.651231765747 645.531070232391 584.33837890625 633.311185836792 776.974508285522 757.028747558594 569.680568695068 643.050674438477 618.807505369186 574.153793334961 566.72038269043 625.946905136108 578.061973571777 511.760635375977 731.962158203125 553.44314956665 681.121757507324 685.082511901855 501.932502746582 595.955179214478 599.706481933594 679.692024230957 568.99227142334 600.105478815734 743.713973999023 552.115310668945 644.033519744873 566.8828125 648.88960647583 530.890327453613
568.52504992485 715.749481201172 560.718318939209 777.000411987305 764.852310180664 719.621932983398 519.376029968262 558.197074890137 569.795942306519 576.779830932617 634.861156463623 459.970100402832 472.397392272949 415.166122436523 486.184860229492 628.153306007385 760.300643920898 665.71898651123 709.669494628906 707.91469669342 709.320907592773 612.849635362625 683.72159576416 620.256370544434 497.582901000977 538.65943145752 587.378059387207 676.941970825195 494.388244628906 619.667823791504 653.310883522034 516.293296813965 639.602745056152 514.969596862793 849.766479492188 567.451812744141 567.805877685547 486.533706665039 633.461742401123 602.062316894531 565.139442443848 552.425346374512 700.530563354492 715.764793395996 689.457252502441 641.138412475586 495.57202911377 583.04119682312 671.189163208008 468.873382568359
592.041404724121 429.780914306641 735.757171630859 869.315658569336 737.019195556641 718.156265258789 501.527938842773 758.525436401367 695.893356323242 570.428413391113 590.728511810303 553.579616546631 690.394241333008 588.918270111084 733.108642578125 670.448389053345 691.633434295654 719.199125289917 643.192456245422 774.503692626953 677.90355682373 613.908652305603 605.644787311554 423.711250305176 441.257385253906 710.748687744141 607.353483200073 573.278327941895 558.579246520996 619.294715881348 636.847726628184 634.330585479736 687.226978302002 810.610298156738 667.674133300781 661.537906646729 545.057846069336 599.075151920319 456.357086181641 595.939140416682 680.009124755859 787.682998657227 776.666488647461 637.063479423523 633.36111831665 775.715362548828 781.021423339844 662.160129547119 662.794654846191 611.611336708069
715.097991943359 502.896942138672 716.957473754883 821.926891326904 666.656524658203 678.523559570312 619.547389984131 758.619567871094 655.336280822754 579.072566986084 508.711074829102 632.408018112183 600.106380462646 811.223167419434 772.634212493896 600.354602813721 723.771308898926 849.285385131836 496.420333862305 514.085090637207 709.938884735107 538.042549133301 767.827224731445 461.226402282715 525.387649536133 846.781127929688 624.752151489258 644.853392601013 662.55037689209 491.382949829102 713.785469055176 594.915111541748 574.009176254272 565.727027893066 586.57837677002 433.173919677734 483.063003540039 563.043029785156 676.904609680176 507.885726928711 538.565021514893 503.097679138184 660.316051483154 755.510070800781 611.895156860352 643.319684028625 662.694763183594 679.251819610596 733.011581420898 541.561515808105
696.976367950439 760.893211364746 530.352482318878 1047.21296691895 645.942087173462 749.303215026855 433.549087524414 688.806655883789 633.205722808838 492.926513671875 673.76124560833 907.507987976074 769.316345214844 1019.91882324219 840.902293205261 634.230792999268 786.95726776123 848.021392822266 603.926063537598 612.225154876709 655.534531593323 687.181816101074 450.304595947266 382.439529418945 724.969688415527 665.786432743073 716.160934448242 583.997222900391 660.933828234673 663.447473526001 522.855392456055 514.505744934082 552.556106567383 560.413154602051 601.477432250977 658.459262371063 535.235221862793 605.836330413818 557.652103424072 526.866027832031 502.326194763184 527.906158447266 503.980812072754 617.667536258698 690.132827758789 621.299648761749 802.755218505859 749.451942443848 493.754974365234 567.584205627441
799.858703613281 666.305618286133 660.853576660156 996.935653686523 842.545543670654 819.939876556396 782.271793365479 843.876873016357 837.188842773438 1017.09619188309 448.411422729492 441.427429199219 518.845504760742 561.928117752075 454.373474121094 563.234303474426 614.666245937347 689.794713973999 695.725784301758 677.931185722351 596.544662475586 601.154193878174 615.573879241943 676.237033843994 580.324981689453 622.641136169434 571.720802307129 703.921348571777 624.843704223633 619.194389343262 444.727966308594 663.536922454834 553.121501922607 457.597854614258 460.95832824707 551.235046386719 431.121780395508 621.072639465332 637.567684173584 639.153091430664 591.950134277344 500.197059631348 668.524938583374 628.511279582977 687.395858764648 751.109962463379 607.645351409912 540.138679504395 479.052459716797 641.525157928467
657.022678375244 678.190788269043 764.000946044922 597.499588012695 707.578811645508 608.269519805908 586.838308334351 813.072820730507 621.873259544373 936.471397399902 553.443710327148 535.390090942383 503.436436653137 467.895637512207 474.822798728943 583.541374206543 671.025047302246 634.197907447815 704.601894378662 853.988212585449 602.329453468323 476.287017822266 524.839063644409 550.636619269848 603.95189666748 617.669792175293 503.625289916992 540.463668823242 576.640312194824 582.451713562012 636.272623062134 645.267980575562 616.159868240356 522.811973571777 450.452758789062 655.626174926758 754.077194213867 717.357498168945 579.872442245483 699.76481628418 595.861471176147 446.025299072266 653.419400215149 717.962791442871 724.389453887939 591.137367248535 783.663383483887 720.796268463135 666.915184020996 659.232074022293
659.845603942871 632.902654647827 660.051223754883 589.334274291992 600.038833618164 629.310729980469 336.546417236328 666.169002532959 758.594421386719 707.759696960449 617.748065948486 596.912141799927 836.12565612793 519.947296142578 608.372734069824 593.985237121582 562.303764343262 388.284286499023 385.037994384766 1001.00943374634 677.063865661621 479.305374145508 758.099067687988 708.653911590576 568.133815765381 656.121899604797 585.118797302246 639.064228057861 637.901371240616 517.091552734375 465.902221679688 682.577919006348 578.168319702148 657.74418592453 530.646797180176 699.692184448242 514.614936828613 558.666625976562 582.140476226807 474.45524597168 561.2470703125 616.141048431396 600.324031829834 633.671028137207 518.117294311523 627.541454315186 634.815174102783 561.861366271973 684.174528121948 555.202247619629
496.980169296265 402.176498413086 526.997734069824 668.398361206055 647.537132263184 624.187797546387 435.75114440918 610.774207115173 628.593841552734 686.766304016113 833.348472595215 722.171825408936 763.611438751221 767.873596191406 709.196475982666 612.852432250977 672.397167205811 698.461250305176 695.617225646973 806.149158477783 478.139778137207 525.223262786865 701.72566986084 609.217981815338 1021.02760887146 714.04426574707 661.084327220917 666.059448242188 664.521224975586 434.536865234375 543.849395751953 562.785430908203 700.539377212524 711.594413757324 705.516868591309 679.441474914551 625.897848367691 675.645988464355 647.609144210815 517.816955566406 577.844142913818 646.648245811462 532.940170288086 736.932968139648 573.425430297852 551.509773254395 797.610946655273 678.321144104004 632.495891571045 643.611885070801
371.757308959961 627.163537979126 774.554988861084 801.259956359863 -9999 -9999 -9999 -9999 -9999 -9999 -9999 -9999 -9999 -9999 -9999 787.229461669922 687.115825653076 738.529961585999 717.043843269348 678.194358825684 695.618949890137 687.330612182617 676.659294128418 425.468742370605 731.538402557373 615.912271499634 965.798866271973 599.092651367188 524.314743041992 891.78392791748 597.623371124268 689.908378601074 712.503967285156 633.190996170044 604.65637588501 691.675189971924 602.487926483154 500.51904296875 639.052465438843 485.663681030273 733.21216583252 843.162155151367 555.24836730957 447.464172363281 585.473335266113 544.941818237305 634.634956359863 665.489958763123 600.215278625488 649.466139793396
-9999 -9999 -9999 -9999 -9999 -9999 -9999 -9999 -9999 -9999 -9999 -9999 -9999 -9999 -9999 -9999 -9999 -9999 671.272384643555 648.036598205566 754.095441818237 798.098419189453 832.627494812012 676.733669281006 591.359380185604 554.481117248535 795.718330383301 542.719329833984 667.32252407074 560.93314743042 754.323944091797 1087.0389213562 615.803503036499 612.203353881836 777.121726989746 785.87776184082 664.842849731445 530.150947570801 587.760028839111 453.119232177734 608.194358825684 456.052474975586 646.823634147644 685.460111618042 532.125030517578 520.873031616211 602.160659790039 686.874279975891 394.192291259766 440.353851318359
