export/dem/dem63.asc
NCOLS 350
NROWS 171
XLLCORNER 152620
YLLCORNER 418050
CELLSIZE 100
NODATA_VALUE -9999
[rows 132 to 153 of 171, columns 300 to 349 of 350]
1022.6969833374 1054.97583770752 1641.74917602539 1241.41233825684 1138.65205383301 964.943145751953 1628.79019165039 1462.02136230469 1227.4416885376 1405.10285949707 1171.76927947998 1405.21055603027 1088.45628833771 1426.64567375183 1432.66205596924 1164.03401184082 1054.97938919067 1007.78742980957 1016.26972961426 868.7190284729 1063.82179260254 820.772285461426 849.249475002289 998.423950195312 868.958339691162 874.862781524658 665.501678466797 902.743207931519 1028.58180236816 868.633052825928 666.500274658203 705.491302490234 827.348846435547 847.916305541992 -9999 -9999 -9999 -9999 -9999 -9999 -9999 -9999 -9999 -9999 -9999 -9999 -9999 -9999 -9999 -9999
670.635482788086 855.324776649475 1030.5290145874 1241.6304397583 1143.36625671387 1021.94766235352 1407.37829589844 1937.85192871094 1339.3793182373 1371.52841186523 1280.7755279541 1319.08856964111 1086.629563272 1020.61692047119 1417.11318969727 1841.56819152832 1674.52124023438 2233.04821777344 1619.16243743896 1456.69598388672 1635.97616577148 780.506843566895 881.845561981201 861.871221542358 830.471137046814 703.318511962891 698.14054107666 782.817443847656 732.657836914062 793.451278686523 777.13404083252 821.295440673828 788.373001098633 879.94083404541 -9999 -9999 -9999 -9999 -9999 -9999 -9999 -9999 -9999 -9999 -9999 -9999 -9999 -9999 -9999 -9999
712.14225769043 813.634168624878 735.519763946533 835.408683776855 1165.7839050293 1084.52198028564 1462.14932250977 1563.19668579102 1326.5550994873 1219.55172729492 1286.73402404785 1337.32366943359 1231.49744606018 1172.52772521973 1462.65863037109 1478.26266479492 1321.27128601074 1335.71496582031 1187.96362304688 1257.40252685547 1260.93937683105 1208.96483612061 824.823852539062 822.277809143066 840.759796142578 793.255962371826 832.828384399414 791.603996276855 816.811492919922 856.93444442749 909.224510192871 848.113543510437 864.009391784668 961.760417938232 778.095603942871 -9999 -9999 -9999 -9999 -9999 -9999 -9999 -9999 -9999 -9999 -9999 -9999 -9999 -9999 -9999
719.228904724121 675.845680236816 1090.38046264648 1266.78992080688 1136.8708190918 1137.63688659668 1183.21771240234 1702.80307006836 1648.12190246582 1460.48675537109 1205.43482971191 1575.72120666504 1099.20457267761 1142.29915618896 1384.51013946533 1942.41728210449 1575.79391479492 1217.70593261719 1115.31207275391 1104.42443847656 1087.444190979 997.858142256737 1149.39344024658 1012.64017009735 996.969230651855 906.764236450195 840.741116046906 725.391464233398 892.619688034058 802.016265869141 816.706871032715 792.797904968262 936.600631713867 686.096336364746 1012.96053314209 926.34753704071 -9999 -9999 -9999 -9999 -9999 -9999 -9999 -9999 -9999 -9999 -9999 -9999 -9999 -9999
698.449241638184 962.210289001465 795.045352935791 961.184354782104 1047.87292480469 1387.52017211914 1269.6089630127 1116.83418273926 1258.24911499023 1198.5224609375 1283.61804199219 1167.62298583984 1446.02038574219 1444.73327636719 1222.21419906616 1235.8359375 1128.22898864746 1043.80887031555 1167.46862792969 1236.03332519531 1033.71564483643 938.876766204834 902.444831848145 1139.22254419327 906.415786743164 1001.16472434998 851.122598648071 691.455825805664 694.844772338867 779.97492980957 818.688659667969 1352.33148193359 749.753288269043 732.884468078613 801.824800491333 849.168830871582 -9999 -9999 -9999 -9999 -9999 -9999 -9999 -9999 -9999 -9999 -9999 -9999 -9999 -9999
1091.72329711914 1079.20799255371 935.566303253174 957.348541259766 1000.478515625 1238.2173614502 1264.70629882812 1196.93156433105 1139.2241973877 1223.39143371582 1132.65902709961 949.321632385254 1364.03853988647 1349.96904754639 1321.29323196411 1166.78813934326 1240.95301818848 1104.05291748047 1183.52398681641 1023.67211151123 1114.28982543945 1046.68441772461 1035.06548309326 1125.41984558105 1055.15671730042 1035.22456741333 1541.72312927246 781.564605712891 826.169636115432 798.462120056152 1112.10473632812 929.405151367188 846.69787979126 873.878056049347 844.509058952332 733.300704956055 943.360210418701 -9999 -9999 -9999 -9999 -9999 -9999 -9999 -9999 -9999 -9999 -9999 -9999 -9999
741.888198852539 893.693405151367 931.317302703857 948.87425994873 925.347503662109 1083.1222076416 1504.89334106445 1210.8385925293 1250.6682434082 1177.12693786621 1183.97734069824 1118.91271972656 1033.89484405518 1643.68266296387 1387.2536239624 1300.35101318359 1089.84075927734 1252.75790405273 1146.71249389648 1161.71502685547 1158.64826965332 785.504333496094 1115.86766815186 1166.09323120117 1022.48572158813 964.180051803589 1152.70008850098 988.497910946608 1058.72830963135 1251.29868793488 908.367645263672 935.283252716064 937.082172393799 863.286800384521 939.501777648926 695.283554077148 663.010238647461 -9999 -9999 -9999 -9999 -9999 -9999 -9999 -9999 -9999 -9999 -9999 -9999 -9999
794.825941085815 1104.25549316406 979.67839050293 730.689781188965 849.738220214844 1083.43195819855 1160.07513046265 1111.70777130127 963.486087799072 1045.12930679321 1138.44920349121 990.815593719482 949.899833679199 1093.84337234497 1542.60104370117 1724.07267379761 970.812494277954 1204.83969116211 1213.61001586914 1310.9196472168 1129.76402282715 991.809261322021 961.511924743652 1037.17388916016 1010.38706207275 1028.17050361633 953.57200050354 836.977890014648 1046.93351435661 978.249298095703 963.363609313965 792.342910766602 979.537832260132 793.321441650391 881.096984863281 903.33919095993 796.312789916992 783.872817993164 -9999 -9999 -9999 -9999 -9999 -9999 -9999 -9999 -9999 -9999 -9999 -9999
681.308578491211 944.013896942139 909.943447113037 921.614288330078 710.515533447266 926.93595123291 950.232765197754 1045.64977264404 1043.60649108887 1059.57909584045 1074.99922561646 1094.71541595459 937.974952697754 1054.58428573608 1443.05180358887 1530.57292175293 1095.54220199585 1137.12956237793 1108.58778381348 1304.13873291016 1257.47206115723 1047.09288024902 1089.67474365234 964.937515258789 888.925489425659 900.650314331055 933.387203216553 986.715468406677 882.419437408447 901.061065673828 1248.91080474854 1013.5062713623 964.005783081055 867.721900939941 889.166266441345 760.239303588867 1012.5339050293 940.463180541992 -9999 -9999 -9999 -9999 -9999 -9999 -9999 -9999 -9999 -9999 -9999 -9999
874.136199951172 822.873664855957 754.505416870117 818.230978012085 823.117252349854 763.214996337891 954.094301223755 795.390645027161 1018.00296020508 803.121757507324 965.521096229553 1023.83782577515 931.233329772949 1120.07524108887 1200.92663574219 1522.77796173096 1016.49638462067 1347.3313293457 1292.2494354248 1240.59117126465 1141.66295623779 932.272242546082 1033.15098953247 977.436973571777 954.041637897491 888.653495788574 1007.6600189209 1001.26963806152 819.41967010498 1087.49962234497 1175.5658493042 1009.02100372314 961.749513626099 1053.23341369629 881.235324859619 885.061515808105 991.835655212402 924.39594078064 949.43049621582 -9999 -9999 -9999 -9999 -9999 -9999 -9999 -9999 -9999 -9999 -9999
857.917098999023 639.484786987305 805.83899307251 781.589385986328 918.268035888672 1024.78403091431 1166.26839447021 1018.81583404541 1071.9330368042 1077.68525695801 844.674873352051 1139.65409708023 814.111312866211 1016.14793395996 1309.47019577026 957.711639404297 964.924835205078 951.520572662354 923.457260131836 1225.42692565918 1448.47705078125 1052.50079345703 1375.29016113281 1191.51529693604 901.806606292725 989.555200576782 1004.89217376709 821.492416381836 936.228698730469 1052.6116065979 1115.78903198242 1110.77177429199 863.260818481445 879.792785644531 1077.17852020264 833.183753967285 883.807167053223 742.922546386719 812.625246047974 -9999 -9999 -9999 -9999 -9999 -9999 -9999 -9999 -9999 -9999 -9999
758.456546783447 814.552261352539 725.093267440796 692.094026565552 794.31893157959 779.714561462402 938.432935714722 1012.34421539307 804.445431232452 809.674991607666 821.70161819458 1039.50765991211 1003.3069190979 933.254470825195 984.546676635742 1420.88714599609 1051.8137140274 1012.46088480949 957.515525817871 1001.98646116257 1180.4912109375 1062.90322113037 1203.67337799072 1239.12059783936 942.205688476562 937.09861946106 1111.51372146606 938.743144989014 1058.44704246521 1096.74422454834 1016.47479629517 976.205215454102 997.55283498764 720.521820068359 901.130340576172 923.711502075195 965.123533248901 833.808311462402 913.430397033691 -9999 -9999 -9999 -9999 -9999 -9999 -9999 -9999 -9999 -9999 -9999
738.66788482666 655.860458374023 718.524524688721 672.204906463623 754.203272342682 634.631126403809 764.476052105427 737.317882537842 792.460377693176 829.25191116333 891.087913513184 814.605033874512 994.886016845703 1251.95980834961 1187.47055053711 1114.34625148773 1572.58859634399 1053.27121734619 992.996416091919 964.920967102051 1005.34062194824 1016.86490631104 1044.19920730591 1326.72762870789 1101.32307052612 1138.15585327148 1608.43480491638 945.786884307861 974.79907989502 1070.04552078247 1071.10620486736 940.81958770752 917.767241477966 836.67590713501 891.155906677246 833.757904052734 779.061798095703 1006.88266563416 881.266078472137 894.654264450073 -9999 -9999 -9999 -9999 -9999 -9999 -9999 -9999 -9999 -9999
730.33989906311 820.389907836914 753.115087509155 749.582368373871 747.321496963501 735.976928710938 851.94832611084 788.921466827393 808.401832103729 923.040100097656 874.01636505127 682.298183441162 838.365203857422 957.854351043701 1089.30521392822 813.51904296875 1229.18408203125 1029.12645339966 1648.79126739502 1089.13408660889 1044.54410552979 1098.56990814209 941.767280578613 975.62425994873 1384.12012481689 1609.09156775475 1007.64502501488 1111.31986618042 941.557792663574 905.468902587891 1135.91177105904 840.206176757812 836.772422790527 762.183029174805 1061.08690071106 863.654838562012 877.836402893066 803.669441223145 719.119079589844 915.893280029297 -9999 -9999 -9999 -9999 -9999 -9999 -9999 -9999 -9999 -9999
765.223489761353 759.959641933441 770.442047119141 819.139854431152 800.577507019043 734.520408630371 755.164018630981 797.264171600342 911.861206054688 943.652496337891 823.638025164604 830.78787612915 892.078582763672 799.796181678772 892.450640201569 1024.29383850098 933.341800689697 882.668876647949 1011.80220794678 1151.92107391357 899.634452819824 1012.80348396301 1063.6643447876 999.065320968628 1034.05811691284 1473.28408813477 1100.57002067566 948.338531494141 878.777053833008 893.528091430664 1092.4786529541 1053.41859817505 767.313461303711 1094.78073120117 918.890754699707 773.887817382812 955.247535705566 942.754821300507 854.101833343506 1010.68597412109 -9999 -9999 -9999 -9999 -9999 -9999 -9999 -9999 -9999 -9999
753.673303604126 831.031330108643 841.05672454834 625.513450622559 779.114181518555 995.774337768555 777.44735622406 949.357864379883 840.537998199463 837.752731323242 963.302846908569 712.381958007812 782.965951919556 800.239818572998 800.152905464172 838.087276220322 978.987884521484 856.152130126953 911.788101196289 1192.72191619873 944.501514434814 1003.54084014893 1018.64086818695 1289.20974731445 1030.67531013489 1012.20953559875 973.414409637451 1033.97933959961 878.529899597168 1103.92724609375 969.716144561768 818.524513244629 870.384769439697 746.650970458984 954.406185150146 863.310974121094 1004.75641059875 921.541358947754 890.131938934326 861.871967315674 900.528537034988 -9999 -9999 -9999 -9999 -9999 -9999 -9999 -9999 -9999
721.823825836182 816.285486221313 832.444351196289 825.759201049805 764.730144500732 758.011453151703 874.117630004883 903.968223571777 737.981323242188 750.809185028076 834.666206359863 917.262073516846 839.066268920898 822.18448638916 607.619934082031 820.34858417511 892.207843780518 880.450847625732 947.66622543335 920.361930847168 1114.88053131104 1129.53568649292 990.433090209961 1016.95369720459 967.419115066528 1112.06167602539 1203.6954498291 938.210716247559 940.944087982178 876.970895767212 877.308031082153 907.798877716064 791.475357055664 786.221862792969 834.186706542969 868.919490814209 877.309684753418 1026.05944442749 821.708435058594 850.67658996582 880.305786132812 -9999 -9999 -9999 -9999 -9999 -9999 -9999 -9999 -9999
712.069316864014 854.321426391602 873.728668212891 765.300895690918 811.934627532959 794.222087860107 658.111320495605 864.372282028198 877.140918731689 910.29222869873 652.736465454102 802.041389465332 787.906219482422 1116.96247959137 913.268379211426 761.564357757568 642.75129699707 725.673645019531 962.390014648438 1015.29429626465 946.650207519531 1004.60242843628 1134.46277236938 1077.80782318115 1049.97502779961 1041.98022079468 1079.79837036133 853.62141418457 771.277015686035 950.077856063843 811.546661376953 786.273590087891 801.615028381348 699.679306030273 984.096124649048 999.83239364624 936.800979614258 968.792456626892 866.251640319824 982.921463012695 1000.52576732635 868.422477722168 -9999 -9999 -9999 -9999 -9999 -9999 -9999 -9999
721.391426086426 597.252716064453 744.503974914551 673.504196166992 822.060905456543 869.813095092773 760.386582612991 881.011297225952 838.658968925476 808.810707092285 787.936264038086 811.196807861328 750.352798461914 814.268127441406 848.366622924805 848.321243286133 708.182258605957 808.838930130005 785.084247589111 875.299363613129 736.127853393555 874.205604553223 1051.76718902588 1079.95882987976 994.91420173645 1026.8773727417 922.934982299805 971.34593963623 955.519158959389 1060.11489868164 817.153381347656 879.010296821594 785.084243774414 816.153755187988 1029.88488769531 863.01538848877 920.671813964844 1040.25527191162 959.996215820312 1027.39137268066 1038.44888305664 1026.66586685181 -9999 -9999 -9999 -9999 -9999 -9999 -9999 -9999
770.34419631958 763.306632995605 778.58683013916 715.17594909668 824.878383636475 646.251312255859 594.630508422852 811.095335483551 782.972637176514 850.22582244873 928.601299285889 788.980499267578 718.952377319336 777.361610412598 867.08863067627 822.710021972656 795.577354431152 764.080947875977 790.928600311279 814.215242385864 835.901799201965 864.86164855957 845.527044296265 804.868097305298 880.782997131348 871.232940673828 923.825618743896 894.973522186279 925.604263305664 926.720733642578 920.210411071777 772.495086669922 918.491528987885 749.959518432617 1193.84522247314 741.883392333984 855.233268737793 1065.76078033447 1002.75744628906 983.811483919621 881.566383361816 837.945739746094 975.420957565308 -9999 -9999 -9999 -9999 -9999 -9999 -9999
746.152153015137 756.028182983398 920.368812561035 854.114128112793 821.831859588623 795.790294647217 758.543718338013 714.279773712158 802.910175323486 776.014656066895 876.356371879578 903.815475463867 975.950847625732 710.977447509766 796.870719909668 1078.65127944946 994.851142883301 915.542022705078 881.483039855957 974.394348144531 870.433456420898 930.108367919922 987.720001220703 861.564016342163 998.476295471191 848.530843734741 1007.59211730957 816.112663269043 820.349571228027 1066.78079223633 951.191837310791 1033.72847747803 772.561981201172 876.901557922363 1236.50538063049 839.732200622559 863.576370239258 826.027938842773 1095.61302947998 969.553016662598 1001.43184661865 836.562362670898 843.450576782227 -9999 -9999 -9999 -9999 -9999 -9999 -9999
825.739359855652 749.954151153564 781.878383636475 790.081999778748 879.305908203125 640.972595214844 759.318565368652 716.503852844238 930.846038818359 726.772323608398 826.786859512329 765.075759887695 891.567596435547 778.889556884766 679.173942565918 815.679821968079 825.400009155273 1029.63935089111 1010.35952758789 989.795949459076 902.509146213531 1008.92132568359 926.655568122864 966.397048950195 1077.10911560059 908.905564069748 817.332534790039 852.099327087402 887.952425003052 687.830963134766 866.000526428223 913.972625732422 863.550331115723 835.028694152832 1218.00875091553 989.311172485352 864.328910827637 987.572484970093 979.481342315674 905.945991516113 828.274078369141 906.024833679199 947.357593536377 947.092067718506 -9999 -9999 -9999 -9999 -9999 -9999
