export/dem/dem65.asc
NCOLS 350
NROWS 171
XLLCORNER 152620
YLLCORNER 418050
CELLSIZE 100
NODATA_VALUE -9999
[rows 66 to 87 of 171, columns 200 to 249 of 350]
716.514686584473 688.605140686035 600.148590087891 718.306167602539 607.90548324585 731.923389434814 794.602310180664 899.161026000977 687.93643951416 828.646331787109 540.807968139648 358.87109375 693.182846069336 629.366777420044 587.042198181152 654.886690139771 452.563415527344 600.607040405273 585.869850158691 517.58179473877 631.778837203979 541.91678237915 693.444763183594 759.751800537109 543.135551452637 647.359769821167 602.593475341797 678.962547302246 594.607189178467 541.605892658234 538.009483337402 698.701662063599 708.005706787109 683.965671539307 724.554931640625 743.916915893555 842.036315917969 875.858474731445 661.824363708496 603.229009628296 531.195213317871 700.001052856445 719.257675170898 663.314544677734 563.0934009552 651.882274627686 646.061708450317 655.192337036133 714.771263122559 509.895172119141
683.553276062012 645.780513107777 686.346294403076 653.637830734253 643.904917061329 667.329637527466 570.128253936768 741.684150695801 689.592044830322 705.595718383789 495.361419677734 655.511421203613 574.968032836914 596.604158401489 437.781005859375 565.342380523682 576.669455528259 652.529903411865 528.033821105957 798.090330123901 735.877365112305 567.560626983643 585.828584671021 550.963306427002 606.425223350525 733.547760009766 664.204391479492 598.602203845978 597.008036136627 535.825813293457 579.969067573547 592.424034118652 711.985134124756 677.760551452637 750.097047805786 892.362777709961 761.863876342773 656.748519897461 710.321071624756 593.208518981934 612.188189506531 716.153961181641 497.788444519043 794.901779174805 525.939971923828 548.936317443848 594.532520294189 579.522888183594 545.798767089844 560.828514099121
678.674880981445 613.463325500488 575.983100891113 819.343383789062 811.097534179688 795.874374389648 534.953651428223 758.55884552002 617.161996841431 621.915961265564 668.840570449829 610.167587280273 687.620943069458 765.871528625488 737.04345703125 715.186408996582 602.250465393066 702.932838439941 705.294834136963 630.953705787659 541.220703125 642.878675460815 609.690813064575 768.003555297852 656.680816650391 539.931499481201 630.652212142944 685.506908416748 437.789154052734 602.197368621826 731.968410491943 908.580581665039 653.156500816345 766.753807067871 677.879894256592 843.611206054688 831.073585510254 840.747039794922 528.45817565918 733.78783416748 601.445951461792 674.554248809814 644.875080108643 774.41145324707 502.381721496582 637.796052455902 601.784729003906 632.101501464844 619.891761779785 600.584140777588
664.946041107178 646.453249931335 531.459693908691 686.526947021484 716.826072692871 755.015342712402 653.803405761719 703.600601196289 585.377059936523 671.903896331787 458.579772949219 687.90119934082 592.886848449707 520.626495361328 833.187957763672 665.216453552246 567.12574005127 527.428703308105 622.314388275146 683.83079457283 511.707794189453 700.190307617188 777.33918762207 738.666305541992 632.636157989502 600.150718688965 502.09757232666 695.106998443604 618.287631988525 680.393146514893 667.971797943115 759.374855041504 727.817985534668 674.892419695854 937.365432739258 833.484786987305 819.510375976562 605.256488800049 555.256355285645 691.88631439209 644.723106384277 531.419761657715 682.894416809082 758.601364135742 745.079528808594 753.649826049805 713.722114562988 681.143787384033 595.167617797852 669.720233917236
642.097898483276 651.944659233093 615.231077194214 714.301330566406 468.004318237305 547.941459655762 706.392784118652 668.154985427856 583.356552124023 648.323479175568 474.2138671875 656.705146789551 449.125610351562 643.231254577637 598.861986160278 693.421157836914 569.485832214355 466.782569885254 691.395034790039 741.199775695801 682.843448638916 727.792615413666 637.644463539124 607.198001861572 709.03727722168 506.102500915527 507.736770629883 572.206577301025 663.860502243042 635.790327072144 737.426162719727 581.998331069946 576.570079803467 588.111640930176 722.919337272644 718.878494262695 700.297142028809 500.018157958984 588.929523468018 535.330299377441 547.001625061035 583.642692565918 468.344360351562 640.382871627808 682.653270721436 780.834060668945 582.992767333984 617.133762359619 594.419231414795 624.113262176514
534.108360290527 694.816772460938 603.203506469727 595.023433685303 665.877365112305 733.447036743164 832.942352294922 640.577438592911 664.246992111206 638.239616394043 701.359504699707 640.487842082977 696.4919090271 650.343012332916 616.553676605225 700.063522338867 600.534969329834 601.504676818848 761.493324279785 776.683895111084 697.024374723434 796.120292663574 363.521240234375 481.535202026367 820.740859985352 613.448467254639 606.171447753906 626.627330780029 589.806579589844 703.844879150391 806.947677612305 793.588607788086 596.688430786133 751.975509643555 721.150009155273 715.627937316895 736.99739074707 557.796928405762 684.970016479492 489.519638061523 619.638652801514 586.205471038818 669.659591674805 720.315307617188 671.539405822754 720.301048278809 743.13703918457 722.973831176758 866.818542480469 663.63892364502
554.260101318359 803.191589355469 556.480621337891 740.513092041016 656.987323760986 792.383239746094 657.61547088623 735.772102355957 848.623016357422 615.110931396484 484.505912780762 627.487434387207 614.188419342041 656.729339599609 667.059442520142 512.194541931152 641.453404426575 672.212070465088 935.179550170898 816.350688934326 855.026950836182 742.303541183472 531.863380432129 683.229034423828 633.688215732574 598.701362609863 605.554243087769 548.884172439575 704.148788452148 794.042449951172 676.512065887451 683.160205841064 601.207909584045 665.984943389893 669.47386932373 647.084869384766 557.653793334961 607.654680252075 576.266647338867 493.920997619629 540.357818603516 604.047817230225 674.487609863281 628.106850624084 819.703414916992 673.122894287109 843.641906738281 650.594827651978 720.016044616699 594.710220336914
731.032554626465 717.809204101562 657.512403488159 665.146030426025 656.086952209473 579.855690002441 700.997192382812 675.689638137817 679.278071403503 650.311807632446 610.447313308716 625.266881942749 623.869964599609 637.355134248734 588.121112823486 664.794189453125 666.6920337677 605.48713684082 747.065212488174 826.33048248291 811.501848220825 677.720115661621 852.716049194336 646.929280281067 605.469434738159 734.671661376953 525.808418273926 695.48949432373 588.283115386963 654.91911315918 674.240478515625 596.019542694092 739.819244384766 515.440490722656 473.007514953613 449.018730163574 694.267211914062 644.914699554443 534.072380065918 630.342432022095 492.07048034668 599.245067596436 594.816761016846 725.444686889648 782.531303405762 639.717879295349 673.642425537109 658.517011642456 769.122177124023 492.591064453125
535.417961120605 746.277626037598 662.698692321777 717.857147216797 501.087097167969 418.178955078125 595.024593353271 686.031848907471 693.60684967041 778.244346618652 538.349868774414 683.155040740967 603.624240875244 652.547540426254 669.623611450195 640.57776260376 485.570129394531 464.058517456055 742.137197494507 884.127349853516 795.229103088379 822.896148681641 1113.43796157837 713.545021057129 850.065628051758 674.680088043213 657.060838699341 593.06699180603 715.059364318848 679.863380432129 642.904592514038 883.190937042236 649.045320034027 575.78783416748 665.573181152344 647.892642974854 707.03311920166 738.324554443359 537.881034851074 596.03765296936 477.239898681641 597.822402954102 532.359367370605 533.78751373291 661.886650085449 776.36946105957 780.915069580078 658.890609741211 697.336296081543 655.839725494385
530.164619445801 633.354705810547 610.153419494629 658.409656524658 528.16633605957 781.732650756836 656.681444168091 672.697147369385 515.504730224609 557.816986083984 641.864391326904 616.82858133316 587.878089904785 575.512771606445 579.826637268066 441.388717651367 707.853225708008 733.591041564941 720.080898284912 886.103363037109 635.066069602966 734.838264465332 805.263893127441 798.744926452637 916.029716491699 624.456878662109 977.888954162598 625.41529083252 792.669082641602 736.191833496094 637.412113189697 891.848083496094 497.883415222168 653.709995269775 553.692604064941 617.915884017944 662.217599868774 764.024688720703 765.268966674805 781.399673461914 504.555694580078 638.395513534546 525.427032470703 565.595951080322 713.680015563965 570.8625831604 602.471953392029 646.331420898438 561.012950897217 639.859809875488
485.867210388184 705.078620910645 715.267150878906 679.788818359375 706.665954589844 548.444496154785 589.725555419922 734.772560119629 647.863849639893 689.633773803711 646.939420700073 506.816329956055 500.424468994141 464.269165039062 729.096591949463 628.182992935181 608.73327922821 854.64143371582 823.501525878906 651.481750488281 675.383693695068 747.076567649841 752.711818695068 769.490459442139 674.295455932617 722.756641387939 846.927104949951 759.455947875977 775.737880706787 644.889726638794 1270.11426544189 607.616481781006 723.509574890137 786.517776489258 585.579082489014 723.676139831543 687.466346740723 737.973350524902 697.767913818359 897.929733276367 628.782844543457 712.544311523438 644.988538742065 686.713935852051 679.251777648926 641.849402427673 522.360534667969 607.835277557373 523.718338012695 758.172805786133
584.774618148804 695.812339782715 754.582611083984 717.770492553711 714.060211181641 569.685043334961 682.344829559326 597.728370666504 755.814758300781 687.185258865356 455.190872192383 772.874198913574 457.435592651367 543.830749511719 701.229042053223 625.158834457397 728.72721862793 615.792252540588 993.906196594238 870.49888420105 786.838371753693 935.045166015625 701.918162345886 875.293827056885 699.456630706787 950.527359008789 594.872802734375 853.408699035645 1170.53447723389 945.675148010254 704.138328552246 706.459352493286 711.018846511841 777.894016265869 721.739540100098 582.931297302246 814.604843139648 826.940460205078 678.311601638794 680.764499664307 718.555274963379 606.388862609863 573.113090515137 598.13715171814 795.249954223633 662.501888275146 488.663063049316 693.00382232666 571.562347412109 673.545372009277
656.246383666992 703.122894287109 760.584686279297 757.094314575195 688.859481811523 664.388439178467 585.038883209229 595.600299835205 638.239387512207 762.317924499512 548.214744567871 426.33984375 594.356563568115 525.329391479492 589.583316802979 668.04460144043 756.530578613281 752.844497680664 730.069679260254 931.367248535156 911.114307403564 878.947303771973 753.577917098999 620.349487304688 608.437210083008 623.566864013672 615.96524810791 888.933536529541 1073.00732421875 1125.42000579834 722.990100860596 602.040397644043 789.309041976929 840.899871826172 732.381736755371 588.501331329346 680.324029922485 715.152214050293 755.917381286621 690.432418823242 767.9490442276 555.607788085938 678.066202163696 578.377578735352 503.364738464355 713.468490600586 654.880992889404 604.6843957901 519.358871459961 695.063316345215
506.38208770752 627.480815887451 647.536884307861 644.482189178467 590.994035720825 614.107491612434 674.704055786133 799.067001342773 629.070713996887 551.112976074219 633.799449920654 661.383170127869 588.747905731201 678.12225151062 714.726768493652 761.541358947754 691.689952850342 689.032871246338 705.547576904297 953.218399047852 593.285140991211 695.400665283203 659.896408081055 738.376342773438 553.639358520508 675.163047790527 685.576177597046 779.714735031128 1194.73152351379 1092.77958106995 1104.18899345398 1022.80072784424 766.302856445312 845.887508392334 723.441730499268 657.074368476868 633.041542053223 679.812550544739 834.127807617188 719.962799072266 667.66440486908 488.350677490234 695.175525665283 627.710867881775 618.011527061462 754.79443359375 570.452651977539 625.467308878899 638.940439462662 854.823715209961
631.50185585022 658.259910583496 708.713623046875 626.296701431274 543.119644165039 502.303176879883 702.275115966797 555.288024902344 700.978096008301 821.817794799805 707.334512710571 637.460796356201 586.840042114258 644.519394874573 719.832637786865 719.636289596558 926.838134765625 816.934097290039 810.17155456543 679.666966438293 450.723037719727 501.876770019531 594.068572998047 599.564720153809 632.343433380127 498.452621459961 615.914443969727 563.871185302734 796.407485961914 925.345947265625 919.831941604614 1201.47142028809 1147.45517730713 865.034278869629 1201.16249084473 825.253894805908 662.155404210091 676.837283611298 665.560550689697 812.512939453125 690.24764251709 636.405025482178 619.076396942139 462.118698120117 735.303974151611 602.026027679443 721.812225341797 642.242755889893 743.198143005371 631.055445969105
785.431411743164 722.609466552734 670.724262237549 788.55451965332 533.426788330078 652.641839981079 626.916714668274 612.960071086884 613.162468910217 828.110534667969 702.903953552246 771.650955200195 668.236265182495 735.278633117676 777.146453857422 817.485801696777 696.42431640625 640.38386631012 706.659469604492 810.816940307617 551.530899047852 495.428283691406 622.651884078979 436.336883544922 581.982181549072 551.967697143555 610.416793823242 913.134490966797 867.212299346924 749.54292678833 523.839645385742 772.112503051758 837.939159393311 1222.04235839844 1153.1672668457 1021.60157012939 813.926887512207 843.255722045898 846.272583007812 623.937656402588 797.436965942383 628.112358093262 757.347229003906 644.674118041992 641.667865753174 607.399211883545 736.204307556152 571.551322937012 665.431114196777 683.577278137207
761.673965454102 699.296436309814 671.064500808716 821.666152954102 650.825092315674 589.715677261353 738.47208404541 811.000366210938 347.552459716797 606.534759521484 664.046352386475 719.748439788818 622.056373596191 814.076568603516 793.640594482422 703.246116638184 779.712882995605 650.073861122131 570.766914367676 399.508819580078 731.462310791016 657.71967792511 456.766723632812 704.347087979317 620.974006652832 649.972145080566 672.149967193604 824.813407897949 833.736455917358 623.366340637207 720.940795898438 852.505447387695 932.959098815918 1311.83646774292 962.601312637329 1391.81223297119 920.933013916016 607.234039306641 752.680801391602 591.60090637207 349.05908203125 675.129524230957 659.518859863281 579.423187255859 626.226984977722 552.987380981445 628.765830814838 609.740714073181 639.747940063477 522.211196899414
866.304306030273 842.38215637207 763.490913391113 678.375785827637 672.722675323486 559.320945739746 744.692474365234 653.430492401123 683.981349945068 603.375087738037 677.1238887012 731.139507293701 659.223878860474 734.872604370117 813.092559814453 622.572297096252 729.91820526123 727.061805725098 690.06685256958 497.674514770508 583.721397399902 707.201675415039 560.576972961426 611.678216934204 678.82253408432 681.80396270752 680.284645080566 619.766971588135 611.253219604492 700.067390441895 571.271629333496 595.141105651855 876.891265869141 1361.40892028809 1101.59758758545 1049.17523956299 1084.08780670166 831.297649383545 610.865463256836 480.538238525391 582.004364013672 678.664100170135 858.712417602539 742.525206565857 790.0283203125 399.877975463867 593.274524688721 611.056028366089 665.181966781616 641.372802734375
758.461875915527 715.207611083984 460.003890991211 570.810844421387 565.258670806885 576.789138793945 663.136638641357 748.96800994873 754.499038696289 680.441661834717 715.347709655762 686.319133758545 726.948921203613 711.38854598999 698.379703521729 727.626823425293 586.643074035645 668.461791992188 640.485626220703 713.19514465332 713.413391113281 678.288501739502 729.899726867676 588.845508575439 775.213340759277 729.127716064453 662.797464370728 661.293769836426 675.006003022194 593.234436035156 596.92643737793 765.983032226562 873.316158294678 745.15739440918 849.537185668945 973.84407043457 1085.65147399902 933.860984802246 514.953750610352 564.746780395508 577.438323974609 869.930397033691 785.439858436584 654.486892700195 982.296615600586 1000.82357120514 954.839920043945 933.985885620117 669.677482843399 850.05744934082
682.63775062561 750.969696044922 605.533332824707 702.966365814209 604.136194229126 655.593955993652 756.543441772461 694.591781616211 770.202758789062 713.101974487305 719.671333312988 749.685493469238 595.913982391357 616.99662399292 620.874042510986 603.503346443176 721.179679870605 636.435606002808 802.845474243164 641.544667720795 755.139320373535 434.90983581543 647.018286705017 634.322056770325 667.047395706177 600.407730102539 683.262142181396 652.439233779907 622.229220867157 693.439819335938 745.452659606934 616.449996948242 1004.62239074707 819.090927124023 777.750199317932 654.295303344727 802.775894165039 750.835182189941 825.083717346191 787.32735824585 760.478385925293 689.699977874756 775.666526794434 532.925003051758 787.67696762085 839.344024658203 956.727188110352 971.765686035156 1071.92835426331 690.920375823975
747.552429199219 638.174892425537 690.19397354126 691.403671264648 649.104423522949 689.724243164062 534.982307434082 637.522390365601 642.08828163147 660.887126922607 620.88946723938 777.388809204102 701.193250656128 728.110504150391 650.966969013214 776.94376373291 636.01763343811 717.906929016113 613.144861221313 599.240756988525 584.504066467285 631.323671340942 581.052101135254 737.481269836426 627.572366714478 615.643383026123 599.384098052979 709.608665466309 581.161743164062 659.065537452698 501.769104003906 405.850646972656 697.184667944908 569.230934143066 776.362075805664 752.764685988426 597.58723449707 697.464408874512 725.652262687683 725.441368103027 816.710008919239 840.058135986328 776.251708984375 857.048210144043 736.505954742432 844.037216186523 903.526062011719 1062.95452880859 924.537069320679 665.820343017578
754.830585479736 783.971702575684 464.934646606445 617.621070861816 777.170837402344 648.222194671631 655.859092712402 673.750606536865 551.741214752197 608.765857696533 653.724542617798 724.531364440918 816.483047485352 702.462963104248 674.117560863495 585.452545166016 689.09673833847 710.137865066528 695.306135177612 619.551042556763 763.291297912598 611.182016372681 675.677324295044 672.750909805298 548.947814941406 641.487728118896 515.35578918457 674.502471923828 1195.22709751129 666.635941982269 513.888458251953 509.78816986084 592.83617401123 565.410804748535 624.212715148926 797.022651672363 587.349060058594 642.08052110672 606.495918273926 689.146860122681 676.400876045227 835.844879150391 722.884679794312 684.003303527832 652.594421386719 813.394680023193 940.003625869751 1034.15663528442 1083.29043579102 951.128536224365
