export/dem/dem66.asc
NCOLS 350
NROWS 171
XLLCORNER 152620
YLLCORNER 418050
CELLSIZE 100
NODATA_VALUE -9999
[rows 132 to 153 of 171, columns 300 to 349 of 350]
833.67431640625 980.718612670898 1546.75628471375 1194.81078720093 988.110862731934 1019.11030578613 1721.79067993164 1475.72172546387 1227.31547546387 1435.90881347656 1237.28105735779 1286.07051849365 1251.13609313965 1539.55680847168 1446.82201385498 1107.34979248047 1199.77963256836 1059.90536499023 1072.38710021973 1027.61972045898 1021.59309387207 766.699989318848 956.059638977051 905.985244750977 776.340393066406 864.820125579834 836.695750236511 911.257535934448 803.444778442383 679.699676513672 784.929916381836 867.515254974365 840.428958892822 793.696960449219 -9999 -9999 -9999 -9999 -9999 -9999 -9999 -9999 -9999 -9999 -9999 -9999 -9999 -9999 -9999 -9999
863.875925064087 795.162132263184 798.127746582031 1306.75401687622 979.786037445068 999.97779083252 1219.21786499023 1749.96675109863 1345.04937744141 1228.4467010498 1179.64791870117 1393.92819213867 1114.36937904358 1244.27787780762 1512.16439819336 1930.0806427002 1639.39692687988 2220.66510009766 1957.5270690918 1413.70457458496 1591.51237487793 906.758277893066 868.171977996826 894.289985656738 721.719467163086 816.380178451538 874.745410919189 860.761642456055 877.040065765381 838.047485351562 854.6209897995 807.243522644043 739.638732910156 866.666618347168 -9999 -9999 -9999 -9999 -9999 -9999 -9999 -9999 -9999 -9999 -9999 -9999 -9999 -9999 -9999 -9999
1000.6026763916 1002.8217010498 780.875847816467 1125.76135253906 1052.24374389648 1116.06869506836 1324.08967590332 1450.24201965332 1374.37698364258 1104.26029586792 1257.03231811523 1413.1547088623 1329.56699371338 1154.43723297119 1300.71797657013 1529.30236816406 1371.78239440918 1548.33282470703 1229.42129516602 963.474449157715 1294.96768188477 1227.75802612305 801.20588684082 921.885322570801 853.070678710938 1021.44696044922 855.764190673828 888.581605911255 928.065856933594 784.378921508789 854.025501251221 901.74430847168 858.691696166992 771.983383178711 784.629150390625 -9999 -9999 -9999 -9999 -9999 -9999 -9999 -9999 -9999 -9999 -9999 -9999 -9999 -9999 -9999
758.579410552979 802.089046478271 1267.97659301758 1281.6188659668 1079.80824279785 1078.15077972412 939.645191192627 1693.92749023438 1459.63857269287 1342.1142578125 1205.67291259766 1391.46226501465 1168.41024017334 1058.45302391052 1317.56372642517 1761.63506698608 1572.37634277344 1212.94117736816 1279.90521240234 1078.56129455566 1037.19258880615 1078.73770904541 1262.64695549011 970.803171157837 919.923362731934 822.10684967041 836.609149456024 818.458507537842 860.759847640991 858.300331115723 832.661170959473 843.258756637573 1128.171459198 685.071044921875 925.026226997375 1019.92949676514 -9999 -9999 -9999 -9999 -9999 -9999 -9999 -9999 -9999 -9999 -9999 -9999 -9999 -9999
749.819671630859 1059.16400146484 1035.12351989746 1088.88166046143 1128.6516418457 1246.40850830078 1039.79241108894 1096.06420898438 1164.77012634277 1146.9206237793 1185.55932617188 1061.74444580078 1547.15473937988 1649.0711479187 1179.26433134079 1105.52623033524 997.589477539062 1155.08055114746 1147.94166564941 1241.82870483398 865.869300842285 1058.3649520874 1027.69248962402 1205.73095703125 1007.10653400421 760.505401611328 986.409141540527 813.901964187622 856.689579963684 797.453788757324 877.036918640137 1492.57807254791 874.696441650391 834.743186950684 876.293880462646 1025.73593139648 -9999 -9999 -9999 -9999 -9999 -9999 -9999 -9999 -9999 -9999 -9999 -9999 -9999 -9999
887.002288818359 1074.1039276123 1041.8404083252 951.742683410645 1071.33459472656 1369.44857788086 1251.28712463379 1079.35717773438 1073.10220336914 1126.64809799194 1140.40049743652 1100.92971038818 1340.27151489258 1463.45056533813 1314.48807996511 926.649353027344 1136.63333892822 977.234809875488 1074.57312011719 985.834739685059 1057.0991897583 984.838729858398 912.971046447754 1093.84690856934 1075.69654464722 1093.48040676117 1651.77875518799 915.602920532227 876.312171936035 788.072471618652 1260.21875 864.723861694336 835.265090942383 751.534057617188 897.408470153809 833.932457923889 920.275390625 -9999 -9999 -9999 -9999 -9999 -9999 -9999 -9999 -9999 -9999 -9999 -9999 -9999
920.119581222534 1090.49627685547 1057.64292907715 1137.21441650391 848.25509262085 1128.32672119141 1256.34728622437 1096.06066131592 1144.26239013672 1128.15104293823 1060.21264648438 991.340171813965 1247.84909820557 1500.01930618286 1511.32952880859 1298.74008560181 955.255485534668 982.764691352844 988.67687702179 1006.57175636292 1040.42290496826 847.083099365234 956.227569580078 1131.08028411865 1099.00634765625 1045.92882537842 915.880897521973 975.460949897766 1040.09059906006 1158.9599609375 1142.27138900757 857.65901184082 717.926742553711 1054.32983398438 966.938636779785 951.877258300781 689.455223083496 -9999 -9999 -9999 -9999 -9999 -9999 -9999 -9999 -9999 -9999 -9999 -9999 -9999
607.144821166992 950.450309753418 1127.89721679688 864.88623046875 943.101852416992 1127.42083930969 1314.04238891602 1090.76567459106 1080.03257751465 968.047199249268 994.309724807739 1085.34064483643 1070.72240447998 1178.26931762695 1535.99408721924 1681.75224781036 933.226322174072 1112.96804046631 1139.0018157959 1038.04481506348 929.89616560936 1076.68106079102 988.305623054504 976.219648361206 1038.34483337402 1090.35986328125 1107.9755859375 879.897029876709 995.688369750977 1091.61204528809 874.820907592773 855.420516967773 998.604335784912 922.660758972168 799.35718536377 951.016956329346 866.199356079102 842.789920806885 -9999 -9999 -9999 -9999 -9999 -9999 -9999 -9999 -9999 -9999 -9999 -9999
1058.33836364746 957.87638092041 736.080024719238 776.674970626831 988.125122070312 1159.97280883789 1228.28311157227 1064.70596313477 1089.87253761292 1076.47096252441 1069.24313354492 1002.13872480392 1034.10543823242 1079.59392929077 1216.91594696045 1463.43482398987 1050.40395641327 1089.65341186523 1225.91339111328 1062.79975128174 1041.96804046631 997.530654907227 941.688233375549 975.961578369141 943.547927856445 1056.22891235352 1092.04334259033 1012.42769622803 998.658638000488 1115.4877166748 1316.47305679321 1106.40232849121 966.065258026123 851.572151184082 947.823459625244 929.875411510468 904.770286560059 944.945007324219 -9999 -9999 -9999 -9999 -9999 -9999 -9999 -9999 -9999 -9999 -9999 -9999
781.703247070312 823.748054504395 863.886659622192 851.000123977661 903.363222122192 1035.24749755859 1095.45866394043 878.737174987793 1183.58407592773 881.883712768555 1108.10748291016 1053.25594711304 1012.38594055176 1215.36822509766 1247.09938049316 1505.48810577393 1195.92056274414 1146.16483306885 1086.11304855347 1017.21601295471 1040.39106082916 913.47793006897 963.450222015381 952.493472099304 845.073020935059 946.255922317505 1093.6545715332 1091.71446228027 713.325439453125 877.403625488281 1127.70421600342 977.506202697754 891.125411987305 947.455429077148 868.900703430176 958.364143371582 895.932176589966 1058.50508117676 923.295402526855 -9999 -9999 -9999 -9999 -9999 -9999 -9999 -9999 -9999 -9999 -9999
920.740997314453 711.421829223633 995.41845703125 911.47779083252 1016.1985912323 1235.85725402832 1342.16656494141 1205.42416381836 1060.0767288208 1203.19398498535 942.590538024902 1071.74503326416 1076.76538848877 1169.49652099609 1503.70719909668 941.462730407715 1199.74584960938 1116.08321380615 1176.49951171875 1185.33451843262 1217.22846221924 1168.21513366699 1332.81489181519 1215.85231018066 922.698463439941 1046.46368789673 920.765134811401 991.210121154785 957.612354278564 950.420249938965 1155.18064498901 934.709579467773 1026.25317001343 1034.69424819946 996.829051017761 1091.38575744629 1071.35609436035 969.931095123291 777.931613922119 -9999 -9999 -9999 -9999 -9999 -9999 -9999 -9999 -9999 -9999 -9999
882.957489013672 849.655418395996 875.543243408203 818.352027893066 938.131839752197 934.697292327881 1132.54449462891 1028.84459686279 1058.97286987305 784.144903182983 990.117553710938 972.548860549927 1136.68675231934 997.858501434326 1173.67046356201 1463.73164367676 1036.43934822083 1014.75543951988 1015.76315307617 1060.59819030762 1030.32321453094 999.749502182007 1207.44859313965 1293.54960632324 1188.48887634277 1043.0450592041 1119.1290473938 940.495193481445 966.173583984375 1005.87816619873 911.610733032227 1065.48085403442 1084.69633483887 1066.45030212402 917.459178924561 1007.61780071259 913.429145812988 918.219402313232 888.507882118225 -9999 -9999 -9999 -9999 -9999 -9999 -9999 -9999 -9999 -9999 -9999
626.980323791504 723.21137046814 749.064010262489 633.579948425293 775.05633354187 978.832382202148 874.150604248047 754.741260528564 864.698913574219 875.020027160645 914.517837524414 883.895706176758 951.603004455566 1038.13698577881 1104.32825469971 1200.26125335693 1558.94548034668 1105.84364128113 1023.94980709627 983.760662078857 979.018400192261 847.074615478516 1012.05987024307 1413.96451568604 1229.00914764404 1088.41114044189 1537.81114959717 1059.39864349365 1098.00357437134 973.87255859375 1047.37886619568 964.856658935547 849.085258483887 836.364517211914 961.063526153564 1056.82977294922 1050.2027053833 944.752033233643 799.667991638184 913.676588058472 -9999 -9999 -9999 -9999 -9999 -9999 -9999 -9999 -9999 -9999
836.868110656738 711.935105323792 711.330532073975 702.13489151001 704.00256729126 812.403114318848 711.11727142334 752.237897753716 851.342849731445 996.413604736328 739.790561676025 700.69856262207 904.714302062988 857.453498840332 860.384689331055 959.743125915527 989.914710998535 1082.46218013763 1652.52779006958 1172.30816650391 1046.18304824829 1085.81670379639 1060.64403533936 973.379035949707 1449.00162124634 1584.0734500885 1036.59304428101 1157.38022613525 1064.77278518677 974.933995246887 1017.34197998047 1073.94634246826 991.359161376953 991.014541625977 1122.59427642822 988.175928115845 910.388622283936 894.750932693481 843.633708953857 1019.19330215454 -9999 -9999 -9999 -9999 -9999 -9999 -9999 -9999 -9999 -9999
741.805191040039 738.483136177063 796.980010986328 686.401077270508 784.518997192383 820.635223388672 734.61222076416 769.530579566956 1103.70809936523 994.205139160156 937.294372558594 688.983963012695 647.917861938477 894.773254394531 827.919799804688 1118.1270904541 923.336296081543 945.616296768188 944.43238067627 976.64762878418 1022.84459209442 1044.280834198 966.11540222168 1086.22065734863 973.240894317627 1382.09983825684 1072.28973007202 925.530853271484 938.44100189209 842.97216796875 885.638229370117 1080.42602157593 879.98486328125 1268.25877380371 1079.0382194519 1022.65489959717 1183.46801757812 981.02725982666 885.70041847229 887.882320404053 -9999 -9999 -9999 -9999 -9999 -9999 -9999 -9999 -9999 -9999
781.664717912674 855.434669494629 689.848091125488 754.726277351379 690.815635681152 816.998554229736 815.739570617676 803.444749832153 796.647463798523 1036.54987335205 1060.85279083252 924.061050415039 693.430320739746 618.838500976562 765.357635498047 797.799015045166 955.697313308716 957.235475540161 1066.10690689087 1125.15365600586 946.780475616455 990.026039123535 1136.90187835693 1119.02628803253 1189.04331970215 1180.35566711426 1049.00966072083 1271.40280506015 1049.10354995728 1122.34462738037 1067.69808959961 864.56534576416 832.229934692383 886.963680267334 1043.80240631104 1068.2974395752 1102.3744354248 955.322426795959 920.528154373169 844.960906982422 992.507698059082 -9999 -9999 -9999 -9999 -9999 -9999 -9999 -9999 -9999
744.072248458862 914.421234130859 747.280193328857 856.170379638672 849.247375488281 675.347724914551 753.678722381592 870.072792053223 863.037342071533 928.519401550293 887.26723575592 929.627212524414 990.556442260742 878.723485946655 857.627151489258 880.811332702637 746.475212097168 987.865356445312 855.039920806885 1015.30646133423 974.325408935547 1040.00612640381 947.498657226562 1010.37660217285 955.842830657959 1060.44711112976 904.257522583008 876.993522644043 819.339683532715 911.561754226685 1058.90893554688 913.096297264099 986.740169525146 784.457275390625 1048.59039306641 841.088737487793 1048.47431182861 1036.97674179077 903.266987800598 922.561755478382 890.435165405273 -9999 -9999 -9999 -9999 -9999 -9999 -9999 -9999 -9999
716.163269042969 762.161273956299 824.911191940308 834.859573364258 784.021507263184 740.630516052246 831.016887664795 816.092119216919 771.36254119873 726.045066833496 805.319941520691 907.757297515869 738.478790283203 1062.41451263428 872.197551727295 749.360862731934 724.620567321777 843.677621841431 846.39581489563 865.759486198425 977.971748352051 954.348876953125 1109.73761701584 1125.3560218811 945.818702697754 997.850117683411 1139.36192321777 845.660140991211 910.890504837036 915.040084838867 1038.47157287598 1064.16697692871 1030.1682434082 794.076972961426 935.606273651123 1158.38973236084 1100.75054931641 937.961385726929 924.776322364807 750.16796875 976.589616775513 910.7366065979 -9999 -9999 -9999 -9999 -9999 -9999 -9999 -9999
720.778579711914 889.431632995605 861.304870605469 783.782630562782 690.08464050293 642.285308837891 786.164356231689 880.942354202271 934.073631286621 976.816116333008 882.971088409424 921.607093811035 732.1845703125 996.190849304199 1007.16403961182 863.539511144161 906.672950744629 710.351707458496 871.297740936279 908.438022613525 798.965713500977 854.404903411865 833.868263244629 1075.22299766541 890.766578674316 861.089294433594 1010.56604957581 945.985065460205 964.898792266846 965.195545196533 860.515428543091 785.59326171875 899.151155471802 897.378648757935 1097.47299194336 1158.30749511719 1027.05153656006 1100.35028839111 933.283737182617 1120.93284606934 1035.06691741943 966.314786911011 -9999 -9999 -9999 -9999 -9999 -9999 -9999 -9999
891.825958251953 734.841117858887 868.369365692139 820.569988250732 886.934341430664 859.642761230469 757.780168056488 870.991176605225 882.046894073486 723.472038269043 762.021957397461 734.330352783203 711.665878295898 913.644647598267 1058.83173370361 923.101223289967 1151.36262512207 791.069999694824 934.060272216797 973.826126098633 858.074157714844 726.63720703125 833.374824523926 823.808565616608 769.832946777344 738.052192687988 689.784454345703 1052.07711791992 968.907152175903 981.79163646698 870.97038269043 1030.89029693604 1043.76822662354 788.503051757812 1349.89868927002 896.420516967773 942.192691802979 853.75212097168 937.002672195435 915.755661010742 884.262680053711 988.88468670845 958.419572353363 -9999 -9999 -9999 -9999 -9999 -9999 -9999
837.718795776367 770.525327682495 854.678272247314 766.320669174194 886.479804992676 778.681234359741 730.488574981689 658.154792785645 721.487380981445 814.299984931946 962.339851379395 919.128257751465 996.326824188232 788.16796875 817.089088439941 1097.14938354492 1086.94260025024 895.570983886719 921.954212188721 997.341205596924 988.338233947754 890.561363220215 703.871459960938 819.122119903564 933.038494110107 930.305862426758 859.545412540436 761.332908630371 739.235916137695 994.62847340107 860.423889160156 1074.02241516113 1026.0863494873 902.495136260986 1335.59278869629 1047.07038879395 876.012107849121 989.498889923096 1029.56691741943 963.064716339111 979.765605926514 1010.45777797699 946.820301055908 -9999 -9999 -9999 -9999 -9999 -9999 -9999
810.415814399719 825.995523452759 725.920337677002 899.727584838867 776.254890441895 698.659324645996 656.741744995117 696.017074584961 863.567695617676 906.644889831543 896.560199737549 782.29264831543 1097.45537185669 931.096230506897 668.709686279297 825.495647907257 836.639801025391 961.814146995544 957.12295627594 1138.26924133301 966.983978271484 904.186010360718 914.236873626709 727.380767822266 788.652717590332 806.960067749023 868.840721130371 912.933893203735 882.593599319458 760.054252624512 981.844158172607 1006.40712356567 940.932971954346 880.893333435059 1274.41680526733 925.447860717773 1038.92366027832 838.052825927734 1079.4012298584 956.141647338867 1041.10361289978 1009.81733703613 1047.95230484009 927.342224121094 -9999 -9999 -9999 -9999 -9999 -9999
