export/dem/dem68.asc
NCOLS 350
NROWS 171
XLLCORNER 152620
YLLCORNER 418050
CELLSIZE 100
NODATA_VALUE -9999
[rows 44 to 65 of 171, columns 50 to 99 of 350]
847.768035888672 716.862762451172 567.920059204102 809.723738670349 213.82861328125 321.176956176758 377.707290649414 664.760581970215 495.35521697998 342.995254516602 980.409637451172 411.942588806152 449.769817352295 468.472888946533 308.398727416992 391.845199584961 318.789459228516 477.912939071655 341.878448486328 427.826874732971 392.71576499939 215.519104003906 234.035537719727 255.297775268555 380.34635925293 361.786140441895 369.686990737915 498.324104309082 417.77167224884 398.153675079346 440.36909866333 419.53994178772 354.004325866699 524.016151428223 430.914470672607 475.123355865479 524.320793151855 343.072776794434 508.452110290527 332.223152160645 475.292449951172 537.421001434326 363.265365600586 376.739547729492 381.069095611572 244.350952148438 283.003509521484 384.297733306885 325.441833496094 270.649765014648
720.869777679443 529.152458190918 584.770797729492 738.73950958252 386.169036865234 408.312835693359 596.737686157227 543.909045219421 355.177856445312 591.282890319824 439.528141021729 410.325645446777 426.032482147217 300.394989013672 471.754541397095 251.938339233398 346.799789428711 292.092559814453 375.036945343018 461.961837768555 391.618049621582 398.457740783691 335.870704650879 388.0837059021 437.26615524292 475.009437561035 461.336555480957 340.910125732422 355.567192077637 205.660659790039 508.810317993164 542.683166503906 540.930198669434 524.038803100586 340.875213623047 377.649559020996 443.653547048569 458.597696304321 358.373443603516 372.614681243896 356.270843505859 468.455902099609 474.232307434082 450.304576873779 322.278816223145 541.428455352783 394.622463226318 357.560569763184 456.70454788208 252.578094482422
504.932723999023 457.956268310547 612.269577026367 336.574012756348 348.533550262451 531.527017593384 552.281631469727 371.165313720703 614.016933441162 465.385177612305 535.019035339355 424.490364074707 374.514556884766 393.29386138916 339.263259887695 348.183265686035 390.210559844971 412.045704126358 489.111099243164 343.330741882324 267.82657623291 542.321426391602 377.006916046143 469.914966583252 465.650833129883 453.534954071045 406.564290046692 440.416442871094 452.282619476318 456.1086769104 403.348712921143 491.667633056641 368.634357452393 427.058100700378 486.399112701416 280.027587890625 359.138862609863 433.398169636726 481.087577819824 591.149917602539 428.010543823242 530.133209228516 341.154396057129 561.634353637695 257.895462036133 369.878524780273 398.115411758423 405.451745986938 471.020927429199 323.719757080078
311.740692138672 383.019569396973 377.245338439941 414.532001495361 266.788040161133 419.281059265137 950.961227416992 525.350402832031 490.296970367432 481.135763168335 348.727569580078 382.194747924805 435.699867248535 369.149513244629 476.056091308594 377.948089599609 363.537933349609 364.702220916748 252.390258789062 457.686122894287 447.835155487061 490.227142333984 291.424957275391 345.582954406738 481.456359863281 326.929016113281 498.183433532715 504.373199462891 360.515853881836 389.82137298584 364.047874450684 326.67854309082 431.845242500305 472.243560791016 592.494369506836 290.533584594727 493.351715087891 325.715141296387 367.367984771729 418.797559738159 387.003349304199 420.261901855469 461.895380020142 411.027208328247 456.265979766846 464.659172058105 548.611000061035 371.388477325439 413.400045394897 485.217658996582
636.081680297852 403.047576904297 478.850088119507 511.015365600586 306.472152709961 551.05814743042 400.845321655273 434.843162536621 416.112800598145 597.565818786621 393.405143737793 466.154571533203 358.012275695801 343.005905151367 350.615097045898 545.009254455566 504.513633728027 456.473558425903 460.02321434021 484.056816101074 493.321403503418 394.798674583435 433.935691833496 557.734771728516 390.261077404022 434.493488311768 589.782302856445 483.652759552002 522.333778381348 431.105624198914 275.796966552734 384.750228881836 545.155052185059 539.470855712891 569.645706176758 523.523712158203 370.089687347412 252.790679931641 429.136629104614 376.343997955322 552.852546691895 511.723526000977 257.813690185547 413.532596588135 286.449279785156 330.424293518066 462.669605255127 449.696259021759 382.462211608887 565.879463195801
579.296325683594 236.718139648438 445.066669464111 373.425155639648 518.408416748047 519.744636535645 472.136165618896 477.28418302536 515.293334960938 383.015266418457 586.318695068359 415.548675537109 508.574394226074 553.634605407715 430.14949798584 468.514671802521 454.260341644287 412.237192153931 486.86438369751 467.962562561035 387.481779098511 422.392320632935 379.918674468994 464.01683807373 530.35880279541 433.140573501587 407.898718833923 412.401683807373 475.425266265869 364.777488708496 322.315856933594 474.160797119141 523.949035644531 586.367034912109 409.098007202148 338.059860229492 368.949363708496 252.325393676758 259.751449584961 262.456604003906 383.506900787354 272.312484741211 314.294815063477 343.583686828613 401.918754577637 464.950629234314 353.163017272949 297.715026855469 270.131408691406 463.936585426331
426.491298675537 477.454727530479 537.793392181396 1207.1244354248 439.621185302734 657.738021850586 419.080718994141 313.337600708008 251.880569458008 530.385932922363 424.299640655518 584.804870605469 426.173337936401 544.926124572754 354.975212097168 636.411636352539 405.2436170578 530.539100646973 495.886421203613 435.992736339569 542.730842590332 410.436145782471 479.841094970703 325.255996704102 473.95768737793 526.252426147461 324.92325592041 413.722368240356 402.881439208984 468.294765472412 416.418642878532 285.221649169922 473.44482421875 511.632873535156 484.396636962891 411.709314346313 364.251583099365 345.646030426025 425.486291408539 409.998504638672 373.222850799561 385.785926818848 286.973693847656 390.355125427246 560.886226654053 399.675354003906 347.682083129883 468.205350875854 434.243921279907 442.721797943115
723.858721733093 701.813415527344 477.166854143143 530.023822546005 584.675910949707 349.973175048828 395.364761352539 428.307053565979 453.050351142883 280.355972290039 425.531147003174 384.603755950928 460.292572021484 468.907262802124 419.230465888977 438.694920361042 457.722801208496 479.548000335693 576.221008300781 529.891830444336 512.214370727539 391.689920425415 561.608840942383 468.330993652344 387.299945831299 432.610052108765 544.981132507324 556.786895751953 455.223430633545 375.791934967041 251.279769897461 324.889495849609 475.658226013184 318.470108032227 397.146238327026 420.728463172913 376.421821594238 558.521224975586 410.321830749512 363.87520980835 538.412490844727 423.258460998535 396.651294708252 342.742256164551 486.161193847656 495.434288024902 438.145202636719 359.436538696289 433.92173576355 444.33126449585
854.666656494141 479.977638244629 984.131549835205 563.961071848869 570.380018234253 422.229011535645 340.430953979492 325.10221862793 498.467861175537 453.55632352829 340.101844787598 335.22492980957 426.79594039917 308.216178894043 496.478172302246 505.875297546387 273.799179077148 542.49242401123 564.664047241211 412.120388031006 458.732032775879 598.55876159668 595.488082885742 537.77571105957 522.094329833984 480.263137817383 539.496299743652 405.070965588093 515.902481079102 365.974517822266 266.353790283203 243.608169555664 364.716163635254 421.481258392334 406.749563217163 499.342613220215 417.101932525635 512.109420776367 479.591697692871 401.003328323364 425.413455963135 423.000910758972 385.012310028076 399.409484863281 337.705001831055 366.02600479126 345.460357666016 426.069105148315 486.523872375488 408.513767242432
760.434814453125 555.458316802979 636.675354003906 556.613748550415 714.764205932617 430.524887084961 448.994453430176 521.518112182617 429.687944412231 382.43595123291 412.268131256104 447.699974060059 369.571571350098 456.915130615234 431.135530471802 261.347579956055 329.247421264648 402.037302017212 258.608093261719 385.772283554077 360.23649597168 424.582933425903 366.518653869629 596.749984741211 514.779359817505 638.601135253906 530.843574523926 400.311387062073 637.78173828125 340.662536621094 391.007937880233 295.446090698242 458.781753540039 510.881004333496 415.378261566162 395.332176208496 586.975875854492 573.368560791016 443.974355697632 419.796214103699 401.461644172668 391.300360918045 328.914772033691 378.473762512207 332.266288757324 328.102737426758 375.6735496521 418.634162425995 485.159278869629 338.936576843262
633.593992233276 599.073432922363 505.671413421631 716.315898895264 569.749938964844 486.368087768555 409.960464477539 388.370185852051 397.858856201172 497.442955493927 305.838638305664 438.005317687988 466.871078491211 404.02904343605 340.737037658691 322.618103027344 351.98518371582 281.242073059082 503.768058776855 323.851760864258 450.198596954346 515.851547241211 536.748207092285 726.062431335449 557.844216346741 468.014125823975 388.916112422943 479.315689086914 331.253828048706 317.026206970215 525.828926086426 309.923355102539 364.067582130432 420.116415023804 396.851202011108 483.203552246094 347.696739196777 453.824684143066 606.697357177734 468.725227355957 443.04575920105 411.244089603424 475.651840209961 393.425746917725 202.613922119141 374.508377075195 323.379241943359 523.366485595703 573.28288269043 504.193397521973
717.703765869141 1109.97009086609 513.930512428284 590.993374347687 569.843547821045 628.116912841797 334.655242919922 421.962837219238 305.180480957031 272.66569519043 326.075386047363 353.329109191895 362.139457702637 389.704486846924 262.761245727539 266.761428833008 353.126266479492 339.35132598877 511.648216247559 356.243389129639 312.460006713867 382.48766708374 389.470687866211 532.225845336914 503.361801147461 561.707534790039 566.649230957031 425.507949829102 328.953838348389 433.877021789551 421.565210342407 308.515068054199 547.186172485352 325.561454772949 539.513763427734 439.343391418457 355.283493041992 329.843070983887 407.566956043243 483.116645812988 277.190315246582 325.965034484863 280.875991821289 199.519256591797 276.13419342041 484.282470703125 652.256591796875 382.497383117676 538.194847106934 412.472589492798
549.42066192627 683.599014282227 449.414642333984 714.310138702393 457.941215515137 555.101697921753 438.821327209473 410.67162322998 409.116722106934 435.621396064758 322.27693939209 293.981811523438 324.868843078613 327.230201721191 182.677383422852 216.482299804688 485.326362609863 343.929649353027 409.08606338501 321.917083740234 420.756627082825 483.487457275391 340.389854431152 299.374305725098 313.858009338379 259.979293823242 337.511904716492 367.758571624756 247.44603729248 355.091865539551 528.460357666016 228.775894165039 378.183696746826 299.57165145874 325.038314819336 334.986343383789 497.91236114502 403.220103502274 420.385046005249 350.019412994385 412.92866897583 349.04838180542 491.64949798584 370.3346824646 292.790229797363 413.338819503784 415.990666389465 511.771980285645 393.100093841553 516.224449157715
848.395751953125 489.460062026978 707.666000366211 550.478765487671 509.498275756836 649.923377990723 490.476779937744 456.122223854065 463.510070800781 519.188316345215 424.016646385193 433.247022628784 198.300247192383 284.696105957031 373.417449951172 517.048568725586 294.599540710449 322.452011108398 217.209259033203 309.964729309082 450.709255218506 335.350883483887 275.440536499023 439.910804748535 351.733131408691 325.823419570923 407.722671508789 197.771911621094 227.487770080566 309.896518707275 418.674293518066 447.169761657715 390.202210426331 353.85950088501 438.994033813477 369.392363548279 372.36985206604 493.78719329834 457.390644073486 412.459367752075 435.656089782715 458.983421325684 355.435203552246 416.828879714012 330.99462890625 440.763599395752 438.52783203125 394.963315963745 480.719009399414 549.741271972656
520.982200622559 504.284248352051 607.258710861206 504.317070007324 553.794555664062 621.981727600098 538.789600372314 574.73388671875 401.378618240356 367.728523254395 470.714282989502 384.980610847473 433.058193206787 397.601229667664 288.903472900391 335.44832611084 595.046813964844 312.535430908203 263.152130126953 426.863426208496 152.088394165039 344.466355323792 234.012893676758 175.329010009766 324.111594200134 313.145614624023 262.043121337891 437.010391235352 348.126552581787 458.599262237549 362.083299636841 376.734157562256 331.627311706543 267.396553039551 422.608856201172 372.035666465759 446.177181243896 410.92566204071 364.037927627563 536.490951538086 545.173446655273 398.169367313385 282.597259521484 348.897132873535 327.57723236084 373.647064208984 414.453382492065 417.916160583496 480.980672836304 348.090110778809
443.323547363281 425.318222045898 611.125475883484 647.057991027832 572.628492355347 613.399793624878 597.510681152344 423.614458084106 459.394485473633 327.16333770752 280.806617736816 351.854515075684 384.855307340622 429.456871032715 481.53392791748 297.394073486328 420.744411468506 229.780151367188 333.854766845703 386.825187683105 352.332921981812 359.821659088135 205.862014770508 201.103134155273 425.04907989502 381.415109634399 319.956172943115 473.302795410156 504.242149353027 334.764507293701 392.891143798828 323.71072769165 201.221664428711 399.175333023071 306.088455200195 523.196685791016 511.772583007812 346.660007476807 490.477615356445 450.990795135498 387.791460037231 522.047370910645 435.607265472412 213.993911743164 407.696398645639 423.903532028198 434.391530513763 382.115474700928 251.697601318359 454.989143371582
310.591247558594 383.533081054688 484.659141540527 548.133075714111 792.055557250977 948.796905517578 587.303287506104 500.573062896729 383.481719970703 485.763866424561 411.845995903015 504.27897644043 441.936637878418 311.116027832031 202.591186523438 332.20947265625 419.422979354858 388.071006774902 289.963287353516 524.143493652344 323.726585388184 403.550970077515 372.651483535767 322.08763885498 394.45129776001 303.765972137451 290.275215148926 400.167418003082 384.232517361641 431.960186004639 484.184051513672 480.300308227539 363.292625427246 367.705060958862 266.709526062012 330.353977203369 321.211219787598 251.807479858398 527.947456359863 444.459178924561 406.47889482975 261.639083862305 432.358762741089 244.438873291016 321.464141845703 216.793563842773 282.966278076172 305.933227539062 407.853168487549 493.470687866211
651.619476318359 377.713272094727 416.026214599609 566.927868366241 683.770362854004 675.130744934082 626.006422996521 557.2314453125 485.23875617981 503.668251037598 321.291778564453 318.10888671875 319.302230834961 156.863220214844 306.690048217773 576.524024963379 314.230682373047 483.715118408203 473.427146911621 428.072326660156 413.06273072958 475.131546020508 298.383827209473 332.710681915283 323.991851806641 270.650436401367 417.800964355469 376.795595169067 399.985216140747 354.899948120117 389.670768737793 404.678199768066 464.355339050293 316.800926208496 345.380550384521 463.58325958252 440.516761779785 238.355575561523 313.693923950195 511.541526794434 538.04167175293 264.468475341797 312.600517272949 313.460647583008 387.261455535889 399.044704437256 340.153938293457 339.85661315918 483.229473114014 489.202724456787
480.660804748535 485.817123413086 427.202774047852 507.503776550293 444.653717041016 623.820812225342 693.513763427734 533.57727432251 262.08610534668 370.279346466064 449.759905338287 299.713912963867 410.254222869873 273.153182983398 274.651611328125 390.504521042109 330.516845703125 250.384422302246 320.511596679688 336.498165130615 218.943618774414 348.262413024902 272.879852294922 348.222185134888 207.399261474609 323.930450439453 304.367156982422 318.150661468506 367.981601715088 358.644222021103 412.971231460571 478.932968139648 276.743751525879 368.415218234062 495.966346740723 429.981079101562 367.780670642853 460.41259765625 311.869300842285 361.781707763672 253.93505859375 343.526092529297 196.264236450195 355.459396362305 403.706348419189 376.11107635498 443.4880027771 443.006076812744 472.162269592285 417.276245117188
424.852958679199 469.319351196289 727.01936340332 593.636360168457 462.692504882812 472.417159557343 460.635812759399 420.606021881104 597.641464233398 261.058288574219 433.187692642212 460.851984977722 391.480024337769 385.974948883057 165.8447265625 387.018054962158 379.874528884888 300.653610229492 253.029937744141 318.58422088623 272.045921325684 396.198968887329 347.06139755249 501.417091369629 410.302814483643 226.203216552734 257.9052734375 331.645442962646 440.167381286621 417.386552810669 284.747077941895 320.757057189941 352.226025700569 344.104930877686 409.170024871826 373.329553604126 544.711776733398 489.141731262207 518.468933105469 454.462829589844 303.212921142578 391.187274932861 384.047985076904 324.122505187988 346.386077880859 350.525665283203 343.445213317871 324.490005493164 477.987470626831 467.551733016968
356.239852905273 501.334901809692 453.003356933594 567.074440002441 398.58268737793 381.870758056641 571.566787719727 388.340885162354 468.531143188477 234.431411743164 220.904220581055 297.45783996582 194.463500976562 331.664011001587 220.255645751953 320.014247894287 315.838073730469 334.880821228027 412.502082824707 290.484146118164 542.35563659668 402.150188446045 385.706430435181 423.068294525146 453.626197814941 226.641647338867 307.776702880859 335.530601501465 509.240127563477 384.413159370422 431.313076019287 435.93775177002 381.451499938965 487.044456481934 332.022958755493 334.345199584961 378.483630180359 347.208850860596 316.85871887207 404.908779144287 467.426570892334 342.70384979248 321.322235107422 385.158203125 292.218170166016 351.672424316406 213.275314331055 402.443965911865 278.368743896484 368.083541870117
513.64782333374 436.689147949219 423.023979187012 564.382841706276 487.108280181885 518.485645294189 282.881042480469 436.341297149658 490.021286010742 425.950084686279 358.169048309326 155.616500854492 189.824157714844 227.361938476562 349.922916412354 333.907350540161 376.343096733093 411.211750030518 476.98819732666 385.839756011963 448.662410736084 503.501251220703 413.25110244751 396.862007141113 380.016568303108 392.525613307953 481.64436340332 508.071022033691 522.454956054688 382.278266906738 350.999114990234 489.865768432617 325.055480957031 447.375770568848 478.567455291748 360.390705108643 327.525253295898 349.618885040283 390.394752502441 345.519691467285 462.302417755127 431.79089140892 402.643283843994 373.756725311279 408.929983139038 346.118209838867 271.611190795898 317.35774230957 319.364974975586 461.283760070801
