export/dem/dem61.asc
NCOLS 350
NROWS 171
XLLCORNER 152620
YLLCORNER 418050
CELLSIZE 100
NODATA_VALUE -9999
[rows 66 to 87 of 171, columns 150 to 199 of 350]
468.871566772461 418.792526245117 538.402257919312 528.734670639038 609.225597381592 566.68581533432 667.561592102051 626.930694580078 659.250541687012 587.137428805232 356.625549316406 422.962387084961 588.279117584229 620.633728027344 524.609483718872 508.792896270752 554.060001134872 480.920379638672 591.975784301758 613.191036224365 500.862945556641 492.12483215332 581.340324401855 712.09846496582 575.301787853241 700.161895751953 579.203642308712 634.707168579102 641.339183807373 658.152931213379 593.358987808228 611.354479789734 592.397527217865 655.021663665771 667.855690002441 609.883230209351 696.623908996582 594.389326095581 504.817543029785 582.078105926514 521.82022857666 723.747207641602 619.719491302967 669.1898188591 787.944946289062 735.477737426758 768.300384521484 576.013912200928 500.409713745117 595.752510070801
505.393287658691 594.023357391357 680.777442932129 603.16003036499 688.480346679688 652.559371948242 522.23325920105 786.044082641602 511.76256942749 589.190502166748 581.336156845093 716.784133911133 505.923004150391 686.414184570312 568.863652229309 551.756766319275 467.457122802734 600.507064819336 442.439933776855 531.839740753174 640.955024719238 560.468674659729 575.640733718872 539.557431221008 632.423759460449 439.920593261719 451.167747497559 560.392135620117 632.257518768311 709.551391601562 706.34162902832 497.726745605469 593.739804029465 494.715446472168 577.459243774414 567.939834594727 697.015319824219 695.790710449219 367.787033081055 441.797241210938 540.477684020996 715.015563964844 680.971248626709 764.581771850586 779.80517578125 683.137470245361 885.414688110352 643.155377388 641.600095748901 621.491020202637
670.724311828613 595.983364105225 593.916191101074 419.133720397949 490.725997924805 508.814895629883 536.480101585388 674.888931274414 498.929092407227 781.426803588867 672.00569152832 621.618431091309 485.404201507568 762.713180541992 523.458240509033 606.645816802979 472.706260681152 673.326698303223 388.050521850586 502.315727233887 566.58860206604 651.34118270874 564.867541313171 568.590881347656 644.729520797729 659.763488769531 589.44548034668 613.253286361694 526.30110168457 659.795967102051 528.086959838867 562.388893127441 655.30850982666 664.312171936035 681.71614074707 640.993057250977 508.917655944824 658.132499694824 651.426868438721 575.59484577179 600.316092967987 620.554582595825 629.27542591095 775.83975982666 673.194480895996 775.933403015137 665.908550262451 644.875186920166 527.17015838623 621.507271766663
488.732116699219 399.782592773438 422.910339355469 593.66793346405 521.692218780518 613.378389358521 699.751754760742 687.02278137207 667.71849822998 637.109683990479 533.656915664673 572.561658859253 624.775428771973 572.390961647034 567.240807056427 542.549688339233 581.541015625 548.026195526123 593.531484603882 621.745254516602 606.654308319092 514.67919921875 433.224426269531 639.832893371582 483.689956665039 630.099491119385 566.609003305435 536.492538452148 573.247527599335 639.0719871521 623.203239440918 571.809928894043 551.886390686035 638.508594512939 634.6969165802 505.90258026123 433.739837646484 701.172416687012 696.825782775879 662.40172958374 573.91801071167 724.026252746582 522.098373413086 659.799438476562 801.443435668945 721.009567260742 602.841697692871 509.270942687988 641.828498840332 660.019927978516
495.541000366211 458.407600402832 447.501220703125 409.785186767578 400.509689331055 523.173355102539 594.403285980225 615.766975402832 569.127876281738 702.886001586914 660.860847473145 609.801494598389 544.603900909424 614.624809265137 634.996925354004 501.188045501709 614.711330413818 520.915096282959 503.577156066895 624.23030090332 562.556180953979 547.333539962769 601.463733673096 542.106758117676 590.935768127441 626.295837402344 572.794776678085 700.093948364258 627.094924926758 586.492538452148 593.511106491089 457.810729980469 617.799366950989 597.295469284058 576.465034484863 568.491619110107 380.590850830078 672.996307373047 513.896064758301 706.333786010742 669.160583496094 592.713757038116 573.259128570557 733.351348876953 555.222969055176 757.124221801758 686.636152267456 634.993173599243 639.74733543396 570.516326904297
522.58625793457 534.064481735229 341.332382202148 416.819061279297 456.686828613281 614.975936889648 587.742477416992 603.093704223633 650.956100463867 423.506973266602 494.084953308105 657.989776611328 469.387077331543 571.457160949707 635.063568115234 703.253753662109 591.915927886963 600.072078704834 464.981689453125 617.263168334961 645.789154052734 741.955352783203 543.841804504395 605.742248296738 600.75678396225 481.007926940918 452.806335449219 583.977897644043 754.635192871094 551.955074310303 511.010208129883 597.309390068054 666.5732421875 552.312561035156 610.89417052269 523.827766418457 643.2015645504 649.229400634766 631.782075881958 677.226234436035 582.446309089661 581.659587860107 482.995018005371 508.727737426758 627.467384338379 592.672771453857 703.242660522461 674.152339935303 718.200714111328 579.339988708496
611.014579772949 481.618900299072 584.892181396484 523.649748802185 446.491333007812 415.935791015625 594.162563323975 464.965232849121 524.581703186035 427.661483764648 575.65375328064 591.569953918457 502.736755371094 693.253929138184 597.429779052734 736.736633300781 646.647392272949 582.906305551529 636.861309051514 500.459175109863 500.83487701416 635.755165100098 538.924987792969 498.035552978516 561.609516143799 490.860527038574 600.859793663025 637.487869262695 582.620429992676 542.253433227539 522.970203399658 709.424682617188 576.452693939209 522.919261932373 565.620862960815 583.431665420532 667.295835494995 629.75910949707 518.772071838379 533.160202026367 684.863189697266 605.784035205841 643.556819915771 566.394180297852 678.034103393555 627.174921035767 669.92546081543 724.495422363281 778.797592163086 626.548267364502
481.466255187988 538.394172668457 518.768988609314 543.295454978943 549.330156326294 424.456085205078 524.204109191895 560.519307136536 490.534614562988 444.828643798828 411.105438232422 519.247447967529 549.692102909088 675.606651306152 571.676882743835 673.174591064453 653.192893981934 564.983360290527 687.153419494629 614.63632440567 789.030227661133 645.152603149414 584.692901611328 606.346122264862 607.096219182014 552.477245330811 712.388031005859 535.095596313477 478.525840759277 510.042198181152 760.329803466797 609.059485435486 641.40735244751 431.62109375 433.212432861328 597.920376777649 640.592269897461 729.774963378906 596.78134393692 607.79984664917 614.062482833862 548.329616546631 660.895927429199 589.632145881653 598.807834386826 678.421161651611 817.806625366211 680.553253173828 723.960090637207 742.361930847168
520.259208679199 398.315856933594 420.873603820801 350.120666503906 508.185565948486 657.040084838867 591.848146438599 515.952919006348 513.177921295166 461.523315429688 513.169868469238 502.887535095215 520.582698822021 386.20393371582 503.502628326416 539.166446685791 409.445770263672 455.745391845703 637.871486663818 616.188620567322 731.775444030762 585.182201385498 451.17643737793 575.264823913574 566.526985168457 612.168697357178 595.522020339966 679.739772796631 586.153060913086 664.168769836426 660.094192504883 634.086223602295 569.622570037842 689.571556091309 458.303070068359 418.282012939453 683.069435119629 533.725379943848 608.94114112854 634.817314147949 663.69465637207 616.961357116699 702.323913574219 682.26123046875 706.454887390137 540.413833618164 510.97225189209 708.483955383301 536.275718688965 580.518825531006
721.74055480957 579.492485046387 476.467842102051 530.017974853516 544.517610549927 442.5576171875 516.837467193604 594.945074081421 479.903503417969 619.456329345703 679.725746154785 520.362926483154 651.861083984375 666.880737304688 578.863061904907 535.493843078613 710.620170593262 616.245168685913 661.145317077637 710.991111755371 703.609191894531 548.983695983887 691.784511566162 782.508483886719 800.283592224121 656.602432250977 654.913347244263 686.378105163574 560.955852508545 526.943481445312 505.496231079102 683.698760986328 685.445724487305 781.186920166016 491.68782043457 524.182998657227 574.824004650116 604.908906936646 641.440914154053 444.076248168945 631.256690979004 570.75966835022 692.502799987793 658.898254394531 553.025424957275 448.590805053711 567.134460449219 550.419929504395 713.894561767578 716.053657531738
700.526748657227 774.65894317627 815.836761474609 908.976673126221 445.843170166016 581.310192108154 628.870182037354 516.459251403809 568.236721992493 507.568939208984 591.813255310059 439.171356201172 653.314353942871 550.175415039062 588.401610374451 615.58743429184 540.138084411621 534.11563873291 622.131183624268 626.116404056549 588.797164916992 663.151084899902 600.045459747314 666.032024383545 658.638916015625 605.563652038574 620.573722839355 609.26106262207 595.613885879517 490.703811645508 649.246997833252 736.413040161133 577.928269386292 735.655563354492 579.675504088402 733.666931152344 657.433475494385 568.126874923706 669.179336547852 429.127944946289 752.40115737915 717.407409667969 697.717880249023 511.541061401367 627.718149185181 439.518890380859 646.971416473389 478.434143066406 646.503536224365 656.604164123535
511.1530418396 631.499610900879 538.139778137207 452.152008056641 727.22966003418 709.45733332634 633.155601501465 595.849494934082 687.209136962891 512.637893676758 688.215972900391 611.86653137207 621.683738708496 681.434646606445 556.980325698853 449.095947265625 613.843795776367 693.636249542236 531.89559173584 644.36763381958 686.128170013428 688.714546203613 687.652000427246 670.849269866943 698.247840881348 777.394969940186 616.338194847107 620.803071022034 580.994556427002 583.790199279785 498.102478027344 536.836307525635 591.620309352875 554.777324676514 640.791721343994 633.924793243408 583.104724884033 753.629547119141 593.663162231445 749.974365234375 610.743668556213 649.267475128174 556.277156829834 652.216892242432 697.011116027832 589.497531294823 530.628295898438 556.413776397705 630.874715805054 676.363990783691
686.896987915039 596.455339431763 597.212471008301 637.455825805664 744.069801330566 541.527359008789 663.274742126465 619.375335693359 588.540428876877 521.744689941406 552.193620681763 484.669578552246 486.132904052734 544.806150436401 528.93042755127 605.12017250061 529.169876098633 581.011428833008 631.214637756348 555.173294067383 583.994148254395 652.97806930542 644.644172668457 666.727920532227 714.849807739258 564.977508544922 670.291675567627 627.348503112793 646.939160346985 581.794864654541 637.891784667969 724.26203918457 615.479762077332 609.951939582825 653.280914306641 748.419921875 623.853433609009 665.900451660156 639.558345794678 685.034271240234 759.868591308594 696.306671142578 730.586196899414 551.595691680908 558.059507369995 542.196697235107 449.76806640625 715.112548828125 567.129390716553 550.068099975586
547.213418006897 371.48221206665 644.99055480957 742.367706298828 753.603927612305 746.657318115234 548.375118255615 519.034568786621 644.161783218384 550.87077331543 614.065090179443 432.691665649414 386.275405883789 611.958061218262 822.026348114014 636.033116340637 679.610864639282 744.745307922363 662.80522274971 746.620025634766 647.77164721489 672.961357116699 721.076934814453 487.796157836914 717.141731262207 598.607009887695 575.577072143555 590.742309570312 655.386724948883 695.631404876709 683.915306091309 585.140197753906 643.617763519287 640.854270935059 669.166984558105 797.351577758789 812.457366943359 683.935340881348 666.068824768066 532.105571746826 684.085632324219 594.756633758545 689.815902709961 654.189619064331 713.691543579102 541.123657226562 625.166213989258 691.715705871582 561.225967407227 671.039730072021
697.520889282227 436.931360244751 535.061862945557 782.001149177551 660.021207809448 654.103546142578 549.679512023926 742.833312988281 582.928657531738 686.00569152832 673.288986206055 628.995992660522 669.186241149902 838.594226837158 772.268585205078 667.248992919922 620.234523773193 787.007759094238 614.061340332031 648.300120353699 634.470195770264 681.500564575195 522.93586730957 601.5146484375 620.951784133911 642.821615219116 521.939521789551 689.851982116699 780.928092956543 553.168487548828 515.184989929199 668.0048828125 511.467308044434 673.533018112183 655.697296142578 747.010528564453 718.552757263184 607.652849197388 476.690498352051 700.442962646484 664.621040344238 694.258460998535 534.039749145508 708.590942382812 565.453907012939 630.240414261818 707.867225646973 648.925340652466 786.55647277832 624.046448707581
676.78419303894 647.109353065491 418.026924133301 876.999940872192 685.674741744995 674.32444524765 601.959360599518 729.695861816406 599.730318069458 675.612413406372 616.754791259766 956.20601272583 724.173759460449 872.197784423828 815.918169021606 667.596466064453 616.864234924316 708.363677978516 646.889507293701 554.16813659668 617.078054428101 727.025665283203 594.225818634033 459.897346496582 484.282470703125 658.462391853333 635.836339950562 614.469486236572 643.362731933594 471.005874633789 552.418960571289 577.5227394104 633.583742141724 647.703266143799 639.056503534317 821.743957519531 692.131042480469 512.324684143066 707.446159362793 663.388511657715 617.084554672241 699.684631347656 700.952766418457 625.650417208672 700.191352844238 639.048862457275 597.564666748047 612.785266876221 646.421701908112 627.932886123657
728.02855682373 549.543853759766 646.820320129395 952.174285888672 694.157676696777 785.426221847534 1000.24137878418 954.558212280273 788.538818359375 1162.966796875 528.496322631836 610.846920013428 572.868215560913 568.644556045532 536.603197097778 592.731815338135 448.817199707031 608.163997650146 775.940830230713 776.73267364502 714.887092590332 669.840377807617 746.000411987305 720.156967163086 614.873977661133 627.214492797852 433.938262939453 704.48169708252 537.255088806152 432.848052978516 660.099044799805 589.916526794434 594.378049850464 514.5205078125 405.497787475586 640.575378417969 741.443145751953 800.83757019043 714.547637939453 598.292691707611 733.433265686035 542.22900390625 721.674087524414 661.809595108032 526.849639892578 648.661739349365 683.082984924316 545.302230834961 620.361967086792 513.436782836914
662.741722106934 653.240924835205 593.907609939575 605.017379760742 668.316284179688 706.34024810791 659.698936462402 861.41678237915 734.811882019043 1081.23672485352 597.404747009277 591.353607177734 480.147497177124 438.635009765625 316.929000854492 583.761383056641 582.236289978027 542.389350891113 717.454261779785 904.576995849609 731.287826538086 397.697761535645 582.507455825806 489.782806396484 503.938812255859 636.398040771484 706.467010498047 564.506126403809 559.236251831055 654.567068099976 544.547019958496 676.68563079834 542.230690002441 561.43782043457 667.033172607422 715.85612487793 598.004214286804 630.035209655762 691.674446105957 745.302810668945 594.160484313965 828.387100219727 759.544929504395 742.181900024414 634.057661056519 612.114036560059 549.800872802734 516.037322998047 522.653656005859 558.259620666504
599.206073760986 729.118591308594 628.962997436523 458.414657592773 432.167028427124 557.963778734207 569.967262268066 776.629173278809 716.231536865234 617.640951156616 554.933784484863 665.730461120605 663.474380493164 424.622344970703 604.992343902588 683.272548675537 515.173892974854 532.638307571411 650.439682006836 1014.34450149536 893.226867675781 729.300598144531 806.4557762146 686.475761413574 539.546272277832 669.068422675133 665.833441734314 569.955131530762 527.406768798828 521.014030456543 659.980201721191 596.439596176147 630.664440155029 511.706985473633 627.027939796448 666.849487304688 680.794300079346 733.711723327637 587.880264282227 609.373346090317 498.187759399414 731.771980285645 691.800426483154 784.116508483887 631.083250045776 727.731853485107 645.660377502441 600.110595703125 683.008104324341 706.566341400146
690.232376098633 370.367889404297 704.213745117188 691.530151367188 634.226570129395 596.105522155762 607.048400878906 585.827896118164 749.602346420288 828.715850830078 760.307933807373 492.408432006836 733.978523254395 692.445774078369 752.525501251221 662.559959411621 545.636222839355 639.200594902039 643.817379951477 996.108352661133 884.513397216797 563.253829956055 755.621894836426 536.571746826172 898.925521850586 698.667186260223 614.291500091553 757.098129272461 645.034229278564 626.880844116211 441.419357299805 583.285255432129 806.81022644043 676.623608589172 458.33821105957 733.33992767334 609.47257232666 509.261619567871 648.678302764893 780.735641479492 616.403964996338 658.506040096283 673.808181762695 677.152131080627 538.380493164062 656.962731361389 695.494714736938 549.430511474609 793.616500854492 663.7826795578
566.565982818604 734.998291015625 978.61328125 797.958618164062 -9999 -9999 -9999 -9999 -9999 -9999 -9999 -9999 -9999 -9999 -9999 681.116561889648 664.251197814941 662.317935943604 837.347366333008 782.254943847656 794.328201293945 823.70246887207 701.920623779297 619.224609375 776.296035766602 537.237602233887 1048.91996383667 673.405473709106 660.019195556641 836.375587463379 620.107467651367 587.842849731445 605.918579101562 706.494384765625 599.610485076904 613.033567428589 653.637233734131 640.104462146759 613.073429107666 681.63501739502 593.943229675293 849.501846313477 728.643363952637 602.689105987549 699.242420196533 652.061996459961 786.620536804199 808.948059082031 751.932388305664 729.130569458008
-9999 -9999 -9999 -9999 -9999 -9999 -9999 -9999 -9999 -9999 -9999 -9999 -9999 -9999 -9999 -9999 -9999 -9999 731.479507178068 850.100006103516 974.440628051758 779.685771942139 797.162342071533 763.753578186035 639.527950286865 591.8212890625 634.127292633057 580.179973602295 600.117118835449 623.558795928955 483.41056060791 1035.32629776001 425.869384765625 672.263414621353 561.187324523926 672.720180511475 508.573486328125 640.179365992546 571.836250305176 621.003002166748 685.347414016724 685.722949504852 648.01265335083 685.792148590088 751.603839874268 643.313705444336 580.062118530273 862.765151977539 799.215789794922 873.313629150391
