export/dem/dem68.asc
NCOLS 350
NROWS 171
XLLCORNER 152620
YLLCORNER 418050
CELLSIZE 100
NODATA_VALUE -9999
[rows 66 to 87 of 171, columns 100 to 149 of 350]
388.144020080566 276.78889465332 308.039459228516 355.447189331055 407.560283660889 672.460327148438 408.227226257324 526.175678253174 499.2878074646 353.054824829102 337.72412109375 474.3219871521 491.488878250122 200.670288085938 395.776161193848 385.064361572266 337.60466003418 447.263822555542 308.888397216797 552.454696655273 358.304130554199 468.365467071533 285.512344360352 543.259246826172 345.974746704102 526.383750915527 465.807643890381 353.914886474609 368.75318145752 417.995552062988 331.779418945312 495.64623260498 545.609204292297 432.476898193359 635.344820022583 520.975049972534 553.980896472931 439.852912902832 467.847801208496 362.545516967773 611.702152252197 553.132464766502 541.393830299377 473.09642791748 515.040306091309 562.23849105835 693.779891967773 494.855842590332 523.03674030304 519.173635482788
348.594505310059 266.269226074219 389.698936462402 350.924263000488 336.257400512695 504.121685028076 375.859474182129 397.012565612793 526.055374145508 405.742340087891 434.683372497559 365.696479797363 356.048187255859 443.807117462158 485.388438224792 356.99267578125 500.838111877441 519.329929351807 328.392013549805 446.667507171631 586.209045410156 422.616508483887 464.601669311523 530.100353240967 514.69935798645 492.568150043488 472.010715484619 522.568428993225 448.241424560547 516.807353496552 552.584625244141 418.491630554199 522.906591415405 514.223846435547 516.659484863281 503.323013305664 619.829200744629 533.001487731934 556.022758483887 581.470914840698 547.924121856689 510.899154663086 475.278450012207 512.633178710938 580.439052581787 699.770584106445 519.141120910645 638.837966918945 616.873844146729 644.704162597656
323.712577819824 301.945617675781 251.050888061523 453.644576072693 561.371124267578 349.990226745605 410.154067993164 333.016098022461 374.635749816895 332.209571838379 411.920478820801 459.639404296875 219.286193847656 430.877075195312 245.727142333984 434.968097686768 441.944171905518 577.272193908691 457.193824768066 417.547340393066 404.5302734375 432.889621734619 399.705879211426 437.047630310059 674.951080322266 552.643997192383 558.86039352417 551.359937667847 495.194549560547 483.628036499023 418.325996398926 456.078918457031 535.192832946777 515.605411529541 574.872052788734 394.684020996094 609.08203125 571.878010749817 406.175384521484 677.485343933105 533.629550933838 583.036638259888 706.756988525391 597.170224189758 542.170351028442 606.247289657593 641.958206176758 613.682029724121 723.519714355469 618.110385894775
383.681190490723 376.022987365723 328.453063964844 430.368125915527 271.592712402344 143.064575195312 402.469123840332 324.066604614258 362.881210327148 405.277076721191 607.535278320312 353.840179443359 307.563537597656 302.208206176758 337.4658203125 371.571891784668 345.540397644043 339.92658996582 429.345542907715 380.532730102539 454.649478912354 415.966850280762 618.946571350098 673.065368652344 705.079223632812 585.990020751953 534.793004989624 480.150638580322 491.604305267334 555.081800460815 406.626205444336 582.090253829956 562.790283679962 569.604526519775 532.603065490723 481.286682128906 646.93147277832 617.411876678467 463.540542602539 575.286554574966 437.775238037109 511.109466552734 449.707717895508 584.444562911987 414.057205200195 420.308059692383 566.222895860672 743.118682861328 537.668548583984 531.969345092773
394.529838562012 381.995948791504 429.016464233398 375.966552734375 413.207054138184 230.558029174805 359.212738037109 493.447950363159 402.121002197266 375.911544799805 500.343692779541 324.990325927734 339.564849853516 237.14616394043 459.722768783569 410.766120910645 346.767913818359 533.918617248535 496.973828792572 492.315391540527 401.870491027832 430.454948425293 506.312198638916 536.815082550049 669.071853637695 497.230571746826 559.66340637207 418.119606018066 523.728556632996 527.042138576508 373.858200073242 549.999631881714 503.714580535889 480.14086151123 469.934516906738 513.766075134277 625.616271972656 520.705140113831 592.269821166992 573.082227706909 465.604026794434 407.992309570312 423.810775756836 479.038925170898 685.826263427734 521.805713653564 668.347213745117 642.705863952637 677.61841583252 707.418823242188
501.59449005127 346.759170532227 291.221282958984 441.989936828613 335.421859741211 317.126449584961 436.447797775269 343.975814819336 263.881637573242 382.809020996094 585.583930969238 496.953437805176 237.979248046875 340.441253662109 440.137393951416 467.151200294495 508.793350219727 432.252113342285 437.400604248047 382.841186523438 436.198467254639 478.342242240906 445.731430053711 541.704677581787 537.215143203735 585.623054504395 575.130825042725 520.401483535767 679.033096313477 477.979797363281 543.512964248657 650.8987159729 599.823375701904 483.616607666016 590.521160125732 614.763431549072 641.101463317871 729.321466445923 682.860305786133 663.71346282959 576.892747879028 511.84944152832 537.641967773438 474.717891693115 529.382301330566 631.215236663818 649.668807983398 497.288597106934 647.718200683594 679.363624572754
549.498428344727 509.214095115662 476.768795490265 488.902939319611 310.273010253906 232.595123291016 308.650054931641 356.198959350586 360.096176147461 419.915725708008 417.016246795654 353.127319335938 411.285934448242 447.375732421875 467.86420917511 521.441646575928 427.764999389648 505.230602264404 489.697200059891 418.599380493164 363.855255126953 496.769865036011 614.808448791504 516.862986564636 532.995933532715 775.594512939453 584.164909362793 521.494396209717 726.073440551758 422.38200378418 505.340282440186 469.421981811523 528.813659667969 454.134895324707 586.176528930664 822.105003356934 402.516120910645 782.582365989685 789.592445373535 736.186157226562 726.699781417847 519.273307204247 521.332801818848 325.224578857422 487.598213195801 798.608070373535 417.337249755859 542.279388427734 641.22061920166 584.372652053833
460.534461975098 230.843688964844 403.910995483398 405.600166320801 370.410888671875 490.113328933716 322.989395141602 316.909637451172 384.061637878418 560.428237915039 518.668647766113 561.827102661133 522.412410736084 532.343402862549 443.136318206787 465.549047470093 506.36424779892 626.755531311035 514.906112670898 347.792053222656 451.471837997437 526.93214225769 563.908317565918 562.634704589844 645.26025390625 492.393697738647 660.110260009766 667.584991455078 492.192867279053 508.391867637634 548.606380462646 411.240753173828 546.798706054688 808.317966461182 746.001526474953 670.891437530518 417.312896728516 721.652320861816 679.581283569336 517.381637573242 660.473864793777 309.625007629395 327.708221435547 347.451034545898 401.554206848145 484.706550598145 746.144653320312 526.734580993652 552.173096179962 581.597503662109
468.171756744385 362.421264648438 352.827651977539 369.551170349121 414.111743927002 464.283585309982 220.596923828125 384.854591369629 320.432678222656 472.103722214699 533.741035461426 494.168907165527 478.947180271149 523.184089660645 398.689666748047 392.39241027832 578.116003036499 460.699937820435 416.275024414062 623.407943725586 518.601202011108 558.591644287109 670.703598022461 553.644618988037 528.358157157898 596.957168579102 577.218147277832 530.398506164551 454.465400695801 452.454429626465 368.193435668945 290.309783935547 845.970916748047 681.854164123535 685.785789489746 704.477272033691 262.522583007812 846.340774536133 738.398303985596 608.179813146591 514.693130493164 205.191482543945 373.047996520996 332.837623596191 320.606727600098 433.324332714081 528.549617767334 439.659255981445 859.650512695312 686.560493469238
376.748138427734 424.181816101074 376.533981323242 465.912782669067 400.567970275879 245.458374023438 462.884212493896 408.673004150391 346.587692260742 321.05583190918 401.11653137207 462.811548233032 496.12477684021 552.891311645508 615.935821533203 579.505508422852 530.291374206543 372.15576171875 451.968490600586 456.011840820312 486.810254096985 503.786978721619 481.865770578384 550.761489868164 739.240097045898 710.387771606445 512.524345397949 713.329193115234 451.076843261719 468.393684387207 493.725212097168 396.226348876953 476.573257446289 500.924781799316 645.078130245209 518.893608093262 540.610618591309 669.033361434937 797.585411071777 627.72403717041 594.045291900635 438.416959762573 304.173950195312 346.958160400391 297.827758789062 385.578819274902 519.585193634033 307.737640380859 418.016990661621 509.036144256592
542.446548461914 486.788619995117 403.080825805664 395.677619934082 399.003433227539 457.863355636597 467.037754535675 448.713893890381 485.910305976868 564.241485595703 542.613693237305 677.670547485352 537.767318725586 557.097053527832 627.426330566406 522.612585067749 541.853664398193 388.822998046875 478.387805938721 282.452239990234 407.112770080566 524.478042602539 692.989212036133 597.779449462891 705.649810791016 566.241561889648 446.193977355957 517.998052120209 514.987132072449 440.749496459961 501.258084774017 416.683688163757 316.749000549316 573.553958892822 637.362375259399 655.658779144287 353.54621887207 733.840175628662 698.415580272675 746.301197052002 634.531847000122 333.055992126465 412.754405975342 442.248456954956 461.214797735214 621.853134155273 695.005348205566 458.533912658691 627.020126342773 560.539779663086
482.38858795166 451.923156738281 423.447357177734 849.335410833359 479.956716537476 452.665607452393 490.964204788208 448.624660491943 370.902351379395 529.164991378784 575.308175086975 339.543029785156 540.896949768066 553.195610046387 553.191429138184 458.800670623779 524.253116607666 531.53625202179 482.643966674805 447.373699188232 427.753761291504 501.02458190918 560.849517822266 592.515716552734 547.264664649963 606.588279724121 491.372013092041 573.220054626465 565.426963806152 613.850586891174 410.279685974121 377.691535949707 430.307695388794 428.458113908768 673.399688720703 683.89953994751 326.412590026855 723.277994155884 590.454322814941 758.401657104492 464.548112869263 481.98183631897 384.845588684082 547.120208740234 512.402885437012 578.070516586304 743.543975830078 477.791400909424 453.992588043213 746.830047607422
544.862895965576 626.490615844727 493.71174621582 523.626884460449 700.950553894043 805.962425231934 444.599571228027 549.632625579834 475.30665397644 392.655776977539 528.964447021484 805.921806335449 420.329414367676 461.172290802002 448.79467010498 541.447151184082 475.057323455811 469.80057144165 529.11385345459 480.400497436523 503.728127002716 464.259304046631 633.016632080078 534.846418380737 558.684379577637 485.481952667236 398.933181762695 497.118129730225 562.326063156128 539.75764465332 586.11328125 445.85823059082 571.984466552734 471.334197998047 383.073944091797 564.344532012939 348.432754516602 731.766403198242 580.48112487793 658.557590484619 470.098643302917 562.983100891113 426.635665893555 323.995010375977 457.586329936981 547.853179931641 662.44108581543 408.622611999512 500.327556610107 574.07525908947
624.994213104248 326.878768920898 467.297031402588 411.853790283203 467.772201538086 501.305732727051 854.053462982178 554.419616699219 467.270988464355 515.133634090424 534.800912857056 596.90648651123 508.003235248383 535.264911651611 561.491409301758 560.495449066162 403.206649780273 494.291276454926 485.608546733856 494.981204986572 498.201934337616 533.80051612854 539.084410667419 633.297821044922 439.528854370117 647.116058349609 559.244951725006 631.810646057129 392.163948059082 378.428901672363 547.9255027771 446.372581481934 584.611175537109 497.442588806152 504.022552490234 633.778842926025 599.929508216679 567.960315704346 445.619888305664 664.861183166504 380.921615600586 635.315963745117 364.151809692383 619.511558532715 694.627426147461 430.656993865967 519.113250732422 502.504928588867 492.028461456299 562.999464035034
496.167022705078 522.583122253418 529.090187072754 638.754325866699 631.317655563354 671.642057418823 641.560955047607 742.239315032959 412.942687988281 486.33464050293 449.622074127197 628.252815246582 498.34481048584 506.103981018066 548.236295700073 470.301292419434 447.371524810791 610.968376159668 569.413909912109 590.782913208008 590.563285827637 594.786052703857 550.406183242798 558.619192123413 550.481940746307 505.999866485596 610.156497955322 304.32487487793 524.783515930176 339.954330444336 379.211421966553 475.701768875122 610.376388549805 600.20703125 608.591497421265 550.917762756348 536.593627929688 596.755149126053 513.739936828613 683.074096679688 633.213958740234 436.103660583496 499.942638397217 577.123115539551 605.192909240723 611.389055281878 616.191673278809 413.196697235107 460.376979351044 592.315628051758
401.392929077148 555.418533325195 608.260692596436 588.635578155518 645.598381996155 566.659961700439 395.506881713867 553.953414916992 528.47322845459 372.433135986328 476.501960754395 454.064990997314 526.10507774353 413.024826049805 386.555473327637 551.726047515869 392.177772521973 537.48203086853 440.043495178223 500.606557846069 573.532886505127 611.99681854248 443.379127502441 440.136566162109 604.084671020508 504.170753479004 419.007431030273 510.330394744873 645.718215942383 546.864280700684 623.683776855469 321.203979492188 593.559181213379 694.408905029297 520.158538818359 537.61731338501 561.823261260986 545.365634918213 650.636199951172 514.583534240723 650.477264404297 495.704975128174 597.544373512268 884.981307983398 817.211044311523 633.830810546875 747.486343383789 567.277420043945 712.131912231445 821.59733581543
625.930114746094 497.2421875 548.693912506104 614.921354293823 630.883909225464 489.230018615723 762.724159240723 593.914398550987 402.517776489258 651.47395324707 481.818561553955 459.407360076904 345.350982666016 417.187587738037 479.388946294785 403.96907043457 452.966812133789 501.992164134979 622.164398193359 341.537582397461 400.392402648926 535.081972122192 410.148551940918 363.162261962891 638.847221374512 457.793556213379 469.181259155273 305.706840515137 616.754928588867 541.590423583984 673.000625610352 668.46501159668 613.949401855469 619.670848846436 625.545829772949 650.219093322754 578.58959197998 709.723495483398 721.18822479248 734.236148834229 556.587203979492 540.286209106445 712.657745361328 637.709362745285 733.923538208008 632.188808441162 701.888252258301 796.010226249695 720.498962402344 816.919952392578
363.298110961914 441.444557189941 447.178924560547 731.472549438477 547.444343566895 573.418306350708 612.673629760742 575.929239273071 634.891910552979 708.0751953125 638.022773742676 501.277464002371 377.684158325195 515.47830581665 543.33088684082 549.062591552734 542.028633594513 468.419605255127 561.16374206543 437.777988433838 543.010143280029 519.072148323059 636.430450439453 539.732553482056 636.479030609131 562.828736305237 643.33422088623 755.281799316406 526.351005554199 578.142379760742 609.890294075012 692.330749511719 666.500022888184 634.788013458252 337.13500213623 572.268943786621 590.150833129883 587.791770935059 632.20524597168 924.869354248047 740.213356018066 558.392372131348 560.020112991333 610.673904418945 669.271636962891 540.180553436279 723.914306640625 719.780849456787 827.312973022461 776.096731543541
739.434310913086 853.575134277344 711.289878845215 475.030838012695 517.390019416809 522.718139648438 545.930408477783 594.47292804718 627.512592315674 908.328284263611 502.637441635132 540.453670501709 600.782585144043 553.566619873047 540.117214202881 514.690308570862 432.389980316162 415.602516174316 446.427116394043 571.313766479492 513.46604681015 519.366590499878 649.355728149414 549.141141891479 593.205043792725 515.784332275391 563.555415630341 798.707290649414 527.227478027344 447.203567504883 614.050617218018 644.898246765137 685.497673034668 519.751121520996 306.185775756836 375.690860748291 542.436122894287 632.901161193848 598.795822143555 578.617813110352 623.268844604492 459.787330627441 496.747909545898 486.762725830078 427.000427246094 626.766204833984 599.867321014404 949.985733032227 564.029190063477 698.572830200195
774.840103149414 735.785942077637 700.068599700928 686.808513641357 505.13920211792 541.083936691284 528.6767578125 612.379428386688 430.166061401367 502.197456359863 518.531787157059 465.381982803345 513.104809761047 569.963573455811 360.989181518555 442.757820129395 400.411331176758 308.744384765625 429.600944519043 476.76448059082 504.120348930359 451.26410484314 566.623199462891 694.755493164062 567.137435913086 574.365332126617 765.737899780273 642.204086303711 452.366241455078 259.581192016602 545.315963745117 573.166912078857 664.332397460938 557.290664672852 380.463817596436 434.278594970703 583.263137817383 448.922424316406 336.282241821289 423.207450866699 477.805923461914 649.855827331543 849.275230407715 1028.54428482056 827.341600775719 520.04581451416 508.971754074097 699.172233581543 739.210952758789 639.651947021484
614.704986572266 882.649673461914 507.987762451172 591.137496948242 504.301849365234 399.980850219727 344.382568359375 493.04126739502 603.747614860535 638.132270812988 618.249633789062 542.66644859314 469.513793945312 497.431247711182 517.05214881897 671.662246704102 424.038795471191 573.335510253906 427.007049560547 437.999732971191 506.705288887024 370.800170898438 657.928009033203 461.754707336426 465.392147064209 681.917083740234 522.300621032715 558.482393264771 504.727621078491 435.464801311493 660.628303527832 745.51513671875 686.335876464844 448.868114471436 365.722923278809 255.868560791016 451.193626403809 511.48450088501 531.482891082764 450.713417053223 582.77824306488 643.942249298096 725.679040908813 935.956703186035 902.196334838867 669.090419769287 540.867034912109 607.18049287796 582.65002155304 668.610061645508
-9999 -9999 604.944770812988 933.235214233398 570.213111877441 499.448135375977 557.04956817627 486.892427444458 575.418952941895 755.170150756836 568.553632736206 454.076698303223 526.155511304736 393.88688659668 539.385213851929 558.677577972412 648.915557861328 539.269659042358 518.474820613861 369.603698730469 465.813621520996 562.3366355896 416.762298583984 473.79150390625 489.280039787292 451.989768981934 508.548656463623 549.408740997314 698.515111923218 733.480926513672 565.186172485352 718.909912109375 735.920230865479 445.162124633789 478.448150634766 311.733032226562 447.788757324219 354.177871704102 483.744598388672 371.689163208008 610.25573348999 644.799388885498 869.074157714844 1052.95329666138 886.569900512695 760.726810455322 707.317018032074 -9999 -9999 -9999
