export/dem/dem64.asc
NCOLS 350
NROWS 171
XLLCORNER 152620
YLLCORNER 418050
CELLSIZE 100
NODATA_VALUE -9999
[rows 66 to 87 of 171, columns 250 to 299 of 350]
711.887153625488 613.653744697571 732.954647064209 657.587083816528 708.284072875977 771.545127868652 577.035316467285 614.545192718506 683.556793212891 713.014869689941 626.47647857666 693.717720031738 595.466331481934 655.392473220825 775.297927856445 677.034917831421 761.735939025879 855.707992553711 791.286201477051 796.662773132324 659.482524871826 719.461174964905 615.243545532227 542.326858520508 592.191879272461 738.174024581909 657.93770980835 616.586303710938 760.44454574585 741.519697189331 806.521881103516 797.470596313477 709.382341384888 757.872970581055 880.531448364258 895.707107543945 859.621086120605 835.221557617188 797.705360412598 775.794059753418 820.546869277954 771.054567337036 869.142978668213 757.599060058594 796.12325668335 673.648506164551 872.578147888184 661.817604064941 609.350219726562 619.030944824219
629.081171035767 715.193656921387 615.352848052979 556.58472442627 620.2419090271 661.459494113922 626.483840942383 758.440956115723 682.410753250122 765.114120483398 658.862504005432 634.433655738831 569.914337158203 694.917320251465 612.903137207031 758.031242370605 708.78210067749 722.994845867157 582.135643005371 650.168621063232 688.053907394409 564.48974609375 736.532749176025 743.452297210693 748.507415771484 760.448902130127 703.519458293915 806.294532775879 656.790996551514 792.607376098633 632.270900726318 863.883316040039 914.120635986328 839.457481384277 745.824653148651 884.97102355957 999.011108398438 823.81356048584 667.714653015137 754.812385559082 1009.75746536255 1038.73274040222 820.445110321045 726.823083877563 717.735847473145 689.189147949219 682.122840881348 752.676386833191 634.365478515625 605.377395629883
679.222211837769 615.73828125 552.801780700684 525.596633911133 722.091499328613 721.53938293457 505.670761108398 476.786392211914 735.65202331543 597.304374694824 634.502479553223 618.594314575195 518.629577636719 689.501842498779 718.968544006348 739.456092834473 667.35548210144 588.543769836426 718.185195922852 727.482249259949 743.961433410645 660.26976776123 550.244750976562 793.250526428223 812.852798461914 831.603858947754 697.788606643677 755.236316680908 630.158138275146 559.10205078125 778.591552734375 751.219440460205 850.667327880859 909.426223754883 656.011348724365 863.455688476562 669.659084320068 848.866523742676 852.022521972656 679.400550842285 580.129592895508 856.161247253418 1171.39387893677 1454.65902519226 840.877401351929 736.765970230103 591.946792602539 645.48811340332 708.265937805176 674.868934631348
465.595474243164 642.466109871864 721.781478881836 747.059394836426 476.703140258789 526.666656494141 500.891616821289 721.298698425293 669.03568649292 587.181564331055 740.432304382324 646.310400247574 611.946933746338 570.851013183594 543.08837890625 587.03532409668 741.356143951416 701.401481628418 679.075479984283 627.746223449707 745.239601135254 744.67557144165 640.93719291687 747.389755249023 805.771369934082 707.347076416016 674.428805351257 841.622116088867 550.465042114258 656.411670684814 839.719184875488 715.278793334961 782.294052124023 884.682922363281 807.003562927246 724.236616611481 658.173858642578 643.020568847656 658.352630615234 734.168342590332 618.060333251953 798.589864730835 723.886709690094 748.856300354004 809.349159240723 1215.00166320801 632.696212768555 443.725311279297 688.441989898682 565.193939208984
548.62858581543 593.545305252075 629.008078098297 546.314567565918 670.04541015625 618.086191177368 522.583633422852 579.613388061523 850.720642089844 638.302352905273 633.000785827637 653.781005382538 627.143130302429 655.304670810699 740.367782592773 458.14404296875 586.271919250488 602.352233886719 787.542015075684 734.158981323242 583.950630187988 637.116706848145 597.017654418945 763.528190612793 634.54679107666 715.298091888428 734.827465057373 646.750495910645 514.243957519531 814.802467346191 659.412702560425 624.50074005127 685.571872711182 682.340582370758 763.821662902832 652.451740264893 658.995677947998 713.535883903503 726.961424589157 653.539863586426 694.642044067383 841.971290588379 604.449447631836 634.83381652832 608.021682739258 686.222152709961 767.714691162109 923.241622924805 871.688278198242 419.185638427734
585.744876861572 575.032482147217 681.474609375 612.308414459229 737.997917175293 554.508338928223 598.710479736328 558.40731048584 657.636669158936 651.134607315063 646.57711315155 647.348514556885 670.368282318115 653.205402374268 442.854614257812 685.457802772522 767.912490844727 758.098030090332 676.116775512695 686.585932970047 654.442548751831 715.672328948975 650.05513381958 748.384254455566 908.369262695312 732.969907283783 716.451732635498 627.250289916992 732.261444091797 585.45238494873 500.655349731445 735.945468902588 785.812622070312 840.883438110352 793.489517211914 806.66822052002 756.593849182129 556.405181884766 590.750335693359 527.165664672852 645.759162902832 747.42244720459 803.980365753174 689.225067138672 455.230087280273 1062.38136291504 729.019721984863 698.970947265625 485.366394042969 487.426300048828
675.777141571045 494.341293334961 498.499328613281 547.84595489502 584.632385253906 697.380157470703 722.978826522827 526.097496032715 697.160011291504 629.780695438385 589.479866027832 685.203987121582 511.046012878418 570.545890808105 777.851722717285 510.308319091797 672.593366622925 618.395557403564 647.98533987999 716.152145385742 820.068351745605 689.426738739014 634.422657012939 642.931636810303 837.178680419922 752.989219665527 663.104518890381 628.048461914062 650.227363586426 650.461559295654 617.63907623291 669.06077003479 848.208312988281 772.377143859863 789.101219177246 651.407180786133 725.191340446472 701.644992828369 614.301155090332 637.537124633789 572.341018676758 1240.62054443359 510.088165283203 554.170379638672 508.161804199219 766.926132202148 662.821571350098 729.626440048218 585.429992675781 574.597381591797
669.948088645935 751.454490661621 795.701581954956 708.384170055389 681.4320936203 666.723768234253 827.302780151367 722.303840637207 604.770141601562 694.90795135498 761.896957397461 642.066028356552 470.608245849609 654.772256374359 727.940870285034 786.486793518066 726.133155822754 832.346893310547 619.47709274292 702.483875274658 602.641693115234 590.228843688965 707.503395080566 762.264541625977 820.151672363281 785.904930114746 760.003555297852 570.576263427734 532.279006958008 705.203233718872 702.339092254639 694.989558458328 760.899002075195 740.504629135132 763.835556030273 717.881961345673 682.292808532715 766.700626373291 593.071243286133 598.495819091797 567.860786437988 727.21696472168 724.091445922852 945.522491455078 649.838653564453 729.882659912109 691.66381072998 737.169006347656 837.196319580078 593.264663696289
562.187740325928 457.028198242188 444.509963989258 522.257194519043 713.712471008301 804.926635742188 692.570648193359 910.119735717773 743.998527526855 789.895408630371 679.256843566895 636.977272033691 558.698913574219 511.190734863281 490.883926391602 687.637847900391 636.210012435913 574.55485534668 864.771850585938 592.107330322266 652.053152084351 528.631446838379 717.175838470459 871.898254394531 745.253692626953 634.784481048584 618.747062683105 651.869842529297 568.012413024902 785.471603393555 797.618423461914 816.586250305176 749.95658493042 713.353156089783 787.347724914551 665.454682350159 821.49796295166 654.000076293945 660.597999572754 693.825944662094 463.688201904297 868.233863830566 650.670623779297 1062.93594360352 930.409408569336 579.978073120117 795.168037414551 640.896224975586 663.894500732422 873.059783935547
591.270641326904 583.3586769104 674.301086425781 715.787719726562 521.142135620117 618.730878353119 813.064468383789 794.795692443848 747.786311149597 655.300422668457 647.160713195801 791.579778671265 492.911254882812 565.906677246094 600.226150512695 724.732749938965 573.897533416748 663.096738815308 644.273808479309 634.774379730225 704.757503509521 655.075345993042 706.682992935181 706.445110321045 686.3059425354 710.683132171631 639.967926025391 539.605590820312 640.415634155273 727.88613319397 878.815185546875 701.002647399902 851.085433959961 707.824020385742 879.606842041016 860.830726623535 596.545295715332 707.06664276123 686.411582946777 708.031452178955 825.693714141846 821.161239624023 849.26802444458 896.164532661438 760.21598815918 918.725402832031 743.946594238281 571.015808105469 747.004318237305 917.636474609375
467.070816040039 604.663457870483 579.688064575195 895.245529174805 655.975929260254 673.083248138428 685.011192321777 749.878849029541 865.040367126465 808.155410766602 574.814178466797 781.890182495117 628.364521026611 528.698112487793 791.125061035156 533.800910949707 719.328018188477 566.496742248535 470.797058105469 699.132629394531 725.249267578125 577.511581420898 725.082679748535 740.386085510254 779.06721496582 695.694593429565 704.130138397217 621.204666137695 682.247212409973 856.766876220703 740.702125549316 598.133110046387 748.674564361572 757.82400894165 733.221252441406 632.483558654785 819.176338195801 759.841751098633 758.057144165039 565.858978271484 749.354225158691 750.741058349609 996.578994750977 623.904251098633 683.259429931641 784.048442840576 735.752712249756 547.833953857422 746.870300292969 641.718200683594
660.274146080017 673.299835205078 604.469886779785 674.224203109741 773.032592773438 660.629165649414 670.584373474121 526.292549133301 797.894611358643 711.88877248764 616.302558898926 695.31556725502 573.867412567139 736.90357208252 757.227294921875 892.651504516602 730.86841583252 599.313808441162 692.884677886963 713.186359405518 629.544677734375 729.151612281799 817.469512939453 782.24934387207 646.611845016479 589.642242431641 635.184253692627 568.638916015625 622.292747497559 847.385543823242 783.983810424805 842.617141723633 708.844413757324 760.697101593018 730.146039009094 856.874946594238 768.729139328003 737.146463394165 665.187784194946 629.499938964844 845.521240234375 814.461463451385 652.861953735352 1062.85982513428 709.440582275391 753.283851623535 852.249145507812 883.931686401367 734.053741455078 977.205673217773
617.460586071014 670.054809570312 619.928500175476 697.636245727539 735.744178771973 622.27410697937 659.472526550293 746.366577148438 853.913131713867 725.376663208008 639.177263259888 697.365425109863 677.771550178528 875.722885131836 700.982301579788 648.476968765259 643.814979553223 783.589561462402 724.261600494385 784.59188079834 851.155693054199 716.466423034668 664.814138412476 721.709545135498 602.833709716797 712.487945556641 560.157890319824 541.421394348145 754.037724494934 675.843903541565 757.177291870117 741.263900756836 651.491062641144 786.518562316895 774.957389831543 697.039264678955 777.534767150879 600.78914642334 658.532064199448 748.233730792999 685.594282150269 1176.24573516846 1007.91017532349 782.406385421753 604.338424682617 708.512985229492 810.449420928955 903.971313476562 1020.58570861816 670.408828735352
649.458415985107 641.93869972229 633.001533508301 526.467811584473 532.643043518066 751.025085449219 525.797760009766 673.612898826599 715.654075622559 751.073337554932 799.374263763428 673.114196777344 688.972763061523 653.349252700806 886.772811889648 627.519973754883 535.135925292969 596.944705963135 724.178737640381 637.231575012207 733.599697113037 644.998249053955 647.143745422363 630.462802886963 497.498336791992 745.247821807861 771.114105224609 657.409015655518 771.160102844238 537.184463500977 871.452270507812 568.654708862305 651.89709854126 616.994890213013 579.614349365234 561.971412658691 556.063987731934 619.856914520264 734.363086700439 899.542110443115 699.229862213135 835.731408119202 988.39623260498 797.845413208008 953.912506103516 608.026992797852 926.652603149414 818.501565933228 757.612606048584 754.900978088379
614.753953933716 635.976644515991 401.203964233398 469.688888549805 526.872535705566 579.749603271484 534.425003051758 662.831676483154 740.774932861328 652.169425964355 734.471633911133 623.448143005371 744.654951095581 847.478439331055 633.832271575928 659.097338199615 668.471740722656 701.474996566772 595.728393554688 687.257243156433 794.101264953613 550.092529296875 706.443878173828 535.875915527344 598.975486755371 497.251205444336 678.162425994873 685.922171115875 625.931571960449 613.426933288574 624.876007080078 606.878578186035 642.938060760498 764.5263671875 723.129146575928 535.003036499023 584.634326934814 741.051670074463 558.049240112305 833.791508674622 740.874126434326 965.691802978516 833.295508384705 912.87174987793 726.881782531738 785.08016204834 1123.26568603516 610.592681884766 568.778045654297 745.607818603516
591.92777633667 525.629981994629 486.521636962891 552.555839538574 668.774925231934 611.567422866821 591.117904663086 644.180372238159 635.065719604492 671.466442108154 608.865242004395 678.267182350159 643.83113861084 696.890125274658 686.631059646606 519.696487426758 670.436338543892 659.917059898376 698.106000423431 644.511734008789 646.622367858887 432.223052978516 597.560249328613 563.569900512695 522.829650878906 442.552398681641 619.17684173584 576.700302124023 579.669395446777 511.765617370605 628.479042053223 591.594604492188 592.171119689941 638.327766418457 610.548675537109 573.880615234375 558.940849304199 734.428844451904 616.386199951172 811.001613616943 725.875890731812 964.054206848145 682.652128219604 662.390853881836 852.444747924805 609.363815307617 980.372253417969 633.034622192383 525.317459106445 619.082885742188
670.95548248291 561.772304534912 605.309089660645 613.694166183472 434.499221801758 634.513206958771 677.048442840576 616.38073348999 614.864742279053 554.943099975586 713.744636535645 695.082553863525 668.101062774658 794.297454833984 783.390869140625 811.644622802734 567.69612121582 630.34677696228 696.463279724121 595.619132995605 676.421473264694 743.942512512207 736.426727294922 736.95464515686 575.853790283203 544.374481201172 577.768241882324 625.417655944824 710.472141265869 578.602554321289 547.960708618164 705.654583066702 724.124345779419 727.575593948364 580.301010131836 663.168346405029 579.126159667969 535.75959777832 634.049007415771 788.095601558685 688.332542419434 782.43424987793 593.837280273438 673.969512939453 850.256423950195 476.107269287109 553.144790649414 543.16194152832 507.75341796875 861.949371337891
594.322875976562 679.733772277832 402.095275878906 630.206880569458 555.878257751465 618.639082431793 764.350219726562 548.216384887695 719.997150421143 766.69694519043 697.293045043945 508.884170532227 658.716954469681 694.199012756348 758.259956359863 542.187362670898 672.025428771973 727.862937927246 506.441352844238 726.462808609009 685.156782150269 605.871570587158 596.041313171387 512.207244873047 576.224075317383 690.072784423828 668.382364273071 545.51139831543 627.069709777832 645.775165557861 802.229118347168 631.889862060547 678.021446228027 826.422523498535 588.690315246582 606.522171020508 551.355514526367 473.449234008789 668.023286819458 854.326372146606 725.908157348633 1105.79882049561 649.963760375977 622.029174804688 890.979232788086 627.115142822266 897.404312133789 585.295867919922 570.955047607422 578.09831237793
578.349975585938 655.554374694824 708.951736450195 555.05982208252 728.409378051758 608.150714874268 601.60871887207 801.64892578125 675.070392608643 578.611377716064 715.096084594727 653.723886489868 591.491329193115 965.856231689453 985.337803840637 825.601959228516 795.288627624512 542.220016479492 719.736392974854 784.253440856934 797.185150146484 681.501715660095 727.93666267395 895.41103053093 460.487319946289 744.655395507812 641.468772888184 695.358315467834 712.632989883423 773.387741088867 579.089851379395 583.46369934082 577.48543548584 788.081539154053 542.969329833984 468.171920776367 529.324203491211 536.264587402344 662.965576171875 657.088897705078 805.434632778168 731.317367553711 708.481910705566 611.637832641602 424.765594482422 601.335113525391 569.904876708984 714.423889160156 428.363861083984 530.269027709961
813.293014526367 682.175350189209 690.774627685547 513.364112854004 694.982612609863 628.975922584534 590.660800933838 677.799022674561 561.0283203125 679.850290298462 508.2646484375 637.946984767914 652.298648834229 717.497451782227 462.335754394531 629.950267791748 592.650466918945 536.03630065918 525.075057983398 616.829887390137 580.332527160645 621.717163085938 577.937057495117 610.274475097656 676.575923919678 660.43560218811 517.578201293945 659.327011108398 592.787887573242 724.284335136414 535.21403503418 712.640106201172 744.764955997467 524.379791259766 601.086936950684 481.641189575195 562.110046386719 476.675796508789 697.273550987244 798.176193237305 1323.42562866211 494.40998840332 990.477996826172 561.160247802734 469.658660888672 531.611358642578 569.452621459961 664.580413818359 698.000999450684 954.788513183594
834.136093139648 816.642333984375 626.752449035645 671.941473007202 698.408493041992 833.214019775391 714.447311401367 680.019500732422 486.087463378906 597.592247009277 568.825859069824 547.259033203125 564.680389404297 491.054298400879 656.692708969116 694.344825744629 663.649375915527 682.132469177246 726.610195159912 622.18408203125 669.019165039062 599.695697784424 1307.04590988159 689.085821151733 692.108556270599 575.301044464111 561.748542785645 607.191909790039 638.842018127441 667.513916015625 665.0654296875 675.3896484375 535.215301513672 736.778522491455 688.431573867798 681.705749511719 651.72354888916 708.71218752861 710.569512367249 1051.80680847168 665.955228805542 542.342391967773 675.410308837891 1373.92053222656 573.366821289062 1693.23011779785 645.644989013672 469.718078613281 576.699798583984 554.651031494141
1015.93621826172 950.667640686035 870.436134338379 801.011474609375 698.647007107735 614.888787269592 755.59432220459 675.391262054443 602.320148468018 767.089324951172 506.356918334961 946.066520690918 882.012400627136 622.538772583008 762.643604278564 1204.50467681885 1079.94420433044 714.727394104004 591.260345458984 700.764560699463 699.642869949341 633.897075653076 573.766181945801 676.982688903809 731.895771026611 641.346981048584 660.871364593506 429.874298095703 722.227073669434 668.760124206543 606.932708740234 811.039535522461 772.209465026855 796.734748840332 622.398971557617 805.381195068359 602.421028137207 590.45369720459 574.379211425781 788.499904632568 551.917808532715 601.000747680664 687.392700195312 427.937377929688 820.055206298828 809.362731933594 544.396728515625 647.907043457031 604.112762451172 633.806793212891
