export/dem/dem69.asc
NCOLS 350
NROWS 171
XLLCORNER 152620
YLLCORNER 418050
CELLSIZE 100
NODATA_VALUE -9999
[rows 66 to 87 of 171, columns 100 to 149 of 350]
272.075241088867 429.141288757324 313.780502319336 426.361742019653 480.130659103394 416.993465423584 426.960739135742 342.145202636719 530.28039932251 371.626922607422 420.186351776123 400.882369995117 643.521209716797 477.885221481323 601.855911254883 263.287628173828 535.35018157959 445.674327850342 444.548379898071 498.630336761475 330.240142822266 413.644577026367 413.564056396484 528.171630859375 424.372901916504 490.907892227173 491.358764648438 659.326721191406 544.170352935791 497.581696510315 579.940048217773 451.198768615723 556.989755630493 663.231330871582 602.311467647552 609.084571838379 428.681655883789 551.689072608948 378.77507019043 447.031951904297 680.634956359863 528.152452468872 592.595729827881 535.856539413333 415.25634765625 450.629943847656 485.749313354492 436.186401367188 490.680473327637 506.675838470459
415.031810760498 424.898906707764 419.746406555176 451.42468547821 486.969811439514 512.6123046875 513.703311920166 629.904205322266 463.596648216248 354.606132507324 564.983352661133 494.2734375 599.834274291992 590.703674316406 516.569622039795 453.10492515564 370.951522827148 473.280452728271 488.418256759644 383.487838745117 476.732772827148 523.16247177124 434.72497177124 550.63973236084 483.676555633545 557.040618896484 431.919212341309 511.875491142273 576.349899291992 417.908683776855 557.187496185303 461.833000183105 504.076564788818 682.292297363281 751.640960693359 523.354293823242 548.873838424683 488.059997558594 536.714050292969 494.710838317871 591.822942733765 464.593971252441 467.805534362793 726.522659301758 350.028289794922 600.34995174408 606.987129211426 375.822341918945 475.899589538574 417.547431945801
447.703555822372 322.335418701172 408.663558959961 366.494644165039 471.273470878601 486.653060913086 505.282619476318 493.537868499756 503.097438812256 395.026355743408 461.320983886719 584.69116973877 612.900588989258 458.249462127686 516.742141723633 491.742848396301 543.619850158691 352.310974121094 492.702826738358 446.91215133667 462.160887479782 463.289300918579 526.723945617676 210.070373535156 517.595338821411 385.798767089844 460.551345825195 608.473983764648 583.815376281738 565.842360496521 555.430665969849 355.806427001953 673.15550994873 618.977233886719 513.203609466553 555.677768707275 456.628837585449 343.923080444336 530.468227386475 539.155460357666 545.727043151855 493.992897033691 451.66040802002 688.771461486816 640.548538208008 583.138591766357 521.863842010498 460.618053436279 656.209953308105 390.078796386719
380.619003295898 603.129104614258 411.082901000977 482.459894180298 608.249038696289 540.164710998535 568.149948120117 486.991649627686 615.704849243164 401.299606323242 406.469547271729 652.487121582031 690.164627075195 544.97526550293 415.504592895508 632.306716918945 521.04906463623 530.213012695312 572.825141906738 368.520408630371 468.241899490356 353.49390411377 472.857444763184 529.234533309937 422.727798461914 413.278877258301 526.304166793823 590.341064453125 607.138198852539 574.261764526367 461.403480529785 592.439767837524 480.15406036377 500.389015197754 518.648551940918 581.421995639801 434.722900390625 527.32897567749 506.366554260254 524.67423248291 451.493064880371 634.025886535645 453.240188598633 440.845840454102 607.60800743103 639.826942443848 680.080604553223 359.750747680664 606.00563621521 691.12378692627
435.064722061157 398.13191986084 472.135389328003 474.581318855286 599.316299438477 395.570098876953 427.416868209839 536.470321655273 375.551139831543 431.068235397339 530.62414932251 537.847099304199 592.09928894043 579.052886962891 491.815228462219 365.758613586426 364.661277770996 559.640464782715 658.105102539062 439.21745300293 527.238376617432 484.098934173584 656.272323608398 366.49104309082 488.2434425354 438.062294006348 483.624893188477 421.834770202637 660.878463745117 638.35213470459 417.549507141113 387.511032104492 570.46159362793 485.193061828613 434.621459960938 498.228691101074 501.796745300293 418.231002807617 599.155696868896 447.050674438477 515.997838973999 583.200033187866 326.539077758789 477.206611633301 595.456470489502 561.206993103027 679.746765136719 589.327133178711 684.781852722168 643.91569519043
449.870132446289 552.266292572021 497.516412734985 629.621337890625 460.170330047607 535.463638305664 247.435333251953 479.639675140381 539.134452819824 553.415565490723 619.744995117188 505.804418563843 480.848428249359 385.229515075684 564.783477783203 302.610458374023 453.174215316772 586.641990661621 654.743530273438 699.201248168945 368.719039916992 365.91333770752 550.963050842285 555.352146148682 561.922908782959 534.922115325928 403.081985473633 548.881210327148 591.949836730957 550.059977531433 456.053375244141 622.526929855347 450.505645751953 411.186752319336 470.864128112793 466.840209960938 569.206900596619 607.926498413086 604.639187097549 578.421810150146 590.541529089212 615.58341217041 580.314377725124 420.51587677002 688.591781616211 611.120994567871 637.92993927002 619.218685150146 628.204765319824 635.833488464355
482.724786758423 275.666473388672 528.401912689209 583.876235961914 615.581344604492 421.557273864746 590.327491760254 438.260974884033 551.980895996094 539.560234069824 633.546051025391 544.514778137207 425.944103240967 550.168422698975 323.641098022461 448.383754730225 503.844031333923 555.948204040527 515.597820281982 484.284453392029 599.824821472168 328.240539550781 536.37836265564 551.678609848022 467.748428344727 561.198070526123 484.937522888184 538.914497375488 548.02325630188 542.059947967529 524.124086380005 530.964889526367 479.224159240723 488.936561584473 532.375102996826 919.606349945068 525.942255973816 654.486434936523 821.948352813721 625.88907623291 698.006568908691 412.265037536621 621.565124511719 570.231651306152 585.310024261475 568.590728759766 529.387378692627 583.885929107666 522.522621154785 579.439556121826
428.599533081055 346.658676147461 478.804430484772 426.866603851318 498.159873962402 404.884239196777 540.101959228516 526.776630401611 487.269937515259 488.673789978027 463.065659046173 452.861576080322 363.929817199707 457.429569244385 448.839817047119 470.311159133911 398.536460876465 406.194618225098 360.214202880859 523.039703369141 414.980079650879 355.43489074707 695.150741577148 487.048704147339 649.89192199707 514.254791259766 598.430419921875 616.502212524414 405.81192779541 503.135982513428 442.545852661133 479.576007843018 403.791473388672 885.839130401611 848.21949005127 621.136131286621 639.353950500488 793.208898335695 703.245056152344 751.534545898438 762.120086669922 358.930194854736 481.059274673462 423.921209335327 362.251586914062 473.384712219238 852.177742958069 413.979919433594 493.397727966309 442.650802612305
411.167694091797 412.647911071777 515.005340576172 457.461046218872 641.45442199707 512.740047454834 490.151969909668 323.279800415039 419.68696975708 468.86262845993 521.174652099609 467.64324760437 539.224044799805 432.899951934814 445.039436340332 467.497615814209 556.578482151031 549.923706054688 459.798393249512 495.456468105316 476.293395996094 619.304908752441 551.214172363281 651.355072021484 346.231216430664 414.05778503418 499.974769592285 605.300849914551 541.84189414978 653.655158996582 469.820133209229 507.271986484528 679.860654830933 682.51220703125 612.131256103516 746.422676086426 493.228942871094 703.79966545105 785.964584350586 648.014144897461 779.177391052246 454.463050842285 523.043403625488 373.029312133789 344.291282653809 342.766998291016 451.127616882324 677.807571411133 985.180095672607 543.554538726807
414.746482849121 404.663299560547 531.687705993652 419.104919433594 557.309730529785 565.979888916016 607.372032165527 399.976036071777 455.899236679077 345.119407653809 375.035568237305 551.551383972168 556.484825134277 476.151547193527 371.615440368652 460.684173583984 551.378875732422 638.393630981445 575.809906005859 466.731884002686 569.865684509277 562.482433319092 615.901275634766 672.24870300293 438.44149017334 560.565479278564 455.153610229492 578.306259155273 491.384117126465 503.991847991943 669.428024291992 482.116855621338 729.711120605469 588.118730545044 714.037330627441 752.926406860352 514.503570556641 655.137481689453 715.73390007019 610.020027160645 632.715450286865 527.265731811523 311.608627319336 405.143222808838 461.964849472046 225.110382080078 389.357864379883 565.432726860046 350.360244750977 652.082977294922
631.913879394531 673.195919036865 492.176673173904 624.184066772461 503.196662902832 554.780403137207 534.052261352539 530.49206161499 581.856956481934 544.056091308594 457.257820129395 524.621932983398 502.631912231445 478.936045646667 559.781311035156 432.45085144043 451.017654418945 441.510765075684 432.274322509766 500.092769622803 509.706530570984 510.114257097244 587.381278991699 383.661972045898 583.371837615967 479.055513381958 408.044937133789 362.918395996094 520.938570022583 526.536979675293 599.870536804199 498.859146118164 651.048889160156 697.67374420166 625.524205207825 745.367485046387 600.595031738281 772.932388305664 699.807232379913 678.5732421875 694.698135375977 409.676725387573 480.042234420776 485.343486785889 397.738998413086 563.447044372559 688.493034362793 520.637134552002 463.912643432617 751.68709564209
439.750671386719 532.228694915771 599.27515411377 877.354829788208 358.913238525391 423.138263702393 516.327583312988 669.404113769531 472.103055953979 560.848949432373 589.588691711426 590.932983398438 379.594535827637 525.280393600464 539.579309463501 499.336334943771 464.111303329468 612.895889282227 641.95539855957 530.704109191895 567.834671020508 663.839935302734 602.410682678223 619.035125732422 486.909759521484 533.300494432449 347.786758422852 581.727027893066 678.598691940308 578.24747467041 605.558784484863 537.264518737793 412.246047973633 449.031019210815 716.369445800781 633.278979301453 433.796859741211 658.434364318848 765.275199890137 776.103965759277 516.774345397949 410.641994476318 372.83536529541 469.108974456787 436.328701019287 562.629640936852 548.349090576172 463.779900550842 512.904975891113 517.978099822998
482.152168273926 538.33763885498 680.784126281738 741.506393432617 861.427841186523 825.291366577148 658.292022705078 450.102054595947 498.346510887146 462.818939208984 485.847735404968 840.508887290955 628.044845581055 410.128414154053 589.101226806641 426.049812316895 431.076187133789 404.213882446289 509.782286167145 672.969375610352 355.889663696289 706.504730224609 637.463714599609 634.917083740234 757.621841430664 334.197174072266 464.459091186523 417.690635681152 579.070652008057 385.219360351562 422.950042724609 470.491004943848 501.856307983398 545.554489135742 550.598594665527 608.730772733688 472.819580078125 618.462064743042 506.86434173584 675.397575378418 402.746192932129 396.904838562012 543.961578369141 430.748561859131 325.866638183594 482.249141693115 469.145780563354 523.966682434082 501.07746887207 608.134716033936
646.068744659424 468.813373565674 560.811197280884 723.086807250977 493.200675964355 729.519912719727 737.174255371094 533.182737350464 602.989700317383 635.026985168457 580.146564483643 539.281188964844 549.464576721191 461.958087921143 450.594795227051 516.885601997375 386.288101196289 512.281267166138 373.263404846191 597.923683166504 435.059280395508 517.79784822464 727.38298034668 457.891326904297 576.192394256592 357.717575073242 490.694820404053 474.342086791992 376.266345977783 475.368556976318 452.506362915039 648.096618652344 613.06551361084 524.315048217773 493.566558837891 803.854156494141 750.480728149414 532.826667785645 583.469875335693 445.456802368164 509.324813842773 503.139766693115 606.41918182373 507.398536682129 528.119842529297 492.772838592529 433.394718170166 511.641563415527 439.278648376465 411.974822998047
619.935340166092 702.50496673584 624.935939788818 792.248245239258 631.704130172729 566.25032043457 676.140464782715 755.933753013611 618.574378967285 681.669639587402 635.667678833008 591.534103393555 497.533540725708 409.573150634766 585.550151824951 363.987350463867 467.087278366089 525.380292892456 494.045670509338 484.36116027832 538.373901367188 534.016144037247 452.951507568359 638.98462677002 597.002883911133 500.856544494629 483.83024597168 490.187339782715 437.436919689178 475.868789672852 448.652252197266 629.368988037109 611.043998718262 665.297180175781 597.649152755737 466.731353759766 575.75657081604 521.805770874023 509.336875915527 637.29125213623 591.820907592773 356.26904296875 535.512012481689 659.836772918701 495.474998474121 512.579689025879 420.181976318359 368.773460388184 423.934812545776 561.533061981201
439.780975341797 581.291269302368 632.46813583374 660.678058624268 698.559185028076 672.577346801758 669.702133178711 601.784288406372 536.856893539429 381.602005004883 484.528411865234 468.269989013672 447.683193206787 604.621246337891 457.597068786621 300.341567993164 390.099044799805 427.283889770508 379.755416870117 503.690059661865 570.523010253906 535.803371429443 666.190933227539 486.020780563354 477.65877532959 496.924335479736 499.870697021484 463.159183502197 541.034049987793 551.416366577148 550.183494567871 430.316202640533 591.763290405273 580.959148168564 544.499076843262 510.690437316895 594.857281684875 543.525482177734 528.670387268066 708.180633544922 599.013687133789 451.07515335083 669.369354248047 580.588333129883 625.287536621094 739.852340698242 681.970672607422 410.489501953125 691.86198425293 739.387252807617
554.645015716553 542.328060150146 723.120864868164 638.285514831543 724.024879455566 584.674123764038 717.108600616455 715.079925537109 595.691093444824 637.817413330078 561.336849212646 556.917316436768 515.605987548828 438.11088180542 269.815139770508 337.792022705078 491.634206771851 456.302070617676 559.733606338501 392.375785827637 543.06063079834 494.32442855835 623.669540405273 617.338043212891 555.606022119522 437.024215698242 466.564094543457 298.981163024902 666.998962402344 777.833480834961 621.926322937012 593.28955745697 640.841873168945 777.299133300781 712.694114685059 610.012243270874 665.763359069824 467.359985351562 578.954051971436 531.45378112793 523.436630249023 617.495777130127 619.764298439026 546.427917480469 595.826763153076 627.587348937988 603.729538917542 831.616670608521 608.262878417969 748.816268920898
463.294273376465 432.819961547852 532.457817077637 660.547157287598 599.536556720734 557.732955932617 496.649757385254 545.632629394531 682.89640045166 709.579456329346 449.056488037109 479.299854278564 515.215099334717 504.056613922119 327.189468383789 415.339698791504 594.382316589355 580.45433807373 434.196083068848 433.865985870361 446.933452606201 571.957809448242 455.87589263916 509.740587234497 338.247177124023 606.293067932129 534.261039733887 618.118843078613 662.241340637207 556.617446899414 776.64225769043 594.087514877319 751.183685302734 569.836459159851 362.373516082764 485.838325500488 492.235494613647 411.95068359375 519.892341971397 652.289985656738 572.781078338623 563.233993530273 342.985565185547 582.707401275635 583.145446777344 443.258892059326 533.916730880737 677.142051875591 838.869571685791 921.411102294922
603.045219421387 758.220230102539 666.184847354889 529.287250518799 323.54231262207 525.57364654541 662.518531799316 801.112899780273 667.68155670166 871.051498413086 566.735206604004 481.501762390137 401.37671661377 513.667545318604 474.343988418579 504.299349665642 412.826820373535 448.538330078125 395.629837036133 351.393615722656 486.252105712891 513.341732978821 471.328907012939 474.308612823486 431.890548706055 428.118774414062 554.556579113007 613.3212890625 466.845523834229 595.409248352051 661.559898376465 653.896255493164 719.688232421875 615.941541671753 304.299072265625 255.800750732422 519.705021262169 343.842956542969 319.911163330078 422.570381164551 432.993156433105 474.269996643066 586.483801841736 417.817687988281 384.034515380859 644.756332397461 729.598846435547 771.403621673584 708.717086791992 531.981033325195
616.366337776184 698.262092590332 574.359649658203 638.799217224121 394.365936279297 475.073413848877 535.273666381836 723.775131225586 532.087985992432 574.976852416992 571.764102935791 387.470977783203 428.228393554688 498.957174301147 527.415454864502 636.46768951416 607.840980529785 545.013580322266 440.995536804199 496.427020072937 501.757877349854 600.882438659668 512.01353263855 371.841682434082 572.923706054688 577.768956184387 600.669120788574 500.798969984055 468.82447052002 436.125390768051 656.066230773926 576.132031917572 679.873725891113 539.045066833496 523.662872314453 286.404663085938 350.342376708984 530.232249259949 338.436569213867 493.166097640991 511.554728507996 422.673355102539 724.856649398804 1024.18391799927 915.915481567383 473.018997192383 637.543022155762 592.294422149658 579.581075429916 448.746971130371
336.24040222168 693.163970947266 693.000122070312 632.713983535767 640.646579742432 598.522017598152 597.325202941895 712.319114685059 570.451866149902 628.360729217529 719.051010131836 482.600631713867 600.556335449219 517.347301483154 629.393898010254 607.645515441895 447.399208068848 416.492179870605 412.536911010742 440.983856201172 550.799278259277 418.713035583496 428.601909637451 583.996223449707 384.55712890625 479.334529876709 544.537275791168 543.139483451843 584.118881225586 376.987945556641 606.881778717041 664.322843551636 477.802795410156 491.289459228516 410.775078296661 277.184371948242 412.143493652344 458.596725463867 454.611755371094 497.309661865234 443.520774841309 569.483681678772 858.748207092285 961.69872379303 894.51309967041 638.906855583191 545.70051574707 642.629369735718 344.838119506836 465.941562652588
-9999 -9999 679.422821044922 824.464698791504 609.941452026367 487.704330444336 626.597741127014 401.167320251465 564.927703857422 663.165702819824 679.615112304688 508.199161529541 561.406116485596 502.654279708862 467.001724243164 568.855499267578 603.963645935059 411.496025085449 412.231994628906 461.62606048584 569.586582183838 513.921115398407 560.730773925781 429.240188598633 420.353721618652 444.863395690918 643.834259033203 541.808906555176 725.823455810547 643.897220611572 514.741941452026 639.116416931152 666.032354354858 497.225147247314 188.653991699219 361.013538360596 536.301380157471 390.664520263672 499.480682373047 611.647033691406 581.460136413574 601.616653442383 947.843864440918 1192.99309539795 948.743906021118 643.167678833008 800.778663635254 -9999 -9999 -9999
