export/dem/dem64.asc
NCOLS 350
NROWS 171
XLLCORNER 152620
YLLCORNER 418050
CELLSIZE 100
NODATA_VALUE -9999
[rows 88 to 109 of 171, columns 50 to 99 of 350]
529.405548095703 383.176876068115 473.534484863281 494.812515258789 437.260925292969 511.750396728516 498.765487670898 336.952541351318 279.70471572876 427.807632446289 425.259963989258 189.852874755859 367.398113250732 353.488081932068 417.991184234619 172.614974975586 246.068466186523 407.536478042603 484.593040466309 478.148986816406 568.483001708984 382.022481918335 597.004135131836 596.495040893555 502.709854125977 441.516757965088 391.293956756592 329.068336486816 304.737892150879 379.230247497559 469.051414489746 480.471067428589 573.53018951416 543.137012481689 682.063247680664 474.342002868652 439.821823120117 286.270904541016 478.481801986694 521.289543151855 653.971250534058 -9999 -9999 -9999 -9999 -9999 -9999 -9999 -9999 -9999
531.730911254883 372.739761352539 544.274909973145 481.957618713379 653.416107177734 512.982299804688 363.743305206299 284.747840881348 345.699268341064 177.866836547852 278.529792785645 330.783623635769 350.766670942307 371.873304843903 304.42024230957 299.714324951172 205.130035400391 275.903297424316 370.540340423584 442.349456787109 324.792518615723 513.87036895752 446.903793334961 495.158828735352 480.34122467041 535.026443481445 439.12565612793 532.291137695312 568.902069091797 267.443450927734 528.50170135498 490.983010292053 485.606796264648 407.285762786865 554.616191864014 585.592516899109 538.070129394531 384.528373718262 556.755554199219 592.389964103699 -9999 -9999 -9999 -9999 -9999 -9999 -9999 -9999 -9999 -9999
854.956075668335 516.077484130859 508.237682342529 439.767805099487 529.051200866699 388.193131446838 213.355209350586 405.893754199147 301.778656005859 346.489440917969 241.400604248047 218.234725952148 145.982009887695 408.816764831543 313.277866363525 335.953018188477 358.328096389771 416.912710189819 357.341484069824 537.795654296875 453.017654418945 453.749160766602 372.374931335449 478.669303894043 451.919239044189 473.939811706543 535.360237121582 356.395805358887 421.983363628387 529.840278625488 467.570559501648 550.796600341797 426.272521972656 528.673439025879 747.877601623535 667.222602844238 331.879653930664 435.957824707031 551.799560546875 460.575454711914 -9999 -9999 -9999 -9999 -9999 -9999 -9999 -9999 -9999 -9999
654.844177246094 930.002613067627 327.338195800781 525.988868713379 358.175735473633 421.471012115479 383.539186477661 416.968942642212 386.604154586792 380.753424704075 270.391578674316 414.805763244629 401.571367263794 501.593070983887 311.585472106934 320.389667510986 388.345778942108 472.001190185547 460.121490478516 432.344226837158 407.679055690765 511.46070098877 451.2102394104 462.748054504395 430.898874282837 589.452209472656 369.865253448486 535.275947570801 662.02587890625 515.408512115479 487.893327713013 434.040024995804 458.959288597107 666.927536010742 769.577831268311 582.817542076111 343.426345825195 509.815704345703 604.236830472946 -9999 -9999 -9999 -9999 -9999 -9999 -9999 -9999 -9999 -9999 -9999
425.382232666016 448.767761230469 594.171211242676 403.400120735168 465.442211151123 452.192184925079 596.825286865234 306.746047973633 502.282485961914 378.518949508667 301.287223815918 271.355087280273 312.640655517578 417.093639373779 380.921841621399 362.025096893311 368.307231903076 265.478088378906 461.722574234009 472.67259979248 375.888969421387 547.474258422852 474.851768493652 462.51762008667 403.557591438293 466.267780303955 633.272079467773 524.069892883301 574.690132141113 542.467918395996 613.997100830078 434.890692710876 620.085494995117 583.97176361084 583.557538986206 702.109497070312 605.57266998291 585.279891967773 560.819725036621 -9999 -9999 -9999 -9999 -9999 -9999 -9999 -9999 -9999 -9999 -9999
527.312698364258 353.352886199951 336.932205200195 749.542098999023 218.442684173584 509.430952072144 463.738296508789 434.909709453583 365.703231811523 332.002349853516 435.655826568604 324.030937194824 367.983787536621 346.392669677734 428.658802032471 384.160624980927 245.639236450195 291.952819824219 228.83415222168 419.925434112549 456.319459915161 364.970943450928 466.83517074585 306.258453369141 392.482997894287 540.665939331055 624.155715942383 480.994560241699 547.905853271484 544.54354095459 498.059885025024 410.05838394165 725.803638458252 682.8225440979 567.008155822754 641.707366943359 622.466148376465 592.449346542358 700.385963439941 -9999 -9999 -9999 -9999 -9999 -9999 -9999 -9999 -9999 -9999 -9999
435.359115600586 371.88497543335 341.145866394043 262.807502746582 651.223341941833 524.457786560059 442.058174911886 470.024360656738 356.031681060791 333.536506652832 372.550643920898 473.363349914551 428.803123474121 351.558982849121 422.38995552063 301.779792785645 372.373481750488 405.69015455246 350.137451171875 570.652099609375 482.803985595703 560.227485656738 516.443237304688 358.179546356201 355.828788757324 440.278641700745 577.278900146484 380.750747680664 482.680165886879 494.534460067749 432.934055328369 529.549217224121 485.019844055176 502.289691925049 495.90608215332 642.872009277344 557.484828948975 685.585083007812 -9999 -9999 -9999 -9999 -9999 -9999 -9999 -9999 -9999 -9999 -9999 -9999
484.58447265625 405.189598083496 411.223014831543 312.766616821289 455.067939758301 507.309478759766 390.634399414062 331.249168395996 303.789794921875 401.096248626709 409.942729949951 484.295616149902 611.754974365234 301.564514160156 437.642868041992 404.543914079666 277.787307739258 388.06069278717 218.34748840332 311.767150878906 421.733018875122 556.936599731445 463.832412719727 391.501419067383 467.193586349487 416.804565429688 368.778778076172 465.64869594574 477.556987762451 424.934871673584 536.444156646729 616.807991027832 594.910354614258 596.138383865356 456.314903259277 698.958053588867 574.652725219727 441.665313720703 -9999 -9999 -9999 -9999 -9999 -9999 -9999 -9999 -9999 -9999 -9999 -9999
554.215789794922 297.45251083374 363.763320922852 356.124488830566 577.900444030762 546.990535736084 579.176361083984 361.31999206543 327.778663635254 435.836465835571 277.547927856445 499.482263565063 393.615776062012 360.637401580811 418.514977455139 272.499359130859 411.442635536194 422.51743888855 412.64587020874 315.712249755859 465.74951171875 290.943473815918 362.613014221191 407.842529296875 244.181411743164 346.373443603516 485.178504943848 524.742740631104 485.583408355713 659.341278076172 446.002115249634 480.515630722046 508.727828979492 487.377923965454 694.077484130859 567.412703514099 423.082534790039 415.733978271484 -9999 -9999 -9999 -9999 -9999 -9999 -9999 -9999 -9999 -9999 -9999 -9999
528.355667114258 430.50634765625 336.548637390137 543.119570612907 466.789588928223 506.775279998779 650.140380859375 482.898635864258 452.859588623047 464.188556671143 476.81795501709 386.226493835449 457.761762619019 460.781585693359 329.88591003418 380.755783081055 484.155620574951 379.577556610107 394.306861877441 353.035190582275 565.803512573242 847.067281723022 481.966499328613 411.420166015625 431.778259277344 219.293106079102 442.758352279663 342.305534362793 452.49840259552 430.293620586395 558.3798828125 534.450553894043 902.439197540283 749.967006206512 518.118938446045 462.585486412048 469.646194458008 -9999 -9999 -9999 -9999 -9999 -9999 -9999 -9999 -9999 -9999 -9999 -9999 -9999
874.308288574219 474.358261108398 654.345539093018 641.770202636719 561.068819999695 447.341186523438 559.648504257202 407.592544555664 421.466979980469 451.771252632141 303.218414306641 481.10132598877 421.070900917053 513.296997070312 290.858673095703 286.500625610352 392.260074615479 285.694923400879 401.240545272827 358.098213195801 507.035255432129 547.705005645752 790.314010620117 332.563034057617 493.584526062012 731.37622833252 311.116943359375 392.4049949646 483.928192138672 742.812240600586 614.118577957153 569.484939575195 656.899494171143 639.887363433838 509.954959869385 538.323364257812 656.531646728516 -9999 -9999 -9999 -9999 -9999 -9999 -9999 -9999 -9999 -9999 -9999 -9999 -9999
655.253829956055 567.04558467865 565.08740234375 585.465460777283 714.279136657715 422.52033996582 596.863700866699 348.911697387695 506.140266418457 335.297637939453 494.162982940674 407.431602478027 461.07677936554 337.880363464355 426.900753974915 419.55139541626 479.953273773193 282.643272399902 826.125640869141 418.445343017578 667.879455566406 499.585653305054 352.747695922852 521.605663299561 372.899307250977 664.101356506348 748.812156677246 668.666957855225 562.002670288086 935.42024230957 583.900989532471 735.755840301514 677.057715177536 474.511276245117 526.259769439697 493.820936203003 539.656059265137 -9999 -9999 -9999 -9999 -9999 -9999 -9999 -9999 -9999 -9999 -9999 -9999 -9999
608.110047340393 505.336753845215 527.268592834473 543.724893569946 525.472805023193 536.277862548828 749.55793762207 574.640310287476 542.201854705811 601.295778274536 609.259875774384 648.804290771484 615.600021362305 324.610450744629 258.894966125488 288.471710205078 421.050350189209 559.340450286865 533.074186362326 548.905255317688 575.072769165039 587.664600372314 530.15265083313 441.28963470459 686.096740722656 668.649467468262 440.083641052246 846.587615966797 679.744094848633 788.649124145508 592.177421569824 591.176208496094 545.307178497314 463.299987792969 382.149024963379 510.710601806641 643.454750061035 -9999 -9999 -9999 -9999 -9999 -9999 -9999 -9999 -9999 -9999 -9999 -9999 -9999
341.726493835449 509.233104705811 633.307903289795 656.950485229492 525.876066207886 503.115760803223 692.902938842773 641.784239768982 623.666012763977 479.073974609375 665.113529205322 557.449729919434 804.706233978271 384.286109924316 446.21053314209 772.617950439453 611.638481140137 532.216809988022 496.293849945068 645.150995254517 384.821029663086 510.877380371094 630.513519287109 485.191497802734 552.637980461121 421.589599609375 577.796934127808 577.13549041748 595.217403411865 700.205726623535 667.294583588839 460.749008178711 567.78441619873 474.147834777832 728.229148864746 710.998031616211 -9999 -9999 -9999 -9999 -9999 -9999 -9999 -9999 -9999 -9999 -9999 -9999 -9999 -9999
85.4850006103516 386.339836120605 499.547637939453 541.797298431396 543.88111114502 617.287961959839 714.072410583496 508.560241699219 563.839462280273 820.169555664062 575.85375213623 603.134414672852 668.453830718994 602.254028320312 517.448238372803 464.82160949707 589.162269592285 468.074325561523 498.313022613525 548.87561416626 498.065242767334 381.694061279297 561.732556343079 476.578994750977 629.878952026367 528.286037445068 706.471710205078 701.101852416992 483.225654602051 506.386981964111 611.570331573486 419.387832641602 539.149047851562 532.364143371582 693.721580505371 -9999 -9999 -9999 -9999 -9999 -9999 -9999 -9999 -9999 -9999 -9999 -9999 -9999 -9999 -9999
390.652136802673 375.133247375488 604.305221557617 510.480663299561 435.935352325439 566.339424133301 541.595289230347 557.736122131348 539.454223632812 608.428802490234 570.978492736816 376.143535614014 426.98974609375 577.744663238525 505.00704574585 509.034411430359 388.994071960449 475.949630737305 523.031934738159 688.691787719727 665.861755371094 586.212776184082 429.240097045898 584.220132827759 416.213623046875 535.271522521973 531.574794769287 532.736129760742 360.306968688965 416.106899261475 567.073440551758 683.324440002441 564.242292404175 642.466320037842 -9999 -9999 -9999 -9999 -9999 -9999 -9999 -9999 -9999 -9999 -9999 -9999 -9999 -9999 -9999 -9999
733.217609405518 565.076507568359 268.636177062988 295.589862823486 259.306251525879 505.671394348145 532.873603820801 373.768096923828 425.19514465332 441.493141174316 532.789881706238 527.139621019363 646.279022216797 600.459197998047 522.250118255615 402.129867553711 644.54907989502 632.688003540039 659.07984161377 524.744995117188 558.09706568718 565.776741027832 446.716941833496 439.584182739258 358.105575561523 284.862991333008 485.647680282593 516.408573150635 762.007751464844 443.184616088867 501.778312683105 679.982887268066 557.870166778564 -9999 -9999 -9999 -9999 -9999 -9999 -9999 -9999 -9999 -9999 -9999 -9999 -9999 -9999 -9999 -9999 -9999
-9999 593.036529541016 892.014434814453 672.116424560547 439.058372497559 899.328598022461 397.589673042297 334.467708587646 394.594944000244 293.674163818359 483.968856811523 500.973388671875 422.441428661346 516.495277404785 397.652456283569 406.011384010315 552.793876647949 317.231929779053 432.936916351318 435.36901807785 510.368949890137 516.999305725098 484.040924072266 405.129402160645 603.834289550781 435.413234710693 519.085851669312 409.003684997559 657.610702514648 503.28165435791 682.849853515625 525.795761108398 -9999 -9999 -9999 -9999 -9999 -9999 -9999 -9999 -9999 -9999 -9999 -9999 -9999 -9999 -9999 -9999 -9999 -9999
-9999 -9999 -9999 -9999 833.345485687256 783.544609069824 584.729148864746 280.049324035645 796.836576461792 853.390773773193 478.121871948242 571.301315307617 640.049301147461 400.76383972168 464.479969024658 475.750991821289 624.292694091797 57.7263059616089 130.027103424072 609.022277832031 568.141979217529 633.481170654297 508.548791885376 520.640657424927 515.161761283875 493.070128917694 535.192047119141 443.820022583008 405.604824066162 604.403942108154 -9999 -9999 -9999 -9999 -9999 -9999 -9999 -9999 -9999 -9999 -9999 -9999 -9999 -9999 -9999 -9999 -9999 -9999 -9999 -9999
-9999 -9999 -9999 -9999 -9999 -9999 -9999 -9999 -9999 983.832195281982 675.940441131592 728.943603515625 784.672470092773 645.763397216797 500.604583740234 525.337345123291 609.638729095459 13.4004020690918 219.819915771484 615.167009353638 645.655920088291 633.978775024414 669.693855285645 526.121322631836 663.408786773682 704.853141784668 587.559898376465 680.275123596191 -9999 -9999 -9999 -9999 -9999 -9999 -9999 -9999 -9999 -9999 -9999 -9999 -9999 -9999 -9999 -9999 -9999 -9999 -9999 -9999 -9999 -9999
-9999 -9999 -9999 -9999 -9999 -9999 -9999 -9999 -9999 -9999 -9999 -9999 -9999 -9999 -9999 -9999 555.926574707031 927.774696350098 1002.60893249512 864.277423858643 1004.07640838623 877.147422790527 903.022872924805 902.026077270508 834.316993713379 -9999 -9999 -9999 -9999 -9999 -9999 -9999 -9999 -9999 -9999 -9999 -9999 -9999 -9999 -9999 -9999 -9999 -9999 -9999 -9999 -9999 -9999 -9999 -9999 -9999
-9999 -9999 -9999 -9999 -9999 -9999 -9999 -9999 -9999 -9999 -9999 -9999 -9999 -9999 -9999 -9999 -9999 -9999 -9999 -9999 -9999 -9999 -9999 -9999 -9999 -9999 -9999 -9999 -9999 -9999 -9999 -9999 -9999 -9999 -9999 -9999 -9999 -9999 -9999 -9999 -9999 -9999 -9999 -9999 -9999 -9999 -9999 -9999 -9999 -9999
