export/dem/dem6.asc
NCOLS 350
NROWS 171
XLLCORNER 152620
YLLCORNER 418050
CELLSIZE 100
NODATA_VALUE -9999
[rows 132 to 153 of 171, columns 250 to 299 of 350]
870.567604064941 791.344904690981 984.303161621094 797.244283676147 821.174646377563 531.216766357422 518.092971801758 463.738159179688 527.031478881836 699.169044494629 660.908065795898 750.399608612061 771.387437820435 654.223022460938 801.857898712158 799.193862915039 722.725569725037 736.392570495605 893.172878265381 710.262063980103 710.992498397827 791.926826477051 701.486021518707 757.388526916504 793.959182739258 687.134848594666 608.835418701172 694.927549362183 413.174652099609 659.844333410263 586.923133850098 676.084579467773 677.228116989136 731.99284362793 471.380264282227 629.583951950073 498.48796081543 610.705322265625 736.078126907349 736.934577941895 1052.16812896729 1138.57274055481 881.365112304688 975.258270263672 1032.61012458801 903.547286987305 911.540985107422 786.641503691673 950.835262298584 1030.2183303833
857.952857971191 804.961033821106 843.34236907959 680.880233764648 638.737854003906 469.333610534668 617.21174621582 581.300765991211 751.343987941742 643.386741638184 516.527404785156 703.576358795166 763.61218547821 958.946502685547 664.594291687012 632.096817016602 670.434535980225 914.370420455933 1085.94828033447 710.501361846924 823.18074798584 610.806381225586 827.032379150391 740.141212463379 808.103576660156 709.617879867554 570.619163513184 645.562609672546 608.208457946777 600.276340484619 570.142921447754 623.359490394592 616.782273054123 839.02717590332 769.007385253906 595.490478515625 568.671821594238 586.744201660156 612.234924316406 454.768524169922 516.248443603516 879.761247634888 1183.23251342773 1024.86309814453 966.76350402832 954.102642059326 1165.48612976074 807.11439371109 961.76505279541 838.190620422363
902.497940063477 817.317184448242 713.684906005859 646.457431793213 611.005026817322 588.491946697235 797.136322021484 658.481346130371 628.129943847656 700.470611572266 764.29159450531 787.258363723755 751.072369337082 838.670112609863 847.562591552734 799.533504486084 696.235488891602 721.060600280762 871.863471984863 784.183684825897 673.538597106934 725.242457389832 795.983497619629 846.023681640625 662.054702758789 695.746124267578 637.55775642395 880.248931884766 790.787399291992 655.8121509552 642.279584884644 597.611347198486 585.860877990723 586.556900024414 667.562425613403 587.262222290039 575.980140686035 668.649667739868 553.318954467773 699.491323709488 672.452052116394 710.424057006836 634.285690307617 733.677307128906 851.413028717041 920.376649856567 778.521675109863 824.300952911377 817.253189086914 851.649353027344
731.999446868896 704.532329559326 709.104431152344 666.49086856842 442.401641845703 652.522618293762 637.694427490234 717.793594360352 761.129516601562 730.096237182617 778.410748004913 954.042236328125 626.611434936523 694.171508789062 686.711036682129 839.968490600586 728.11817741394 630.583473205566 797.862916946411 606.630126953125 735.459434509277 757.987965583801 745.538898468018 572.335983276367 701.047954559326 532.619743347168 607.7209815979 649.522727012634 626.022836685181 627.523151397705 605.90975189209 666.494747161865 571.067802429199 521.056747436523 713.387363433838 730.227783203125 552.371719360352 616.292747497559 695.470888137817 682.606134414673 774.4697265625 661.478853464127 559.731048583984 704.385149002075 727.226714134216 920.794086456299 673.684188842773 774.995677947998 829.719486236572 832.215019226074
792.959381103516 781.585838317871 746.61939239502 636.497304916382 680.994197845459 643.919937133789 856.23663520813 950.834335327148 898.183296203613 790.64236831665 731.265560150146 709.980880737305 637.596031188965 757.956152915955 743.134258985519 829.765312194824 750.628658294678 686.96704864502 777.198224067688 627.525344848633 682.954528808594 506.629852294922 785.642692565918 708.74236869812 642.579839706421 609.365642547607 587.941299438477 594.086223602295 759.641059875488 636.452735900879 622.691284179688 791.059143066406 740.565361022949 637.600784301758 692.102777957916 556.634506225586 796.47208404541 628.361476898193 771.790786743164 679.575666427612 746.973571777344 496.803100585938 693.351159095764 550.490097045898 700.885095119476 841.21314239502 786.627861022949 847.582454681396 736.392311096191 891.600555419922
847.738304138184 687.909797668457 699.649093151093 714.062894582748 793.071854382753 700.232574462891 779.80899810791 772.365070104599 697.012439727783 663.945930480957 756.950948953629 691.094192504883 765.783201217651 744.602388381958 706.036617279053 799.016441345215 585.547241210938 783.199237823486 744.24772644043 695.761889457703 497.188095092773 667.235231399536 681.494361877441 738.855178833008 585.394584655762 584.921203613281 625.26127243042 641.197525024414 589.372581481934 610.286140441895 725.949619293213 638.600448608398 558.608383178711 668.283463001251 587.803283691406 645.518409729004 690.708136677742 658.397846221924 665.155895233154 520.451950073242 701.376987457275 561.001739501953 741.096203804016 728.992745041847 646.630661010742 607.420970916748 716.600379943848 733.531089782715 836.153125762939 790.952003479004
914.513580322266 868.948333740234 809.309642791748 768.084776878357 758.339731216431 874.333183288574 683.946495056152 745.457517623901 912.590179443359 787.523628234863 775.837379932404 747.675096511841 726.051151275635 943.903350830078 817.627479553223 746.27904510498 715.875758528709 759.976356506348 759.012392044067 677.720928192139 686.448230743408 718.856826782227 702.752254486084 743.808815002441 651.691669464111 617.17700958252 812.518798828125 780.265472412109 623.286010742188 650.180194854736 691.269657611847 584.291107177734 748.27392578125 626.447101593018 730.34354019165 636.081140518188 711.790405273438 714.683233261108 555.605209350586 595.325775146484 726.328433990479 798.891494750977 600.965866088867 644.631202697754 744.646456241608 682.07689332962 670.320444107056 648.977249145508 606.085159301758 721.513952255249
819.019638061523 713.02640914917 935.694885253906 877.281074523926 946.179473876953 788.427554607391 683.266777038574 850.702758789062 638.610076904297 810.800800323486 708.986778259277 672.587600708008 719.358303070068 787.379534721375 793.36026763916 825.46369934082 719.132774353027 1005.02727508545 682.544067382812 752.964888572693 693.437135696411 683.893143415451 868.013633728027 760.826696395874 667.820747375488 784.709411621094 741.989326477051 766.098304748535 775.386810302734 822.831016540527 740.172569274902 760.914854049683 693.570353031158 543.213439941406 718.667858123779 663.279723167419 731.374786376953 581.440673828125 655.688898086548 598.183738708496 683.131582260132 680.05541229248 724.269023895264 707.349637031555 694.678394317627 676.179553985596 698.047550201416 786.759239196777 748.826519012451 702.213676452637
895.461456298828 817.950126647949 780.793319702148 795.848197937012 867.650966644287 743.501235961914 656.427368164062 683.32341003418 718.138130187988 664.61491394043 782.69616317749 794.965593576431 804.127338409424 718.927581787109 784.156322479248 759.821613311768 950.235420227051 837.13402557373 729.117637634277 565.833374023438 727.515110015869 835.19548034668 641.205261230469 789.832649230957 734.036159515381 666.201454162598 790.378127098083 954.659133911133 866.334426879883 925.000106811523 796.650245666504 759.300693511963 751.360809326172 527.050720214844 655.747583389282 759.313980102539 588.078460693359 782.892127990723 625.245246887207 786.705070495605 763.280937194824 765.441669464111 660.841217041016 750.424706459045 792.754287719727 758.55731010437 673.900986671448 670.799001693726 688.633817672729 834.83634185791
905.129837036133 787.428123950958 891.306182861328 949.088806152344 845.863826751709 797.781280040741 781.726638793945 795.330284118652 691.513465881348 750.993942260742 711.352920532227 795.405204296112 939.734817504883 685.351318359375 711.805992126465 916.856239318848 793.033131599426 694.264427185059 783.298035144806 656.954383850098 638.873764038086 675.027639389038 570.834564208984 690.581928253174 805.257297515869 846.870853424072 924.43473815918 929.118896484375 793.134499430656 849.061317443848 836.376457214355 835.761131286621 828.378532409668 710.326942443848 641.842910766602 767.67756652832 768.860046386719 691.642262578011 858.103408813477 731.191915512085 653.968505859375 757.073083877563 705.417774200439 741.068404197693 913.626724243164 872.383834838867 829.07836151123 703.976245880127 787.263832092285 765.949394226074
762.274290084839 741.358596801758 1305.25607299805 859.703838348389 853.905587658286 782.909851074219 795.597884178162 603.681282043457 795.91379070282 702.725509643555 895.04549407959 911.174659729004 804.878625154495 758.304504394531 839.827236175537 717.787658691406 658.539352416992 774.420055389404 875.327590942383 627.713363647461 660.466815948486 748.521377563477 586.471992492676 844.160491943359 637.700080871582 726.753189086914 846.765621185303 775.687795639038 888.508522033691 810.337589263916 913.497970581055 775.974494934082 698.391449272633 742.358394622803 810.682960510254 660.02193069458 614.368335723877 639.630908966064 595.938629150391 740.949937820435 711.392872810364 672.533685684204 763.788871765137 692.508906841278 785.404945373535 829.684700012207 730.464839935303 554.089965820312 679.07674407959 741.569633483887
791.376846313477 589.977592468262 1183.33277893066 731.391490936279 877.288986206055 838.070671081543 814.798614501953 991.700633525848 704.890739440918 752.867053985596 761.424938201904 698.652572631836 828.040113449097 831.478157043457 797.516881942749 848.781202316284 775.393287658691 701.629486083984 847.185403823853 761.337527275085 644.07088470459 517.142639160156 642.876586914062 752.164442062378 827.444366455078 879.547882080078 792.4934425354 740.237796783447 855.136390686035 736.343742370605 817.949451446533 747.035938262939 660.5881690979 744.020023345947 879.946258544922 810.827117919922 725.876348495483 724.454173088074 687.214510917664 698.009998559952 692.39635848999 710.884592056274 659.23020362854 681.193885803223 796.773216247559 699.010684967041 674.215679168701 731.459771156311 756.40753364563 502.011581420898
793.673675537109 824.26091003418 744.902275085449 712.37663269043 846.875946044922 639.771673202515 620.272834777832 882.356157302856 619.355102539062 773.805292129517 966.553291320801 671.510932922363 804.43798160553 780.330596923828 804.804077148438 1006.94593811035 830.278972625732 927.446327209473 892.91773223877 803.812724113464 600.579391479492 666.845283508301 763.397747993469 781.598922729492 843.647598266602 726.476367950439 729.571000099182 807.798795700073 927.292999267578 841.871671676636 871.014434814453 862.038284301758 748.758373260498 837.95344543457 724.565628051758 817.205612182617 689.529275894165 703.715514779091 851.556762695312 746.449806213379 676.738426208496 778.093082427979 770.531059265137 673.738925933838 725.116203546524 685.536052703857 685.796264648438 699.553405761719 597.227478027344 738.536873340607
-9999 -9999 -9999 873.539682388306 755.729209899902 864.695607662201 767.730299472809 813.319011688232 608.052368164062 703.795923709869 885.524182319641 637.965591430664 866.662303924561 940.172864675522 886.052749633789 774.557647705078 964.545196533203 921.087669372559 804.336372375488 767.390159606934 819.339034080505 821.906579971313 944.418418884277 833.797470092773 840.804781198502 711.920990467072 849.658134460449 696.920609474182 745.126136779785 813.261583328247 831.549091339111 750.730220794678 728.474884033203 757.243085861206 589.183036804199 673.823902130127 698.552227020264 843.952060699463 754.377098083496 743.65518951416 839.296752929688 890.24454498291 582.816986083984 662.841857910156 710.117938995361 631.125610351562 730.857657432556 742.07802772522 763.902855873108 682.101058959961
-9999 -9999 -9999 -9999 -9999 -9999 662.448745727539 896.279767990112 662.01042175293 832.29141998291 719.25904083252 810.422698974609 864.48169708252 898.068454742432 737.124267578125 716.395919799805 825.345224380493 791.284088134766 800.077922821045 799.983039855957 1050.16732788086 808.394889831543 865.394195646048 923.498756408691 869.655809402466 721.341965198517 840.919653892517 784.85196685791 751.94911980629 702.30345916748 817.991857528687 988.397365570068 658.287506103516 830.068843841553 759.288480758667 682.932518005371 912.32487487793 938.909225463867 879.391582489014 912.489241600037 928.242172241211 680.920280456543 782.860614776611 612.05248260498 759.534572601318 648.003074645996 651.172256469727 812.958000183105 908.489929199219 779.020325660706
-9999 -9999 -9999 -9999 -9999 -9999 -9999 -9999 -9999 843.671424865723 767.922505378723 813.70384979248 776.528369903564 762.716934204102 650.101165771484 620.885040283203 1050.12154769897 957.777275085449 939.55785369873 851.138019561768 825.285148620605 1037.44808959961 835.61353302002 967.375900268555 898.851119041443 833.710863113403 710.707589149475 609.823989868164 719.446968078613 943.931915283203 786.214561462402 832.09253692627 576.026641845703 660.071746826172 689.292127609253 697.570583820343 666.376266479492 820.313453674316 684.101408958435 931.129730224609 717.929498672485 593.207748413086 783.916122436523 713.159248352051 645.054290771484 755.928977966309 685.295146942139 564.402267456055 662.140251159668 854.443382263184
-9999 -9999 -9999 -9999 -9999 -9999 -9999 -9999 -9999 -9999 -9999 933.78247833252 669.164627075195 834.878173828125 664.517136573792 598.449119567871 804.299480378628 1231.6185836792 809.308590888977 775.981592178345 1122.15581512451 970.261259078979 958.210456848145 950.898773193359 896.113481521606 748.878628730774 674.341667175293 766.231555938721 782.528844833374 923.87215423584 810.796581268311 705.686103820801 673.470272064209 625.827079772949 755.27525138855 663.647369384766 923.968856811523 587.59073638916 626.420021057129 634.525390625 633.310333251953 605.787506103516 800.345779418945 545.503540039062 636.513961791992 649.4518699646 683.041534423828 829.184936523438 682.899894714355 633.321014404297
-9999 -9999 -9999 -9999 -9999 -9999 -9999 -9999 -9999 -9999 -9999 -9999 804.01392364502 637.876251220703 634.416160583496 614.569320678711 734.562622070312 1388.26382446289 1051.99690246582 1035.01762390137 1320.23320007324 1170.30175018311 1012.34375 1151.31401062012 829.992864727974 809.535850524902 634.029449462891 755.85986328125 769.092155456543 806.72590637207 777.386241912842 867.559200286865 894.662746429443 760.136071205139 856.372192382812 711.237361595035 782.646377563477 717.781183242798 654.677520751953 704.369352340698 670.809829711914 700.680835723877 700.077350616455 773.003937721252 834.567306518555 612.813232421875 607.08251953125 620.953750610352 818.173793792725 881.184959411621
-9999 -9999 -9999 -9999 -9999 -9999 -9999 -9999 -9999 -9999 -9999 -9999 918.188270568848 750.154986381531 825.565048217773 729.636127471924 676.320899009705 772.176578521729 778.561004638672 713.022033691406 907.287460327148 923.446224212646 836.073429107666 912.650787353516 876.217811584473 806.326810836792 1129.98066711426 598.714157104492 1041.65090942383 951.032356262207 773.008361816406 837.783126831055 817.062252402306 616.531051635742 683.960548400879 819.304214477539 832.131118774414 663.137802124023 710.066272735596 595.242584228516 721.442638397217 660.211502075195 614.694229125977 672.203941345215 749.568164825439 716.733009338379 691.569652557373 753.041015625 740.371936798096 675.848205566406
-9999 -9999 -9999 -9999 -9999 -9999 -9999 -9999 -9999 -9999 -9999 -9999 -9999 890.676614761353 683.919097900391 739.241067886353 583.980804443359 611.505638122559 923.944717407227 833.744289398193 805.019435882568 882.112405776978 893.799217224121 961.120040893555 783.621269226074 730.125110626221 798.064884185791 682.425155639648 765.035632133484 847.046276569366 979.315216064453 858.3203125 759.74324798584 619.356536865234 768.809656143188 760.977027893066 878.818044662476 799.619653701782 830.165147781372 549.341796875 558.168899536133 698.042369842529 587.222137451172 673.963417053223 606.731750488281 651.245811462402 649.575561523438 756.639881134033 695.88990020752 717.874122619629
-9999 -9999 -9999 -9999 -9999 -9999 -9999 -9999 -9999 -9999 -9999 -9999 -9999 -9999 647.074226379395 884.563163757324 645.846008300781 637.579223632812 876.61349105835 762.943000793457 956.865386962891 853.771228790283 981.458602905273 863.748205184937 654.43701171875 787.971801757812 697.830471038818 774.447578430176 777.333038330078 830.626594543457 877.880409240723 694.346920013428 757.053098678589 820.868209838867 610.504776000977 714.753837585449 898.086015701294 837.683331489563 778.563682556152 533.613342285156 693.734886169434 708.037651062012 801.716060638428 770.528671264648 827.635612487793 860.822940826416 769.006088256836 745.179679870605 757.204574584961 803.5045337677
-9999 -9999 -9999 -9999 -9999 -9999 -9999 -9999 -9999 -9999 -9999 -9999 -9999 -9999 865.84169626236 610.086639404297 728.749217987061 814.775891304016 717.506340026855 795.539581298828 920.606298446655 811.722869873047 796.143737792969 956.379501342773 830.590009689331 749.217636108398 831.536109924316 772.344528198242 732.67268371582 735.07250213623 734.249568939209 605.321578979492 1017.58594512939 757.174932479858 660.200340270996 786.225090026855 624.483352661133 638.386383056641 614.927703857422 675.519134521484 754.825775146484 729.638595581055 755.139350891113 872.306642532349 707.481101989746 888.956151008606 820.623891830444 764.613349914551 798.155449867249 772.752254486084
