export/dem/dem67.asc
NCOLS 350
NROWS 171
XLLCORNER 152620
YLLCORNER 418050
CELLSIZE 100
NODATA_VALUE -9999
[rows 22 to 43 of 171, columns 50 to 99 of 350]
-9999 -9999 -9999 -9999 -9999 -9999 -9999 -9999 -9999 691.740589141846 611.41918182373 635.673183441162 646.811065673828 593.01146697998 404.065223693848 354.765899658203 458.492935180664 655.293502807617 673.635544776917 671.041557312012 590.981121063232 690.220211029053 730.37825012207 635.195222854614 914.856712341309 791.528053283691 606.525630950928 546.531295776367 505.897674560547 441.010559082031 449.158309936523 455.622253417969 421.725128173828 557.895683288574 541.567073822021 629.993915557861 587.76902961731 489.628387451172 379.744903564453 589.550022125244 290.950347900391 389.865325927734 1222.24699401855 693.620572090149 572.789974212646 481.403770446777 330.754821777344 497.533447265625 339.275588989258 1270.19990539551
-9999 -9999 -9999 -9999 -9999 -9999 -9999 -9999 804.284866333008 669.552196502686 692.408512115479 643.733543395996 569.129791259766 327.243995666504 359.800384521484 619.328765869141 547.307159423828 747.699546813965 719.48551940918 450.434326171875 592.136791229248 1079.12818908691 698.709037780762 717.821071624756 819.643951416016 795.189651489258 731.911071777344 684.812507629395 451.492210388184 435.641128540039 504.60230255127 493.6217918396 463.559516906738 473.171714782715 476.309661865234 633.929908752441 522.879062652588 811.959259033203 783.721410751343 1130.3872795105 768.377487182617 609.123119831085 423.55322265625 553.065204620361 449.850631713867 575.801387786865 467.330581665039 613.675857543945 406.821853637695 1175.10774230957
-9999 -9999 -9999 -9999 -9999 -9999 -9999 953.024429321289 789.009368896484 889.825252532959 569.866180419922 722.526573181152 244.419799804688 295.874755859375 356.182250976562 649.472036838531 550.839729309082 600.436002731323 661.210725784302 730.547218322754 596.330986022949 600.767318725586 763.803329467773 739.152732849121 695.745822906494 508.350616455078 664.554714202881 595.785564422607 419.637725830078 1201.56839883327 673.968379974365 585.740116119385 734.406404495239 489.617057800293 801.695355415344 576.978675842285 681.898963928223 764.477577209473 542.22583770752 598.669723510742 705.89559173584 551.881036758423 574.832873344421 422.063659667969 480.659423828125 498.893966674805 330.47981262207 386.277038574219 446.840911865234 869.586151123047
-9999 -9999 -9999 -9999 -9999 -9999 813.956100463867 687.223449707031 751.662445068359 753.709182739258 418.289031982422 626.606349945068 490.745265007019 440.299468994141 479.85289478302 527.615425109863 475.449966430664 573.091705322266 615.054595947266 733.568880081177 718.437961578369 463.89372253418 579.77970123291 649.825420379639 717.086990356445 599.034430503845 479.393692016602 1060.82788848877 733.354009628296 829.226051330566 855.492454528809 658.739765167236 717.953861236572 810.61393737793 661.314126968384 654.598857998848 645.371309280396 645.34806060791 642.730709075928 667.831954956055 392.530090332031 592.315017700195 727.086868286133 462.17399597168 609.10368347168 525.941730499268 528.307556152344 464.380592346191 469.097213745117 787.469108581543
-9999 -9999 -9999 -9999 -9999 508.206680297852 379.275482177734 222.468658447266 470.44010925293 635.929767370224 540.024993896484 600.890502929688 708.150718688965 530.615325927734 632.570774078369 571.798988342285 507.680953979492 569.702834606171 678.627578735352 595.403177261353 813.190704345703 547.659876823425 557.772680282593 538.559169769287 495.358299255371 926.605361938477 744.141944885254 1096.92347717285 998.495162963867 852.650001525879 854.057708740234 664.737635135651 560.997734069824 678.998556137085 600.186401367188 658.939874649048 543.850173950195 676.86669921875 617.768215179443 661.378067016602 644.733810424805 556.684531211853 609.077266693115 518.52165222168 444.290626525879 347.173919677734 494.419418334961 600.16309928894 566.348030090332 493.584579467773
-9999 -9999 -9999 -9999 457.412094116211 585.302429199219 186.888092041016 437.239906311035 350.834503173828 441.983047485352 453.177307128906 706.146297454834 455.913833618164 465.558471679688 570.054878234863 716.707937240601 507.745237350464 617.597156524658 612.307815551758 617.6813621521 704.975135803223 479.992164611816 640.612358093262 1059.04995346069 861.645530700684 736.807426452637 775.704109191895 671.704132080078 692.70389175415 703.157180786133 628.509171485901 711.010280609131 582.269071578979 467.448638916016 642.031635642052 625.890312194824 534.305358886719 567.431499481201 640.021018981934 623.7027759552 603.096355438232 505.651172637939 547.585185229778 634.724506378174 596.004900455475 585.102133274078 536.053938865662 619.682624816895 532.387306213379 499.790878295898
-9999 -9999 -9999 1044.35977172852 503.213493347168 481.365905761719 614.058568000793 343.45881652832 592.131778717041 417.450164794922 630.19750213623 682.903304100037 652.329479217529 570.14070892334 823.456031799316 559.156005859375 652.24479675293 685.900955200195 543.185053825378 573.046419143677 487.181526184082 592.302291870117 1052.43357849121 661.386215209961 668.954391479492 678.692359924316 575.85383605957 608.130397200584 439.038414001465 685.740997314453 489.026802062988 619.166305541992 634.572788238525 540.729881286621 489.630577087402 638.491569519043 540.517532348633 593.306638717651 754.996017456055 583.972133636475 584.346549987793 598.083194732666 568.871246337891 474.438087463379 510.05257153511 618.989814758301 483.133964538574 432.685272216797 441.191177368164 424.101196289062
-9999 -9999 654.548038482666 958.821899414062 310.758987426758 429.31075668335 554.851318359375 376.34602355957 745.250106811523 665.865600585938 574.306617736816 431.19416809082 492.307884216309 734.258293151855 648.597343444824 471.197273254395 725.035034179688 667.143032073975 1107.84284973145 705.77352142334 1292.87265777588 602.03392791748 657.961067199707 649.372047424316 639.795074462891 537.863626480103 510.369064331055 557.620283126831 338.300109863281 300.313278198242 453.22144317627 531.193023681641 562.81202507019 670.713043212891 450.159042358398 632.785171508789 600.679000854492 535.73840713501 612.201377868652 588.056900024414 508.760624885559 633.365608215332 575.589385986328 398.825256347656 584.427925109863 688.285751342773 555.880252838135 618.198661804199 557.762581959367 836.573974609375
-9999 -9999 598.791839599609 1188.06201934814 907.392486572266 305.247268676758 340.824066162109 323.357025146484 466.133575439453 649.161312103271 507.119201660156 538.928583145142 768.784536361694 539.044570922852 717.084989547729 587.37255859375 585.067546844482 485.231224060059 842.818335533142 444.583251953125 484.010234832764 730.698196411133 510.74475479126 600.493041992188 459.888350009918 498.218490600586 294.028289794922 519.000003814697 452.896551132202 430.180084228516 386.363212585449 308.948486328125 464.583915233612 595.173751831055 320.496826171875 288.234451293945 379.898239135742 568.068243026733 526.022451877594 507.008228302002 532.528812408447 410.488952636719 506.731149673462 550.856876373291 483.227182388306 659.321533203125 534.85765838623 453.346092224121 404.813323974609 790.52717590332
-9999 725.069496154785 810.697982788086 564.872211456299 567.164852142334 438.282028198242 596.019222259521 641.798011779785 635.264938354492 534.063468933105 535.619178771973 503.716598510742 688.628006458282 709.704895019531 451.561149597168 819.667358398438 651.082618713379 526.242944717407 600.715190887451 624.865715026855 595.404582977295 594.650131225586 596.312683105469 553.064208984375 582.577117919922 531.66735458374 483.057426452637 427.208221435547 479.862432479858 351.808113098145 385.734405517578 560.377414703369 562.752639770508 382.884819030762 353.336486816406 425.763130187988 414.709411621094 465.381566524506 552.530746459961 486.661916732788 551.848239898682 596.560710906982 461.560195922852 525.555919647217 492.736812591553 614.106956481934 502.389272212982 521.328465461731 623.692726135254 476.331413269043
596.616600036621 626.907876968384 614.897295951843 494.025787353516 526.081237792969 464.454612731934 512.02116394043 572.752662658691 537.969955444336 540.352462768555 702.968154907227 847.67896270752 609.977577209473 630.032150268555 711.791305541992 558.165939331055 633.363220214844 555.620269775391 705.889907836914 416.656913757324 523.508317947388 599.805953979492 526.276657104492 507.472537994385 541.063667297363 686.229522705078 523.451107025146 482.142261505127 582.469146728516 486.779067993164 358.476921081543 439.456951141357 308.223449707031 387.822883605957 480.246040344238 574.867515563965 389.429809570312 582.174468994141 456.311395645142 596.038162231445 436.221145629883 477.975193023682 444.422145843506 410.898578643799 510.961521148682 632.937202453613 639.235649108887 638.352691650391 540.520514965057 482.553958892822
593.7917137146 717.078231811523 550.956500411034 422.713577270508 506.428703308105 483.708061218262 739.367053985596 707.054626464844 617.140697479248 510.437652587891 595.489692687988 622.420825958252 529.047241210938 493.151466369629 556.906448364258 421.630302429199 555.904373168945 535.173822402954 474.067226409912 687.871307373047 539.153335571289 627.925262451172 384.29468536377 370.292358398438 432.385833740234 450.735174179077 470.862477555871 487.777745246887 559.045478820801 398.566520690918 427.847748756409 473.4262342453 403.655921936035 408.334899902344 436.385795593262 433.554759979248 404.834922790527 529.239212036133 500.880588531494 474.480363845825 558.356605529785 479.326881408691 486.871987342834 540.473072052002 563.804542541504 452.624729156494 542.77534866333 524.714851379395 584.669136047363 449.088348388672
663.286067962646 604.665939331055 726.046508789062 615.809112548828 441.373458862305 781.467735290527 582.4289894104 400.152233123779 696.400210380554 576.138954162598 602.419101893902 575.804475307465 515.755237579346 503.254455566406 638.127395629883 702.623435974121 585.106704711914 532.716876089573 559.160003662109 472.435680389404 477.869771003723 488.958526611328 475.589424133301 525.845176696777 567.795104980469 330.315406799316 423.92126083374 346.530586242676 510.741710662842 398.145454406738 453.231523990631 477.327129364014 588.865051269531 449.262118339539 465.348188400269 366.833831787109 479.625000953674 487.87543296814 522.31999206543 592.08805847168 455.130256652832 555.338373184204 571.809234619141 568.900245666504 463.460349798203 461.328464508057 352.381950378418 586.162940979004 451.014636993408 556.228981018066
592.122291564941 628.09789276123 494.398127555847 524.193163871765 545.968772888184 482.308372497559 515.445987701416 936.166374206543 566.266010284424 598.842922210693 594.381900787354 500.382371902466 640.160057067871 533.489236831665 532.11530983448 572.833679199219 467.740097045898 543.609077453613 606.459594726562 575.425384521484 612.984252929688 678.587554931641 355.330001831055 401.597427368164 339.763931274414 418.470657348633 398.33903503418 527.968734741211 418.995367050171 555.297180175781 519.349731445312 505.297527313232 590.553512573242 419.940021514893 573.762702941895 533.854484558105 370.945587158203 578.434616088867 413.623477935791 400.63298034668 524.383995056152 455.700523376465 570.099884033203 344.90404510498 509.879909515381 428.911403656006 538.416450500488 520.625305175781 553.702308654785 673.762817382812
802.620101928711 659.792860031128 481.435129165649 302.737838745117 601.123337745667 646.438503265381 528.916481018066 744.993854522705 782.24942779541 810.627367973328 290.681716918945 425.325561523438 381.420822143555 512.11873626709 468.556701660156 592.492000579834 593.382232666016 616.030212402344 738.332733154297 626.183563232422 421.937786102295 408.575489044189 320.934951782227 364.697769165039 435.297939062119 317.34317779541 420.602668762207 505.205867767334 460.718133926392 660.132736206055 468.258277893066 561.655044555664 589.699600219727 545.274238586426 289.708099365234 403.148094177246 466.091474533081 285.527374267578 568.500648498535 341.944274902344 484.685695648193 412.728150367737 606.421447753906 596.686767578125 402.262058258057 466.149173736572 450.010471343994 604.039352416992 542.752300262451 439.503555297852
630.377061575651 537.422653198242 520.036445617676 563.123062133789 734.876770019531 546.645729064941 586.100719451904 636.320152282715 787.661262512207 703.816218137741 368.35636138916 613.580001831055 585.055053710938 627.444496154785 509.601976394653 697.42790222168 595.895111083984 640.892684936523 524.415489196777 582.604049682617 654.003707885742 537.910606384277 384.53742980957 375.080924987793 430.805935621262 384.145179748535 310.117469787598 439.326589584351 491.942035675049 423.76319694519 524.613616943359 597.24365234375 341.830421447754 423.880811691284 518.946922302246 416.415422439575 319.863471984863 353.086303710938 446.56800365448 448.346362352371 382.496215820312 471.695211410522 436.145659446716 524.899070739746 444.627601623535 333.071365356445 533.785903930664 502.807804107666 422.707424163818 586.701599121094
666.339771270752 596.807487487793 448.78532409668 677.799026489258 500.051944732666 528.503440856934 593.737213134766 1140.24810791016 944.340225219727 1169.31009864807 303.306182861328 448.508224487305 429.496910095215 524.361814081669 549.013248443604 367.126541137695 464.61794090271 488.888082504272 505.676322937012 347.829948425293 536.693199157715 525.514205932617 388.957649230957 313.384803771973 416.781483411789 448.852582931519 475.938514709473 405.788228750229 587.011734008789 419.473363876343 679.711883544922 674.942077636719 496.065589904785 574.042892456055 472.589588165283 488.525939941406 432.718255996704 375.213981628418 511.269508361816 478.191291809082 435.129110336304 483.6731300354 292.966018676758 448.132318496704 459.776552200317 534.97282409668 431.775123596191 416.729789733887 522.831653594971 478.234668731689
479.605890035629 505.602947235107 593.757801055908 706.880432128906 371.264846801758 386.185401916504 404.487731933594 844.681304931641 578.51664352417 758.729663848877 553.078371047974 490.515892028809 503.833881139755 467.116857528687 439.348709106445 441.31974029541 404.180644989014 284.565856933594 391.741359710693 408.735908508301 588.824722290039 431.510208129883 345.602165222168 464.079330444336 500.345806121826 404.154001712799 427.84114074707 353.22021484375 417.880238361657 339.467582702637 622.403472900391 452.211826324463 486.205490112305 375.133354187012 433.644772052765 412.001177310944 384.301239013672 277.092025756836 288.105346679688 563.51602935791 391.351821899414 529.384784221649 463.792600631714 584.673522949219 503.707225799561 419.086791992188 468.411504268646 464.602874755859 458.204385042191 414.492036819458
720.598327636719 708.79817199707 634.829650878906 524.110885620117 650.00122833252 440.156400680542 528.530166625977 568.941505432129 462.556182861328 753.249534606934 504.672931671143 527.093065261841 541.891280651093 490.849393844604 521.576091766357 437.243919372559 400.073623657227 424.791595458984 445.501424789429 467.227630615234 549.340950012207 430.845757484436 333.290687561035 461.316375732422 496.142116546631 340.788429260254 511.768089294434 462.86926651001 375.787994384766 468.808704376221 393.744121551514 414.541172981262 390.776996612549 420.429734230042 472.573398590088 317.511344909668 387.103950500488 365.788520812988 338.918350219727 394.514644622803 438.245569229126 495.824279785156 465.29026722908 550.93692779541 440.830694198608 409.949138641357 417.727432250977 243.5009765625 464.7034740448 228.314361572266
387.698516845703 669.844226837158 645.733162403107 686.456802368164 630.530227661133 451.939121246338 458.453218460083 715.585578918457 733.769527435303 1125.14098358154 599.097751617432 589.117861270905 712.699020385742 596.81632232666 424.95597076416 486.697971820831 453.560242652893 518.481643676758 456.061329841614 501.737098693848 414.76704788208 431.295044034719 399.101367950439 548.051475524902 437.194125294685 573.702087402344 188.680633544922 393.021057128906 364.686790466309 455.18729019165 594.149993896484 441.484977722168 444.850924491882 331.008125305176 601.111038208008 247.571090698242 324.565208435059 520.468887329102 415.538516998291 438.719736099243 362.315246582031 507.577978134155 474.097396850586 394.163604736328 409.685272216797 417.851594924927 454.667860031128 508.389465332031 418.771812438965 383.667350769043
867.226348876953 1010.18105316162 859.110404968262 687.864227294922 588.58716583252 489.778137683868 672.821434020996 581.803495883942 595.428166389465 515.32924079895 590.645287513733 547.558423995972 559.744710922241 554.071706771851 637.546401977539 470.63671875 547.525413513184 463.271905660629 484.181438446045 431.509456634521 541.473510742188 465.896509170532 566.100677490234 492.365081787109 265.785675048828 309.34937286377 377.664390563965 417.122654914856 311.733703613281 440.915128707886 532.577011108398 492.100959777832 486.757972717285 379.394500732422 428.587831497192 314.396476745605 317.799468994141 373.455997467041 460.415391921997 310.896041870117 459.998979568481 480.983329772949 279.923049926758 488.296394348145 381.870948791504 420.313549041748 475.177562713623 368.920890808105 512.38256072998 369.987804412842
679.885848999023 954.201549530029 773.456867218018 804.172779083252 437.792266845703 434.916870117188 479.429765701294 356.548889160156 414.511322021484 369.526092529297 630.520958423615 517.403292655945 451.924987792969 380.797149658203 526.130949020386 570.67456817627 511.203315734863 446.624685764313 430.629868745804 557.498123168945 382.668537139893 511.987319946289 539.760246276855 462.483108520508 527.703010559082 562.009643554688 592.353225708008 412.871731758118 379.082580566406 549.681777954102 552.317596435547 591.256744384766 501.259174346924 462.670364379883 547.093299865723 392.759880065918 584.69189453125 533.82593536377 477.55583190918 436.134309768677 433.617813766003 464.245216369629 490.50463104248 360.001842498779 444.933139801025 421.517217636108 553.35977935791 561.332969665527 556.243675231934 419.723831176758
