export/dem/dem6.asc
NCOLS 350
NROWS 171
XLLCORNER 152620
YLLCORNER 418050
CELLSIZE 100
NODATA_VALUE -9999
[rows 66 to 87 of 171, columns 200 to 249 of 350]
572.215942382812 579.140949249268 628.23858833313 694.158494949341 786.469955444336 667.665601730347 591.620979309082 639.876111984253 667.397744178772 724.801963806152 565.032833099365 639.688606262207 577.303913116455 634.47299861908 706.987747192383 525.153785705566 592.863868713379 600.318740844727 611.204914093018 700.812191009521 671.30019569397 613.120704650879 698.693206787109 731.255889892578 624.892528533936 659.107448577881 623.893127441406 606.038908958435 691.510509490967 487.490100860596 477.272445678711 776.830051422119 546.832618713379 649.792476654053 608.239408493042 490.575721740723 628.160377502441 592.676448822021 642.514451980591 614.512202262878 663.904949188232 672.857231140137 710.425453186035 686.468437194824 533.641021728516 772.470771789551 621.552358627319 645.735652923584 714.924724578857 721.741744995117
580.111022949219 533.872779846191 572.488273620605 710.287223815918 636.674865245819 831.773712158203 658.387371063232 606.803798675537 683.150079727173 527.916542053223 711.505142211914 674.369411468506 739.740127563477 559.916145324707 624.311485290527 616.37439250946 601.5439453125 639.097906112671 597.349349975586 935.15217590332 608.022846221924 519.988136291504 610.827415704727 502.233985900879 706.07559967041 762.539512634277 491.641647338867 561.074691772461 706.608436584473 624.27285861969 633.234424591064 675.863609313965 533.296806335449 800.468627929688 783.349170684814 631.297622680664 649.775005340576 616.116952896118 725.996421813965 486.549224853516 506.377593994141 738.244132995605 534.587646484375 693.246574401855 623.105522155762 603.595359802246 666.820559501648 696.548561096191 817.31413269043 638.903021812439
546.573539733887 707.071491241455 588.846824645996 479.072265625 552.68180847168 682.676651000977 618.196443557739 579.374771118164 736.646034240723 760.89567565918 766.595497131348 609.479099273682 596.928321838379 476.188247680664 504.625381469727 580.177875518799 617.737293243408 534.193145751953 609.019588470459 659.558797836304 550.246841430664 566.612854003906 500.66088104248 602.397720336914 671.590656280518 648.723762512207 656.260173797607 694.639297485352 787.989303588867 737.461090087891 742.747283935547 877.876640319824 614.695140838623 520.00471496582 611.386014938354 672.962259292603 618.785903930664 690.281524658203 674.529907226562 559.061897277832 671.925884246826 664.820026397705 499.907791137695 593.097574234009 509.042304992676 513.867477416992 821.587249755859 668.695907592773 696.145866394043 700.591896057129
586.47972869873 662.294486999512 546.537307739258 435.706787109375 603.65270614624 548.027847290039 608.994848251343 683.498870849609 666.359615325928 563.749855041504 663.466013669968 625.782230377197 644.529607772827 688.728989601135 620.45516204834 467.370864868164 681.742378234863 666.733367919922 609.175853729248 604.676628112793 607.7126121521 540.575370788574 674.115428924561 587.373414993286 440.225006103516 640.402490615845 642.053813934326 667.777190804482 466.211212158203 587.211208343506 518.410758972168 701.340335845947 574.986936569214 690.749988555908 736.048654556274 600.921127319336 577.482837677002 558.817947387695 578.90510559082 581.809143066406 544.926177978516 487.129592895508 573.764572143555 576.435821533203 584.039735794067 601.437355041504 645.241167068481 689.887790679932 619.334146499634 536.388305664062
620.134233474731 632.501148223877 553.290023803711 735.057304382324 535.535064697266 549.02424621582 594.224380493164 689.422927856445 796.327117919922 737.046989440918 558.266227722168 635.753177642822 617.980480194092 559.967964172363 557.889904022217 565.350570678711 519.271339416504 559.894945144653 701.11722946167 621.339027404785 760.96768951416 748.583665847778 716.121223449707 561.510284423828 592.564266204834 572.13072013855 590.576196670532 571.313209533691 607.43782043457 659.841209411621 587.171606063843 656.389236450195 739.709197998047 619.102677345276 598.951843261719 712.507949829102 615.061861991882 600.908653259277 618.395303726196 638.509346008301 641.216697692871 655.626472473145 586.092781066895 535.932830810547 542.254875183105 594.450323104858 574.92671585083 702.745212554932 705.027206420898 500.780685424805
559.004127502441 705.208808898926 570.702125549316 625.003670215607 651.877937316895 432.748199462891 716.59935760498 681.412521362305 653.756750106812 618.257331848145 479.430221557617 666.219594955444 549.153465270996 586.781597137451 779.775894165039 521.467590332031 594.945989608765 671.348982334137 712.743770599365 643.929534912109 816.874839782715 773.629287719727 654.616344451904 660.65926361084 684.435356140137 560.496770858765 535.104808807373 511.085105895996 466.611846923828 551.139183044434 538.747535705566 634.603982925415 649.7548828125 634.221485137939 513.278900146484 563.267379760742 682.200927734375 505.642730712891 614.519554138184 704.234558105469 688.365142822266 725.233024597168 762.631088256836 581.987468719482 487.863571166992 684.63695526123 668.648475646973 617.892456054688 684.458236694336 605.435218811035
420.354370117188 510.032196044922 522.574974060059 626.630958557129 575.510971069336 592.459163665771 638.203443527222 566.966033935547 628.535053253174 526.845565795898 535.638969421387 632.705570220947 635.309242248535 518.925552368164 512.997177124023 678.154415130615 803.211990356445 880.719604492188 970.18310546875 815.112117767334 848.678939819336 715.705387115479 602.985870361328 632.332494974136 723.074501037598 559.920375823975 498.325538635254 519.290210723877 575.958438873291 613.04482460022 535.543762207031 643.559789657593 695.221748352051 528.154754638672 575.712993621826 616.396736621857 542.689235687256 524.360610961914 546.116764068604 536.177719116211 678.518478393555 755.367820739746 602.761144638062 762.597236633301 531.937492370605 606.414076805115 663.683582305908 543.474166870117 658.487342834473 708.783538818359
578.833362579346 620.053624153137 500.11385345459 568.213085174561 592.601469039917 532.431137084961 547.762191772461 551.131866455078 622.98526763916 676.850817680359 357.707092285156 463.118667602539 473.972839355469 589.042335510254 669.243515014648 561.034229278564 662.194511413574 748.943664550781 795.05736541748 962.644187927246 739.413352966309 673.731132507324 559.31420135498 534.794006347656 563.478004455566 666.965618133545 494.14729309082 526.277992248535 639.829761505127 602.628940582275 620.682733058929 726.032852172852 841.359205245972 486.558456420898 543.668973922729 641.251930236816 537.839553833008 515.553375244141 595.338542938232 486.108963012695 574.847476959229 671.542919158936 521.390350341797 600.304767608643 621.216453552246 761.424255371094 534.137817382812 623.891369819641 654.754755735397 584.978851318359
680.028564453125 625.027044134215 590.4045753479 722.377456665039 598.352828979492 542.716911315918 562.680946350098 600.742935180664 710.754789829254 611.486991882324 469.004364013672 543.388168334961 568.667778015137 718.978935241699 599.572902679443 682.237277984619 761.247314453125 793.20516204834 807.569648742676 797.097532272339 795.205421447754 653.289443969727 1012.16744995117 810.662379264832 576.924278259277 764.32043838501 672.326202392578 549.722278594971 684.509189605713 623.879650115967 630.671511650085 887.550033569336 505.567184448242 466.83528137207 577.60164642334 597.749187469482 497.053344726562 710.967628479004 566.922145843506 562.563751220703 670.67516708374 615.499599456787 540.971832275391 805.789016723633 432.296646118164 628.207745552063 654.344913691282 698.527694702148 678.931411743164 675.739311218262
526.169990539551 550.612869262695 635.377292633057 553.995384216309 696.721229553223 600.884048461914 592.030776977539 716.332681655884 582.091484069824 731.249870300293 602.405605316162 553.276550292969 670.134913444519 874.808776855469 606.749286651611 674.766654968262 617.387807846069 775.221527099609 757.935592651367 893.298233032227 717.523040771484 803.767217636108 783.076385498047 557.603469848633 750.391742706299 824.681072235107 1109.87551116943 787.868663787842 672.266979217529 695.733100891113 456.877670288086 693.271217346191 411.550872802734 432.906143188477 638.878723144531 613.937601089478 588.844451904297 670.653770446777 686.378887176514 659.19128036499 605.315006256104 631.233171463013 476.85986328125 633.033885002136 631.713708996773 725.03987121582 470.837295532227 598.854242324829 591.926385879517 639.265211105347
596.938925743103 719.013397216797 711.056831359863 696.628112792969 614.98611330986 726.574813842773 643.255670070648 615.062816619873 626.911094665527 674.085311889648 563.850486755371 571.671264648438 654.261737823486 548.70393371582 723.078205108643 592.292095184326 534.168800354004 691.25363445282 704.364696502686 668.508198738098 790.100662231445 627.050956726074 803.203018188477 567.328628540039 787.920076370239 763.997674942017 838.744911193848 874.158081054688 884.137306213379 600.636039733887 1187.88984298706 584.024463653564 487.423812866211 565.511535644531 550.061851501465 721.82763671875 587.091445922852 650.160081863403 559.538047790527 654.251996040344 456.337310791016 642.656602621078 586.201107025146 637.491174697876 613.06959438324 581.989833831787 624.354062080383 543.445159912109 666.371608734131 628.953765869141
487.901702880859 683.56046295166 781.05534362793 651.004413604736 618.591022491455 587.036069869995 611.60991859436 769.996376037598 698.043632507324 683.89200592041 541.194137573242 564.068519592285 624.360774993896 544.333724975586 609.650661468506 625.375573158264 659.298732757568 616.11043548584 908.714874267578 897.166290283203 656.294151306152 736.489143371582 622.20433807373 764.524356842041 761.900173187256 796.24072265625 801.410446166992 983.298309326172 1212.6453704834 968.400985717773 840.172981262207 864.181213378906 651.695121765137 682.555938720703 551.031684875488 655.388876914978 608.940181732178 635.425071716309 665.239446640015 643.402902603149 673.384115219116 427.558715820312 531.810554504395 585.891288757324 640.851299285889 661.577747344971 611.048887133598 519.947593688965 558.603591918945 641.712117195129
653.121738433838 670.819931030273 520.149879455566 647.37996673584 607.269807994366 637.742122650146 723.708343505859 625.238179683685 637.578586578369 768.839767456055 671.855592727661 636.339551925659 619.965097427368 581.206630706787 618.15198135376 554.147331237793 666.406982421875 660.918087005615 601.277984619141 888.23616027832 819.771484375 971.642087936401 761.706791877747 669.630908966064 685.344570159912 545.538162231445 765.759248733521 1018.55200195312 1209.19324111938 1351.24545288086 779.224849700928 615.681587219238 718.527290344238 743.720375061035 648.75625038147 647.190001487732 630.365201950073 635.659379959106 654.997739911079 636.283349990845 632.262550354004 619.013889312744 571.739143371582 523.107406616211 589.480094909668 509.449981689453 617.468660354614 663.314426422119 677.270973205566 722.221912384033
586.476560592651 635.634765625 536.956535339355 646.604000091553 686.978416442871 719.596740722656 517.854988098145 704.953918457031 748.10961151123 711.008377075195 608.97053527832 726.641716003418 679.908954620361 650.49600315094 485.120910644531 663.179985046387 497.336456298828 428.639312744141 570.823844909668 765.764921188354 753.110961914062 798.448301315308 726.823883056641 889.982051849365 653.174743652344 833.814880371094 813.46240234375 669.394912719727 1219.70491027832 1114.9442024231 1253.00682067871 1026.90156555176 820.323993682861 855.499862670898 656.074744224548 742.454681396484 654.996802330017 675.0514087677 449.650100708008 653.252105712891 548.726043701172 554.667778015137 440.888229370117 557.516288757324 653.640747070312 474.517303466797 410.778915405273 581.595649719238 508.071990966797 602.564043045044
620.9592628479 588.200122833252 587.556789398193 561.692268371582 722.520866394043 586.341499328613 688.946548461914 726.67333984375 620.3388671875 670.570878982544 598.848846435547 547.462142944336 506.280281066895 605.519760131836 626.083137512207 719.892286300659 688.293025970459 610.604637145996 704.938161849976 761.862129211426 564.997219085693 515.899543762207 509.508392333984 745.236480712891 619.09045791626 670.291519165039 628.830703735352 731.850921630859 842.132659912109 904.595100402832 967.194629669189 1205.30817604065 1135.28253936768 931.623240470886 1098.09046554565 781.103430747986 808.317001342773 704.104663848877 668.991548538208 565.376373291016 517.8603515625 444.411972045898 561.512672424316 522.918998718262 545.652404785156 589.777267456055 576.437244415283 560.994491577148 728.892951965332 528.719879150391
586.733448028564 595.20267868042 639.104612350464 579.516273498535 689.927581787109 728.729278564453 576.837379455566 653.794544219971 643.757572174072 654.981416702271 592.176345825195 636.389251708984 580.387477874756 651.825356483459 651.444412887096 662.487922668457 707.83277130127 714.520004272461 569.610366821289 526.134986877441 626.059285689145 756.304901123047 510.361953735352 535.048187255859 640.783166885376 592.182998657227 718.885879516602 664.985252380371 733.29638671875 705.351127624512 697.703612804413 910.186985015869 967.70588684082 1179.17118835449 988.254330635071 998.568172454834 869.07536315918 858.16764831543 621.271514892578 588.562080383301 776.403816223145 545.599670410156 644.93186378479 716.576118469238 779.96208190918 641.396415710449 531.435005187988 454.579315185547 575.300067901611 510.0830078125
561.243011474609 563.591827392578 618.067399978638 610.43497467041 595.839385986328 806.393249511719 739.167770385742 402.701675415039 609.803861618042 587.577209472656 736.454803466797 647.16478729248 699.548122406006 653.58572435379 666.638112068176 539.231781005859 662.684469223022 596.166320800781 633.581666469574 616.622915267944 598.153907775879 652.093622207642 831.376495361328 464.398193359375 652.567679643631 575.90559387207 534.013565063477 690.482511520386 628.545654296875 658.277536392212 810.689578056335 659.598930358887 862.909488677979 1328.26892089844 990.437320709229 1298.44770383835 824.317764282227 718.389896392822 627.484077453613 735.550634384155 662.235527038574 611.521224975586 652.272167205811 652.933733940125 507.775299072266 644.183029174805 688.835540771484 481.162033081055 581.133846282959 735.400230407715
543.240913391113 524.858695983887 524.223724365234 565.592651367188 718.594139099121 699.932556152344 699.723915100098 527.20336151123 635.494884490967 480.80290222168 634.56999206543 640.60977935791 756.831588745117 601.253562927246 548.792938232422 491.373733520508 646.420461654663 775.752166748047 657.242190361023 637.830229282379 637.721179962158 468.884994506836 628.801738739014 647.604990005493 586.968933105469 703.504888534546 529.768852233887 648.861249446869 580.903678894043 767.692005157471 568.233093261719 538.207885742188 1013.40113067627 1183.06996917725 1094.181640625 1001.81981420517 1087.73863983154 941.654899597168 675.808212280273 526.998989105225 672.264401435852 687.45960855484 757.298957824707 810.318435668945 805.626770019531 765.564140319824 747.893630981445 626.413750886917 641.295713365078 668.89520072937
714.162334442139 635.030897140503 674.687317848206 523.627311706543 587.048784255981 534.631675720215 555.410358428955 563.00870513916 589.857715606689 597.47146987915 662.232115030289 526.982223510742 627.244650840759 719.654640197754 630.155107498169 596.64684677124 807.462142944336 716.843795776367 558.199607849121 683.30744934082 652.907194137573 535.576240539551 652.553189277649 488.624588012695 646.09521484375 757.273406982422 725.517211914062 504.609313964844 607.640266418457 613.659202575684 683.155191421509 760.102241516113 875.079959869385 840.648193359375 1059.66318511963 1049.19960784912 841.546869277954 967.479675292969 716.265428781509 679.791486740112 747.48975944519 716.213275909424 823.998140335083 687.538841247559 771.586669921875 965.97407913208 1204.58614349365 934.200248718262 590.278930664062 659.161268234253
607.940948486328 704.418144226074 664.572487354279 627.562042236328 531.447166442871 487.425971984863 520.065841674805 504.261573791504 755.659530639648 568.689186096191 676.318753242493 668.880208969116 632.698663711548 674.106075286865 732.999450683594 652.804279327393 554.583518981934 627.665354728699 677.142799377441 693.247722625732 721.666954040527 638.266086757183 723.11775970459 689.217334747314 706.120571136475 832.369232177734 755.008106231689 616.275135040283 612.997583389282 711.289970397949 868.88410949707 643.505233764648 798.964515686035 819.930152893066 778.863832473755 723.413150787354 684.082238197327 901.419219970703 634.73844909668 742.493748664856 722.701847076416 599.798538208008 622.527200698853 669.682235717773 850.274932861328 746.528648376465 1012.24808502197 967.920532226562 1114.14464950562 677.664403915405
705.199872970581 745.59635925293 613.031070709229 675.252422332764 496.696510314941 554.260437011719 641.996072769165 646.98589515686 609.961153507233 616.698948860168 503.509613037109 547.273162841797 611.995674133301 600.952705383301 748.976188659668 694.447507858276 752.011871337891 518.623489379883 791.705169677734 756.763740539551 772.529403686523 693.920169830322 659.80153465271 684.578475952148 699.775585174561 652.338906764984 480.861694335938 735.220886230469 594.452503204346 736.359642028809 535.571174621582 693.574726104736 729.594282150269 648.259075880051 688.748820304871 732.987764358521 614.44214630127 731.16691493988 633.219680786133 919.526245117188 855.997127532959 642.329872131348 589.429878234863 762.307594299316 757.20565032959 804.323707580566 1048.16139221191 1021.15341949463 1194.26403808594 641.656383514404
669.634153366089 570.884857177734 753.559173583984 799.488098144531 697.265068054199 493.755226135254 539.221389770508 594.764282226562 604.526411056519 639.205667495728 538.877296447754 575.666999816895 651.182412147522 595.588638305664 603.759868621826 583.781814575195 754.853374481201 697.8381690979 612.125732421875 820.624298095703 710.334434509277 595.874137878418 577.103584289551 699.187271118164 721.974349975586 657.5705909729 670.70915222168 767.084785461426 1022.76858520508 593.276649475098 621.601177215576 771.464538574219 690.446216583252 716.239936828613 700.108251571655 716.805477142334 666.49377822876 669.254730224609 704.29660320282 703.079803943634 648.277019500732 772.384243011475 888.792404174805 764.006928920746 710.929252624512 909.440906524658 1002.30782318115 1011.4600982666 1140.92337036133 980.964649200439
