export/dem/dem68.asc
NCOLS 350
NROWS 171
XLLCORNER 152620
YLLCORNER 418050
CELLSIZE 100
NODATA_VALUE -9999
[rows 88 to 109 of 171, columns 200 to 249 of 350]
748.714099884033 671.128368377686 649.958545684814 556.817481994629 739.14363861084 733.325500488281 588.139179229736 680.067512512207 648.958164215088 556.115989685059 582.690961837769 706.37230682373 738.73713684082 601.318809509277 827.440475463867 746.867080688477 666.981210708618 749.052043914795 745.735214233398 703.584190368652 579.270629882812 603.48807144165 653.639754295349 551.024688720703 552.1015625 504.113037109375 703.77685546875 753.54956817627 798.092849731445 702.756971359253 634.550859451294 636.819090843201 792.610321044922 610.766223907471 696.730590820312 626.521320819855 652.55869102478 716.51692199707 741.259269714355 669.008991241455 805.354484558105 720.109832763672 1053.01745605469 861.512569904327 813.287139892578 791.663887023926 852.070053100586 1030.47493743896 885.175888061523 943.781784057617
674.553522109985 630.322158813477 626.442737579346 657.102792739868 673.531891822815 701.39379119873 674.552484512329 849.263793945312 653.704113006592 690.594017028809 514.338371276855 626.438442230225 651.284870147705 591.172779083252 633.407652854919 624.041887283325 719.995811462402 684.636720657349 602.987854003906 641.583122253418 620.942523956299 623.216133117676 707.270618438721 775.266952514648 721.902137756348 800.257133483887 903.11213684082 607.226928710938 571.390922546387 654.284947276115 553.957260131836 717.915916442871 716.69319152832 564.504524230957 632.744250297546 789.332824707031 726.931579589844 659.590564727783 736.315540313721 584.703567504883 591.402954101562 870.677551269531 788.727603912354 950.463760375977 883.157600402832 733.57740020752 743.047468185425 1009.95753479004 993.151947021484 779.424390792847
542.786888122559 1149.57213592529 614.630561828613 704.661994934082 800.343841552734 732.280120849609 682.187614440918 628.577516555786 597.32816696167 603.377075195312 568.698356628418 769.874641418457 505.776184082031 507.767852783203 639.432346343994 664.74751663208 885.433929443359 668.748443603516 781.00479888916 449.434204101562 520.528198242188 640.00150680542 630.016820907593 500.219146728516 618.122932434082 622.541259765625 693.405931472778 639.943729400635 683.32740020752 711.645095825195 539.330062866211 532.802398681641 750.506607055664 628.841415405273 537.54029083252 624.261911392212 803.109039306641 464.837814331055 870.099578857422 706.821056365967 832.989143371582 735.94010925293 675.912200927734 885.191158294678 644.723930358887 730.122230529785 683.459280014038 1038.9942779541 956.381767272949 880.518035888672
602.578239440918 429.366989135742 679.121747970581 649.072811126709 723.483455657959 842.940551757812 553.800239562988 607.947944641113 531.705528259277 580.649810791016 611.23511505127 500.413604736328 571.201396942139 472.657272338867 601.725732803345 796.866897583008 664.623573303223 528.654937744141 658.844488143921 672.825126647949 548.401756286621 843.13655090332 658.412805557251 672.722087860107 726.472755432129 683.135892868042 710.692188262939 795.186874389648 776.117034912109 601.187454223633 567.992805480957 614.402786254883 653.196109771729 647.263520240784 662.01504611969 813.076278686523 834.520935058594 638.782437324524 750.406143188477 756.644985198975 653.47339630127 807.255645751953 754.294502258301 743.82585144043 668.922142028809 678.510623931885 676.033719062805 727.604692459106 1012.22312927246 998.331771850586
785.040664672852 816.46728515625 602.55814743042 522.547149658203 701.469898223877 729.253051757812 704.267448425293 717.343757629395 759.311828613281 639.997106790543 512.886169433594 604.458869934082 757.343368530273 500.142456054688 628.808717727661 632.625141859055 644.81715297699 697.692047119141 557.484527587891 569.899620056152 558.087127685547 565.279624938965 681.524906158447 812.728294372559 534.629165649414 656.724910736084 642.763038635254 662.887088775635 654.982131004333 602.597915649414 556.00163269043 581.533767700195 545.932991027832 561.541061401367 665.753039002419 718.5387840271 735.169975280762 770.10018157959 474.085266113281 530.642585754395 604.475315093994 708.125894546509 574.915435791016 675.325611114502 608.112110137939 671.612840652466 560.356010437012 702.80150604248 858.955516815186 898.255428314209
572.74010848999 673.608160018921 593.965850830078 717.993690490723 581.706954956055 1023.02771949768 655.256219863892 535.489952087402 649.961212813854 720.849346160889 766.812377929688 645.092507362366 612.717919588089 622.768775343895 669.515232086182 594.453498840332 581.080993652344 675.721218109131 731.322914123535 593.900825500488 639.149271726608 527.69295501709 720.454833507538 619.991020202637 699.366987228394 664.353002548218 741.749497413635 632.303337097168 471.016006469727 534.626319885254 643.41881942749 627.234756469727 650.961418151855 751.280006408691 812.614860534668 848.676063537598 764.121746063232 754.827907562256 701.153438568115 873.455902099609 630.581554412842 535.649169921875 498.733390808105 703.108280181885 753.120269775391 629.577487945557 612.378921508789 746.406482696533 826.012928009033 724.323432922363
558.991004943848 664.160636901855 846.829536437988 674.309223175049 705.349197387695 707.464678764343 1108.38104248047 700.547149658203 666.052010536194 665.712631225586 502.296852111816 681.899425506592 632.402921676636 639.307796478271 769.560073852539 588.167621612549 575.831447601318 707.755256652832 580.846977233887 593.59056854248 590.754440307617 503.881774902344 616.031871795654 700.005355834961 705.98578453064 625.991088867188 564.333129882812 686.999117851257 610.537570953369 533.271575927734 612.089660644531 674.921169281006 610.150634765625 695.79470539093 751.368332147598 931.551193237305 773.25757598877 821.006652832031 756.521984100342 741.819892883301 521.882568359375 645.928913116455 609.084011077881 795.573944091797 831.973281860352 671.247123718262 608.992626190186 599.383308410645 616.557083129883 696.133354187012
572.50853729248 582.183692932129 615.18872833252 527.685455322266 695.163196563721 563.030395507812 652.123617172241 644.23286819458 760.754409790039 582.262050628662 722.890953063965 668.345821380615 622.791223526001 615.870722770691 741.675392150879 601.290756225586 643.442417144775 553.727554321289 351.122497558594 518.818344116211 636.963104248047 478.192199707031 588.97127532959 564.230899810791 766.292022705078 601.102760314941 614.762535095215 610.899513244629 651.752025604248 668.888434171677 651.056344985962 751.357135772705 635.834289550781 720.458183288574 677.34538269043 800.068256616592 867.110702514648 798.871284484863 764.598030090332 719.861827850342 758.969619750977 851.502288818359 776.22163772583 662.858085632324 818.326598167419 645.093795776367 551.454452514648 508.991195678711 620.747085571289 583.372749328613
772.556930541992 421.690185546875 711.539962768555 702.881317138672 713.806468963623 458.803665161133 643.91833114624 729.078754425049 736.875671386719 590.656089782715 518.59156036377 685.606193065643 744.031044006348 644.509660243988 694.58228302002 685.307476043701 527.83423614502 817.479888916016 640.919862747192 512.532638549805 506.32209777832 669.553185284138 884.931655883789 810.392486572266 688.920858383179 411.272735595703 607.505584716797 679.625448465347 786.432739257812 752.894645690918 624.02795791626 786.164512634277 700.039638519287 754.159797668457 660.95373916626 924.651138305664 849.172008514404 630.695640563965 644.125991821289 669.010066986084 733.497464179993 691.71081161499 764.870349884033 690.768979072571 684.842239379883 797.374029159546 557.361770629883 579.31657409668 620.353523254395 620.036674499512
490.565048217773 618.515712738037 856.925674438477 652.626808166504 618.253082275391 636.486228942871 672.287748336792 907.14900970459 757.550933837891 798.504112243652 510.891830444336 723.233413696289 534.862342834473 731.18953704834 591.951431274414 694.865371704102 632.56049489975 661.495704650879 751.12801361084 647.578266143799 559.565254211426 561.303497314453 632.096128463745 821.594024658203 737.790191650391 820.519515991211 638.920024871826 502.631675720215 692.774559020996 635.540845692158 555.751693725586 763.959373474121 479.013946533203 599.025520324707 447.917343139648 696.812116861343 678.595878601074 600.100578308105 551.948715209961 773.838531494141 558.603637695312 678.046443939209 705.015851020813 683.843091964722 728.07243347168 739.941011428833 756.934039592743 501.73991394043 819.084045410156 627.144371032715
636.085174560547 475.781402587891 684.35583114624 696.586818695068 717.705652236938 707.021766662598 476.316223144531 748.473770141602 695.228858947754 661.713229179382 632.790103912354 621.229024887085 602.726978302002 669.891766548157 618.296915054321 688.739082336426 578.572067260742 694.811382293701 718.52604675293 608.823360443115 580.674087524414 627.895921707153 761.94571685791 664.915438652039 688.342963218689 757.946917295456 642.929244995117 698.585473060608 609.170837402344 701.07483959198 656.163757324219 734.465572357178 706.952262878418 722.621711730957 550.841407775879 528.735626220703 569.059379577637 564.181373596191 672.666462898254 908.353439331055 745.302200317383 670.025825500488 686.415500402451 740.495506286621 626.588973999023 565.75390625 653.791275024414 700.90934753418 719.925701141357 725.970352172852
543.528045654297 579.84183883667 853.282455444336 683.113357543945 709.076511383057 901.628471374512 842.270774841309 852.357528686523 802.962445259094 707.441551208496 560.773483276367 642.952840805054 570.353855133057 559.692268371582 591.580894470215 696.742870330811 683.548500061035 716.870468139648 694.40896987915 616.477350234985 702.455169677734 624.456167221069 579.137573242188 622.240674972534 483.724533081055 571.056762695312 897.589286804199 813.928405761719 564.009185791016 668.997915267944 717.426605224609 698.231743335724 720.005252838135 592.369426727295 514.0771484375 484.515853881836 478.669006347656 521.827850341797 624.336166381836 670.315092086792 599.500709533691 577.537384033203 549.058364868164 607.064346313477 648.484619140625 507.399612426758 761.113338470459 817.032135009766 866.124099731445 867.684051513672
713.859878540039 662.004257202148 705.13663482666 785.947742462158 681.192817687988 810.821556091309 707.400485992432 824.984527587891 763.289331436157 699.341863870621 589.060508728027 574.433242797852 711.405185699463 766.568504333496 773.246364593506 770.344242095947 596.835739135742 764.172096252441 714.047157287598 661.857054710388 654.330877780914 723.172424316406 545.563137054443 917.157170772552 612.556015014648 629.228023529053 911.78931427002 636.134521484375 1138.80554962158 1373.91669845581 1407.28016662598 526.231964111328 639.513683319092 554.597839355469 661.612335205078 637.609573364258 889.471496582031 506.890151977539 686.648198127747 734.152084350586 523.053268432617 629.183959960938 621.669677734375 704.641581058502 863.387264251709 780.70539855957 999.33472442627 819.984729766846 953.894857406616 682.805152893066
706.260154724121 524.360580444336 445.193374633789 698.393070220947 850.270805358887 821.697685241699 741.761207580566 935.904846191406 786.114963531494 1072.10243988037 698.227905273438 532.341690063477 528.636291503906 680.51638174057 729.003493309021 714.398620605469 589.762077331543 645.539240837097 713.991096496582 677.845512390137 784.080528259277 607.761379241943 550.899909973145 683.546089172363 553.808780670166 817.609958648682 528.821746826172 704.462103843689 610.187232971191 667.304565429688 501.104095458984 615.5185546875 614.243072509766 1174.23635864258 840.41845703125 858.988975524902 1026.64030456543 851.350067138672 514.495468139648 594.931823730469 756.267776489258 527.665924072266 694.983940124512 488.246398925781 582.711975097656 652.115036010742 790.046195983887 987.413833618164 1285.79344177246 817.107009887695
764.236022949219 558.683410644531 469.86735534668 664.338842391968 803.036685943604 791.701187133789 814.62088394165 898.127914428711 824.472351074219 774.834940433502 994.38117980957 529.069747924805 729.720958709717 610.507102966309 678.564275741577 766.001121520996 685.987192153931 712.928791046143 736.714179992676 645.151017665863 759.911743164062 717.161201477051 631.800987243652 628.719795227051 635.063285827637 582.708282470703 619.118492126465 333.5654296875 449.474334716797 527.167694091797 552.712326049805 486.092803955078 569.615196228027 586.738410949707 661.728248596191 560.587768554688 553.06755065918 910.401580810547 417.511077880859 577.266181945801 602.848587036133 432.509918212891 978.325119018555 546.617141723633 993.096374511719 681.171752929688 651.632995605469 858.239765167236 805.984619140625 672.369415283203
436.934753417969 790.622295379639 688.609649658203 669.72039604187 783.116409301758 764.89749622345 776.947582244873 935.288009643555 796.817085266113 877.001239776611 744.053623199463 887.947551727295 579.801559448242 654.78667640686 598.344799041748 722.512668609619 767.228645324707 640.455310821533 744.228527069092 604.979434967041 863.691452026367 569.097427368164 504.810691833496 532.914176940918 811.624437332153 560.16682434082 633.459163665771 601.827838897705 548.513824462891 502.25129699707 554.336479187012 594.735145568848 478.968017578125 513.507171630859 641.659255981445 518.851470947266 847.899810791016 795.523559570312 678.355239868164 449.756729125977 485.404678344727 442.420135498047 1022.02860641479 615.375946044922 852.052215576172 761.734924316406 793.686550140381 936.680694580078 650.288101196289 1271.72280883789
-9999 694.933438777924 590.237518310547 592.524556159973 786.566787719727 764.736256599426 808.485900878906 755.696952819824 811.886590957642 844.848533630371 758.517057836056 1060.90467453003 580.67546081543 614.551162719727 750.952590942383 650.48482131958 618.199962615967 768.556976318359 530.482723236084 781.76252746582 668.653684616089 654.349514484406 690.273582458496 931.122108459473 873.029228210449 608.715728759766 521.377548217773 550.132057189941 495.952178955078 592.207450866699 725.915451049805 616.029762268066 510.644714355469 437.660568237305 909.164619445801 618.947597503662 640.721225738525 632.283237457275 596.319808959961 297.566650390625 446.185791015625 386.977722167969 481.969665527344 582.138259887695 616.543441772461 962.735260009766 616.030364990234 629.899505615234 756.331796646118 907.090278625488
-9999 868.902297973633 767.346118927002 674.952934265137 547.213569641113 718.836719512939 763.809961795807 735.099925994873 703.498985290527 928.118927001953 736.567005157471 751.388798713684 646.777004241943 670.361909151077 749.318260192871 591.786811828613 581.864731788635 613.790916442871 775.939071655273 673.686447143555 765.877197265625 739.591445922852 604.06022644043 504.523101806641 1122.65088653564 563.940017700195 584.589267730713 500.337173461914 662.884490966797 630.61469078064 599.893005371094 531.28141784668 543.910484313965 528.682067871094 1121.53365325928 562.216529846191 572.494079589844 570.991142272949 644.164154052734 521.443817138672 763.259071350098 721.759525537491 402.246368408203 568.257232666016 627.171173095703 772.647191047668 1087.96210479736 647.581871032715 640.479507446289 620.472106933594
-9999 -9999 787.400129556656 857.613265991211 696.514492034912 776.462865829468 723.376136779785 692.466957092285 924.790382385254 839.755851745605 808.033233642578 713.181377410889 583.629043579102 647.129026412964 511.778350830078 592.551464080811 483.717750549316 541.983816623688 565.191577911377 804.034271240234 709.279201507568 551.245300292969 636.004699707031 533.003242492676 673.429037094116 604.861991882324 641.493927955627 592.52099609375 627.499971389771 670.019714355469 694.381454467773 629.411155700684 620.416515350342 605.754898071289 717.315185546875 393.954208374023 742.980934143066 788.538482666016 676.924180984497 749.864513397217 582.750343322754 581.058258056641 486.111206054688 749.054306030273 693.136276245117 589.607360839844 485.936187744141 712.752735137939 920.061470031738 718.042755126953
-9999 -9999 1135.50997924805 975.565656661987 676.097215652466 721.635517120361 815.925197601318 738.406085968018 732.668577194214 698.18098449707 1066.74212932587 659.869358062744 633.839975357056 646.425618171692 736.138168334961 456.794548034668 479.014602661133 514.653781890869 699.480819702148 558.494360655546 707.72282409668 675.215690612793 570.355802536011 593.275695800781 602.5893201828 629.413375854492 625.404224395752 710.668502807617 718.360286712646 584.987014770508 445.05793762207 676.841903686523 598.082092285156 548.461112976074 488.055679321289 663.487838029861 680.399684906006 770.421051025391 729.321732282639 724.966159343719 735.048721313477 938.97550201416 743.879730224609 716.445449829102 693.131240844727 591.393676757812 784.103416442871 669.715911865234 745.783355712891 808.366535186768
-9999 -9999 -9999 777.828054428101 567.875907897949 684.128799438477 681.401054382324 773.066297531128 669.014427185059 758.438850402832 521.348442077637 792.913177490234 711.01399230957 771.844291687012 629.117183685303 777.817443847656 373.225921630859 519.94527053833 533.101049423218 563.237576812506 607.06995010376 694.84895324707 557.535466909409 1445.2699546814 508.357666015625 622.642547607422 524.395874023438 557.476127624512 632.956832885742 698.587127685547 907.961128234863 774.455932617188 527.981292724609 468.465606689453 589.027320861816 661.394500732422 475.221130371094 626.328735351562 422.302581787109 536.334266662598 816.590578079224 675.105697631836 526.034027099609 784.666709899902 464.163665771484 662.136672973633 601.668884277344 642.086990356445 511.299697875977 1199.67867851257
-9999 -9999 -9999 626.873710632324 557.580860137939 630.064403533936 819.790603637695 662.192825317383 689.011283874512 1020.13269042969 760.619354248047 608.802673339844 684.933599472046 705.661582946777 652.839328289032 561.859539031982 610.0071144104 561.957406997681 670.873519897461 673.418395996094 692.18106842041 604.804948806763 537.18529510498 783.800632476807 475.213554382324 639.896097183228 625.22705078125 595.921257019043 585.767768859863 531.484176635742 529.488189697266 511.172271728516 605.007312774658 685.150016784668 692.97437286377 937.364715576172 683.592658042908 674.225830078125 773.586814880371 582.581558227539 743.874374389648 569.055267333984 623.717720031738 849.573715209961 684.629974365234 1091.48477172852 581.451446533203 666.697998046875 1009.06423950195 895.646591186523
