export/dem/dem64.asc
NCOLS 350
NROWS 171
XLLCORNER 152620
YLLCORNER 418050
CELLSIZE 100
NODATA_VALUE -9999
[rows 0 to 21 of 171, columns 150 to 199 of 350]
420.22966003418 535.392242431641 614.802932739258 -9999 -9999 -9999 -9999 -9999 -9999 -9999 -9999 -9999 -9999 -9999 -9999 -9999 -9999 -9999 -9999 -9999 -9999 -9999 -9999 -9999 -9999 -9999 -9999 -9999 -9999 -9999 -9999 -9999 -9999 -9999 -9999 -9999 -9999 -9999 -9999 -9999 -9999 -9999 -9999 -9999 -9999 -9999 -9999 -9999 -9999 -9999
538.154335021973 606.497947692871 580.266952514648 789.916734695435 693.666885375977 595.074714660645 596.647407531738 -9999 -9999 -9999 -9999 -9999 -9999 -9999 -9999 -9999 -9999 -9999 -9999 -9999 -9999 -9999 -9999 -9999 -9999 -9999 -9999 -9999 -9999 -9999 -9999 -9999 -9999 -9999 -9999 -9999 -9999 -9999 -9999 -9999 -9999 -9999 -9999 -9999 -9999 -9999 -9999 -9999 -9999 -9999
506.884469985962 424.432708740234 520.347061157227 443.018402099609 578.441314697266 463.17707824707 362.610504150391 408.749206542969 542.988983154297 562.199142456055 661.940032958984 504.307861328125 564.686553955078 671.54426574707 -9999 -9999 -9999 -9999 -9999 -9999 -9999 -9999 -9999 -9999 -9999 -9999 -9999 -9999 -9999 -9999 -9999 -9999 -9999 -9999 -9999 -9999 -9999 -9999 -9999 -9999 -9999 -9999 -9999 -9999 -9999 -9999 -9999 -9999 -9999 -9999
468.657032012939 475.084396362305 715.577861785889 615.740737915039 480.536346435547 420.044525146484 474.212371826172 758.338226318359 838.606964111328 738.567504882812 594.281295776367 431.788055419922 592.153701782227 605.764434814453 309.398086547852 405.927917480469 625.789215087891 719.314819335938 763.142250061035 841.536888122559 709.420616149902 913.665000915527 816.242847442627 522.204040527344 599.069046020508 715.74388885498 718.852119445801 714.547088623047 704.506267130375 762.412113189697 821.762571334839 1006.20756530762 971.81551361084 963.016296386719 890.933784484863 -9999 -9999 -9999 -9999 -9999 -9999 -9999 -9999 -9999 -9999 -9999 -9999 -9999 -9999 -9999
970.905242919922 688.112759590149 663.267417907715 905.100098609924 974.241920471191 914.813354492188 703.218948364258 733.46208190918 642.244750976562 664.344635009766 634.187530517578 457.108642578125 578.600708007812 612.823211669922 435.877723693848 368.851135253906 529.016983032227 708.212097167969 648.078056335449 690.752880096436 854.577236175537 894.152198791504 758.27710723877 609.815002441406 614.785903930664 863.086410522461 613.7724609375 735.288743972778 697.826062202454 803.998652935028 820.972210884094 1008.27821350098 912.282608032227 783.122444152832 770.685409545898 774.878799438477 762.892211914062 790.037666320801 863.070345878601 1059.09503173828 807.324020385742 580.853576660156 598.530685424805 656.011194944382 765.995766639709 792.76432800293 828.30158996582 825.563514709473 837.210140228271 913.973178863525
1014.55513000488 647.508762359619 802.842476725578 879.879196166992 918.514907836914 864.004745483398 845.988403320312 794.56201171875 743.069244384766 754.026016235352 701.267852783203 308.321228027344 570.833618164062 263.660522460938 559.152908325195 356.819519042969 537.912673950195 535.524108886719 649.26895904541 680.237678527832 732.000054359436 735.896648153663 657.810768127441 491.420516967773 823.060363769531 567.692520141602 666.201306343079 602.015609741211 526.587333679199 750.209190368652 863.270797729492 743.60671043396 763.206303596497 794.263858795166 642.970581054688 751.696418762207 756.05184173584 859.574241995811 929.043464660645 845.725105285645 946.007705688477 559.736045837402 510.224182128906 809.46484375 579.464584350586 639.435827255249 711.024974822998 455.983901977539 642.223190307617 730.267166137695
1096.02430343628 1106.52074050903 853.586579799652 716.380516052246 781.200302124023 800.278610229492 882.739761352539 756.827392578125 683.487457275391 864.949417114258 958.626388549805 513.202178955078 374.465423583984 407.466415405273 619.793800354004 528.838989257812 570.739303588867 658.453109741211 675.812561035156 630.245452880859 550.362945556641 618.430595397949 700.925392150879 609.344970703125 499.890640258789 651.782764434814 560.304740905762 511.242935180664 601.897861719131 659.508358001709 810.73966217041 701.04174041748 820.285598754883 870.658966064453 754.999713897705 741.695175170898 824.284824371338 834.914712905884 1075.6266784668 920.748867034912 913.921516418457 983.46337890625 760.963562011719 670.174158096313 730.166748046875 766.581970214844 756.450050354004 630.327680587769 677.018558502197 802.783344268799
1069.69844818115 689.678726196289 705.428932189941 775.30225276947 841.286087036133 719.637817382812 859.099884033203 734.704803466797 823.108947753906 905.420867919922 804.955261230469 540.620300292969 595.761566162109 368.53125 709.70832824707 544.012390136719 558.755172729492 531.701873779297 553.43049621582 628.869552612305 895.321258544922 878.44873046875 643.631286621094 653.638626098633 735.269737243652 659.286890029907 559.42618560791 652.950847625732 533.037780761719 754.487218856812 798.099178314209 852.982261657715 842.038055419922 740.973415374756 790.56071472168 795.408771514893 843.37497985363 937.13899230957 965.500442504883 973.806762695312 992.559326171875 842.606736183167 895.544185638428 773.424682617188 863.495937347412 942.555519104004 980.243507385254 948.252029418945 727.338187396526 787.41138458252
733.167503356934 672.018455505371 674.956886291504 739.212575912476 851.384262084961 532.559356689453 934.000457763672 874.660736083984 809.065826416016 890.510604858398 638.768920898438 639.059371948242 549.115905761719 633.69709777832 703.990676879883 366.011932373047 543.572448730469 639.296890258789 582.639831542969 685.24934387207 951.153282165527 974.582504272461 845.2594871521 751.658714294434 687.378601074219 658.452919006348 642.407348632812 776.591956019402 910.437789916992 770.108016967773 819.122478485107 801.125778198242 821.642532348633 720.951347351074 805.28265619278 1030.6270904541 1000.31467437744 926.202682495117 1003.66699981689 1076.32150268555 873.256702423096 865.905872344971 769.868968963623 865.377471923828 881.461524963379 875.948573350906 801.470405578613 751.915752410889 639.604415893555 833.519905090332
839.799346923828 832.41552734375 720.424587249756 651.6666431427 456.13996887207 774.185203552246 532.285247802734 357.122497558594 411.342178344727 573.197463989258 510.240875244141 691.326759338379 459.328018188477 501.692749023438 704.372802734375 939.880027770996 962.375495910645 405.668975830078 907.094856262207 724.578903198242 975.718452453613 997.458145141602 1055.04223632812 1173.25438690186 670.311256408691 706.036682128906 638.681304931641 628.297828674316 721.117977499962 642.300243377686 760.737167358398 963.904586791992 751.562376976013 826.593811035156 742.745308876038 970.436164855957 922.238258361816 888.101722717285 1007.10492706299 1069.1880569458 984.095611572266 796.265998840332 986.982833862305 774.107814788818 953.426447868347 925.499835968018 1063.03646469116 800.369239807129 960.090057373047 923.793304443359
907.071990966797 760.725143432617 841.350555419922 565.993156433105 553.725509643555 596.363742828369 556.712982177734 382.37744140625 488.431259155273 387.392333984375 520.662322998047 445.374633789062 454.384414672852 537.250900268555 504.925247192383 967.292221069336 963.838943481445 784.957589149475 987.135162353516 666.800811767578 1010.23417663574 861.518905639648 661.135299682617 924.376678466797 912.843505859375 1176.07043075562 695.893367767334 434.700149536133 676.555114746094 569.453588485718 612.214721679688 778.009292602539 602.639930725098 678.995552062988 687.405788421631 897.963806152344 915.609008789062 798.704971313477 771.604667663574 921.227886199951 596.691673278809 630.315956115723 915.076679229736 1073.96049499512 793.314191818237 1151.33283233643 1023.17900848389 1321.45666122437 1175.93435668945 824.447906494141
738.921047210693 620.088153839111 739.42015838623 594.327703475952 633.468713760376 530.808792114258 540.583465576172 367.303588867188 728.595119476318 499.542602539062 322.365295410156 560.657485961914 496.655624389648 988.60844039917 777.517986297607 730.347503662109 731.849990844727 637.587707519531 875.619476318359 552.187759399414 619.000244140625 1034.03199768066 748.318809509277 725.048332214355 650.525161743164 609.838745117188 1175.21012115479 1091.84013366699 893.996643066406 1345.45855712891 1018.00675964355 673.53685760498 733.721883773804 469.359065055847 610.165916442871 617.839179992676 741.996179580688 635.267311096191 574.112396240234 622.04411315918 720.80687713623 944.861938476562 962.859607696533 639.583576202393 585.754684448242 683.941478729248 690.972640991211 879.010139465332 993.257141113281 677.372756958008
793.447860717773 542.833923339844 658.615258216858 550.744987487793 643.151430606842 654.797485351562 504.586067199707 473.446647644043 625.626583099365 678.070229649544 872.107162475586 644.675570487976 1129.60443115234 785.711685180664 709.452987670898 355.707702636719 544.537399291992 584.079849243164 886.231674194336 731.401424407959 555.240570068359 1113.30515420437 685.766586303711 790.097503662109 611.919448852539 730.975074768066 1003.26665496826 1278.60319519043 647.790710449219 947.635932922363 1098.40495300293 864.024524688721 734.867950439453 701.392646789551 653.929027557373 846.574954986572 823.180503845215 706.775459289551 688.563079833984 774.387023925781 628.44214630127 672.702789306641 721.595512390137 744.85636138916 699.197200775146 751.260272026062 714.54288482666 723.245887756348 781.58763885498 838.482040405273
551.801086425781 548.602188110352 620.895578384399 1130.31454849243 955.69687128067 1101.38236999512 848.574111938477 563.77188873291 511.361755371094 643.733860015869 723.218059301376 670.912666320801 596.849754333496 438.973526000977 819.614631652832 509.591163635254 621.462768554688 541.433258056641 736.090438842773 431.79248046875 677.401443481445 574.514892578125 903.296524047852 780.36548614502 708.849655151367 779.653182983398 796.238960266113 721.617401123047 825.234924316406 706.704574584961 1172.26454162598 661.209426879883 476.345779418945 748.478139877319 727.39672088623 948.95751953125 896.974040985107 760.00643157959 547.187240600586 766.845169067383 791.129447937012 796.111194610596 907.60652923584 788.221183776855 805.428482055664 715.189363241196 714.687759399414 892.129619598389 1079.89186096191 732.98551940918
1109.39805793762 613.498510360718 597.215631246567 578.240283966064 532.608978271484 667.37949180603 567.880111694336 681.739423751831 660.120618581772 784.6865234375 737.929218292236 716.172582626343 575.666275024414 566.60710144043 940.714019775391 455.430328369141 416.510040283203 426.854476928711 728.704330444336 694.15795135498 666.750991821289 768.998291015625 657.814544677734 606.588668823242 775.047298431396 824.42972946167 1010.74031448364 843.624694824219 736.340789794922 579.970901489258 857.621719360352 1074.29227638245 1252.62245559692 871.392684936523 833.002063751221 775.15228843689 668.699920654297 728.291999816895 748.891021728516 748.070152282715 843.265655517578 769.279708862305 696.970062255859 669.564350128174 681.321397781372 670.449474811554 895.852905273438 558.956161499023 904.005485534668 587.115142822266
606.291069030762 603.099385380745 639.270301818848 493.596420288086 650.043745040894 638.624240875244 702.413314819336 640.23512840271 684.992652893066 627.389999389648 667.735122680664 475.908149719238 532.128372192383 1147.3401260376 561.317230224609 634.180999755859 498.004989624023 864.486770629883 602.984573364258 1245.13076591492 950.087173461914 1007.87926483154 1240.63270568848 671.176605224609 838.710803985596 797.28542804718 1088.78950881958 892.099426269531 860.183221817017 793.924224853516 720.065277099609 742.034071922302 720.873573303223 570.896865844727 705.664756774902 783.661834716797 639.822116851807 746.843906402588 746.431568145752 705.95085144043 621.597858428955 797.363952636719 662.382389068604 676.026058197021 713.979679107666 801.097808837891 685.889518976212 641.384771347046 735.95721912384 578.296882629395
646.031484603882 648.060134887695 610.860385894775 693.871002197266 580.361667633057 704.267646789551 628.67333984375 598.937767028809 569.343246459961 585.080833435059 529.479904174805 374.05549621582 1232.98370361328 1347.40928649902 643.267181396484 790.995445251465 692.45694732666 690.704772949219 588.752410888672 586.056579589844 974.468658447266 551.890762329102 665.895599365234 615.377639770508 687.724624633789 702.599243164062 1833.09130859375 1059.8450088501 934.155183792114 777.29381942749 894.080211639404 744.068988800049 768.870239257812 1157.15189361572 825.863850593567 696.979413986206 821.005233764648 1027.9588470459 1292.5742931366 685.955946922302 581.846534729004 707.30837059021 884.626708984375 620.295166015625 1200.61420822144 705.631996154785 772.780471801758 625.897457122803 684.849147796631 632.244560241699
647.150272369385 472.450408935547 535.730430603027 657.337390899658 580.530059814453 617.493295669556 536.086563110352 624.000324249268 687.003456115723 664.82989692688 454.672653198242 461.587509155273 551.154777526855 509.822357177734 385.730651855469 944.221298217773 645.310928344727 609.948944091797 598.066139221191 460.564880371094 491.030776977539 677.072803497314 651.958450317383 695.082763671875 696.321105957031 1073.9158744812 942.419097900391 799.846385955811 748.936805725098 839.570350646973 659.81160736084 925.155826568604 905.687385559082 716.609451293945 943.261209487915 749.485939025879 716.765983581543 668.972234725952 814.351821899414 746.293476104736 567.006958007812 837.666465759277 763.492605209351 844.097038269043 767.440420150757 684.598817110062 707.679902076721 808.595710754395 1147.41562366486 891.953742980957
597.99878692627 652.385425567627 692.968544006348 588.820861816406 676.62281036377 644.979278564453 930.651077270508 917.410713195801 569.932655334473 593.198013305664 468.560958862305 636.429535865784 651.771091461182 599.357612609863 579.632919311523 930.840240478516 1046.33628845215 1085.41602325439 743.076934814453 696.645431518555 360.282623291016 693.744293212891 952.541137695312 702.509021759033 1073.83633804321 603.827209472656 743.53716468811 754.953105926514 723.617664337158 838.060070037842 907.48819732666 703.180648803711 559.795700073242 562.884567260742 525.704772949219 1248.17924499512 743.400424957275 693.167410373688 775.598785400391 1116.52958679199 805.997924804688 960.930751800537 922.604504585266 1159.26904296875 1122.31099843979 1308.05184936523 813.722661972046 670.184225082397 675.831153869629 657.930866241455
756.832565307617 695.559669494629 660.695667266846 696.235618591309 578.99462890625 435.496856689453 732.093635559082 623.947135925293 622.035919189453 634.624956130981 896.205142974854 438.148056030273 531.469825744629 653.402542114258 598.434516906738 439.377700805664 615.309283256531 534.472793579102 506.18522644043 625.1953125 730.678565979004 668.257507324219 661.087936401367 748.372230529785 898.042869567871 710.09831237793 881.241607666016 999.217253684998 979.877754211426 839.183250427246 849.914276123047 637.77140045166 971.573738098145 713.026660919189 857.833435058594 759.024028778076 645.259655952454 648.822774887085 758.666160583496 745.246841430664 782.082458496094 632.808958053589 1045.3429107666 830.212799072266 572.22826385498 640.077571868896 703.262817382812 613.685279846191 589.670310974121 655.790821075439
528.952583312988 370.374740600586 531.703346252441 488.487785339355 395.253723144531 510.460540771484 556.989929199219 641.081590652466 1143.02178955078 517.796691894531 458.435073852539 507.703384399414 577.210090637207 592.982894897461 636.259216308594 499.141998291016 489.750106811523 532.536071777344 884.297433853149 924.519437789917 867.68376159668 529.224334716797 657.178771972656 783.517013549805 851.336410522461 810.796676635742 794.076808929443 662.442331314087 692.365151882172 770.54691696167 663.6145362854 599.738098144531 596.164749145508 599.991264343262 791.082626342773 732.111389160156 746.492382049561 796.341590881348 560.829643249512 501.559036254883 701.306267738342 911.380626678467 1396.70651245117 595.474956512451 700.439266204834 1102.44821166992 512.676513671875 583.009094238281 699.20503616333 854.867446899414
701.465171813965 530.190376281738 576.433513641357 528.941635131836 642.727807044983 553.438041687012 919.823135375977 456.586822509766 589.542350769043 486.217208862305 437.232086181641 726.45499420166 473.498184204102 1085.58308410645 711.941012382507 540.471054077148 766.567321777344 617.532447814941 1118.36987781525 818.95671081543 961.451446861029 1287.2272567749 957.70539855957 689.045959472656 447.86376953125 938.392623901367 728.710739135742 726.93428825587 1655.32995986938 659.684135437012 528.028793334961 642.774612426758 548.830265045166 533.933921813965 613.560180664062 606.342903137207 630.170249938965 608.99348449707 722.02483433485 703.575121879578 885.80859375 768.266956329346 722.158999443054 558.741714477539 582.721782684326 1217.32712459564 536.050300598145 647.39959526062 643.804000854492 574.817680358887
