export/dem/dem66.asc
NCOLS 350
NROWS 171
XLLCORNER 152620
YLLCORNER 418050
CELLSIZE 100
NODATA_VALUE -9999
[rows 132 to 153 of 171, columns 250 to 299 of 350]
727.376968383789 627.492416381836 820.795433044434 649.243667602539 868.621658325195 674.709142684937 634.537746429443 523.991081237793 733.845123291016 891.167915344238 783.159763336182 918.669891357422 789.541625976562 902.147277832031 1006.85116577148 860.964302062988 814.420600891113 774.485424995422 986.566680908203 857.435104370117 953.56103515625 798.81608581543 793.936332702637 764.706077575684 594.1171875 628.178688049316 573.442771911621 698.573090553284 611.556004047394 622.242813110352 616.21732711792 717.311080932617 608.160709381104 745.464202880859 485.295913696289 664.033977508545 674.125957489014 749.446308135986 787.821159362793 960.038467407227 983.849124908447 1151.30704879761 934.929770469666 1074.69284057617 966.094352722168 839.859519958496 1089.82833862305 746.676387786865 895.112905502319 1022.51308822632
709.968544006348 742.086624145508 774.766605377197 855.525993347168 585.478424072266 491.412223815918 504.887977600098 689.30820274353 876.939636230469 703.690612792969 576.099334716797 680.619682312012 768.36501121521 722.068731307983 911.511001586914 1013.31106567383 801.430206298828 915.316251754761 1132.40354919434 740.080649614334 799.025917053223 847.174499511719 794.86799621582 612.435760498047 705.198187887669 769.402984619141 573.718997955322 578.270965576172 610.427890777588 733.798843383789 537.325889587402 710.48193359375 710.297439575195 663.290300369263 568.899314880371 600.651424407959 671.278852462769 650.409565925598 747.662544250488 706.664459228516 739.954544067383 890.03687286377 1050.26258683205 1034.79698181152 1019.36648750305 933.426490783691 1078.32751083374 766.681255340576 810.681655883789 866.806522369385
761.504707336426 727.501777648926 722.871894836426 619.219501495361 622.958520174026 580.495926856995 658.272654533386 804.111316680908 726.085186004639 859.219802856445 696.603904724121 818.546356201172 858.306480407715 868.277351379395 809.732795715332 785.488815307617 757.794207572937 783.823951482773 937.287442207336 825.433776855469 850.345054626465 733.43438243866 697.030595779419 682.538782119751 730.547306060791 742.972427368164 679.664737701416 609.633972167969 635.187955856323 792.640151977539 851.136901855469 632.776462554932 480.444274902344 627.973798751831 784.213768005371 712.216033935547 706.476650238037 693.416349411011 882.679550170898 725.432558059692 761.94164276123 563.800636291504 775.090110778809 875.572505950928 929.311447143555 913.052057266235 909.035454750061 842.695957183838 844.853275299072 1040.31323242188
687.125396728516 902.137893676758 756.765464782715 803.815460205078 572.273258209229 608.901916503906 667.676300048828 768.965641021729 761.026859283447 845.402812957764 678.11930847168 969.362724304199 774.07101726532 833.456497192383 665.70267868042 898.97412109375 801.777297973633 774.383949279785 996.735610961914 990.563766479492 800.927042007446 853.114128112793 643.068500518799 802.59398651123 841.849090576172 695.066505432129 651.38015961647 738.562355041504 634.851712226868 771.983963012695 700.309268951416 758.311164855957 717.145275115967 638.08784198761 599.857650756836 670.57110786438 551.306930541992 728.235147476196 745.915489196777 776.770721435547 698.703723907471 704.301380157471 632.12052154541 528.990798950195 817.557800292969 924.48398399353 877.376214981079 783.72815322876 779.032173156738 1057.49230194092
688.992469787598 714.758606433868 703.136671066284 611.881736755371 564.606384277344 690.235641479492 729.557167053223 740.489761352539 684.280937194824 725.990333557129 802.738859176636 903.279693603516 584.167472839355 746.491400003433 837.438934326172 728.468704223633 828.879367828369 864.085731506348 927.069320678711 745.898954391479 1016.05867004395 780.721519470215 763.876693725586 740.213634490967 757.879333496094 753.533088684082 559.079002380371 678.405345916748 802.058242797852 605.14605140686 807.141387939453 640.433482170105 542.629432678223 816.43229675293 641.841770172119 640.547044038773 652.119499206543 715.503524780273 631.133033752441 807.855415344238 821.182846069336 613.660163879395 793.415390014648 763.151069641113 744.418811798096 847.869304656982 932.327751159668 843.789363861084 908.740730285645 1092.74420166016
550.397842407227 675.845413208008 753.417419433594 623.840377807617 816.399282455444 737.346466064453 688.772537231445 717.98706817627 558.48762512207 634.402732849121 613.516784667969 791.095615386963 631.150016784668 827.970649719238 855.102401733398 686.556636810303 643.810653686523 800.019926071167 746.364784240723 648.72322845459 801.41527557373 877.665802001953 792.510482788086 657.692362785339 625.853626251221 748.3828125 644.558624267578 687.743522644043 747.477073669434 716.253448486328 716.604270935059 714.17476785183 715.39387512207 785.612937927246 681.515918731689 599.794097900391 706.477615356445 721.314987182617 762.478462219238 575.109596252441 840.507598876953 628.097709655762 799.49649810791 832.352127075195 948.375213623047 691.215438842773 846.127419471741 730.012825012207 886.818195343018 888.83430480957
802.050521850586 679.004846572876 661.514831542969 609.554107666016 823.934177398682 633.829193115234 788.895643234253 765.13628911972 747.293990135193 748.827833175659 707.991729736328 685.411064147949 695.700340270996 930.029670715332 789.233209609985 720.014935493469 675.23571395874 529.143905639648 676.635246276855 695.032531738281 665.465618133545 600.720199584961 716.084277629852 684.338333129883 613.065120697021 797.028747558594 678.288377761841 682.348683357239 859.029479980469 598.431339263916 829.636871337891 863.578536987305 798.501571655273 753.825370788574 769.524688720703 666.146717071533 682.272914886475 714.253932952881 662.905040740967 800.410972595215 658.600303649902 833.328155517578 792.641876220703 816.897918701172 872.183898925781 732.472690582275 759.676414489746 852.999740600586 897.641044616699 786.263217926025
927.674270629883 801.126056671143 774.203961372375 785.622976303101 716.722457885742 664.016899108887 832.907032012939 724.712406158447 698.46021270752 687.88655090332 787.37167930603 908.964965820312 839.930660247803 818.202278137207 882.627662658691 830.439659118652 912.176788330078 840.250110626221 565.837799072266 674.525062561035 605.641395568848 377.015930175781 809.572792053223 699.335037231445 719.334798812866 705.403575897217 566.708702087402 534.439437866211 741.08051109314 781.810501098633 707.323684692383 1033.86643981934 839.376052856445 822.576843261719 677.151630401611 728.377395629883 700.697776794434 1031.29809570312 567.165214538574 713.47103369236 781.290306091309 708.423089981079 776.549255371094 807.102424621582 716.857416152954 728.559819698334 700.314172744751 736.960409164429 789.07342338562 904.885711669922
596.748382568359 726.983562469482 743.726638793945 827.814617156982 751.309494018555 719.691360473633 602.81608581543 780.84068775177 792.984117984772 771.027933120728 769.943851470947 928.915878295898 701.477336883545 750.631538391113 860.739192962646 703.365158081055 875.211578369141 736.497909545898 651.569190979004 602.972801208496 661.542594909668 555.213806152344 668.593101501465 759.318985939026 701.393905639648 707.470306396484 748.538902282715 792.796598017216 527.336730957031 864.770065307617 755.406326293945 874.691390991211 877.770645141602 744.1484375 644.382656097412 721.775718688965 716.877704620361 890.165481567383 837.664901733398 896.519638061523 749.953262329102 647.214385986328 678.016159057617 647.529113769531 808.817642211914 940.678512573242 695.335774421692 825.931854248047 699.704523086548 704.657550811768
757.657962799072 771.690244674683 688.092987060547 746.551811218262 649.63786315918 838.774795532227 748.004096984863 867.910938262939 910.846168518066 934.506546020508 970.369400024414 820.04158782959 897.960556030273 730.573440551758 670.302871704102 822.10506439209 816.579120635986 713.273498535156 496.681579589844 593.689666748047 602.939140319824 486.795532226562 692.067222595215 673.971138000488 835.872749328613 821.517761230469 669.618850708008 866.291906356812 729.549827575684 821.532608032227 991.987152099609 732.165279388428 593.950172424316 592.277709960938 735.63623046875 700.45108127594 820.196426391602 731.121250152588 644.066139221191 832.626617431641 716.073097229004 824.799903869629 706.955476760864 914.617416381836 784.83475112915 922.870086669922 825.613868713379 620.675750732422 623.975891113281 788.919620513916
818.15948677063 679.118858337402 1210.84006881714 698.931907653809 930.251358032227 929.617095947266 806.82924926281 682.523296356201 850.306083679199 895.929901123047 878.508640289307 797.658915042877 777.273374557495 766.755474090576 772.950229644775 852.453910827637 682.133255004883 741.692428588867 894.810427188873 533.03742980957 509.73828125 647.669635772705 725.896871566772 834.240501403809 693.593780517578 884.539360046387 762.32265663147 812.068239212036 851.658206939697 796.917278289795 682.902202606201 725.597675323486 776.376007080078 780.733631134033 748.950260162354 923.731781005859 605.65763092041 650.252670288086 899.664779663086 834.354904174805 782.911125183105 790.720237731934 792.156219482422 709.780601501465 746.402702331543 762.348217010498 652.389804840088 820.443115234375 719.826116204262 761.485843658447
689.42730152607 498.360610961914 1068.62465810776 673.724411010742 737.146570205688 693.960550308228 812.266574859619 952.609909057617 842.256912231445 924.182998657227 877.705986022949 730.836711883545 749.204696655273 889.509761810303 792.675910949707 744.783798217773 860.737949371338 804.366510391235 798.432113647461 702.53157043457 774.4582862854 735.69575881958 811.818687438965 790.222454071045 732.685161590576 814.486289978027 835.054088592529 712.788101196289 806.93404006958 780.069355964661 790.222658157349 811.550430297852 722.324340820312 867.61767578125 683.757203102112 686.48948097229 658.360366821289 687.700037002563 534.660125732422 738.421779632568 765.156745910645 829.712753295898 700.002513885498 665.251518249512 721.620063304901 787.849243164062 770.326244354248 802.489334106445 676.022933959961 710.982873916626
685.74970293045 673.148054122925 682.507629394531 882.768905639648 834.730491638184 507.185234069824 638.083866119385 690.881530761719 693.864276885986 848.216987609863 913.393966674805 670.201873779297 715.521957397461 813.430324554443 901.151832580566 803.29065322876 865.255561828613 802.931884765625 791.315068244934 819.010981280357 748.203224182129 783.132040023804 884.283798217773 1037.1888885498 828.409236907959 819.066970825195 692.59726524353 566.974899291992 717.578414916992 867.990409851074 786.40874671936 732.173652648926 715.345417022705 600.167282104492 819.393043518066 783.644260406494 593.82592010498 659.807220458984 658.994338989258 763.74871635437 761.805545806885 720.252980828285 707.054704666138 705.405151367188 855.481895446777 523.02668762207 647.191955566406 648.987571716309 837.289535522461 807.232971191406
-9999 -9999 -9999 918.141567230225 942.995155334473 854.007453918457 786.002636909485 702.43985748291 620.853729248047 743.486534118652 912.424144744873 752.809417724609 785.541603088379 924.979510307312 793.1584815979 917.820598602295 1008.33409118652 1011.2710723877 909.882213592529 882.773029327393 961.047988891602 762.641540527344 894.763107299805 896.221813201904 833.378005981445 825.904487609863 751.087285995483 749.24878692627 810.611877441406 755.333713531494 689.50146484375 857.98705291748 864.029136657715 806.434722900391 753.532230377197 777.287059783936 749.982146263123 804.871774673462 817.177124977112 809.801648139954 854.55606842041 707.375068664551 748.691026687622 677.816795349121 754.275417327881 711.859342575073 695.972745895386 781.859039306641 785.805339813232 800.991878509521
-9999 -9999 -9999 -9999 -9999 -9999 867.95024895668 875.303155183792 880.421730041504 722.693836212158 660.395511627197 507.389770507812 826.21997833252 872.765205383301 747.307876586914 892.856418609619 824.049140930176 847.993878364563 880.94079208374 969.540687561035 840.354648590088 952.259368896484 802.104690551758 973.737518310547 866.754899978638 787.282848358154 819.301404953003 801.901184082031 711.253398895264 773.816653251648 715.395881652832 849.313385009766 811.272598266602 765.816442489624 656.477821350098 839.336723327637 839.159870147705 891.833435058594 838.804194927216 910.456984519958 932.052581787109 774.769119262695 719.543194770813 647.072090148926 771.624080657959 587.541702270508 728.240676879883 549.80680847168 766.118765830994 740.930192947388
-9999 -9999 -9999 -9999 -9999 -9999 -9999 -9999 -9999 782.279914855957 683.285041809082 764.028360128403 865.449590682983 696.351181030273 787.759368896484 687.256050109863 1063.97801017761 1005.75177001953 1009.77630472183 892.096702575684 854.214920043945 876.356593132019 1030.53283691406 871.907610177994 986.418502807617 930.872657775879 903.889114379883 665.2174949646 785.968276977539 771.752456665039 730.087448120117 669.313751220703 598.015037536621 748.099304199219 747.828216552734 810.750297546387 641.556716918945 679.779834747314 754.744552612305 699.381288051605 668.084049224854 774.417045593262 753.088024139404 729.225223779678 912.034744262695 702.220754623413 823.752487182617 691.46968460083 746.188274219632 745.714618682861
-9999 -9999 -9999 -9999 -9999 -9999 -9999 -9999 -9999 -9999 -9999 817.707149505615 611.011169433594 684.325393676758 726.446430206299 603.046691894531 779.900964736938 1221.23625183105 998.725128173828 999.145782470703 1077.11036682129 980.521617889404 1027.67300415039 959.133121490479 928.567794799805 810.381683349609 760.106283187866 692.467742919922 891.208290100098 810.975250244141 677.206695556641 792.437730789185 598.170310974121 761.274589538574 849.627075195312 595.442947387695 770.052600860596 718.962753295898 564.391967773438 650.403385162354 629.341537475586 612.051643371582 651.004508972168 737.368249416351 872.380004882812 812.351860046387 738.860878944397 695.887325286865 627.381614685059 737.53838300705
-9999 -9999 -9999 -9999 -9999 -9999 -9999 -9999 -9999 -9999 -9999 -9999 981.215965270996 879.913124084473 758.024963378906 512.799865722656 721.84423828125 1535.54833984375 1198.44710159302 1071.25032806396 1297.28540039062 1283.66493225098 1091.75002765656 1064.17173814774 788.477508544922 709.540073394775 718.366233825684 808.147710800171 796.549409866333 855.080791473389 754.471977233887 741.515701293945 783.777500152588 732.195421218872 608.334518432617 776.16227722168 613.483261108398 686.263565063477 733.066796779633 686.690372467041 793.675575256348 742.883883953094 580.114837646484 709.346363067627 742.444443702698 783.489803314209 734.956161499023 585.485321044922 820.054347991943 787.538284301758
-9999 -9999 -9999 -9999 -9999 -9999 -9999 -9999 -9999 -9999 -9999 -9999 885.56029510498 756.321782827377 730.991333007812 596.120162963867 820.517807006836 867.867012023926 934.294990539551 741.538787841797 786.572467803955 937.778182983398 1060.43203735352 690.820129394531 931.090362548828 694.510314941406 1233.67924499512 740.534999847412 735.025833129883 851.393257141113 778.666000366211 1032.22379302979 841.506887435913 833.482109069824 830.766231536865 927.614974975586 750.36661529541 753.728707313538 731.34550511837 642.019523620605 723.160350799561 609.548004150391 742.703578948975 683.720542907715 665.599708557129 797.151181221008 742.382846355438 626.266098022461 718.571887969971 847.789245605469
-9999 -9999 -9999 -9999 -9999 -9999 -9999 -9999 -9999 -9999 -9999 -9999 -9999 780.636734008789 844.133308410645 654.502746582031 702.369505882263 634.858543395996 924.580112457275 870.302309989929 869.897457122803 881.942739486694 752.560218811035 877.801246643066 881.155113220215 830.262134552002 804.349029541016 812.406483888626 634.598571777344 698.195892333984 1130.76450920105 816.747604370117 778.753261566162 913.187377929688 779.706657409668 917.677703857422 913.123615264893 841.2268409729 687.348373413086 779.092488288879 636.560668945312 615.69123840332 656.993286132812 776.171627998352 668.841278076172 831.052322387695 831.758190155029 794.102967120707 890.445823669434 827.67102432251
-9999 -9999 -9999 -9999 -9999 -9999 -9999 -9999 -9999 -9999 -9999 -9999 -9999 -9999 742.458885192871 740.090606689453 753.161254882812 822.965410709381 919.151829242706 841.749206542969 797.962577819824 848.92142868042 964.603370666504 983.687347412109 938.826568603516 715.725870132446 844.175636291504 887.768848419189 780.241733551025 831.658008575439 734.993770599365 796.075942993164 724.521301269531 787.466358184814 726.771769523621 688.235023498535 964.275714874268 778.850387573242 802.838697433472 701.821395874023 866.975273132324 888.79373550415 657.763870239258 838.644044876099 920.352630615234 913.969299316406 726.473022460938 818.524482727051 783.597917556763 713.896408081055
-9999 -9999 -9999 -9999 -9999 -9999 -9999 -9999 -9999 -9999 -9999 -9999 -9999 -9999 770.076232910156 717.651176452637 757.884687423706 836.055277824402 996.823303222656 891.198976516724 760.711853027344 776.741218566895 775.4072265625 1010.32572174072 815.266094207764 918.64315032959 879.817825317383 968.928337097168 958.753463745117 747.335193634033 869.821899414062 727.354557037354 930.841659545898 786.211377501488 749.345657348633 818.504337310791 740.324254989624 740.638957977295 743.707149505615 996.284591674805 886.13501739502 809.079479217529 899.612564086914 1022.11009216309 899.774291992188 833.442138671875 799.561157226562 782.879844665527 885.47534942627 714.087509155273
