export/dem/dem64.asc
NCOLS 350
NROWS 171
XLLCORNER 152620
YLLCORNER 418050
CELLSIZE 100
NODATA_VALUE -9999
[rows 44 to 65 of 171, columns 200 to 249 of 350]
779.840553283691 651.853736877441 663.782257080078 588.730968475342 597.099342346191 578.372898101807 805.823516845703 676.665351867676 711.023914337158 707.446615219116 722.474613189697 650.163618087769 445.300399780273 961.419845581055 540.678428649902 666.610450744629 511.428070068359 687.679252624512 647.326358795166 538.425399780273 609.088619232178 566.797389984131 499.226379394531 566.55685043335 482.844383239746 751.167327880859 630.170501708984 741.879741668701 612.630863189697 619.335071563721 618.981679558754 567.30241394043 1239.4697227478 448.946990966797 597.775787353516 524.566284179688 599.74681854248 692.744348526001 788.042343139648 682.06449341774 748.281238555908 805.761222839355 750.809928894043 747.236125946045 663.260387420654 798.251533508301 641.665912628174 510.684722900391 592.024719238281 560.02685546875
934.375984191895 1597.0182800293 1061.89805400372 933.088035583496 816.572735786438 956.268131256104 813.382039070129 739.011785507202 715.112390041351 671.679119110107 724.38614654541 784.688629150391 594.849220275879 1083.20341873169 679.8658618927 1025.23880004883 794.547027587891 747.107139587402 467.900802612305 619.346313476562 687.469902038574 442.367813110352 476.141914367676 720.207748413086 508.537704467773 598.033708810806 700.250411987305 659.485298156738 660.931987762451 532.488723754883 636.641551017761 708.114395141602 511.830261230469 591.091896057129 493.68473815918 646.563032150269 791.462059020996 595.613380432129 682.729501724243 821.425231933594 824.459518432617 638.411613464355 668.337831497192 707.956289291382 731.284679412842 722.993343353271 734.211303710938 582.031127929688 709.728866577148 739.934959411621
623.882313728333 961.831169128418 1484.89758300781 1080.81923294067 730.513263702393 607.32788848877 707.381553649902 768.972053527832 619.38591003418 726.146041870117 590.488535404205 452.339141845703 705.378425598145 708.143104553223 724.22864151001 836.860420703888 1462.1703338623 806.287887573242 474.103668212891 624.993316650391 640.467472076416 596.465412139893 601.408483505249 576.137701034546 806.621154785156 722.628036499023 749.636756896973 609.619213104248 757.123626708984 785.416900634766 707.380844116211 679.997085571289 492.061660766602 739.695190429688 807.731185913086 722.596744537354 628.548385620117 745.242958068848 816.588623046875 702.721265792847 688.570587158203 825.496078491211 631.192001342773 807.504920959473 746.188262939453 759.223762512207 671.120878219604 568.748046875 810.1428565979 718.730310440063
520.530376434326 600.444223403931 940.201347351074 1234.05283737183 739.95531463623 641.776168823242 751.878407001495 692.055930137634 712.056785583496 637.806610107422 556.724937438965 678.029235839844 812.868301391602 678.609958648682 659.230354309082 1049.23782348633 1096.01345825195 2046.63735198975 1337.29194641113 728.223556518555 538.653453826904 526.388389587402 522.065170288086 650.684471130371 543.310440063477 695.115119934082 671.327629089355 702.605674743652 713.823165893555 497.671813964844 495.342590332031 824.180938720703 792.915405273438 709.414649963379 751.307243347168 551.660255432129 692.315326690674 726.041049957275 739.033382415771 752.774230957031 754.618423461914 697.76993560791 853.891738891602 790.795906066895 705.789461135864 624.335414886475 606.82218170166 603.096633911133 745.385620117188 756.329383850098
602.867966651917 622.722148895264 857.241432189941 758.773620605469 670.020576477051 831.924728393555 608.714071273804 801.166007995605 781.832336425781 640.197380065918 568.198783874512 575.054177284241 626.501892089844 586.645202636719 551.466285705566 569.032073974609 916.822525024414 1386.1065864563 1135.00378799438 1009.37948989868 665.416450500488 643.733766555786 691.538841247559 632.466495513916 725.827514648438 663.001873016357 713.721138000488 571.028537750244 740.311576843262 508.318817138672 681.597282409668 664.425306797028 759.01685333252 682.282800674438 703.308097839355 712.876613616943 612.473709106445 732.9528465271 807.371032714844 758.704948425293 857.336715698242 796.861789703369 793.357864379883 691.936099052429 718.902862548828 517.419509887695 685.448781251907 692.001795768738 688.733311653137 788.030311584473
487.956695556641 445.77458190918 694.092338562012 594.766046047211 419.295288085938 699.922775268555 713.976597309113 881.411697387695 594.88614654541 646.077502250671 448.90404510498 467.490196228027 554.276161193848 642.715400695801 461.922607421875 756.11194229126 842.660762786865 1200.11652565002 1661.15446472168 1520.87731170654 822.835910797119 758.964519500732 669.585514545441 582.533145904541 781.655883789062 746.263137817383 564.969348907471 636.408065795898 725.455833435059 706.007335662842 555.194221496582 672.689338684082 783.452590942383 794.915267944336 531.075798034668 710.012928009033 786.305068969727 728.295227050781 517.548233032227 616.863777160645 799.64427947998 764.013481140137 661.262657165527 1032.41787719727 867.98649597168 932.410987854004 809.24422454834 744.337959289551 738.303970336914 581.569229125977
573.64408493042 522.392974853516 586.087267875671 475.033821105957 473.427581787109 547.548025131226 563.464069366455 602.821201324463 727.088530540466 706.817977905273 659.970962524414 616.36368560791 526.286532759666 522.692859649658 566.783023834229 781.891204833984 879.982231140137 1001.39514923096 1466.05466461182 1672.34344482422 844.898742675781 804.701362609863 737.120460510254 750.420684814453 691.606925964355 592.917841911316 608.506167411804 761.889083862305 710.700580596924 585.83182144165 595.310821533203 603.666198730469 639.581191837788 438.362197875977 611.906799316406 610.360145568848 589.831970214844 735.925712585449 710.698463439941 620.777137756348 634.566108703613 705.969131469727 608.702140808105 742.41722869873 1169.02850341797 1011.8258972168 754.579879760742 700.183250427246 600.150825500488 749.612190246582
573.815946578979 526.998947143555 581.376453399658 564.725666046143 417.050384521484 708.546493530273 739.792404174805 589.997971534729 694.384315490723 700.161417007446 569.37109375 524.665447235107 641.073783874512 574.989197731018 640.564422607422 575.651260375977 716.116891860962 848.070663452148 1209.44519042969 1361.94708144665 1477.17668914795 841.291633605957 450.947708129883 710.267509460449 691.555793762207 464.68489074707 489.356864929199 749.578796386719 733.116165161133 608.235883712769 588.311214447021 875.1376953125 657.785409927368 525.515472412109 565.204284667969 538.755363464355 726.342441558838 642.986362695694 691.052198410034 778.121810913086 684.285278320312 763.550186157227 701.865106582642 546.238296508789 942.687313079834 654.316677093506 888.810073852539 1091.73385620117 680.930847167969 774.883773803711
707.161361694336 663.691207885742 737.633331298828 560.109649658203 598.599273681641 638.795080184937 888.62296295166 653.793060302734 544.688529968262 731.290431976318 737.99015045166 633.108016967773 683.230072021484 656.920978546143 696.637817382812 476.475288391113 564.082103729248 759.754783630371 1032.19342041016 1586.27548980713 2006.53645992279 1301.80422592163 691.672455787659 504.728866577148 547.702903747559 664.972679138184 698.089332580566 646.410999298096 616.170392036438 674.642539978027 642.988130569458 701.532699584961 552.855186462402 725.163055419922 625.617553710938 533.493392944336 606.799327850342 703.396900177002 750.341888427734 607.614673614502 879.730224609375 681.322842597961 664.891748428345 618.231258392334 691.823753356934 669.672904968262 590.360717773438 415.445556640625 950.398559570312 1043.49526977539
568.295915603638 524.377826690674 641.283422470093 551.206718444824 489.131309509277 573.379707336426 691.781601905823 577.964096069336 611.660894393921 722.207694292068 903.838073730469 687.205028533936 643.460968017578 645.039485931396 606.337957382202 645.074378967285 520.731101989746 701.345794677734 876.33984375 1089.13444519043 1376.88427352905 1445.73466491699 1508.71242523193 794.002990722656 578.245643615723 684.077503204346 672.18669128418 682.283538818359 546.632038116455 688.226226806641 735.800498962402 507.956756591797 783.23698425293 654.612079620361 557.839813232422 551.115936279297 475.655700683594 795.526840209961 617.83943939209 763.830841064453 737.520599365234 742.674942016602 678.282440185547 650.957830905914 591.372108459473 837.866844177246 601.094223022461 792.460739135742 913.63752746582 440.504486083984
601.073112487793 646.524780273438 598.04225730896 538.158462524414 421.409957885742 630.822114944458 681.913040161133 542.10668182373 835.865234375 705.268962860107 707.355964660645 627.792915344238 702.988456726074 647.861511230469 599.715427517891 634.118116378784 609.539936065674 697.181976318359 627.914235591888 734.500106811523 843.448234558105 1228.2561416626 1565.15667724609 748.723175048828 893.272834777832 671.748138427734 520.041557312012 759.676467895508 536.921806335449 716.177032470703 733.870956420898 638.830541610718 670.102523803711 563.039665222168 525.632835388184 601.698059082031 726.178688049316 797.952819824219 749.01978302002 825.479125976562 729.620742797852 577.25537109375 599.401912689209 633.240194112062 688.342376708984 586.397720336914 598.267597198486 750.771644592285 586.864334106445 724.134971618652
630.243316650391 518.296852111816 702.60075378418 577.019607543945 491.586853027344 517.35994720459 602.30033493042 600.058971405029 673.102256774902 739.913011550903 681.799521446228 702.753944396973 624.835235595703 648.77087020874 501.451553344727 415.978881835938 574.698749542236 616.380554199219 622.474727630615 624.368846893311 805.675598144531 936.522762298584 1064.94027709961 1373.16210055351 937.71183013916 592.235416412354 535.351890563965 509.426528930664 627.712186813354 680.594551086426 559.640964508057 479.000671386719 778.285430908203 506.534057617188 647.29783821106 569.994293212891 635.126717567444 684.33451461792 654.766204833984 665.084665298462 693.659980773926 764.941795349121 526.032836914062 548.16609954834 573.201629638672 683.894660949707 657.468899726868 597.319507598877 585.334373474121 631.885562896729
527.115280151367 625.367774248123 607.066295146942 679.150215148926 664.643218994141 688.202621459961 568.651237487793 704.848148345947 711.766454696655 776.861289978027 741.883522033691 776.661003112793 770.212600708008 710.885894775391 716.737361907959 645.660446166992 657.218444824219 613.374618530273 747.102402210236 1038.5816192627 929.478744506836 990.35033416748 1144.07271957397 1124.36758422852 856.179584503174 668.388710021973 648.593488693237 614.194148778915 601.20717048645 654.231880187988 654.492534637451 544.169807434082 517.880981445312 625.758584499359 731.330909729004 741.42342376709 619.790197372437 674.866062164307 757.501495361328 623.616412162781 671.510103225708 749.004776000977 639.667472839355 715.660530090332 629.463342666626 493.202774047852 724.693687438965 753.23070526123 830.785263061523 798.439895629883
629.975179672241 518.990447998047 557.164909362793 496.367111206055 565.278343200684 500.764221191406 631.842998504639 583.743705749512 611.172859191895 702.852220535278 924.40283203125 749.713151931763 778.882652282715 712.54411315918 812.132781982422 722.512176513672 720.084625244141 947.60913848877 794.271856307983 979.054458618164 847.685928344727 765.830497741699 919.686647415161 810.142272949219 859.461845397949 698.164115905762 468.90315246582 653.547206878662 604.23964881897 547.579048156738 808.465545654297 638.417325019836 619.19878578186 608.775100708008 537.516326904297 674.132251739502 605.090320587158 566.857730865479 662.363460540771 623.459895133972 556.025196075439 626.168661117554 628.981109619141 617.465404510498 737.24536895752 694.300426483154 625.775142669678 715.952903747559 708.742984771729 746.624198913574
525.125190734863 703.374015808105 652.861877918243 546.322113037109 696.370529174805 625.202387809753 702.499076843262 408.093551635742 604.875526428223 661.567098617554 868.307952880859 673.285587310791 619.908325195312 702.150638103485 720.329921722412 763.724666595459 817.712966918945 775.693824768066 644.367401123047 845.122421264648 692.400268554688 894.180221557617 824.334144592285 818.266565322876 610.393383979797 756.914779663086 469.408798217773 753.8447265625 697.225860595703 504.238891601562 620.760150909424 848.528793334961 646.973854064941 637.937692642212 624.949651479721 762.617691040039 603.203567504883 622.503754615784 531.101402282715 567.025672912598 535.116844177246 558.866188049316 659.938430786133 715.509651184082 708.049495697021 643.821566104889 590.442481994629 755.482238769531 748.982749938965 615.85774230957
533.154510498047 564.778751373291 622.037972450256 645.056457519531 710.567039489746 605.171722412109 747.495697021484 512.249450683594 708.622985839844 554.498908996582 667.607782363892 687.753787994385 777.56810760498 878.943572998047 656.325656890869 661.593748092651 831.859428405762 677.751781463623 860.421005249023 872.149307250977 819.86520409584 734.688446044922 767.858261108398 564.79271697998 666.871074676514 640.63960647583 621.237545967102 598.938676834106 703.66584777832 619.568943977356 873.310710906982 762.736228942871 757.917186737061 832.261143684387 635.78995513916 759.971481323242 499.733589172363 615.34316444397 602.13046169281 515.099052429199 695.825965881348 733.091806650162 518.213111877441 589.626663208008 709.144203186035 822.095260620117 727.580459594727 692.683414459229 763.812789916992 723.618309020996
553.878349304199 582.615375518799 658.19616317749 648.623670101166 526.440826416016 649.914564847946 494.353927612305 666.82562994957 650.599647521973 592.987380981445 674.194499969482 800.115280151367 687.325021743774 828.74919128418 775.046531677246 793.037326812744 604.94750213623 668.230152130127 632.634643554688 720.939964294434 832.25085735321 843.214088439941 635.208679199219 656.949813842773 645.021007537842 797.901000976562 536.299491882324 417.068481445312 546.346977233887 875.706178665161 785.454292297363 498.140182495117 619.478916168213 694.408538818359 697.61234664917 635.463150024414 707.445684432983 576.045009613037 522.834625244141 604.860614776611 629.925024032593 650.891463756561 637.477491617203 628.585618972778 671.404113769531 562.811973571777 661.96089887619 580.912582397461 736.376991271973 723.844177246094
520.466697692871 536.51806640625 509.950729370117 737.90673828125 691.363014221191 583.373634338379 729.358619689941 614.883529663086 553.402420043945 645.618064880371 679.661521911621 757.750671386719 511.521118164062 617.816474914551 768.770736694336 761.689922332764 837.069900512695 478.287780761719 578.762268066406 756.480827331543 622.732925415039 370.732452392578 393.62858581543 659.951543807983 505.339447021484 554.573219299316 555.293968200684 597.305694580078 618.111536026001 671.116622924805 563.777572631836 560.027919769287 483.676261901855 593.929527282715 581.905586242676 748.860820770264 868.731048583984 801.482349395752 653.656608581543 603.392645835876 821.776290893555 634.009570121765 662.035268783569 683.05810546875 632.649012565613 613.615922927856 659.706916809082 519.129913330078 690.190856933594 733.060325622559
593.780323028564 543.84839630127 531.321586608887 609.165793418884 664.427349090576 693.703788757324 606.719226837158 590.188484191895 464.750442504883 566.571979522705 689.865623474121 630.044696807861 594.736854553223 618.792368412018 652.297355651855 881.091934204102 564.345275878906 507.205223083496 540.343940734863 483.655044555664 624.725781023502 502.627624511719 680.528732299805 536.455940246582 540.125122070312 591.358596801758 594.901355743408 699.928119659424 580.686466217041 684.38500213623 735.728408813477 669.532043457031 629.331855773926 421.339019775391 766.624603271484 776.792930603027 695.183071136475 961.634712219238 1107.64154815674 616.263397216797 584.344348907471 614.668210029602 637.441379547119 620.862421035767 766.275527954102 597.424915313721 606.307224273682 690.360454559326 740.993728637695 731.22721862793
538.896202087402 606.749736785889 705.010879516602 702.636890411377 692.348564147949 659.499187469482 659.857398986816 621.277441978455 697.133560180664 709.964775085449 568.609161376953 648.911412239075 528.879119873047 578.991718292236 530.480987548828 614.716445922852 546.897926330566 567.616191864014 469.18962097168 406.000152587891 542.58122253418 531.204650878906 616.94429397583 499.571968078613 522.321784973145 647.954399108887 570.156631469727 686.39342880249 650.930685043335 657.196476459503 808.750205993652 671.545690536499 696.230261802673 599.701587677002 634.591758728027 696.94730758667 645.482415914536 862.446620941162 782.87760925293 583.767032623291 538.102096557617 476.004684448242 591.373405456543 530.734672546387 652.285928726196 653.890512466431 740.519020080566 580.220851898193 693.965152740479 705.019828796387
556.046768188477 708.356359481812 543.043418884277 510.734680175781 633.057898163795 548.150665283203 701.196159362793 757.445907592773 656.426784515381 627.61116027832 693.409355163574 529.211456298828 583.236366271973 562.338188171387 583.598468780518 575.584526062012 506.734245300293 625.548919677734 558.052673339844 483.276878356934 602.655517578125 752.407615661621 598.70280456543 556.036464691162 610.205272674561 615.004302978516 615.48108291626 704.093841552734 715.167198181152 575.172069549561 628.389770507812 592.381942749023 626.971569776535 540.376884460449 797.542114257812 677.041805267334 677.593191146851 720.015838623047 706.103595733643 558.577758789062 696.22974395752 668.877185821533 515.509262084961 721.142791748047 488.187911987305 799.983703613281 725.228492736816 565.998580932617 665.142070770264 675.257280349731
837.393005371094 553.076118469238 644.105213165283 699.774463653564 567.787925720215 566.116676330566 646.859888076782 664.661895751953 546.054626464844 506.510320663452 640.888954401016 687.904376983643 784.689575195312 656.698185920715 581.268955230713 593.591022491455 590.396186828613 581.171485900879 612.103038787842 498.00821685791 497.991546630859 603.871425628662 604.526666641235 610.055072784424 674.536930084229 667.0094871521 527.023010253906 688.935188293457 581.444686889648 632.026496887207 719.269763946533 637.364944458008 465.546676635742 542.716316223145 567.661514282227 959.9573097229 905.97247838974 762.982055664062 410.119049072266 534.523040771484 586.762004852295 579.796279907227 640.533378899097 702.382076263428 634.493295669556 651.217891693115 607.524520874023 596.284439086914 552.688301086426 789.242797851562
