export/dem/dem66.asc
NCOLS 350
NROWS 171
XLLCORNER 152620
YLLCORNER 418050
CELLSIZE 100
NODATA_VALUE -9999
[rows 44 to 65 of 171, columns 50 to 99 of 350]
780.0625 772.203254699707 754.242321014404 840.744358062744 416.77144241333 405.745197296143 503.761077880859 333.513671875 540.503597259521 517.804967880249 820.421035766602 517.279479026794 516.412406921387 542.010135650635 626.339096069336 579.758415222168 612.56135559082 446.122466802597 561.133148193359 617.118576049805 468.790283203125 371.845321655273 364.491264343262 452.113845825195 418.732551574707 511.629264831543 374.348955154419 464.096141815186 616.498245239258 570.90217590332 456.267551422119 421.554779052734 324.858879089355 299.66960144043 339.697601318359 472.871734619141 423.05331993103 601.207641601562 424.435750961304 378.252529144287 398.680187225342 387.628807067871 375.966445922852 426.661323547363 352.106521606445 503.264686584473 364.668334960938 432.130689740181 401.653039932251 371.486194610596
700.366050720215 640.628346920013 594.14510345459 754.730075836182 389.158622741699 325.263916015625 573.715591430664 520.332845687866 370.503479003906 556.187454223633 226.908538818359 448.171772003174 554.054023742676 415.719848632812 498.85998916626 605.007720947266 652.183563232422 652.435409545898 441.807502746582 446.399621963501 290.592498779297 322.187637329102 300.763343811035 571.688987731934 441.002042770386 453.717292785645 545.638885498047 484.808895111084 421.32906460762 596.757400512695 424.789788246155 526.356742858887 379.667308807373 355.357452392578 290.767471313477 358.65901184082 332.175575256348 420.003787994385 219.120513916016 197.485153198242 250.4013671875 447.99914765358 379.705646514893 278.510025024414 321.686584472656 342.503768920898 513.776268005371 429.160401463509 472.424407958984 424.656099438667
636.186693668365 530.372228622437 430.39306640625 415.411182403564 481.054138183594 549.222057342529 753.150833129883 512.114486694336 699.64400100708 450.509887695312 522.009128570557 575.838958740234 433.376449584961 427.821895599365 420.038414001465 436.565174102783 553.494293212891 514.608596801758 323.603912353516 231.77604675293 360.814262390137 345.506805419922 462.295143127441 421.831247329712 483.159332275391 494.740386962891 495.56615447998 322.413307189941 550.161659240723 490.195350646973 417.361856460571 539.54337310791 390.638799667358 453.833307266235 289.572265625 413.152565002441 285.455184936523 316.266235351562 179.684539794922 255.337005615234 251.770065307617 372.596221923828 364.507347106934 445.459716796875 532.898338317871 346.047630310059 386.783317565918 422.676715791225 555.033096313477 431.467254638672
684.530868530273 400.142524719238 369.255485534668 461.021309375763 346.002391815186 464.105749130249 966.624778747559 564.110229492188 400.265441894531 477.058149337769 407.794128417969 573.754741668701 489.582494854927 421.90705871582 661.827293395996 521.661754608154 369.054630279541 364.235721588135 315.051544189453 404.149538040161 434.711833953857 235.394775390625 334.036869049072 463.821670532227 423.588277816772 407.540640830994 693.356048583984 433.535779953003 540.952766418457 463.609676361084 403.969093322754 523.342185974121 390.105308532715 227.863494873047 323.061454772949 323.390830993652 234.051727294922 312.571952819824 263.221664428711 310.471603393555 375.524696350098 350.016059875488 310.613891601562 310.758987426758 293.779792785645 504.109107971191 457.08673286438 352.364963531494 471.047044754028 529.753402709961
396.363868713379 444.131790161133 391.69026184082 549.775265216827 570.981956481934 590.727433204651 525.675510406494 612.513175964355 477.100687026978 653.277572631836 547.339286804199 463.527526855469 469.4959192276 567.601108551025 663.005294799805 595.910125732422 420.639484405518 529.403442382812 350.812477111816 218.330978393555 291.944152832031 335.180236816406 423.023017883301 355.23486328125 417.747627258301 621.980407714844 474.956314086914 293.144317626953 395.593481063843 545.773101806641 653.176696777344 320.304092407227 449.890939712524 392.714645385742 419.277679443359 457.177700042725 435.233328819275 529.016670227051 344.763793945312 343.303581237793 391.721057891846 441.667221069336 362.50749206543 479.294031143188 384.711402893066 414.178916931152 447.604978561401 468.129612922668 457.139689922333 466.404253005981
450.721771240234 105.116302490234 280.85075378418 333.829040527344 579.18196105957 649.251174926758 594.083999633789 428.283134460449 377.880516052246 365.944244384766 330.771514892578 433.101165771484 285.843490600586 438.412734985352 404.709804534912 507.615451812744 341.882568359375 359.707141876221 491.951873779297 431.011703491211 385.820100784302 469.78833770752 305.052322387695 524.541107177734 346.280181884766 482.147026062012 427.192359924316 407.42696762085 471.107437133789 451.878023147583 437.000986337662 457.620931625366 476.823463439941 443.529479980469 516.412750244141 361.62268447876 385.044445037842 446.495927810669 437.32626247406 488.313636779785 424.141314983368 246.454483032227 402.273422241211 442.214169502258 491.942798614502 309.581390380859 320.581199645996 362.317283630371 510.980819702148 475.422582626343
184.96174621582 363.250610351562 340.309631347656 925.291488647461 624.906951904297 564.221504211426 517.955980300903 531.414402008057 534.376197814941 444.399812698364 366.682258605957 377.509239196777 466.050653457642 410.587242126465 430.818357467651 465.42126083374 420.824686050415 436.392204284668 346.692596435547 654.329788208008 447.772138595581 427.267681121826 437.820091247559 416.37476348877 356.772071838379 437.274696350098 356.092124938965 363.88166809082 540.23274230957 330.497535705566 305.974220275879 463.064330220222 365.091751098633 355.987289428711 363.068939208984 378.989542007446 454.617851257324 269.882843017578 511.504554748535 373.856269836426 374.026630401611 444.267827987671 277.957916259766 297.232879638672 384.196601867676 363.49382019043 238.323837280273 395.379688262939 311.385040283203 590.013824462891
583.51887512207 400.522071838379 460.98761177063 425.346282958984 644.425315856934 527.232330322266 540.805267333984 392.680801391602 433.435062408447 271.918365478516 444.689567565918 334.432106018066 432.850568294525 515.196029663086 496.818214416504 506.778442382812 359.739356994629 377.452030181885 403.057359695435 486.54451751709 407.481569290161 492.427276611328 274.981079101562 395.314935684204 525.133338928223 367.815502166748 478.735324859619 430.870656967163 304.181579589844 457.853908538818 368.693298339844 462.823749542236 350.216896057129 356.517810821533 554.341064453125 416.880652427673 435.037393569946 420.836807250977 331.646881103516 411.108584403992 462.610858917236 419.277755737305 457.100112915039 325.722129821777 393.496074676514 380.147718429565 212.896224975586 312.074119567871 445.156360626221 499.895263671875
523.349136352539 224.119415283203 1040.887134552 420.721221923828 493.669586181641 485.919317245483 464.613399505615 394.041282653809 386.263626098633 324.315780639648 388.087829589844 384.782508850098 372.608848571777 401.460000038147 490.773635864258 488.155414581299 473.233249664307 430.10590171814 363.106544494629 391.247970581055 437.143440246582 428.962369441986 467.409042358398 395.418102264404 343.178672790527 414.931203842163 459.818971633911 476.671401977539 396.969067573547 442.343227386475 475.776405334473 264.079376220703 375.648406982422 326.683094024658 566.461608886719 413.119547367096 311.316551208496 414.47457408905 369.948049545288 405.27565574646 545.479751586914 319.467010498047 248.797454833984 449.10666847229 300.213790893555 397.019430160522 401.799425601959 436.7379322052 506.580108642578 488.549499511719
639.943344116211 457.659622192383 588.976451873779 525.983688354492 614.88708114624 354.999435424805 532.335609436035 341.618759155273 357.492156982422 464.046115875244 625.991622924805 518.612525939941 495.438331604004 439.495391845703 617.102127075195 574.417846679688 405.4653673172 428.474321842194 410.272145271301 460.086597442627 470.261009216309 345.02672958374 593.237731933594 316.148628234863 361.304122924805 531.214057922363 456.039878845215 328.364185333252 447.713958740234 565.24040222168 407.530395507812 281.303588867188 417.127827644348 410.207080841064 322.639602661133 537.368698120117 502.15161895752 287.22632598877 450.994976043701 300.924880981445 294.22395324707 397.702123403549 302.151435852051 542.833511352539 313.46654510498 388.123315811157 499.069580078125 448.172470092773 372.343408584595 412.357303619385
505.765464782715 513.540180206299 541.96062374115 608.513565063477 541.49106502533 532.89072227478 462.343549728394 527.745407104492 420.8088722229 544.526557922363 496.12060546875 425.751247406006 437.888017654419 367.785217285156 386.320566177368 386.346256256104 328.091384887695 277.221923828125 455.594369888306 285.900199890137 272.334747314453 352.932838439941 615.082595825195 638.825566291809 657.188926696777 493.034523010254 238.309539794922 358.276840209961 198.362014770508 264.408531188965 482.714912414551 359.844535827637 460.66682434082 495.744262695312 591.845718383789 472.462471008301 394.442345619202 446.654705047607 348.430171966553 331.858352661133 545.186767578125 409.136192321777 447.546627044678 440.59564781189 433.619995117188 513.234092712402 290.219383239746 418.102221727371 462.20825958252 546.587051391602
566.702739715576 1087.28819656372 680.267028808594 606.590526580811 619.550537109375 480.162637710571 442.844982147217 371.726531982422 333.403907775879 384.847774505615 300.216659545898 527.039726257324 286.170364379883 424.326635360718 411.503217935562 367.372406005859 268.237075805664 411.293998718262 370.039138793945 315.708389282227 394.578338623047 316.658744812012 425.284034729004 389.128532409668 390.439792633057 483.149520874023 324.790771484375 398.759994506836 496.249710083008 523.541633605957 583.641357421875 571.233505249023 425.896793365479 298.107711791992 399.64470911026 529.393249511719 424.084671020508 377.450454711914 474.11222076416 401.658447504044 254.970108032227 330.969139099121 349.669025421143 346.951438903809 447.642555236816 419.421733856201 303.949417114258 286.590957641602 593.857528686523 494.52815246582
444.289963722229 474.263252258301 703.237701416016 786.197090148926 502.797752380371 532.665291309357 512.496200561523 488.635238647461 389.309352874756 549.71509552002 514.147102355957 356.492420196533 415.938236236572 472.252223968506 449.080455780029 443.934810638428 437.301797866821 545.219879150391 382.265596389771 320.353775024414 337.834838867188 411.376968383789 493.671295166016 339.502048492432 300.10572052002 338.535774230957 198.362297058105 270.798187255859 274.60636138916 426.483255386353 417.726238250732 385.706857681274 292.56209564209 375.206413269043 338.04426574707 437.893226623535 376.519983291626 519.885345458984 417.072166442871 430.909418106079 368.042686462402 385.348634719849 300.290832519531 508.524185180664 459.018779754639 330.593421936035 277.202758789062 427.234934806824 287.588851928711 575.960250854492
598.092681884766 441.241298675537 685.158088684082 482.879535675049 577.414585113525 602.931720733643 645.925582885742 521.934204101562 356.418601989746 372.121265411377 539.287643432617 455.596492767334 264.085144042969 429.927808761597 418.30813574791 453.099506378174 495.712532043457 421.344068527222 411.077548980713 341.181846618652 364.385444641113 526.66975402832 378.977088928223 363.209908485413 368.860494613647 292.558757781982 398.82043838501 419.890800476074 314.171194076538 257.043060302734 391.214351654053 452.245681762695 212.936050415039 414.04900932312 316.074859619141 380.391035079956 343.318443417549 396.437327384949 360.249084472656 337.035900115967 485.655120849609 525.614547729492 337.769351959229 441.837028503418 436.383896827698 324.569732666016 427.318403244019 246.628143310547 398.083499908447 570.530914306641
391.900939941406 535.331550598145 642.76834821701 452.376068115234 568.447587013245 561.702154159546 472.510519981384 505.878009796143 491.206771850586 395.620948791504 378.088603973389 322.244468688965 425.311332702637 346.141002655029 425.344568252563 429.153631210327 363.121810913086 388.809230804443 519.960968017578 409.243469238281 321.854381561279 414.444721221924 438.987693786621 401.123794555664 395.194095611572 258.838539123535 275.69507598877 249.68221282959 347.687183380127 376.532007217407 480.252349853516 366.232094526291 503.081924438477 323.892440795898 369.92205619812 343.143493652344 409.806902885437 354.976711273193 370.812752723694 448.908004760742 499.918838500977 454.026180267334 588.618072509766 425.620438575745 439.289268493652 459.700916290283 625.866012573242 452.833995819092 469.552399635315 547.819953918457
444.095001220703 694.908248901367 749.775726318359 756.807373046875 602.391547203064 672.62670135498 524.741297721863 507.503803253174 570.900039672852 556.693939208984 378.588891983032 373.696640491486 362.66697883606 271.790641784668 379.575437545776 321.299667358398 404.75023651123 496.699844360352 414.09481048584 485.401039123535 397.95821762085 367.464903831482 254.815391540527 343.22850894928 399.161418914795 351.680288314819 206.662399291992 277.633567810059 378.811467826366 372.740597844124 359.510013580322 578.936859130859 264.500831604004 421.171146392822 310.69274520874 346.998188018799 388.695049285889 420.308929443359 405.833368301392 258.888488769531 558.533889770508 426.385631561279 484.621055603027 475.293449401855 388.608562469482 437.427005767822 431.273887097836 576.184280395508 480.601219177246 532.609558105469
571.638954162598 567.378852844238 715.637435913086 717.70915222168 647.271615982056 731.198020935059 778.164398193359 574.354431152344 645.583877563477 655.575912475586 570.967575073242 387.077946186066 477.18643951416 516.507820129395 267.390724182129 341.51078414917 405.487636089325 313.418395996094 400.90916633606 424.125582695007 279.93090057373 283.461494445801 428.783683776855 267.550178527832 298.20821762085 238.708282470703 246.432579040527 300.461082458496 370.978838920593 339.617496490479 414.583633422852 351.596298217773 429.895069122314 334.531593322754 451.903884887695 433.420486450195 398.737312316895 459.882732391357 403.550416231155 367.604681015015 603.006866455078 470.226104736328 461.995121002197 513.86393737793 504.71195602417 562.431228637695 545.297546386719 486.945846557617 624.373641967773 533.024742126465
566.626613616943 539.992032051086 694.139831542969 627.79753112793 751.597290039062 711.982131958008 782.039703369141 615.082824707031 710.054733276367 346.145935058594 258.73112487793 255.332656860352 426.020896911621 503.352745056152 289.126609802246 455.900152981281 451.214094161987 311.192268371582 387.476334571838 482.231582641602 402.136703491211 419.851668357849 483.01537322998 458.058776855469 382.290183067322 393.113235473633 347.085135221481 444.15047454834 368.330015182495 258.897331237793 222.019332885742 271.887077331543 334.962902069092 415.631427764893 362.461799621582 389.149161338806 541.916381835938 452.442567825317 368.984924316406 440.64115858078 493.233215332031 474.299682617188 453.216247558594 429.289744615555 455.317928314209 610.208602905273 405.912494659424 505.198715209961 486.683881282806 577.12133026123
538.785350799561 582.066221237183 770.246185302734 611.154871940613 700.082000732422 741.351295471191 591.559797286987 602.89485168457 532.386154174805 471.579475402832 431.342756271362 371.540197372437 440.11275100708 313.61820602417 276.197982788086 315.924133300781 478.526817321777 484.541076660156 540.119674682617 461.036346435547 323.613803863525 329.69214630127 301.991195678711 405.800525665283 408.515132904053 518.875045776367 394.930625915527 286.669502258301 362.186450958252 415.788692474365 409.536623001099 331.970504760742 354.572877883911 376.391988277435 375.054119110107 337.843732833862 427.663291931152 393.717821478844 489.063606262207 403.264749526978 514.043098449707 442.635942459106 431.375761032104 361.099502563477 457.640577316284 593.109832763672 492.727870941162 613.894958496094 658.834884643555 503.9423828125
520.344631195068 557.795284986496 592.649566650391 682.288871765137 670.023773193359 511.770603179932 439.809885978699 645.141326904297 562.977416992188 409.35454750061 573.28889465332 347.075202941895 374.634239196777 427.497268676758 292.830307006836 367.022247076035 354.368234634399 424.595741271973 487.711982727051 201.347213745117 325.408664703369 405.607233047485 294.143821716309 441.056587219238 420.321083068848 335.408660888672 323.004474639893 459.072731018066 409.739318847656 432.631908416748 501.297134399414 386.070338249207 286.861976623535 384.943128585815 300.791664123535 399.510251998901 427.584800720215 397.565576553345 471.357322692871 421.05117098242 328.664726257324 435.825747489929 269.226623535156 519.148750305176 469.963596343994 566.793029785156 467.517673492432 528.956703186035 637.898452758789 605.063568115234
333.405090332031 539.385646820068 434.957443237305 735.624008178711 624.753631591797 554.926708221436 477.942880630493 548.562110900879 503.915687561035 598.882476806641 512.765068054199 402.375214576721 350.182823181152 213.86946105957 490.496704101562 331.68775177002 389.340560913086 407.026184082031 597.851272583008 375.01106262207 234.644058227539 252.979110717773 404.308778762817 338.221179962158 443.665946960449 370.905395507812 405.906600952148 254.463081359863 346.669582366943 443.604507446289 500.707931518555 494.165138244629 377.007148742676 353.977428436279 413.293628692627 423.087468147278 328.612636566162 382.655807495117 469.864658355713 346.589244842529 431.941059589386 399.266078948975 424.538896083832 548.522254943848 368.893287658691 315.023612976074 560.675018310547 694.908721923828 374.913307189941 493.500679016113
697.339920043945 440.508171081543 559.593544006348 640.345100402832 510.389755249023 594.738311767578 497.313682556152 405.897054672241 366.620191574097 316.365783691406 418.921279430389 556.075485229492 496.682723999023 333.269721984863 288.367195129395 193.686981201172 249.701927185059 543.053665161133 379.329731494188 464.310180664062 379.57516002655 346.087413787842 448.46683883667 341.565025568008 299.104400634766 388.786431193352 269.244285583496 288.339302062988 353.586591720581 445.597236633301 266.431465148926 321.533790588379 218.258010864258 314.349662780762 332.385940551758 419.483415305614 320.957046508789 442.088027954102 374.420543670654 458.232804298401 491.915409088135 479.027603149414 337.595581054688 324.13395690918 487.773635864258 498.144138336182 512.008232116699 469.903623580933 491.395359039307 637.371444702148
