export/dem/dem67.asc
NCOLS 350
NROWS 171
XLLCORNER 152620
YLLCORNER 418050
CELLSIZE 100
NODATA_VALUE -9999
[rows 88 to 109 of 171, columns 200 to 249 of 350]
688.525673866272 611.485786437988 587.986297607422 672.446776628494 640.569417953491 775.85725402832 862.423980712891 628.769026279449 529.379943847656 736.792686462402 647.970252990723 722.977935791016 684.188732147217 756.073638916016 738.530151367188 588.52611541748 670.126893043518 736.990146636963 670.151178359985 711.343509674072 648.856081008911 832.383438110352 678.470333099365 643.207270622253 589.237121582031 526.781646728516 683.866098403931 654.116575241089 709.64054107666 640.908180236816 689.1174659729 714.259223937988 747.922973632812 781.078567504883 629.464331626892 576.74633026123 721.025581359863 622.781196594238 656.513919830322 748.999353408813 660.464805603027 820.63353729248 999.704223632812 795.699424743652 836.608795166016 732.354413986206 831.28539276123 912.422840118408 916.387378692627 731.66365814209
769.505256652832 720.697196006775 598.745407104492 570.635971069336 681.71630859375 708.056079864502 681.33057975769 543.270523071289 715.003883361816 434.931838989258 680.864688873291 741.803321838379 774.389907836914 700.832336425781 707.049247741699 724.035362243652 956.634155273438 723.588485717773 753.694320678711 771.861694335938 717.963176727295 690.832500457764 646.092758178711 522.588310241699 544.461868286133 604.140243530273 671.534183740616 756.593399047852 669.20503616333 656.117031335831 677.27067565918 677.557233810425 819.249267578125 636.898351669312 733.072662353516 819.626861572266 599.476262331009 468.281265258789 621.921920776367 599.703048706055 673.508499145508 930.44026184082 772.45481300354 769.248023986816 687.911994934082 622.350845336914 909.965896606445 884.413505554199 1118.41772460938 878.922889709473
558.465538024902 983.628974914551 514.122894287109 728.668636322021 719.616119384766 680.961042404175 631.954828262329 679.451290130615 535.024253845215 619.077451705933 611.195106506348 776.520217895508 653.753168106079 722.142807006836 695.436584472656 816.938110351562 776.792434692383 694.316955566406 925.41455078125 568.773025512695 703.228637695312 715.097171783447 682.054317474365 576.622863769531 583.332153320312 648.627326965332 684.862817168236 587.890151977539 715.196529388428 679.799782752991 714.887470245361 627.523898839951 643.515857696533 696.727142333984 665.643768310547 724.594345092773 600.341564178467 617.036666870117 726.615520477295 653.182502746582 733.637409210205 670.669242858887 669.731750488281 871.007741689682 743.998317718506 557.564361572266 715.773085176945 930.422515869141 884.049217224121 1016.25645446777
553.314602851868 392.058471679688 390.201416015625 665.257307529449 563.685829162598 697.803508758545 671.941324234009 564.768394470215 739.849052429199 357.997619628906 659.561851501465 678.252662658691 600.992042541504 519.727912902832 779.613265991211 715.820678710938 917.071136474609 839.722290039062 731.325950622559 750.062652587891 629.735855102539 661.976741313934 774.330009460449 641.509929656982 772.631889343262 571.750389099121 782.001602172852 806.057968139648 629.23254776001 614.612274169922 594.571960449219 602.762451171875 596.049659729004 766.705421447754 796.243911743164 642.347580850124 656.808346748352 673.293500900269 763.448619842529 785.762943267822 714.099052429199 692.384254455566 861.0700340271 705.70532989502 783.250465393066 616.419124603271 712.847145080566 789.850833892822 902.679948806763 915.44507598877
549.835571289062 628.573136329651 606.487817764282 620.007194519043 662.39071393013 574.346786499023 709.295806884766 525.782577514648 581.908264160156 625.416736602783 840.160995483398 606.578437805176 803.203506469727 749.493087768555 655.37152671814 717.369079589844 785.895614624023 848.367538452148 736.467247009277 577.918975830078 682.254127502441 799.156684875488 722.097401618958 676.296703338623 680.03023147583 696.418145656586 823.688301086426 806.695449829102 651.424975395203 792.255226135254 686.597405672073 588.809432983398 640.444504737854 839.292022705078 702.366691589355 899.153228759766 840.847305297852 604.676544189453 633.141242980957 636.363658905029 696.109931945801 889.530471801758 567.371109008789 808.188430786133 543.914573669434 770.647491455078 773.285758972168 695.066596984863 771.375888824463 814.812572479248
728.679092407227 663.99645614624 723.163830280304 670.854995727539 560.910669326782 1200.51774597168 746.339782714844 625.269292831421 667.301837921143 684.146532058716 644.752596855164 638.617587089539 603.999011039734 540.740417480469 621.605345487595 636.057072997093 801.13850402832 628.857259750366 677.954330444336 676.821202278137 642.414203166962 731.294189453125 848.527587890625 664.26106262207 620.827575683594 730.803737640381 678.716255187988 657.208723068237 529.093368530273 773.179397583008 656.570621490479 506.07373046875 701.979988098145 682.295387268066 847.100929260254 771.256256103516 653.429676055908 743.535217285156 854.508346557617 755.432312011719 701.822814941406 581.009147644043 677.059288024902 622.297630310059 655.402804851532 570.232887268066 631.791427612305 855.187297821045 807.353476762772 720.785842895508
681.175245285034 706.175631999969 672.541488647461 550.354598999023 775.658752441406 609.722869873047 906.062446594238 644.608448028564 785.117706298828 728.542549133301 506.123069763184 628.41309261322 605.465620040894 611.046146392822 554.833137512207 448.690124511719 551.071670532227 764.012641906738 708.795585632324 650.481281280518 775.862915039062 634.355145931244 698.903709411621 854.754943847656 681.715721130371 634.623420715332 712.942155838013 520.069961547852 548.85994720459 672.166658401489 494.799331665039 743.590703010559 641.16429901123 771.134712219238 794.27140045166 994.430709838867 713.620876312256 675.667127609253 690.50750541687 836.210334777832 784.480583190918 747.302947998047 620.818691253662 616.983898162842 725.907207489014 836.270561218262 654.512628555298 681.988563537598 792.051536560059 813.398122787476
859.271301269531 761.021621704102 801.805244445801 658.309593200684 718.715929031372 647.138140797615 574.865356445312 582.452278137207 708.008785247803 632.166137218475 546.666053771973 618.913940429688 590.948097229004 693.461639404297 535.957901000977 607.177561759949 529.344207763672 651.542605400085 806.354568481445 666.752624511719 733.032760620117 783.520751953125 757.093376159668 641.42232131958 795.848518371582 664.996192932129 590.91170501709 582.833274841309 588.681098937988 789.452461242676 597.672172546387 693.573265075684 857.092651367188 737.249622344971 636.226470947266 842.594104766846 775.740985870361 681.578985214233 592.544097900391 530.017074584961 679.026201248169 735.507970809937 870.306976318359 651.50715637207 777.956438064575 792.659412384033 682.192353248596 550.555725097656 866.38102722168 581.113296508789
719.100955963135 561.232818603516 691.037612915039 692.1875 676.166015625 653.560668945312 670.745136260986 569.471130371094 757.560089111328 612.386692047119 590.591987609863 568.402687072754 664.046323776245 605.449682235718 428.83171081543 596.854621887207 654.082929611206 556.570663452148 618.016555786133 822.959259033203 836.284439086914 735.091354370117 697.82190322876 691.465317726135 719.27681350708 457.714172363281 721.87744140625 676.35307303071 764.016151428223 763.849411010742 580.461769104004 586.999588012695 764.511032104492 689.140300750732 606.118186950684 868.164710998535 823.756610870361 632.502769470215 395.808319091797 666.201288223267 627.987663269043 636.738311767578 806.21021270752 627.450416564941 654.828765869141 708.151702880859 648.708484649658 699.620475769043 603.927001953125 654.54704284668
673.432189941406 717.887271881104 745.245391845703 780.783599853516 789.680041313171 533.077285766602 590.962532043457 862.237503051758 524.724678039551 585.981620788574 566.939651489258 608.636648178101 622.468284606934 492.926483154297 519.88143157959 543.588768005371 660.651504516602 621.229494571686 692.931930541992 597.961380004883 615.755699157715 703.608366012573 558.184150695801 703.536811828613 523.677711486816 629.298469543457 649.034973144531 579.480323791504 455.408615112305 588.106727600098 625.095804214478 602.212051391602 610.619478225708 595.597854614258 555.207050323486 691.219697475433 615.371467590332 602.755599975586 587.021896362305 753.673133850098 699.424381256104 654.205623626709 693.360536575317 699.502540111542 629.686218261719 789.610593795776 697.172077178955 784.716423034668 953.214825630188 669.195037841797
714.827279090881 591.514348983765 644.022064208984 621.677139282227 756.420167922974 799.421676635742 595.205177307129 584.226448059082 658.930107116699 629.831684112549 612.369697570801 599.217266082764 617.613870620728 686.309267044067 721.867042541504 573.955112457275 659.98929977417 714.305717468262 646.475540161133 675.492626190186 688.92561340332 565.555732727051 566.369827270508 762.489685058594 550.651168823242 820.259994506836 544.732971191406 526.955459594727 585.065284729004 748.535335540771 701.259247779846 574.374725341797 507.906387329102 594.847354888916 589.49206161499 708.768797874451 506.725524902344 613.270481109619 644.814033508301 585.268524169922 676.17785358429 535.247062683105 594.962898254395 630.9482421875 757.123496770859 753.169111251831 710.249011993408 827.951065063477 690.88208770752 636.163711547852
1047.3415222168 472.538665771484 678.298633575439 647.259452819824 716.957780838013 700.029983520508 688.053321838379 608.020484924316 832.153480529785 689.856221199036 562.013771057129 566.005340576172 685.440982818604 701.699546813965 562.98356628418 575.037002563477 647.055243968964 682.539905548096 526.419128417969 525.308654785156 659.612416148186 514.981201171875 721.507270812988 667.168319702148 694.704744338989 637.428123474121 1027.13176441193 893.477266788483 680.471921920776 618.955078125 742.938495635986 556.269393920898 559.636322021484 551.188064575195 455.70915222168 623.849136352539 563.060607910156 508.149444580078 695.416450977325 574.066764831543 633.862945556641 547.734481811523 621.308601379395 442.07878112793 657.699569702148 641.644439697266 614.323928833008 921.082298278809 951.12703704834 948.406784057617
805.195575714111 735.584625244141 494.803161621094 636.216728210449 798.666763305664 795.745510101318 675.434280395508 771.978260040283 698.740264892578 754.244113922119 673.019961833954 819.289733886719 564.287979125977 636.600028991699 779.590526580811 924.239486694336 752.05298614502 547.51180267334 703.63525390625 574.641189575195 624.889465332031 903.408813476562 642.210403442383 791.397384643555 693.066285848618 647.588485717773 985.796936035156 909.209129333496 922.786376953125 1191.37919616699 1266.89235687256 593.368377685547 589.264808654785 471.104019165039 563.102157592773 644.45719909668 849.73112487793 530.412506103516 692.417325973511 601.093170166016 667.220184326172 671.724643707275 620.313980102539 654.668144226074 819.526092529297 861.759826660156 915.732421875 756.308326721191 1105.09332275391 794.653493881226
881.914463043213 703.116781234741 680.562839508057 884.508285522461 699.494529724121 842.761566162109 741.325744628906 720.653106689453 667.448959350586 903.876922607422 565.229179382324 614.179908752441 536.360160827637 662.384667396545 888.090911865234 850.043441772461 685.00337600708 507.777572631836 698.528465270996 623.553178191185 650.791420459747 619.617572784424 709.351890563965 772.137138366699 596.057638168335 710.0888671875 574.60725402832 423.249572753906 561.704452514648 450.024871826172 553.544418334961 507.206146240234 577.838882446289 1059.23092651367 809.707748413086 780.287445068359 1021.27285766602 905.687850952148 695.678092956543 847.211086273193 813.611198425293 540.207611083984 620.432777404785 775.728895187378 608.611114501953 806.544403076172 647.251754760742 1068.65231704712 1318.2193145752 721.316381454468
937.873825073242 854.47484588623 630.23543548584 607.090091705322 773.680435180664 883.9951171875 660.595207214355 773.179321289062 943.038452148438 679.966613769531 925.707260131836 627.056497573853 545.264114379883 553.429962158203 725.687593460083 793.003150939941 662.671731948853 640.752199172974 610.42756652832 631.031656265259 495.254257202148 535.472663879395 559.937828063965 608.278285980225 693.402528524399 587.571269989014 502.943878173828 594.147262573242 582.24462890625 470.771301269531 449.24577331543 483.034805297852 638.143505096436 541.858474731445 436.274932861328 404.242034912109 521.041687011719 1013.24854660034 414.512512207031 596.391571044922 584.534767150879 468.690185546875 1145.90217208862 557.526336669922 913.429016113281 743.385353088379 580.638076782227 805.20011138916 920.297824859619 570.459869384766
673.372524261475 815.889145612717 771.434864044189 820.474349975586 809.693305969238 765.068712234497 736.105934143066 711.533088684082 809.292217254639 790.438938140869 663.41414642334 626.125854492188 556.41007232666 695.536451339722 524.026596069336 805.79753112793 678.38897895813 595.543746948242 776.003547668457 630.696395874023 660.190898895264 587.377539634705 449.627624511719 514.459564208984 736.760452270508 459.304504394531 571.068626403809 621.86657333374 557.648643493652 534.365707397461 461.259140014648 460.859481811523 670.749646186829 584.214622497559 739.170227050781 527.996765136719 705.772430419922 785.888061523438 742.70198059082 645.762722015381 452.876678466797 478.763336181641 793.438659667969 629.360977172852 895.046783447266 985.413299560547 662.072052001953 1101.52528381348 729.01203918457 1300.15462493896
-9999 553.502990722656 820.60765838623 623.74626159668 882.959030151367 721.887279510498 906.306228637695 709.908897399902 718.823974609375 711.604866027832 428.702087402344 1004.06977081299 395.909454345703 600.065567016602 671.900882720947 598.82611656189 764.223388671875 647.402172088623 493.026321411133 558.300373077393 578.99365234375 588.892852783203 585.469268798828 924.556705474854 935.973415374756 492.773071289062 637.803255081177 578.510372161865 579.073318481445 578.56689453125 676.646169662476 512.866333007812 653.800373911858 616.35521697998 1097.74026489258 440.73420715332 495.549667358398 605.617221832275 656.042865753174 617.78205871582 470.768676757812 450.884490966797 636.806167602539 614.862274169922 526.751678466797 1021.51429748535 598.493225097656 711.089126586914 628.938171386719 805.665222167969
-9999 746.654866218567 677.323333740234 609.38074016571 595.343696594238 811.734546661377 731.755506515503 748.309624671936 831.085945129395 688.095932006836 646.770401000977 664.060554504395 551.889602661133 510.281692504883 638.65539932251 549.281608581543 589.289213180542 730.411697387695 770.961303710938 710.43766784668 632.196912765503 730.346340179443 601.095993041992 557.914810180664 1153.1685333252 532.799926757812 565.375480651855 633.120306015015 589.823974609375 618.718296051025 585.88452911377 570.770751953125 594.466323852539 635.773168563843 1181.93999099731 499.088119506836 656.23804473877 628.148365020752 613.584777832031 697.036038756371 596.456985473633 578.455184936523 525.986465454102 704.004215240479 684.483268737793 611.109634399414 805.128677368164 571.631546020508 593.084625244141 517.24284362793
-9999 -9999 684.653961181641 664.140333175659 787.044143676758 769.583858966827 736.678810119629 931.792114257812 757.574127197266 735.170295715332 664.232429504395 423.422134399414 497.414611816406 502.575881958008 643.838559150696 501.872997283936 376.774765014648 486.271820068359 581.216377258301 742.594940185547 682.89462852478 454.958419799805 519.763687133789 498.242446899414 540.922027587891 591.697532653809 522.691444396973 595.425609588623 783.659423828125 508.236511230469 628.321571350098 595.341796875 618.346515655518 640.270648956299 695.24878692627 560.504222869873 596.405937194824 645.201212882996 506.980499267578 507.190277099609 488.724914550781 553.580535888672 670.181747436523 657.749618530273 669.933769226074 649.540863037109 715.150897979736 560.238555908203 734.54621887207 676.782211303711
-9999 -9999 1046.01330852509 975.289018630981 565.221832275391 568.313011169434 876.18350982666 756.313395231962 648.603042602539 780.7327003479 971.878929138184 611.325248718262 658.651046991348 560.124473571777 529.608184814453 457.463485717773 527.345352172852 470.25838470459 587.274028778076 486.345771789551 442.173263549805 433.773025512695 638.229766845703 569.556243896484 573.828533172607 650.334678649902 615.290145874023 487.262573242188 719.074142456055 611.443855285645 548.101196289062 615.427265167236 483.387954711914 681.294143676758 449.023910522461 470.933670043945 717.638562202454 698.672737121582 606.20760345459 556.245223999023 730.206985473633 769.603904724121 755.287605285645 706.515930175781 690.566879272461 831.059226989746 682.24974822998 854.185808181763 905.418853759766 724.709518432617
-9999 -9999 -9999 716.180641174316 595.920059204102 782.597610473633 694.525177001953 696.04655456543 702.942764282227 645.684120178223 454.924453735352 622.41841506958 427.230255126953 578.090896606445 526.961799621582 485.542404174805 535.411308288574 581.782161712646 622.163726806641 635.590057373047 526.569496154785 601.696895599365 527.123044967651 1463.37952804565 465.560173034668 665.960444450378 659.746747970581 555.063247680664 552.032112121582 506.130096435547 818.393565177917 567.661796569824 693.459646224976 601.246906280518 566.295280456543 575.123840332031 572.920028686523 591.686248779297 452.757369995117 457.023162841797 585.125152587891 673.075378417969 529.690170288086 712.738456726074 614.924224853516 764.919158935547 713.775924682617 569.309219360352 619.171195983887 1124.35171508789
-9999 -9999 -9999 660.70613861084 571.723293304443 765.964042663574 834.222602844238 718.697490692139 721.240196228027 1005.11339950562 507.199829101562 501.228256225586 415.58219909668 513.786849975586 598.604496002197 544.978271484375 427.417449951172 686.654960632324 445.163818359375 439.000411987305 497.973403930664 465.927856445312 598.699447631836 857.834609985352 644.892883300781 582.74967956543 648.275611877441 644.103685379028 639.320615768433 572.485092163086 561.216697692871 515.141479492188 606.971809387207 549.923965454102 408.965545654297 965.00212097168 430.554916381836 478.499389648438 509.389602661133 489.357330322266 413.772552490234 410.707244873047 621.858367919922 753.572769165039 823.42008972168 1248.15946960449 754.977828979492 683.821197509766 1058.24028015137 917.328346252441
