export/dem/dem60.asc
NCOLS 350
NROWS 171
XLLCORNER 152620
YLLCORNER 418050
CELLSIZE 100
NODATA_VALUE -9999
[rows 44 to 65 of 171, columns 250 to 299 of 350]
811.546989440918 630.654968261719 706.54207611084 683.848754882812 685.624099731445 730.804840087891 782.411510467529 793.976524353027 749.199962615967 650.980911254883 698.409992218018 702.380088806152 866.220169067383 697.541656494141 864.340286254883 669.678733825684 676.844955444336 871.244010925293 789.238000869751 890.277122497559 747.914451599121 713.316173553467 790.513118743896 662.182640075684 485.856170654297 743.226913452148 775.308197021484 824.536270141602 781.242389678955 679.147636413574 895.811862945557 691.109710693359 757.36051940918 828.827598571777 692.646461486816 737.320098876953 673.008338928223 818.346939086914 974.750526428223 991.476364135742 752.140327453613 787.106197357178 732.866226196289 950.06290435791 849.868061065674 773.498573303223 961.177726745605 799.461715698242 920.838684082031 923.682006835938
641.803741455078 848.643238067627 773.099864959717 661.099479675293 715.340471148491 620.022789001465 715.515207290649 696.884326934814 709.173985481262 713.356892585754 661.334243774414 863.317329406738 718.995569467545 830.398406982422 802.993835449219 806.201690673828 805.790679931641 749.931650161743 873.512268066406 821.813186645508 832.442367553711 719.873580932617 799.841911315918 725.859655380249 724.404762268066 722.386322021484 615.418991088867 664.113525390625 626.837265014648 956.990406036377 940.858428955078 744.912124633789 892.805526733398 783.379302978516 654.288139343262 753.532196044922 850.591018676758 750.348419189453 1358.39699172974 913.427459716797 737.492683410645 1037.01503753662 999.573944091797 935.454971313477 1001.13424682617 940.531257629395 906.620166778564 800.447353363037 829.842611312866 883.715362548828
690.289154052734 699.813073396683 630.233070373535 639.125045776367 694.50710606575 635.55578994751 657.547645568848 664.050888061523 837.075469970703 721.526718616486 881.09391784668 686.684329986572 864.19393157959 740.967468261719 741.942689418793 815.128059387207 676.193870544434 845.447372436523 936.32250213623 865.214012145996 747.509685277939 677.970642089844 775.717018127441 544.960372924805 448.63037109375 1278.58569335938 738.36506652832 998.251098632812 1126.72962188721 605.61710357666 737.644683837891 687.506156921387 748.489868164062 721.666412353516 1019.51516723633 1365.31788635254 1126.86597442627 812.415908813477 1402.01713562012 1349.97685050964 809.262065887451 807.872486114502 965.043474197388 759.784851074219 1092.63782119751 1027.20018005371 1438.06492614746 973.859016418457 1009.16077423096 908.883261680603
666.736122131348 595.100051879883 602.774742126465 719.540588378906 753.101787567139 555.709091186523 751.096277236938 729.299077033997 655.224807739258 652.989295959473 721.832926154137 672.739200592041 750.097680807114 585.023895263672 782.26583480835 749.293628692627 815.18062210083 676.965515136719 686.856986999512 636.670547485352 794.918216705322 688.83504486084 690.314723968506 797.589254379272 526.488250732422 1086.06297302246 832.991762161255 983.705749511719 864.379989624023 1351.56711387634 696.349075317383 743.675109863281 853.116817474365 1020.62260437012 757.172134399414 926.409820556641 1151.10150146484 831.015807151794 1152.31055831909 894.600891113281 743.645790100098 807.741010665894 1297.26204299927 987.800029754639 967.633769035339 871.582572937012 765.66658782959 831.697601318359 917.239166259766 894.413507461548
684.178760528564 682.870723724365 557.162017822266 598.17162322998 558.532440185547 664.786838531494 708.623970031738 758.324241638184 748.174083709717 636.954734802246 729.614695549011 676.195896148682 826.257179260254 604.364593505859 653.245170593262 890.388244628906 974.38264465332 677.547119140625 660.364082336426 787.623920440674 562.119110107422 650.85359954834 771.590546607971 705.753265380859 757.491418838501 651.215789794922 695.026702880859 834.146682739258 543.939056396484 1065.87448883057 1118.64616394043 692.837036132812 765.932357788086 694.653793334961 664.674163818359 635.743148803711 920.259643554688 758.562923431396 1661.16283988953 1097.10026836395 915.989265441895 731.252487182617 1068.00694274902 832.19446849823 896.055393218994 1189.32278442383 845.929130554199 1854.15982818604 728.627922058105 892.591510772705
650.308841705322 661.362323760986 697.498047828674 658.330284118652 726.902671813965 593.662841796875 723.715797424316 741.652835845947 667.566524505615 838.874153137207 660.529689788818 653.27579498291 804.31965637207 596.836013793945 621.348114013672 747.30983543396 766.853132247925 646.325187683105 704.298336029053 586.496810913086 712.017309188843 555.413101196289 603.488082885742 703.710544586182 679.886795043945 1024.20362854004 875.102687835693 758.807464599609 652.122123718262 784.753410339355 808.323806762695 785.960357666016 815.930442810059 651.116424560547 1266.01183319092 655.284576416016 692.621719360352 706.495948791504 776.331954956055 906.385231018066 760.081283569336 803.685852050781 942.039611816406 1049.19174194336 789.990821838379 826.808219909668 1024.5181427002 906.83637046814 851.581130027771 812.245211601257
609.811721801758 685.644064903259 725.139724731445 577.523651123047 732.75249671936 680.989772796631 722.106616973877 768.984642028809 800.456855773926 634.803981781006 776.64404296875 691.153918504715 698.561982154846 691.741132736206 768.271911621094 736.388849258423 626.687507629395 758.068246841431 674.923114776611 672.738109588623 680.981796264648 761.651582241058 862.610298156738 740.389126777649 713.40153503418 909.421447753906 845.942016601562 1068.71781921387 714.719875335693 827.365328788757 1007.06941223145 871.025955200195 746.881019592285 799.039283752441 872.97974395752 809.886555314064 737.919990539551 1112.65957641602 840.128257751465 860.831817626953 1213.73875236511 904.274906158447 734.045166015625 962.494081497192 918.599821090698 852.176025390625 838.426300048828 1248.53890609741 1004.0962677002 847.786079406738
546.734115600586 573.761871337891 771.572830200195 760.594741821289 736.200931072235 717.580432891846 776.559555053711 752.465009689331 749.527976989746 783.990539550781 708.494477272034 730.920984268188 787.792419433594 765.288890838623 606.313667297363 658.139205932617 640.560256958008 672.789325714111 622.48405456543 577.215240478516 680.463531494141 588.028900146484 649.256591796875 694.564811706543 818.739917755127 787.161895751953 1049.24660873413 677.300659179688 812.236381530762 843.06215441227 784.351623535156 883.796875 914.50422668457 1158.96131896973 1010.67953491211 715.31526184082 597.432281494141 751.770889282227 826.809875488281 900.301102638245 904.546550750732 729.883018493652 677.977386474609 603.977340698242 729.803833007812 850.055656433105 881.131103515625 737.447662353516 671.102310180664 792.445308685303
822.839813232422 761.713768005371 694.894500732422 751.68342590332 786.299774169922 689.524198532104 746.239608764648 746.303835332394 611.601539611816 802.137870788574 854.354095458984 636.812202453613 762.723644256592 654.319595336914 777.824165344238 610.680335998535 607.453155517578 644.196060180664 699.923671722412 671.998664855957 787.247922897339 613.205291748047 688.165252685547 677.263114929199 705.538536071777 870.056304931641 881.188734054565 849.133014678955 743.556709289551 681.087371826172 659.849197387695 585.703140258789 797.285797119141 1120.38801574707 709.464447021484 649.667221069336 1086.45601654053 631.589889526367 984.198333740234 878.106002807617 632.833282470703 667.029495239258 598.602340698242 634.013534545898 745.663146972656 731.930213928223 1260.11775970459 844.813522338867 872.051626205444 775.180130004883
465.385513305664 773.804870605469 891.265462875366 669.48618888855 618.683723449707 805.123039245605 701.264051675797 587.692192077637 544.219802856445 794.707834243774 1199.32003068924 662.298919677734 714.970474243164 706.251728057861 977.24405670166 932.408210754395 547.16877746582 552.305862426758 571.972915649414 1528.94715881348 758.195755004883 542.644760131836 527.570053100586 1315.00289916992 776.281806945801 757.253128051758 762.173641204834 746.247486114502 655.711433410645 710.950416564941 578.699691772461 877.950103759766 716.498306274414 673.413055419922 498.244537353516 1106.53460693359 1033.53533172607 830.032608032227 880.711973190308 577.793243408203 1247.93465423584 764.739404678345 719.352233886719 682.754486083984 704.703308105469 494.400909423828 749.335773468018 650.843872070312 771.66968536377 725.785537719727
532.282592773438 614.632247924805 725.918792724609 604.262195587158 734.963081359863 763.520824432373 769.817878723145 539.608505249023 909.980697631836 720.223678588867 901.993270874023 1611.94120788574 848.00724029541 1056.60761260986 955.125427246094 1625.01918792725 477.001525878906 808.522125244141 853.408020019531 497.957061767578 565.629318237305 515.355560302734 717.788261413574 747.858428955078 749.110324859619 792.06468963623 737.124000549316 900.53578543663 774.556007385254 668.858024597168 648.807037353516 636.392532348633 1071.46311950684 706.955017089844 666.655822753906 786.273941040039 1202.2752532959 662.938842773438 706.576263427734 796.116325378418 812.901794433594 737.767379760742 661.53337097168 880.90991973877 776.329093933105 686.372528076172 650.205200195312 717.324813842773 699.784805297852 655.923538208008
606.440006256104 561.764259338379 468.278015136719 664.509305953979 709.37984752655 653.283390045166 665.088810443878 1250.74258422852 769.77038025856 834.658483505249 808.317790985107 755.586696624756 640.326431274414 707.253547668457 626.083068847656 1430.53144836426 566.000106811523 1350.11463928223 629.145523071289 640.225738525391 1343.80484008789 1526.05926513672 1825.60494995117 833.255577087402 1102.09226894379 1480.83602905273 848.917102813721 732.750679016113 723.266357421875 603.021118164062 958.48148393631 687.862197875977 799.920463562012 788.208042144775 944.746154785156 680.000915527344 1011.35763549805 877.291580200195 691.988998413086 1237.14360427856 1315.94618988037 790.356292724609 1411.52278900146 844.840972900391 604.223602294922 593.628372192383 650.336303710938 728.33358001709 627.509475708008 409.688262939453
603.764778137207 650.600170135498 695.771548271179 676.37583732605 739.774375915527 787.636016845703 807.964370727539 783.979400634766 631.494449615479 650.552127838135 807.013618469238 755.65678024292 844.815521240234 913.371940612793 551.734100341797 708.940757751465 802.541046142578 718.334381103516 542.789428710938 639.604309082031 845.022155761719 504.546356201172 1903.68376541138 1896.33604431152 800.566093444824 894.410311460495 859.754344940186 773.90934753418 695.35604095459 864.519207000732 853.083129882812 713.744571685791 779.58251953125 952.568711280823 686.333656311035 623.313995361328 566.34489440918 847.533905029297 917.031467437744 1227.58126449585 758.305431365967 919.97049331665 604.868270874023 797.651097297668 689.583724975586 809.724105834961 776.011993408203 523.559967041016 530.553344726562 803.888793945312
663.501932144165 764.420455932617 633.043243408203 729.589515686035 771.692520141602 756.729545593262 668.423392295837 726.616771697998 700.546606063843 665.928534507751 818.989456176758 758.013946533203 743.39436340332 690.600745081902 471.479782104492 778.594779968262 755.122749328613 824.909770965576 639.896423339844 631.236305236816 645.72989654541 801.119789123535 1154.77043151855 774.282108306885 803.630722045898 750.217147827148 884.921807289124 730.400978088379 728.501739501953 831.116104125977 843.475269317627 738.880798339844 609.195350646973 886.498836517334 924.107536315918 1403.60119628906 725.633926391602 706.937660217285 822.693857192993 581.500045776367 770.126782417297 776.51106262207 697.339126586914 846.293529510498 795.998432159424 661.22380065918 754.275821685791 649.040222167969 543.282592773438 1314.79565429688
672.998923301697 677.317205429077 811.856292724609 689.399238348007 683.503750920296 787.495803833008 807.579597473145 692.425511717796 649.176681518555 804.521186828613 797.56063079834 833.965438842773 781.793045043945 778.829711914062 733.594749450684 655.460653305054 582.93236541748 621.488380432129 573.714210510254 836.567848205566 652.006927490234 791.896835327148 1038.36457061768 557.765121459961 858.023910522461 917.658988952637 901.920928955078 728.861583709717 699.068840026855 794.144462585449 774.335437774658 738.698187828064 602.799301147461 974.487092971802 713.577182769775 807.56272315979 808.766796112061 781.285018920898 920.484741210938 874.049959182739 930.94543838501 832.396230697632 671.542327880859 794.824342727661 747.912879943848 699.462142944336 719.07103729248 686.307998657227 886.635711669922 2134.48901367188
715.461029052734 720.036735534668 702.414356231689 622.689746856689 854.09977722168 738.860885620117 638.577682495117 692.871521949768 682.568634986877 759.200614929199 650.955955505371 737.743579864502 674.017316818237 694.78265619278 642.182350158691 716.370697021484 791.751106262207 598.886840820312 597.769905090332 1047.29335689545 736.206329345703 687.217315673828 763.617021083832 862.99836730957 805.995992660522 729.506164550781 748.893768310547 832.746284484863 726.255596160889 748.889734268188 877.337619781494 572.981369018555 637.075790405273 790.233804702759 829.449821472168 796.716514587402 699.787094116211 826.713824272156 950.55598449707 972.001174926758 732.443801879883 827.019538879395 730.500907897949 738.655139923096 908.339904785156 893.347549438477 812.758399963379 678.331008911133 1033.58975219727 1592.83570861816
697.427270889282 654.263790607452 786.69571685791 755.017951965332 701.057594299316 617.738479614258 798.039001464844 686.64188170433 487.725311279297 731.175205230713 870.29264831543 835.487884521484 853.942352294922 674.61909866333 683.605741500854 690.754674911499 774.395477294922 673.0139503479 657.292343139648 559.807327270508 1177.17999839783 1300.31679344177 691.331031799316 712.961055755615 624.082237243652 798.682225704193 980.751194000244 738.660369873047 753.845376968384 687.472671508789 661.091270446777 819.97730255127 778.557914733887 790.868469238281 890.369888305664 683.039531707764 809.739105224609 584.718978881836 1155.1696472168 652.800727844238 773.317529827356 777.050430297852 837.009284973145 688.14493560791 730.450103759766 713.731773376465 810.822099685669 652.116806030273 653.002578735352 1210.31506347656
761.067398071289 626.455354690552 818.98486328125 667.77071762085 750.738563537598 688.040223121643 674.600650429726 724.578174591064 661.375049591064 759.669067382812 798.740219116211 698.361652374268 742.075862884521 595.278053283691 590.590492248535 620.889663696289 723.600284576416 632.873046875 607.135482788086 738.960927963257 608.032928466797 700.251880645752 641.670997619629 793.88850402832 607.974334716797 759.997734069824 755.96310043335 749.165668487549 758.509780883789 1196.66744613647 718.061700820923 703.917728424072 778.461982727051 747.699296951294 749.264831542969 745.58554649353 713.159487724304 820.019897460938 653.763465881348 680.694473266602 754.559792041779 808.962837219238 781.492492675781 882.45426940918 822.086948394775 1030.42861938477 713.902961730957 835.483730316162 587.401702880859 649.66748046875
645.377178192139 502.730972290039 542.183990478516 686.849394798279 547.705230712891 771.682098388672 662.079013824463 693.821956351399 744.190746307373 683.64636477828 595.592552185059 759.156616210938 708.194948196411 703.128108978271 529.316207885742 503.908218383789 549.185913085938 521.652481079102 760.00271987915 854.331970214844 631.869079589844 681.446788787842 852.116668701172 733.429186820984 731.20746922493 560.961853027344 747.302418708801 459.789703369141 666.698120117188 842.335857391357 754.916984558105 808.526428222656 855.558486938477 837.582214355469 719.475399017334 690.245281219482 642.032752990723 698.250152587891 683.36296081543 746.257818222046 744.070761442184 628.153541564941 761.697208404541 823.015098571777 661.078948974609 807.621826171875 867.221481323242 783.452550411224 684.199951171875 715.309593200684
581.992073059082 612.245025634766 552.02473449707 687.976287841797 690.867290496826 664.035356521606 696.647148132324 672.227843999863 645.598182678223 813.083160400391 752.535614013672 729.416526794434 668.861888885498 728.924087524414 669.694955825806 561.405242919922 771.849761962891 646.663513183594 718.54606628418 684.386428833008 683.52668762207 812.291404724121 614.78133392334 799.269172668457 719.292199134827 713.874937534332 643.330604553223 658.130111694336 770.73465013504 693.720295906067 715.691832542419 785.659938812256 805.254020690918 692.443946838379 877.818321228027 754.815561294556 774.852439880371 703.939361572266 583.607360839844 654.634857177734 777.602268218994 841.721885681152 703.184238433838 829.564460754395 780.465130805969 801.36302947998 853.439155578613 768.698923110962 676.927635192871 816.404922485352
700.55685043335 536.5634765625 602.943771362305 637.042352676392 749.50016784668 573.862579345703 826.307067871094 692.892040252686 812.646408081055 728.91283416748 565.931060791016 731.545291900635 729.323993682861 813.553268432617 642.999614715576 721.057762145996 740.249771118164 694.342416882515 615.138580322266 744.579093933105 690.468138694763 636.246547698975 694.892295837402 710.971888542175 674.269992828369 631.262588500977 611.023239135742 607.294006347656 668.762928009033 622.006454467773 655.680946350098 707.671058654785 748.970134735107 828.285522460938 857.496788024902 944.47541809082 645.082649230957 708.778050422668 745.196494102478 794.093154907227 803.936492919922 833.017875671387 794.752658843994 732.570896148682 807.504390716553 768.868017911911 876.136299133301 737.268753051758 964.410919189453 797.889362335205
614.045021057129 495.904479980469 523.102676391602 739.421546936035 695.790502548218 651.936651229858 790.830055236816 799.42366027832 645.092733383179 713.526592254639 665.492969036102 690.451836585999 722.437103271484 566.255500793457 667.868566274643 711.444841384888 735.308303833008 862.868011474609 825.336471557617 733.147933959961 612.534355163574 648.69100189209 722.776119232178 678.573890686035 831.102279663086 792.732273101807 582.870193481445 743.350578308105 825.804794311523 755.933076858521 681.127853393555 687.021133422852 715.814588546753 807.982841491699 777.175159454346 763.795871734619 861.712104797363 750.327409744263 590.07926940918 658.485664367676 690.623622894287 763.891435623169 722.325099945068 796.507766723633 804.082321166992 811.869016647339 856.492851257324 790.63627243042 730.368211746216 902.013549804688
