export/dem/dem62.asc
NCOLS 350
NROWS 171
XLLCORNER 152620
YLLCORNER 418050
CELLSIZE 100
NODATA_VALUE -9999
[rows 66 to 87 of 171, columns 100 to 149 of 350]
586.998992919922 390.542045593262 414.992858886719 513.603294372559 396.573303222656 330.728073120117 294.657455444336 440.144012451172 477.865573167801 521.724914550781 515.593822479248 511.961448669434 590.757095336914 416.85355758667 399.46898651123 228.16259765625 344.110275268555 362.109214782715 437.321224212646 392.92407989502 355.524826049805 438.805885314941 496.618567466736 395.343482971191 447.705234527588 525.601547241211 531.040692806244 537.853233337402 590.619018554688 401.497131347656 522.253364562988 758.0185546875 733.646469116211 736.529876708984 698.589874267578 631.12085723877 542.067854404449 524.243270874023 579.833806991577 527.165998458862 696.410804748535 569.331214904785 566.939207077026 510.768684387207 560.232439041138 674.396011352539 657.364288330078 685.988525390625 621.379531860352 461.087615966797
448.148758888245 493.381980895996 522.86009979248 447.87843132019 361.756423950195 438.011190414429 471.219947099686 420.933029174805 325.734771728516 456.519041061401 440.928131222725 478.723817825317 467.409683227539 504.507090568542 575.082969665527 333.994049072266 341.180610656738 354.716461181641 426.26099395752 429.324241638184 350.37890625 438.470413208008 386.014389038086 510.642913818359 521.869876861572 583.478782653809 536.68688583374 447.374183654785 520.558470726013 451.054244995117 484.648460388184 608.201843261719 638.066543579102 617.169303894043 816.788803100586 626.155649185181 572.173783898354 644.364477157593 610.21436882019 627.939800262451 553.334858894348 715.302474975586 409.666290283203 496.92626953125 504.419620513916 719.119705200195 523.324771881104 621.778106689453 516.224128723145 617.72354888916
441.77237868309 329.057052612305 342.507537841797 418.583908081055 484.194601297379 427.515716552734 466.81494808197 183.613159179688 491.252475738525 470.074356079102 539.812950134277 425.122932434082 401.553226470947 487.943224906921 508.301433563232 358.33039855957 629.736541748047 595.311050415039 461.121837615967 645.630096435547 409.674926757812 483.579433202744 372.142166137695 488.449514389038 491.11487197876 548.363708496094 472.025056838989 507.607011795044 462.945121765137 579.1067237854 700.427276611328 635.707763671875 518.236988067627 624.376304626465 512.02526473999 528.629833221436 565.922557830811 590.170619249344 533.30738067627 632.791374206543 738.357437133789 519.943828582764 503.182598114014 548.603000640869 618.917110443115 569.985890865326 511.031734466553 679.670318603516 700.31184387207 592.395740509033
379.805839538574 470.851835250854 354.643783569336 468.989078044891 383.523017883301 402.287002563477 281.177001953125 345.307510375977 446.013111114502 548.930847167969 388.115280151367 414.007976531982 498.952579498291 380.674430847168 560.586296081543 468.82466506958 506.699535369873 378.998352050781 496.107822418213 459.0320520401 532.353931427002 404.654266357422 351.660598754883 463.571697235107 429.764274597168 693.372299194336 426.989593505859 550.975131988525 607.718246459961 471.973930358887 498.725608825684 490.06029510498 517.004505157471 464.529998779297 633.320289611816 594.502269744873 557.130789756775 585.349379062653 546.519658565521 466.380584716797 641.942886352539 504.81175994873 472.346405029297 375.726699829102 363.120895385742 478.727188110352 523.428226470947 532.591565132141 517.64998626709 551.906589508057
569.740104675293 500.860610961914 357.999435424805 315.783096313477 436.187732696533 354.99781036377 304.185302734375 413.442726135254 490.318109512329 494.54443359375 404.606597900391 403.556838989258 393.013450622559 389.515106201172 578.536018371582 670.588012695312 418.593078613281 463.681457519531 417.036285400391 385.638442993164 387.189460754395 559.500160217285 651.003494262695 532.420225143433 615.21768951416 477.477073669434 462.023536682129 694.851257324219 605.291687011719 502.857532501221 536.702800750732 562.269598007202 560.517985343933 430.088111877441 672.035293579102 586.814502716064 542.62447977066 611.920677185059 687.374534606934 607.837047576904 605.04418182373 474.804809570312 457.49193572998 637.103942871094 458.453788757324 481.038833618164 575.469603538513 393.394958496094 583.443495035172 599.736827850342
632.676139831543 480.672798156738 376.07347869873 388.767639160156 379.666244506836 449.367524147034 357.870300292969 452.34935760498 312.684143066406 391.394020080566 536.134338378906 422.2380027771 392.026275634766 543.948627471924 519.934600830078 446.167770385742 503.879686355591 484.782337188721 416.765312194824 515.164751052856 354.622283935547 600.996704101562 486.866794586182 663.996643066406 573.926414489746 570.821598052979 553.998268127441 571.69006729126 401.104080200195 438.144020080566 585.541561126709 607.12983417511 539.980755805969 583.349884033203 669.33031463623 749.317489624023 493.966484069824 681.376174926758 614.413648605347 591.132971048355 517.449851989746 512.688896179199 371.520065307617 453.933235168457 596.693571090698 599.900810241699 667.291084289551 682.886901855469 371.400146484375 513.782348632812
401.117652893066 393.170616149902 470.362177848816 326.105667114258 374.20295715332 304.435989379883 455.814636230469 470.920475959778 414.506744384766 362.515579223633 456.802951812744 447.58936882019 557.414108276367 440.804286956787 512.715396881104 562.40869140625 508.858093261719 506.70650100708 425.551719665527 568.187629699707 475.422710418701 619.140213012695 650.70654296875 607.672668457031 654.032501220703 653.935775756836 500.145227432251 542.639852523804 562.435661315918 512.118231773376 650.910026550293 587.068138122559 535.467792510986 344.602584838867 538.841289520264 751.811782836914 558.310886383057 865.762336730957 832.0202293396 713.400990486145 849.225143432617 628.973701477051 542.941890716553 577.005531311035 680.436820983887 845.144811630249 445.13737487793 409.6220703125 421.519668579102 479.830093383789
491.900136947632 435.581497192383 416.31827545166 417.702362060547 357.962745666504 510.678522109985 408.544204711914 349.96981048584 507.771602630615 387.392082214355 427.001529693604 463.835922241211 516.639556884766 533.512321472168 513.323062896729 590.145660400391 421.661712646484 584.33895111084 388.791351318359 543.996040344238 676.449401855469 561.614696502686 559.293476104736 772.622100830078 710.581512451172 543.422470092773 559.44095993042 704.136032104492 430.598770141602 392.298294067383 590.820545196533 437.773986816406 444.47331237793 860.428928375244 750.959312915802 623.75609588623 643.908905029297 794.185368180275 744.655963897705 585.21688079834 465.92854309082 309.610702514648 401.905303955078 430.132840156555 557.132919311523 397.062866210938 692.990493774414 455.916290283203 557.886420726776 523.141311645508
549.124029159546 441.220344543457 582.199645996094 412.467979431152 486.26524066925 362.481628417969 387.47966003418 315.072235107422 540.879058837891 496.816446304321 506.286239624023 473.429878234863 534.197368621826 521.021800994873 662.806350708008 353.125312805176 600.595932006836 383.317710876465 490.125829696655 568.09481048584 467.287828445435 471.994258880615 676.43603515625 568.378616333008 588.845397949219 693.258041381836 650.407745361328 649.596122741699 607.999809265137 510.670551300049 423.942741394043 552.95325088501 642.65934753418 693.263076782227 516.374923706055 583.753341674805 376.930168151855 695.8023416996 739.674686431885 533.403289794922 614.481769561768 567.420486450195 556.415832519531 509.433319091797 342.237892150879 400.213649749756 531.276954650879 369.254165649414 825.153610229492 546.505142211914
579.710285186768 388.115325927734 488.107532501221 491.032742977142 422.513397216797 505.10560798645 558.662033081055 531.850955963135 591.732849121094 481.924747467041 503.44108581543 687.046417236328 510.341096878052 505.026481628418 565.953140258789 475.858062744141 492.162714004517 450.426528930664 409.154304504395 593.231872558594 417.470542907715 686.186126708984 655.307388305664 640.843124389648 558.425880432129 597.95580291748 510.420227050781 592.085914611816 608.504592895508 595.294704437256 664.592266082764 573.586170196533 647.785354614258 531.352386474609 673.958503723145 670.104850769043 577.93571472168 835.120941162109 625.552810668945 766.391021728516 702.589588165283 400.346038818359 548.657417297363 456.207639694214 329.743659973145 310.806304931641 508.698505401611 227.920654296875 331.679733276367 526.208366394043
734.372886657715 726.675590515137 439.176002502441 488.152910232544 253.025985717773 472.961699485779 468.452065587044 374.967880249023 517.797348022461 398.459701538086 405.710968017578 608.701156616211 418.71976852417 586.105644226074 499.255516052246 545.465335845947 642.956115722656 594.736892700195 485.426607131958 392.844993591309 576.493049621582 771.867767333984 645.000366210938 674.529434204102 511.202833175659 591.53360748291 469.698616027832 464.187358856201 487.137420654297 608.336181640625 619.884651184082 416.463439941406 352.55411529541 591.494802474976 701.373550415039 691.859245300293 523.031875610352 877.285873413086 703.170382499695 709.532903671265 649.899905204773 372.669757843018 377.730972290039 462.536119192839 419.831195831299 784.838508605957 782.399055480957 484.963073730469 378.747787475586 537.072525024414
641.935447692871 672.331115722656 624.233163833618 831.061855316162 478.545446395874 543.220569610596 384.310684204102 469.43628692627 462.171993255615 478.468454360962 510.132026672363 610.945793151855 507.780296325684 557.751552581787 504.725816726685 547.979446411133 369.468460083008 487.054946899414 599.830932617188 550.254505157471 630.869659423828 541.499809265137 610.410057067871 566.258609771729 442.299774169922 537.625700056553 588.133453369141 564.438369750977 727.705062866211 722.43928527832 583.502494812012 405.06488609314 348.941543579102 427.091148376465 644.877552032471 798.832305908203 564.531494140625 848.990310668945 809.708084106445 522.645355224609 396.612701416016 241.515533447266 347.911712646484 436.517698287964 515.884536743164 511.305095672607 605.227272033691 413.01021194458 367.948020935059 568.968519210815
544.976825714111 519.27435696125 520.422218322754 394.019195556641 701.359283447266 685.479288101196 462.61710357666 479.076910018921 492.513583660126 223.886016845703 512.780662536621 890.360866546631 628.162216186523 624.562408447266 532.037986755371 585.823577880859 595.064849853516 583.492809295654 434.527038574219 538.63830947876 476.019664764404 609.290229797363 556.281776428223 421.487731933594 660.038482666016 581.427131652832 538.66498374939 626.437217712402 599.967262268066 496.876887798309 497.406642198563 541.796100616455 482.984714508057 467.137306213379 440.947811126709 669.139640808105 479.419830322266 653.256534576416 625.878082275391 635.541320800781 464.850698471069 316.45329284668 404.193794250488 321.628295898438 298.87321472168 400.061065673828 458.073916435242 281.687484741211 321.439292907715 554.143400192261
574.670523643494 529.917840003967 451.867286682129 415.131393432617 597.996381759644 567.453145980835 902.879173278809 555.276752471924 541.324977874756 419.191635131836 596.109725952148 663.276527404785 477.078897476196 617.551399230957 504.06826210022 498.253652572632 533.593635559082 506.714984893799 595.311447143555 755.761077880859 512.425479888916 469.93692779541 547.687307357788 385.705551147461 587.667137145996 533.342029571533 417.238372802734 518.02659034729 367.115707397461 365.598907470703 590.216995239258 653.435104370117 540.042049407959 538.518898010254 508.686187744141 661.815582275391 663.666694641113 626.228412628174 662.452907562256 763.244918823242 650.460571289062 428.581642150879 397.763076782227 562.684020996094 501.613761901855 576.726066589355 379.679122924805 348.45352935791 239.1416015625 460.762550354004
664.780696868896 426.476760864258 613.152965545654 570.139015197754 511.746322631836 550.534408569336 507.494132995605 801.969654083252 465.796333312988 647.985214233398 483.376918792725 555.164115905762 432.040016174316 575.654260635376 616.787437438965 578.57603263855 594.806205749512 580.015476226807 646.234237670898 655.891799926758 635.201904296875 506.861780166626 710.442291259766 563.536348342896 688.644729614258 585.594661712646 526.869548797607 527.596878051758 356.979591369629 469.603351593018 443.325151443481 544.642944335938 537.864139556885 706.421112060547 609.9026927948 555.754264831543 579.208526611328 626.930839538574 617.026063919067 746.36262512207 473.413772583008 481.768450975418 481.484969615936 545.438293457031 637.88184928894 432.250442504883 463.273536682129 386.618667602539 364.54419708252 447.795700073242
604.478548049927 560.770866394043 526.432327270508 566.111885070801 628.303068161011 673.800151824951 577.539394378662 643.008380889893 665.148620605469 626.579124450684 584.932334899902 486.382543087006 509.207730293274 408.228744506836 377.770149230957 471.536602020264 513.579900741577 602.666442871094 658.592086791992 639.550422668457 487.871391296387 509.718596339226 469.622985839844 448.83941078186 620.431251525879 665.268890380859 496.457176208496 545.312171936035 363.954216003418 327.556335449219 468.063095092773 507.635025024414 488.676918029785 524.36572265625 798.83740234375 872.048095703125 705.913345336914 593.16502571106 573.903575897217 692.494644165039 540.001907348633 403.938827514648 487.316932678223 609.05411529541 701.607993125916 552.580799102783 358.902084350586 392.231876373291 435.25373840332 619.895124435425
453.488998413086 591.336435317993 560.270606994629 534.680473327637 608.190866589546 522.772689819336 480.710571289062 656.738830566406 511.439962387085 614.174407958984 429.016326904297 557.521839141846 432.86589050293 478.359870910645 641.959762573242 439.112686157227 404.218894958496 555.490856170654 550.135527610779 712.469757080078 414.450866699219 565.58154296875 459.086280822754 490.932628631592 721.414962768555 528.57735824585 558.766036987305 304.115745544434 614.709845542908 576.982633590698 690.991691589355 623.732585906982 667.828483581543 721.194564819336 620.20484161377 704.8466796875 658.37622833252 662.936080932617 578.720209121704 673.285621643066 529.661811828613 591.59122467041 618.371831893921 540.703735351562 529.941131591797 480.434608459473 450.698455810547 840.943292617798 476.168151855469 635.997377157211
479.303161621094 411.521484375 439.333213806152 514.25562286377 677.184463500977 597.093071699142 635.245948791504 620.361448287964 683.073883056641 509.855361938477 556.242191314697 448.412540435791 310.661956787109 477.382701873779 411.86319732666 467.201723098755 522.522361755371 657.103424072266 633.556411743164 563.386680603027 482.230929374695 481.892812728882 585.166564941406 591.484214782715 671.763221740723 646.926689147949 434.469360351562 729.110765457153 727.377090454102 558.473667144775 556.680503845215 693.021171569824 507.19376373291 562.745853424072 568.046463012695 784.371643066406 631.257347106934 700.179351806641 499.555908203125 525.93724822998 573.027862548828 624.815784454346 491.198928833008 446.424575805664 452.660987854004 326.034225463867 466.346160888672 687.142040252686 728.65433883667 863.570877075195
723.43127822876 705.151439666748 698.258159637451 495.809653162956 527.641809463501 647.524536132812 711.909889221191 544.933116912842 678.036773681641 879.489706039429 427.932411193848 467.57474899292 430.658584594727 440.845855712891 414.709098815918 546.329402923584 454.115997314453 533.85955619812 535.936779022217 563.361436843872 445.885810852051 283.764251708984 605.950485229492 337.502365112305 477.424598693848 648.944290161133 624.426361083984 581.296947598457 376.724021911621 464.840285301208 472.149230957031 537.97590637207 542.702060699463 660.269752502441 559.489624023438 549.797103881836 456.3469581604 473.769618988037 546.79518699646 340.459945678711 474.894069671631 603.864414215088 512.234115600586 529.987770080566 424.30729675293 444.200614929199 510.762001037598 789.358299255371 790.003227233887 546.955253601074
539.010009765625 572.284652709961 701.315410614014 496.423706054688 470.32787322998 416.160629272461 546.262168884277 561.345134735107 592.973127961159 653.475255966187 467.107753753662 383.434921264648 437.544799804688 572.061019897461 548.448207855225 438.339447021484 481.385105133057 446.824855804443 384.476226806641 543.808540344238 420.097206115723 425.75658416748 499.819137573242 513.088438034058 411.885536193848 640.875503540039 493.513763427734 530.676639556885 552.844329833984 430.289785385132 564.219114303589 646.368885040283 613.372632980347 292.065216064453 297.138656616211 333.924110412598 541.501493453979 421.365112304688 495.920703887939 472.064022064209 477.149742126465 495.216949462891 597.919784545898 836.77424621582 760.520179748535 457.755348205566 574.734725952148 585.456600189209 697.799560546875 464.108257293701
699.531539916992 738.871337890625 593.329677581787 661.567788600922 530.948837280273 544.616203308105 618.599281311035 580.593376159668 657.928070068359 681.300247192383 497.221389770508 536.548425674438 426.569198608398 545.699195861816 326.398071289062 409.336242675781 489.931025505066 465.804958343506 306.967788696289 522.921190261841 451.634819030762 527.321136474609 471.048334121704 530.527096748352 514.406945228577 614.703163146973 658.139999389648 465.408821105957 533.034912973642 424.38482093811 524.481262207031 603.756744384766 475.445251464844 438.334775924683 395.956129074097 396.600204467773 606.550235748291 573.724953651428 555.263741493225 663.94669342041 744.01237487793 508.875038146973 801.555065155029 719.655136108398 690.593368530273 556.673774719238 649.896133422852 683.876968383789 612.8161277771 578.327308654785
-9999 -9999 743.18482208252 768.235961914062 655.557598114014 545.599533081055 682.752822875977 551.732498168945 532.372764587402 546.701217651367 576.865791797638 530.534182906151 542.121845245361 569.879096984863 571.962211608887 564.725473403931 522.253807067871 524.925544261932 311.038986206055 480.164407730103 579.989486694336 629.657760620117 544.951232910156 452.257354736328 430.934883117676 496.140279769897 511.873636245728 574.518690109253 670.197338104248 537.717445373535 534.893569946289 433.257553100586 623.559928894043 406.991172790527 267.457870483398 490.904220581055 652.180763244629 734.676086425781 606.23624420166 778.525695800781 694.679128646851 815.863311767578 910.320949554443 1169.07325744629 1025.00000762939 732.114347934723 824.86971282959 -9999 -9999 -9999
