export/dem/dem62.asc
NCOLS 350
NROWS 171
XLLCORNER 152620
YLLCORNER 418050
CELLSIZE 100
NODATA_VALUE -9999
[rows 66 to 87 of 171, columns 200 to 249 of 350]
626.186575889587 745.297309875488 639.208716869354 589.045448303223 751.439544677734 712.982398986816 679.443040847778 737.327201843262 671.541045188904 680.708793640137 467.68684387207 422.228561401367 478.614120483398 576.871807098389 700.39656829834 652.824155807495 566.33032989502 618.075217247009 712.923500061035 648.765312194824 612.4914894104 721.016387939453 709.419540405273 664.27672958374 571.746353149414 713.374076843262 503.970397949219 589.084362030029 645.241333007812 498.757469177246 578.212556838989 695.682418823242 546.642456054688 593.957904815674 499.211219787598 454.451522827148 820.145240783691 729.437660217285 607.353366851807 603.426620483398 630.167360305786 559.064392089844 607.36714553833 695.938278198242 636.227375030518 668.982074737549 621.163952827454 660.838062286377 682.301761627197 764.458129882812
743.357246398926 596.455574035645 651.240866184235 623.996408462524 691.131511688232 681.355686187744 524.553230285645 707.706108093262 655.150030851364 676.957462310791 707.968643188477 670.213649749756 696.347911834717 477.373031616211 435.780258178711 616.335730552673 718.700653076172 594.666815757751 695.590957641602 722.966361999512 719.711410522461 625.886348724365 448.890853881836 571.172931671143 816.536224365234 722.77205657959 880.545806884766 658.492698669434 642.279117584229 615.255248069763 690.636917114258 562.77140045166 488.645706176758 640.123346328735 702.342269897461 638.861389160156 714.872591018677 653.409055709839 668.405670166016 617.976272583008 722.577644348145 735.866973876953 694.317054748535 687.824901580811 610.673072814941 519.773468017578 498.05973815918 477.459716796875 804.468338012695 652.802493572235
681.263656616211 524.502258300781 758.062690734863 705.475975036621 517.818397521973 600.062313079834 598.861047267914 715.704154968262 523.750068664551 610.529884338379 741.658432006836 762.440437316895 735.317939758301 793.790725708008 405.769973754883 581.834205627441 554.525060653687 609.0978307724 574.046020507812 609.172477722168 603.460750579834 742.38639831543 701.021522521973 695.17463684082 752.503723144531 670.657249450684 679.749374389648 616.259029388428 669.971130371094 798.250198364258 651.319787979126 794.920051574707 790.577133178711 782.005729675293 756.258171081543 745.189250946045 753.019649505615 614.218109130859 666.676776885986 609.126281738281 583.530574798584 567.281520843506 628.435132980347 715.488792419434 562.95544052124 697.926712036133 628.696369171143 699.124481201172 711.693496704102 693.650505065918
498.94465637207 864.976058959961 682.171752929688 705.02131652832 576.034187316895 483.923278808594 726.67414855957 704.997741699219 636.9345703125 643.153561592102 646.449699401855 756.439476013184 723.250640869141 753.655731201172 655.86449432373 698.886093139648 756.723709106445 507.874588012695 653.693428039551 654.277158737183 622.549758911133 795.312744140625 734.354331970215 477.837882995605 480.72834777832 446.960372924805 693.775253295898 662.749630451202 500.053001403809 530.082336425781 607.597053289413 661.737754821777 624.06995010376 697.188894271851 645.315650939941 586.732414245605 541.593200683594 650.13176202774 755.3134765625 643.975800514221 684.324493408203 669.112794876099 664.735736846924 716.221244812012 649.369186401367 653.441031455994 672.085693359375 709.073280334473 671.073078155518 654.775000572205
716.083145141602 745.365455627441 633.694865226746 474.158172607422 689.408767700195 493.60807800293 667.685314178467 570.44010925293 686.740396499634 695.717136383057 805.394088745117 661.626272201538 500.490783691406 671.719455718994 629.254464149475 731.431587219238 646.755831718445 587.14831829071 623.616298675537 485.531372070312 663.385517120361 678.498485565186 643.280648708344 858.23371887207 590.392231941223 574.15162563324 722.88557434082 714.763511657715 591.600650787354 635.118709564209 627.325939178467 618.841698646545 584.130687713623 597.894598007202 753.927898406982 662.991407394409 604.515729904175 593.750366210938 692.068557739258 521.603401184082 613.618719100952 614.679512023926 586.78634262085 585.159379959106 579.126888275146 600.162009239197 537.013526916504 605.165515899658 635.754139661789 651.884767532349
531.548484802246 577.304351806641 689.21187210083 579.587116241455 721.644645690918 591.344596862793 680.027914047241 460.053726196289 646.981868743896 709.496341705322 455.106643676758 680.51443862915 783.592948913574 602.170383453369 616.145135879517 645.63597869873 485.982299804688 730.165798187256 706.579326629639 620.857536315918 819.121528625488 825.353958129883 775.446548461914 567.730621337891 741.936180114746 520.317565917969 599.688763618469 669.338081359863 665.464370727539 551.379375457764 704.034606933594 598.824268341064 635.521892547607 675.291784286499 685.098373413086 571.645095825195 593.14635848999 540.465179443359 536.742393493652 607.785274505615 455.632614135742 702.182800292969 473.042175292969 689.810211181641 418.572708129883 555.226257324219 708.110702514648 664.951173782349 776.392246246338 776.794174194336
696.194152832031 751.779266357422 672.306385040283 676.486179351807 647.146409988403 696.474494934082 589.182601928711 651.328105926514 592.900367736816 610.493675231934 648.301677703857 670.79470539093 856.764007568359 630.226544141769 614.61483001709 688.306137084961 324.8857421875 631.232192993164 752.726737976074 787.025932312012 961.682601928711 755.936881065369 601.581386566162 637.458086013794 713.189018249512 443.508911132812 730.999038696289 654.150985717773 677.291072845459 683.039123535156 760.95556640625 656.150827243924 602.295530319214 659.713146209717 432.409545898438 495.423721313477 595.114838600159 550.155815124512 586.420944213867 655.686004638672 620.149122476578 665.475036621094 597.078870773315 678.668544769287 801.40364074707 625.277647018433 540.084274291992 637.409336090088 752.164337158203 649.964185714722
702.068428039551 593.155570983887 462.302017211914 476.509338378906 495.479209899902 648.254463195801 622.517980575562 533.444633483887 760.052551269531 564.601684570312 675.525936126709 525.932342529297 799.740249633789 639.751568824053 761.306747436523 677.424282073975 596.615905761719 716.537708282471 890.015777587891 924.127986907959 828.363453626633 918.361312866211 686.535322189331 555.257614135742 693.832969665527 673.223670959473 630.138145446777 503.194763183594 564.676120758057 502.675193786621 462.655624389648 625.634588479996 835.444616317749 659.86111831665 488.148048400879 523.124320983887 625.938958644867 405.047470092773 613.167827606201 577.902153015137 603.091070175171 655.827635765076 499.93473815918 716.026885986328 709.829477310181 707.002906799316 676.189170837402 755.897926330566 688.426452636719 900.345443725586
635.132654190063 534.436386108398 601.603975296021 688.349784851074 658.080871582031 687.21940612793 539.14022064209 589.969009399414 778.226982116699 727.324546813965 687.463901519775 669.552181243896 805.704132080078 691.844337463379 551.920425415039 501.649200439453 712.905609130859 688.494453430176 688.715969085693 855.469024658203 922.335258483887 888.466785430908 1117.67049407959 783.980659484863 635.260471343994 634.114646911621 546.296691894531 509.754302978516 728.484329223633 584.331144332886 614.127539634705 769.998291015625 522.092803955078 559.771701812744 593.822505950928 634.05818939209 624.067642211914 631.005018234253 515.263259887695 636.726697921753 572.018127441406 635.910533905029 598.325450897217 604.669076919556 581.646738052368 646.895380020142 619.233093261719 653.662509918213 781.686431884766 586.344362258911
601.341230392456 363.376251220703 654.947692871094 643.207799911499 615.608551979065 723.567993164062 674.625400543213 668.505187988281 570.869506835938 752.75545501709 685.174081802368 807.378372192383 674.729032516479 787.590339660645 721.061641693115 595.808042526245 520.416717529297 569.511512756348 705.16291475296 582.860107421875 602.162742614746 663.49373626709 668.69669342041 698.058171272278 934.874588012695 865.288691520691 1123.89864730835 712.581867218018 679.358364105225 695.385158538818 542.002555847168 709.559829711914 563.672252655029 688.918548583984 661.195625305176 592.012573242188 733.093551635742 627.721586942673 692.227005004883 513.352249145508 515.272048950195 675.945781707764 641.389472961426 637.260639190674 702.784820556641 627.144073486328 667.060718536377 749.422012329102 635.4091796875 728.672981262207
454.749740600586 626.729256629944 698.663246154785 537.708480834961 619.547872543335 625.850329399109 651.085425376892 526.486724853516 631.106502532959 783.974960327148 777.385833740234 683.813316345215 777.558700561523 829.107543945312 641.9397315979 734.989669799805 543.777484893799 467.346771240234 674.360343933105 485.292999267578 785.943557739258 616.22924041748 771.16268157959 703.832667350769 909.320014953613 830.942260742188 716.839256286621 677.840286254883 895.18872833252 724.082168579102 1180.37537384033 696.354957580566 643.130313873291 804.266799926758 684.169456481934 757.182388305664 582.193237304688 736.643577575684 539.354354858398 573.663551330566 621.682817459106 571.562889099121 675.482257843018 709.914093017578 644.404417037964 704.500396728516 644.04984664917 641.585357666016 580.081665039062 878.548553466797
609.642470777035 730.137580871582 562.49397277832 600.513269424438 671.742969512939 742.838333129883 724.755332946777 730.161033630371 646.887197494507 813.085670471191 677.239103794098 824.253433227539 628.75745677948 774.045745849609 703.088638305664 622.796614646912 559.82154083252 548.613716125488 858.15535736084 724.138275146484 745.811592102051 834.19649887085 645.911163330078 867.455001831055 869.349700927734 852.306526184082 795.151481628418 932.205783843994 1120.59072113037 858.818521976471 606.437026977539 761.009664535522 784.115589141846 810.383186340332 730.955154418945 614.922466278076 734.861190795898 739.603034973145 628.946262359619 713.058883666992 689.5549659729 486.089904785156 452.31819152832 687.704170227051 608.084556385875 593.945768356323 517.94652557373 837.666519165039 593.449954986572 660.733732223511
679.448333740234 582.957096099854 679.338569641113 620.862099647522 610.703125 788.680755615234 787.445495605469 715.781799316406 744.826774597168 820.003494262695 717.456771850586 607.265319824219 710.444320678711 556.964241027832 712.859199523926 584.154026031494 542.586532592773 549.180366516113 567.772415161133 747.755920410156 839.422721862793 944.685353755951 720.91509437561 693.495095252991 806.404167175293 546.082992553711 750.46059513092 937.660032272339 1159.77198791504 1095.50970458984 752.64556312561 657.181571960449 655.992568969727 773.135917663574 679.451915740967 723.840400695801 682.965919494629 723.492420196533 758.938789367676 593.529296875 741.02615070343 596.95142364502 667.308233261108 526.741645812988 519.691268920898 591.437164306641 690.357913970947 596.067323684692 740.199760437012 787.312805175781
664.271495819092 715.804000854492 495.154426574707 548.650539398193 567.957565307617 600.996246337891 705.238929748535 751.632446289062 731.637489318848 770.744155883789 742.666969299316 699.050514221191 656.835008621216 699.29695892334 545.901710510254 821.154052734375 759.917976379395 612.060361862183 698.345470428467 652.836364746094 712.553926467896 720.96703338623 902.652046203613 858.760572433472 832.241455078125 822.693279266357 669.412223815918 757.650421142578 1191.92620277405 1163.75909423828 938.792587280273 1018.02667999268 862.064375184476 829.933471679688 702.884986877441 687.490663528442 881.777145385742 674.636206626892 698.694610595703 594.693428039551 756.357666015625 600.632720947266 556.299781799316 606.129056930542 623.080214977264 607.2633934021 683.436149597168 612.014191627502 749.285011291504 600.336669921875
652.278858184814 577.960865020752 579.231071472168 620.97148835659 666.486034393311 741.299530029297 621.610955834389 866.095672607422 733.022102355957 712.713014602661 729.559188842773 599.877521514893 618.126481056213 643.813715457916 653.009363174438 685.150568008423 568.30345916748 703.808432579041 722.590353012085 540.127838134766 480.667144775391 527.692916870117 740.771408081055 654.787818908691 658.918846130371 770.847560882568 728.836715698242 771.55904006958 769.563339233398 856.475122451782 956.083888053894 1274.97526168823 1205.07270812988 905.300117492676 1184.6402015686 696.265037536621 714.646686553955 628.856342315674 633.843958854675 686.938499450684 644.726402282715 592.251220703125 599.572509765625 652.736728668213 710.772877693176 658.830715179443 575.889423370361 657.230345487595 616.232155323029 612.22767829895
653.246624469757 700.996643066406 686.350341796875 705.982833862305 705.967163085938 624.798808097839 818.115570068359 725.46656036377 624.610233306885 612.259178161621 849.440841674805 705.962616920471 570.515243530273 655.527181625366 696.026561737061 650.598415374756 697.808086395264 647.333117723465 659.571610450745 722.84211730957 393.547821044922 591.863182067871 557.541496276855 627.100629210472 673.467041015625 678.626441955566 748.947177886963 861.716667175293 814.760437011719 842.795337677002 541.57878112793 898.715625762939 1020.13638305664 1223.06283569336 1101.27376556396 1006.19176101685 678.597882270813 677.287393569946 669.134464263916 600.500045776367 578.304740905762 727.226970672607 557.096904754639 587.262672424316 718.805547714233 490.184967041016 456.214569091797 621.201366424561 461.295379638672 731.153625488281
622.368019104004 575.807518005371 493.375183105469 679.328968048096 536.862350463867 784.47737121582 767.606414794922 598.2818775177 811.331497192383 757.684913635254 827.176559448242 750.055660247803 744.336486816406 598.79220199585 610.671348571777 661.90518951416 622.329008102417 666.857028961182 638.244915962219 532.155944824219 474.158706665039 554.542221069336 438.14338684082 686.509489059448 620.147392272949 744.652496337891 738.470113754272 652.658313751221 761.146556854248 747.588752746582 690.587341308594 826.671215057373 908.456886291504 1424.16213989258 1190.6886138916 1366.79257965088 866.373336791992 748.887046813965 595.477088928223 634.482604980469 577.77575302124 649.746911525726 762.656497955322 753.174324035645 704.577377319336 661.337062835693 571.688148498535 736.144554138184 514.851066589355 684.71891784668
569.092735290527 623.41321182251 806.490875244141 650.623128890991 761.099105834961 696.985382080078 635.472658157349 757.542846679688 706.545745849609 659.131065368652 627.037101745605 821.694580078125 664.447891235352 654.740210533142 596.863418579102 552.20524597168 502.535491943359 750.177391052246 562.113670349121 596.195652008057 736.259994506836 656.072677612305 657.426533699036 700.786499023438 719.268444061279 591.211364746094 607.333647727966 704.922557830811 687.153570652008 752.796935081482 654.794341564178 774.998989105225 735.099624633789 1338.66774749756 1032.59864234924 1101.94588470459 1199.92318725586 883.99579334259 663.908725738525 734.612228393555 719.783058166504 540.36247253418 857.798492431641 654.661819458008 857.008514404297 595.63306427002 701.994590759277 700.275596618652 729.76123046875 670.053726196289
664.450487136841 716.647754669189 689.1374168396 699.972114562988 752.398712158203 719.394683837891 630.124698638916 746.362152099609 739.893180847168 621.088710784912 742.21768951416 615.334716796875 662.301691055298 739.543899536133 656.515927314758 727.873764038086 610.742553710938 603.55445098877 527.936492919922 774.461845397949 510.397125244141 689.930263519287 565.961853027344 500.323760986328 714.79524230957 599.470397949219 629.981812477112 658.344547271729 594.020690917969 738.659034729004 615.469860076904 824.905921936035 930.260669708252 922.883247375488 1032.19667243958 952.751342773438 858.092080295086 971.885360717773 654.352500915527 666.685192108154 812.772075653076 800.35066986084 681.348808288574 863.887031555176 898.382056236267 1049.69659042358 1230.64498901367 1041.77966308594 576.345703125 781.390075683594
831.282318115234 704.829357147217 685.087398529053 635.88623046875 490.572082519531 757.692504882812 676.310829162598 638.349103927612 692.825708389282 611.496315002441 730.021255493164 888.339782714844 823.111587524414 745.394096374512 695.54695892334 609.270786762238 649.05447769165 635.634552001953 676.293258666992 702.506801605225 699.913162231445 650.120435714722 677.317134857178 709.738059997559 663.416214942932 670.780543327332 739.29678106308 558.177574157715 528.584358215332 629.172954559326 515.237670898438 751.231468200684 756.494895935059 734.485143661499 720.503303527832 719.550941467285 741.113254547119 783.859260559082 670.797782897949 876.42162322998 744.10884475708 720.387504577637 745.611976623535 815.290344238281 836.232042312622 943.556259155273 1054.94464111328 1050.25965881348 1190.78656005859 679.169605255127
736.209098815918 851.696670532227 648.336090087891 620.759616851807 654.222515106201 584.474285125732 609.336350440979 618.133010387421 533.313011169434 778.135116577148 628.198894500732 647.561205863953 854.619262695312 678.72793006897 587.607032775879 548.743019104004 627.235935211182 613.82498550415 658.814165115356 831.533599853516 519.032989501953 785.182846069336 744.606658935547 677.705457687378 722.775749206543 595.79061126709 653.338435173035 761.564274787903 717.896171569824 700.021991729736 810.063980102539 760.973159790039 479.895797729492 463.211807250977 715.780931472778 772.961627960205 652.698030471802 641.392387390137 689.964838027954 691.1513671875 811.391270160675 757.027881622314 731.278480529785 813.206806182861 833.288715362549 895.684902191162 950.674911499023 1035.30519866943 1097.94552612305 812.638931274414
836.150756835938 753.74764251709 650.475112915039 613.5901222229 540.578826904297 527.691207885742 524.317481994629 582.752490997314 716.131324768066 767.569030761719 823.311569213867 722.963150024414 792.712738037109 765.395530700684 705.704975128174 557.929229736328 660.698513031006 688.562383651733 783.087257385254 669.925582885742 527.40071105957 645.651061058044 687.863998413086 666.39525604248 588.354869842529 701.116748809814 655.684602737427 866.542404174805 1355.51634216309 648.618539810181 714.266632080078 587.413761138916 676.170890808105 503.018981933594 676.027084112167 742.570419311523 518.713073730469 625.491918563843 687.757085800171 648.77307510376 728.898555755615 767.361200332642 768.890956878662 856.968360900879 594.025909423828 881.765649795532 953.908327102661 1088.92728877068 881.980026245117 983.156261444092
