export/dem/dem62.asc
NCOLS 350
NROWS 171
XLLCORNER 152620
YLLCORNER 418050
CELLSIZE 100
NODATA_VALUE -9999
[rows 0 to 21 of 171, columns 100 to 149 of 350]
-9999 -9999 -9999 -9999 -9999 -9999 -9999 -9999 -9999 -9999 -9999 -9999 -9999 -9999 -9999 -9999 -9999 -9999 -9999 -9999 -9999 -9999 -9999 -9999 -9999 -9999 -9999 -9999 -9999 -9999 -9999 -9999 -9999 -9999 -9999 -9999 -9999 -9999 -9999 -9999 -9999 -9999 -9999 -9999 -9999 -9999 608.468879699707 665.57007598877 621.079212188721 623.584378659725
-9999 -9999 -9999 -9999 -9999 -9999 -9999 -9999 -9999 -9999 -9999 -9999 -9999 -9999 -9999 -9999 -9999 -9999 -9999 -9999 -9999 -9999 -9999 -9999 -9999 -9999 -9999 -9999 -9999 -9999 -9999 -9999 -9999 -9999 -9999 -9999 -9999 -9999 -9999 -9999 841.118774414062 776.355395317078 658.925300598145 582.727073669434 604.79035282135 736.08101272583 650.144233703613 688.864532470703 476.163795471191 504.614549636841
-9999 -9999 -9999 -9999 -9999 -9999 -9999 -9999 -9999 -9999 -9999 -9999 -9999 -9999 -9999 -9999 -9999 -9999 -9999 -9999 -9999 -9999 -9999 -9999 -9999 -9999 -9999 -9999 -9999 -9999 -9999 -9999 -9999 -9999 -9999 -9999 -9999 846.869934082031 745.603576660156 573.980415344238 605.748687744141 767.001049041748 759.471940994263 688.642107963562 545.314926147461 475.469467163086 732.830009460449 725.268951416016 567.233328580856 532.170589447021
-9999 -9999 -9999 -9999 -9999 -9999 -9999 -9999 -9999 -9999 -9999 -9999 -9999 -9999 -9999 -9999 -9999 -9999 -9999 -9999 -9999 -9999 -9999 -9999 -9999 -9999 -9999 -9999 -9999 -9999 -9999 -9999 -9999 -9999 843.148162841797 887.947219848633 777.614019393921 695.990112304688 619.226219177246 560.260990142822 501.141223907471 691.417715072632 725.698017120361 788.310081481934 683.96715927124 513.785636901855 647.322212219238 734.891758918762 728.79308795929 559.654186248779
-9999 -9999 -9999 -9999 -9999 -9999 -9999 -9999 -9999 -9999 -9999 -9999 -9999 -9999 -9999 -9999 -9999 -9999 -9999 -9999 -9999 -9999 -9999 -9999 -9999 -9999 -9999 -9999 -9999 -9999 -9999 -9999 741.384006500244 784.571464538574 760.498893737793 877.355514526367 769.322776794434 832.148101806641 716.925094604492 672.272773742676 541.45592880249 625.474563598633 657.818706512451 743.315612792969 829.309768676758 769.784896850586 714.727261781693 836.87084197998 678.206386566162 687.446624755859
-9999 -9999 -9999 -9999 -9999 -9999 -9999 -9999 -9999 -9999 -9999 -9999 -9999 -9999 -9999 -9999 -9999 -9999 -9999 -9999 -9999 -9999 -9999 -9999 -9999 -9999 -9999 -9999 -9999 -9999 589.220558166504 504.881294250488 549.97469329834 564.220697402954 660.692008972168 852.594436645508 777.807334899902 853.825119018555 867.903823852539 760.74584197998 662.607780456543 776.167221069336 663.101253509521 693.663673400879 779.574178695679 893.268241882324 770.733421325684 719.487060546875 691.247695922852 659.041511535645
-9999 -9999 -9999 -9999 -9999 -9999 -9999 -9999 -9999 -9999 -9999 -9999 -9999 -9999 -9999 -9999 -9999 -9999 -9999 -9999 -9999 -9999 -9999 -9999 -9999 -9999 -9999 766.704772949219 809.52165222168 470.930992126465 672.01016998291 677.844703674316 682.217903137207 707.51481628418 642.131847381592 772.934661865234 973.844604492188 800.314025878906 685.541417360306 714.714408874512 803.289813041687 861.591094970703 885.169960021973 739.381576538086 652.798818588257 717.32719707489 1034.36566543579 1179.72880554199 998.857597351074 935.102645874023
-9999 -9999 -9999 -9999 -9999 -9999 -9999 -9999 -9999 -9999 -9999 -9999 -9999 -9999 -9999 -9999 -9999 -9999 -9999 -9999 -9999 -9999 -9999 -9999 793.149528503418 821.61238861084 842.659317016602 645.668891906738 594.889751434326 553.809328079224 596.890741348267 711.897125244141 685.80891418457 652.147289276123 614.0339012146 685.649658203125 775.241355895996 794.218902587891 649.576248168945 733.154155731201 743.673362731934 809.94113111496 906.543491363525 1037.10939025879 900.658760070801 1085.81083297729 953.376140594482 1137.24840927124 856.153266906738 1076.26480865479
-9999 -9999 -9999 -9999 -9999 -9999 -9999 -9999 -9999 -9999 -9999 -9999 -9999 -9999 -9999 -9999 -9999 -9999 -9999 -9999 -9999 -9999 744.095932006836 845.270614624023 679.111450195312 822.739410400391 727.48543548584 593.101177215576 621.539646148682 485.482917785645 631.297481536865 504.346824645996 611.454330444336 629.051517486572 591.398062229156 971.855010986328 684.671867370605 713.224496841431 805.428009033203 851.597797393799 941.296936035156 698.778686523438 705.387490749359 773.582298278809 778.153053283691 1229.97389221191 752.363918304443 631.083694458008 791.521324157715 603.500093460083
-9999 -9999 -9999 -9999 -9999 -9999 -9999 -9999 -9999 -9999 -9999 -9999 -9999 -9999 -9999 -9999 -9999 -9999 -9999 1254.79824829102 848.302383422852 790.132423400879 838.959335327148 738.924301147461 688.500122070312 515.121946573257 791.970947265625 874.995315551758 684.865577697754 650.894195556641 733.920806884766 647.911003112793 634.554004669189 599.830913543701 661.705177307129 765.716766357422 672.259056091309 754.783538818359 670.904224395752 687.542026519775 770.41667175293 617.687393188477 721.135051727295 847.547973632812 769.630592346191 850.771179199219 824.221496582031 817.339912414551 812.101722717285 776.16455078125
-9999 -9999 -9999 -9999 -9999 -9999 -9999 -9999 -9999 -9999 -9999 -9999 -9999 -9999 -9999 -9999 -9999 1232.26493835449 1291.80319213867 1117.35385131836 760.996559143066 656.269060134888 519.974384307861 509.066871643066 716.189163208008 842.863052368164 843.848587036133 700.239841461182 685.409031867981 839.414581298828 629.33768081665 582.036396026611 666.952125549316 637.190727233887 567.747616767883 483.65470123291 673.576530456543 776.485992431641 657.766647338867 711.477695465088 512.358001708984 637.396896362305 779.164978027344 679.149164676666 572.499336242676 639.928661346436 765.373161315918 705.362613677979 635.713409423828 481.74983215332
-9999 -9999 -9999 -9999 -9999 -9999 -9999 -9999 -9999 -9999 -9999 -9999 -9999 -9999 794.668609619141 969.265747070312 893.516876220703 1089.72120666504 1017.25098228455 1017.26491737366 1124.30862426758 714.176246643066 696.906593322754 668.493099212646 746.980743408203 720.678890228271 564.336669921875 575.424781799316 760.641738891602 791.130088806152 691.608186721802 582.767453193665 684.693519592285 594.919479370117 561.630368232727 601.960300445557 622.985206604004 594.180812835693 697.879421234131 763.494812011719 737.381839752197 686.183938264847 739.494018554688 627.925003051758 591.297676086426 645.706802368164 637.018531799316 752.18090057373 710.084776252508 669.468145370483
-9999 -9999 -9999 -9999 -9999 -9999 -9999 -9999 -9999 -9999 -9999 -9999 899.130645751953 810.49284362793 768.845031738281 958.139419555664 776.411224365234 682.483177185059 1183.87908935547 992.381231069565 1026.63609695435 630.62674331665 627.650266647339 615.391895294189 617.994255065918 902.147903442383 780.382851481438 708.884994506836 707.729125976562 707.480102539062 587.418878555298 601.435688018799 547.078277587891 576.270597219467 519.421474456787 656.311744689941 428.174858093262 586.860717773438 778.931457519531 678.039431810379 764.676055908203 596.673820495605 552.500900268555 563.185989379883 590.285221099854 620.520144402981 743.008735656738 771.948173522949 698.61185836792 487.109382629395
-9999 -9999 -9999 -9999 -9999 -9999 -9999 -9999 -9999 -9999 823.021438598633 870.330032348633 893.437728881836 799.773307800293 746.690223693848 874.033233642578 667.919315338135 783.885833740234 634.151382446289 568.214265823364 773.998306274414 623.402883529663 669.462814331055 733.338172912598 662.57816696167 708.44758605957 907.248336791992 988.822158813477 788.733070373535 487.51872253418 629.887172698975 489.18772315979 410.873323440552 454.449709892273 615.982662200928 640.998291015625 618.123977661133 711.824798583984 575.078086853027 529.711761474609 594.514358520508 623.904891967773 648.802251815796 520.936096191406 561.48388671875 515.756042480469 736.977722167969 556.796577453613 539.687805175781 626.213605880737
696.818279266357 781.284762382507 695.58443069458 780.612274169922 721.924982070923 522.02338218689 450.226585388184 527.00096321106 591.807968139648 582.999786376953 849.559066772461 778.827972412109 616.143333435059 587.577121734619 630.069179773331 631.301647186279 760.047744750977 629.413330078125 664.762306213379 521.697212219238 602.697003364563 587.006561279297 599.79207611084 736.704170227051 633.161804199219 637.343032836914 871.086715698242 762.134071350098 748.75178527832 587.023624420166 559.541011810303 529.589012145996 623.293045043945 542.154914855957 631.012062072754 671.928573250771 706.805976867676 563.052238464355 502.312889099121 793.405715942383 499.601409912109 580.811180114746 401.074462890625 516.944488525391 784.755432128906 509.035186767578 583.66152381897 379.456481933594 585.784390926361 661.117443084717
617.34602355957 708.801109313965 635.257064819336 467.755035400391 526.248405456543 443.176012516022 481.822723388672 379.32901763916 442.080184936523 520.707237243652 751.809917449951 644.713241577148 732.943969726562 577.646842956543 776.074172973633 632.916813135147 559.710945129395 537.490604400635 578.159805297852 641.235294342041 720.054794311523 499.37060546875 563.984672546387 783.210186004639 670.387313842773 644.9163646698 710.73853302002 524.687685966492 495.241973876953 636.365991592407 675.554565429688 636.810321807861 499.98836517334 516.753860473633 617.130500793457 741.470841407776 600.420753479004 697.963087081909 551.482978820801 632.056976318359 625.868240356445 721.218162536621 485.707168579102 695.367382049561 834.704895019531 1195.37517356873 993.779796600342 762.942665100098 631.241340637207 553.757583618164
560.978351593018 634.267204284668 663.515173912048 534.572998046875 597.165500640869 383.658061981201 312.110488891602 423.687171936035 606.408401489258 648.667316436768 768.991226196289 574.445198059082 485.426068305969 552.336471557617 716.85474395752 614.586067199707 663.538116455078 680.562812805176 730.26350402832 717.790470123291 635.431350708008 987.786819458008 562.166988372803 658.971542358398 578.088390350342 734.99715423584 589.905982971191 734.165143966675 448.355931282043 687.922241210938 791.448974609375 713.6217212677 587.899574279785 911.160675048828 510.341567993164 699.178634643555 588.009307861328 510.147766113281 652.410175323486 628.069997787476 812.459594726562 428.137222290039 575.871231079102 954.546028137207 811.21110534668 737.063831329346 536.139526367188 814.661880493164 585.296569824219 757.663421630859
503.905364990234 444.740692138672 588.775421142578 591.329830169678 729.920648574829 627.996490478516 812.120029449463 1149.58996200562 646.51282119751 713.121406555176 587.452281951904 556.179611206055 673.76611328125 751.639455318451 684.295959472656 518.476135253906 729.355713576078 687.348640441895 394.336013793945 654.588287353516 609.463027954102 800.862293243408 456.248870849609 489.512603759766 598.344329833984 611.328439712524 644.81812286377 719.741558074951 651.525745391846 606.559634685516 632.304244995117 690.615755081177 520.560523986816 482.872741699219 545.93505859375 1176.46896362305 575.967468261719 305.807800292969 468.038482666016 598.963970184326 1256.15965437889 653.122413635254 538.353546142578 416.269439697266 682.560796737671 643.774669647217 558.020584106445 595.534442901611 766.076370239258 601.425889968872
438.728225708008 557.834228515625 1048.9407119751 505.425575256348 722.979736328125 629.273536682129 935.030158996582 1013.85621643066 587.75569152832 686.53014755249 593.186363220215 681.758260726929 703.32904624939 819.703033447266 493.988319396973 676.343950390816 721.825954437256 667.744152069092 484.901054382324 882.373199462891 570.240371704102 642.955780029297 526.548980712891 661.923208713531 480.208450317383 551.746761322021 430.071136474609 672.80924987793 1060.12062835693 839.934595108032 751.528503417969 810.289646863937 1123.48978805542 1178.5724029541 717.026695251465 1078.63548278809 1108.56632995605 877.935394287109 565.907531738281 739.517135620117 532.119190216064 588.214282989502 697.302528381348 443.670989990234 591.244256973267 463.04557800293 631.257936477661 576.972267150879 559.602714538574 536.3046875
708.279029846191 768.47222328186 1214.10901832581 671.314437866211 889.915710449219 777.7739610672 870.695579528809 1312.44430541992 1011.60790634155 593.664611816406 921.250604629517 1061.81346130371 1050.62530517578 1048.04475402832 505.038166046143 1216.97055053711 543.043182373047 623.131149291992 464.881492614746 881.513305664062 796.435928344727 716.872933387756 558.94522857666 532.439559936523 1197.73659515381 955.369537353516 797.95062828064 660.796878576279 590.330016255379 460.125518798828 488.406768798828 497.630683898926 398.819122314453 601.073879241943 672.75467300415 1172.07220458984 531.081970214844 664.913764953613 629.404525756836 640.695156097412 622.508367538452 553.634441375732 760.518539428711 529.441963195801 580.588493347168 568.973384857178 414.241622924805 663.729888916016 646.714350223541 534.628074645996
711.824890136719 622.000791549683 596.998807907104 562.915367126465 516.95002746582 593.765113830566 743.684074401855 631.250571250916 909.919429779053 755.602760314941 662.122665405273 1052.51187229156 660.258087158203 1055.77354621887 1242.53274536133 1157.31396007538 1134.1471786499 1099.87628173828 461.1435546875 549.425941467285 721.438369750977 477.277969360352 985.769622802734 289.167510986328 453.597961425781 944.791137695312 502.756233215332 459.912216186523 577.458921432495 423.513259887695 488.512451171875 451.322631835938 554.992382049561 717.772651672363 612.632488250732 625.255226135254 551.878509521484 712.97220993042 805.096015930176 697.239376068115 727.523212432861 585.40168762207 580.010711669922 788.958404541016 769.295196533203 616.841979980469 541.851211547852 542.092262268066 527.93310546875 525.731758117676
539.631309509277 527.366165161133 381.461364746094 445.416847229004 397.839050292969 763.094467163086 557.109283447266 811.390804290771 578.186172485352 654.584770202637 602.152618408203 737.77214050293 582.620574951172 619.624923706055 504.318923950195 2162.15936279297 1147.63134765625 817.219940185547 526.755508422852 742.289215087891 695.578964233398 260.392059326172 346.46630859375 934.561706542969 823.655792236328 1339.36868286133 1059.63231754303 759.520935058594 573.351493835449 380.563919067383 425.140487670898 630.326681137085 504.168167114258 540.370819091797 574.697578430176 543.259094238281 675.287567138672 652.194887876511 850.162353515625 742.702285766602 662.41854763031 746.193992614746 549.987739562988 694.589653015137 528.195129394531 799.209197998047 513.37028503418 642.010327339172 340.022338867188 475.01887512207
