export/dem/dem60.asc
NCOLS 350
NROWS 171
XLLCORNER 152620
YLLCORNER 418050
CELLSIZE 100
NODATA_VALUE -9999
[rows 88 to 109 of 171, columns 50 to 99 of 350]
391.873978376389 591.349899291992 353.050193786621 482.024673461914 387.490388870239 503.587036132812 446.797508239746 506.000381469727 379.324668884277 353.360710144043 307.107351303101 272.848064422607 190.580917358398 446.029441833496 444.50422668457 331.819547653198 233.686599731445 281.69075012207 204.855926513672 242.763519287109 205.286590576172 364.418420791626 509.285102844238 615.77458190918 599.203964233398 433.907752990723 409.643625259399 443.976301193237 571.028259277344 321.495727539062 421.989778518677 383.937156677246 519.697212219238 382.85196685791 528.581512451172 556.980045318604 402.811401367188 243.111068725586 395.933395385742 471.748596191406 546.239791870117 -9999 -9999 -9999 -9999 -9999 -9999 -9999 -9999 -9999
548.504035949707 473.572620391846 707.225280761719 563.073974609375 565.129592895508 521.169281005859 535.789077758789 480.485954284668 296.15450668335 414.447998046875 465.509613037109 311.049198150635 375.351165771484 451.465446472168 416.997734069824 489.527549743652 345.078832626343 414.790519714355 357.379829406738 441.965553283691 403.230060577393 439.69149017334 271.751251220703 468.77661895752 505.03759765625 422.197712421417 284.229606628418 534.067390441895 455.241302490234 412.598852157593 463.034188270569 478.218973636627 360.11848449707 444.261996269226 582.151836395264 560.189493179321 512.595817565918 414.018592834473 580.814798355103 481.802848815918 -9999 -9999 -9999 -9999 -9999 -9999 -9999 -9999 -9999 -9999
748.552742004395 589.633415222168 502.112487792969 599.669281005859 449.63822555542 453.63537979126 404.131713867188 463.713535308838 452.198860168457 356.759397029877 390.978755950928 363.604036331177 335.272300720215 458.760566711426 396.996532440186 441.063468933105 406.002983093262 500.682312011719 402.811199188232 519.239036560059 439.902824401855 538.897323608398 402.257081985474 351.578044891357 375.453182220459 494.027793884277 418.102764368057 445.11713218689 519.530609130859 299.615844726562 476.697836399078 450.152878761292 459.977752685547 496.878246307373 799.0182762146 482.471313476562 344.694435119629 501.944757342339 493.473594665527 354.719696044922 -9999 -9999 -9999 -9999 -9999 -9999 -9999 -9999 -9999 -9999
334.02806854248 960.29931640625 613.680191040039 368.322204589844 457.201803207397 352.014713287354 505.000732421875 446.873839378357 458.200016021729 358.204015731812 290.392242431641 345.194744110107 310.869789123535 487.298004150391 266.787956237793 332.164009094238 436.920253753662 428.144451141357 480.183074951172 314.515098571777 498.841232299805 441.875099182129 431.836986541748 451.679309844971 326.494812011719 388.781143188477 372.890098571777 402.741311073303 345.285118103027 479.773334503174 552.779647827148 506.628898620605 423.890357971191 463.437774658203 777.381977081299 549.958793640137 357.332916259766 495.042434692383 633.985641479492 -9999 -9999 -9999 -9999 -9999 -9999 -9999 -9999 -9999 -9999 -9999
339.094856262207 549.398056030273 730.546413421631 484.083358764648 493.876571655273 410.516300201416 604.903579711914 380.921051025391 492.581832885742 579.56755065918 518.384338378906 327.818916320801 328.408027648926 334.297592163086 415.089891433716 359.578296661377 365.440179824829 461.806083679199 716.803558349609 572.154266357422 612.488494873047 641.850738525391 366.603164672852 320.703636169434 403.861319541931 354.420417785645 583.568298339844 373.217769622803 500.572986602783 441.302083969116 653.713958740234 561.141891479492 561.975383758545 667.115647315979 646.776527404785 484.263114929199 523.912107467651 474.702590942383 529.92066192627 -9999 -9999 -9999 -9999 -9999 -9999 -9999 -9999 -9999 -9999 -9999
314.095833778381 428.330108642578 422.264991760254 827.072559356689 378.821258544922 569.383636474609 372.424434661865 473.505916595459 401.01980304718 447.366069793701 317.722900390625 334.075687408447 200.291091918945 383.056833148003 392.343273162842 444.31506729126 407.834720611572 450.616004943848 491.920944213867 635.243621826172 634.45051574707 526.264976501465 272.159271240234 424.488138198853 464.610626220703 410.295429468155 423.518661499023 227.753509521484 455.375719070435 584.694702148438 363.380218505859 467.544229507446 451.523208618164 687.324626922607 603.104206800461 520.308597564697 403.830131530762 532.935104370117 556.566368103027 -9999 -9999 -9999 -9999 -9999 -9999 -9999 -9999 -9999 -9999 -9999
385.377494812012 326.892029523849 372.472414016724 539.504043579102 518.885917663574 487.373342514038 459.981254577637 377.910957336426 329.756996154785 432.673784255981 306.640014648438 414.534374237061 437.483222961426 424.602405548096 529.155693054199 435.705142974854 445.982532501221 609.106109619141 480.423446655273 528.75904083252 477.560062408447 559.581092834473 408.774387359619 346.841529846191 139.715545654297 283.589477539062 463.974195480347 401.058242797852 357.19441986084 482.33641910553 596.919319152832 500.052543640137 491.123096466064 418.103302001953 625.629051208496 585.51296043396 488.464677810669 589.484952926636 -9999 -9999 -9999 -9999 -9999 -9999 -9999 -9999 -9999 -9999 -9999 -9999
222.873832702637 313.953325271606 344.933439254761 481.930242538452 416.560062885284 426.590757369995 371.821929931641 363.597816467285 262.415969848633 367.03214263916 447.075142383575 380.460344314575 572.944961547852 476.519355773926 523.661041259766 431.706705093384 524.015571594238 487.126426696777 511.734481811523 509.896789550781 507.080429077148 477.766529083252 417.479400634766 519.144886016846 373.586807250977 432.217979431152 301.135360717773 417.274765014648 413.73503112793 441.728252410889 408.731109619141 488.337696075439 421.598091125488 646.850410461426 372.234634399414 339.086456298828 482.078922271729 646.398456573486 -9999 -9999 -9999 -9999 -9999 -9999 -9999 -9999 -9999 -9999 -9999 -9999
258.164776802063 347.7001953125 266.449932098389 115.607894897461 368.068817138672 423.508522033691 392.543586730957 253.958984375 401.006214141846 514.261306762695 285.268676757812 560.219535827637 564.124252319336 336.567230224609 505.962478637695 329.981735229492 525.42813873291 452.197996139526 406.657634735107 325.31908416748 325.336067199707 552.631256103516 488.036355733871 462.415904998779 354.622581481934 428.272323608398 473.774337112904 361.979064941406 305.015213012695 397.770130157471 392.445037841797 261.846481323242 408.626602172852 513.141391098499 560.151514053345 410.948181152344 500.524111270905 537.009857177734 -9999 -9999 -9999 -9999 -9999 -9999 -9999 -9999 -9999 -9999 -9999 -9999
241.741756439209 245.936231613159 242.637871146202 600.580604553223 508.221538543701 510.979253768921 334.834808349609 591.234437942505 200.076797485352 384.44799041748 536.210472106934 341.199501037598 433.552998542786 503.764762878418 371.227203369141 330.389114379883 465.750465393066 452.689973831177 432.398769378662 460.831817626953 340.358375549316 785.247844696045 509.478405356407 374.65055847168 500.619567871094 498.204971313477 405.308990478516 326.010116577148 391.916984558105 347.904312133789 207.219375610352 369.720489501953 748.393676757812 595.124572753906 487.728019714355 246.559020996094 481.099327087402 -9999 -9999 -9999 -9999 -9999 -9999 -9999 -9999 -9999 -9999 -9999 -9999 -9999
528.124626159668 301.150703430176 696.056045532227 666.088973999023 521.510639190674 575.316207885742 507.282695770264 458.911865234375 440.165328979492 322.086402893066 501.67786026001 415.690670013428 446.292896270752 486.210021972656 421.35816860199 390.152702331543 423.049983024597 288.479949951172 442.275703430176 383.491844177246 612.167102813721 488.104225158691 497.589263916016 570.838731765747 326.395095825195 855.11149597168 94.5934143066406 477.162147521973 286.778793334961 583.741912841797 535.955383300781 571.097267150879 511.623176574707 367.943832397461 512.331890106201 508.902315139771 481.118598937988 -9999 -9999 -9999 -9999 -9999 -9999 -9999 -9999 -9999 -9999 -9999 -9999 -9999
664.991172790527 611.477214813232 508.616767883301 741.785263061523 610.965860366821 572.408611297607 611.622749328613 527.106601715088 626.004398345947 548.050888061523 681.809677124023 443.191474914551 523.138343811035 389.99195098877 415.087297439575 404.164110183716 354.284637451172 314.919914245605 560.906394958496 470.244819641113 519.028839111328 460.275096893311 526.147554039955 598.667789459229 457.746566772461 402.751403808594 604.873931884766 537.758193969727 553.403274536133 537.138336181641 687.556667327881 650.19367980957 480.49543762207 324.476745605469 464.274047851562 446.511501312256 497.849884033203 -9999 -9999 -9999 -9999 -9999 -9999 -9999 -9999 -9999 -9999 -9999 -9999 -9999
616.983415603638 841.494491577148 649.126434326172 678.046478271484 614.49161529541 776.790802001953 488.729843139648 696.723365783691 569.521354675293 563.304737091064 646.863807678223 508.715721130371 494.650096893311 341.467163085938 404.950546264648 462.990386962891 546.640678405762 746.221527099609 483.713626861572 583.478366851807 526.555364608765 723.479019165039 505.469688415527 576.183450698853 383.718734741211 467.534034729004 399.962860107422 488.298736572266 600.334030151367 706.829292297363 660.432960510254 634.195671081543 493.661376953125 432.625625610352 356.597442626953 557.659259796143 437.479064941406 -9999 -9999 -9999 -9999 -9999 -9999 -9999 -9999 -9999 -9999 -9999 -9999 -9999
415.438510894775 661.378692626953 557.681442260742 743.099601745605 691.725173950195 634.302368164062 576.418941497803 630.034677505493 547.722465515137 459.940231323242 603.776519775391 731.284049987793 896.175952911377 413.448570251465 492.235090255737 731.916217803955 651.24137878418 576.414520263672 718.301696777344 810.771987915039 684.351974487305 608.447705984116 618.822559356689 536.740940093994 623.197891235352 600.226898193359 651.918182373047 577.089139938354 555.097148895264 584.799583435059 683.817316055298 688.165115356445 476.533352375031 575.954261779785 538.214340209961 451.724304199219 -9999 -9999 -9999 -9999 -9999 -9999 -9999 -9999 -9999 -9999 -9999 -9999 -9999 -9999
213.56664276123 533.05500793457 677.291797637939 597.330543518066 698.50590133667 785.577178955078 643.524217605591 745.855606079102 599.681171417236 578.758071899414 713.958694458008 862.433639526367 698.076873779297 630.703018665314 389.971832275391 548.490423202515 501.617767333984 580.219909667969 542.641625881195 519.582203865051 639.017082214355 585.087646484375 708.605239868164 536.500217437744 580.509429931641 544.417783737183 428.520629882812 462.79500579834 404.936447143555 592.118789672852 506.401908874512 527.597423553467 555.573337554932 594.73513507843 712.497230529785 -9999 -9999 -9999 -9999 -9999 -9999 -9999 -9999 -9999 -9999 -9999 -9999 -9999 -9999 -9999
364.742758750916 311.324599266052 393.42945098877 554.131309509277 575.932838439941 505.814442634583 629.536422729492 677.413814544678 533.441497802734 620.628202438354 400.784149169922 459.787109375 341.097213745117 450.980239868164 560.022899627686 444.371139526367 468.35457611084 629.877639770508 551.640986442566 648.494651794434 487.502182006836 477.737670898438 417.411483764648 577.063278675079 579.988830566406 494.319152832031 584.317789077759 512.886707305908 338.629684448242 498.244150161743 392.872314453125 556.73574256897 473.566795349121 543.50764465332 -9999 -9999 -9999 -9999 -9999 -9999 -9999 -9999 -9999 -9999 -9999 -9999 -9999 -9999 -9999 -9999
712.072639465332 576.529312133789 143.396026611328 401.619777679443 574.029739379883 319.275596618652 389.315483093262 453.633415222168 394.006847381592 405.871341705322 420.14461517334 512.385494232178 644.858497619629 523.400159358978 573.415107727051 527.60292339325 497.638980865479 467.730266571045 474.474136352539 480.402416229248 553.57848405838 557.859453201294 482.110824584961 524.0813331604 437.548076629639 463.429332733154 408.259738922119 416.352493286133 441.550603866577 507.591743469238 592.095980167389 554.941791534424 665.288116455078 -9999 -9999 -9999 -9999 -9999 -9999 -9999 -9999 -9999 -9999 -9999 -9999 -9999 -9999 -9999 -9999 -9999
-9999 516.359380722046 1003.37200546265 336.28670501709 471.427139282227 735.096168518066 268.158157348633 96.0043334960938 162.186462402344 203.966674804688 268.174011230469 444.325065612793 499.529777526855 332.117340087891 297.395820617676 342.790969848633 221.542205810547 202.349838256836 414.081060409546 528.844085693359 311.932800292969 343.974327087402 441.597787857056 489.884240150452 491.864331245422 565.191444396973 490.651922225952 439.148529052734 505.787220001221 281.076110839844 607.000896453857 517.599449157715 -9999 -9999 -9999 -9999 -9999 -9999 -9999 -9999 -9999 -9999 -9999 -9999 -9999 -9999 -9999 -9999 -9999 -9999
-9999 -9999 -9999 -9999 730.609245300293 887.018142700195 519.858046531677 334.511268615723 591.649505615234 763.617790222168 478.417152404785 358.575210571289 398.560699462891 287.086441040039 493.808639526367 348.693138122559 297.410659790039 -110.34521484375 27.3463859558105 432.835113525391 497.931060791016 424.067939758301 400.117523193359 459.962455749512 649.395606994629 554.321586608887 628.029182434082 470.755599975586 458.319919109344 615.329414367676 -9999 -9999 -9999 -9999 -9999 -9999 -9999 -9999 -9999 -9999 -9999 -9999 -9999 -9999 -9999 -9999 -9999 -9999 -9999 -9999
-9999 -9999 -9999 -9999 -9999 -9999 -9999 -9999 -9999 823.763961791992 578.504234313965 508.773315429688 469.940589904785 531.002083301544 355.855667114258 557.156150698662 414.167114257812 118.209705352783 -2.69465637207031 613.538782119751 579.638229370117 415.538238525391 588.063247680664 512.791152954102 671.376091003418 723.442054748535 580.105407714844 587.681407928467 -9999 -9999 -9999 -9999 -9999 -9999 -9999 -9999 -9999 -9999 -9999 -9999 -9999 -9999 -9999 -9999 -9999 -9999 -9999 -9999 -9999 -9999
-9999 -9999 -9999 -9999 -9999 -9999 -9999 -9999 -9999 -9999 -9999 -9999 -9999 -9999 -9999 -9999 501.771759033203 766.201988220215 902.619801521301 721.661750793457 816.125846862793 884.668704986572 812.835983276367 811.042144775391 905.108112335205 -9999 -9999 -9999 -9999 -9999 -9999 -9999 -9999 -9999 -9999 -9999 -9999 -9999 -9999 -9999 -9999 -9999 -9999 -9999 -9999 -9999 -9999 -9999 -9999 -9999
-9999 -9999 -9999 -9999 -9999 -9999 -9999 -9999 -9999 -9999 -9999 -9999 -9999 -9999 -9999 -9999 -9999 -9999 -9999 -9999 -9999 -9999 -9999 -9999 -9999 -9999 -9999 -9999 -9999 -9999 -9999 -9999 -9999 -9999 -9999 -9999 -9999 -9999 -9999 -9999 -9999 -9999 -9999 -9999 -9999 -9999 -9999 -9999 -9999 -9999
