export/dem/dem65.asc
NCOLS 350
NROWS 171
XLLCORNER 152620
YLLCORNER 418050
CELLSIZE 100
NODATA_VALUE -9999
[rows 88 to 109 of 171, columns 0 to 49 of 350]
-9999 -9999 -9999 -9999 -9999 -9999 -9999 -9999 -9999 -9999 -9999 -9999 -9999 -9999 -9999 -9999 -9999 425.753572463989 352.561073303223 217.862930297852 371.001739501953 537.352304935455 593.434406280518 408.820678710938 517.622358322144 507.44548034668 651.884693145752 383.644254684448 733.084444046021 537.957260131836 282.783332824707 356.649549484253 609.463617324829 248.216323852539 367.080619812012 355.758895874023 259.883163452148 611.655860900879 533.823509216309 687.044564247131 731.984163284302 659.01020437479 339.620334625244 57.2138824462891 349.510956764221 475.690414428711 421.304718017578 584.983818054199 598.162181854248 303.265083312988
-9999 -9999 -9999 -9999 -9999 -9999 -9999 -9999 -9999 -9999 -9999 -9999 -9999 -9999 -9999 -9999 -9999 493.191253662109 466.588438034058 510.093551635742 375.836296081543 481.425514221191 408.960195541382 485.768589019775 426.034950256348 644.923492431641 633.645620346069 997.260063171387 563.388191223145 351.443572998047 378.566577911377 660.67472076416 323.684986114502 373.762313842773 512.447338104248 485.244026184082 457.493583679199 518.884994506836 538.992111206055 640.159057617188 656.893707275391 618.11083984375 634.058307647705 362.539239883423 500.382286071777 218.427001953125 487.580238342285 417.87752532959 284.004594802856 496.238561630249
-9999 -9999 -9999 -9999 -9999 -9999 -9999 -9999 -9999 -9999 -9999 -9999 -9999 -9999 -9999 -9999 534.7868309021 593.979513168335 343.489588022232 302.138843536377 479.255187988281 398.66064453125 493.270416259766 481.381533622742 620.497053146362 510.513652801514 532.293201446533 367.236114501953 512.567371368408 107.622512817383 454.034732818604 735.894180297852 315.382537841797 591.079219818115 600.536647796631 453.468032836914 752.124900817871 584.086196899414 540.903318405151 394.343505859375 330.233407020569 344.506202697754 696.294013977051 452.959548950195 291.361831665039 378.057418823242 450.594139277935 128.77751159668 258.295195102692 418.460189819336
-9999 -9999 -9999 -9999 -9999 -9999 -9999 -9999 -9999 -9999 -9999 -9999 -9999 -9999 -9999 -9999 507.971199035645 466.347578048706 452.541027069092 616.531631469727 495.74723815918 757.268905639648 531.189897060394 581.949676513672 588.212205886841 525.787399291992 572.121072769165 558.176055908203 607.309681415558 338.849697113037 754.342437744141 505.399084091187 553.15690612793 529.372455596924 778.525127410889 475.263887405396 611.184555053711 736.922443389893 564.456105232239 199.538982391357 350.281295776367 299.663772583008 368.888813018799 112.368549346924 452.087533950806 214.79878616333 430.77473449707 206.505741119385 502.303436279297 291.434423446655
-9999 -9999 -9999 -9999 -9999 -9999 -9999 -9999 -9999 -9999 -9999 -9999 -9999 -9999 -9999 711.873931884766 658.82398223877 428.51974105835 515.909605026245 451.892547607422 549.891342163086 591.377746582031 523.246877908707 804.467386245728 471.907974243164 672.39790725708 390.781509399414 309.381217956543 638.82292175293 688.007692337036 609.342140197754 800.824819564819 835.187118530273 407.52416229248 832.239624023438 590.897506713867 746.901428222656 774.252334594727 740.755729675293 273.684856414795 196.990543365479 343.05944442749 252.95637512207 -15.2406387329102 420.173927307129 300.180366516113 296.492492675781 359.182083129883 319.171020507812 338.374294281006
-9999 -9999 -9999 -9999 -9999 -9999 -9999 -9999 -9999 -9999 -9999 -9999 -9999 -9999 -9999 494.81510925293 569.854164123535 622.175018310547 575.62606048584 533.809875488281 570.138638496399 518.425983428955 750.976997375488 727.015661239624 748.150672912598 511.486141204834 597.295833587646 313.615173339844 399.725555419922 460.968350172043 332.532188415527 269.873886108398 453.411343574524 427.084281921387 703.51782989502 644.047325134277 615.00793838501 694.600393295288 665.084711551666 278.109073638916 336.607482910156 316.554170608521 313.691320419312 283.198257446289 279.779739379883 371.596961975098 488.440780639648 269.062584877014 326.247158050537 348.671028137207
-9999 -9999 -9999 -9999 -9999 -9999 -9999 -9999 -9999 -9999 -9999 -9999 -9999 -9999 425.701644897461 507.434044837952 527.636236190796 470.239673614502 533.209625244141 528.007537841797 492.481943130493 536.639657735825 503.014907836914 560.323013305664 590.446632385254 630.16215133667 477.811813354492 350.646076202393 344.577178955078 500.768669128418 663.391914367676 478.97533416748 390.335548400879 389.963733673096 461.543251037598 584.515869140625 688.183340072632 665.545724391937 -9999 -9999 247.282230377197 259.511316299438 324.916542053223 404.458114624023 272.096267700195 284.557640075684 498.906009674072 539.937072753906 460.405075073242 328.134784698486
-9999 -9999 -9999 -9999 -9999 -9999 -9999 -9999 -9999 -9999 -9999 -9999 -9999 -9999 683.051036834717 640.672760009766 519.019084334373 447.480424880981 470.924860477448 639.995178222656 491.015649795532 670.307507514954 448.16522526741 597.728720664978 683.585350036621 574.853498458862 729.048057556152 684.77618598938 720.53232383728 498.591400146484 648.253067016602 240.457569122314 174.716293334961 269.786102294922 252.114952087402 -9999 -9999 -9999 -9999 -9999 -9999 -9999 259.990673065186 401.255813598633 219.364851474762 211.408476829529 418.387390136719 784.861145019531 279.118782043457 243.306396484375
-9999 -9999 -9999 -9999 -9999 -9999 -9999 -9999 -9999 -9999 -9999 -9999 -9999 763.132858276367 481.23983001709 512.843711853027 639.198623657227 152.569316864014 432.61368560791 623.074462890625 822.356353759766 883.24382019043 1184.2822265625 781.76171875 493.945152282715 590.903555870056 594.557430267334 639.160928726196 686.957065582275 843.599796295166 512.238130569458 491.156608581543 297.84326171875 270.977547645569 255.176475524902 -9999 -9999 -9999 -9999 -9999 -9999 -9999 -9999 184.480827331543 494.735961914062 315.244522094727 312.49836730957 354.708787918091 462.930070877075 197.310195922852
-9999 -9999 -9999 -9999 -9999 -9999 -9999 -9999 -9999 -9999 -9999 -9999 -9999 417.696807861328 455.373649597168 532.454078674316 208.431878089905 364.213714599609 388.330223083496 590.395877838135 588.246921539307 575.617782592773 618.25191116333 685.236190795898 512.300506591797 685.089790344238 465.274948120117 544.661598205566 514.854347229004 707.53596496582 407.727811813354 439.368691444397 426.881875514984 285.735397338867 -9999 -9999 -9999 -9999 -9999 -9999 -9999 -9999 -9999 -9999 227.92615032196 345.00895690918 347.690307617188 302.666988372803 420.653311729431 294.670673370361
-9999 -9999 -9999 -9999 -9999 -9999 -9999 -9999 -9999 -9999 -9999 -9999 507.593137741089 465.747184753418 494.836301803589 462.510838508606 697.839096069336 732.298126220703 610.380714416504 603.464599609375 619.798128128052 419.581756591797 493.504455566406 565.17843914032 587.775503158569 588.251034736633 757.355697631836 551.674110412598 695.570077896118 638.788982391357 421.620010375977 492.256126880646 447.569274902344 -9999 -9999 -9999 -9999 -9999 -9999 -9999 -9999 -9999 -9999 -9999 389.183307647705 499.910247802734 262.068862915039 449.075302124023 527.772666931152 626.685678482056
-9999 -9999 -9999 -9999 -9999 -9999 -9999 -9999 -9999 -9999 -9999 478.786462068558 529.213082551956 452.948595046997 505.239288330078 475.815742492676 575.186107635498 828.358978271484 578.753637313843 809.374404907227 558.663471221924 972.377689361572 463.976951599121 533.780407905579 659.427688598633 618.286924362183 562.606960296631 633.160762786865 644.004474639893 463.474578857422 451.344520568848 518.147459030151 492.549284845591 -9999 -9999 -9999 -9999 -9999 -9999 -9999 -9999 -9999 -9999 -9999 -9999 325.864163398743 349.56847858429 427.666748046875 393.769134521484 630.008860588074
-9999 -9999 -9999 -9999 -9999 -9999 -9999 -9999 -9999 -9999 -9999 586.204833984375 517.573280334473 516.514198303223 503.888259887695 427.730083465576 526.265710830688 606.305919647217 659.975696563721 592.429379463196 584.440658569336 623.695350646973 616.88260269165 636.703704833984 511.568794250488 491.980590820312 675.018005371094 731.43000793457 483.649505615234 419.190602302551 386.208213806152 444.142913818359 -9999 -9999 -9999 -9999 -9999 -9999 -9999 -9999 -9999 -9999 -9999 -9999 -9999 612.074768066406 392.056755065918 279.669406890869 293.376480102539 461.447149276733
-9999 -9999 -9999 -9999 -9999 -9999 -9999 -9999 -9999 -9999 559.040975570679 414.352970123291 480.05394744873 536.244102478027 431.330940246582 587.675155639648 612.109367370605 680.935876846313 597.192705154419 627.319480895996 545.84529876709 628.958061218262 674.498527526855 698.332153320312 601.863228797913 679.54545211792 775.523849487305 652.28279876709 417.312652587891 499.031982421875 481.601657867432 -9999 -9999 -9999 -9999 -9999 -9999 -9999 -9999 -9999 -9999 -9999 -9999 -9999 -9999 -9999 611.14330291748 457.887601852417 273.080951690674 250.485321044922
-9999 -9999 -9999 -9999 -9999 -9999 -9999 -9999 -9999 -9999 782.873565673828 599.188705444336 490.364036560059 236.019416809082 626.873870849609 652.784393310547 805.451736450195 572.673751831055 523.554410934448 645.485122680664 567.884311676025 693.723556518555 539.302585601807 655.627166748047 552.066543579102 363.714141845703 520.580093383789 404.902725219727 192.721326828003 420.20393371582 -9999 -9999 -9999 -9999 -9999 -9999 -9999 -9999 -9999 -9999 -9999 -9999 -9999 -9999 -9999 -9999 -9999 722.847808837891 356.888198852539 166.440643310547
-9999 -9999 -9999 -9999 -9999 -9999 -9999 -9999 -9999 513.360673904419 477.818572998047 337.517990112305 508.803375244141 487.643264770508 486.125843048096 544.226087808609 535.11732673645 706.675712585449 472.58031463623 1004.35923194885 645.503036499023 553.575704574585 494.055519104004 497.534362792969 241.780700683594 470.186546325684 339.449644088745 285.270957946777 286.823089599609 149.05248260498 -9999 -9999 -9999 -9999 -9999 -9999 -9999 -9999 -9999 -9999 -9999 -9999 -9999 -9999 -9999 -9999 -9999 -9999 353.815776824951 600.876800537109
-9999 -9999 -9999 -9999 -9999 -9999 -9999 -9999 560.981449127197 456.901609420776 563.180191040039 619.945251464844 482.507915496826 309.638381958008 380.377765655518 609.838066101074 545.435489654541 724.317489624023 424.882391929626 715.7548828125 712.690948486328 477.342277526855 517.323471069336 120.898406982422 262.071746826172 343.079777002335 368.091728210449 304.340476989746 144.628776550293 -9999 -9999 -9999 -9999 -9999 -9999 -9999 -9999 -9999 -9999 -9999 -9999 -9999 -9999 -9999 -9999 -9999 -9999 -9999 -9999 965.145812988281
-9999 -9999 -9999 -9999 -9999 -9999 -9999 -9999 564.354263305664 435.901658058167 617.372589111328 538.861137390137 432.675384521484 618.526153564453 519.149538040161 514.431839466095 613.851051330566 573.696067810059 812.613700866699 298.555282592773 594.701488494873 624.867698669434 554.221954345703 120.92626953125 312.595960617065 179.741558074951 202.922874450684 175.570709228516 -9999 -9999 -9999 -9999 -9999 -9999 -9999 -9999 -9999 -9999 -9999 -9999 -9999 -9999 -9999 -9999 -9999 -9999 -9999 -9999 -9999 -9999
-9999 -9999 -9999 -9999 -9999 -9999 -9999 547.060813903809 506.539268493652 496.812267303467 436.511959075928 379.537727355957 435.747982501984 619.468940734863 455.752922058105 623.29736328125 520.651229858398 627.441883087158 517.594244003296 317.301826477051 239.906295776367 443.03946685791 215.043983459473 264.878684997559 241.332476139069 116.209083557129 258.901781082153 105.995574951172 -9999 -9999 -9999 -9999 -9999 -9999 -9999 -9999 -9999 -9999 -9999 -9999 -9999 -9999 -9999 -9999 -9999 -9999 -9999 -9999 -9999 -9999
-9999 -9999 -9999 -9999 -9999 -9999 647.383560180664 406.124057769775 526.097946166992 453.634962201118 480.673176765442 428.324831008911 575.269199371338 532.13790512085 552.552429199219 631.223243713379 476.675575256348 667.666511535645 342.736385345459 320.248474121094 407.098991394043 553.647508621216 243.167449951172 343.560577392578 301.618225097656 241.324374675751 290.604389190674 -9999 -9999 -9999 -9999 -9999 -9999 -9999 -9999 -9999 -9999 -9999 -9999 -9999 -9999 -9999 -9999 -9999 -9999 -9999 -9999 -9999 -9999 -9999
-9999 -9999 -9999 -9999 561.527481079102 586.581802368164 573.687812805176 209.736022949219 199.356786727905 457.264560699463 443.460041046143 536.077564239502 435.166603088379 511.063424766064 572.777336120605 539.432762145996 755.14266204834 329.464790344238 315.200786590576 388.701950073242 511.142108917236 764.613334655762 51.5149154663086 139.485961914062 236.556518554688 217.839841842651 -9999 -9999 -9999 -9999 -9999 -9999 -9999 -9999 -9999 -9999 -9999 -9999 -9999 -9999 -9999 -9999 -9999 -9999 -9999 -9999 -9999 -9999 -9999 -9999
259.058277130127 373.573463439941 317.118865966797 488.229761123657 560.27473449707 518.165878295898 455.546634197235 443.663199901581 200.92573928833 404.133594512939 518.086132049561 540.439940094948 644.10710144043 605.354797363281 570.733070373535 693.365337371826 809.113540649414 309.071655273438 306.440010070801 446.531112670898 580.755737304688 386.808799743652 44.029296875 46.7122821807861 179.576385498047 128.817024230957 -9999 -9999 -9999 -9999 -9999 -9999 -9999 -9999 -9999 -9999 -9999 -9999 -9999 -9999 -9999 -9999 -9999 -9999 -9999 -9999 -9999 -9999 -9999 -9999
