export/dem/dem65.asc
NCOLS 350
NROWS 171
XLLCORNER 152620
YLLCORNER 418050
CELLSIZE 100
NODATA_VALUE -9999
[rows 132 to 153 of 171, columns 300 to 349 of 350]
985.312522888184 904.118751525879 1623.737159729 1337.89595031738 1007.12944030762 1044.90674591064 1626.85931396484 1488.62295532227 1405.66958618164 1327.09642410278 1282.76166152954 1436.05033874512 1175.18803405762 1397.2189142704 1340.50827026367 999.923404991627 1120.95116424561 858.685208320618 886.553256988525 1017.54690551758 900.068267822266 923.757171630859 848.974743843079 888.442714691162 909.398361206055 1010.67637634277 800.133728027344 843.924816131592 910.976554870605 974.024833679199 831.897325515747 815.986694335938 868.346118927002 909.665939331055 -9999 -9999 -9999 -9999 -9999 -9999 -9999 -9999 -9999 -9999 -9999 -9999 -9999 -9999 -9999 -9999
845.227389335632 811.036972045898 976.438209533691 1370.42478179932 1177.22653198242 1240.74612426758 1333.27275085449 1901.80447387695 1294.78860473633 1320.65426635742 1208.88898468018 1210.73816680908 1171.85034942627 1173.79702377319 1465.18603467941 1865.38970184326 1543.29633331299 2147.46528625488 1822.94369506836 1425.68556213379 1683.44822692871 959.506446838379 850.329130649567 941.695907592773 811.045402526855 776.811374664307 786.970430374146 841.748054504395 879.659030914307 945.519620895386 887.800704956055 1002.0715713501 868.852361679077 860.061058044434 -9999 -9999 -9999 -9999 -9999 -9999 -9999 -9999 -9999 -9999 -9999 -9999 -9999 -9999 -9999 -9999
807.098573684692 862.418342590332 927.445709228516 1231.80389404297 1085.84735107422 1244.37040710449 1565.72485351562 1455.71446228027 1293.32511901855 1124.93086242676 1084.29474258423 1272.22128295898 1175.54769134521 1220.12969970703 1449.30061340332 1381.74618911743 1308.84901428223 1348.33540344238 1112.45971679688 1121.59255981445 1209.5876083374 1249.74481201172 988.209953308105 921.33748626709 870.468673706055 1041.59600830078 932.102157592773 893.167394638062 852.37328338623 865.388000488281 807.667762756348 894.952037811279 953.064048647881 942.221145629883 929.015037536621 -9999 -9999 -9999 -9999 -9999 -9999 -9999 -9999 -9999 -9999 -9999 -9999 -9999 -9999 -9999
737.011386871338 1037.8698425293 1069.20530700684 1436.33937072754 1149.49632263184 1132.35668945312 1207.23889160156 1671.1018371582 1514.95189666748 1224.53203582764 1240.73204040527 1507.88760375977 1103.67211532593 1070.3779194355 1344.11151885986 1748.56221389771 1291.05452132225 1045.29755973816 1050.80982971191 1111.79383850098 971.130974292755 1028.53975105286 1172.48359298706 989.200685501099 962.307037353516 930.908485412598 743.918037414551 998.618057250977 833.261249542236 965.9784116745 934.138117790222 895.709438323975 964.141067504883 754.210990905762 820.768173217773 921.721051454544 -9999 -9999 -9999 -9999 -9999 -9999 -9999 -9999 -9999 -9999 -9999 -9999 -9999 -9999
802.518785476685 1037.60305786133 957.913024902344 1122.61637878418 1004.14532470703 1392.5270690918 1269.9005279541 1209.65097045898 1035.86264419556 1076.37941741943 1135.15866088867 1095.4527053833 1247.03462219238 1651.89099502563 1248.20030975342 981.085296630859 1151.19734191895 1266.19915771484 994.951244354248 1009.27392578125 1020.61376953125 964.543962478638 951.733749389648 1174.11687469482 877.050773620605 944.135639190674 941.316841125488 870.72526550293 817.314792633057 757.791427612305 872.014450073242 1282.27250671387 884.412244796753 850.979766845703 660.114440917969 862.20206451416 -9999 -9999 -9999 -9999 -9999 -9999 -9999 -9999 -9999 -9999 -9999 -9999 -9999 -9999
899.512489318848 913.834602355957 1048.71726989746 1004.52684783936 1007.45698547363 1134.58768081665 1222.32330322266 1157.10873413086 1105.47425842285 1102.70921897888 974.977425098419 1061.62984466553 1213.15142059326 1371.00335693359 1310.23421144485 1088.84928894043 1180.07996368408 1042.58576202393 1087.43957519531 1034.32266998291 943.916269302368 912.914897918701 983.763454437256 1063.60256195068 1003.99644088745 1131.10935974121 1753.11096191406 918.783374786377 742.503578186035 812.077125549316 1319.64451789856 1026.36400794983 966.861671447754 1077.31031799316 809.412117004395 895.033168792725 814.829971313477 -9999 -9999 -9999 -9999 -9999 -9999 -9999 -9999 -9999 -9999 -9999 -9999 -9999
898.723378181458 974.188568115234 932.622369766235 820.075652599335 736.609405517578 1032.4312286377 1320.73425292969 1098.1957321167 1024.66806125641 1183.15765380859 1062.26923370361 1010.92026519775 1024.70392608643 1547.43380498886 1335.61415481567 1324.95664978027 1198.26490783691 1116.1477355957 1016.70879364014 1219.72410583496 1024.30577087402 982.921691894531 959.997234344482 1041.90738010406 982.014961242676 1017.25156784058 1101.35741424561 1014.27949333191 1081.64360427856 1159.48318481445 1014.16291046143 976.526895284653 1012.93103027344 905.243294715881 987.876441955566 954.232971191406 964.547973632812 -9999 -9999 -9999 -9999 -9999 -9999 -9999 -9999 -9999 -9999 -9999 -9999 -9999
755.949262619019 898.783042907715 824.677749633789 767.7060546875 947.691848754883 1172.90378570557 1216.06527709961 1093.10110855103 998.784602642059 1125.42671203613 980.041784286499 1056.5552482605 1009.77849292755 1040.66045808792 1609.1176071167 1773.35069274902 1005.4626083374 1192.68260192871 1151.47276306152 983.226104736328 919.89660358429 810.426055908203 1078.15087127686 950.887159347534 1015.55269622803 1133.6237487793 984.943465232849 991.520233154297 1118.48680877686 1238.41986846924 1013.34838581085 961.498610496521 1040.03161621094 980.054611206055 981.978332519531 1074.60371398926 827.867572784424 838.748645782471 -9999 -9999 -9999 -9999 -9999 -9999 -9999 -9999 -9999 -9999 -9999 -9999
799.998802185059 933.612247467041 852.552352666855 751.04451751709 888.353711605072 1191.716796875 1164.86683654785 1020.37182235718 1078.53707408905 901.480834960938 930.031776428223 1179.31843566895 936.340129852295 927.53337097168 1411.89678192139 1660.8525390625 1184.21880340576 1055.47925949097 899.668144226074 980.670215606689 1143.41765594482 1035.46486663818 841.419631958008 853.484527587891 959.679248809814 987.540555953979 900.204833984375 1170.34651184082 1138.62187194824 1160.0865020752 1340.5203666687 1062.38736498356 929.942802429199 914.982539415359 871.325359344482 883.680809020996 1036.96824645996 789.586532592773 -9999 -9999 -9999 -9999 -9999 -9999 -9999 -9999 -9999 -9999 -9999 -9999
708.952278137207 784.69712471962 962.166206359863 769.542442321777 927.542778015137 1055.56153869629 1078.08093261719 884.524559020996 1097.56716156006 714.540328979492 865.065010070801 1154.07688903809 953.921157836914 1093.90638637543 1137.28606414795 1459.95650482178 1147.96713256836 1129.92870140076 1112.42804050446 1074.15416145325 1142.22006225586 923.713918685913 1101.41618347168 894.675186157227 1111.11256408691 888.214748382568 959.632188796997 1149.87790679932 982.084770202637 938.291152954102 1225.79647445679 1103.99829864502 1056.21360015869 839.885223388672 829.343376159668 802.98038482666 715.708648681641 787.167068481445 811.904865264893 -9999 -9999 -9999 -9999 -9999 -9999 -9999 -9999 -9999 -9999 -9999
788.882278442383 914.919830322266 913.303863525391 835.440994262695 1119.42321014404 1043.37360906601 1254.4026260376 1118.25918579102 1002.16515541077 1145.07054901123 923.893043518066 1199.71656036377 1052.9840965271 1008.57534790039 1399.04850769043 1119.0989112854 1087.58474349976 1090.18761444092 1141.55701446533 1258.89488220215 1167.09295654297 1167.55611419678 1236.96342468262 1027.64134597778 1002.0177116394 1016.29062795639 950.822044372559 1101.36895751953 1060.50371170044 962.344787597656 1215.31133460999 1070.17418670654 814.356475830078 692.04638671875 841.538665771484 798.776306152344 825.490280151367 844.910934448242 679.020767211914 -9999 -9999 -9999 -9999 -9999 -9999 -9999 -9999 -9999 -9999 -9999
921.865020751953 800.547538757324 669.131050109863 666.340774536133 955.276245117188 1084.27714538574 962.504829406738 1007.65930938721 917.380462646484 783.018485069275 861.524894714355 930.499168395996 1085.28986549377 1167.50757598877 1250.14544677734 1464.86600494385 1133.29538726807 1013.11296224594 952.303003311157 909.412948608398 1154.68958282471 987.930002212524 965.112930297852 1360.87649536133 1065.1979675293 838.194519042969 966.147407531738 1076.76988983154 1044.25801467896 970.119400024414 824.993240356445 934.012069702148 835.659881591797 893.527936935425 903.910957336426 910.484146118164 947.022378921509 934.422866821289 833.793300628662 -9999 -9999 -9999 -9999 -9999 -9999 -9999 -9999 -9999 -9999 -9999
659.609752655029 842.526779174805 729.809680938721 766.304321289062 830.587547302246 773.972742080688 740.567071914673 745.811960220337 604.155258178711 818.027454376221 747.56934928894 638.096878051758 918.786087036133 1088.18948364258 1183.5007019043 1033.50681304932 1456.24977111816 940.924911499023 976.601852416992 926.550643920898 847.259208679199 921.749898910522 985.866247177124 1302.42822647095 1118.24905776978 1128.79685211182 1567.25225257874 788.610992431641 920.368385314941 1118.20977020264 1072.47841322422 955.803558349609 942.90825843811 833.967651367188 891.474456787109 706.270843505859 907.781620025635 801.060409545898 800.651870727539 831.818496704102 -9999 -9999 -9999 -9999 -9999 -9999 -9999 -9999 -9999 -9999
643.6240234375 876.581756591797 752.581993103027 770.953197479248 951.075500488281 814.773502349854 807.996997833252 738.278588294983 934.577705383301 790.031425476074 802.631146430969 760.521331787109 730.651390075684 955.922836303711 944.361694335938 1008.8549156189 1028.48000335693 958.949264526367 1411.44869995117 1040.75957107544 1010.77830314636 1041.06996917725 1079.97333145142 1118.66632843018 1359.30509185791 1596.1813583374 969.176906585693 1264.20594787598 1021.36791133881 977.63654756546 1145.28901433945 894.312088012695 838.586376190186 676.164993286133 1086.5114030838 960.613792419434 910.144004821777 836.237159729004 777.549674987793 830.367134094238 -9999 -9999 -9999 -9999 -9999 -9999 -9999 -9999 -9999 -9999
872.901733398438 807.772560119629 648.96159362793 606.356536865234 717.878621101379 686.129318237305 640.363189697266 761.673822402954 847.033966064453 850.715644836426 891.268661499023 806.519504845142 826.319068908691 785.825710296631 915.789127349854 954.28023815155 924.638820648193 848.734298706055 1029.53254508972 1182.02352142334 1006.31883764267 1085.51960372925 1071.3508014679 1084.69437408447 1100.13265991211 1282.39731407166 1120.34553486109 1048.77979660034 1025.15602684021 962.913394927979 1047.88882446289 1080.40353775024 1010.25849151611 1051.5676574707 900.478927612305 829.41389465332 721.794738769531 874.263656616211 921.967761039734 951.194208145142 -9999 -9999 -9999 -9999 -9999 -9999 -9999 -9999 -9999 -9999
919.925415039062 774.762932389975 712.60852432251 769.448829650879 746.05277633667 882.319118499756 623.052627563477 746.078536987305 694.492240905762 950.259342193604 870.207023620605 838.910943984985 943.157806396484 852.305763244629 926.922035217285 711.207702636719 973.638442993164 928.015243530273 1023.38269156218 1011.59352111816 1118.01540374756 1059.01176476479 1218.57762145996 1132.19385671616 1003.54922103882 1014.23936462402 1120.34915924072 1330.46880722046 1078.63690948486 1088.23280334473 1072.23110198975 898.248169898987 894.562183380127 838.219673156738 842.650650024414 720.222839355469 941.424854278564 927.350185394287 939.166761398315 909.274723887444 957.782249450684 -9999 -9999 -9999 -9999 -9999 -9999 -9999 -9999 -9999
623.856048583984 843.200489044189 723.123558044434 541.406845092773 625.478309631348 619.1337890625 792.769048690796 905.304832458496 716.398338317871 769.838535308838 884.33890914917 850.293655395508 950.841796398163 949.896438598633 792.225031852722 771.629997253418 863.206695556641 862.005977630615 1044.65369415283 966.395473241806 1142.99549865723 1206.02941131592 1103.2733669281 979.784492492676 887.768753051758 1072.24465942383 1171.66955566406 1019.41792106628 1088.90022277832 902.438642501831 1016.69021606445 1015.06243133545 1013.65953063965 918.244288682938 950.987030029297 817.113990783691 904.255874633789 799.244445800781 837.859981536865 797.89241027832 868.157527923584 -9999 -9999 -9999 -9999 -9999 -9999 -9999 -9999 -9999
595.045379638672 913.461959838867 917.182540893555 840.902473449707 624.057067871094 740.47404384613 760.920558929443 916.855194091797 793.062156677246 678.474563598633 828.418182373047 923.910845756531 881.409414291382 1124.51482963562 937.92431640625 738.446495056152 658.250862121582 871.793586730957 882.776310443878 923.975090026855 926.726427078247 1032.53639984131 1124.0390253067 1156.85993814468 1018.80953979492 1037.52338027954 1071.63323974609 926.791292190552 1028.75759887695 1012.41150665283 987.50260925293 945.323146820068 928.843814849854 861.348087310791 840.187355041504 1072.92779922485 788.674530029297 780.347961425781 852.065490722656 837.093189239502 810.596557617188 991.925960540771 -9999 -9999 -9999 -9999 -9999 -9999 -9999 -9999
752.564350128174 797.005687713623 822.101819992065 993.924514770508 799.134799957275 713.809379577637 641.218322753906 852.151569366455 692.356521606445 810.486404418945 899.835384368896 799.683685302734 980.256454467773 748.931518554688 945.62748336792 859.027415275574 795.560960769653 690.107421875 884.901245117188 926.725051879883 939.775547027588 1046.70854187012 1065.06600952148 1102.60299301147 964.904159545898 951.511098861694 946.51570892334 937.357315063477 1001.29409408569 867.017177581787 869.316465854645 1009.87738800049 960.5129737854 893.791687011719 833.779609680176 1044.18608093262 981.823098182678 1013.03143119812 818.891227722168 812.51042175293 930.171195983887 902.106567382812 -9999 -9999 -9999 -9999 -9999 -9999 -9999 -9999
757.819074630737 741.38207244873 835.164861679077 787.261054992676 680.569938659668 673.044258117676 833.112174987793 885.025146484375 693.636978149414 833.826661586761 886.877208709717 850.999313354492 1016.61159515381 800.57649230957 1028.07646179199 838.791969299316 866.091648101807 751.728721618652 825.895763397217 961.460403442383 1029.38465881348 917.478988647461 787.777374267578 791.135444641113 727.73371887207 777.53991317749 787.295867919922 966.75465965271 959.609992980957 1019.82431221008 959.062795639038 926.358024597168 993.458366394043 993.379878997803 1286.21717476845 939.310642957687 801.484977722168 1015.83882904053 935.60728263855 865.507957458496 820.516082763672 1048.02587127686 950.564411878586 -9999 -9999 -9999 -9999 -9999 -9999 -9999
793.606218189001 761.396919250488 838.823440313339 619.687210083008 735.129619598389 752.434942245483 866.805130004883 842.187980651855 749.230133056641 723.00260925293 784.339721679688 946.398536682129 1055.18315124512 1002.67897796631 791.264381408691 968.363288879395 1027.51064050198 903.739265441895 903.48609161377 1000.84999847412 914.468991100788 658.082290649414 922.882415771484 876.898881912231 691.926544189453 923.171588897705 813.260646820068 801.514019012451 956.958915710449 853.591247558594 941.844944000244 951.798261642456 913.425439834595 868.293479919434 1264.95860385895 846.832260131836 882.623748779297 962.108467102051 1000.5941324234 933.20240020752 1098.05172348022 1025.9542350769 939.107643127441 -9999 -9999 -9999 -9999 -9999 -9999 -9999
797.907249450684 817.998361587524 728.852306365967 732.564674377441 704.197700500488 842.333984375 907.930854797363 872.353355407715 628.118728637695 797.155405163765 927.493629455566 834.691711425781 1014.16095733643 815.161476135254 790.048390388489 674.939483642578 859.168212890625 971.391290664673 952.616396903992 1009.69535446167 813.175132751465 860.056900024414 950.513425827026 950.185260772705 899.171447753906 811.100959777832 762.337509155273 734.836288452148 808.222839355469 723.337966918945 853.502769470215 857.754402160645 916.601913452148 851.276550292969 1302.44631195068 875.292327880859 1003.00857925415 948.925415039062 1045.66568756104 1053.46195602417 1082.26486968994 972.513553619385 893.144737243652 969.652811408043 -9999 -9999 -9999 -9999 -9999 -9999
