export/dem/dem63.asc
NCOLS 350
NROWS 171
XLLCORNER 152620
YLLCORNER 418050
CELLSIZE 100
NODATA_VALUE -9999
[rows 88 to 109 of 171, columns 250 to 299 of 350]
898.394145727158 825.270431518555 919.776565551758 958.275526046753 742.12557220459 809.053840637207 585.415985107422 632.724182128906 628.477550506592 864.470191955566 652.597885131836 577.820373535156 539.398406982422 911.475257873535 734.369270324707 765.274063110352 634.534088134766 771.655136108398 749.56042098999 668.426010131836 616.907724380493 990.89794921875 383.493209838867 251.809173583984 408.442901611328 560.790222167969 595.241554260254 731.281303405762 598.622085571289 894.291976928711 583.858642578125 698.74130153656 636.245414733887 716.234281539917 681.48233795166 711.167286872864 703.215442657471 570.132095336914 633.795349121094 429.147094726562 598.96533203125 571.542976379395 554.487197875977 878.218780517578 338.679656982422 715.19002532959 577.865997314453 478.837860107422 622.289657592773 585.240432739258
856.067928314209 911.991100311279 1000.39685058594 1055.67282104492 822.917705535889 838.169916152954 612.113906860352 735.479902267456 751.548416137695 795.129501342773 604.305618286133 755.474975585938 1002.74192810059 681.803359985352 781.108612060547 783.514617919922 584.796295166016 583.714859008789 883.954200744629 597.674942016602 510.117340087891 511.857498168945 529.140625 496.661285400391 648.419193267822 423.141967773438 695.201608657837 638.773426055908 696.705955505371 575.744964599609 716.003315448761 946.253234863281 738.567604064941 654.182794570923 612.732330322266 526.713638305664 610.970794677734 560.542373657227 489.774200439453 541.275169372559 1113.85580444336 447.311981201172 742.998527526855 715.712287902832 679.853729248047 608.729919433594 586.122467041016 634.167602539062 661.155960083008 600.500091552734
755.103302001953 790.159023284912 844.156274199486 1088.97046470642 1135.46092987061 723.822728157043 857.25707244873 699.800148010254 640.411052703857 553.164703369141 685.179718017578 933.067092895508 694.887607574463 696.068603515625 795.433869838715 710.118347167969 528.33903503418 534.828338623047 664.077320098877 645.806823730469 590.288925170898 360.374176025391 528.871627807617 554.513885498047 538.535461425781 584.702056884766 757.200374603271 828.376871109009 630.797637939453 779.364604949951 696.761428833008 718.915222167969 604.414276123047 662.238761901855 671.897253036499 669.458230018616 509.408630371094 542.022750854492 656.645320415497 371.371551513672 781.777786254883 392.875885009766 400.442352294922 580.216819763184 568.500595092773 747.940162658691 877.439804077148 555.717407226562 786.498706817627 798.933746337891
672.390342712402 696.242797851562 877.048267364502 921.003482818604 1320.29074859619 1489.33503723145 795.349142074585 749.249622344971 645.31713104248 671.678680419922 623.602691650391 736.70694732666 633.804901123047 629.781387329102 737.052433013916 655.841026306152 686.884506225586 758.689590454102 851.502082824707 808.72891998291 764.763728141785 804.491230010986 604.798965454102 652.00862121582 691.135131835938 572.540008544922 706.768676757812 744.802177429199 960.794263124466 1177.60320281982 714.066925048828 598.869659423828 801.029350280762 744.523668766022 717.642702102661 666.858568191528 560.400291442871 462.933807373047 367.917907714844 415.04296875 1087.10343933105 1093.70393371582 424.10791015625 456.719039916992 439.332885742188 523.587738037109 735.919631958008 369.275451660156 805.993560791016 1298.65120697021
677.384559631348 786.545909881592 744.819406509399 923.571086883545 1064.40431594849 785.566780090332 1105.68524551392 678.857933044434 764.170654296875 720.598754882812 1055.82925415039 785.664764404297 780.484268188477 623.401977539062 663.599899291992 969.984130859375 731.450153052807 720.376415252686 751.757339477539 698.420181274414 672.842559814453 652.665328979492 745.21361541748 778.757095336914 837.355796813965 708.352722167969 804.715774536133 800.927192687988 837.38289642334 871.520584106445 780.910995483398 825.859645843506 760.124841690063 766.451560020447 721.412385463715 831.32494354248 785.860450744629 601.799240112305 724.993547439575 522.393524169922 517.363632202148 1279.73603820801 430.166595458984 538.346725463867 388.469543457031 484.041000366211 492.201507568359 661.919815063477 555.208953857422 522.549133300781
831.416895866394 840.886383056641 965.601196289062 1110.26946258545 1034.7886390686 1045.68787384033 802.045056819916 659.415084838867 787.810922622681 1033.15496826172 718.632141113281 812.644538879395 888.05638885498 929.432250976562 1115.12676239014 691.714012145996 741.15539264679 681.660972595215 799.737241744995 727.643928527832 721.986141204834 593.795028686523 837.784107208252 660.517440795898 552.13508605957 781.746340841055 1110.45446014404 1167.05796813965 695.743988037109 722.363922119141 755.655914306641 714.149169921875 793.407676696777 767.12744140625 808.408851623535 747.68350982666 764.694728851318 673.917839050293 633.595138549805 682.648788452148 378.563232421875 1320.25546264648 519.86164855957 562.105056762695 522.791351318359 606.603057861328 541.899703979492 562.157440185547 732.833557128906 874.98600769043
867.560012817383 919.392585754395 921.760856628418 1121.09802246094 950.195498466492 734.924049377441 719.701988220215 763.791761398315 792.256816864014 843.010047912598 997.485037326813 1025.99772262573 655.024154663086 866.352401733398 963.978332519531 598.957427978516 478.101455688477 601.309982299805 760.508796572685 706.987045288086 669.421028137207 651.150135040283 665.219013214111 622.516738891602 630.675186157227 958.960067749023 736.230072021484 943.724609375 802.726776123047 882.813186645508 819.962371826172 792.624206542969 873.212443351746 869.584999084473 786.596622467041 849.888969421387 843.634897232056 769.209381103516 703.955299377441 677.2253074646 405.966003417969 591.826782226562 461.822692871094 380.443542480469 692.424098968506 587.178009033203 566.115386962891 516.243728637695 554.315124511719 814.327590942383
705.305503845215 892.537651062012 937.372055053711 1016.00994491577 880.496618270874 765.368263244629 1101.08804702759 936.071495056152 963.48413848877 1091.77359008789 714.042304992676 1310.28377532959 924.868034362793 767.505352020264 840.18318939209 990.861047744751 911.188899993896 655.833923339844 855.596347808838 793.108996391296 756.642755508423 702.085174560547 679.860885620117 906.522689819336 931.365570068359 1027.71533203125 872.015319824219 890.041416168213 665.341903686523 773.736148834229 1713.29589080811 735.474548339844 832.386016845703 654.12646484375 767.629104614258 872.540107727051 807.319078445435 835.657653808594 730.46467590332 696.556159973145 695.299268722534 512.714752197266 1085.29612731934 489.039611816406 429.74072265625 539.48258972168 1013.30993652344 482.318817138672 371.308471679688 1012.97943115234
850.689720153809 1137.67319488525 944.020361155272 820.918224334717 906.239151000977 1066.49601745605 718.702209472656 965.194053649902 1193.67652130127 929.838409423828 712.411363601685 566.523918151855 527.553375244141 668.125663757324 711.444129943848 759.558654785156 756.225273132324 819.540935516357 848.483940124512 1053.61807823181 953.154853820801 1298.98408508301 1148.11276245117 568.897613525391 947.215446472168 724.040908813477 605.608840942383 549.535598754883 679.548248291016 1320.51448059082 577.653411865234 639.687057495117 633.984100341797 818.508590698242 1139.813621521 975.471084594727 903.004793167114 748.68253326416 829.732367515564 665.659156799316 755.100538253784 639.509368896484 1058.71286010742 603.998123168945 824.355392456055 725.508560180664 693.304573059082 548.659912109375 445.165298461914 1031.08097839355
848.204956054688 802.232303619385 765.395008087158 888.322639465332 859.718757629395 839.607597351074 956.088787078857 856.043185710907 1354.32914161682 1423.43166351318 712.836334228516 769.125480651855 1392.81848907471 999.247531890869 659.966262817383 645.578506469727 767.779048919678 649.176124572754 782.223433971405 674.888290405273 647.505126953125 862.437812805176 550.707275390625 665.349807739258 583.697540283203 824.336059570312 778.080047607422 533.408020019531 653.080978393555 885.252395629883 646.310897827148 1411.58264160156 1441.50790691376 959.054737091064 788.309173583984 822.472610473633 791.134170532227 682.032272338867 718.961444854736 747.021114587784 530.159332275391 586.590721130371 955.086044311523 1622.36239624023 782.990623474121 687.196212768555 606.297180175781 648.96312713623 742.282871246338 630.499160766602
795.98627281189 1217.0080871582 907.017517089844 680.640899658203 782.45213842392 822.283264160156 924.600986480713 1236.76886749268 888.1100025177 809.695894241333 867.994510650635 790.339553833008 751.925138473511 645.20068359375 600.911689758301 774.92652130127 768.441665649414 768.001581192017 533.322341918945 670.03630065918 652.686111450195 836.513134002686 819.39518737793 1106.82159423828 500.229187011719 1092.19757080078 1775.67752075195 1101.4638671875 1417.53636169434 695.712036132812 955.227111816406 722.527374267578 705.562133789062 930.284820556641 763.188903808594 808.121515274048 765.729923248291 794.553053855896 776.834980010986 673.826370239258 638.018508911133 613.731826782227 944.279800415039 902.508834838867 439.721740722656 529.730010986328 765.788192749023 580.310699462891 891.517883300781 1225.24514389038
679.660720825195 783.366682052612 1327.93076324463 850.838340759277 762.171073913574 892.842420578003 1432.87798690796 1327.46129226685 811.069828033447 829.582595825195 802.538589954376 1128.0252494812 1236.18042755127 933.256469726562 913.743301391602 953.580612182617 915.329864501953 630.645294189453 627.080764770508 683.639404296875 1016.79191589355 780.209135055542 900.426864624023 743.040679931641 1338.95501708984 938.8134765625 895.42546081543 1133.76901245117 1242.80104064941 565.250793457031 951.371978759766 977.872001647949 917.865713119507 1035.68366241455 824.456148147583 734.053596496582 744.607597351074 773.404236793518 688.614185333252 640.626662790775 619.454410552979 373.880264282227 764.349431991577 1215.7271156311 1415.92311859131 530.660629272461 661.853248596191 638.314880371094 738.242195129395 774.352895736694
1225.88068771362 676.318939208984 738.864728927612 660.69132232666 934.522186279297 1018.88929748535 667.01301574707 1005.95536804199 750.805641174316 991.58179473877 1120.03597259521 825.124984741211 997.789260864258 1155.00499105453 976.683782577515 723.812973022461 630.387176513672 794.809955596924 727.629581451416 896.271873474121 1190.81889343262 1174.48886108398 778.480712890625 979.943588256836 722.763168334961 1189.70120239258 547.942443847656 622.818542480469 1353.3533782959 696.755569458008 972.436782836914 809.401008605957 817.183868408203 853.475875854492 834.189565896988 894.250862121582 757.57546043396 907.881912231445 760.054573059082 589.438600540161 606.110244750977 553.43985748291 853.34171295166 614.086883544922 972.521392822266 594.58960723877 593.945297241211 680.324813842773 595.784072875977 674.339645385742
743.581764221191 674.602386474609 898.406997680664 785.201635062695 767.110303401947 1192.3571472168 865.859825134277 1026.80293273926 819.589973449707 935.458152294159 605.067443847656 1017.13882446289 825.547664642334 739.744171142578 917.924423217773 603.531768798828 743.76880645752 1271.85112762451 756.041862487793 757.403743743896 1242.29193878174 665.003921508789 1068.0213470459 711.155395507812 824.704849243164 893.243927001953 1024.5126953125 1856.26809102297 618.862060546875 1105.11544799805 843.288284301758 722.302001953125 826.937438964844 908.600498199463 898.956493377686 1121.9581451416 882.957618713379 743.136566162109 748.573118209839 773.092697143555 571.623847961426 527.000216722488 596.804992675781 703.698944091797 929.25048828125 656.835815429688 752.971694946289 864.963340759277 665.925315856934 709.686721801758
870.777652740479 1163.37798118591 1017.24544525146 911.703201293945 682.81029510498 677.239273071289 761.404769897461 1128.11317062378 994.040374755859 1671.28733825684 624.562255859375 1015.2721862793 942.824211120605 729.859100341797 674.873489379883 975.71183013916 635.73371887207 410.221221923828 1510.44872188568 723.806915283203 839.409225463867 893.159284591675 877.800510406494 1244.54912567139 809.038238525391 703.092834472656 670.717987060547 1495.80084228516 981.120727539062 635.645202636719 852.243576049805 1351.17582702637 970.660736083984 883.219202041626 881.098280906677 1016.94850158691 788.858024597168 800.930589675903 695.134368896484 571.900359153748 496.472480773926 463.176849365234 546.247884750366 761.791557312012 667.417617797852 804.868059396744 626.169708251953 835.421182632446 627.640441894531 804.047325134277
908.809410095215 1413.86096191406 1001.25543212891 663.897254943848 1317.7593536377 955.07918548584 985.188949584961 942.719169616699 803.253631591797 736.750923156738 821.881736755371 631.982971191406 681.678985595703 834.688140869141 695.735092163086 695.540893554688 1023.34437561035 679.8515625 644.434951782227 885.936943054199 740.817024230957 660.569427490234 691.807540893555 994.962295532227 885.811705589294 793.570724487305 949.001441955566 888.095428466797 590.683441162109 680.084655761719 1144.11266326904 1154.90992736816 766.746856689453 941.269302368164 1016.60627746582 874.000576972961 879.637859344482 872.435377120972 756.872884511948 601.279960632324 671.769157409668 645.887172698975 682.267913818359 660.751037597656 848.941017150879 634.84977722168 574.861175537109 824.753143310547 843.797180175781 833.546125650406
1031.87830352783 759.139276981354 1049.34829711914 841.985244750977 699.379829406738 901.783000946045 778.627662658691 864.976776123047 760.162590026855 868.902984619141 702.716415405273 792.389915466309 718.411422729492 1066.80088806152 996.145540237427 932.027862548828 807.568649291992 821.388824462891 806.548248291016 1004.92071151733 605.245162963867 1134.38121032715 864.681587219238 627.438400268555 715.287078857422 831.7978515625 871.908203125 883.637145996094 1418.98666381836 1492.70879364014 1368.84449672699 800.24755859375 871.893957138062 962.583213806152 843.516033172607 954.998863220215 872.803539276123 998.447425842285 845.567043304443 725.247050285339 735.569156646729 627.041149139404 501.242858886719 621.717990875244 624.691055297852 1083.23892211914 840.850516319275 649.645889282227 621.856178283691 906.541034698486
630.391571044922 482.430679321289 638.029174804688 852.625880718231 850.259035587311 1086.8182888031 751.96759223938 839.419822692871 876.912937164307 959.717315673828 876.221748352051 1153.20672607422 1416.65984344482 766.807891845703 809.374755859375 885.208130836487 925.026208877563 789.371406555176 987.197555541992 1115.03964233398 638.92839050293 803.699264526367 1019.5071105957 1157.29995727539 999.839279174805 683.732757568359 851.040588378906 809.263927459717 756.192459106445 698.434921264648 823.726737976074 876.629981994629 803.182013988495 971.25203704834 734.891120910645 960.456718444824 790.841865539551 959.820762634277 816.656799316406 883.168054580688 920.052084922791 835.967460632324 597.615749359131 601.434013366699 774.370909690857 933.668853759766 727.579761505127 680.693862915039 789.477745056152 795.669898986816
638.618637084961 754.496368408203 1284.59175109863 1122.35108947754 991.366230010986 982.249568939209 713.420989990234 1258.24794006348 1940.6693572998 651.69361114502 1333.17297363281 582.401123046875 998.984359741211 806.133178710938 828.811851501465 844.29963684082 796.392112731934 688.309356689453 826.252723693848 846.359909057617 859.914421081543 954.745025634766 823.422874450684 723.717979431152 676.421173095703 717.177947998047 738.439468383789 841.277595043182 752.408042907715 864.711848258972 739.788955688477 757.954177856445 745.756147384644 982.541931152344 844.987421035767 916.336730957031 1028.77269744873 723.870846748352 691.898498535156 685.539413452148 1053.26445007324 637.664352416992 801.323333740234 706.66792678833 812.848926305771 842.407154083252 755.283737182617 850.140224456787 899.949871063232 750.171538352966
639.780059814453 786.86116027832 745.832778930664 705.613479614258 880.469734191895 1272.7163772583 1625.57631111145 1098.45536804199 829.160682678223 808.170780181885 1301.6464881897 825.310977935791 867.258601903915 961.464535713196 823.701145172119 880.665023803711 691.479644775391 926.509078979492 599.092544555664 610.399047851562 1215.05191802979 720.915405273438 731.88899230957 602.207809448242 862.715938568115 783.728179931641 685.842811584473 563.375640869141 841.435943603516 702.240036010742 799.882232666016 741.580543518066 911.523361206055 687.010238647461 727.668651580811 784.807748779655 823.664756774902 944.843193054199 745.186580657959 872.79455947876 1035.78155517578 730.495819091797 679.442632436752 569.589917182922 641.371437072754 670.483346939087 855.936194419861 720.993026733398 843.568283081055 702.773838043213
552.84716796875 1088.82772064209 975.775573730469 726.730941772461 988.535224914551 920.380180358887 967.619924545288 1306.41847229004 1492.27286529541 876.93083190918 566.878646850586 1006.26080322266 932.206111907959 1104.02442169189 1029.39586257935 895.866760253906 952.591682434082 863.466331481934 1672.32779693604 1343.17854309082 878.448211669922 809.770523071289 587.650955200195 760.19123840332 683.844039916992 906.540226459503 774.844459533691 721.461406707764 600.498107910156 1040.14489746094 959.966989517212 837.413948059082 817.992702484131 810.662536621094 829.181182861328 716.884971618652 836.293209075928 827.581691741943 790.947608947754 754.256462097168 720.472511291504 976.250686645508 878.548797607422 724.953430175781 607.828666687012 414.58203125 724.699657440186 737.57315826416 859.707264900208 921.457305908203
694.65421295166 609.203582763672 690.823532104492 842.343078613281 1143.9871673584 890.196487426758 748.461433410645 1089.72706604004 1462.47476196289 912.485712051392 1149.43130493164 882.29248547554 895.759010314941 755.115165710449 939.88956451416 1118.00257873535 848.409004211426 893.114349365234 1318.92470264435 984.325202941895 1266.82511520386 843.830055236816 1084.06068634987 817.065013885498 969.622741699219 918.283493041992 869.037109375 778.900360107422 803.742755889893 1031.08209991455 795.144050598145 647.710083007812 822.264932632446 923.568519592285 764.672859191895 854.921703338623 742.97534942627 751.579521179199 884.974960327148 755.01775932312 656.453895568848 983.134826660156 954.604064941406 808.584732055664 508.705856323242 597.445777893066 840.851318359375 955.003799438477 943.19592666626 838.783806800842
