export/dem/dem6.asc
NCOLS 350
NROWS 171
XLLCORNER 152620
YLLCORNER 418050
CELLSIZE 100
NODATA_VALUE -9999
[rows 132 to 153 of 171, columns 300 to 349 of 350]
949.903366088867 976.036472320557 1858.17376708984 1379.13610839844 1023.9884262085 997.877349853516 1524.39381408691 1499.19093322754 1152.06692934036 1449.88716125488 1336.83134460449 1266.30862426758 1190.44176483154 1400.76391458511 1408.92776107788 1068.45809173584 1304.03771972656 1041.05642700195 1087.49258422852 1082.98616027832 957.044792175293 931.387153625488 853.362434625626 913.349922180176 793.642749786377 909.25098323822 705.624557495117 752.224822998047 869.15128326416 894.20934677124 788.509765625 701.403823852539 825.750946044922 779.226913452148 -9999 -9999 -9999 -9999 -9999 -9999 -9999 -9999 -9999 -9999 -9999 -9999 -9999 -9999 -9999 -9999
902.542114257812 936.386207580566 1013.48652648926 1286.68914031982 1164.69111633301 1139.25112915039 1350.3052520752 1672.51887512207 1339.28768920898 1314.20185852051 1216.57641601562 1171.02619552612 1094.61473560333 1087.33485031128 1366.08320617676 1792.0312461853 1627.228515625 2136.78469848633 1861.25286865234 1395.99328613281 1691.81549072266 880.401992321014 1037.98289489746 936.703300476074 800.881603240967 849.044744491577 776.245506286621 870.646717071533 918.70504629612 1058.1922454834 702.411270141602 915.835862159729 767.081047058105 857.076988220215 -9999 -9999 -9999 -9999 -9999 -9999 -9999 -9999 -9999 -9999 -9999 -9999 -9999 -9999 -9999 -9999
967.282623291016 850.181869506836 912.854690551758 1131.51461791992 1171.05545043945 1123.31848907471 1558.40124511719 1687.81201171875 1223.7946472168 1052.49913406372 1202.85720825195 1281.89113998413 1228.29939842224 1033.31995010376 1335.79751968384 1492.21307373047 1371.77098083496 1417.76821899414 1154.39099121094 1131.39530944824 1237.17219543457 1174.82323455811 839.464485168457 966.890182495117 886.482458114624 840.590648651123 946.951146125793 953.224266052246 845.762184143066 783.382110595703 753.187553405762 751.673011779785 896.160186767578 896.737501144409 914.500751495361 -9999 -9999 -9999 -9999 -9999 -9999 -9999 -9999 -9999 -9999 -9999 -9999 -9999 -9999 -9999
723.253150939941 845.956916809082 1152.86416625977 1251.5359992981 1080.17213439941 1270.42465209961 1151.00004577637 1739.89999389648 1609.20359802246 1352.51608276367 1279.45156860352 1570.89828491211 1289.09100341797 1215.62422180176 1368.79759216309 1783.23314571381 1382.34482574463 1243.4326171875 1072.91486358643 1014.21917724609 1080.54636383057 899.284774780273 1166.33423614502 997.313904047012 834.378108978271 885.842517852783 828.552245616913 870.085392713547 897.110622406006 1022.49894714355 934.053333282471 742.178085327148 1207.75065612793 776.480924606323 917.927562713623 920.357847571373 -9999 -9999 -9999 -9999 -9999 -9999 -9999 -9999 -9999 -9999 -9999 -9999 -9999 -9999
615.022567749023 867.719574451447 876.829650878906 1092.27877807617 942.883804321289 1207.47844696045 1326.30859375 1298.96353149414 1083.54446411133 1348.64724731445 1078.47813224792 1173.88784790039 1399.81260299683 1589.07569503784 1153.54472160339 1102.14641550183 1154.67378234863 1102.35974121094 954.959196090698 1039.83210754395 1036.0464553833 1169.0085144043 875.145042419434 1190.37805938721 1109.88047027588 1149.83938598633 929.727718353271 1024.67022705078 969.662307739258 915.864416122437 948.884492874146 1495.59416437149 883.036180496216 952.037864685059 787.715763092041 807.781745910645 -9999 -9999 -9999 -9999 -9999 -9999 -9999 -9999 -9999 -9999 -9999 -9999 -9999 -9999
902.078338623047 1010.1256942749 980.649017333984 1071.13293457031 802.080722808838 1350.13800048828 1132.96733856201 1027.59646224976 1204.27386474609 1226.33430480957 1157.25346374512 981.288150310516 1305.40106487274 1520.62679290771 1403.25163269043 1040.68292045593 1085.23327636719 885.374271392822 998.76049041748 813.070640563965 1007.59275436401 797.379928588867 885.514533996582 1111.97819519043 1092.68077850342 1155.04439926147 1579.72243499756 812.198879241943 852.857803344727 855.025161743164 1293.11394119263 1014.0746383667 947.440567016602 825.720935821533 897.56982421875 724.534057617188 985.576278686523 -9999 -9999 -9999 -9999 -9999 -9999 -9999 -9999 -9999 -9999 -9999 -9999 -9999
973.798957824707 944.328273773193 939.635194778442 915.902992248535 792.672821044922 1203.39698791504 1497.6208190918 1175.48583984375 1212.95588684082 1272.16532897949 1138.00048828125 1036.9510269165 1190.46108627319 1605.95492553711 1317.06135177612 1452.01824951172 1082.84415817261 974.794359207153 913.326194763184 1008.43266105652 1199.48629760742 987.985569000244 915.229721069336 1035.67023086548 987.090452194214 1103.13048553467 1042.76620101929 1034.25603866577 1156.51914215088 1255.32856273651 1072.72799873352 929.487674713135 914.62771987915 803.193908691406 734.281814575195 809.878093719482 815.980394363403 -9999 -9999 -9999 -9999 -9999 -9999 -9999 -9999 -9999 -9999 -9999 -9999 -9999
761.743233680725 990.430786132812 875.948795318604 801.171466827393 847.98203086853 1045.09658813477 1143.85789108276 1136.27405548096 950.023597717285 1179.58116149902 1101.91306304932 1163.7223815918 897.994132995605 1237.34924316406 1677.10012054443 1754.1773223877 958.112905502319 1128.01181030273 1096.81449890137 1132.32182312012 809.181434631348 1089.16191101074 991.089781761169 925.632995605469 1087.59089660645 906.875022888184 977.063345715404 919.220407485962 1093.74518203735 1248.79655456543 1120.93907165527 814.939254760742 907.481685638428 904.619604110718 852.427417755127 909.131200790405 818.251831054688 848.930660247803 -9999 -9999 -9999 -9999 -9999 -9999 -9999 -9999 -9999 -9999 -9999 -9999
878.577247619629 913.896125793457 750.634162902832 783.768459796906 1037.06512451172 1057.93583297729 1007.57546615601 1159.34898376465 1182.04224395752 1091.76442718506 979.617797851562 1083.73624420166 1081.72252655029 1036.39225196838 1455.64657592773 1527.61624145508 1155.39933776855 1022.27749443054 1107.66738891602 1091.08389282227 1078.45735549927 794.327568054199 820.067459106445 908.774890422821 859.637725830078 1049.54497528076 1039.71663665771 892.166366577148 1080.02375793457 1142.27084350586 1283.41962432861 907.502319335938 1015.97185462713 768.761306762695 851.896331787109 833.703002929688 923.640713214874 745.322265625 -9999 -9999 -9999 -9999 -9999 -9999 -9999 -9999 -9999 -9999 -9999 -9999
598.879638671875 724.413215637207 873.899625301361 995.03385925293 1016.7209777832 1030.86014556885 1048.17119598389 1022.82659912109 1134.28827667236 1035.25357055664 1030.63603210449 1045.58184051514 987.005729675293 1232.82054138184 1477.40591430664 1403.19200611115 1177.84545898438 1341.78991699219 1211.6032333374 1217.23399353027 941.588302612305 914.14368057251 1070.37867736816 916.015600204468 822.792633056641 847.441596984863 1013.69506835938 995.724002838135 892.171955108643 1036.93771362305 1127.27149200439 1005.40310668945 1037.0584526062 1048.07097625732 825.996360778809 845.250274658203 850.253829956055 767.935394287109 876.996509552002 -9999 -9999 -9999 -9999 -9999 -9999 -9999 -9999 -9999 -9999 -9999
791.883521080017 773.932893753052 976.052886962891 767.91202545166 1020.72798728943 1097.91303634644 1204.11987304688 1118.93119812012 1056.08591461182 1121.30038833618 890.7531042099 1184.2689704895 980.387434005737 1011.28413391113 1524.47723388672 1187.84226989746 1080.0150680542 1062.13772583008 1038.53010463715 1252.19694519043 1384.06870269775 1179.4817276001 1289.90325307846 1095.88105583191 851.916427612305 1094.91655731201 1023.93015289307 1133.01388549805 973.468509674072 945.249000549316 1079.74072265625 1158.76437568665 992.784895896912 1036.44632911682 1021.16466236115 904.216709136963 997.438739776611 1000.9485244751 914.384651184082 -9999 -9999 -9999 -9999 -9999 -9999 -9999 -9999 -9999 -9999 -9999
783.448028564453 607.143981933594 746.583647251129 691.785511016846 865.128293991089 740.820785522461 947.851919174194 919.828144073486 860.354297637939 753.62956237793 953.85147857666 962.557145118713 1073.27797698975 984.951530456543 996.604026794434 1606.52679443359 1134.16938781738 1020.48121929169 1018.06921005249 967.890127182007 931.314247131348 1012.97958755493 1166.16549301147 1083.97846221924 1196.83290100098 886.352926254272 1080.45432758331 865.907836914062 924.9287109375 878.844192504883 1088.49315643311 1006.23101043701 859.739212036133 982.746368408203 886.847816467285 932.684593200684 947.827503204346 938.618901252747 1025.15113830566 -9999 -9999 -9999 -9999 -9999 -9999 -9999 -9999 -9999 -9999 -9999
650.835670471191 659.854160308838 823.008934020996 697.491841316223 767.538203239441 814.377780914307 674.876586914062 830.935081481934 759.832298278809 838.196613311768 742.652763366699 771.478059768677 945.499760150909 1083.17043304443 1133.26917266846 1079.35364341736 1664.7188873291 1128.86248016357 1195.0523223877 938.00309753418 1086.78559875488 910.440167427063 1074.87243270874 1364.94174623489 1256.46224212646 1012.08092498779 1567.63486671448 927.798469543457 1022.20759963989 1033.60880947113 1078.79652690887 911.488357543945 970.135601043701 616.025482177734 1001.78389847279 1011.91759109497 922.139728546143 935.180229187012 823.571296691895 861.762687683105 -9999 -9999 -9999 -9999 -9999 -9999 -9999 -9999 -9999 -9999
884.548706054688 800.714050292969 778.869480133057 621.170936584473 702.791664123535 725.681846618652 976.808441162109 600.135986328125 719.39379119873 853.862775802612 690.748992919922 603.57942199707 645.475555419922 777.069152832031 872.252731323242 1103.22261047363 1278.80958557129 1307.71772766113 1746.36866760254 1215.12469482422 1040.80178451538 1042.50834655762 1221.67576599121 1037.9103603363 1541.182056427 1634.76830101013 1118.15030670166 1202.98187637329 1050.82224464417 943.504474639893 1034.65028381348 897.17073059082 849.837139129639 786.998794555664 1113.50211715698 867.994003295898 754.206192016602 713.220489501953 756.391128540039 1067.97909545898 -9999 -9999 -9999 -9999 -9999 -9999 -9999 -9999 -9999 -9999
990.740173339844 733.763303756714 990.575469970703 791.714164733887 675.671987533569 616.81428527832 857.18123626709 795.673726081848 1057.36392974854 857.742973327637 795.563976287842 606.833786010742 713.48957824707 715.10546875 776.367004394531 1065.02284240723 1014.28602981567 992.124130249023 1164.33653259277 1273.29438781738 1029.009141922 1182.90562438965 1126.82089233398 1129.87676239014 1009.03194475174 1248.96305084229 1097.93279457092 871.43758392334 1049.43222808838 982.665084838867 903.660736083984 1174.29982376099 973.272048950195 1062.48413085938 1001.08569526672 830.433776855469 997.587656021118 959.776988983154 850.750389099121 887.028614044189 -9999 -9999 -9999 -9999 -9999 -9999 -9999 -9999 -9999 -9999
844.016902923584 888.979568481445 838.13712310791 678.387847900391 709.109088897705 768.623985290527 565.13410949707 791.149971008301 874.354965209961 879.666305541992 952.002682685852 782.623481750488 529.505798339844 675.040298461914 798.434453010559 763.621711730957 962.926428794861 1073.1987991333 1153.48811340332 1227.88551330566 1113.46845245361 1128.48825073242 993.398963928223 1189.3198928833 1002.60573577881 1032.07368087769 1108.61782073975 1260.18682289124 865.75634765625 969.882606506348 958.428802490234 749.576583862305 915.12667632103 764.24186706543 874.296211242676 866.541778564453 867.804832458496 972.739035844803 829.051208496094 950.368270874023 867.552581787109 -9999 -9999 -9999 -9999 -9999 -9999 -9999 -9999 -9999
831.848876953125 742.779895782471 678.929916381836 746.111408829689 790.722965240479 693.880870819092 791.915733337402 923.954063415527 803.979503631592 941.807815551758 767.130752563477 783.927658081055 873.519226074219 945.392948150635 834.669773101807 994.621978759766 905.549575805664 915.035278320312 971.078582763672 976.437756538391 1053.07553482056 1131.31841659546 981.111808776855 1246.25596618652 1043.47046661377 1024.2843837738 921.839309692383 1001.07257843018 758.108413696289 875.827437400818 767.506378173828 742.064788818359 919.073799610138 783.123291015625 972.870016813278 735.886184692383 933.565677642822 877.632873535156 842.782608032227 1001.26321411133 1041.52863311768 -9999 -9999 -9999 -9999 -9999 -9999 -9999 -9999 -9999
797.382438659668 741.553039550781 750.475788116455 791.69651889801 751.217745304108 671.012992858887 725.883029937744 751.915672302246 833.076053857803 820.13122177124 783.329916477203 793.106575012207 924.588497161865 1070.63877487183 970.108512878418 866.89998626709 862.870445251465 950.938720703125 991.548950195312 976.331825256348 908.432918787003 1053.02011871338 1130.24145126343 1293.07879638672 1138.27334594727 951.040504455566 906.275444030762 859.577751159668 884.576668977737 797.967079162598 775.622901916504 781.621131896973 702.428985595703 642.956741333008 793.59846496582 963.570304870605 888.638618469238 956.640410453081 946.204310417175 845.276355743408 1041.00030899048 866.252151489258 -9999 -9999 -9999 -9999 -9999 -9999 -9999 -9999
840.196479797363 935.222366333008 1035.77359008789 757.997783660889 757.944165229797 679.004623413086 710.737007141113 803.901519775391 761.585582733154 741.042572021484 783.168548583984 881.224449157715 832.842397689819 841.160919189453 950.704441070557 873.209678649902 807.428796768188 941.445487976074 726.312362670898 889.04681968689 978.728485107422 958.680156707764 924.919148445129 1123.59603118896 1092.11919403076 907.431991577148 945.56477355957 901.004608154297 790.172988891602 997.520812988281 774.247283935547 651.406158447266 785.835968017578 821.330856323242 731.337112426758 1039.87219238281 967.192186355591 922.661163330078 769.806617736816 976.24100112915 1022.3722114563 921.137310028076 -9999 -9999 -9999 -9999 -9999 -9999 -9999 -9999
795.819244384766 795.110872268677 982.223541259766 707.085773468018 746.008670806885 890.618026733398 680.002716064453 819.245774507523 711.967330932617 817.930593490601 714.869918823242 863.786407470703 822.848281860352 942.172878265381 1086.64949035645 772.652862548828 951.366062164307 865.407419204712 784.254240036011 771.977439880371 809.140874862671 729.426795959473 941.997207641602 1019.0754699707 976.400436401367 854.495223999023 822.360214233398 1012.36276245117 788.929382324219 857.49723815918 934.476099014282 755.038528442383 824.218688964844 804.489456176758 1109.10954284668 793.927551269531 882.176404953003 827.098861694336 892.373184204102 989.153168201447 870.695327758789 921.636054992676 869.507125854492 -9999 -9999 -9999 -9999 -9999 -9999 -9999
753.112415313721 665.409927368164 824.498111724854 807.743596076965 752.94779586792 805.830890655518 828.650936126709 569.926956176758 786.093673706055 729.896957397461 862.352920532227 988.127429962158 1053.74201965332 804.644813537598 797.146217346191 940.464973449707 935.54850769043 850.787902832031 964.017869949341 836.484634399414 812.17147064209 662.028854370117 945.448806762695 862.761340141296 1047.61302185059 803.964691162109 917.471878051758 976.389099121094 899.954716205597 1103.82555389404 900.990089416504 823.371139526367 872.81396484375 729.689956665039 1173.74263763428 882.025352478027 954.418773651123 1107.37077331543 987.746071338654 904.973075866699 952.91650390625 899.31867980957 1002.82262825966 -9999 -9999 -9999 -9999 -9999 -9999 -9999
695.491645812988 682.345436096191 760.058673858643 706.636962890625 787.902649879456 705.524574279785 845.116813659668 813.155010223389 705.079040527344 802.795379161835 739.571533203125 717.045562744141 927.860984802246 999.333023071289 712.361083984375 844.684427261353 948.174198150635 682.386596679688 882.440803527832 936.247421264648 864.1591796875 715.44743347168 995.538444519043 858.692790985107 861.916288375854 858.78360748291 856.468242645264 932.391231536865 912.509708404541 864.474520683289 1006.5648727417 967.457606315613 907.559631347656 884.444286346436 1111.85668945312 959.31381046772 894.742767333984 911.682266235352 988.982795715332 981.663890838623 970.512607574463 857.367218017578 911.734382629395 933.459712982178 -9999 -9999 -9999 -9999 -9999 -9999
