export/dem/dem68.asc
NCOLS 350
NROWS 171
XLLCORNER 152620
YLLCORNER 418050
CELLSIZE 100
NODATA_VALUE -9999
[rows 88 to 109 of 171, columns 50 to 99 of 350]
325.789325714111 489.900924682617 457.844060897827 485.285732269287 396.677581787109 382.832214355469 481.848068237305 410.975086212158 341.286758422852 400.724395751953 562.383453369141 391.244964599609 284.463317871094 670.071441650391 429.153324127197 353.842947006226 246.872779846191 461.518577575684 519.459518432617 336.799213409424 375.748945236206 430.657127380371 365.991157531738 555.102828979492 473.239143371582 390.522442817688 417.121952056885 339.037063598633 233.105880737305 373.125411987305 458.325596809387 263.934143066406 479.807949066162 292.653915405273 557.526802062988 436.801834106445 548.383483886719 362.571723937988 292.65446472168 619.658679962158 613.809157371521 -9999 -9999 -9999 -9999 -9999 -9999 -9999 -9999 -9999
400.341226577759 402.972415924072 386.968566894531 620.226852416992 466.41446685791 432.795880317688 317.904777526855 512.420867919922 409.234958648682 328.621454238892 424.015495300293 403.162071228027 256.429618835449 374.052552223206 372.001038551331 261.221809387207 441.993240356445 219.606918334961 453.873802185059 206.741806030273 267.109657287598 536.838592529297 447.073749542236 410.913439750671 531.868370056152 326.857414245605 258.81413269043 483.959701538086 318.300483703613 361.187507629395 392.626892089844 291.124084472656 435.750926971436 376.950607299805 431.212051391602 452.540054321289 564.309526443481 410.621246337891 659.048706054688 545.012420654297 -9999 -9999 -9999 -9999 -9999 -9999 -9999 -9999 -9999 -9999
788.891761779785 463.236274600029 432.774211883545 436.629413604736 646.836654663086 355.673976898193 317.915371894836 503.182075500488 378.374759674072 405.972068786621 315.899600982666 514.824661254883 312.553249359131 388.10179901123 224.18342590332 301.134376525879 263.960945129395 356.285934448242 224.670196533203 398.763149634004 402.50887131691 311.713661193848 431.594383239746 460.92622756958 405.6741938591 300.688850402832 396.419239044189 481.793972015381 342.282455444336 453.191661834717 358.909553527832 337.067237854004 383.539710998535 411.453735351562 924.547843933105 566.3306016922 396.739490509033 345.227249145508 535.458930969238 511.172569274902 -9999 -9999 -9999 -9999 -9999 -9999 -9999 -9999 -9999 -9999
534.784332275391 924.008213043213 644.386535644531 463.078159332275 434.799479484558 698.305389404297 618.206207275391 433.360590219498 422.164545059204 332.061470031738 318.839080810547 413.180824279785 438.105068206787 424.208553314209 430.481021881104 324.352252960205 413.446960449219 293.326698303223 158.243286132812 337.475425720215 355.462188720703 420.432147979736 465.959495544434 626.175216674805 447.373916625977 462.104248046875 400.942296981812 407.250219345093 415.329808235168 481.74543428421 482.487922668457 403.088394165039 587.432762145996 556.43932723999 661.875152587891 513.42561340332 549.943130493164 490.241271018982 650.651123046875 -9999 -9999 -9999 -9999 -9999 -9999 -9999 -9999 -9999 -9999 -9999
379.962699890137 350.978248596191 909.68408203125 498.600280761719 547.14575958252 619.943420410156 326.825469970703 487.845733642578 442.12345123291 364.68758392334 540.12890625 395.707878828049 431.986392974854 378.997058868408 197.475173950195 390.500790119171 337.248882293701 442.153137207031 394.230995178223 403.00980758667 417.650915145874 393.73872756958 317.389984130859 308.480659484863 406.489870071411 350.111595153809 495.015571594238 520.468902587891 448.608118057251 479.279197216034 425.219623565674 490.541160583496 583.325698852539 665.044613838196 474.898223876953 650.353935241699 425.235801696777 532.578964233398 551.211441040039 -9999 -9999 -9999 -9999 -9999 -9999 -9999 -9999 -9999 -9999 -9999
446.698181152344 419.970687866211 316.822407722473 946.681457519531 313.356456756592 654.974853515625 453.681770324707 421.80658864975 533.279174804688 668.275482177734 261.478515625 290.030868530273 403.58730173111 383.936052799225 333.888324737549 480.896797180176 187.692230224609 452.702747344971 327.997222900391 361.616355895996 425.783444404602 335.034645080566 453.831089019775 317.478889465332 286.859344482422 372.995254516602 375.064971923828 328.848297119141 512.961368560791 511.587970733643 374.490562438965 437.025897979736 671.585239887238 592.801040649414 711.059265136719 542.672653198242 424.322479248047 694.547996520996 458.833908081055 -9999 -9999 -9999 -9999 -9999 -9999 -9999 -9999 -9999 -9999 -9999
408.313575744629 493.596176147461 539.27864074707 422.111137390137 697.339012145996 440.140098571777 467.500511169434 551.356216430664 422.031646251678 554.783699035645 449.28978729248 439.936050415039 234.738540649414 282.207832336426 350.971324920654 343.867904663086 323.310516357422 384.530130386353 395.491472244263 431.37722158432 430.238580226898 423.593679428101 391.286613464355 414.186689376831 295.258117675781 484.65115737915 318.72061920166 440.809982299805 437.912136077881 394.084411621094 377.578880310059 651.303871154785 411.722038269043 503.935054779053 705.05207824707 595.17636680603 504.188532829285 575.117004394531 -9999 -9999 -9999 -9999 -9999 -9999 -9999 -9999 -9999 -9999 -9999 -9999
322.691074371338 309.277795791626 311.442193984985 445.508316040039 489.647827148438 443.690155029297 525.050178527832 432.511809945107 417.801055788994 414.192065238953 478.84606552124 384.022857666016 447.04302072525 389.473023414612 493.748870849609 410.619359493256 467.657321929932 300.2900390625 448.628746032715 556.981338500977 328.952964782715 286.110824584961 481.54823243618 424.568538665771 351.465850830078 454.914134979248 458.072235107422 489.66174697876 454.078273773193 539.812549591064 500.205678939819 629.014038085938 484.894231796265 542.797704696655 595.111347198486 456.835487365723 426.70922088623 620.419114112854 -9999 -9999 -9999 -9999 -9999 -9999 -9999 -9999 -9999 -9999 -9999 -9999
352.541610717773 343.637794494629 356.237838745117 419.139663696289 464.347496032715 590.328609466553 494.017404556274 475.667448043823 380.688690185547 444.953277587891 500.98217010498 613.217041015625 609.197128295898 391.69440895319 442.942165374756 430.325754165649 361.473480224609 373.154350280762 444.400894165039 409.677433013916 291.513153076172 522.474395751953 426.006206512451 492.835834503174 395.825675964355 370.375007629395 374.46891784668 388.51049041748 483.934147834778 413.34056854248 556.619804382324 412.465274810791 477.513921737671 475.335391998291 537.232261657715 554.902124404907 388.315391540527 633.290941238403 -9999 -9999 -9999 -9999 -9999 -9999 -9999 -9999 -9999 -9999 -9999 -9999
286.414744377136 163.210433959961 308.672790527344 662.445350646973 615.853660583496 657.54621887207 581.562427520752 596.762638092041 422.36665725708 458.198155999184 474.263551712036 534.416702270508 558.063117980957 481.187370300293 395.353902816772 548.702499389648 314.589218139648 494.102298736572 475.592115402222 297.95418548584 248.868621826172 863.089714050293 540.435035705566 519.342967987061 439.641616821289 355.188705444336 281.890274047852 396.454872131348 475.264532089233 607.774185180664 373.790542602539 309.606643676758 840.849689483643 729.815793991089 661.206634521484 472.716220378876 483.126663208008 -9999 -9999 -9999 -9999 -9999 -9999 -9999 -9999 -9999 -9999 -9999 -9999 -9999
710.138031005859 371.533416748047 635.329936981201 686.482528686523 675.835739135742 653.648986816406 526.091230392456 628.922096252441 625.511882781982 509.151023864746 552.90559387207 582.841461181641 573.026107788086 435.246209144592 622.698822021484 412.208312034607 453.923936843872 503.215705871582 341.288631439209 364.192420959473 523.935659408569 501.509963989258 536.059394836426 529.473398208618 429.16644859314 641.651153564453 448.917934417725 326.653129577637 413.925107955933 587.772727966309 458.291931152344 590.045516967773 529.962715148926 513.757354736328 637.637268066406 480.388068675995 493.492630004883 -9999 -9999 -9999 -9999 -9999 -9999 -9999 -9999 -9999 -9999 -9999 -9999 -9999
651.011489868164 773.958251953125 591.661811828613 662.20386505127 654.307075500488 520.67374420166 563.498690366745 724.528732299805 606.23416519165 516.970003962517 571.491737365723 607.670112609863 692.920120239258 432.562099456787 530.192512512207 597.922439575195 407.593923568726 348.855205535889 594.917507171631 580.475463867188 469.392791748047 453.305473327637 556.173023223877 610.104156494141 454.900947570801 503.250705718994 762.238327026367 659.408470153809 603.840465545654 608.619483947754 577.869781494141 523.916168212891 631.878162384033 535.258251190186 585.981353759766 569.674346923828 677.813087463379 -9999 -9999 -9999 -9999 -9999 -9999 -9999 -9999 -9999 -9999 -9999 -9999 -9999
765.795288085938 867.640716552734 577.354465484619 625.080375671387 637.807643890381 666.030910491943 673.864135742188 580.642431259155 562.648410797119 633.020378112793 751.875717163086 694.688903808594 703.999389648438 617.161361694336 588.626831054688 425.536552429199 398.10270690918 524.641697406769 451.200180053711 342.887008666992 551.073021888733 580.361213684082 401.892318725586 468.474754333496 514.736450195312 490.126953125 401.887710571289 552.58358001709 545.616806030273 621.507396697998 441.71223449707 665.066324234009 567.062772750854 518.629779815674 512.678238391876 586.813470840454 612.779182434082 -9999 -9999 -9999 -9999 -9999 -9999 -9999 -9999 -9999 -9999 -9999 -9999 -9999
678.080383300781 779.717742919922 754.309608459473 874.149108886719 616.420188903809 715.701950073242 727.275970458984 713.26619720459 712.590003967285 715.521789550781 753.041397094727 686.582546234131 843.215842366219 427.275917053223 648.688995361328 708.826913833618 672.008453369141 467.341209411621 522.309209823608 521.125999450684 515.339370727539 581.884923934937 602.309398651123 560.616432189941 641.086273193359 506.044910430908 477.94856262207 494.871227264404 517.406745910645 686.167854309082 595.039474487305 623.851119995117 440.120433807373 411.485778808594 715.267242431641 587.537719726562 -9999 -9999 -9999 -9999 -9999 -9999 -9999 -9999 -9999 -9999 -9999 -9999 -9999 -9999
356.529861450195 561.931350708008 679.961837768555 541.568172454834 667.809103012085 451.646759033203 701.980850219727 686.746570587158 627.828162193298 646.19154214859 589.661178588867 714.018463134766 717.689128875732 761.492904663086 344.610877990723 730.453506469727 528.338914871216 527.348621368408 560.446358680725 581.094425201416 557.597912788391 573.178504943848 633.044395446777 689.290534973145 571.666919708252 544.107204437256 567.768598079681 363.688247680664 438.768936157227 471.417213439941 685.777854919434 541.719249725342 671.73072052002 419.961990356445 674.501930236816 -9999 -9999 -9999 -9999 -9999 -9999 -9999 -9999 -9999 -9999 -9999 -9999 -9999 -9999 -9999
437.664554595947 291.722583770752 642.334785461426 723.234710693359 623.40022277832 548.494174957275 582.487675666809 728.056465148926 445.37419128418 604.092555999756 593.212387084961 419.129731178284 477.353370666504 618.945419311523 397.942886352539 562.767597198486 443.27522277832 549.715000152588 474.42741394043 402.287223815918 575.64923286438 547.420798301697 432.694290161133 583.1841558218 543.702281951904 683.90234375 381.082443237305 540.073616027832 223.041351318359 420.847640991211 499.831888198853 692.448692321777 676.43090057373 533.422332763672 -9999 -9999 -9999 -9999 -9999 -9999 -9999 -9999 -9999 -9999 -9999 -9999 -9999 -9999 -9999 -9999
684.263244628906 421.100551605225 228.42041015625 415.515941619873 437.56192779541 453.625175476074 444.744146347046 508.967901229858 326.966178894043 360.407691955566 504.494554519653 535.566879272461 424.741523742676 598.943969726562 377.711647033691 524.156035900116 529.05931854248 495.121263504028 421.454933166504 399.526168823242 366.556304931641 509.040504455566 424.129043579102 423.405654907227 549.552917480469 451.593414306641 310.63916015625 513.1589012146 405.18505859375 536.574596405029 540.897365570068 474.122688293457 580.338264465332 -9999 -9999 -9999 -9999 -9999 -9999 -9999 -9999 -9999 -9999 -9999 -9999 -9999 -9999 -9999 -9999 -9999
-9999 577.643089294434 1015.12296676636 600.587661743164 412.236728668213 886.894943237305 491.613594055176 459.185554504395 396.444766998291 383.988222122192 387.457271575928 500.251831054688 486.035011291504 296.534912109375 161.759353637695 396.742935180664 505.593574523926 397.262201309204 352.291877746582 351.072380065918 355.023620605469 308.446044921875 435.244371414185 303.595809936523 420.671760559082 427.433853149414 475.440142631531 504.486657142639 399.717025756836 564.63479629159 488.273544311523 505.252723693848 -9999 -9999 -9999 -9999 -9999 -9999 -9999 -9999 -9999 -9999 -9999 -9999 -9999 -9999 -9999 -9999 -9999 -9999
-9999 -9999 -9999 -9999 886.101387023926 925.103042602539 434.560836791992 464.482448577881 738.594566345215 638.039672851562 638.956756591797 525.604356765747 535.827247619629 430.355842590332 407.879024505615 302.534690856934 341.950416564941 136.848403930664 -77.6974334716797 429.349319458008 536.053954124451 479.100952148438 418.975646972656 570.913311004639 348.897399902344 453.75269317627 643.752071380615 538.747261047363 560.735153198242 495.834583282471 -9999 -9999 -9999 -9999 -9999 -9999 -9999 -9999 -9999 -9999 -9999 -9999 -9999 -9999 -9999 -9999 -9999 -9999 -9999 -9999
-9999 -9999 -9999 -9999 -9999 -9999 -9999 -9999 -9999 859.442523956299 695.236740112305 647.00757598877 675.369644165039 441.228576660156 302.770935058594 484.143844604492 474.160232543945 -58.5931396484375 55.8515548706055 616.149568557739 511.073623657227 661.866939544678 647.601888656616 575.658946990967 667.97135925293 652.004322789609 460.050018310547 585.672750473022 -9999 -9999 -9999 -9999 -9999 -9999 -9999 -9999 -9999 -9999 -9999 -9999 -9999 -9999 -9999 -9999 -9999 -9999 -9999 -9999 -9999 -9999
-9999 -9999 -9999 -9999 -9999 -9999 -9999 -9999 -9999 -9999 -9999 -9999 -9999 -9999 -9999 -9999 617.759769439697 879.44296836853 770.63826751709 809.979261398315 795.465103149414 828.926513671875 907.895671844482 909.903890609741 976.204830169678 -9999 -9999 -9999 -9999 -9999 -9999 -9999 -9999 -9999 -9999 -9999 -9999 -9999 -9999 -9999 -9999 -9999 -9999 -9999 -9999 -9999 -9999 -9999 -9999 -9999
-9999 -9999 -9999 -9999 -9999 -9999 -9999 -9999 -9999 -9999 -9999 -9999 -9999 -9999 -9999 -9999 -9999 -9999 -9999 -9999 -9999 -9999 -9999 -9999 -9999 -9999 -9999 -9999 -9999 -9999 -9999 -9999 -9999 -9999 -9999 -9999 -9999 -9999 -9999 -9999 -9999 -9999 -9999 -9999 -9999 -9999 -9999 -9999 -9999 -9999
