export/dem/dem63.asc
NCOLS 350
NROWS 171
XLLCORNER 152620
YLLCORNER 418050
CELLSIZE 100
NODATA_VALUE -9999
[rows 66 to 87 of 171, columns 200 to 249 of 350]
524.832481384277 710.282791137695 714.85986328125 608.857925415039 662.315531730652 720.702289581299 667.179625511169 821.065124511719 725.031585693359 676.782287597656 700.270111083984 715.5048828125 617.430854797363 602.947521209717 491.772758483887 621.594217300415 703.722160339355 639.493925094604 672.48889541626 701.119430541992 634.037503242493 420.498748779297 651.207001686096 675.229881286621 513.739379882812 575.675285339355 629.449028015137 509.32935333252 542.34977722168 511.354137420654 687.878486633301 607.80672454834 495.889434814453 581.300830841064 502.398628234863 636.205158233643 658.721481323242 600.496759414673 560.821510314941 530.29052734375 797.93440246582 671.516658782959 614.0046043396 547.772922515869 625.655738830566 554.493377685547 574.623638153076 552.896713256836 748.755111694336 533.33667755127
786.302825927734 676.051509857178 616.641006469727 631.661817312241 641.063960909843 759.933784484863 594.419771194458 742.739143371582 629.259407043457 620.67474937439 719.961349487305 601.141651153564 656.820236817002 705.721565246582 501.886690139771 648.721019744873 465.771095275879 486.677642822266 606.021020889282 919.003982543945 535.099639892578 519.645217895508 584.404712677002 569.687259674072 524.907333374023 537.990936279297 497.65202331543 544.720252990723 478.161911010742 671.984382629395 421.900924682617 566.602249145508 565.084175109863 571.028221130371 773.708003997803 749.656568527222 825.957061767578 655.451295852661 786.910003662109 619.525157928467 766.238037109375 748.203002929688 682.915252685547 642.470746994019 625.502959251404 661.308285713196 642.204328536987 690.150199890137 670.472496509552 609.639785766602
561.026721954346 724.983001708984 844.630142211914 636.896511077881 680.320148468018 577.111701965332 680.095268249512 747.710746765137 644.038206338882 731.549736022949 770.916793823242 655.930390357971 700.525928497314 766.465690612793 580.07398223877 434.568832397461 581.356457710266 582.883358001709 454.522827148438 546.920768737793 648.972317695618 829.694305419922 490.273284912109 676.18335723877 471.057968139648 559.01015663147 494.404388427734 646.097667694092 548.508453369141 548.087600708008 592.172302246094 768.185161590576 658.708381652832 619.187854766846 728.3349609375 548.473999023438 727.880277633667 689.016128540039 687.783584594727 636.83740234375 604.66428565979 698.245185852051 647.703084945679 553.476707458496 652.515464782715 638.116209506989 698.536003112793 596.432090759277 604.926864624023 821.576507568359
683.618740081787 584.617557525635 680.582813262939 542.832061767578 639.868447303772 586.86971282959 600.373313903809 818.84928894043 753.1455078125 588.587085723877 765.94270324707 673.130511283875 657.522741317749 610.378593444824 624.938171386719 581.28556060791 662.993934631348 568.686054229736 523.813323974609 727.52917098999 763.96280670166 770.536987304688 596.994888305664 590.708221435547 554.712532043457 680.940757751465 488.924209594727 694.191968917847 534.539505004883 589.332853317261 583.936492919922 592.579341888428 577.908674240112 556.503448486328 607.609931945801 604.975982666016 630.442162036896 690.239482879639 717.236228942871 712.134296417236 727.498672485352 697.574718475342 678.029495239258 703.66720199585 646.970230102539 574.200912475586 703.491485595703 673.706478118896 689.732704162598 745.053108215332
698.811210632324 544.54035949707 621.779521465302 593.496376037598 426.131484985352 534.682228088379 829.437301635742 629.864400863647 647.069278717041 666.547983169556 656.54195690155 669.229486465454 697.86393737793 640.955183029175 532.887428283691 609.694110870361 654.114433288574 629.955711364746 607.217952728271 611.096855163574 771.757476806641 735.823737382889 845.947723388672 796.440505981445 574.091693878174 620.087875366211 658.305976867676 636.002573013306 596.865818023682 609.381838321686 641.866479873657 599.985598564148 588.912090301514 661.797607421875 705.575300455093 739.347381591797 700.83292388916 672.809926986694 457.070358276367 649.219635009766 724.795402526855 686.739673614502 497.287017822266 710.634498596191 612.634551048279 627.539563179016 791.302734375 723.539909362793 515.382179260254 661.236545562744
576.214138031006 652.788417816162 512.667282104492 509.040641784668 581.738067626953 550.210517883301 900.420394897461 681.528995513916 688.990293502808 599.947700500488 699.381744384766 710.929756164551 723.42130279541 737.481468200684 492.968338012695 653.159378051758 635.306138038635 711.159061431885 515.168380737305 814.182159423828 730.683305740356 852.418090820312 744.883728027344 703.703777313232 612.607036590576 538.44994354248 650.670993804932 741.851219177246 541.22819519043 643.994274139404 662.3134765625 664.425226211548 593.285041809082 644.799350738525 603.2887840271 564.202705383301 528.63427734375 478.314971923828 613.29630279541 515.080589294434 481.18643951416 472.335968017578 577.241363525391 646.94787979126 759.188903808594 683.839141845703 762.136108398438 734.565143585205 762.766663432121 730.496200561523
544.810646057129 644.548244476318 552.644561767578 673.457323074341 738.496635437012 524.796882629395 609.317548513412 686.174369812012 593.141754150391 615.073204040527 480.48161315918 544.0400390625 688.666275024414 647.744807243347 553.468399047852 563.932762145996 588.898826599121 593.364265441895 813.585714817047 829.564693450928 848.762657165527 853.371208190918 847.331115722656 713.744697570801 640.230899810791 715.972068786621 562.420362472534 582.466983795166 691.94775390625 593.159162521362 709.695465087891 674.812791824341 576.558491706848 657.709102630615 447.638519287109 579.92064666748 595.341848373413 359.789031982422 539.469772338867 518.413055419922 571.574165344238 520.693008422852 624.184879422188 580.608535766602 497.658126831055 565.166074752808 737.168655395508 854.895568847656 821.406600952148 795.175827026367
437.956771850586 575.203857421875 638.243619918823 611.215518951416 549.606502532959 561.41467666626 760.582572937012 711.579254150391 709.954597473145 735.427337646484 608.777470588684 662.477668762207 574.394668579102 576.814247131348 566.805862426758 583.288864135742 687.31649017334 531.396850585938 710.876804351807 823.574111938477 856.372383117676 779.354377746582 745.043609619141 651.234045028687 655.123146057129 551.438255310059 676.079551696777 733.347045898438 717.468406677246 607.582060813904 525.796447753906 597.492000579834 749.702625274658 595.294464111328 529.335987091064 491.220077514648 607.376390457153 557.266681671143 727.911560058594 687.653205871582 380.876724243164 477.553253173828 645.700526714325 548.793685913086 473.967559814453 591.219875335693 622.014352798462 788.298843383789 810.228973388672 832.1240234375
492.598258972168 588.642040252686 663.52367401123 567.864845275879 557.936767578125 529.221168518066 537.814453125 690.156147003174 771.357490539551 731.880336761475 571.966857910156 664.735763549805 571.558227539062 581.014823913574 738.528038024902 543.582305908203 722.420372009277 555.626640319824 666.646266937256 773.735614776611 894.163887023926 804.95276260376 1068.40450537205 992.956039428711 694.467745065689 918.516784667969 604.366413116455 673.416397094727 615.071519851685 561.397750854492 665.609222412109 771.851203918457 671.922164916992 518.805107116699 670.113082885742 671.959091186523 577.505237579346 541.348815917969 713.561920166016 597.527938842773 552.262477874756 548.813140869141 492.850479125977 399.331008911133 569.363891601562 453.148422241211 718.630630493164 510.080955505371 601.724830627441 631.835199356079
616.264839887619 664.192176818848 596.426750183105 447.57112121582 629.089854776859 632.140257835388 533.35368347168 623.918106079102 600.068405151367 687.931324005127 605.995693206787 671.383018493652 779.730186462402 664.516254425049 687.335134506226 632.229723453522 645.968975067139 657.539381980896 601.996650695801 690.715282440186 535.49095916748 732.645774841309 585.129028320312 673.864238739014 824.102109909058 803.511837005615 1007.73279571533 686.933334350586 738.653274536133 483.789245605469 597.511067390442 633.443878173828 548.081394195557 718.606567382812 531.125137329102 635.830620288849 579.196075439453 572.146503448486 801.572799682617 674.337224960327 706.952056884766 557.595237731934 518.024810791016 626.930220603943 466.075942993164 373.369979858398 551.721397399902 581.504402160645 407.850433349609 561.168895721436
680.126419067383 546.861991882324 716.023941040039 507.770782470703 644.698484420776 746.297958374023 630.149647712708 705.031578063965 669.453146100044 760.92822265625 626.948213577271 517.825042724609 673.815430164337 605.96183013916 578.810073852539 627.680004119873 518.437721252441 618.521537780762 762.313622236252 663.806081771851 630.587516784668 885.251647949219 548.335815429688 622.501968383789 765.75984954834 618.345901489258 858.232833862305 751.309875488281 824.891654491425 603.841068267822 1286.33570861816 551.344261169434 613.896062612534 664.753002166748 713.296234130859 552.559669494629 723.529396057129 675.635410308838 564.595741271973 604.6350440979 491.404678344727 622.796138763428 652.979459762573 453.107955932617 564.664649963379 516.511932373047 553.907211303711 463.123687744141 715.87996673584 652.174503326416
614.756651878357 626.80357837677 707.353858947754 621.329765319824 642.553043365479 642.16614151001 510.007537841797 664.966407775879 635.25269317627 618.651100158691 739.891883850098 631.113519668579 680.710308074951 772.910430908203 576.373657226562 705.377021789551 674.566478729248 528.46411895752 900.020713806152 829.036287307739 702.889793395996 632.540252685547 636.428718566895 792.639003753662 698.187938690186 724.369960784912 707.5289478302 1017.32011413574 1147.99267578125 817.723896026611 717.697017669678 677.293472290039 663.341049194336 752.907052993774 684.569728851318 728.330307006836 655.496430635452 717.134765625 721.866226196289 639.622425079346 570.53588104248 755.710708618164 738.394218444824 506.787132263184 614.960667133331 661.284408569336 694.861251831055 594.151727676392 572.314182281494 698.995498657227
589.358959913254 628.505624771118 502.848373413086 525.655029296875 704.915946960449 621.317503929138 624.842677593231 664.423004150391 596.343662261963 887.190017700195 803.477935791016 548.012367248535 714.32169342041 674.630725860596 676.698429107666 572.822185516357 638.528793334961 618.780681610107 616.600929260254 744.49690246582 907.780927658081 997.692943572998 548.802352905273 745.551376342773 758.185859680176 676.41764831543 774.516952514648 1042.27268981934 1363.52476501465 1431.42056274414 716.444589614868 764.04963684082 742.707649230957 765.065466880798 582.214847564697 707.099342346191 786.561462402344 574.377990722656 659.163953781128 647.707562565804 571.401260375977 573.070335388184 591.136470794678 691.609756469727 657.79306602478 645.127777099609 714.067565917969 595.936790466309 564.286125183105 619.240230560303
728.174018859863 651.817909240723 494.810104370117 529.428825378418 566.669788360596 761.459503173828 487.464859008789 561.493453979492 660.698360443115 855.050674438477 718.163120269775 788.706680297852 776.846466064453 574.739318847656 833.308746337891 688.831783294678 742.295509338379 471.462203979492 656.836847305298 867.577293395996 669.686597824097 935.772262573242 634.663162231445 702.109634399414 745.999080657959 758.146381378174 641.18522644043 807.443945884705 1211.1558303833 1109.05475234985 1123.43929481506 942.468262434006 900.160270690918 1024.55043029785 700.811416625977 870.086364746094 765.033851623535 554.02840423584 563.19482421875 536.156280517578 650.525611877441 650.568628311157 537.410621643066 643.164407730103 612.85878944397 695.580352783203 632.885122299194 634.401021957397 557.613189697266 697.296272277832
613.279152870178 552.555126190186 610.514408111572 588.978841781616 596.588756561279 582.700702667236 828.745056152344 786.118728637695 677.537813186646 723.667572021484 631.577404022217 757.103126525879 696.40625 656.221725463867 761.04598236084 823.785552978516 632.561859130859 617.535423278809 705.913193702698 612.917556762695 539.170875549316 615.149990081787 672.523083686829 740.737194061279 720.777606964111 733.828809738159 683.133781433105 896.218414306641 866.386932373047 802.461013793945 951.433053135872 1409.73570251465 1113.05241394043 937.054508209229 1264.14614868164 810.28784942627 769.008728027344 825.266540527344 749.83423614502 635.851974487305 671.971256256104 788.217636108398 621.493240356445 673.106454849243 746.170932769775 656.485288619995 600.720803260803 565.467346191406 624.392585635185 794.352951049805
628.875553131104 484.289321899414 579.008781433105 605.978359222412 699.865928649902 596.756633758545 749.234680175781 633.013414382935 555.366661071777 705.746387481689 713.148132324219 726.845897674561 605.686992645264 577.08634185791 528.524169921875 653.893890380859 537.943534851074 665.292478561401 697.751873016357 560.127067565918 639.857807159424 651.066931724548 432.880523681641 664.748115539551 703.580101013184 669.212608337402 733.885395050049 906.048889160156 897.264532089233 759.618927001953 713.228284835815 967.824123382568 967.623847961426 1023.5749797821 926.116348266602 929.914625167847 740.9255027771 671.140933036804 779.978851318359 628.931335449219 508.949508666992 615.006080627441 632.042280197144 729.953666687012 735.714828491211 808.387939453125 631.826065063477 539.682235717773 698.512588500977 789.273162841797
472.876953125 485.615966796875 595.114025115967 565.017879486084 595.396089553833 682.019355773926 753.151741027832 583.537021636963 632.233360767365 615.663471221924 606.852905273438 715.000862121582 615.377033233643 718.162742614746 740.855926513672 671.463138580322 743.863136291504 838.011474609375 463.982940673828 603.031261444092 600.926658630371 671.155141830444 661.952947616577 659.926292419434 676.662273406982 716.568801879883 755.05287361145 759.334651947021 1001.04803466797 640.769260406494 990.835693359375 971.761627197266 834.321161270142 1286.33193206787 958.013982772827 1233.79378890991 808.081954956055 705.878946304321 641.754690170288 681.108932495117 602.502286911011 696.117946624756 543.071701049805 587.927436828613 650.235652923584 722.890312194824 670.251689910889 566.619331359863 598.067007780075 639.421722173691
681.12806892395 740.463844299316 658.967281341553 597.841575622559 664.670001983643 799.62287902832 786.216064453125 915.994567871094 715.338050842285 761.062431335449 672.581711769104 864.893676757812 682.900630950928 659.545060157776 628.239414215088 623.452351570129 580.11937713623 770.832336425781 436.578247070312 610.66778755188 553.677322387695 773.290451049805 540.540550231934 701.655982971191 787.739845275879 741.080549240112 739.176177978516 845.796417236328 805.608856201172 1008.12991333008 809.00732421875 713.262810230255 902.064323425293 1356.5618057251 1071.62544250488 1097.77384185791 1019.04103660583 974.788200378418 647.709289550781 428.672668457031 720.24242401123 713.664310455322 848.578666687012 661.825180053711 805.306617736816 579.252414703369 708.315284729004 500.721054077148 775.110168457031 581.935989379883
653.883253097534 673.937476158142 703.301815032959 639.657562255859 711.16495513916 723.178756713867 612.415551900864 695.457344055176 874.975021362305 791.966018676758 785.234672546387 681.127306938171 565.967193603516 826.81819152832 649.145959854126 714.723045349121 628.485582351685 614.493083953857 570.48796081543 710.381446838379 787.025848388672 549.046165466309 574.839561462402 597.882823944092 754.650161743164 714.794654846191 751.099952697754 760.924530029297 671.152474403381 948.032135009766 682.802670478821 702.218620300293 986.110015869141 826.913862228394 1036.84094429016 1134.57500457764 697.904342651367 1027.22912597656 685.570095062256 850.789611816406 639.744583129883 815.634727478027 701.42350769043 874.346702575684 964.229274749756 1131.16831207275 1013.50212860107 839.798461914062 719.667835235596 637.757839202881
637.825445175171 757.532066345215 792.133712768555 772.93815612793 676.473243713379 681.369323730469 722.526863098145 834.175765991211 678.411841392517 872.464553833008 680.021606445312 617.056968688965 623.198125839233 561.122428894043 668.353828430176 612.960623972118 796.212005615234 539.17170715332 613.866737365723 671.661693572998 587.610145568848 720.179985046387 623.143886566162 796.700927734375 604.849674224854 737.860809326172 721.449657440186 931.571441650391 674.418422698975 558.873191833496 610.321670532227 863.465621948242 775.847640991211 730.761867523193 629.583755493164 832.228340148926 697.846644878387 788.279289245605 636.790016174316 752.219530582428 794.492668151855 641.482285737991 471.619583129883 757.201770782471 785.286399841309 792.464221954346 845.525894165039 899.20866394043 983.016525268555 703.708106994629
793.039192199707 637.027370452881 877.693740844727 696.163776397705 771.65966796875 778.678268432617 702.378433227539 769.331817626953 692.7001953125 602.153039932251 682.660438537598 559.051391601562 577.595886230469 625.579395294189 698.172012329102 584.08935546875 663.154818534851 709.101043701172 523.223770141602 658.976900100708 596.237159729004 571.011085510254 613.727701187134 569.469146728516 580.582618713379 595.57787322998 808.195953369141 780.414209365845 553.12385559082 580.253562927246 690.804546356201 677.067504882812 672.080297470093 534.81616973877 618.319709777832 765.081467628479 683.928512573242 669.860412597656 601.596405029297 693.076301574707 779.732666015625 771.754556655884 754.048225402832 684.783096313477 805.152986526489 1037.75413513184 996.814002990723 977.149115562439 1037.40812683105 721.243755340576
552.641296386719 615.306941986084 774.304244995117 674.999597549438 751.228240966797 637.893356323242 557.014957427979 806.595962524414 632.024271011353 603.547199249268 531.360359191895 764.502944946289 659.207552909851 665.794129371643 592.896545410156 592.364196777344 559.077941894531 676.297201156616 729.391170501709 733.314453125 780.458557128906 716.787628173828 505.245422363281 499.317108154297 584.487606048584 616.286876678467 844.975006103516 818.92635345459 1374.73071289062 817.323638916016 615.521690368652 573.444507598877 571.71452331543 603.105781555176 688.456744194031 647.518753051758 516.853614807129 582.146095275879 652.468425750732 699.526727676392 577.704475402832 801.021572113037 663.575088500977 804.629493713379 584.909393310547 930.578895568848 896.404500961304 1130.32800292969 1024.75434875488 1109.64981079102
