export/dem/dem66.asc
NCOLS 350
NROWS 171
XLLCORNER 152620
YLLCORNER 418050
CELLSIZE 100
NODATA_VALUE -9999
[rows 22 to 43 of 171, columns 200 to 249 of 350]
729.917633056641 659.143125534058 678.66650390625 699.065233230591 566.163215637207 780.989707946777 694.699172973633 757.351097106934 724.015235900879 585.421394348145 708.622413635254 681.112887382507 834.216552734375 595.008941650391 835.198852539062 806.309509277344 839.448333740234 720.331874847412 713.443840026855 634.395225524902 877.107467651367 751.850028991699 627.605113983154 817.507202148438 682.966774463654 677.966360092163 764.547897338867 613.741729736328 730.992443084717 755.72894859314 680.829429626465 691.420957565308 788.433414459229 682.810981750488 783.752340316772 752.514929294586 915.183883666992 761.782831192017 972.946716308594 845.502983093262 759.548001885414 672.372764587402 661.361167907715 880.248512268066 862.511707305908 1400.56763267517 840.601623535156 858.546409606934 776.653778076172 874.643106460571
788.528884887695 657.778463363647 765.243179321289 648.2825756073 620.85814666748 668.585527420044 637.036828994751 704.19446182251 655.0442943573 647.100343704224 661.054895401001 662.075284957886 771.991046905518 731.895210266113 757.582088470459 791.065711975098 773.609466552734 745.917221069336 610.377208709717 679.32155418396 721.576038360596 801.407745361328 797.053131103516 812.886169433594 604.139205932617 740.215322494507 916.139602661133 681.950057983398 779.97533416748 708.118152618408 716.456703186035 717.982507705688 863.127975463867 739.684596061707 796.841369628906 654.524070739746 806.346717834473 727.013046264648 664.272727966309 729.055141448975 861.384696960449 803.923522949219 609.707885742188 854.733444213867 770.594612121582 801.477020263672 878.921880722046 815.397842407227 831.080730438232 1418.69591522217
673.172037124634 765.234832763672 693.179391384125 658.439292907715 638.095478057861 588.922889709473 725.027618408203 685.924657821655 582.421669006348 768.864097595215 731.08292388916 773.740982055664 667.878070831299 703.907203376293 818.042083740234 659.030682563782 713.378433227539 760.34635925293 653.883045196533 726.623355865479 655.878065109253 638.917415618896 528.945251464844 632.922298431396 705.289993286133 756.350381851196 711.660362243652 1013.33899688721 575.371101379395 721.429588317871 693.24702835083 740.264342784882 786.124404907227 794.996242523193 749.841464996338 949.283432006836 694.702953338623 866.763710021973 823.568542480469 855.489433288574 841.50993347168 785.248411178589 848.416599273682 810.973165035248 803.832021713257 922.479263305664 780.285186767578 658.30891418457 872.181606292725 731.159070968628
771.928863525391 781.438819885254 681.501834869385 617.585582733154 649.16079044342 652.63077545166 687.695823669434 676.670825958252 582.087310791016 825.051216125488 755.485366821289 674.874794006348 836.525588989258 748.803359985352 479.982105255127 519.77691078186 803.049507141113 615.765399932861 718.79914855957 704.122055053711 863.717422485352 675.540160179138 595.917411804199 768.397880554199 718.899047851562 811.276344299316 832.308094024658 717.540855407715 678.837200164795 788.831108093262 653.544479370117 715.215776562691 532.718826293945 631.330856323242 675.031955718994 688.298248291016 775.252510130405 867.451843261719 775.07763671875 757.344752788544 674.415344238281 875.663261413574 875.806411743164 749.860774993896 761.75813293457 892.070617675781 831.188257217407 897.567785263062 840.210902929306 739.925712585449
385.682769775391 650.425960540771 552.079917907715 640.834749221802 513.674659729004 578.868671417236 680.551837921143 744.322792053223 573.738700866699 493.303634643555 452.997673034668 611.525230407715 703.895530700684 743.235580444336 740.828231811523 686.990711212158 555.950317382812 629.259330749512 747.991317749023 624.839630126953 743.188468933105 623.906597137451 615.596446990967 676.73232793808 803.674186706543 758.607377052307 884.307899475098 670.806262969971 707.444765329361 744.471374511719 784.572036743164 821.315422058105 725.174345016479 842.518577575684 817.813133239746 725.399272918701 685.337512969971 689.126258850098 737.736721038818 808.247741699219 800.221073150635 770.260052680969 850.745197296143 897.048568725586 939.099990844727 929.784210205078 867.114450454712 967.382514953613 855.811829090118 829.99617767334
679.111534118652 679.40283203125 544.986988067627 607.817587852478 623.502935409546 659.84489440918 602.956819534302 500.452659606934 494.908584594727 692.027626037598 586.424255371094 831.355377197266 814.676620483398 633.070198059082 702.360961914062 645.066551208496 681.915935516357 599.466455459595 577.686126708984 721.052734375 786.029960632324 610.636878967285 632.447578430176 724.717182159424 856.621734619141 806.888961791992 757.838346481323 596.352546691895 722.333620071411 787.311492919922 828.79133605957 775.62903213501 704.253787994385 669.175121307373 712.389240264893 586.955230712891 778.646563529968 715.298624038696 669.914985656738 762.551519393921 810.13334274292 876.442070007324 794.765021085739 985.390167236328 853.388599395752 945.685890197754 872.604974746704 731.382369995117 799.214170455933 797.064430236816
619.26314163208 567.550159454346 688.251625061035 605.895446777344 664.707740783691 704.807594299316 676.430320739746 697.78148651123 667.554153442383 780.316848754883 639.359600067139 705.893608093262 739.46964263916 608.552780151367 632.790283203125 624.140495300293 530.251663208008 617.412853240967 578.822192192078 524.406227111816 636.071296691895 709.13960647583 545.306709289551 513.951400756836 557.309524536133 781.54256439209 700.611736297607 742.850467681885 653.475673675537 658.661354064941 670.115131378174 784.979034423828 745.254337310791 911.648040771484 741.998956680298 673.072727680206 704.345899581909 824.116760253906 712.325100898743 845.410339355469 707.527137756348 811.848894119263 726.80304145813 679.13680267334 804.222385406494 763.96480178833 827.279781341553 784.358169555664 726.4465675354 894.516792297363
630.515731811523 430.289596557617 544.243322372437 518.085655212402 657.478363037109 619.01895904541 532.993179321289 691.375915527344 630.641857147217 541.683303833008 680.96720123291 631.669914245605 628.795690536499 582.387062072754 571.137170791626 447.32234954834 514.222625732422 625.939987182617 521.272760391235 493.527202606201 645.136628627777 564.917610168457 662.692848205566 659.15030670166 654.624619483948 762.328453063965 591.392929077148 555.273056030273 689.680129528046 632.385887145996 659.456773757935 841.508026123047 809.254600524902 605.881164550781 663.014228820801 732.358510971069 689.294254302979 828.027870178223 698.728984832764 820.514862060547 785.192600250244 719.665946960449 846.102180480957 671.672943115234 788.453691482544 775.173004150391 757.168190002441 926.210159301758 975.768432617188 705.525123596191
562.534595489502 484.956520080566 672.159553527832 664.32804107666 606.092281341553 533.424411773682 458.517593383789 600.71010684967 754.387573242188 624.365825653076 567.99126625061 598.002722024918 622.84627532959 461.092918395996 430.359130859375 544.137378692627 392.059669494629 606.128684997559 600.403736114502 469.061790466309 608.425060272217 651.489433288574 674.040184020996 695.082183837891 513.476928710938 691.452577590942 647.57671546936 588.767074584961 651.852710723877 629.865821838379 782.445983886719 641.571140289307 764.74942779541 749.544193267822 677.172369003296 744.89400100708 842.96061706543 738.420163154602 824.204368591309 776.34704208374 743.088665962219 792.263723373413 713.139717102051 740.100940704346 851.809211730957 720.440845489502 746.334842681885 961.569564819336 892.376277923584 778.224974155426
636.460433006287 679.955436706543 552.103639602661 585.076522827148 501.820655822754 558.743051528931 557.939599514008 629.531414031982 655.945198059082 555.199836730957 683.343490600586 596.334629178047 642.093120574951 608.966763496399 655.535369873047 548.904067993164 422.390121459961 490.496780395508 474.373260498047 552.573295593262 660.871726989746 638.397305488586 706.565803527832 688.600431442261 563.866752624512 618.751117706299 596.808143615723 549.458679199219 553.2587890625 592.718040466309 654.283096313477 758.568321228027 633.744353294373 661.768516540527 678.920782089233 765.12911605835 891.106506347656 837.392066955566 709.0831823349 551.127578735352 640.237907409668 720.636510848999 870.270492553711 792.734107971191 826.122344970703 806.469223022461 847.452716827393 829.045269012451 861.754371643066 714.0068359375
633.238220214844 627.935863494873 521.003890991211 611.336187362671 597.661570072174 669.468338012695 540.706565856934 665.593643188477 539.497272491455 546.052577972412 492.468544006348 609.932081222534 739.522666931152 691.096481323242 608.832733154297 463.712181091309 341.00146484375 497.174514770508 455.16780090332 643.253967285156 538.555335998535 562.505874633789 630.224573135376 728.611839294434 637.954956054688 452.441268920898 649.620186328888 571.093124389648 567.169357299805 673.075763702393 507.541656494141 606.84595489502 781.17057800293 798.229698181152 734.99781036377 871.170639038086 682.146892547607 928.409072875977 818.74235534668 706.338533401489 763.882551193237 743.90708732605 804.785148620605 609.350296020508 667.766906738281 925.478179931641 826.614959716797 813.716133117676 758.350578308105 781.05199432373
683.452987670898 629.290351867676 633.231418609619 481.998542785645 638.467372894287 406.176574707031 569.653966188431 494.939590454102 577.248803138733 585.865266412497 575.642009735107 717.7177734375 573.758670806885 715.647241592407 682.906272888184 615.478939056396 476.811748504639 466.985725402832 544.605712890625 672.430276870728 510.333648681641 535.68473815918 576.448081970215 671.531810760498 655.292467623949 586.475730895996 645.884444236755 723.953491210938 575.558876037598 678.801475524902 669.839890956879 639.934597015381 774.891593933105 707.467752456665 638.473521232605 789.726211547852 785.258743286133 725.235089302063 690.860425949097 879.472160339355 721.303404808044 811.1630859375 864.124961853027 729.904325485229 734.410749435425 866.159408569336 870.403778076172 732.229267120361 849.625793457031 720.016571044922
624.957382202148 578.394498825073 594.318229675293 562.532444000244 583.674477577209 524.57013130188 637.34139251709 704.578319549561 638.501934051514 681.956954956055 667.174434661865 663.508247375488 750.525576591492 771.376445770264 685.830139160156 486.717260360718 462.926742553711 520.08821105957 668.269212722778 678.983108520508 535.864944458008 535.988998413086 604.222389221191 620.888486862183 576.956405639648 492.278869628906 578.48078918457 735.875701904297 685.377046585083 843.256866455078 838.275497436523 809.775543212891 757.602172851562 734.733474731445 755.18620300293 780.498374938965 769.924659729004 872.561706542969 858.251258850098 857.302963256836 727.468990325928 734.023429393768 722.624896526337 698.161602020264 789.007364273071 811.157737731934 825.00853729248 834.469543457031 727.662487030029 707.705657958984
539.591227054596 513.441284179688 491.352600097656 384.196533203125 685.27970123291 585.150337219238 566.84838104248 642.924682617188 642.84688949585 536.666805267334 559.248275756836 712.626472473145 703.602184295654 609.420394897461 552.719169616699 446.278751373291 624.623321533203 440.547576904297 649.646248817444 607.319843292236 698.359376907349 614.331108093262 545.193237304688 665.915874481201 610.486581802368 570.617156982422 628.286067962646 606.437210083008 827.065963745117 679.557195663452 834.341033935547 717.055633544922 633.543306350708 578.063629150391 776.96265411377 732.002262115479 793.434814453125 639.724090576172 736.005803823471 764.788719177246 721.639976501465 769.772918701172 716.961305618286 710.400283813477 663.934661865234 653.372497558594 918.30207824707 809.404624938965 725.092872619629 861.007415771484
553.541734695435 362.256240844727 470.964263916016 515.630126953125 554.561309814453 574.237161636353 534.488567352295 455.194900512695 735.262023925781 657.620834350586 501.641174316406 1228.29096639156 500.959945678711 569.19556427002 555.702194213867 679.053680419922 570.035121917725 617.656984329224 574.381666183472 478.108810424805 682.583690643311 555.285564422607 658.425534248352 676.204540252686 572.000324249268 595.638305664062 538.157043457031 621.220174789429 582.745445251465 696.400871276855 747.274765014648 743.445030212402 691.563407897949 774.772064208984 585.100997924805 707.875102996826 715.514226913452 745.412569046021 696.353421211243 808.541221618652 758.228206634521 721.80114364624 675.405582427979 753.725568771362 622.774391174316 665.868072509766 805.449829101562 730.500942230225 734.238346099854 759.464390039444
580.535083770752 438.594009399414 600.107715606689 512.475807189941 616.595291137695 586.328247070312 732.82103729248 596.807874679565 617.010683059692 546.066719055176 575.392694473267 1191.5816192627 726.876968383789 724.089820861816 525.177436828613 584.830307006836 555.372501373291 592.256950378418 693.688706874847 530.623756408691 619.451793670654 542.483322143555 724.98184967041 629.818964004517 637.832194328308 562.69030380249 599.452684402466 586.773555755615 765.76513671875 670.571090698242 705.625102996826 757.787635803223 674.329784393311 685.47779083252 615.668003082275 617.44516992569 741.358451843262 642.034727096558 667.591941833496 587.787643432617 770.204916000366 620.750099182129 558.268005371094 807.238990783691 643.564224243164 735.268834114075 813.654174804688 722.301008224487 808.839584350586 881.796722412109
722.11043548584 665.378593444824 565.359015226364 581.541415214539 623.045024871826 678.504928588867 710.867721557617 536.907512664795 543.636699676514 465.48738861084 486.37572479248 588.842021942139 496.681060791016 650.044483184814 457.071487426758 729.71696472168 569.589902877808 610.964550018311 791.783462524414 665.419094085693 560.717170715332 641.009164810181 718.082246303558 645.12070274353 582.807430267334 673.94261932373 799.334762573242 693.611476898193 717.002487182617 820.395172119141 665.115964889526 701.947154998779 776.664573669434 670.129402399063 808.504173278809 600.753135681152 601.478462219238 759.636299133301 680.258136749268 624.707878112793 609.988761901855 699.716707229614 769.247289657593 663.283939361572 788.605712890625 706.475872039795 726.049592018127 729.997651576996 854.420555114746 758.411285400391
742.891342163086 642.294967651367 664.153350830078 604.059349060059 621.943653106689 551.973106384277 574.054744720459 567.397317886353 718.227012634277 598.830595970154 585.905290186405 652.870765686035 541.473274230957 617.423793792725 511.32186126709 645.111059188843 670.998100280762 762.668670654297 691.330718994141 682.339069366455 580.918750762939 574.154468536377 579.709064483643 537.211898803711 556.601516723633 728.582047462463 634.58283996582 762.907493591309 621.80387878418 741.892730712891 683.199310302734 603.446510314941 767.899765014648 720.060134887695 626.756965637207 694.198812484741 601.435073852539 704.713233947754 626.381446838379 803.538452148438 797.505950927734 718.502549171448 691.78134727478 688.911267280579 726.751907348633 771.933780670166 703.820854187012 776.414296865463 726.216531395912 782.669105529785
645.450424194336 682.23690032959 386.540618896484 566.624822616577 574.659571409225 526.337371826172 507.181591033936 634.567684173584 564.602800369263 592.616812705994 617.780679702759 681.416946411133 736.115921020508 681.676887512207 588.100080490112 626.635408401489 427.789245605469 735.044448852539 601.351353645325 632.496049880981 579.335178375244 606.991847038269 607.019165039062 623.143501326442 624.117645263672 598.954612731934 631.129201889038 794.998176574707 587.398136138916 773.28816986084 708.016994476318 675.581708908081 634.683307647705 626.670263290405 691.846475601196 872.300262451172 561.943183898926 586.073127746582 706.792214751244 649.041074752808 706.420894145966 690.273328781128 731.381914138794 821.779556274414 748.576332807541 512.138000488281 631.550552368164 552.042694091797 717.056797027588 692.203996658325
447.198806762695 498.561637878418 552.719398498535 505.50870513916 508.089500427246 538.271814346313 548.45915222168 576.477976679802 547.02473449707 446.076126098633 437.32682800293 485.727020263672 670.153144836426 619.82447052002 539.60425567627 556.596599578857 679.487869262695 585.09677696228 681.484893798828 648.135631561279 498.646896362305 598.696332931519 536.098472595215 566.592884063721 473.728591918945 441.783935546875 639.156848907471 466.789581298828 654.24547958374 623.328223228455 626.175165176392 795.334732055664 748.14525604248 621.861679077148 805.733373641968 640.343793869019 718.391510009766 724.900939941406 523.000442504883 668.763023376465 810.76473236084 911.761505126953 679.709705352783 618.930534362793 612.476272583008 613.429222106934 567.027526855469 594.446739196777 526.255844116211 660.0732421875
493.340793609619 519.0927734375 332.336547851562 522.813213348389 529.987682342529 612.513740539551 593.558158874512 576.3942527771 637.823345184326 513.614540100098 601.469755172729 527.340141296387 536.435359954834 741.663612365723 419.796936035156 504.924324035645 567.786622047424 575.002410888672 759.390518188477 659.750434875488 686.35474395752 587.985811233521 548.631050109863 578.458206176758 567.41089630127 444.559188842773 684.367774963379 530.998695373535 566.162239074707 406.290115356445 631.073085784912 763.503929138184 453.506683349609 555.708541870117 632.771547317505 633.835025787354 651.566411972046 659.362742424011 673.683391571045 594.204124450684 608.645446777344 663.068284988403 722.158172607422 644.576118469238 499.733093261719 511.974517822266 807.274047851562 618.841327667236 539.665939331055 529.288497924805
573.725425720215 545.227220535278 524.638149261475 547.460656166077 517.565036773682 642.643058776855 642.719734191895 413.092620849609 515.520099639893 541.312046051025 539.861526489258 579.549940109253 639.793804168701 714.408531188965 569.07048034668 632.449203491211 704.249473571777 757.328308105469 649.199203491211 551.086330413818 665.358901977539 610.832360029221 585.291734695435 733.787071228027 631.621948242188 526.684722900391 624.813965797424 559.955841064453 575.024620056152 734.791557312012 754.319969177246 552.168991088867 666.074645996094 773.515960693359 659.865817070007 542.115615844727 632.200271606445 616.745014190674 495.028503417969 645.861385345459 508.931411743164 678.123637199402 623.540702819824 698.814395904541 798.502334594727 404.53662109375 651.583637237549 608.293800354004 556.016189575195 577.685493469238
