export/dem/dem62.asc
NCOLS 350
NROWS 171
XLLCORNER 152620
YLLCORNER 418050
CELLSIZE 100
NODATA_VALUE -9999
[rows 66 to 87 of 171, columns 150 to 199 of 350]
518.577239990234 580.689098358154 632.601356506348 549.142402887344 595.423336029053 725.20524597168 545.252825737 553.268942832947 587.572574615479 630.904865264893 612.259162902832 582.592189073563 690.024749755859 615.719249725342 676.889495849609 449.605926513672 568.24565410614 393.453567504883 558.00489115715 690.998985290527 535.683723449707 620.868267059326 603.384326934814 499.830497741699 719.372802734375 559.874333381653 762.217376708984 673.952354431152 705.033569335938 587.885227203369 692.757522583008 607.426090717316 644.636253356934 655.502269744873 599.700231075287 648.018825531006 488.859130859375 576.408882141113 606.512542665005 525.301055908203 587.853126525879 591.507091522217 672.447780609131 604.62621307373 600.220378875732 579.061393737793 476.97395324707 779.632034301758 620.926485061646 667.639746665955
559.616928100586 451.143707275391 597.133987426758 664.364097595215 608.072967529297 649.381034851074 550.681892752647 517.599178314209 690.063491821289 613.380088806152 467.190498352051 684.441612243652 662.207847595215 612.425270080566 531.283458709717 420.540298461914 559.172850370407 583.529327392578 609.896770477295 541.496089935303 588.564871788025 639.514656066895 751.781951904297 535.870365142822 656.812164306641 644.40230178833 654.605972290039 673.007255554199 651.431747436523 689.205268859863 618.007354736328 675.414176940918 664.283187866211 428.355621337891 492.398124694824 628.443675994873 636.06756401062 588.92143535614 760.734649658203 649.291000366211 617.907972335815 561.480613708496 757.753601074219 612.743453979492 737.628890991211 615.865087509155 610.861515045166 635.961109161377 570.463325500488 628.65404510498
598.730537414551 533.02620267868 552.428079605103 405.07356262207 532.361058712006 530.773132324219 501.213665008545 569.19732093811 635.670707702637 589.421541213989 697.420700073242 424.593894958496 556.770895004272 507.838775634766 580.027153968811 456.170265197754 366.246124267578 566.695176362991 507.17626953125 571.26976776123 559.00218963623 701.975685119629 584.006392478943 566.872388839722 515.449882507324 649.021980285645 475.241661071777 707.155899047852 698.566329956055 450.802642822266 608.539200782776 641.814325332642 491.355804443359 737.567184448242 699.583839416504 597.242746353149 690.338439941406 661.783771514893 687.110809326172 616.096561431885 692.567924499512 577.921539306641 572.420356750488 772.498970031738 451.490173339844 566.349220275879 689.852096557617 663.476612091064 570.968929290771 722.867713928223
618.966018676758 460.774795532227 455.979881286621 470.325668334961 464.597221374512 648.353286743164 542.495374679565 529.930280685425 588.186039924622 536.899047851562 601.287544250488 563.39270401001 500.111820220947 483.38932800293 404.830795288086 564.541114449501 558.287246704102 547.573017120361 579.039943695068 388.733749389648 577.173682838678 610.735570907593 618.96577835083 754.316528320312 683.352668762207 578.839423179626 610.78197479248 568.463493347168 640.549194335938 574.352131843567 531.271301269531 604.804937362671 490.415687561035 606.94652557373 525.493560791016 615.043380737305 623.216844558716 567.688846588135 717.551147460938 649.143001556396 665.570091247559 546.953433990479 646.368239402771 478.262710571289 647.667939424515 619.53703212738 515.86483001709 626.302906990051 674.247127532959 659.567295074463
568.513205349445 355.535934448242 490.261688232422 541.830518722534 528.127779006958 642.60400390625 428.687942504883 476.018062591553 488.504428863525 583.464672088623 658.490539550781 597.99764251709 621.388938903809 588.609710693359 477.996437072754 484.363441467285 622.665603637695 608.784744262695 524.965251922607 607.25316619873 392.504699707031 573.565234422684 547.015419006348 652.112873077393 634.879347801208 514.328735351562 611.007480621338 663.200828552246 654.213760375977 683.512413024902 494.227958679199 572.402507781982 588.057925224304 552.525844573975 381.701904296875 592.641083359718 632.687395095825 485.611526489258 627.921253204346 751.408020019531 680.249778747559 745.438049316406 564.109252929688 478.390716552734 685.498180389404 620.067838668823 693.191955566406 728.845588684082 757.046592712402 604.718961715698
584.485900878906 412.131530761719 454.688255310059 536.606573104858 589.729000091553 620.686820983887 550.059097290039 621.8837890625 510.246086120605 433.930213928223 465.973762512207 523.435091018677 466.427680969238 496.582912445068 635.364082336426 718.045715332031 509.942863464355 491.630004882812 463.677474975586 531.97240447998 545.299621582031 455.306289672852 579.951316833496 671.481155395508 707.905387878418 585.836626052856 579.229572296143 527.564334869385 588.953239440918 665.312381744385 604.343696117401 604.841201782227 511.917015075684 402.541152954102 615.585479736328 636.049102783203 818.668502807617 552.516948699951 766.264129638672 799.441009521484 664.629486083984 597.126136779785 585.911943435669 523.469169616699 755.837799072266 521.62744140625 453.258712768555 707.915000915527 581.086566925049 624.337461471558
457.433456420898 639.819885253906 566.962352752686 395.136459350586 535.490532875061 461.847946166992 562.935726165771 538.315763711929 478.492202758789 542.259831428528 518.316486358643 572.922018051147 584.289432525635 610.155673980713 586.402059555054 571.827899932861 605.5908203125 634.691997528076 716.876373291016 513.007019042969 573.905599594116 508.828788757324 566.841968536377 650.598495483398 549.362075805664 647.024364471436 549.800365447998 657.487064361572 680.171905517578 645.114097595215 494.577919006348 536.503204345703 386.443878173828 614.353206634521 504.320518493652 440.421661376953 725.874984741211 587.959498167038 634.078880310059 589.876049041748 721.942420959473 695.185089111328 456.576477050781 672.103874206543 552.856285095215 621.054951667786 581.452827453613 546.715019226074 552.778358459473 695.782451629639
508.239543914795 584.228729248047 642.091087341309 520.853748321533 577.15625 618.521541595459 435.035873413086 569.458318710327 540.015807151794 512.350631713867 557.146728038788 600.692378997803 526.056497573853 647.876266479492 630.329376220703 671.661598205566 587.237118840218 640.519706726074 464.131729125977 467.445175170898 482.976989746094 619.458652496338 650.842948913574 679.212280273438 537.071113586426 613.534322738647 573.302200317383 642.026853561401 624.924903869629 802.677383422852 590.019949316978 492.282234191895 610.304278850555 538.119304656982 568.527914047241 647.838668823242 700.185493469238 580.298939228058 753.177520751953 639.198707580566 699.403411865234 665.838745117188 523.670211791992 519.60408782959 602.877780914307 502.044738769531 472.449691772461 511.965927124023 601.022424697876 658.515914678574
494.90544128418 626.202411651611 553.325403213501 584.449638366699 518.615505218506 489.748039245605 457.322067260742 565.906210899353 542.879493713379 542.528884887695 649.41325378418 658.906005859375 620.084358215332 621.482543945312 609.16809463501 546.741733551025 588.158862382174 617.218137741089 602.011497497559 504.448753356934 563.256721496582 580.350124359131 538.463119506836 489.907562255859 635.313997268677 596.608639240265 521.036247253418 514.361190795898 623.20614862442 646.776935577393 548.334255218506 692.055450439453 586.953425168991 631.250503540039 529.938999176025 622.386936187744 562.776844024658 738.303680419922 657.53190612793 716.983535766602 550.930103302002 695.187713623047 724.112731933594 591.297227859497 689.649833679199 671.163539886475 592.153712272644 531.253593444824 562.073272705078 548.387184143066
734.967323303223 574.217707633972 646.084083557129 475.452056884766 474.782669067383 469.200256347656 481.571899414062 469.862350463867 662.87809753418 502.218963623047 618.663063049316 594.868370056152 678.15705871582 590.435145378113 678.255317687988 559.687698364258 515.095764160156 585.154497146606 549.283874511719 635.332010269165 679.796585083008 529.77067565918 594.71240234375 493.23942565918 500.977325439453 594.532519340515 463.817337036133 572.954362869263 677.882389068604 626.504997253418 800.721389770508 621.348751068115 623.578273773193 755.925170898438 709.786926269531 536.913860321045 539.367206573486 724.729187011719 679.21834564209 595.693089485168 799.748817443848 603.480164527893 551.587718963623 663.907917022705 509.992317199707 622.486190795898 685.638763427734 592.608757972717 660.546115875244 537.883331298828
550.961227416992 843.044998168945 697.490356445312 901.578315734863 533.473434448242 422.833587646484 619.951208114624 590.881844997406 393.538833618164 541.292182922363 477.689590454102 581.06477355957 627.870532989502 592.108776248991 526.207649230957 548.755439758301 545.48717880249 556.683364868164 589.948265075684 687.44921875 591.914489746094 616.908977508545 540.373977661133 540.108283996582 636.281768798828 531.845596313477 469.33757019043 649.344209671021 572.381713867188 675.427597045898 507.55249786377 553.899471282959 470.480972290039 661.294700622559 591.612474441528 683.624069213867 681.596214294434 576.427109718323 527.454578399658 524.442043304443 661.942531585693 574.140933990479 587.935001373291 525.237602233887 569.030429840088 444.770462036133 633.264877319336 491.468559265137 537.098335266113 446.659881591797
614.375915527344 533.015689849854 584.799530029297 449.610488891602 490.710479736328 653.255641937256 446.646766662598 608.369720458984 573.14663079381 667.989311218262 687.930320739746 499.986824035645 443.402938842773 568.702405929565 536.988563537598 639.22341632843 433.252243041992 495.0263671875 643.747389793396 558.550964355469 736.728233337402 656.938508033752 506.29997253418 594.855506896973 932.981094360352 875.454536437988 560.799034118652 481.294631958008 618.746951341629 725.051773071289 538.336250305176 489.046318054199 572.738368988037 450.44548034668 619.831420898438 605.294623374939 604.271835327148 760.201217651367 582.972137451172 535.442962646484 640.350273132324 596.407401800156 618.358541488647 583.656749725342 628.887920379639 692.079750061035 553.539691925049 510.972732543945 501.617889404297 574.725242614746
559.199443340302 592.836610794067 427.601333618164 659.499031066895 711.194911956787 609.283754348755 525.809776306152 538.556674957275 725.543045043945 610.391474843025 614.66516494751 640.734268188477 481.388732910156 422.502838134766 568.682888031006 498.017463684082 449.708786010742 495.504440307617 637.141412734985 698.278017044067 631.573813915253 506.77042388916 885.289733886719 572.313035964966 617.205863952637 592.881366729736 730.337951660156 655.232131958008 693.850536346436 506.398422241211 695.029144287109 677.931938171387 603.032292366028 476.845436096191 572.110397338867 460.513519287109 646.747653961182 651.770645141602 670.074172973633 407.605270385742 601.245222091675 555.01097869873 673.819580078125 662.395553588867 574.671916007996 595.8160572052 595.859823942184 493.711029052734 516.599662780762 655.715484619141
517.043407440186 444.856206893921 409.213577270508 659.401733398438 681.051518440247 651.80004119873 752.780563354492 660.980224609375 729.763610839844 644.601135253906 627.598586082458 562.018215179443 538.906106948853 474.410095214844 767.53511428833 644.312847852707 583.130187988281 756.154647827148 709.874504089355 574.513332366943 535.575065612793 698.31502532959 771.991180419922 699.533172607422 788.052749633789 768.773590087891 720.063636779785 692.239276885986 656.544913291931 703.652542114258 648.23476600647 502.519409179688 555.684097290039 732.651531219482 541.051086425781 575.352470397949 541.456840515137 602.467204093933 659.084419250488 649.91667175293 512.909873962402 783.194244384766 426.779052734375 515.129020690918 492.340515136719 553.033092498779 522.418098449707 574.062816619873 577.602909088135 640.571549415588
516.385013580322 457.310214996338 643.965133666992 893.239280700684 760.043090820312 621.014251708984 684.132926940918 753.127365112305 735.174461364746 765.512023925781 742.876693725586 726.009506225586 755.890121459961 965.451526641846 885.469802856445 841.477508544922 711.485877990723 669.990558624268 627.614597320557 616.089193344116 715.121955871582 627.78110408783 673.747428894043 698.127319335938 619.703994750977 860.933685302734 770.445709228516 594.691143035889 694.633016586304 742.799766540527 757.130996704102 852.120101928711 648.551002502441 638.194217681885 494.036087036133 548.45092010498 595.460578918457 654.410915374756 648.068733215332 638.125289916992 718.961929321289 600.413580656052 486.790451049805 502.522842407227 721.030334472656 635.775840759277 622.898391962051 643.256666183472 660.474712371826 464.593978881836
624.841014862061 722.391998291016 671.227828979492 1061.55609130859 720.363700866699 771.624603271484 693.395027160645 693.713516235352 769.203964233398 766.134956359863 857.207382202148 910.308158874512 685.639198303223 813.084518432617 869.769739151001 765.447189331055 779.248512268066 617.523910522461 835.92805480957 652.169128417969 553.318481445312 643.774770736694 593.433310508728 595.423099517822 766.211059570312 759.764625549316 768.60604095459 638.09069442749 671.585318565369 741.656074523926 636.053930282593 639.484355211258 684.028759002686 734.705955505371 616.531564712524 617.553871154785 585.1185131073 622.993064880371 638.344989776611 481.369247436523 620.573915481567 557.567169189453 610.712563991547 499.47762298584 752.998596191406 597.270191192627 554.243751525879 657.183039665222 677.564712524414 650.226078033447
626.312492370605 739.610382080078 852.283355712891 935.819000244141 938.104644775391 981.630432128906 872.627220153809 1127.10833740234 736.247032165527 1056.37268829346 706.163558959961 614.975933074951 671.80200958252 557.799621582031 550.778679847717 573.979876637459 544.845985412598 586.247344970703 707.790466308594 773.032737731934 602.181686401367 612.547779083252 592.051933288574 634.598154306412 673.679454803467 739.427032470703 712.671825408936 643.808237075806 716.149066925049 593.966590881348 866.273422241211 716.726593017578 703.324867248535 617.823480606079 588.540672302246 623.075175285339 752.526550292969 739.060340881348 596.199992656708 484.916969299316 503.040451049805 557.735698699951 691.158191680908 747.839729309082 562.898086547852 629.347253799438 630.385004043579 718.28246307373 767.262672424316 684.834819793701
722.359352111816 783.151153564453 790.694458007812 727.985595703125 673.661117553711 735.26815032959 754.080673217773 917.03540802002 753.257263183594 965.118446350098 563.887809753418 498.126470565796 571.957000732422 610.66764831543 484.28201675415 420.710884094238 620.170472145081 605.529197692871 618.913917541504 909.104068756104 551.893928527832 449.458755493164 469.594116210938 536.115303993225 650.867477416992 711.21919631958 652.780101776123 621.12336730957 832.657791137695 735.28816986084 522.811058044434 768.010299682617 519.180084228516 638.039560317993 747.179641723633 690.833602905273 749.181945800781 614.982523918152 531.612297058105 632.770160675049 469.774963378906 570.016586303711 680.421821594238 561.758895874023 598.49186706543 718.690872192383 742.092674255371 728.106338500977 651.669097900391 638.679733276367
735.188980102539 799.95979309082 736.793304443359 573.23258972168 658.89518737793 592.16650390625 694.755386352539 885.407150268555 857.353744506836 789.973815917969 524.836166381836 645.244430541992 742.229797363281 516.394714355469 557.676582336426 616.606483459473 515.222339630127 471.284610748291 473.554840087891 796.419921875 589.73796081543 667.892562866211 868.700334787369 643.251304626465 565.005867004395 501.707824707031 719.955379486084 836.074996948242 540.327056884766 571.457084655762 619.225908279419 606.740330219269 680.624753952026 675.476518630981 725.022613525391 609.187122344971 727.75 769.507110595703 733.618370056152 615.364762306213 667.927598953247 640.935691833496 792.767822265625 684.166699409485 573.150505065918 782.514991760254 742.184398651123 669.537300109863 628.007627487183 718.212173461914
713.725631713867 623.515174865723 754.737701416016 748.797134399414 666.155254364014 723.704483032227 744.8193359375 770.525283813477 980.496368408203 800.791961669922 812.308486938477 482.319976806641 690.481468200684 794.597648620605 681.399517059326 635.363441467285 789.874877929688 514.805763244629 496.250671386719 813.726821899414 490.387924194336 491.211053848267 678.877658843994 713.786178588867 915.848220825195 708.2103099823 559.849060058594 444.910736083984 593.999336242676 596.609184265137 556.971906661987 487.222091674805 598.883186340332 690.341466903687 627.688050270081 601.77424621582 740.964096069336 752.555618286133 601.907157897949 545.56559753418 618.263952255249 642.012444496155 753.613311767578 774.798843383789 863.512680053711 808.722839355469 623.183605194092 667.469704866409 588.75910949707 755.276313781738
672.456405639648 703.743118286133 671.045963287354 743.171257019043 -9999 -9999 -9999 -9999 -9999 -9999 -9999 -9999 -9999 -9999 -9999 758.562622070312 775.826881408691 835.822174072266 764.988033294678 422.381591796875 613.816963195801 698.063346862793 546.346656799316 588.38419342041 772.92652130127 519.699096679688 985.410793304443 546.328521728516 448.922882080078 813.987762451172 507.93815612793 549.233573913574 643.49258518219 729.928771972656 639.682071685791 596.562915802002 734.20915222168 628.97758102417 591.447452545166 534.679069519043 586.194107055664 744.104034423828 697.822891235352 669.083815574646 720.996799468994 505.336456298828 744.708671569824 687.031234741211 708.33854675293 748.743186950684
-9999 -9999 -9999 -9999 -9999 -9999 -9999 -9999 -9999 -9999 -9999 -9999 -9999 -9999 -9999 -9999 -9999 -9999 622.417411804199 725.736804962158 714.384998321533 517.755096435547 689.753116607666 616.100032806396 620.2357006073 599.480026245117 469.834243774414 451.734588623047 619.592380523682 620.26068687439 492.474327087402 963.146957397461 654.531623840332 782.463325500488 777.665672302246 633.344026565552 722.71647644043 679.819316864014 577.765983581543 692.704912185669 632.456748962402 577.70142364502 689.656412124634 760.817604064941 526.917053222656 788.054809570312 628.329322814941 692.42437171936 584.105773925781 769.518394470215
