export/dem/dem61.asc
NCOLS 350
NROWS 171
XLLCORNER 152620
YLLCORNER 418050
CELLSIZE 100
NODATA_VALUE -9999
[rows 110 to 131 of 171, columns 250 to 299 of 350]
799.945434570312 754.868446350098 690.577865600586 749.387283325195 1132.47920227051 754.635131835938 605.866973876953 1085.16508483887 883.333450317383 868.39803314209 718.426116943359 784.261337280273 887.714569091797 996.911689758301 925.738754272461 875.367666244507 1088.60626983643 1266.92568969727 914.265594482422 985.313034057617 866.482411116362 845.853664398193 898.639953613281 962.504943847656 1394.18060302734 938.536514282227 840.110809326172 844.866526603699 999.150062561035 937.828521728516 912.784954071045 843.534052371979 944.898078918457 890.837440490723 933.839872360229 859.136854171753 904.877864837646 1062.71479797363 1121.8136138916 880.98946762085 589.818206787109 659.070918083191 682.319374084473 766.674015045166 557.213012695312 804.877510070801 949.014770507812 698.296451568604 880.715469360352 760.205635070801
828.804718017578 706.26673412323 503.834571838379 720.263946533203 612.277740478516 453.135406494141 501.040802001953 1100.68542480469 483.007179260254 572.227676391602 445.951812744141 881.016821861267 861.908630371094 642.218856811523 947.86247253418 696.488731384277 848.630861282349 886.481384277344 1047.03592681885 819.166580200195 1250.77733719349 955.500534057617 977.116298675537 894.479995727539 1110.04588317871 1374.86863517761 954.432693481445 946.312835693359 898.517639160156 883.343002319336 864.489144325256 813.321599960327 986.819839477539 889.38542175293 990.924964904785 904.418100357056 1189.88664245605 927.605855941772 827.540925979614 808.695083618164 804.729579925537 716.595497131348 754.537120819092 813.093872070312 725.83487701416 763.17138671875 978.719696044922 721.354801177979 883.381103515625 905.056972503662
775.54313659668 879.604270935059 898.785461425781 719.947685241699 1102.98603820801 638.211883544922 537.477355957031 718.915954589844 667.267028808594 884.180282592773 738.658498764038 632.792110443115 844.262321472168 914.519180297852 1194.20991516113 1148.16123962402 800.913411140442 647.217758178711 674.090377807617 859.781715393066 757.614479064941 931.80842590332 1391.57635498047 1132.43868255615 1136.64489746094 954.440784454346 926.529102325439 1041.10414123535 1010.36897277832 889.537874221802 920.786045074463 898.858549594879 1031.44450378418 906.031095027924 920.722534179688 1032.86926651001 967.157940387726 900.836837768555 922.884796142578 682.567741394043 664.522459030151 522.293258666992 799.261531829834 866.141304016113 994.644683837891 689.645095825195 603.6953125 829.499536514282 855.159469604492 976.936180114746
698.719348907471 710.195068359375 654.047973632812 764.127029418945 758.098526000977 1104.90676879883 653.096160888672 645.504257202148 628.69548034668 673.358428955078 717.163366317749 586.057754516602 800.513732910156 612.532936096191 752.887245178223 670.159721374512 711.363731384277 681.113487243652 810.468631744385 620.756942749023 996.889831542969 822.677757263184 939.787307739258 847.747379779816 879.791958808899 1151.25991821289 1046.77451133728 923.477542877197 1366.05328273773 1313.65080451965 920.604112625122 1127.72941589355 1013.84935760498 941.977325439453 755.284820556641 954.485404968262 1039.27160644531 654.051891326904 700.266548156738 557.183986663818 842.071746826172 567.464492797852 739.287551879883 726.704158782959 707.524723052979 816.977195739746 716.387603759766 970.801406860352 975.682075500488 876.4997215271
778.417419433594 1146.96853637695 1304.91097259521 668.048889160156 570.869766235352 546.680801391602 1907.08215332031 564.870452880859 1106.98623657227 1107.12460327148 753.426223754883 679.959261894226 720.604162454605 578.027694702148 749.092290878296 1010.52860641479 847.245216369629 718.008302688599 847.233604431152 788.326503753662 644.459930419922 953.061162948608 729.278903961182 741.537707328796 854.156272888184 800.177760481834 849.790943145752 964.234466552734 1343.81233978271 1272.77478790283 996.262046813965 1070.24145507812 926.026992797852 713.469722747803 708.378845214844 621.783397197723 721.141204833984 803.74267578125 851.77074432373 893.803787231445 815.714141845703 880.645523071289 840.363052368164 796.096473693848 887.870742797852 730.726318359375 838.401840209961 721.524139404297 776.129873275757 767.026138305664
715.792144775391 834.739990234375 801.408386230469 606.567413330078 600.536193847656 1089.34375 463.380920410156 653.559295654297 723.221809387207 697.058319091797 740.6748046875 562.538803100586 746.569183349609 675.782495498657 799.917457580566 771.956207275391 793.382720947266 868.24528503418 794.26947593689 653.820381164551 693.730201721191 859.742118835449 948.587738037109 834.289058685303 733.104167938232 728.802883148193 627.711151123047 971.132911682129 1138.51843833923 1626.92674636841 882.723876953125 974.211860656738 902.244720458984 592.412399291992 786.741111755371 780.023662567139 831.14404296875 726.654387950897 868.191711425781 789.422607421875 894.118423461914 707.49733543396 863.102630615234 877.364624023438 828.957000732422 723.408105373383 818.967094421387 682.899501800537 873.621948242188 851.26025390625
852.179168701172 1327.4672088623 688.585296630859 725.572280883789 1231.50396728516 619.368286132812 483.418609619141 1107.7515411377 582.202713012695 936.760650634766 1036.72371673584 649.49267578125 642.755200862885 676.13512802124 780.980628967285 755.833912849426 663.866172790527 726.904452323914 682.733261108398 680.556274414062 644.51969909668 614.60285949707 721.917404174805 844.099611759186 763.561645507812 785.668912410736 915.841209411621 987.675231933594 919.675880432129 894.429183959961 1318.91473388672 825.775575637817 830.145168304443 770.869735717773 957.234405517578 1303.72101593018 1429.91553497314 1634.91225814819 1628.82761383057 1044.44271850586 945.189025878906 978.408905029297 752.697471618652 940.815551757812 896.843978881836 896.976638793945 789.397750854492 828.39720916748 663.440753936768 652.729839324951
649.242660522461 935.611663818359 813.859509468079 803.778548240662 839.032470703125 698.252487182617 903.860321044922 534.393081665039 721.976959228516 815.541946411133 882.746917724609 717.927375793457 747.282573699951 684.893653869629 650.109008789062 783.723052978516 539.396286010742 705.557918548584 646.106708526611 510.623413085938 571.840141296387 629.735198974609 770.773796081543 826.401427268982 911.152374267578 873.381749153137 925.379084587097 973.41805267334 800.309879302979 809.058074951172 800.844390869141 1099.16730117798 895.635600090027 1131.80268859863 1104.3678817749 904.428749084473 1126.01789855957 1223.43840026855 1553.85554504395 2119.00909423828 1234.91525268555 1087.98538970947 959.867645263672 986.13395690918 735.372923851013 828.864143371582 888.217422485352 845.527198791504 827.87336730957 603.289123535156
502.248046875 851.840677261353 741.734055519104 898.649925231934 950.56233215332 860.896343231201 1137.99674987793 539.814819335938 669.724853515625 829.078910827637 739.1962890625 722.250228881836 848.733684539795 459.701629638672 726.226112365723 780.582389831543 719.074039459229 787.047849655151 587.427856445312 714.075302124023 617.342132568359 649.234155654907 626.223411560059 791.693000793457 845.483200073242 954.383316040039 1045.48011779785 934.574340820312 639.984554290771 860.531341552734 2156.95358276367 3112.36506652832 954.931968688965 1094.16649627686 1271.99590301514 1120.79525756836 1198.11457824707 1196.5581817627 1203.89398193359 1183.59184265137 1158.21990203857 1394.84959411621 1166.60342955589 1346.28006744385 1407.86084747314 977.664331436157 902.703296661377 870.699401855469 808.867881774902 759.852226257324
546.700727462769 519.618495941162 596.444595336914 633.862648010254 878.711353302002 1139.73978424072 846.010345458984 744.984436035156 1131.5260925293 723.475210189819 737.9493227005 911.101322174072 793.213066101074 639.650573730469 863.822631835938 707.238298416138 800.655181884766 746.66675567627 773.756690979004 800.21125793457 669.444915771484 652.452697753906 625.47437286377 575.389991760254 701.045221328735 876.526577949524 929.865341186523 954.192802429199 914.486251831055 647.713439941406 692.963409423828 2290.24640274048 956.966598510742 875.128313064575 1146.53623962402 1402.93083953857 1227.76280212402 1197.03755569458 1707.04698944092 1392.19178771973 987.03833770752 907.709503173828 1097.54779052734 1060.91771888733 1716.5686340332 1605.95264434814 1346.11236572266 1559.47882080078 1287.10844421387 990.918029785156
630.970657348633 496.542730331421 495.623821258545 495.466655731201 744.557144165039 873.714604377747 697.738433837891 776.578163146973 626.303115844727 579.104309082031 679.933151245117 795.217250823975 695.931640625 550.601516723633 652.619781494141 657.704644680023 704.331019997597 612.335571289062 583.162925720215 715.986297607422 849.782703399658 703.799156188965 875.893119812012 762.140184402466 671.833868026733 859.154132843018 736.012842774391 833.607833862305 1044.82580566406 901.767730712891 729.795223236084 848.910148620605 808.451606273651 912.042957305908 943.569633483887 1010.97208404541 1037.84464836121 1135.56524658203 1315.91796112061 1295.724609375 1245.61710548401 1213.43900299072 1073.88322401047 1014.55934524536 1248.0646238327 1345.84631347656 1272.15494537354 1144.71379852295 1375.60427856445 1508.62051773071
886.010589599609 739.375267028809 599.527173995972 444.250396728516 510.29024887085 607.835720062256 642.385647773743 752.5959815979 726.138346672058 504.665374755859 706.66125869751 607.698104858398 750.057907104492 639.429931640625 818.278907775879 648.75691986084 552.714431762695 695.568323135376 731.362915277481 488.965805053711 744.351230621338 754.777835845947 804.508614659309 753.365417480469 804.049587249756 731.104682922363 760.413009643555 968.237426757812 870.791177749634 833.211031913757 731.274353981018 899.009857177734 935.38289642334 954.577835083008 928.632881164551 1128.3073425293 1124.13299560547 881.470481872559 1089.72068023682 1053.73244476318 1343.4984588623 1506.91207122803 1115.34719848633 755.342918395996 1388.142578125 1343.39835357666 1165.78756713867 1084.96815490723 1186.19873809814 1537.01266479492
903.714920043945 854.656890869141 680.91912651062 621.430686950684 795.990608215332 497.61946105957 634.813522338867 596.691879272461 563.648544311523 631.217956542969 745.320026397705 674.700119018555 711.003028869629 599.743162155151 688.54761505127 531.549392700195 788.910601615906 844.466598510742 586.442802429199 737.060833930969 719.59555721283 799.48243522644 721.510955810547 836.03685760498 792.866233825684 849.728012084961 730.747636318207 806.982563018799 784.829208374023 865.773526191711 928.054267883301 929.721878051758 882.921859741211 886.356872558594 877.535011291504 1041.07054138184 929.166809082031 967.442558288574 823.736518859863 923.559204101562 785.963020324707 975.434673309326 918.610842704773 986.341636657715 873.703689575195 1029.10485839844 1122.11109924316 978.082801818848 1047.57793426514 1131.31275177002
662.627094268799 761.943470001221 751.221439361572 731.694683074951 630.60572052002 553.221801757812 692.564564108849 583.868627548218 603.91820526123 666.173431396484 579.377944946289 642.5107421875 887.35693359375 719.712337493896 1033.62088012695 860.649047851562 645.352081298828 550.575698852539 591.249588012695 715.083646774292 679.234420776367 644.092529296875 878.873731613159 874.979465484619 747.387229681015 717.389347076416 831.328594207764 807.62818145752 826.00447845459 813.034774780273 958.154754638672 935.882179260254 725.156044006348 710.409545898438 953.012100219727 1031.87408447266 888.049011230469 753.966487884521 860.172565460205 832.574611663818 799.220072865486 877.218650817871 632.399642944336 831.676433563232 760.233108520508 766.87230682373 998.756637573242 961.986478805542 911.578170776367 896.824630737305
720.330421447754 776.40983581543 844.968780517578 709.090757369995 696.55838394165 781.170143127441 658.418273925781 595.55553817749 731.859111785889 783.886852264404 662.306671142578 716.227363586426 821.552408218384 724.184356689453 1309.72645568848 722.599008560181 703.66284942627 663.006744384766 670.9182472229 685.299427032471 715.196031570435 660.919605255127 645.810585021973 851.904396057129 854.988645553589 685.860957384109 818.845407485962 852.583261489868 783.410346984863 846.607452392578 687.314086914062 945.114303588867 977.567058563232 848.797622680664 860.364227294922 1053.03482055664 945.690383911133 784.8857421875 973.492691040039 714.949298858643 731.308177947998 744.739967346191 683.208618164062 692.419883728027 669.588592529297 701.21297454834 686.473503112793 931.461853027344 820.226751327515 1017.18026733398
765.931941986084 673.049991607666 756.606625556946 785.758930206299 694.517963409424 769.404711723328 789.889305114746 750.314544677734 373.019180297852 348.960266113281 602.575881958008 614.027221679688 1120.95478439331 809.681526184082 670.212493896484 721.961454391479 661.670471191406 730.038875579834 725.34260559082 1218.83367156982 796.501724243164 646.899000167847 662.151023864746 794.974045276642 668.138519287109 717.038660287857 748.833450317383 782.056343078613 667.188598632812 640.222160339355 681.368507385254 709.231796264648 996.310623168945 860.036605834961 967.348159790039 749.068367004395 836.30419921875 747.590660095215 821.272037506104 679.445709228516 715.092319488525 568.748733520508 645.058219909668 727.998161315918 575.510986328125 718.443908691406 663.101028442383 724.471481323242 710.839202880859 938.321914672852
797.665890693665 709.509103775024 774.700965881348 630.746566772461 803.75590133667 841.533378601074 657.319717407227 695.532605648041 522.630256652832 472.252075195312 446.584701538086 1164.70191955566 825.960094451904 939.346176147461 882.341979980469 518.845748901367 665.71297454834 805.063404083252 1044.47903442383 504.146194458008 785.063415527344 780.546699523926 595.732307434082 790.241733551025 690.184211730957 605.004730224609 798.529724121094 592.461326599121 849.543083190918 665.553634643555 637.451919555664 676.610725402832 764.707069396973 973.724136352539 813.482358932495 708.438899993896 756.838984966278 990.133010864258 738.055500030518 785.775241851807 568.476043701172 495.143646240234 601.594161987305 543.005294799805 794.940563201904 674.771301269531 824.545753479004 801.800148010254 810.769641876221 801.957130432129
634.937042236328 678.973094940186 609.395523071289 822.128044128418 697.962837219238 727.187576293945 840.00463104248 580.583511352539 513.933654785156 623.888699889183 481.021392822266 542.897018432617 661.402542114258 1265.02600097656 837.757251739502 778.767101287842 746.80858373642 815.707061767578 580.119262695312 742.217193603516 808.047050476074 707.334537506104 833.389755249023 733.246894836426 572.612701416016 715.542570114136 778.052536010742 641.710674285889 707.088596343994 599.518486022949 705.980102539062 693.588352203369 829.566387176514 794.377378463745 889.03343963623 845.814529418945 1012.05012512207 602.078643798828 789.497707366943 770.581993103027 693.993873596191 686.565773010254 763.633325576782 702.608123779297 740.979005813599 643.44229888916 763.553481578827 900.103314399719 836.576392173767 1014.15956115723
665.66650390625 744.449900627136 710.394721984863 746.309122085571 604.076599121094 663.735565185547 679.160987854004 776.370861053467 525.315269470215 562.277961730957 500.514083862305 647.922340393066 662.148017883301 614.04833984375 560.032997131348 751.321552276611 621.452686309814 881.847702026367 754.311626434326 749.667362213135 739.776922225952 624.968070983887 685.256416320801 622.98095703125 597.47974395752 655.959121704102 665.747341156006 718.081369400024 664.400245666504 608.659866333008 658.43310546875 735.20539855957 819.060590744019 715.69930267334 988.877807617188 805.21915435791 802.498310089111 742.953468322754 843.315101623535 1099.41994094849 638.204971313477 675.927848815918 746.86710357666 628.27262878418 859.590526580811 541.003494262695 634.958648681641 795.853848576546 975.039337158203 998.524513244629
651.967155456543 701.299152374268 669.622413635254 774.687770843506 803.691452026367 1009.23678588867 749.163097381592 671.061420440674 519.420433044434 730.867073059082 701.331649780273 474.961883544922 692.490253448486 695.034860610962 702.410388946533 741.64440202713 797.569408416748 812.25318145752 670.107585906982 631.035629272461 807.883102416992 720.200667381287 593.463577270508 729.959625244141 630.079734802246 674.35619354248 778.348020553589 601.698333740234 750.03727722168 628.524124145508 590.938873291016 942.203765869141 906.934370040894 767.483784198761 988.753433227539 752.531448364258 900.658668518066 873.139659881592 811.686996459961 884.56120300293 853.564788818359 863.047966003418 769.006237030029 907.346115112305 857.502593994141 875.885589599609 700.91707611084 679.350715637207 818.668163299561 1041.36367034912
747.680354118347 618.371643066406 688.008804321289 696.07063293457 707.148067474365 742.278505325317 766.976539611816 750.028686523438 844.839111328125 612.827003479004 778.838432312012 651.9736328125 654.539756774902 633.704147338867 727.725299835205 878.433784484863 778.206735610962 820.258651733398 773.10279083252 752.88320350647 706.777912139893 705.09010219574 620.511840820312 755.699398040771 698.137998580933 573.401763916016 786.129909515381 831.015675544739 618.802658081055 827.301132202148 486.466201782227 708.846900939941 599.18962097168 1063.61638641357 844.300636291504 834.652410507202 782.431379318237 990.652531862259 1141.76224136353 1008.4019575119 1033.4666557312 1122.47623443604 1020.04853439331 725.253189086914 862.520980834961 822.689399719238 866.145105361938 708.100318908691 790.235229492188 1085.20805358887
704.275123596191 841.532051086426 759.17786026001 762.06525182724 875.953987121582 725.590620517731 572.954727172852 595.219625473022 718.452377319336 688.41512298584 691.055728912354 659.878677368164 667.529365539551 752.950212478638 691.051528930664 801.795055389404 762.440432548523 751.948476791382 716.500457763672 815.17098839581 591.329040527344 706.206693649292 698.852647781372 760.905654907227 560.734848022461 479.593231201172 492.941604614258 549.217361450195 725.765926361084 851.769760131836 809.843490600586 694.213918685913 704.896659851074 727.432434082031 570.80046081543 682.725036621094 626.794807434082 782.101547241211 864.714851379395 1046.78078269958 1158.90270614624 1079.43417930603 894.11701965332 899.090530395508 843.844051361084 786.98656463623 956.575862884521 723.038425445557 808.650329589844 941.408176422119
