export/dem/dem60.asc
NCOLS 350
NROWS 171
XLLCORNER 152620
YLLCORNER 418050
CELLSIZE 100
NODATA_VALUE -9999
[rows 22 to 43 of 171, columns 200 to 249 of 350]
605.796478271484 675.109091520309 506.303192138672 653.188484191895 704.263465881348 523.576446533203 602.434135437012 640.471946716309 831.570648193359 739.374805450439 463.700241088867 473.462493896484 701.258442878723 665.1922082901 659.918792724609 763.356872558594 774.3349609375 830.237380981445 659.799871921539 645.53405380249 656.191429138184 587.643783569336 662.362747192383 623.431827545166 615.400352478027 644.786182403564 743.768436908722 673.007413864136 843.805725097656 678.191410064697 776.84366607666 674.740657806396 823.957260131836 675.247253417969 667.621810913086 813.120365142822 698.990196228027 643.348915100098 793.800506591797 914.120666503906 961.135147094727 762.489475250244 794.250194549561 880.658241271973 869.286643981934 1347.39590072632 832.656558990479 754.707534790039 867.267278671265 870.139567375183
716.212921142578 771.692451477051 674.768452048302 797.346046447754 502.334899902344 586.300346374512 505.744918823242 678.945846557617 739.083095550537 732.181175231934 628.905128479004 484.493377685547 618.542434692383 723.820537567139 745.556434631348 635.118118286133 799.09871673584 783.214866638184 620.616165161133 719.544853210449 727.472927093506 721.457439422607 557.048248291016 525.54931640625 567.198661804199 701.460304260254 794.813228607178 799.562568664551 737.554529190063 643.83325958252 658.655792236328 675.666076660156 670.171169281006 643.066139221191 868.900268554688 859.636207580566 785.731525421143 823.493282318115 683.030067443848 702.494483947754 944.793716430664 889.715156555176 826.688182830811 881.303062438965 1078.12828063965 850.634677886963 938.825092315674 936.251934051514 747.949199676514 1274.40808486938
590.088706970215 655.36389541626 666.390682220459 833.894676208496 697.051555633545 658.522580385208 792.257888793945 702.253463745117 726.073997497559 672.505386352539 458.731719970703 742.295768737793 541.435775756836 603.610366821289 735.245376586914 649.683344244957 699.120791435242 615.960849761963 776.912948608398 615.922950744629 792.01146697998 750.303184509277 693.447177886963 722.509876251221 702.026557922363 691.97163772583 787.414964675903 998.297547340393 560.725982666016 618.10090637207 577.953796386719 729.049051761627 795.3271484375 790.037643432617 625.934219360352 938.206649780273 781.168294906616 880.529472351074 848.01953125 756.8248462677 872.155632019043 743.911445617676 1002.76684570312 897.405166625977 922.645858764648 804.718955993652 889.900281906128 823.068506240845 926.152946472168 716.735894203186
725.148612976074 572.008102416992 590.649608612061 633.74165391922 656.532751083374 517.661682128906 761.283538818359 662.566325187683 754.716003417969 764.018939971924 777.466331481934 464.726119995117 595.716060638428 412.359222412109 529.731518745422 536.639940261841 887.157287597656 599.804313659668 658.307174682617 622.672317504883 538.86637878418 719.977245330811 805.466903686523 674.647833824158 695.20396232605 783.969459533691 793.722389817238 774.856656074524 632.991638183594 662.202266693115 743.377225875854 703.488841056824 686.802643299103 645.133323669434 772.986614227295 717.748935699463 783.196653366089 742.205610275269 748.32616519928 836.48949432373 801.412376403809 1064.29235839844 976.937698364258 931.968566894531 662.040817260742 1078.81259155273 949.731674194336 987.381774902344 1042.90396118164 951.466819763184
505.094650268555 557.309143066406 608.091194152832 552.747703552246 662.868545532227 534.107612609863 608.114112854004 562.374214172363 757.226577758789 583.864204406738 491.983978271484 482.66544342041 509.720275878906 719.464805603027 421.916458129883 555.723648071289 588.688846588135 541.610261917114 572.012222290039 503.52933883667 729.594915390015 701.145462036133 764.374122619629 731.27615737915 652.646797180176 814.10103225708 753.468622684479 649.009155273438 662.728897094727 597.989151000977 610.811080932617 672.432464599609 691.369501113892 698.403253555298 867.973388671875 725.805218219757 748.156672477722 659.198791503906 760.955995559692 748.97647857666 878.05997467041 757.583884239197 888.373725891113 786.229632377625 812.012710571289 848.857338905334 954.693222045898 887.739095687866 835.954866409302 995.924102783203
654.36742401123 574.489450454712 495.935218811035 457.350402832031 442.413970947266 686.796371459961 488.067642211914 646.929252624512 597.773317337036 640.288265228271 661.414783477783 628.068608283997 565.355499267578 403.377716064453 483.391021728516 377.581176757812 571.884819030762 598.659627914429 437.012557983398 685.574356079102 789.121002197266 739.921257019043 617.651741027832 729.145412445068 699.205861091614 670.734132766724 800.946189880371 642.049884796143 640.927597045898 586.127983093262 662.144104003906 776.071292877197 943.450241088867 845.734535217285 780.291784286499 750.686519622803 811.442451477051 660.50456237793 749.029276371002 772.48104095459 714.068885803223 819.56653213501 828.461723327637 857.686046600342 906.450523376465 876.563106536865 872.923889160156 807.755218505859 872.577789306641 734.946220397949
588.489822208881 573.82995891571 613.662607192993 651.573822021484 587.856770515442 634.896903991699 563.762008666992 548.421897888184 759.307708740234 563.039672851562 615.587825775146 746.123306274414 740.849655151367 591.442702293396 543.259506225586 389.591873168945 681.106334686279 474.528182983398 437.739730834961 437.993698120117 597.312492370605 771.683227539062 765.749313354492 771.416198730469 712.035800933838 645.218227386475 555.575775146484 697.593915939331 592.28133392334 630.448951721191 682.532573223114 548.927520751953 814.796867370605 743.170339584351 758.027454376221 448.214065551758 769.027393341064 737.865656852722 795.555564880371 667.332824707031 670.73486328125 831.437072753906 756.358692169189 837.671897888184 809.246006965637 847.559516906738 864.533418655396 874.63561630249 840.894096374512 859.03092956543
609.320611953735 528.470428466797 494.182929992676 604.08424949646 505.935409545898 493.29940032959 645.883350372314 580.278654098511 736.49626159668 676.785957336426 693.95645904541 634.029918670654 641.469834327698 445.608840942383 417.738082885742 493.080019250512 442.461772918701 623.758148193359 378.392196655273 459.011329650879 567.97762298584 617.359230041504 676.715744018555 682.804245710373 780.55940246582 618.907398223877 568.736442565918 636.081695556641 587.281791687012 713.033493041992 675.43913269043 557.761672973633 698.985503196716 696.298082828522 748.346788406372 692.79899597168 702.86693572998 828.182807922363 845.580856323242 809.372657775879 746.912356376648 837.793041229248 817.417663574219 795.091453552246 603.187057495117 847.105092048645 852.118390083313 723.913078308105 803.331567764282 853.677490234375
648.373165130615 708.699432373047 668.723739624023 702.542922973633 663.452125549316 367.732223510742 630.321212768555 622.929565429688 719.11164855957 757.511596679688 680.786575317383 677.720199584961 642.330353140831 651.201675415039 629.455429077148 421.801742553711 479.849725723267 549.883884191513 531.283725738525 584.386688232422 718.750785827637 906.031616210938 740.159065246582 593.520935058594 702.65869140625 788.172332763672 672.217576026917 474.201049804688 627.707695007324 604.644996643066 582.494071960449 713.979640960693 701.39964389801 758.346382141113 761.236396789551 898.41032409668 570.352752685547 981.759963989258 893.527893066406 714.6275806427 775.314716339111 830.960063934326 827.027070999146 803.893571853638 627.315444946289 671.292694091797 593.111602783203 539.77326965332 756.516326904297 940.229568481445
580.523559570312 538.281841278076 568.538063049316 742.692474365234 692.483108520508 618.408393859863 550.144381523132 575.585648298264 594.628419876099 744.729049682617 705.140083312988 701.900375366211 681.277870178223 758.436874389648 409.950370788574 606.58341217041 641.692802429199 600.589033126831 536.595874786377 598.831436157227 652.624227523804 759.197967529297 793.266998291016 684.054803848267 666.210375785828 579.736968994141 739.131309509277 652.792371273041 651.593967437744 562.018005371094 620.826641082764 617.146347045898 581.244552612305 774.721939086914 749.585868835449 791.732795715332 799.692573547363 685.958143234253 776.161239624023 823.282341003418 661.084098815918 951.330673217773 781.933866500854 804.302200317383 851.288986206055 726.791133880615 600.778900146484 515.680297851562 700.241676330566 799.526123046875
519.653591156006 625.406887054443 584.337471008301 712.873527526855 638.814540863037 479.67406463623 638.21594619751 655.674102783203 695.876823425293 647.168731689453 768.93327331543 682.409858703613 532.930694580078 582.903602600098 467.855045318604 510.744393348694 510.696022033691 587.730783462524 582.138818919659 551.569900512695 597.31396484375 686.958099365234 659.800912857056 786.404541015625 615.253639221191 548.589874267578 803.151412963867 578.533088684082 486.370422363281 554.834243774414 487.310623168945 527.824981689453 600.022262573242 737.37166595459 627.432830810547 688.570502281189 747.836711883545 806.347709655762 785.458011627197 865.665664672852 861.062805175781 598.455291748047 599.301239013672 754.701468467712 783.386722564697 732.032936096191 724.14501953125 642.096038818359 640.213180541992 769.619964599609
689.588691711426 629.560035705566 595.865640640259 639.639144897461 623.925495147705 621.951206207275 620.780559539795 740.007675170898 656.927360534668 651.073822021484 661.690822601318 665.907020568848 560.938762664795 678.755664348602 714.761871337891 678.766166687012 530.302799224854 660.690650939941 700.454294204712 614.664266586304 591.375240325928 734.871353149414 610.768169403076 705.874507904053 656.409257054329 643.270648956299 685.122959136963 671.271690368652 749.545097351074 575.433151245117 572.391380310059 591.822700500488 647.030933380127 711.459949493408 487.226470947266 677.78955078125 725.681303024292 848.100219726562 633.878051757812 868.28182220459 840.947654724121 703.730075836182 818.955318450928 673.880336761475 735.050012588501 758.293994903564 682.698936462402 817.697275161743 815.328308105469 1030.83291625977
589.632326126099 547.386018753052 522.513233184814 637.868732452393 794.581039428711 562.991189956665 724.56787109375 634.315111160278 638.880790710449 604.344809532166 669.301177978516 510.679626464844 795.043525695801 695.850921630859 739.788467407227 337.076904296875 503.522186279297 735.550109863281 645.636484622955 521.307640075684 623.879466056824 745.464706420898 785.474884033203 665.602293014526 732.084602355957 756.939819335938 781.767852783203 740.919990539551 714.384044647217 665.759581804276 689.485155105591 493.941482543945 652.167255401611 711.401782989502 764.799896240234 752.009071350098 565.609390258789 770.723003387451 747.54748249054 542.463195800781 731.743003845215 634.322799682617 763.213832855225 739.792685508728 849.866554260254 732.750411987305 555.544921875 808.171607971191 749.727328300476 692.238838195801
702.467636108398 509.206031799316 696.583343505859 823.514221191406 630.631614685059 689.490463256836 680.989524841309 538.057451725006 546.839458465576 670.913261413574 614.300498962402 658.412696838379 834.543075561523 681.531490564346 699.100891113281 465.888298034668 554.21586227417 638.335034132004 625.143992424011 633.043580055237 722.005695343018 709.144088745117 687.066337585449 580.844467163086 540.124740600586 609.579614639282 690.662425994873 747.78010559082 667.047853469849 680.380548477173 798.081169128418 664.083395957947 577.55345916748 662.2935795784 784.324005126953 742.676879882812 808.843437194824 869.132553100586 684.451713562012 736.264627456665 659.353122711182 717.867921829224 641.645248413086 620.136161804199 757.996656775475 685.216487884521 807.403018951416 711.158059120178 753.209625244141 776.08301448822
474.021381378174 654.934661865234 506.340400695801 711.105018615723 588.061532020569 643.27795791626 566.090686798096 490.865898132324 587.490126609802 671.788299560547 499.353172302246 1225.05236816406 605.987228393555 591.305183410645 642.216621398926 618.898973464966 683.213298797607 639.960113525391 629.650783538818 674.099201202393 676.351470947266 596.541450500488 698.341720581055 518.839111328125 629.818454742432 700.944129943848 803.997268676758 724.664855957031 758.485458374023 682.792984008789 655.656977653503 710.456916809082 836.908004760742 596.161666870117 769.894477844238 704.17208480835 793.573051452637 713.914058685303 702.919795036316 796.889495849609 678.56856918335 812.111572265625 760.776355743408 644.347030639648 644.302261352539 649.010025024414 703.021070480347 648.593673706055 611.634376525879 701.750164031982
558.242868423462 631.984081268311 614.978891372681 593.143402099609 625.386814117432 575.90881061554 693.978576660156 698.650619506836 538.5973777771 660.125694274902 629.909091949463 942.087585449219 906.922523498535 719.200355529785 641.681564331055 584.621290206909 756.301406860352 643.976805686951 677.894908905029 734.281204223633 839.389724731445 585.664878845215 579.557842254639 497.993072509766 559.811431884766 577.226821899414 690.770141601562 641.107049942017 750.70751953125 630.357418060303 621.372528076172 712.788314819336 711.74112701416 644.557010173798 798.968322753906 691.885696411133 788.92121887207 733.042106628418 827.13646697998 874.979415893555 687.4052734375 794.029067993164 833.382850646973 675.371204376221 750.246955871582 691.716678619385 694.735012054443 703.389167785645 719.105986595154 783.643009185791
534.531555175781 567.540548563004 485.675193786621 490.584587097168 574.332226753235 535.49723815918 649.137378692627 608.058681488037 637.590824127197 652.518016815186 713.884872436523 611.6430798769 448.626602172852 668.685623168945 631.333263397217 651.925548553467 506.431327819824 619.961053848267 666.520473480225 591.887361526489 599.729614257812 600.78791809082 738.052219390869 694.443702697754 638.09175491333 537.802841186523 679.549091339111 624.26541519165 715.053676605225 774.652526855469 602.976043701172 656.43106842041 772.85799407959 769.143287658691 778.397270202637 686.380836963654 631.705505371094 768.839500427246 655.323131561279 799.342422485352 945.585083007812 740.901870727539 728.284348487854 626.223449707031 689.015810012817 751.301683425903 477.753143310547 669.624618530273 660.316055297852 771.110084533691
471.507247924805 480.95206451416 450.047340393066 433.448066711426 489.576393127441 736.997177124023 809.294525146484 554.09525680542 668.554019927979 536.814521789551 446.084671020508 620.216044425964 587.690145492554 564.770790100098 653.30729675293 733.771781921387 521.255546569824 706.348823547363 693.042678833008 613.35853767395 681.302940368652 701.081550598145 547.00439453125 580.382835388184 625.54311132431 737.496231079102 599.921193122864 731.001220703125 708.053688049316 686.325607299805 682.110556602478 683.111999511719 654.816904067993 759.684913635254 586.346439361572 673.740225791931 916.611785888672 721.663341522217 792.93733215332 723.252914428711 791.095893859863 849.375091552734 802.727905273438 545.156021118164 727.320734024048 815.073448181152 750.422023773193 713.636531829834 703.246246337891 733.648836135864
514.421043395996 461.449195861816 611.258228302002 418.345169067383 541.894197463989 539.46773147583 629.622020721436 624.388767242432 668.110824584961 609.877326965332 537.205718994141 785.549575805664 547.673244476318 484.315902709961 610.06448507309 776.970764160156 636.193181991577 517.994903564453 645.110570907593 686.642723083496 557.120491027832 627.755226135254 622.297256469727 464.002960205078 715.221038818359 580.276062011719 580.573055267334 674.813480377197 705.899765014648 711.143852233887 738.572441101074 644.429913043976 664.57426071167 734.409545898438 738.584777832031 667.904132843018 720.552429199219 704.941957473755 712.258628368378 680.368060827255 777.292037963867 785.797927856445 815.382919311523 628.335487365723 671.473182678223 709.647212028503 727.410709381104 700.913918018341 620.074317932129 733.10987663269
465.786041259766 505.354866027832 582.274813652039 497.653114318848 421.162521362305 468.595344543457 449.293113708496 621.018703460693 745.010101318359 673.488380432129 588.305909156799 488.019493103027 580.783940315247 475.617469787598 675.596542358398 616.178903579712 583.815667152405 475.563835144043 659.794139862061 768.821853637695 536.699508666992 614.054993271828 548.454559326172 620.71466973424 476.955139160156 608.257236003876 755.109649658203 745.148376464844 570.737945556641 606.431081771851 569.355995178223 655.870776176453 674.795589447021 611.981426239014 848.467155456543 720.654510498047 601.027099609375 658.098749160767 617.318218231201 711.747309207916 755.030616760254 940.742462158203 632.100517272949 719.222235679626 766.700164794922 683.735173225403 843.438507080078 601.099342346191 564.294281005859 677.8610496521
527.696811676025 734.752197265625 551.160346031189 578.115302085876 602.289943695068 515.795269012451 510.838813781738 510.151245117188 621.718677520752 631.773006439209 462.262382507324 576.979412078857 457.355346679688 535.86302947998 576.487320423126 644.296523094177 490.008369445801 747.555114746094 655.64363861084 721.110366821289 683.578514099121 564.690074920654 587.726135253906 678.653480529785 625.964663505554 565.700794219971 716.935180664062 698.36646270752 582.994300842285 604.091846466064 604.884971618652 725.639953613281 591.428707122803 687.201953887939 507.611312866211 678.015073776245 642.572331428528 594.240730285645 545.287673950195 616.669761657715 626.949363708496 665.570770263672 666.872886657715 573.507926940918 734.436500549316 802.357635498047 768.102500915527 620.491912841797 622.593437194824 654.796688079834
631.515296936035 657.036956787109 656.101173400879 643.559516906738 534.052028656006 584.068398475647 468.281959533691 561.356087684631 646.975135803223 609.273410797119 577.213665008545 428.066192626953 635.063220977783 657.41487121582 500.876983642578 565.229841828346 663.979145050049 583.376491546631 621.813610076904 742.226638793945 520.892852783203 657.521278381348 644.043312072754 609.965076446533 748.041458129883 589.414926528931 586.646236419678 544.547134399414 648.286021322012 650.211179018021 695.236419677734 750.928283691406 685.107685089111 762.705543518066 640.051467895508 787.944679260254 633.928596496582 589.251495361328 840.792953491211 662.766052246094 666.780605316162 731.793731689453 732.818332672119 684.21653175354 662.449460983276 690.01962852478 644.048316955566 776.481666564941 700.518716573715 635.64867401123
