export/dem/dem61.asc
NCOLS 350
NROWS 171
XLLCORNER 152620
YLLCORNER 418050
CELLSIZE 100
NODATA_VALUE -9999
[rows 22 to 43 of 171, columns 250 to 299 of 350]
745.948173522949 758.465751647949 798.509733200073 734.624542236328 868.473487854004 778.395301818848 1210.5980682373 811.316314697266 779.746002197266 657.990608215332 673.260124206543 463.461120605469 672.388641357422 539.447296142578 552.990829467773 798.278915405273 981.991363525391 894.167449951172 767.255779266357 823.851108551025 806.917221069336 715.975187301636 639.851463317871 730.656578063965 901.149765014648 664.472229003906 697.907608032227 745.091033935547 626.600921630859 804.162097930908 994.962524414062 -9999 -9999 -9999 -9999 -9999 -9999 -9999 -9999 -9999 -9999 -9999 -9999 -9999 -9999 -9999 -9999 -9999 -9999 -9999
678.017074584961 652.222030639648 616.117660522461 633.915023803711 883.718276977539 943.503410339355 1001.28249740601 974.816593170166 1131.26261901855 865.442817687988 930.327011108398 801.624229431152 825.762298583984 794.345027923584 724.847831726074 802.489860534668 944.818898439407 1003.30056762695 816.516006469727 937.280532836914 766.294269561768 830.886581420898 744.850708007812 628.94794178009 686.667797088623 560.744499206543 707.151145935059 913.512161254883 791.777030944824 834.964088439941 669.71138381958 1196.53433227539 734.721618652344 686.016532897949 -9999 -9999 -9999 -9999 -9999 -9999 -9999 -9999 -9999 -9999 -9999 -9999 -9999 -9999 -9999 -9999
627.876876831055 1104.93486022949 1043.95562744141 797.391981124878 910.812202453613 768.978720664978 866.459487915039 997.078399658203 851.372230529785 898.06983757019 834.63812828064 936.789421081543 894.154708862305 771.768569946289 854.915557861328 729.175033569336 880.28071975708 977.76106262207 1037.93618774414 912.521158218384 890.586906433105 834.078147888184 995.901031494141 752.433959960938 727.373245239258 724.36376953125 789.460292816162 849.877552986145 914.644119262695 809.884342193604 978.690048217773 1046.26620483398 797.546230316162 701.252065658569 998.327285766602 1091.51987457275 877.123067200184 -9999 -9999 -9999 -9999 -9999 -9999 -9999 -9999 -9999 -9999 -9999 -9999 -9999
774.812637329102 754.09001159668 625.0185546875 721.162714004517 658.456008911133 832.331338882446 1078.22930908203 916.651369959116 970.289825439453 902.671581268311 860.187782287598 946.255340576172 805.573318481445 1005.49620056152 896.872650146484 868.48055267334 870.705463409424 853.120165407658 869.718810081482 1032.32604980469 1211.06896972656 1020.55790710449 1004.24801635742 1065.97602844238 996.055969238281 861.934608459473 1070.57049560547 1002.96328735352 923.870311737061 954.061126708984 716.851943969727 1036.65370178223 819.665046691895 676.804379105568 865.46350479126 914.127813339233 794.126592636108 789.522736549377 656.778381347656 521.434219360352 783.039039611816 -9999 -9999 -9999 -9999 -9999 -9999 -9999 -9999 -9999
805.07320022583 832.304042816162 808.554527282715 763.635063171387 758.68798828125 1001.81923675537 778.028691530228 853.756210327148 822.566806793213 880.795074462891 762.462928771973 767.779479980469 1068.30240631104 1379.0513343811 902.70401763916 1111.05713653564 1145.48612976074 965.997940063477 1062.79306030273 1041.96263122559 1015.06413269043 1029.72421264648 1035.92267990112 1230.75384521484 995.00407409668 1059.88445281982 978.687484741211 894.098182678223 934.592355728149 885.438007354736 790.007781982422 878.446060180664 844.342685699463 620.462574005127 609.020146369934 798.656425476074 848.205780029297 776.93564248085 674.457145690918 587.424896240234 518.650848388672 511.194137573242 877.23957824707 919.732002258301 1070.31818294525 -9999 -9999 -9999 -9999 -9999
703.793807983398 900.591201782227 950.448684692383 853.506458282471 716.109405517578 723.706199645996 1168.28349113464 932.050498962402 905.955545425415 980.883811950684 716.43000793457 494.740753173828 671.913711547852 1943.04733276367 890.346740722656 1015.16096353531 832.806365966797 822.878776550293 1052.12265777588 952.859092712402 971.69100189209 981.227951049805 909.249839782715 1029.36841487885 1036.27672195435 1158.81057739258 940.265171051025 999.06001663208 1059.83473968506 913.942611694336 672.901519775391 857.799404144287 730.904441833496 537.227184295654 442.572570800781 504.834136962891 922.991832733154 721.580459594727 785.915756225586 598.017166137695 680.24308013916 630.013641357422 894.974987030029 851.61637878418 893.295124053955 834.858032226562 1003.13794326782 971.139129638672 982.741058349609 980.416618347168
638.166107177734 665.872161865234 867.217882156372 964.283935546875 789.792434692383 873.705968856812 777.465885162354 609.568054199219 709.297775268555 751.211116790771 646.399749755859 854.456112265587 740.865676879883 1796.96662902832 776.293258666992 671.1962890625 738.027694702148 796.026419639587 895.571056365967 1060.19866943359 1162.43859863281 989.31233215332 1062.0062713623 941.725563049316 1153.84693145752 938.212356567383 913.162887573242 1103.24671936035 969.756797790527 835.703224182129 1004.01887130737 889.423095703125 1072.40673542023 543.5615234375 551.716354370117 651.492897033691 850.094757080078 833.893161773682 804.265899658203 753.805999755859 826.763954162598 732.298633575439 850.995262145996 857.89567899704 1020.87367630005 1013.53576660156 1047.18884277344 917.708038330078 917.730178833008 825.420063018799
776.968891143799 758.039184570312 768.807823181152 883.621406555176 1027.73083496094 925.200126647949 870.782066345215 896.421875 801.312658309937 670.803405761719 833.097894430161 495.322937011719 1197.81423950195 535.174560546875 715.411926269531 811.026374816895 668.238845825195 902.819885253906 847.511360168457 693.64143371582 961.115982055664 977.927199363708 1026.52428436279 917.437195777893 1006.48648834229 1538.28562927246 1129.78385925293 1177.78043365479 1204.37477111816 1055.44420051575 756.858978271484 768.45703125 991.21460723877 677.212766647339 643.697891235352 951.372009277344 866.816932678223 1005.99297332764 933.449586868286 794.818759918213 644.186996459961 738.934009552002 730.511322021484 973.515197753906 729.65739440918 918.90998840332 750.569076538086 606.024589538574 651.443649291992 885.674476623535
750.928331375122 905.051063537598 896.030502319336 943.376159667969 825.927154541016 883.952758789062 807.593225479126 655.729385375977 862.678085327148 698.999992370605 735.188865661621 544.26008605957 1650.8678894043 619.105697631836 831.218070983887 854.953033447266 864.127523422241 856.279106140137 945.919570922852 885.242446899414 997.922988891602 886.820453643799 814.278827667236 833.706377029419 731.635528564453 811.302726745605 894.978050231934 874.146499633789 882.356101989746 756.618026733398 797.214248657227 1082.13310241699 961.695596694946 1096.40579223633 979.621780395508 1009.60713195801 963.912105560303 1004.53884887695 766.069396972656 938.48738861084 818.779350280762 842.666160583496 850.06685256958 881.994323730469 1006.13140869141 956.233245849609 756.591171264648 517.102912902832 800.904296875 898.632619857788
924.485542297363 688.892974853516 817.528266906738 840.152519226074 788.986708641052 740.819135665894 720.470893859863 752.533340454102 846.461116790771 711.951568603516 610.562911987305 1066.40022277832 641.93132019043 948.042755126953 910.173843383789 763.886642456055 863.417058944702 755.546142578125 747.179420471191 873.628288269043 834.345748901367 934.766242980957 846.512832641602 748.884212493896 735.404418945312 805.400724411011 785.826877593994 922.636032104492 885.88525390625 742.129425048828 816.613380432129 717.340675354004 760.968559265137 1054.82470703125 1134.87483215332 1024.6195602417 895.536163330078 708.000991821289 877.454418182373 1341.17284393311 770.777618408203 1009.29626065493 1021.76686096191 923.064197540283 1035.94874572754 816.587104797363 604.301078796387 710.11531829834 780.958511352539 957.756214141846
708.525994300842 772.363883495331 783.646179199219 740.027007102966 726.834317684174 861.423011779785 808.680603027344 797.028018951416 770.028009414673 712.875511169434 729.223068237305 1227.84283447266 705.46907043457 740.914920806885 762.353500366211 756.998316764832 929.829467773438 765.902763366699 785.728706359863 838.779670715332 869.385696411133 773.73274230957 852.376541137695 871.681304931641 942.685333251953 876.763862609863 730.131874084473 787.390339851379 817.745933532715 757.013252258301 785.973865509033 695.429344177246 703.193130493164 966.540000915527 855.116695404053 801.8600730896 898.313640594482 819.04501914978 804.166107177734 869.644870281219 692.303337097168 771.094947814941 1126.59474182129 1545.53344726562 885.144365310669 876.102691650391 1052.80159187317 1117.97611999512 1166.98886108398 1063.98503875732
723.97038269043 739.908838272095 748.286667823792 712.790714263916 723.300037384033 620.705810546875 836.543489456177 719.546539306641 851.263946533203 741.073677062988 1050.61170196533 622.863845825195 824.744213104248 679.963134765625 626.303207397461 779.406084060669 785.898929595947 797.919907569885 652.702285766602 740.359914779663 765.642433166504 868.898628234863 882.723999023438 846.740379333496 632.865783691406 846.286605834961 751.547256469727 795.829467773438 762.121549606323 784.537595272064 812.75372171402 802.792518615723 745.784496307373 772.032222747803 745.936859130859 713.168617248535 916.696807861328 835.646308898926 779.20849609375 645.049942016602 647.51155090332 851.146472930908 804.841289520264 762.861511230469 1423.43289375305 637.895004272461 911.208801269531 873.765838623047 1243.80590820312 1063.77159690857
700.86629486084 723.423641204834 696.55428314209 927.80583190918 873.614242553711 696.994255065918 762.753081321716 739.937538146973 632.898574829102 1080.31257629395 666.84228515625 801.06033706665 686.89087677002 774.734777450562 837.443752288818 972.373427391052 1165.92921447754 831.170495510101 684.857498168945 818.152202606201 790.396027326584 760.377418518066 920.201568603516 832.136236190796 880.387313842773 788.985851287842 831.154067993164 703.79216003418 721.024154663086 610.092315673828 769.077842712402 709.513107299805 719.114852905273 661.47819519043 630.541320800781 751.832145690918 789.721691131592 689.328163146973 801.372056007385 590.031326293945 599.695663452148 730.699264526367 664.297805786133 826.352294921875 901.472877502441 1408.23885917664 982.072868347168 1122.22869873047 1185.53932952881 1159.09599304199
792.004522323608 803.203212738037 745.364852905273 933.924194335938 786.190296173096 691.13013458252 830.115173339844 792.114156723022 643.148635864258 600.107330322266 705.274700164795 842.856719970703 724.066402435303 771.298943519592 775.975868225098 783.633781433105 984.100713729858 838.540184020996 742.066497802734 588.152877807617 903.529747009277 885.647674560547 853.910194396973 793.866982460022 799.131746292114 728.66918182373 780.817630767822 696.200325012207 755.156140804291 832.894823074341 738.279304504395 889.118469238281 798.644823551178 808.215522766113 937.701759338379 889.109359741211 783.368591308594 729.858924865723 696.979515075684 653.678512573242 704.827827453613 797.0504322052 798.789148330688 899.355491638184 840.622987747192 910.207891464233 913.365118026733 1422.09121990204 1023.016746521 783.305038452148
901.961334228516 787.558277130127 828.749019622803 794.721950531006 760.016405105591 831.492874145508 789.699890136719 760.723973870277 864.695693969727 700.268104553223 815.335594177246 914.716049194336 830.418731689453 907.235496520996 1372.52701568604 874.479887008667 804.674156188965 1101.82716369629 1256.07928085327 1007.52217102051 772.664630889893 819.059471130371 848.772926330566 928.253997802734 939.143692016602 969.926979064941 678.527709960938 759.440971374512 855.357395172119 827.329605340958 785.308662414551 938.135025024414 914.528961181641 785.158221244812 956.615447998047 796.595308303833 875.169200897217 833.96844291687 690.461654663086 758.13525390625 936.717826843262 822.326035499573 696.052337646484 860.519876480103 882.80192565918 760.747627258301 966.718524932861 883.537284851074 1086.9976348877 1170.40041351318
836.663215637207 718.049667358398 737.79283618927 968.535568237305 794.674156188965 845.538429260254 628.04467010498 881.441848754883 676.566871643066 685.19771194458 644.873580932617 845.444566726685 841.28037071228 1131.78517913818 1156.72969532013 783.665344238281 685.705764770508 686.763458251953 1381.88945388794 723.189208984375 703.83203125 719.51208114624 691.30965423584 769.984733581543 848.193260192871 798.057404518127 805.553541183472 861.460845947266 818.19997215271 793.790761947632 787.850416183472 874.21467590332 825.767848014832 830.653541564941 721.916213989258 809.172830939293 928.5888671875 900.597320556641 623.153396606445 822.50509262085 801.962558746338 802.205198287964 806.981395721436 771.242481231689 878.816478729248 925.168838500977 1052.32015228271 935.540710449219 1037.21154785156 981.19255065918
879.760345458984 797.523620605469 742.843288898468 802.259647369385 675.368335723877 811.223335266113 804.659860610962 729.213056564331 637.094757080078 686.007194519043 1297.62038421631 1104.83087158203 1433.41767883301 1091.03778266907 777.851097106934 787.840133666992 886.908096313477 1647.70126533508 667.026077270508 1275.05785369873 1336.64273262024 763.590545654297 749.889324188232 861.934700012207 765.484188079834 876.569473266602 868.34951210022 716.900329589844 818.771617889404 796.847345352173 792.836780548096 891.618133544922 821.281754821539 773.410839080811 776.38549041748 949.675338745117 767.852222442627 858.834575653076 730.719024658203 830.411338806152 797.62886428833 757.718044281006 648.567153930664 809.277946472168 816.326396942139 928.681900024414 859.567852020264 970.59986114502 941.892200469971 926.947353363037
838.460319519043 578.207702636719 722.336469650269 747.417444229126 727.069339752197 638.885162353516 748.761035680771 637.29190826416 533.591812133789 630.0234375 846.973831176758 909.930206298828 840.204030990601 1433.62688446045 1109.31325912476 988.144983291626 686.223243713379 861.906799316406 886.047775268555 933.40630531311 1168.40286254883 757.892315864563 724.204086303711 868.135528564453 699.166931152344 955.193862915039 779.025081634521 824.168579936028 741.21851348877 996.961051940918 866.134806752205 899.15697479248 782.314533233643 764.764919281006 838.515684127808 810.68225646019 824.354605674744 788.622604370117 755.832286834717 837.023339271545 760.441703796387 721.988357543945 692.561904907227 652.99821472168 826.714723587036 809.28438949585 856.768529295921 714.171493530273 916.609691619873 864.275687217712
613.493614196777 752.892955780029 822.354927062988 620.453315734863 592.479766845703 754.85567855835 655.931144714355 699.590370178223 734.253248691559 838.020179748535 838.322578430176 1004.03994750977 867.118834614754 910.789674758911 819.499008178711 1183.04039764404 658.83203125 1064.0478272438 826.094200134277 778.634662628174 734.855125427246 780.935114860535 899.457275390625 685.622970581055 837.315612792969 968.699584960938 885.096519470215 795.063366651535 766.328784942627 882.444755554199 925.907203674316 842.744909286499 970.326276779175 734.141410827637 727.223892211914 832.091533660889 819.75869846344 807.351837158203 853.811492919922 833.560338973999 1098.62260437012 709.404983520508 773.731666564941 817.733623504639 780.666366577148 761.690994262695 759.547687530518 960.233757019043 885.888488769531 903.986209869385
627.33602142334 685.642692565918 931.967262268066 649.402267456055 702.291442871094 850.513095855713 695.504219055176 752.743835449219 682.929828643799 756.342247009277 767.460250854492 937.748924255371 607.951431274414 809.19429397583 805.979015350342 948.886554718018 750.453674316406 804.426115989685 821.797843933105 796.677305221558 750.317316055298 767.582221031189 696.473308563232 762.037414550781 723.709339141846 814.096221923828 791.842027664185 730.494152069092 880.55500793457 784.33763885498 1255.53702545166 750.155975341797 816.41202545166 674.05647277832 821.534831047058 995.881568908691 1017.57803344727 776.793716430664 812.482357025146 648.495422363281 1100.45651245117 755.527500152588 638.767868041992 757.12491607666 805.473627090454 783.560005187988 900.656940460205 1002.05570983887 814.886476516724 838.895526885986
753.960651397705 700.522399425507 810.705177307129 830.547138214111 925.474849700928 575.220962524414 716.657791137695 711.642965316772 777.520053863525 772.031158447266 1031.21746826172 1480.31201934814 695.309226989746 839.647071838379 763.717691421509 763.288412094116 863.306915283203 827.56184387207 887.693916320801 949.20588684082 779.56484746933 853.524459838867 730.48025894165 883.823387145996 712.625968933105 812.074913024902 888.90514421463 855.102222442627 685.55868434906 852.352638244629 617.683074951172 672.71044921875 852.87671661377 1007.28366088867 809.691059112549 867.938274383545 906.690656661987 1060.70916366577 801.628200531006 1220.24279022217 816.62357711792 812.743629455566 741.851928710938 855.502427101135 837.796447515488 858.225277900696 714.364120483398 891.750186920166 931.538032531738 913.899486541748
625.677963256836 753.520797729492 729.335857868195 748.187660217285 763.023178100586 672.165794372559 612.833938598633 835.767776489258 607.664360046387 738.926597595215 784.333320617676 637.885726928711 693.928291320801 737.969511032104 789.689685821533 810.100730895996 848.655792236328 801.998779296875 838.726257324219 855.750274658203 840.349967956543 727.937866210938 811.936367034912 757.712508678436 654.258232116699 718.093158721924 1061.65860748291 830.835029959679 731.684051513672 1056.71051025391 788.821611404419 701.26854455471 912.723628997803 725.004081726074 938.919387817383 895.143690109253 803.891235351562 727.520919799805 639.877807617188 909.442657470703 774.34937286377 645.507080078125 746.854682922363 741.155799865723 823.413055419922 813.015741348267 952.308944702148 867.880764007568 901.859580993652 944.697397232056
