export/dem/dem65.asc
NCOLS 350
NROWS 171
XLLCORNER 152620
YLLCORNER 418050
CELLSIZE 100
NODATA_VALUE -9999
[rows 88 to 109 of 171, columns 250 to 299 of 350]
1018.83596038818 1096.39166259766 965.588520050049 804.240447998047 822.8648853302 870.522592544556 747.48201751709 502.753036499023 725.705013275146 726.14478302002 785.752628326416 667.18087387085 738.456108093262 1079.91374206543 772.463214874268 935.61795425415 677.392997741699 680.278518676758 719.927209854126 621.3938331604 623.328175544739 993.961936950684 598.057582855225 634.502305030823 628.385029792786 539.182304382324 793.40650177002 871.317276000977 592.624752044678 612.344268798828 786.383819580078 701.436133384705 727.779826641083 428.544494628906 554.871765136719 630.205032348633 610.835060119629 632.623245239258 625.867118835449 539.093933105469 586.126312255859 631.456535339355 504.857391357422 899.248329162598 460.404678344727 826.094101905823 661.478759765625 627.064697265625 520.920135498047 490.843017578125
930.771591186523 885.691617012024 1046.54993438721 911.531028747559 830.99945640564 810.108024597168 700.519950866699 813.386917114258 748.929565429688 705.720748901367 674.538887023926 859.960059165955 863.526512145996 721.343215942383 867.163758277893 849.95611000061 677.369073450565 605.613914489746 738.278211593628 645.572574615479 555.655944824219 654.075037002563 675.202482223511 765.580963134766 561.31517791748 674.986972808838 713.853078246117 651.671937942505 651.096351623535 626.07299041748 490.808135986328 710.595329284668 739.626607894897 558.324081420898 590.331604003906 698.816535949707 650.521759033203 643.009603500366 675.326868057251 627.033050537109 1194.0923614502 558.477638244629 557.837310791016 636.962966918945 800.373659133911 671.665298461914 673.608169555664 573.781860351562 553.829711914062 482.423522949219
833.586837768555 835.808718204498 963.542755126953 1121.38339233398 1054.6229095459 700.027122497559 869.41463470459 593.199028015137 623.581855773926 595.80224609375 776.3994140625 1041.66413497925 654.904670715332 653.372787475586 542.865829467773 700.04182434082 724.72717666626 633.451999664307 723.332193374634 716.413246154785 868.420921325684 671.255895614624 623.859563827515 802.699691772461 724.87385559082 884.802612304688 982.960220336914 808.564218997955 715.00910949707 701.292961120605 654.564468383789 860.862092494965 709.75426864624 620.482215881348 627.647972106934 616.010929107666 661.162288188934 467.334014892578 674.419872283936 437.968811035156 751.030731201172 411.83154296875 570.946746826172 551.808280944824 665.526489257812 609.969284057617 914.084671020508 490.34033203125 742.965881347656 663.332702636719
724.763301849365 859.693634033203 904.843971252441 812.479484558105 1014.02267456055 1219.16934204102 647.406799316406 665.389808654785 657.023429870605 634.330703735352 620.832885742188 640.772247314453 666.812515258789 584.773345947266 546.373077392578 679.049423217773 673.491722106934 804.610504150391 703.49829864502 773.302895545959 720.226570129395 683.377967834473 712.442123413086 881.346626281738 676.905685424805 719.716667175293 839.008094787598 731.072532653809 918.613510131836 1097.56912231445 615.703048706055 781.928184509277 757.424807965755 742.099821686745 754.011447906494 771.274833679199 561.061248779297 657.997446060181 546.747169494629 546.455184936523 989.732208251953 1059.36572265625 437.118011474609 509.995956420898 488.480453491211 647.675064086914 871.384796142578 662.0673828125 753.856323242188 1180.25425720215
704.236930847168 958.970916748047 718.059352874756 936.234340667725 906.328994750977 759.33039855957 981.876220703125 674.566471099854 783.543895721436 817.704784393311 640.839233398438 767.17073059082 783.30500793457 540.650604248047 717.644592285156 1112.94242858887 743.445873260498 744.796187400818 577.227912902832 654.582740783691 736.563396453857 754.703941345215 835.617904663086 771.374809265137 795.147495269775 678.242462158203 889.012605667114 766.977249145508 792.130294799805 925.828956604004 875.77822637558 811.233616471291 664.347518920898 753.582983016968 745.687889099121 673.211399078369 636.013069152832 559.643989562988 616.484252929688 338.572662353516 439.564254760742 1157.10250854492 423.724792480469 535.111862182617 640.267837524414 558.193771362305 602.276092529297 524.877410888672 644.163970947266 598.272399902344
1021.96662902832 774.530040740967 948.820999145508 897.596801757812 898.67797088623 847.20246887207 690.783569335938 756.283939361572 717.175979614258 1110.64085578918 879.079597473145 729.491256713867 766.419876098633 1012.00210571289 1038.13873291016 689.467842102051 661.045288085938 611.553253173828 760.982487678528 711.524070739746 734.535835266113 633.056655883789 626.331985473633 743.973392486572 607.175521850586 658.92391204834 1002.96162414551 1289.52243041992 809.69747543335 896.241092681885 755.73770904541 870.906546592712 711.335678100586 757.87646484375 763.277839660645 898.45059967041 796.301951408386 680.802852630615 564.044479370117 599.218826293945 419.884399414062 1216.44644165039 458.568695068359 672.426734924316 611.092887878418 606.386795043945 745.399879693985 520.209136962891 841.450275421143 807.068420410156
674.175094604492 874.474067687988 1032.68203735352 843.099548339844 947.917867660522 814.032903671265 718.822845458984 827.006309509277 807.352001190186 751.501136779785 950.180191040039 810.717575073242 712.414337158203 786.201614379883 690.207427978516 569.219650268555 681.004356384277 652.341094970703 859.157066345215 674.168464660645 492.338195800781 666.862533569336 541.714645385742 642.286392211914 692.688850402832 1137.01094818115 690.995025634766 1008.06234741211 630.591705322266 919.138870239258 899.060081481934 864.790357589722 707.267105102539 989.49439907074 805.892734527588 837.539039611816 778.570106506348 570.53401184082 703.285995483398 651.759815216064 617.31755065918 674.247695922852 555.000732421875 531.052001953125 644.471435546875 631.473304748535 622.697090148926 662.049758911133 651.940124511719 763.499374389648
756.584884643555 881.419136047363 907.958498001099 946.240344047546 872.384531021118 944.051795959473 1156.58213424683 1061.71810150146 770.258804321289 972.019905090332 681.797119140625 1268.3950843811 766.167617797852 615.110824584961 577.710845947266 820.550552368164 624.599960327148 725.738437652588 743.905700683594 644.078750610352 628.638488769531 699.622924804688 702.619644165039 841.668640136719 784.678924560547 1100.33299255371 951.492111206055 554.513671875 733.951591491699 655.898681640625 1506.25035095215 654.110504150391 864.632991790771 727.377593994141 790.595142364502 769.880325317383 717.746788024902 821.839981079102 704.863357543945 773.684978485107 625.206825256348 559.081344604492 1170.77709960938 511.073867797852 627.763610839844 471.682739257812 1030.56553649902 462.236968994141 555.141956329346 1015.75801086426
895.211673259735 1122.4542798996 902.948799133301 918.973167419434 875.888381958008 815.621292114258 835.470509529114 885.279411315918 1242.52469062805 862.061798095703 652.238059997559 435.367248535156 641.464477539062 449.207763671875 601.764221191406 742.016738891602 653.843017578125 723.897247314453 691.040962219238 793.601318359375 948.776153564453 1274.47312927246 1088.22372436523 541.916595458984 805.365356445312 583.075836181641 572.221420288086 462.535522460938 481.478790283203 1268.06799316406 559.076248168945 741.337295532227 636.149520874023 857.487686157227 1151.405128479 762.378555297852 770.631866455078 756.425077438354 735.785720825195 654.271987915039 651.234085083008 443.373962402344 1151.33620834351 509.509429931641 734.842819213867 546.178161621094 546.775161743164 494.199996948242 358.884460449219 883.640350341797
872.985336303711 896.593620300293 776.444667816162 819.893180847168 685.971862792969 983.253776550293 882.779342651367 938.536811828613 1223.19758605957 1308.1803894043 764.78995513916 629.209411621094 1250.2891998291 902.355880737305 647.243515014648 735.801979064941 493.767364501953 503.521697998047 678.579902648926 872.213851928711 593.190017700195 881.231025695801 604.972610473633 524.367126464844 516.650695800781 878.420623779297 763.504837036133 507.034332275391 610.342208862305 763.833282470703 611.165832519531 1378.19161987305 1342.93838500977 866.446315765381 803.180854797363 812.92936706543 830.986345767975 814.473930358887 748.382638931274 737.470348358154 761.617740631104 663.077865600586 814.034713745117 1594.33024597168 716.533111572266 828.760963439941 642.392547607422 520.810531616211 664.384796142578 620.466033935547
750.005748748779 1345.15221786499 1044.00801849365 849.304565429688 816.670873641968 958.726753234863 961.77321434021 1271.55923843384 853.15944480896 739.906860351562 714.30997467041 855.600051879883 738.465518951416 907.927284240723 476.103713989258 727.05793762207 809.293098449707 663.468612670898 700.050886154175 691.766288757324 591.700103759766 624.368469238281 743.647430419922 1282.41401672363 531.600082397461 845.675048828125 1654.15438842773 993.379364013672 1366.63314819336 564.553863525391 911.331649780273 768.943832397461 695.899917602539 968.133697509766 780.967224121094 681.056625366211 769.082777023315 816.511428833008 900.833129882812 584.845138549805 600.379547119141 589.300857543945 938.011329650879 933.333511352539 582.856513977051 675.662359237671 776.948627471924 705.677141189575 693.641662597656 1159.61796188354
789.208246231079 778.506317138672 1366.7054977417 728.271139144897 742.845085144043 1028.03678131104 1479.61968994141 1240.9921836853 866.538190841675 872.556610107422 701.22233581543 1018.10316467285 1226.09915924072 1036.43440246582 987.040473937988 800.383056640625 944.095642089844 624.811660766602 671.265914916992 729.289710998535 1060.75556945801 599.761383056641 830.612899780273 540.875396728516 1225.03134155273 857.13037109375 680.481750488281 1175.74172973633 1205.93934631348 743.913307189941 1006.22285461426 886.418426513672 878.77689743042 963.901321411133 723.036796569824 576.361541748047 627.185470581055 810.805591583252 700.129737854004 580.299411773682 518.299850463867 420.911743164062 679.058853149414 1239.01070976257 1440.71086120605 685.16134262085 650.029884338379 742.127117156982 836.899023532867 628.695556640625
1181.0630569458 572.032943725586 611.307830810547 768.546855211258 903.355438232422 1257.43104553223 896.547451019287 1123.93538856506 742.386291503906 874.039894104004 900.91389465332 823.423252105713 802.429504394531 1166.93404197693 885.700469970703 855.774482727051 696.414169311523 519.050521850586 535.466888427734 705.576156616211 1203.03591156006 1152.97970581055 733.44514465332 669.812835693359 663.145111083984 1140.3713684082 690.404876708984 635.328918457031 1417.6929473877 752.751007080078 1060.93414306641 684.121215820312 934.159675598145 899.602705478668 693.337997436523 871.231861114502 713.006797790527 824.45311331749 504.5205078125 482.654083251953 695.221809387207 522.011810302734 782.799059391022 622.970169067383 863.670320034027 622.406929016113 557.831497192383 719.672721862793 754.760551452637 691.830108642578
578.520629882812 762.692230224609 1009.10157012939 740.729995727539 825.027202606201 1003.69493103027 798.082046508789 958.942964553833 844.89412689209 1009.22470092773 688.415702819824 1181.98958969116 860.771057128906 760.445457458496 881.694152832031 625.68196105957 794.751457214355 1188.38757324219 547.088836669922 529.896270751953 1196.8236541748 580.325210571289 1186.56103515625 645.134414672852 744.288467407227 976.83772277832 1187.97445678711 1667.82009887695 826.184059143066 1222.73811340332 890.99235534668 812.457061767578 740.948913574219 595.962493896484 814.969619750977 681.515151977539 603.966491699219 698.673469543457 814.850234985352 655.130428314209 578.239280700684 437.992034912109 788.395980834961 744.922500610352 1085.02704906464 862.907608032227 755.39811706543 690.190757751465 753.849563598633 716.907981872559
876.570720672607 1178.72171020508 918.589552402496 781.355325698853 831.929317474365 700.044151306152 685.816513061523 831.108154296875 747.147750854492 1474.56284332275 638.773101806641 1332.30432891846 937.621147155762 667.125213623047 729.082344055176 971.438461303711 582.854232788086 438.605926513672 1326.7709197998 660.160903930664 801.023208618164 835.332328796387 778.901832580566 1185.86860656738 845.711181640625 822.179107666016 716.805480957031 1566.73922729492 1097.18656158447 557.201873779297 924.180313110352 1384.48991012573 953.503852844238 928.80712890625 920.392833709717 894.853813171387 746.779922485352 712.807052612305 620.000087738037 606.728561401367 525.715564727783 516.855732917786 619.089866638184 658.449596405029 739.869673728943 920.805732727051 736.624897003174 894.673545837402 936.219512939453 668.528839111328
823.783034324646 1322.06812667847 1219.51300048828 696.045913696289 1203.11303710938 918.347511291504 1054.73422431946 801.85050201416 661.307312011719 632.808395385742 867.741859436035 921.788719177246 726.067596435547 805.507186889648 755.297073364258 889.308708190918 1041.69984436035 751.451007843018 718.092895507812 764.415924072266 800.066387176514 685.768600463867 772.443420410156 1023.2123260498 719.391021728516 723.126525878906 821.862487792969 712.463180541992 824.719177246094 707.167007446289 1013.54766845703 1092.00758361816 878.898283004761 835.838302612305 762.538536071777 841.194204330444 996.92212677002 873.518013000488 689.55037689209 742.729927062988 544.085037231445 617.204496383667 663.09203338623 941.319976806641 876.688926696777 755.919013738632 741.996400073171 670.392356872559 756.838054656982 730.22875213623
1099.6457824707 712.464405059814 921.412635803223 744.323955535889 769.577365875244 952.273785352707 829.436033248901 748.717491149902 807.682384490967 942.497657775879 817.20280456543 790.713771820068 907.659759521484 1216.69725608826 932.376075744629 836.195114135742 843.538833618164 981.833019256592 810.607334136963 775.399597167969 657.058868408203 1076.39334869385 861.450839996338 628.570251464844 590.109588623047 879.432243347168 1033.50454711914 934.195729732513 1498.93490600586 1567.049949646 1260.10401916504 748.096862792969 911.557260513306 683.367736816406 1106.8292388916 993.853141784668 959.32103729248 990.822345733643 748.782428741455 784.464599609375 732.686962127686 691.383598327637 698.968479156494 663.637252807617 740.990282058716 1158.77852630615 735.982917785645 699.150035858154 833.495231628418 922.079250335693
697.98698425293 697.292671203613 663.494155883789 780.326728820801 742.339988708496 958.279708862305 576.235198974609 846.792404174805 795.553512573242 889.93180847168 994.752109527588 1093.86322021484 1431.18619155884 889.611373901367 892.306690216064 761.997665405273 875.868522644043 784.879928588867 1118.27857208252 1167.71488189697 688.280502319336 860.875999450684 1039.84259033203 1223.65225219727 996.261848449707 962.722547531128 878.568298339844 781.288417816162 821.610557556152 818.925773620605 713.93473815918 952.524240493774 918.824203491211 859.413073778152 762.354049682617 846.944833755493 818.702632904053 923.30057144165 995.12313079834 912.948600769043 835.029716491699 782.624137878418 747.97053527832 654.484094619751 569.228958129883 948.725028991699 813.249290466309 897.690483093262 964.536430358887 1040.72920227051
670.410736083984 882.164367675781 1298.37127685547 904.584426879883 895.171493530273 958.704925537109 865.616975784302 1034.89114379883 1953.21811676025 607.621780395508 1308.42221832275 637.259750366211 1071.42808532715 929.710712432861 899.168983459473 888.362808227539 766.574272155762 601.479919433594 661.169311523438 673.629974365234 822.736907958984 1025.91866207123 804.747917175293 698.679077148438 657.347518920898 757.694408416748 675.327644348145 817.997791290283 953.783821105957 1029.43646240234 927.870063781738 750.966548919678 786.156700134277 529.791931152344 808.658519744873 720.738235473633 1026.70317840576 785.007217407227 800.312731742859 888.220949172974 940.269424438477 755.99462890625 548.341827392578 642.730987548828 565.365036010742 725.234474182129 739.098831176758 881.636697769165 889.723377227783 815.556331634521
811.130889892578 830.573715209961 859.228662490845 597.674468994141 794.830871582031 1216.20243835449 1641.50225353241 887.585845947266 683.58268737793 630.514434814453 1290.34073734283 759.788917541504 693.397262573242 871.576042175293 831.346706390381 1125.94588875771 775.473892211914 849.343414306641 660.487014770508 737.374900817871 1078.39530181885 979.312484741211 528.372253417969 585.434188842773 692.203826904297 901.77579498291 734.751628875732 739.453701019287 957.001968383789 930.811386108398 1071.67950439453 751.762939453125 727.496719360352 716.088298797607 778.163590908051 642.158477783203 1051.7092590332 934.315292358398 889.512802124023 916.46753692627 889.016777038574 625.547824859619 537.515869140625 580.802237510681 454.692810058594 579.025268554688 851.410875320435 857.538887023926 864.076705932617 813.011669158936
675.605270385742 1179.34398651123 1116.60307312012 986.554382324219 1001.97100448608 1017.5184135437 963.275463104248 1286.82322692871 1345.28053283691 629.209671020508 639.631317138672 1182.3302192688 751.779914855957 1159.06460857391 993.121055603027 1125.56576538086 1118.46300888062 799.206466674805 1564.91268920898 1258.46926116943 905.363731384277 699.778457641602 744.236228942871 634.852310180664 840.959217071533 895.248278617859 938.714797973633 815.717891693115 713.434913635254 929.385308742523 896.014789581299 960.206657409668 934.92057800293 792.916616439819 849.858768463135 724.695930480957 741.480979919434 805.926418304443 719.485719680786 695.382566928864 976.753524780273 920.585273742676 812.238052368164 487.961120605469 459.148994445801 543.77805185318 813.083969116211 880.572166442871 1003.79901123047 1164.31158447266
497.354156494141 602.860549926758 640.651901245117 901.45240020752 1210.08325195312 834.161529541016 700.320358276367 1171.88709259033 1539.07424926758 643.030807495117 964.591293334961 766.415641784668 930.231113433838 740.963325500488 1029.64151382446 1148.4395968914 875.005668640137 859.562026977539 1223.44721221924 919.06623840332 1196.77390289307 810.854476928711 1026.85117721558 684.665069580078 785.190956115723 902.852714538574 992.347045898438 828.351356506348 725.907814025879 792.338516235352 823.583198547363 783.601639866829 873.322900772095 902.176738739014 744.110641479492 853.402946472168 882.894931793213 791.190431773663 966.703098773956 894.786193847656 859.438758850098 834.470754623413 734.751125335693 652.99764251709 649.757581472397 720.279983520508 676.535781860352 921.221927642822 919.281080961227 1058.03425598145
