export/dem/dem63.asc
NCOLS 350
NROWS 171
XLLCORNER 152620
YLLCORNER 418050
CELLSIZE 100
NODATA_VALUE -9999
[rows 22 to 43 of 171, columns 100 to 149 of 350]
624.348419189453 551.978075191379 484.715209960938 374.29621887207 673.435070037842 594.027431488037 705.031749725342 585.59740447998 599.895431518555 564.089492797852 843.106475830078 558.472366333008 626.453647613525 748.964294433594 605.570022583008 508.620651245117 822.522598266602 672.669021606445 546.073638916016 508.324157714844 827.810272216797 779.33659362793 544.189949035645 309.438079833984 409.326385498047 355.603530883789 494.429908752441 586.937530517578 644.345092773438 496.020561218262 524.797027587891 461.814239501953 461.95524597168 677.626209259033 653.535949707031 612.053159713745 584.645477294922 575.177013397217 618.324325084686 624.476675033569 699.351905822754 677.259037017822 576.446269989014 488.43578338623 724.901504516602 654.481185913086 751.789352416992 682.027828216553 453.813369750977 685.631916046143
642.53980255127 595.32318687439 586.119599103928 439.800979614258 543.002822875977 852.673263549805 640.379081726074 608.533096313477 829.65022277832 440.302444458008 1554.05125427246 384.625579833984 536.209655761719 1228.90599250793 474.725051879883 390.931762695312 829.441482543945 467.516860961914 540.620819091797 484.926788330078 594.310623168945 371.747848510742 1022.42256164551 871.235931396484 613.056823730469 636.647010803223 582.307683944702 701.576553344727 556.131940841675 706.774551391602 428.343795776367 487.568054199219 607.562640190125 505.013473510742 605.717790603638 700.079677581787 664.581195831299 485.983963012695 594.309370040894 660.520489692688 528.714820861816 717.213989257812 670.833320617676 685.165252685547 575.973217010498 566.253440856934 509.618827819824 551.185401916504 564.219253540039 650.880863189697
516.00659942627 599.956214904785 662.041473388672 447.439163208008 708.838607788086 985.904899597168 420.939239501953 677.297180175781 496.260452270508 518.622772216797 446.003479003906 1004.93785858154 632.017883300781 722.534286499023 728.245414733887 619.129577636719 568.219146728516 357.978149414062 530.459564208984 749.29052734375 867.957500457764 440.978958129883 492.491264343262 437.616195678711 736.15225982666 577.888820648193 643.870082855225 638.568862915039 579.668975830078 612.491466522217 552.995119094849 404.410842895508 513.535018920898 767.876388549805 735.593536376953 618.906185150146 631.057997703552 618.886903762817 570.733570098877 575.935981750488 689.1220703125 613.526091575623 721.70378112793 657.765186309814 533.340749740601 532.98673248291 556.118583679199 597.691146850586 481.286407470703 423.916305541992
522.467948913574 468.89493560791 748.269465446472 547.205261230469 549.966156005859 588.801399230957 813.928184509277 914.41047668457 679.300352096558 916.731964111328 885.664184570312 853.132987976074 931.620086669922 999.856147766113 871.647668838501 1080.34535217285 392.145935058594 393.234802246094 504.96976852417 539.880523681641 1271.97109985352 424.422073364258 634.953968048096 485.337966918945 596.647636413574 496.950553894043 557.801690578461 625.761707305908 629.733673095703 658.817729949951 567.846153259277 471.4501953125 593.085229873657 849.383670806885 809.447082519531 742.710235595703 603.908365249634 539.730804443359 793.304672241211 474.497482299805 640.560195922852 660.392246246338 713.547668457031 614.692817687988 487.219528198242 523.032203674316 593.799512863159 425.087005615234 528.597003936768 688.097999572754
636.144134521484 426.751556396484 743.710968017578 442.557464599609 533.017227172852 437.15266418457 573.845699310303 614.599258422852 1018.80696105957 586.823348999023 714.106033325195 719.74723815918 927.804266929626 605.573066711426 801.576614379883 919.03800201416 607.181625366211 541.50846862793 551.118194580078 497.219009399414 1018.87670898438 597.080039978027 599.867279052734 541.095760345459 583.611923217773 670.489681243896 551.809875488281 502.590389251709 620.132278442383 636.482395172119 589.758121490479 397.305618286133 537.346748352051 633.101432800293 628.468191146851 509.244338989258 581.326486587524 600.359964370728 663.641189575195 745.481727600098 504.31859588623 487.177185058594 491.819664001465 555.792835235596 437.450775146484 559.755367279053 461.007209777832 449.357482910156 441.336685180664 616.896167755127
618.939350128174 637.248611450195 450.780334472656 566.262557983398 1099.82035827637 1336.84529876709 610.556533813477 548.294277191162 627.720375061035 858.985927581787 661.630546569824 615.620025634766 677.181716918945 469.711273193359 508.641983032227 1010.50021362305 1141.50387573242 330.253570556641 527.548156738281 671.642349243164 505.394523620605 499.671051025391 527.09204864502 568.467666625977 887.473403930664 598.141261100769 560.070788145065 576.757095336914 582.049194335938 616.836406707764 615.157760620117 690.283477783203 534.248188972473 637.55199432373 505.654678344727 589.071468353271 611.554697036743 524.878475189209 428.034133911133 666.07693862915 524.725841522217 565.572717666626 633.355613708496 523.003416061401 460.909866333008 697.980323791504 571.051106452942 573.240073204041 495.091365814209 595.468944549561
408.749114990234 816.087745666504 563.309394836426 609.544395446777 425.568969726562 717.92293548584 452.481597900391 447.456680297852 627.996551513672 669.560989379883 703.669128417969 622.157081604004 403.674789428711 711.425201416016 698.056396484375 414.289535522461 451.366088867188 883.470031738281 1101.75579071045 506.00520324707 548.163898468018 664.178276062012 533.488649368286 532.139453887939 512.068168640137 723.33325958252 688.048187255859 576.68034362793 604.006362915039 541.075578689575 631.587921142578 573.152708053589 412.605804443359 591.688179016113 525.85152053833 537.370121002197 651.438247680664 425.903305053711 596.576473236084 503.232879638672 596.306694030762 466.167922973633 518.565017700195 545.830468297005 639.929977416992 526.512577056885 497.466415405273 653.393402099609 591.82723236084 571.725943565369
485.347541809082 465.281127929688 417.416519165039 496.288192749023 569.116008758545 461.079658508301 643.951789855957 505.942031860352 629.777709960938 504.701034545898 898.392364501953 494.899078369141 707.754035949707 882.49641418457 738.925903320312 465.818954467773 420.179183959961 417.201797485352 559.240268707275 543.883744239807 448.779220581055 531.874214172363 462.521514892578 550.581237792969 451.116920471191 505.518852233887 561.756168365479 516.395602226257 570.908626556396 671.267608642578 585.749313354492 476.786750793457 477.434238433838 509.100045204163 552.231273651123 510.181386947632 403.779144287109 472.074504852295 569.384057998657 439.976570129395 431.422828674316 551.801959991455 557.676761627197 500.771366119385 470.788703918457 594.735733032227 591.367076873779 606.123008728027 552.566819131374 537.295589447021
730.066352844238 308.429748535156 355.4091796875 675.830192565918 795.00218963623 540.875213623047 617.101802825928 587.945615768433 658.697498321533 781.728065490723 574.297912597656 496.253112792969 312.823516845703 785.618839263916 485.15251159668 987.26876449585 432.43408203125 491.838409423828 533.067193031311 611.723365783691 594.561389923096 606.235935211182 562.089908599854 696.572364807129 687.950347900391 1765.11928939819 565.884284973145 617.600227355957 559.880180358887 652.926773071289 612.959564208984 418.317314147949 495.892553329468 432.356384277344 493.356548309326 511.82780456543 407.528884887695 761.738922119141 530.288635253906 498.234104156494 466.665168762207 412.943878173828 619.361175537109 530.537282943726 607.252334594727 400.209411621094 623.238723754883 490.231189727783 570.228042602539 608.51229095459
469.678649902344 297.744125366211 496.406438827515 527.066638946533 1305.36209583282 620.875350952148 794.153259277344 504.343055725098 777.751949310303 466.495628356934 464.669296264648 853.103756904602 563.087707519531 401.467819213867 389.648406982422 632.592964172363 650.62113571167 421.716102600098 699.582290649414 680.03955078125 508.911697387695 594.598793029785 490.98645401001 624.436714172363 704.997467041016 598.577575683594 449.933769226074 673.916381835938 529.085437774658 590.852127075195 533.539804458618 669.761329650879 527.605269432068 486.956275939941 469.109527587891 416.504180908203 407.227531433105 587.84557723999 514.470191955566 573.460456848145 522.513774871826 580.183589935303 509.530408859253 687.385704040527 631.189796447754 410.192581176758 665.747634887695 648.372955322266 739.045654296875 539.835686922073
581.544506072998 501.137184143066 495.132082939148 543.274328231812 763.207809448242 814.495391845703 591.324981689453 1260.60285949707 1143.56753540039 741.149688720703 580.273141860962 607.399063110352 822.828720092773 512.039211273193 514.064933776855 502.737775802612 462.834590911865 490.644649505615 454.898155212402 708.139465332031 589.269933700562 719.695693969727 532.572900414467 480.197696685791 436.833145141602 440.879718780518 432.472709655762 470.81803894043 389.059875488281 541.003282546997 637.929733276367 557.489944458008 323.633392333984 438.667366027832 430.163513183594 411.452728271484 498.992496490479 476.159748077393 595.465263366699 510.028727054596 616.850791931152 611.765899658203 435.295959472656 562.306621551514 630.432258605957 719.438217163086 683.204025268555 622.013626098633 616.243774414062 547.098372459412
492.11136007309 354.305587768555 474.11358833313 494.213187098503 485.960603952408 581.694320678711 493.620230436325 555.573154449463 650.360137939453 649.192939758301 720.066680908203 460.464626312256 722.400405883789 821.293113708496 459.488334655762 513.045778274536 513.041768550873 486.924324035645 646.594955444336 736.546096801758 507.06156539917 610.8095703125 555.94352722168 599.456214904785 637.187866210938 488.96457195282 443.142059326172 491.356523513794 455.007839202881 394.907485961914 456.649089813232 647.12776184082 458.788509368896 337.722503662109 341.787307739258 483.680526733398 513.60445690155 466.555858612061 449.375259399414 403.406806945801 572.335807800293 500.283212661743 815.370880126953 595.535942077637 646.907424926758 651.331771850586 586.19176864624 733.026062011719 656.738380432129 499.5334815979
615.284675598145 458.696537017822 487.572237014771 515.473197937012 645.427658081055 423.525989532471 466.890604019165 458.924301147461 473.657167434692 717.385833740234 539.743651390076 387.684066772461 472.166980743408 436.600440979004 634.786758422852 475.932487487793 530.455508232117 647.029670715332 694.626663208008 633.456184387207 716.475845336914 631.451225280762 590.648651123047 596.314682006836 586.005832672119 526.090991973877 467.533857345581 564.596420288086 441.041328430176 400.061622619629 303.963012695312 370.917259216309 503.283973813057 453.002937316895 518.223361968994 456.163661956787 548.8063621521 586.362228393555 464.545761108398 578.348197937012 541.397640228271 502.8929271698 569.040340423584 647.558547973633 635.618545532227 742.599731445312 739.612487792969 503.717300415039 590.685457229614 508.440208435059
418.061573028564 422.98433303833 397.698623657227 338.390289306641 669.326156616211 672.884155273438 617.261070251465 346.150634765625 426.069046020508 467.535846710205 498.044593811035 586.201293945312 500.69052028656 320.496475219727 481.396389007568 616.511932373047 487.635968208313 676.435836791992 521.77779006958 547.189735412598 619.479446411133 407.476371765137 647.29899597168 608.746658325195 646.878509521484 564.207191467285 493.997032165527 334.420463562012 375.262878417969 529.952899932861 356.593322753906 388.284057617188 405.255577087402 496.524211883545 466.12833404541 389.90901184082 455.435731887817 643.954483032227 581.867530822754 523.653524398804 510.373061418533 513.222763061523 644.164192199707 599.107215881348 572.954006195068 690.70085144043 488.453548431396 681.427398681641 670.044006347656 553.140096187592
588.865272521973 635.536163330078 518.792762756348 574.915885925293 549.738636016846 541.792163848877 449.4085521698 589.742698669434 467.866340637207 434.088031768799 494.159907341003 332.246826171875 442.609649658203 453.978902816772 387.410011291504 507.959184646606 432.083675384521 553.687118530273 643.880554199219 579.517791748047 450.550064027309 503.359752655029 595.724296569824 528.84564781189 420.398902893066 532.437259674072 567.892524719238 428.402173995972 392.906898498535 294.606185913086 378.573997497559 381.223915100098 558.690910339355 344.649826049805 388.012832641602 444.703800201416 415.687683105469 477.123254776001 528.559970855713 426.599899291992 556.40022277832 514.457010984421 460.491313934326 564.963096618652 656.819442749023 620.128105163574 578.502025604248 552.750028610229 473.211898803711 548.287438392639
491.799396514893 595.192535400391 749.003845214844 400.816513061523 593.020950317383 647.936279296875 492.626750946045 491.994455337524 471.792310714722 457.702739715576 518.914367675781 346.263671875 353.485580444336 606.015098571777 495.913656234741 349.338195800781 326.920333862305 421.547359466553 503.774215698242 491.669851303101 521.359069824219 510.010932922363 251.161010742188 532.545906066895 433.008806228638 566.401000976562 434.523559570312 405.048122406006 480.241703987122 398.915397644043 462.121754646301 427.316474914551 474.459189653397 516.47106552124 493.982000350952 452.598815917969 364.18782043457 530.535751342773 349.768829345703 511.679636001587 420.698333740234 433.063636779785 509.321553230286 475.944847106934 534.669395446777 380.821792602539 539.596280097961 591.002799987793 561.352323532104 663.856521606445
527.49681854248 466.023404121399 468.453499794006 510.664031982422 561.251594543457 624.102813720703 654.876708984375 591.582061767578 481.406111955643 301.854309082031 358.514724731445 339.209884643555 329.405014038086 329.482559204102 314.894180297852 418.4674949646 537.178466796875 327.286949157715 449.031478881836 601.885131835938 473.6471824646 525.575519561768 384.856475830078 463.581117630005 606.142318725586 543.690670013428 444.661221027374 553.1904296875 652.191207885742 433.985885620117 468.909965515137 527.356838226318 628.517562866211 628.293731689453 381.434478759766 564.425521850586 505.04773235321 472.690891265869 501.807598114014 563.800498962402 484.481451392174 404.704872131348 519.068139076233 475.098182678223 605.109367370605 423.988792419434 534.014906167984 565.196197509766 625.163879394531 619.266487121582
468.665307998657 515.926887512207 507.17387008667 499.317928314209 607.956344604492 469.548122406006 564.850395202637 518.062080383301 369.623832702637 356.113670349121 338.375549316406 317.756927490234 516.218727111816 452.834622383118 355.669578552246 458.943897176534 508.118186950684 393.565284729004 617.862777709961 542.503402709961 541.184379577637 445.025051116943 506.894408226013 417.782447814941 480.666208267212 440.290163040161 530.761901855469 460.155975341797 577.137886047363 400.203918457031 505.67068862915 638.00944519043 431.259490966797 554.361587524414 547.997680664062 422.295379638672 580.23363494873 526.43433380127 516.848991394043 569.69075012207 287.001602172852 559.352138519287 281.22038269043 438.347282409668 502.701778411865 423.574737548828 471.855480194092 652.362884521484 561.722487449646 808.574768066406
471.949855804443 599.380111694336 395.752254486084 503.435794830322 429.738479614258 559.780731201172 565.460525512695 448.560274362564 433.09196472168 440.004283905029 482.287678718567 510.409067153931 350.715751647949 435.349769592285 360.913925170898 418.950717926025 516.029640197754 557.881904602051 464.627616882324 576.637161254883 607.100341796875 620.895370483398 459.292921066284 556.190460205078 439.045112609863 472.914687156677 448.882034301758 491.811626434326 463.27346944809 651.602722167969 642.774627685547 374.977638244629 468.188987493515 594.097274780273 513.332580566406 526.491031646729 453.889743804932 513.65385723114 457.101505279541 444.674160003662 499.688391208649 431.653656005859 348.893096923828 478.733127593994 502.464881896973 591.00269317627 514.232640266418 552.81945514679 629.499183654785 420.436225891113
379.038166046143 491.102127075195 410.356704711914 286.131042480469 476.092500686646 587.634078979492 513.579502105713 384.893569946289 370.530975341797 477.331293106079 531.16512298584 657.164108276367 451.227615356445 448.487379074097 513.822143554688 521.089477539062 516.443029403687 562.677299499512 507.068378448486 368.923828125 430.486526489258 582.187347412109 523.892356872559 447.322162628174 363.834899902344 550.17211151123 458.727391719818 641.010284423828 474.979853868484 572.103225708008 529.943412780762 532.583614349365 628.877380371094 479.445833206177 474.643548965454 346.876235961914 612.977416992188 496.833334922791 369.102012634277 529.814857959747 426.848098754883 419.690879821777 383.001205444336 366.215667724609 479.379596710205 442.275169372559 447.521591186523 366.043640136719 605.736465454102 552.421785831451
459.689119338989 450.583781242371 585.336135864258 582.203628540039 423.980249404907 360.598403930664 456.125571966171 511.874622344971 467.128457069397 495.338161468506 717.712829589844 512.465888977051 585.042419433594 411.331809997559 591.257987976074 498.398874282837 613.994552612305 461.30114364624 471.689140558243 472.052353382111 539.292175292969 589.186683654785 550.258934020996 405.62077331543 486.192606925964 420.820903778076 496.875476837158 510.488012313843 614.7041015625 383.040863037109 396.997505187988 388.859878540039 389.894180297852 454.000776290894 500.148607254028 402.535659790039 344.857666015625 420.383666992188 401.764526367188 466.963226318359 532.416059494019 458.090591430664 217.594940185547 600.352912902832 541.322332382202 450.135334014893 414.131858825684 509.196943283081 430.300727844238 499.727149963379
410.709564208984 327.607223510742 366.564407348633 496.344680786133 405.454978942871 426.297327041626 487.953666687012 597.587173461914 434.421065330505 442.434401035309 549.619735717773 478.335132598877 498.779190063477 431.946226119995 390.627429962158 529.776935577393 602.783027648926 432.34587097168 478.731861114502 511.608936309814 304.541732788086 600.013793945312 502.439197540283 489.444612503052 588.833694458008 612.125175476074 562.503631591797 469.483720779419 532.362331390381 459.21240234375 377.171676635742 411.484222412109 477.882427215576 407.266090393066 463.986993789673 486.092967510223 590.21174621582 446.994518280029 455.549392700195 451.274719238281 399.897033691406 476.662431716919 458.73477935791 291.697036743164 469.091384887695 446.808723449707 375.201217651367 346.164413452148 531.16005897522 417.72876739502
