export/dem/dem78.asc
NCOLS 350
NROWS 171
XLLCORNER 152620
YLLCORNER 418050
CELLSIZE 100
NODATA_VALUE -9999
[rows 66 to 87 of 171, columns 200 to 249 of 350]
666.705810546875 607.520961761475 627.073554992676 730.159660339355 544.529258728027 612.734649658203 712.128051757812 679.370128631592 571.138542175293 691.819728851318 712.333976745605 618.208740234375 680.713161468506 728.307014465332 600.207525730133 611.701732635498 659.905263900757 664.032760620117 791.056457519531 665.615936279297 608.691314697266 631.063842773438 705.21321105957 694.271614074707 564.965927124023 674.836516857147 603.063587188721 591.869367599487 646.716203689575 481.278861999512 667.850868225098 749.330871582031 845.394287109375 529.682846069336 608.514429092407 617.585374832153 745.379859924316 677.31404876709 658.416938781738 700.601020812988 763.143577575684 693.897941589355 747.061561584473 613.395692586899 479.76993560791 579.40438079834 577.076915740967 647.074794769287 707.357536315918 624.679208755493
684.260089874268 707.210773468018 364.719970703125 615.022623062134 542.779747009277 597.89575958252 712.554473876953 696.749408721924 641.197695732117 729.264099121094 549.838745117188 734.987121582031 650.916586875916 679.155220031738 519.223018884659 541.752601623535 504.509552001953 682.965911865234 755.999984741211 827.029300928116 708.750419616699 701.965232849121 515.517013549805 581.492935180664 713.145965576172 599.746639251709 627.691890716553 613.631790161133 320.213745117188 727.59464263916 493.214324951172 568.063583374023 695.184440612793 528.988571166992 609.925010681152 553.265014648438 643.488376617432 552.12606048584 589.063610076904 732.09252166748 761.471878051758 554.425189971924 587.710931777954 544.836158752441 711.383743286133 556.392616271973 710.522457122803 552.476127624512 680.717044830322 584.788116455078
679.521194458008 678.937044143677 670.334398269653 743.996971130371 698.525299072266 565.561111450195 479.091758728027 686.047344207764 651.411572933197 655.479116439819 775.170837402344 800.065292358398 579.802406311035 728.064521789551 693.614486694336 595.400584697723 633.595817565918 546.741516113281 575.011337280273 621.256990432739 580.391223907471 659.815689086914 611.0774974823 673.447967529297 475.505218505859 425.171569824219 545.285987854004 672.598344326019 442.785003662109 570.558006286621 810.429000854492 821.431716918945 669.941425323486 560.693023681641 615.943920135498 587.262214660645 794.208618164062 644.543464660645 587.289730072021 601.66072845459 663.26993560791 674.662990570068 707.190284729004 641.664869308472 629.687068939209 595.711582183838 523.703987121582 793.391983032227 539.719650268555 584.829196929932
574.159049987793 574.105125427246 622.15193939209 550.884994506836 567.680877685547 646.521991729736 582.929981231689 676.213939666748 847.498962402344 774.870223999023 693.869817733765 734.089073181152 708.99129486084 686.593172073364 752.164875030518 626.618000268936 679.10461807251 535.092147827148 599.283634185791 501.289031982422 612.896923065186 742.249366760254 689.23624420166 539.872926712036 622.597515106201 652.669326782227 681.375602722168 516.113647460938 656.29719543457 653.805206298828 540.724212646484 603.599937438965 509.264640808105 681.023338317871 787.395980834961 551.037254333496 555.791496276855 598.349010467529 643.569701194763 501.141815185547 661.951885223389 569.70482635498 639.183289527893 666.210012435913 709.796813964844 612.427791595459 661.973495483398 621.653285503387 574.776561737061 557.060317993164
407.039001464844 645.103193283081 551.464660644531 600.320316314697 634.187243461609 671.705574035645 573.813552856445 672.885702133179 803.974914550781 613.590759277344 752.464424133301 664.868524551392 649.117729187012 577.902324676514 748.188377380371 643.954743385315 581.359748840332 656.331077575684 561.11841583252 673.073213100433 698.632948875427 814.619346618652 602.420482635498 741.448661804199 552.128860473633 497.210174560547 559.184349060059 537.44214630127 668.078641891479 527.697402954102 590.582124710083 460.452575683594 590.766593933105 608.968086242676 625.075569152832 597.512229919434 576.46174621582 732.257583618164 593.207851409912 547.100311279297 666.669258117676 610.853151321411 527.528953552246 690.693550109863 730.746612548828 629.837522506714 742.163185119629 650.604715824127 582.9921875 788.130310058594
613.67848110199 413.630966186523 620.813903808594 776.118041992188 626.754381656647 675.319026947021 608.916324615479 571.093002319336 790.593124389648 819.45654296875 564.499345779419 840.12922668457 720.86376953125 636.027985572815 658.127433776855 598.207813024521 689.30687713623 612.884300231934 525.369812011719 791.846809387207 895.74055480957 803.410484313965 684.419006347656 630.273236274719 478.286087036133 549.118835449219 594.096632957458 506.338676452637 616.140794277191 421.34651184082 562.201530456543 748.424858093262 662.911609649658 699.807744026184 511.591949462891 543.325141906738 582.72029876709 603.943752288818 721.251953125 717.316207885742 640.049842834473 738.95272064209 696.557968139648 518.281044006348 567.812679290771 552.601634979248 662.029029846191 643.81713104248 582.385620117188 528.812294006348
511.094947814941 451.421005249023 540.998870849609 681.457685470581 531.794998168945 588.938777923584 597.207025527954 782.71061706543 557.539329528809 749.86693572998 597.121026515961 631.979551315308 727.23722076416 564.753646850586 550.242630004883 598.251596450806 607.598773956299 699.639675140381 605.963592529297 717.697784423828 801.139804124832 877.796295166016 667.603593826294 677.592872619629 744.690391540527 730.098747253418 578.148285865784 627.00016784668 628.928273677826 723.596076965332 679.042415618896 718.548030853271 670.907402038574 572.604095458984 700.602546691895 744.570541381836 563.281169891357 675.659130096436 559.877906799316 678.456283569336 565.320465087891 704.717781066895 528.507774353027 733.921905517578 640.603078842163 617.922193527222 637.944769501686 543.304405212402 518.573997497559 576.102703094482
542.255630493164 601.876613616943 402.932739257812 604.573053359985 531.466621398926 719.965805053711 563.87393951416 753.107391357422 773.28946685791 584.5234375 700.921562194824 749.247787475586 700.470741271973 732.79907989502 698.019638061523 637.136379241943 532.523956298828 518.416213989258 753.437536239624 834.863922119141 755.619812011719 634.342330932617 603.748081207275 721.780090332031 699.382194519043 627.889158725739 535.670928955078 683.566741943359 681.976470947266 515.904586791992 630.38397026062 538.900360107422 902.149505615234 672.998332977295 571.011223316193 590.481071472168 684.367599487305 615.76993560791 553.852897644043 720.376609802246 464.679473876953 642.026422023773 695.533512115479 719.50602722168 603.406440734863 827.544326782227 671.991912841797 585.773010253906 583.719612121582 588.928970336914
648.640918731689 623.644194483757 654.060009002686 553.906452178955 651.588975906372 595.995874404907 656.154525756836 799.966995239258 640.25989151001 676.122132301331 697.017650604248 790.110595703125 701.356327056885 661.271628379822 593.657081604004 509.836074829102 621.240083694458 731.506637573242 721.495216369629 878.100494384766 840.838324546814 976.714752197266 1075.63314008713 850.153253555298 700.771555662155 687.177879333496 531.682060241699 640.783687591553 568.799682617188 452.640380859375 630.526823997498 805.792415618896 599.903053283691 717.717681884766 675.060981750488 586.161266326904 581.941394805908 716.769187927246 782.308029174805 527.30152130127 587.517568588257 909.581832885742 644.210999131203 604.308790206909 495.524917602539 652.709060668945 612.494895935059 648.294052124023 660.10750579834 646.51118850708
646.289077758789 724.091995239258 648.504898071289 540.824424743652 540.526077270508 690.492820739746 714.203750610352 668.370571136475 516.040054321289 544.002067565918 668.708965301514 653.074119567871 739.238250732422 659.467845916748 705.396717071533 583.395206451416 617.010168075562 640.352548599243 756.353172302246 689.024639129639 643.623897075653 722.366008758545 899.574798583984 609.155006408691 750.964855194092 989.007629394531 1025.48404693604 769.904705047607 483.003219604492 693.260662078857 749.154724121094 805.533725738525 571.139844894409 585.771018981934 669.814200401306 584.033908843994 560.149383544922 616.591507911682 723.706199645996 639.956553936005 688.018157958984 856.504379272461 677.908260345459 604.07664680481 615.873912811279 626.301731109619 497.699363708496 712.838180541992 660.400035858154 500.333129882812
615.785354614258 627.527456283569 625.076682090759 697.491691589355 664.050987243652 604.553772926331 691.555557250977 609.806873321533 696.429346084595 734.508056640625 560.693534851074 577.904655456543 713.267654418945 779.226371765137 683.04297542572 904.708206176758 744.081497192383 822.721260070801 666.24959564209 794.296234130859 748.372852325439 893.013458251953 726.391553878784 700.538480758667 827.383440971375 589.28727722168 736.115577697754 837.661451339722 851.365510940552 621.127507209778 1169.05106735229 642.662191390991 537.852516174316 638.806066513062 628.00412940979 792.721038818359 622.405647277832 648.038167953491 809.698028564453 687.192436218262 655.492607116699 794.209411621094 515.832328796387 607.149778366089 692.065147399902 692.848072052002 612.884613037109 589.382846832275 691.804054260254 612.967868328094
599.728155136108 524.332588195801 497.938674926758 404.466156005859 546.168395996094 599.171113967896 695.972499847412 594.779899597168 681.027031898499 656.227764129639 674.650503873825 650.001180572668 630.028670787811 727.904243469238 716.464393615723 771.102157592773 796.803512573242 715.541015625 930.8991355896 894.475997924805 928.636489868164 735.07825088501 659.661022186279 696.397964477539 830.073837280273 732.513729095459 783.757358551025 896.824069976807 1045.53581237793 1028.88603210449 798.327392578125 729.381784617901 763.784202575684 734.850015640259 621.284942626953 548.745544433594 737.827201843262 635.224216461182 799.15153503418 717.012367248535 619.235437393188 741.166511535645 594.101440429688 733.249526977539 544.74987411499 620.631849527359 706.48624420166 646.317754745483 684.873222351074 666.935623168945
479.360511779785 731.994171142578 707.02286529541 590.952638626099 582.616525650024 735.315803527832 644.388410568237 726.268348693848 634.44743347168 777.907608032227 703.795764923096 507.796127319336 736.606010437012 677.247455596924 724.506355285645 703.607246398926 647.863109588623 600.99047088623 677.534822463989 979.543258666992 1025.37120056152 921.756538391113 638.034957885742 685.746013641357 717.23463010788 625.429832458496 649.612617492676 1000.92617034912 1187.7023692131 1362.353515625 799.519683837891 690.548476219177 702.960014343262 682.185554504395 742.87678527832 689.50053024292 712.393383026123 691.131193161011 657.689465999603 562.339683532715 776.73083114624 638.942834854126 626.789808273315 583.009635925293 731.055854797363 646.811115264893 689.103939056396 583.305295944214 727.558837890625 699.595813751221
578.220947265625 772.978332519531 611.233456611633 423.417373657227 636.17951965332 522.523902893066 524.957916259766 634.209832906723 688.857353210449 701.335074067116 656.809767723083 817.24235534668 553.929801940918 738.518249511719 733.104011535645 734.964042663574 641.006755590439 728.815505981445 598.532020568848 903.515014648438 678.084978103638 743.294250488281 585.608306884766 830.030256032944 637.717666625977 770.236680984497 762.71012878418 982.118103027344 1240.70550537109 1059.70798301697 1014.28749084473 1001.7190246582 932.7060546875 849.705146789551 726.697727203369 839.250106811523 850.497085571289 761.297889709473 658.215070843697 624.069705963135 635.537052154541 605.525939941406 537.597351074219 592.184219360352 664.697185516357 683.528537750244 678.264625549316 642.229858398438 610.591886520386 657.182723999023
799.387405395508 649.221981048584 790.030731201172 570.345142364502 656.835384368896 576.661670684814 499.251403808594 726.684471130371 779.646560668945 579.497146606445 687.416193962097 646.50820350647 516.180015563965 550.039535522461 764.565956115723 792.67115020752 861.360214233398 734.98267364502 765.242874145508 642.998180389404 483.935668945312 693.842475891113 692.349004745483 743.129055023193 744.862510681152 653.722747802734 820.969440460205 725.516033172607 894.107948303223 876.077850341797 773.125137329102 1238.98327493668 1164.16983032227 1126.98414611816 1292.88172912598 916.288604736328 685.914447784424 792.368583679199 787.774200439453 704.840801239014 633.337821960449 596.144866943359 735.49080657959 710.634262084961 852.5673828125 649.834217071533 653.185474395752 492.412994384766 566.0380859375 615.328321456909
660.759449005127 633.488966941833 635.75061416626 542.588157653809 591.082498550415 475.95686340332 501.620994567871 536.641639709473 774.874755859375 675.850698471069 764.076416015625 576.534339904785 664.260963439941 547.450706481934 655.526327133179 694.903346538544 587.674491882324 752.939338684082 718.995758056641 614.571712493896 611.707921028137 495.50048828125 581.036991119385 644.569969177246 772.541625976562 812.023300170898 865.454940795898 868.568466186523 1004.13883209229 867.061553955078 714.677658081055 1079.63749694824 1014.8356628418 1271.89834594727 895.781585693359 1134.81196594238 709.237117767334 680.730051994324 539.423690795898 658.789583206177 624.761890411377 634.270721435547 622.321232318878 726.163795471191 743.367317199707 685.617988586426 752.096603393555 672.453062295914 720.516761779785 664.60252571106
676.154344558716 741.590660095215 552.677101135254 571.158470153809 612.407802581787 587.123750686646 659.837959289551 802.911315917969 622.780856132507 696.630947113037 664.980072021484 656.299571990967 543.381492614746 672.741520881653 646.323892116547 612.057243347168 597.311237335205 495.873168945312 584.788600921631 717.04175567627 713.904891967773 704.997680664062 543.373046875 605.106071472168 677.27074432373 785.647232055664 856.747528076172 850.470520019531 846.683929443359 767.683715820312 739.249061584473 870.048004150391 778.675519943237 1373.23152923584 1036.29610061646 1274.93869590759 624.010726928711 709.790866851807 582.07511138916 669.21800994873 733.451042175293 633.584807395935 765.157619476318 641.943590164185 526.643775939941 685.442672729492 668.779144287109 566.582962036133 543.389209747314 543.944351196289
632.062950134277 503.975036621094 710.423740386963 659.751394271851 546.849517822266 640.957626342773 598.27342414856 506.487991333008 720.878639221191 608.010734558105 622.226623535156 655.879695892334 530.296829223633 531.407089233398 537.886581420898 533.748199462891 570.729362487793 751.203460693359 686.074203491211 646.540832996368 641.141129493713 537.265068054199 618.263368606567 662.370229721069 807.138565063477 807.329124450684 756.837142944336 724.939109802246 865.31396484375 759.336263418198 651.258670330048 791.609336853027 975.176429748535 1412.6383972168 953.550876617432 1061.8490562439 1009.36368322372 932.857795715332 617.296920776367 565.543357849121 678.737892150879 658.172092437744 773.811466217041 653.112930297852 686.340145111084 638.896386623383 578.312217712402 576.63289642334 640.941365838051 423.699508666992
741.009464263916 562.54133605957 560.579803466797 544.359634399414 601.671340942383 443.230453491211 568.282703399658 391.790237426758 635.716909408569 724.965255737305 611.655181884766 710.915771484375 521.43724822998 627.043167114258 539.635215759277 686.198135375977 696.51171875 676.429653167725 578.326675415039 735.24104309082 602.488471984863 643.606245756149 585.60470199585 754.768821716309 785.40998840332 831.761215209961 897.831115722656 667.555629730225 636.140335083008 704.407073020935 657.391870498657 780.061834335327 925.384766578674 925.617897033691 946.742263793945 884.107116699219 792.271560668945 763.627876281738 761.417446136475 562.529312133789 770.02694272995 749.456122398376 770.932712554932 802.041353225708 980.592544555664 955.272071838379 1151.96182632446 759.857406616211 523.489242553711 655.538383483887
648.334953308105 644.611164093018 624.121067047119 720.249862670898 685.310485839844 493.406112670898 526.549476623535 590.57611656189 626.131332397461 600.484909057617 582.931114196777 604.331848144531 510.631988525391 585.548377990723 731.053901672363 598.250390052795 656.362342834473 761.747055053711 658.331079483032 660.069081306458 568.894844055176 598.084156036377 616.648380279541 709.183647155762 717.439125061035 545.489273071289 660.981506347656 711.89847946167 760.642868041992 727.949222564697 788.759101867676 661.100681304932 679.807022094727 653.779418945312 751.233253479004 837.908386230469 611.938453674316 756.439224243164 603.228973388672 664.220001220703 607.767936706543 422.880950927734 641.420699119568 737.662727355957 834.579425811768 790.554950714111 865.615604400635 1092.48471069336 1052.12372934818 627.156593322754
649.577335357666 748.928718566895 714.07523727417 751.587265014648 619.562147140503 683.020496368408 556.672527313232 548.198928833008 547.218238830566 751.033050537109 705.49861907959 826.676025390625 670.180448532104 821.210174560547 625.615386962891 763.517387390137 808.892059326172 912.364715576172 659.424409866333 726.282104492188 574.650741577148 637.362559318542 614.19627571106 810.307312011719 646.708163738251 722.289936065674 756.490295410156 693.297672271729 781.248672485352 613.692642211914 602.942058563232 643.701416492462 698.778610467911 662.08335018158 711.514101028442 771.05786895752 606.896553039551 668.117637634277 686.859384536743 619.23014831543 771.71395111084 769.890995025635 754.561744689941 806.576248168945 918.823257446289 900.451613426208 876.073405981064 1019.93404769897 986.158271789551 722.239902496338
731.811092376709 613.896446228027 652.409568786621 711.416316986084 730.733627319336 640.524124145508 642.826086044312 520.98282623291 633.811206817627 579.017822265625 686.370384216309 713.532768249512 721.087230682373 677.490295231342 681.491933822632 756.452590942383 795.464889526367 592.072898864746 705.47993850708 545.499248504639 609.064910888672 668.569845199585 680.708127975464 507.127944946289 618.677243232727 621.48197555542 736.436058044434 626.117698669434 1145.9328994751 719.670574188232 720.936340332031 667.886215209961 403.827178955078 605.790328979492 706.396865844727 710.617784500122 650.456974029541 558.701713562012 748.940685272217 747.691089630127 698.126718044281 783.58239364624 720.170734405518 890.593887329102 863.643760681152 892.034255981445 854.128425598145 1042.77768325806 979.642763733864 1124.41044616699
