export/dem/dem77.asc
NCOLS 350
NROWS 171
XLLCORNER 152620
YLLCORNER 418050
CELLSIZE 100
NODATA_VALUE -9999
[rows 44 to 65 of 171, columns 150 to 199 of 350]
544.70133972168 585.414348602295 481.89582824707 499.197559356689 566.665061950684 443.841896057129 523.111311912537 432.166206359863 586.170152664185 587.246765136719 493.934829711914 578.720238685608 488.367370605469 681.070861816406 675.305282592773 612.542171478271 491.243511199951 529.517417907715 430.539276123047 463.790546417236 588.81477355957 476.47777557373 447.909370422363 419.81266784668 368.347442626953 446.427688598633 624.764747619629 569.838074684143 502.804405212402 460.978874206543 633.631729125977 617.152881622314 679.737110614777 757.606777191162 761.372585296631 805.429977416992 658.079643249512 854.008575439453 657.699577331543 677.064140319824 508.221786499023 584.235957145691 492.491638183594 687.240249633789 765.905139923096 497.514518737793 517.858467102051 611.403144836426 1145.07866668701 1219.24359369278
364.555793762207 488.088800430298 752.505584716797 636.748107910156 465.216075897217 489.537212371826 626.266525268555 514.37845993042 592.337604522705 592.369365692139 584.347805976868 508.636840820312 739.479431152344 590.150596618652 642.432640075684 613.955047607422 551.8507604599 433.842338562012 560.219175338745 502.505851745605 605.214553833008 548.173988342285 528.458939552307 350.366455078125 491.039768218994 422.11474609375 615.857425689697 440.020584106445 437.371994018555 464.60986328125 428.004791259766 457.400894165039 612.524574279785 721.083257675171 779.996795654297 597.737819671631 630.988188713789 574.364086151123 602.379417419434 537.748363494873 520.522262573242 512.285816192627 568.24869799614 531.480079650879 582.343618392944 420.341400146484 450.366302490234 503.603897094727 673.700138092041 781.112171173096
403.865135192871 641.010147094727 683.013534545898 558.17985534668 323.443878173828 601.295913696289 459.542045593262 606.470310211182 601.732540130615 460.462455749512 600.491291046143 783.390472412109 700.307632446289 494.501918792725 602.714246749878 551.666902542114 693.595840454102 710.886032104492 441.977912902832 582.945507049561 636.054504394531 576.952091217041 475.284721374512 511.445329666138 516.297742843628 519.8100233078 500.015151977539 369.064529418945 559.416430473328 398.809600830078 392.718353271484 456.999824523926 483.41561126709 675.3332862854 629.051372528076 635.392921447754 599.664721488953 473.954376220703 547.410137176514 595.462026596069 582.139922142029 617.621692657471 550.936637878418 592.049891471863 481.740325927734 595.203525543213 436.650009155273 592.515134811401 574.946441650391 745.961715698242
515.164916038513 583.444259643555 502.12766456604 516.093616485596 541.359949588776 425.365257263184 480.968315124512 406.352828979492 599.214202880859 463.740951538086 648.749664306641 650.230842590332 427.233825683594 664.537239074707 516.020622253418 626.553756713867 669.446571350098 568.74751663208 584.017337799072 636.117713928223 631.73949432373 592.608310699463 516.758348464966 473.741722106934 555.810224533081 413.242935180664 327.09245300293 272.003540039062 434.544937133789 548.824813842773 379.961471557617 202.826202392578 562.965900421143 596.512950897217 422.239730834961 547.160195112228 577.287595748901 609.960651397705 751.677215576172 526.20401763916 456.003364562988 488.382400512695 594.057470321655 492.051124572754 514.501678466797 523.387901306152 440.934143066406 687.674743652344 475.450035095215 695.027992248535
439.361824035645 498.339696884155 456.228649139404 533.089324951172 484.872524261475 441.671035766602 610.059555053711 539.027382850647 616.008224487305 438.009887695312 610.166458129883 392.293762207031 726.102386474609 653.450260162354 803.40592956543 655.543036460876 684.912208557129 621.198909759521 539.261947154999 573.035881519318 627.359077453613 607.318729400635 594.743354797363 665.575454711914 438.025520324707 566.628221511841 386.454849243164 336.815048217773 407.729049682617 428.366203308105 465.261360168457 509.716325759888 472.069427490234 494.34846496582 473.969398498535 548.785747528076 479.722389221191 544.570515632629 333.620864868164 537.386116027832 471.997535705566 406.329956054688 576.756830349565 668.639259338379 597.355918884277 588.941607475281 692.031726837158 529.750778198242 541.650390625 738.446441650391
516.997882843018 437.439960479736 488.323883056641 573.827083587646 562.634960174561 672.205749511719 570.843402862549 390.43669128418 387.723617553711 509.123062133789 497.669860839844 594.865127563477 722.973602294922 552.024690628052 648.557132720947 670.667411804199 669.170576095581 793.214538574219 686.622718811035 611.780142426491 594.549198150635 550.050308227539 513.9970703125 580.452423095703 521.464832305908 517.145584106445 595.932064056396 394.925277709961 474.084197998047 394.041275024414 554.734401702881 356.674789428711 393.043548583984 475.380493164062 523.417392730713 418.258712768555 568.557796478271 550.443570613861 657.51749420166 511.608917236328 553.451935529709 465.660621643066 438.647567749023 535.539245605469 509.545051574707 608.401321411133 695.084075927734 552.033996582031 506.192001342773 528.849842071533
568.093761444092 539.103019714355 490.038299560547 665.407455444336 491.553234100342 559.549945831299 729.547409057617 650.308326721191 607.413890838623 480.776969909668 679.211921691895 591.495790481567 638.060569763184 766.037200927734 550.19059753418 513.33967590332 660.042068481445 593.3534283638 645.181060791016 657.964981079102 577.487449645996 607.499917030334 631.086380004883 581.34553527832 737.909027099609 567.939514636993 524.973606109619 305.747787475586 520.328556060791 538.358654022217 406.08039855957 382.096725463867 387.533309936523 581.772974014282 456.595901489258 487.666809082031 629.833183288574 574.327255249023 553.268127441406 420.071365356445 626.285446166992 471.365341186523 601.681030273438 430.298500061035 426.625381469727 502.374368667603 637.715263366699 512.818553924561 668.128142356873 581.796541213989
591.233924865723 479.200187683105 615.040740966797 644.005325317383 520.051254272461 469.01245880127 546.517987042665 554.83463716507 444.109245300293 481.349998474121 667.61198425293 599.554723739624 566.915396213531 540.187431335449 719.04288482666 799.893539428711 593.212368011475 599.882144927979 634.571146249771 691.352736234665 448.685791015625 676.240333557129 609.067844390869 603.815223693848 596.195556640625 712.784332275391 739.589614868164 387.543548583984 480.28133392334 532.780055999756 479.047500610352 528.729619026184 423.299499511719 326.101623535156 569.82897567749 597.943542480469 315.64128112793 493.545104980469 461.138847351074 634.002105712891 670.139427185059 645.837429046631 517.851558685303 434.521514892578 365.269546508789 478.184074401855 496.373481750488 680.940395355225 669.323616027832 644.387378692627
702.134140014648 455.758438110352 585.32600402832 492.88684463501 429.815475463867 544.480669975281 631.449378967285 539.954259872437 600.925590515137 622.559661865234 655.285888671875 619.390167236328 749.355865478516 703.312194824219 519.884212493896 632.342940330505 629.946388840675 661.327369689941 556.491928100586 680.448091506958 590.180572509766 581.543506622314 600.25786781311 690.545303344727 490.877414703369 567.523338317871 586.682510375977 515.653015136719 518.855651855469 574.642226219177 574.017627716064 440.490859985352 686.936218261719 485.085548400879 576.63366317749 563.65613168478 541.507493972778 483.229904174805 545.102169036865 621.723922729492 406.359085083008 535.528419494629 439.100563049316 596.450820922852 580.736528396606 589.264399528503 624.972343444824 715.915435791016 637.554551362991 516.414863586426
526.323385715485 434.570655822754 490.538986206055 534.830085754395 514.857391357422 499.846950531006 661.249519348145 566.458877563477 590.669979095459 585.485729217529 616.869400024414 617.425651550293 630.677925109863 551.790639877319 590.640947341919 611.202491760254 611.479562759399 655.094680786133 525.673721313477 657.91227722168 578.773445129395 544.719829559326 729.683776855469 470.608909606934 594.93000793457 582.599617004395 517.586883544922 531.052734375 453.83154296875 550.587919235229 624.854835510254 617.777030944824 486.749572753906 591.208082199097 551.490083694458 640.483375549316 559.95860004425 461.80061340332 455.503578186035 441.209014892578 566.887271881104 580.35538983345 465.436279296875 578.112537384033 581.140181541443 571.475095748901 526.690235137939 611.46789932251 722.729782104492 609.41722869873
560.032571792603 482.63037109375 416.699081420898 622.985343933105 518.305335998535 698.405319213867 679.015129089355 518.640827178955 578.045516967773 435.332046508789 431.140319824219 570.673914432526 524.289474487305 643.141613006592 663.256317138672 668.347564697266 548.099231719971 594.206837654114 702.703544616699 659.726928710938 734.656784057617 700.118133544922 622.067707061768 535.653232574463 568.905250549316 484.062454223633 563.423515319824 642.380441665649 428.681640625 464.730010986328 391.142562866211 517.230682373047 592.213119506836 540.801809310913 658.686805725098 597.289291381836 688.31982421875 631.750617980957 590.98233795166 479.755386352539 562.759595632553 534.273845672607 633.590995788574 617.177322387695 499.419059753418 551.202079772949 453.769866943359 548.859553098679 658.409133911133 655.746761322021
263.685821533203 388.401840209961 438.21272277832 423.329132080078 492.115982055664 575.514688491821 665.238227844238 530.738307952881 514.784358978271 576.446313858032 650.633071899414 612.0993309021 448.588310241699 640.639846801758 649.992630004883 609.467668533325 503.58325958252 634.446403503418 772.147872924805 608.534061431885 686.07844543457 586.043905258179 650.642135620117 577.271572113037 623.366008758545 551.586555480957 630.586410522461 474.330627441406 494.896591186523 622.73442363739 533.783138275146 578.46947479248 563.247650146484 601.981185913086 676.780548095703 658.088371276855 676.832633972168 531.202178955078 558.564113616943 621.959436416626 513.497718811035 584.228733062744 638.151000976562 561.251693725586 566.241832733154 696.821083068848 589.051076889038 558.721494674683 587.453777313232 655.118007659912
501.482139587402 448.703430175781 448.318710327148 538.246273040771 504.981113433838 522.421403884888 508.987194061279 553.39864730835 555.905523300171 511.39933013916 495.293983459473 515.589775085449 606.86083984375 590.737106323242 767.655868530273 525.083415985107 624.588340759277 586.958940505981 693.814094543457 762.70246887207 610.83131980896 544.864604949951 609.407894134521 589.034538269043 453.244705200195 621.118186950684 730.929107666016 663.449236392975 581.363819122314 377.139404296875 549.487369537354 622.744894981384 554.555293083191 460.196144104004 614.285205841064 548.572303771973 526.217216491699 631.827270507812 575.881191253662 544.599262237549 534.180347442627 623.050659179688 656.652072906494 638.571013450623 641.927299499512 596.640815734863 588.05295753479 685.613800048828 699.972553253174 539.097724914551
527.411251068115 575.431028366089 450.132255554199 498.450664520264 622.338325500488 526.792807579041 591.716809511185 629.934223175049 674.962890625 338.577392578125 530.016387939453 598.126598358154 667.347328186035 559.964781761169 530.784862518311 566.633537054062 728.540176391602 566.847351074219 623.096534729004 623.583814620972 604.519479751587 568.230115890503 541.633880615234 491.197685241699 594.784670352936 567.556274414062 649.70422744751 909.293045043945 621.633148193359 785.126113891602 545.846557617188 493.778717041016 699.953071594238 510.683166503906 622.411721229553 450.801055908203 550.302101135254 686.809776306152 637.380233764648 634.595310211182 644.852882385254 640.3674659729 729.24836730957 629.407369613647 672.991691589355 526.316318511963 632.46107673645 519.082916259766 570.056739807129 586.110088348389
511.205097198486 508.526924133301 680.883903503418 616.973402023315 489.931213378906 540.10555267334 554.831905841827 586.221925735474 563.566635131836 579.66773223877 468.514923095703 609.279586791992 502.284217834473 568.395643234253 526.598793029785 592.524742126465 595.97181224823 643.174419403076 591.547231674194 650.46072769165 637.173511505127 547.7109375 559.156726837158 586.066226959229 452.531372070312 655.521575927734 508.052993774414 537.863540649414 621.486310958862 853.873779296875 643.769415855408 639.79781794548 658.39436340332 825.075729370117 848.898246765137 555.186622619629 611.395421028137 631.397178649902 670.159889221191 653.127349853516 690.935249328613 761.496520996094 765.043991088867 574.807167053223 611.31201171875 562.713939666748 578.038570404053 460.863403320312 725.462463378906 617.368625998497
689.342376708984 561.702949285507 535.245567321777 521.448291778564 596.513483047485 471.829833984375 594.003536224365 606.81685256958 502.053619384766 541.346439361572 477.889511108398 485.589149475098 523.403621673584 564.926681518555 507.402397155762 567.884544670582 567.881485462189 518.182159423828 618.554225921631 693.856666564941 694.444969177246 697.737045288086 609.462287902832 528.516464233398 604.21081161499 490.786880493164 516.585807800293 503.350021362305 643.187369346619 713.564575195312 816.600219726562 677.9580078125 847.818206787109 776.211112976074 658.695823669434 816.942398071289 675.135414123535 627.899543762207 439.747512817383 721.934051513672 709.171142578125 612.992136001587 647.057434082031 582.49577331543 504.964797973633 626.720745563507 420.642272949219 605.494582176208 534.620292663574 493.915222167969
600.006397247314 477.204498291016 685.910385131836 528.974287211895 496.880619049072 626.130187988281 454.765243530273 654.237144470215 479.029685974121 430.959274291992 483.209968566895 651.629577636719 495.759124755859 565.188846111298 444.684539794922 510.133811950684 555.975512206554 521.327102661133 464.748634338379 552.247467041016 757.861373901367 558.498371124268 418.230911254883 742.076736450195 648.065525054932 568.519287109375 569.810302734375 705.483436584473 538.236457824707 626.76001739502 530.506645202637 684.0498046875 704.898006439209 691.964752197266 637.511385917664 690.156253814697 672.252986907959 743.45858001709 656.470783233643 694.098049163818 867.946853637695 739.167087554932 807.404083251953 656.905151367188 614.439193725586 623.482625961304 461.761688232422 571.488086700439 648.38157081604 685.641446113586
603.768878936768 637.57999420166 561.35484790802 465.012046813965 596.234153747559 507.874412536621 482.161281585693 506.150215148926 566.139908730984 497.512981414795 733.856811523438 464.612716674805 532.73611831665 469.821968078613 593.61877822876 587.450260162354 637.345329284668 585.476987838745 593.999034881592 739.392196655273 627.694786071777 600.417453765869 678.316932678223 667.318252563477 638.359069824219 497.611549377441 572.880788803101 421.401321411133 649.909118652344 538.416965484619 622.316558837891 790.884719848633 629.839660644531 804.820816040039 768.567672729492 638.929840087891 621.018122673035 689.208087921143 652.288055419922 582.31799697876 715.406791687012 533.247627258301 673.053245544434 829.544104814529 733.546949386597 647.983569145203 601.506923675537 560.543350219727 736.193473815918 563.244827270508
612.868499755859 536.704317092896 409.264114379883 482.977447509766 591.056007385254 471.569114685059 567.071949005127 562.319295883179 635.701091766357 537.922521591187 657.212142944336 531.70251083374 542.700746536255 560.724498748779 825.977264404297 639.351234436035 567.03689956665 548.292036056519 547.734779596329 652.246070861816 555.368651390076 507.592208862305 696.042694091797 523.965026855469 725.627349853516 703.003303527832 574.71541595459 610.81286239624 712.393272399902 554.974647521973 566.773359298706 672.988861083984 608.972736358643 811.888305664062 640.929252624512 606.713897705078 572.565590143204 594.601344227791 497.04956817627 661.230417251587 520.307586669922 648.122584342957 604.260186195374 686.163639068604 670.523483276367 744.22607421875 604.391332626343 706.699630737305 523.638084411621 614.342334747314
474.069053649902 490.933704376221 496.442779541016 365.370666503906 471.270065307617 602.87130355835 546.643644332886 571.086098670959 611.959484100342 492.622756958008 533.783729553223 623.558795928955 553.967399597168 561.530356407166 551.455848693848 742.406890869141 605.481239318848 409.381683349609 651.845420837402 611.203449249268 569.700783729553 533.57299041748 663.069732666016 702.71802520752 588.20112991333 788.737701416016 743.999282836914 395.551147460938 596.021348953247 533.754089355469 559.254770278931 589.360275745392 630.370735168457 530.779960632324 620.635348290205 643.807933807373 614.96427154541 612.444678664207 699.480796813965 619.875333786011 659.320888519287 675.886739730835 611.165554046631 470.362518310547 525.856536865234 702.590721130371 611.638704299927 609.142734527588 586.719806671143 643.002391815186
509.786083221436 571.133957505226 479.464004516602 573.873785018921 493.288848876953 606.398708343506 556.727823734283 580.844667434692 670.878402709961 530.351348876953 545.834823608398 564.433716773987 500.823600769043 628.252624511719 773.374145507812 656.25065612793 531.44677734375 629.309860229492 530.413463592529 497.544895172119 725.096160888672 604.775997161865 581.914242960513 531.047187805176 425.00862121582 573.642846107483 440.210403442383 650.065349578857 586.016725540161 575.023950576782 574.037580966949 666.209587097168 618.740942955017 616.347926139832 585.938676834106 438.164108276367 571.437999725342 586.880851745605 666.766098022461 622.46831703186 571.808135986328 807.281234741211 694.998149871826 645.561122894287 538.47728729248 570.520259857178 504.937484741211 380.266799926758 660.251663208008 643.671634197235
619.973022460938 460.201805114746 440.898597717285 490.204971313477 505.885215759277 619.38232421875 666.050727844238 480.203727722168 477.966293334961 627.779846191406 484.333366394043 657.647315979004 558.892519712448 720.104705810547 711.907455444336 607.917022705078 540.66446685791 513.400295257568 509.473686218262 575.980380058289 543.19214630127 521.645069122314 549.641508102417 421.65266418457 276.390594482422 552.297294616699 499.363075256348 548.705875396729 592.121912956238 561.394358634949 670.949188232422 710.078430175781 538.463813781738 623.594352722168 702.253143310547 536.477920532227 580.628520965576 469.095886230469 503.28197479248 560.350044250488 721.617919921875 723.333213806152 596.976189613342 541.176223754883 684.186592102051 594.452875137329 725.516372680664 522.289817810059 575.388744354248 540.008758544922
