export/dem/dem76.asc
NCOLS 350
NROWS 171
XLLCORNER 152620
YLLCORNER 418050
CELLSIZE 100
NODATA_VALUE -9999
[rows 88 to 109 of 171, columns 50 to 99 of 350]
397.716320991516 390.780869483948 558.029510498047 410.145637512207 516.217742919922 264.439224243164 485.125282287598 434.845367431641 372.20255279541 389.29850769043 457.442245483398 345.299837112427 386.957653045654 375.359417915344 355.838527679443 290.15234375 503.146286010742 350.497896194458 414.350412368774 363.443493843079 463.95825958252 434.238021850586 390.518288612366 273.61637878418 498.42554473877 341.616195678711 422.473346233368 406.693367958069 464.941623687744 402.087131500244 404.469848632812 469.937340736389 448.625377655029 375.546600341797 477.719026565552 559.054525375366 701.74462890625 679.711242675781 565.466117858887 485.332542419434 645.660238265991 -9999 -9999 -9999 -9999 -9999 -9999 -9999 -9999 -9999
557.221252441406 557.488891601562 544.243850708008 540.310676574707 483.14909362793 481.038024902344 539.313018798828 276.498718261719 384.018926620483 597.738464355469 395.878734588623 279.1077003479 347.497849464417 242.545974731445 427.181674957275 393.49951171875 501.047073364258 336.726753234863 468.830528259277 432.004837036133 401.691741943359 448.788883209229 555.59114074707 484.004943847656 411.688775539398 472.856101989746 277.175140380859 456.54256439209 483.997886657715 367.582962036133 499.738567352295 508.964847564697 342.034202575684 334.150489807129 496.103851318359 628.373241424561 562.790060043335 694.731430053711 582.031976699829 794.681137084961 -9999 -9999 -9999 -9999 -9999 -9999 -9999 -9999 -9999 -9999
946.665969848633 484.575162887573 517.945434570312 437.564809799194 473.113964080811 491.559112548828 305.188189506531 331.904975891113 361.658739089966 346.363509178162 499.23876953125 342.374855041504 236.150360107422 342.565473556519 425.839385986328 484.375099182129 354.713605880737 437.391704559326 414.368291854858 383.249386787415 586.23796081543 515.051193237305 399.781846046448 513.332672119141 513.525077819824 378.755603790283 481.564231872559 548.095085144043 468.727382659912 439.978351354599 600.303932189941 629.192596435547 550.844078063965 455.020990371704 948.58464050293 606.61185836792 471.453952789307 552.98072052002 613.988920211792 556.305374145508 -9999 -9999 -9999 -9999 -9999 -9999 -9999 -9999 -9999 -9999
587.769149780273 948.054046630859 580.239532470703 423.931058883667 489.462642669678 473.724113464355 513.099647521973 445.125895500183 360.859802246094 446.04141998291 355.027781486511 249.196075439453 445.564453125 471.89852142334 379.063566207886 354.468685150146 360.67724609375 484.486785888672 368.279499053955 393.225575447083 458.137371063232 558.906280517578 516.300552368164 556.925033569336 431.997085571289 435.80304145813 342.576782226562 432.908515930176 500.777984619141 410.095268249512 518.680019378662 470.98454284668 562.582786560059 417.718070983887 764.180519104004 669.432159423828 525.93775177002 380.975357055664 524.868530273438 -9999 -9999 -9999 -9999 -9999 -9999 -9999 -9999 -9999 -9999 -9999
330.954135894775 543.693099975586 686.264742851257 303.887222290039 532.096832275391 491.520137786865 449.894575119019 406.110008239746 462.977142333984 410.152011871338 437.258769989014 481.551071166992 430.18244934082 427.01305770874 412.548749923706 400.197724342346 387.043114185333 296.878959655762 415.226028442383 574.594329833984 525.598434448242 568.70915222168 538.973564147949 396.410891532898 333.018165588379 343.742721557617 377.934520721436 452.637203216553 494.91540145874 452.386194229126 523.811241149902 443.485012054443 653.678237915039 559.87622833252 697.127166748047 681.540885925293 543.458112716675 805.637786865234 702.823860168457 -9999 -9999 -9999 -9999 -9999 -9999 -9999 -9999 -9999 -9999 -9999
313.337093353271 400.365776062012 240.949630737305 610.097686767578 200.739231109619 682.149017333984 437.184879302979 340.059684753418 394.67991733551 409.098397254944 267.11385345459 286.031379699707 360.493911743164 476.579750061035 419.365684509277 338.055072784424 290.699531555176 312.092361450195 478.54532623291 425.608788490295 512.304496765137 554.790100097656 438.348415374756 341.373260498047 395.997184753418 437.454120635986 441.117530822754 355.873817443848 390.288177490234 456.385960578918 487.867252349854 451.448781967163 809.205581665039 806.522789001465 749.775100708008 718.156982421875 610.837333679199 682.354721069336 656.118434906006 -9999 -9999 -9999 -9999 -9999 -9999 -9999 -9999 -9999 -9999 -9999
402.865196228027 408.290542602539 472.487213134766 246.91455078125 753.408538818359 387.656089782715 548.638870239258 351.792427062988 517.44702911377 381.424831390381 170.381271362305 357.720726013184 412.134399414062 374.430403113365 522.775375366211 262.678237915039 426.721346855164 330.62971496582 299.070587158203 389.255798339844 459.564447402954 422.12815284729 541.2744140625 464.963581085205 376.09400177002 489.185173034668 516.309532165527 431.114772796631 487.445517063141 350.538452148438 334.551254272461 618.555744171143 588.414211273193 578.141103744507 694.906036376953 791.701171875 625.566192626953 771.361267089844 -9999 -9999 -9999 -9999 -9999 -9999 -9999 -9999 -9999 -9999 -9999 -9999
425.990386962891 342.521347045898 191.986450195312 388.083953857422 215.03564453125 418.709890365601 314.992599487305 421.143769264221 379.456771850586 410.470962524414 391.211280822754 376.120632171631 356.111083984375 411.942655563354 379.381629943848 353.255187988281 312.147857666016 303.951622009277 322.998359680176 290.830841064453 258.437789916992 489.336219787598 520.458724975586 455.54346370697 499.867117881775 537.492393493652 526.893245697021 477.473608016968 345.464447021484 546.184608459473 534.188980102539 509.334888458252 517.375848770142 601.62654876709 581.424018859863 625.908935546875 738.515594482422 737.215667724609 -9999 -9999 -9999 -9999 -9999 -9999 -9999 -9999 -9999 -9999 -9999 -9999
213.256309509277 313.53736114502 234.189964294434 222.977966308594 465.340812683105 466.568298339844 578.515983581543 387.715511322021 429.195107713342 422.522926330566 306.956832885742 427.651248931885 422.546841144562 262.23664855957 322.692764282227 427.777021408081 391.718160629272 271.263763427734 399.319355010986 441.963076591492 117.195190429688 401.581914067268 413.760261535645 475.274608612061 379.925662994385 469.87148475647 461.532378196716 519.377769470215 529.860774993896 609.873611450195 414.827892303467 544.904357910156 454.091694831848 631.437194824219 682.011291503906 691.942321777344 549.039184570312 686.040306091309 -9999 -9999 -9999 -9999 -9999 -9999 -9999 -9999 -9999 -9999 -9999 -9999
208.935012817383 306.443237304688 235.609862804413 481.11629486084 552.149967193604 495.894474029541 489.677967071533 565.687056064606 422.746971130371 515.207637786865 376.061828613281 384.418651580811 510.891471862793 542.755256652832 407.070162773132 328.85425567627 346.071975708008 458.438020706177 588.215553283691 416.392017364502 424.461387634277 886.482261657715 372.919998168945 455.896266937256 669.230926513672 367.431680679321 425.021480560303 527.271553039551 404.201656341553 377.047927856445 353.476585388184 471.830191612244 940.773880004883 815.300785064697 523.896963119507 567.548522949219 674.105598449707 -9999 -9999 -9999 -9999 -9999 -9999 -9999 -9999 -9999 -9999 -9999 -9999 -9999
537.245031356812 353.342582702637 612.917667388916 576.637028694153 592.719842910767 584.78217124939 615.028251647949 382.503570556641 598.610851287842 453.890989303589 523.002250671387 429.848844528198 561.720092773438 454.556163787842 379.030986785889 465.481761932373 487.760860443115 538.314422607422 277.534080505371 465.428325653076 422.798614501953 504.865386962891 608.497705459595 456.783805847168 362.289962768555 821.927303314209 469.098478794098 334.7060546875 406.590099334717 701.002439498901 513.69718170166 691.57445526123 543.746814727783 560.110139846802 395.035797119141 469.622427940369 540.99963760376 -9999 -9999 -9999 -9999 -9999 -9999 -9999 -9999 -9999 -9999 -9999 -9999 -9999
588.986156463623 699.957954406738 600.03178024292 644.275321960449 593.692271471024 498.839721679688 626.941940307617 668.617141723633 602.061841964722 553.380447387695 595.520076751709 576.04141998291 488.004592895508 421.796550750732 382.057571411133 406.75905418396 466.699096679688 365.358320236206 585.873269081116 556.095584869385 515.267349243164 556.09729385376 458.935012817383 465.489639282227 392.676864624023 420.465171813965 666.506500244141 496.778961181641 757.23095703125 581.433753967285 676.282466888428 623.096290588379 569.356636047363 455.058441162109 392.18701171875 511.264774799347 561.639217376709 -9999 -9999 -9999 -9999 -9999 -9999 -9999 -9999 -9999 -9999 -9999 -9999 -9999
590.065217494965 787.906311035156 768.794464111328 670.967010498047 483.312423706055 784.623779296875 635.275104522705 674.226127624512 636.870517730713 649.883703231812 681.485191345215 577.231954574585 609.901496887207 425.439445495605 259.283813476562 315.979465484619 514.006134033203 486.781429290771 487.035957336426 403.780120849609 546.02438211441 591.478057861328 588.72790145874 419.647216796875 494.705657958984 607.317443847656 491.025985717773 658.358198165894 557.334457397461 628.233232498169 774.757690429688 720.945858001709 528.45726776123 543.679244995117 565.676528930664 514.668182373047 575.834159851074 -9999 -9999 -9999 -9999 -9999 -9999 -9999 -9999 -9999 -9999 -9999 -9999 -9999
292.640518188477 429.378005981445 692.244735717773 633.780546665192 563.921840667725 735.560928344727 565.916660308838 730.516220092773 605.158838272095 650.450410842896 638.331306874752 460.617401123047 916.192138671875 414.557542800903 452.864294052124 748.658500671387 617.09602355957 515.327085494995 435.853080749512 667.089904785156 470.819129943848 517.373588562012 499.895317077637 489.718681335449 466.466209411621 638.875129699707 507.118789672852 547.194571018219 623.537130355835 584.676082611084 643.374801635742 557.891708374023 523.48498916626 505.619107842445 518.37850189209 543.746383666992 -9999 -9999 -9999 -9999 -9999 -9999 -9999 -9999 -9999 -9999 -9999 -9999 -9999 -9999
261.42409324646 465.303597331047 642.677059173584 548.496654510498 704.458671569824 633.91836643219 632.77091884613 737.444862365723 692.035083770752 648.954080104828 524.953506469727 563.997245788574 475.99870300293 680.834487915039 444.654348373413 567.143989562988 556.037023544312 607.58226776123 453.315475463867 564.704242706299 583.199153900146 592.404304504395 693.593978881836 498.421455383301 586.149085044861 679.33219909668 420.732940673828 689.953468322754 545.508375167847 633.971099853516 621.706756591797 546.902290344238 596.80530166626 399.627197265625 532.710884094238 -9999 -9999 -9999 -9999 -9999 -9999 -9999 -9999 -9999 -9999 -9999 -9999 -9999 -9999 -9999
450.657417297363 311.326197624207 524.209857940674 565.529350280762 553.129592895508 567.464149475098 679.581901550293 701.10684967041 694.987852096558 690.343418121338 435.632141113281 225.930572509766 233.720855712891 369.918823242188 426.854438781738 397.371139526367 479.822630882263 674.872528076172 573.920902252197 517.894999504089 566.52276134491 582.505805969238 467.401161193848 509.851669311523 571.432571411133 624.77610065043 491.874954223633 433.810886383057 411.938808441162 459.974403381348 672.108001708984 636.100120544434 555.299732208252 587.965622901917 -9999 -9999 -9999 -9999 -9999 -9999 -9999 -9999 -9999 -9999 -9999 -9999 -9999 -9999 -9999 -9999
804.986339569092 373.927593231201 325.954983338714 330.468872070312 493.109436035156 460.709003448486 569.09130859375 461.10099029541 359.559349060059 483.069791793823 573.696956634521 595.427307128906 403.57640838623 371.598541259766 507.637575149536 497.272090911865 618.378177642822 575.539367675781 730.133544921875 624.551429748535 703.828750610352 585.605739593506 552.601111412048 503.617538452148 527.980735778809 494.682929992676 424.823741912842 443.170076370239 621.018402099609 487.89334332943 613.188478469849 707.504127502441 533.580894470215 -9999 -9999 -9999 -9999 -9999 -9999 -9999 -9999 -9999 -9999 -9999 -9999 -9999 -9999 -9999 -9999 -9999
-9999 549.036238908768 1027.09838867188 385.479042053223 403.378665924072 817.092765808105 407.835589766502 287.277084350586 483.827117919922 386.272941589355 430.331401824951 386.9970703125 347.759269714355 377.05118560791 424.881683349609 382.37971496582 503.725429534912 477.123840332031 431.671129226685 419.332593917847 432.151908874512 416.123601913452 464.919395409524 419.178039550781 466.236923217773 421.702255249023 604.560432434082 541.879837036133 534.973442077637 559.485816001892 618.420593261719 543.747467041016 -9999 -9999 -9999 -9999 -9999 -9999 -9999 -9999 -9999 -9999 -9999 -9999 -9999 -9999 -9999 -9999 -9999 -9999
-9999 -9999 -9999 -9999 717.178325653076 971.570770263672 628.683441162109 472.481513977051 890.39208984375 722.036712646484 426.650268554688 473.038684844971 453.954351425171 324.220947265625 382.691459655762 401.753774642944 370.377647399902 100.281398773193 62.680456161499 551.140829086304 537.218483448029 594.332664489746 596.036750793457 654.492889404297 395.359817504883 323.215881347656 614.186584472656 600.868444442749 543.190704345703 587.441699981689 -9999 -9999 -9999 -9999 -9999 -9999 -9999 -9999 -9999 -9999 -9999 -9999 -9999 -9999 -9999 -9999 -9999 -9999 -9999 -9999
-9999 -9999 -9999 -9999 -9999 -9999 -9999 -9999 -9999 773.624481201172 662.115222454071 744.835266113281 534.472427368164 607.373245239258 261.550918579102 499.962791442871 549.193620681763 17.4560966491699 132.730519294739 634.528768897057 601.600463867188 501.117515563965 745.831939697266 686.789119720459 529.910179138184 690.870452880859 649.756183624268 668.99031829834 -9999 -9999 -9999 -9999 -9999 -9999 -9999 -9999 -9999 -9999 -9999 -9999 -9999 -9999 -9999 -9999 -9999 -9999 -9999 -9999 -9999 -9999
-9999 -9999 -9999 -9999 -9999 -9999 -9999 -9999 -9999 -9999 -9999 -9999 -9999 -9999 -9999 -9999 589.773567199707 747.033149719238 978.980010986328 667.557678222656 789.078948974609 956.701954841614 969.183616638184 1057.26870727539 904.409051895142 -9999 -9999 -9999 -9999 -9999 -9999 -9999 -9999 -9999 -9999 -9999 -9999 -9999 -9999 -9999 -9999 -9999 -9999 -9999 -9999 -9999 -9999 -9999 -9999 -9999
-9999 -9999 -9999 -9999 -9999 -9999 -9999 -9999 -9999 -9999 -9999 -9999 -9999 -9999 -9999 -9999 -9999 -9999 -9999 -9999 -9999 -9999 -9999 -9999 -9999 -9999 -9999 -9999 -9999 -9999 -9999 -9999 -9999 -9999 -9999 -9999 -9999 -9999 -9999 -9999 -9999 -9999 -9999 -9999 -9999 -9999 -9999 -9999 -9999 -9999
