export/dem/dem70.asc
NCOLS 350
NROWS 171
XLLCORNER 152620
YLLCORNER 418050
CELLSIZE 100
NODATA_VALUE -9999
[rows 22 to 43 of 171, columns 200 to 249 of 350]
815.806930541992 613.393203735352 576.203559875488 711.359813690186 627.143001556396 655.147925376892 586.996406555176 801.614456176758 698.620844841003 757.809387207031 597.47599029541 584.995880126953 569.524978637695 745.405014038086 624.017974853516 578.359672546387 601.314979553223 563.092025756836 604.025409698486 509.438095092773 770.616020202637 651.557283401489 717.920860290527 524.849105834961 766.974197387695 692.767544746399 901.355285644531 651.029624938965 626.051712036133 767.74896812439 693.333156585693 741.947067260742 892.172409057617 885.566787719727 740.187342643738 857.410507202148 680.870407104492 680.566444396973 850.074417114258 878.822898864746 719.408401489258 752.529703140259 753.364953517914 806.029712677002 593.139755249023 1454.90422058105 771.485091686249 658.734436035156 770.372611999512 728.663345336914
686.078029155731 582.007202148438 554.354141235352 781.496505737305 672.611537456512 772.245277404785 679.141094207764 594.64119720459 726.281204223633 589.998985290527 592.052253723145 614.057018280029 698.785575866699 720.678936004639 619.441223144531 632.716735839844 618.085960388184 614.061943054199 728.582901000977 601.637199401855 736.764240264893 684.937128067017 744.917350769043 652.501630783081 642.860260009766 719.055332183838 839.294540405273 763.799915313721 551.859100341797 745.139608383179 778.438875198364 774.129421234131 814.954521179199 867.665802001953 688.966567993164 646.583831787109 808.390678405762 603.524337768555 772.439064979553 781.525466918945 833.812824249268 689.501335144043 698.596878051758 602.095886230469 738.97932434082 763.665481567383 788.163818359375 1163.54219055176 909.159851074219 1219.88661193848
609.721000671387 819.428642272949 467.016571044922 640.009689331055 504.425796508789 502.257339477539 491.215194702148 719.997360229492 829.607864379883 688.944226264954 569.874702453613 569.479103088379 574.750396728516 579.776145935059 447.618713378906 675.916542053223 577.203079223633 538.473670959473 541.250785827637 651.366634368896 597.734512329102 691.314762115479 665.267020225525 655.592492103577 641.164264678955 759.266809463501 772.278114795685 1123.65061950684 860.331024169922 751.88493347168 799.996513366699 869.578704833984 783.68998336792 716.085067749023 696.042911529541 809.653305053711 774.867752075195 714.620136260986 657.373054504395 766.868104934692 753.908554077148 755.316860198975 764.329811096191 681.631683349609 818.62919151783 813.859832763672 785.424156188965 933.521781921387 846.529984712601 737.619123458862
686.804002761841 471.548568725586 599.382839202881 690.059627532959 624.939992904663 944.183044433594 625.302978515625 578.190307617188 588.840366363525 641.40193939209 555.961227416992 406.699462890625 529.29150390625 586.190771102905 475.335220336914 503.247550964355 623.098686218262 474.645523071289 558.837791442871 684.08974647522 642.956439971924 701.929950714111 548.947113037109 605.670524597168 632.229831695557 856.99080657959 833.256404876709 613.12370300293 819.762756347656 641.137687683105 827.215110778809 772.735939025879 858.131561279297 614.162666320801 689.800712585449 823.235534667969 740.192203521729 920.857955932617 701.327472686768 771.745079040527 898.466018676758 945.441207885742 706.522888183594 691.673141479492 728.19507598877 700.923736572266 795.521171569824 1079.4443359375 763.538375854492 889.644653320312
642.395159244537 628.865636825562 682.799728393555 658.340847015381 549.324462890625 731.414360046387 604.757646560669 570.46752166748 651.766254425049 658.020656585693 492.781761169434 406.701751708984 648.855663299561 521.065551757812 502.132110595703 668.975208282471 578.269981384277 520.872592926025 580.911685943604 648.310577392578 619.663955688477 700.58922958374 702.663463592529 645.280429840088 721.074192047119 787.170862197876 838.253837585449 738.704314231873 685.582906723022 761.863166809082 729.271823883057 648.53865814209 475.481842041016 659.448066711426 696.972888946533 706.327743530273 852.140594482422 832.700241088867 843.429244995117 777.678195953369 803.411140441895 850.215179443359 691.331489562988 703.946884155273 674.879791259766 690.91520690918 794.452281951904 908.421912193298 852.077730178833 875.011528015137
343.124496459961 474.652603149414 615.443899154663 613.279600143433 459.085174560547 566.22731590271 535.147972106934 663.082889556885 616.726460456848 509.016120910645 572.297161102295 477.792175292969 596.49605178833 376.292282104492 378.096649169922 509.053779602051 521.621154785156 540.133655548096 527.845923423767 600.507787704468 748.970352172852 676.606397628784 707.371282577515 621.706378936768 771.099151611328 658.414260864258 724.854041099548 737.321086883545 654.480667114258 712.786183357239 827.880104064941 806.6904296875 658.075172424316 651.929473876953 798.002506256104 661.556610107422 951.34831237793 803.756546020508 804.209053039551 847.263175964355 766.021473884583 816.94885635376 875.39005279541 922.875091552734 661.480072021484 784.522613525391 748.412231445312 763.25399017334 778.026611328125 843.402555465698
498.311058044434 502.241798400879 407.991973876953 388.117233276367 435.724746704102 611.164649963379 724.130058288574 731.429641723633 624.365543365479 643.133499145508 560.88353729248 558.414421081543 881.063873291016 595.689455032349 478.824066162109 466.620475769043 543.003898620605 497.472198486328 493.244934082031 610.794303894043 634.719955444336 642.112901687622 682.797515869141 780.176010131836 798.039604187012 813.280395507812 678.557005405426 739.210113525391 636.858863830566 783.726684570312 620.777694702148 730.633895874023 720.231687545776 670.154121398926 967.31559753418 644.517084121704 782.476684570312 762.678482055664 695.464227676392 789.604412078857 737.151492118835 818.400867462158 713.386112689972 968.33381652832 838.883562088013 830.049606323242 920.911544799805 798.482259750366 651.816764831543 785.318481445312
588.950827598572 471.681312561035 418.121795654297 550.921598434448 528.929370880127 804.196472167969 709.28662109375 686.640007019043 690.723999023438 577.067029953003 473.46662902832 571.259887695312 693.286949157715 565.234570503235 597.503223419189 502.97615146637 284.516067504883 422.307952880859 598.73494720459 505.497024536133 657.165075302124 743.52970123291 680.492523193359 826.404418945312 742.979751586914 684.669028759003 706.640336990356 510.754348754883 532.026947021484 724.599742889404 843.442413330078 682.668383359909 767.06324005127 702.801692843437 685.464691162109 863.450538635254 830.754692077637 873.600143432617 770.940528869629 730.674573898315 783.730541229248 715.937492370605 703.745788574219 725.579048156738 712.460311889648 873.562114715576 826.383497238159 772.831718444824 640.85693359375 734.496299743652
528.624458312988 594.449283599854 502.012565612793 575.69334602356 605.669143676758 759.329818725586 691.194519042969 757.54833984375 555.16854095459 591.608180761337 485.85945892334 612.421594619751 694.85880279541 503.972721099854 413.218238830566 452.90690612793 456.038791656494 427.184791564941 493.31245803833 585.790649414062 697.808765411377 715.626113891602 611.449390411377 626.614625930786 626.890117645264 476.284561157227 836.030807495117 659.543698787689 731.703010559082 689.505527496338 754.85774230957 612.144050598145 723.797668457031 689.720357894897 717.300201416016 745.551935195923 692.441459655762 754.45287322998 840.178810119629 795.774082183838 761.55938911438 715.38143157959 857.645248413086 818.315603256226 857.216812133789 934.991256713867 931.450103759766 596.889373779297 882.122663497925 888.44603729248
599.90943145752 505.591644287109 567.277780532837 592.554587364197 786.588394165039 679.051422119141 766.48796081543 662.494407653809 546.764675140381 614.162044525146 687.361938476562 716.754959106445 594.775333404541 547.96061706543 468.201271057129 464.951946258545 570.16757106781 490.125587463379 382.055023193359 449.139190673828 605.709012985229 672.373538970947 810.297470092773 739.656707763672 680.252498626709 690.861581802368 590.623840332031 576.415580749512 717.038055419922 630.462522506714 569.617530822754 671.901338577271 767.950157165527 642.272590637207 608.586898803711 916.453903198242 682.280807495117 773.86079788208 760.737041473389 823.599250793457 711.08304309845 812.595809936523 762.167956352234 895.992050170898 815.559417724609 772.068306922913 834.519870758057 746.690570831299 932.001998901367 779.799320936203
456.843132019043 538.400722503662 722.507919311523 653.347408294678 712.238868713379 484.433494567871 579.758728981018 571.930146217346 682.614379882812 440.195648193359 614.825674057007 674.494510650635 749.769897460938 610.894654035568 447.95592880249 425.695434570312 628.813667297363 586.460691213608 581.488208293915 579.933010101318 510.988922119141 636.985911369324 651.546162486076 664.808832168579 641.376066207886 601.800254821777 726.50114440918 643.274538040161 552.51586151123 673.982245922089 705.465633392334 526.329055786133 530.669403076172 739.226112365723 696.913869857788 699.398548126221 835.002670288086 799.186805725098 666.386795043945 875.710662841797 870.525939941406 755.141511917114 656.433639526367 737.734697341919 752.21356344223 712.526840209961 659.691818237305 823.943874359131 821.889007568359 782.257789611816
644.893352508545 582.02882194519 657.976226806641 577.117212295532 657.496299743652 557.597012519836 654.805290222168 681.249725341797 631.496395111084 620.023048400879 691.363204956055 645.788318634033 837.123001098633 706.740633010864 449.605422973633 566.594236373901 650.908027648926 571.118343353271 695.32188129425 598.983276367188 624.260144710541 717.535705566406 681.081136703491 685.381958007812 618.683971405029 552.010368347168 683.94465637207 641.520269393921 794.000984191895 639.937935113907 766.693176269531 790.854949951172 665.067409515381 580.772598266602 490.975402832031 711.00385093689 695.71672976017 873.645202636719 697.990240097046 964.95231628418 758.203300476074 683.345043182373 710.280345916748 779.236293792725 750.707824707031 897.667701721191 873.954940795898 850.569072723389 754.523540496826 920.580429077148
520.629959106445 559.988550662994 532.128154754639 497.706588745117 500.949249267578 428.528465270996 676.626129150391 654.811447620392 521.530555725098 587.038098335266 587.554086685181 600.036193847656 942.260833740234 822.965835571289 708.920669555664 491.089496612549 463.942649841309 532.38858795166 562.939636230469 626.939514160156 706.177833557129 560.568794250488 606.980758666992 562.10018157959 575.83610534668 604.246719360352 525.779151916504 611.536911010742 622.61169052124 654.999579429626 571.095825195312 771.096374511719 747.129722595215 658.556815624237 727.263370513916 817.03067779541 758.619922637939 702.622452735901 797.094661712646 951.642868041992 652.647010803223 794.71297454834 692.412197113037 689.195930480957 514.71159362793 888.692604064941 950.15251159668 895.272102355957 825.671787261963 874.437042236328
697.422836303711 517.035045623779 569.033564567566 665.715187072754 685.292602539062 600.970497131348 654.962539672852 533.654750823975 470.644371032715 624.061031341553 538.327682495117 803.00838470459 721.339147567749 708.531806945801 606.9949644804 456.148822784424 534.61205291748 515.187774658203 586.540264129639 607.231914520264 708.404918670654 632.769554138184 514.085952758789 590.059322357178 549.021270751953 475.018981933594 617.06294631958 612.201654434204 618.673919677734 692.292753219604 765.98677444458 716.118381500244 695.83910369873 627.096529006958 685.887241840363 749.108169555664 696.270093917847 836.515174865723 820.160461425781 874.774780273438 839.39875793457 710.792523384094 643.031204223633 758.706867218018 839.965660095215 766.718883514404 659.608528137207 781.009353637695 740.033975601196 904.659927368164
649.645484924316 534.148494720459 629.509544372559 435.797378540039 614.85760307312 652.256790161133 662.978790283203 566.26087397337 513.92603302002 626.157997131348 676.292465209961 1177.72641372681 699.90767288208 567.134567260742 622.520599365234 604.898872375488 650.595193862915 476.901611328125 643.197505950928 606.180294036865 704.230560302734 601.745812416077 551.248664855957 652.491012573242 382.193099975586 619.121537208557 518.864135742188 587.913898468018 670.782894134521 757.550765991211 742.310020446777 651.171999931335 711.503643035889 671.12062048912 534.261947631836 724.969764709473 515.449096679688 768.40514755249 767.519222259521 648.332908630371 641.561645507812 683.934852600098 750.228018760681 696.401081085205 644.555168151855 817.79158782959 712.106117248535 603.535232543945 763.152925491333 759.498135566711
539.927767753601 443.474060058594 613.121563434601 521.033115386963 458.476623535156 536.203960418701 642.058723449707 683.300514221191 883.687713623047 610.316595077515 613.578262329102 1036.81275939941 828.632263183594 725.447189331055 556.641326904297 627.359773635864 562.608016967773 638.338774681091 703.544636249542 556.245025634766 682.264259338379 597.387111663818 593.594314575195 604.106923699379 462.515106201172 591.917297363281 582.438514709473 601.706661224365 626.504375457764 646.388053894043 810.966552734375 765.847839355469 850.081954956055 719.376335144043 837.729476928711 562.170207977295 881.494735717773 708.972431182861 665.972110748291 874.018981933594 807.244491577148 634.486663818359 858.982055664062 783.627822875977 941.249473571777 863.666641235352 718.367010116577 557.039993286133 910.202270507812 741.71949672699
668.83215713501 666.110496520996 489.250457763672 625.490982055664 635.129867553711 645.685176849365 530.056091308594 635.033737182617 643.376556396484 755.662139892578 643.846309661865 600.181222915649 614.667093276978 587.491236686707 665.049179077148 512.147621154785 485.484222412109 473.307891845703 552.757537841797 780.441802978516 564.402732849121 766.023941040039 806.458190917969 582.901920318604 688.684440612793 607.861801147461 739.732894897461 736.153167724609 742.572708129883 568.347145080566 761.82105255127 700.614612579346 647.052652359009 694.949087142944 624.894016265869 679.248847007751 570.180435180664 858.610702514648 660.599220275879 739.39083480835 912.680862426758 739.349815368652 673.450325012207 718.569876670837 743.675930023193 733.337203025818 711.526948928833 711.560195922852 817.036285400391 568.930191040039
498.753784179688 702.839248657227 520.524040222168 425.775939941406 453.714950561523 483.707977294922 617.930656433105 612.142118453979 716.957099914551 616.044237136841 513.887649536133 734.876266479492 631.897911071777 481.071594238281 575.692789316177 536.810516357422 588.765546798706 612.951630093157 627.203017234802 545.846992492676 755.876480102539 494.439315795898 649.781944274902 588.393405914307 639.819856643677 838.615058898926 660.640121459961 859.598815917969 764.079055786133 480.594970703125 815.947830200195 625.16771697998 678.120261192322 396.06379699707 481.734756469727 570.066314697266 607.264266967773 554.807693481445 691.444141387939 786.481430053711 877.877914428711 728.722021579742 720.337174832821 838.428924560547 708.238110542297 810.276031494141 813.80933380127 898.344573974609 781.907253265381 651.597625732422
345.628616333008 619.561359405518 610.910621643066 599.454238891602 602.803855895996 644.879898071289 551.80034828186 771.640579223633 772.625839233398 611.572568893433 594.143292456865 510.31217956543 557.237121582031 518.972175598145 477.169967651367 517.558097839355 627.950592041016 544.053512573242 748.733093261719 626.727380931377 646.718467712402 613.148968696594 534.351997375488 590.613479614258 633.837184906006 594.40633392334 525.755393981934 835.212356567383 671.867338180542 608.33805847168 678.630834579468 588.701953887939 716.26636505127 504.216400146484 617.011898040771 743.929759979248 707.104541778564 788.161712646484 789.007614135742 641.253536224365 766.205093383789 722.561418533325 786.588233947754 699.322910785675 749.879081606865 688.861921310425 713.794580459595 597.257881164551 658.81958770752 683.410900115967
431.184295654297 525.43469619751 486.60181427002 545.681234359741 668.706504821777 587.437570571899 572.475688844919 543.828804016113 513.269187927246 568.962417602539 519.764778137207 506.630516052246 572.273975372314 505.665512084961 545.948917388916 659.27982711792 544.104831695557 594.3981590271 638.995674133301 592.09395980835 650.828748703003 760.068771362305 582.868129730225 737.012306213379 591.835220336914 712.438369750977 627.971823215485 673.697532653809 609.323534011841 620.245422124863 665.942649841309 689.184522628784 755.154273986816 634.435720443726 857.736511230469 661.644863128662 664.970567703247 644.177536010742 784.265472412109 650.198112487793 769.820831298828 778.374729156494 761.734428405762 846.267700195312 751.960071563721 664.18018913269 655.723743438721 557.82112121582 675.809898376465 667.447563171387
540.163877487183 550.231494903564 617.740005493164 459.343460083008 637.41077041626 635.247066497803 669.197860717773 609.186849594116 448.253189086914 520.615539550781 484.734588623047 383.748764038086 498.15470123291 553.06307220459 438.945953369141 610.799770355225 630.088180541992 605.017025709152 644.366493225098 531.746559143066 608.659658432007 601.088005185127 684.187927246094 660.612243652344 618.854937076569 603.2501475811 738.091606140137 588.220542907715 594.011730194092 607.023664474487 737.05725479126 741.474517822266 609.166042327881 556.016723632812 552.912101745605 650.187992095947 704.35668182373 702.412181854248 778.810005187988 757.912017822266 761.844093322754 744.661060333252 630.811737060547 750.116172790527 687.784655570984 639.159152984619 446.02783203125 711.104301452637 595.404914855957 751.727848052979
542.467685222626 679.98014831543 536.00076675415 509.328767776489 548.171545028687 580.751383781433 477.751815795898 490.232578277588 645.119255065918 610.593406677246 532.358505249023 600.621263027191 582.38501739502 500.553092956543 455.168563842773 504.718410491943 423.017639160156 408.074096679688 494.226470947266 578.883492469788 534.45597076416 504.500671386719 640.73853302002 802.945465087891 652.344799041748 786.136123657227 641.22264957428 519.531578063965 566.544769287109 598.047088623047 608.570827484131 616.128765106201 770.281539916992 729.827716827393 783.605041503906 827.153793334961 613.894329071045 667.975227355957 661.947166204453 696.495595932007 698.608743667603 775.806617736816 679.882079720497 726.698760986328 734.880233764648 647.733333587646 598.003723144531 711.32420539856 742.606273651123 631.427352905273
