export/dem/dem71.asc
NCOLS 350
NROWS 171
XLLCORNER 152620
YLLCORNER 418050
CELLSIZE 100
NODATA_VALUE -9999
[rows 132 to 153 of 171, columns 250 to 299 of 350]
882.71021270752 838.667472839355 853.130805969238 825.466697692871 871.746879577637 639.574434280396 648.342273712158 566.357915878296 648.919141769409 937.356048583984 636.870590209961 767.924812316895 759.760427951813 838.571922302246 742.570156097412 596.76741027832 755.835916519165 890.412727355957 700.884994506836 804.042663574219 675.947639465332 627.582962036133 567.280670166016 644.739730834961 817.523986816406 718.339473724365 679.504183769226 705.130611419678 567.843383789062 655.723756790161 723.582462310791 606.935173034668 629.468828201294 748.045288085938 521.45238494873 692.026542663574 596.554782867432 730.92684173584 621.03199005127 764.812446594238 674.717803955078 1056.84268188477 836.17805480957 1158.28182983398 955.085655212402 810.585350036621 966.335963249207 772.864029884338 869.790771484375 899.066436767578
958.872299194336 800.21443605423 896.191871643066 960.688949584961 722.205257415771 662.985862731934 579.687787532806 659.927092075348 614.521865844727 771.284053564072 571.782905578613 769.596797943115 808.281070709229 783.993125915527 676.372337341309 723.089255332947 765.183170318604 881.712421417236 975.3479347229 730.472247123718 677.032703399658 687.069751739502 724.939155578613 608.169059753418 717.204270362854 738.917026519775 473.549591064453 552.87036895752 448.118026733398 748.28734588623 428.741821289062 614.85359954834 690.482643127441 673.796440124512 598.168453216553 755.022766113281 669.82049369812 700.589172363281 665.136821746826 489.341415405273 497.107315063477 700.453948974609 1056.16617298126 1088.13213729858 1021.85635375977 993.180805206299 980.78288269043 802.555146634579 992.377006530762 912.74745965004
780.563894271851 898.192230224609 826.236351013184 724.892570495605 677.006439208984 577.284805297852 558.176284790039 779.80975151062 687.277816772461 664.586082458496 719.280765533447 700.929313659668 714.346622467041 734.458684921265 778.707565307617 838.089241027832 765.462959289551 686.532470703125 814.201599121094 704.503860473633 718.654722213745 591.425247192383 614.143196105957 780.342178344727 610.395309448242 766.800216674805 770.923080444336 610.525001525879 606.792167663574 667.676664352417 640.505360603333 719.216316223145 771.808387756348 638.985059261322 746.21142578125 613.804969787598 495.995056152344 755.462184906006 647.450523376465 518.323196411133 623.125438690186 612.865001678467 561.272331237793 763.315116882324 875.864477157593 925.070425033569 838.9104347229 775.027243614197 959.131843566895 749.466369628906
736.547901153564 674.365280151367 569.617309570312 511.288482666016 566.936500549316 636.616632461548 800.826038360596 699.515151977539 851.029239654541 701.205703735352 879.283920288086 712.935729980469 800.999374389648 679.278526306152 620.259399414062 760.118524551392 808.456462860107 708.987686157227 686.687126159668 693.947456359863 622.529846191406 660.616638183594 671.04193687439 634.884262084961 583.871673583984 628.894985437393 646.886437416077 586.43868637085 643.002720355988 806.239196777344 675.92516708374 680.441648483276 717.977306365967 598.261348724365 837.494552612305 658.863387107849 672.794425964355 630.482093811035 595.028907775879 716.645974159241 610.968887329102 522.820266723633 510.409240722656 716.853054046631 763.098373413086 880.29217338562 911.564613342285 942.950035095215 912.29665184021 938.788509845734
757.561349868774 684.969165802002 758.596416473389 504.904472351074 609.079507827759 736.939346313477 728.470520019531 719.124488830566 759.670913696289 760.858268737793 815.311508178711 717.163734436035 756.682411193848 612.997787475586 769.451747894287 613.618316650391 815.957560062408 841.765428543091 797.619291305542 738.330657958984 859.965103149414 614.561454772949 565.409332275391 686.030333280563 575.757064819336 542.893821716309 609.973793029785 739.768142700195 668.959781169891 581.72049331665 789.603019714355 657.07861328125 636.302406549454 687.241373062134 827.237258911133 599.016384124756 759.668739318848 517.129272460938 590.93724822998 618.588218688965 560.366714477539 636.736721038818 708.329671621323 713.903388977051 852.049713134766 862.900039672852 848.399143218994 957.167030334473 884.804779052734 948.245037078857
898.162231445312 622.252159118652 582.067031860352 727.814608573914 639.946990966797 656.990081787109 935.466613769531 681.794746398926 674.706680297852 740.433245658875 826.201370239258 733.714050292969 833.390754699707 825.274185180664 687.698936462402 688.350811004639 631.369491577148 771.884567260742 613.867538452148 519.357925415039 399.718780517578 494.838073730469 740.387355804443 612.984306335449 528.518295288086 608.101867675781 481.758911132812 678.829853057861 611.522560119629 689.121906280518 769.420555114746 853.058975219727 765.542785644531 856.9072265625 614.308567047119 772.858627319336 881.061141967773 630.455654144287 770.625717163086 689.698398590088 750.913227081299 854.99983215332 689.126766204834 778.895565032959 692.106152534485 635.89471244812 730.143714904785 966.609130859375 954.166923522949 730.514129638672
842.077796936035 775.188056945801 725.041553497314 742.043901443481 734.283966064453 628.783447265625 682.163871765137 771.056052684784 738.933553695679 772.659398317337 820.451499938965 841.234565734863 835.469871520996 769.977005004883 684.671852111816 616.035346984863 653.92456817627 716.363989830017 566.990234375 574.281463623047 560.325256347656 609.592102050781 792.942512512207 699.643846750259 712.940692901611 767.377967834473 664.709513187408 666.400050163269 695.818613052368 698.642181396484 700.505249977112 736.046253204346 674.259672880173 642.120271682739 840.584732055664 819.778717041016 635.016983032227 675.108045578003 623.138290405273 614.717811584473 618.621307373047 666.944004058838 518.352828979492 570.851455688477 830.281806945801 614.778968811035 627.896747589111 649.939758300781 830.586150169373 871.395080566406
804.55492401123 738.095680236816 784.551257133484 811.784611701965 795.968803405762 808.218885421753 824.839935302734 676.350952148438 645.127365112305 794.812447607517 667.847007751465 738.197162628174 889.423530578613 530.24284362793 883.374866485596 618.809494018555 721.53923034668 706.965576171875 605.112533569336 596.167755126953 729.114649772644 716.703144073486 852.714736938477 760.102182388306 846.851776123047 676.373359680176 697.187717437744 745.365173339844 524.762405395508 652.952339172363 727.151477813721 757.365484237671 696.535946846008 754.747421264648 709.668432235718 649.819702148438 759.969116210938 692.122515678406 558.669281005859 646.30241394043 670.17156791687 565.650573730469 658.787725448608 755.510543823242 701.834766387939 704.504413604736 595.00267791748 747.159242630005 789.872594833374 824.681872844696
750.789991378784 874.987091064453 884.149368286133 955.424308776855 813.938215732574 746.546543121338 741.738616943359 681.574890136719 636.473556518555 761.778594970703 676.034362792969 782.789573669434 740.583505630493 780.017593622208 774.155818939209 653.930084228516 845.688478469849 687.46565246582 730.327573776245 609.281066894531 727.264003753662 653.608737945557 842.141593933105 872.68627166748 727.497413635254 769.637251853943 967.39697265625 708.199905395508 645.713352203369 762.219909667969 723.195175170898 651.156185150146 790.874656677246 625.306018829346 772.529518127441 736.776206970215 596.542953491211 579.590560913086 631.031288146973 665.377826690674 624.511344909668 711.011801421642 511.415924072266 665.397659301758 751.27400970459 827.92765045166 715.857378005981 765.763549804688 544.713745117188 824.587501525879
727.970479011536 912.811828613281 930.612648010254 874.557479858398 927.163024902344 798.618490219116 838.600681304932 918.125091552734 810.11067199707 684.890213012695 813.986108779907 741.508625030518 811.429145812988 735.903015136719 655.417182922363 788.804027557373 807.470906257629 844.344757080078 755.602426528931 658.616493225098 757.301803588867 695.592573881149 724.058445453644 779.178062438965 818.86417388916 892.203590393066 915.253059387207 923.661891937256 609.614501953125 696.201507568359 645.396942138672 704.83358836174 707.542612552643 680.599910259247 648.809558868408 588.539588928223 647.849937438965 765.44214630127 685.181266784668 792.026062011719 752.559505462646 749.204219818115 711.802112579346 789.474021911621 753.470672607422 793.320240020752 726.853217124939 731.374649047852 813.998023986816 644.708236694336
856.984634399414 961.74284362793 1322.02931213379 785.141801834106 895.95516204834 855.423555374146 866.630798339844 586.457000732422 645.354629516602 755.37328338623 880.265323638916 902.934028625488 729.045783996582 649.3134765625 793.855951309204 821.618976593018 901.353187561035 844.359003067017 900.281096935272 794.009449005127 766.720233917236 628.089157104492 766.080993652344 824.611694335938 737.470359802246 757.247169494629 814.535095214844 867.383926391602 845.548671722412 801.799297332764 647.508361816406 682.380516529083 583.07299041748 767.734664916992 794.965282440186 691.5813164711 615.572845458984 692.384978294373 591.82544708252 862.855621337891 808.764862060547 771.20654296875 624.203872680664 835.34716796875 827.947906494141 793.629058837891 634.209442138672 786.794414520264 631.33048248291 592.503715515137
747.426555633545 868.658020019531 1019.08172607422 734.498783111572 705.987087249756 718.391304969788 647.146942138672 967.76974105835 723.904182434082 744.202270507812 741.935012817383 779.576151371002 895.982116699219 727.914756774902 843.892228126526 751.164077758789 789.82576751709 901.146514892578 743.030838012695 712.571926116943 746.558378219604 557.174728393555 707.357808589935 634.961936950684 730.64485168457 844.961578369141 788.541885375977 659.187828063965 727.703708648682 792.654306411743 782.661774396896 858.74235534668 765.228584289551 600.00528717041 633.203628540039 687.554967880249 716.124201774597 656.129123687744 583.701698303223 656.547115325928 675.632097244263 803.101043701172 765.91675567627 928.549606323242 806.01146697998 810.376220703125 630.896202087402 692.852653503418 764.526776313782 709.355319976807
887.593688964844 818.351615905762 810.767520904541 659.40503692627 691.022438049316 514.328155517578 625.064720153809 893.992506027222 507.266174316406 903.637954711914 989.187776565552 989.439407348633 861.317707061768 764.315689086914 749.809600830078 850.550447463989 822.35444521904 787.386543273926 834.060527801514 656.566970825195 710.655113220215 796.904899597168 816.697219848633 782.118023633957 752.68208694458 729.017929077148 820.528182983398 824.378429412842 890.678123474121 889.094818115234 830.434911727905 871.077964782715 658.476734161377 476.749923706055 543.973739624023 747.197679519653 672.868232727051 643.727897644043 701.318042755127 930.482467651367 749.421165466309 659.359432220459 688.498947143555 682.829578399658 981.64582824707 810.673538208008 687.473011016846 826.310157775879 757.586676120758 815.73851776123
-9999 -9999 -9999 786.647575378418 787.636001586914 806.160690307617 562.468978881836 772.011232018471 591.329818725586 720.09264755249 886.400278091431 723.797012329102 854.760654449463 1115.72457885742 888.347311019897 711.327194213867 1037.41450500488 768.30241394043 749.327857971191 954.973945617676 715.957107543945 829.755859375 724.930191040039 822.106597900391 737.914924621582 732.602828979492 877.071884155273 821.607208251953 831.459426879883 809.180242538452 737.324054718018 769.977028846741 681.767875671387 792.29132270813 591.231521606445 597.968208312988 844.200477600098 641.004257202148 778.006320953369 881.088607788086 923.323516845703 735.118041992188 716.523023605347 746.61834526062 855.775764465332 696.216423034668 810.692230224609 707.247266769409 837.281692504883 957.980346679688
-9999 -9999 -9999 -9999 -9999 -9999 887.22855758667 799.390144348145 584.631912231445 824.092929840088 695.972316741943 646.761365890503 673.372100830078 1052.09176635742 772.94132232666 807.064319610596 772.825239181519 1064.19367980957 786.507434844971 921.230648040771 754.730201721191 748.175918579102 730.434417724609 890.716244697571 928.428062438965 843.7568359375 1016.79382324219 699.227074146271 738.055293083191 757.91383266449 857.126707077026 1002.56384658813 733.000827789307 672.323440551758 669.375091552734 708.69492149353 808.904433727264 687.656562805176 919.088706970215 1031.01852416992 889.426467895508 864.208915710449 615.430191040039 660.153968811035 661.080974578857 644.510894775391 779.116638183594 739.840476036072 886.107093811035 708.110172271729
-9999 -9999 -9999 -9999 -9999 -9999 -9999 -9999 -9999 869.016325473785 556.938781738281 737.27646446228 802.640285491943 703.987182617188 779.38742351532 723.068458557129 1161.87237548828 889.465869188309 963.909889221191 1071.38352966309 848.385562896729 772.504570007324 800.067306518555 831.734630584717 936.49169921875 833.330976486206 883.865219116211 696.640261650085 891.823574066162 791.460071563721 629.895614624023 695.686645507812 651.165588378906 573.386932373047 678.377910614014 685.396291255951 737.081266403198 663.285507202148 607.515663146973 686.014873504639 854.443435668945 657.410888671875 611.292503356934 691.3498878479 719.301429748535 619.189140319824 787.740203857422 529.333145141602 780.384197235107 805.920726776123
-9999 -9999 -9999 -9999 -9999 -9999 -9999 -9999 -9999 -9999 -9999 832.95923614502 648.681640625 863.214599609375 727.121334075928 587.123153686523 950.043594360352 1402.5210647583 836.283536911011 713.73509979248 1020.75746250153 848.322067260742 721.820663452148 907.87829695642 917.659976959229 801.228137969971 673.01123046875 890.306098937988 775.69743347168 819.208343505859 971.304908752441 753.796703338623 661.081462860107 817.736015319824 780.58151102066 706.977802276611 723.777214050293 620.528076171875 691.851731300354 793.192642211914 667.676239013672 632.048545837402 710.822364807129 615.923713684082 768.920213699341 738.464904785156 772.491815567017 682.196704864502 687.765357971191 657.031234741211
-9999 -9999 -9999 -9999 -9999 -9999 -9999 -9999 -9999 -9999 -9999 -9999 779.381210327148 773.52085852623 669.273818969727 813.23690032959 852.936096191406 1411.84961128235 1163.40709686279 1199.41750335693 1080.24044036865 1169.17318916321 1123.66452407837 1008.10892486572 885.426956176758 739.499241828918 805.38597869873 837.182172775269 729.360862731934 856.441997528076 713.091148376465 613.136077880859 725.630577087402 725.658988952637 707.560363769531 585.801605224609 662.615642547607 808.179962158203 753.282863616943 715.716996192932 750.119752645493 744.689170122147 764.079820632935 667.594360351562 653.087585449219 778.582714080811 654.800338745117 854.708770751953 719.432647705078 924.065979003906
-9999 -9999 -9999 -9999 -9999 -9999 -9999 -9999 -9999 -9999 -9999 -9999 746.256629943848 753.774417161942 793.633182525635 719.337253570557 699.692210197449 855.724834442139 887.577671051025 810.165058135986 898.233474731445 881.101593017578 718.472045898438 1016.1944732666 844.068790435791 865.09309387207 1389.00662231445 821.583320617676 803.148071289062 824.048690795898 728.118423461914 807.842178344727 759.795673370361 761.113742351532 698.266593933105 843.349592208862 744.471817016602 728.629749298096 835.73413848877 828.750450134277 687.953025817871 811.543689727783 700.24836730957 816.949306488037 744.764720916748 517.655517578125 730.704852104187 762.23155786097 822.070430755615 762.936014831066
-9999 -9999 -9999 -9999 -9999 -9999 -9999 -9999 -9999 -9999 -9999 -9999 -9999 852.286878585815 693.510025024414 702.878952026367 628.29508972168 613.632682800293 956.261184692383 1034.91076660156 995.353134155273 847.72518825531 833.802673339844 822.493251800537 834.508741378784 684.995994567871 734.928142547607 837.841714859009 645.772621154785 896.610157012939 1157.3197479248 664.337646484375 723.40567779541 907.032379150391 711.772758483887 822.256309509277 925.110088348389 683.600708007812 813.273218154907 728.452575683594 583.826583862305 902.861480712891 775.401052474976 681.294738769531 773.028274059296 736.174223899841 847.051818847656 813.553165435791 841.222187042236 878.424842834473
-9999 -9999 -9999 -9999 -9999 -9999 -9999 -9999 -9999 -9999 -9999 -9999 -9999 -9999 505.25390625 580.518020629883 598.425186157227 925.114776611328 942.224277496338 992.707046508789 908.264982223511 964.205078125 993.759941101074 881.305744171143 790.824131011963 707.432696819305 728.345232009888 801.953224182129 769.044860839844 715.29524230957 754.232856750488 777.451354980469 837.429252624512 861.347793579102 705.205982208252 757.960894584656 762.958312988281 782.733726501465 749.931587219238 911.060447692871 696.299812316895 741.675598144531 757.087051391602 887.349899291992 724.223121643066 758.318965911865 771.51019859314 747.565227508545 743.420177459717 775.913486480713
-9999 -9999 -9999 -9999 -9999 -9999 -9999 -9999 -9999 -9999 -9999 -9999 -9999 -9999 795.437026977539 622.431518554688 712.912662506104 710.593391418457 824.90213727951 727.551452636719 912.035134315491 866.460810661316 888.128044128418 802.473350524902 914.3864402771 700.274703979492 837.081167221069 828.932704925537 750.083724975586 664.670516967773 760.998245239258 727.314445495605 1093.56764793396 732.93701171875 831.281105041504 774.831971168518 775.748728752136 769.667839050293 517.811187744141 800.478227615356 733.592590332031 662.2587890625 704.331802368164 901.991847991943 820.169270515442 846.326175689697 774.911529541016 784.546951293945 870.562866210938 716.012634277344
