export/dem/dem73.asc
NCOLS 350
NROWS 171
XLLCORNER 152620
YLLCORNER 418050
CELLSIZE 100
NODATA_VALUE -9999
[rows 66 to 87 of 171, columns 50 to 99 of 350]
668.793930053711 611.907005310059 569.677139282227 626.898498535156 549.597518920898 583.518218994141 294.956092834473 304.733444213867 397.908794403076 309.37442779541 466.181602478027 139.770065307617 154.189849853516 256.349678039551 242.555786132812 286.696601867676 345.30125617981 322.656562805176 195.538116455078 323.490440368652 275.001770019531 419.155769348145 372.753379821777 474.711135864258 443.046890258789 367.836767196655 399.292642593384 202.680603027344 267.638442993164 264.008056640625 411.659442901611 291.086585998535 369.114701271057 414.932336807251 560.353530883789 234.231033325195 365.004182815552 425.357786655426 407.973159790039 376.36971282959 509.581596374512 448.293190002441 426.017362594604 545.909255981445 368.07649230957 437.505843937397 400.335628509521 429.643098831177 459.905198693275 593.821044921875
616.472808837891 535.842693328857 607.750640869141 604.399169921875 664.913024902344 506.581436157227 460.121060371399 332.178030014038 259.389450073242 368.113464355469 218.228637695312 312.095397949219 291.202201843262 332.97864151001 140.879501342773 300.353904724121 345.538164138794 313.87841796875 272.428314208984 229.549255371094 393.053702354431 447.455486297607 362.105445861816 295.733833312988 424.066257476807 290.279113769531 328.240505218506 251.931991577148 320.102035522461 482.387664794922 391.65940284729 512.012077331543 363.135025024414 445.940265655518 431.197292327881 291.605270385742 523.091796875 333.130859375 415.973647117615 410.918874740601 387.817806243896 398.592979431152 407.287069320679 469.701835632324 415.511203765869 521.15128326416 546.131225585938 430.540073394775 509.766082763672 476.994462966919
461.179740905762 518.689128875732 512.471321105957 552.446220397949 584.014526367188 508.720565795898 351.394493103027 377.575033187866 340.476751327515 248.85326385498 265.603622436523 329.88387298584 239.091789245605 164.343872070312 197.200775146484 407.563442230225 254.709060668945 331.077288627625 340.608066558838 290.993682861328 360.603332519531 381.766453266144 379.096601486206 313.632186889648 424.335067749023 444.095806121826 337.667663574219 363.234115600586 344.975410461426 403.222373962402 397.804339647293 365.567584991455 448.711851119995 524.893974304199 253.112167358398 533.116668701172 432.803066253662 323.229042053223 467.855777740479 496.811813354492 460.773071289062 464.901285171509 319.290267944336 382.707862854004 522.839454650879 540.90567779541 508.431102752686 458.256170272827 499.839622497559 324.542938232422
490.429891586304 491.542205810547 334.906005859375 483.681907653809 385.998284339905 488.360481262207 424.55061340332 295.107353210449 319.885606765747 233.811195373535 316.463638305664 369.361127853394 331.279304504395 136.56266784668 224.535781860352 242.46418762207 275.382965087891 375.721103668213 302.913803100586 282.081764221191 334.842367172241 438.854846954346 315.861663818359 385.666337013245 372.935068130493 421.479824066162 455.221214294434 447.613792419434 389.483790874481 368.371599197388 395.060545921326 498.973266601562 612.639892578125 407.346128463745 352.975116729736 338.83406829834 371.762170791626 521.312286376953 403.786064147949 423.559710502625 254.849639892578 367.11051940918 515.005325317383 458.659273147583 497.39900970459 534.977920532227 585.567901611328 467.8555727005 356.016845703125 506.276252746582
382.910346984863 457.908646345139 394.592418670654 562.31657409668 436.596321105957 440.185188293457 331.471652984619 344.736239910126 279.206275939941 203.138412475586 359.971003830433 294.935974121094 246.603790283203 158.437103271484 169.972518920898 230.224945068359 319.760902404785 314.938064575195 259.627914428711 283.678314208984 300.362022399902 384.676645278931 384.39589214325 442.44372177124 441.077877044678 458.176574707031 320.705039978027 422.875522613525 434.068508148193 623.236938476562 339.709114074707 326.517555236816 345.213552474976 227.162857055664 335.408626556396 426.575681686401 365.629768371582 527.237609863281 425.478056430817 268.858489990234 244.305267333984 225.340255737305 298.894500732422 428.501110076904 399.69164276123 398.388137817383 431.228248596191 379.189064025879 477.276213645935 379.271797180176
203.334716796875 363.235534667969 390.614137649536 504.213745117188 483.646095275879 674.793212890625 491.429809570312 442.300849914551 209.052810668945 253.028968811035 166.419128417969 165.028121948242 311.636644363403 247.389465332031 489.589122772217 293.412132263184 241.766021728516 210.435623168945 289.490383148193 345.921905517578 376.628393173218 379.011121511459 276.56258392334 427.90181350708 377.990926265717 338.40210723877 411.808574676514 287.614349365234 195.058074951172 565.7626953125 358.347923278809 308.400886535645 258.595397949219 440.677564620972 319.098526000977 269.012222290039 536.559280395508 463.948661804199 383.161895751953 417.379068851471 336.167633056641 485.163646697998 252.84065246582 293.880599975586 347.145072937012 499.169055938721 422.616813659668 352.306442260742 355.291465759277 374.05297088623
539.232734680176 467.24503326416 409.812044143677 464.590972900391 469.389015197754 293.364768981934 402.452281951904 478.443946838379 362.040303230286 357.49503326416 261.065040588379 335.716078042984 186.830505371094 256.611625671387 350.944424629211 378.745371818542 308.782485961914 255.102226257324 429.725257873535 379.847522735596 465.092742919922 403.512004852295 296.959541320801 247.14476776123 313.258239746094 283.558052062988 351.164928436279 151.60920715332 367.819623947144 473.114959716797 450.392608642578 493.846488952637 346.243663787842 334.571754455566 412.443786621094 375.218460083008 247.118835449219 431.366262078285 380.054096221924 502.544044494629 360.677864074707 348.988014221191 295.083267211914 302.072418212891 378.122596740723 259.669586181641 489.621013641357 449.270296096802 421.318592071533 585.209022521973
451.393829345703 418.314827919006 408.281136751175 552.043884277344 482.193466186523 462.605224609375 309.372833251953 324.124906539917 402.651016235352 416.324676513672 403.642105102539 299.097061157227 330.233957290649 416.159580230713 431.345878601074 329.988525390625 311.725288391113 243.180236816406 302.286735534668 309.860931396484 315.475868225098 342.520696640015 379.481085777283 314.237236022949 364.620752334595 325.691234588623 341.821933746338 366.077313184738 385.989455699921 336.401885986328 337.592849731445 353.668630599976 508.696487426758 300.797996520996 384.149718284607 389.866315841675 493.942626953125 447.676427841187 544.018432617188 333.387702941895 366.658447265625 367.34130859375 555.167190551758 402.825630187988 338.618667602539 388.535339355469 332.801620483398 369.230911254883 437.618671417236 586.249114990234
380.503414154053 425.81759929657 485.183959960938 493.113906860352 466.214408874512 411.986358642578 296.215026855469 398.230640411377 319.309745788574 440.123924255371 339.770959854126 449.848831176758 355.989703178406 316.071750640869 418.136714935303 568.491729736328 391.417459249496 445.046569824219 334.518463134766 360.773637771606 346.784283638 290.819816589355 338.021713256836 401.764789581299 275.749412536621 370.528141021729 212.053161621094 169.215270996094 300.776374816895 301.343605041504 284.599639892578 450.724822998047 440.382942199707 471.681846618652 443.436168670654 422.405864715576 470.03796005249 589.585220336914 501.125865936279 513.838905334473 459.493677616119 473.731662750244 502.119058609009 330.636260986328 281.05549621582 275.619400024414 317.685516357422 351.132537841797 502.370671510696 522.471588611603
431.389617919922 528.015251159668 421.302451133728 458.405557632446 390.096662521362 368.165292739868 330.687480926514 327.933135986328 283.06175994873 368.69962310791 308.986427307129 413.382095336914 349.166483879089 377.273792266846 550.809631347656 501.571228027344 408.201154708862 380.576530456543 592.522750854492 385.826988220215 326.630634307861 401.673233032227 331.001319885254 355.620735883713 318.142795562744 239.497024536133 264.628623962402 153.570175170898 130.067947387695 175.215591430664 584.425964355469 331.366264343262 384.600636005402 442.214294433594 518.859390258789 322.454399108887 441.079870223999 494.09139251709 466.534210205078 433.540184020996 558.903144836426 508.962827682495 438.002464294434 333.424072265625 279.042694091797 352.164260864258 603.71484375 373.716499328613 465.124038696289 756.165977478027
620.556593418121 335.547832489014 398.692286014557 459.496528625488 301.07495880127 563.557281494141 517.263687133789 336.104808807373 416.388866424561 251.449882507324 526.12744140625 504.809204101562 402.847846984863 403.616214752197 362.246335029602 413.22412109375 333.678447723389 451.722282409668 366.108911514282 323.717884063721 212.897644042969 366.227394104004 305.800231933594 292.179954528809 358.385829925537 235.596984863281 181.853393554688 239.423515319824 217.523086547852 283.36173248291 334.191082000732 357.963077545166 480.693351745605 393.514168739319 446.307374954224 504.114067077637 450.059028625488 491.3561668396 475.927467823029 376.198333740234 410.864639282227 465.115517139435 380.502548217773 343.695861816406 97.857177734375 435.701763153076 625.751739501953 870.389652252197 541.007961273193 619.351558685303
331.952186584473 449.826616287231 271.440040588379 422.533451080322 580.359893798828 550.193328857422 401.446622848511 173.768173217773 270.980171203613 453.442108154297 565.456008911133 496.206771850586 385.729343414307 401.985054016113 333.294008255005 478.187072753906 157.862899780273 294.666427612305 334.922336578369 321.249683380127 264.613899230957 362.285312652588 291.318748474121 362.926206588745 302.923713684082 268.727195739746 265.78247833252 404.650552749634 336.060661315918 230.627075195312 352.867115020752 438.538631439209 424.639448165894 360.837484359741 483.283336639404 431.560216903687 293.923690795898 466.658446311951 493.670224189758 491.158575773239 581.259269714355 520.882623672485 410.562459945679 270.762222290039 271.558303833008 665.712036132812 384.793762207031 867.48184967041 421.146003723145 539.908767700195
540.591907501221 363.255100131035 340.079942703247 528.533218383789 524.1826171875 480.981384277344 303.646430969238 342.597938537598 333.860774993896 264.444732666016 304.868072509766 334.540283203125 198.195327758789 307.791450500488 477.837890625 293.915927886963 394.313510894775 368.313234329224 235.531555175781 242.290313720703 331.943781852722 472.79955291748 468.681495666504 366.842364311218 288.561531066895 339.382472991943 286.347290039062 406.786739349365 335.503025054932 400.778117656708 421.298486709595 462.564002990723 487.806816101074 469.17317199707 400.851615905762 616.062774658203 312.943893432617 679.978958129883 510.750949859619 238.613739013672 409.437614440918 567.8141746521 383.611621856689 573.452880859375 508.127975463867 607.534332275391 366.285346984863 491.28671836853 681.984489440918 761.720634460449
243.351684570312 338.048086166382 368.268337249756 470.34065246582 545.700172424316 419.725704193115 341.231393814087 315.106475830078 207.981628417969 385.53328704834 404.299251556396 329.975997924805 186.345321655273 247.940788269043 349.108255386353 307.0732421875 442.06079864502 298.421340942383 366.714044570923 317.781589508057 421.009578704834 291.996147155762 323.839015960693 418.745777130127 521.709632873535 346.073425292969 306.752075195312 311.373641967773 402.848213195801 326.004364013672 325.296600341797 415.65175151825 446.714460372925 402.886524200439 399.664932250977 591.328216552734 538.163848876953 375.945198059082 437.441352844238 464.205490112305 490.059162139893 419.504386901855 728.42253112793 558.407220840454 649.76097869873 748.897575378418 739.887954711914 599.387477874756 689.112106323242 592.727146148682
516.831797719002 411.533922195435 418.662963867188 404.498998641968 450.007148742676 461.159484863281 262.460060119629 326.275651931763 270.278213500977 333.572828292847 211.852355957031 433.972518920898 313.691486358643 99.2786254882812 316.710983276367 332.535591125488 385.829849243164 383.002334594727 474.353439331055 195.052139282227 435.253662109375 527.557510375977 356.049436569214 417.996688842773 307.299797058105 284.659568786621 370.321487426758 354.205291748047 321.871208190918 324.875907897949 419.616820335388 326.905433654785 421.692955493927 495.786491394043 635.180374145508 389.009521484375 431.318695068359 437.738918304443 290.893096923828 396.862678527832 631.077239990234 639.447456359863 716.485176086426 447.685136795044 450.426792144775 480.343116760254 717.895469665527 482.521125793457 750.172103881836 688.945007324219
379.396059036255 422.285373687744 400.420761108398 339.324207305908 451.628784179688 458.944511413574 338.004890441895 247.535903930664 234.855072021484 481.681396484375 258.350074768066 254.846321105957 203.344757080078 197.698104858398 307.376346588135 311.718564987183 237.14672088623 337.648545265198 439.137283325195 348.721817016602 384.153911590576 437.172370910645 448.647132873535 332.942276000977 359.300939559937 316.055641174316 421.034954071045 378.463901519775 409.740917205811 373.588108062744 231.225372314453 308.162132263184 374.906650543213 479.643741607666 398.954719543457 413.910202026367 432.974533081055 513.928275108337 457.475082397461 589.204653739929 765.802764892578 522.956729888916 743.411190986633 733.806683778763 478.209867477417 416.032493591309 438.731132507324 488.00087928772 453.763912200928 512.45948600769
431.011463165283 352.509657859802 301.341951370239 357.96605104208 329.157325744629 293.865707397461 474.34748840332 333.179565429688 322.188175201416 231.460227966309 322.718671798706 455.967102050781 362.590530395508 179.749694824219 224.866592407227 261.436576843262 493.247131347656 413.448463439941 190.914855957031 394.761444091797 439.541069030762 362.665029525757 309.141693115234 361.11124420166 516.812370300293 364.442415237427 417.579345703125 276.927284240723 218.476272583008 175.79052734375 325.773963928223 321.520515441895 432.776081085205 614.290344238281 464.310117721558 597.659866333008 493.244696125388 422.836273193359 602.951446533203 678.63409614563 546.176826477051 389.052375793457 553.609230041504 378.956115722656 488.068047523499 407.609916687012 482.836809158325 603.71272277832 460.424842834473 565.743648529053
347.047752380371 266.15860748291 357.336563110352 322.895707130432 512.013534545898 399.365936279297 312.961503982544 320.078716278076 320.091597080231 93.9139099121094 362.728193283081 372.547113418579 184.19010925293 357.170318603516 170.725616455078 205.255920410156 185.093811035156 287.777824401855 331.020397186279 407.991077423096 327.153701782227 337.717985153198 404.409820556641 542.726303100586 448.137210845947 377.749087333679 414.319110870361 319.826217651367 285.397407531738 235.052108764648 208.340606689453 206.046920776367 422.221252918243 509.986682891846 348.675086975098 476.143853187561 454.381965637207 678.650025367737 604.025897979736 620.175193786621 478.970316886902 476.281585693359 577.167793273926 478.357244491577 563.006233215332 683.429611206055 564.8356590271 663.400955200195 581.657207489014 586.591857910156
333.741264343262 443.257263183594 394.217456817627 495.814086914062 430.148220062256 272.011322021484 328.649875640869 467.768493652344 309.454902648926 341.135341644287 198.914764404297 183.545562744141 399.636344909668 324.650310516357 88.7264404296875 304.050846099854 162.918518066406 277.911331176758 296.236919403076 401.508489608765 416.267665863037 395.087730407715 486.726470947266 466.614456176758 463.158325195312 367.18025970459 350.854625701904 469.420143127441 535.622520446777 317.395866394043 310.243995666504 354.987861633301 468.801204681396 442.198490142822 407.120399475098 390.04377746582 737.992401123047 550.976621627808 479.349411010742 570.252096176147 424.574783325195 620.098754882812 652.798938751221 567.892333984375 625.748482704163 507.54044342041 551.794998168945 534.011375427246 734.464576721191 705.50838470459
512.409645080566 358.227220535278 448.824207305908 565.667343139648 554.23161315918 368.407493591309 359.839931488037 240.604454040527 377.654648065567 325.465042114258 233.097351074219 286.732810974121 266.0107421875 244.421691894531 261.548004150391 267.111450195312 299.422409057617 314.901969909668 399.921859741211 432.01091003418 484.37141418457 279.63117980957 664.371215820312 634.048278808594 555.828018188477 467.612968444824 467.450439453125 405.510952949524 397.712471961975 354.481033325195 390.010055541992 430.018593788147 491.040657043457 469.884430408478 365.921440124512 332.430686950684 639.915046691895 532.444347381592 531.336444854736 413.615306854248 477.695901870728 562.152694702148 660.851833343506 703.150039672852 616.513941764832 -9999 -9999 831.97974395752 547.570236206055 803.277900695801
437.984169006348 477.643402099609 447.335964202881 568.093444824219 491.093719482422 427.121559143066 424.071586608887 350.276757240295 262.876762390137 383.764533996582 226.90274810791 316.216703414917 422.875358581543 369.265307426453 310.089168548584 217.892517089844 391.28182220459 350.620774269104 376.072196006775 486.779296875 510.218215942383 323.152770996094 464.457572937012 317.864356994629 485.506134033203 435.66056060791 461.462238311768 329.338256835938 158.832427978516 251.836334228516 411.428344726562 466.522953033447 477.318616867065 471.792823910713 370.776443481445 882.900871276855 454.964981079102 452.542182922363 370.276306152344 322.369903564453 635.70298576355 565.988700866699 -9999 -9999 -9999 -9999 -9999 -9999 -9999 -9999
383.192115783691 488.04158782959 542.943832397461 378.524656295776 454.023681640625 211.972732543945 355.346193790436 232.557632446289 391.372463226318 426.000877380371 433.551933288574 381.777809143066 282.061443328857 365.356602668762 199.575149536133 388.956592559814 379.998540401459 181.493408203125 335.647541046143 398.6751537323 310.392768859863 439.411293029785 387.90375328064 299.777961730957 616.318771362305 437.749713897705 316.008651733398 373.891220092773 495.002388000488 300.026565551758 333.927406311035 230.431900024414 458.653396606445 388.713493347168 407.021282196045 370.640121459961 517.491832733154 577.128432258964 451.348361968994 520.956787109375 633.371049880981 -9999 -9999 -9999 -9999 -9999 -9999 -9999 -9999 -9999
