export/dem/dem72.asc
NCOLS 350
NROWS 171
XLLCORNER 152620
YLLCORNER 418050
CELLSIZE 100
NODATA_VALUE -9999
[rows 66 to 87 of 171, columns 150 to 199 of 350]
543.667644500732 600.41650390625 327.912109375 528.834642410278 448.458625793457 506.279796600342 605.663196563721 724.21955871582 623.998805999756 476.900032043457 658.44612121582 658.665641784668 594.56965637207 495.246788024902 381.598342895508 464.945152282715 596.325679779053 558.772064805031 799.10823059082 570.200373888016 750.572189331055 646.056007385254 713.411071777344 590.301283836365 511.795864105225 674.225730895996 518.275093078613 621.926826477051 538.108234405518 592.40874671936 655.942207336426 705.163932800293 563.06205368042 473.613471984863 534.002380371094 732.248054504395 509.912963867188 637.854341506958 550.498119354248 413.345718383789 673.082862854004 637.001267433167 540.643081665039 744.926414489746 780.534942626953 732.668998718262 752.994506835938 705.470367431641 727.554443359375 757.795303344727
659.122665405273 421.317749023438 501.159294128418 466.27774810791 436.202270507812 644.896980285645 630.144622802734 628.312019348145 540.953242778778 687.97240447998 674.102333068848 551.862279891968 605.946781158447 481.140800476074 601.891021728516 453.226943969727 568.546527862549 602.981994628906 620.216800689697 704.247207641602 599.987451553345 671.214744567871 738.603286743164 604.799808502197 665.470993041992 682.485939025879 803.13249206543 505.14119720459 608.478809356689 645.897899627686 670.581356048584 585.598901748657 522.558563232422 624.791400909424 568.974552154541 507.095336914062 658.792598724365 622.939535140991 648.658630371094 601.787922382355 519.398712158203 533.336952209473 674.591514587402 634.716802597046 575.812644958496 534.04434967041 602.852981567383 730.585327148438 619.775991439819 603.782703399658
606.58683013916 497.778022766113 456.294486999512 464.546630859375 489.160877227783 518.644756317139 536.789649009705 585.374877929688 499.628059387207 625.810675621033 617.108242034912 767.619064331055 460.353141784668 615.908554077148 675.301513671875 514.182098388672 762.519515991211 625.262630462646 547.22677230835 726.310989379883 561.045560836792 545.877269744873 599.505054473877 567.906572341919 558.616626739502 567.963370323181 546.23059463501 662.651161193848 722.169128417969 516.024253845215 457.089431762695 700.432609558105 548.700439453125 772.495834350586 469.314361572266 509.153930664062 493.262306213379 583.577625274658 669.69140625 507.404739379883 543.319267272949 689.192977905273 531.401977539062 597.184967041016 567.118873596191 504.379745483398 568.370399475098 750.857971191406 763.972061157227 746.996337890625
479.95182800293 450.230514526367 504.068290710449 467.828910827637 401.255676269531 533.742221832275 564.680501937866 555.239192724228 772.119537353516 627.037492752075 607.010032653809 465.566116333008 619.085311889648 549.531361579895 476.0029296875 588.106386184692 645.96556854248 729.936019897461 649.480918884277 689.923583984375 664.500846862793 615.774837493896 638.600868225098 644.314437866211 617.17565536499 630.839256286621 465.718955993652 666.885139465332 561.88613319397 435.602966308594 495.689529418945 682.116760253906 558.385585784912 677.982711791992 703.463317871094 690.591865539551 489.409477233887 577.232398986816 468.259918212891 654.706638336182 506.559638977051 568.391929626465 606.07360458374 370.451599121094 590.581497192383 538.345779418945 520.566635131836 686.609340667725 644.694458007812 659.947872161865
437.233825683594 487.833656311035 499.046897888184 495.384643554688 461.473434448242 597.755218505859 571.170846939087 632.527854919434 569.839202880859 670.082389831543 628.55052947998 621.758522033691 556.372001647949 639.049781799316 510.967929840088 484.77320098877 626.607620239258 595.470972061157 650.093765258789 463.513053894043 584.509922981262 503.517730712891 600.279884338379 704.752723693848 725.359924316406 624.713819503784 545.863096237183 554.551719665527 622.105922698975 631.492700576782 526.131126403809 662.016159057617 645.949203491211 610.680952072144 510.522689819336 539.970653533936 648.6081199646 584.693502426147 526.810089111328 583.695528030396 478.802642822266 548.97131729126 539.100250244141 582.975796699524 516.79744720459 553.377479553223 575.330772399902 510.494338989258 522.004699707031 702.768646240234
513.04415512085 729.698364257812 486.678428649902 623.061370849609 635.405899047852 674.26921081543 539.559798717499 725.305938720703 721.782440185547 544.093011260033 564.002458572388 600.524612426758 636.374168395996 494.338581085205 667.571800231934 588.259233474731 442.765869140625 536.554641723633 481.165245056152 458.012321472168 461.022407531738 457.992568969727 605.989602088928 753.909194946289 585.721750259399 656.992847442627 672.974739074707 726.434982299805 690.368949890137 700.9033203125 639.781436920166 505.007659912109 560.149730682373 540.893196105957 584.520013809204 564.865211486816 737.49235534668 496.679763793945 557.667575836182 554.382392883301 667.252639770508 767.977813720703 466.62287902832 600.441089630127 403.683532714844 581.203887939453 487.052551269531 529.486549377441 443.688827514648 551.783615112305
509.246076583862 471.376770019531 451.58602142334 516.06890296936 532.755474090576 564.102424621582 611.287780761719 555.183158874512 550.312661886215 537.876930236816 520.590139389038 447.294219970703 606.732372283936 700.981643676758 692.909606933594 660.011863708496 761.545303344727 589.615171670914 549.491828918457 631.166227340698 493.382308959961 611.619684696198 552.011360168457 734.518585205078 579.956983566284 731.813995361328 636.318817138672 657.960529327393 581.806009292603 708.763549804688 570.971839904785 581.553030014038 604.150829315186 510.358158111572 571.989812850952 504.265441894531 693.222320556641 428.477157592773 737.804916381836 475.357643127441 591.41290473938 473.545745849609 623.630336761475 567.435482025146 454.356201171875 607.747734069824 469.494094848633 485.541091918945 512.96607208252 586.853191375732
437.988647460938 531.500471115112 564.694194793701 677.342185974121 597.367324829102 622.246246337891 635.481185913086 684.256851196289 652.093933105469 592.633659362793 446.284301757812 657.039176940918 774.41633605957 740.439834594727 552.904307842255 633.466033935547 741.802947998047 584.552074432373 575.750129699707 601.49977684021 419.318695068359 583.925411224365 594.311317443848 591.524532318115 526.141929626465 683.564895629883 649.723545074463 531.210563659668 592.437522888184 654.581035614014 542.38117980957 487.69743347168 563.007598876953 664.56275177002 554.70013999939 705.048332214355 677.442428588867 695.673698425293 629.960704803467 589.118835926056 521.152618408203 580.462152481079 632.842002868652 489.786544799805 591.111552238464 656.445241928101 330.303680419922 529.917846679688 498.058288574219 465.341369628906
457.976943969727 603.587413787842 629.531257629395 679.713920593262 474.95930480957 507.537498474121 638.467102050781 571.657953262329 549.94721698761 593.296359062195 591.843593597412 632.760322570801 713.166549682617 649.551963806152 564.72550535202 724.787475585938 626.037902832031 650.449844360352 563.574466705322 578.327928543091 611.258599281311 609.45503616333 632.364980697632 495.336700439453 528.03662109375 677.28540802002 608.302107334137 578.346214294434 581.570140838623 539.621288299561 693.613609313965 562.740034103394 438.693969726562 639.329078674316 733.187789916992 648.75333404541 678.929267883301 653.933269500732 659.167182922363 468.761665344238 667.021347045898 558.937070846558 599.610277175903 574.256628036499 630.909870147705 506.41764831543 574.925050735474 477.733016967773 470.669876098633 599.165822982788
748.779296875 721.306930541992 573.959795951843 561.921991944313 675.432495117188 641.012344360352 537.836990356445 486.267845153809 480.520660400391 554.95704460144 498.863647460938 588.576054573059 507.260414123535 714.616256713867 668.806663513184 651.679922103882 578.451091766357 669.518905639648 701.59415435791 642.978015899658 533.854179382324 582.611343383789 591.165992736816 662.771778106689 704.938517570496 650.046539306641 650.551424026489 568.868133544922 511.81046295166 536.215377807617 465.665298461914 473.513198852539 614.938541412354 665.758811950684 584.424882888794 746.858856201172 597.507663726807 677.637580871582 544.922416687012 636.857692718506 672.891223907471 449.383911132812 661.655712127686 695.406303405762 622.16056060791 657.037120819092 691.90438079834 568.728439331055 551.336849212646 625.549904823303
713.086223602295 711.195541381836 842.147720336914 993.96403503418 492.138710021973 548.680746078491 621.334138870239 637.015205383301 621.888961791992 565.231125354767 509.292266845703 664.236236572266 617.054119110107 710.616920471191 591.986904144287 671.441524505615 562.729251861572 616.819437026978 687.534744262695 634.148886680603 590.641830444336 625.98221206665 567.515899658203 640.928926467896 731.535455703735 520.728561401367 546.615943908691 559.502624511719 605.52719783783 575.108201980591 623.627597808838 483.87166595459 619.679504394531 685.659881591797 778.769638061523 637.392345428467 701.678146362305 645.783149719238 699.738006591797 592.714246749878 507.906478881836 542.288551330566 684.662796020508 650.407836914062 544.490142822266 685.714912414551 519.415412902832 571.645477294922 558.976181030273 650.987113952637
687.23225402832 702.30827331543 806.890182495117 714.202033996582 513.179870605469 730.898588180542 591.9723777771 570.783219099045 594.682165145874 679.38703918457 575.676617145538 516.215927124023 785.91374206543 732.615844726562 584.750231266022 477.515777587891 698.503326416016 534.281044006348 595.589096069336 782.18896484375 633.532181739807 697.121067047119 585.679481506348 655.867162883282 720.622589111328 728.382629394531 497.522872924805 602.992786407471 709.826591491699 595.089202880859 659.373020172119 628.31028175354 651.89221572876 529.526756286621 469.287925720215 611.765497207642 632.89870262146 718.275016784668 606.383845329285 616.458807945251 727.748962402344 620.709140777588 587.025349617004 637.544387817383 476.143913269043 542.817901611328 504.654670715332 623.572862625122 542.225482940674 559.537456512451
600.730018615723 587.660673141479 521.761690139771 710.191474914551 628.247680664062 588.599856376648 544.624801635742 757.376800537109 653.375358581543 574.08581161499 726.890396118164 576.349052667618 634.42663192749 454.666023254395 685.611373901367 600.867406845093 581.446029663086 707.192901611328 732.895568847656 742.669578552246 615.698516845703 699.531288146973 662.259780883789 436.699867248535 481.022552490234 453.750076293945 577.654754638672 497.870758056641 614.850254058838 517.261322021484 750.910217285156 611.213228225708 590.790706634521 470.56160736084 684.580142974854 630.92879486084 668.694801330566 735.787338256836 530.012538909912 497.173309326172 612.119290351868 638.635498046875 687.910469055176 701.323776245117 691.303680419922 652.599872589111 541.727729797363 643.370311737061 555.396343231201 598.618816375732
528.489957809448 537.745834350586 574.290335178375 852.757507324219 685.654728889465 648.119831085205 654.496433258057 684.363334655762 646.496253013611 646.730512619019 619.508812904358 681.102500915527 524.517795562744 451.875427246094 777.341083526611 739.151260375977 678.81471824646 691.431656837463 732.41325378418 620.179156303406 625.475751876831 604.598538994789 504.390235900879 486.147258758545 516.253982543945 660.851306915283 650.756906509399 627.970483779907 558.145149230957 688.457622528076 601.390071868896 610.855125427246 641.453155517578 766.821788787842 507.090789794922 479.867935180664 669.841896057129 661.885719299316 567.888074874878 515.539405822754 465.340560913086 697.615310668945 623.514144897461 659.502964019775 622.815469741821 662.176212310791 636.335607528687 756.812149047852 606.945545196533 506.055038452148
662.311737060547 401.356317520142 438.172691345215 743.392726898193 612.760410308838 672.59041595459 552.872438430786 600.982900619507 772.814277648926 615.648368835449 647.530860900879 639.380153656006 671.637756347656 789.978141784668 843.079368591309 663.25164604187 712.364944458008 622.615180969238 557.632585525513 749.002876281738 697.562994003296 572.142486572266 579.060455203056 510.991752624512 622.265695571899 592.554878234863 606.771102905273 428.364776611328 720.406051635742 623.146425247192 554.754524230957 771.840515136719 489.555038452148 527.873992919922 688.606212615967 631.162607192993 566.472640991211 654.137496948242 504.721908569336 566.006627321243 588.46186542511 395.044616699219 665.82935333252 591.373958587646 487.072151184082 734.31884765625 661.76782989502 681.650409698486 566.133403778076 661.920886993408
771.881050109863 809.352966308594 439.425537109375 834.815185546875 626.928611755371 633.07292175293 676.973098754883 636.195343017578 622.348389625549 702.538627624512 751.198440551758 882.581237792969 680.483541488647 1010.55027770996 796.684581756592 701.732635498047 606.828712463379 980.641326904297 683.664739608765 729.30517578125 463.355438232422 425.463134765625 641.135143280029 520.8079662323 646.116055488586 639.78023147583 701.115272521973 545.923385620117 669.296933174133 615.564910888672 521.25318145752 630.330229282379 605.406967163086 470.945114135742 585.976722717285 544.324234008789 423.545471191406 734.219299316406 612.086678981781 661.082626342773 643.3310546875 695.604682922363 582.978244781494 626.130843877792 712.123237609863 794.657653808594 800.316223144531 626.508306503296 674.283779144287 705.276821136475
668.862728118896 535.24291229248 718.310180664062 827.989698410034 927.548065185547 792.944149017334 801.025619506836 818.447585105896 684.579444885254 1156.07713317871 589.807567596436 722.312973022461 687.112724304199 546.330833435059 459.545349121094 465.556419372559 646.033535003662 598.896614074707 811.779477357864 757.326301574707 613.709445953369 616.178508758545 723.260833740234 559.027229309082 659.661476135254 676.386067390442 461.779006958008 543.353645324707 535.702407836914 586.380735397339 529.897399902344 658.540121078491 517.693153381348 649.400604248047 641.988149642944 647.561014175415 611.001344680786 648.713970184326 561.523788452148 737.172943115234 730.017997741699 653.469886779785 746.756538391113 684.410171508789 770.12784576416 504.82258605957 715.007820129395 573.355346679688 518.085159301758 600.705078125
691.800567626953 746.519424438477 601.22953414917 408.961448669434 553.626976013184 745.156372070312 676.548233032227 814.769085645676 710.964042663574 961.804233551025 676.230590820312 498.411214828491 629.710510253906 575.191383361816 473.840230941772 641.00048828125 583.901668548584 556.256271362305 671.737041711807 844.944374084473 466.885078430176 445.604530334473 628.662048339844 565.303385734558 607.745571136475 606.050464630127 671.694609642029 627.238231658936 568.677917480469 744.059967041016 625.664093971252 640.70855140686 712.537910461426 673.175895690918 532.483207702637 474.285873413086 640.636980056763 568.03787612915 743.619323730469 703.189056396484 597.797956466675 561.170219421387 762.926940917969 683.844757080078 767.701950073242 617.935089111328 684.347797393799 642.214454650879 620.676315307617 570.642333984375
681.700271606445 635.092435836792 442.369049072266 565.815460205078 409.166843414307 578.635805130005 596.623542785645 785.9365234375 573.057628631592 744.160331726074 808.592895507812 526.050323486328 817.128234863281 650.622026443481 532.259071350098 851.049774169922 439.700035095215 541.43860912323 450.040710449219 1101.45913696289 665.937911987305 499.734962463379 790.455902099609 683.852333068848 692.128402709961 623.233192443848 509.489028930664 737.523036956787 734.065605163574 492.358695983887 578.943162918091 555.252201080322 796.753524780273 689.241411209106 752.528907775879 820.885208129883 652.42658996582 652.307281494141 549.192321777344 519.499298095703 600.975650787354 762.095161437988 755.856002807617 849.019790649414 745.169807434082 686.016729354858 765.770263671875 664.051228523254 536.225624084473 701.305450439453
583.514183044434 626.998008728027 621.125103473663 733.100479125977 644.930377960205 675.108207702637 506.053129196167 699.76244354248 660.925342559814 864.85334777832 747.256282806396 741.13516998291 847.233184814453 690.889812469482 687.396884918213 790.992748260498 612.258527755737 611.16136932373 733.077774047852 883.833145141602 641.270797729492 551.003601074219 722.850310325623 671.054885864258 984.832604408264 636.279907226562 451.686706542969 645.06143951416 574.333644866943 546.255195617676 619.958557128906 541.563179016113 658.255138397217 654.828357696533 478.229354858398 585.863845825195 564.808826446533 543.810050964355 710.60661315918 598.442655563354 507.172988891602 631.40177154541 666.838220596313 583.573532104492 733.498664855957 594.035354614258 735.047245025635 493.913681030273 602.394386291504 685.925789833069
498.908415794373 807.286254882812 566.914749145508 751.687187194824 -9999 -9999 -9999 -9999 -9999 -9999 -9999 -9999 -9999 -9999 -9999 789.953460693359 917.886688232422 754.983480453491 864.663223266602 703.169219970703 584.123306274414 712.272338867188 523.054405212402 584.197311401367 616.563133239746 580.733974456787 1021.29079818726 796.992744445801 659.029418945312 946.912407875061 622.585868835449 613.77801990509 661.418971300125 557.472839355469 603.022369384766 541.186027526855 814.552383422852 698.148231506348 584.05797958374 800.910186767578 647.098402500153 692.673000335693 614.420623779297 490.532302856445 409.154693603516 653.564346313477 592.00732421875 743.956077575684 555.706474304199 745.134857177734
-9999 -9999 -9999 -9999 -9999 -9999 -9999 -9999 -9999 -9999 -9999 -9999 -9999 -9999 -9999 -9999 -9999 -9999 733.661455392838 706.726993560791 710.188676834106 756.515250205994 746.555230617523 528.634696960449 662.363227844238 474.48503112793 642.186454772949 595.623863220215 615.584144592285 748.825378417969 573.721718549728 1106.4878616333 528.066284179688 557.478157043457 606.769943237305 736.903991699219 627.02791595459 637.286081552505 641.365968465805 696.039131164551 565.239379882812 682.858098983765 712.209758758545 538.452186584473 596.376960754395 649.392643928528 582.722915649414 535.656051635742 612.864883422852 571.263801574707
