export/dem/dem70.asc
NCOLS 350
NROWS 171
XLLCORNER 152620
YLLCORNER 418050
CELLSIZE 100
NODATA_VALUE -9999
[rows 66 to 87 of 171, columns 150 to 199 of 350]
361.446975708008 510.414779663086 403.003448486328 575.117822647095 585.504976272583 496.463233947754 418.199768066406 453.51749420166 502.547119140625 503.847473144531 505.913780212402 443.666519165039 347.342727661133 507.189685821533 426.977828979492 443.423393249512 400.724304199219 452.139862060547 474.602325439453 481.5263671875 502.571334838867 569.754055976868 480.696762084961 598.359785079956 530.997127532959 636.83325958252 570.371605873108 771.722549438477 673.411544799805 561.415954589844 672.438690185547 684.279739379883 605.743499755859 718.013687133789 636.856945037842 519.770790100098 582.294078826904 486.118072509766 618.536477088928 572.048648834229 577.851293563843 624.464444637299 813.957122802734 677.130599975586 680.008884429932 434.509918212891 409.766052246094 543.679344177246 819.595016479492 910.573120117188
424.816413879395 490.547958374023 467.784996032715 574.629150390625 431.14208984375 520.233682632446 526.438840866089 430.223793029785 510.259605407715 603.534503936768 785.074081420898 584.795219421387 442.759765625 530.417518615723 500.42748260498 490.947120666504 517.023845672607 617.405185699463 421.117782592773 527.521831512451 390.689208984375 497.4716796875 687.115562438965 636.380661010742 578.388333320618 528.759166717529 672.394226074219 678.978904724121 698.441856384277 628.584129333496 606.87102997303 553.287675857544 564.752655029297 555.318561553955 748.829879760742 502.922515869141 653.772762298584 571.337036132812 692.046195983887 611.83051776886 624.434986114502 735.727554321289 780.550170898438 810.273666381836 614.592113494873 591.41662979126 593.85648727417 688.165676116943 595.02486038208 704.218574523926
493.699405670166 491.426406860352 511.567497253418 504.892311096191 490.246810913086 610.488616943359 454.693061828613 550.085712194443 544.762336015701 515.171745300293 562.781171739101 489.361686706543 555.588935852051 627.590545654297 707.257263183594 661.508117675781 444.364112854004 499.500968933105 402.259719848633 684.190910339355 480.594924926758 614.305204391479 641.606262207031 657.365951538086 741.504989624023 538.863460540771 524.913108825684 662.24674987793 585.785752296448 576.172121047974 545.309677124023 596.562296867371 514.617858886719 604.328681945801 679.738243103027 657.196815490723 476.141990661621 570.350025177002 611.503884315491 494.158432006836 710.291091918945 700.480941772461 814.858520507812 628.221927642822 491.647041320801 675.509819984436 669.282775878906 581.838855743408 696.943923950195 609.401162803173
597.163410186768 471.386650085449 356.581497192383 608.781698226929 667.78099822998 566.400339126587 550.965768575668 523.812084197998 641.722286224365 523.944358825684 489.861351013184 483.761211395264 551.748589515686 561.320199579 613.813747406006 483.526710510254 399.887191772461 553.379484176636 631.877113342285 551.484509944916 429.272430419922 618.756488800049 611.094478607178 536.535697937012 733.492004394531 655.351257324219 484.698867797852 517.661117553711 697.654823303223 504.224281311035 620.453441619873 495.029083251953 593.164922714233 599.214632034302 757.797805786133 760.604949951172 476.435333251953 618.548783779144 607.299620628357 506.16397857666 527.690208435059 866.115966796875 597.052131652832 725.607322692871 686.843235015869 469.531585693359 576.370960235596 566.087562561035 539.437324523926 791.799652099609
538.990705490112 390.107070922852 566.697712898254 478.708145141602 611.840835571289 333.400299072266 438.026870727539 515.334814071655 467.284675598145 632.3017578125 526.188898086548 563.377111434937 600.966445922852 743.344360351562 470.409767150879 535.804927825928 510.615322113037 494.711524963379 481.40535736084 660.012916564941 474.120422363281 684.869773864746 416.316223144531 589.77857208252 681.53784942627 665.620346069336 558.447094917297 545.800495147705 564.517795562744 601.597108125687 533.402317047119 613.527007102966 644.093353271484 512.125617980957 700.009666442871 591.495154947042 472.50764465332 683.125457763672 499.378257751465 564.493835449219 627.299072265625 585.265942573547 465.106033325195 678.828102111816 721.755714416504 617.7473487854 636.343099594116 632.472768783569 641.925850868225 695.286849975586
613.74711227417 476.306297302246 522.667781829834 453.428657531738 434.055854797363 511.779890060425 527.724222183228 506.720607757568 601.159912109375 630.218109130859 543.093818545341 607.058193206787 593.034610748291 588.636116027832 701.097747802734 451.182647705078 472.258460998535 568.040263175964 572.992250680923 574.002733230591 668.340873718262 507.238334655762 530.410354614258 664.832969665527 592.179329872131 490.562156677246 612.348135232925 601.592050552368 621.997562408447 526.932975769043 622.563892364502 529.047962188721 609.846975326538 733.927474975586 633.796075820923 590.352623939514 735.145133972168 596.847362041473 670.478477478027 554.001220703125 528.079765319824 654.924787521362 544.63257598877 646.910415649414 627.441091537476 559.488864898682 859.711563110352 790.143768310547 703.741241455078 593.315212249756
579.351276397705 484.357948303223 350.425720214844 377.60807800293 360.74641418457 504.330902099609 645.965209960938 568.867126464844 492.14554977417 576.955898284912 581.343311309814 625.758720397949 584.707691192627 579.893043518066 703.195938110352 404.079772949219 441.935646057129 645.106094360352 482.590484619141 736.466903686523 575.906677246094 564.027206420898 655.716648101807 518.108757019043 524.071617126465 643.278400421143 533.049903869629 597.102502822876 512.904876708984 375.761596679688 439.177276611328 540.125034332275 610.22208404541 720.420364379883 630.592220306396 648.908676147461 723.095268249512 611.350078582764 563.90047454834 494.833618164062 717.049758911133 362.620498657227 610.417199134827 416.438049316406 572.876728057861 733.934425354004 730.005676269531 566.149234771729 553.40599822998 709.388053894043
615.78258895874 381.674545288086 405.58226776123 476.631538391113 499.853118896484 461.738014221191 517.672210693359 413.659271240234 560.507748126984 538.400388717651 582.621807098389 447.884979248047 540.812393188477 634.371917724609 666.552154541016 582.579185247421 444.027206420898 663.784194946289 594.820857048035 455.680709838867 575.073059082031 609.179237365723 579.996376037598 620.031769275665 627.552639007568 604.881492614746 430.015991210938 686.011680603027 440.162536621094 620.712795257568 524.712295532227 658.416744232178 581.905471801758 453.649551391602 627.399997711182 585.533567428589 646.782833099365 525.718719482422 533.410137176514 429.924362182617 477.074096679688 446.270065307617 710.91796875 731.394760131836 520.970069885254 686.657833099365 876.931915283203 664.173957824707 756.542068481445 627.942716598511
579.693885803223 688.88501739502 557.371596336365 462.98006439209 448.578346252441 479.460632324219 442.454261779785 387.738220214844 593.940250396729 616.111305236816 680.472755432129 524.80876159668 509.238563537598 557.263780593872 585.991605758667 608.235006332397 552.368846893311 396.428894042969 424.738555908203 539.177589416504 561.278263092041 640.673005580902 517.916725158691 656.475261688232 542.323078155518 601.394705235958 579.599014282227 491.193908691406 671.435047149658 462.244033813477 560.669166564941 509.122619628906 661.601608276367 636.475414276123 697.382606506348 652.428115844727 498.68253326416 657.281608581543 676.965965270996 664.374176025391 528.898040771484 357.445205688477 655.990520477295 575.784930229187 580.360120773315 510.802528381348 706.856758117676 542.492366790771 601.461899757385 414.920883178711
877.938640594482 731.181518554688 454.276931762695 486.758811950684 407.779449462891 534.435932159424 542.142888069153 638.936279296875 606.27823638916 520.634517669678 547.046068191528 638.086044311523 580.373623847961 584.749563932419 562.263946533203 486.078308105469 553.968894958496 663.710124969482 547.553466796875 587.390232086182 664.831699371338 694.432960510254 701.220191955566 645.203441619873 580.894592285156 546.411861419678 570.990543365479 642.800075531006 591.254634857178 635.153064727783 463.330787658691 521.533355712891 620.283813476562 643.306743621826 711.893630981445 489.895385742188 748.969223022461 548.031097412109 574.305153846741 606.788404464722 587.812355041504 577.997352600098 693.403503417969 555.934783935547 802.47087097168 765.687377929688 664.889602661133 580.153800487518 629.269556045532 702.389221191406
746.02335357666 508.434387207031 873.458480834961 1015.41288757324 531.870769500732 566.747078537941 539.320434570312 693.273773193359 601.472019195557 559.488759994507 549.253886401653 745.29524230957 556.918664932251 456.213943481445 692.871231079102 508.354339599609 596.78450012207 480.421981811523 358.49755859375 563.648849487305 694.782165527344 835.193756103516 663.128338813782 633.537815093994 641.244812011719 564.137727737427 435.018417358398 553.827392578125 518.920112609863 656.595001220703 608.708430290222 511.589431762695 665.826599121094 497.676940917969 591.353666305542 643.732818603516 501.784957885742 549.150718688965 621.10631942749 699.555908203125 789.308227539062 448.219573974609 703.128761291504 713.822219848633 746.271850585938 600.350354194641 702.034103393555 618.544054985046 695.143402099609 615.296745300293
511.965000152588 656.369300842285 779.612609863281 684.248302459717 626.136821746826 679.859283447266 745.294479370117 546.609558105469 534.018741607666 688.775779724121 611.3714427948 449.719169616699 584.81525015831 556.893224716187 613.329002380371 575.00122833252 545.184501647949 582.423648834229 568.841903686523 828.681442260742 654.764019966125 567.807708740234 618.351982116699 659.200211048126 682.692024230957 591.777267456055 561.399131774902 541.70809173584 652.186883926392 568.242454528809 480.104019165039 639.041202545166 528.279716491699 642.899929046631 520.901054382324 643.185321807861 669.623115539551 691.238883972168 612.522688865662 584.912561416626 544.976360321045 606.892632484436 596.587299108505 549.010135650635 670.360809326172 605.478471755981 639.333808898926 633.620082855225 780.719299316406 600.662294387817
663.396377563477 608.864822387695 490.841860294342 609.118935585022 726.406471252441 691.962455749512 699.236213684082 547.389099121094 499.897895812988 672.457118988037 634.794105529785 655.604621887207 542.92219543457 643.114753723145 636.483833312988 579.501945495605 721.987266540527 502.044494628906 562.83470916748 636.584842681885 739.186599731445 734.34285736084 685.17537689209 527.433263778687 522.369117736816 535.268524169922 538.443237304688 788.615356445312 570.114452362061 620.88378238678 677.447549819946 716.717407226562 582.347742080688 590.371373176575 546.943397521973 495.335113525391 623.868793487549 569.32098197937 613.812189102173 775.014312744141 715.890213012695 657.496639251709 684.674537658691 556.655765533447 615.250947952271 809.125579833984 685.351837158203 583.069414138794 586.304058074951 694.570976257324
807.581588745117 611.173294067383 663.438842773438 742.507778167725 658.471286773682 564.739265441895 639.633838653564 523.040157318115 569.901679992676 717.82829284668 559.689491271973 713.34529876709 630.803672790527 575.396561145782 739.932167053223 707.705390930176 577.358245849609 607.918159484863 597.582092285156 645.053465843201 690.530555725098 694.499313354492 648.038333892822 350.85856628418 540.042484283447 604.269268989563 697.893714904785 956.275726318359 729.188423156738 545.989158630371 711.205696105957 596.267890930176 662.27974319458 741.369579315186 667.947654724121 583.407222747803 584.052318572998 775.971740722656 572.215869903564 660.250396728516 771.622711181641 674.298191070557 681.302673339844 711.711761474609 654.898204803467 724.072578430176 488.092926025391 580.571960449219 579.726657867432 556.36311340332
672.523132324219 446.285383224487 517.803149700165 751.509244918823 722.750190734863 654.456069946289 688.750068664551 522.538478851318 796.017211914062 606.509855270386 556.587711334229 714.287040710449 655.874477386475 1101.14801025391 858.847305297852 590.472591400146 600.566661834717 675.769390106201 543.379917144775 611.003572463989 698.660085678101 625.022008895874 480.868850708008 522.82381439209 508.596626281738 698.799247741699 612.811193466187 646.164142608643 647.048069000244 794.483367919922 868.923263549805 593.806636810303 761.725067138672 770.182121276855 631.522221565247 686.68189239502 631.598028182983 614.624904632568 725.958435058594 467.558502197266 793.817398071289 562.49174118042 564.685749053955 629.000973701477 672.367012023926 543.220085144043 746.45051574707 557.078857421875 629.153576850891 452.291839599609
604.401153564453 698.161403656006 616.125801086426 992.637023925781 709.862163543701 648.89066696167 532.995864868164 477.689540863037 574.382633209229 705.30863571167 764.871803283691 963.189761161804 698.27640914917 1012.13286590576 924.072128295898 664.276357650757 671.977348327637 851.556793212891 698.584541559219 760.937110900879 547.026351928711 557.039016723633 597.909599304199 565.440528869629 629.047048091888 687.540765762329 796.233688354492 562.788986206055 714.945980072021 658.379961967468 644.057707905769 730.095932006836 741.149917602539 685.524948120117 737.534027099609 613.696632385254 397.418930053711 520.961708068848 644.663993835449 620.431686401367 609.055936813354 627.098924636841 568.635055541992 672.811363220215 502.249954223633 577.177806854248 692.090888977051 608.229621887207 632.490109443665 721.824989318848
788.487487792969 693.633583068848 540.486515045166 864.753383636475 937.22216796875 684.085945129395 662.650924682617 791.340179443359 710.860990762711 1073.40866088867 703.211074829102 481.206733703613 613.283517837524 801.337432861328 605.670372009277 621.462062835693 634.082223892212 755.384544372559 708.20849609375 691.829639270902 706.362438201904 556.713409423828 583.692558288574 490.027389526367 648.590544700623 769.601196289062 644.268521308899 692.797561645508 574.609252929688 576.54740524292 624.485000610352 629.796880245209 527.968215942383 626.811606347561 594.503482818604 638.13480091095 652.401702880859 550.466079711914 605.575400352478 596.738529205322 557.123405456543 549.67179107666 611.929866790771 589.720073699951 580.723621368408 581.108673095703 620.026027679443 561.742973327637 602.662727355957 495.245040893555
734.425354003906 631.731573104858 692.279922485352 590.581901550293 627.777709960938 897.629913330078 530.626430511475 952.274002075195 681.265350341797 987.833534240723 480.678893089294 497.329843521118 655.915588378906 573.646476745605 292.713012695312 496.6646900177 554.650058746338 594.200452804565 730.891674041748 980.669275283813 516.73509979248 478.281665802002 347.423950195312 375.114807128906 649.121912002563 591.478843688965 697.930194854736 780.668792724609 623.636695861816 602.957111358643 559.27628326416 675.021678924561 622.686696052551 613.073155403137 712.016654968262 562.986686706543 600.195055007935 577.64612197876 639.013023376465 746.02661895752 575.547660827637 512.522354125977 621.598112106323 653.41689145565 646.307793617249 633.464038848877 603.417598724365 628.044612884521 646.292520523071 629.214336395264
644.505481719971 609.15905046463 609.392440795898 510.470764160156 397.932847976685 695.279693603516 543.969581604004 708.89909029007 677.064373016357 680.384746551514 620.948517799377 562.85817527771 724.673358917236 580.017436981201 660.198434829712 640.918681383133 536.432622909546 430.821548461914 557.957180023193 842.40453338623 634.819591522217 444.409790039062 690.57502746582 572.243774414062 665.390983581543 695.2838306427 727.224575042725 705.538669586182 678.444705963135 608.091357707977 737.111999511719 709.400123596191 768.493576049805 648.432203292847 670.917533874512 603.169157028198 562.328910827637 574.64372253418 442.180465698242 636.531778335571 645.546007633209 812.068466186523 713.767639160156 698.621492385864 601.074275970459 552.959571838379 690.080595016479 634.316596984863 620.578289031982 701.686447143555
432.508445739746 582.722930908203 625.003740787506 657.778289794922 723.19548034668 721.210510253906 621.959106445312 741.56616973877 970.930847167969 689.978370666504 646.308563232422 869.180435180664 804.448526382446 741.122524738312 778.952781677246 785.582981109619 639.714469671249 519.059707641602 566.814842224121 630.244918823242 459.140151977539 431.995983123779 545.161712646484 474.201705932617 937.342472076416 590.277458190918 718.043678283691 693.509094238281 466.725234985352 403.104766845703 495.392791748047 519.363174438477 810.001838684082 733.447101593018 628.980024576187 570.84351348877 592.956691741943 543.697132110596 634.244239032269 546.502258300781 581.838176727295 474.439590454102 676.959369659424 647.36498260498 574.760589599609 596.26407623291 745.313564300537 707.736938476562 716.810092926025 613.781436920166
581.460342407227 625.253794670105 846.312278747559 886.91015625 -9999 -9999 -9999 -9999 -9999 -9999 -9999 -9999 -9999 -9999 -9999 792.673736572266 649.692451477051 658.201141357422 673.924072265625 496.827697753906 648.545159339905 629.191522598267 522.240875244141 575.85285949707 767.758110046387 626.248455524445 1015.96346664429 723.693689346313 585.251644134521 1041.53798675537 510.02364730835 619.727352619171 615.294647216797 613.131103515625 663.029109954834 733.87678527832 715.177856445312 703.184692382812 594.22730255127 532.405540466309 606.713489532471 576.341789245605 680.356842041016 617.328960418701 674.408159255981 693.382571220398 692.135736465454 622.789295196533 653.160308837891 651.19805431366
-9999 -9999 -9999 -9999 -9999 -9999 -9999 -9999 -9999 -9999 -9999 -9999 -9999 -9999 -9999 -9999 -9999 -9999 779.020130157471 680.284984588623 836.47021484375 663.262542724609 758.939595222473 732.333122253418 618.336711883545 530.155027985573 732.095325469971 812.696334838867 763.714492797852 522.999305725098 572.353748321533 1048.94893550873 690.83557510376 753.338172912598 665.691560536623 676.165756225586 521.188079833984 728.08837890625 546.948722839355 704.434698104858 595.629440307617 570.610633850098 652.582832336426 572.87744140625 567.154098510742 611.197952270508 784.802238464355 729.646800994873 535.186477661133 718.538261413574
