export/dem/dem72.asc
NCOLS 350
NROWS 171
XLLCORNER 152620
YLLCORNER 418050
CELLSIZE 100
NODATA_VALUE -9999
[rows 0 to 21 of 171, columns 100 to 149 of 350]
-9999 -9999 -9999 -9999 -9999 -9999 -9999 -9999 -9999 -9999 -9999 -9999 -9999 -9999 -9999 -9999 -9999 -9999 -9999 -9999 -9999 -9999 -9999 -9999 -9999 -9999 -9999 -9999 -9999 -9999 -9999 -9999 -9999 -9999 -9999 -9999 -9999 -9999 -9999 -9999 -9999 -9999 -9999 -9999 -9999 -9999 815.864532470703 626.788887023926 655.980112075806 652.262058258057
-9999 -9999 -9999 -9999 -9999 -9999 -9999 -9999 -9999 -9999 -9999 -9999 -9999 -9999 -9999 -9999 -9999 -9999 -9999 -9999 -9999 -9999 -9999 -9999 -9999 -9999 -9999 -9999 -9999 -9999 -9999 -9999 -9999 -9999 -9999 -9999 -9999 -9999 -9999 -9999 637.481353759766 694.614860534668 704.257293701172 664.995046615601 595.441835403442 704.075191497803 787.603141784668 795.972381591797 561.312077999115 490.792881011963
-9999 -9999 -9999 -9999 -9999 -9999 -9999 -9999 -9999 -9999 -9999 -9999 -9999 -9999 -9999 -9999 -9999 -9999 -9999 -9999 -9999 -9999 -9999 -9999 -9999 -9999 -9999 -9999 -9999 -9999 -9999 -9999 -9999 -9999 -9999 -9999 -9999 787.024644851685 873.043678283691 702.154055595398 692.192951202393 673.362533569336 737.668628692627 819.463409423828 666.233905792236 677.676097869873 668.950019836426 645.580602645874 642.991928100586 514.690029144287
-9999 -9999 -9999 -9999 -9999 -9999 -9999 -9999 -9999 -9999 -9999 -9999 -9999 -9999 -9999 -9999 -9999 -9999 -9999 -9999 -9999 -9999 -9999 -9999 -9999 -9999 -9999 -9999 -9999 -9999 -9999 -9999 -9999 -9999 785.404159545898 853.571704864502 763.785491943359 657.481990605593 766.941764831543 567.083095550537 558.996166229248 737.425651550293 739.321479797363 570.145072937012 601.019226074219 640.761978149414 626.481952667236 743.534008026123 610.075408935547 610.662864685059
-9999 -9999 -9999 -9999 -9999 -9999 -9999 -9999 -9999 -9999 -9999 -9999 -9999 -9999 -9999 -9999 -9999 -9999 -9999 -9999 -9999 -9999 -9999 -9999 -9999 -9999 -9999 -9999 -9999 -9999 -9999 -9999 727.740655899048 615.695724487305 699.090015411377 661.662757873535 592.768646240234 678.734268188477 672.358618736267 737.534790039062 720.064193725586 685.218824386597 691.33030128479 650.484376907349 684.762460708618 554.95654296875 607.432434082031 608.549407958984 603.102127075195 678.3532371521
-9999 -9999 -9999 -9999 -9999 -9999 -9999 -9999 -9999 -9999 -9999 -9999 -9999 -9999 -9999 -9999 -9999 -9999 -9999 -9999 -9999 -9999 -9999 -9999 -9999 -9999 -9999 -9999 -9999 -9999 752.312141418457 554.759595870972 619.366682052612 514.253623962402 565.816997528076 604.830642700195 622.075065612793 695.649383544922 654.261367797852 658.229997634888 754.742820739746 752.527683258057 761.392303466797 950.412338256836 788.640249252319 893.211311340332 896.566459655762 875.289033889771 711.811744689941 609.738082885742
-9999 -9999 -9999 -9999 -9999 -9999 -9999 -9999 -9999 -9999 -9999 -9999 -9999 -9999 -9999 -9999 -9999 -9999 -9999 -9999 -9999 -9999 -9999 -9999 -9999 -9999 -9999 508.29532623291 716.65397644043 654.056625366211 554.57022857666 670.396530151367 637.167572021484 509.18733215332 534.190391540527 492.999809265137 645.797191619873 696.624907493591 671.696231842041 775.895236968994 916.259567260742 861.971035003662 863.587776184082 795.714024543762 656.111474990845 617.012725830078 1044.14289474487 1029.4737663269 919.150796890259 1057.72290420532
-9999 -9999 -9999 -9999 -9999 -9999 -9999 -9999 -9999 -9999 -9999 -9999 -9999 -9999 -9999 -9999 -9999 -9999 -9999 -9999 -9999 -9999 -9999 -9999 727.499742031097 729.303990364075 584.506214141846 551.878566741943 616.170749664307 503.716293334961 567.66844367981 548.70357131958 656.214485168457 357.363693237305 544.900245666504 634.390533447266 525.955047607422 796.699821472168 578.076324462891 910.700073242188 826.171932220459 984.0048828125 1034.20314025879 821.739227294922 891.276420593262 1100.99423217773 1006.80805683136 1175.08919525146 1017.47429656982 1219.72342681885
-9999 -9999 -9999 -9999 -9999 -9999 -9999 -9999 -9999 -9999 -9999 -9999 -9999 -9999 -9999 -9999 -9999 -9999 -9999 -9999 -9999 -9999 735.498394012451 753.432506561279 682.448638916016 698.538864135742 598.746059417725 563.472038269043 508.480094909668 714.079071044922 587.808047294617 477.720855712891 723.518325805664 519.607780456543 501.437980651855 532.129005432129 519.502574920654 573.009323120117 629.381378173828 894.525924682617 902.845546722412 845.365173339844 587.672500610352 769.865173339844 683.725054264069 1027.98160171509 599.495681762695 539.628890991211 733.346961021423 709.099655151367
-9999 -9999 -9999 -9999 -9999 -9999 -9999 -9999 -9999 -9999 -9999 -9999 -9999 -9999 -9999 -9999 -9999 -9999 -9999 1051.42419815063 768.285249710083 683.690017700195 728.241764068604 570.956359863281 638.813217163086 583.05477142334 782.777633666992 656.167526245117 611.611259460449 484.703948974609 443.590942382812 728.768356323242 590.867408752441 524.274188995361 652.90648651123 641.667144775391 568.529890060425 666.313949584961 627.648555994034 727.654058933258 805.718132019043 923.363464355469 652.593772888184 734.702438354492 755.61531829834 712.068376541138 749.789295196533 488.793273925781 605.951843261719 797.886344909668
-9999 -9999 -9999 -9999 -9999 -9999 -9999 -9999 -9999 -9999 -9999 -9999 -9999 -9999 -9999 -9999 -9999 973.572761535645 844.585784912109 1045.01936340332 483.216918945312 742.921646118164 691.143074035645 611.940933227539 535.977327346802 770.69734954834 874.688735961914 753.181770324707 770.882949829102 617.078456878662 759.499305725098 567.406476974487 572.699226230383 567.167332172394 470.114776611328 623.076484680176 700.803100585938 699.88289642334 687.343231678009 692.913562059402 737.525188446045 536.224853515625 681.391218185425 810.055252075195 594.848289489746 829.842819213867 523.211212158203 748.406753540039 711.797828674316 610.815631866455
-9999 -9999 -9999 -9999 -9999 -9999 -9999 -9999 -9999 -9999 -9999 -9999 -9999 -9999 554.92130279541 572.672927856445 656.108100891113 881.777374267578 1003.43940544128 834.782455444336 859.839599609375 762.875076293945 545.920682907104 691.886863708496 915.755722045898 824.734161376953 754.40975189209 764.05558013916 801.762840270996 702.027782440186 675.740089416504 522.391616821289 499.646133422852 438.966415405273 576.361047744751 454.198905944824 591.207279205322 606.569564819336 768.014808654785 590.518486022949 738.669898986816 569.123893737793 525.651458740234 591.346748352051 574.308578491211 714.829322814941 577.244613647461 779.456115722656 742.653785705566 543.90283203125
-9999 -9999 -9999 -9999 -9999 -9999 -9999 -9999 -9999 -9999 -9999 -9999 637.511367797852 486.622528076172 569.370780944824 611.404853820801 534.321922302246 513.632881164551 997.95078086853 1063.03786468506 1022.72889328003 638.021022796631 623.348063468933 583.42140007019 760.454071044922 894.664978027344 827.937271118164 704.256923675537 727.282943725586 803.737129211426 633.715713500977 615.223167419434 372.816360473633 470.789588928223 493.468055725098 652.307060241699 734.317199707031 773.441062927246 711.089988708496 727.737308502197 569.609573364258 597.324180603027 711.751918792725 651.95814037323 620.710720062256 680.418464660645 668.852912902832 637.690719604492 737.392707824707 708.615303039551
-9999 -9999 -9999 -9999 -9999 -9999 -9999 -9999 -9999 -9999 760.423788070679 728.248260498047 697.705516815186 635.470367431641 592.150638580322 397.195068359375 538.894050598145 714.585426330566 528.589599609375 391.729873657227 672.765090942383 714.848579406738 532.142036437988 698.813891410828 791.076477050781 872.714218139648 845.972816467285 659.151947021484 688.128533363342 691.385765075684 450.964225769043 643.102111816406 492.547607421875 475.167102813721 471.51766204834 365.086791992188 718.560836791992 670.256299972534 718.097099304199 693.769409179688 785.877769470215 604.730751037598 621.758550643921 640.802503585815 599.007869720459 768.74040222168 667.850835800171 700.524936676025 630.829614639282 678.748062133789
631.439956665039 775.64514541626 745.688628196716 710.351515293121 726.854583740234 572.297306060791 572.494268417358 491.631381988525 556.468609571457 371.906372070312 563.939575195312 680.761270523071 670.909711837769 598.546821594238 523.354965209961 697.08423614502 517.34716796875 469.699317932129 669.476570129395 446.622589111328 494.597625732422 639.908504486084 736.483425140381 825.505554199219 825.624099731445 741.45580291748 696.588291168213 783.774887084961 661.390247821808 533.566429138184 461.133773803711 703.436393737793 510.92903137207 273.444854736328 410.834350585938 645.582000732422 621.867122650146 701.01139831543 607.937155723572 666.715209960938 609.148056030273 753.582191467285 473.637565612793 691.654067993164 609.595058441162 593.273194313049 608.454153299332 523.069580078125 573.822120189667 862.73469543457
698.999413013458 628.42268371582 719.272029876709 700.986740112305 618.836366653442 311.883255004883 345.849266052246 396.415699005127 414.474571228027 448.340051651001 755.012580871582 613.916450500488 604.083969116211 499.997604370117 596.945510864258 494.669921875 571.313148498535 530.902809143066 623.133094787598 619.603904724121 533.016723632812 686.663796186447 620.234525874257 821.868766784668 726.569389343262 544.887351989746 807.052612304688 543.078420639038 682.260749816895 593.816064834595 504.023632526398 573.465229034424 465.961524963379 449.486185073853 577.256580352783 637.038795471191 728.750301361084 672.325567722321 735.652297973633 510.359161376953 699.293445587158 619.987522125244 436.434326171875 577.966957092285 567.717758178711 1114.31988525391 773.545532226562 615.106964111328 606.713095664978 422.466064453125
527.171058654785 782.439064025879 854.243362426758 480.990432739258 630.643075942993 460.750540733337 470.978908538818 315.375991821289 375.58154296875 641.340446472168 680.644996643066 456.037288665771 346.323387145996 560.587203979492 254.116088867188 597.990264892578 689.321041107178 657.18595123291 686.26065826416 648.073112487793 704.418045043945 1177.75194168091 504.41780090332 626.597534179688 628.887210488319 721.429481506348 541.20810174942 786.432914733887 474.919933319092 554.941234588623 570.921112060547 776.677223205566 562.68872833252 858.247116088867 672.554634094238 774.79264831543 637.943862915039 573.991275978275 551.998149871826 599.892436981201 635.616069793701 581.860061645508 794.007736206055 762.290199279785 431.676055908203 513.961868286133 687.220994949341 555.198486328125 664.811855316162 655.278972625732
682.118591308594 635.063621520996 735.152961730957 520.049705505371 707.613059997559 590.885711669922 821.945362091064 1067.74998855591 501.641632080078 429.860992431641 472.674667358398 314.494598388672 486.078872680664 533.183990478516 448.03955078125 560.991859436035 634.91707611084 559.093658447266 432.766822814941 776.138870239258 564.946563720703 661.181755065918 600.658713340759 820.550384521484 657.76561164856 682.279312133789 585.018913269043 977.127456665039 656.326435089111 614.930683374405 586.412287712097 600.277320861816 572.429130554199 697.915176391602 631.68713414669 1231.37159156799 719.324932098389 483.549331665039 495.246978759766 615.197238922119 1205.72105789185 723.997077941895 573.36693572998 606.805816650391 701.965621948242 751.804672241211 812.359992980957 700.40824508667 700.61722946167 626.383838653564
670.138295650482 613.81502532959 1007.81265258789 588.18878364563 703.588539123535 494.908721923828 783.639640808105 1006.7672958374 516.569038391113 619.391166687012 685.471435546875 605.767417907715 599.000770568848 550.977630615234 383.815185546875 407.88623046875 588.617874145508 459.132705688477 441.3232421875 599.638931274414 556.662521362305 665.316925048828 510.907852172852 651.06472492218 344.264114379883 455.745613098145 378.335113525391 475.779678344727 1176.11415481567 762.662208557129 578.519790649414 861.291606903076 1138.51025009155 1182.09420776367 823.732980728149 1112.97326660156 1177.88833618164 777.754058837891 533.598419189453 704.056030273438 482.037750244141 559.892729997635 544.177150726318 499.28441619873 597.257415771484 635.927839756012 581.636604309082 681.104286193848 637.426706314087 634.479785919189
898.285369873047 895.84407043457 1244.67598342896 819.501365661621 889.559562683105 788.565866470337 1057.41993713379 1162.04288101196 1039.33000946045 665.298244476318 851.576133728027 968.474674224854 852.235427856445 821.430435180664 244.522888183594 1038.89559936523 589.744216918945 630.963554382324 507.508659362793 878.659057617188 788.603225708008 546.744857788086 597.256378173828 558.156295776367 1220.88372039795 924.898254394531 703.182151794434 666.195396900177 584.580380916595 652.826599121094 499.05394744873 484.794677734375 539.082538604736 650.556365966797 702.346530914307 1142.90856170654 498.132736206055 498.659149169922 512.72380065918 521.24494934082 659.999835014343 590.740816116333 664.908272027969 723.001770019531 678.296119689941 643.270087242126 704.456016540527 649.193473815918 626.608371734619 527.233741760254
714.381164550781 690.135131835938 652.180770874023 564.321178436279 647.107196807861 642.191444396973 824.196308135986 737.848342895508 850.439041137695 619.748329162598 729.592903137207 973.133918762207 594.169052124023 1009.30058193207 886.7578125 973.996337890625 1187.22243499756 1087.31578063965 576.911949157715 386.500839233398 564.785980224609 347.03498840332 998.935821533203 409.055633544922 661.214157104492 1114.87533569336 565.155536651611 647.678102552891 553.926731288433 403.898223876953 595.695514678955 566.675504684448 597.910658836365 750.595428466797 582.289421081543 623.213012695312 639.891212463379 420.67414855957 553.970581054688 705.755889892578 621.655616760254 539.575408935547 764.445838928223 573.855285644531 577.666168212891 643.39603805542 662.596321105957 550.636154174805 525.752212524414 621.257219314575
590.928756713867 605.202414035797 431.888687133789 463.178993225098 594.795289993286 830.113906860352 663.138376235962 875.334128379822 632.168243408203 735.514505386353 732.841203689575 822.533027648926 678.920729875565 703.478950500488 424.864288330078 2136.90515136719 1041.17791748047 595.435577392578 362.451141357422 1010.50902366638 860.675003051758 358.771789550781 411.986175537109 920.834808349609 959.258026123047 1526.71798706055 989.690963745117 689.9716796875 520.928909301758 584.026113033295 411.775421142578 671.464485168457 575.340921401978 585.303840637207 515.164665222168 506.422012329102 614.45454788208 554.201988220215 546.890609741211 670.178801774979 662.478010177612 546.517280578613 584.650173187256 654.747665405273 661.339111328125 663.728206634521 577.117630004883 652.131059646606 698.112510681152 652.706516385078
