export/dem/dem74.asc
NCOLS 350
NROWS 171
XLLCORNER 152620
YLLCORNER 418050
CELLSIZE 100
NODATA_VALUE -9999
[rows 88 to 109 of 171, columns 200 to 249 of 350]
554.366180419922 621.236167907715 648.199024200439 600.836151123047 680.818647384644 626.705221176147 592.890632629395 732.244445800781 549.134674072266 625.062621355057 597.883414268494 662.162090301514 609.809200286865 641.246049880981 588.215263366699 404.588729858398 778.852737426758 622.596015930176 711.790665626526 799.302085876465 703.05192565918 720.702754974365 545.492736816406 793.063140869141 742.278442382812 700.136989593506 687.931522369385 695.073980331421 669.123376131058 801.277381896973 557.593399047852 491.036346435547 599.741291046143 573.152740478516 788.163558959961 606.35510635376 875.582229614258 820.576507568359 858.317169189453 910.444274902344 769.577301025391 841.062091827393 866.014541625977 976.796546936035 829.586990356445 612.093536376953 796.304256439209 1048.96920776367 1045.06985473633 840.543816566467
630.398551940918 635.334693908691 459.042984008789 438.865982055664 537.0263671875 728.942092895508 706.930824279785 639.442593574524 715.44953918457 562.720077514648 701.294998168945 488.1025390625 546.593551635742 511.35196685791 481.749801635742 571.716625213623 654.224207878113 780.682548522949 737.306735992432 669.420098304749 570.71753692627 572.151512145996 735.506420135498 659.98518371582 820.418701171875 826.854263305664 560.679725646973 586.883003234863 678.183784484863 622.739233016968 633.733275413513 524.874244689941 651.791189849377 757.198623657227 544.89705657959 658.131641387939 595.163681507111 731.740097045898 743.061817169189 887.149658203125 824.868560791016 821.617546081543 770.570911407471 854.274457931519 840.669342041016 582.617622375488 627.920959472656 885.323036193848 984.036727905273 784.704681396484
661.815996646881 974.165512084961 662.120374679565 527.503540039062 597.173263549805 704.209121704102 747.030334472656 850.089996337891 530.703323364258 778.470764160156 780.828155517578 690.163764953613 687.483989715576 623.744872093201 514.636772155762 630.534875869751 644.831868171692 700.279674530029 673.340909957886 493.704925537109 673.974636077881 621.323791503906 638.233339309692 757.807060241699 804.976806640625 749.203742980957 747.291889190674 681.133505105972 682.476958274841 533.263595581055 478.125869750977 551.046501159668 664.123371124268 487.20728302002 732.725067138672 619.325393676758 629.772446155548 455.613403320312 689.306190490723 824.649017333984 773.628631591797 793.188346862793 737.3424949646 728.636367797852 763.288367271423 564.579254150391 662.186920166016 679.031707763672 938.152702331543 721.167869567871
381.816299438477 515.531951904297 764.325973510742 637.679811477661 594.950057983398 753.29833984375 611.992889404297 675.15934753418 683.280849456787 712.670974731445 730.846466064453 555.647132873535 637.875408172607 645.302082061768 651.230621337891 641.406010627747 611.921741485596 681.667507171631 640.815183520317 646.307985305786 672.183372497559 718.68928527832 725.893440246582 809.632553100586 799.312515258789 723.157985687256 658.840850830078 622.489360809326 682.170243263245 519.731170654297 508.268844604492 605.508255004883 669.883155822754 550.086524963379 696.296226501465 620.743600845337 523.78385925293 711.669544219971 779.774490356445 889.25700378418 697.825435638428 884.339385986328 787.422252655029 828.957009792328 698.986873626709 606.669044494629 735.923843383789 703.401676177979 965.849136352539 885.653877258301
582.382213592529 667.992500305176 380.190017700195 652.040321350098 758.61328125 630.422334671021 718.569007873535 685.899517059326 577.61544418335 730.68172454834 746.912109375 683.157585144043 683.686073303223 679.899520874023 670.486343383789 650.192632675171 629.560348033905 770.226097106934 605.170513153076 677.255107879639 585.840049743652 734.161361694336 735.321172714233 679.057376861572 747.020442962646 702.436363220215 749.613275527954 702.663867950439 661.764044523239 593.001350402832 477.271331787109 763.386699676514 563.595169067383 451.387481689453 602.659000396729 712.096031188965 529.569473266602 727.574829101562 588.35880279541 750.449935913086 678.408916473389 662.720977783203 701.342913627625 517.761856079102 699.48445892334 425.135070800781 583.582847595215 609.817245483398 745.775482177734 824.14958190918
622.804880619049 753.586616516113 849.628898620605 670.953414916992 641.358413696289 1025.15678596497 655.663330078125 716.913070678711 717.342658996582 691.144962310791 585.08878326416 817.196395874023 697.061912536621 570.021110534668 599.430746078491 510.06330871582 607.501239776611 536.645729064941 779.18920135498 882.430877685547 571.651405334473 702.992736816406 685.583229064941 735.501360416412 825.835350036621 621.218925476074 738.483506202698 586.293388366699 682.132144927979 543.565093994141 724.612461090088 742.783405303955 746.376418888569 764.71431350708 720.884363174438 607.555084228516 626.462608337402 668.429918289185 688.243313789368 798.453254699707 536.387992858887 573.14469909668 557.012191772461 543.416427612305 621.378568649292 623.347763061523 588.319511413574 787.715150356293 589.730728149414 668.235916137695
590.291633605957 645.200000762939 704.634174346924 698.959911346436 670.43395614624 598.558876037598 859.944793701172 525.50170135498 611.051147460938 660.518999099731 638.023454666138 575.453437805176 675.150405883789 541.530235290527 590.802179336548 713.612274169922 617.953481674194 502.962265014648 744.352996826172 782.173561096191 841.720626831055 723.053863525391 476.271537780762 774.504611968994 717.18660736084 695.15633392334 648.57096862793 703.7008934021 681.228837966919 589.859680175781 754.353630065918 754.788593292236 636.852661132812 658.294309616089 731.564043045044 735.479248046875 778.868339538574 620.007984161377 639.380821228027 622.497779846191 612.745948791504 707.029616117477 669.600889325142 742.436874389648 632.915821075439 549.567916870117 555.146629333496 545.802612304688 824.071350097656 908.578628540039
651.413419723511 700.504730224609 697.379833221436 780.624255657196 768.915390014648 671.599393844604 644.764070510864 643.696090698242 686.903644561768 562.257705688477 672.148700714111 745.92936706543 559.771934509277 581.440616607666 641.056662082672 791.219848632812 548.512229919434 702.411476135254 683.294101715088 565.450660705566 759.996978759766 726.267990112305 926.883087158203 532.464679718018 527.318832397461 705.014536857605 660.568325042725 804.257614135742 867.499740600586 822.42919921875 737.433837890625 670.971935272217 746.380420684814 576.496681213379 642.377159118652 577.765716552734 817.09321641922 609.923309326172 708.364024162292 583.335784912109 566.052734375 569.309722900391 639.066421508789 742.872932434082 897.749938964844 761.809883117676 651.243167877197 682.30860042572 786.022577285767 830.002517700195
722.189033508301 516.248596191406 660.849922180176 737.808475494385 799.064258575439 649.671276092529 475.136840820312 739.013065338135 656.722193717957 681.087873458862 628.075064659119 707.264604568481 609.176807403564 639.965526103973 706.503623962402 716.198257446289 711.566162109375 535.401847839355 649.413628757 683.857715606689 658.849152088165 728.543460845947 772.015392303467 683.971035003662 803.786819458008 621.155822753906 691.804704666138 653.675510406494 768.106010437012 765.375938415527 774.276016235352 708.538536071777 569.12735748291 677.985473632812 564.411331176758 720.294555664062 752.857387542725 581.820381164551 554.004974365234 586.092300415039 661.685413360596 775.118556976318 718.482554674149 680.818656921387 843.816680908203 826.307521820068 744.057434082031 705.210762023926 706.396722793579 725.639408111572
543.179790496826 573.85343170166 903.365097045898 734.735279083252 753.476823806763 699.564918518066 739.781562805176 994.845700740814 514.844451904297 689.71494102478 509.607269287109 691.310356140137 637.423490524292 699.337860107422 770.754409790039 684.278270721436 873.571014404297 508.041641235352 814.899307250977 886.718154907227 684.629344940186 748.148391723633 761.379425048828 736.438415527344 741.345634460449 760.181018829346 690.87654876709 695.808876037598 562.325393676758 610.440238952637 562.767818450928 473.088684082031 517.31876373291 534.148544311523 495.962242126465 667.60545539856 675.576477050781 717.189361572266 709.033354401588 736.210189819336 791.802387237549 713.916512429714 674.375011444092 523.783645629883 961.131866455078 755.754795312881 762.090443611145 683.745506286621 929.222717285156 695.20690536499
592.134811401367 589.771326065063 648.839492797852 850.774345397949 650.057281494141 755.775888442993 624.18909072876 866.146820068359 671.972793579102 564.951210021973 588.453659057617 689.236843109131 658.358781814575 534.924003601074 772.998031616211 756.579254150391 662.61429977417 664.725540161133 796.692108154297 694.016990661621 644.378167867661 683.870742797852 715.304748535156 631.739557266235 652.685363769531 763.256487846375 939.076156616211 746.643112182617 577.929763793945 626.055969238281 481.920394897461 476.720367431641 553.533912658691 499.741500854492 430.06428527832 549.578186035156 534.641532897949 545.220962524414 733.691673278809 770.236938476562 459.404418945312 474.388061523438 596.16374206543 628.103321075439 793.123386383057 851.775718688965 805.798900604248 910.718830108643 802.323314666748 665.619125366211
632.405120849609 541.821838378906 697.84645652771 950.372055053711 696.95055770874 731.972015380859 823.428245544434 683.990509033203 834.933074951172 734.852756500244 648.3714427948 719.062232971191 859.308868408203 672.386214256287 640.915954589844 614.624130249023 688.794254302979 691.438262939453 711.675170898438 758.366638183594 867.365615844727 665.792510032654 782.588195800781 714.127883911133 626.987888336182 783.327209472656 974.570056915283 757.546447753906 529.130462646484 645.364582061768 660.897529602051 630.767547607422 433.404739379883 555.158599853516 543.860710144043 621.988410949707 723.924991607666 646.495777130127 637.926078796387 586.659996032715 633.873550415039 545.252410888672 625.228157043457 550.005683898926 794.557846069336 732.201560497284 861.519481658936 899.621627807617 1121.99140930176 911.648208618164
779.75101852417 857.746494293213 515.627906799316 716.867393493652 615.08935546875 753.630510449409 768.544271469116 721.836183547974 672.392105102539 840.128326416016 763.992736816406 727.0964012146 765.023139953613 834.569869995117 853.291053771973 702.762132644653 756.780731201172 640.024738311768 683.798599243164 682.540424346924 689.634048461914 928.138580322266 683.003051757812 985.815338134766 652.191326141357 636.240547180176 1047.06788253784 958.364074707031 927.721641540527 1223.9362487793 1265.26940917969 588.916168212891 643.851051330566 623.470203399658 618.520118713379 707.933288574219 908.661727905273 684.217160224915 736.753677368164 716.050893783569 741.784175872803 639.278511047363 787.77089548111 638.893531799316 800.281936645508 1077.82875442505 1135.49533748627 725.637619018555 850.513877868652 801.095962524414
748.210052490234 668.767803192139 671.148853302002 683.497047424316 764.977728843689 803.138370513916 688.807510375977 634.695922851562 775.233921051025 979.596504211426 627.369613647461 859.192291259766 840.763061523438 828.812896728516 1003.20886230469 767.241003036499 591.324722290039 779.579444885254 640.411118030548 715.886650085449 649.452094078064 696.695560455322 616.47612285614 819.551116943359 640.215698242188 653.412658691406 677.720000267029 559.442443847656 659.528619766235 632.156318664551 617.852485656738 436.568405151367 475.888412475586 1306.47051811218 857.354721069336 787.65771484375 1085.73435974121 1024.27363586426 674.839874267578 703.884613037109 791.082321166992 488.975006103516 669.82780456543 458.623413085938 503.72802734375 744.814117431641 804.360889434814 1065.34618377686 1284.85894775391 576.701950073242
753.114624023438 782.148015975952 634.744689941406 575.195625305176 762.697608947754 785.966394424438 895.361755371094 939.755867004395 618.323760986328 788.584330558777 1142.24011993408 732.923599243164 794.166809082031 827.974319458008 813.727157592773 793.333648681641 627.914402008057 865.948440551758 683.679210662842 654.100902557373 631.894348144531 724.045028686523 684.613201141357 764.069595336914 724.564331054688 667.598192214966 695.642543792725 739.910751342773 646.292785644531 537.998092651367 588.835441589355 603.734092712402 658.827412605286 600.535652160645 638.099922180176 395.716735839844 619.404315948486 1070.63335108757 591.162811279297 574.920593261719 738.552227020264 561.494766235352 1004.87297058105 612.860778808594 1057.4940032959 654.526611328125 521.63688659668 826.623878479004 948.212295532227 858.183876037598
737.740089416504 712.676132202148 787.521364212036 486.575698852539 779.265453338623 807.062816619873 820.788738250732 885.857482910156 756.542114257812 793.189979553223 840.728946685791 1086.98480224609 760.587379455566 953.901611328125 816.205749511719 691.218086242676 668.770711898804 714.535878181458 661.429649353027 664.466590881348 700.929870605469 643.273593902588 507.221641540527 736.449935913086 762.752418518066 720.474754333496 573.825645446777 660.810175776482 709.050914764404 483.019500732422 658.646800041199 455.162796020508 645.834745407104 498.804962158203 803.467706680298 586.307815551758 924.818126678467 950.02059173584 988.333946228027 565.491271972656 692.519416809082 527.210510253906 799.044281005859 559.854202270508 782.761688232422 740.587493896484 533.387725830078 954.90299987793 773.1364402771 1376.22789955139
-9999 737.64075088501 873.354064941406 625.985710144043 742.985404968262 731.461311340332 705.602127075195 909.955177307129 864.154281616211 747.719363212585 791.801490783691 1208.78189086914 571.171157836914 697.596775054932 594.011562347412 673.58020401001 626.511791229248 611.459637641907 671.448989868164 662.773845672607 915.330993652344 644.034966468811 642.815933227539 987.859409332275 876.150787353516 494.35563659668 414.111343383789 606.562852859497 768.616195678711 660.361740022898 541.965217590332 584.013519287109 616.282711029053 546.268356323242 934.457489013672 556.235038757324 654.675764083862 491.764694213867 630.991645812988 607.378967285156 700.099493026733 608.95352935791 720.306785583496 580.517974853516 635.67643737793 787.238922119141 494.762908935547 655.716812133789 600.948120117188 931.947439193726
-9999 680.426315307617 749.177585601807 572.883808135986 772.495124816895 644.725402832031 829.84309387207 810.545501708984 900.242492675781 640.036254882812 838.362819671631 860.863418579102 773.023094177246 728.062244415283 618.753280639648 799.784774780273 635.343399047852 432.276550292969 677.417984008789 563.19340133667 633.101672172546 561.460441589355 760.887222290039 579.010009765625 1092.50303268433 589.0583152771 618.301727294922 623.872980117798 684.952953338623 624.597114562988 610.509380340576 700.938201904297 607.701852798462 532.393753051758 1092.21574401855 479.170669555664 500.878692626953 747.929763793945 586.259307861328 755.104644775391 631.090484619141 663.788440704346 631.194274902344 542.216217041016 676.688682556152 616.456848144531 826.664337158203 552.005950927734 649.829429626465 750.887989044189
-9999 -9999 778.057274341583 704.267728805542 674.093274116516 736.637945175171 627.42756652832 866.982879638672 773.217029571533 813.670721054077 801.807331085205 555.51171875 793.674461364746 586.547401428223 499.950241088867 641.111785888672 442.993545532227 459.122535705566 647.548439025879 727.160827636719 729.018051147461 637.548270434141 611.698337554932 643.810417175293 689.486466407776 606.404602050781 775.698181152344 828.165084838867 694.467796325684 638.9848279953 724.620094299316 681.40111541748 647.83912563324 569.224685668945 658.626983642578 516.614433288574 503.460815429688 736.728507995605 626.132446289062 791.421562194824 707.024221420288 584.931289672852 543.36083984375 671.028869628906 468.556457519531 595.050247192383 580.160308837891 691.079460144043 881.490905761719 731.543838500977
-9999 -9999 947.948173522949 1021.04611968994 715.683704376221 791.803100585938 840.322532653809 649.334136962891 674.457450866699 792.536098480225 1051.2396030426 799.006477355957 689.020084381104 571.793930053711 565.585563659668 558.397232055664 580.619619369507 429.163879394531 526.171325683594 616.368877410889 653.038871765137 547.740802764893 483.270095825195 624.676010131836 563.64217376709 849.338417053223 759.150337219238 762.929740905762 701.891292572021 617.692947387695 569.291648864746 672.182916641235 724.732948303223 622.107681274414 634.028964996338 698.204685211182 758.887601852417 733.140167236328 768.730140686035 736.554306030273 686.762512207031 863.596643447876 637.664093017578 740.17414855957 587.578674316406 548.063262939453 594.66374206543 663.276794433594 831.412094116211 765.632011413574
-9999 -9999 -9999 765.391295433044 602.696880340576 664.720904946327 628.711273193359 682.623718261719 728.38512802124 690.822715759277 500.513854980469 661.949192047119 598.601409912109 813.522644042969 729.013534545898 741.407852172852 587.471046447754 551.577383041382 513.441123962402 619.736469268799 620.612640380859 514.386451721191 640.402496337891 1261.66133117676 712.789657592773 604.89990234375 675.108097910881 784.524169921875 793.336822509766 628.068351745605 845.319418907166 636.060958862305 537.3369140625 588.454772949219 562.848289489746 677.460189819336 529.639549255371 611.55859375 697.283994197845 546.349868774414 719.242530822754 728.998252868652 560.543579101562 534.631561279297 584.911926269531 593.606109619141 540.273590087891 531.960678100586 489.71858215332 1105.05676269531
-9999 -9999 -9999 686.016271591187 558.136672973633 594.567764282227 743.891204833984 729.216941833496 652.241554260254 1137.83631896973 658.558025360107 763.372329711914 637.465463638306 652.050229549408 719.746421813965 554.100177764893 424.203216552734 625.208606719971 616.967807769775 564.935886383057 646.662967681885 642.896785736084 607.744096755981 955.636489868164 584.430515289307 793.121948242188 842.800689697266 712.593357086182 732.25902557373 815.005126953125 660.301179885864 551.745063781738 557.948936462402 551.562271118164 565.170288085938 1045.86014175415 509.975357055664 661.240203857422 553.015029907227 538.61304473877 557.429382324219 687.567497253418 582.464996337891 851.427841186523 785.863403320312 1200.27062988281 506.338165283203 536.114593505859 803.442840576172 907.081275939941
