export/dem/dem72.asc
NCOLS 350
NROWS 171
XLLCORNER 152620
YLLCORNER 418050
CELLSIZE 100
NODATA_VALUE -9999
[rows 110 to 131 of 171, columns 300 to 349 of 350]
684.655433654785 1024.92413330078 857.091327667236 747.874305725098 771.143311023712 935.388671875 800.914386749268 747.169403076172 912.523941040039 648.055358886719 745.175064086914 554.422241210938 1492.67980957031 792.04264831543 790.279014587402 899.373266220093 1303.24655151367 734.078109741211 947.463577270508 -9999 -9999 -9999 -9999 -9999 -9999 -9999 -9999 -9999 -9999 -9999 -9999 -9999 -9999 -9999 -9999 -9999 -9999 -9999 -9999 -9999 -9999 -9999 -9999 -9999 -9999 -9999 -9999 -9999 -9999 -9999
747.338111877441 685.858913421631 559.097541809082 823.006492614746 857.903060913086 755.245162963867 1148.86912536621 1383.39958953857 585.329711914062 594.820831298828 1292.43251037598 533.175979614258 954.761589050293 679.304290771484 649.049713134766 768.107032775879 918.551094055176 1096.84573364258 1056.41242980957 -9999 -9999 -9999 -9999 -9999 -9999 -9999 -9999 -9999 -9999 -9999 -9999 -9999 -9999 -9999 -9999 -9999 -9999 -9999 -9999 -9999 -9999 -9999 -9999 -9999 -9999 -9999 -9999 -9999 -9999 -9999
965.235824584961 730.917007446289 1002.37524223328 789.704320907593 779.814218521118 686.96369934082 614.955436706543 879.881149291992 620.033416748047 1614.78744506836 980.470565795898 736.578498840332 680.885025024414 782.544647216797 603.099548339844 1172.92050170898 682.073257446289 815.615631103516 1600.40335083008 738.206970214844 -9999 -9999 -9999 -9999 -9999 -9999 -9999 -9999 -9999 -9999 -9999 -9999 -9999 -9999 -9999 -9999 -9999 -9999 -9999 -9999 -9999 -9999 -9999 -9999 -9999 -9999 -9999 -9999 -9999 -9999
921.44172668457 820.267246246338 878.001838684082 821.542549133301 798.310470581055 663.579559326172 667.621002197266 714.370346069336 785.197074890137 2225.45205688477 719.887344360352 793.088249206543 700.447357177734 1081.73970031738 1199.36935424805 1122.90444946289 933.250411987305 721.068756103516 959.765670776367 1285.84603881836 1094.64338684082 -9999 -9999 -9999 -9999 -9999 -9999 -9999 -9999 -9999 -9999 -9999 -9999 -9999 -9999 -9999 -9999 -9999 -9999 -9999 -9999 -9999 -9999 -9999 -9999 -9999 -9999 -9999 -9999 -9999
825.1989107728 593.124389648438 856.726770401001 777.514484405518 498.515151977539 699.505996704102 744.13171005249 789.727870941162 638.367736816406 1082.02590942383 750.156890869141 951.277709960938 847.497131347656 832.894836425781 623.644561767578 654.635437011719 659.548202514648 739.390869140625 919.094772338867 869.824981689453 862.744186401367 -9999 -9999 -9999 -9999 -9999 -9999 -9999 -9999 -9999 -9999 -9999 -9999 -9999 -9999 -9999 -9999 -9999 -9999 -9999 -9999 -9999 -9999 -9999 -9999 -9999 -9999 -9999 -9999 -9999
813.529228210449 875.30616569519 748.712013244629 908.242444992065 1052.22395324707 637.213775634766 774.270154953003 899.970077514648 497.527786254883 1124.49203872681 1274.67489624023 495.325988769531 703.589324951172 1217.04383850098 651.591812133789 752.34309387207 1105.08964538574 1015.43582439423 832.129760742188 589.082382202148 817.957887649536 662.454643249512 -9999 -9999 -9999 -9999 -9999 -9999 -9999 -9999 -9999 -9999 -9999 -9999 -9999 -9999 -9999 -9999 -9999 -9999 -9999 -9999 -9999 -9999 -9999 -9999 -9999 -9999 -9999 -9999
787.40899348259 756.652279853821 965.526031494141 1117.97441196442 796.401363372803 559.49658203125 1210.80299377441 647.586685180664 642.817916870117 1266.15598297119 1066.68724060059 1440.77533721924 1039.13061332703 976.974197387695 746.942810058594 828.001014709473 1237.24775695801 1200.59772109985 716.574981689453 773.458908081055 772.32494354248 813.804962158203 967.709465026855 -9999 -9999 -9999 -9999 -9999 -9999 -9999 -9999 -9999 -9999 -9999 -9999 -9999 -9999 -9999 -9999 -9999 -9999 -9999 -9999 -9999 -9999 -9999 -9999 -9999 -9999 -9999
743.564647674561 558.682823181152 958.491363525391 833.255065917969 1272.95134735107 1177.85426330566 706.223777770996 423.517456054688 476.041931152344 729.605819702148 808.656982421875 851.066307067871 1150.97457122803 1320.27647399902 900.908226013184 896.878036499023 1124.00376796722 721.555679321289 809.049907922745 804.735366821289 881.954107284546 733.214225769043 1069.65386962891 -9999 -9999 -9999 -9999 -9999 -9999 -9999 -9999 -9999 -9999 -9999 -9999 -9999 -9999 -9999 -9999 -9999 -9999 -9999 -9999 -9999 -9999 -9999 -9999 -9999 -9999 -9999
615.690055847168 824.386627197266 863.622749328613 914.422734260559 935.336086273193 743.335693359375 739.315010070801 811.38801574707 703.165542602539 718.396697998047 897.269172668457 500.042877197266 708.925506591797 899.657408714294 920.179481506348 1088.80406188965 765.593454122543 731.640563964844 844.74299621582 843.029216766357 755.918701171875 826.376449584961 984.714149475098 994.133266448975 -9999 -9999 -9999 -9999 -9999 -9999 -9999 -9999 -9999 -9999 -9999 -9999 -9999 -9999 -9999 -9999 -9999 -9999 -9999 -9999 -9999 -9999 -9999 -9999 -9999 -9999
754.204582214355 792.099870681763 627.20573425293 855.078525543213 968.530429840088 745.403457641602 623.338912963867 633.65754699707 706.684883117676 726.034423828125 886.886060714722 766.149993896484 701.782516479492 1025.79702377319 1186.55073928833 930.208606719971 719.952201843262 780.581493377686 784.500617980957 829.261812627316 772.296607971191 696.672058105469 989.800941467285 1019.4959487915 931.024070739746 -9999 -9999 -9999 -9999 -9999 -9999 -9999 -9999 -9999 -9999 -9999 -9999 -9999 -9999 -9999 -9999 -9999 -9999 -9999 -9999 -9999 -9999 -9999 -9999 -9999
1364.63984680176 1692.28821563721 842.764167785645 1254.936668396 1216.13675689697 975.357147216797 635.013900756836 713.36799621582 615.592132568359 1255.21453857422 756.558891296387 743.019680023193 749.274909973145 1007.64562225342 823.576881408691 1365.86126708984 804.242698669434 722.945678710938 671.667556762695 939.068420410156 923.549278259277 888.815679550171 989.950500488281 1022.01519775391 1066.95179748535 974.554782867432 -9999 -9999 -9999 -9999 -9999 -9999 -9999 -9999 -9999 -9999 -9999 -9999 -9999 -9999 -9999 -9999 -9999 -9999 -9999 -9999 -9999 -9999 -9999 -9999
989.028217315674 936.037944793701 1459.54594421387 1093.21533203125 1238.14489746094 1611.2693939209 1012.49606323242 847.588890075684 817.767028808594 921.490270614624 786.693603515625 794.304777860641 656.498123168945 607.586334228516 952.880500793457 588.849578857422 686.924606323242 748.644393920898 959.707672119141 1040.2254486084 819.519176721573 960.366836547852 1015.31679534912 859.461036682129 911.655727386475 944.181638717651 -9999 -9999 -9999 -9999 -9999 -9999 -9999 -9999 -9999 -9999 -9999 -9999 -9999 -9999 -9999 -9999 -9999 -9999 -9999 -9999 -9999 -9999 -9999 -9999
1053.19947099686 1003.14486408234 1257.47010803223 1065.89419555664 1156.81292724609 1396.83804130554 1383.65100097656 1148.51816272736 981.056488037109 1100.81265258789 1045.80047607422 894.380685806274 664.011306762695 707.614700317383 801.218872070312 745.675384521484 712.103168487549 672.154197692871 737.681976318359 703.556228637695 906.771903991699 917.46199798584 979.631866455078 802.502042770386 803.124324798584 954.559547424316 972.581001281738 -9999 -9999 -9999 -9999 -9999 -9999 -9999 -9999 -9999 -9999 -9999 -9999 -9999 -9999 -9999 -9999 -9999 -9999 -9999 -9999 -9999 -9999 -9999
1258.41812133789 1137.61193847656 1058.61901855469 1085.41934204102 1019.42049407959 1325.77694320679 1532.97692489624 1268.09330749512 1211.2412109375 924.760177612305 757.390056610107 696.27165222168 780.157180786133 723.277679443359 680.909423828125 710.891876220703 619.658920288086 699.545471191406 804.209665298462 684.901840209961 767.390174865723 827.464650154114 834.131664276123 847.743688583374 619.243057250977 717.235404968262 849.767892837524 718.482955932617 -9999 -9999 -9999 -9999 -9999 -9999 -9999 -9999 -9999 -9999 -9999 -9999 -9999 -9999 -9999 -9999 -9999 -9999 -9999 -9999 -9999 -9999
1091.50369262695 938.949407577515 855.416053771973 1127.67988586426 931.197387695312 1155.12494277954 1556.60753631592 1081.53089904785 1032.66632843018 807.908233642578 641.028198242188 820.632377624512 779.45454788208 721.377372741699 700.455543518066 819.921426773071 902.996433258057 676.456367492676 991.79443359375 786.567283630371 1044.04090881348 850.163311004639 832.244431495667 818.310313224792 739.443145751953 1124.14251708984 922.62479019165 1014.0884552002 990.606636047363 -9999 -9999 -9999 -9999 -9999 -9999 -9999 -9999 -9999 -9999 -9999 -9999 -9999 -9999 -9999 -9999 -9999 -9999 -9999 -9999 -9999
865.925506591797 913.270565032959 884.228063583374 923.730178833008 1428.64336776733 1022.42892456055 1033.1293182373 1244.04790019989 865.972536087036 807.446294784546 606.30012512207 732.258903503418 601.916946411133 436.430328369141 609.249542236328 864.365898132324 781.104365825653 712.418960571289 817.826168060303 914.182167053223 838.878749847412 816.685955047607 934.742767333984 951.244590759277 780.311115264893 734.473587036133 788.028114318848 946.688873291016 924.950290679932 -9999 -9999 -9999 -9999 -9999 -9999 -9999 -9999 -9999 -9999 -9999 -9999 -9999 -9999 -9999 -9999 -9999 -9999 -9999 -9999 -9999
844.558807373047 857.631303787231 1456.8364393115 1290.60743713379 932.627883911133 1161.47063446045 1386.65458679199 1096.13682174683 1315.24162971973 760.957000732422 760.809032440186 713.641967773438 686.746170043945 621.363922119141 726.970275878906 684.395790100098 1027.83651733398 882.080375671387 765.973922729492 948.449005126953 910.635047912598 831.096378326416 876.970848083496 944.272491455078 913.345962524414 727.052345275879 801.92733001709 882.474159240723 900.778293609619 821.573907852173 -9999 -9999 -9999 -9999 -9999 -9999 -9999 -9999 -9999 -9999 -9999 -9999 -9999 -9999 -9999 -9999 -9999 -9999 -9999 -9999
953.574069976807 906.535102844238 1046.16094207764 1663.64542388916 1961.43938279152 1197.16952610016 1172.670129776 1209.79080200195 1228.97747421265 1016.01694107056 839.480098724365 764.172668457031 768.41580581665 707.23616027832 706.34162902832 702.705375671387 941.296104431152 773.002405166626 1084.83557128906 786.499280929565 934.6083984375 872.836673736572 735.139671325684 757.00696182251 889.779968261719 797.381481170654 881.031639099121 852.468338012695 775.083190917969 827.493978977203 712.153182983398 -9999 -9999 -9999 -9999 -9999 -9999 -9999 -9999 -9999 -9999 -9999 -9999 -9999 -9999 -9999 -9999 -9999 -9999 -9999
1019.12445068359 1228.95338439941 1011.95808410645 1381.81066894531 1547.25904083252 1332.75609207153 1423.04158401489 1231.38688659668 881.780181884766 959.310223579407 977.803943634033 1006.2839050293 964.200271606445 920.252624511719 786.268516540527 954.331298828125 1043.39421081543 955.369827270508 909.464553833008 905.737007141113 949.428466796875 950.957023620605 890.153102874756 851.602816581726 723.168685913086 695.212852478027 930.574249267578 881.369024276733 1045.84838867188 789.540710449219 900.573371887207 -9999 -9999 -9999 -9999 -9999 -9999 -9999 -9999 -9999 -9999 -9999 -9999 -9999 -9999 -9999 -9999 -9999 -9999 -9999
1217.57267951965 857.495986938477 966.652233123779 1395.17951852083 1225.38641357422 1440.86382675171 1341.56516075134 1331.82086181641 1828.40337371826 1442.42711639404 1206.63635978103 1292.99711608887 1134.36622524261 1726.3155708313 1014.73779296875 883.411071777344 927.065490722656 814.637615203857 1009.73246765137 983.946990966797 854.972429275513 896.350927352905 903.945049285889 863.716846466064 782.327812194824 756.077964782715 760.094581604004 803.831092834473 773.443618774414 795.507846832275 896.666625976562 795.569091796875 -9999 -9999 -9999 -9999 -9999 -9999 -9999 -9999 -9999 -9999 -9999 -9999 -9999 -9999 -9999 -9999 -9999 -9999
1122.67284274101 1063.03546142578 1024.74307250977 1143.50156021118 914.414213180542 1357.30969238281 1749.18731689453 1288.53544616699 1477.03080749512 1457.46116638184 1334.48359680176 1057.75193309784 1120.59332847595 1429.04595947266 1189.75494384766 1197.74948120117 984.409671783447 1086.49490356445 929.817329406738 922.985481262207 1008.4541015625 869.333225250244 838.702941894531 783.607265472412 764.304756164551 786.77530670166 897.512565612793 829.131278991699 904.672954559326 760.782073974609 623.853851318359 833.938810348511 775.549667358398 -9999 -9999 -9999 -9999 -9999 -9999 -9999 -9999 -9999 -9999 -9999 -9999 -9999 -9999 -9999 -9999 -9999
842.423631668091 1185.11975097656 1700.09875488281 979.715396881104 974.132774353027 1350.03121948242 1341.07777404785 1332.43563842773 1533.31979370117 1449.88036346436 1224.67130851746 1238.53245544434 1068.69059544802 1037.4747095108 1031.43746948242 1197.37811279297 996.36220741272 952.976493835449 1005.32362365723 847.94409942627 939.343811035156 871.423244476318 983.502777099609 881.915623664856 848.859794616699 679.095184326172 788.486251831055 871.730475187302 842.219909667969 671.016761779785 753.720962524414 706.531723022461 856.585250854492 -9999 -9999 -9999 -9999 -9999 -9999 -9999 -9999 -9999 -9999 -9999 -9999 -9999 -9999 -9999 -9999 -9999
