export/dem/dem71.asc
NCOLS 350
NROWS 171
XLLCORNER 152620
YLLCORNER 418050
CELLSIZE 100
NODATA_VALUE -9999
[rows 0 to 21 of 171, columns 150 to 199 of 350]
746.886627197266 691.69352722168 675.751174926758 -9999 -9999 -9999 -9999 -9999 -9999 -9999 -9999 -9999 -9999 -9999 -9999 -9999 -9999 -9999 -9999 -9999 -9999 -9999 -9999 -9999 -9999 -9999 -9999 -9999 -9999 -9999 -9999 -9999 -9999 -9999 -9999 -9999 -9999 -9999 -9999 -9999 -9999 -9999 -9999 -9999 -9999 -9999 -9999 -9999 -9999 -9999
572.170703887939 582.511024475098 744.701711654663 639.57080078125 722.544788360596 610.831363677979 610.532489776611 -9999 -9999 -9999 -9999 -9999 -9999 -9999 -9999 -9999 -9999 -9999 -9999 -9999 -9999 -9999 -9999 -9999 -9999 -9999 -9999 -9999 -9999 -9999 -9999 -9999 -9999 -9999 -9999 -9999 -9999 -9999 -9999 -9999 -9999 -9999 -9999 -9999 -9999 -9999 -9999 -9999 -9999 -9999
596.238586425781 586.476963043213 564.579147338867 501.007766723633 507.117401123047 493.421569824219 585.501113891602 626.142772674561 716.174758911133 685.457229614258 607.097854614258 600.792755126953 547.693786621094 674.25276184082 -9999 -9999 -9999 -9999 -9999 -9999 -9999 -9999 -9999 -9999 -9999 -9999 -9999 -9999 -9999 -9999 -9999 -9999 -9999 -9999 -9999 -9999 -9999 -9999 -9999 -9999 -9999 -9999 -9999 -9999 -9999 -9999 -9999 -9999 -9999 -9999
418.310585021973 406.719635009766 707.152164459229 568.213821411133 469.532974243164 670.187439739704 591.094680786133 843.484184265137 897.200523376465 807.60986328125 675.458869934082 448.958953857422 687.224426269531 651.313858032227 490.362174987793 594.263900756836 758.306549072266 868.357069015503 698.946960449219 764.784775257111 1002.16218566895 776.728702545166 744.630210876465 637.844802856445 615.47575378418 867.87769317627 579.651992797852 718.178915023804 758.771919250488 742.753536224365 715.597229003906 780.703750610352 818.89448928833 898.270778656006 734.213165283203 -9999 -9999 -9999 -9999 -9999 -9999 -9999 -9999 -9999 -9999 -9999 -9999 -9999 -9999 -9999
1165.05185699463 543.295745849609 621.002555847168 880.569850921631 938.968475341797 946.092643737793 803.129905700684 804.092361450195 824.769119262695 867.064254760742 971.179166793823 486.598236083984 776.267820358276 809.403587341309 469.578659057617 462.211143493652 672.513217926025 899.343414306641 673.690811157227 716.088871002197 721.678314208984 692.582138061523 766.528358459473 712.780876159668 806.957120895386 574.351669311523 752.571231842041 882.540130615234 825.291007995605 703.545951843262 775.875373840332 814.327415466309 709.216209411621 760.407618880272 630.465065002441 704.852027341723 621.738983154297 595.365112304688 886.930779457092 778.461563110352 689.468700408936 588.834754943848 626.953392028809 542.676856994629 845.402885437012 883.629570007324 825.604621887207 909.530685424805 875.156448364258 890.752170562744
1100.63512802124 676.835765838623 713.557891845703 868.293441772461 1060.82454681396 1005.08605957031 1009.91167449951 885.719078063965 839.732696533203 808.593643188477 868.582733154297 513.824981689453 532.379745483398 384.975875854492 713.362519264221 534.474275588989 721.93389749527 768.445915222168 623.62939453125 605.66291809082 702.2327003479 690.009185791016 768.112743377686 682.262676239014 627.691005706787 627.65124130249 715.027824401855 764.237602233887 696.851898193359 562.927597045898 579.933944702148 683.41007232666 719.93635559082 910.581100463867 708.016747236252 637.931716918945 615.960578918457 882.900632858276 990.87996673584 908.314695358276 909.054252624512 537.097259521484 636.519947052002 609.060382843018 699.913013458252 762.843147277832 705.007495880127 805.638397216797 730.645555496216 817.634239196777
1199.54873657227 1110.72940444946 716.364654541016 852.640734672546 891.362152099609 796.421936035156 897.445373535156 1022.55740356445 906.113662719727 967.488296508789 781.830505371094 609.109436035156 617.533344268799 487.005939483643 642.045967102051 672.836322784424 821.964462280273 642.741397857666 652.032035827637 723.931453704834 703.692586898804 609.313781738281 532.159957885742 563.40202331543 610.848892211914 749.349597930908 686.842872619629 687.792821884155 816.175872802734 643.259479522705 786.205955505371 787.937002182007 646.584697723389 720.388557434082 690.536878585815 735.885612487793 928.538093566895 882.566846847534 932.675380706787 962.438758850098 731.464447021484 785.117900848389 688.405508041382 536.875701904297 740.033668518066 552.417282104492 747.236442565918 773.778930664062 692.814422607422 752.783893585205
1153.99096107483 731.482582092285 657.387886047363 772.510100364685 957.85676574707 882.474884033203 730.096618652344 869.066452026367 908.653228759766 893.163101196289 965.595458984375 652.916885375977 644.654647827148 487.006164550781 672.68635559082 700.338928222656 747.817050933838 691.131511688232 643.87947845459 688.868225097656 959.005458831787 978.439590454102 599.7216796875 568.662643432617 475.63020324707 679.954168319702 785.356376647949 725.669303894043 645.142854690552 774.703507184982 683.48938369751 825.528945922852 779.445983886719 660.591384887695 773.275665283203 907.564399719238 760.142875671387 953.454170227051 1010.84687805176 871.824792861938 658.067733764648 866.357147216797 864.301422119141 861.191226959229 854.865055084229 855.174016952515 874.697944641113 900.735000610352 738.240766525269 851.154853820801
774.595970153809 606.66561126709 665.866680145264 619.220932006836 717.794677734375 706.971618652344 835.975036621094 1071.21794891357 1026.47555923462 821.296783447266 597.785202026367 752.396350860596 569.602912902832 646.831237792969 753.597282409668 649.60555267334 659.306091308594 761.620162963867 769.138961791992 762.722534179688 1047.4135093689 1071.9619102478 690.031463623047 703.922775268555 642.825622558594 692.459655761719 825.926582336426 860.360534667969 801.767412185669 980.236427307129 813.500751495361 704.444961547852 855.092819213867 790.768591403961 966.555419921875 1045.17151641846 934.912087440491 1041.98203277588 1039.73539733887 959.526121139526 811.921928405762 683.490905761719 735.713859558105 745.142532348633 750.610649108887 795.882278442383 757.704330444336 845.074661254883 840.176559448242 967.05615234375
640.896957397461 714.584591150284 710.339483261108 582.220222473145 509.460296630859 727.122184753418 495.910293579102 620.354690551758 458.035400390625 630.443321228027 526.547927856445 665.009986877441 435.821823120117 743.320165634155 795.919120788574 901.508377075195 869.645629882812 671.776153564453 1145.07672119141 788.580413818359 1027.01917266846 1082.70315933228 1037.28761291504 1226.63271331787 665.822326660156 747.423500061035 857.542724609375 770.763996124268 722.369443416595 648.739429473877 816.021680831909 892.050090789795 790.597007751465 848.390655517578 834.089836120605 881.13823223114 948.264252185822 1014.13789367676 1054.80403900146 982.632924318314 783.24556350708 800.243278503418 1003.51211547852 826.144872665405 961.626941680908 917.030570983887 1064.87767410278 936.614753723145 863.298431396484 1017.89788818359
720.86629486084 776.669467926025 717.039138793945 646.347023010254 637.345512390137 564.288566589355 420.894775390625 237.945281982422 537.314636230469 450.748916625977 476.923370361328 548.450286865234 450.413040161133 630.172592163086 620.741706848145 897.565307617188 997.66170501709 727.553108215332 1227.2083029747 850.499833106995 1015.16830444336 959.016166687012 792.304147720337 936.840995788574 725.439331054688 1155.00639152527 764.888328552246 737.166748046875 737.773391723633 609.380191802979 792.226413726807 799.356384277344 552.086479187012 622.311290740967 654.257700920105 744.318576812744 736.832466125488 710.296997070312 822.142185211182 939.914794921875 614.172569274902 594.115997314453 812.613227844238 944.228036880493 831.074319839478 1184.85200500488 888.40690612793 1264.89047908783 1469.51002502441 849.39241027832
744.596267700195 764.087135314941 570.842391967773 581.931812286377 629.019673347473 354.373901367188 436.712066650391 464.796829223633 551.216934204102 558.844379425049 349.690673828125 351.927795410156 534.859481811523 826.28759765625 702.121353149414 689.356918334961 658.702774047852 755.102249145508 814.912124633789 683.724784851074 639.568359375 1205.75780010223 924.943321228027 879.074851989746 777.659172058105 771.223566532135 1347.49127960205 1389.91635131836 1125.75345230103 1125.37213897705 1122.62146568298 822.115943908691 717.884637832642 639.084777832031 689.950736999512 791.455375671387 781.585061073303 475.403930664062 521.380325317383 669.658401489258 764.396984100342 596.320526123047 905.997545599937 580.662117004395 688.200386047363 705.786618232727 651.681266784668 846.844715118408 1068.08765411377 895.198593139648
550.304466247559 563.597362518311 686.496314048767 520.423286437988 581.480796813965 528.143753051758 378.914489746094 358.678482055664 555.678009033203 618.894519805908 613.423095703125 583.941467285156 1150.67958068848 753.503311157227 815.75846862793 438.253829956055 611.056533813477 671.651733398438 908.849151611328 672.89022064209 751.951955795288 1117.16548204422 858.115234375 769.47151184082 725.285018920898 862.802989959717 1217.14518737793 1378.81910276413 704.28337097168 1084.72256469727 1152.65500640869 863.211740493774 715.352279663086 629.354873657227 615.671230316162 752.457504272461 988.662658691406 679.633178710938 720.277020454407 723.351867675781 764.2297706604 655.964714050293 707.329460144043 758.006771087646 594.727020263672 721.239928245544 662.136772155762 842.20015335083 727.948614120483 877.90637588501
608.553871154785 538.846946716309 558.388637542725 1031.92303466797 882.367324829102 1001.41428375244 809.770111083984 635.05583190918 595.33145904541 578.924369812012 755.163661956787 500.033447265625 600.735443115234 582.784400939941 940.815455436707 407.516540527344 701.847955703735 596.458099365234 800.382568836212 622.131881713867 746.342460632324 554.584594726562 835.388107299805 614.697845458984 837.159969329834 937.039063215256 723.527359008789 705.337600708008 947.16296005249 863.999691009521 1302.6160736084 649.095970153809 528.660415649414 682.277347564697 656.850816726685 823.683884620667 990.003707885742 743.385277748108 708.45068359375 760.380744934082 740.096208572388 919.700592041016 802.621172904968 855.499870300293 824.079048156738 667.134651184082 725.162353515625 778.125274658203 844.785614013672 900.389996528625
1134.0560874939 510.800445556641 620.265815734863 589.219696044922 474.514785766602 641.075629368424 625.731460571289 760.894729614258 617.666851043701 759.166236877441 639.988319396973 709.453435897827 588.954978942871 571.996948242188 933.42854309082 511.362075805664 642.182821273804 453.425903320312 727.489807128906 766.70874786377 595.838821411133 719.098663330078 668.464416503906 696.540428161621 674.976119995117 778.885152816772 959.684921264648 628.715789794922 867.603839874268 599.989974975586 724.185188293457 879.579238891602 1178.46343994141 768.222833633423 765.085227966309 902.034652709961 812.6376953125 788.29919052124 503.366256713867 736.417095184326 694.702708005905 807.206077575684 827.987209320068 751.916976928711 667.590492248535 759.561485290527 646.599250793457 567.899978637695 953.658049464226 618.923843383789
549.082744598389 676.96076965332 527.678871154785 558.879978179932 506.009483337402 478.072677612305 588.126068115234 665.141243815422 699.165706634521 702.887367248535 723.127882957458 627.81876373291 742.045246124268 1086.23876953125 590.577880859375 1049.66851043701 612.998817443848 829.384155273438 710.371269226074 1142.08015441895 1155.43812942505 900.787353515625 1335.17357254028 875.537872314453 868.799732208252 731.628730773926 1058.6962634325 794.1123046875 836.304996490479 885.53889465332 709.594543457031 695.831199645996 686.124481201172 614.710929870605 774.211166381836 726.653770446777 861.803314208984 889.752395629883 813.702331542969 897.289245605469 672.91769361496 699.730478286743 569.071731567383 624.421146392822 658.41105222702 715.414123535156 664.1927318573 628.344982147217 638.862106323242 720.02995300293
430.320388793945 558.051002502441 471.578689575195 364.178451538086 454.544509887695 495.725379943848 469.700180053711 635.655364990234 703.747285842896 769.658226013184 811.047073364258 690.241851806641 1409.86222839355 1453.69400787354 769.607814788818 882.172624588013 509.061553955078 655.579048156738 744.101173877716 576.905197143555 882.815856933594 712.197352990508 715.736923217773 465.501708984375 672.510765075684 744.434383392334 1881.16334915161 992.807098388672 877.146575927734 727.090758323669 959.960620880127 708.971201896667 825.995086669922 1165.6262512207 863.009063720703 695.21621131897 939.741912841797 1044.09748458862 1345.82797241211 831.914260864258 558.827774047852 685.470209121704 682.563777923584 776.7952876091 1124.76197433472 595.512100219727 819.166793823242 577.94017791748 614.066986083984 637.324630737305
679.878437042236 471.350509643555 678.941184997559 525.178176879883 578.692783355713 545.948066711426 491.775985717773 760.670372009277 769.858375549316 655.949695825577 498.571243286133 594.631227016449 621.312587738037 657.119420051575 702.680793762207 1013.24346923828 717.884708404541 526.529205322266 559.105133056641 461.702682495117 588.149429321289 576.972930908203 692.358245849609 722.686889648438 700.147415161133 993.021636962891 870.989574432373 844.006056785583 870.868713378906 714.973663330078 765.949674606323 1079.18585205078 975.918182373047 721.916385650635 950.292044639587 723.292699813843 668.354309082031 727.24750328064 755.59041595459 644.060211181641 542.30980682373 628.269599914551 714.154247283936 723.426963806152 663.405654907227 597.052734375 632.761611938477 583.749961853027 1046.80577087402 680.015380859375
591.443212509155 563.363304138184 650.596080780029 727.587249755859 640.756271362305 591.630188941956 967.05086517334 897.189304351807 489.203475952148 647.678684234619 645.555027246475 686.704345703125 726.881841659546 750.141452789307 587.660575866699 1070.49959182739 1040.79434204102 937.891815185547 655.551376342773 651.263610839844 428.400970458984 607.701019287109 891.479873657227 578.683700561523 922.427459716797 721.171913146973 677.742259979248 701.894927978516 757.490472793579 715.960525512695 784.776882171631 698.597206115723 832.088928222656 779.168365478516 626.063785552979 1367.76405525208 753.979507446289 751.4358253479 645.780914306641 1115.07977294922 729.661460876465 863.064121246338 1015.01490020752 866.212875366211 980.350646972656 1167.27230834961 670.766357421875 577.721183776855 706.615653991699 608.145797729492
565.422674179077 604.62866973877 620.248097419739 615.427490234375 608.865301132202 718.440872192383 842.157238006592 733.649375915527 746.651908874512 529.576278686523 780.650131225586 624.094194412231 707.801803588867 662.08727645874 757.377235412598 588.02853012085 391.713806152344 541.915542602539 519.364761352539 563.033889770508 662.205261230469 755.376289367676 609.35417175293 808.257873535156 862.232841491699 677.094772338867 913.922058105469 989.809228897095 919.029188156128 694.942722320557 733.281444549561 772.568803787231 960.518516540527 683.652342319489 879.433067321777 810.702302217484 756.054000854492 670.691910266876 661.106824874878 629.863986968994 662.308624267578 569.84379196167 830.01244354248 517.429466247559 622.455636978149 787.898162841797 750.634422302246 557.791076660156 800.989189147949 517.771072387695
596.831786155701 559.300811767578 635.861868858337 505.585746765137 622.084329605103 640.955743789673 567.548774719238 543.161903381348 1147.98417663574 514.938781738281 600.884326934814 636.627738952637 367.668853759766 640.522426605225 514.404083251953 589.354515075684 539.463348388672 643.257835388184 709.530044555664 805.22119140625 729.966644287109 498.497634887695 677.91813659668 735.813186645508 828.728782653809 859.927688598633 815.520292282104 573.865600585938 637.891929626465 696.728363037109 709.401411056519 558.031204223633 718.089538574219 621.290534973145 665.60933971405 661.235699534416 720.34145539999 676.758191108704 662.391971588135 693.034529209137 609.759307861328 830.976257324219 1158.82177734375 597.797096252441 674.181626319885 1153.14391326904 667.03763961792 540.470832824707 585.617141723633 921.587921142578
598.385282516479 725.293739318848 596.62186050415 754.714195251465 748.722091674805 760.542839050293 1112.0592956543 775.779922485352 648.00821685791 512.452163696289 496.923309326172 730.832496643066 522.23819732666 1144.89769172668 717.840850830078 588.731628417969 924.594262123108 595.441452026367 1095.23679351807 734.868637084961 763.720397949219 1267.33265686035 965.389305114746 497.277709960938 637.455062866211 1009.83322572708 731.867706298828 687.160919189453 1478.52377319336 423.942474365234 563.499183654785 576.408203125 491.929527282715 587.600666046143 612.040332794189 679.334960460663 650.416030883789 651.346160888672 748.997535705566 688.042617797852 734.919169425964 639.524932861328 703.710052967072 658.683540344238 673.801950454712 1195.29829216003 694.202941894531 590.282501220703 767.476078033447 715.742056846619
