export/dem/dem72.asc
NCOLS 350
NROWS 171
XLLCORNER 152620
YLLCORNER 418050
CELLSIZE 100
NODATA_VALUE -9999
[rows 22 to 43 of 171, columns 100 to 149 of 350]
405.409103393555 548.882856369019 548.993854522705 504.949310302734 514.702133178711 637.549825668335 566.93017578125 695.129555463791 727.720134735107 679.608753204346 875.693542480469 688.121826171875 566.079257965088 780.710220336914 369.821014404297 222.414733886719 705.386947631836 560.084930419922 362.319976806641 669.011817932129 984.83854675293 780.34538269043 501.269317626953 410.183715820312 295.433898925781 519.113166809082 492.533500671387 368.473266601562 642.442295074463 628.13835144043 569.15828704834 575.724502563477 555.087089538574 552.388122558594 515.223739624023 645.673878192902 699.83829498291 606.859703063965 498.945701599121 619.963809967041 554.366218566895 725.754905700684 666.633380889893 625.292821884155 778.312942504883 675.904716491699 686.15828704834 673.732444763184 648.865144729614 578.651508331299
390.092468261719 450.807929992676 453.248229980469 542.849632263184 474.110000610352 906.326148986816 724.566783905029 612.882041931152 682.53199005127 611.213256835938 1547.00131225586 642.132477760315 545.144920349121 1025.55145263672 415.249206542969 376.465026855469 823.66845703125 325.107360839844 455.724060058594 405.696563720703 736.861518859863 368.619186401367 1152.57629394531 800.448272705078 520.548736572266 569.279968261719 465.39404296875 400.076614379883 613.747550964355 480.072685241699 566.64496421814 738.817138671875 635.105724334717 656.573139190674 651.241352081299 670.422386169434 439.045227050781 481.906661987305 550.450462341309 685.824157714844 584.831695556641 602.728979110718 623.904411315918 657.199283599854 623.561344146729 739.74609375 686.159965515137 614.950498580933 659.892642974854 665.754501342773
532.332466125488 508.652610778809 490.215621948242 525.147598266602 444.051086425781 957.52734375 548.894989013672 608.123001098633 567.721160888672 527.160621643066 594.035339355469 784.816101074219 608.705261230469 711.64909362793 450.974014282227 593.317489624023 417.807983398438 378.846389770508 589.001403808594 817.512809753418 602.741333007812 436.930160522461 513.970100402832 470.830322265625 645.219024658203 415.223876953125 487.594451904297 650.241142272949 598.532748222351 615.233474731445 694.804069519043 536.903690338135 598.218786239624 702.871688842773 563.491928100586 553.441787719727 590.337606430054 578.641471862793 458.082366943359 469.420593261719 617.410285949707 585.328868865967 666.479377746582 681.73420715332 544.554136276245 619.605968475342 597.720899105072 514.284675598145 518.051612854004 542.049522399902
578.443498373032 443.57398223877 503.422836303711 500.021087646484 263.467254638672 576.173927307129 708.815460205078 729.944885253906 685.792705535889 721.054748535156 993.698552131653 928.394346237183 1103.42491912842 770.317398071289 671.667938232422 972.82177734375 470.937911987305 355.434539794922 305.816955566406 751.794593811035 1444.11822509766 501.514694213867 580.894474029541 437.640975952148 468.878921508789 389.7177734375 573.096286773682 534.862638473511 515.506664276123 602.445487499237 708.071884155273 677.614158630371 714.368492126465 843.750831604004 692.772773742676 492.777206420898 454.824462890625 545.538715362549 606.775406837463 546.942726135254 589.006223678589 544.574775695801 598.247034072876 703.833946228027 637.605373382568 676.801559448242 598.80114364624 600.469505310059 506.584518432617 532.300472259521
509.811965942383 379.851089477539 757.62134552002 386.539688110352 523.394393920898 324.309600830078 478.12272644043 673.34880065918 1107.61250686646 666.906433105469 606.960525512695 919.657514572144 821.506568908691 551.307189941406 854.129669189453 1009.95290184021 461.092697143555 503.344085693359 823.455143928528 440.530014038086 1088.17840576172 536.156219482422 637.981559753418 424.448287963867 533.060241699219 442.344177246094 607.402238845825 393.039489746094 569.711002349854 488.232070922852 541.916266441345 605.412052154541 563.094848632812 557.976476430893 619.226823806763 624.964395523071 593.540370464325 564.193253517151 483.338890075684 694.268280029297 641.015396118164 501.597091674805 644.738555908203 589.759289979935 481.891006469727 774.435470581055 643.246322631836 659.133735656738 530.891616821289 488.583305358887
512.178699493408 594.716786384583 444.697158813477 358.14436340332 946.867553710938 1145.18902587891 565.526840209961 536.542007446289 581.774871826172 761.447906494141 631.597511291504 707.398040771484 639.181594848633 514.305679321289 584.353118896484 887.349090576172 1293.40052032471 422.023468017578 469.971832275391 660.258041381836 514.086196899414 436.977844238281 466.252792358398 601.172374725342 749.581783294678 436.692245483398 616.162536621094 454.762367248535 480.911964416504 455.325790405273 467.359939575195 653.127365112305 525.098035812378 532.347988128662 757.340423583984 525.311302185059 619.660537719727 513.203117370605 597.187690734863 547.924156188965 528.235816955566 647.65958404541 552.447604656219 398.388610839844 573.912668228149 607.597389221191 385.458450317383 565.698830127716 517.316177368164 670.598472595215
402.381393432617 910.177610397339 552.642496109009 562.588356018066 394.591583251953 355.726531982422 555.775037765503 353.739074707031 707.697937011719 525.115234375 935.652893066406 650.302680969238 360.696258544922 615.336471557617 843.91047668457 565.210151672363 627.976049423218 878.083374023438 1157.2435836792 475.030654907227 447.767730712891 495.432472229004 672.518577575684 591.508226394653 504.946113586426 564.568969726562 563.518751144409 485.452610015869 463.13990020752 498.447250366211 432.458160400391 569.032266616821 578.674204349518 522.159021377563 625.174530029297 529.128078460693 577.992916107178 466.939788818359 518.528381347656 661.047744750977 431.242897033691 503.90344619751 628.148857116699 440.905296325684 505.34693145752 589.368244171143 650.432357788086 554.510419845581 454.84366607666 519.052131652832
414.362548828125 439.279693603516 328.087356567383 551.819301605225 572.527374267578 487.823867797852 476.295448303223 517.5754737854 616.940017700195 677.046901702881 922.457229614258 485.35627746582 677.57886505127 1011.01836967468 769.105743408203 531.895729064941 392.406707763672 503.592445373535 612.919825553894 443.467582702637 595.832595825195 469.80542755127 561.943525314331 500.415145874023 788.260604858398 602.311687469482 573.181499481201 496.46577835083 448.768104553223 406.50218963623 506.726152420044 468.720779418945 485.897735595703 650.551109313965 523.639419078827 714.414566040039 682.929405212402 591.922397613525 504.972423553467 623.81226348877 633.133262634277 636.89803314209 578.443478226662 541.044862747192 523.254441738129 577.997158050537 772.087585449219 518.420337677002 558.891282081604 491.178993225098
730.156227111816 461.789394378662 374.60090637207 785.801612854004 742.986171722412 523.865509033203 494.974464416504 642.368127822876 717.708671569824 905.623010635376 731.3552775383 625.177616119385 585.586603164673 805.67183971405 688.62939453125 984.569645881653 499.643524169922 436.256813049316 548.35890609026 514.341304779053 497.950035095215 590.200897216797 442.19465637207 507.66427230835 682.184722423553 1641.22024536133 530.884140014648 554.659740447998 486.338665008545 323.671203613281 514.836137771606 601.362289428711 571.734375 417.43888092041 595.20206451416 797.203979492188 601.767890930176 685.930480957031 697.745376586914 664.088195800781 506.747627258301 451.885520935059 417.970764160156 637.635063171387 578.828144073486 561.757097244263 553.371981620789 512.809503555298 493.763214111328 596.220394134521
512.01198387146 461.150665283203 489.54899597168 748.321014404297 1361.94552612305 543.419762849808 698.40650177002 483.097171783447 687.86595916748 552.18186378479 516.583778381348 758.920745849609 491.917343139648 604.278419494629 784.907562255859 796.315414428711 373.059860229492 417.156349182129 471.373329162598 498.279813766479 654.294921875 534.09789276123 469.445579528809 567.985750198364 527.819474220276 479.569282531738 402.140754699707 383.914154052734 549.282215118408 595.499282836914 520.846615791321 538.436994552612 503.400862693787 425.812797546387 533.385538101196 622.63069152832 466.498504638672 470.984481811523 533.855133295059 588.499534606934 493.606033325195 379.883193969727 371.177200317383 565.565629959106 608.129497528076 604.156036376953 448.338966369629 590.045345306396 540.206249237061 645.993057250977
550.453322410583 482.08935546875 459.277305603027 541.427115440369 673.567222595215 616.374565124512 647.048011779785 1176.29032897949 1298.86274719238 755.093490600586 505.542339324951 710.28685760498 732.74111366272 572.054027557373 736.68098449707 599.503311157227 399.430572509766 338.62760925293 464.652183532715 501.227645874023 444.341217041016 531.01717376709 443.037132263184 527.221982955933 518.899104118347 536.42960357666 478.715013504028 525.522705078125 356.242248535156 493.594961166382 528.518689155579 630.446083068848 576.347923278809 450.634887695312 441.511352539062 566.008640289307 439.155540466309 618.697830200195 579.010955810547 488.807270050049 539.56671333313 403.021286010742 475.224800109863 490.929130554199 689.0419921875 509.550760269165 537.964532375336 447.651573181152 556.45569229126 529.978264570236
532.18091583252 300.765899658203 397.054306030273 402.269073486328 453.36124420166 436.406829833984 673.101150512695 632.028755187988 766.000938415527 625.268028259277 595.574184417725 569.107467651367 726.212188720703 1007.17287445068 380.725860595703 596.995727539062 421.368293762207 495.297595977783 488.988258361816 497.044305801392 488.183994293213 625.393836975098 420.840774536133 447.433692932129 442.576587677002 450.049123764038 367.625122070312 645.63053894043 419.365837097168 516.29089641571 612.560127258301 551.436515808105 507.610439300537 391.096015930176 375.671630859375 453.985069274902 447.640480041504 504.898319244385 795.991912841797 650.263565063477 521.172533035278 574.658752441406 680.478775024414 593.691772460938 602.710395812988 518.1501121521 553.008953094482 562.015319347382 584.305240631104 471.428146362305
349.513397216797 454.749622344971 492.978433966637 444.676605224609 713.982818603516 621.102798461914 508.301359176636 535.488126754761 436.76904296875 543.287788391113 519.572378158569 572.691738128662 499.644969940186 671.86213684082 622.582946777344 400.098861694336 423.624298095703 364.98307800293 520.405449390411 455.574420928955 380.498886108398 422.252342224121 510.425180315971 379.827133178711 424.690765380859 408.129905700684 587.665916442871 506.236067295074 384.847381591797 538.218681335449 485.068174362183 600.895790100098 351.583633422852 359.077423095703 458.453681945801 511.240594863892 492.339358329773 620.047302246094 565.031387329102 531.569919586182 595.263526916504 617.079460144043 509.422346383333 540.737438201904 529.791458129883 574.319458007812 479.816493988037 535.680154800415 589.432950973511 601.744255065918
446.476469039917 409.667083740234 532.132808685303 446.846405029297 404.57332611084 309.792694091797 553.90283203125 614.353607177734 446.67004776001 468.785972595215 522.072315216064 274.672317504883 410.616546630859 406.173751831055 520.462703704834 453.552114486694 494.467235565186 470.824356079102 352.797050476074 564.197738647461 474.639287948608 446.72102355957 511.204112529755 509.904247283936 482.188529968262 496.5927734375 525.136451721191 341.186721801758 284.014389038086 489.266863584518 316.114776611328 634.502502441406 438.223918914795 430.882137298584 509.576030731201 533.839241027832 559.586402893066 564.4287109375 553.377574920654 523.492307662964 600.813621520996 515.07294178009 628.178977966309 408.624855041504 425.249786376953 469.885925292969 393.604873657227 461.336311340332 672.71125793457 659.91431427002
484.636060237885 361.734481811523 436.773239135742 609.443588256836 367.323013305664 406.258750915527 594.475952148438 587.224342346191 478.509304046631 409.239990234375 451.189418792725 470.661016464233 414.494834899902 473.038635253906 537.668842315674 471.241426467896 390.010559082031 519.348949432373 476.624852538109 471.993909835815 399.728523254395 388.241355895996 405.711402893066 447.688137054443 462.289621353149 478.199941635132 401.020454406738 393.356586456299 486.225044250488 421.327976226807 429.686130523682 439.175844192505 447.985439300537 520.080192565918 610.709518432617 512.122421264648 380.60848236084 413.507789611816 509.101978302002 545.905780792236 480.281807899475 485.34158706665 535.857988357544 390.532646179199 694.203491210938 434.851127624512 471.455043792725 636.139770507812 585.281286239624 563.665787696838
511.068687438965 511.9098777771 428.969425201416 466.42475271225 477.152926921844 602.118202209473 363.041961669922 452.492664337158 409.29451751709 427.377597808838 409.722496032715 486.240287780762 560.981369018555 421.698833465576 504.114038467407 630.08854675293 455.665109634399 645.859649658203 638.03759765625 528.323333740234 388.725303649902 417.014430999756 335.775329589844 537.965896606445 443.081338405609 384.012588500977 373.26097869873 221.656967163086 530.182609558105 381.31510925293 513.837028503418 616.382858276367 619.387893676758 561.855834960938 514.205852508545 388.129699707031 376.69352722168 325.541915893555 345.395309448242 270.880645751953 397.119178771973 569.9504737854 387.11100769043 631.284187316895 489.042100906372 511.86509513855 546.758539199829 578.043670654297 561.71178817749 621.42728805542
402.735706329346 445.019666671753 352.345481872559 612.254653930664 547.104179382324 461.852317810059 520.172856330872 386.407508850098 308.709777832031 423.693470001221 404.327529907227 574.818778991699 345.304328918457 552.336776733398 520.423080444336 402.020858764648 413.918277740479 642.441528320312 480.888542175293 509.459476470947 608.4609375 511.587707519531 490.331295967102 531.130786895752 509.432029724121 471.971690177917 479.053241729736 306.399307250977 341.782318115234 348.02604675293 362.070289611816 455.291206359863 565.06713104248 561.487442016602 416.17115020752 466.635770797729 503.655826091766 502.944679260254 572.71849822998 470.538654565811 424.413970947266 505.70109796524 503.196042060852 609.809425354004 497.744218826294 602.266860961914 494.271896362305 453.639862060547 825.729766845703 650.132720947266
530.871292114258 380.781478881836 507.892963409424 422.742481231689 363.452743530273 535.185256958008 426.636964797974 378.024314880371 382.584671020508 355.861999511719 452.956702232361 448.522916793823 439.462097167969 496.669891357422 468.259131908417 485.803932189941 463.87159383297 588.968704223633 513.689075469971 577.133766174316 513.229434967041 478.935971736908 562.051467895508 440.638381958008 535.139228820801 536.180236816406 563.432647705078 458.982791423798 514.22188949585 396.743919372559 478.203125 454.482469558716 566.286102294922 490.388074874878 531.137069702148 412.087020874023 514.33203125 549.537670135498 672.606018066406 472.31178855896 595.264610290527 458.21081161499 480.494040489197 533.949279785156 618.273338317871 532.617944717407 458.86759185791 486.194513320923 436.100280761719 547.316246032715
370.481773376465 478.280916213989 240.347015380859 473.827405929565 401.199356079102 441.129470825195 542.280204772949 267.511993408203 376.888710021973 526.639781951904 343.155899047852 437.069934844971 478.32431602478 301.133346557617 475.596832275391 600.693710327148 435.109508514404 400.267501831055 463.476779937744 360.759376525879 433.387538909912 591.089729309082 662.885467529297 558.06909942627 485.986219167709 418.61888885498 549.179039001465 476.165344715118 428.337730407715 400.979988098145 354.387603759766 497.841524124146 432.352264404297 461.930204391479 415.594985961914 587.324417114258 589.818397521973 515.828137397766 438.688682556152 444.21866607666 444.139820098877 527.640585660934 534.620769500732 605.475662231445 521.984279632568 576.705078125 478.63924407959 552.4870262146 558.831525802612 462.61742401123
505.557456970215 380.193878173828 580.792144775391 329.181312561035 508.622169494629 493.475275039673 429.297714233398 588.708457946777 493.467422485352 333.741073608398 218.789138793945 406.345558166504 381.136672973633 416.028667449951 480.191587507725 462.023958683014 503.341119766235 366.515563964844 501.81981086731 355.393501281738 559.844596862793 432.351762771606 554.758033752441 403.776329040527 368.612281799316 503.337413787842 534.227973937988 635.451400756836 561.39762878418 436.934944152832 317.156723022461 473.713395118713 524.873840332031 414.15673828125 464.915973603725 660.017761230469 619.486785888672 472.919399261475 512.451770782471 482.047760009766 667.824829101562 632.874740600586 424.012054443359 489.089450836182 574.219181060791 487.736854553223 565.772932052612 473.691719055176 687.972427368164 546.776402950287
374.89977645874 479.078620910645 364.002670288086 318.496780395508 413.667949676514 292.764358520508 576.108680725098 463.620083332062 485.122779846191 455.928304672241 370.735717773438 322.569549560547 548.774421691895 498.704502105713 544.332672119141 306.87255859375 416.383583068848 485.505683422089 584.198852539062 447.896718978882 544.95877456665 529.07642364502 564.437614440918 556.102531433105 439.752113342285 510.849998474121 498.937915802002 421.838310241699 623.896774291992 363.106491088867 552.43431854248 562.289283752441 425.81031036377 611.526565551758 420.199047088623 520.871578216553 712.300888061523 513.346199035645 547.322138786316 474.698398590088 629.412757873535 532.888256072998 479.408288955688 546.110645294189 526.148651123047 619.883209228516 434.910865783691 460.782295227051 432.556854248047 700.659713745117
362.846786499023 443.088475227356 442.650446176529 297.561080932617 523.222198486328 560.907989501953 477.762069702148 601.300842285156 502.554309844971 562.995788574219 484.455461502075 403.135177612305 521.678211212158 315.233154296875 419.680143356323 400.17130279541 456.736555099487 401.466270446777 491.70959854126 396.755233764648 508.655303955078 453.470706939697 527.958923339844 602.431427001953 652.337997436523 556.650375366211 527.85192489624 530.832130432129 513.257820129395 417.936820983887 551.780841827393 422.768901824951 609.15340423584 421.571975708008 483.681723594666 538.939487457275 489.960816860199 439.438457489014 566.68563079834 643.131088256836 582.11319732666 557.912342071533 596.394264221191 343.05615234375 585.901214599609 554.960678100586 513.459205627441 409.246711730957 632.347930908203 512.08144569397
