export/dem/dem74.asc
NCOLS 350
NROWS 171
XLLCORNER 152620
YLLCORNER 418050
CELLSIZE 100
NODATA_VALUE -9999
[rows 110 to 131 of 171, columns 250 to 299 of 350]
704.12109375 556.199722290039 604.190795898438 517.144332885742 1126.85968017578 807.171417236328 631.357116699219 1201.21746826172 855.80859375 764.54280090332 684.631744384766 774.6708984375 1068.6637840271 762.024078369141 912.102569580078 785.423149108887 999.404886245728 1100.31618881226 884.983818054199 793.163589477539 955.055709838867 772.580001831055 1012.85181427002 1151.91139221191 1239.45419979095 851.320877075195 745.456798553467 934.616622924805 1073.48866271973 988.040390014648 1022.79623413086 877.153511047363 814.148155212402 870.644123077393 1001.47493362427 867.919806957245 873.074398040771 797.207969665527 942.334814071655 807.11399269104 779.233341217041 783.045356750488 756.852950334549 832.750366210938 658.933866500854 814.654640197754 775.059137940407 658.035757541656 855.838237762451 867.237121582031
923.994968414307 614.650291442871 483.465065002441 825.350044250488 569.263198852539 458.458099365234 671.192733764648 1101.47640991211 480.550415039062 491.491973876953 535.37956237793 632.340545654297 985.940116882324 795.737445831299 692.473541259766 690.890930175781 800.662969589233 885.467657089233 859.460899353027 952.431133270264 1316.44679260254 913.884651184082 948.237564086914 974.810684204102 1038.57233428955 1385.03361415863 1030.23240661621 793.132209777832 940.912685394287 975.49853515625 972.366760253906 1082.15197753906 918.763210296631 935.61799621582 981.267486572266 801.104637145996 1123.88397216797 973.505882263184 893.594757080078 927.88981628418 824.5869140625 823.574207305908 845.479625701904 771.201273441315 820.209320068359 680.753772735596 879.768989562988 741.161964416504 776.102659225464 871.454488754272
714.708358764648 880.283500671387 813.623291015625 640.129211425781 958.754318237305 563.295806884766 772.493537902832 812.398468017578 828.317504882812 822.635299682617 478.384979248047 518.0830078125 1003.13767242432 1102.28608322144 1090.9020690918 833.524200439453 567.002685546875 654.028411865234 753.143463134766 751.478698730469 801.858711242676 817.618339538574 1105.97016906738 939.386413574219 1107.32159948349 1075.46075057983 940.533946990967 1146.96322631836 862.01753616333 916.926202774048 910.938362121582 974.653244018555 888.410488128662 859.387630462646 900.329467773438 851.045593261719 996.518413543701 885.819221496582 856.302825927734 837.240604400635 802.726989746094 700.085712432861 849.519035339355 911.76224899292 870.568928718567 862.533573150635 707.464496612549 1032.20286560059 793.08978843689 654.359512329102
564.745803833008 715.677856445312 537.232711791992 665.109313964844 855.638694763184 1184.64362335205 689.842422485352 575.9736328125 674.062835693359 617.590103149414 629.180450439453 538.441787719727 699.545763015747 549.286781311035 689.356781005859 719.873970031738 759.901306152344 729.742012023926 699.871635437012 776.320093631744 584.688354492188 797.360382080078 890.97899055481 935.862312316895 891.571899652481 1109.03991127014 965.037670135498 1012.96820831299 1355.69801962376 1257.09355163574 951.655941009521 902.236231029034 1046.60885620117 916.224670410156 807.22582244873 867.704299449921 955.149055480957 783.697616577148 621.559968471527 587.519212722778 545.621994018555 723.568260192871 466.834487915039 708.10457611084 704.900798797607 669.689186096191 635.232402324677 932.709812164307 900.450847625732 981.78751373291
757.62678527832 1040.92837524414 1297.74417877197 645.684097290039 592.922180175781 656.354019165039 1854.3616027832 640.196578979492 1263.54174804688 1212.34121704102 724.595581054688 691.413192749023 699.04368019104 646.428670883179 827.384643554688 879.208213806152 855.870391845703 715.645364761353 772.228008270264 541.320175170898 721.710357666016 838.249359130859 678.450538635254 731.791147708893 907.52214050293 1030.10336303711 983.596717834473 1007.53055405617 1310.38920211792 1306.80827641487 990.043750762939 927.874244689941 848.038084030151 688.750026702881 654.512153625488 763.040115356445 771.099639892578 684.082794189453 814.194664001465 796.699722290039 761.477109909058 673.683994293213 562.512741088867 661.540252685547 517.500228881836 588.010482788086 534.915061950684 710.02709197998 799.509441375732 650.796737670898
748.235847473145 964.878227233887 693.115173339844 591.62451171875 728.520210266113 907.768798828125 747.180134773254 537.084350585938 703.145385742188 737.649551391602 765.638866424561 635.176898956299 693.125545501709 521.977874755859 572.366058349609 693.102798461914 696.959445953369 909.117362976074 811.115684509277 647.228034973145 773.91678237915 790.380004882812 950.223579406738 973.368583679199 785.011184692383 883.632797241211 1053.1138458252 814.258121490479 1117.218937397 1591.84344482422 982.835693359375 964.316986083984 873.508415222168 659.200752258301 638.683181762695 648.791534423828 721.825924575329 837.373008728027 695.489273071289 735.984758377075 769.374446868896 766.443405151367 635.779106140137 728.812351226807 661.023132324219 683.474300384521 605.573532104492 549.038238525391 700.070571899414 697.324546813965
1000.50271034241 1235.12965393066 649.244979858398 698.775360107422 1201.51217651367 522.425170898438 448.532531738281 1133.34242248535 707.649635314941 1007.60961151123 975.021636962891 660.607620239258 762.74112701416 648.180037736893 686.370427131653 622.437522888184 693.89971446991 768.453342437744 815.413200378418 757.513236999512 752.418590545654 827.742919921875 687.734558105469 778.680820465088 781.003461837769 684.038146972656 917.28265953064 844.662979125977 884.999076843262 973.43541431427 1192.63398551941 757.887870788574 807.64058303833 814.801406860352 877.252807617188 1227.22718429565 1417.41398620605 1766.91501617432 1607.65538787842 979.908813476562 773.135925292969 788.73669052124 761.646797180176 751.150215148926 654.836990356445 736.916027188301 616.500785827637 689.446460723877 780.720985412598 641.443870544434
618.191680908203 925.604476928711 712.572074890137 684.516693115234 849.217132568359 667.322189331055 1048.44660949707 529.158477783203 674.428573608398 800.482192993164 718.540649414062 693.764266967773 507.329803466797 592.826457977295 701.398914337158 672.479152679443 782.674343109131 758.187507629395 626.649444580078 550.110778808594 490.042404174805 690.100776672363 698.215179443359 752.963996887207 789.29056930542 866.902607440948 1026.75392913818 943.95544052124 776.018901824951 817.438141822815 803.045867919922 962.496543884277 890.845809936523 823.98055267334 1092.44735717773 809.794172286987 1069.97089385986 1236.65383911133 1639.27499389648 2177.22604370117 1203.9266204834 1058.24951934814 967.316986083984 744.827285289764 815.089889526367 797.49585723877 696.55394744873 709.58122253418 685.932670593262 681.660236358643
606.525909423828 741.937347412109 718.172225952148 683.985534667969 948.853393554688 840.475422859192 1223.62174987793 753.412216186523 771.719192504883 718.026947021484 676.652908325195 687.001098632812 672.265777587891 524.395683288574 491.121246337891 598.983474731445 634.289993286133 790.936681747437 814.827026367188 820.229840278625 820.119140625 782.333709716797 742.58127784729 750.649441719055 853.418460845947 839.274196624756 786.252288818359 768.14283657074 517.38215637207 765.148723602295 2172.65915584564 2800.35362243652 909.966314315796 1016.69523334503 1326.68159484863 1089.68691253662 1135.09264373779 1177.7409362793 1212.01254272461 1247.54290771484 1196.35009002686 1543.48098754883 1264.04192352295 1229.81642341614 1483.00805664062 1088.20408630371 887.261962890625 832.650100708008 777.726451873779 763.248498916626
534.512420654297 666.498695373535 655.944602966309 659.431938171387 686.66828918457 1144.45888137817 702.817733764648 803.238342285156 1026.37924194336 703.122425079346 653.657043457031 762.565742492676 681.376525878906 682.612236022949 644.324296951294 531.278472900391 658.690139770508 716.702423095703 847.210941314697 835.53070640564 813.26536655426 757.804046630859 649.907165527344 703.6187915802 663.121803283691 804.45524597168 761.459976196289 902.801139831543 907.878974914551 631.668014526367 726.484813690186 2121.81980895996 814.845645904541 1018.24579620361 1269.24058532715 1490.14389038086 1198.68326568604 1250.53260040283 1674.89539337158 1302.18450927734 1205.53698730469 1027.05164718628 1124.97115325928 1022.14851665497 1631.67428588867 1577.97004318237 1162.14088439941 1516.34036254883 1189.15533447266 949.294937133789
477.607421875 536.814267158508 553.752737045288 459.008209228516 833.176155090332 757.560562133789 984.25276184082 880.592092037201 749.23828125 708.924046039581 893.787380218506 661.222213745117 559.259948730469 709.577741622925 579.891067504883 841.99006652832 619.135688781738 533.72966003418 691.26411986351 629.452178955078 757.236415863037 816.96718788147 857.403289794922 806.686630249023 720.604808807373 761.80269241333 822.469795227051 1026.9214630127 928.690284729004 954.739044189453 736.709878921509 933.160507202148 858.669460296631 919.502632141113 874.205059051514 907.077041625977 1023.3967666626 1077.83624267578 1343.50002288818 1228.40701293945 1284.08954429626 1126.45701980591 1098.17569732666 1023.09560394287 1471.56390380859 1225.36702251434 1147.87091445923 1057.99397850037 1222.66883850098 1705.09704589844
736.286472320557 722.412864685059 652.620929718018 703.699531555176 558.567730426788 461.269454956055 491.72770690918 738.833427429199 643.359931945801 697.365049362183 696.798149108887 600.190612792969 797.766166687012 770.394495487213 663.100791931152 684.864517211914 731.015823364258 594.261817932129 725.668772697449 609.836120605469 760.092759132385 661.501289367676 729.328399658203 831.284072875977 666.839836120605 625.75464630127 892.923736572266 645.869827270508 1064.21363830566 985.687088012695 790.605209350586 841.015632629395 986.153167724609 982.534286499023 1010.41540527344 1130.2462310791 1176.27449035645 1209.98680114746 1024.84756088257 1008.28841781616 1339.39308166504 1356.09115600586 1004.50663375854 840.82772064209 1349.82769393921 1200.03475952148 994.54566192627 1064.41453552246 1304.65272521973 1521.1598815918
624.135375976562 726.217874526978 692.329504966736 723.2327709198 791.310272216797 546.052188873291 413.03840637207 519.359045982361 509.567504882812 807.193698883057 728.725975036621 772.198043823242 802.316845655441 680.071350097656 675.301422119141 529.816589355469 807.783181667328 798.054565429688 676.024391174316 576.276214599609 652.537506103516 827.554777622223 802.706979751587 908.303207397461 762.287832260132 954.790420532227 823.582458496094 902.026062011719 912.725797653198 828.435306549072 985.518218994141 851.046871185303 845.023025512695 804.670168399811 936.512710571289 1056.79449462891 836.013954281807 1080.03746032715 899.224937438965 855.337430953979 906.728144168854 892.22891998291 940.5043592453 1006.27885437012 961.29080581665 1091.97306632996 1010.02707290649 1035.96775054932 937.803855895996 1062.0118560791
705.622955322266 647.385948181152 671.769287109375 766.50675201416 732.71227645874 839.33757019043 753.621566772461 711.123779296875 779.421073913574 777.766473889351 807.031484603882 701.827239990234 994.547843933105 806.853168487549 1033.20091247559 836.835620880127 742.365503072739 658.148632049561 840.252777099609 773.743640899658 787.551307678223 808.738594055176 779.406394958496 845.209483250976 876.231002807617 720.513191223145 729.070739746094 742.176918029785 952.985649108887 1041.65877532959 768.797897338867 830.778915405273 799.514104127884 912.407165527344 1042.04231262207 1083.63841247559 832.276792526245 873.568702697754 688.183631896973 817.53111076355 861.704540252686 897.445159912109 629.512664794922 833.429191589355 769.812957763672 1030.02119445801 987.919036865234 868.2578125 862.741088867188 859.735202789307
780.520595550537 886.419540405273 883.237213134766 871.793365478516 855.334785461426 694.047746658325 719.060626983643 550.467842102051 690.150289058685 700.197954177856 708.73656463623 703.80738067627 810.214835166931 719.843742370605 1420.95908975601 619.569030761719 838.911514282227 672.562381744385 653.601547241211 504.585113525391 650.420059204102 662.038139343262 662.529449462891 754.319739341736 794.924621582031 822.235305786133 618.477828979492 840.98846244812 965.433258056641 1011.35508346558 906.010025024414 1158.3318939209 1204.29481506348 936.374893188477 884.121978759766 858.227598190308 768.390567779541 951.683715820312 900.526748657227 782.905158996582 823.618869781494 869.169456481934 685.36270904541 698.660980224609 769.79341506958 710.405250549316 751.746562004089 911.203407287598 765.866945266724 955.084609985352
700.250238418579 807.268844604492 816.783504486084 781.114593505859 725.760629653931 681.181716918945 678.484775543213 681.866851329803 495.23299407959 432.64965057373 716.458415985107 538.298233032227 1178.04747676849 843.54903459549 849.320640563965 812.063011169434 812.801334381104 703.195457458496 872.448661804199 1173.89801025391 692.328139305115 660.840356826782 603.208839416504 827.574890136719 806.239631652832 658.415672302246 632.411567687988 655.407646179199 831.921604156494 822.290924072266 662.88663482666 906.36190032959 959.035675048828 852.463432312012 899.12451171875 814.994720458984 793.390914916992 761.740367889404 907.634918212891 665.202964782715 903.522232055664 811.758014678955 779.874086380005 803.12068939209 844.62654542923 921.162971973419 816.16948223114 791.95051908493 774.632223129272 876.155258178711
803.642158508301 753.120740890503 695.51167678833 866.278968811035 768.608345985413 724.80086517334 714.875349998474 605.353706359863 400.672622680664 559.988182067871 513.342720031738 1290.79647636414 758.006071090698 913.3766746521 976.533805847168 625.154067993164 712.981231689453 649.356391906738 1249.11975860596 640.543212890625 627.181625366211 927.011169433594 713.191772460938 646.819305419922 719.798923015594 783.318161010742 746.686672210693 631.617809295654 710.170974731445 833.249588012695 878.613693237305 770.564233779907 930.995933532715 904.326168060303 863.570426940918 767.605854034424 900.810623168945 747.449405670166 858.033226013184 780.221273422241 693.730625152588 790.901248931885 773.361326217651 757.342632293701 831.308685302734 769.956687927246 896.957202911377 750.232200622559 782.806662559509 807.216011047363
732.517581939697 654.42667388916 760.349882006645 642.194847106934 641.258834838867 700.653373718262 731.07349717617 748.584403991699 584.455452919006 704.125137329102 567.889797210693 716.882392883301 619.522517681122 1429.77032470703 978.639755249023 811.605049133301 512.727691650391 961.938102722168 820.615112304688 553.902084350586 631.584144592285 667.37976026535 569.128761291504 686.94327545166 705.217220783234 808.191047668457 729.893104553223 726.765830993652 702.93065071106 706.518451690674 825.415252685547 743.037552833557 879.506660461426 962.466567993164 979.991943359375 690.278411865234 872.984512329102 1013.64096069336 782.998680114746 872.968216896057 774.09814453125 774.886304855347 824.002258300781 813.265064239502 692.985565185547 648.644073486328 653.005973815918 908.786450386047 777.215744018555 864.348234176636
743.42809677124 615.851867675781 829.6650390625 768.106643676758 752.921812057495 782.672060012817 815.459812164307 741.667503356934 772.760299682617 810.375610351562 691.351568222046 787.923904418945 729.452179431915 834.547302246094 660.997745513916 665.026260375977 475.942886352539 712.847034454346 695.848585188389 621.117919921875 695.471605300903 632.800758361816 632.854885101318 661.609066009521 627.096229553223 904.031066894531 808.599403381348 718.575548171997 652.288909494877 753.178676486015 820.818969726562 830.260349273682 904.584812164307 716.030754089355 866.678071975708 857.774716377258 942.805717468262 841.376758575439 972.828121185303 1131.50282716751 864.116558074951 811.928201675415 916.981788635254 919.180511474609 787.209957122803 634.304779052734 595.762252807617 736.818729400635 1079.92359352112 968.950508117676
704.820781707764 754.659547328949 728.478693008423 824.850135803223 862.816070556641 817.535360336304 551.296752929688 601.324287414551 765.823043823242 735.523506164551 872.251281738281 706.980808258057 774.249691009521 606.727478027344 714.087574005127 716.69236946106 690.043983459473 679.313724517822 705.262998580933 725.624859571457 777.593612670898 618.675758361816 716.420137405396 688.104251861572 752.966903686523 892.842422485352 740.805727005005 715.494299173355 656.834413528442 751.447228431702 734.585223436356 980.411827087402 961.969184875488 881.605628967285 947.186561584473 953.496215820312 932.270347595215 1004.62609100342 1028.65032577515 971.811296463013 944.596477508545 1024.29138946533 730.308975219727 1040.18243408203 770.980575561523 947.809123039246 560.396347045898 671.68384552002 731.526588439941 762.21745300293
707.570274353027 750.230786323547 670.272842407227 844.968490600586 829.022068023682 842.243682861328 671.439109802246 595.814777374268 708.388290405273 643.577293395996 769.566917419434 764.18018913269 904.609527587891 719.799751281738 717.076463699341 773.778593063354 711.039257049561 654.51350402832 845.47013092041 742.017314910889 671.392674446106 824.686706542969 731.834007263184 756.195922851562 667.990060806274 777.612396240234 674.187843322754 913.109977722168 660.014472961426 819.737396240234 705.180565834045 639.225082397461 619.512603759766 1014.5982131958 862.692543029785 1008.29724121094 832.169067382812 1005.30264663696 1188.78063583374 994.516946792603 1027.32997131348 1230.16710090637 1031.42856407166 640.015487670898 868.528144836426 925.646666526794 903.503775596619 562.533584594727 700.136528015137 971.183681488037
898.616737365723 770.116045951843 746.081565856934 742.878486633301 656.849281311035 875.565826416016 747.814353942871 629.879463195801 775.995147705078 705.317647695541 792.963088989258 770.493515014648 729.381316184998 778.068893432617 753.559728622437 699.807788848877 639.300880432129 695.114646911621 646.710258483887 934.24617767334 625.114044189453 585.133460998535 604.657836914062 650.460384368896 744.806571960449 752.832935333252 602.223686218262 687.01947081089 727.685871124268 349.347076416016 625.826599121094 521.405029296875 530.812126159668 780.741165161133 698.91646194458 702.904163360596 682.728694915771 888.382543563843 1085.06770324707 1162.76491546631 1266.79615783691 1019.38126373291 949.039985656738 948.84561920166 784.178466796875 779.60920715332 788.321548461914 632.664916992188 839.769817352295 998.918328285217
