export/dem/dem79.asc
NCOLS 350
NROWS 171
XLLCORNER 152620
YLLCORNER 418050
CELLSIZE 100
NODATA_VALUE -9999
[rows 22 to 43 of 171, columns 50 to 99 of 350]
-9999 -9999 -9999 -9999 -9999 -9999 -9999 -9999 -9999 523.857681274414 432.300582885742 625.582248687744 694.460744857788 677.255381822586 411.598659515381 526.853912353516 531.168212890625 555.422400474548 700.813400268555 606.202621459961 695.384449005127 529.323684692383 549.891227722168 669.725310325623 864.756608724594 611.089305877686 640.993637084961 576.138824462891 680.176582336426 594.528414726257 649.583309173584 529.465171813965 790.855834960938 518.759521484375 603.08094894886 795.136932373047 665.24488067627 426.657897949219 636.035053253174 469.861038208008 522.550012588501 519.215137481689 1041.44470977783 648.374404907227 530.559692382812 627.185880661011 469.281204223633 716.223777770996 402.795120239258 1491.02132797241
-9999 -9999 -9999 -9999 -9999 -9999 -9999 -9999 897.184951782227 540.313171386719 593.330585479736 601.023857116699 725.093860626221 365.406803131104 514.047565460205 492.599403381348 496.78825378418 647.514909744263 627.955077171326 625.954267501831 641.90961933136 771.530372619629 751.812164306641 721.505823135376 630.199989318848 633.360066413879 588.315252304077 418.146728515625 564.792625427246 560.332874298096 590.615592956543 466.76216506958 421.686264038086 617.161949157715 577.460414409637 620.955261230469 724.30989074707 996.081039428711 838.381031036377 997.545516967773 765.743549346924 603.858895272017 526.369937896729 561.824605941772 385.048110961914 696.316558837891 643.808738708496 665.151119232178 579.00625371933 1100.02110290527
-9999 -9999 -9999 -9999 -9999 -9999 -9999 812.849838256836 782.954071044922 723.298248291016 556.157020568848 535.951499938965 598.649749755859 452.099306106567 442.532577514648 688.485385894775 602.933246612549 678.611339569092 742.097175598145 593.373489379883 854.359222412109 539.924430847168 587.612528800964 616.810985565186 648.178251266479 591.999351024628 495.766006469727 490.61930847168 481.107597351074 1189.60489749908 651.997863769531 607.491932868958 623.117652893066 625.180110931396 766.295955657959 740.576686859131 670.922496795654 583.455749511719 575.925537109375 447.4853515625 748.2021484375 519.720714569092 593.244127750397 631.931243896484 467.768051147461 657.310539245605 654.033767700195 461.828071594238 424.707290649414 980.419883728027
-9999 -9999 -9999 -9999 -9999 -9999 682.3154296875 699.742233276367 860.301246643066 641.771636962891 580.217231750488 592.835781097412 396.192626953125 502.30339050293 489.518704414368 671.721426010132 753.556976318359 730.431076049805 657.621627807617 747.526901245117 639.474082946777 746.924896240234 489.963562011719 688.565483093262 600.926765441895 543.998706817627 478.761985778809 1188.74201774597 719.074451446533 759.941961288452 643.488784790039 699.446460723877 838.784111022949 863.954814910889 776.548721313477 511.349090576172 765.755905151367 532.098472595215 572.856039047241 599.231441497803 614.947774887085 634.356452941895 506.371065139771 697.183837890625 632.330535888672 428.26676940918 507.348537445068 640.523612976074 498.903503417969 852.066556930542
-9999 -9999 -9999 -9999 -9999 550.413269042969 323.761413574219 268.737442016602 485.790962219238 625.095073699951 593.602294921875 578.25700378418 513.876251220703 493.403076171875 582.105270385742 669.337189614773 579.484805583954 500.689414978027 602.149768829346 569.333472162485 671.729501724243 549.786506652832 400.988555908203 495.231216430664 558.735849380493 859.184726715088 661.380043029785 615.61328125 1012.55318450928 638.556930541992 683.176342010498 705.137912750244 697.654777526855 559.75316619873 593.486846923828 706.731630325317 662.026176452637 524.635398864746 550.722850799561 558.992919921875 542.335353851318 618.595909118652 421.991729736328 636.434753417969 574.883882522583 389.921936035156 436.797714233398 540.6318359375 469.254684448242 466.083099365234
-9999 -9999 -9999 -9999 351.739303588867 466.479553222656 370.190002441406 477.358444213867 304.276031494141 558.615188598633 404.590927124023 616.996131896973 597.927547454834 412.162002563477 508.728942871094 760.703157424927 515.642887115479 489.098365783691 514.530372619629 736.823760986328 617.694381713867 467.688247680664 538.432325363159 995.152268648148 1010.26090240479 855.145774841309 614.006912231445 710.302917480469 704.348554611206 797.588256835938 569.77368927002 571.624839782715 554.872211456299 610.529399871826 672.446798324585 701.592445373535 679.578693389893 559.032297134399 678.463592529297 663.370880126953 574.215201377869 567.793033599854 517.220680236816 563.704049110413 570.948778152466 555.427543640137 450.370018005371 510.550994873047 464.56526184082 617.421014785767
-9999 -9999 -9999 1025.47616577148 485.505767822266 447.264862060547 566.690361022949 343.779815673828 626.438493728638 636.066050887108 576.612335205078 594.422859191895 542.538269042969 695.286918640137 910.728073120117 525.207313537598 628.341487884521 703.772171020508 517.021503448486 548.340481281281 482.010066986084 496.154420375824 920.063850402832 581.986034393311 517.415405273438 620.141880512238 642.19913482666 494.35376739502 505.628288269043 524.12019777298 527.356533050537 421.102088928223 358.15185546875 603.77178645134 815.004379272461 768.604598999023 531.13777923584 627.10046005249 652.000812530518 630.691833496094 546.484170913696 534.808842658997 600.028099060059 558.651527404785 416.498001098633 363.153671264648 373.022399902344 432.30061340332 409.849533081055 492.743591308594
-9999 -9999 529.030120849609 1156.13279724121 416.321266174316 469.703610420227 363.248107910156 459.699596405029 589.911308288574 629.345085144043 614.191055297852 571.988788604736 542.86697769165 852.000442504883 863.529739379883 651.59196472168 706.446590423584 797.796920776367 1016.44570159912 544.404014587402 1258.6689453125 584.094860076904 556.325802326202 564.92179107666 641.548889160156 510.832849264145 466.233261585236 688.914344787598 551.844226837158 417.543869018555 565.265651702881 581.173069000244 463.131454467773 586.739692687988 576.480251312256 541.564951896667 688.869705200195 607.641014099121 578.05627822876 572.754837036133 521.48867225647 371.968444824219 421.94654083252 501.175601482391 492.335839271545 474.891513824463 342.688690185547 401.412734985352 436.550476074219 772.299026489258
-9999 -9999 555.807952880859 1058.9786605835 1011.4045715332 350.873435974121 538.035026550293 447.836380004883 514.314956665039 725.865339279175 659.305248260498 405.042999267578 852.028884887695 572.261291503906 759.919864654541 602.152572631836 675.904056549072 670.85279083252 907.490989685059 652.062934875488 443.442070007324 598.232460021973 438.37410736084 564.933263778687 312.201614379883 440.841830253601 469.665042877197 580.415588378906 395.841945648193 323.040985107422 331.072174072266 491.339299678802 456.038989067078 454.612281799316 436.811019897461 486.629199981689 551.132713317871 643.329582214355 550.01226234436 529.816356658936 704.303848266602 465.060424804688 421.971061706543 488.859202384949 505.026238441467 530.41565322876 269.808227539062 314.104202270508 472.062812805176 671.27645111084
-9999 562.220359802246 606.180168151855 564.098808288574 496.278350830078 507.365386962891 552.055130004883 636.374603271484 839.167976379395 524.998947143555 656.346794128418 614.122802734375 738.55867767334 681.170991897583 562.580066680908 734.725616455078 584.446266174316 739.054229736328 681.806457519531 561.165727615356 451.345375061035 509.70991897583 483.965653419495 380.301078796387 327.757690429688 552.912208557129 511.252513885498 383.523513793945 313.441711425781 358.125961303711 357.157661437988 428.43578338623 432.853307723999 442.577794075012 445.256400108337 523.049625396729 544.473670959473 426.607921600342 450.814605712891 389.666633605957 461.528486251831 465.440689086914 477.533744812012 552.113208770752 629.748886108398 642.248336791992 537.299058914185 349.064376831055 425.107536315918 439.322418212891
562.486660003662 482.500518798828 547.03938293457 520.94775390625 407.841720581055 539.379463195801 641.034496307373 592.398849487305 746.761566162109 677.414546966553 679.377098083496 721.786586284637 752.544288635254 612.693204879761 645.736793518066 626.482097625732 634.761932373047 599.313270568848 611.107322692871 365.525436401367 413.687477111816 377.057746887207 491.304201126099 500.110363006592 382.499645233154 546.408584594727 492.889749526978 474.809718608856 468.294607162476 409.403434753418 357.387725830078 362.004409790039 451.526128292084 552.749862670898 536.628547668457 594.448150634766 365.496604919434 496.010293960571 453.155849456787 370.607353210449 190.808898925781 477.016597747803 476.930029392242 486.420934677124 542.830200195312 752.249221801758 774.755554199219 501.413848876953 441.064781188965 528.851629972458
381.332626342773 428.594985961914 502.855346679688 522.658622741699 619.904167175293 462.968315124512 703.903816223145 410.134765625 690.33952331543 600.569465637207 749.03902053833 576.318200588226 724.724090576172 374.962371826172 435.18798828125 447.689737319946 579.698793411255 585.944213867188 503.542542934418 524.048503875732 390.043365478516 325.633941650391 367.025329589844 358.144653320312 294.507385253906 471.036853790283 397.385848999023 335.72705078125 330.405639648438 363.293991088867 491.695083618164 407.429508209229 374.74430847168 325.148498535156 459.018044948578 381.224243164062 376.602210998535 625.363479614258 516.588764190674 366.533554077148 390.46989440918 572.709938049316 413.123950958252 468.195181846619 560.777534484863 588.666549682617 488.068055152893 494.98176574707 485.748287200928 392.707710266113
494.050346374512 478.907157897949 380.073173522949 416.374160766602 442.362518310547 477.927001953125 542.346817016602 413.320030212402 701.371807575226 701.651803970337 660.904090881348 696.580841064453 357.202682495117 694.63224029541 578.956817626953 728.9931640625 516.33046913147 658.651016235352 453.63631439209 720.525985717773 649.919570922852 482.578750610352 349.985427856445 308.447738647461 411.521621704102 411.712688446045 487.829998970032 424.249141693115 386.43985748291 308.183601379395 257.98371887207 377.241584777832 381.197639465332 391.203014373779 355.859321594238 532.128467559814 571.716728210449 341.713447570801 494.026401519775 395.014408111572 356.892166137695 376.389251708984 261.842666625977 429.38035774231 418.649642944336 395.230247497559 621.066284179688 467.273975372314 531.928787231445 601.403541564941
403.227470397949 411.33878326416 457.092384338379 383.781051635742 511.112701416016 478.555641174316 336.860321044922 751.953163146973 563.034057617188 588.39835357666 669.016784667969 456.135829925537 548.329376220703 592.717987060547 629.532691955566 568.752655029297 502.031946182251 316.328201293945 500.637393474579 528.715396881104 546.765991210938 590.480010986328 398.2424659729 422.241569519043 469.205455780029 299.308395385742 262.800338745117 519.803634643555 375.620616912842 209.162719726562 259.182083129883 267.305801391602 385.943477630615 400.884346008301 244.322189331055 296.830062866211 480.750702857971 559.25212097168 365.527145385742 433.223956108093 452.272408008575 434.196388244629 497.698364257812 403.487575531006 553.263931274414 527.641330718994 568.883934020996 383.738838195801 369.958992004395 478.837344169617
498.420669555664 507.757736206055 389.181365966797 446.970542907715 598.210477828979 471.250717163086 617.41836977005 761.073835849762 519.612365722656 711.072059631348 447.087815284729 465.973648071289 561.287879943848 570.197229385376 489.554775238037 557.913696289062 389.237869262695 493.109407424927 489.504071235657 482.302180051804 525.634292602539 411.117736816406 464.203844070435 365.735137939453 341.238731384277 396.545761108398 333.986938476562 456.862622261047 399.632415771484 317.247077941895 387.706508636475 301.765045166016 396.729675292969 506.256607055664 383.123031616211 370.553764343262 421.656627655029 518.179870605469 476.206037521362 341.729530334473 534.853630065918 427.116075515747 428.550420761108 535.312187194824 578.143180847168 476.493978500366 433.443557739258 545.06859588623 490.475010156631 559.902328491211
602.308706283569 512.884282588959 373.349716186523 643.999523162842 632.094316482544 462.135036468506 333.199935913086 358.649154663086 553.770263671875 503.017181396484 376.315444946289 693.371410369873 474.857780456543 534.550155639648 506.477458953857 546.775856018066 616.272315979004 566.950347900391 478.859497070312 522.206790924072 420.464220046997 439.513650894165 356.806060791016 366.894325256348 542.540962219238 451.513430595398 396.861595153809 597.202499389648 332.937004089355 385.255306243896 339.963600158691 409.329862296581 436.122751235962 480.214244842529 427.424303531647 423.853134155273 426.633937835693 410.925384521484 480.999015808105 472.343811035156 419.02543258667 563.917701721191 402.623558044434 478.014139175415 504.579254150391 491.663421630859 501.399738311768 472.993271827698 438.382394790649 295.473999023438
452.136734008789 408.363594055176 526.828903675079 515.548377990723 501.085199356079 471.233963012695 375.667770385742 999.58182144165 1038.55603647232 1020.72462463379 538.209186553955 591.38529586792 364.182434082031 597.125 593.557746887207 591.875312805176 540.977470397949 554.913208007812 336.569435119629 459.720714330673 673.155944824219 452.408114433289 409.248264312744 332.174392700195 531.19116973877 479.913124084473 533.936004638672 400.993806123734 544.838371276855 465.734930038452 502.86775970459 392.882698059082 429.619312286377 460.026672363281 344.453910827637 335.289756774902 469.077934265137 405.296165466309 547.035888671875 571.935111999512 456.445834338665 407.261119842529 346.047035217285 534.881477355957 449.26026558876 403.740829467773 373.131004333496 551.913383483887 423.617156982422 408.489904403687
448.497161865234 283.649993896484 488.537467956543 665.918228149414 420.442245960236 465.587448120117 278.352157592773 447.941635131836 626.622274398804 609.032066345215 638.367172241211 520.108627319336 517.830877304077 525.393558502197 421.137390136719 419.625885009766 552.571548461914 514.998176574707 438.59682559967 506.073806762695 530.670692443848 443.561453342438 540.939750671387 455.611207962036 455.072649002075 460.797264099121 475.54515838623 356.040386199951 405.887687683105 495.823287963867 543.268112182617 322.897003173828 361.330093383789 344.57243347168 337.780128479004 355.698223114014 439.363531112671 505.582702636719 434.954866409302 448.795872211456 583.270515441895 636.769721984863 333.320953369141 358.881698608398 469.420300483704 465.146472930908 597.896591186523 489.302803039551 354.103866577148 301.161437988281
398.310317993164 542.807106018066 870.851493835449 623.221420288086 650.195323944092 410.657245635986 524.81420135498 655.251852989197 667.710929870605 477.738372802734 404.914093017578 485.739528656006 571.729465484619 609.972457885742 531.122970581055 482.649093866348 527.751373291016 397.355049133301 506.286598205566 353.539688110352 402.094207763672 516.999862670898 385.39501953125 449.562732696533 492.099437713623 522.150093078613 331.662185668945 521.91178894043 356.312889099121 404.801089763641 426.520001411438 537.1767578125 300.089874267578 513.623931884766 401.871816635132 409.443845748901 514.648254394531 522.158546447754 564.095008850098 536.522621154785 466.695950508118 555.676940917969 401.725372314453 442.074737548828 436.667963027954 420.569124221802 515.461391448975 615.246307373047 473.796133041382 367.37077331543
617.782264709473 549.503395080566 522.180046081543 605.732086181641 670.838932037354 609.253318786621 500.956551551819 840.269546508789 763.555910140276 1099.88944244385 509.188907623291 538.958988189697 470.129455566406 601.603691101074 520.06649017334 460.552326202393 487.887323379517 505.651363372803 368.392585754395 384.813362121582 463.316120147705 516.136108398438 370.817695617676 482.334438323975 492.316555023193 426.6937084198 381.794260025024 452.154088973999 512.163848876953 437.374597549438 506.860008239746 427.781720161438 419.308172225952 351.919235229492 475.118232727051 454.973258972168 377.303733825684 403.610492706299 562.45768737793 510.101684570312 444.919540405273 394.266242980957 517.559371948242 377.253967285156 420.250755310059 433.02356672287 457.577185153961 413.999349594116 476.381614685059 413.398370504379
681.739463806152 953.994495391846 948.067184448242 773.186145782471 312.706634521484 471.581454277039 455.323196411133 624.897315979004 393.99104309082 546.250087738037 497.376266479492 528.265619039536 503.448024749756 611.376136779785 526.671356201172 454.484031677246 435.3032579422 395.012496948242 316.383483886719 483.880207061768 453.273940086365 534.856254577637 502.71745300293 484.642509460449 506.386611938477 293.006477355957 319.704071044922 438.73054599762 296.565689086914 473.78617477417 502.420234680176 495.863788604736 484.052017211914 508.912612915039 500.01050567627 454.055583953857 467.182518005371 440.140035152435 430.940215110779 417.074388504028 385.875057220459 518.072570800781 390.681716918945 351.582122802734 358.147430419922 465.979953765869 333.315544128418 362.059936523438 453.686962127686 407.525957107544
630.678718566895 863.574113845825 711.596435546875 763.740640640259 405.886361122131 513.235641479492 393.733795166016 480.907875061035 608.570003509521 638.684967041016 707.636154174805 554.580097198486 499.44984793663 402.757110595703 531.550830841064 555.795761108398 468.85249042511 392.358913421631 397.983104705811 483.827453613281 623.359085083008 440.553383827209 450.840532302856 528.061195373535 571.814041137695 388.67361831665 427.836218833923 479.060165405273 403.612064361572 608.331207275391 594.024673461914 567.337524414062 516.974975585938 418.849750518799 420.533033847809 359.213233947754 435.142701148987 498.848472595215 336.052528381348 396.735931396484 512.47045135498 430.08814239502 606.030410766602 311.908813476562 310.547859191895 375.775608062744 490.727989196777 459.792694091797 499.839515686035 425.309352874756
