export/dem/dem76.asc
NCOLS 350
NROWS 171
XLLCORNER 152620
YLLCORNER 418050
CELLSIZE 100
NODATA_VALUE -9999
[rows 132 to 153 of 171, columns 300 to 349 of 350]
970.148082733154 927.307214677334 1601.5456161499 986.778427124023 1044.3741607666 1069.67848205566 1668.91970825195 1488.13572692871 1214.08658599854 1472.75132751465 1359.0281829834 1257.08589935303 1048.75339317322 1479.98345184326 1487.5417175293 1283.68566894531 1133.98780822754 1096.42182922363 1073.61036682129 1005.20703125 959.832130432129 951.855751037598 948.692344665527 835.301629543304 857.022349357605 827.775695800781 694.962646484375 769.382217407227 784.97705078125 571.534210205078 727.244659423828 780.123085021973 764.051528930664 985.648242950439 -9999 -9999 -9999 -9999 -9999 -9999 -9999 -9999 -9999 -9999 -9999 -9999 -9999 -9999 -9999 -9999
765.091751098633 780.593910217285 871.015470504761 1371.50116729736 935.019233703613 990.653343200684 1446.01724243164 1774.8306427002 1145.51263237 1204.94239807129 1225.38579559326 1324.49367523193 1096.83630371094 1154.23182678223 1587.95594024658 1955.0280456543 1865.68753051758 2231.89080810547 1724.88008117676 1361.94607543945 1634.50454711914 867.312460899353 1041.78388977051 837.759960174561 871.45546913147 782.240928649902 889.636795043945 869.482460021973 784.50553894043 937.414901733398 628.017700195312 927.972957015038 945.241523742676 1007.8122177124 -9999 -9999 -9999 -9999 -9999 -9999 -9999 -9999 -9999 -9999 -9999 -9999 -9999 -9999 -9999 -9999
819.104225635529 749.037109375 752.899638175964 1101.77597045898 1072.14956665039 1176.22196960449 1366.06994628906 1505.04095458984 1249.42314147949 1190.49613952637 1320.27243041992 1298.88708496094 1277.50811767578 1171.2783203125 1299.87307739258 1413.37339019775 1409.86767578125 1437.38102722168 1210.11785888672 1193.29528808594 1040.35179901123 1148.35740858316 846.470409393311 875.065412521362 976.21125793457 1020.07531738281 904.447509765625 757.651931762695 970.785163760185 887.828773498535 774.376083374023 823.913034439087 1001.26584625244 974.212017059326 979.219711303711 -9999 -9999 -9999 -9999 -9999 -9999 -9999 -9999 -9999 -9999 -9999 -9999 -9999 -9999 -9999
917.677749633789 628.604568481445 1118.22019195557 1217.25222015381 1234.92788696289 1229.85025024414 1075.19653320312 1502.99541473389 1553.37504577637 1432.40893554688 1272.75646972656 1528.64906311035 937.138900756836 1085.4443359375 1467.54333496094 1982.92802429199 1481.16842651367 1310.45651245117 1154.93324279785 1119.53848266602 1024.98203659058 1117.06646728516 1326.43840026855 976.253087997437 1062.47076416016 975.011192321777 980.006484985352 842.202926635742 802.265411376953 1000.23561859131 719.911468505859 819.988487243652 1105.397564888 923.475563049316 832.351181030273 817.23023223877 -9999 -9999 -9999 -9999 -9999 -9999 -9999 -9999 -9999 -9999 -9999 -9999 -9999 -9999
715.250915527344 766.591812133789 751.73023223877 954.099391937256 1054.8646697998 1273.75003051758 1101.751537323 1116.75563049316 1297.80862426758 1149.30657958984 1280.91265869141 1095.1657333374 1378.64487457275 1596.77584457397 1313.09350585938 1270.7084197998 1269.06433105469 1209.17129516602 1157.40228271484 972.796001434326 965.643951416016 1074.04273986816 1117.97271728516 1115.84085845947 967.357151031494 1010.24489974976 922.245994567871 901.173805236816 931.951847076416 695.683197021484 952.80640411377 1538.49061203003 804.578777313232 905.141571044922 782.636554718018 787.488693237305 -9999 -9999 -9999 -9999 -9999 -9999 -9999 -9999 -9999 -9999 -9999 -9999 -9999 -9999
802.037677764893 929.201448306441 857.446140289307 929.573253631592 917.624374389648 1402.62371826172 1186.87014007568 1115.65881347656 1057.47358703613 1190.00975799561 999.659818649292 1037.11837005615 1292.73797607422 1453.85997009277 1358.9397277832 1250.92712402344 1264.39724731445 1028.85642242432 978.588665008545 970.841243743896 1013.34878921509 956.116916656494 1083.36129760742 1061.18091201782 1051.7504863739 1063.53460693359 1605.83496856689 857.910352706909 927.993240356445 832.050243377686 1299.48149490356 915.658538818359 867.312746047974 812.004135131836 775.774635314941 636.508529663086 890.411328315735 -9999 -9999 -9999 -9999 -9999 -9999 -9999 -9999 -9999 -9999 -9999 -9999 -9999
782.093566894531 952.278282165527 1049.42889404297 890.47830581665 759.468044281006 1098.16032409668 1346.3148727417 1030.15044784546 1060.76426696777 1210.25254821777 1108.52007293701 1051.68210601807 1137.10463142395 1582.23136901855 1350.31558990479 1233.70656776428 1086.93579864502 1048.89171218872 1183.04873657227 1185.62850952148 1220.07815551758 927.419832229614 1075.32154846191 1001.60814285278 1067.72503662109 1166.9543762207 979.855440139771 990.712149143219 1222.44025421143 960.857971191406 1036.0977897644 851.748687744141 777.401580810547 873.343404769897 767.658004760742 869.3643450737 761.547529220581 -9999 -9999 -9999 -9999 -9999 -9999 -9999 -9999 -9999 -9999 -9999 -9999 -9999
693.563850402832 777.485343933105 959.286602020264 709.883239746094 916.214149475098 1269.88887023926 1147.88606262207 1115.26351165771 1073.45250701904 897.392311096191 1004.36776959896 1084.766456604 1075.97970199585 1012.100440979 1707.6993560791 1674.63531479239 1010.03382110596 1166.0418548584 1012.78045892715 1199.08818054199 1151.02038574219 909.582790374756 1040.91920852661 978.441509246826 914.738166809082 1085.60521697998 945.164503097534 828.355041503906 1011.07781982422 1131.17884063721 904.674278259277 937.958164215088 1020.27800750732 934.14928817749 827.522972106934 790.464881896973 786.064903259277 904.116115570068 -9999 -9999 -9999 -9999 -9999 -9999 -9999 -9999 -9999 -9999 -9999 -9999
760.22681427002 832.332653045654 923.405975341797 806.899806976318 1009.76079559326 1092.54126739502 1026.86547470093 1171.37480163574 1111.25902175903 1028.65649867058 1033.58614730835 1047.55992126465 1015.79250144958 1011.95972108841 1326.29001617432 1599.81271362305 1134.40260314941 1263.56723022461 1139.57887268066 1131.26655578613 1125.23566055298 1085.03802490234 960.253184318542 942.060972213745 789.949966430664 1067.64786529541 919.188201904297 916.418075561523 849.146446228027 910.085411071777 1392.97309112549 984.771926879883 850.467422485352 826.903816223145 883.626979827881 850.732933044434 982.96159362793 823.503593444824 -9999 -9999 -9999 -9999 -9999 -9999 -9999 -9999 -9999 -9999 -9999 -9999
561.485504150391 718.217002868652 809.767036437988 1049.63737487793 890.424236297607 990.099708557129 961.907295227051 965.718063354492 877.403961181641 706.901641845703 1067.21876525879 1114.69253540039 1078.37113952637 1143.60622406006 1251.55484008789 1503.69237518311 977.102268218994 1147.97455596924 1139.5016746521 1123.74333953857 1150.16333770752 973.331039428711 962.303035736084 998.866466522217 1076.92301940918 828.486381530762 852.083671569824 1144.79161071777 798.66056060791 953.84009552002 1050.88383483887 899.775146484375 934.864387512207 809.774993896484 837.674499511719 861.407730102539 866.168148040771 772.415397644043 790.860717773438 -9999 -9999 -9999 -9999 -9999 -9999 -9999 -9999 -9999 -9999 -9999
765.125053405762 761.044513702393 857.567867279053 881.055503487587 967.711711883545 1076.75255584717 1217.62167358398 1139.80760192871 1106.44638061523 1044.39142417908 925.354848861694 1164.37629699707 848.073516845703 889.492080688477 1261.83009338379 1165.73424530029 1136.48712158203 1088.31301879883 1015.11800765991 1186.05909347534 1428.95135498047 930.061187744141 1189.65687561035 1032.39246368408 892.018005371094 910.255073547363 720.315734863281 863.392242431641 949.919174194336 1081.11756515503 1279.0166015625 996.225601196289 964.604974746704 959.166248321533 922.987968444824 862.701145172119 929.201091766357 832.573341369629 755.273132324219 -9999 -9999 -9999 -9999 -9999 -9999 -9999 -9999 -9999 -9999 -9999
687.921123504639 777.806518554688 784.284702301025 669.530700683594 795.340690612793 1046.67770385742 914.786258220673 896.119735717773 880.414810180664 790.191080093384 909.762992858887 926.37042427063 993.422119140625 934.369239807129 1112.36273956299 1474.92264556885 1132.90504455566 1159.10427856445 993.288930892944 1063.8198928833 1017.31350517273 867.705665588379 1187.13365936279 1229.39301490784 1059.8924446106 759.712646484375 865.478607177734 831.867980957031 986.551513671875 1002.66157341003 1057.0394077301 1138.04743289948 877.884819030762 748.810531616211 848.565490722656 902.73998260498 806.460327148438 923.645414352417 790.940742492676 -9999 -9999 -9999 -9999 -9999 -9999 -9999 -9999 -9999 -9999 -9999
796.079002380371 659.645751953125 883.272003173828 823.714019775391 634.460906982422 821.858322143555 800.903049468994 749.680648803711 838.827922821045 745.533561706543 682.756973266602 807.140213012695 849.752906799316 989.839105606079 983.396476745605 1029.03693389893 1563.80115509033 1138.53696060181 1116.58379364014 1007.88467097282 1115.75146484375 892.388408660889 953.938014984131 1499.27903747559 1217.95973587036 991.160308837891 1521.92800140381 941.164775848389 1097.49880981445 957.459255218506 1044.36136436462 971.930725097656 821.940650939941 645.378692626953 938.178302764893 818.926605224609 939.869792938232 926.03044128418 766.111221313477 789.262855529785 -9999 -9999 -9999 -9999 -9999 -9999 -9999 -9999 -9999 -9999
836.567253112793 659.716430664062 683.518325805664 813.197692871094 805.755275726318 829.335262298584 748.916414260864 891.290191650391 705.554100036621 782.907474517822 783.290884017944 663.376953125 892.361885070801 814.382797241211 993.380325317383 896.347137451172 1121.74882507324 1125.44574356079 1606.90830254555 1080.16602325439 1023.99670791626 1005.33377838135 1059.31113433838 1012.2509970665 1478.71738922596 1476.06120300293 1097.24953460693 1075.6870803833 1082.06039810181 1024.57907867432 1034.04912567139 1064.31307983398 838.393508911133 811.280364990234 793.036956787109 839.245559692383 889.436721801758 881.271060943604 795.086151123047 860.147560119629 -9999 -9999 -9999 -9999 -9999 -9999 -9999 -9999 -9999 -9999
857.681739807129 736.959625244141 661.624374389648 799.930461883545 794.342872619629 810.031730651855 869.388786315918 758.817209243774 848.461364746094 1005.28060913086 671.765319824219 896.763381958008 661.98902130127 631.741241455078 740.674774169922 878.989799499512 1009.5053062439 907.446357727051 1150.21046447754 1156.66041564941 1257.11643981934 1157.3433380127 1221.42446899414 955.403076171875 1066.58451461792 1081.21705627441 1020.52941894531 845.906784057617 1067.45246505737 1015.11185455322 893.705307006836 1032.1024017334 869.407253265381 1101.26138305664 914.368156433105 856.488098144531 963.533718109131 877.684959411621 964.469345092773 864.319271087646 -9999 -9999 -9999 -9999 -9999 -9999 -9999 -9999 -9999 -9999
864.811737060547 679.306816101074 820.894420623779 764.709131240845 920.20686340332 889.240528106689 838.662242889404 814.364315032959 645.658721923828 1096.93236541748 832.343078613281 929.150455474854 760.843803405762 714.790477752686 773.808704376221 812.240840911865 868.749649047852 804.578750610352 1050.8150177002 1164.57152557373 1002.57424068451 1098.27237701416 1182.07424926758 1011.68594360352 1028.26308250427 1138.00183105469 1022.8533744812 1261.01165390015 1098.79927825928 1168.70795440674 891.094467163086 909.400260925293 833.50756072998 898.011278152466 858.389205932617 917.901161193848 896.771453857422 1011.49527740479 926.19677066803 963.801303863525 964.316612243652 -9999 -9999 -9999 -9999 -9999 -9999 -9999 -9999 -9999
914.93359375 859.803497314453 851.697044372559 779.989097595215 794.873218536377 708.021217346191 700.40234375 847.647611618042 843.20802116394 736.987205505371 733.073303222656 784.268005371094 927.418888092041 914.680458068848 675.411430358887 697.019226074219 823.396827697754 938.540939331055 830.833221435547 1081.79476928711 1214.15850830078 1084.24144649506 1030.966796875 1054.06937789917 999.025037288666 1095.23844528198 1045.56071233749 1040.177318573 764.974075317383 1011.20236206055 955.581836700439 973.520561218262 1049.99782562256 977.882690429688 924.348457336426 901.425672531128 764.46257019043 1015.73707199097 791.830238342285 907.868209838867 980.408992767334 -9999 -9999 -9999 -9999 -9999 -9999 -9999 -9999 -9999
787.530107498169 877.879264831543 926.178924560547 807.263900756836 774.162372589111 746.341707468033 807.283405303955 864.31259727478 797.408866882324 819.338754653931 649.597579956055 889.07149887085 743.278472900391 1086.68967819214 705.905792236328 719.406639099121 762.637090682983 884.555528640747 891.457941055298 891.202224731445 954.408107757568 976.915236473083 946.866287231445 1132.21620941162 905.863784790039 1003.76362003386 881.700256347656 804.060821533203 987.56672668457 979.274482727051 834.439929962158 962.570240020752 874.138352870941 901.579737663269 901.120811462402 964.709205627441 994.432649612427 966.395258903503 904.216934204102 847.896862030029 1043.58859634399 951.851192325354 -9999 -9999 -9999 -9999 -9999 -9999 -9999 -9999
766.368614196777 743.320478439331 981.463653564453 813.703289031982 899.386596679688 799.283210754395 720.415592193604 765.758743286133 651.441314697266 804.714183807373 835.420753479004 847.501770019531 653.974197387695 797.778762817383 872.406902313232 771.625091552734 864.575489044189 865.848453521729 852.655975341797 836.439002990723 914.612310409546 874.334705352783 1015.55090332031 1236.32763671875 1014.31653571129 938.627161026001 1015.79198265076 1070.7400894165 778.722030639648 838.939956665039 804.247970581055 859.514198303223 997.793159484863 775.573638916016 908.325344085693 965.351587295532 964.810184001923 1080.53494262695 1125.34945678711 965.050855636597 1112.03448486328 1203.1901550293 -9999 -9999 -9999 -9999 -9999 -9999 -9999 -9999
789.594152927399 743.240215301514 828.187093734741 716.173492431641 889.903182983398 679.97274017334 666.275840759277 762.666770935059 765.14591217041 630.689880371094 820.186073303223 889.945934295654 798.363967895508 731.587387084961 853.142196655273 821.828651428223 850.531784057617 747.167633056641 916.808853149414 932.212509155273 905.459419250488 801.70051574707 869.232328414917 781.826293945312 886.54118347168 743.670356750488 837.818458557129 902.642791748047 1060.59545898438 1099.62229156494 1050.70986938477 869.725860595703 945.889909744263 814.512214660645 1117.20178222656 899.989448547363 944.984058380127 1103.88654327393 950.158952713013 999.632930755615 839.551940917969 889.936347961426 991.707347869873 -9999 -9999 -9999 -9999 -9999 -9999 -9999
838.614360809326 910.624656677246 888.037475585938 870.182891845703 760.394834518433 727.048854827881 610.727401733398 601.439819335938 817.525997161865 665.926193237305 755.794906616211 938.20970916748 936.646659851074 844.787845611572 785.260726928711 935.335334777832 887.040008544922 863.925498962402 991.800437927246 886.842296600342 804.636741638184 694.845252990723 750.833114624023 813.165473937988 898.107641220093 787.304901123047 878.44619178772 858.597916126251 943.53503036499 896.149772644043 897.658515930176 941.695363998413 934.708248376846 944.781160354614 1188.54293823242 961.813226699829 977.819681167603 1057.31667137146 839.330047607422 956.328689575195 977.932540893555 943.883880615234 1014.06483650208 -9999 -9999 -9999 -9999 -9999 -9999 -9999
740.564025878906 831.1370677948 795.025796890259 686.556037902832 705.453178405762 654.40397644043 568.900207519531 715.87890625 505.034332275391 569.591659545898 748.722579956055 783.662376403809 848.48486328125 768.085357666016 703.507720947266 814.286122322083 985.485076904297 848.834014892578 978.448295593262 928.890174865723 901.272294998169 1034.99298858643 929.291248321533 885.077850341797 714.051651000977 949.09797668457 988.218559265137 775.630981445312 816.758708953857 856.615352630615 1177.40396118164 975.701181411743 1031.88941955566 898.089153289795 1256.90288543701 962.636343479156 815.290924072266 1016.67410969734 943.57275390625 1132.91293334961 1067.4176940918 953.93717956543 1017.23167037964 1051.50384521484 -9999 -9999 -9999 -9999 -9999 -9999
