export/dem/dem78.asc
NCOLS 350
NROWS 171
XLLCORNER 152620
YLLCORNER 418050
CELLSIZE 100
NODATA_VALUE -9999
[rows 44 to 65 of 171, columns 100 to 149 of 350]
591.808975219727 460.410676956177 510.890953063965 556.922859191895 535.355209350586 588.133361816406 409.516761779785 496.493366241455 446.513212203979 496.569911956787 492.08861541748 454.65030670166 484.144165039062 560.928764343262 423.919639587402 468.079582691193 574.910987854004 407.508735656738 666.005065917969 393.222736358643 391.454399108887 427.835052490234 238.377395629883 444.94681930542 509.770959854126 500.177967071533 300.680953979492 495.881683349609 513.122476577759 466.088226318359 400.682388305664 576.76392364502 348.114318847656 547.816650390625 546.483509063721 670.054641723633 550.7839012146 542.985553741455 402.537666320801 493.222012281418 436.760459899902 313.580535888672 424.420082092285 445.605781555176 446.746131896973 607.372596740723 446.964645385742 397.609703063965 533.456432342529 434.798553466797
432.230025291443 465.320384502411 543.437423706055 489.117641448975 384.276000976562 466.29211139679 512.498676300049 656.90283203125 360.981582641602 517.616188049316 495.233997344971 570.100326538086 385.123580932617 460.235970258713 496.571231842041 401.177207946777 366.254661560059 430.362503051758 543.664421081543 444.122749328613 557.951782226562 374.214317321777 334.336700439453 382.818260192871 546.116069316864 404.057876586914 434.626972198486 435.04500579834 487.991863250732 433.958236694336 532.062789201736 409.380523681641 554.348237991333 383.164329528809 508.705358505249 481.0422488451 407.611030578613 423.497146606445 533.738592147827 416.472587585449 334.191589355469 408.902694702148 593.348663330078 359.578216552734 538.288873672485 395.843841552734 501.486137390137 412.047317504883 519.063949584961 450.011199951172
444.575186729431 529.487747192383 510.684825897217 365.372909545898 516.095100402832 483.913270950317 592.962356567383 552.501838684082 573.079963684082 390.310577392578 564.091377258301 503.828674316406 593.000129699707 428.307131767273 503.390964508057 403.340923309326 374.218124389648 457.285096168518 233.184509277344 418.445930480957 451.386750221252 347.97737121582 385.688354492188 464.621612548828 383.259590148926 623.751678466797 603.249229431152 587.216110229492 577.023780822754 496.447995662689 340.570739746094 533.81593132019 513.1748046875 529.256832122803 503.141160964966 505.674423217773 368.127944946289 432.722640991211 407.159713745117 505.191283226013 470.832492828369 344.732391357422 383.055084228516 401.027420043945 407.112030029297 460.508953094482 309.225051879883 496.720276832581 443.41284942627 630.308944702148
542.41520690918 616.488006591797 501.082649230957 442.113492965698 448.044048309326 534.184669494629 429.563346862793 486.644703626633 426.789646148682 581.350982666016 492.068557739258 432.55387878418 494.091096878052 374.10285949707 343.674194335938 345.022972106934 543.419967651367 447.554523468018 485.511055707932 298.376754760742 490.796504974365 431.844875335693 537.987239837646 473.671909332275 379.305877685547 491.962410926819 367.777839660645 549.208145141602 626.540489196777 484.4905128479 480.074159622192 501.651780128479 498.708614349365 435.941070556641 390.92098236084 413.99494934082 277.385452270508 473.919805526733 381.071647644043 373.819854736328 492.369618415833 420.039138793945 394.54906463623 361.872497558594 412.586769104004 560.746997833252 493.904121398926 367.021530151367 625.530403137207 398.907623291016
649.044631958008 537.348182678223 586.392868041992 528.753456115723 468.582356452942 640.196212768555 492.447052001953 674.493255615234 411.576934814453 462.509043693542 474.875505447388 369.837333679199 521.798782348633 339.75365447998 529.31139755249 394.691841125488 422.217147827148 517.636058807373 417.510070800781 526.916820526123 502.894994735718 456.304403305054 367.643402099609 418.851470947266 556.25757598877 543.844089508057 568.57600402832 370.675399780273 478.374900817871 709.162170410156 496.449974060059 628.781402587891 485.392063140869 523.15736579895 490.21350479126 570.05623626709 420.578262329102 487.995408773422 352.852737426758 478.537551879883 397.133888244629 360.412002563477 409.380821228027 507.774533510208 544.960706710815 597.16259765625 595.556655883789 509.362197875977 480.494896948338 536.573707580566
499.009742736816 549.541641235352 505.043869018555 592.371063232422 434.261833190918 406.007064819336 439.556816101074 312.399993896484 386.249740600586 423.215660095215 462.053694725037 574.289093017578 368.694107055664 543.425735473633 440.744808197021 429.920822143555 373.38996887207 506.923851013184 506.631275653839 532.015888214111 467.523685455322 374.347427368164 528.108924865723 488.480900764465 448.952785491943 586.432312011719 584.132606506348 535.213311195374 589.627410888672 578.163276672363 639.420303344727 503.233463287354 449.039031982422 577.292236328125 523.735281944275 351.201095581055 319.536087036133 441.743312835693 418.486846923828 408.425796508789 417.383850097656 561.874019622803 418.684127807617 491.769863128662 535.152297973633 508.856001377106 419.30541229248 448.618934631348 368.084762573242 577.281646728516
505.674495697021 621.308181762695 461.789947986603 409.165672302246 487.189754486084 374.150279998779 523.761329650879 555.857162475586 503.148273468018 448.029844284058 417.807434082031 480.11686706543 385.154693603516 448.155885696411 391.856201171875 351.381385803223 472.068281173706 458.76967048645 581.683662414551 521.189163208008 511.33494758606 559.958911895752 476.183203697205 392.785148620605 636.120101928711 571.201126098633 558.237720489502 653.090759277344 484.796413421631 543.818111419678 461.358737945557 572.42085647583 506.965392708778 615.283081054688 583.762710571289 535.09208637476 410.385581970215 372.276443481445 540.553375244141 538.549684524536 457.42357635498 547.882698059082 395.441986083984 416.908843994141 458.625587463379 373.955001831055 644.267158508301 447.236225128174 478.436045646667 493.860885441303
430.100990653038 361.009990692139 479.329166412354 336.021644592285 375.191070556641 308.414779663086 291.731231689453 496.978969573975 561.281753540039 567.860458374023 460.182823181152 464.90739440918 492.048492431641 482.7447681427 432.690032958984 314.187133789062 534.034019470215 650.787933349609 345.727172851562 494.361541748047 560.416320800781 449.60572052002 419.589515686035 594.638519287109 512.240965366364 715.954040527344 358.642288208008 443.596725463867 461.211833953857 432.538696289062 453.353591918945 588.07209777832 481.387449264526 426.983795166016 496.198383331299 563.530094146729 537.982262611389 649.601272583008 550.958660125732 496.945323944092 611.760375976562 653.901649475098 351.941833496094 437.941452026367 345.234039306641 474.696655273438 563.405582427979 472.892026901245 561.311569213867 607.414131164551
435.883918762207 572.778869628906 461.781234741211 335.848449707031 346.245445251465 618.556396484375 273.731735229492 385.018539428711 536.636299133301 615.78882598877 468.522986888885 542.359352111816 401.333675384521 357.49193572998 303.148345947266 400.923568725586 514.045327186584 449.958206176758 449.461931228638 399.399337768555 337.28044128418 453.387542724609 463.196952819824 575.303695678711 572.139255523682 339.276779174805 560.160720825195 407.155853271484 389.220268249512 333.311279296875 333.566513061523 496.033540725708 416.67357635498 615.330543518066 533.285957098007 749.528411865234 668.321029663086 660.938293457031 630.007133483887 552.638362884521 518.832800865173 594.57421875 496.865880966187 419.485557556152 586.828437805176 544.737271308899 580.022857666016 641.58097076416 578.075534820557 558.77428817749
389.062641143799 459.718301773071 586.725448608398 492.141868591309 352.459892272949 427.329359054565 465.314465999603 396.535175323486 483.26148891449 654.396270751953 502.792461395264 623.93042755127 480.866673409939 285.653396606445 501.436111450195 370.997146606445 486.296537399292 471.991821289062 552.4797706604 486.504254102707 484.0229845047 393.337699890137 545.571144104004 702.28205871582 532.101425170898 592.131561279297 592.733467102051 475.536548614502 292.638549804688 581.767196655273 633.53352355957 439.074485778809 525.129145622253 430.319557189941 447.313545227051 524.248857498169 660.144470214844 629.933937072754 610.29460144043 586.643291473389 756.308609008789 737.957107543945 547.73989200592 460.61254119873 508.453696250916 514.010063171387 591.414168357849 441.833396911621 568.672939300537 300.963943481445
503.493148803711 446.436881065369 511.33960723877 463.800388336182 569.721908569336 524.993049621582 589.03881072998 453.348900794983 482.465535879135 498.617258071899 669.811569213867 575.913421630859 494.726940155029 520.882019042969 470.199127197266 502.992101669312 441.713722229004 388.348358154297 487.523806095123 525.2487449646 565.372192382812 650.478271484375 534.411664962769 517.312582969666 568.405326843262 570.861831665039 486.063486099243 586.75057220459 441.713752746582 510.51233112812 349.933654785156 453.302146911621 422.065505981445 557.085247039795 649.079666137695 573.343627929688 710.26301574707 653.213485717773 558.563415527344 679.406784057617 609.98258972168 620.873985290527 644.773864746094 483.803447723389 480.360977172852 552.351881027222 558.193000435829 540.8432097435 481.874210357666 424.049819946289
475.604286193848 415.769624710083 257.249221801758 428.902757048607 624.330718994141 464.613773584366 524.072986602783 432.231986999512 550.26554107666 590.365097045898 586.387428283691 520.648529052734 388.829116821289 470.886638641357 497.437411308289 358.859893798828 428.636138916016 455.05729675293 461.713779449463 425.230907440186 326.594604492188 377.80729675293 545.613121032715 417.757759094238 535.148204803467 584.654323577881 611.583923339844 454.655540466309 620.456207275391 619.589839935303 544.895457267761 521.320470809937 573.635967254639 411.94474029541 533.109512329102 398.175796508789 591.254383087158 624.357353210449 848.658020019531 708.221481323242 658.286346435547 642.705604553223 695.071243286133 564.665643692017 563.882488250732 554.878707885742 523.105464935303 587.581409454346 453.672653198242 499.777740478516
485.157081604004 316.569351196289 447.353815078735 445.078322410583 486.628875732422 418.23807144165 541.504997253418 460.826863110065 639.311660766602 561.927040100098 522.259174346924 471.66407084465 454.447490692139 461.384952545166 403.261337280273 488.626167297363 600.654457092285 571.599281311035 576.859375 458.763202667236 281.569183349609 445.556991577148 610.810493469238 551.577140808105 376.994575500488 358.171096801758 632.23656463623 608.573051452637 815.577903747559 640.982769012451 599.370096206665 577.501195907593 561.259057044983 566.923667907715 516.765441894531 520.64461517334 711.419418334961 498.832633972168 718.732765197754 491.459285736084 659.265655517578 562.965621948242 454.927940368652 666.577865600586 604.599906921387 564.235004425049 548.046386063099 531.537063598633 631.678630828857 492.547088623047
348.652198791504 267.972366333008 401.989528656006 520.523063659668 427.794567108154 465.992423057556 561.60082244873 539.547912597656 458.413347244263 410.436996459961 370.931495666504 415.18176651001 544.423942565918 524.425941467285 446.566970825195 432.248973846436 576.39510345459 542.005676269531 490.969762802124 564.937622070312 552.797012329102 511.419699668884 514.020587921143 458.694749832153 406.998519897461 657.257125854492 512.341841697693 490.18895983696 643.107414245605 699.666564941406 642.723918914795 653.613430023193 522.0559425354 442.385963439941 431.714263916016 397.330413818359 825.394378662109 671.011825561523 810.113510131836 602.90811920166 566.210429191589 722.121002197266 665.912696838379 578.755847930908 625.083297729492 506.08447265625 568.338973999023 581.593299865723 570.471589565277 523.174741744995
494.334785461426 380.904644012451 414.6555519104 435.142700195312 617.721878051758 538.740081787109 524.543190002441 482.814232826233 356.488372802734 359.242607116699 541.188400268555 470.549295425415 419.780101776123 503.425651550293 598.256805419922 473.643008232117 360.941764831543 449.763233184814 615.976364135742 463.070346832275 467.678308486938 456.854377746582 596.956115722656 719.901809692383 369.450912475586 529.062839508057 505.211603164673 336.660736083984 631.473098754883 583.562728881836 577.37245118618 596.876441955566 579.131885528564 466.570350646973 611.972923278809 509.994953155518 558.437334179878 653.761001586914 745.626075744629 533.637512207031 663.999084472656 456.052963256836 619.528266906738 743.918273925781 684.757568359375 584.661762237549 856.297134399414 547.958761811256 418.050521850586 447.120658874512
381.681743621826 368.911949157715 401.207855224609 450.00309419632 556.430297851562 589.429458618164 565.513298034668 323.236053466797 433.879274368286 424.943376541138 415.93529510498 379.102756500244 364.725112915039 515.004180908203 538.307098388672 565.635192871094 472.593376159668 475.209676265717 510.54328918457 410.916320800781 591.244293212891 601.181060791016 451.179849624634 308.729049682617 472.906785488129 478.34739279747 527.909454345703 461.97289276123 444.513984680176 550.353591918945 464.969688415527 636.67115020752 666.770629882812 551.011611938477 632.933429718018 572.887031555176 801.508857727051 679.75471496582 613.775077342987 540.494892120361 624.941055297852 402.116058349609 618.820991516113 488.684616088867 532.146177768707 537.123340606689 485.889724731445 467.181198120117 582.340110778809 428.317825317383
370.320770263672 376.777275085449 509.001720428467 393.77271270752 496.869951248169 478.062076568604 348.03360748291 397.44068145752 277.565505981445 446.164211273193 254.27880859375 459.002039909363 413.070278167725 427.868804931641 341.072250366211 644.613311767578 493.493467330933 452.385131835938 577.867492675781 451.732892990112 471.848527908325 412.968147277832 389.816017150879 589.494644165039 410.342224121094 459.263664245605 438.602180480957 505.466591835022 530.158428192139 477.515636444092 628.862831115723 620.696426391602 600.086563110352 582.310554504395 647.45262336731 481.464965820312 544.533028125763 614.815528869629 610.097457885742 567.415224075317 475.193367004395 464.005630493164 495.044216156006 587.289916992188 614.690078735352 685.003900527954 510.183280944824 540.765777587891 598.320606231689 390.04443359375
219.553253173828 484.744087219238 283.600204467773 493.916023254395 492.321455001831 503.696468353271 467.847965240479 303.273422241211 361.793212890625 482.249803543091 453.945014953613 530.244853973389 522.137298583984 317.696533203125 354.707107543945 410.257831573486 553.732963562012 529.680904388428 431.279245376587 395.831489562988 437.829257965088 508.597434043884 498.688808441162 578.636085510254 485.063829421997 445.916221618652 498.173658370972 594.401870727539 472.511486053467 702.612838745117 702.388442993164 592.867370605469 530.112917900085 573.302947998047 558.319648742676 557.530899047852 640.924613952637 698.698684692383 556.902746200562 569.401361465454 489.31139755249 599.14017868042 460.185440063477 773.645492553711 621.294937133789 447.316909790039 770.454925537109 586.957653045654 578.308376312256 359.315475463867
405.355651855469 319.27082824707 490.039138793945 420.682544708252 347.077865600586 420.370422363281 362.638122558594 389.719161987305 422.458160400391 487.25358581543 388.321575164795 511.085121154785 515.550388336182 586.515960693359 682.356552124023 379.977256774902 511.552490234375 537.699546813965 348.552947998047 442.117458343506 454.037634849548 424.699699401855 657.961273193359 601.471572875977 569.596122741699 596.454132080078 378.91040802002 447.442909240723 588.280296325684 444.369346618652 513.390864372253 550.335977554321 553.60689163208 498.651065826416 695.258560180664 620.394317626953 598.467472076416 562.592683792114 526.191096782684 591.768745422363 492.81241607666 502.334457397461 521.987545013428 796.409851074219 644.366886138916 611.599067687988 881.691757202148 615.207138061523 572.80784034729 468.488670349121
335.687591552734 540.762710571289 398.983325958252 387.958869934082 520.752498626709 425.997512817383 390.441795349121 358.526741027832 457.942766189575 282.227294921875 447.507803916931 504.783672332764 578.375625610352 406.386280059814 478.886313915253 428.32723236084 387.676429748535 709.636901855469 324.494384765625 501.306722640991 483.272214889526 495.381534337997 485.402679443359 612.358070373535 624.445426940918 436.412132263184 574.974365234375 626.184722900391 670.563507080078 626.396881103516 334.927474975586 451.16898727417 549.308773040771 568.092895507812 482.917556762695 488.759376525879 606.854095458984 455.428779602051 613.952323913574 484.803466796875 398.208679199219 500.713111877441 538.178157806396 426.132339477539 679.474548339844 613.144863128662 580.129194259644 504.493022918701 566.226238250732 446.330032348633
385.66015625 467.339072227478 457.827978134155 471.158113479614 387.060302734375 287.885116577148 278.671279907227 499.909046173096 374.723274230957 532.377824783325 400.692333221436 364.560852050781 485.251237869263 349.76326751709 518.655853271484 410.70435333252 518.048683166504 535.344921112061 497.948635101318 496.299328804016 500.925701141357 514.400375366211 637.622833251953 550.394332885742 557.782428741455 431.985969543457 555.582992553711 542.15758895874 540.852384567261 663.264038085938 602.193756103516 515.484722614288 586.104522705078 558.038934707642 569.138034820557 592.807529449463 578.276401519775 525.01833152771 416.012046813965 627.388023376465 573.932699203491 489.647407531738 639.408508300781 582.980800628662 464.992042541504 556.528028488159 610.327178955078 589.627729415894 440.229362487793 409.339828491211
390.108772277832 532.03914642334 369.039909362793 317.271209716797 346.186851501465 433.864410400391 456.919355392456 391.551391601562 562.861419677734 431.035736083984 216.902770996094 450.716598510742 333.486755371094 275.224914550781 339.360198974609 371.398551940918 353.527458190918 419.905838012695 500.009387969971 531.813064575195 405.791091918945 498.310592651367 434.009857177734 457.906049728394 454.704435348511 641.913299560547 424.177505493164 478.483471870422 585.919929504395 488.663661956787 703.888671875 700.503051757812 335.586791992188 512.423000335693 535.556000709534 460.474235534668 626.140808105469 431.162086486816 614.47940826416 513.046758651733 710.96907043457 566.263991355896 653.538452148438 644.548271179199 556.632219314575 527.492324829102 499.954515457153 626.265281677246 469.218437194824 385.357162475586
