export/dem/dem7.asc
NCOLS 350
NROWS 171
XLLCORNER 152620
YLLCORNER 418050
CELLSIZE 100
NODATA_VALUE -9999
[rows 132 to 153 of 171, columns 300 to 349 of 350]
1068.03234863281 866.809463500977 1685.58782958984 1187.06008148193 980.310272216797 1142.59432983398 1518.0652923584 1435.47671508789 1292.81930541992 1423.8000793457 1416.16703796387 1287.57096862793 1193.6524810791 1464.55002593994 1519.79872131348 1201.87112426758 1241.08627319336 975.735565185547 919.518562316895 949.602188110352 974.189697265625 1021.73696899414 768.419090270996 715.92903137207 810.010942459106 945.461040496826 951.185668945312 885.0947265625 793.251770019531 881.999971389771 808.722564697266 789.088706970215 935.884735107422 1126.92930603027 -9999 -9999 -9999 -9999 -9999 -9999 -9999 -9999 -9999 -9999 -9999 -9999 -9999 -9999 -9999 -9999
883.473937988281 908.1904296875 960.926052093506 1324.35801696777 1050.4917755127 975.141075134277 1333.81233215332 1781.69720458984 1322.99732971191 1260.92308044434 1322.32460021973 1301.52445983887 1138.9963684082 1196.50051879883 1422.52739715576 1811.71995925903 1627.43948364258 2275.13446044922 1821.21136474609 1364.54856872559 1680.8060760498 809.835479736328 929.203422546387 834.516250610352 681.010116577148 850.064105987549 895.64705657959 984.112174987793 885.450746536255 840.050575256348 837.635000228882 927.878154993057 921.41357421875 928.72549533844 -9999 -9999 -9999 -9999 -9999 -9999 -9999 -9999 -9999 -9999 -9999 -9999 -9999 -9999 -9999 -9999
845.186609268188 826.057720184326 731.588039398193 1138.80969238281 1222.50395202637 1177.25614929199 1368.46151733398 1386.15939331055 1335.91752624512 1253.95471191406 1235.5732421875 1509.03994750977 1198.4912519455 1159.04860687256 1419.77275848389 1589.17926025391 1289.01005554199 1535.65716552734 1058.06037139893 1068.94337463379 1266.30311584473 1180.51689910889 773.800193786621 902.291896820068 869.778932571411 722.023590087891 932.855013370514 897.71865272522 1079.42714691162 882.843027114868 965.096832275391 948.630783081055 1037.12438201904 1033.54473876953 878.992359876633 -9999 -9999 -9999 -9999 -9999 -9999 -9999 -9999 -9999 -9999 -9999 -9999 -9999 -9999 -9999
988.909301757812 872.593032836914 984.021385192871 1317.69286346436 1151.40660095215 990.220836639404 1009.47661590576 1649.55363464355 1773.18170166016 1357.99163818359 1260.84992980957 1470.45028686523 1267.30165100098 1185.24929046631 1251.68795013428 1955.65032958984 1527.92544555664 1323.52209472656 1188.80044555664 1224.78759765625 1050.48518371582 1055.00384521484 1220.24690151215 1032.91988372803 1005.05777740479 847.360133945942 658.604675292969 789.139045715332 862.754344940186 862.719276428223 971.983478546143 888.006275177002 1233.10106658936 956.032302856445 1044.61923217773 1004.96648406982 -9999 -9999 -9999 -9999 -9999 -9999 -9999 -9999 -9999 -9999 -9999 -9999 -9999 -9999
950.296905517578 910.074096679688 850.828804016113 1195.93894958496 1077.96887207031 1316.76760864258 1307.44689941406 1193.56478881836 1217.32444763184 1278.81771850586 1185.93714141846 1168.93586730957 1360.45654678345 1734.10681152344 1109.02381896973 1049.74438095093 1212.75332641602 1270.64605712891 1070.01071929932 1135.84391784668 1021.78602600098 1191.00274658203 1077.84373474121 1193.79170608521 1060.74501800537 1132.85527038574 768.241874694824 860.821290969849 902.604732513428 963.776840209961 1038.67044830322 1731.78388977051 919.560817718506 936.157325744629 951.04141998291 952.476089477539 -9999 -9999 -9999 -9999 -9999 -9999 -9999 -9999 -9999 -9999 -9999 -9999 -9999 -9999
955.601554870605 1073.19645690918 1045.37069702148 1014.58573913574 1054.24473571777 1233.59217834473 1255.70774841309 1012.54866409302 924.950986504555 1194.67216491699 1099.84294128418 1050.3553237915 1279.88000488281 1388.91751098633 1296.1537361145 1169.35726165771 1237.55458068848 938.378888607025 1123.63725280762 1143.87744140625 1194.53297424316 951.884105682373 916.597267150879 1071.9116897583 1099.81913757324 1050.41038131714 1668.25855636597 835.377624511719 741.191856384277 771.152565002441 1253.11427307129 1159.87707519531 898.888010978699 830.319484710693 879.863286972046 758.11897277832 886.910007476807 -9999 -9999 -9999 -9999 -9999 -9999 -9999 -9999 -9999 -9999 -9999 -9999 -9999
935.227443695068 1075.43569946289 1014.26639556885 750.30143737793 796.440248012543 1064.535987854 1289.14575958252 1001.45532417297 979.145977020264 1055.40040016174 1033.84595870972 1007.735206604 1201.54128265381 1623.22640228271 1266.50561523438 1441.38272094727 1252.40797424316 1119.56308746338 1013.41700744629 1104.0160446167 944.005954027176 1054.55854034424 987.085443496704 954.420280456543 1026.63177871704 981.436036109924 961.960884094238 1024.42105865479 1049.40505218506 1161.91118621826 1122.85424041748 1217.06896972656 827.92537689209 925.983079910278 948.354209899902 876.114895820618 877.086410522461 -9999 -9999 -9999 -9999 -9999 -9999 -9999 -9999 -9999 -9999 -9999 -9999 -9999
872.481307983398 889.215366363525 813.514198303223 907.578628540039 827.165991783142 1048.29552078247 1068.66291427612 997.314640045166 968.291030883789 859.285171508789 1041.36669921875 1032.07821655273 1139.26245117188 1057.48766136169 1716.42205047607 1654.44081306458 1121.19686889648 1105.58210754395 1174.20590209961 1262.82119750977 998.201957702637 1016.13803100586 971.439933776855 916.187545776367 879.26171875 912.69051361084 1037.98830413818 892.226997375488 979.020004272461 1160.20929145813 819.694000244141 861.066551208496 970.389021396637 875.557180404663 842.769256591797 944.477783203125 993.113014221191 895.620830535889 -9999 -9999 -9999 -9999 -9999 -9999 -9999 -9999 -9999 -9999 -9999 -9999
759.958541870117 920.100938796997 861.655311584473 827.533584594727 818.527313232422 969.402687072754 1053.80155944824 918.816375732422 1066.76882688701 1083.71793365479 1025.84565925598 1004.36073446274 987.794852256775 1043.77312088013 1336.20941925049 1466.91328239441 1049.94201087952 902.445167541504 965.393899917603 1083.78384399414 1120.36408615112 961.466510772705 955.021000862122 1044.05625915527 1003.04695892334 865.812789916992 937.836902618408 829.109436035156 843.083831787109 873.611358642578 1238.26724243164 1006.58115005493 900.518455505371 936.011384963989 887.728375434875 884.184505462646 854.513977050781 869.022971121594 -9999 -9999 -9999 -9999 -9999 -9999 -9999 -9999 -9999 -9999 -9999 -9999
662.252235412598 685.053924560547 967.550064086914 953.663681030273 844.667713165283 986.103828430176 895.194358825684 755.655742645264 1059.1925983429 821.028015136719 963.51167011261 1105.39888572693 904.674751281738 1026.77537155151 1295.93350982666 1429.58778858185 1170.61138916016 1294.69653320312 1050.12736129761 1059.09958267212 1185.9017791748 854.154823303223 1102.27011871338 1081.80043029785 983.002460479736 1012.13042449951 843.661064147949 901.544738769531 797.611923217773 973.281806945801 1119.84382629395 944.173233032227 1014.27062988281 1005.22986507416 1047.67978668213 942.578182220459 1023.708984375 1007.48164367676 800.124660491943 -9999 -9999 -9999 -9999 -9999 -9999 -9999 -9999 -9999 -9999 -9999
885.88744354248 742.912734985352 851.951298713684 841.940040588379 879.526672363281 1110.36932373047 1198.03862380981 1227.53282165527 1173.14579772949 961.370460510254 1019.51078033447 1128.2898068428 1062.26001358032 956.723976135254 1297.88385009766 1057.82976770401 1137.11115264893 973.971214294434 961.506679534912 1064.66549682617 1475.21989440918 995.822128295898 1315.88334083557 996.366600036621 844.529205322266 1071.42554092407 951.399383544922 955.092041015625 902.530143737793 888.825134277344 961.641235351562 1030.48266601562 828.824996948242 925.53010559082 893.401054382324 878.697532653809 1175.70205688477 1062.88503265381 861.432647705078 -9999 -9999 -9999 -9999 -9999 -9999 -9999 -9999 -9999 -9999 -9999
718.867523193359 726.402830123901 615.702445983887 715.555490970612 841.041988372803 811.778442382812 1079.49299621582 1031.5364074707 914.081428527832 771.973421808332 875.63515996933 848.78239440918 1093.84896087646 916.885650634766 1131.13130950928 1310.42967224121 1093.61328887939 1141.16409301758 881.956504821777 979.136468887329 907.119720458984 908.146842956543 902.245361328125 1325.38446044922 990.246078491211 985.346992492676 991.806678771973 1011.79874992371 948.763305664062 792.556121826172 968.701133728027 987.03271484375 1050.26624298096 800.010925292969 1033.88177490234 1047.80739593506 909.772951126099 1022.89722442627 979.655197143555 -9999 -9999 -9999 -9999 -9999 -9999 -9999 -9999 -9999 -9999 -9999
709.925170183182 751.113922119141 772.672077178955 687.737399101257 715.689670562744 819.865112304688 706.42081451416 873.094879150391 778.089221000671 748.9797706604 842.404281616211 792.370307922363 835.802391052246 998.210678100586 1107.85041046143 1294.56106567383 1346.94494628906 987.830696105957 945.590972900391 988.330848693848 1088.16300964355 779.380950927734 958.818290710449 1452.29350280762 1032.03009033203 917.728363037109 1533.81754684448 940.196933746338 1017.92922019958 1004.2215013504 770.756591796875 795.352645874023 1027.67551422119 914.189010620117 925.958602905273 936.742744445801 1091.05770874023 1093.50010681152 982.955108642578 958.272994995117 -9999 -9999 -9999 -9999 -9999 -9999 -9999 -9999 -9999 -9999
813.684074401855 744.809902191162 719.648303747177 787.028884887695 731.552562713623 815.541313171387 691.996200561523 653.069320678711 793.555063247681 811.085510253906 830.937519073486 701.668430328369 777.190075874329 986.16109085083 992.158208847046 970.023068785667 982.872062683105 981.125106811523 1660.15956878662 1057.02194976807 992.951157569885 1026.11608123779 1042.40428733826 965.052528381348 1577.85884857178 1739.56845855713 915.345634460449 1285.10195159912 1058.55992889404 941.836589813232 1123.10036468506 896.464935302734 983.787864685059 752.331115722656 1068.46030855179 940.14245223999 1133.03121948242 934.07781791687 963.442031860352 973.26029586792 -9999 -9999 -9999 -9999 -9999 -9999 -9999 -9999 -9999 -9999
698.488784790039 805.823062896729 697.83260345459 663.479888916016 588.461975097656 599.430450439453 703.938247680664 804.263423919678 729.492904663086 905.609172344208 776.128589630127 809.610253334045 674.10555267334 719.123924255371 808.726638793945 885.960117340088 843.32169342041 806.258804321289 956.914825439453 1008.99323654175 980.694675445557 1040.84283542633 1026.62734985352 1099.1717376709 1049.06497192383 1279.94006538391 1132.84407520294 1051.07684326172 928.076522827148 995.006946563721 976.66796875 1071.21081924438 754.845169067383 1008.11491394043 892.035659790039 1037.69301605225 1078.964012146 1033.56683349609 921.501546859741 1002.29776763916 -9999 -9999 -9999 -9999 -9999 -9999 -9999 -9999 -9999 -9999
713.885368347168 845.533332824707 747.129132270813 674.133995056152 722.382217407227 855.872114181519 652.77751159668 750.431331634521 696.375579833984 913.875720977783 892.539375305176 825.379844665527 774.759384155273 843.950927734375 714.679809570312 821.94465637207 954.785841464996 797.682342529297 875.171798706055 992.890586853027 891.669761657715 1009.08485031128 1037.93223810196 1027.75402069092 1082.22284507751 1150.15500640869 959.897495269775 1206.62741088867 893.366966247559 1027.10668182373 884.944236755371 819.039779663086 741.237319946289 806.959335327148 828.013580322266 980.86039352417 985.143557310104 1000.79291915894 740.692993164062 898.807654380798 732.892608642578 -9999 -9999 -9999 -9999 -9999 -9999 -9999 -9999 -9999
858.634498596191 931.96028137207 826.382228851318 810.15145111084 719.617794036865 834.910804748535 763.855537414551 776.144596099854 691.304306030273 628.763244628906 821.962646484375 875.524055480957 825.785537719727 893.04684305191 612.453247070312 631.894271850586 674.46305847168 696.925384521484 845.379241943359 770.041122436523 1101.94249725342 998.240234375 1075.23143386841 1189.06044006348 909.202354431152 1128.26639556885 1171.1254119873 893.352416992188 804.174819946289 895.951637268066 857.574569702148 895.435008049011 870.858062744141 875.781532287598 1004.0141620636 781.629753112793 1104.365234375 1085.62258911133 793.041206359863 865.701641082764 915.570979118347 -9999 -9999 -9999 -9999 -9999 -9999 -9999 -9999 -9999
868.854309082031 738.520172119141 931.86865234375 882.389030456543 844.301498413086 729.942905426025 766.083896636963 827.565383911133 784.732414245605 965.182693481445 689.26123046875 862.696411132812 807.515701293945 1074.47825622559 605.752243041992 412.455200195312 695.072372436523 793.506675720215 836.38871383667 819.923671722412 847.90531539917 971.012660861015 1096.34384155273 1167.3081073761 1113.72525787354 1042.1848449707 1081.90787506104 1039.46389007568 870.832794189453 945.279109954834 641.914962768555 786.858474731445 737.875244140625 878.833567619324 785.741165161133 1043.54675936699 902.86109161377 938.34365272522 868.995086669922 889.438493728638 948.379055023193 947.247215747833 -9999 -9999 -9999 -9999 -9999 -9999 -9999 -9999
802.597484588623 877.208808898926 820.239242553711 699.424911499023 823.099155426025 749.266367912292 749.050231933594 904.464469909668 864.06075668335 858.756846904755 992.676368713379 819.584045410156 913.559181213379 813.620491027832 846.724494934082 579.081451416016 667.790344238281 760.430244445801 758.011730194092 749.303199768066 982.967834472656 977.42053604126 888.910926818848 989.058898925781 836.511627197266 1059.58404541016 1172.96856689453 1109.68265533447 903.019145965576 798.884384155273 715.613677978516 839.192031860352 875.571517944336 772.605712890625 895.717994689941 937.995779037476 873.208526611328 998.672998130322 849.36217880249 907.686862945557 864.547378540039 866.154579162598 -9999 -9999 -9999 -9999 -9999 -9999 -9999 -9999
704.870277404785 797.152029037476 956.058242797852 838.178916931152 750.287445068359 679.82592010498 735.04144859314 847.482841491699 899.288303375244 858.005378723145 804.127899169922 833.422142028809 800.247352600098 855.178188323975 899.634506225586 715.268264770508 743.035064697266 803.070468902588 867.744121551514 809.242542266846 819.016763687134 889.388378143311 877.974395751953 758.039024353027 790.23575592041 851.169973373413 772.306343078613 1009.85747909546 909.722930908203 919.058143615723 957.823397636414 856.202941894531 888.833934783936 763.083755493164 1085.32075500488 847.139785766602 834.410140991211 1083.99123382568 964.957068324089 925.104297637939 924.535827636719 935.469074249268 803.064346313477 -9999 -9999 -9999 -9999 -9999 -9999 -9999
918.110725402832 832.512603759766 961.640632629395 758.705360412598 815.031129837036 690.324035644531 759.937711715698 784.571048736572 892.056369781494 861.28352355957 943.129547119141 978.733299255371 1022.0243062973 580.160400390625 657.198577880859 930.894416809082 917.581855773926 815.619476318359 1097.26872253418 884.691665649414 1055.13945007324 789.60072183609 658.428375244141 798.606384277344 893.704480171204 844.841888427734 901.915260314941 763.34211730957 635.639343261719 863.230133056641 809.63542175293 799.94921875 915.219783782959 903.738082885742 1147.73560333252 962.811708450317 832.272430419922 985.924339294434 910.999580383301 798.692245483398 853.488861083984 997.968357086182 771.90592956543 -9999 -9999 -9999 -9999 -9999 -9999 -9999
803.044820785522 768.824371337891 867.213485717773 633.550094604492 781.558435440063 756.810640335083 726.710494995117 802.890911102295 862.942260742188 833.724391937256 782.015392303467 871.239582061768 1032.84851646423 653.29296875 514.89453125 768.718742370605 767.247009277344 849.756340026855 943.751162528992 988.040192127228 893.336827278137 968.581764221191 961.977779388428 954.30489730835 765.590805053711 974.934055328369 971.164482116699 824.125816345215 864.306533694267 606.790084838867 962.374862998724 852.350189208984 877.486885070801 781.279266357422 1139.91638183594 812.985504150391 815.901031494141 1101.01614379883 1029.62642669678 1067.18193435669 1168.36975097656 1149.63698577881 988.386686325073 817.474044799805 -9999 -9999 -9999 -9999 -9999 -9999
