export/dem/dem73.asc
NCOLS 350
NROWS 171
XLLCORNER 152620
YLLCORNER 418050
CELLSIZE 100
NODATA_VALUE -9999
[rows 22 to 43 of 171, columns 100 to 149 of 350]
594.958316802979 494.597640991211 462.765327453613 642.682018280029 649.815925598145 650.778701782227 598.896713256836 627.754913330078 748.533648490906 836.391586303711 974.885282516479 581.524070739746 590.337540626526 884.134429931641 801.712505340576 462.235260009766 910.650051116943 707.149383544922 555.375946044922 489.653472900391 995.800277709961 730.896545410156 375.548919677734 287.532409667969 334.584228515625 458.868087768555 388.771606445312 511.691986083984 500.726264953613 435.777359008789 593.781213998795 554.944488525391 747.377960205078 632.184916496277 634.151119232178 378.211944580078 572.769561767578 618.929521560669 582.967300415039 766.175346374512 660.527652740479 658.300002098083 507.125625610352 613.017147064209 730.730690002441 607.593450546265 572.715110778809 534.958625793457 550.169845581055 536.843795776367
592.763486862183 400.203567504883 500.726921081543 645.914936065674 574.169097900391 723.966171264648 639.051803588867 704.411027431488 769.819332122803 534.544860839844 1664.18152427673 496.517288208008 594.666793823242 1067.31121826172 505.174827575684 558.381973266602 844.012680053711 567.815818786621 527.560317993164 483.871124267578 614.132797241211 408.606475830078 1062.84899902344 896.458267211914 392.337951660156 545.832321166992 386.435729980469 434.255874633789 618.481025695801 574.786956548691 657.641204833984 590.099572658539 503.094299316406 574.768333435059 419.279281616211 675.177028656006 556.765335083008 573.369892120361 625.261567503214 459.678619384766 591.171983718872 727.863571166992 518.880851745605 662.416210174561 580.03026676178 505.890396118164 480.46208190918 499.086715698242 531.175277709961 514.735282897949
545.927696228027 574.887990951538 644.37212562561 650.969009399414 615.217514038086 1031.29048156738 664.302400112152 583.587844848633 503.596710205078 579.603416442871 748.602062225342 1069.07848262787 623.227203369141 779.246089935303 513.666839599609 673.264587402344 624.035354614258 454.733261108398 485.511001586914 718.80891418457 707.087677001953 339.592788696289 337.943939208984 433.32258605957 735.233150482178 401.167449951172 671.41056060791 468.644882202148 561.490159988403 318.596069335938 589.777967453003 617.595710754395 617.360828876495 638.127426147461 708.593826293945 632.58825302124 611.443990707397 555.823371887207 606.789995193481 637.28881072998 625.607988357544 599.461000442505 441.363586425781 553.300262451172 389.231170654297 520.358863830566 448.862609863281 518.239074707031 431.383071899414 529.820533752441
679.190643310547 550.469487190247 761.488367080688 597.83666229248 626.375171661377 623.414848327637 833.668167114258 970.867698669434 565.567878723145 844.634750366211 815.930267333984 907.457271575928 865.401794433594 778.975708007812 804.296096801758 1132.21227455139 629.464534759521 592.554710388184 398.983901977539 844.153331756592 1513.36898612976 471.184585571289 501.234489440918 381.704360961914 649.400310516357 432.979148864746 456.495468139648 462.228172302246 414.457244873047 601.737444877625 465.060600280762 517.0778465271 459.843200683594 877.968605041504 675.320415496826 620.400640487671 556.198764801025 617.966142654419 641.156904220581 798.483383178711 656.079872131348 521.031806945801 526.528873443604 592.274286746979 616.796363830566 476.232070922852 551.821401596069 477.80200958252 482.88850402832 480.679374694824
366.774810791016 338.466720581055 581.739654541016 471.807159423828 620.325927734375 564.251968383789 436.892517089844 643.724433898926 1085.71225738525 554.365036010742 683.31812286377 689.956909179688 944.993819236755 599.353904724121 1048.41613006592 921.21558380127 508.141098022461 570.195541381836 723.696578979492 573.822093009949 1079.04495239258 628.174385070801 454.006866455078 444.062622070312 350.15202331543 607.028436660767 490.711784362793 505.02307510376 607.228744506836 527.859992980957 496.34623336792 631.462623596191 696.600769042969 564.344566345215 560.843036651611 681.085952758789 591.389876842499 681.865821838379 476.518165588379 489.073135375977 540.220859527588 523.361408233643 515.9983253479 547.736965179443 445.956809997559 661.572631835938 530.844253540039 618.747413635254 540.755167007446 581.345213651657
487.028877258301 412.551345825195 434.031585693359 518.137794494629 1007.85162353516 1182.34663391113 804.59240937233 619.4738073349 536.414199829102 793.414031982422 647.589881896973 636.234603881836 738.481018066406 355.611358642578 593.18480682373 968.193283081055 1254.14077758789 409.850189208984 699.6655626297 771.423110961914 440.089416503906 511.239929199219 446.682281494141 696.095138549805 798.920833110809 456.419937133789 558.279549598694 416.357055664062 500.449668884277 483.541549682617 382.419830322266 570.661197662354 561.230937957764 663.515640258789 542.719562530518 588.434629440308 579.841225624084 584.195009917021 507.369773864746 574.54288482666 491.691345214844 588.761121749878 588.419845581055 416.936904907227 652.916938781738 539.990036010742 496.425609588623 612.295490264893 537.713478088379 481.201416015625
450.966667175293 853.964309692383 472.36311340332 535.410430908203 644.85050201416 556.812088012695 433.088851928711 662.884254455566 816.619029045105 502.760475158691 787.266563415527 644.038234710693 439.838821411133 671.740669250488 788.387634277344 466.669540405273 549.369491577148 1028.14168548584 1122.39289855957 467.323425292969 507.873962402344 617.361440658569 551.662295341492 612.173477172852 532.24808883667 548.673316955566 559.25594329834 407.729797363281 460.786613464355 390.774490356445 557.378816604614 593.071390151978 478.301696777344 467.920715332031 607.264125823975 653.198463439941 548.404389381409 561.923473358154 583.628304481506 545.310840606689 383.24836730957 482.927856445312 541.726366639137 557.404371261597 640.102584838867 590.03963470459 578.305379867554 675.592895507812 455.394920349121 497.44734954834
590.193477630615 490.201747894287 397.830795288086 522.556770324707 509.326225280762 568.093769073486 630.771877288818 693.639823913574 625.547386169434 574.772998809814 920.453155517578 613.036363601685 762.253829956055 848.980743408203 681.957336425781 576.716115951538 502.469123840332 368.353164672852 321.306457519531 454.938011169434 426.788383483887 693.384506225586 698.788177490234 764.269012451172 679.665161132812 635.954035758972 488.083618164062 435.493186950684 426.13215637207 470.414184570312 453.556297302246 387.611740112305 531.950700759888 499.614810943604 493.655010223389 593.541278839111 481.891494750977 642.894584655762 588.957653045654 451.071853637695 532.962121963501 628.211441040039 576.925541333854 560.354947566986 392.582046508789 513.228664398193 579.620029449463 417.668357849121 538.183526992798 744.629943847656
765.253433227539 427.217018127441 447.336044311523 775.272567749023 562.554397583008 506.314674377441 499.194618225098 687.713096618652 437.80110168457 808.152206420898 653.047943115234 610.360628128052 532.535579681396 794.866516113281 334.282623291016 741.564712524414 481.772491455078 385.55940246582 544.710416316986 402.528533935547 549.217289924622 764.671340942383 706.728691101074 624.690544128418 629.57067489624 1708.94342207909 542.186997175217 469.992664337158 415.392784118652 498.17294883728 530.306061029434 583.282196044922 593.474235534668 549.982065200806 569.68567276001 548.569931983948 395.47819519043 462.095520019531 484.939079284668 472.36646270752 468.101287841797 597.033737182617 358.35432434082 501.94356918335 457.793395996094 613.850891113281 543.173328876495 488.535800933838 690.760284423828 698.852752685547
501.285606384277 435.804016113281 399.578262329102 489.589912414551 1223.88819885254 473.437454223633 567.158554077148 560.500953674316 731.14558506012 603.791191101074 595.980365753174 622.305801391602 583.786529541016 660.111618041992 328.160705566406 593.521812438965 471.436798095703 445.36824798584 519.176359176636 448.859283447266 603.736099243164 725.931365966797 482.413131713867 660.015991210938 559.034296035767 655.771575927734 531.021145820618 534.59436416626 566.053573608398 539.829780578613 569.370800018311 540.567987442017 408.191215515137 360.002227783203 385.85285949707 394.196655273438 435.960586547852 387.105682373047 347.148788452148 512.866346359253 715.231369018555 478.980854034424 489.375495910645 584.00178861618 503.014259338379 570.549335479736 336.646026611328 562.800218582153 551.313194274902 513.170667648315
495.520557403564 409.185272216797 518.838325500488 496.036991119385 579.453460693359 522.510494232178 523.221385955811 1031.08918952942 1165.07578134537 531.457847595215 392.520629882812 359.068542480469 481.183410644531 518.127292633057 340.273498535156 479.10668182373 273.074722290039 434.099075317383 604.941520690918 461.11213684082 660.817207336426 619.246250152588 615.363357543945 640.61116027832 602.360946655273 524.876808166504 509.680542469025 434.500785827637 460.465030670166 446.071601867676 619.055389404297 481.363187789917 516.492698669434 464.249542236328 346.882263183594 441.254703521729 538.331394195557 694.431533813477 574.777397155762 377.01782989502 589.102363586426 578.029235839844 508.552074432373 476.828353881836 695.968765258789 519.417825698853 449.921546936035 588.162944793701 612.530899047852 535.949327230453
395.069732666016 521.924209594727 397.226181030273 404.418167114258 381.988037109375 375.426956176758 324.718490600586 419.352447509766 677.440403938293 433.794288635254 620.84582901001 528.502828598022 335.006546020508 766.484619140625 475.356071472168 382.841583251953 375.226409912109 520.073108673096 439.755058288574 503.394508361816 560.137962341309 464.134288787842 638.62476348877 580.787086486816 377.382194519043 470.55960893631 513.959131240845 481.351480484009 438.804054260254 534.056434631348 376.293251037598 570.945037841797 430.822891235352 355.98046875 611.063682556152 416.440605163574 550.95135307312 486.994434356689 521.699787139893 551.646255493164 390.932014465332 537.829034805298 474.298946380615 378.007568359375 582.491878509521 626.944030761719 651.695381164551 405.948989868164 688.206726074219 522.073101043701
509.563641548157 398.453247070312 496.433924913406 467.785207748413 506.359884262085 536.214672088623 353.482849121094 491.06939125061 368.553421020508 563.528381347656 528.939800262451 525.273444890976 495.604909896851 243.498931884766 461.519199371338 447.460693359375 456.938194274902 503.801115036011 480.237171173096 461.354824066162 523.835310220718 486.948841094971 429.835395812988 386.888168334961 457.606101989746 651.366714477539 550.503273010254 470.564018249512 492.635956525803 589.72388458252 432.896820068359 439.152015686035 435.180328369141 448.697265625 312.726776123047 434.5498046875 504.309712767601 610.879104614258 627.515693664551 554.748954772949 510.828946113586 509.477736234665 505.242769002914 529.043693065643 570.594158172607 567.587642669678 592.535491943359 685.679473876953 659.225692749023 612.401454925537
538.309219360352 394.783782958984 490.624513626099 405.599365234375 412.158496856689 436.841367721558 549.533050537109 505.401756286621 426.465599060059 440.320304870605 599.563188552856 429.671897888184 296.609313964844 319.080612182617 427.420501708984 430.661819458008 469.28694486618 479.298734664917 550.015518188477 484.914467811584 440.19722366333 444.217136383057 382.186561584473 574.360282897949 544.696548461914 470.506189346313 425.604816436768 350.687530517578 428.022972106934 509.446723937988 548.893268585205 528.267230987549 569.535705566406 392.233795166016 290.365386962891 479.560052871704 312.929763793945 454.50471496582 558.171501159668 467.537845611572 596.578369140625 355.698532104492 443.283615112305 471.342296600342 519.198632717133 503.755296707153 602.238487243652 604.888973236084 711.660980224609 583.741323471069
366.626358032227 450.934968948364 327.362991333008 388.884254455566 474.465528488159 461.340564727783 465.16659450531 468.57234954834 611.03946685791 500.39604473114 594.433601379395 489.524503231049 374.267921447754 437.989528656006 520.788759231567 450.040271759033 323.643035888672 509.004159927368 288.429565429688 540.968082427979 403.84045791626 382.842636108398 476.465436935425 631.362289428711 514.840999603271 393.847610473633 525.111824035645 423.637859344482 384.183387756348 515.405616760254 496.535092353821 420.287143707275 384.536903381348 400.270027160645 395.05859375 530.67936706543 524.789804458618 495.909351348877 451.637310028076 434.799125671387 432.319034576416 391.727348327637 584.654388427734 492.802366256714 347.185791015625 581.124164581299 518.487265825272 562.464756011963 711.171813964844 681.495162963867
617.632919311523 320.083038330078 519.267242431641 620.19270324707 532.242767333984 421.073287963867 514.144544363022 472.133495330811 577.53214263916 353.425109863281 612.935691833496 467.569770812988 470.723889350891 389.556419372559 558.361297607422 406.578559875488 432.414623260498 381.701431274414 464.852755069733 440.772369384766 437.086053848267 524.428031921387 495.160743713379 489.332569122314 450.443023532629 536.853973388672 437.542428970337 425.79204750061 427.276062011719 376.913116455078 460.268245697021 516.882335662842 422.449230194092 435.756387710571 537.263637542725 445.905754089355 423.832817077637 520.056995391846 522.237476348877 364.470230102539 550.654537200928 566.589473724365 584.472663879395 355.348815917969 352.971862792969 404.141319274902 341.392959594727 470.681083679199 759.824020385742 519.288951873779
492.601329803467 419.515762329102 567.56665802002 412.68815612793 621.171600341797 584.843879699707 572.741622924805 565.850212097168 417.954753875732 509.898220062256 333.536987304688 416.058506011963 505.318969726562 608.075805664062 361.54842376709 374.83081817627 384.766052246094 231.839477539062 458.006477177143 497.339159011841 575.061882019043 598.714714050293 442.774662017822 465.640112876892 689.588806152344 529.114761352539 477.768405914307 523.205627441406 531.328914642334 416.786010742188 491.639352798462 461.277034759521 521.92809677124 376.639129638672 538.175411224365 492.48461151123 577.938163757324 446.136657714844 428.506385803223 478.302043437958 460.402572631836 540.06237411499 558.8740234375 362.690902709961 564.805976867676 442.792114257812 411.770530700684 610.785820007324 551.187607288361 538.744773864746
515.186836242676 550.56014251709 416.414623260498 496.57084274292 457.581775665283 467.229900360107 437.426766395569 470.036945104599 573.579078674316 450.766571998596 535.674003601074 484.391726016998 594.353446960449 405.211715698242 271.445999145508 313.690399169922 379.064231872559 515.699325561523 462.73149740696 496.307989120483 462.579092025757 504.489025115967 586.011962890625 508.149181365967 467.54486656189 463.067581176758 460.679628372192 384.724784851074 447.475379943848 464.217980384827 420.158332824707 433.618728637695 492.996147155762 448.26725769043 375.200325012207 376.384452819824 437.165477752686 443.022682189941 507.577467918396 393.377502441406 513.49952507019 424.104606628418 293.668167114258 400.399627685547 431.904365539551 402.651428222656 515.658109664917 534.228044509888 427.695953369141 634.696670532227
447.946145296097 491.071731567383 488.557735443115 500.596035003662 597.5107421875 492.480709075928 571.556045532227 692.890563964844 411.134288787842 433.952693939209 497.708019256592 652.616928100586 378.226852416992 396.153579711914 407.53507232666 498.554550170898 485.532827973366 445.704560279846 519.492118835449 491.149471282959 526.351863861084 422.491645812988 401.384475708008 381.605911254883 413.46900177002 517.298358917236 567.568084716797 510.309074401855 505.583881378174 533.884071350098 521.44075012207 573.935188293457 436.902774810791 496.332190036774 399.323677062988 383.60620880127 483.813896179199 422.434524536133 513.697591662407 462.878143310547 490.361848831177 514.186029434204 426.089050292969 422.584907531738 523.497332572937 526.997242450714 542.757190704346 624.321250915527 514.895806312561 412.238006591797
340.847763061523 551.769897460938 427.380714416504 567.519485473633 489.563938140869 373.987213134766 505.858684539795 463.44816160202 601.340469360352 684.074783325195 595.854721069336 506.220449447632 620.971008300781 501.163539886475 360.235153198242 587.483016967773 513.296493530273 491.791931152344 488.890296936035 344.986404418945 500.695224761963 413.964046478271 410.819030761719 409.96102142334 503.758512496948 325.356552124023 415.739067077637 483.504670143127 546.812812805176 418.287872314453 468.731596469879 532.360778808594 417.77420425415 541.757186889648 432.133474349976 434.815776824951 479.190248012543 616.445747375488 642.042419433594 710.082183837891 437.091026306152 516.37662756443 427.915390014648 421.784065246582 596.966751098633 699.670486450195 664.430763244629 646.333648681641 645.352584838867 567.66849899292
423.162633895874 422.286205291748 453.974451065063 502.231185913086 486.831539154053 477.237213134766 426.925727844238 414.239856719971 592.927001953125 587.479461669922 533.998977661133 486.808605194092 497.630626678467 498.612113952637 567.858695983887 488.52635383606 505.445853233337 470.852877616882 469.624485969543 487.98228263855 525.660499572754 528.723300933838 548.65601348877 484.979211091995 444.065200805664 470.007458686829 364.616630554199 456.523662567139 534.362949371338 605.094764709473 588.575248718262 577.100830078125 533.149726867676 419.684371948242 457.821817398071 588.486167907715 582.23966217041 485.04509139061 662.712127685547 468.465389251709 378.275268554688 481.153074264526 447.695934295654 587.630043029785 567.091899871826 566.347869873047 556.58288192749 596.920684814453 638.604637145996 601.738655090332
434.172170639038 511.8489112854 468.680656433105 472.214244842529 378.450180053711 340.006416320801 437.836353302002 475.546129226685 442.568258285522 557.249481201172 556.408576965332 447.341311454773 493.524808883667 545.32884979248 381.902351379395 455.345051765442 508.005832672119 447.522380828857 447.610145568848 530.085037231445 528.883399963379 358.820739746094 645.134048461914 346.421966552734 457.092887878418 635.103958129883 440.856658935547 480.230354309082 658.623947143555 464.303802490234 554.286136627197 475.838397979736 590.199348449707 491.787936210632 520.544105529785 405.016471862793 426.126495361328 710.651397705078 540.314872741699 582.638916015625 343.231079101562 563.520004272461 582.487010955811 441.596343994141 576.829124450684 439.968490600586 580.710330963135 565.349987030029 558.495418548584 595.10844039917
