export/dem/dem73.asc
NCOLS 350
NROWS 171
XLLCORNER 152620
YLLCORNER 418050
CELLSIZE 100
NODATA_VALUE -9999
[rows 110 to 131 of 171, columns 250 to 299 of 350]
846.293838500977 574.978874206543 779.079528808594 639.150863647461 1081.27452087402 930.730781555176 574.641143798828 972.753112792969 890.06591796875 700.914459228516 740.695037841797 823.938400268555 1093.22490882874 1024.16477584839 929.505218505859 905.977445602417 1026.52059364319 1082.49617004395 847.713584899902 828.542434692383 790.083358764648 833.860420227051 832.477996826172 984.674011230469 1262.23548603058 748.021499633789 584.287841796875 833.729732513428 829.820915222168 898.966320037842 898.649768829346 1027.84153747559 827.539542198181 825.060776233673 1020.8639755249 869.510430812836 1041.55346679688 965.984664916992 999.831733703613 900.19654083252 752.688037872314 650.832263946533 754.857741236687 882.291641235352 569.266521453857 710.073270797729 729.594184875488 742.497421264648 774.61198425293 637.995361328125
865.224754333496 557.226104736328 422.020263671875 746.796890258789 475.691986083984 480.592163085938 624.696929931641 1007.21069335938 466.388290405273 488.075332641602 493.615478515625 853.794090270996 743.215759277344 733.894668579102 952.043502807617 788.930809020996 755.088756561279 808.993255615234 837.873054504395 962.159519195557 1202.9506187439 841.584564208984 803.487060546875 653.591156005859 912.034408569336 1354.49613952637 846.557971954346 964.979614257812 1065.62991333008 903.637466430664 969.184341430664 920.052574157715 874.556479454041 951.485641479492 978.06266784668 866.813507080078 1090.10152816772 874.345260620117 869.610986709595 1181.45690917969 715.751884460449 702.269653320312 891.128463745117 814.682819366455 765.037445068359 739.842813789845 863.082469940186 541.416610717773 802.60164308548 833.295581817627
844.145957946777 822.206344604492 872.601188659668 791.741811752319 1047.06106567383 599.759841918945 503.471466064453 752.151824951172 696.90510559082 827.440811157227 509.742324829102 567.949935913086 904.253623962402 1011.10708236694 1271.29856491089 1033.82765960693 573.301849365234 725.48218536377 809.483200073242 911.028037071228 868.640420913696 752.136054992676 996.384399414062 928.79280090332 1029.15222167969 913.536697387695 696.630157470703 975.724174499512 808.853233337402 957.203956604004 874.323395252228 938.740943908691 888.047481536865 977.610992431641 860.347263336182 874.22257232666 1127.37062072754 739.32494354248 694.309234619141 615.427734375 671.311058044434 742.29141998291 781.298313140869 830.348587036133 778.333786010742 937.646453857422 688.50658416748 726.173881530762 658.958190917969 859.014633178711
646.066436767578 780.12574005127 689.938507080078 812.379020690918 713.815673828125 1237.95970153809 650.136428833008 745.807518005371 605.038391113281 638.527587890625 557.123794555664 569.421630859375 512.710571289062 606.432746887207 628.318756103516 758.528739929199 752.506164550781 606.216690063477 757.52569770813 692.487754821777 740.616767883301 757.524948120117 836.698972702026 633.723205566406 795.283126831055 1058.4520111084 1031.20596504211 894.961204528809 1567.95561218262 1388.99047851562 920.044204711914 965.1540184021 984.267669677734 980.225173950195 782.072341918945 853.325023651123 980.143455505371 727.813545227051 635.792407989502 638.674339294434 608.148578643799 606.588938713074 664.148878097534 819.289350509644 854.361289978027 866.36833190918 461.072692871094 759.364196777344 795.526077270508 813.275505065918
983.815349578857 1127.60117340088 1233.15600585938 605.888946533203 567.939910888672 686.048843383789 1803.65774536133 593.304916381836 1142.20620727539 1037.18701171875 603.301971435547 484.983535766602 627.252265930176 641.975164413452 716.516771316528 832.129135131836 717.100234985352 538.410003662109 745.136193752289 706.294288635254 749.344993591309 859.404006958008 603.908325195312 757.098638534546 601.278518676758 666.315826416016 909.865571022034 1111.1436920166 1236.75745773315 1224.65769958496 965.559196472168 1119.82537841797 794.568328857422 794.812805175781 647.677364349365 642.681921005249 738.668487548828 812.017799377441 742.696781158447 771.412643432617 697.223342895508 825.972137451172 769.127906799316 768.593097686768 755.090667724609 824.075332641602 600.925733566284 778.737422943115 876.248306274414 715.806396484375
808.51197052002 976.350654602051 847.142708778381 711.529098510742 639.360336303711 1178.19291687012 546.746124267578 677.613334655762 667.273803710938 841.58171081543 729.956672668457 477.284408569336 602.940628051758 468.544921875 555.759475708008 560.185272216797 640.770576477051 802.805316209793 743.365833282471 862.169540405273 806.797286272049 911.242753148079 871.233142852783 822.417785644531 608.814125061035 613.673385620117 836.943764209747 895.533763885498 1098.09360313416 1774.4556427002 1137.22403335571 898.395101547241 710.347297668457 824.828216552734 695.074691772461 744.32275390625 755.359035491943 901.200302124023 849.358329772949 765.785251617432 784.448532104492 730.891240000725 849.010612487793 768.624397277832 773.312505722046 780.153221130371 813.372909545898 809.10327911377 652.852951049805 818.412979125977
927.043380737305 1285.37091064453 774.293529510498 746.330635070801 1210.67034912109 720.983215332031 696.0888671875 1215.36167907715 692.134521484375 1117.33495330811 987.111724853516 705.362857818604 509.096374511719 668.800741195679 558.315444946289 634.682762145996 782.364852905273 758.237384796143 848.300857543945 909.630996704102 694.672355651855 657.991775512695 881.964023590088 818.053943634033 725.292930603027 871.178199768066 963.129859924316 1004.0652923584 932.002863645554 1022.01781845093 1217.50972366333 824.791885375977 951.326416015625 799.032402038574 943.583511352539 1141.52437973022 1383.19319152832 1756.78178405762 1626.30592346191 852.967132568359 895.371139526367 929.119575500488 872.385971069336 899.684127807617 791.364856719971 835.121978759766 874.902526855469 636.508087158203 819.278564453125 603.226377010345
570.025131225586 1093.63997840881 684.578956604004 819.024225234985 945.555107116699 726.245635986328 840.040100097656 552.637832641602 693.680587768555 883.054153442383 1110.92072296143 771.15079498291 634.521751403809 505.686889648438 497.232650756836 555.967086791992 729.906055450439 669.542434692383 656.757254600525 621.217468261719 737.470115661621 872.269729614258 764.031261444092 848.067867279053 880.560764312744 820.354000091553 975.249969482422 1004.65507507324 770.702003479004 690.241287231445 709.645538330078 1026.77820014954 955.765182495117 998.937099456787 1261.40696716309 950.609062194824 1063.98695373535 1188.50778198242 1505.43193054199 1936.70029449463 1095.74520111084 1067.84093475342 962.253189086914 875.047332763672 822.456336975098 793.428977966309 841.526184082031 899.648696899414 777.083141326904 787.915100097656
569.871932983398 874.681071281433 748.785872936249 670.999786376953 1019.27936553955 685.857528686523 1060.76298522949 665.294708251953 852.791793823242 807.998048782349 670.83203125 678.012481689453 594.901550292969 415.346710205078 538.866806030273 598.274780273438 506.568252563477 681.640518188477 702.354438781738 787.181549072266 784.175226211548 801.315040588379 865.230545043945 764.222059249878 756.289451599121 951.90087890625 944.112962722778 788.327049255371 590.865219116211 665.561592102051 1888.06896972656 2849.21439361572 961.147491455078 1045.80067062378 1238.87917327881 979.799912452698 1005.80799484253 1190.90078735352 1191.07647705078 1183.87396240234 1175.21868133545 1603.58666992188 1256.11782836914 1362.96534729004 1374.93850708008 1095.70205688477 1193.51501464844 867.330207824707 948.501052856445 735.260291576385
408.952255249023 679.75496673584 569.414535522461 714.874576568604 837.843635559082 1024.09233093262 674.713623046875 587.126251220703 1052.96417236328 719.000667572021 690.098804473877 714.737167358398 666.188041687012 575.094192504883 437.107925415039 549.924270629883 518.286468505859 559.561630249023 689.319869995117 924.965156555176 788.77640914917 701.105407714844 876.415283203125 683.11504650116 879.835067749023 848.547222137451 896.728202819824 821.239849090576 913.718276977539 620.155860900879 792.379497766495 2178.35124206543 832.829285770655 1112.2566986084 1126.86173629761 1441.04360961914 1186.53351593018 1320.94802856445 1827.86624145508 1289.94850158691 1259.58897399902 1147.72115325928 1021.23052215576 1000.70597457886 1376.36039733887 1701.51747131348 1414.47323608398 1619.47109985352 1335.90872192383 923.800216674805
482.381217956543 566.226245880127 508.030696868896 505.336277008057 791.365417480469 799.140037536621 627.259094238281 695.9912109375 605.190811157227 610.771453857422 694.216979980469 750.213851928711 664.756988525391 525.513107299805 529.733444213867 472.206970214844 551.656707763672 649.553636550903 620.530418395996 674.627113342285 762.129039764404 753.093017578125 783.106731414795 843.829345703125 703.96697807312 954.028839111328 770.207675933838 856.671564102173 742.465927124023 759.400897979736 760.564027547836 635.790222167969 873.572387695312 1102.96563720703 1074.18417358398 932.598411560059 1063.70174407959 985.878986358643 1400.63537597656 1251.7763671875 1303.02540206909 1266.23348999023 1095.05858802795 1117.23986816406 1136.87315368652 1375.28103637695 1214.32872772217 1182.21154785156 1339.7546081543 1503.51681137085
682.285496234894 557.799240112305 546.723030090332 470.362762451172 418.722412109375 513.162372589111 654.682527542114 483.705123901367 525.776763916016 539.463317871094 587.419525146484 600.358520507812 730.865203857422 697.970436096191 734.909557342529 733.515494346619 634.432064056396 590.811538696289 768.731472015381 679.07545375824 794.39933013916 623.247711181641 702.854217529297 714.962333679199 805.307472229004 682.685531616211 935.8544921875 788.184619903564 850.815841674805 722.353996276855 669.527111053467 682.451919555664 856.332012176514 896.687896728516 902.456527709961 1107.29925537109 1221.54747009277 1092.42836761475 956.091470718384 948.694218635559 1366.90293121338 1518.71152496338 1022.1629447937 946.927383422852 1527.22604370117 1309.51345443726 1308.62489318848 1183.64465332031 1291.85748291016 1464.90005493164
563.035461425781 517.314392089844 655.196846008301 595.311767578125 523.234298706055 371.514999389648 383.016387939453 396.840408325195 675.232711791992 635.086059570312 722.133041381836 537.072479248047 782.299375534058 468.723999023438 762.736623764038 715.997682094574 688.333381652832 735.52258682251 640.158592224121 573.527267456055 582.150695800781 821.738991111517 758.392162322998 647.09358215332 815.060943603516 829.180435180664 679.337894439697 859.296676635742 905.454747200012 885.641036987305 904.573135375977 956.386478424072 544.252548217773 910.132965087891 1137.42779541016 1016.4528503418 961.119552612305 971.23966217041 1041.08261108398 940.641586303711 980.18049621582 917.797008514404 1010.80587768555 1028.04349517822 991.182914733887 1190.24159240723 1118.49127197266 1093.71424865723 1156.46447753906 1089.54911804199
569.054168701172 603.138496398926 761.142490386963 661.284297943115 529.548156738281 549.464324951172 540.844985961914 491.230117797852 558.859954833984 748.325380325317 649.373168945312 558.729873657227 873.175842285156 589.325775146484 1081.5057220459 775.998714447021 716.742240905762 746.574922561646 657.485420227051 826.123687744141 645.018402099609 647.99781036377 851.996155738831 840.287654399872 627.967041015625 694.335321426392 803.223773956299 862.959060668945 994.080097198486 917.152345657349 820.573589324951 898.800958633423 762.898769378662 804.504850387573 845.021805763245 1029.04446411133 972.751083374023 1041.75035095215 969.763137817383 1030.86273193359 886.995712280273 859.57114982605 857.723777770996 921.687385559082 843.108383536339 982.529151916504 901.266069412231 1006.97498321533 1000.0333404541 778.801097869873
588.323028564453 644.046653747559 603.955871582031 650.856979370117 718.308534622192 611.355583190918 628.55655670166 447.116226196289 464.479400634766 490.727020263672 692.734909057617 525.251098632812 694.57430267334 799.119258880615 1451.11973953247 712.254581451416 568.1162109375 795.541847229004 658.501152038574 717.876453399658 862.344360351562 648.142589569092 630.929656982422 817.179260253906 714.695816040039 674.660734176636 765.719257354736 792.505401611328 789.392517089844 968.41515827179 881.413547515869 1074.45764923096 953.768436431885 837.242084503174 939.99153137207 920.1728515625 730.474689483643 898.218055725098 1020.61479187012 813.111083984375 960.660522460938 789.875566482544 787.925908088684 890.756057739258 861.523860931396 888.733131408691 820.405193328857 934.407203674316 871.277359008789 889.74520111084
623.344444274902 699.061149597168 655.200271606445 583.975082397461 536.056655883789 605.67790222168 536.760299682617 651.913846969604 534.181552886963 382.332946777344 635.255256652832 558.071762084961 1051.4323425293 742.372222900391 630.69206237793 679.229873657227 618.88069152832 859.353469848633 687.659538269043 1255.57472610474 619.520942687988 590.048126220703 598.210876464844 737.854187011719 751.7236328125 676.173233032227 728.691139221191 784.282085418701 811.111148834229 793.435485839844 800.346584320068 921.034637451172 841.474418640137 866.459129333496 842.540637969971 817.705551147461 1005.26403808594 771.259397506714 808.931285858154 882.194282531738 917.791717529297 796.034641265869 682.038269042969 822.627960681915 623.647689819336 957.507778167725 826.620938301086 796.082369208336 723.089630126953 936.926773071289
923.659233093262 721.965623855591 658.424686431885 676.923217773438 524.407684326172 615.557067871094 639.085067749023 633.83772277832 415.356430053711 596.83961391449 557.338001251221 1244.7031288147 613.033752441406 821.964183807373 828.598388671875 721.555435180664 809.38098526001 775.190717697144 1149.5934677124 624.415088653564 711.649872303009 673.005883216858 577.713890075684 664.28050994873 680.778064727783 727.56356048584 693.649906635284 766.557342529297 837.234268188477 951.697814941406 705.183769226074 811.76957321167 873.680599212646 894.658687591553 858.576782226562 853.874610900879 803.306045532227 781.210290908813 675.982040405273 922.636535644531 836.759292602539 627.861862182617 806.127784729004 629.810470581055 670.099655151367 794.211059570312 813.007225036621 814.625433206558 780.088869094849 738.075950622559
714.362092971802 733.089280128479 710.727443695068 726.8177485466 772.635931015015 840.112905502319 612.515213012695 754.74104309082 712.225379943848 575.833385467529 806.607208251953 753.097328186035 494.164291381836 1219.32268404961 690.584884643555 665.589370727539 744.277248382568 882.887985229492 656.407379150391 763.961700439453 748.638450622559 592.232223510742 782.268814086914 662.75297164917 627.567558288574 690.8667781353 752.886581420898 601.742729187012 870.858779907227 776.25439453125 781.521945953369 787.911952972412 897.40544128418 806.851448059082 688.353851318359 894.153648376465 803.986307144165 761.600009918213 1004.21604919434 871.354253768921 848.167903900146 748.420085906982 687.659698486328 811.549499511719 655.443229675293 422.694274902344 708.573482513428 932.84433555603 847.513120412827 896.116136550903
810.662567138672 758.817778110504 710.213848114014 777.312427520752 796.004499435425 683.579429626465 827.991954803467 648.416793823242 480.875831604004 610.964462280273 636.537433624268 798.401298522949 761.244987487793 884.294296264648 743.561973571777 893.124252319336 635.910343170166 898.374923706055 742.250411987305 700.587403297424 701.881893157959 600.058555603027 677.400053977966 645.911643981934 719.225584030151 735.504819869995 824.356628417969 629.655311584473 682.163635253906 815.17631149292 713.293203353882 723.329216003418 766.421607971191 699.941879272461 746.549911499023 913.015846252441 922.159225463867 739.946575164795 858.283889770508 988.813842773438 687.215408325195 707.816749572754 677.357009887695 915.57320022583 743.408782958984 735.278175354004 741.622192382812 769.232940673828 1058.872133255 822.729232788086
789.653049468994 747.580572128296 819.451431274414 566.834716796875 617.893005371094 789.44532084465 755.087387084961 640.814659118652 569.89624786377 697.726902008057 809.188056945801 839.662750244141 881.46028137207 727.253610372543 735.660283088684 699.165794372559 838.464897155762 824.188766479492 795.555107116699 635.451919555664 757.94176864624 664.643104553223 623.209243774414 681.401819229126 618.402221679688 670.353450775146 668.466659545898 517.120651245117 489.775939941406 782.46800994873 773.683982849121 948.225967407227 923.874114990234 826.069763183594 855.905673980713 1116.60102844238 813.746543884277 862.386001586914 895.349937438965 972.060707092285 1049.85045623779 824.770355224609 769.433818817139 935.47660446167 861.580230712891 890.947898864746 687.487449645996 612.375534057617 763.391799926758 744.732086181641
695.920234680176 783.386184692383 770.2631316185 661.798034667969 592.879302978516 646.619850158691 588.109558105469 614.311888694763 638.15728187561 636.842184066772 673.921352386475 791.400821685791 552.432922363281 768.949537277222 804.46887588501 727.665544509888 738.103212356567 730.052477836609 765.454044342041 683.894199371338 800.451148986816 745.248355865479 681.082399606705 675.504163742065 653.282241821289 616.556411743164 682.017066955566 745.747406005859 640.046516418457 589.28498840332 738.687168121338 639.868019104004 776.403957366943 943.242158412933 905.213798522949 877.903507232666 718.38549041748 966.679180145264 1077.26656341553 1103.41371154785 981.176826477051 1049.9893951416 983.478073120117 762.830352783203 891.732620239258 816.601028442383 788.266929626465 676.173515319824 757.851469516754 952.176445007324
613.845077514648 719.561134338379 940.194351196289 740.664116859436 684.057708740234 619.348823547363 588.490394592285 510.560134887695 646.564682006836 654.042701721191 571.994110107422 647.814788818359 767.23348236084 596.453277587891 669.531623840332 803.083026885986 666.977584838867 874.413635253906 758.600183486938 762.773929595947 800.69889831543 632.719375610352 741.501453399658 496.745407104492 661.792713165283 631.501007080078 620.014122009277 642.162624359131 659.64488697052 664.699407577515 538.34635925293 689.203608512878 650.026295244694 669.005504608154 752.925483703613 610.170803070068 665.601100921631 843.000207901001 823.533004760742 972.817222595215 956.016571044922 1103.08060121536 967.193466186523 1101.02536010742 890.563538551331 862.562599182129 841.356330871582 791.132972717285 885.130730628967 1012.77212905884
