export/dem/dem77.asc
NCOLS 350
NROWS 171
XLLCORNER 152620
YLLCORNER 418050
CELLSIZE 100
NODATA_VALUE -9999
[rows 110 to 131 of 171, columns 300 to 349 of 350]
845.570655822754 909.11890411377 926.063331604004 649.406379699707 741.427906036377 982.705368041992 798.489017486572 986.047828674316 882.259826660156 703.495315551758 722.781265258789 631.270767211914 1694.24771118164 907.102416992188 888.732103347778 929.702078819275 1447.30096435547 766.370491027832 1083.06175231934 -9999 -9999 -9999 -9999 -9999 -9999 -9999 -9999 -9999 -9999 -9999 -9999 -9999 -9999 -9999 -9999 -9999 -9999 -9999 -9999 -9999 -9999 -9999 -9999 -9999 -9999 -9999 -9999 -9999 -9999 -9999
839.437679290771 680.410652160645 578.765518188477 748.402730941772 732.660260438919 711.733192443848 1164.40606689453 1345.22001647949 678.136978149414 679.783554077148 1253.20161437988 463.475738525391 889.530136108398 737.857955932617 758.804748535156 691.886871337891 934.615562438965 1287.45168685913 1021.90234375 -9999 -9999 -9999 -9999 -9999 -9999 -9999 -9999 -9999 -9999 -9999 -9999 -9999 -9999 -9999 -9999 -9999 -9999 -9999 -9999 -9999 -9999 -9999 -9999 -9999 -9999 -9999 -9999 -9999 -9999 -9999
819.466987609863 857.760829925537 970.513721466064 786.73582649231 621.175186157227 626.904602050781 439.648162841797 901.926544189453 721.246734619141 1494.93132019043 917.693908691406 695.938949584961 678.752197265625 540.974517822266 701.369964599609 1219.0855255127 668.001617431641 943.96076965332 1740.98565673828 880.811782836914 -9999 -9999 -9999 -9999 -9999 -9999 -9999 -9999 -9999 -9999 -9999 -9999 -9999 -9999 -9999 -9999 -9999 -9999 -9999 -9999 -9999 -9999 -9999 -9999 -9999 -9999 -9999 -9999 -9999 -9999
821.892387390137 671.486999511719 848.224570527673 883.899074554443 575.730850219727 719.273612976074 734.469627380371 746.373794555664 684.591186523438 2182.05014038086 734.391693115234 753.563613891602 733.607009887695 991.220428466797 1264.9479675293 1100.8251953125 935.963790893555 602.724670410156 837.479095458984 1296.35675048828 1037.95445251465 -9999 -9999 -9999 -9999 -9999 -9999 -9999 -9999 -9999 -9999 -9999 -9999 -9999 -9999 -9999 -9999 -9999 -9999 -9999 -9999 -9999 -9999 -9999 -9999 -9999 -9999 -9999 -9999 -9999
750.635063171387 693.392593383789 838.645862579346 744.740112304688 620.854118347168 783.791595458984 783.460684776306 716.90160369873 720.330017089844 1138.64933776855 681.916076660156 904.705780029297 561.069305419922 929.515777587891 721.373519897461 853.577545166016 736.330307006836 985.983850240707 1008.24501037598 797.713638305664 894.024948120117 -9999 -9999 -9999 -9999 -9999 -9999 -9999 -9999 -9999 -9999 -9999 -9999 -9999 -9999 -9999 -9999 -9999 -9999 -9999 -9999 -9999 -9999 -9999 -9999 -9999 -9999 -9999 -9999 -9999
800.325012207031 826.784450531006 760.590522766113 769.93830871582 788.247589111328 691.142372131348 883.903770446777 861.043663024902 579.673385620117 841.263031005859 1225.76481628418 574.638916015625 535.020874023438 1206.42841339111 787.559219360352 695.58512878418 1274.43486976624 1035.05303192139 776.535369873047 699.901000976562 726.664039611816 709.27758026123 -9999 -9999 -9999 -9999 -9999 -9999 -9999 -9999 -9999 -9999 -9999 -9999 -9999 -9999 -9999 -9999 -9999 -9999 -9999 -9999 -9999 -9999 -9999 -9999 -9999 -9999 -9999 -9999
741.603046417236 749.450207740068 877.362735748291 1152.86512756348 486.791778564453 749.517684936523 1153.13505554199 631.404037475586 701.503662109375 1159.51991271973 1118.34315490723 1366.76515197754 859.273635864258 926.17561340332 750.198959350586 754.726402282715 1595.11871337891 1293.9940032959 770.552955627441 882.847982406616 626.649978637695 825.540233612061 842.790115356445 -9999 -9999 -9999 -9999 -9999 -9999 -9999 -9999 -9999 -9999 -9999 -9999 -9999 -9999 -9999 -9999 -9999 -9999 -9999 -9999 -9999 -9999 -9999 -9999 -9999 -9999 -9999
726.344484806061 470.034957885742 658.159622192383 808.537269592285 1355.8213596344 1325.90724945068 711.433839797974 555.374389648438 724.606941223145 777.821166992188 949.293121337891 671.643615722656 1062.65701293945 1150.53332519531 941.136704921722 929.937286376953 1161.47453689575 739.379577636719 805.689535617828 937.325325012207 964.248886108398 726.295623779297 796.341583251953 -9999 -9999 -9999 -9999 -9999 -9999 -9999 -9999 -9999 -9999 -9999 -9999 -9999 -9999 -9999 -9999 -9999 -9999 -9999 -9999 -9999 -9999 -9999 -9999 -9999 -9999 -9999
773.386085510254 626.564445495605 736.815422058105 865.73560333252 906.77904510498 754.024856567383 662.308135986328 885.011596679688 800.401691198349 723.841232299805 755.831100463867 519.967407226562 779.048248291016 829.57381439209 822.907012939453 1109.33608627319 631.424789428711 743.900840759277 925.315795898438 830.911194801331 753.075531005859 941.157157897949 868.382434844971 988.947477340698 -9999 -9999 -9999 -9999 -9999 -9999 -9999 -9999 -9999 -9999 -9999 -9999 -9999 -9999 -9999 -9999 -9999 -9999 -9999 -9999 -9999 -9999 -9999 -9999 -9999 -9999
965.448509216309 795.319091796875 491.558532714844 777.116390228271 1033.28444766998 871.008373260498 740.770099639893 774.198111534119 821.184303283691 791.513642907143 749.834625244141 772.328575134277 829.759719848633 1067.10428619385 1189.40646362305 802.611663818359 744.31502532959 888.585777282715 869.00834941864 809.390789031982 733.636360168457 971.22290802002 961.564979553223 905.446404218674 699.881210327148 -9999 -9999 -9999 -9999 -9999 -9999 -9999 -9999 -9999 -9999 -9999 -9999 -9999 -9999 -9999 -9999 -9999 -9999 -9999 -9999 -9999 -9999 -9999 -9999 -9999
1411.06175231934 1859.68794250488 974.386730194092 1145.47184276581 1039.55960083008 998.405199050903 804.476643741131 860.530078887939 964.817855834961 1519.57214355469 752.172737121582 656.023284912109 771.9538230896 1033.92321014404 899.884674072266 1246.13459777832 881.448070526123 810.198720574379 927.801528930664 914.428695678711 726.592506408691 987.316177368164 808.7998046875 1007.15163421631 798.440498352051 827.813011169434 -9999 -9999 -9999 -9999 -9999 -9999 -9999 -9999 -9999 -9999 -9999 -9999 -9999 -9999 -9999 -9999 -9999 -9999 -9999 -9999 -9999 -9999 -9999 -9999
1037.06330871582 1039.65484619141 1161.06076049805 818.065475463867 1330.63485717773 1636.53498458862 1178.22667884827 919.307906508446 1070.31790161133 1031.33679199219 868.587202072144 796.957020759583 762.46745300293 718.617294311523 1077.58066177368 928.734718322754 949.407279968262 989.720291137695 917.773475646973 947.234756469727 772.589771270752 926.003936767578 836.69652557373 739.568740844727 928.55961227417 806.647041320801 -9999 -9999 -9999 -9999 -9999 -9999 -9999 -9999 -9999 -9999 -9999 -9999 -9999 -9999 -9999 -9999 -9999 -9999 -9999 -9999 -9999 -9999 -9999 -9999
1114.94759368896 1056.33892059326 1138.67626190186 838.606636047363 1044.72740936279 1299.82042694092 1398.82178497314 1180.85859107971 1150.44508361816 1175.94139862061 1045.85190200806 680.309066772461 678.141372680664 726.921813964844 849.617309570312 843.670074462891 707.58390045166 894.153221130371 797.831283569336 690.998138427734 834.535442352295 837.12921333313 906.475883483887 924.69620513916 1047.28787231445 801.942573547363 797.306167602539 -9999 -9999 -9999 -9999 -9999 -9999 -9999 -9999 -9999 -9999 -9999 -9999 -9999 -9999 -9999 -9999 -9999 -9999 -9999 -9999 -9999 -9999 -9999
1161.40757369995 955.542991638184 973.888175964355 924.026712417603 825.417663574219 1444.52101135254 1696.10336303711 1267.39492797852 1133.56318664551 1045.19235992432 692.612319946289 790.047317504883 868.049732446671 853.525806427002 943.02921295166 807.544776916504 737.952865600586 801.060497283936 769.716979026794 877.498880386353 781.994455337524 787.151107788086 708.03923034668 859.504611968994 817.48628616333 871.515542984009 858.61807346344 916.991944313049 -9999 -9999 -9999 -9999 -9999 -9999 -9999 -9999 -9999 -9999 -9999 -9999 -9999 -9999 -9999 -9999 -9999 -9999 -9999 -9999 -9999 -9999
963.994140625 875.295822143555 850.671367645264 946.019172668457 947.647560119629 1206.1724395752 1511.52688169479 1109.87012672424 904.034408569336 750.37516784668 649.460723876953 676.286392211914 788.27033996582 795.815441131592 697.055870056152 819.130952835083 834.441040039062 1027.37181091309 787.18558883667 831.363412857056 918.47688293457 849.527187347412 763.189559936523 686.913513183594 728.329254150391 909.196784973145 811.660755157471 878.47224521637 829.04207611084 -9999 -9999 -9999 -9999 -9999 -9999 -9999 -9999 -9999 -9999 -9999 -9999 -9999 -9999 -9999 -9999 -9999 -9999 -9999 -9999 -9999
876.763820648193 753.358283996582 1000.866065979 953.414413452148 1575.69250488281 1078.72202777863 1238.92718505859 1275.25527191162 810.402442932129 951.83960723877 716.735176086426 815.050749778748 760.010246276855 770.576652526855 807.912462234497 884.543504714966 800.747018814087 794.095405578613 880.587785720825 955.454360961914 1030.68614196777 800.910884857178 884.501419067383 931.427146911621 921.055000305176 838.221574783325 812.988849639893 935.133193969727 861.213946819305 -9999 -9999 -9999 -9999 -9999 -9999 -9999 -9999 -9999 -9999 -9999 -9999 -9999 -9999 -9999 -9999 -9999 -9999 -9999 -9999 -9999
891.696231842041 799.382720947266 1395.89949798584 1408.48195648193 1001.44184875488 1130.93239212036 1517.56571960449 948.508270263672 1187.90480041504 1072.8643951416 771.977951049805 888.548782348633 816.849339485168 691.291679382324 788.27472114563 713.123413085938 925.720726013184 986.609375 971.034271240234 990.639587402344 1018.65760803223 828.311252593994 712.087677001953 942.126152038574 852.500785827637 861.11304473877 754.030136108398 924.107858657837 846.08246421814 859.202960968018 -9999 -9999 -9999 -9999 -9999 -9999 -9999 -9999 -9999 -9999 -9999 -9999 -9999 -9999 -9999 -9999 -9999 -9999 -9999 -9999
992.873260498047 1037.7405128479 1146.35663414001 1622.04403686523 1926.31750869751 1132.72462081909 1008.3720703125 958.125762939453 1137.56394195557 787.617782592773 817.351557254791 1026.31338500977 915.17903137207 804.171105384827 715.569854736328 816.522707462311 954.590110778809 878.941123962402 1093.60060119629 761.679996490479 827.1949634552 906.754264831543 892.687721252441 933.526824951172 947.476493835449 888.750503540039 758.579063415527 986.825626373291 966.174674987793 851.147603988647 843.936098814011 -9999 -9999 -9999 -9999 -9999 -9999 -9999 -9999 -9999 -9999 -9999 -9999 -9999 -9999 -9999 -9999 -9999 -9999 -9999
1100.43043708801 945.214302062988 954.699619293213 1306.23748779297 1493.62436676025 1439.79744720459 1625.19219970703 1045.61518096924 1031.07932329178 857.698165893555 1129.98039245605 951.972757339478 947.502593994141 1041.25989532471 896.405014038086 828.98726272583 892.912914276123 998.595657348633 896.171775817871 1094.19497680664 836.012645721436 1032.81509399414 846.11607170105 819.50016784668 857.367624282837 778.610950469971 805.547878265381 945.342674255371 923.410940170288 910.124938964844 898.985877990723 -9999 -9999 -9999 -9999 -9999 -9999 -9999 -9999 -9999 -9999 -9999 -9999 -9999 -9999 -9999 -9999 -9999 -9999 -9999
1286.87156677246 947.290409088135 1025.499168396 1371.1146068573 1117.03466033936 1426.51734161377 1369.61769866943 1304.305809021 1758.81586265564 1455.78205871582 1329.04811096191 1237.8370513916 1119.27365684509 1801.76435089111 1245.5704498291 983.234748840332 843.739134311676 988.99641418457 967.071197509766 982.635513305664 949.463150024414 1036.42221832275 995.899017333984 907.055648803711 979.747360229492 932.863677978516 1063.95617675781 838.688461303711 974.77564239502 898.276977539062 888.360996246338 965.68482208252 -9999 -9999 -9999 -9999 -9999 -9999 -9999 -9999 -9999 -9999 -9999 -9999 -9999 -9999 -9999 -9999 -9999 -9999
1099.02576637268 979.807105064392 932.331525802612 1152.69845581055 946.623851776123 1391.13238525391 1686.74195861816 1451.62445831299 1407.64669799805 1451.19288635254 1449.83303833008 1098.15519714355 1034.42659759521 1278.49240875244 955.81872355938 1053.95845413208 1082.10736083984 835.283185958862 1018.30349731445 950.050666809082 976.387420654297 924.009124755859 818.288402557373 937.601875305176 1032.97592163086 910.379127502441 884.215360641479 975.969215393066 1024.51999664307 725.507431030273 858.150241851807 928.561611175537 892.153367996216 -9999 -9999 -9999 -9999 -9999 -9999 -9999 -9999 -9999 -9999 -9999 -9999 -9999 -9999 -9999 -9999 -9999
653.963012695312 958.352882385254 1292.54098510742 1080.14817810059 941.530639648438 1188.73315429688 1334.06289672852 1306.71957397461 1390.66261291504 1428.87308502197 1361.43037414551 1222.9913482666 1111.00217056274 1111.28302001953 1018.43435668945 1046.80446243286 893.748565673828 968.01806640625 1047.04154968262 1044.94902038574 978.457626342773 990.520202636719 1188.82751464844 1021.86325836182 872.262897491455 1057.13150024414 990.483840942383 1015.31396484375 913.955463409424 760.949726104736 866.977517127991 881.140151977539 960.553176879883 -9999 -9999 -9999 -9999 -9999 -9999 -9999 -9999 -9999 -9999 -9999 -9999 -9999 -9999 -9999 -9999 -9999
