export/dem/dem75.asc
NCOLS 350
NROWS 171
XLLCORNER 152620
YLLCORNER 418050
CELLSIZE 100
NODATA_VALUE -9999
[rows 66 to 87 of 171, columns 100 to 149 of 350]
432.162677764893 387.971221923828 433.490726470947 409.560585021973 280.374588012695 385.566398620605 434.263879776001 477.679932236671 395.878776550293 400.194602966309 433.02534866333 379.568077087402 535.2841796875 548.227401733398 523.528690338135 405.890380859375 613.406707763672 573.384956359863 463.888425827026 242.729385375977 422.535968780518 520.993209838867 416.556297302246 497.090534210205 467.079145431519 473.803327560425 543.397136688232 615.103706359863 531.125450134277 478.683555603027 347.676513671875 598.198387145996 560.160158157349 573.029089927673 631.284273147583 632.251914978027 590.298603057861 418.430755615234 607.827754974365 475.017837524414 527.843872070312 539.334125518799 546.281282663345 559.420701980591 495.145328521729 691.596221923828 538.591341972351 615.672500610352 575.538234710693 613.928936004639
409.408843994141 517.865436553955 399.01895904541 464.052801966667 419.39489364624 354.109886169434 404.430885314941 384.235504150391 388.728607177734 469.038641452789 460.523155212402 466.752998352051 483.293517112732 610.155044555664 352.252494812012 537.685638427734 367.610244750977 457.621025085449 328.960510253906 398.611892700195 498.286054611206 402.653800964355 500.562059640884 387.223846435547 605.98779296875 597.68839263916 602.029098510742 594.301086425781 549.151672363281 439.001358032227 359.314102172852 573.807090759277 564.748804092407 498.088001251221 598.964178085327 559.319591522217 440.338455200195 665.005304336548 459.265960693359 561.683676242828 563.203594923019 674.553970336914 692.447814941406 703.099670410156 591.603664398193 635.19803237915 579.490310668945 595.230361938477 547.755860328674 498.679340362549
406.354915618896 344.387145996094 523.526840209961 395.213787078857 398.79825592041 446.967396736145 452.089061737061 355.794044494629 436.859321594238 461.855369567871 523.2421875 553.370738983154 511.132667541504 378.664131164551 357.242935180664 483.004559516907 501.110517501831 524.123714447021 555.075862884521 402.146827697754 614.872467041016 511.943153381348 559.060699462891 552.871917724609 643.479598999023 556.375511169434 506.630887031555 413.736198425293 521.073865890503 456.698883056641 543.787260055542 493.02938079834 399.838455200195 546.266521453857 597.77924156189 605.023468017578 485.924728393555 478.291664123535 528.56275177002 482.203620910645 436.561233520508 471.926498413086 772.829147338867 645.657699584961 661.773460388184 751.672515869141 568.62597745657 698.501037597656 759.048843383789 528.39310836792
498.409397125244 453.303706169128 347.254753112793 436.117010116577 417.416561126709 306.113494873047 453.038835525513 397.586868286133 456.448265075684 550.895683288574 326.574478149414 376.728134155273 305.304382324219 286.097702026367 441.729598999023 522.397563934326 527.639255523682 400.47290802002 389.788856506348 594.25855255127 403.888862609863 355.528861999512 506.393947601318 573.030479431152 478.257592201233 541.01335144043 553.173118591309 594.518241882324 541.036801815033 575.639167785645 479.356964111328 594.508275985718 427.347122192383 514.993209838867 593.333835601807 560.800647735596 549.37779045105 374.051147460938 489.674659729004 444.955795288086 483.723526000977 517.614505767822 659.525291442871 560.542171478271 674.236907958984 818.911315917969 695.851600646973 525.335591673851 644.37385559082 636.473457336426
237.930923461914 401.14379119873 579.351341247559 456.803582191467 442.518892288208 606.722198486328 501.807090759277 397.456245422363 490.108238220215 467.003511428833 463.268427848816 347.158554077148 287.339263916016 559.779441833496 406.41096496582 434.138126373291 603.766418457031 531.04963684082 515.599880218506 431.31449508667 600.222930908203 492.185746967793 516.963979721069 464.40843963623 636.892700195312 568.786544799805 512.895603179932 524.042629241943 524.89337348938 483.432823181152 587.581504821777 682.686340332031 492.435192108154 379.153869628906 533.040294647217 582.07564163208 454.946815490723 485.875919342041 461.575958251953 227.799102783203 467.94367980957 528.638122558594 643.63875579834 485.317047119141 561.94589805603 692.591606140137 578.446789801121 510.455299377441 596.832811355591 606.11287689209
474.215126037598 571.377423286438 405.728469848633 424.544845581055 474.553641319275 451.796095371246 433.854099273682 628.614280700684 342.70442199707 561.366470336914 329.309127807617 310.570327758789 383.890762329102 508.318406105042 531.58056640625 492.637580871582 496.719400405884 447.698436737061 548.412223815918 602.20581817627 600.784080505371 483.594526290894 608.205635070801 640.831298828125 540.503440856934 559.5344581604 595.587089538574 656.671401977539 614.598747253418 592.283752441406 601.706348419189 734.868255615234 532.898752212524 568.366243362427 541.517955780029 508.338188171387 618.150928497314 642.148086547852 548.510425567627 426.295593261719 581.770037651062 650.278610229492 470.257705688477 603.943717956543 526.05020904541 528.164962768555 635.239292144775 499.172866821289 568.142484664917 423.252868652344
506.814638137817 361.556030273438 501.289974212646 395.900184631348 519.523979187012 358.66032409668 510.834859848022 476.3244972229 267.311264038086 371.19571685791 428.226024627686 425.559375762939 417.522937774658 501.504017114639 440.051322937012 413.864196777344 493.94578742981 547.029052734375 536.46410369873 436.106582641602 613.409568786621 559.065856933594 524.09090423584 700.682891845703 577.939559936523 590.292205810547 601.325607299805 566.994640350342 450.077980041504 411.62572479248 562.664255142212 532.503322601318 532.756427764893 355.049743652344 479.370712280273 789.320220947266 552.149787902832 867.383659362793 872.773009300232 667.949100494385 660.571014404297 543.025243759155 491.92748260498 647.018508911133 622.681133270264 785.053932189941 395.759140014648 448.412696838379 695.993850708008 602.806156158447
430.389587402344 559.240615844727 461.503803253174 327.537567138672 537.594589233398 466.732890129089 562.395408630371 491.547378540039 465.045550346375 286.627166748047 473.974587917328 453.1194190979 504.816442489624 344.378646850586 483.591631650925 620.729110717773 595.153076171875 512.364669322968 550.18249130249 487.445430755615 541.195014953613 546.248970031738 539.019653320312 477.796611785889 533.280464172363 483.570240020752 492.461984634399 605.010932922363 510.463850021362 624.200721740723 567.118240356445 519.537986755371 546.673765182495 751.111785888672 843.02685546875 545.131500244141 593.125858306885 887.356750488281 682.968910217285 757.012435913086 688.833585739136 318.143310546875 394.026924133301 479.163463592529 493.609708786011 576.785087585449 857.709135055542 492.103828430176 716.229568481445 667.030944824219
530.193356513977 355.977249145508 472.35683631897 351.367149353027 376.061012268066 405.915431976318 385.783981323242 370.644721984863 455.646173477173 374.583511352539 337.48770904541 448.281649589539 555.87035369873 428.825019836426 539.977832794189 604.537986755371 715.981811523438 612.797370910645 550.205215454102 587.238540649414 431.636985778809 545.652278900146 539.402778625488 579.399589538574 516.690540790558 453.008193969727 656.829162597656 635.557586669922 611.558216094971 646.216522216797 406.729026794434 586.308135986328 625.830276489258 699.581741333008 503.111267089844 614.251569747925 305.036430358887 703.264755249023 781.104026794434 685.170906066895 634.494287490845 513.529945373535 473.507600784302 321.648162841797 288.138458251953 532.47492980957 661.653854370117 589.815547943115 1110.54222106934 606.570874840021
453.695350646973 316.653045654297 337.264907836914 507.09919834137 522.929801940918 448.231298446655 477.357998847961 507.323390960693 377.246459960938 349.580345153809 432.153907775879 533.316341400146 516.791170120239 520.953514099121 422.351593017578 628.425308227539 580.600067138672 562.342151641846 691.128356933594 521.196258544922 413.375297546387 612.736221313477 437.42813873291 461.398017883301 566.994743347168 508.89760684967 653.531669616699 499.949634552002 573.042388916016 450.665573120117 466.677810668945 522.483141899109 607.919928312302 531.058990478516 682.786243438721 499.869148254395 367.64485168457 727.006126403809 651.759796142578 648.079689025879 741.758567810059 369.83277130127 455.295560836792 442.222788572311 384.459747314453 359.959587097168 545.038556575775 581.065315246582 503.860988616943 508.117084503174
693.53849029541 568.293766021729 372.623527526855 369.741119384766 553.637420654297 447.512397766113 457.259223937988 606.508796691895 441.222984313965 402.631271362305 510.778017044067 517.778675079346 597.458206176758 534.870754241943 617.010482788086 530.079036712646 698.995452880859 613.568168640137 551.612926483154 581.625930786133 623.628150939941 434.038246154785 523.997955322266 476.533588409424 613.378524780273 460.848331451416 602.179481506348 444.035232543945 559.132518768311 379.135238647461 486.905117034912 390.575485229492 250.036636352539 689.314033508301 561.300457000732 700.443321228027 562.491287231445 818.062980651855 628.636207580566 745.005756378174 678.058597564697 403.9693775177 344.738380432129 319.0078125 458.527743339539 762.614517211914 715.860870361328 589.624156951904 421.864738464355 618.069023132324
532.048141479492 508.429336547852 594.303503274918 997.45881652832 452.411567687988 360.900238037109 310.912368774414 429.516044616699 468.987943649292 453.940864562988 597.887935638428 582.329292297363 546.202026367188 648.337020874023 442.456604003906 475.216432571411 472.044082641602 640.352851867676 615.848686218262 525.459310531616 522.458179473877 531.481948852539 554.486335754395 538.398059844971 638.796966552734 536.75045800209 369.906723022461 728.320953369141 737.817253112793 545.383380889893 378.047096252441 357.566093444824 429.765497922897 430.535375595093 655.447708129883 705.802291870117 491.698852539062 680.972878456116 699.331712722778 787.258758544922 502.044672012329 568.077194213867 541.565933227539 366.319480895996 387.191581726074 510.031269073486 475.962432861328 346.839744567871 329.916481018066 490.362258911133
489.911903381348 475.754016876221 691.762809753418 581.889650344849 641.090927124023 656.768711090088 537.979167938232 519.299147605896 517.561143875122 545.976383209229 601.252388000488 757.962692260742 517.160608291626 371.294227600098 630.89306640625 604.545433044434 609.333892822266 623.336936950684 655.401779174805 517.609939575195 574.152069091797 635.495864868164 500.802250742912 554.878074645996 488.840957641602 528.695112228394 528.96132850647 526.273107528687 554.424060821533 680.212631225586 493.900743484497 442.709396362305 369.071464538574 405.655406951904 391.893508911133 503.640403747559 413.694034576416 518.047554016113 627.80339050293 534.232444763184 421.017734527588 603.718482971191 498.384362220764 518.419261932373 579.209136962891 440.456939697266 273.373977661133 448.450608968735 358.801528930664 514.999774932861
740.557968139648 523.56246137619 540.331526756287 574.336889266968 671.986503601074 674.667823791504 688.746932983398 512.724802970886 445.090534210205 477.671676635742 367.842178344727 590.142690181732 469.691101074219 401.102996826172 641.480117797852 409.691680908203 468.545497894287 463.922693252563 491.17195224762 490.850345611572 648.661697387695 595.616088867188 520.279634952545 698.417816162109 478.112819671631 575.747509002686 563.257596969604 598.884601593018 544.44556427002 403.525026321411 394.901901245117 451.632347106934 309.285873413086 541.529434204102 439.39648103714 585.39830493927 545.423454284668 476.453056335449 440.537658691406 562.897457122803 570.881401062012 554.834075927734 481.415255069733 655.57600402832 398.784606933594 429.333827972412 334.754974365234 502.060932159424 454.009204030037 600.915596008301
657.606075286865 413.563705444336 601.574528932571 549.212699890137 646.767036437988 658.710333824158 624.359750747681 838.806816101074 546.963943481445 530.978914260864 540.425018310547 547.991970062256 526.988102912903 639.120552062988 615.150871276855 599.287658691406 694.968215942383 604.178199768066 632.801399230957 498.003836631775 552.701473236084 605.012382507324 668.604293823242 594.067905426025 653.133728027344 576.853065490723 746.605712890625 630.604125976562 558.785820007324 598.989349365234 413.012948989868 406.002067565918 486.124576568604 517.512676239014 646.165351867676 723.68221282959 697.533477783203 511.808799743652 488.081932067871 454.895767211914 285.947082519531 266.919723510742 480.146967887878 615.53919172287 528.554588317871 401.142242431641 218.23779296875 304.678649902344 407.076526641846 476.374176025391
669.303581237793 565.427509307861 476.547904968262 744.465484619141 587.112861633301 636.900690078735 606.052715301514 678.569442749023 578.480447769165 577.120948791504 533.327568054199 473.038991928101 491.943402290344 457.772415161133 378.861267089844 468.316787719727 502.727631092072 565.434280395508 527.526472091675 516.623511314392 420.644515991211 627.122596740723 458.090492248535 458.250947952271 720.2421875 703.534591674805 664.827239990234 571.719139099121 515.897270202637 428.03601360321 459.352428436279 322.076515197754 424.363021850586 671.544761657715 693.757080078125 827.837295532227 612.852005004883 506.931365966797 639.296653747559 517.809356689453 449.29997253418 417.180770874023 555.916458129883 766.717433929443 551.101409912109 503.363395690918 306.773742675781 350.208068847656 561.133787631989 696.040470123291
443.056007385254 645.771171569824 639.663143157959 631.064418792725 765.986099243164 546.038764953613 880.521286010742 637.673095703125 664.686706542969 451.085014343262 498.322206497192 510.36357831955 412.614055633545 454.799125671387 469.528875350952 490.360212802887 403.864906311035 419.176513671875 398.373977661133 479.344179153442 428.032844543457 568.633991241455 524.793616294861 531.191469192505 600.35139465332 613.655708312988 495.658436775208 507.714225769043 763.584167480469 667.873886108398 651.383785247803 491.775657653809 633.542686462402 635.753597259521 722.474617004395 723.139289855957 649.666446685791 525.945945739746 647.540321350098 524.085815429688 631.279371261597 555.926856994629 670.062694549561 694.787014007568 582.796009063721 566.953811645508 607.837848305702 788.848081588745 670.668539047241 549.864265441895
553.630043029785 440.593132019043 416.045516967773 595.341270089149 673.445526123047 607.502004623413 647.793365478516 900.219512939453 648.217765808105 651.005673706532 751.183578491211 572.744148254395 460.90393447876 572.810096740723 357.439300537109 513.544452667236 638.240371704102 530.224477767944 495.898412704468 455.01732635498 560.75212097168 530.965608596802 665.229888916016 615.215530395508 700.729393005371 597.334926605225 501.11190032959 848.105865478516 573.872816085815 665.749237060547 626.574947357178 547.041843414307 587.436458587646 435.693054199219 363.332962036133 457.250080108643 612.11060333252 606.169784545898 405.508743286133 668.125335693359 718.171096801758 665.182637214661 572.389125823975 493.837139129639 380.940414428711 487.758776068687 526.978223800659 691.799208641052 750.343877792358 927.435211181641
556.930381774902 657.758522033691 530.024887084961 453.044689178467 415.060546875 495.097160339355 607.299744009972 662.531288146973 618.706285476685 784.780044555664 471.995227813721 510.015565514565 491.504989624023 592.210594177246 344.347442626953 468.569435119629 437.096584320068 657.633071899414 495.045292377472 520.623762130737 559.147575378418 446.103267669678 537.00838470459 443.538757324219 658.403366088867 578.945865154266 446.663429260254 531.29467010498 708.717864990234 551.798782348633 576.032360553741 474.21492767334 658.322189331055 597.96332359314 484.971588134766 558.327407836914 491.945278167725 449.851921081543 558.61222076416 391.287788391113 420.473236083984 608.045455932617 677.240272521973 622.136848449707 513.512419700623 505.375888824463 609.75065612793 771.559478759766 749.873008728027 716.142677307129
564.069316864014 546.014129638672 655.281311035156 576.715126037598 558.016540050507 339.423675537109 574.41321182251 510.694320678711 519.479949951172 643.753854751587 539.01312828064 432.078506469727 437.875137329102 499.172570228577 341.857467651367 510.908786714077 547.892345428467 498.587411880493 489.059267044067 373.669738769531 517.884641647339 470.708002090454 544.630584716797 416.799217224121 611.060844421387 593.207391738892 576.396142244339 481.395051956177 313.335792541504 398.443359375 463.943702697754 672.370910644531 815.829986572266 538.504348754883 435.239191055298 363.764297485352 435.265762329102 452.216621398926 419.293586730957 537.968614578247 614.078544616699 885.890533447266 935.972625732422 930.117603302002 770.436386108398 579.694240570068 455.687995910645 719.479454040527 561.36545085907 575.079116821289
631.540641784668 650.445541381836 593.976253509521 630.813014984131 628.583349227905 553.141151428223 397.746887207031 588.854969024658 580.135036468506 632.902820587158 618.904964447021 368.259323120117 408.448272705078 370.959396362305 355.715484619141 398.172912597656 659.427307128906 556.702632904053 537.655780792236 522.526826858521 682.298324584961 496.181133270264 507.407634735107 566.472385406494 495.434133529663 565.512138366699 492.693283081055 480.880447387695 416.086959838867 447.910850524902 560.968267440796 688.077324867249 476.261962890625 606.222732543945 483.318435668945 445.433834075928 648.310417175293 466.439323425293 488.19792175293 652.921325683594 616.033527374268 691.692733764648 844.342872619629 969.486353754997 828.329731464386 675.253673553467 563.422542572021 743.602340698242 733.495956420898 559.459167480469
-9999 -9999 441.438934326172 857.479137420654 589.201732635498 485.488006591797 608.308076858521 524.036268234253 539.992462158203 570.956825256348 606.700595855713 425.269813537598 418.928916931152 387.231658935547 454.481727600098 442.387168884277 501.873594284058 539.689535140991 704.182556152344 476.470756530762 642.079696655273 520.209439992905 536.165084838867 568.376205444336 310.904388427734 417.17635345459 571.794406890869 586.714651107788 701.241968154907 655.354038238525 581.876525878906 733.630355834961 623.803276062012 539.759206771851 410.730476379395 385.480096817017 487.200180053711 556.040125370026 505.895469665527 610.924957275391 653.944122314453 684.521278142929 839.173654556274 1061.47543287277 1129.54696655273 766.696102142334 760.067543029785 -9999 -9999 -9999
