export/dem/dem79.asc
NCOLS 350
NROWS 171
XLLCORNER 152620
YLLCORNER 418050
CELLSIZE 100
NODATA_VALUE -9999
[rows 110 to 131 of 171, columns 250 to 299 of 350]
973.20904302597 532.911041259766 744.525436401367 575.797836303711 1190.89398956299 896.552612304688 772.175804138184 1066.75311279297 916.3251953125 801.683258056641 581.9443359375 737.212829589844 991.849494934082 959.510154724121 931.733573913574 852.422317504883 956.34969329834 1035.70081329346 976.47572517395 930.410614013672 574.538238525391 806.130699157715 946.044174194336 995.613006591797 1155.13529205322 954.665573120117 667.865615844727 761.449356079102 1080.75619506836 808.313179016113 824.86378288269 853.011847496033 980.418701171875 960.128189086914 1001.22778320312 828.365665435791 995.71117401123 920.275238037109 1016.35290527344 1005.6481628418 734.373147964478 550.72624206543 689.024894714355 720.691524505615 779.84147644043 784.16731262207 671.621467590332 700.933158874512 899.79598236084 775.739147186279
809.192260742188 527.270294189453 572.433334350586 852.125526428223 492.555419921875 579.778167724609 602.59162902832 1231.30583953857 376.660217285156 634.01921081543 597.904144287109 753.611633300781 931.561126708984 609.247467041016 827.85213470459 640.786361694336 778.505363464355 817.670669555664 892.615863800049 938.281091213226 1152.82830810547 773.301284790039 925.782722473145 694.002243041992 972.802154541016 1306.44043731689 936.108921051025 896.68717956543 1008.0424118042 921.269500732422 848.90452003479 660.800964355469 1072.82368469238 755.826721191406 988.484813690186 923.01522731781 1316.81683349609 970.604965209961 860.940728664398 1079.21279907227 746.107357025146 736.419004440308 675.759414672852 662.909683227539 753.785076141357 842.011238098145 840.096662521362 645.443901062012 779.393810272217 931.813102722168
821.640579223633 660.226928710938 854.293334960938 579.681228637695 977.6357421875 701.972320556641 658.005584716797 914.770549297333 878.707142233849 816.997482299805 668.310249328613 671.855670928955 983.48761177063 840.303131103516 1224.49418258667 886.282043457031 780.129305839539 780.43868637085 754.205604553223 931.652858734131 710.34977722168 643.202407836914 1027.16770935059 1057.48773097992 1042.99428939819 871.989593505859 967.842987060547 998.136479377747 875.706394195557 778.466995239258 855.609895706177 1022.12847137451 894.860916137695 997.602294921875 911.537818908691 1001.02648544312 1014.63025665283 942.059356689453 783.665115356445 784.621722221375 635.234462738037 657.783303260803 787.875644683838 731.515563964844 1094.02751159668 816.432979106903 739.275091528893 825.452938079834 682.953201293945 979.24845123291
681.598377227783 719.234634399414 686.933883666992 512.147186279297 776.083251953125 1046.46189880371 678.840484619141 786.147676467896 776.277782440186 754.559061050415 607.403076171875 723.847768783569 650.338581085205 568.729377746582 822.141658306122 756.01714515686 746.70959854126 796.997741699219 737.157321929932 661.86092376709 757.854202270508 661.909164428711 720.43132019043 819.846343994141 729.099960327148 1018.30754852295 902.12117767334 1025.45198822021 1378.15623283386 1340.30160140991 969.798900604248 1020.34916687012 798.125747680664 869.307888031006 769.80778503418 904.818359375 902.123773574829 767.364730834961 708.482833862305 752.875350952148 579.030750274658 632.614391326904 604.226978302002 834.579566955566 816.492282867432 839.050567626953 829.171325683594 964.536956787109 814.789096832275 993.842674255371
852.515762329102 1054.32273864746 1135.75646972656 644.313217163086 661.806007385254 646.900772094727 1967.11246490479 663.849258422852 1272.33487701416 1159.15243530273 824.299945831299 740.202537536621 615.720642089844 580.570297241211 714.616047859192 904.972198486328 826.24914932251 599.529998779297 602.189788818359 611.641632080078 765.092174530029 929.850425720215 685.221450805664 471.263427734375 737.157623291016 692.435905456543 840.848003387451 976.068073272705 1218.30823516846 1339.12930297852 911.216369628906 943.156970977783 982.746841430664 747.529191970825 754.508758544922 589.853086471558 696.048851013184 810.695152282715 905.825134277344 858.575881958008 629.938041687012 811.833312988281 766.456142425537 739.459019184113 748.689647674561 738.712352752686 758.190887451172 907.879508972168 1060.17617797852 732.029373168945
777.331314086914 950.806922912598 768.962196350098 546.112762451172 546.872528076172 1038.73384094238 496.945526123047 569.907485961914 754.570297241211 766.038665771484 759.259094238281 575.791946411133 749.581451416016 597.893119812012 478.946594238281 809.179546356201 703.59476852417 813.318550109863 568.835800170898 621.451385498047 761.621475219727 908.861647725105 798.988018035889 717.740158081055 665.165508270264 841.48356628418 691.73796081543 795.746658325195 1023.05913543701 1632.26635360718 970.274856567383 753.815994262695 669.798072814941 812.399597167969 904.03515625 801.539054870605 911.435287475586 838.502685546875 941.938186645508 639.817100524902 683.626461029053 818.26097869873 772.775226593018 752.228214025497 810.446701049805 885.251281738281 805.107246398926 801.735008239746 602.049369812012 754.009889602661
820.644470214844 1384.53748321533 651.067687988281 772.783798217773 1249.6862487793 651.235977172852 541.012939453125 1037.26959228516 546.908355712891 862.221267700195 1053.63838672638 564.468002319336 540.245674133301 500.519760131836 680.680988311768 613.160888671875 704.497843265533 678.58570098877 601.053588867188 856.506465911865 819.98900604248 796.121852874756 818.583697319031 785.49333190918 798.825612619519 706.983596801758 919.681314468384 913.67423248291 894.072971343994 894.275268554688 1051.12971496582 688.71989440918 751.418487548828 883.471878051758 899.049331665039 1412.73104858398 1504.41722106934 1826.76763916016 1651.30731201172 921.132598876953 774.045345306396 922.133316040039 796.423263549805 755.141332626343 812.413452148438 736.671781778336 806.187759399414 794.911018371582 772.92163848877 594.250800609589
504.71076965332 997.273071289062 793.773688316345 667.208610534668 1032.39397644997 767.547264099121 834.060119628906 573.786209106445 519.072479248047 848.999496459961 782.000396728516 513.939666748047 450.594024658203 479.260894775391 595.679260253906 623.124717712402 552.10661315918 816.623817443848 613.057708740234 730.564426422119 604.043436050415 764.696096420288 714.938583374023 879.044277191162 912.684715270996 711.344833374023 974.919898986816 791.172073364258 821.721546173096 621.042678833008 769.822807312012 1016.95306777954 758.616729736328 851.270927429199 1101.1021156311 900.386672973633 1104.33930969238 1396.29208374023 1486.99047851562 2062.11865234375 1283.23196411133 1147.05097961426 906.916290283203 728.362315177917 704.743591308594 688.130790710449 692.215858459473 751.978117465973 862.658218383789 725.72668504715
592.410064697266 805.601219177246 662.95841217041 860.192133903503 997.462738037109 802.295379638672 1095.65972900391 570.544158935547 655.891540527344 776.9961810112 624.013458251953 642.167755126953 582.194305419922 422.218490600586 513.81657409668 625.624855041504 681.264912605286 878.647872924805 714.38045501709 736.316032409668 720.356204986572 783.380805969238 578.520309448242 799.124549865723 862.819339752197 796.087982177734 1059.2410736084 860.078773498535 708.773639678955 698.750442504883 1989.21878051758 2683.78506469727 712.42448425293 902.090423583984 1177.91425704956 988.075811386108 1120.33840179443 1164.47923278809 1295.91018676758 1006.87310791016 1273.13018798828 1448.09713745117 1273.79476928711 1358.99472045898 1276.95984649658 1079.19013977051 957.23313331604 842.719833374023 938.804626464844 680.047374725342
613.670169830322 612.891035079956 505.182601928711 761.264953613281 911.256614685059 1166.51628112793 703.29052734375 751.405715942383 1009.74868774414 589.860244750977 572.520431518555 629.591369628906 618.711441040039 717.580805778503 454.179382324219 553.480102539062 734.543933868408 720.541655540466 935.853225708008 904.315723419189 788.909544944763 704.971054077148 743.602596282959 791.255668640137 693.571918487549 773.691299438477 817.483051300049 821.42289352417 792.332878112793 583.707305908203 617.232452392578 2146.17086791992 703.281784057617 899.702339172363 932.569946289062 1454.09135437012 1140.46904754639 1255.72787475586 1675.2650604248 1246.88539123535 1309.45008850098 1206.64348602295 1088.06046295166 888.812545776367 1601.05045318604 1813.42526245117 1185.40671539307 1463.81384277344 1264.36468505859 1019.62521362305
632.323959350586 612.246322631836 529.277467727661 489.18936920166 1018.7749786377 861.33611869812 725.293449401855 859.834846496582 677.19841003418 613.143432617188 818.6245470047 859.312574863434 604.626342773438 671.987640380859 632.831878662109 456.712280273438 615.797035217285 516.217758178711 790.342742919922 689.121459960938 660.023300170898 660.623062133789 769.311930656433 711.124645233154 764.656112670898 756.923522949219 682.185195922852 962.711410522461 1002.15798950195 764.903274536133 673.059471130371 547.681610107422 813.066873036325 771.99681854248 1009.54542541504 1076.50146484375 1057.21142959595 1057.3856048584 1291.72745895386 1103.6459941864 1407.71086120605 1163.32140541077 1149.64825439453 1070.71322631836 1413.13900756836 1270.74130249023 1248.9165763855 1164.67868041992 1245.53019714355 1789.99154663086
794.107391357422 572.232650756836 571.460140228271 694.884307861328 501.977657318115 540.978850364685 527.10652923584 620.997520446777 783.22620010376 715.608444690704 650.847381591797 717.088592529297 867.732368469238 681.252349853516 656.934379577637 615.922393798828 528.261184692383 707.029563426971 707.690240859985 690.431929349899 785.215830802917 696.583839416504 895.004722595215 860.798316955566 814.264488220215 570.358535766602 643.825668334961 749.960380554199 766.093765258789 1015.98042297363 622.600273132324 801.124618530273 757.050258636475 794.006772994995 998.830474853516 1051.17701721191 1108.24268341064 921.904792785645 1068.86016082764 955.660609483719 1089.0922088623 1273.14929199219 1062.646068573 866.146295547485 1314.56300354004 1277.97707366943 1025.2159614563 1141.17066955566 1264.59524536133 1319.37539863586
753.824377059937 728.617853164673 597.126029968262 802.5478515625 630.690757751465 402.967697143555 338.220138549805 412.72248840332 734.292441368103 619.570236206055 677.48819732666 719.979476928711 753.662967681885 562.26921081543 544.701278686523 679.829414367676 619.240692138672 704.401138305664 684.506303787231 838.412658691406 732.491214752197 801.907632827759 698.244667053223 729.756591796875 814.595458984375 924.019191741943 677.952487945557 716.387954711914 827.164402008057 990.393020629883 978.065948486328 860.893058776855 766.631252288818 974.848617553711 1012.49238586426 1091.6763458252 993.990509033203 1025.11227416992 1035.85372924805 911.906944274902 872.186433792114 887.804958343506 915.963084220886 901.845725536346 994.470108032227 1043.96775436401 1092.66272735596 940.404751300812 970.634084701538 1249.13172912598
659.300605773926 705.377956390381 759.324773788452 769.208320617676 758.891136169434 626.737060546875 562.087982177734 370.717041015625 764.507942199707 635.582855224609 642.459045410156 629.184814453125 880.119338989258 655.097320556641 1078.07089996338 849.892547607422 690.014987945557 796.497039794922 638.422569274902 734.418497085571 679.836040496826 925.040481567383 898.429599761963 883.989219665527 745.425749778748 651.110808372498 808.599010467529 796.325571060181 1061.65659332275 980.227878570557 878.694209098816 994.09888458252 667.072738647461 953.294982910156 1008.63739013672 912.298973083496 924.444282531738 1064.76965332031 842.329120635986 932.186737060547 814.079563140869 777.88245010376 868.402412414551 745.417037963867 874.158325195312 774.328422546387 991.987030029297 1014.28332519531 879.94287109375 990.299194335938
720.852436065674 756.100704193115 890.625305175781 712.816455841064 867.571350097656 690.270835876465 683.203857421875 485.981704711914 699.869907855988 594.951431274414 666.282150268555 640.296646118164 649.35920715332 653.709045410156 1331.46057128906 516.841766357422 797.377075195312 773.288158416748 911.999755859375 752.817268371582 754.088745117188 755.98083114624 778.327545166016 787.456798553467 963.065887451172 756.72216796875 767.679977416992 794.242027282715 878.902080535889 960.023284189403 901.707883834839 979.5094871521 1119.59213256836 791.902185440063 786.23787689209 872.010875701904 1023.53477478027 1024.50663757324 732.180252075195 670.612991333008 908.517242431641 901.528900146484 692.65168762207 670.381652832031 898.882698059082 936.690979003906 766.003615498543 997.262268066406 822.245410919189 863.021728515625
677.931201934814 658.70637512207 645.015350341797 688.582065582275 807.306571960449 736.448734283447 872.058013916016 799.156600952148 473.427734375 439.256050109863 748.007284164429 671.875701904297 1119.78875732422 730.899833679199 663.490623474121 761.224132537842 902.880973815918 795.330265045166 851.459899902344 1421.48318481445 827.395706176758 788.57048034668 801.623207092285 815.496507644653 851.584777832031 759.906421661377 741.76016998291 746.059933662415 882.16064453125 757.079767227173 752.158153533936 895.179473876953 1013.70360565186 781.694177627563 939.741821289062 763.40761756897 876.405532836914 910.095520019531 873.856643676758 804.155120849609 817.793872833252 731.373252868652 788.667295455933 801.518430709839 809.855415344238 855.588287353516 826.540191173553 742.234725952148 858.887996673584 853.904586791992
750.316841125488 720.897163391113 862.578308105469 742.880498886108 831.804870605469 774.374244689941 779.775707244873 833.435043334961 834.775741577148 707.210571289062 490.702819824219 1158.00598907471 812.085052490234 782.540702819824 935.709629058838 797.004222869873 813.62899017334 761.074602127075 1223.97702407837 622.438404083252 721.956860542297 668.968873023987 706.783821105957 819.932327270508 895.588684082031 789.886756896973 676.489990234375 691.914608478546 904.84733581543 731.183662414551 894.740829467773 946.662628173828 963.261474609375 998.140640258789 765.282918930054 838.822807312012 785.322916030884 963.915237426758 957.411834716797 668.539657592773 755.381152153015 676.043281555176 811.805305480957 895.314521789551 956.956420898438 936.886863708496 854.305122375488 776.534847259521 706.800498962402 729.125938415527
622.818130493164 820.683898925781 1024.82525634766 801.098373413086 877.531562805176 961.199905395508 729.502665013075 833.842147827148 525.207626342773 677.084674835205 591.295305252075 663.128215789795 460.309509277344 1206.84671783447 792.129328727722 660.783653259277 781.612283706665 994.328987121582 676.996112823486 683.043525695801 732.894698143005 501.416030883789 630.952453613281 847.046524047852 715.168326377869 657.966487884521 618.632751464844 668.591518253088 858.900177001953 831.040298461914 739.065948486328 717.190454483032 739.122894287109 895.922882080078 833.664218902588 688.855361938477 816.572652816772 738.341320037842 846.651874542236 883.027395248413 826.193471908569 784.185213088989 788.483603239059 579.207458496094 769.759288072586 778.802230834961 608.899536132812 848.675262451172 724.504951477051 634.319290161133
837.898754119873 714.055194854736 729.052265167236 785.014980316162 777.61266720295 883.098587036133 1004.33251953125 755.84574508667 670.379638671875 551.385566711426 667.667695999146 702.462821006775 868.112503051758 692.831287384033 739.561435699463 900.948654174805 609.032817840576 748.47444152832 676.234130859375 834.782081604004 762.442722320557 694.220361709595 701.704900741577 555.181121826172 726.906894683838 698.593192100525 656.925109863281 701.525609970093 729.381416320801 764.419776916504 885.907424926758 654.097969055176 906.154289245605 810.356002807617 860.267158508301 928.619316101074 646.738082885742 724.445793151855 988.650825500488 1140.66046476364 871.088928222656 833.686145782471 691.581176757812 845.861713409424 786.744258880615 646.097640991211 666.272796630859 730.293060302734 1028.99247932434 796.095581054688
619.698364257812 690.691848754883 759.590706825256 637.228408813477 823.118602752686 854.743049621582 880.847229003906 583.934429168701 711.282119750977 644.300476074219 880.161918640137 579.601379394531 790.735977172852 684.276531219482 913.645736694336 763.473779678345 700.10428237915 721.069511413574 907.633255004883 628.557685852051 720.56810760498 679.554809570312 649.135723114014 595.376838684082 613.800872802734 685.457237243652 669.607086181641 613.643203735352 494.957336425781 703.745582580566 633.40119934082 791.611953735352 783.182098388672 680.633804321289 659.302047729492 1085.11501312256 845.866834640503 945.365894317627 1025.05400085449 936.280506134033 1013.98426818848 1016.34571075439 864.676700592041 892.037300109863 764.999771118164 925.829250335693 715.09407043457 740.967441558838 624.336624145508 836.598129272461
620.713821411133 692.263061523438 803.762126922607 854.706115722656 678.876663208008 832.079704284668 684.88925743103 636.391162872314 802.529434204102 839.918380737305 810.615074157715 764.119394302368 683.982032775879 649.502906799316 621.005088806152 752.032295685261 742.180685043335 839.122024536133 749.791779518127 766.11100769043 627.498489379883 790.04808807373 686.344140291214 631.627235412598 563.498748779297 792.463108062744 831.882255554199 787.498607635498 601.162895202637 574.17244720459 661.466501235962 625.432418823242 738.134010314941 1011.84535217285 964.007402420044 724.005378723145 835.955291748047 937.026832580566 1165.788230896 1002.99189376831 1078.04616069794 1371.1649017334 880.611145019531 829.331621646881 850.510780334473 778.132186889648 672.031524658203 649.462600708008 665.965957641602 979.500736236572
765.52899646759 762.928829193115 840.814002990723 709.387268066406 714.002960205078 744.399273872375 711.04776763916 616.581287384033 797.07103729248 857.429244995117 861.811904907227 656.502342224121 748.722056388855 566.517166137695 760.943991661072 820.722618103027 707.949615478516 716.322085380554 750.845987319946 951.186172485352 742.174119949341 752.150272369385 613.280830383301 655.374774932861 746.759963989258 636.87589263916 827.437911987305 600.682769775391 535.125091552734 539.38542175293 647.950426101685 727.214447021484 728.741607666016 650.501885712147 619.314907073975 654.511015415192 814.782302856445 948.352241516113 945.29557800293 905.336944580078 1013.43870544434 1175.55540466309 1091.01301956177 848.757431030273 845.018665313721 758.118797302246 911.634442329407 660.625366210938 1019.85942077637 806.754730224609
