export/dem/dem79.asc
NCOLS 350
NROWS 171
XLLCORNER 152620
YLLCORNER 418050
CELLSIZE 100
NODATA_VALUE -9999
[rows 22 to 43 of 171, columns 100 to 149 of 350]
513.013107299805 474.512786865234 449.046524047852 608.956216812134 467.904571533203 554.347007751465 794.288444519043 591.025619506836 666.140808105469 736.85791683197 876.662910461426 610.870128631592 403.966903686523 778.066970825195 686.129215240479 437.145629882812 675.382583618164 602.648681640625 432.473663330078 545.339904785156 999.816375732422 772.312408447266 360.32763671875 591.527923583984 477.713172912598 463.860000610352 563.633289337158 487.991668701172 610.467818260193 558.067419052124 483.784172058105 581.571620941162 574.134178161621 674.172264099121 571.611015319824 552.605766296387 615.30166220665 583.79190826416 585.721282958984 452.624938964844 711.005493164062 611.938077926636 590.400714874268 533.582344055176 607.77393913269 624.57427740097 598.26229095459 553.530349731445 707.158447265625 657.697275161743
553.099353790283 574.217437744141 619.304105758667 540.843307495117 525.967178344727 935.992710113525 630.337738037109 636.212696075439 659.748687744141 615.296897888184 1617.91472244263 637.312683105469 535.915481567383 1181.5737323761 540.522529602051 683.449998855591 825.226470947266 614.502655029297 521.820571899414 423.66178894043 645.894409179688 425.354156494141 1070.08854675293 868.310348510742 619.969032287598 688.150058746338 490.064979553223 575.613800048828 613.467136383057 335.026794433594 451.880035400391 540.830585479736 537.443283081055 688.929660797119 761.903915405273 613.699127197266 505.254020690918 470.635498046875 563.12744140625 774.808746337891 556.668022155762 474.741073608398 565.013683319092 645.228565216064 667.625480651855 656.972705841064 579.565189361572 628.023607254028 606.551934480667 572.460571289062
445.498718261719 549.457800030708 621.352314472198 678.217035293579 663.928637504578 898.694931030273 581.848083496094 679.428268432617 556.342239379883 582.599445343018 621.092727661133 1064.56364202499 592.745452880859 701.236366271973 526.389953613281 718.833951950073 673.61926651001 569.361282348633 586.907089233398 725.047637939453 760.066459655762 468.730499267578 380.224670410156 463.086761474609 547.156173706055 557.321807861328 455.624374389648 533.791519165039 621.513324737549 538.365745544434 468.526893615723 545.884460449219 646.156246185303 765.253509521484 656.650234222412 545.021453857422 625.691935300827 404.483688354492 405.797439575195 574.056465148926 691.589691162109 601.32004737854 506.357376098633 581.788627624512 646.761032104492 728.647567749023 611.187910079956 592.846273422241 589.98098897934 805.491317749023
434.089126586914 405.48664855957 609.811241149902 562.443572998047 505.384368896484 651.642211914062 874.426475524902 1039.84089660645 485.044845581055 886.20654296875 936.63053894043 857.773239135742 958.189399719238 945.087645053864 852.296371459961 1102.93419647217 704.924646377563 615.357238769531 281.849670410156 591.523727416992 1317.69781494141 470.209533691406 386.934295654297 404.187057495117 555.474220275879 422.914276123047 435.061965942383 536.457433700562 393.778335571289 622.384112358093 652.204116821289 697.500579833984 522.723907470703 850.822208404541 694.377338409424 567.779144287109 578.58540725708 549.88028717041 497.018211364746 715.348541259766 540.372550964355 622.135730743408 693.878639221191 646.244548797607 701.357437133789 713.220855712891 545.365797042847 644.227340698242 652.341300964355 492.116577148438
496.619144439697 499.487243652344 737.125259399414 480.025741577148 672.040008544922 491.89909362793 490.73127746582 624.68766784668 939.818603515625 567.917358398438 570.162963867188 995.732620239258 858.343688964844 501.960632324219 874.847869873047 784.135681152344 547.982147216797 670.753570556641 662.457565307617 345.753509521484 907.834335327148 658.648109436035 624.658813476562 554.147657394409 555.832332611084 489.368118286133 584.991242408752 527.467700958252 517.320297241211 568.065403938293 560.682758331299 563.290696144104 521.333999633789 528.227659225464 473.044143676758 632.194843292236 483.152755737305 439.589553833008 505.02108001709 523.237731933594 674.838668823242 556.098300933838 623.893547058105 706.473922729492 624.707218170166 515.355613708496 483.05004119873 694.31559753418 636.114616394043 553.129396438599
310.551223754883 398.909317016602 408.213775634766 468.775527954102 1177.83108711243 1277.74974060059 650.144104003906 343.808746337891 562.306701660156 915.564924240112 750.617810249329 651.759658813477 770.344413757324 500.574661254883 613.187828063965 999.249847412109 1292.63161468506 448.03532409668 687.082370758057 776.424705505371 583.152655601501 438.759735107422 379.553131103516 615.281148910522 633.161712646484 523.055767059326 469.806167602539 558.84810256958 493.338043212891 547.112735748291 501.910820007324 774.79963684082 517.594427108765 501.308979034424 469.346824645996 583.558324813843 734.451324462891 487.953605651855 540.942962646484 574.938739776611 704.28874206543 602.262414932251 556.036544442177 706.154327392578 610.705898284912 543.418447494507 656.068626403809 616.210063934326 609.909931182861 481.999954223633
295.058639526367 742.282638549805 542.353126525879 539.404418945312 392.910247802734 526.291244506836 513.199256896973 527.134750366211 776.98152923584 400.77278137207 830.700492858887 544.03369140625 415.95393371582 547.579360961914 986.47945022583 499.434631347656 658.505809783936 924.927536010742 1192.17798995972 489.301879882812 543.923835754395 645.315647125244 463.143226623535 551.142526626587 498.429069519043 529.546630859375 741.174621582031 443.852165222168 405.500938415527 584.87092590332 696.135986328125 647.960159301758 654.834770202637 524.768098831177 411.866226196289 534.236549377441 501.932468414307 604.144607543945 418.051635742188 483.689888000488 507.833721160889 394.267105102539 522.676307678223 576.919353485107 480.946002960205 489.628437042236 558.595185279846 562.411329269409 527.646495819092 496.271781921387
380.60124206543 301.11735534668 424.187377929688 352.219879150391 420.871551513672 489.784812927246 339.571853637695 503.771820068359 607.660926818848 408.740783691406 791.722076416016 519.80403137207 671.826217651367 835.9658203125 756.852844238281 556.068027496338 558.62756729126 722.882659912109 486.659965515137 480.599739074707 500.420112609863 514.541034698486 390.035095214844 575.882823944092 600.073795318604 513.079330444336 502.204984664917 626.973930358887 549.426721572876 646.622932434082 436.371520996094 568.601079940796 408.114669799805 442.84098815918 204.602386474609 376.227493286133 467.047218322754 489.360565185547 386.693893432617 490.833213806152 474.354560852051 642.754791259766 762.318145751953 713.930587768555 492.849964141846 612.074954986572 601.936382293701 678.348831176758 512.945755004883 473.801124572754
687.038375854492 405.237480163574 510.516448974609 567.615112304688 561.357879638672 438.150695800781 397.573501586914 437.319549560547 499.32453918457 836.820953369141 627.651809692383 564.905857086182 649.369857788086 777.324337005615 530.251899719238 933.125926971436 600.656759500504 520.524248123169 493.982238769531 592.060928344727 564.390837669373 374.252868652344 496.666122436523 484.926383972168 590.084884643555 1768.67930984497 724.082550048828 651.202186584473 524.024302005768 555.300773620605 548.253692626953 564.873634338379 452.361701965332 353.244400024414 521.754832267761 518.82119846344 477.927085876465 661.244564056396 497.477317810059 587.306118011475 447.773750305176 513.463556289673 725.675735473633 692.62043762207 544.869407653809 582.354553222656 593.673179626465 466.11939239502 643.948318481445 570.530359268188
463.889846801758 400.856414794922 345.482482910156 502.135437011719 1167.43537139893 372.133819580078 458.3193359375 329.849792480469 675.996604919434 686.060707092285 543.415580749512 509.644500732422 564.292121887207 571.047072410583 549.234443664551 872.500305175781 598.261370003223 544.284913063049 492.995365142822 476.239032745361 544.330947875977 466.869636535645 322.717346191406 545.083384513855 566.0592918396 700.105194091797 605.83666229248 596.575500488281 489.45467376709 597.888450622559 465.960956573486 728.736862182617 623.90283203125 551.384750366211 511.436044692993 507.917472839355 639.465118408203 432.83283996582 418.494789123535 470.44416809082 473.835388183594 727.912475585938 680.563049316406 665.653121948242 375.716247558594 427.640243530273 530.614679574966 500.239738464355 442.179779052734 594.032688140869
649.882667541504 486.277746200562 499.488255500793 603.52660369873 408.811630249023 467.69255065918 381.755935668945 816.857681274414 1091.16086578369 567.719922065735 412.093078613281 547.584228515625 778.787590026855 553.421822547913 547.636161804199 591.177837371826 606.026077270508 437.186630249023 476.32706451416 570.447483062744 463.327285766602 479.32861328125 570.438854217529 599.383140563965 535.193153381348 471.51956486702 523.957635879517 472.934246063232 563.12576675415 485.683076858521 577.957035064697 516.844762802124 468.473190307617 438.361763000488 432.349258422852 528.940326690674 567.869552612305 425.404487609863 409.288597106934 536.280088424683 555.802093505859 643.366645812988 535.852165460587 564.748678207397 618.780548095703 477.342460632324 535.325551688671 648.482109069824 543.145789146423 388.848968505859
525.309057235718 573.143455505371 333.318481445312 479.167501449585 399.869140625 382.666816711426 438.668384552002 562.868877410889 672.811365127563 580.98508644104 748.291076660156 479.80996131897 560.860446929932 1000.86614990234 492.954921722412 545.048721313477 557.305961608887 550.99387550354 512.4988052845 482.965503692627 658.404937744141 404.844078063965 562.515914916992 581.461059570312 622.021026611328 597.354049682617 578.616638183594 541.120555877686 638.661514282227 472.069877624512 522.440376281738 602.512145996094 570.906734466553 452.402320861816 419.044494628906 566.229721069336 587.503273010254 528.480554580688 607.007682800293 466.951988220215 555.68147277832 455.998458862305 452.390998840332 623.022521972656 584.279476165771 547.613761901855 650.649749755859 636.535652160645 519.640579223633 505.045356750488
448.496593475342 586.674766540527 496.310710191727 509.86590385437 460.066185951233 338.822937011719 467.747602462769 431.431571960449 394.897560119629 358.19694519043 462.737976074219 446.640815734863 559.890647888184 503.037846088409 581.212142944336 426.68968963623 520.418151855469 458.278358459473 431.553070068359 418.018630981445 650.576416015625 438.295906066895 602.990379333496 556.84846496582 433.292449951172 508.083614349365 524.892139434814 563.709114074707 684.536422729492 649.662841796875 541.440364837646 402.588554382324 539.26880645752 472.319746017456 442.001052856445 681.280395507812 712.209411621094 654.984313964844 508.209153294563 533.831798553467 491.443384647369 604.638496398926 691.852844238281 523.374486595392 408.233840942383 451.147857666016 688.156677246094 480.310600280762 572.355375289917 667.089950561523
499.862449645996 454.283096313477 381.945266723633 412.144828796387 527.440830230713 458.941919326782 378.825035095215 531.000225067139 511.460935592651 433.303405761719 586.020202636719 433.349494934082 617.641067504883 564.046859741211 425.91040802002 480.102704524994 494.451738357544 542.040287017822 372.18236541748 523.950351715088 572.157188415527 450.940292358398 505.830375418067 388.923896789551 445.446334838867 445.744895935059 429.720701217651 580.626937866211 574.579467773438 510.098344802856 313.974594116211 421.072982788086 574.368019104004 492.464414596558 442.256675720215 345.645477294922 568.642013549805 611.849243164062 420.155746459961 552.459880828857 719.578506469727 571.836059570312 570.161273956299 607.679611206055 593.692031860352 429.89094543457 457.10368347168 680.078018188477 560.552132189274 609.402721405029
450.003158569336 413.545516967773 503.011362075806 419.220207214355 438.849899291992 524.724472045898 457.211978912354 363.846328735352 517.276962280273 620.99853515625 683.619979858398 468.88828086853 354.040969848633 490.266108512878 612.993003845215 462.106832504272 404.315475463867 633.075775146484 326.677108764648 400.396820068359 480.952810287476 518.968826293945 417.087844848633 492.236543655396 648.928955078125 494.586946487427 447.682767868042 475.889650344849 509.277851104736 487.546322822571 563.297470092773 280.766387939453 310.144424438477 305.981704711914 453.638153076172 544.799152374268 545.866512298584 628.423614501953 656.625717163086 632.71704864502 434.9147605896 477.993732452393 605.056564331055 648.580902099609 470.364013671875 592.929298400879 455.523902893066 469.727096557617 621.376934051514 720.767791748047
496.575508117676 524.962547302246 521.649440765381 522.569679260254 582.597862243652 524.480825424194 502.722051620483 349.979232788086 490.716289281845 451.419338226318 578.423095703125 440.551895141602 477.280153751373 419.441017150879 400.045600891113 549.34162902832 491.959858894348 391.390243530273 534.66316986084 403.617607116699 478.611057281494 403.341323852539 523.842842102051 543.541229248047 433.446918487549 491.759157180786 536.820297241211 375.25048828125 546.553024291992 508.848541259766 476.74240142107 415.517265319824 441.261024475098 302.129745483398 488.576024055481 756.934173583984 333.421539306641 637.668426513672 522.837505340576 658.260620117188 448.304641723633 510.851667881012 543.427433013916 468.720596313477 396.442390441895 580.068042755127 637.38623046875 518.086158752441 415.433212280273 692.366226196289
576.20092010498 573.865509033203 364.05428314209 603.409408569336 491.234858512878 495.295000076294 577.198387145996 651.056015014648 521.630840301514 499.257642745972 494.175451278687 509.913646697998 295.986587524414 495.946298599243 411.465351104736 231.761672973633 289.902435302734 289.6162109375 507.570472717285 453.503135681152 319.612411499023 455.603816986084 580.002555847168 472.46711730957 375.622840881348 466.703711509705 506.130279541016 509.613216400146 384.129173278809 459.07056427002 571.852973937988 538.332855224609 485.568297863007 492.026186943054 602.83821105957 334.375152587891 503.58754491806 607.177474975586 608.77222442627 492.282825469971 372.427276611328 471.202281951904 412.805892944336 364.127197265625 536.208299636841 439.852493286133 620.436836242676 617.629272460938 586.078630447388 545.960991859436
534.43310546875 378.473083496094 581.03231048584 464.489363670349 472.500076293945 478.883480072021 468.149463653564 467.791407227516 460.024010658264 548.216987609863 350.563774108887 428.569053649902 466.582268476486 424.850852966309 459.989521026611 520.9274559021 450.859545707703 463.198740005493 428.464290618896 353.317100524902 420.153190612793 633.015060424805 469.071369171143 567.270126342773 434.782682418823 319.527496337891 467.682821273804 439.111245155334 532.19909286499 567.484741210938 467.972008347511 476.492875218391 465.680676460266 504.273063659668 455.756289482117 395.70751953125 372.032585144043 489.658329904079 396.639274597168 352.158767700195 650.627777099609 620.900482177734 440.767219543457 617.086135864258 522.427357763052 516.213402271271 640.984474182129 462.355278015137 439.407363891602 569.329427719116
614.572219848633 437.562195777893 549.645835876465 607.914276123047 506.927631378174 287.717376708984 597.357986450195 605.579254150391 437.327472686768 405.366691589355 509.663906097412 540.449775695801 443.765186309814 514.300842285156 453.837167739868 323.705871582031 454.696178436279 364.070777893066 614.253936767578 419.925838470459 360.008628845215 392.01505279541 536.611312866211 435.08805847168 440.753177642822 488.918362140656 317.561309814453 444.157848358154 560.207313537598 669.96012878418 532.821098327637 517.143001556396 377.672332763672 497.235376358032 549.292709350586 492.687967300415 505.006830215454 595.281188964844 388.299674987793 457.264957427979 408.701210021973 542.421091079712 516.95672416687 445.921905517578 462.58313369751 454.24471282959 464.810832977295 540.409311771393 617.128837585449 440.452926635742
353.40446472168 483.213687896729 714.180145263672 571.440277099609 433.806964874268 526.596504211426 499.740016937256 441.070552825928 551.163879394531 564.405395507812 393.45922088623 541.936031341553 603.578033447266 510.176200866699 402.198638916016 470.6529276371 359.429321289062 623.775207519531 376.131500244141 398.438949584961 392.473350524902 579.130836486816 417.016075134277 394.129425048828 356.138381958008 488.655567169189 424.394901275635 614.309860229492 628.305374145508 424.541278839111 481.038648605347 454.707632064819 351.516296386719 418.071350097656 477.582837104797 469.590579271317 391.811408996582 634.503036499023 412.080978393555 537.111831665039 564.655319213867 542.329294204712 541.489002227783 564.207832336426 568.447895050049 505.63969039917 633.193481445312 668.232315063477 589.369724273682 512.004917144775
425.293891906738 429.675336837769 395.325862884521 566.098495483398 455.952964544296 573.380241394043 469.261953353882 410.779979705811 408.666893005371 609.442260742188 421.148233413696 468.656482696533 565.360244750977 451.596830368042 603.090515136719 526.876850128174 555.001308441162 504.872926712036 451.298023223877 496.514568328857 604.72159576416 521.354015350342 556.624954223633 631.287948608398 571.708740234375 579.433944702148 451.31007194519 372.003356933594 325.527282714844 332.160125732422 558.656219482422 428.941116333008 528.541736602783 641.190826416016 511.984790802002 424.540943145752 328.658142089844 540.511100769043 557.066444396973 406.450225830078 438.67781829834 407.383232116699 423.48371887207 517.039548873901 459.650283813477 506.324558377266 548.509910583496 569.54275894165 514.607043981552 518.422914505005
450.487529277802 494.064632415771 548.86799621582 473.839931488037 575.588157653809 419.849985122681 433.014145851135 486.388816833496 394.760189056396 436.952628850937 510.855419158936 555.32901763916 405.491970062256 560.482040405273 485.752723693848 491.008014678955 522.12727355957 478.873210430145 486.690494537354 481.346131801605 535.153339385986 396.147590637207 410.189788818359 691.207366943359 409.868301391602 577.110450744629 519.540924072266 505.086566448212 287.047836303711 408.12589263916 375.535949707031 554.843154907227 565.973934173584 552.510604858398 438.299049377441 414.930786132812 521.135459899902 278.854644775391 520.050912857056 417.202751159668 457.960250854492 420.831382751465 579.381084442139 521.970167160034 532.115163803101 543.467788696289 541.83934211731 462.225658416748 502.343090057373 410.614768981934
