export/dem/dem77.asc
NCOLS 350
NROWS 171
XLLCORNER 152620
YLLCORNER 418050
CELLSIZE 100
NODATA_VALUE -9999
[rows 44 to 65 of 171, columns 100 to 149 of 350]
517.384635925293 409.746492385864 461.666265487671 362.926742553711 469.392063140869 343.800926208496 461.46800994873 359.874786376953 355.012371063232 420.429607391357 456.486156463623 468.979881286621 281.977752685547 335.030548095703 478.265716552734 422.575630187988 355.253562927246 410.360786437988 539.422210693359 437.663262844086 501.317739486694 496.385843276978 415.399383544922 516.033388137817 518.661725997925 591.980178833008 531.698085784912 494.235816955566 461.604400634766 589.911304473877 644.772262573242 483.842058181763 494.012987136841 507.152704238892 523.871816635132 422.080909729004 413.255035400391 423.800434112549 458.001914978027 432.071937561035 722.495697021484 585.951316833496 448.327575683594 504.171956539154 503.728821754456 358.944549560547 424.236389160156 539.874591827393 504.631768226624 417.157501220703
452.009357452393 447.729866981506 381.718910217285 496.983383178711 270.562942504883 568.395645141602 529.446159362793 382.583930969238 591.360321044922 529.71199798584 545.759452819824 341.413597106934 471.522079467773 605.758544921875 419.878601074219 533.53018951416 644.212478637695 449.162059783936 627.310432434082 450.28475189209 298.92204284668 454.288063049316 394.717559814453 435.72940826416 526.219375610352 461.288501739502 391.993019104004 371.672958374023 533.677075594664 481.599878311157 561.162033081055 543.301830291748 590.261070251465 461.451990127563 554.042747497559 376.794013977051 393.41365814209 479.752471923828 594.984962463379 483.590353012085 482.399681091309 528.198291778564 378.493499755859 418.378929138184 532.201988220215 381.793617248535 502.325587272644 478.738399505615 417.493385314941 456.341773986816
544.370071411133 530.925849914551 471.527814865112 394.847602844238 395.038566589355 476.381921768188 395.799510955811 386.559501647949 520.275123596191 455.503681182861 524.996917724609 331.815780639648 482.74959564209 471.100708007812 439.816711425781 462.324468612671 520.373058319092 494.595970153809 470.001851558685 433.76123046875 287.044281005859 378.681549072266 286.055404663086 488.738174438477 560.330741882324 442.227481842041 516.424697875977 502.737836837769 543.155864715576 567.463050842285 469.215003967285 593.634742736816 573.80020904541 618.042739868164 502.545593261719 517.385471343994 549.76224899292 459.893503189087 368.486976623535 453.741020202637 470.245121002197 311.494659423828 423.689117431641 343.006210327148 462.070510864258 399.260612487793 434.778579711914 419.182052612305 423.093673706055 388.998077392578
440.893016815186 470.959606170654 624.221908569336 507.989585876465 505.521957397461 432.713607788086 494.726322174072 577.982368469238 445.477869033813 537.84504699707 482.711273193359 448.297235250473 254.372772216797 430.296565055847 628.996398925781 360.377418518066 573.076736450195 570.53564453125 458.838743209839 475.195477962494 518.85453414917 453.717506408691 467.878379821777 502.099701836705 505.26088142395 447.943916320801 546.220664978027 474.813521385193 575.739181518555 553.484977722168 602.243797302246 557.006408691406 612.115501403809 550.711372375488 377.089149475098 497.425993919373 680.991897583008 459.34757232666 624.453384399414 499.502591609955 534.772705078125 410.998397827148 500.809989929199 413.720642089844 374.226898193359 416.958839416504 488.248023033142 685.184692382812 623.206596374512 466.17366027832
366.683807373047 450.187049865723 398.078048706055 531.470054626465 638.305892944336 563.562034606934 509.917812347412 569.31120300293 594.003723144531 545.443206787109 487.846990585327 565.066841125488 528.496112823486 497.827201843262 492.018659591675 562.23796081543 624.428131103516 472.197148799896 492.631435394287 577.473037719727 422.850063323975 593.78638458252 456.208358764648 640.028900146484 581.359840393066 425.434112548828 422.883255004883 553.28742980957 488.719272613525 529.033667497337 463.450393676758 561.102207183838 456.424938201904 552.698963165283 398.834075927734 526.793884277344 604.045455932617 570.280555725098 412.08324432373 453.374771118164 410.201988220215 391.286323547363 401.591316223145 491.698860168457 430.73038482666 393.324531555176 473.715527534485 385.06356048584 644.637710571289 575.066518783569
537.422119140625 345.691268920898 434.580169677734 429.785690307617 476.894508361816 511.946098327637 538.044715881348 639.924850463867 503.669952392578 590.764907836914 550.806816101074 688.132965087891 478.11727142334 543.878082275391 441.471870422363 463.675918579102 664.913467407227 649.12092590332 471.92537689209 646.599868774414 583.447532653809 469.873067855835 408.75220489502 475.35378074646 339.688430786133 477.649457931519 573.784225463867 343.989181518555 626.604400634766 522.480915486813 554.036441802979 481.36572265625 621.800987243652 656.954879760742 572.31619644165 550.402435302734 453.947498321533 516.220031738281 544.469955444336 603.194511413574 461.527215957642 405.135452270508 407.685409545898 516.75639629364 514.669840455055 496.059592247009 393.145927429199 444.825408935547 467.832691192627 505.388874053955
406.715023040771 420.191648483276 349.560249328613 472.361885070801 529.068283081055 408.153703689575 622.276489257812 438.877961158752 591.204986572266 529.683345794678 621.727340698242 518.004241943359 545.767448425293 578.780258178711 459.529076337814 550.353652954102 658.764709472656 709.542984008789 653.993377685547 443.668029785156 650.724975585938 507.705739974976 478.559686660767 376.995903015137 439.926544189453 505.624912261963 494.275779724121 595.173980712891 474.082908630371 488.824390411377 520.373550415039 423.35595703125 405.842216491699 631.790939331055 513.235463142395 592.907947540283 600.876647949219 660.530120849609 430.484302520752 439.163269042969 568.39387512207 533.109481811523 479.240118026733 523.907763123512 526.704617500305 416.943458557129 362.13850402832 603.643325805664 261.729202270508 510.25253868103
507.404182434082 473.385929107666 487.455860137939 372.032485961914 432.34473323822 363.759468078613 410.454618453979 487.596725463867 504.013019561768 588.420867919922 443.60301399231 639.726669311523 625.92008972168 666.249313354492 452.714973449707 498.435592651367 514.157344818115 555.64656829834 592.786224365234 529.016078948975 505.351439476013 425.654014587402 582.569786071777 475.909954071045 598.799583435059 440.622016906738 512.085567474365 462.648292541504 453.409553527832 450.330223083496 521.121501922607 494.180620193481 597.011985778809 495.671110153198 513.8118724823 574.452350616455 594.184127807617 687.31330871582 584.575073242188 488.709007263184 442.505149841309 463.842552185059 532.255377054214 546.269516944885 518.512250423431 475.378490447998 375.915222167969 499.094696044922 441.029224395752 606.783378601074
320.518676757812 453.041465759277 470.519409179688 316.924789428711 398.820598602295 506.553375244141 521.598991394043 521.526508331299 560.18212890625 596.429443359375 494.30980682373 426.638130187988 569.810668945312 566.718650817871 520.917812347412 339.592163085938 392.837196350098 592.537017822266 497.477418899536 561.580513000488 580.518882751465 489.897072792053 497.312143325806 479.497049331665 520.630108356476 435.7041015625 520.352359771729 447.014688491821 441.039772033691 486.587066650391 364.589874267578 422.774971008301 454.378910064697 459.748992919922 573.82873916626 530.993636608124 427.454551696777 473.093162536621 495.110046386719 593.571533203125 536.056735992432 672.373931884766 477.760856628418 463.549964904785 367.592361450195 328.833145141602 567.784249305725 516.957335472107 440.219047546387 510.520799875259
313.570625305176 538.624839782715 496.064933776855 395.828142166138 498.713706970215 426.694231033325 592.578506469727 515.468627929688 502.327705383301 668.217788696289 491.6197681427 674.444946289062 332.61540222168 570.129928588867 676.895156860352 219.000183105469 444.885410308838 380.183685302734 502.922829627991 584.663642883301 523.821849822998 438.905220031738 582.082412719727 634.954528808594 480.724925994873 462.635627746582 433.957427978516 408.451549530029 495.687753498554 497.702654838562 667.851699829102 573.318180084229 630.818283081055 488.07202911377 439.173362731934 458.817279815674 588.190147399902 531.948209047318 618.04460144043 541.391777992249 543.696576833725 573.286787033081 435.863227844238 566.629577636719 327.218399047852 496.2245054245 513.716464996338 419.103225708008 621.103927612305 546.835487365723
471.675121307373 466.850563049316 447.336620330811 540.681716918945 611.294128417969 430.50449848175 463.546474456787 610.435989379883 575.776481628418 769.993637084961 488.009069249034 430.411853790283 563.192001342773 450.804323196411 485.773151099682 480.472539901733 362.474227905273 546.295471191406 514.979354858398 573.381225585938 699.488739013672 501.495687484741 615.001480102539 570.33406829834 585.31192779541 523.611600875854 437.947563171387 371.208892822266 427.692207336426 525.248323440552 540.995449066162 464.823280334473 530.334341049194 554.308979034424 381.690521240234 373.153274536133 455.827713012695 397.730865478516 541.280855178833 552.796981811523 610.836143493652 737.738998413086 553.984560012817 705.808029174805 554.489330291748 575.760971069336 647.704917907715 500.886711120605 431.416206359863 561.139129638672
477.508235931396 428.130794405937 260.577178955078 415.791622161865 475.542676925659 381.388305664062 496.464423656464 379.37622833252 549.176315307617 486.426669120789 409.427772521973 521.593326568604 528.27267074585 532.745510101318 473.794739723206 493.913108825684 344.34196472168 513.060518264771 561.81184387207 542.697204589844 485.552173197269 681.543243408203 424.111068725586 435.249885559082 516.230375289917 555.253973007202 552.455207824707 412.075645446777 649.72647857666 565.814480781555 425.519744873047 590.661880493164 550.668113708496 529.282765924931 424.598274230957 466.347496032715 593.9436378479 540.364677429199 518.016280174255 302.139495849609 532.126075983047 609.97904586792 580.325000762939 675.136444091797 609.01106262207 522.032160758972 665.313026428223 609.586368560791 691.395599365234 626.677803039551
420.491802215576 370.418106079102 395.414112091064 587.600082397461 564.168807983398 544.667770385742 408.867523193359 287.350158691406 489.605898857117 487.534663200378 285.59944152832 391.077133178711 468.761349201202 430.221565246582 447.001472473145 491.594615936279 414.403175354004 583.842155456543 509.550146102905 517.610030412674 602.823539733887 431.320327758789 458.551540374756 720.61882019043 487.61464214325 521.065759658813 476.216354370117 526.873015403748 675.238698959351 508.587669372559 557.662159919739 536.08943939209 560.676175117493 480.286476135254 528.44854927063 569.012977600098 490.783981323242 451.788223266602 574.45149230957 480.116035461426 608.21021270752 615.023559570312 597.255130767822 575.562074661255 641.365219116211 663.62663269043 626.386039733887 634.087104797363 588.424823760986 566.011426925659
322.155982971191 380.980751037598 244.909194946289 313.664978027344 408.924041748047 409.413997650146 443.71492767334 516.833923339844 467.925987243652 399.027320861816 461.028962492943 413.006900787354 512.621585845947 540.62971496582 569.588493347168 279.43701171875 594.36483001709 498.570465087891 513.156345367432 423.527473449707 501.781697273254 522.095756530762 604.069885253906 584.108871459961 575.006019592285 570.247344970703 626.672523498535 555.224739074707 560.908760786057 379.512252807617 735.214618682861 678.461097717285 497.152359008789 359.07292175293 339.533584594727 526.089412689209 429.694114685059 432.358856201172 460.090805053711 536.304588317871 796.449310302734 409.795501708984 521.955852508545 518.330589294434 616.993072509766 579.230243682861 580.93970489502 619.688117980957 507.267890930176 329.318603515625
478.195285797119 417.026744842529 447.019862294197 528.479797363281 500.467636108398 624.440628051758 577.558532714844 405.011619567871 572.477912902832 528.213661193848 332.043548583984 413.625194549561 495.559539794922 392.412811279297 529.086616516113 473.681533813477 596.063774108887 626.035400390625 576.243225097656 686.800888061523 589.952301025391 620.886558532715 412.25707244873 725.307495117188 654.61491394043 534.012849807739 593.603706359863 589.29224395752 499.782997131348 599.467697143555 568.126133918762 631.156177520752 539.842430114746 527.89518737793 573.243276596069 432.707962036133 428.027694702148 579.400161981583 728.234367370605 603.126280069351 712.512680053711 692.412521362305 562.455793380737 652.320297241211 648.534721374512 410.575653076172 668.452655792236 466.355857849121 633.340599060059 437.815551757812
394.779502868652 381.672096252441 382.735252380371 459.729709863663 525.063995361328 474.653548240662 491.82371711731 439.053455352783 478.427612304688 356.903778076172 433.06042098999 355.974189758301 348.216018676758 573.181449890137 546.969169616699 473.889993190765 504.533913612366 490.292551994324 623.996063232422 571.821907043457 476.89019203186 638.788177490234 516.511573791504 734.769958496094 439.998962402344 703.597045898438 320.38134765625 425.366661071777 631.833206176758 481.7919921875 424.509696960449 459.144592285156 423.932647705078 513.788482666016 668.785301208496 520.217607498169 691.414232969284 584.049033641815 596.069184303284 690.487258911133 606.467060089111 564.698877334595 379.769744873047 667.508850097656 695.295562744141 623.358997344971 598.517314910889 518.185073852539 549.311571121216 533.674687385559
345.736297607422 394.01734161377 396.978210449219 342.951835632324 482.372329711914 396.352386474609 543.989334106445 455.246566772461 453.428761482239 444.052701950073 368.041610717773 457.851811408997 410.606750488281 552.733863830566 480.417991161346 666.051345825195 503.672685623169 577.802925109863 635.851898193359 517.264175415039 656.537368774414 589.933746337891 434.703186035156 518.079210281372 521.359962463379 564.255241394043 561.425884246826 665.246459960938 433.760223388672 387.632164001465 565.448387145996 600.338005065918 428.822784423828 390.649673461914 670.923545837402 452.750244140625 749.351760864258 533.681297302246 674.333099365234 575.83599281311 646.960113525391 639.304992675781 650.595932006836 571.938274383545 708.832748413086 537.981552124023 634.060119628906 539.050079345703 551.21700668335 540.097833633423
303.46541595459 358.948944091797 408.499992370605 380.910461425781 514.159759521484 518.025245666504 458.210445404053 449.528924942017 372.175605773926 411.887340545654 418.896417617798 479.911455154419 467.298908233643 450.517883300781 351.244781494141 494.340185165405 551.007148742676 616.695350646973 459.759763598442 639.15673828125 511.287239074707 544.134185791016 438.525457382202 347.951789855957 497.451930999756 578.134323120117 385.684150695801 573.389221191406 410.304656982422 415.324035644531 470.234516143799 498.213492393494 654.581039428711 425.141242980957 487.767238616943 552.567729949951 559.876188278198 626.545665740967 686.672790527344 597.81814956665 558.652153015137 546.485906600952 637.309074401855 691.437705993652 503.538436889648 617.312560081482 862.675899505615 520.731285095215 652.046421051025 546.595273971558
428.858684539795 385.6015625 364.917411804199 503.45418548584 586.562225341797 482.725341796875 471.007135391235 364.529029846191 515.58129119873 430.694190979004 458.370897293091 484.794322967529 457.084552049637 612.661674499512 460.081367492676 506.782545089722 641.347137451172 556.312629699707 547.260787963867 457.351066589355 415.552539825439 410.532493591309 446.807205200195 643.060256958008 560.637786865234 378.383316040039 380.866844177246 331.137161254883 520.214377403259 564.295825958252 428.739036560059 502.54988861084 520.581461668015 459.214683532715 537.748728752136 546.298261642456 542.080765724182 508.560470581055 600.536056518555 645.10376739502 636.371994018555 616.215339660645 672.908142089844 696.728149414062 775.168060302734 482.508148193359 855.238052368164 678.029586791992 430.382698059082 484.339778900146
478.987131118774 410.430988311768 602.832153320312 503.783687591553 596.429328918457 569.609191894531 500.645736694336 454.404885828495 414.122550964355 163.161804199219 566.995414733887 311.740600585938 486.822540283203 416.697059631348 506.894073486328 431.70724105835 535.754695892334 591.750366210938 514.043437957764 457.927623748779 533.146991729736 391.930068969727 305.514404296875 507.955593109131 382.991607666016 512.203553438187 431.132766723633 432.119354248047 564.152477264404 509.670448720455 491.039318084717 443.597198486328 614.902442932129 551.550441741943 522.951372146606 459.820701599121 473.042915344238 511.575468063354 580.058181762695 760.532958984375 624.472610473633 610.952865600586 560.810264587402 671.107582092285 537.783284187317 634.658760070801 556.734648704529 655.292602539062 567.692064285278 440.62117767334
420.818202972412 592.135467529297 402.064468383789 493.236919403076 500.691734313965 488.575290679932 445.809043884277 448.355464935303 438.642696380615 458.356853485107 496.438781738281 389.214622497559 575.094841003418 399.652900695801 294.201797485352 441.643440246582 480.88348197937 568.562889099121 449.661191940308 530.455158233643 345.56315612793 544.669010162354 444.908958435059 523.22533416748 634.096557617188 593.998954772949 479.489253997803 517.894328117371 437.10472869873 450.08044052124 486.833988189697 581.356910705566 444.244995117188 473.555957794189 527.704543590546 432.132598876953 493.109085083008 543.499918937683 394.974411010742 590.152847290039 616.909927368164 555.471122741699 546.822578251362 579.497886657715 548.89386177063 680.616882324219 604.668098449707 743.133499145508 602.193607330322 500.077682495117
499.205028533936 409.078647613525 549.203636169434 481.347551345825 582.065322875977 374.234573364258 377.146354675293 397.537017822266 250.169281005859 402.091667175293 559.13020324707 414.135883331299 539.280609130859 509.169425964355 468.902581214905 510.636173248291 408.518745422363 444.211086273193 393.634181976318 504.749206542969 484.866418361664 455.641826629639 365.125053405762 488.793766498566 422.655460357666 465.08708190918 456.881446838379 445.289176940918 402.402130126953 442.474609375 409.83243560791 519.127359867096 537.293292999268 497.733123779297 410.146789550781 436.116828918457 637.530830383301 394.459686279297 553.840755462646 620.130783081055 522.112615585327 607.234287261963 567.415991783142 501.99963760376 684.509216308594 655.572792053223 626.613319396973 597.158668518066 398.607818603516 560.171718597412
