export/dem/dem7.asc
NCOLS 350
NROWS 171
XLLCORNER 152620
YLLCORNER 418050
CELLSIZE 100
NODATA_VALUE -9999
[rows 22 to 43 of 171, columns 250 to 299 of 350]
860.397785186768 775.600972175598 835.74072933197 902.251892089844 882.657066345215 882.617840766907 961.262390136719 816.151290893555 948.577228546143 803.737930297852 714.117862701416 712.044227600098 771.716144800186 580.343734741211 641.233448028564 680.922546386719 781.320198059082 765.603693008423 730.007566452026 781.810948848724 931.374359130859 823.208267211914 747.957733154297 842.275066375732 847.2171459198 772.36537361145 712.545913696289 881.14005279541 683.960914611816 793.698669433594 740.735750198364 -9999 -9999 -9999 -9999 -9999 -9999 -9999 -9999 -9999 -9999 -9999 -9999 -9999 -9999 -9999 -9999 -9999 -9999 -9999
756.530517578125 755.094463348389 673.829467773438 718.920120239258 690.536262512207 901.039108276367 849.231033325195 985.801090240479 1105.91207122803 993.136154174805 1019.58731842041 895.360982447863 908.687686920166 802.788738250732 657.822875976562 801.931564331055 874.206939697266 798.929141998291 741.443188428879 917.62565612793 799.341171264648 871.802291870117 809.255996704102 811.225341796875 682.764463424683 731.794586181641 737.28218460083 849.04126739502 837.756240844727 760.079925060272 649.204689025879 1025.26102256775 920.514450073242 774.819906532764 -9999 -9999 -9999 -9999 -9999 -9999 -9999 -9999 -9999 -9999 -9999 -9999 -9999 -9999 -9999 -9999
647.657867431641 1299.69147872925 1220.95026779175 778.292057991028 707.447273254395 682.518913269043 801.275707244873 935.907914638519 1009.19641876221 884.026570320129 776.744667053223 939.098403930664 844.391677856445 789.82931137085 721.858661651611 995.31770324707 854.443725585938 843.702275276184 855.843215942383 911.954990386963 790.17537689209 934.600051879883 791.790046691895 751.117065429688 746.124488830566 696.122619628906 970.950332641602 1025.47912597656 782.148391723633 947.801666259766 888.036493301392 1059.70025634766 759.658107757568 765.395088195801 882.928419113159 977.306945800781 813.733291625977 -9999 -9999 -9999 -9999 -9999 -9999 -9999 -9999 -9999 -9999 -9999 -9999 -9999
825.908790588379 665.6826171875 654.414123535156 772.246927261353 838.070999145508 767.058776855469 763.22380065918 909.949162483215 835.497489929199 816.866561889648 829.947555541992 883.367874145508 948.710647583008 1014.95014190674 1004.97725868225 921.359660148621 863.775615692139 799.596405029297 1062.42253112793 993.403213500977 1047.7036895752 905.7272605896 1005.1263961792 1119.09077453613 919.653289794922 786.48203086853 994.867301940918 921.720779418945 981.713691711426 975.760482788086 703.758819580078 907.738372325897 741.808114528656 537.208541870117 802.946548461914 779.720657348633 723.513175964355 750.607471466064 876.888046264648 738.597507476807 1141.83511352539 -9999 -9999 -9999 -9999 -9999 -9999 -9999 -9999 -9999
692.582092285156 809.111480712891 746.789306640625 697.858901977539 817.602569580078 861.421987533569 797.657604217529 693.220649719238 853.873870849609 860.455459594727 954.759559631348 1158.55813598633 1203.98303794861 1421.00902843475 877.767021179199 749.026000976562 1005.05526161194 790.864921569824 883.740047454834 848.95231628418 880.598894119263 996.211799621582 1154.39405822754 1083.73392450809 1006.70448303223 1046.65929412842 1003.49621582031 1034.54835510254 982.016805648804 1008.58944702148 817.895690917969 939.780883789062 650.093124389648 586.115198135376 631.024265289307 848.945415496826 754.5625 922.238433837891 695.52758026123 690.763137817383 745.75658416748 870.484786987305 927.543399810791 756.360534667969 1000.7011756897 -9999 -9999 -9999 -9999 -9999
694.111709594727 756.873107910156 761.17781829834 770.569381713867 755.841011047363 918.473510742188 1098.80904769897 869.238658905029 787.130424499512 796.609527587891 803.677940368652 740.962890625 701.357872009277 2292.08386993408 1074.63753509521 935.488899230957 757.268093109131 956.271244049072 949.906928062439 924.447326660156 893.963729858398 872.755014419556 788.278030395508 1053.14700508118 1185.61953735352 1239.8814239502 1294.05627441406 1005.61673355103 1071.30642700195 824.721473693848 829.71985244751 931.846830368042 831.719198226929 511.133377075195 652.785717010498 612.925115585327 901.29700088501 872.920992851257 781.415985107422 774.289783477783 795.378540039062 728.041103363037 990.150650024414 927.853904724121 804.497909545898 812.111206054688 904.514797210693 629.514190673828 752.067092895508 645.70783996582
812.733669757843 753.391258239746 685.730453491211 919.553977966309 738.11018371582 770.320739746094 781.73607635498 752.8465051651 693.167274475098 911.680839538574 821.201826572418 742.358169555664 758.961372375488 1850.832862854 795.765895843506 778.055919647217 897.311756134033 728.980628967285 811.38512802124 1058.66957092285 998.34206533432 851.348293304443 965.551212310791 1154.95938110352 1068.22671890259 988.819847106934 1146.76457214355 1001.57649230957 1019.41389846802 922.093427658081 986.116676330566 993.242698669434 1164.66747283936 726.960025787354 529.585693359375 701.129600524902 953.589988708496 965.309829711914 847.634595394135 1019.33366394043 874.961067199707 732.618824005127 624.299942016602 650.351165771484 759.394302368164 700.928161621094 806.108703613281 648.209396362305 614.382598876953 785.408960819244
794.298001289368 644.226379394531 765.265804290771 649.008422851562 655.141128540039 802.93710899353 735.890914916992 743.034912109375 754.377487182617 785.667827606201 802.163105010986 498.092529296875 1362.41417694092 676.960250854492 781.048274993896 870.295043468475 691.91357421875 725.292465209961 710.341201782227 891.954048156738 707.14688873291 982.091171264648 902.82470703125 1044.04900360107 871.092338562012 1309.0858001709 877.977512359619 1099.00389671326 1031.58081293106 1204.82614135742 935.754444122314 905.226461410522 1081.64874267578 660.329032897949 818.28953742981 1144.84518432617 971.214071273804 1022.96892929077 980.159597396851 945.683708190918 794.074860572815 578.980117797852 669.520439147949 733.296340942383 686.909622192383 736.776092529297 454.711441040039 479.777008056641 398.141632080078 755.760456085205
678.201187133789 752.904323577881 760.918682098389 823.621070861816 737.501770019531 803.194158554077 911.928108215332 646.299713134766 859.590827941895 693.952537536621 808.743835449219 638.849456787109 1650.05096435547 567.446685791016 571.966796875 689.412399291992 884.378586560488 873.024467468262 863.401445627213 719.225189208984 681.941467285156 792.21524810791 737.95783996582 799.630146026611 793.661737442017 935.141006469727 889.758743286133 905.686950683594 1025.96655273438 857.104569911957 842.413227081299 1193.65000724792 987.149349212646 1040.03662872314 840.732696533203 976.142593383789 849.236190795898 1109.42776489258 1065.3680267334 1043.51703643799 916.955587387085 829.330253601074 761.055328369141 892.404228210449 714.515655517578 696.505760192871 603.942997455597 459.532814025879 518.170543670654 865.038528442383
776.071983337402 773.585952758789 824.076942443848 782.299278736115 757.671600341797 851.15892791748 730.940349578857 785.474847078323 698.058143615723 616.87890625 722.671756744385 1169.51858520508 564.986175537109 651.445953369141 800.735822677612 801.500102996826 925.739791870117 742.08422088623 884.779441833496 671.982040405273 884.308135986328 793.034978866577 804.57009935379 745.084297180176 825.201466560364 974.427139282227 822.018955230713 969.515670776367 842.778406143188 913.846515655518 737.767936706543 822.663873672485 752.400993347168 741.129852294922 1030.15000152588 845.035049438477 859.918859004974 830.738748550415 944.027618408203 1430.12247467041 1019.44138145447 977.569162368774 958.683559417725 796.585342407227 853.390960693359 726.878818511963 549.213714599609 664.048797607422 400.915786743164 943.787757873535
684.436622619629 817.170589447021 789.68048286438 730.291185379028 710.281604766846 858.97386932373 810.609973907471 1037.61163330078 631.991897583008 723.770286560059 772.472875595093 1411.33026123047 533.236297607422 776.259622097015 766.054805755615 738.193956375122 794.662644863129 748.239841461182 850.026973724365 825.998507976532 826.250076293945 795.340209960938 701.496784210205 732.395378112793 756.403791427612 955.316467285156 895.451530456543 812.732628822327 1042.25239562988 865.043704986572 859.321578979492 825.986795425415 868.89807510376 765.105110168457 828.127280831337 753.716194152832 793.070205688477 876.530708312988 784.574569702148 947.302703857422 848.410161972046 731.588363647461 959.08599281311 1366.02564239502 783.096672058105 781.231187820435 904.604400634766 1005.27559661865 934.193969726562 1048.9206905365
717.159324645996 718.483504295349 763.165793895721 706.653560638428 830.039329528809 733.970206260681 825.564503669739 795.963175773621 931.581680297852 780.712482452393 1024.56934738159 746.323715209961 762.844473838806 756.318510055542 650.331573486328 715.722991943359 747.992851257324 744.683208465576 612.148941040039 606.586418151855 673.303970336914 841.168212890625 700.963989257812 683.884582519531 603.210891723633 753.437188506126 748.297889709473 908.591430664062 793.246370315552 962.470321655273 928.713325500488 884.510585784912 891.382041931152 1073.79969787598 820.629556655884 944.242889404297 863.446689605713 732.661064147949 908.652481079102 809.123814105988 744.239379882812 836.673184156418 793.11344909668 755.863586425781 1360.04127502441 648.82580947876 757.731597900391 718.958869934082 1079.23480224609 897.823669433594
824.461673736572 785.00364112854 617.313842773438 755.774713516235 841.067947387695 808.535362243652 825.9846534729 753.39567565918 822.370475769043 1095.12389755249 773.743427276611 855.459815979004 760.234251022339 890.710548400879 755.440052032471 952.196826934814 1028.75886535645 731.982009887695 826.802262306213 944.940574645996 728.551330566406 786.125991821289 851.115119934082 821.988718032837 906.773696899414 698.683952331543 728.370594024658 957.749481201172 851.259014129639 976.503356933594 879.237564086914 920.553787231445 886.143569946289 827.778162002563 705.983467102051 897.673030853271 698.850387573242 768.238765716553 790.174683094025 743.076961517334 834.801034927368 856.49808883667 803.479969024658 788.207061767578 677.16081237793 1471.26488494873 718.793792724609 1015.99585723877 1121.41382598877 984.348052978516
781.599355697632 814.695373535156 826.448337554932 871.802116394043 879.951431274414 877.263244628906 807.050899505615 780.333960533142 759.307250976562 671.988441467285 672.232521057129 884.196144104004 617.114624023438 817.781879425049 621.200736999512 762.615592956543 968.371932506561 869.451267242432 818.551768302917 827.374450683594 769.606460571289 718.432579040527 868.12353515625 768.862681388855 902.891792297363 723.85327911377 814.357234477997 765.36100769043 832.037155151367 916.26545715332 846.54838180542 879.940773010254 765.737558364868 788.121887207031 719.25048828125 819.653804779053 904.988128662109 751.45809173584 720.646713256836 861.827217102051 767.091161727905 865.937397003174 839.409077644348 769.387420654297 688.839599609375 859.494338989258 750.673629760742 1414.962243855 1036.54023003578 742.140731811523
728.575748443604 706.655387878418 913.021881103516 797.456081390381 770.644023895264 672.797035217285 734.859733581543 824.298156738281 902.332515716553 738.587333679199 730.31374168396 544.101577758789 850.046142578125 723.431365966797 1269.59065246582 894.42903137207 728.613006591797 1008.82858657837 1108.70900726318 787.113990783691 895.479515075684 845.066902160645 900.494270324707 741.510448455811 799.577516078949 908.189964294434 812.842842102051 871.61971282959 835.543699264526 815.041033744812 825.312780380249 727.568351745605 831.011437416077 854.497817993164 680.45849609375 887.63208770752 932.83576965332 652.152374267578 848.770294189453 1022.60774230957 791.611080169678 793.281913757324 843.584508895874 729.814361572266 866.702602386475 904.704063415527 888.404121398926 796.272445678711 895.775604248047 1082.92104250193
554.296768188477 727.752275466919 821.633644104004 766.713916778564 596.780059814453 789.075462341309 605.869400024414 733.037704467773 697.290416717529 798.093551635742 747.001173973083 800.407823562622 868.420520782471 889.048713684082 999.782928466797 874.436826229095 645.81990814209 863.402147293091 1399.74940776825 770.097339630127 865.157188415527 698.690788269043 886.778770446777 693.134613037109 729.580497741699 759.640487670898 674.396965026855 811.268682479858 943.146362304688 873.766651153564 710.731643676758 788.473518371582 832.637201309204 706.100028991699 781.794638633728 951.394805908203 845.667013168335 707.221946716309 813.93621635437 901.098617553711 733.638153076172 802.905414581299 952.453872680664 920.19270324707 731.34447479248 920.222099304199 848.357208251953 823.721319198608 762.356689453125 1004.28855133057
677.29354095459 629.439849853516 961.037231445312 717.086715698242 869.222595214844 778.187145233154 691.989311218262 719.706748962402 692.289287567139 648.521842956543 1348.74108123779 871.487594604492 1006.41744995117 985.757804870605 927.81986618042 727.234832763672 933.775230407715 1631.40642547607 932.277618408203 1318.75798797607 1322.62151050568 794.960983276367 640.018676757812 797.656143188477 676.347015380859 822.614007949829 784.417598724365 835.375169754028 888.321418762207 747.775501251221 897.168998718262 749.553531646729 768.15128326416 922.156196594238 862.476299285889 885.124458312988 940.695068359375 864.652339935303 876.621360778809 834.724863052368 789.288410186768 721.932678222656 766.838916778564 762.016525268555 772.933837890625 892.624504089355 818.334926605225 833.57914352417 849.448059082031 816.603713989258
759.723339080811 683.427810668945 799.240089416504 647.200531005859 696.453977108002 783.536033630371 629.433006286621 717.984852790833 723.209784030914 642.880882263184 599.190658569336 920.609491348267 715.000953674316 1109.05865478516 1004.36747741699 901.949798583984 669.548889160156 834.583255767822 881.367168426514 912.719633340836 1038.00066184998 737.439695358276 765.984777450562 672.857849121094 777.728850364685 828.829469680786 761.227710723877 939.212371826172 794.471366882324 973.903015136719 789.982330322266 862.644525527954 896.828170776367 736.057750701904 829.530829906464 744.14794921875 745.222076416016 871.083847045898 894.767417907715 787.239868164062 677.111175537109 709.97509765625 802.615970611572 805.795543670654 831.176222801208 847.569949150085 1079.84645080566 770.579879760742 832.852378845215 1001.87281799316
713.810276031494 491.60383605957 712.67181968689 886.547119140625 742.878816604614 846.138370513916 596.507202148438 621.991325378418 665.166427612305 749.588076114655 740.793746948242 889.735544800758 715.117782592773 854.188034057617 835.619709014893 1030.81861114502 661.936096191406 1082.07660293579 746.169174194336 737.244855880737 659.663665771484 685.448425292969 619.20637512207 626.175888061523 773.356167316437 692.904731750488 633.473968505859 710.017013549805 891.99129486084 850.313314437866 900.571662902832 716.18335723877 883.525779724121 758.956474304199 809.41831111908 833.370765686035 730.986457824707 785.284172058105 912.302825927734 814.468574523926 1128.74095916748 929.481376647949 831.680969238281 723.119285583496 953.374374389648 821.382034301758 905.675796508789 815.689586639404 792.105388641357 871.675368309021
689.965999603271 707.257001876831 612.800582885742 476.815795898438 843.448919296265 850.818256378174 924.45263671875 626.22533416748 729.326047420502 653.855987548828 965.579006195068 903.626083374023 476.256774902344 594.084838867188 618.872756958008 909.030488967896 884.074329376221 783.681915283203 985.058532714844 653.963073730469 647.738594055176 628.442596435547 637.891906738281 748.519533157349 701.76586151123 644.592926025391 724.185607910156 698.787391662598 872.141277313232 825.481369018555 1293.08417665958 806.205887794495 969.927917480469 867.285087585449 776.365631103516 1031.29306030273 1112.74547195435 729.691604614258 734.078987121582 700.622161865234 983.111831665039 775.080062866211 764.082378387451 881.152206420898 862.654178619385 952.427192687988 828.59280872345 1018.7529296875 851.14898109436 974.094451904297
601.76001739502 714.336869239807 908.962371826172 741.882312774658 751.286231994629 656.152862548828 759.186279296875 695.211273193359 636.522102355957 881.807136535645 1108.7041759491 1401.76400899887 651.322975158691 772.765096664429 773.4371509552 630.815200805664 803.902336120605 927.898477554321 689.469955444336 693.893730163574 607.231704711914 827.633182525635 700.511005401611 575.231140136719 713.9450340271 677.377014160156 820.362014770508 713.252655029297 604.767311096191 925.283944129944 920.209655761719 862.722045898438 794.545021057129 727.452041625977 754.398910522461 792.968456268311 729.674072265625 1122.11814689636 851.243576049805 1262.25551986694 688.11865234375 642.961898803711 963.98649597168 926.228691101074 808.594081878662 950.788749694824 857.760734319687 959.294525146484 831.044221878052 805.776245117188
728.412651062012 730.048922896385 848.598770141602 594.039497375488 622.907943725586 810.258010864258 627.154907226562 775.683456420898 794.381332397461 912.372299194336 973.305709838867 689.335632324219 668.936904907227 703.791973114014 760.152921676636 834.09375 766.770613431931 823.0458984375 722.550163269043 758.839277267456 714.108432769775 748.116781234741 618.122406005859 759.959366798401 823.704109191895 703.034488677979 862.316024780273 825.072898387909 710.934478759766 1103.96046447754 781.664714813232 823.554313659668 775.185325622559 836.97257232666 778.666938781738 792.098030090332 937.562099456787 878.536727905273 805.284021377563 758.187110900879 733.118453979492 690.37752532959 849.22673034668 885.397384643555 868.235517501831 723.562103271484 903.484081268311 652.900161743164 871.20276260376 896.674169540405
