export/dem/dem75.asc
NCOLS 350
NROWS 171
XLLCORNER 152620
YLLCORNER 418050
CELLSIZE 100
NODATA_VALUE -9999
[rows 132 to 153 of 171, columns 300 to 349 of 350]
993.299163818359 910.459302902222 1498.86005401611 1235.41819000244 1054.80319213867 1182.64291381836 1577.51507568359 1576.41271972656 1361.14793395996 1665.40322875977 1302.42222595215 1350.47666931152 1176.23661804199 1539.04878234863 1375.72907209396 1082.82283782959 1182.79792785645 1011.36320495605 1177.77191162109 1162.43307495117 914.645782470703 920.107971191406 917.508270263672 656.907089233398 857.792229652405 821.519546508789 722.56063079834 852.858180999756 902.831790924072 774.979415893555 843.725231170654 873.232805252075 879.528379440308 876.580635070801 -9999 -9999 -9999 -9999 -9999 -9999 -9999 -9999 -9999 -9999 -9999 -9999 -9999 -9999 -9999 -9999
804.576244354248 887.592845916748 971.00862121582 1359.71484375 1035.9644947052 1106.60708618164 1580.86181640625 1833.52352905273 1329.73112487793 1248.31793212891 1132.09556007385 1351.25585174561 1231.39105224609 1245.63180541992 1433.59875106812 1890.62075805664 1660.31248474121 2100.78799438477 1841.13928222656 1471.39518737793 1807.41763305664 995.671455383301 975.295219421387 753.32096862793 803.072841644287 842.749979972839 724.883110046387 814.138870239258 885.780279159546 1000.95092773438 895.001941680908 898.698120117188 853.58528137207 862.57154083252 -9999 -9999 -9999 -9999 -9999 -9999 -9999 -9999 -9999 -9999 -9999 -9999 -9999 -9999 -9999 -9999
1054.67590332031 812.484247207642 854.473983764648 1249.50225830078 1160.13151550293 1119.86740112305 1514.84924316406 1526.39456176758 1441.12356567383 1460.85040283203 1246.22210693359 1304.75805664062 1293.91331481934 1203.7105255127 1378.45328521729 1504.34255981445 1235.68254089355 1419.03942871094 1291.78991699219 1285.01153564453 1257.45310974121 1240.3501663208 826.517295837402 800.432121276855 927.599166870117 851.67998456955 884.072311401367 782.892852783203 997.924278259277 801.503631591797 666.077026367188 951.99284362793 980.430437088013 837.753700256348 835.399459838867 -9999 -9999 -9999 -9999 -9999 -9999 -9999 -9999 -9999 -9999 -9999 -9999 -9999 -9999 -9999
800.156659126282 792.096973419189 1272.10981750488 1297.63606262207 1052.70615386963 1157.87911987305 1057.4485168457 1765.59002685547 1780.16848754883 1162.15854263306 1180.16535186768 1495.80276489258 1167.55976104736 1131.61365509033 1267.77004432678 1909.34017181396 1403.14255523682 1319.63592529297 1154.94883728027 1091.14775085449 1028.84717559814 984.681464195251 1413.4197845459 1113.34271240234 835.90062713623 963.395378112793 874.932632446289 824.330348968506 920.283210754395 834.342155456543 798.715629577637 724.78426361084 1090.51663780212 743.684818267822 1095.8304901123 952.399631500244 -9999 -9999 -9999 -9999 -9999 -9999 -9999 -9999 -9999 -9999 -9999 -9999 -9999 -9999
797.149280548096 1037.30068969727 844.602108001709 996.189147472382 908.34624671936 1262.37934875488 1219.85614013672 1319.13717651367 1201.14375305176 1113.17448425293 1305.9097442627 1152.36645507812 1570.3130645752 1675.95380401611 1234.16489028931 1144.39170455933 1117.94579315186 1274.57182312012 1199.7191619873 957.811300754547 1175.50680541992 1026.10073852539 1127.78031921387 1242.86751556396 1160.43450927734 870.563896179199 845.636943817139 849.190395355225 832.825309753418 769.295166015625 1043.43047332764 1593.06066131592 939.772048950195 893.058631896973 829.449389219284 987.367568969727 -9999 -9999 -9999 -9999 -9999 -9999 -9999 -9999 -9999 -9999 -9999 -9999 -9999 -9999
911.538429260254 791.739776611328 887.268667221069 971.035011291504 932.672836303711 1302.26350402832 1377.08767700195 1260.76593017578 1115.51936340332 1302.96003723145 951.294111251831 1101.53178405762 1373.60194015503 1487.88753509521 1299.36654376984 1034.34455680847 1298.0689239502 917.018310546875 1051.75143432617 972.947364807129 1106.01998901367 995.184875488281 1029.81214904785 1078.09995269775 1127.36602783203 1071.03369522095 1747.59674072266 758.497375488281 862.809230804443 729.515640258789 1428.52517700195 933.672912597656 914.151138305664 953.951240539551 803.337741851807 962.304275512695 964.539512634277 -9999 -9999 -9999 -9999 -9999 -9999 -9999 -9999 -9999 -9999 -9999 -9999 -9999
719.312393188477 721.844741821289 788.398300170898 858.856912612915 877.515068054199 1131.42823791504 1268.90695571899 1283.39758300781 1139.59963226318 1289.08558654785 1128.12924194336 1018.01655578613 986.596298217773 1556.82881116867 1409.0292930603 1321.18245315552 1048.16504478455 1205.22955322266 889.379264831543 1013.9941368103 999.581207275391 985.736301422119 1046.33595657349 1068.56826782227 1092.91550445557 959.257669448853 1102.19332885742 974.936319351196 1205.75074768066 1224.72813606262 1115.45890235901 965.154121398926 1016.82565307617 812.597229003906 776.408729553223 935.179359436035 774.104968070984 -9999 -9999 -9999 -9999 -9999 -9999 -9999 -9999 -9999 -9999 -9999 -9999 -9999
817.693748474121 902.531162261963 1004.87435913086 852.874742507935 850.874320983887 1296.12910461426 1187.40905761719 1160.95335388184 1035.8270072937 1147.20733642578 1191.7585144043 1173.07888793945 1121.78910064697 1146.71361541748 1753.99712371826 1725.07720947266 942.018367767334 1085.29663085938 1207.94316101074 1030.06779956818 973.651641845703 975.640342712402 1206.826171875 940.57396697998 880.602272033691 1075.98754882812 1070.64093780518 783.633270263672 1165.84532165527 1143.59183502197 1003.5089263916 928.007266998291 1003.01993179321 770.589080810547 972.173904418945 994.314598083496 903.081539154053 914.237714767456 -9999 -9999 -9999 -9999 -9999 -9999 -9999 -9999 -9999 -9999 -9999 -9999
896.624725341797 752.023773193359 895.894710540771 858.518081665039 888.960036277771 1150.58502197266 996.65661239624 1083.76155090332 1213.64692687988 1109.2000579834 1059.14748764038 903.477813720703 1089.26505279541 1173.46704101562 1318.96179580688 1549.44190979004 1107.76518249512 1126.66027832031 1019.55774688721 1193.01435852051 1248.3355255127 1139.6576385498 1007.5260848999 862.709693908691 927.396684646606 986.693796157837 970.298713684082 923.480438232422 946.628927469254 856.060073852539 1378.31149673462 1152.94671630859 919.218490600586 840.26025390625 891.205856323242 878.390007019043 839.16088104248 746.908737182617 -9999 -9999 -9999 -9999 -9999 -9999 -9999 -9999 -9999 -9999 -9999 -9999
611.539131164551 846.165687561035 867.756464958191 776.458999633789 987.419708251953 1197.77694702148 1110.27821350098 732.751663208008 1169.72012329102 1027.86985778809 1148.66767883301 1238.4234161377 1147.134765625 1164.2331237793 1271.46223831177 1591.431640625 1010.88406848907 1314.10766601562 1266.73170471191 1272.65942382812 1354.42086791992 1083.21377563477 1057.86376953125 1015.53218078613 1030.89765167236 997.973518371582 921.611158370972 992.290260314941 720.075805664062 903.421005249023 1147.09630584717 1020.29119110107 767.480331420898 1003.21741867065 955.855907440186 913.746172904968 872.328449249268 814.769096374512 738.743141174316 -9999 -9999 -9999 -9999 -9999 -9999 -9999 -9999 -9999 -9999 -9999
783.43713760376 775.271375656128 744.617256164551 903.276212692261 894.546096801758 1094.54635620117 1189.97157859802 1124.23829650879 1029.48446655273 1134.59951782227 1023.20431518555 1245.04962921143 1173.93437194824 1091.03804397583 1521.26498413086 1148.53183746338 1186.03921508789 946.008472442627 1090.82112121582 1231.64908599854 1488.83908081055 1307.4593963623 1476.20454406738 1129.21421813965 935.415706634521 1001.15710353851 910.786449432373 995.08833694458 1076.48649597168 1011.4437122345 1171.17499828339 1150.7017364502 822.686767578125 911.327507019043 1119.03798675537 866.292148590088 952.283784866333 841.308372497559 865.696321487427 -9999 -9999 -9999 -9999 -9999 -9999 -9999 -9999 -9999 -9999 -9999
780.61954498291 871.671730041504 762.824876785278 832.230255126953 859.768589019775 1066.37632751465 905.669956207275 1028.92945861816 801.012996673584 788.547868728638 978.447074890137 992.818691253662 1105.37959671021 1253.10926818848 1272.48179626465 1577.2054901123 1130.46549224854 1115.67678070068 1175.84634399414 1151.14140319824 1120.16139221191 1116.67213439941 1160.00978088379 1204.50430297852 1079.28289413452 991.167839050293 1174.79630279541 861.24097442627 970.51057434082 972.269222259521 910.635009765625 1158.54284477234 871.532836914062 745.905166625977 1097.01947784424 1099.44082641602 909.767246246338 937.673776626587 838.71533203125 -9999 -9999 -9999 -9999 -9999 -9999 -9999 -9999 -9999 -9999 -9999
678.750629425049 787.995803833008 875.949287414551 634.805210113525 793.0622215271 846.242317199707 790.207300186157 788.303482055664 936.971130371094 882.920570373535 899.864028930664 860.305107116699 1034.79679107666 1021.58462238312 1061.12868309021 1220.04959106445 1731.5721282959 1142.04201507568 1143.92236328125 1188.85050964355 1071.05184173584 1046.23284912109 1116.85985565186 1317.92909240723 1198.55851364136 949.798698425293 1454.44030761719 1037.59767150879 1146.23918914795 851.521728515625 941.509063720703 915.269424438477 709.372253417969 949.631641387939 997.619494438171 830.33674621582 910.833114624023 956.369834899902 821.481422424316 870.178443908691 -9999 -9999 -9999 -9999 -9999 -9999 -9999 -9999 -9999 -9999
765.967887878418 729.157649993896 682.516452789307 891.823165893555 710.591381072998 720.606658935547 938.929153442383 770.636184692383 923.644538879395 913.497886657715 760.070640563965 807.760498046875 874.185485839844 1006.1427154541 1005.68431532383 1077.62628173828 970.419990539551 1189.34124755859 1725.97155761719 1106.51767730713 1157.57485961914 949.938142776489 1049.16892623901 967.737518310547 1456.9267616272 1810.19337463379 966.36039352417 1155.72764587402 1009.11527824402 808.672698974609 943.575408935547 852.137054443359 744.133682250977 782.767189025879 1040.78555297852 977.171798914671 837.870162963867 912.406947135925 890.452702879906 986.485904693604 -9999 -9999 -9999 -9999 -9999 -9999 -9999 -9999 -9999 -9999
863.074432373047 916.562789916992 853.305313110352 637.246040344238 674.437129974365 791.83500289917 904.856956481934 932.918197631836 1008.41185379028 892.972251415253 896.316116333008 825.932514190674 867.052558898926 853.309700012207 933.778686523438 1008.55574035645 971.502789497375 1127.4803314209 1239.86602783203 1018.73196792603 1088.19798278809 1033.02508163452 1098.48287200928 1015.44745922089 1034.8869972229 1198.03931427002 1035.22444152832 1035.50503158569 864.584808349609 887.279098510742 764.906707763672 793.107543945312 920.319504022598 1163.15006732941 1015.87000656128 896.571208953857 977.601221561432 948.774871468544 961.779190063477 934.397357940674 -9999 -9999 -9999 -9999 -9999 -9999 -9999 -9999 -9999 -9999
723.771957397461 904.206405639648 691.545478820801 926.570068359375 779.83044719696 952.315078735352 823.555046081543 780.846822023392 760.46875 907.411575317383 1055.87100982666 914.700477600098 898.341583251953 726.834480285645 929.665397644043 893.657722473145 994.474506378174 951.894590377808 1118.81656646729 1038.31317520142 1042.1759147644 1063.84626150131 979.428909301758 926.620330810547 1008.31944274902 1038.92612075806 1076.02672958374 1099.78771972656 966.058694839478 850.924423217773 890.216804504395 672.465469360352 866.192516326904 879.92684173584 794.157699584961 1033.59245300293 1010.66312026978 980.470754623413 997.194038391113 846.517112731934 974.273078918457 -9999 -9999 -9999 -9999 -9999 -9999 -9999 -9999 -9999
809.896621704102 855.751823425293 803.755153656006 802.871017456055 944.445007324219 749.2616147995 954.428283691406 925.718193054199 772.513149261475 788.434675216675 974.280090332031 847.183387756348 902.203495025635 904.398164749146 806.783597946167 853.366199493408 826.71236038208 759.21460723877 811.941009521484 936.717107772827 1063.78338432312 1167.32778930664 1184.87372589111 1087.86570692062 986.151680469513 1023.93671226501 957.055870056152 1012.39315223694 955.973528862 981.779937744141 795.836807250977 906.447673797607 751.680541992188 839.166069030762 897.433937072754 766.557510375977 1018.72319412231 1030.74378967285 876.399341583252 1020.5919418335 837.313949584961 -9999 -9999 -9999 -9999 -9999 -9999 -9999 -9999 -9999
756.352341890335 839.449840545654 725.764221191406 960.183746337891 792.287731170654 791.433086395264 934.211944580078 742.811676025391 878.106239318848 877.801914215088 762.066995620728 894.415493011475 915.863931655884 1276.80749511719 907.914840698242 892.344367980957 796.718490600586 958.569442749023 824.887149810791 761.648384094238 919.888212203979 955.466382980347 1064.33763122559 1166.21737384796 939.635673522949 924.674865722656 979.794244766235 965.659452438354 795.418022155762 918.800220966339 839.173274993896 806.618270874023 671.412994384766 706.769226074219 821.76139831543 940.720443725586 898.090614318848 859.327499389648 909.560419082642 953.98120880127 785.220413208008 784.081832885742 -9999 -9999 -9999 -9999 -9999 -9999 -9999 -9999
863.176055908203 762.534744262695 683.963661193848 982.25569152832 655.678314208984 854.090950012207 805.138618469238 899.376781463623 990.468490600586 773.813682556152 853.221946716309 882.518058776855 881.488948822021 873.805809020996 1056.18522644043 986.591278076172 917.897499084473 867.134468078613 752.460384368896 796.424751281738 821.675830841064 1047.97003173828 880.708431243896 1027.55530929565 935.944831848145 772.666275024414 932.03670501709 914.447486877441 868.618789672852 817.139930725098 839.423362731934 828.31729888916 750.524337768555 757.810516357422 955.729885101318 765.246459960938 905.072059631348 902.323738098145 940.070983886719 1023.65437316895 1054.89150238037 1085.92482757568 -9999 -9999 -9999 -9999 -9999 -9999 -9999 -9999
716.538871765137 588.789474487305 711.932228088379 757.15256690979 644.874008178711 796.049564361572 857.552322387695 729.859619140625 713.032600402832 764.036117553711 992.251358032227 757.161361694336 988.549072265625 992.412124633789 997.102830886841 915.202540397644 1010.61429595947 658.20295715332 683.376068115234 733.826141357422 757.189582824707 827.92115688324 725.250518798828 799.385902404785 839.629843711853 820.164838790894 679.300186157227 847.820899963379 1053.29315185547 976.014734268188 851.452545166016 767.952880859375 744.965744018555 838.647720336914 1350.91669464111 786.463226318359 950.676914215088 880.498603820801 904.042316436768 960.58324432373 886.554416656494 993.443195343018 983.246881484985 -9999 -9999 -9999 -9999 -9999 -9999 -9999
710.530349731445 829.125705718994 883.055233001709 789.426956176758 655.220504760742 755.687431335449 691.692909240723 697.136337280273 766.456886291504 772.782222747803 800.04638671875 981.868072509766 977.302310943604 970.236709594727 988.50700378418 1008.12637710571 1002.70936775208 898.136028289795 863.362289428711 945.119854927063 832.564262390137 722.290466308594 915.861587524414 882.916067123413 913.021045684814 793.308372497559 704.814254760742 765.351379394531 805.617919921875 1042.65065002441 811.272277832031 696.017547607422 797.615386962891 707.426422119141 1195.10590744019 843.776252746582 898.249176025391 904.902313232422 937.957035064697 930.494522094727 1090.53601837158 1072.70417404175 971.891403198242 -9999 -9999 -9999 -9999 -9999 -9999 -9999
714.925643920898 834.762979507446 813.955051422119 720.101860046387 726.146675109863 658.474044799805 738.816703796387 664.252746582031 775.537737846375 705.346160888672 713.08943939209 1004.31227111816 1048.88540756702 930.717745780945 847.390899658203 724.83472442627 1133.56639099121 821.883773803711 996.809314727783 932.15860748291 983.342407226562 951.838335037231 920.357252120972 917.01659488678 881.184033989906 946.293300628662 831.037261962891 735.072158813477 848.973375320435 798.936096191406 919.523143768311 799.071868896484 866.235862731934 751.218566894531 1460.69526672363 785.808456420898 858.54337310791 818.837829589844 906.307708740234 1021.17771244049 1051.7089805603 1031.15595310926 1018.54153251648 801.353515625 -9999 -9999 -9999 -9999 -9999 -9999
