export/dem/dem70.asc
NCOLS 350
NROWS 171
XLLCORNER 152620
YLLCORNER 418050
CELLSIZE 100
NODATA_VALUE -9999
[rows 0 to 21 of 171, columns 200 to 249 of 350]
-9999 -9999 -9999 -9999 -9999 -9999 -9999 -9999 -9999 -9999 -9999 -9999 -9999 -9999 -9999 -9999 -9999 -9999 -9999 -9999 -9999 -9999 -9999 -9999 -9999 -9999 -9999 -9999 -9999 -9999 -9999 -9999 -9999 -9999 -9999 -9999 -9999 -9999 -9999 -9999 -9999 -9999 -9999 -9999 -9999 -9999 -9999 -9999 -9999 -9999
-9999 -9999 -9999 -9999 -9999 -9999 -9999 -9999 -9999 -9999 -9999 -9999 -9999 -9999 -9999 -9999 -9999 -9999 -9999 -9999 -9999 -9999 -9999 -9999 -9999 -9999 -9999 -9999 -9999 -9999 -9999 -9999 -9999 -9999 -9999 -9999 -9999 -9999 -9999 -9999 -9999 -9999 -9999 -9999 -9999 -9999 -9999 -9999 -9999 -9999
-9999 -9999 -9999 -9999 -9999 -9999 -9999 -9999 -9999 -9999 -9999 -9999 -9999 -9999 -9999 -9999 -9999 -9999 -9999 -9999 -9999 -9999 -9999 -9999 -9999 -9999 -9999 -9999 -9999 -9999 -9999 -9999 -9999 -9999 -9999 -9999 -9999 -9999 -9999 -9999 -9999 -9999 -9999 -9999 -9999 -9999 -9999 -9999 -9999 -9999
-9999 -9999 -9999 -9999 -9999 -9999 -9999 -9999 -9999 -9999 -9999 -9999 -9999 -9999 -9999 -9999 -9999 -9999 -9999 -9999 -9999 -9999 -9999 -9999 -9999 -9999 -9999 -9999 -9999 -9999 -9999 -9999 -9999 -9999 -9999 -9999 -9999 -9999 -9999 -9999 -9999 -9999 -9999 -9999 -9999 -9999 -9999 -9999 -9999 -9999
-9999 -9999 -9999 -9999 -9999 -9999 -9999 -9999 -9999 -9999 -9999 -9999 -9999 -9999 -9999 -9999 -9999 -9999 -9999 -9999 -9999 -9999 -9999 -9999 -9999 -9999 -9999 -9999 -9999 -9999 -9999 -9999 -9999 -9999 -9999 -9999 -9999 -9999 -9999 -9999 -9999 -9999 -9999 -9999 -9999 -9999 -9999 -9999 -9999 -9999
386.755920410156 596.746538162231 677.84553527832 770.085815429688 879.930709838867 -9999 -9999 -9999 -9999 -9999 -9999 -9999 -9999 -9999 -9999 -9999 -9999 -9999 -9999 -9999 -9999 -9999 -9999 -9999 -9999 -9999 -9999 -9999 -9999 -9999 -9999 -9999 -9999 -9999 -9999 -9999 -9999 -9999 -9999 -9999 -9999 -9999 -9999 -9999 -9999 -9999 -9999 -9999 -9999 -9999
530.038509368896 451.778972625732 523.282901763916 709.516036987305 867.161575317383 742.913589477539 584.380355834961 700.484741210938 656.696388244629 517.436618804932 -9999 -9999 -9999 -9999 -9999 -9999 -9999 -9999 -9999 -9999 -9999 -9999 -9999 -9999 -9999 -9999 -9999 -9999 -9999 -9999 -9999 -9999 -9999 -9999 -9999 -9999 -9999 -9999 -9999 -9999 -9999 -9999 -9999 -9999 -9999 -9999 -9999 -9999 -9999 -9999
782.004280090332 617.710159301758 532.588878631592 667.215240478516 731.286445617676 719.236061096191 590.063453674316 448.206081390381 488.610601425171 568.328941345215 566.321258544922 521.227458953857 691.297134399414 753.845336914062 819.608825683594 914.016906738281 808.809356689453 775.59342956543 1089.99964904785 1036.8804473877 966.027950286865 927.353007316589 984.874656677246 1027.78215026855 977.621620178223 967.405338287354 964.573249816895 904.821136474609 1087.61203765869 1121.71466064453 835.035140991211 941.722032546997 735.453983306885 791.695159912109 720.886260986328 684.399765014648 1108.42739105225 1192.19065856934 887.581741333008 -9999 -9999 -9999 -9999 -9999 -9999 -9999 -9999 -9999 -9999 -9999
949.546684265137 881.966432571411 840.424247741699 834.442283630371 1194.06008911133 1146.34095001221 1190.17204284668 622.88996887207 602.006607055664 611.406982421875 494.312992095947 527.889053344727 568.28931427002 585.287452697754 758.763824462891 684.842575073242 502.665637969971 602.5205078125 741.917747497559 821.109762191772 832.392763137817 777.027168273926 830.302923202515 715.049430847168 843.158039093018 789.701507568359 902.550003051758 756.477836608887 878.40272808075 926.132373809814 845.797892570496 683.153793334961 505.101623535156 718.600883483887 732.879983901978 516.944091796875 1039.10638809204 1012.91830444336 697.756362915039 552.933044433594 746.964752197266 1142.37256622314 1260.83866882324 943.400014638901 655.284164428711 -9999 -9999 -9999 -9999 -9999
1009.06258773804 1183.41488647461 986.442504882812 811.876670837402 1328.26321411133 1209.11918640137 1267.68721008301 1273.56521606445 1082.50531005859 986.132019042969 956.864669799805 922.379318237305 708.142944335938 572.30443572998 747.064239501953 568.57836151123 589.190132141113 574.753128051758 845.947897672653 846.714913129807 801.843620300293 861.090835571289 829.065711975098 903.041084289551 918.33065032959 903.784820556641 812.519483566284 685.119110107422 938.037246704102 876.123841285706 884.801219940186 881.363998413086 653.070759773254 701.62890625 729.091934204102 516.980926513672 988.166793823242 988.819717407227 597.105885267258 466.835021972656 859.591087341309 1039.56381607056 796.524322509766 880.291845321655 801.832546234131 1233.11563110352 603.8037109375 -9999 -9999 -9999
837.568519592285 682.388740539551 938.88404083252 1375.91738891602 1295.48626708984 1395.43850708008 1499.6979675293 1396.18267822266 1034.97557067871 888.28776550293 934.351226806641 899.113220214844 698.473251342773 847.255737304688 772.453948974609 797.290496826172 877.775314331055 1054.10813903809 930.82364654541 870.871475219727 993.067832946777 1069.59470462799 762.015342712402 620.768600463867 867.979339599609 713.151779174805 758.746143341064 790.889387130737 833.077491760254 940.950729370117 896.60302734375 509.013229370117 609.140960693359 484.508682250977 579.364120483398 616.301272630692 634.644437789917 888.52808380127 930.247381210327 705.89754486084 717.895572662354 766.8813996315 775.170768737793 737.855346679688 560.243072509766 1246.95925331116 764.286010742188 1371.13977241516 743.817636489868 -9999
969.799530029297 1064.33157348633 865.70198059082 1189.21873474121 1288.17990112305 1167.02433395386 1290.09176635742 1382.14413452148 1218.59864807129 886.911209106445 1083.77082824707 1055.71717834473 761.267456054688 829.1669921875 468.275230407715 712.859092712402 973.489761352539 895.194038391113 827.095616340637 1062.43955230713 1129.6487121582 1196.56706237793 677.220621109009 795.563720703125 783.280849456787 811.202437877655 733.805366516113 779.504463195801 768.461982011795 784.656272888184 787.425240516663 816.810066223145 553.920921325684 612.977039337158 773.934677124023 532.745918273926 618.351412773132 1028.430809021 858.305587768555 907.186325073242 706.605743408203 721.843368530273 749.571533203125 706.272079467773 789.637287139893 626.588851928711 754.069850921631 1231.41216278076 860.868968963623 978.245513916016
844.475675582886 852.624698638916 1039.44355773926 839.164231300354 937.284454345703 1097.11558532715 899.664352416992 859.967086791992 1126.16911315918 1068.74450683594 823.300079345703 827.361812591553 786.957298278809 783.717361450195 876.868598937988 894.314224243164 774.639259338379 858.846912384033 1032.01633453369 1092.82814788818 1050.03747177124 1158.01683619618 877.826881408691 785.566316604614 909.649940490723 879.265779495239 831.988182067871 1010.63603973389 887.533987045288 1029.51000976562 815.757484436035 585.018096923828 651.623199462891 484.167938232422 681.995971679688 642.915916442871 559.845474243164 847.746719360352 1063.06958961487 1004.76787567139 610.494010925293 674.322492599487 729.924926757812 974.867866516113 925.303768157959 814.776556491852 712.365097045898 532.316223144531 745.288164138794 811.917023658752
875.593307495117 794.836990356445 744.615692138672 808.078903198242 883.558288574219 685.22216796875 652.890846252441 955.663284301758 1038.15915298462 857.79838514328 737.295417785645 818.162841796875 889.865257263184 847.804677963257 795.281326293945 1353.63012504578 814.184700012207 813.32953453064 995.680428385735 1388.17148590088 972.046722412109 1294.34595870972 939.426162719727 912.229278564453 533.8134765625 835.735109329224 864.130516052246 792.914674758911 907.997329711914 908.495914459229 814.587036132812 848.031074523926 795.787124633789 894.967979431152 881.719108581543 1048.03024673462 986.575698852539 1064.85222053528 980.951881408691 814.241310119629 795.785907745361 797.169322967529 606.254234313965 982.655591964722 932.636722564697 1083.73779296875 929.091472625732 750.471193313599 690.635917663574 1124.00119400024
758.898609161377 825.482269287109 746.992568969727 728.792903900146 826.850051879883 826.942398071289 733.046272277832 721.45841217041 659.726440429688 684.971424102783 1058.02384185791 956.097507476807 1207.23629760742 713.300170898438 782.695428371429 828.377906799316 606.911056518555 665.455001831055 664.282287597656 1302.49611186981 735.162139892578 719.263181686401 775.113609313965 1163.14331245422 773.522426605225 727.842525482178 733.843292236328 785.217399597168 713.980880737305 763.653861999512 882.213565826416 791.419647216797 687.155914306641 783.119621276855 879.114226818085 917.436062812805 969.068562507629 737.277557373047 1005.0552520752 887.621147155762 841.890014648438 1071.16779327393 1155.8123550415 945.489936828613 969.126356124878 1011.94411087036 992.810219764709 910.68286895752 895.414649963379 1136.76203918457
691.474384307861 796.417778015137 764.727989196777 756.949054718018 951.245697021484 915.994644165039 776.248947143555 608.342163085938 573.433479309082 514.655090332031 654.945518493652 703.556936264038 827.855527877808 799.883256912231 820.030326843262 811.59182715416 604.261520385742 639.644844055176 532.33512878418 699.593353271484 676.323543548584 675.622287750244 638.517936706543 669.908546447754 636.944122314453 701.459075927734 938.145179748535 887.479442596436 799.053297042847 789.518299102783 863.893488883972 858.501083374023 590.427230834961 841.605135321617 934.748931884766 845.37131023407 782.998977661133 793.087905883789 962.256141662598 914.639083862305 883.594318389893 917.465385437012 853.333938598633 933.491943359375 1012.65380859375 1041.958568573 1077.01169586182 911.464164733887 777.1901512146 846.833748817444
791.843284606934 769.775858879089 764.553555488586 811.824657440186 657.242782592773 621.421081542969 609.025260925293 776.966968536377 685.784969329834 601.252014160156 939.341865539551 889.668579101562 607.56957244873 866.740707397461 601.464813232422 684.447933197021 580.718505859375 712.096565246582 608.192924499512 639.752937316895 686.577526092529 859.525314331055 689.886283874512 771.977029800415 635.890937805176 681.416687011719 743.57067489624 1357.55590820312 955.23413848877 922.685346603394 899.662879943848 859.829658508301 677.448654174805 800.907901763916 702.47314453125 753.148544311523 712.204666137695 733.065048217773 764.214965820312 956.19255065918 994.408432006836 922.08558678627 958.793704986572 853.410285949707 1087.79503631592 1054.21036529541 1105.80276107788 1016.0087890625 1009.25037384033 887.661487579346
472.784378051758 568.301002502441 1276.67702484131 612.202545166016 680.272012710571 748.643817901611 632.474864959717 717.139546394348 694.263591766357 666.143051147461 806.566970825195 689.88879776001 716.706009864807 652.615005493164 688.244979858398 585.097915649414 669.091133117676 642.991058349609 697.103246688843 586.88565826416 737.493324279785 722.726852416992 634.65754699707 663.557495117188 666.176413536072 637.554664611816 794.514846801758 646.440933227539 752.078398942947 788.010559082031 1013.60580825806 874.518096923828 701.160537719727 1267.28512573242 728.245193481445 659.538284301758 618.047210693359 681.19596862793 648.485961914062 753.234184265137 652.081748962402 731.353908538818 836.459871768951 768.429286956787 981.230377197266 925.655458450317 1020.70847129822 1086.94535827637 941.737518310547 971.963195800781
1090.28770446777 623.90406036377 1162.39212036133 1165.30705714226 724.08353805542 831.077507019043 705.912086486816 761.282844543457 1057.75249099731 727.977480888367 576.004455566406 528.068237304688 536.878997802734 667.694450378418 648.366470336914 707.260025024414 616.954772949219 667.456829071045 688.582027435303 690.393004417419 718.189754486084 752.822292327881 672.260078430176 787.567260742188 711.530841827393 579.467414855957 770.319213867188 836.858177185059 696.045707702637 788.627685546875 720.16007232666 728.72624206543 709.113765716553 644.217742919922 450.139862060547 1266.02808380127 565.569534301758 672.715827941895 804.904532432556 699.873229980469 678.552230834961 835.014156341553 821.919288635254 1012.37043762207 910.966979980469 946.385162353516 831.531028747559 1054.97483825684 1067.48231506348 1038.04441070557
822.108497619629 735.517275333405 753.512393951416 821.108951568604 1098.02100753784 1418.15875434875 706.907043457031 709.174841165543 672.863763809204 776.767219543457 628.400074005127 595.153251647949 690.457702636719 671.070713043213 611.650268554688 724.823118209839 659.686912536621 526.191284179688 560.503234863281 704.238758563995 646.6083984375 605.500549316406 817.24779510498 652.820919036865 812.205535888672 799.519096374512 723.120964050293 849.619651794434 722.509292602539 783.083011627197 822.499893188477 827.840213775635 715.150115966797 711.415687561035 523.604675292969 485.322479248047 526.89582824707 1175.70151901245 716.312835693359 761.186748504639 724.383525848389 692.649589538574 793.69926071167 977.855766296387 923.928123474121 769.179859161377 1108.72109985352 1024.1736907959 997.727516174316 987.285976409912
653.912574768066 717.59058380127 660.704902648926 741.836011886597 697.441187858582 703.602179527283 685.953815460205 776.552192687988 771.951072692871 752.103645324707 649.243587493896 737.269863128662 563.518707275391 526.027191162109 708.154165267944 619.950759887695 749.151197433472 749.371059417725 612.274589538574 677.526131391525 635.664344787598 585.374923706055 560.534698486328 736.914142608643 632.84992980957 789.895706176758 849.725852966309 790.986434936523 747.213085174561 681.592578887939 763.75171661377 780.423522949219 773.009210586548 580.985687255859 708.413993835449 743.346389770508 738.434087753296 665.800231933594 800.3955078125 1269.85607147217 1455.32551574707 923.602478027344 753.2230052948 827.341384887695 750.848541259766 858.609825134277 673.896560668945 1191.42686462402 1193.34639453888 732.18115234375
611.037254333496 569.232315063477 734.529567718506 598.659652709961 709.053744316101 748.737091064453 699.521814584732 764.055374145508 643.31116104126 718.787204742432 687.003467559814 561.584243774414 498.387298583984 728.379920959473 503.739700317383 755.445560455322 677.866748809814 609.113342285156 704.181797027588 540.212127685547 811.638076782227 745.779220581055 530.249633789062 649.916679382324 788.009643554688 903.244125366211 570.59358215332 717.02522277832 749.192005634308 871.895484924316 593.28352355957 800.164970397949 828.880905151367 790.713108062744 878.823623657227 722.391773223877 724.612621307373 700.254573822021 713.798511505127 849.931289672852 730.442167282104 597.416854858398 837.244071960449 725.319114685059 578.714019775391 734.891234397888 765.565551757812 837.401962280273 919.089508414268 898.450355529785
