export/dem/dem78.asc
NCOLS 350
NROWS 171
XLLCORNER 152620
YLLCORNER 418050
CELLSIZE 100
NODATA_VALUE -9999
[rows 22 to 43 of 171, columns 100 to 149 of 350]
571.532765388489 575.786243438721 443.212127685547 660.044021606445 630.506271362305 621.378938674927 629.46654510498 605.189888000488 631.936546325684 798.600082397461 878.580535888672 454.32307434082 414.23811340332 860.632469177246 484.781555175781 474.907699584961 777.513748168945 760.208030700684 620.859764099121 517.627243041992 978.636001586914 756.507751464844 435.690124511719 554.688209533691 463.757598876953 481.645927429199 492.020874023438 444.38981628418 517.601142883301 489.300872802734 718.078735351562 632.251216888428 622.821319580078 584.728672027588 778.513900756836 647.930891990662 465.382507324219 546.666259765625 475.098648071289 566.868217468262 669.825664520264 542.508834838867 484.168327331543 574.503387451172 633.638092517853 543.634727478027 734.35009765625 485.825561523438 458.934158325195 554.423759460449
596.625204086304 397.968551635742 556.922878265381 600.087468624115 597.783142089844 925.54467010498 591.419036865234 637.792789459229 590.832168579102 547.223503112793 1441.33436584473 575.867866516113 661.693906784058 1051.43002319336 510.989151000977 612.519393920898 766.093307495117 549.596923828125 642.836196899414 544.767288208008 799.70446395874 554.985885620117 1225.09847259521 1053.75829315186 700.603366851807 655.515838623047 580.254937648773 574.963709831238 510.876434326172 627.09354019165 605.777220726013 578.852139949799 631.691467285156 354.225891113281 361.674880981445 481.235488891602 664.718605041504 544.706184387207 422.673828125 557.639533996582 460.218505859375 514.30883026123 676.780448913574 564.829341888428 605.829065322876 567.797813415527 600.262137413025 622.39680480957 655.282814025879 492.489074707031
483.543937683105 566.458841323853 597.475887298584 732.302742004395 650.18000793457 1116.36859893799 592.790328979492 678.153442382812 406.943283081055 532.882369995117 706.85831451416 1014.81707382202 637.855270385742 788.692028045654 494.026962280273 600.708984375 449.418823242188 396.223571777344 445.688537597656 871.069247961044 764.975997924805 466.240600585938 552.534614562988 544.604309082031 751.227340698242 687.722450256348 653.043159484863 579.634912490845 667.04630279541 395.876754760742 589.887363433838 623.818225860596 720.855690002441 667.529151916504 673.075038909912 570.245811462402 612.633560180664 491.793815612793 561.280162811279 691.707794189453 564.229515075684 450.917602539062 464.951766967773 768.871475219727 498.626098632812 517.342308044434 534.132144927979 491.90747833252 483.06258392334 471.750030517578
579.859903097153 584.023494720459 663.785682678223 629.077461242676 630.734931945801 499.462463378906 847.0556640625 946.916656494141 483.896865844727 882.834663391113 867.404014587402 976.619121551514 833.123550415039 1083.91276550293 916.094898223877 1058.93675994873 560.95735168457 461.989700317383 468.587898254395 631.767929077148 1434.78918457031 527.268409729004 566.441928863525 499.588829040527 691.084484100342 476.331161499023 516.395122528076 572.295417308807 558.929083108902 673.205474853516 594.345699310303 593.214624404907 663.588035583496 698.921676635742 803.375480651855 529.142242431641 713.488800048828 540.247737884521 565.048976898193 574.09349822998 618.179483413696 575.141788482666 555.662464141846 502.637115478516 686.260360717773 706.533317565918 674.244735717773 484.053993225098 693.505889892578 542.708930969238
409.782577514648 569.416885375977 790.338729858398 516.404830932617 487.015960693359 511.617919921875 541.674346923828 713.017353057861 907.160278320312 761.199096679688 477.873809814453 851.478370666504 745.09716796875 597.898025512695 920.02759552002 939.275527954102 543.64079284668 647.750114440918 838.490419387817 346.570343017578 967.916473388672 519.31559753418 507.759628295898 641.311485290527 461.335220336914 634.497124195099 616.983959197998 467.852920532227 624.372451782227 533.243312835693 590.429969787598 570.760774612427 645.445945739746 603.065322875977 824.397521972656 638.941205978394 484.178512573242 465.335403442383 605.619159698486 650.584659814835 595.927448272705 473.536247253418 556.305423736572 509.070487976074 623.568271636963 529.56575012207 626.697315216064 548.96934223175 522.633975982666 527.959777832031
422.787414550781 520.977119445801 479.455825805664 412.366409301758 1035.58158874512 1292.83332824707 660.15315246582 409.502807617188 717.379460334778 983.993431091309 707.007835388184 732.978023529053 696.568084716797 569.442005157471 556.744033813477 1043.27716064453 1342.97313690186 542.857553482056 615.048126220703 756.243408203125 515.800346374512 454.340423583984 612.470911979675 632.12940120697 721.678749084473 714.01537322998 520.061710357666 460.044151306152 548.87293368578 738.821594238281 480.735198974609 536.327088356018 652.694732666016 432.581634521484 516.603828430176 630.871185302734 500.181663513184 555.549297332764 533.488021850586 605.796513557434 599.008005142212 572.961702466011 534.84720993042 678.693176269531 504.599868774414 615.841007232666 537.129404067993 669.280174255371 625.081939697266 604.375022888184
560.000028610229 671.272552490234 430.202850341797 476.635543823242 443.471099853516 509.577011108398 464.765686035156 305.593902587891 786.872987747192 668.717601776123 749.204925537109 575.943405151367 700.083473205566 684.140426635742 906.967514038086 681.20276260376 605.85083770752 821.160064697266 1054.11045837402 548.193473815918 446.225952148438 610.880048751831 586.141616821289 666.346229553223 540.373888015747 579.465436935425 484.613819122314 522.262219429016 513.527284622192 772.349838256836 525.553438186646 628.568126678467 532.894424438477 520.312330245972 585.700313568115 711.563018798828 682.047874450684 535.533039093018 618.781734466553 653.819564819336 497.409442901611 623.111022949219 494.801750183105 562.117855072021 503.873069763184 557.553609848022 555.61665058136 547.239629745483 654.658653259277 658.921279907227
361.068069458008 614.151382446289 515.143157958984 560.513213157654 569.685787200928 493.071144104004 551.093721389771 510.852722167969 843.377365112305 687.284004211426 967.90763092041 442.099960327148 919.77515411377 1004.2378975898 947.089561462402 632.217937469482 470.2314453125 254.397857666016 494.78263092041 400.776077270508 417.330108642578 535.259082794189 532.41042137146 709.20499420166 599.945056915283 620.893694400787 513.346069335938 685.218063354492 395.988052368164 516.530513763428 699.898086547852 580.065422058105 578.352035522461 396.019973754883 540.811653137207 544.093757152557 678.456016540527 507.246271133423 548.099128246307 492.890922546387 583.955394744873 542.251806259155 604.882610321045 481.576637268066 533.885841846466 723.713897705078 532.879961013794 476.337017059326 621.155059814453 663.713409423828
690.366836547852 301.308502197266 493.786624908447 748.124713420868 733.100303173065 465.316390991211 440.335647583008 618.988697052002 597.2678565979 884.588377714157 664.911354064941 563.026958465576 517.619953155518 766.414138793945 412.492584228516 988.778182983398 411.438751220703 247.451263427734 486.213569641113 464.648750305176 402.191879272461 663.721473693848 636.366149902344 678.498031616211 813.333755493164 1921.74411010742 544.457566738129 620.26634979248 557.69478225708 521.703930139542 586.895030975342 509.708969116211 488.025318145752 538.170482635498 535.528581619263 533.977752864361 628.11157989502 647.067211151123 569.542996168137 556.134272575378 674.317886352539 568.785781860352 590.656682014465 404.731414794922 519.18067741394 513.685846328735 633.157272338867 349.919921875 545.182869911194 554.169991970062
500.57653427124 383.653274536133 424.66552734375 528.177612304688 1202.44456481934 502.575580596924 503.134216308594 530.452198028564 779.947902679443 647.259773254395 694.002296447754 741.837966918945 639.534951210022 481.042358398438 556.846904754639 747.8095703125 545.898590087891 558.305852890015 580.837467193604 474.31608581543 599.624183654785 612.664047241211 664.10124206543 677.059906005859 674.481033325195 643.004173278809 668.775985717773 629.447090148926 621.177032470703 526.948963165283 469.856964111328 640.839775085449 443.326385498047 540.169404983521 578.098648071289 690.040512084961 680.681518554688 568.5166015625 583.058795928955 515.592571258545 469.868606567383 346.491134643555 563.444786071777 568.952091217041 370.035552978516 518.667705535889 534.39985871315 573.73441696167 531.466983795166 533.234881401062
361.589553833008 389.332901000977 335.425476074219 508.520725250244 515.399017333984 531.077983856201 645.946731567383 1035.85186386108 1159.83063697815 555.329862594604 622.026412963867 688.357788085938 887.417465209961 526.501586914062 525.204231262207 496.750823974609 435.194705963135 472.057834625244 592.650325775146 387.63102722168 644.770408630371 613.733489990234 626.649574279785 568.751182556152 611.080413818359 511.553489685059 670.756134033203 601.275131225586 613.720268249512 517.53477191925 568.254177093506 551.977069854736 606.382926940918 435.315734863281 516.939409255981 503.620055854321 617.382843017578 609.916015625 410.118873596191 474.594329833984 428.02229309082 564.098726272583 422.134803771973 567.40938949585 530.583587646484 539.185698986053 508.216440200806 720.922821044922 578.500778198242 589.08419418335
408.013236999512 491.761548995972 385.66911315918 508.844263076782 340.454238891602 419.283603668213 243.131057739258 434.751655578613 597.119674682617 555.477138519287 637.771068572998 485.978969573975 405.81916809082 839.366470336914 509.605773925781 473.624361038208 473.033828735352 546.812280654907 468.998344421387 499.204515457153 451.59041595459 717.420364379883 567.702640533447 619.87939453125 489.084729194641 579.489608764648 524.300197601318 492.644910812378 625.153442382812 589.963088989258 510.092864990234 361.344802856445 385.661758422852 402.43383026123 547.090530395508 485.237236022949 527.988991737366 558.49328994751 489.570266723633 421.870536804199 428.827659606934 524.579685211182 476.907039642334 462.40185546875 343.810104370117 412.715484619141 519.507643699646 534.537199020386 611.742347717285 699.631057739258
444.777202606201 624.617195129395 482.437969207764 535.14962387085 429.935455322266 406.047561645508 343.524261474609 598.855102539062 475.546531677246 658.495880126953 470.506607055664 529.775527000427 378.216659545898 333.938140869141 547.928489685059 442.325622558594 396.356559753418 532.000553607941 579.88627243042 441.445602416992 655.708358764648 639.664924621582 678.854187011719 462.551303863525 568.315011978149 493.054880142212 621.803070068359 510.367444038391 577.095970153809 494.576225370169 597.905212402344 450.318222045898 625.413307189941 437.196716308594 481.21328163147 595.801879882812 584.016784667969 532.516401290894 427.331520080566 544.058662414551 712.856887817383 416.219680786133 346.339385986328 503.474088668823 290.190567016602 513.241748332977 433.14729309082 608.061710357666 584.37126159668 648.463188171387
378.799674987793 357.429313659668 408.82006072998 463.551370620728 505.905517578125 244.948425292969 298.592620849609 657.942230224609 465.248561859131 625.837074279785 605.609760284424 490.590323448181 508.918771743774 417.789920806885 503.019085884094 468.729844093323 713.897491455078 509.435223579407 539.696102142334 546.776824951172 415.879722595215 594.537498474121 615.782173156738 540.72981262207 540.799774169922 368.096923828125 343.883636474609 392.246566772461 486.959659934044 415.229820251465 484.991204738617 548.952415466309 410.696556091309 508.59087562561 520.934328079224 616.71272277832 654.7421875 626.64575958252 540.282192230225 480.977563858032 393.324188232422 472.967819213867 528.02109003067 497.758672714233 379.177200317383 530.764005064964 482.505271911621 489.802635192871 506.247673034668 625.286979675293
431.947734832764 513.795066833496 411.501129150391 580.291641235352 506.77289378643 622.568359375 496.38095664978 450.707870483398 505.405193328857 426.174293518066 397.908554077148 471.303466796875 530.385612487793 569.666397094727 438.340393066406 543.33256149292 418.117645263672 615.42497253418 416.679302215576 541.445796966553 453.503443956375 604.532455444336 451.963527679443 444.855697631836 618.917953491211 506.480533599854 332.105834960938 542.553611755371 443.910110473633 483.158725738525 490.100308895111 473.621037483215 599.907653808594 573.023376464844 485.661964416504 433.838066101074 550.91919708252 569.754302978516 562.130126953125 609.720680236816 619.397796630859 362.573638916016 500.212451934814 509.039935112 497.074127197266 500.330896377563 407.426742553711 538.000035047531 719.071731567383 383.197265625
394.297256469727 395.589508056641 466.473123788834 417.334030151367 546.537422180176 371.71174621582 556.04626083374 449.164583206177 454.452457427979 451.142295837402 507.193836212158 488.575887680054 531.664306640625 611.830001831055 721.858245849609 610.199188232422 543.108428955078 474.644868850708 504.055511474609 621.486663818359 518.44376373291 574.789245605469 351.347137451172 337.173385620117 491.303470611572 447.157289505005 474.129100799561 493.538318634033 546.248611450195 496.514707565308 569.787399291992 392.600692749023 459.832666397095 432.944313049316 561.43603515625 582.976379394531 596.352172851562 431.916893005371 461.056276321411 391.377960205078 390.36767578125 407.205520629883 545.536457061768 567.569694519043 525.308559417725 614.459144592285 465.529376983643 498.061744689941 600.945510864258 409.194259643555
369.679634094238 435.518943786621 469.148389816284 344.15502166748 353.641075134277 498.336607933044 567.297637939453 486.438636779785 477.679404556751 445.02783203125 366.629112243652 389.141510009766 369.357475280762 545.888969421387 521.481796264648 389.048767089844 418.44086265564 462.716781616211 365.814125061035 475.825306892395 408.252033233643 537.050079345703 490.150608062744 446.306758880615 423.261310577393 550.274345397949 399.960353851318 605.526931762695 426.570281982422 488.822267532349 529.339069366455 409.701873779297 435.970241546631 661.191650390625 618.551422119141 534.625053405762 537.012186050415 557.506195068359 533.831405639648 566.267646789551 357.002914428711 512.121515326202 490.985807418823 579.591972351074 431.624183654785 570.874328613281 494.992740631104 484.481578826904 520.633720397949 615.118270874023
454.392134666443 528.540367126465 425.738693237305 310.779815673828 278.856033325195 495.388160705566 515.157096862793 487.056116104126 582.006568908691 449.812767982483 415.898094177246 480.432121992111 297.839324951172 280.765197753906 503.925117492676 572.073654174805 591.164993286133 496.095760345459 316.863616943359 561.909004211426 453.796185016632 466.801578521729 485.382214546204 474.543557167053 382.169441223145 387.576263427734 342.548690795898 337.382965087891 488.917884483933 444.747512817383 360.177856445312 336.229553222656 596.670600891113 496.803157806396 377.328887939453 611.825546264648 644.211563110352 677.732025146484 579.363990783691 456.516834259033 412.667961120605 448.911636352539 425.533569335938 424.74690246582 461.597122192383 479.452419281006 750.585815429688 476.698173522949 558.901481628418 565.543994903564
297.947662353516 360.367462158203 391.768531799316 412.194885253906 405.095775604248 482.18635559082 488.38264465332 553.677253723145 575.888648986816 489.537289619446 348.896507263184 395.608215332031 333.011352539062 468.851501464844 449.913454055786 481.718193054199 523.825733184814 403.817646026611 426.152332305908 483.09422492981 542.419204711914 436.060497283936 416.609519958496 433.911304473877 518.842727661133 491.280573368073 270.563812255859 477.628804683685 470.537002563477 635.380996704102 307.509780883789 466.487520217896 487.694425582886 448.483585357666 531.254081726074 497.321195602417 617.853622436523 613.98796081543 651.761306762695 564.989845275879 515.571466445923 455.470115661621 393.413139343262 498.750514984131 620.960929870605 598.776893615723 553.804655075073 602.093059539795 642.65283203125 553.514907836914
528.747436523438 508.780693054199 406.097602844238 405.50088596344 492.527980804443 517.600341796875 542.891250610352 362.771278381348 387.856452941895 463.427000164986 288.388549804688 539.721809387207 313.184631347656 440.032455444336 571.386917114258 466.790267884731 608.202537536621 434.888763427734 484.606598854065 393.483726501465 362.540809631348 518.26197052002 554.613815307617 425.714412689209 539.712375640869 475.045783996582 427.741065979004 443.655834197998 364.665504455566 375.406562805176 407.160175323486 408.678211212158 532.9758644104 620.360549926758 554.179496765137 434.888240814209 368.642593383789 519.087141036987 545.388580322266 496.914981842041 482.195892333984 616.493003845215 546.850978851318 591.246063232422 513.032190084457 695.880249023438 481.712966918945 442.049430847168 487.301162719727 463.808074951172
391.191394805908 503.934692382812 518.82738494873 361.014225006104 529.180221557617 482.416606903076 586.014556884766 536.477066040039 391.14990234375 451.354704380035 415.128993988037 511.556480407715 483.03055524826 423.811115264893 490.47504234314 538.58422088623 450.127243041992 553.550193786621 458.404362678528 504.408359527588 544.121067047119 511.501972198486 405.63444519043 488.262367725372 453.602359771729 524.738563537598 398.069705963135 392.053230285645 340.079360961914 489.623665183783 426.515449523926 472.742447853088 563.869606018066 559.771827697754 600.297370910645 538.741275787354 564.203330993652 668.619125366211 594.357002258301 626.769348144531 349.772827148438 582.298011779785 434.467498779297 692.173370361328 303.867095947266 628.740379333496 622.240127563477 561.454246520996 498.217184066772 563.15082359314
545.395706176758 415.421508789062 442.23380613327 501.905899047852 576.141166687012 537.703155517578 434.16544342041 467.471643447876 497.749897003174 509.862045288086 589.66056060791 375.688854217529 531.595367431641 531.784149169922 440.743465900421 503.95618057251 508.538452148438 610.740684509277 632.716232299805 537.417770385742 499.570692062378 339.261276245117 490.410175144672 468.156112670898 456.480319976807 499.685119628906 373.931381225586 311.454345703125 547.469284057617 384.310241699219 572.84496307373 523.908298492432 483.053688049316 407.386329650879 486.533986568451 659.755493164062 705.819976806641 477.487543106079 532.948234558105 398.248321533203 471.641696929932 304.763900756836 545.817554473877 635.521759033203 552.243041992188 447.903091430664 435.712753295898 537.207487106323 617.317337036133 488.21460723877
