export/dem/dem70.asc
NCOLS 350
NROWS 171
XLLCORNER 152620
YLLCORNER 418050
CELLSIZE 100
NODATA_VALUE -9999
[rows 22 to 43 of 171, columns 150 to 199 of 350]
717.322624206543 616.309766769409 670.839990615845 611.403963088989 599.392639160156 449.070404052734 554.744342803955 628.99337387085 605.780776977539 619.842493057251 613.684856414795 635.964317321777 1025.86924743652 564.059509277344 845.901485443115 733.439042329788 768.872817993164 721.468883514404 626.837825775146 655.74340057373 652.016700744629 534.680755615234 852.858264923096 517.81233215332 591.623779296875 611.506408691406 1021.82287025452 458.445663452148 721.980043411255 630.077084541321 510.908515930176 710.620651245117 576.243213653564 387.256164550781 564.506164550781 709.665615081787 604.181613922119 754.016860961914 722.591720581055 654.961966514587 767.292770385742 692.591130256653 747.42945098877 661.245449066162 594.222705841064 595.401161193848 666.015377998352 540.849258422852 707.135208427906 551.944610595703
548.292873382568 486.821685791016 662.566745758057 492.483055114746 625.437492370605 497.184020996094 580.38890171051 535.29621887207 469.260772705078 553.467704772949 568.371959686279 615.721694946289 649.764831542969 648.546363830566 564.619186401367 757.247622966766 753.589914321899 956.36873626709 546.872665405273 516.572372436523 629.349792480469 430.996109008789 662.579071044922 689.328880310059 617.368560791016 511.593765258789 1169.74922943115 695.869049072266 629.5849609375 717.4020652771 542.178771972656 618.992683410645 603.768674373627 604.905570983887 564.462493896484 629.615365982056 719.208694458008 737.787178039551 656.948191642761 585.062385559082 741.113519668579 772.673622131348 570.448455810547 703.004440307617 755.624528884888 708.559417724609 767.81128692627 699.481560230255 650.78719329834 621.140085220337
615.807401657104 461.041976928711 531.767158508301 552.995910644531 557.993186950684 469.190307617188 567.090877532959 599.295178413391 647.653583526611 517.903549194336 566.792022705078 652.715393066406 955.002155303955 744.791076660156 593.148838043213 1246.15591430664 724.842018127441 500.745529174805 494.471664428711 483.101425170898 644.776931762695 620.882247924805 699.524144649506 633.316425323486 631.296592712402 585.632949829102 702.063334465027 534.756225585938 621.463176727295 628.547942399979 650.13830447197 706.285402297974 635.89671754837 637.602502822876 562.458572387695 586.404724121094 486.102233886719 543.921852111816 648.174816131592 677.631505966187 634.995140075684 781.46866607666 620.29164981842 538.555816650391 652.046989440918 494.076309204102 678.462972164154 834.009643554688 730.331474304199 637.125263214111
519.86011505127 688.06135559082 574.735181808472 760.370468139648 573.03394317627 513.957588195801 593.145275115967 470.937316894531 591.226104736328 572.657459259033 509.436996459961 608.703163146973 943.115646362305 633.755477905273 845.962348937988 645.936519622803 471.080032348633 835.623962402344 558.687652587891 829.269569396973 1091.16986787319 980.850902557373 593.339126586914 627.718151092529 562.91429901123 609.927589416504 753.280550003052 590.527153015137 641.546128511429 584.005659103394 670.180208683014 581.054832458496 605.224506378174 621.930287361145 660.32837677002 752.698684692383 764.465560913086 599.8332862854 583.365989685059 862.427917480469 752.071533203125 583.85391998291 710.65299987793 615.474281311035 693.837673187256 766.630218505859 661.877866744995 691.718517184258 694.43606197834 693.571615219116
417.135375976562 548.771327972412 568.140682220459 601.267395019531 594.751518726349 612.134155273438 653.397186279297 623.404054045677 507.597999572754 365.352813720703 504.556709289551 418.867919921875 631.702743530273 563.661804199219 624.244727134705 698.435859680176 441.408874511719 795.206686496735 519.723709106445 579.047134399414 587.012237548828 644.4206199646 657.045021057129 589.515312194824 765.342433929443 551.513107299805 1063.33044433594 692.983303070068 514.151679992676 483.687637329102 756.484882354736 623.649398803711 621.56591796875 580.84684753418 592.76863861084 630.435304641724 576.287353515625 655.268726348877 676.611682415009 664.019397735596 680.67945098877 625.259727478027 612.89928817749 623.151401519775 707.565952301025 784.465873718262 707.199612617493 682.053058624268 713.760612487793 603.587348937988
497.928001403809 485.500007629395 582.308170080185 592.078104019165 598.887229323387 550.319999694824 668.697124481201 373.892761230469 506.050178527832 585.22881436348 492.799713134766 551.121475219727 761.766889572144 649.910629272461 558.661804199219 529.567962646484 744.792259216309 405.664825439453 466.339569091797 797.610298156738 697.509773254395 829.244606375694 693.720386505127 662.60466003418 630.484390258789 981.705024719238 557.799011230469 774.453628540039 467.059524536133 612.088551521301 787.218215942383 584.742813110352 561.330024719238 747.441902160645 671.206314086914 928.036209106445 654.417400360107 746.122009277344 617.148296356201 767.762649536133 610.554168701172 715.402763366699 542.939315795898 481.355255126953 602.54239654541 639.786199569702 658.500171661377 642.816230773926 530.986289978027 530.748558044434
393.192901611328 555.180511474609 564.057689666748 451.229644775391 735.801391601562 335.257339477539 628.587223052979 374.229644775391 569.616756439209 510.683967590332 757.183085441589 1062.05166625977 665.289833068848 884.486015319824 871.294170379639 947.826766967773 370.757202148438 971.041137695312 715.192771911621 937.147457122803 750.447555541992 714.160827636719 708.130458831787 751.628553390503 769.051597595215 810.764869689941 695.072326660156 730.252281188965 704.233932495117 734.581085205078 765.212219238281 716.996635437012 698.178337097168 582.569382667542 548.026077270508 570.485149383545 614.493631362915 688.161575317383 563.524593353271 552.802734375 700.206504821777 1039.48607254028 633.855659484863 670.917284965515 608.910789489746 619.020553588867 536.530464172363 585.356811523438 626.231285095215 632.362762451172
586.423336029053 475.632041931152 478.853858947754 657.063400268555 602.945158004761 471.722785949707 536.462406158447 558.890377044678 600.671451568604 482.823692321777 713.526615142822 937.146759033203 934.273498535156 1033.56065177917 948.990989685059 723.453552246094 550.517036437988 563.64225769043 603.234344482422 620.714794158936 996.564679145813 623.104393005371 688.074844360352 898.087425231934 494.17626953125 664.733665466309 646.370016098022 756.116554260254 586.88600063324 615.581873178482 784.567199707031 818.44873046875 526.274002075195 690.453441619873 572.6025390625 786.618988037109 647.858289718628 728.601943969727 614.164205551147 484.937515258789 833.276672363281 581.771026611328 495.25602722168 538.97974395752 601.148393630981 641.344285964966 578.632331848145 677.422939300537 527.836807250977 352.639526367188
444.399719238281 511.664294242859 470.249626159668 650.839164733887 423.76220703125 704.595626831055 464.121696472168 712.677474975586 445.808395385742 809.789108276367 938.406066894531 1014.92877197266 953.362785339355 728.655990600586 788.726367950439 632.441182613373 608.071224451065 543.154773712158 540.087478637695 809.140082359314 831.585302352905 634.700866699219 631.243492126465 469.785614013672 593.842613220215 733.481536865234 762.754470825195 670.018032073975 583.670345306396 729.203552246094 649.178730010986 551.534496307373 621.591728210449 723.41259765625 665.303936004639 587.690490007401 700.217247009277 697.950317382812 528.395650863647 537.278991699219 827.188842773438 658.540933609009 682.967216491699 488.097274780273 718.055557250977 610.163317680359 566.669845581055 565.200899124146 527.786346435547 481.058372497559
548.10663485527 605.070537567139 616.013736724854 578.170711517334 722.228652954102 644.443183898926 660.104629516602 572.196821570396 666.00798034668 568.05313873291 844.230880737305 882.897079467773 973.107025146484 675.039524078369 470.670440673828 467.327560424805 628.988985061646 519.857475280762 594.266319274902 451.028861999512 587.056123733521 519.206687927246 509.785091400146 679.263980865479 600.801484107971 629.097363471985 617.430862426758 688.228439331055 643.292304992676 557.396328926086 537.140316009521 611.613767623901 584.770946741104 406.908020019531 594.746137619019 684.483329772949 598.827684402466 598.548374176025 566.155337333679 575.683343887329 783.407535552979 725.780186653137 552.493576049805 467.290580749512 607.354515552521 526.650455474854 662.889778137207 561.390748977661 538.96435546875 480.564476013184
567.026580810547 645.122291564941 670.348274230957 552.829646587372 631.290031433105 608.355197906494 609.229438781738 496.046890258789 832.803066253662 737.921760559082 782.863906860352 484.632186889648 579.472703933716 522.033447265625 611.482707977295 617.829469680786 579.466118812561 700.28685760498 716.689331054688 549.97974395752 579.470222949982 458.13916015625 527.843372344971 682.279449462891 449.27018737793 583.775915145874 432.526565551758 531.404945373535 571.485748291016 597.340236663818 567.664115905762 676.278694152832 540.127973556519 486.075866699219 570.090457133949 670.169746398926 641.895843505859 460.016807556152 608.338134765625 590.82155418396 741.052536010742 695.79305267334 505.711685180664 574.551795959473 516.954723358154 390.553451538086 530.317089080811 573.906582713127 374.177978515625 534.299221038818
579.872695922852 660.692855834961 526.809017181396 625.287246704102 567.362283229828 411.411178588867 512.966625213623 496.194145202637 633.269794464111 618.764991760254 669.206825256348 610.97798538208 651.807838439941 562.218029022217 578.143008232117 454.172180175781 530.870624542236 612.349407196045 543.33907699585 639.396385192871 729.487060546875 642.147872924805 478.509559631348 592.224626541138 751.194107055664 577.632004737854 517.454498291016 598.229583740234 488.73840713501 645.634510040283 660.675582885742 446.182861328125 603.103450775146 524.192415237427 601.249313354492 664.939430236816 500.416107177734 676.454002380371 641.790950775146 696.773551940918 628.714496612549 524.658100128174 564.619911670685 628.583675384521 449.291946411133 535.011838912964 578.868440628052 493.38215637207 320.316177368164 531.406726837158
606.594026565552 462.568153381348 620.66822052002 587.693640708923 597.831344604492 555.606191635132 501.861068725586 649.31404876709 546.882633209229 643.794700622559 802.30126953125 704.6943359375 501.896217346191 486.897003173828 566.653159141541 554.924977518618 492.82487487793 571.912181854248 528.473983764648 567.190075397491 486.129264831543 680.828750610352 611.877052307129 626.641723632812 498.841110229492 445.022567749023 626.706340789795 575.324464321136 677.524612426758 697.197418212891 571.4052734375 566.607093811035 436.654289245605 528.840999603271 614.325061798096 689.767906188965 502.24649810791 499.879104614258 529.252368927002 609.43465423584 684.286010742188 618.602249145508 725.23698425293 437.642784118652 691.495328903198 542.943606376648 571.948348999023 514.773559570312 734.193145751953 532.045127868652
607.514499664307 538.475635528564 580.258678436279 573.554355621338 476.919868469238 530.413761138916 437.02978515625 603.673007965088 544.751007080078 815.392059326172 737.616271972656 719.486312866211 683.229415893555 550.78468132019 663.473045349121 498.274887084961 600.372734069824 503.390213012695 397.553817749023 406.611961364746 430.196784973145 575.547588348389 572.078406333923 709.327331542969 560.79141998291 533.886396408081 615.619445800781 714.502101898193 612.668128967285 501.006216049194 457.120971679688 506.762878417969 510.307636260986 469.714889526367 405.163284301758 596.460363388062 693.365852355957 404.059295654297 564.660390853882 685.799667358398 556.576880455017 671.585838317871 676.284214019775 605.589639663696 1226.75955963135 579.979953765869 574.853057861328 535.11291885376 604.3952293396 597.409301757812
527.848581314087 566.44935131073 599.159351348877 490.024612426758 491.08723449707 432.759330749512 494.63557434082 597.394563674927 603.410667419434 627.517515182495 485.544792175293 531.473400115967 452.137077331543 530.435689926147 612.248359680176 416.202812194824 502.517032623291 584.805540084839 376.413787841797 557.614671707153 666.389938354492 542.000636577606 729.093170166016 536.414110183716 618.360958099365 663.517440795898 419.043991088867 604.42822265625 477.673332214355 502.755672454834 544.126491546631 558.522487640381 684.747459411621 377.343902587891 570.616380691528 485.064666748047 485.411186218262 702.636253356934 628.944557189941 635.827301025391 557.290599822998 478.209442138672 598.488395690918 491.151741027832 1014.9282169342 525.136404037476 491.034729003906 665.00146484375 586.330965042114 602.12674331665
487.540508270264 524.390050888062 538.001388549805 404.938537597656 666.791130065918 592.501846313477 544.774990081787 632.642440795898 591.5341796875 609.594577670097 430.895652770996 530.191059112549 625.350708007812 580.191226959229 466.00700378418 389.288497924805 426.11661529541 409.732711791992 542.775325775146 464.06517791748 700.863174438477 615.977005004883 550.12882232666 321.899322509766 410.53751373291 456.147621154785 615.545139312744 627.07555770874 853.25830078125 550.837808132172 477.280197143555 590.46361541748 685.556304931641 557.66870880127 539.228800773621 543.242578148842 611.932769775391 583.85037612915 586.021095275879 550.201241970062 626.685592651367 570.639183998108 617.152202606201 641.729911804199 722.482597351074 464.898551940918 565.019985198975 590.461692810059 585.38062286377 561.115261077881
434.115463256836 377.099655151367 584.465704917908 462.399536132812 725.000411987305 703.68004989624 688.783252716064 666.697395324707 574.672527313232 590.451059341431 545.059436798096 514.054080963135 459.464515686035 500.89119720459 527.445487976074 524.246181488037 593.694671630859 603.213760375977 490.083152770996 559.219067335129 610.697971343994 509.946464538574 594.789588928223 525.648093223572 454.920600891113 638.754638671875 575.878196716309 712.193054199219 837.141639709473 605.970079421997 490.971801757812 528.455231666565 564.305187225342 523.720714092255 556.984004974365 508.68302154541 456.723777770996 400.138809204102 472.138229370117 336.087280273438 451.117919921875 583.347818374634 574.491163253784 621.739608764648 593.703689575195 498.501831054688 548.573764562607 611.165084838867 638.025520324707 630.440376281738
789.890396118164 668.213882446289 574.643266677856 630.921192169189 482.751113891602 510.699994146824 555.071537017822 544.862613677979 633.841323852539 530.334259986877 543.236948013306 526.221347808838 543.61791229248 620.188625335693 528.772060394287 638.715126037598 525.111324310303 520.173971176147 480.185966491699 482.032497406006 534.016173362732 605.775688171387 674.137023925781 402.87109375 500.11775970459 631.01872253418 595.919902801514 547.783390283585 862.934085845947 923.691215515137 641.114181518555 541.729353427887 560.685764312744 514.235287666321 457.501739501953 548.525334596634 441.405906677246 614.402786254883 417.554527282715 446.721488952637 620.852053642273 520.949165344238 449.837455749512 469.721542358398 574.012393951416 722.762603759766 472.06982421875 465.982345581055 633.683067321777 662.223266601562
535.253921508789 647.385772705078 537.863275527954 529.854623794556 559.847994327545 487.798955917358 548.51732635498 698.568725585938 660.752853393555 679.858192443848 517.442569732666 602.32879447937 573.190138816833 463.808052062988 464.959411621094 456.807266235352 672.558715820312 652.134143829346 494.641151428223 376.011604309082 600.240776062012 465.788780212402 534.788675308228 453.805381774902 559.162363052368 478.658569335938 608.787535667419 757.88436126709 678.922817230225 485.179847717285 495.415325164795 690.050933837891 505.490107536316 566.304248809814 484.767272949219 589.011447906494 598.390571594238 378.828842163086 580.478748321533 544.173482894897 519.125761032104 527.260723114014 527.798251628876 587.782344818115 432.988433837891 506.705738067627 442.767387390137 625.198795318604 495.504493713379 597.835433959961
639.477470397949 565.941404342651 428.659225463867 517.653129577637 558.504247665405 454.516723632812 463.190612792969 523.973964691162 512.00276184082 652.437892913818 419.340286254883 452.512306213379 510.203907012939 520.551187515259 415.396553039551 394.249069213867 517.996887207031 512.240592956543 406.177749633789 505.215831756592 744.84538269043 570.261596679688 606.656761169434 528.50682258606 589.146171569824 577.381675720215 635.962265014648 661.457677841187 797.841579437256 664.130699157715 463.443496704102 570.808591842651 619.86164855957 609.626007080078 597.850715637207 524.048092842102 669.485645294189 519.402921676636 576.321453094482 377.691757202148 459.585319519043 417.438293457031 596.450740814209 464.208679199219 496.602887153625 396.131790161133 639.143760681152 568.777958869934 533.473251342773 599.356864929199
460.016227722168 467.214195251465 544.97218132019 531.969424247742 499.782472610474 574.031278610229 464.728462219238 593.384147644043 463.253967285156 443.327377319336 482.662734985352 371.204460144043 574.885276794434 474.184352874756 476.528732299805 421.897872924805 493.684749603271 568.569366455078 579.597679138184 561.955549240112 606.436706542969 585.865421295166 656.254066467285 565.550874710083 569.473382949829 667.405532836914 366.666549682617 581.782899856567 699.251037597656 725.303385734558 773.543228149414 508.475814819336 668.427459716797 525.556091308594 491.964498519897 529.698773622513 568.210597991943 515.318267822266 478.055881500244 382.293746948242 541.444988250732 507.1414270401 558.726868629456 437.541069030762 527.49649810791 665.040596008301 492.589027404785 573.452081680298 668.705924987793 652.376663208008
507.488929897547 485.960525512695 653.332481384277 458.997024536133 432.899131774902 489.078712463379 541.312346458435 453.281349182129 417.241889953613 500.484439849854 537.737985610962 499.855293273926 588.786354064941 539.876300811768 638.42684173584 521.772171020508 590.785930633545 652.77555847168 617.696350097656 663.909927368164 828.129913330078 556.677742004395 543.008948498406 682.801498413086 447.483573913574 470.672080993652 407.804702758789 704.210548400879 462.736831665039 651.928956985474 669.569858551025 617.713050842285 688.25606918335 561.228258132935 546.771389007568 576.619468688965 530.752323150635 579.057913780212 581.702606201172 493.512893676758 665.42166519165 574.002482891083 772.405387878418 701.579299926758 705.735765457153 594.135431289673 606.05139541626 704.446174621582 422.798004150391 486.64379119873
