export/dem/dem71.asc
NCOLS 350
NROWS 171
XLLCORNER 152620
YLLCORNER 418050
CELLSIZE 100
NODATA_VALUE -9999
[rows 22 to 43 of 171, columns 50 to 99 of 350]
-9999 -9999 -9999 -9999 -9999 -9999 -9999 -9999 -9999 535.34587097168 606.956298828125 622.821922302246 675.437003612518 637.913646697998 367.120513916016 436.873100280762 353.956489562988 474.343597412109 647.676248550415 587.565719604492 617.61767578125 590.123519897461 627.34678709507 658.12227678299 727.188201904297 761.618171691895 579.491470336914 651.086288928986 501.207946777344 386.209106445312 616.385604858398 555.644561767578 675.564559936523 722.062767028809 593.100378990173 655.454174041748 587.615749359131 699.200202941895 623.307113647461 443.793411254883 401.751083374023 522.075922012329 1032.91232299805 646.960060119629 559.520797729492 593.294265270233 663.45174407959 554.457092285156 367.57633972168 1293.8949432373
-9999 -9999 -9999 -9999 -9999 -9999 -9999 -9999 788.360321044922 582.534301757812 680.391948699951 537.117462158203 607.503448486328 510.291206359863 397.817886352539 604.411148071289 512.177993774414 648.279285430908 517.893478393555 620.026527404785 761.445137023926 822.918411254883 577.436248779297 471.368865966797 620.966667175293 693.697257995605 586.375965118408 523.277179718018 476.600051879883 585.024612426758 475.317890167236 640.645286560059 546.200082778931 476.075881958008 333.339477539062 720.568557739258 614.653617858887 901.211040496826 789.102190971375 1036.04734802246 687.521484375 531.056503295898 560.406953811646 412.604248046875 365.948760986328 583.049161911011 661.704696655273 726.240266799927 473.814796447754 1193.76697921753
-9999 -9999 -9999 -9999 -9999 -9999 -9999 877.934906005859 891.870834350586 714.892318725586 468.945617675781 514.380523681641 414.394412994385 423.615646839142 538.114472389221 687.800651550293 642.86291885376 594.534034729004 400.784378051758 499.233291625977 738.199279785156 632.011434555054 528.483329772949 612.507839202881 738.706893920898 670.862487792969 465.025741577148 455.295516967773 567.112234950066 1151.99010467529 558.197708129883 495.016426086426 751.878978729248 508.808898925781 834.831964492798 721.31519317627 511.384750366211 525.890823364258 484.117294311523 611.460763931274 621.439456939697 592.218137741089 418.257995605469 549.881219863892 531.36686706543 576.410957336426 453.331474304199 465.55916595459 491.999073028564 1007.19491958618
-9999 -9999 -9999 -9999 -9999 -9999 769.985549926758 723.056991577148 719.553146362305 860.594383239746 376.542236328125 571.47876739502 377.247955322266 567.813756942749 457.104362487793 667.617664337158 693.345413208008 663.927207946777 517.425605773926 589.677772521973 721.787532806396 590.322608947754 557.425203323364 740.484848022461 661.212394714355 518.28296661377 472.874412536621 1178.21131896973 836.106811523438 748.843558311462 727.428461074829 551.442779541016 541.256866455078 899.977866888046 690.991018500179 651.112279891968 622.211443424225 541.479846954346 672.714996337891 631.627391815186 462.157974243164 540.286526679993 596.658981323242 546.261178016663 698.490419387817 533.854400634766 460.206253051758 554.944004058838 531.075580596924 819.5176653862
-9999 -9999 -9999 -9999 -9999 426.697418212891 473.026184082031 271.347381591797 393.772720336914 473.854919433594 425.606903076172 452.237030029297 591.331100463867 542.223411560059 507.586807250977 592.435791015625 500.696960449219 546.591508865356 481.624771118164 635.79663848877 627.655780792236 703.51774597168 504.508361816406 429.430770874023 635.463920593262 795.51495552063 718.630344390869 895.206764221191 976.855373382568 821.090343475342 626.884773254395 534.973373413086 508.222106933594 464.971649169922 700.429895401001 482.87092590332 400.979675292969 580.220413208008 668.907127380371 615.293758392334 519.261125564575 611.709476470947 695.209609985352 561.574594497681 564.276128768921 519.197476387024 600.622142791748 639.480213165283 510.481956481934 561.558715820312
-9999 -9999 -9999 -9999 440.284713745117 522.933288574219 292.272857666016 249.354583740234 370.780654907227 668.049940109253 637.251197814941 534.766510009766 602.553749084473 589.335548400879 448.341644287109 722.848466873169 424.138607025146 583.359058380127 551.047386169434 527.946922302246 627.372783660889 506.784061431885 401.992248535156 828.977844238281 893.455520629883 767.141632080078 653.854564666748 699.927024841309 669.236923217773 762.546356201172 648.745979309082 587.223594665527 400.628189086914 544.992301940918 513.388763427734 436.589645385742 640.708401918411 607.467849731445 643.007881164551 620.446147918701 671.054229736328 525.774192810059 554.854791164398 613.283580780029 498.470268249512 659.888008117676 556.480719566345 664.854370117188 520.459777832031 617.731088638306
-9999 -9999 -9999 1138.8531036377 563.548034191132 390.860595703125 466.556427001953 469.993751525879 596.732452392578 484.823837280273 558.317138671875 470.890396118164 521.102729797363 638.454889297485 693.976028442383 608.877470016479 770.030990600586 643.717018127441 652.097160339355 554.749079823494 519.24684715271 660.000747680664 864.592744350433 701.875373840332 544.385238647461 563.899234771729 619.847078561783 582.562677383423 542.078171655536 572.650676727295 490.676933288574 437.656539916992 587.887537956238 439.804840087891 568.378289937973 565.687549591064 587.273846626282 561.804971694946 689.651062011719 628.367393493652 568.055429458618 505.660301208496 504.14282989502 579.073204040527 479.977125167847 655.838287353516 542.625578403473 629.362983703613 295.676666259766 548.532691955566
-9999 -9999 711.82429933548 1203.72576904297 487.13515663147 247.465408325195 488.473297119141 566.879821777344 635.468194007874 686.721408843994 570.792762756348 583.071582794189 630.12300491333 670.23876953125 641.320823669434 579.647438526154 687.363348007202 646.808959960938 1018.36532592773 654.157518386841 1295.92783355713 758.456832885742 691.79328918457 652.92310333252 493.809694290161 374.686172485352 568.652160644531 609.341091156006 537.669292449951 462.797058105469 557.524299621582 485.113891601562 695.062576293945 369.443740844727 482.791538238525 583.90535736084 583.511779785156 493.978992462158 447.830200195312 418.770751953125 541.386417388916 620.382179260254 497.220530509949 531.427394866943 527.587169647217 541.392284393311 495.227014541626 641.597129821777 398.812118530273 770.969833374023
-9999 -9999 846.286987304688 1032.9358291626 1117.77244949341 411.301734924316 509.392028808594 614.784706115723 434.900772094727 639.686302185059 582.902713775635 608.406356811523 707.399169921875 625.980739593506 520.223907470703 645.832959651947 633.246054172516 504.674404144287 918.213706970215 731.093444824219 549.004953384399 576.648451328278 413.589004516602 508.613481521606 325.346984863281 322.589691162109 515.536811828613 576.452613830566 390.22770690918 710.694229125977 439.016171455383 431.160552978516 514.807926177979 296.277954101562 356.743041992188 377.996543884277 381.37474822998 584.143138885498 431.857536315918 292.10400390625 559.690078735352 416.348762512207 431.849723815918 515.366984367371 525.705730438232 614.969261169434 518.860126495361 335.387756347656 452.384925842285 546.562194824219
-9999 602.341835021973 786.849868774414 648.789234161377 661.320125579834 749.495727539062 548.093696594238 809.38020324707 724.642316818237 672.009098052979 665.958892822266 618.668409347534 613.163429260254 606.264019012451 481.304084777832 506.155334472656 578.397630691528 632.027374267578 573.881080627441 504.718309402466 580.723468780518 433.31005859375 383.117973327637 439.730033874512 377.774337768555 461.32509803772 450.550346374512 409.192821502686 595.250274658203 496.250318527222 442.794635772705 496.717823386192 254.021148681641 405.217628479004 505.881996154785 460.264627456665 388.276718139648 265.946670532227 266.751052856445 178.557159423828 446.747550964355 485.285575866699 604.948783874512 456.571189880371 428.624374389648 488.948169708252 458.046009063721 333.096527099609 331.881256103516 520.067676544189
595.35449886322 735.756317138672 768.995513916016 697.027572631836 661.430633544922 541.687763214111 556.77082824707 567.77311706543 526.062866210938 699.394027709961 750.780578613281 817.633926391602 556.615013122559 669.119735717773 567.608142852783 731.678321838379 586.014312744141 623.317367553711 391.75080871582 672.721527099609 546.560352325439 459.115883827209 382.88166809082 439.255031585693 744.945343017578 587.600776672363 514.675109863281 437.054153442383 519.365013122559 452.969341278076 373.875999450684 465.203882217407 458.597511827946 495.575386047363 336.562225341797 439.35897064209 292.332336425781 285.756362915039 313.547409057617 388.128608703613 462.046921253204 460.532325744629 435.168876647949 450.504920959473 332.223411560059 503.666236877441 571.583537101746 513.814239501953 478.592849731445 428.166465759277
730.945640563965 638.574073791504 577.94047164917 560.054134368896 442.132461547852 504.038070678711 636.557098388672 638.964910507202 512.969329833984 683.183174133301 706.572865247726 631.282371520996 565.254573822021 293.905639648438 614.211696624756 595.121444702148 537.484125137329 539.119258880615 578.574523925781 705.984039306641 499.3537940979 558.483222961426 521.251121520996 404.675971984863 570.921371459961 489.808307647705 510.69734954834 610.566558837891 521.404949188232 432.151191711426 393.790908813477 405.240173339844 444.395336151123 543.700370788574 439.542560577393 424.183746337891 526.585968017578 354.774398803711 360.128700256348 284.32275390625 347.435356140137 421.876434326172 528.500331878662 522.757701873779 509.150648117065 428.126720428467 540.97970199585 504.496116638184 457.967374801636 396.475624084473
652.28946685791 393.133728027344 409.190467834473 537.104042053223 497.94116973877 771.571304321289 645.429425358772 314.672561645508 614.995254516602 684.215626239777 599.298809766769 601.949153900146 442.182079315186 659.760482788086 454.282131195068 740.020599365234 584.798217773438 486.578289031982 583.683120727539 516.930681228638 466.527018547058 429.424282073975 449.353251457214 379.058235168457 442.406676292419 591.513916015625 555.614822387695 553.98469543457 433.962747573853 484.113746643066 389.355415344238 460.996140480042 553.303314208984 413.199447631836 503.3470287323 552.87329864502 469.246141433716 417.908473968506 510.004222869873 393.958023071289 537.532398223877 443.728630065918 306.863403320312 493.562133789062 552.56649017334 529.552520751953 611.398406982422 561.954246520996 458.326461791992 430.023624420166
467.620765686035 397.249687194824 704.959609985352 528.436870574951 701.734512329102 648.644947052002 507.435260772705 868.084782540798 447.638824462891 618.807891845703 541.821516036987 556.216705322266 349.171539306641 440.235343933105 688.149230957031 571.391670227051 527.891487121582 705.948852539062 535.82833480835 593.380233764648 531.868743896484 424.747310638428 470.646644592285 421.356100082397 475.24768447876 429.994067192078 527.946811676025 383.271675109863 398.229648590088 438.183937072754 611.679214477539 589.026214599609 471.729665756226 368.704803466797 502.46741104126 468.03767490387 393.864891052246 524.816688537598 520.092185974121 447.115721583366 485.168561935425 483.772465705872 418.179862976074 405.799957275391 430.813694000244 456.986619949341 641.297180175781 567.052551269531 489.060409545898 628.350540161133
688.797191619873 517.829391479492 600.793853759766 680.012283325195 791.275085449219 659.464599609375 787.270477294922 860.767189025879 727.431188583374 716.956390380859 432.792741298676 592.442314147949 635.512130737305 642.927505493164 712.172409057617 575.942855834961 591.78295135498 664.846435546875 623.121681213379 565.369331359863 487.23709487915 598.974700927734 381.798820495605 560.855865478516 296.467086791992 492.484127044678 313.773262023926 468.417881011963 516.75887298584 618.964797973633 444.621596097946 351.396202087402 432.884410858154 387.291694641113 487.84907913208 442.717813491821 426.28963470459 330.239326477051 485.596483230591 313.412841796875 352.434234619141 196.400131225586 326.313682556152 378.034309387207 259.785919189453 422.215553283691 381.091148376465 410.9599609375 545.50902557373 576.618721008301
614.020220756531 631.383361816406 585.632217407227 634.977634429932 710.067749023438 453.859058380127 526.928902387619 557.248043060303 687.619254112244 824.038208007812 364.179336547852 633.732002258301 413.942794799805 538.114695549011 357.048110961914 640.239227294922 564.842256546021 496.235297203064 347.023769378662 533.463268280029 489.852478027344 464.045373916626 314.552261352539 380.605895996094 287.246032714844 451.557909488678 473.029861450195 514.258644104004 375.169761657715 486.300636291504 380.637615203857 516.450973510742 310.588119506836 302.827972412109 329.559440612793 343.19800567627 347.655265808105 488.888397216797 424.355587005615 275.326141357422 469.379047393799 302.571853637695 409.383564949036 461.135486602783 390.575241088867 374.544208526611 425.278263092041 407.497989654541 495.742515563965 518.617179870605
574.572959899902 447.798858642578 441.360328674316 699.624473571777 600.109519958496 446.979972839355 569.227676391602 978.646263122559 922.754829406738 1021.90279388428 479.834663391113 376.784103393555 396.70711517334 605.723068237305 552.381534576416 586.717964172363 549.431411743164 372.041793823242 466.768527984619 456.74491071701 465.324167728424 467.278005599976 495.662837982178 442.410399436951 418.992459654808 607.668106079102 535.164154052734 521.583465576172 524.708526611328 475.2926902771 455.034450531006 515.65274810791 289.926429748535 395.790493011475 264.221435546875 448.414954185486 384.34546661377 495.755842208862 372.985694885254 433.48996925354 272.774230957031 352.240272521973 348.381523132324 291.345520019531 454.738785386086 444.909524917603 468.248791217804 345.511779785156 555.83715057373 282.644378662109
493.356178283691 383.958694458008 532.454902648926 693.540466308594 352.664237976074 403.507820129395 203.469879150391 493.606163024902 387.970809936523 589.421646118164 476.216361999512 448.241645812988 537.195386886597 425.026802062988 630.047012329102 492.391201972961 414.876194000244 535.330375671387 421.073291778564 534.014091491699 565.229644775391 450.342276334763 491.781108856201 553.724174499512 436.522229194641 490.848266601562 506.259376525879 375.256195068359 623.918746948242 494.989212036133 326.253387451172 356.321266174316 369.333717346191 431.282820701599 395.615562438965 488.340049743652 425.789978027344 382.53645324707 399.141586303711 515.866416931152 444.349499702454 526.008573532104 296.751968383789 420.33899307251 492.748157501221 572.469100952148 551.603462219238 340.893714904785 513.823978424072 474.856903076172
522.577198505402 481.56233215332 705.563095092773 721.423835754395 620.683692932129 521.48445892334 534.349773406982 738.935882568359 606.949440002441 695.104278564453 422.143524169922 420.610046386719 557.980794906616 480.830211639404 495.460181474686 485.754692554474 600.769653320312 532.771423339844 375.003837585449 393.516258239746 341.614364624023 430.998084068298 510.949752807617 450.411018371582 551.522491455078 632.454879760742 506.273345947266 500.466613769531 456.893867492676 334.62313079834 402.523862838745 574.720413208008 376.245483398438 294.970092773438 528.992874145508 628.927856445312 460.817216873169 553.732635498047 501.906261444092 514.195159912109 531.603176116943 427.393518447876 557.44132232666 410.25757598877 370.914527893066 426.890096664429 533.212104797363 486.453525543213 479.788433074951 476.707466125488
426.011703491211 581.377788543701 590.261108398438 750.69792175293 615.047523498535 524.772975921631 546.703414916992 622.98331451416 728.223667144775 1095.95161437988 476.427803039551 526.800918579102 478.523288726807 617.885330200195 488.064296722412 551.575988769531 597.716674804688 495.754619598389 498.393249511719 445.589729309082 364.536209106445 374.944400787354 511.393928527832 670.863967895508 522.185218811035 574.510406494141 506.925086975098 539.901252746582 534.384841918945 404.340793609619 552.738166809082 439.999460220337 376.7844581604 394.247623443604 365.550846099854 428.507808685303 476.991458892822 602.708374023438 409.403842926025 513.310638427734 632.673583984375 318.578475952148 215.93733215332 347.106025695801 379.374221801758 354.725730895996 454.539850115776 418.865116119385 525.361793518066 486.657905578613
675.249855041504 768.67790222168 812.055553436279 809.688112258911 598.636238098145 393.519561767578 584.813992619514 643.881759643555 525.658996582031 338.412979125977 588.420297622681 550.14165687561 547.415561676025 696.719802856445 370.451042175293 460.92578125 562.405891418457 543.840179443359 476.874668121338 435.777423858643 327.761848449707 388.396953582764 446.197490692139 511.43766784668 544.703643798828 505.270690917969 462.206161499023 461.157806396484 370.304626464844 269.533538818359 333.689468383789 413.2546043396 486.751968383789 501.426170349121 444.042358398438 289.480041503906 433.662618637085 380.351593017578 328.256530761719 608.369186401367 462.471285820007 656.779258728027 383.894412994385 443.890230894089 481.689891815186 484.683181762695 503.523292541504 419.734100341797 487.716514587402 511.820465087891
590.982615470886 874.528999328613 711.821487426758 734.931041717529 303.058601379395 276.499496459961 429.498085021973 450.415630340576 508.051307678223 508.772562384605 680.348384857178 533.164152145386 656.124237060547 517.692549705505 507.197487831116 539.407051086426 397.604934692383 481.669612884521 443.766779899597 364.09992980957 466.782609939575 485.640796661377 342.264488220215 313.73413848877 485.325675964355 485.856285095215 407.673498153687 369.839866638184 325.569435119629 234.679000854492 531.563911437988 412.34574508667 567.265678405762 440.566295146942 486.54222869873 434.500745773315 466.03165435791 461.585250854492 433.953862667084 404.559993743896 371.749389648438 466.267425537109 312.615707397461 489.661582946777 412.821780204773 395.091440200806 346.957389831543 481.840995788574 656.013076782227 426.455537796021
