export/dem/dem76.asc
NCOLS 350
NROWS 171
XLLCORNER 152620
YLLCORNER 418050
CELLSIZE 100
NODATA_VALUE -9999
[rows 66 to 87 of 171, columns 50 to 99 of 350]
514.221207618713 502.544500350952 381.945434570312 339.684432983398 359.713333129883 395.424396514893 554.113800048828 480.224517822266 384.496196746826 261.579818725586 424.73108291626 363.971626758575 358.091717720032 334.95631980896 401.7825756073 262.967041015625 302.309909820557 429.393127441406 404.95051574707 134.547454833984 342.683353424072 375.184342384338 307.293594360352 304.902976989746 498.797698974609 314.494674682617 358.839712142944 250.976333618164 579.858947753906 554.873764038086 502.484283447266 324.8896484375 377.048395633698 436.389268875122 479.406120300293 341.17943572998 522.986801147461 425.70351600647 484.530876159668 508.804458618164 551.883514404297 442.098726034164 430.24761390686 511.142112731934 543.801689147949 523.989532470703 571.950965881348 390.928615570068 527.533256530762 483.850088119507
508.62113571167 598.491241455078 542.495796203613 537.907585144043 421.667779922485 433.362483978271 527.597480773926 271.911437988281 377.362890601158 416.199850082397 284.02254486084 598.768829345703 367.217491149902 413.732223510742 178.844085693359 224.860832214355 384.336971282959 421.304691314697 282.14867401123 237.371109008789 428.760471343994 301.601524353027 374.936486244202 357.951246261597 355.939582824707 359.798387527466 472.032455444336 252.488540649414 313.525947570801 366.656762123108 431.634250640869 431.997138977051 316.439483642578 377.889923095703 459.186584472656 463.587020874023 441.521795272827 446.53634262085 585.537750244141 420.595410585403 517.379692077637 446.410779953003 408.541204452515 597.292755126953 594.319351196289 608.558639526367 420.211730957031 373.528060913086 463.549263000488 452.138800859451
430.543006896973 586.707534790039 412.131141662598 469.121215820312 458.12113571167 437.569549560547 417.385513305664 480.08065032959 465.083930969238 322.967390060425 300.964580535889 310.248111724854 261.617660522461 295.616954803467 449.921440124512 194.639663696289 299.671005249023 219.114601135254 276.634330749512 306.920780181885 352.418523788452 345.22301864624 306.584175109863 415.39866065979 318.548282623291 385.053230285645 500.529098510742 475.058326721191 462.598213195801 355.871687889099 291.062850952148 409.069312095642 265.137084960938 443.929054260254 542.849319458008 422.258131980896 457.661354064941 471.810943603516 558.310134887695 491.883628845215 400.744211196899 508.469135284424 473.168228149414 456.418489456177 514.084678649902 493.933673858643 637.884918212891 599.431869506836 493.441566467285 451.20206451416
528.114707946777 438.533153533936 505.38419342041 428.941150665283 464.355319976807 360.785045623779 460.004188537598 293.21272277832 420.474830627441 349.160614013672 416.480072021484 305.389179229736 341.130439758301 407.609703063965 365.743316650391 240.833267211914 330.39037322998 347.730743408203 338.987092971802 391.193937301636 460.352142333984 488.436874389648 333.108123779297 352.564266204834 335.124351501465 231.904739379883 410.300455093384 382.887012481689 412.691942214966 424.553760528564 511.384346008301 403.663091659546 499.531150817871 387.715688705444 274.968772888184 274.768241882324 359.250179290771 427.493928909302 438.895050048828 465.757579803467 517.206253051758 550.454902648926 587.282638549805 631.925399780273 487.712501525879 572.163314819336 572.84326171875 454.438974380493 518.82487487793 584.506225585938
375.679588317871 445.367449760437 524.901901245117 467.646659851074 421.194351196289 585.437484741211 441.763793945312 264.308815002441 412.901538848877 284.408988952637 333.982606887817 424.719444274902 451.862030029297 425.531150817871 346.725898265839 227.018714904785 224.597030639648 365.239603042603 292.614151000977 465.265747070312 475.377944946289 400.930599808693 421.849433898926 454.828147888184 367.391023635864 433.926422119141 326.693161010742 406.940435409546 563.605697631836 378.889225006104 443.84827041626 426.145282745361 434.760772705078 436.861242294312 402.629801511765 452.20299911499 494.300834655762 538.968719482422 593.651504516602 434.421984672546 472.791484832764 496.198890686035 449.531372070312 607.638229370117 424.532392501831 524.363632202148 457.337936401367 520.289783477783 493.853097915649 557.007804870605
409.708425521851 469.714981079102 558.154586791992 370.62998008728 478.697288513184 423.417427062988 511.400512695312 404.664562225342 343.375617980957 240.492668151855 273.663200378418 214.144454956055 374.989677429199 312.625465393066 377.93249130249 418.93236541748 326.539184570312 221.665710449219 442.805557250977 330.250751495361 517.732666015625 426.305686950684 363.917749404907 386.085308074951 429.766708374023 350.03498840332 435.513317108154 305.677879333496 501.858261108398 406.301429748535 316.716613769531 391.339430809021 399.383620262146 399.620992660522 366.565074920654 416.751733779907 484.731620788574 720.695617675781 508.756034851074 480.228660583496 520.646385192871 485.815567016602 420.93699836731 492.855312347412 348.972854614258 397.530860900879 279.173385620117 377.57007598877 386.283256530762 343.21076965332
320.367034912109 461.162082672119 472.396797180176 455.076595306396 469.654975891113 362.338170051575 412.576610565186 409.205104827881 500.86360168457 334.199327468872 228.112518310547 293.829742431641 185.252883911133 305.385334014893 139.702835083008 353.913753509521 451.333274841309 318.646297454834 397.88885307312 456.931880950928 477.306282043457 429.89782333374 425.524478912354 367.787435412407 366.694088816643 341.881841659546 274.919609069824 70.1956787109375 355.899593353271 410.031092643738 302.823257446289 286.953430175781 448.51485824585 492.877975463867 480.802276611328 666.284240722656 419.180292531848 646.531005859375 651.62483215332 496.232040405273 385.924240112305 398.20690536499 382.66381072998 469.496879577637 242.023086547852 384.206604003906 465.982619285583 304.059799194336 423.831401824951 370.736389160156
325.845474243164 422.471685409546 383.626377105713 348.636236190796 381.330081939697 247.05419921875 350.72541809082 325.33670425415 342.495671272278 319.250225067139 306.337703704834 283.263328552246 316.245151519775 358.037673711777 286.189338684082 270.444931030273 399.548189163208 494.560447692871 452.923736572266 535.43815612793 443.095436096191 452.567108154297 254.955322265625 391.498424530029 415.390193939209 254.216674804688 325.694622039795 166.969543457031 437.095489501953 317.371490478516 361.557618141174 198.470809936523 429.18724822998 354.135168075562 481.927421569824 483.790664672852 495.764007568359 505.874725341797 572.984405517578 494.011528015137 478.844696044922 418.697574615479 332.200386047363 253.641647338867 433.612113952637 595.935424804688 475.394065856934 399.963470458984 452.976917266846 400.078674316406
413.351770401001 390.924781799316 477.665687561035 343.24528503418 472.175651550293 382.825880050659 324.33922958374 333.79465675354 461.404151916504 468.099304199219 419.006629943848 453.42561340332 262.043762207031 389.171052932739 306.512741088867 455.246376037598 572.305465698242 342.486457824707 344.501750946045 369.520857274532 363.439801692963 287.380393981934 503.546524047852 378.631452560425 365.792018890381 235.655914306641 356.377998352051 306.724220275879 534.761383056641 313.259353637695 599.555389404297 421.476318359375 349.082113265991 411.677942037582 509.190040588379 427.118907928467 439.814893722534 528.582412719727 465.190155029297 378.464019775391 437.08930683136 440.071390151978 450.428783416748 510.530384063721 464.323746681213 620.319519042969 519.191408157349 603.273040771484 496.852140903473 471.326820373535
455.840145111084 421.222416877747 379.964462280273 467.580425262451 542.514846801758 267.983177185059 422.619171142578 240.78352355957 329.262411117554 386.071550369263 372.290085792542 358.29026222229 378.211669921875 515.355194091797 333.525337219238 336.316549301147 474.147415161133 374.997076511383 434.737869262695 422.991508483887 432.404315948486 386.815097808838 228.017623901367 224.428283691406 375.701319694519 102.786804199219 447.359580993652 364.922241926193 364.584471464157 432.715763092041 436.702205657959 412.092720031738 333.863693237305 380.071420669556 456.621879577637 441.726993560791 496.134559631348 438.248896360397 414.472803115845 429.708202362061 472.933928489685 509.072439193726 363.333793640137 508.471691131592 578.748504638672 557.907493591309 521.799782752991 405.777191162109 538.758298873901 834.241039276123
600.135533332825 305.471462249756 462.754493713379 497.426361083984 508.666152954102 284.546020507812 580.189193725586 411.566867828369 246.645645141602 313.197813034058 244.448020935059 321.294322967529 405.668113708496 432.226417541504 267.496002197266 332.46732711792 450.639839172363 369.475710391998 584.915069580078 462.182205200195 305.600513458252 370.02229309082 318.678672790527 326.968349456787 282.038795471191 283.661674499512 305.799182891846 369.796370506287 471.577842712402 358.145812988281 347.014030456543 389.496893882751 510.230430603027 205.542694091797 478.215026855469 642.700332641602 400.615699768066 394.545951843262 567.359214782715 567.887428283691 509.536594390869 437.516479492188 565.110580444336 492.848831176758 442.46577835083 574.80770111084 658.708483695984 866.981483459473 557.992696762085 468.3779296875
455.495141983032 529.770641326904 471.981910705566 453.875694274902 616.34928894043 488.304611206055 400.545757293701 382.14094543457 466.189414978027 379.699657917023 474.507041931152 474.904937744141 437.687019348145 406.806449890137 396.303478240967 377.075803756714 450.277290344238 425.154815673828 442.697135925293 358.0091381073 417.11047744751 400.351337432861 225.81396484375 369.70405292511 293.686065673828 448.440673828125 432.695705413818 399.313496589661 443.484672546387 214.457244873047 315.055290222168 417.081352233887 535.348724365234 554.723403930664 501.450386047363 350.098266601562 539.395736694336 453.382669448853 473.128657341003 625.0634765625 616.032638549805 391.340057373047 350.382591247559 456.199992179871 442.882286071777 797.390609741211 560.921029090881 985.417251586914 524.622802734375 481.680358886719
492.671257019043 317.056655883789 398.096374511719 516.582107543945 433.689482212067 477.732887268066 398.235799789429 517.72770690918 424.708686828613 332.909969329834 286.658622741699 405.125957489014 418.574504852295 360.906044006348 338.321868896484 370.575370788574 241.503929138184 312.195022583008 456.930473327637 497.449157714844 401.039016723633 327.367870330811 315.631481170654 433.516063690186 290.390151977539 476.548461914062 510.890426635742 417.372074127197 460.306999206543 394.205973163247 366.220932006836 293.966590881348 380.418975830078 517.622734069824 444.15953874588 458.762359619141 465.319634914398 491.506742477417 515.460620880127 429.530975341797 562.291767120361 673.980651855469 384.836666107178 898.364685058594 637.404529571533 962.991500854492 601.040603637695 579.365821838379 536.679962158203 664.663413047791
331.960443258286 325.955623984337 269.041809082031 431.865978240967 537.465591430664 484.176158905029 441.69815826416 330.689113616943 430.957782745361 353.953922748566 377.139405250549 404.538675308228 429.447975158691 278.744842529297 368.280691862106 410.230270385742 365.42408657074 241.53271484375 332.551456451416 168.976806640625 347.779741287231 344.280555725098 407.940063476562 423.47082901001 441.943008422852 425.364528656006 455.185409545898 448.037021636963 446.238063812256 281.256767272949 294.42692565918 247.747375488281 500.492141723633 395.338798522949 465.604127883911 567.028190612793 371.514434814453 332.046508789062 336.604873657227 564.290187835693 395.690200805664 559.163333892822 791.441753387451 673.858139038086 599.148537158966 660.454444885254 838.886169433594 683.128448486328 532.555587768555 600.589641571045
554.270835876465 311.091201782227 325.340034484863 558.402267456055 506.630516052246 457.829811096191 319.698978424072 319.493625640869 507.496383666992 454.770385742188 388.302545547485 415.175876617432 285.800010681152 257.894271850586 314.340454101562 455.10279083252 412.982318878174 354.877210617065 318.694873809814 378.386077880859 456.644111633301 445.013214111328 299.964714050293 284.095245361328 363.552537918091 462.93839263916 480.70157623291 454.888771057129 465.052646636963 295.413635253906 479.966644287109 482.420608520508 364.051456451416 447.338680267334 473.668842315674 338.625564575195 407.126583099365 317.558959960938 469.351531028748 518.081919670105 686.767822265625 567.151395797729 901.029670715332 535.001922607422 446.055965423584 698.688674926758 694.1953125 620.066986083984 436.117782592773 444.160346984863
339.176392555237 482.451042175293 384.353401184082 497.527145385742 568.045608520508 445.623809814453 493.102195739746 383.498470306396 297.924282073975 265.85627746582 399.673713684082 278.946807861328 371.521689891815 182.058547973633 351.45679473877 431.436500549316 461.238243103027 359.454319000244 353.279388427734 563.135040283203 388.43426322937 322.150192260742 524.347595214844 406.06787109375 454.549964904785 294.247650146484 371.460978507996 292.930206298828 468.411270141602 456.412700653076 492.424102783203 341.908363342285 482.46667098999 473.073051452637 476.497478485107 419.868492126465 499.253569602966 542.794395446777 545.482620239258 482.762619018555 928.800247192383 546.861702919006 678.594341278076 632.288444519043 549.219486236572 526.199424743652 525.446632385254 525.434115409851 609.988403320312 514.677075982094
565.549591064453 366.035531997681 295.107875823975 355.539352059364 320.688430786133 478.031623840332 495.182472229004 303.473236083984 423.08716583252 385.378341674805 228.10969543457 344.186605215073 438.241607666016 362.47870349884 368.892976760864 249.278732299805 446.882369995117 364.546365261078 452.588966369629 269.942489624023 436.7822265625 422.353042602539 275.787872314453 313.378341674805 339.435043334961 352.685367584229 467.605392456055 387.998199462891 413.366939544678 298.58674621582 457.456188201904 393.424287796021 413.774108886719 341.410255432129 394.640731811523 521.41535949707 465.914041519165 619.441654205322 703.881408691406 667.590995788574 485.170585632324 400.327541351318 459.230588793755 469.16015625 343.423751831055 256.325881958008 514.649258613586 519.897051811218 465.379138946533 540.730945587158
446.4397315979 383.511039733887 308.325130462646 362.079711914062 459.806045532227 475.053207397461 344.348867893219 431.616249084473 276.442165374756 305.125133514404 267.05037689209 342.165426254272 366.633855819702 373.603029251099 380.230171203613 291.528018951416 423.426338195801 512.437347412109 482.187950134277 356.656558036804 456.582080841064 395.338268280029 437.774795532227 414.101148605347 331.728149414062 505.29443359375 416.69787979126 548.206359863281 475.136322021484 452.005451202393 352.485458374023 310.373756408691 471.667037963867 572.235549926758 535.713668823242 392.137535095215 476.498321533203 609.318824768066 579.511615753174 683.162216186523 424.780204772949 521.263534545898 488.101511001587 365.506271362305 436.230697631836 477.357299804688 512.112594604492 553.07568359375 557.558437347412 601.329370498657
302.781211853027 522.77320098877 232.439338684082 195.115524291992 359.358185768127 449.887046813965 353.263938903809 575.58837890625 379.08494913578 206.657913208008 293.13525390625 297.390029907227 410.351444244385 516.925079345703 287.459278106689 280.05687713623 393.34538269043 419.187610626221 306.385231018066 416.312641143799 387.596381187439 492.57389831543 305.350288391113 319.880279541016 444.052253723145 435.969923019409 504.446189880371 472.127227783203 433.808795928955 374.138963699341 416.594618797302 355.257209777832 461.339900016785 432.043655395508 550.209922790527 480.702702283859 725.240997314453 575.299583673477 598.382745742798 634.795738220215 473.01538848877 619.384712219238 581.88490486145 455.397674560547 555.114181518555 635.240198135376 585.238529205322 615.447766065598 706.452079772949 611.589141845703
264.00309753418 485.947463989258 390.245730876923 390.006031036377 297.987117767334 373.200654983521 436.043037414551 266.969793319702 421.150543212891 425.470104217529 247.33935546875 145.336212158203 285.694831848145 340.461500167847 381.02180480957 538.733901977539 401.940799713135 481.472152709961 377.132183074951 280.087028503418 310.774856567383 473.152038574219 355.638622283936 454.898654937744 426.035791397095 341.325733184814 309.237091064453 409.979875564575 489.728500366211 471.957942962646 432.807273864746 456.400939941406 554.233108520508 533.891044616699 522.849113464355 525.408706665039 499.594818115234 622.811386108398 522.536518096924 461.920325756073 439.557090759277 494.798820495605 638.644948959351 563.283187866211 574.376937866211 -9999 -9999 716.4501953125 700.437866210938 810.773590087891
386.137310028076 273.558929443359 482.598846435547 434.748210906982 359.23570728302 275.939559936523 348.177215576172 528.662673950195 389.615287780762 279.610778808594 205.405532836914 248.666107177734 299.1487159729 380.522150039673 370.294273376465 417.419425964355 535.007751464844 412.509178161621 515.945785522461 337.847003936768 424.300216674805 330.522621154785 496.339164733887 365.620048522949 465.58988571167 371.065174102783 379.401912689209 415.77099609375 414.195731163025 404.17335319519 453.666833877563 472.729522705078 309.066665649414 378.295570373535 354.103485107422 1006.61354064941 726.093170166016 702.967727661133 461.452461242676 621.722305297852 590.291297912598 506.082466125488 -9999 -9999 -9999 -9999 -9999 -9999 -9999 -9999
407.182880282402 382.467861175537 519.258026123047 376.029521942139 569.591049194336 520.638427734375 330.804622650146 348.072437286377 433.528388977051 349.960430145264 246.674011230469 277.667678833008 196.039825439453 441.05883026123 295.916248321533 508.654220581055 525.814453125 445.758110046387 337.527950286865 335.699981689453 490.25887298584 508.730346679688 396.905094146729 450.492149353027 468.339179992676 281.999687194824 402.877614021301 480.803699493408 399.225467681885 555.163803100586 487.755184173584 549.846389770508 528.84602022171 166.073303222656 355.179618835449 615.677291870117 602.193321228027 464.224159240723 474.423590660095 709.905479431152 665.24626159668 -9999 -9999 -9999 -9999 -9999 -9999 -9999 -9999 -9999
