export/dem/dem7.asc
NCOLS 350
NROWS 171
XLLCORNER 152620
YLLCORNER 418050
CELLSIZE 100
NODATA_VALUE -9999
[rows 22 to 43 of 171, columns 150 to 199 of 350]
707.435340881348 670.301614761353 591.032634735107 540.242523193359 576.47745513916 562.509254455566 552.828502655029 543.524696350098 472.325103759766 449.380981445312 489.980316162109 620.876953125 932.362789154053 503.129592895508 746.495800018311 555.62239074707 788.290496826172 675.428535461426 546.501083374023 719.259685516357 610.640594482422 479.392654418945 749.208625793457 701.506605148315 689.915946960449 763.901235580444 989.566047668457 717.151175498962 632.347648620605 692.095878601074 524.819358825684 612.805294036865 605.609857082367 559.427745819092 530.786323547363 495.433776855469 625.671543121338 631.941076278687 572.317886352539 719.955101013184 668.48344039917 636.006546020508 601.67212677002 559.737762451172 598.252292633057 812.755676269531 722.811370849609 707.985786437988 687.841186523438 534.176773071289
520.614906311035 587.659862518311 591.202049255371 528.911903381348 339.857391357422 532.644859313965 369.085372924805 460.866348266602 437.665374755859 574.453693389893 495.969863891602 575.606292724609 683.282493591309 634.494354248047 679.02596282959 618.852020263672 533.152420043945 856.557563781738 529.122573852539 593.283157348633 444.835845947266 781.193778991699 622.316558837891 571.281845092773 631.576683044434 706.848951518536 1238.06052017212 765.080894470215 571.839088439941 614.176216125488 504.83039855957 590.090843200684 713.709785461426 579.276885986328 767.08854675293 611.284229278564 526.820808410645 646.202596664429 574.904800415039 767.093803405762 832.428970336914 795.072380065918 619.821594238281 570.979942321777 670.088745117188 676.020727157593 745.847003936768 755.61820602417 779.767879486084 608.976379394531
525.460163116455 613.717868804932 653.268939971924 526.461227416992 635.493602752686 542.82251739502 630.806587219238 475.011795043945 607.360847473145 493.63117980957 513.237167358398 731.053543295711 1047.45386505127 893.611915588379 550.835792541504 1293.77896881104 720.04976272583 412.108810424805 467.051208496094 694.047130584717 694.824768066406 670.560478210449 655.016288757324 638.118000030518 642.522155761719 711.428177595139 551.073928833008 577.392272949219 491.873153686523 475.830551147461 624.606182098389 550.337509155273 644.546670436859 613.751167297363 757.487663269043 668.828678131104 656.604156494141 743.548965454102 824.31120300293 883.479446411133 705.610337257385 684.956610023975 573.704551696777 760.596824645996 619.789741516113 732.274223327637 692.902070999146 797.271850585938 675.936008453369 581.524307250977
735.962036132812 682.629829406738 552.510070800781 594.138418197632 585.627773284912 603.635864257812 581.769487380981 536.977569580078 695.438117980957 460.795013427734 510.994934082031 679.489219665527 1053.53554534912 626.578327178955 804.402267456055 865.636413574219 521.420043945312 993.592601776123 709.286282539368 599.536148071289 876.187240600586 880.090850830078 757.000659942627 712.421558380127 734.124969482422 634.66450881958 740.288695573807 571.782485961914 616.621564865112 441.464721679688 668.862815141678 483.834442138672 662.963750839233 542.820747375488 592.943279266357 572.997024536133 657.054727554321 666.830337524414 663.827417373657 725.349086761475 725.687099456787 809.22110748291 830.612884521484 634.408496856689 675.586505889893 739.040183067322 621.172779083252 585.282257080078 735.706924438477 626.391502380371
705.280067443848 552.117900848389 559.423748016357 559.033363342285 645.703701019287 695.587718963623 508.78849029541 523.797576904297 444.928283691406 567.909446716309 601.324293136597 492.414733886719 677.878372192383 588.33251953125 639.226537704468 861.308670043945 848.170379638672 842.789192199707 644.879170894623 601.088607788086 424.891296386719 590.050895690918 519.11701965332 627.383186340332 693.852276802063 710.103116989136 749.668853759766 645.702262878418 587.427536010742 647.909450531006 638.810211181641 692.956211090088 711.125263214111 603.657909393311 659.280586242676 618.139660358429 636.544997215271 771.310577392578 729.002990722656 718.11051940918 721.505165100098 631.881031036377 617.381233215332 725.664360046387 696.879020214081 754.897369384766 655.894569396973 570.718521118164 732.098930358887 705.594596862793
675.978317260742 614.960388183594 735.760391235352 568.762518882751 560.579154968262 501.056350708008 646.106568813324 518.832572937012 588.357947349548 406.126831054688 632.794574737549 578.135757446289 725.634634017944 596.347183227539 544.454040527344 585.573150634766 679.715957641602 662.743595123291 477.572692871094 777.212829589844 750.440756797791 883.916645050049 677.422074317932 631.553527832031 565.039916992188 869.136940002441 666.655452728271 840.440452575684 739.780647277832 549.874076843262 733.274337768555 607.587020874023 516.197639465332 642.555233001709 750.846832275391 498.083831787109 606.946821212769 540.745559692383 638.890632629395 657.300914764404 641.785549163818 547.554008483887 687.791770935059 595.171772003174 640.558353424072 643.115822076797 616.660289764404 716.2155418396 680.297061920166 646.998977661133
462.120613098145 652.843070983887 654.161949157715 556.462886810303 591.003398895264 407.345336914062 578.189712524414 487.018157958984 476.369697570801 553.561431884766 728.267625808716 1133.49206542969 681.791976928711 768.151828765869 758.639892578125 1016.69586181641 592.489437103271 1017.28665161133 557.715797424316 904.377027511597 837.679790496826 761.819648742676 644.384965896606 799.930690765381 505.860992431641 758.601418495178 563.389228820801 775.117172241211 690.017181396484 560.41174697876 537.496368408203 588.795276641846 623.06866645813 445.077407836914 670.497791290283 669.916774749756 629.20369720459 611.25696349144 623.481163024902 565.82710647583 822.010364532471 937.730903625488 621.637283325195 693.083106994629 639.288034439087 414.231307983398 664.201728820801 589.41926574707 607.437446594238 663.588073730469
582.351654052734 488.397880554199 491.466033935547 614.334903717041 549.329347610474 502.247940063477 614.803829193115 435.593551635742 574.955156326294 484.893394470215 657.36248588562 978.460872650146 698.385696411133 961.632579803467 831.126663208008 740.530708312988 685.898984909058 596.048789978027 450.345306396484 524.278297424316 988.75124835968 662.698694229126 685.22776222229 818.617149353027 630.88805770874 493.831260681152 469.14909362793 554.780975341797 745.900024414062 580.183307647705 715.092964172363 543.498912811279 603.436786651611 592.46949005127 708.156402587891 559.597003936768 638.116962432861 634.062698364258 681.237525939941 687.376152038574 681.178726196289 786.910673141479 616.768105506897 721.997802734375 699.045013427734 547.868759155273 668.188840866089 627.855495929718 436.896881103516 518.869895935059
597.57271194458 498.598537445068 412.676162719727 384.99592590332 632.700836181641 454.011329650879 529.882041931152 595.401853561401 491.039665222168 710.828430175781 786.072649002075 940.056012153625 1155.25312805176 836.164672851562 868.588134765625 543.908538818359 562.908149719238 501.432693481445 473.056213378906 884.203468322754 984.188903808594 809.025039672852 469.860961914062 616.446767807007 323.694427490234 628.393119812012 687.710113525391 524.266639709473 610.371426224709 512.780670166016 595.604984521866 642.986953735352 528.921714782715 541.225151062012 652.715711593628 536.338745117188 549.169269561768 585.614654541016 585.965358734131 476.985412597656 650.539993286133 559.678916931152 439.045074462891 669.396295547485 759.070571899414 508.04744720459 607.320271492004 608.485097885132 489.964897155762 583.411796092987
504.37385559082 389.989593505859 526.429840087891 561.500638008118 461.171844482422 525.773441314697 355.48095703125 581.754709243774 500.106330871582 758.873725891113 801.324592590332 827.27294921875 854.706897735596 673.317974090576 675.581924438477 519.372848510742 636.149978637695 547.473545074463 473.453796386719 607.940967559814 536.577323913574 559.812320709229 527.881946563721 627.73504447937 517.680366516113 606.562227249146 637.970157623291 555.642166137695 479.308715820312 449.432983398438 525.058567047119 614.81974029541 481.845268249512 468.292724609375 648.02025604248 525.881381988525 500.401054382324 679.313346862793 609.420497894287 562.014087677002 787.12894821167 599.673690795898 634.249977111816 686.890090942383 514.535934448242 715.138442993164 599.672254562378 483.200660705566 542.891876220703 606.540355682373
423.563201904297 669.575050354004 448.349517822266 406.947555541992 452.343399047852 506.649089813232 500.695266723633 564.822982788086 781.39656829834 673.641401290894 652.242588043213 643.715543746948 679.58667755127 726.157669067383 650.709163665771 747.629867553711 700.49528503418 637.134113311768 536.891761779785 598.029926300049 488.669464111328 555.491817474365 509.23401260376 453.30704498291 549.755950927734 589.902839660645 571.393074989319 531.195808410645 324.896530151367 555.802870750427 551.593055725098 473.491729736328 596.109210968018 545.178153991699 448.588012695312 671.909362792969 683.861724853516 479.298370361328 497.584884643555 640.349220275879 626.184684753418 580.157783508301 677.977798461914 597.385747909546 493.262237548828 525.896369934082 536.101997375488 626.36890411377 494.67658996582 528.738750457764
478.93229675293 610.135215759277 624.358520507812 472.71656036377 433.454162597656 414.989715576172 478.983947753906 628.949489593506 725.192878723145 695.689769744873 542.096977233887 511.107566833496 704.559516906738 622.3850440979 696.322257995605 722.354690551758 641.9465675354 611.712049484253 523.78674697876 479.569671630859 482.992904663086 582.984434127808 509.534488677979 609.111804962158 407.310043334961 669.145172119141 631.641265869141 609.483867645264 472.618782043457 589.226837575436 709.460403442383 700.436813354492 537.082546234131 590.907222747803 567.520895957947 575.784527778625 499.277702331543 573.955231666565 845.47119140625 494.439224243164 618.712474822998 720.847564697266 447.052619934082 515.988876342773 561.878252029419 633.791481018066 688.012413024902 658.665336608887 562.440286040306 597.565957069397
507.308738708496 373.630615234375 544.826636314392 543.09814453125 455.127532958984 455.025352478027 846.613464355469 571.123548768461 609.833789825439 593.962560653687 677.985252380371 584.159301757812 684.907447814941 575.20495223999 688.071029663086 706.505966186523 460.352233886719 494.285919189453 508.415748596191 376.038467407227 564.74982213974 589.261541366577 590.899703979492 539.639150619507 409.806015014648 473.174362182617 526.566734313965 690.164878845215 572.148283958435 504.96724319458 579.326236724854 620.945976257324 583.200784683228 619.308490753174 646.746864318848 624.0573387146 613.537921905518 538.610153198242 611.345531463623 677.840179443359 565.435973644257 613.738372802734 657.177848815918 488.804912567139 712.886569976807 541.354772567749 597.448722839355 639.059564590454 650.109437942505 605.892288208008
539.823039054871 576.140966415405 572.870090484619 497.654815673828 523.604312896729 549.427963256836 631.762597084045 744.126922607422 661.806625366211 627.492641448975 660.167633056641 635.488185882568 650.313667297363 702.000076293945 695.3505859375 620.236072540283 520.609174728394 613.149360656738 372.868270874023 499.291692733765 584.16300201416 529.20100402832 422.384735107422 568.650024414062 451.056945800781 505.413661956787 541.43550491333 664.467764258385 453.842704772949 344.791580200195 407.344650268555 539.983943939209 576.296556472778 564.813705921173 577.851233005524 622.760593414307 694.194141387939 809.550140380859 393.678421020508 422.860504150391 475.226181030273 532.262031555176 708.161338806152 625.904490470886 1111.10283565521 538.763800621033 610.1628074646 554.688061952591 560.050661217421 697.541702270508
617.111457824707 652.017555236816 626.812553405762 662.939819335938 465.378509521484 601.933040618896 535.270374298096 608.856670379639 564.592688083649 714.656227111816 614.273162841797 376.076950073242 522.67991065979 499.553291320801 507.553672790527 652.051742553711 522.734212875366 577.597690582275 505.416816711426 462.922210693359 481.375846862793 482.058597564697 531.182502746582 606.932155609131 570.567091941833 655.592193603516 488.272613525391 621.597297668457 535.808139801025 633.095176696777 708.73365020752 544.00602722168 581.994393825531 610.719650268555 514.71427154541 600.6559715271 682.605606079102 642.934047341347 657.429290771484 633.880760192871 594.937652587891 600.972778320312 647.429733276367 506.024841308594 939.507255554199 562.815580368042 648.922676086426 646.690643310547 627.260040283203 569.560960769653
604.356731414795 664.084434509277 614.044261932373 624.192367553711 585.254501342773 502.05029296875 757.776000976562 767.820831298828 597.453681945801 526.337921142578 409.337127685547 617.001853942871 388.005142211914 721.531219482422 513.811859130859 574.572525024414 662.543830871582 445.181167602539 412.807075500488 686.145629882812 522.649616241455 567.844820022583 522.320211648941 553.278011322021 391.144744873047 433.779396057129 590.537190437317 735.58256149292 1001.02937698364 490.937877655029 487.644874572754 496.034393310547 637.073294639587 655.423900604248 565.213840484619 543.797781825066 655.690338134766 605.574333190918 494.600952148438 612.871322631836 565.484794616699 469.98363494873 537.411624908447 510.410213470459 506.948875427246 497.23908996582 583.693176269531 703.658294677734 472.689918518066 529.878261566162
575.175708770752 680.077865600586 590.984400272369 558.497364044189 538.264755249023 509.642196655273 740.735633850098 463.453674316406 690.069488525391 407.360290527344 445.509475708008 526.686740875244 490.698448181152 560.450947761536 555.856761455536 594.856552124023 528.200698852539 658.511016845703 486.18798828125 430.765686035156 601.506187438965 697.174743652344 631.029151916504 528.434761047363 553.154581069946 513.723249435425 423.528823852539 463.253082275391 818.40570640564 643.377521514893 680.070823669434 566.078777313232 538.801067590714 478.124904632568 618.645195007324 655.34033203125 637.557136535645 638.399353027344 690.56672668457 703.204696655273 466.851219177246 607.098415374756 553.298696994781 454.427528381348 613.981056213379 535.198184013367 734.565185546875 561.048671722412 587.362628936768 416.644096374512
599.30884552002 623.182708740234 606.753295898438 476.67707824707 457.614219665527 552.159328460693 618.473670959473 678.052421569824 549.97899055481 534.311765670776 418.367584228516 549.241344451904 461.204330444336 605.906257629395 647.239379882812 515.440580368042 577.103399276733 603.89282989502 568.274551391602 569.900457382202 675.758392333984 412.673469543457 365.974853515625 482.066116333008 494.69197845459 545.788934707642 415.501617431641 406.692337036133 810.011114120483 971.610609054565 429.34407043457 447.41382598877 465.366706848145 568.232486724854 566.874389648438 709.85546875 609.147178649902 487.557147979736 672.26594543457 472.763610839844 706.039077758789 557.261015892029 496.500484466553 503.34107208252 414.932487487793 430.652214050293 615.77970123291 544.485786437988 597.298530578613 671.407920837402
651.107627868652 736.581192016602 628.285766601562 571.180456161499 560.939856052399 437.109420776367 589.033657073975 446.442459106445 504.940536499023 618.257192611694 452.255584716797 611.032917022705 450.867408752441 523.254821777344 549.827743530273 664.446624755859 683.540344238281 710.01309967041 460.661651611328 551.493469238281 667.838424682617 523.536945343018 534.664371490479 501.654121398926 434.111740112305 464.855178833008 476.943832397461 711.670873641968 538.868560791016 498.544521331787 426.080451965332 390.314270019531 491.972981929779 455.449813842773 609.064544677734 479.744197845459 384.532852172852 570.216487884521 659.643486022949 491.616752624512 603.586006164551 564.153318405151 591.940982818604 360.264205932617 451.988914489746 576.728921890259 513.201871871948 549.665296554565 580.472820281982 586.342639923096
621.21688079834 636.615936279297 637.735343933105 439.259902954102 479.563323974609 480.604499816895 512.602676391602 472.605888366699 588.069910049438 627.237107992172 447.147003173828 409.175422668457 531.838347196579 616.224479675293 485.054573059082 446.80689239502 699.011383056641 761.117263793945 721.523223876953 505.3151512146 545.86255645752 587.644420623779 475.548774719238 346.849105834961 492.755954742432 526.041963577271 501.7839012146 619.603954315186 771.508129119873 640.032619476318 629.837471008301 675.138809204102 425.067810058594 429.11646270752 402.737701416016 485.303028106689 556.990776062012 529.446042060852 518.043380737305 521.803899765015 532.483968734741 540.722727775574 456.264358520508 568.606605529785 472.010173797607 516.550527572632 498.98902130127 486.899253845215 693.982955932617 529.568483352661
599.63777923584 564.281709671021 608.259094238281 508.356674194336 470.112762451172 482.592620849609 588.816841125488 585.680274963379 533.477085113525 592.633524894714 601.264344215393 501.516996383667 416.526260375977 413.611114501953 526.816539764404 562.889450073242 592.9059715271 498.135633468628 689.387451171875 531.872661590576 478.46227645874 633.747032165527 640.093780517578 312.569473266602 398.821105957031 372.31640625 523.60133934021 648.343589782715 723.960292816162 799.770195007324 614.624216079712 595.083242416382 553.632152557373 344.696655273438 581.354911804199 519.946830749512 573.832630157471 569.059928894043 530.776901841164 721.647689819336 581.0481300354 570.001529693604 498.437591552734 575.220525741577 532.829315185547 572.882884979248 609.592502593994 520.062654495239 479.576240539551 613.233310699463
374.351547241211 437.51146697998 508.456020355225 541.682237625122 466.099365234375 570.098878383636 536.133760452271 532.706163406372 435.124702453613 474.487749099731 478.04141998291 476.55281829834 552.252596855164 482.238716125488 518.56046295166 688.631912231445 598.703746795654 630.794326782227 670.80387878418 398.980010986328 279.340148925781 528.058340072632 429.118583679199 522.712280273438 418.191604614258 361.711608886719 412.157165527344 603.249050140381 628.95906829834 580.130062103271 650.73999786377 545.831283569336 582.109107971191 531.231575965881 494.618949890137 540.966658234596 566.508409500122 624.282009124756 695.526069641113 631.452587127686 559.027370452881 574.962810516357 831.513763338327 778.785495758057 695.350187301636 609.525594711304 595.490251541138 675.546928405762 558.02244758606 614.8645362854
