export/dem/dem78.asc
NCOLS 350
NROWS 171
XLLCORNER 152620
YLLCORNER 418050
CELLSIZE 100
NODATA_VALUE -9999
[rows 66 to 87 of 171, columns 50 to 99 of 350]
490.312351226807 547.595558166504 497.827447891235 510.796264648438 602.789398193359 408.230587005615 343.935485839844 382.009370803833 339.766098022461 290.223022460938 380.180942773819 335.923622131348 291.405826568604 389.248954772949 499.74129486084 454.192115783691 248.538566589355 409.327705383301 326.807525634766 329.974815368652 448.549423217773 296.124053955078 432.798854827881 534.823471069336 456.920181274414 431.026985168457 474.063407897949 414.774059295654 376.855772018433 299.442520141602 577.730895996094 429.279901504517 329.655639648438 295.404037475586 477.607025146484 368.420124053955 257.456787109375 447.983694076538 388.856216430664 409.768543243408 466.46990776062 298.960296630859 418.065008163452 371.39672088623 470.306564331055 365.717185974121 404.55094909668 438.526285171509 531.925720214844 501.677356719971
434.445907592773 613.576522827148 493.098831176758 444.132461190224 406.188555717468 490.724426269531 601.285888671875 415.084831237793 328.091129302979 352.269180297852 327.541873931885 410.736633300781 359.497007369995 486.795951843262 348.110172271729 338.488157272339 352.465303421021 319.960243225098 346.256798744202 340.523641586304 340.446960449219 333.27046585083 460.95760345459 380.425631046295 495.99382019043 525.880889892578 387.283955574036 426.852470397949 347.869533538818 293.488105773926 468.058578491211 459.26439666748 345.562488555908 308.330238342285 388.448390960693 244.641082763672 395.387756347656 300.262504577637 52.6837768554688 433.39638710022 515.114189147949 440.189453482628 504.961196899414 409.374668121338 471.772327423096 482.713621139526 495.009986877441 420.30225944519 463.29195022583 615.440216064453
472.449277877808 439.347751617432 438.933084487915 516.45809173584 379.680149078369 383.28576374054 413.039489746094 360.165219306946 389.137153625488 406.558074951172 275.550880432129 470.471611022949 294.054233551025 375.989124298096 403.609149932861 467.221328735352 504.721694946289 264.522850036621 304.532508850098 272.24878692627 410.393947601318 426.227756500244 379.507758140564 398.943372249603 352.235759735107 389.351383447647 478.033996582031 286.552108764648 390.324779510498 426.642681121826 471.926147460938 381.68660736084 347.276084899902 403.866882324219 459.120281219482 348.129123687744 368.542036056519 469.922966003418 283.605178833008 393.839954376221 395.823307037354 423.931602478027 466.174703598022 405.199064254761 432.548028945923 427.390108108521 337.069915771484 394.28755569458 481.288623809814 459.560989975929
491.75056552887 443.436122894287 439.546318054199 380.862117767334 358.410083770752 388.469748973846 426.444129943848 505.935897827148 350.016134262085 405.360008239746 243.388458251953 258.707397460938 324.139629364014 237.161766052246 368.154275894165 267.83177947998 383.677401065826 299.270889282227 612.724792480469 245.051391601562 264.99324798584 358.885150909424 407.126209259033 232.80305480957 398.265964746475 253.855102539062 335.338596343994 305.797065734863 381.918031692505 452.414310455322 244.674346923828 307.501403808594 426.163749694824 343.104934692383 447.022346496582 442.249797821045 257.746124267578 333.580665588379 341.535842895508 405.037986755371 455.312671661377 241.020706176758 385.357006072998 553.385032653809 522.070098876953 369.889862060547 417.477874755859 521.876659393311 356.688583374023 464.86993598938
439.611705780029 409.846988677979 336.359825134277 529.98445892334 531.652618408203 387.072074532509 508.546890258789 382.578872680664 298.734561920166 316.599628448486 356.572063207626 391.90832233429 320.23494720459 316.737104415894 162.780426025391 416.235149383545 430.334396362305 389.88191151619 334.187259674072 437.002304077148 318.602405548096 469.397430419922 176.711151123047 326.807983398438 391.892954468727 516.843688964844 354.158409118652 258.393402099609 400.071283340454 382.98225402832 352.670360565186 455.436756134033 391.932723999023 460.807800292969 553.900955200195 378.918132781982 380.045520782471 457.296989440918 396.773681640625 418.543421268463 464.562828063965 358.418212890625 416.972967147827 547.418998718262 383.391616821289 465.892601013184 494.735919952393 417.312557220459 383.84366607666 368.57991027832
400.633087158203 399.398811340332 517.66024017334 259.218933105469 497.080993652344 441.162208557129 428.09672164917 419.865844726562 321.394319534302 322.94517326355 337.435859680176 381.038095474243 426.347755432129 405.174777984619 482.251857757568 390.194381713867 480.384643554688 420.420150756836 321.030473709106 240.045455932617 431.156108856201 169.060791015625 271.888526916504 354.482892036438 307.362937927246 495.856704711914 460.085784912109 371.514461517334 405.597732633352 377.158156394958 482.685943603516 420.80876159668 354.012516021729 490.571624755859 345.574058532715 436.248439788818 459.031673431396 417.831182479858 426.693576812744 536.773910522461 472.36548614502 469.160953521729 505.760604858398 484.86404800415 503.555908203125 393.256046295166 489.193964004517 559.596076965332 564.277458190918 432.62576675415
507.666088104248 512.641502380371 361.646835327148 302.372146606445 395.142389297485 230.854248046875 318.571044921875 279.14762878418 325.306535720825 362.201847076416 284.263961791992 359.016948699951 223.486038208008 337.62993812561 343.077662229538 504.824783325195 438.57445526123 513.490036010742 373.510931491852 322.014953613281 340.519323348999 219.069580078125 243.000183105469 265.671485900879 233.062286376953 331.914264678955 563.778854370117 324.79026889801 418.499090194702 409.523783683777 322.522468566895 406.506105422974 448.771644592285 504.470359802246 170.991912841797 370.538108825684 537.662117004395 471.866149902344 560.974655151367 574.771728515625 394.307586669922 620.186248779297 576.510307312012 345.981323242188 552.656898498535 539.472183227539 408.121425628662 628.819808959961 596.009017944336 440.837749481201
546.795738220215 388.245616912842 582.663177490234 231.49787902832 220.919845581055 312.288036346436 388.414594650269 372.38402557373 211.484741210938 338.618813514709 235.38353729248 352.182881951332 345.08564043045 419.479190826416 372.687222480774 389.029361724854 472.763092041016 543.388900756836 444.813270568848 421.80451965332 323.374420166016 411.686531066895 247.40796661377 307.03092956543 395.995983123779 324.652278900146 484.235885620117 330.809795379639 325.061557769775 416.548015594482 410.622535705566 395.19044303894 433.376243591309 407.870090484619 422.38720703125 284.018760681152 509.150543212891 250.836013793945 520.963592529297 330.117881774902 479.433710098267 554.457969665527 550.306053161621 421.115509033203 445.448415756226 434.960205078125 512.288901329041 558.149032592773 547.511096954346 377.626914978027
465.541366577148 368.407661437988 353.194049835205 200.416839599609 380.174127578735 195.738922119141 338.282836914062 304.404647827148 396.326374053955 294.732856750488 410.784652709961 257.210456848145 445.507774353027 352.104295253754 408.540004730225 529.46142578125 542.304565429688 477.954689025879 443.162574768066 465.43318939209 418.788486480713 422.000335693359 340.65523147583 408.528881072998 449.303802490234 311.398727416992 379.459887474775 359.775949478149 339.752727508545 387.015855789185 441.878715515137 504.967994689941 471.638473510742 351.724445343018 380.414216995239 351.948268890381 464.986568450928 431.64808177948 399.227851867676 557.270866394043 572.107238769531 681.610549926758 548.835266113281 475.001485347748 487.8842420578 563.610092163086 445.853687286377 447.891597747803 504.640358924866 482.725563049316
444.082897186279 382.196678161621 409.640483856201 301.465103149414 295.464889526367 203.032272338867 189.690658569336 344.089826583862 333.538236618042 84.4862060546875 268.634460449219 355.801426887512 486.651031494141 355.980692863464 314.803272247314 450.556365966797 458.463874816895 396.104103088379 447.686698913574 365.991123199463 497.275756835938 382.222988128662 378.102546691895 318.736278533936 373.290893793106 386.074992179871 395.789799690247 393.744735717773 381.855159759521 395.82693195343 304.695373535156 439.580852508545 545.972564697266 376.168857574463 445.253665924072 423.036755561829 362.640796661377 560.265190124512 612.152816772461 505.424911499023 544.287368774414 540.954235076904 591.768760681152 437.342845916748 384.675331115723 438.18465423584 504.562814474106 446.439769744873 350.637832641602 717.43994140625
609.81386756897 356.065615653992 314.756134033203 409.152414321899 420.339613199234 297.768501281738 212.195251464844 266.375335693359 344.363862991333 289.794078826904 338.969345092773 263.341934204102 381.577745437622 362.219381332397 459.855094909668 357.866978645325 403.3108253479 395.329467773438 578.646331787109 571.622756958008 455.412208557129 392.718662261963 487.212684631348 487.222938537598 417.869216918945 356.2633934021 330.046808242798 407.327186584473 355.184089660645 492.425964355469 507.50309753418 496.944816589355 382.416332244873 454.013927459717 469.704460144043 503.099334716797 494.422855377197 437.924991130829 478.328542262316 324.560668945312 355.595718383789 433.041854858398 616.974609375 515.544654846191 397.963207244873 504.981670379639 518.633819580078 898.774001121521 628.298069000244 625.935178756714
415.167032241821 409.921287536621 555.812316894531 348.838468551636 463.771765708923 389.785194396973 181.096710205078 308.806606292725 216.104370117188 279.262908935547 340.967758178711 245.088455200195 288.384735107422 321.393207550049 401.170970916748 365.191654205322 377.194129943848 404.191215515137 366.453415393829 358.346564292908 454.425834655762 452.036125183105 422.56099319458 341.873886108398 341.337385177612 474.874542236328 411.330379486084 300.633819580078 400.071975708008 375.861185073853 398.52063369751 485.057121276855 380.567338943481 527.446411132812 587.986694335938 479.201877593994 383.644660949707 536.975463867188 517.665439605713 643.961334228516 558.102012634277 577.424285888672 625.593826293945 526.412010192871 438.477951049805 861.715408325195 583.581831932068 750.635555267334 486.29332447052 555.716552734375
587.905082702637 318.9342918396 246.133247375488 323.864799499512 299.129043579102 333.85551071167 426.994735717773 493.753311157227 380.449899822474 322.458934783936 455.664726257324 340.66015625 452.343162536621 341.890411376953 307.737796783447 475.863632202148 487.450347900391 288.322395324707 427.986946105957 365.803120613098 376.288833618164 395.936670303345 507.691467285156 382.277016639709 329.493270874023 373.587946891785 301.019050598145 420.22163772583 369.027317047119 411.159339904785 526.133071899414 363.392112731934 426.70679473877 431.180631399155 449.019515752792 412.887466430664 611.810394287109 609.333419799805 505.094846725464 593.648239135742 506.616229057312 462.169456481934 469.517395019531 850.935829162598 586.960908889771 660.286613464355 477.925455093384 496.445159912109 565.570242881775 707.570774078369
208.877624511719 218.15389251709 373.579944610596 335.086395263672 522.935134887695 644.79704284668 355.815553665161 467.543884277344 327.765071868896 264.06519317627 307.090751647949 462.616493225098 446.838935852051 347.091768264771 412.945953369141 288.868064880371 339.394790649414 329.483233571053 355.064075469971 240.087593078613 488.515083312988 577.557418823242 388.365713119507 453.466857910156 366.825668334961 424.390796661377 357.416608810425 447.427539825439 426.980922698975 466.725883483887 367.395511627197 499.141609191895 367.191963195801 442.967767715454 369.151657104492 550.854331970215 586.559173583984 365.903007507324 622.65739440918 512.961841106415 511.267084121704 629.793975830078 851.226715087891 534.606506347656 659.556106567383 643.107511520386 621.688172578812 600.668907165527 455.018508911133 617.599742889404
548.944458007812 439.323387145996 463.718040466309 454.390758514404 320.498264312744 321.17573928833 600.698974609375 567.382888793945 419.00496673584 363.340560913086 489.490348815918 401.304599761963 469.863014221191 533.910125732422 454.085723876953 446.81706237793 229.434600830078 222.278991699219 318.220855712891 303.986240386963 527.847686767578 440.901294708252 324.40172958374 471.500366210938 220.470245361328 425.154483795166 450.091804504395 467.198547363281 439.753162384033 463.0576171875 529.020050048828 496.859199523926 335.824859619141 462.027908325195 693.788055419922 445.315914154053 352.362716674805 494.880102396011 521.206771850586 526.548871994019 742.582153320312 498.406265258789 876.818550109863 270.071929931641 533.891151428223 414.480590820312 687.84496307373 445.145393371582 391.719665527344 536.682916641235
317.621074676514 301.931488037109 471.595458984375 340.005638122559 441.865558624268 364.344892263412 316.093425750732 572.174163818359 442.225936889648 427.61661529541 511.682205200195 359.44972038269 427.256591796875 444.455795288086 301.507579803467 196.265548706055 199.087844848633 286.67000579834 348.921388626099 459.389442443848 269.561004638672 89.8010559082031 329.429660797119 412.074327468872 497.572723388672 305.796653747559 291.128402709961 476.013137817383 406.396116256714 435.877502441406 480.662139892578 392.177598953247 517.935935974121 442.646343231201 471.271688342094 496.966407775879 544.388076782227 639.318092346191 461.871868133545 582.950034141541 858.783048629761 583.116384506226 966.403900146484 755.946689605713 635.931671142578 521.082021713257 531.305130004883 425.919296264648 424.147804260254 507.827019691467
374.008849143982 292.84566116333 282.764343261719 380.776798248291 305.891181945801 465.565582275391 493.219863891602 411.558116912842 403.13415145874 441.740737915039 312.218868255615 485.053482055664 375.427075386047 491.15763092041 447.620048522949 290.047256469727 306.717323303223 208.928421020508 251.334716796875 403.704902648926 279.632095336914 203.976577758789 358.960716247559 441.890495300293 417.060720443726 326.151920318604 369.461280822754 324.435279846191 425.520736694336 305.148414611816 250.878799438477 489.574562072754 480.666959762573 568.882415771484 360.487373352051 328.247970581055 593.793685913086 481.10799407959 548.987503051758 398.79524230957 565.919059753418 530.07982635498 580.833396911621 513.521381378174 374.327857971191 488.752731323242 507.057540893555 547.933296203613 523.795525074005 543.408935546875
475.0735206604 537.399368286133 321.751560211182 210.117767333984 445.812599182129 333.965942382812 431.781021118164 348.494938850403 388.686172485352 267.447982788086 390.616333007812 357.300419807434 281.212661743164 259.176071166992 292.038162231445 290.556224822998 228.398292541504 369.72676217556 307.622131347656 226.643112182617 505.06143951416 240.040985107422 241.219100952148 340.281497955322 470.471565246582 422.933404922485 509.639694213867 481.876235961914 234.217346191406 293.792991638184 314.439903259277 493.823661804199 541.861595153809 474.59045791626 464.760032892227 271.868057250977 406.72045135498 549.586303710938 410.808242797852 470.055923461914 308.741363525391 384.300537109375 508.108150608838 582.384544372559 565.077159881592 315.037902832031 617.574906349182 477.273376464844 564.716804504395 490.177368164062
394.970840454102 480.133392333984 395.740390777588 279.85005569458 521.954345703125 313.375410079956 307.169284105301 291.05033493042 470.91707611084 278.470947265625 365.828918457031 384.877471923828 363.330145359039 377.954883575439 341.425969600677 385.27751159668 362.941680908203 247.511054992676 476.199615478516 408.876781463623 279.068984985352 316.807613372803 390.042821884155 464.847328186035 510.222709655762 357.381855010986 479.180053710938 324.907897949219 425.522092819214 290.155662536621 378.530426025391 458.880809783936 295.749526977539 432.598346710205 382.065490722656 476.635646820068 645.27555847168 435.825775146484 490.766242980957 474.996101379395 289.159652709961 561.8938331604 725.127059936523 698.935157775879 676.446849822998 624.324241638184 585.272701263428 641.832118988037 710.271675109863 672.819072723389
452.474952697754 383.922085165977 402.227118492126 463.642265319824 356.392262220383 366.869393348694 356.390426635742 226.773948669434 280.162528991699 421.951648712158 327.707415103912 312.640609741211 382.848585128784 342.709674835205 167.243911743164 356.525123566389 364.827618598938 347.431085586548 381.197179794312 262.71720123291 306.372001647949 342.586444854736 461.042770385742 307.678932189941 497.587951660156 504.084487915039 506.816482543945 425.740540027618 376.942108154297 224.777755737305 374.649814605713 291.154769897461 436.344019889832 488.398487091064 473.89040184021 428.931732177734 444.493453979492 680.711692810059 441.63313293457 309.037689208984 288.739990234375 720.853019714355 682.737739562988 612.670034408569 584.693435668945 -9999 -9999 1017.81869506836 580.706764221191 809.294242858887
493.366508483887 365.049068450928 400.212706565857 364.654815673828 409.465850830078 276.600505828857 312.025714874268 189.947952270508 276.385108947754 456.72265625 429.813690185547 329.924653053284 339.573114395142 308.810791015625 254.012886047363 226.76416015625 443.600204467773 291.928298950195 294.916763305664 338.437700271606 341.064556121826 373.19136428833 380.408882141113 414.374591827393 392.714417457581 432.139823913574 471.902904510498 371.509300231934 275.496139526367 478.199726104736 324.715232849121 452.470022201538 456.098745346069 514.697219848633 448.63468170166 967.171440124512 496.246788024902 502.543663024902 340.379898071289 497.583520889282 466.924743652344 496.869514465332 -9999 -9999 -9999 -9999 -9999 -9999 -9999 -9999
347.712226867676 451.736392974854 326.881774902344 386.129607915878 306.39582824707 332.131147384644 313.377529144287 213.631980895996 388.934432983398 350.447766304016 488.788726806641 451.4111328125 204.501495361328 156.183227539062 208.546447753906 323.0680809021 456.579872131348 311.026924133301 468.469261169434 335.690093994141 375.343418121338 240.426544189453 400.350858688354 321.339317321777 526.0048828125 409.11222076416 623.801635742188 553.542083740234 648.176864624023 361.699081420898 331.266578674316 536.398460388184 366.912292480469 461.181705474854 511.727935791016 562.09342956543 626.753028869629 524.257789611816 592.8515625 515.311332702637 637.783668518066 -9999 -9999 -9999 -9999 -9999 -9999 -9999 -9999 -9999
