export/dem/dem77.asc
NCOLS 350
NROWS 171
XLLCORNER 152620
YLLCORNER 418050
CELLSIZE 100
NODATA_VALUE -9999
[rows 88 to 109 of 171, columns 0 to 49 of 350]
-9999 -9999 -9999 -9999 -9999 -9999 -9999 -9999 -9999 -9999 -9999 -9999 -9999 -9999 -9999 -9999 -9999 467.397758483887 381.762948989868 326.910978317261 320.555665969849 522.313115596771 639.04727935791 709.993446350098 421.746719360352 623.928333282471 602.040374755859 350.079916954041 765.82007598877 504.283840179443 328.909915924072 424.23685836792 645.475002288818 393.460954666138 547.847862243652 499.291076660156 312.039794921875 697.605604171753 596.673114776611 702.536762237549 846.676651000977 799.592910766602 265.69397354126 126.829803466797 272.954780578613 311.180414199829 427.936584472656 483.880926132202 580.160294771194 326.715934753418
-9999 -9999 -9999 -9999 -9999 -9999 -9999 -9999 -9999 -9999 -9999 -9999 -9999 -9999 -9999 -9999 -9999 344.175361633301 387.734867095947 315.591173171997 353.955253124237 621.429840087891 529.804122924805 653.996742248535 574.857597351074 773.263449668884 471.641159057617 1150.80313873291 443.065658569336 400.43482208252 359.607293725014 583.843635559082 291.835762023926 467.128273010254 500.796081542969 493.218399047852 627.182456970215 817.205505371094 611.359954833984 654.917670965195 866.86247253418 657.050640996546 545.866035461426 335.230286121368 271.420959472656 380.964618682861 466.029747009277 536.49298620224 413.48217010498 515.624013900757
-9999 -9999 -9999 -9999 -9999 -9999 -9999 -9999 -9999 -9999 -9999 -9999 -9999 -9999 -9999 -9999 518.331207275391 478.440460205078 375.742212295532 470.073997497559 594.465507507324 571.343826293945 599.067678451538 348.394653320312 661.660129547119 630.775115966797 479.435813903809 260.892623901367 364.871124267578 393.296527862549 375.266832351685 541.275135040283 224.247024536133 641.571151733398 603.932039260864 368.618911743164 768.580647945404 614.997577667236 689.171569824219 544.043694496155 408.881652832031 399.834079742432 651.546621322632 366.706619739532 389.442784309387 542.286067962646 501.126972198486 352.092971801758 402.263320922852 689.386596679688
-9999 -9999 -9999 -9999 -9999 -9999 -9999 -9999 -9999 -9999 -9999 -9999 -9999 -9999 -9999 -9999 579.853424549103 305.337020874023 522.455879211426 586.616012573242 630.35245513916 682.081665039062 454.696266174316 606.159370422363 657.708122253418 518.167598724365 637.5915184021 517.607681274414 552.711162567139 391.813510656357 443.265548706055 318.332366943359 348.420349121094 406.35124206543 804.810539245605 455.11527633667 587.873336791992 740.935050964355 542.640507698059 211.663234710693 285.993949890137 415.943984985352 636.844909667969 53.4662857055664 580.137939453125 170.87190246582 362.23673248291 423.787857055664 442.936325073242 342.880706787109
-9999 -9999 -9999 -9999 -9999 -9999 -9999 -9999 -9999 -9999 -9999 -9999 -9999 -9999 -9999 697.28443145752 440.020782470703 472.18373966217 631.597831726074 387.376190185547 863.108871459961 606.45149230957 528.839791059494 923.92951965332 460.144409179688 747.996958732605 434.025909423828 198.284439086914 517.598899841309 675.395606994629 685.99157333374 585.074905395508 516.721420288086 157.874649047852 609.404304504395 534.113670349121 746.509376525879 658.132322311401 623.460033416748 252.469219207764 280.815311431885 170.153503417969 430.26530456543 72.421085357666 292.117031097412 236.621357917786 380.39176940918 192.386764526367 499.992622375488 447.423583984375
-9999 -9999 -9999 -9999 -9999 -9999 -9999 -9999 -9999 -9999 -9999 -9999 -9999 -9999 -9999 530.456230163574 461.760129928589 444.01586151123 360.152610778809 404.051197052002 598.442665100098 473.978184938431 684.218490600586 782.125019073486 941.196716308594 571.11478805542 507.520908355713 284.665283203125 496.798240661621 528.007133483887 427.226621627808 388.842384338379 399.625896453857 265.76473236084 665.913325786591 478.998764038086 558.634178161621 730.119110107422 766.918273925781 293.769622802734 259.716480255127 361.143882751465 298.283610343933 299.437210083008 206.040937423706 316.835556030273 334.403129577637 417.281112670898 292.336458206177 355.562725067139
-9999 -9999 -9999 -9999 -9999 -9999 -9999 -9999 -9999 -9999 -9999 -9999 -9999 -9999 545.080839157104 638.165802001953 479.667928695679 483.981952190399 497.738475799561 407.863751411438 621.696792602539 741.213760375977 567.042229652405 718.665452957153 651.635589599609 568.310431480408 524.202819824219 326.267791748047 376.350343704224 335.507865905762 543.613573074341 214.112487792969 320.981187820435 375.388317108154 312.345048904419 629.248210906982 642.57435798645 824.562362670898 -9999 -9999 186.399291992188 237.941963195801 387.755737304688 235.094709396362 312.437355041504 318.752299308777 611.343658447266 670.690063476562 393.735656738281 454.045593261719
-9999 -9999 -9999 -9999 -9999 -9999 -9999 -9999 -9999 -9999 -9999 -9999 -9999 -9999 647.068408966064 656.363647460938 479.789409637451 384.400482177734 466.094677209854 572.691277742386 513.303667068481 704.974521636963 543.616424560547 725.875694274902 586.543186664581 510.362770080566 660.483195304871 528.914993286133 670.36799621582 537.624267578125 496.33341217041 220.975311279297 250.556930541992 400.745525360107 322.073152542114 -9999 -9999 -9999 -9999 -9999 -9999 -9999 175.248741149902 313.619644165039 289.855533599854 379.442459106445 507.499359130859 696.054672241211 400.074684143066 392.22354888916
-9999 -9999 -9999 -9999 -9999 -9999 -9999 -9999 -9999 -9999 -9999 -9999 -9999 347.337097167969 425.428215026855 417.006217956543 562.357460021973 123.46378326416 333.269050598145 500.294364929199 749.83145904541 612.117698669434 1083.53607940674 590.032162666321 655.911476135254 577.639769554138 550.120231628418 532.912536621094 726.754281044006 750.239585876465 430.559448242188 407.124691009521 310.129463195801 292.505279541016 379.287818908691 -9999 -9999 -9999 -9999 -9999 -9999 -9999 -9999 283.347450256348 199.879934310913 264.418766021729 318.331596374512 484.024269104004 585.790924072266 252.736284255981
-9999 -9999 -9999 -9999 -9999 -9999 -9999 -9999 -9999 -9999 -9999 -9999 -9999 507.951728820801 467.570104598999 495.891710281372 6.99362182617188 211.912415504456 406.823272705078 642.528304338455 573.632785797119 458.566222190857 627.948325157166 561.112586021423 686.12020111084 667.975234985352 635.515300750732 595.540431022644 544.489059448242 823.572940826416 369.630893707275 459.978633880615 539.076820373535 448.251214981079 -9999 -9999 -9999 -9999 -9999 -9999 -9999 -9999 -9999 -9999 267.498208999634 194.631294250488 316.692028045654 164.785011291504 380.145473480225 109.943542480469
-9999 -9999 -9999 -9999 -9999 -9999 -9999 -9999 -9999 -9999 -9999 -9999 455.252006530762 583.177337646484 569.811904907227 405.581413269043 639.565507888794 481.331108093262 631.871204376221 703.977728843689 512.427360534668 450.740543365479 606.388851165771 703.690719604492 607.691432952881 602.365118980408 526.382209777832 572.176361083984 760.033451080322 617.545063018799 620.323333740234 414.40950012207 495.533866882324 -9999 -9999 -9999 -9999 -9999 -9999 -9999 -9999 -9999 -9999 -9999 508.233032226562 298.433040618896 318.400119781494 270.108085632324 398.69078540802 522.03980255127
-9999 -9999 -9999 -9999 -9999 -9999 -9999 -9999 -9999 -9999 -9999 542.888362884521 671.405059814453 428.615481138229 378.004936218262 399.969313144684 627.586598396301 747.875610351562 527.424163818359 640.319761276245 554.336617469788 1124.5584564209 405.806411743164 475.610702514648 517.962471008301 606.917459666729 540.881271362305 716.133255004883 651.952926635742 494.089534640312 441.354145050049 493.041863873601 595.730575561523 -9999 -9999 -9999 -9999 -9999 -9999 -9999 -9999 -9999 -9999 -9999 -9999 372.781536102295 263.654541015625 356.087482452393 182.780471801758 484.61930847168
-9999 -9999 -9999 -9999 -9999 -9999 -9999 -9999 -9999 -9999 -9999 337.981262207031 419.674983978271 266.667404174805 384.454044342041 301.328338623047 557.673271179199 539.534507751465 579.522262573242 692.593322753906 465.660800933838 348.878433227539 686.998825073242 600.067028045654 579.135323524475 643.953128814697 767.730766296387 440.970901489258 470.001205444336 448.528254508972 523.878608703613 556.983432769775 -9999 -9999 -9999 -9999 -9999 -9999 -9999 -9999 -9999 -9999 -9999 -9999 -9999 470.084434509277 237.576011657715 359.445198059082 266.163230895996 383.648826599121
-9999 -9999 -9999 -9999 -9999 -9999 -9999 -9999 -9999 -9999 333.595138549805 354.321043014526 250.874084472656 338.16641998291 381.502893447876 518.153106689453 623.172710418701 659.225710570812 564.946277618408 520.406805992126 523.86635017395 460.802780151367 648.663864135742 590.630354881287 569.962532043457 703.233276367188 519.025405883789 361.407470703125 492.001575469971 413.499464035034 319.99528503418 -9999 -9999 -9999 -9999 -9999 -9999 -9999 -9999 -9999 -9999 -9999 -9999 -9999 -9999 -9999 602.501472473145 351.178611755371 304.595359802246 486.787521362305
-9999 -9999 -9999 -9999 -9999 -9999 -9999 -9999 -9999 -9999 521.981817245483 436.075156450272 505.028015136719 311.758596420288 488.092750549316 491.101237773895 649.853940010071 369.098075866699 497.20873260498 527.067273855209 537.194206237793 522.732722759247 421.528274536133 530.697166442871 512.677723884583 379.973705291748 491.145153045654 268.823959350586 212.13415813446 397.008407592773 -9999 -9999 -9999 -9999 -9999 -9999 -9999 -9999 -9999 -9999 -9999 -9999 -9999 -9999 -9999 -9999 -9999 599.307747244835 469.133483886719 265.439888000488
-9999 -9999 -9999 -9999 -9999 -9999 -9999 -9999 -9999 517.114475250244 454.228601455688 406.340572357178 428.294342041016 282.290935516357 384.768463134766 494.86332321167 524.915922164917 436.813018798828 349.106536865234 1016.30081272125 340.755264282227 486.543952941895 626.45885848999 551.064155578613 315.660762786865 216.221374511719 300.419593811035 180.701461791992 114.55908203125 170.482532501221 -9999 -9999 -9999 -9999 -9999 -9999 -9999 -9999 -9999 -9999 -9999 -9999 -9999 -9999 -9999 -9999 -9999 -9999 378.415943145752 589.673873901367
-9999 -9999 -9999 -9999 -9999 -9999 -9999 -9999 560.720497131348 504.539184570312 444.858922958374 448.003824234009 376.723335266113 172.268493652344 245.30770111084 396.665328979492 359.85676574707 485.841217041016 275.203033447266 481.1806640625 468.500640869141 428.593910217285 681.026443481445 120.246643066406 262.212249755859 324.155750274658 149.413879394531 143.673126220703 105.550384521484 -9999 -9999 -9999 -9999 -9999 -9999 -9999 -9999 -9999 -9999 -9999 -9999 -9999 -9999 -9999 -9999 -9999 -9999 -9999 -9999 879.249059677124
-9999 -9999 -9999 -9999 -9999 -9999 -9999 -9999 531.635757446289 555.07829284668 475.657749176025 521.770980834961 432.71352481842 489.487606048584 486.245948791504 517.243680953979 533.217916965485 278.931106567383 766.763423919678 277.091079711914 285.924026489258 325.881759643555 533.27368927002 180.44596862793 247.194869995117 325.110214233398 109.872375488281 85.3091735839844 -9999 -9999 -9999 -9999 -9999 -9999 -9999 -9999 -9999 -9999 -9999 -9999 -9999 -9999 -9999 -9999 -9999 -9999 -9999 -9999 -9999 -9999
-9999 -9999 -9999 -9999 -9999 -9999 -9999 365.107978820801 433.900135219097 677.648468017578 533.686420440674 497.438419342041 274.43049621582 553.525636672974 453.311855316162 545.98770904541 564.185024261475 519.290245056152 242.005126953125 223.04557800293 192.308319091797 472.95930480957 287.749830245972 321.417139053345 261.365299224854 185.472988128662 128.405487060547 28.0867309570312 -9999 -9999 -9999 -9999 -9999 -9999 -9999 -9999 -9999 -9999 -9999 -9999 -9999 -9999 -9999 -9999 -9999 -9999 -9999 -9999 -9999 -9999
-9999 -9999 -9999 -9999 -9999 -9999 559.993843078613 373.465148925781 440.815437316895 490.992935180664 484.872424125671 489.96463394165 516.055156707764 418.109985351562 404.366851806641 396.943336486816 273.063842773438 620.409806489944 348.793212890625 402.274440765381 360.137361526489 573.806684494019 317.317726135254 156.351425170898 149.16219329834 166.559852600098 101.512191772461 -9999 -9999 -9999 -9999 -9999 -9999 -9999 -9999 -9999 -9999 -9999 -9999 -9999 -9999 -9999 -9999 -9999 -9999 -9999 -9999 -9999 -9999 -9999
-9999 -9999 -9999 -9999 461.512160301208 436.881667137146 497.086284637451 207.824945449829 270.641792297363 358.549621582031 558.251068115234 572.946668863297 538.987143516541 670.993041992188 547.274261474609 568.267234802246 597.268547058105 407.28240776062 317.856521606445 444.986686706543 461.445426940918 771.595149993896 17.7682495117188 58.7048625946045 -10.1025161743164 66.0331573486328 -9999 -9999 -9999 -9999 -9999 -9999 -9999 -9999 -9999 -9999 -9999 -9999 -9999 -9999 -9999 -9999 -9999 -9999 -9999 -9999 -9999 -9999 -9999 -9999
338.729858398438 284.372149944305 293.499170303345 394.601692199707 556.596160888672 500.323917388916 460.003993988037 422.055742263794 141.891841888428 489.216678619385 682.060821533203 646.168869018555 621.310424804688 732.077880859375 411.565498352051 636.946865081787 852.239736557007 288.620414733887 492.978103637695 571.726547241211 527.308469772339 481.888458251953 108.960918426514 102.558317184448 59.2604484558105 18.7933311462402 -9999 -9999 -9999 -9999 -9999 -9999 -9999 -9999 -9999 -9999 -9999 -9999 -9999 -9999 -9999 -9999 -9999 -9999 -9999 -9999 -9999 -9999 -9999 -9999
