export/dem/dem71.asc
NCOLS 350
NROWS 171
XLLCORNER 152620
YLLCORNER 418050
CELLSIZE 100
NODATA_VALUE -9999
[rows 88 to 109 of 171, columns 50 to 99 of 350]
322.795288085938 369.287796020508 574.083633422852 526.200569152832 530.744125366211 363.788452148438 329.456134796143 473.519348144531 307.33967590332 162.310195922852 332.22725725174 228.991729736328 402.766590118408 475.441162109375 424.145679473877 484.879234313965 309.044414520264 510.706481933594 472.855224609375 475.064643859863 399.248846054077 562.87092590332 504.820724487305 383.220539093018 308.397117614746 386.533809661865 411.208367347717 460.757259368896 451.622974395752 230.764999389648 405.929244995117 448.446997642517 471.986324310303 539.09358215332 461.405288696289 430.18586730957 405.251358032227 427.172565460205 443.881740570068 400.683517456055 440.014099121094 -9999 -9999 -9999 -9999 -9999 -9999 -9999 -9999 -9999
512.447418212891 380.635559082031 499.481006622314 554.862670898438 434.708209991455 448.021837234497 535.861145019531 304.151462554932 407.38756942749 208.689315795898 348.032204627991 258.714111328125 229.411056518555 376.421737670898 390.795227050781 339.682098388672 359.874866485596 495.911804199219 436.734340667725 479.501121520996 448.320686340332 469.604698181152 686.132751464844 464.603057861328 412.304587364197 469.54468536377 300.268577575684 363.152336120605 270.393768310547 390.377384185791 538.59098815918 446.597877502441 414.647862434387 463.748849391937 648.767707824707 507.483795166016 441.130638122559 481.376131057739 529.863159179688 411.754501342773 -9999 -9999 -9999 -9999 -9999 -9999 -9999 -9999 -9999 -9999
852.158525466919 395.453773498535 471.256273269653 538.267097473145 514.452201843262 383.936219215393 449.351608276367 495.090843200684 402.551788330078 258.000282287598 350.788824081421 144.51530456543 170.406066894531 323.387882232666 308.387241363525 386.091542124748 234.068374633789 434.248111724854 332.660556793213 517.624603271484 547.840103149414 309.906066894531 593.057571411133 309.678749084473 295.503540039062 423.809027850628 372.72204208374 426.747971057892 340.342239379883 454.364835739136 444.600620269775 647.381286621094 430.104551315308 394.469116210938 706.531555175781 485.486785888672 334.245742797852 393.39917755127 596.754966259003 650.767734527588 -9999 -9999 -9999 -9999 -9999 -9999 -9999 -9999 -9999 -9999
547.450080871582 819.189189910889 547.381980895996 370.57453918457 702.278015136719 374.462373733521 612.767868041992 462.698436737061 442.322025299072 483.414031982422 331.251243591309 456.77123260498 466.425109863281 380.107404708862 278.071090698242 316.668548583984 364.338626861572 378.650756835938 281.661514282227 477.742233276367 562.674880981445 445.43701171875 278.028533935547 374.523292541504 568.459289550781 508.916275024414 455.619297027588 449.779598236084 407.778079986572 391.281509399414 484.78165435791 403.226047515869 448.272560119629 614.818382263184 728.664916992188 476.687103271484 357.797569274902 402.347549438477 476.239990234375 -9999 -9999 -9999 -9999 -9999 -9999 -9999 -9999 -9999 -9999 -9999
393.344078063965 525.73078918457 908.176361083984 560.268768310547 801.799011230469 617.779602050781 504.145202636719 419.035704612732 357.284225463867 452.23766708374 433.149074554443 355.541271209717 454.697952270508 335.711246490479 214.934539794922 279.966201782227 489.393142700195 268.987808227539 380.939880371094 418.30997979641 529.588256835938 386.421823501587 524.922782897949 430.505386352539 395.439992904663 358.627647399902 453.107458114624 359.822937011719 446.987459182739 366.933738708496 486.725358963013 425.757972717285 550.001850128174 686.292234420776 587.543153762817 531.293422698975 464.533290863037 574.073055267334 455.125762939453 -9999 -9999 -9999 -9999 -9999 -9999 -9999 -9999 -9999 -9999 -9999
488.615875244141 548.189498901367 430.640769958496 1002.75672912598 386.521881103516 622.215545654297 429.142349243164 447.719722747803 345.215702056885 312.763786315918 466.519630432129 391.041231393814 597.015396118164 419.643016815186 433.338985443115 388.886757194996 482.921600341797 301.084091186523 401.41407585144 494.099315643311 329.736259460449 312.678466796875 581.228698730469 570.685577392578 454.339839935303 514.034317016602 350.36149597168 311.375801086426 475.739483356476 422.176090240479 393.923538208008 533.231803894043 680.343919754028 657.414276123047 490.468742370605 530.187637329102 275.666152954102 587.027500152588 529.09058380127 -9999 -9999 -9999 -9999 -9999 -9999 -9999 -9999 -9999 -9999 -9999
337.547443389893 516.954376220703 585.181671142578 378.04065990448 736.480155944824 507.455108642578 679.08642578125 521.543876647949 580.712905883789 516.922470092773 455.649795532227 563.153503417969 439.917762756348 416.553531646729 535.627876281738 492.990478515625 396.354633331299 311.836585998535 261.148574829102 282.113464355469 480.258434295654 533.735389709473 551.012725830078 500.293319702148 531.359497070312 500.712306976318 633.173278808594 426.541709899902 519.008651733398 420.30883026123 452.551387786865 452.303894042969 559.430015563965 528.545522689819 512.838523864746 493.61865234375 470.595245361328 665.990104675293 -9999 -9999 -9999 -9999 -9999 -9999 -9999 -9999 -9999 -9999 -9999 -9999
362.453281402588 382.937271118164 404.022583007812 576.185096740723 584.678359985352 362.157707214355 496.228626251221 518.753303527832 477.978477478027 330.53296661377 442.722019195557 445.429737091064 575.789474487305 452.450080871582 492.340446472168 409.878139734268 496.53507232666 359.363121032715 394.438369750977 325.205223083496 312.152778625488 438.367070019245 450.759605407715 437.286848068237 542.202167510986 451.582851409912 499.351230621338 623.003295898438 475.142244338989 499.650108337402 465.969902038574 425.262321472168 448.787631988525 515.914764404297 437.321441650391 507.858261108398 350.387344360352 553.394912719727 -9999 -9999 -9999 -9999 -9999 -9999 -9999 -9999 -9999 -9999 -9999 -9999
347.333824157715 298.275344848633 306.626840591431 374.668106079102 542.929693222046 621.655403137207 685.675567626953 513.453216552734 363.869468688965 416.949999809265 381.601337432861 693.586135864258 560.23779296875 478.059761047363 548.759872436523 307.616287231445 469.633296966553 267.91618347168 303.099617004395 342.759796142578 454.910842895508 337.714534759521 318.544860839844 525.318908691406 348.070991516113 485.905066490173 366.059829711914 641.413757324219 463.520128250122 596.443588256836 587.198028564453 524.071105957031 415.781986236572 551.319576263428 505.15510559082 394.023162841797 510.113572597504 467.4892578125 -9999 -9999 -9999 -9999 -9999 -9999 -9999 -9999 -9999 -9999 -9999 -9999
417.828125 234.72692489624 239.373816728592 606.777763366699 668.599548339844 630.30403137207 521.536493301392 504.056552886963 270.817169189453 462.064324855804 489.30810546875 500.73282623291 424.165674209595 468.952869415283 532.428153991699 613.72314453125 423.094422578812 386.260177612305 421.570579528809 507.729751586914 310.839965820312 879.05252456665 335.789108276367 425.306060791016 364.598327636719 372.876495361328 516.040493011475 516.02197265625 487.483354568481 396.343090057373 566.54524230957 460.268571853638 845.416017532349 604.50715637207 442.586318969727 341.69856262207 465.210838317871 -9999 -9999 -9999 -9999 -9999 -9999 -9999 -9999 -9999 -9999 -9999 -9999 -9999
615.065650939941 275.158201694489 565.82839012146 577.616570472717 549.412847518921 488.86686706543 591.193828582764 583.206218719482 666.482437133789 494.026069641113 566.095932006836 630.100051879883 610.785888671875 705.314880371094 450.603624343872 473.425575256348 427.789393901825 426.332920074463 405.160060882568 602.729446411133 568.129812240601 562.470114707947 525.373706817627 238.388061523438 327.922088623047 654.644760131836 376.475379943848 364.708862304688 388.00857925415 576.28547668457 595.063717842102 547.658485412598 583.639984130859 504.85823059082 308.637924194336 361.605476379395 519.589084625244 -9999 -9999 -9999 -9999 -9999 -9999 -9999 -9999 -9999 -9999 -9999 -9999 -9999
750.922454833984 525.949089050293 683.314758300781 592.667028427124 704.391525268555 533.682052612305 583.421855926514 665.602844238281 604.245611190796 733.986282348633 760.201766967773 640.190155029297 678.459396362305 434.603235244751 486.645420074463 662.02326965332 692.643981933594 490.460838317871 626.11841583252 545.217569351196 601.454494476318 471.39172744751 519.489253044128 395.821197509766 468.812721252441 575.508842468262 739.01277923584 542.769577026367 633.685571670532 692.671446323395 620.845945358276 783.16862487793 695.924182891846 503.157909393311 371.277328491211 440.180122375488 476.016815185547 -9999 -9999 -9999 -9999 -9999 -9999 -9999 -9999 -9999 -9999 -9999 -9999 -9999
859.226440429688 779.526947021484 844.243469238281 586.16668510437 607.574636459351 611.105804607272 602.572522640228 652.25061416626 755.864883422852 752.766952514648 799.388885498047 649.561401367188 640.759124755859 382.007164001465 420.593059539795 557.478439331055 668.499008178711 623.63516998291 596.108673095703 691.648361206055 587.987426757812 423.702049255371 479.053413391113 671.017585754395 497.286437988281 470.797508239746 538.564712524414 569.398735046387 630.375322341919 758.648208618164 650.364415168762 620.901817321777 586.381567001343 732.123397827148 544.816211700439 593.096349716187 672.68106842041 -9999 -9999 -9999 -9999 -9999 -9999 -9999 -9999 -9999 -9999 -9999 -9999 -9999
657.303955078125 865.472229003906 844.612609863281 713.238540649414 666.216529846191 511.91104888916 606.32315158844 691.052230834961 696.585090637207 599.652484893799 664.105646133423 719.842262268066 855.620561599731 434.605795860291 569.412254333496 603.28125 628.259605407715 673.01057434082 683.702438354492 569.247966766357 659.551498413086 679.692924499512 811.758331298828 596.050857543945 447.903198242188 422.362289428711 388.656265258789 481.27758026123 706.279296875 567.430740356445 643.674436569214 607.759918212891 378.18726348877 505.823492497206 663.902454376221 515.099952697754 -9999 -9999 -9999 -9999 -9999 -9999 -9999 -9999 -9999 -9999 -9999 -9999 -9999 -9999
450.517044067383 585.357345581055 781.387405395508 688.287780761719 687.641305923462 783.065689086914 820.031585693359 629.368757247925 626.036954879761 627.946952819824 765.977340698242 729.413074493408 715.579620361328 735.358505249023 449.747364997864 649.860992431641 592.197959899902 535.532444000244 633.947090148926 692.772476196289 617.3291015625 666.169860839844 617.667507171631 513.70955657959 509.07275390625 473.503135681152 488.779174804688 561.146499156952 640.488433837891 576.392879486084 607.066326141357 554.246231079102 568.151178359985 547.114234924316 567.179702758789 -9999 -9999 -9999 -9999 -9999 -9999 -9999 -9999 -9999 -9999 -9999 -9999 -9999 -9999 -9999
423.181709289551 360.216480255127 595.495758056641 572.962730407715 482.002362251282 486.169369697571 702.142974853516 584.250457763672 727.039234161377 753.635971069336 611.811058044434 635.587310791016 556.24479675293 657.506576538086 633.317558288574 584.89465713501 606.98267364502 563.471767425537 606.660530090332 543.816415786743 536.17267036438 547.379026889801 636.962989807129 561.006067276001 571.007806777954 637.406455039978 519.877838134766 380.535842895508 423.187110900879 557.851425170898 431.737110137939 614.94250869751 463.594787597656 534.853790283203 -9999 -9999 -9999 -9999 -9999 -9999 -9999 -9999 -9999 -9999 -9999 -9999 -9999 -9999 -9999 -9999
902.125923156738 507.188690185547 356.266489028931 450.60009765625 429.568988800049 576.675903320312 421.585208892822 598.758773803711 384.340042114258 493.46173286438 665.000991821289 594.137100219727 596.879722595215 619.088195800781 607.501579284668 478.654346466064 676.270401000977 393.731651306152 660.25511932373 493.461555480957 556.916228473186 592.690143585205 501.71146774292 661.713249206543 504.542850494385 513.339084625244 311.104721069336 532.224075317383 427.078022003174 465.821809768677 411.528228759766 465.139923095703 647.651069641113 -9999 -9999 -9999 -9999 -9999 -9999 -9999 -9999 -9999 -9999 -9999 -9999 -9999 -9999 -9999 -9999 -9999
-9999 544.309547185898 991.708565711975 574.914894104004 312.074871063232 809.94164276123 382.243450164795 518.815048217773 479.146377563477 552.921646118164 400.412580490112 538.769401550293 549.332748413086 575.578628540039 452.152305603027 351.358558654785 597.727478027344 461.641181945801 615.009429931641 500.595470428467 463.887498855591 433.847671508789 611.408493041992 333.434310913086 653.785934448242 519.209981918335 443.414489746094 452.670234680176 325.661483764648 692.980285644531 585.732887387276 578.400287628174 -9999 -9999 -9999 -9999 -9999 -9999 -9999 -9999 -9999 -9999 -9999 -9999 -9999 -9999 -9999 -9999 -9999 -9999
-9999 -9999 -9999 -9999 820.71492767334 935.093948364258 509.291951417923 529.342651367188 817.711373567581 808.855160713196 635.683547973633 715.094604492188 663.75032043457 380.394203186035 470.201667785645 492.723731994629 657.117797851562 193.283988952637 62.3906798362732 705.635070800781 562.801279067993 614.806541442871 578.884418487549 452.028358459473 392.952606201172 451.102416992188 634.959899902344 620.312763214111 335.96898651123 404.315567016602 -9999 -9999 -9999 -9999 -9999 -9999 -9999 -9999 -9999 -9999 -9999 -9999 -9999 -9999 -9999 -9999 -9999 -9999 -9999 -9999
-9999 -9999 -9999 -9999 -9999 -9999 -9999 -9999 -9999 1101.23722839355 775.671432495117 742.504516601562 698.093460083008 725.339385986328 542.709625244141 648.355796813965 651.730979919434 202.344711303711 287.875366210938 613.238719940186 701.625568389893 615.908818244934 724.094711303711 607.739999771118 744.148155212402 630.273691177368 694.593914031982 744.509353637695 -9999 -9999 -9999 -9999 -9999 -9999 -9999 -9999 -9999 -9999 -9999 -9999 -9999 -9999 -9999 -9999 -9999 -9999 -9999 -9999 -9999 -9999
-9999 -9999 -9999 -9999 -9999 -9999 -9999 -9999 -9999 -9999 -9999 -9999 -9999 -9999 -9999 -9999 747.926055908203 889.435554504395 1074.89700317383 996.897979736328 922.639518737793 999.046241760254 975.479156494141 960.065971374512 1110.87991333008 -9999 -9999 -9999 -9999 -9999 -9999 -9999 -9999 -9999 -9999 -9999 -9999 -9999 -9999 -9999 -9999 -9999 -9999 -9999 -9999 -9999 -9999 -9999 -9999 -9999
-9999 -9999 -9999 -9999 -9999 -9999 -9999 -9999 -9999 -9999 -9999 -9999 -9999 -9999 -9999 -9999 -9999 -9999 -9999 -9999 -9999 -9999 -9999 -9999 -9999 -9999 -9999 -9999 -9999 -9999 -9999 -9999 -9999 -9999 -9999 -9999 -9999 -9999 -9999 -9999 -9999 -9999 -9999 -9999 -9999 -9999 -9999 -9999 -9999 -9999
