export/dem/dem7.asc
NCOLS 350
NROWS 171
XLLCORNER 152620
YLLCORNER 418050
CELLSIZE 100
NODATA_VALUE -9999
[rows 66 to 87 of 171, columns 200 to 249 of 350]
721.444221496582 684.646560668945 611.019515991211 644.763854980469 551.017547607422 652.951729774475 503.819717407227 617.618892669678 595.918746948242 661.490171432495 621.594509124756 376.210815429688 546.719757080078 552.816703796387 601.351143598557 674.399192810059 607.702178955078 629.620088338852 563.886436462402 673.981769561768 865.294708251953 571.562984466553 677.626014709473 731.941818237305 741.53092956543 715.369792938232 557.988159179688 629.127914428711 647.151748657227 563.490123748779 573.512866973877 644.839744567871 591.975070953369 713.360740661621 779.93635559082 674.304359436035 705.340698719025 772.999984741211 598.281621932983 738.25072479248 598.645000457764 687.053245544434 728.552978515625 711.858337402344 580.862147092819 872.343231201172 546.037292480469 618.293652057648 855.154327392578 827.815277099609
604.522369384766 618.913595199585 697.958518981934 679.141731262207 474.290634155273 614.217105865479 604.849040985107 764.93017578125 600.524532318115 569.678329467773 703.100471496582 538.711585998535 948.864013671875 573.092662811279 549.398515701294 675.084045410156 447.392028808594 716.420883178711 616.994930267334 963.636489868164 685.569606781006 748.672622680664 679.156753540039 603.085803508759 591.092496871948 776.96492767334 600.591381072998 736.177093505859 647.251449584961 600.89804649353 461.055740356445 597.557346343994 582.97176361084 777.081787109375 828.80362701416 781.265272140503 707.070948600769 736.946495056152 799.780151367188 526.059463500977 662.182292938232 550.746612548828 549.694583892822 618.533790111542 666.247974395752 776.758346557617 782.524612426758 706.602241516113 617.995937347412 600.041484832764
598.012913703918 670.234519004822 699.920169830322 667.277055740356 689.337635040283 582.9089012146 418.666564941406 652.453656196594 488.244033813477 501.792343139648 685.259059906006 592.683200836182 641.01349067688 686.234192848206 731.308959960938 682.923492431641 662.620231628418 750.651336669922 708.072605133057 536.208885192871 612.148895263672 575.269306182861 557.763084411621 668.674606323242 714.723289489746 476.41414642334 578.681930541992 658.193281650543 585.093744277954 578.512058258057 736.536773681641 776.926027059555 690.324237823486 627.947570800781 657.96187210083 704.025735378265 813.891960144043 665.627453804016 735.170867919922 725.578300476074 603.038873672485 766.138870239258 600.922874450684 697.96012878418 632.59009552002 686.945167541504 657.854553222656 533.850433349609 519.893402099609 510.523338317871
604.283432006836 780.939651489258 554.741912841797 645.74912071228 492.909805297852 707.433639526367 685.103645324707 591.243507385254 716.663398742676 706.938499450684 702.700637817383 652.256925106049 602.211853027344 626.436695098877 675.510407447815 755.343551635742 603.024295806885 648.617757797241 711.706336975098 701.460124969482 707.670402526855 685.173448562622 603.306564331055 485.536270141602 554.382562637329 563.004997253418 664.7275390625 734.309059143066 611.726691246033 784.247543334961 856.935028076172 710.535987854004 570.010257720947 819.454559326172 692.761268615723 693.884176254272 635.328427791595 691.952865600586 783.889358520508 823.397201538086 708.453315734863 644.10493183136 715.05834197998 661.134275436401 724.238273620605 497.7890625 531.649719238281 538.51732635498 618.752853393555 650.459844112396
717.296401977539 624.206114768982 590.816432952881 628.749810218811 789.930862426758 629.624658107758 630.383680820465 758.004669189453 783.61930847168 744.867431640625 693.52654838562 628.199409484863 422.442840576172 623.135968118906 511.696731567383 712.782245635986 617.507099151611 538.262630462646 643.300934791565 797.240898132324 777.088264465332 792.150424957275 688.210571289062 596.921531677246 635.14422416687 612.002065658569 637.863628387451 648.936370849609 595.819316864014 697.19157409668 673.006195068359 634.469209671021 590.534046173096 628.908602930605 722.909643173218 572.331787109375 678.532455444336 834.697402954102 674.266609191895 841.319519042969 658.120151519775 766.367431640625 676.792026519775 635.104669570923 710.664672851562 647.970951080322 707.526313781738 594.534042358398 576.170112609863 665.883972167969
811.906234741211 772.453140258789 748.642578125 695.425384521484 739.800598144531 582.358253479004 577.526786804199 614.296823501587 545.851104736328 620.844680786133 626.980434417725 661.673206329346 684.939418792725 439.431945800781 609.483795166016 649.33390045166 608.932662963867 621.387226104736 602.775100708008 776.865581512451 734.203380584717 729.024864196777 520.255256652832 534.769477844238 572.729515075684 652.776214599609 492.081420898438 675.357276916504 635.161808013916 617.276424407959 646.660596847534 693.327617645264 559.876724243164 560.331924438477 584.171192169189 834.031326293945 633.346565008163 609.111332654953 744.283599853516 716.447174072266 653.366718292236 737.342620849609 621.447952747345 611.919197797775 486.402618408203 753.990081787109 735.675888061523 702.333557128906 763.188838541508 562.919723510742
706.531700134277 590.920486450195 670.469451904297 664.988087654114 655.188236236572 683.38822555542 578.375524520874 662.107375502586 717.902942657471 692.245639801025 661.023941040039 699.744293212891 697.363063812256 791.462921142578 705.831237792969 696.579948425293 642.311320304871 736.65873336792 834.436580657959 881.060417175293 784.297616004944 649.094833374023 619.987531661987 673.317878723145 662.341259002686 632.807464599609 615.161933898926 508.248901367188 681.56759262085 671.14192199707 581.157867431641 558.169975280762 738.019989013672 664.120658874512 595.143095016479 715.008445739746 845.28254699707 608.76788520813 798.384262084961 655.967620849609 693.374938964844 570.909934997559 664.716423034668 766.404037475586 637.217687606812 547.717269897461 745.293121337891 552.010787963867 711.185752868652 659.62656211853
610.161781311035 714.753440856934 656.310440063477 651.684278488159 556.346466064453 641.223613739014 773.846496582031 562.711936950684 651.355877876282 627.047443389893 673.56421661377 737.644866943359 530.242080688477 777.608627319336 683.043506622314 631.408833503723 561.854606628418 666.434015274048 791.683040618896 843.647853851318 1006.05075073242 706.424308776855 604.395904541016 615.299310684204 603.326734542847 776.517883300781 624.444087982178 700.358135223389 522.047592163086 639.009880065918 645.742444992065 633.509002685547 800.026556015015 589.524879455566 525.918418884277 563.388821601868 672.032836914062 752.305252075195 532.712837219238 706.958450317383 662.568378448486 648.515927791595 526.178695678711 627.115007400513 574.587020874023 534.78938293457 646.255393981934 668.067251205444 739.109909057617 682.880504608154
717.649383544922 535.337158203125 767.904373168945 738.632354736328 678.865646362305 709.406044006348 746.865509033203 773.478977203369 698.936958312988 665.848760604858 732.146072387695 589.742984771729 673.291780471802 769.355979919434 605.148126602173 659.86780166626 598.480815887451 605.700717926025 434.811828613281 760.534683227539 810.537141799927 966.653434753418 1051.95571708679 757.035980224609 633.270858764648 730.109462857246 529.568008422852 742.531951904297 742.651222229004 533.241359710693 733.027252197266 814.119201660156 628.949460983276 624.092163324356 624.335073411465 535.669258117676 631.538974761963 599.428689956665 565.803745269775 621.169712007046 716.60538482666 600.126991271973 674.110219955444 509.893562316895 507.651657104492 590.782825469971 644.665706634521 553.342502593994 482.489120483398 667.599281311035
579.799861907959 411.57649230957 525.075477600098 517.454727172852 479.94514465332 573.139308929443 601.696105957031 549.833480834961 507.222732543945 567.978935241699 615.148048400879 695.968391418457 772.584884643555 659.435852050781 798.241882324219 642.554822921753 691.35343170166 554.559288024902 510.941345214844 713.194831848145 545.673080444336 724.841320037842 761.645273208618 689.436330795288 655.824630737305 932.162391662598 1139.36636734009 756.54190826416 651.901930809021 786.128570556641 532.956077575684 838.206359863281 661.349082946777 689.182632446289 573.538948059082 555.746520996094 624.493593215942 614.703881263733 633.409909248352 670.964422225952 629.839468479156 591.532283782959 669.53731918335 528.445114135742 490.744277954102 631.567916870117 618.376107215881 724.65308380127 469.079544067383 559.334434509277
525.557441711426 545.441101074219 520.686752319336 648.735071182251 579.538627624512 581.910263061523 645.997001647949 656.249608099461 564.718933105469 921.69303894043 724.112602233887 587.464786529541 603.965579986572 782.919296264648 779.588356018066 577.822952270508 662.482147216797 704.571012496948 726.005058288574 528.70866394043 668.292911529541 723.278680801392 557.819793701172 607.28572845459 831.760334014893 593.547836303711 831.256076812744 895.292091369629 775.140098571777 558.147529602051 1136.46514129639 699.048629760742 587.552083969116 652.852792739868 562.727424621582 571.947288513184 538.133491516113 592.832000732422 650.625139713287 653.103378295898 700.403297424316 648.713885307312 702.253463745117 586.84321975708 533.409729003906 530.372932434082 698.880310058594 650.06827545166 578.237148284912 671.24658203125
554.586025238037 557.656238555908 522.078910827637 541.565979003906 622.553401947021 549.038909912109 587.874332427979 580.085296630859 733.203567504883 638.581058502197 642.595613479614 766.699462890625 719.294006347656 759.959358215332 764.038131713867 705.766487121582 595.181293487549 520.285972595215 865.836645126343 782.844627380371 767.695236206055 858.901836395264 831.109474182129 884.33996963501 729.414075374603 685.44896697998 673.439220428467 876.390453338623 1008.9217376709 741.336372375488 626.159362792969 597.109130859375 700.49453163147 674.353797912598 743.258880615234 813.450180053711 543.119346618652 607.84797668457 655.795434772968 699.870216369629 643.877606868744 607.91431427002 627.277557849884 519.905502319336 612.570390701294 545.413650512695 660.817764282227 668.856628417969 601.209955215454 558.012908935547
498.534339904785 702.687141418457 529.209060668945 561.235828399658 681.983581542969 496.690849304199 575.379344940186 586.932312011719 722.844573974609 667.177322387695 686.748876571655 848.604873657227 647.140225529671 704.150402069092 642.701152801514 720.94758605957 547.705291748047 405.603332519531 524.704727172852 762.117469787598 934.55233001709 1015.07329559326 823.678901672363 598.548599243164 754.638721466064 651.026863098145 640.080924987793 765.292465209961 1116.47728729248 1215.6759853363 850.378967285156 630.351402282715 741.354652404785 790.471569061279 699.643909454346 630.930139541626 709.147518157959 597.045219421387 667.052272796631 719.987060546875 743.825171470642 731.15160369873 582.3427734375 553.480262756348 710.037651062012 609.078298568726 598.11340713501 884.247283935547 580.552829742432 699.607009887695
643.276885986328 625.755815505981 535.774879455566 540.469032287598 567.99259185791 717.801315307617 536.574508666992 639.080636024475 677.038734436035 623.934677124023 827.301956176758 801.15739440918 727.96508026123 658.309339761734 681.533382415771 578.434494018555 648.509335041046 508.574241638184 523.511352539062 761.868801116943 747.313568115234 775.635284423828 788.128242492676 998.99934387207 815.585472106934 760.219669342041 597.64306640625 758.652305603027 1196.0058221817 1129.21561431885 979.32209777832 1126.19046020508 776.060638427734 868.921989440918 723.027847290039 703.629344940186 734.684288024902 869.061782836914 699.777736663818 754.90177154541 637.424591064453 620.214431762695 745.889129638672 692.592910766602 705.190376281738 642.026579856873 414.969604492188 577.71662902832 815.730545043945 667.976146697998
644.08606338501 600.9450340271 538.179000854492 629.615455627441 595.754644393921 602.026306152344 590.6442527771 625.982633590698 670.054277420044 863.863159179688 609.552383422852 925.084899902344 678.693084716797 661.429890632629 772.928047180176 784.089210510254 630.44652557373 631.860900878906 680.133163452148 602.700859069824 565.095149993896 697.506004333496 734.121025085449 839.837890625 780.899841308594 676.227989196777 609.665969848633 708.852657318115 942.888221740723 835.730534076691 990.340076446533 1302.3285446167 1002.49323272705 1102.36289978027 1201.57427978516 893.989921569824 759.820030212402 617.703723907471 607.082370758057 773.320236206055 829.319915771484 745.587341308594 655.795000076294 740.633583068848 752.183090209961 727.722984313965 599.451251029968 662.348282814026 699.509841918945 717.68083190918
630.08812713623 768.632919311523 598.138367652893 640.953762054443 712.393493652344 663.47386932373 673.531379699707 567.895175933838 621.566913604736 769.060989379883 773.256996154785 852.920623779297 723.847991943359 783.008880615234 652.941722512245 858.976058959961 736.85376739502 639.637413978577 529.430191040039 586.924980163574 787.254928588867 751.105445861816 803.960021972656 628.814010381699 605.150184631348 686.477279663086 858.756362915039 850.356536865234 850.838066101074 734.155044555664 619.235809326172 894.80904006958 845.803579330444 1192.84906005859 889.004318237305 1148.75621032715 779.553245544434 804.425643920898 727.602128982544 740.96993637085 711.253868103027 660.588388442993 642.717149734497 704.172035217285 830.558197021484 720.545360565186 660.285301208496 639.027576446533 587.497596740723 700.797103881836
523.000610351562 703.83256149292 686.184127807617 754.582046508789 636.836605072021 658.44115447998 553.940498352051 553.338790893555 605.125434875488 825.038711547852 826.675674438477 631.900489807129 714.836563110352 737.416091918945 660.329737186432 830.055725097656 550.439712524414 555.453277587891 662.91312789917 678.719264984131 627.157736778259 699.451511383057 619.010166168213 614.287864685059 653.519751310349 669.638011932373 668.216762542725 735.977672576904 871.754356384277 545.034118652344 706.303291320801 746.219440460205 940.317565917969 1275.37845230103 1025.61711120605 1416.28568267822 755.333179473877 739.098045349121 635.992149353027 752.088871002197 769.92887878418 627.863573074341 807.312881469727 725.295398712158 742.406234741211 750.650802612305 651.59471321106 599.110395431519 641.419284820557 708.330001831055
637.030384063721 778.055511474609 803.091720581055 722.17797088623 623.659206390381 678.394672393799 610.611127853394 595.731229782104 595.755123138428 745.726707458496 841.712890625 630.167789459229 773.009353637695 821.491439819336 740.350692749023 626.086368560791 670.967107772827 615.002529144287 561.484596252441 693.520618438721 816.75407409668 709.49356842041 529.970390319824 536.783172607422 631.520832061768 803.238677978516 516.562309265137 765.545837402344 675.942510604858 822.895595550537 638.757884979248 809.824073791504 909.144135475159 1246.80162262917 1158.00440979004 1170.44918823242 1106.6626739502 995.301719665527 726.884017944336 597.631862640381 765.566230773926 676.953521251678 831.824279785156 843.981544494629 881.441436767578 736.332359313965 558.554817199707 688.950302124023 657.407067298889 563.248657226562
697.548190116882 679.278366088867 798.757202148438 651.852102279663 651.942985534668 554.472351074219 554.933330535889 479.393157958984 642.467969894409 685.241828918457 736.480522155762 775.830093383789 592.750568389893 682.678506851196 660.133058011532 522.254600524902 626.082523345947 702.107883453369 649.335086107254 616.647651672363 626.887879371643 569.802131652832 693.803409576416 532.973587036133 766.903480529785 715.243267059326 677.357860565186 428.785842895508 694.700775146484 591.950736999512 596.002052307129 622.201156616211 860.864776611328 964.326881408691 1047.89303207397 1181.34930419922 1015.24047851562 820.10073184967 631.188598632812 840.264190673828 909.337554931641 835.001739501953 717.231437683105 769.818342208862 924.843538284302 986.253616333008 1037.57373809814 882.310432434082 722.002452850342 744.355529785156
710.534965515137 641.175203323364 722.58332824707 780.341697692871 735.129371643066 521.237533569336 657.285079956055 869.160949707031 708.266277313232 676.558483123779 762.624778747559 761.078971862793 784.130264282227 661.81060218811 449.345993041992 486.361793518066 571.611991882324 597.554721832275 623.744390487671 850.48063659668 693.002674102783 704.004150390625 838.487487792969 636.52473449707 664.418761253357 583.096260070801 632.063011169434 700.666049957275 668.743057250977 624.830055236816 697.20667052269 683.684326171875 767.37947845459 817.470039367676 796.228103637695 721.669830322266 824.95866394043 810.574954986572 819.194534301758 798.873519897461 777.057655334473 806.620407104492 704.721668243408 720.93558716774 848.380073547363 834.548344135284 888.735900878906 1053.75051498413 1158.37682342529 698.005771636963
663.062314987183 554.278625488281 725.950523376465 583.574058532715 700.046928405762 643.056631088257 545.078033447266 609.177233695984 589.56037902832 721.352500915527 716.804122924805 712.8655128479 921.163421630859 640.376459121704 734.28751373291 648.603176116943 680.992776870728 680.048091888428 653.813556671143 677.016105651855 744.560752868652 638.270375728607 536.184364318848 684.821670532227 696.807971954346 750.968971252441 734.355949401855 771.966268539429 642.274159431458 728.268363952637 673.706075668335 597.971557617188 609.567512512207 609.441474914551 667.879398345947 745.694508552551 900.145553588867 752.395874023438 708.191197872162 901.615440368652 819.65561914444 903.610992431641 703.240253448486 858.327735900879 755.048862457275 915.66844367981 709.921691894531 1027.83951187134 954.747334480286 751.766098022461
645.359527587891 680.270451784134 676.55597114563 609.837894439697 745.739372253418 651.180114746094 573.738254547119 671.278213500977 721.708236694336 790.625 738.525665283203 857.057022094727 840.85969543457 797.910293579102 771.298469543457 746.161125183105 709.713822364807 714.576463699341 737.174293518066 486.741859436035 709.472801208496 633.094379901886 486.929016113281 490.404846191406 574.517688751221 689.638740539551 682.088439941406 822.064819335938 1256.83079528809 664.502915382385 733.329818725586 517.219528198242 522.541687011719 554.056167602539 623.676414489746 677.573904037476 724.099754333496 773.796913146973 767.63444519043 723.864039421082 665.141405105591 794.074569702148 819.720077514648 958.702850341797 590.981475830078 912.982063293457 1061.13603210449 1212.74095916748 1193.39906311035 1163.72331237793
