export/dem/dem79.asc
NCOLS 350
NROWS 171
XLLCORNER 152620
YLLCORNER 418050
CELLSIZE 100
NODATA_VALUE -9999
[rows 22 to 43 of 171, columns 150 to 199 of 350]
477.905166625977 642.411152839661 627.121114730835 721.761161804199 700.667549133301 694.288116455078 492.369033813477 563.894298553467 548.08194732666 430.418975830078 581.624984741211 564.899139404297 995.032169342041 598.041305541992 716.856384277344 562.090118408203 726.516479492188 737.4938621521 506.326873779297 594.626480102539 752.261060714722 572.211929321289 756.646629333496 665.727828979492 619.997680664062 486.843139648438 899.798393249512 624.453720092773 568.140518188477 471.814193725586 594.333994865417 595.043798446655 555.779949188232 679.209526062012 674.364276885986 708.552154541016 443.155517578125 326.301666259766 571.411521911621 613.388721466064 550.744049072266 679.659454345703 858.053848266602 777.436950683594 729.342330932617 649.728235244751 511.026336669922 506.773536682129 774.267677307129 758.646087646484
536.442764282227 564.955894470215 684.651775360107 625.568510055542 527.822891235352 631.613929748535 502.771072387695 566.515960693359 696.243347167969 682.036308288574 562.517936706543 632.875205993652 816.06941986084 782.050277709961 706.126628875732 613.376693725586 611.237121582031 935.231288909912 819.483772277832 621.110534667969 678.190063476562 483.67008972168 471.077911376953 522.476379394531 414.568908691406 538.064605712891 1039.31965637207 691.680480957031 527.054428100586 569.111770629883 374.876327514648 697.380142211914 599.337128639221 719.170433044434 665.255479812622 576.408020019531 587.574871063232 457.474380493164 393.507507324219 586.655349731445 628.675621032715 609.821495056152 535.573333740234 672.873406887054 720.212324142456 688.507068634033 782.079513549805 726.666187286377 775.898620605469 795.915573120117
467.468040466309 527.248928070068 589.320146560669 642.894886016846 523.065887451172 631.800556182861 655.482139587402 624.575193405151 642.809637069702 598.871250152588 601.504547119141 639.705215454102 867.467147827148 816.864925384521 567.19132232666 1292.44832611084 687.979103088379 480.361099243164 513.6044921875 681.149532318115 605.00358581543 548.110931396484 747.40450668335 448.493942260742 560.281631469727 505.356979370117 757.903644561768 556.781356811523 574.526557922363 609.089990615845 606.260456085205 753.411468505859 642.070875406265 722.426197052002 729.077484130859 607.252613067627 656.095876693726 558.603332519531 584.716247558594 600.919456481934 600.854217529297 633.01619720459 595.623836517334 800.093780517578 845.268630981445 707.743934631348 732.666801452637 824.207565307617 776.074668884277 774.080352783203
610.852634429932 569.651071548462 518.340240478516 583.361236572266 470.001602172852 625.92163848877 700.750267028809 486.247978210449 713.881721496582 672.943344116211 635.915610313416 604.851497650146 1247.47986602783 698.598762512207 842.965003967285 757.428955078125 594.364253997803 980.370056152344 710.32577419281 736.287534713745 1088.41261208057 1004.28985977173 652.839950561523 353.357727050781 458.471069335938 501.559875488281 528.630645751953 586.765228271484 448.275253295898 490.800498962402 604.92557144165 765.320465087891 624.061700820923 640.177897453308 678.597362518311 710.73755645752 693.80493927002 611.523603439331 657.806728363037 514.663864135742 702.325496673584 621.282661437988 768.251403808594 621.925682067871 687.364356994629 701.413347244263 689.62264919281 789.210990905762 686.62190246582 799.052398681641
598.77560043335 439.921356201172 550.330883026123 550.226425170898 478.68049621582 616.689582824707 627.565430641174 626.927992343903 480.974807739258 382.458557128906 510.243537902832 552.045501708984 827.489479064941 758.485553741455 674.077968597412 661.569808959961 480.835647583008 719.195472717285 445.619262695312 661.257995605469 550.464965820312 654.677619934082 613.036323547363 590.103889465332 638.825332641602 559.90210723877 623.140594482422 640.38286781311 566.46703338623 608.770999908447 718.719075202942 507.198699951172 732.406608581543 667.367385864258 725.734588623047 591.568515777588 561.207874298096 528.595985412598 575.665916442871 579.6181640625 726.758163452148 729.229080200195 552.328582763672 723.831504821777 708.592071533203 671.123554229736 644.02766418457 685.737163543701 669.74152803421 721.163154602051
597.308883428574 443.904319763184 398.389617919922 675.299194335938 490.33487701416 629.561069488525 626.821392059326 643.285213470459 594.259552001953 548.950965881348 499.717094421387 693.925582885742 582.972381591797 851.432861328125 663.700485229492 565.588623046875 743.023162841797 545.612686157227 560.016803741455 860.528217315674 629.76496887207 831.169649839401 694.595258712769 568.429794311523 642.57186126709 849.179344177246 487.736892700195 702.639518737793 476.475799560547 651.657836914062 632.596601486206 777.245803833008 723.340660095215 630.456559658051 671.941656112671 811.468231201172 516.840179443359 719.467247009277 521.456420898438 661.956680297852 667.843448638916 637.116317749023 558.841331481934 712.301277160645 722.59928894043 675.104774475098 735.284187316895 778.272102355957 576.949256896973 589.603046417236
583.739133834839 537.561725616455 560.243989944458 695.306312561035 543.637736797333 452.166000366211 472.555488586426 527.210548400879 530.311950683594 490.685485839844 596.046463012695 1095.65955352783 625.363800048828 787.507591247559 710.886543273926 1097.55023193359 457.049835205078 858.959930419922 431.918075561523 967.764827728271 871.380430221558 818.180360794067 656.963067054749 770.60676574707 733.003379821777 549.20378112793 638.440544128418 697.112770080566 519.001029968262 679.907634735107 673.087203979492 521.865699768066 640.616836547852 556.495086669922 775.993423461914 644.776416778564 417.671264648438 569.929569244385 617.852434158325 508.979606628418 912.013488769531 1018.39608001709 494.530563354492 544.940643310547 634.956178665161 766.937149047852 724.172416687012 706.02515411377 609.657304763794 560.804298400879
530.241786956787 450.31135559082 588.028259277344 503.640800476074 429.77409362793 544.626724243164 486.300033569336 576.564408302307 694.96981048584 397.710739135742 587.876319885254 978.262132644653 827.827545166016 958.79712677002 902.151319503784 824.701221942902 505.25666809082 505.644180297852 484.14680480957 469.043746948242 953.195335388184 698.100465774536 425.848648071289 752.747634887695 572.852169036865 722.985260009766 528.570533752441 768.290550231934 608.745352745056 716.829780578613 565.769973754883 582.22537612915 573.869220733643 607.899257659912 647.137552261353 608.303733110428 653.818202972412 551.388675689697 564.964775085449 739.094459533691 682.975364685059 708.62149810791 560.473640441895 640.069853782654 682.964920043945 601.597831726074 589.840770721436 700.732521057129 864.339294433594 639.343605041504
438.984130859375 486.855033874512 463.334930419922 448.025268554688 416.459228515625 417.45198059082 557.472957134247 640.553813934326 557.623731613159 572.385108947754 704.597434997559 1065.47314453125 972.109592437744 841.13512802124 803.705866932869 493.142623901367 384.47038269043 553.510124206543 444.992645263672 672.957046508789 852.753289699554 756.737976074219 550.356521606445 452.532302856445 591.006443023682 674.733371734619 564.619548797607 664.380878448486 761.741241455078 591.981216549873 574.096929550171 527.143112182617 567.677764892578 585.133253097534 662.624176025391 693.019172668457 524.824081420898 432.585540771484 576.912414550781 553.733766555786 807.286602020264 717.134002685547 585.7543592453 639.364043235779 570.641929626465 558.386497497559 581.426048278809 664.040557861328 572.025541305542 553.946041107178
563.901622772217 476.352638244629 514.073394775391 492.123016357422 463.206390380859 451.860649108887 470.800552368164 589.103759765625 631.030750274658 682.138986587524 770.043455123901 592.319038391113 906.123847961426 634.389981269836 604.516184210777 663.187908172607 591.090641021729 566.570808410645 562.704317092896 541.252481460571 623.486232757568 526.215084075928 496.726722717285 664.571464538574 727.146102905273 605.715439796448 694.289276123047 875.289184570312 773.765899658203 621.217586517334 613.094135284424 603.379302978516 517.287101745605 455.539672851562 489.328117370605 691.267379760742 567.069425582886 592.869741439819 689.511596679688 620.401531219482 795.889869689941 702.829221725464 578.215717315674 458.283203125 586.739850997925 691.008247375488 642.905052185059 548.22522354126 512.955001831055 702.66584777832
476.491706848145 392.770858764648 600.884471893311 519.484703063965 597.473991394043 506.642807006836 568.828071594238 646.640594482422 891.992868423462 512.368118286133 729.053050994873 698.49878692627 564.896419525146 532.299324035645 423.906829833984 641.827541351318 590.356341123581 563.581823348999 650.082382202148 349.051818847656 505.287445068359 462.92463684082 445.854698181152 546.32936668396 660.91259765625 653.757759094238 668.193305969238 689.65113067627 605.335781097412 585.460157394409 562.258581161499 539.007091522217 569.386301040649 703.974212646484 628.07572555542 583.193128585815 484.847103118896 720.344284057617 572.645095825195 721.528930664062 705.887840270996 759.457000732422 547.153625488281 634.9404296875 455.21443939209 599.098623275757 771.935440063477 643.415985107422 617.627361297607 596.056632995605
423.85026550293 448.230934143066 508.75853729248 705.894241333008 592.896722793579 506.193466186523 489.230102539062 721.251113891602 626.483238220215 489.712097167969 513.867897033691 509.625602722168 592.465575218201 527.04708480835 710.375961303711 679.112594604492 547.165626525879 653.457305908203 547.271227836609 557.908776283264 558.994092941284 578.541481018066 476.903015136719 577.475523948669 504.23168182373 591.777177810669 591.541484832764 878.612854003906 587.826179504395 723.225326538086 544.597457885742 587.366265296936 469.169136047363 494.413139343262 658.006011962891 512.9963722229 624.230339050293 610.460773468018 546.1276512146 489.600433349609 615.126617431641 581.486909151077 481.263168334961 508.677574157715 447.730941772461 664.209030151367 647.785102844238 616.2555809021 549.310138702393 563.991386413574
566.989143371582 638.896896362305 544.562837600708 769.055084228516 628.19310760498 575.145239830017 529.393356323242 633.844413757324 540.483812332153 534.862426757812 530.093139648438 713.018898010254 558.517179489136 650.360733032227 606.702583312988 611.845474243164 563.847291946411 566.540468215942 577.617508411407 602.168479919434 677.949691772461 677.778198242188 553.666523337364 602.590892791748 516.556449890137 713.769317626953 792.383209228516 590.50931930542 695.753829956055 539.650158882141 577.328784942627 450.718086242676 549.9068775177 680.232147216797 609.945631027222 578.675642967224 557.471416473389 513.9755859375 612.364990234375 692.6279296875 673.986923217773 470.201072692871 591.94235086441 562.20742225647 716.700805664062 519.467761993408 526.612714767456 593.880004882812 543.581771850586 645.72620010376
574.534906387329 656.561134338379 575.102661132812 554.264121055603 742.308090209961 591.197097063065 675.276580810547 614.45861530304 514.96654510498 641.026870727539 575.403116226196 494.095176696777 420.265029907227 649.748260498047 547.734958171844 524.618328094482 627.48397064209 556.582759857178 548.568371772766 494.469276428223 474.253273010254 631.292785644531 497.583488464355 686.573081970215 621.826625823975 431.872779846191 564.044652938843 737.318359375 568.668418884277 428.819442749023 420.226669311523 549.619175255299 536.716276168823 619.545917510986 661.572860717773 630.399269104004 619.189998626709 586.876020431519 509.497283935547 578.371553421021 697.721145629883 763.679412841797 663.316097259521 667.308406829834 946.925827026367 474.248291015625 567.702078819275 527.682893753052 499.51346206665 476.391899108887
512.019111633301 597.677719116211 595.879596710205 530.713298797607 628.559478759766 776.553359985352 687.553688049316 545.403373718262 485.964225769043 661.729248046875 618.351421356201 693.956573486328 477.491500854492 512.039066314697 508.585800170898 574.349613189697 618.068252563477 825.325134277344 623.028327941895 495.610778808594 515.823970794678 430.262702941895 666.657852172852 529.814678192139 513.124187469482 498.762157440186 655.950798034668 799.90145111084 541.117485046387 636.983131408691 622.135147094727 614.915791779757 645.332962036133 554.149513244629 576.424249649048 568.400723457336 564.721534729004 619.93869972229 564.671447753906 418.886779785156 623.231330871582 687.275016784668 594.960350036621 604.731651306152 1098.50941085815 652.120277404785 466.464157104492 637.016159057617 563.580115675926 583.956296920776
633.296775817871 585.511131286621 613.231918334961 637.987411499023 648.675346374512 591.250316619873 665.725784301758 586.296775817871 681.044731140137 596.988453865051 695.487182617188 706.341468811035 383.068283081055 391.09895324707 589.335189819336 520.936387062073 631.954399108887 498.778589248657 593.769187927246 501.918300628662 631.981704711914 580.217555999756 588.069778442383 524.375015735626 605.159378051758 339.790939331055 541.657348632812 610.178176879883 952.373668193817 594.026557922363 734.693405151367 700.720809936523 632.014351844788 459.214279174805 517.484424591064 761.534439086914 505.97912979126 388.435333251953 389.268707275391 497.784816741943 578.087364196777 553.152592658997 697.146072387695 604.67834854126 578.813243865967 444.221054077148 543.627237319946 547.077524662018 510.179275512695 627.063232421875
559.89749956131 537.901805877686 575.201219558716 457.518974304199 582.908542633057 717.352462768555 539.156402587891 495.960914611816 670.039196014404 438.882843017578 489.006164550781 579.335020065308 546.020969390869 617.937961578369 488.758056640625 552.373683929443 557.224063873291 534.366719007492 583.118015289307 679.252029418945 502.4123878479 415.896301269531 562.601562976837 411.285873413086 485.070873260498 380.123138427734 465.099197387695 649.15799331665 891.887771606445 548.969955444336 582.440515518188 456.632141113281 510.687160491943 565.349472045898 685.929733276367 548.051153182983 527.684351682663 525.618787765503 417.464614868164 518.232383728027 677.803100585938 622.008544921875 499.939498901367 513.338760375977 557.100515365601 499.983810424805 607.484504699707 570.066144943237 534.798011779785 594.243492126465
717.766757965088 664.443740844727 631.060199737549 609.950031280518 300.291320800781 530.037796020508 488.093593597412 550.313724517822 661.534576416016 506.512981414795 627.727069854736 666.352691650391 557.687266349792 431.095291137695 542.113821029663 409.895141601562 565.192663192749 518.063562393188 474.205558776855 472.112480163574 498.033546447754 483.633975982666 640.720157623291 445.524368286133 399.935581207275 624.425788879395 437.123092651367 407.724624633789 780.384693145752 813.349807739258 398.261260986328 417.207183837891 458.889701843262 524.072958827019 573.106250762939 526.010129928589 481.416271209717 573.097322463989 415.288421630859 426.878067016602 711.578796386719 599.224746704102 542.573952674866 489.24840927124 425.580795288086 416.022438049316 526.307567596436 545.933946609497 530.758237838745 377.353729248047
594.361749649048 538.171225547791 632.384521484375 595.143844604492 613.40930557251 465.96452331543 452.404685974121 680.82502746582 388.269866943359 688.6169090271 629.931930541992 630.95975112915 452.875328063965 501.062580108643 564.4055519104 497.299936294556 637.86848449707 492.936248779297 455.38330078125 474.988548278809 503.927314758301 509.447986602783 490.815711975098 481.921279907227 588.972715377808 539.235252380371 521.498779296875 655.280044555664 483.635040283203 499.217613220215 457.617858886719 455.534057617188 436.850933074951 535.905839242041 656.640213012695 558.90993976593 586.69681930542 516.291763305664 373.441604614258 492.19287109375 607.292877197266 439.39338684082 497.176174163818 505.922470092773 560.894048690796 595.216323852539 560.397760391235 526.084049224854 670.055816650391 469.377952575684
662.356224060059 672.616744995117 548.078559875488 532.661037445068 549.705641269684 616.16902923584 505.268482208252 677.08056640625 624.593063354492 562.866256713867 608.832265853882 581.934886932373 548.343329429626 475.825086593628 519.521011352539 559.849967956543 548.105218887329 433.809982299805 552.744521141052 554.269869804382 463.931114196777 442.620582580566 372.33512878418 457.215072631836 462.530334472656 632.678787231445 435.571434020996 620.157438278198 646.337844848633 535.831523895264 595.492481231689 613.521106719971 651.347503662109 435.727233886719 461.841361999512 555.426490783691 651.839935302734 492.019718170166 479.055187225342 490.050258636475 498.707443237305 485.211647033691 553.361545562744 447.781219482422 444.455345153809 421.974403381348 559.252630233765 393.412338256836 341.11442565918 570.232328414917
390.09455871582 514.088056564331 752.955047607422 439.998817443848 561.396068572998 602.156921386719 467.17391204834 577.430244445801 480.445793151855 622.209772109985 637.747367858887 565.171333312988 451.31795501709 554.148826599121 528.208633422852 509.066131591797 545.376801490784 490.480373382568 467.560081481934 453.713035583496 418.926193237305 584.343921661377 573.921482086182 485.877696990967 582.603240966797 573.908032059669 444.30785369873 470.045639038086 618.628356933594 728.718473434448 511.453002929688 629.887994766235 494.421976089478 469.931985855103 448.290710449219 582.38497543335 441.511306762695 410.481857299805 534.937707424164 410.602600097656 587.360553741455 569.780269622803 592.799507141113 526.397932052612 656.891151428223 584.041717529297 526.899486541748 298.981506347656 455.233383178711 453.855766296387
438.535171508789 431.232131958008 501.310985565186 458.475914001465 604.890979766846 669.644340515137 521.104328155518 535.666009902954 528.617457389832 533.302141189575 659.420532226562 464.996246337891 485.863624572754 668.323524475098 504.688739776611 657.045799255371 654.643852233887 615.828735351562 610.166534423828 497.431230545044 475.67015838623 504.428340911865 410.038589477539 629.321006774902 547.811527729034 690.69409942627 392.656555175781 434.891006469727 376.26579284668 479.171585083008 668.222049713135 667.354112625122 669.479783058167 511.337463378906 494.913665771484 520.609674453735 441.758972167969 539.968544006348 613.764335632324 764.677856445312 615.559782981873 728.329132080078 929.950645446777 702.303352355957 627.804870605469 638.596405029297 503.790840148926 500.076812744141 509.356483459473 645.073387145996
