export/dem/dem74.asc
NCOLS 350
NROWS 171
XLLCORNER 152620
YLLCORNER 418050
CELLSIZE 100
NODATA_VALUE -9999
[rows 22 to 43 of 171, columns 50 to 99 of 350]
-9999 -9999 -9999 -9999 -9999 -9999 -9999 -9999 -9999 554.02912902832 605.571464538574 603.477828979492 532.273468017578 570.955337524414 371.361328125 475.069204330444 514.140193939209 552.912706375122 659.496631622314 608.242923736572 667.039442062378 587.884963989258 537.05924987793 602.999027252197 739.736228942871 752.143836975098 609.065582275391 527.639358520508 708.394371032715 600.926738262177 651.93758392334 544.521656036377 696.236976623535 582.905714035034 695.389442443848 610.525379180908 591.012985229492 449.915649414062 544.193984985352 309.046600341797 408.563339233398 569.581693649292 1057.48365783691 532.103530883789 497.382369995117 462.638305664062 517.016883850098 723.022731781006 521.287757873535 1352.01599884033
-9999 -9999 -9999 -9999 -9999 -9999 -9999 -9999 834.748085021973 565.805358886719 589.77326965332 548.63899230957 506.020141601562 460.079990386963 383.878311157227 608.486549377441 548.250196456909 637.596684455872 659.12971496582 628.505596160889 567.075576782227 827.68123626709 595.015659928322 626.833473205566 727.34838104248 544.038780212402 489.898262023926 522.929100036621 559.459824562073 626.733154296875 549.124633789062 674.068939208984 539.056022644043 443.067077636719 599.545967102051 681.599784851074 557.725824356079 922.766468048096 895.618011474609 928.088653564453 732.51782989502 608.977356433868 487.305763244629 565.924806594849 351.421646118164 482.507965087891 481.454139709473 698.74692428112 477.44017791748 1176.90869140625
-9999 -9999 -9999 -9999 -9999 -9999 -9999 773.126739501953 861.121208190918 765.910247802734 512.402618408203 594.004440307617 491.482698440552 461.006015777588 657.380584716797 707.39527130127 702.354621887207 590.579002380371 646.031704902649 618.43505859375 714.33030128479 651.692675590515 619.909421920776 701.812664031982 585.996913909912 541.123699188232 458.006286621094 587.3981590271 619.046310424805 1016.92575073242 539.533355712891 544.362983703613 670.81489944458 428.423934936523 926.554069519043 659.348815917969 747.265144348145 524.711090087891 610.14031457901 622.631786823273 605.974078655243 494.424476623535 511.228004455566 565.834395885468 364.58984375 492.746910095215 362.137588500977 397.590148925781 507.475069046021 1051.86418914795
-9999 -9999 -9999 -9999 -9999 -9999 713.931976318359 841.858787536621 617.807495117188 718.094619750977 545.148246765137 492.95671081543 356.900604248047 486.652153015137 387.742858886719 669.187536239624 589.331846237183 690.036525726318 514.411479949951 713.542851448059 680.39767742157 711.602842330933 499.578636169434 779.134185791016 596.686692237854 529.28356552124 469.398811340332 1081.51418304443 678.857238769531 555.152557373047 552.890701293945 568.13516998291 494.600021362305 800.688926696777 684.38408946991 545.880462646484 667.820121765137 653.291263580322 656.689147949219 526.278182983398 569.304513931274 553.254035949707 428.405822753906 443.384216308594 460.085220336914 482.14331817627 360.894989013672 532.857383728027 514.542190551758 656.123687744141
-9999 -9999 -9999 -9999 -9999 657.317901611328 460.411468505859 326.556991577148 216.127014160156 493.978988647461 526.823669433594 471.785293579102 619.964416503906 622.865045547485 673.844408988953 624.069931030273 528.731781005859 471.960243225098 394.989730834961 660.574836730957 599.935722351074 512.407665252686 509.626998901367 554.648118019104 702.325393676758 739.519317626953 580.721160888672 775.70645904541 793.281295776367 661.095062255859 572.218826293945 484.117874145508 571.065071105957 627.236968994141 569.032218933105 738.836532592773 699.317024230957 572.380735397339 453.586158752441 574.962781906128 309.401153564453 509.181758880615 476.003753662109 396.851837158203 355.015625 346.189758300781 306.477752685547 618.453514099121 513.361251831055 602.092262268066
-9999 -9999 -9999 -9999 268.914581298828 571.488571166992 278.859359741211 338.054901123047 393.618392944336 440.633636474609 573.172187805176 568.453369140625 588.479721069336 623.470018863678 564.612892150879 799.611392974854 582.920532226562 489.896705627441 702.682037353516 483.264198303223 518.787929534912 526.35425567627 606.733917236328 1045.49892425537 991.841781616211 722.988761901855 533.585098266602 587.413497924805 480.553695678711 648.347137451172 481.653457641602 588.714366912842 617.53711605072 710.039237976074 461.269012451172 734.02188873291 512.005279541016 608.124225616455 516.693786621094 533.437973022461 360.668487548828 483.791549682617 500.105052947998 377.317901611328 508.965042114258 494.409439086914 499.048385620117 550.032358169556 541.979999542236 647.150703698397
-9999 -9999 -9999 1142.63120269775 561.099390745163 347.502883911133 309.515533447266 374.524917602539 433.735168457031 386.353317260742 665.934577941895 483.330596923828 505.673240661621 672.336376190186 673.85221862793 559.824808120728 677.892758369446 431.257095336914 616.518039703369 420.754470825195 419.386642456055 532.570541381836 953.213195800781 548.473159790039 776.227127075195 526.49878692627 392.90202331543 528.167495727539 393.904434204102 343.615631103516 351.608612060547 513.308145523071 591.532054901123 726.692260742188 479.180587768555 651.147022247314 554.959949493408 485.920310974121 500.617385864258 675.926177978516 479.257274627686 470.987236022949 365.823776245117 500.222866535187 414.342063903809 424.193084716797 477.816883087158 636.199066162109 460.715156555176 508.270095825195
-9999 -9999 610.461357116699 1062.82151031494 374.800003051758 293.690307617188 479.941101074219 340.36442565918 323.703887939453 642.641639709473 510.604110717773 569.72953414917 523.84489440918 828.044960021973 633.962501525879 500.932464599609 620.222244262695 545.060256958008 873.265785217285 550.171188354492 1210.12982368469 597.277441978455 567.245096206665 522.305410385132 382.651992797852 396.031211853027 401.221527099609 422.585845947266 502.644887924194 427.924911499023 434.000198364258 570.249099731445 416.687911987305 505.281909942627 476.214996337891 581.376293182373 548.575506210327 613.046875 520.008326888084 502.441140055656 424.184196472168 483.510437011719 455.020526885986 433.330711364746 472.203914642334 422.220359802246 561.800601959229 646.034294128418 432.426742553711 790.155548095703
-9999 -9999 521.986724853516 904.493591308594 1126.5740814209 311.971206665039 469.475143432617 418.062042236328 388.063201904297 535.113830566406 551.190162658691 410.656669616699 764.415641784668 525.526763916016 646.192626953125 743.015342712402 537.269882202148 530.865648269653 938.064407348633 668.379608154297 476.270038604736 692.079032897949 616.33797454834 476.011390686035 389.526679992676 426.673128128052 348.319198608398 487.188186645508 416.886985778809 450.106616020203 443.250154495239 516.053192138672 427.622959136963 588.983184814453 453.363788604736 443.042350769043 371.27904510498 787.464797973633 440.580146789551 369.861320495605 518.237705230713 402.541549682617 416.775436401367 358.025253295898 434.160057067871 537.441980361938 301.471328735352 395.524085998535 389.127105712891 604.286911010742
-9999 603.631191253662 736.450269699097 416.701080322266 531.792106628418 614.877212285995 323.877014160156 587.306823730469 628.163269042969 511.21802520752 536.080772399902 501.850280761719 664.469913482666 716.678199768066 616.258819580078 702.612117767334 619.312328338623 498.494647026062 587.158252716064 439.796493530273 650.973747253418 569.134029388428 319.537933349609 449.358312606812 455.975580215454 550.08390045166 618.903671264648 334.488441467285 444.17166519165 517.43147277832 443.240447998047 413.634201049805 476.201623916626 525.611503601074 371.871879577637 502.696083068848 388.441131591797 429.235591888428 524.026275634766 407.519485473633 505.990900993347 538.657415390015 514.010145187378 461.919456481934 469.601861953735 404.632034301758 525.429550170898 439.500686645508 446.02791595459 432.851631164551
510.569046020508 588.357570648193 414.29914855957 530.940887451172 518.181297302246 543.212600708008 444.517364501953 538.729202270508 421.533905029297 635.560579299927 564.055000305176 851.399597167969 776.672286987305 436.980422973633 507.795463562012 610.997191429138 547.169193267822 577.808654785156 504.785104751587 627.110336303711 649.093719482422 541.983871459961 579.053466796875 461.361369132996 376.33508682251 373.25513458252 597.576568603516 435.989858627319 548.139610290527 608.948715209961 370.212707519531 495.530232429504 511.760528564453 372.776588439941 444.031940460205 439.73924446106 478.812633514404 344.369300842285 244.302200317383 438.965188980103 429.989768981934 463.404136657715 509.607265472412 422.937492370605 476.496858596802 549.32470035553 577.895088195801 537.339038848877 443.669296264648 470.069953918457
489.743499755859 436.531661987305 469.314544677734 548.737701416016 455.670318603516 469.680953979492 603.599388122559 550.240188598633 478.17138671875 767.180763244629 572.53337097168 506.715690612793 418.30305480957 588.627319335938 585.409439086914 467.5837059021 513.225273132324 688.857376098633 550.622169494629 521.673034667969 438.257877349854 455.200223922729 456.376690387726 370.819900512695 444.741164118052 348.167411804199 453.506380081177 369.991111755371 374.65650177002 453.449172973633 350.320129394531 558.421264648438 610.680526733398 317.126342773438 333.436569213867 195.125213623047 347.946754455566 286.388717651367 493.797880172729 420.429801940918 516.085796356201 492.781028747559 398.960845947266 407.240745544434 641.509735107422 479.859010860324 475.193680763245 466.101968765259 501.444265365601 412.789001464844
547.429523468018 497.40186882019 551.776649475098 394.004409790039 519.328907012939 617.035289764404 523.380302429199 382.633338928223 596.662673950195 660.692451477051 528.448150634766 462.608581542969 338.047348022461 604.015830039978 529.042320251465 556.440002441406 570.579925537109 607.227767944336 549.625114440918 480.133761405945 375.948913574219 409.955562591553 411.216497421265 368.79810333252 464.23693561554 561.078971862793 447.389610290527 303.856735229492 444.726528167725 404.830163955688 629.843231201172 421.127635955811 371.485122680664 462.965612411499 410.468402862549 548.811061859131 422.967247009277 334.584632873535 369.919326782227 398.201961517334 506.023460388184 462.684638977051 486.261750221252 467.35325050354 547.719139099121 358.546875 413.407428741455 331.196731567383 453.379089355469 442.298305511475
508.870262861252 446.810245513916 397.857582092285 474.256526947021 436.011985778809 577.470275878906 373.285781860352 705.310546875 490.090110778809 621.746124267578 441.281036376953 440.590835571289 527.461578369141 453.777481079102 440.667404174805 567.852027893066 570.434555053711 601.809768676758 472.047386169434 500.111887931824 461.998213768005 502.540287017822 339.291053771973 415.282833099365 559.283432006836 625.969879150391 569.014297485352 467.002340316772 491.358032226562 482.486097335815 660.896530151367 534.22688293457 510.644989013672 547.218994140625 476.035675048828 454.165114283562 419.49271774292 380.754463195801 481.055265426636 490.623458862305 470.28423500061 409.545333862305 411.729629516602 388.678276062012 435.904415130615 407.196708679199 473.452157020569 362.566101074219 377.932052612305 261.781967163086
642.790415763855 735.02018737793 305.433486938477 529.142726898193 471.603744506836 432.311630249023 611.994808197021 692.072006225586 606.905403137207 759.977100372314 347.770530700684 560.61936044693 392.954376220703 497.212509155273 455.010627746582 583.304279327393 497.968230485916 435.63631439209 550.425479888916 643.069976806641 443.435098648071 299.430068969727 467.665159225464 244.290466308594 494.645557403564 562.604080200195 522.667846679688 445.757553458214 466.774297714233 327.030113220215 516.583969116211 346.657012939453 440.46979495883 524.342361450195 392.421817779541 408.663547515869 411.212280273438 305.309936523438 279.92985534668 464.259841918945 368.490264892578 277.746841430664 358.222679138184 463.356113433838 363.251350402832 333.961456298828 311.309143066406 518.858791351318 572.666259765625 516.774631500244
643.582715988159 485.13207244873 411.107398986816 595.489349365234 709.034496307373 425.748794555664 420.347679138184 497.918773651123 690.286903381348 666.819610595703 394.219268798828 712.674768805504 519.987710952759 583.519409179688 551.055038452148 471.66024017334 603.431831359863 507.854265213013 408.686327457428 463.064054012299 447.813378334045 417.305229187012 402.759716033936 443.707114696503 378.982692718506 507.872589111328 378.139148712158 571.064895629883 454.912342071533 421.650249004364 359.136688232422 405.305363178253 331.970252990723 493.608551025391 389.595813751221 314.068656921387 408.103679656982 241.092239379883 482.110891342163 326.798667907715 393.369724273682 495.692386627197 433.455627441406 446.177063941956 367.772918701172 463.172298431396 296.297027587891 491.579000473022 551.457710266113 556.944648742676
553.906902313232 437.364967346191 508.396332740784 708.527908325195 446.163749694824 377.174098968506 469.345310211182 1055.98048305511 974.382339477539 1050.82453155518 529.432682037354 528.317226409912 388.476501464844 505.889446258545 380.237319946289 511.571514129639 492.474449157715 453.860427856445 356.192958831787 494.129425048828 609.286163330078 456.448268890381 299.803817749023 310.958473205566 228.611312866211 410.94188785553 470.617126464844 274.208145141602 436.733601570129 497.721431732178 437.809348106384 273.28352355957 465.494804382324 494.08332824707 388.223022460938 458.004262924194 481.718421936035 355.279067993164 470.6787789464 477.768106460571 386.969367980957 369.15454864502 363.365882873535 350.683311462402 524.22819519043 287.475189208984 484.809326171875 513.844203948975 627.420257568359 364.060115814209
375.323554992676 408.506477355957 554.28438949585 775.210357666016 446.798370361328 333.524368286133 386.96700668335 575.665367126465 569.960430145264 755.876235961914 418.674919128418 525.294338226318 600.912300109863 476.122248649597 471.142024993896 460.514726638794 593.28010559082 504.11287689209 429.860076904297 532.249401092529 507.908351898193 527.070289611816 397.198963165283 506.320709228516 560.507682800293 500.82266998291 445.477527618408 231.292129516602 318.19734954834 409.121978759766 411.721097946167 395.921363830566 509.417953491211 499.213325500488 266.878036499023 393.834901809692 382.074272155762 293.387435913086 315.2509765625 447.908188819885 515.600036621094 560.572603225708 385.634128570557 451.587993621826 370.581695556641 461.45075750351 533.320625305176 495.761024475098 376.622543334961 626.344955444336
330.224533081055 518.064392089844 887.777770996094 672.024412155151 676.200395584106 287.60432434082 479.935903072357 556.182662963867 362.429550170898 517.356735229492 454.371360778809 432.389831542969 535.017164235935 549.570686340332 617.129272460938 490.605838775635 551.703201293945 467.355441093445 432.108196258545 395.911281585693 331.899993896484 260.671005249023 396.65495300293 485.129127502441 549.220695495605 414.999798297882 363.414993286133 360.34553527832 375.848625183105 345.063846588135 463.175498962402 486.718856811523 501.289276123047 494.660129547119 318.870094299316 412.488994598389 431.171476364136 310.483047485352 529.249496459961 595.752731323242 390.421669006348 301.185974121094 407.90506362915 623.025726318359 424.62186050415 455.665135383606 415.736289978027 492.659107208252 519.115341186523 470.486869812012
673.076263427734 657.611547470093 711.002006530762 604.343681335449 624.281890869141 356.41584777832 361.317779541016 542.815979003906 691.328353881836 1160.44831985235 482.938217163086 438.741546630859 535.069940753281 469.919506072998 528.284502029419 579.655838012695 545.272338867188 497.280811309814 388.183933258057 450.252901792526 425.982358932495 355.658836364746 452.565958023071 575.794998168945 518.676193237305 465.946838378906 384.905420303345 408.856839179993 460.7956199646 389.804622650146 420.413204193115 423.704754114151 419.459321975708 303.964004516602 367.582744598389 417.3890209198 352.637573242188 357.832588195801 385.882316589355 410.311962127686 368.344848632812 428.399578094482 461.911890029907 539.61206817627 478.812118530273 471.85969543457 331.002212524414 494.626522064209 549.463310241699 423.241419792175
870.544006347656 817.424758911133 651.352447509766 841.863677978516 272.210372924805 368.491157531738 285.722229003906 282.059509277344 430.75276184082 355.900039672852 513.854568481445 459.311416625977 476.614429473877 539.054018974304 422.629936218262 523.240881919861 471.689989089966 248.607452392578 359.177253723145 484.057498931885 524.698112487793 291.620269775391 362.851661682129 395.062055587769 498.377410888672 293.039558410645 440.363054275513 558.322113037109 316.903503417969 435.999914169312 482.563493728638 410.974481582642 445.354473114014 488.738059997559 213.641708374023 342.161315917969 354.261199951172 305.735702514648 383.793560028076 404.833656311035 414.965251922607 664.373695373535 514.153633117676 567.664268493652 652.010635375977 351.402320861816 437.027303934097 506.574703216553 425.211102485657 530.48957824707
503.859649658203 920.679664611816 806.8617811203 828.687347412109 369.637626647949 346.203441619873 264.233749389648 435.000045776367 512.891708374023 499.190175056458 632.671792507172 365.621932983398 371.662689208984 602.115455627441 522.088661193848 496.365478515625 569.329986572266 551.714256286621 515.547485351562 378.211326599121 644.140151977539 604.62060546875 515.953811645508 464.624542236328 543.826614379883 446.557655334473 557.248336791992 396.780750274658 501.296836853027 442.07017326355 602.020156860352 472.499910354614 434.047419548035 514.307762145996 370.677066802979 510.893493652344 380.301013946533 447.879585266113 358.1533203125 576.371208190918 332.408203125 462.993347167969 667.876556396484 518.008644104004 529.873023986816 485.722412109375 409.805486679077 535.322204589844 460.206666946411 332.479415893555
