export/dem/dem75.asc
NCOLS 350
NROWS 171
XLLCORNER 152620
YLLCORNER 418050
CELLSIZE 100
NODATA_VALUE -9999
[rows 110 to 131 of 171, columns 250 to 299 of 350]
790.723403930664 645.054424285889 802.150115966797 617.50511932373 1270.25715827942 958.40161895752 724.366485595703 987.962768554688 1000.57289123535 814.394973754883 669.545196533203 843.318183898926 1087.20571327209 1173.06443786621 1020.58833122253 950.11697769165 1060.69171142578 991.282867431641 917.594837188721 1037.89496231079 962.865737915039 855.740951538086 1185.33450698853 1114.73892021179 1294.90676116943 854.214340209961 780.970830917358 785.696258544922 921.732701897621 856.695966005325 818.928657531738 870.957010269165 760.994163513184 970.276763916016 1061.32233428955 1010.58912658691 996.436752319336 899.145980834961 1020.57865142822 761.506237030029 828.097953796387 607.799057006836 753.120538711548 785.756416320801 586.721385955811 670.038482666016 741.885417938232 717.332004547119 840.082427978516 749.324697494507
882.385452270508 569.767845153809 698.129676818848 760.395721435547 626.608703613281 629.150276184082 641.334564208984 1174.38398742676 462.816741943359 507.445983886719 540.649765014648 801.831604003906 1020.40161132812 1030.14741516113 1013.07562255859 694.353134155273 664.160919189453 923.342237472534 895.850421905518 869.775833129883 1310.94593048096 833.722717285156 1093.22956848145 1005.40412139893 1141.06772613525 1297.32173156738 875.229457974434 872.151718139648 870.4690284729 945.043098449707 947.200355529785 748.601211547852 869.10179233551 794.276033401489 1009.86391448975 1013.39659118652 1174.65367126465 951.673477172852 823.626056671143 790.64421081543 921.169784545898 641.06477355957 928.169532775879 825.071296691895 777.775703430176 697.866691589355 873.73267364502 655.666748046875 768.11438369751 966.827453613281
735.451431274414 884.153945922852 910.668445587158 689.084999084473 1086.47109985352 569.600357055664 638.493499755859 680.716567993164 814.93041229248 921.971618652344 527.51448059082 528.57275390625 970.951366424561 1020.08453369141 1225.66409301758 919.5534324646 659.825408935547 816.646408081055 900.507781982422 937.44722366333 817.809013366699 831.443099975586 1145.53537750244 1099.70607757568 1026.94609832764 1136.99235534668 989.498672485352 1005.55472612381 887.724418640137 992.613731384277 928.567920684814 920.855179786682 1078.84288024902 1140.83227539062 1009.90235900879 1127.9835357666 1020.43885040283 927.299575805664 800.524871826172 888.45174407959 878.879241943359 755.791770935059 861.359313964844 1063.59196472168 787.827049255371 864.635265350342 735.61295747757 781.764827728271 705.337604522705 1018.76051330566
680.414684295654 736.70539855957 556.558822631836 796.234672546387 922.941287994385 1169.07905578613 670.767318725586 702.91178894043 789.715522766113 624.479064941406 625.151504516602 644.838199615479 561.054275512695 700.953853607178 735.398529052734 537.787628173828 637.773132324219 675.37427520752 706.020771026611 680.727737426758 841.678849220276 883.094955444336 895.213386535645 867.60838508606 935.77307510376 1087.42202138901 995.604127883911 975.189371109009 1527.64190673828 1278.6715259552 861.967475891113 892.487447738647 974.945991516113 923.754722595215 854.239334106445 986.231079101562 918.121032714844 539.028617858887 501.743721008301 683.16187286377 805.307113647461 557.692245483398 709.328548431396 842.84130859375 815.957855224609 766.198570251465 509.047271728516 901.034598350525 709.10009765625 803.059707641602
798.705429077148 1115.3777923584 1198.07821655273 623.557159423828 692.664905548096 722.817295074463 2023.20352172852 660.869895935059 1141.24392700195 1052.64694213867 671.105758666992 523.674057006836 604.518745422363 691.170295715332 609.120300292969 887.903289794922 762.327377319336 758.591440200806 677.000923156738 806.920101165771 784.82963180542 1110.79144287109 903.473175048828 853.632080078125 879.421356201172 902.455390930176 831.183135986328 989.774851799011 1314.16605377197 1446.33570861816 843.31974029541 919.857433319092 791.293930053711 852.846832275391 691.197929382324 703.437004089355 747.488067626953 884.184204101562 925.288452148438 761.725486755371 853.316284179688 830.474273681641 853.38655090332 861.724937438965 619.568969726562 576.884033203125 650.744159698486 832.916465759277 775.540748596191 825.744918823242
864.746873378754 800.981796264648 849.89845085144 612.594497680664 588.779281616211 1157.37902832031 627.690399169922 589.695495605469 639.53337097168 629.377410888672 650.999038696289 544.31217956543 666.487091064453 512.150405883789 689.433427810669 657.503326416016 635.043754577637 823.970859527588 827.004776000977 782.287563323975 820.047678947449 879.253185272217 844.483955383301 950.534721374512 851.107345581055 806.318183898926 726.627090454102 821.894876480103 1123.36141014099 1721.83198547363 1026.48712158203 735.944183349609 699.475044250488 635.752044677734 655.339935302734 584.147125244141 752.883352279663 684.647327423096 847.438415527344 740.5589427948 697.661418914795 794.234451293945 714.910533905029 893.513763427734 803.826011657715 714.688493728638 737.373617768288 846.076507568359 710.45386505127 753.76070022583
878.341613769531 1246.32702636719 723.278495788574 853.372721672058 1243.20791625977 700.342933654785 776.211673736572 1189.21762084961 733.065776824951 938.77229309082 808.818359375 573.527725219727 546.661354064941 584.124465942383 660.221752166748 542.708053588867 682.588520050049 760.270820617676 814.404846191406 917.283889770508 912.30347442627 800.461387634277 842.503602981567 917.545257568359 814.019397735596 710.311874389648 970.847272872925 851.779930889606 904.190788269043 872.884902954102 1051.56650543213 751.048751831055 663.523849487305 728.031873226166 801.259761810303 1226.62421035767 1516.5714263916 1858.49583435059 1536.61019134521 1162.998046875 789.250053405762 756.557846069336 805.716926574707 791.076343536377 894.215560913086 888.812149047852 782.207271575928 901.892044067383 787.557174682617 642.195541381836
543.784774780273 957.479682922363 603.963409423828 773.425756454468 906.371032714844 775.011138916016 1077.87602996826 500.751510620117 770.913017272949 839.346633911133 972.272808074951 739.389801025391 515.076889038086 539.134452819824 739.132781982422 646.057071685791 757.984661102295 677.818252563477 630.298931121826 719.382171630859 540.541969299316 814.487983703613 808.161214828491 894.305599212646 807.178260803223 871.499559402466 995.719287872314 1004.1775894165 772.947002410889 796.424209594727 709.341766357422 827.689163208008 726.809677124023 963.257177352905 1099.03060150146 753.573417663574 1107.18528747559 1202.15782165527 1467.17088317871 1973.25256347656 1250.08877563477 1037.70043182373 877.406543731689 924.314712524414 923.572875976562 846.738403320312 879.540786743164 968.166580200195 926.066818237305 713.871324539185
523.851257324219 815.49881362915 701.818725585938 815.674892425537 1029.28681182861 592.371231079102 1046.06756591797 607.86474609375 867.152759552002 839.721778869629 665.144485473633 775.957908630371 545.923843383789 538.15559387207 628.801147460938 702.585991859436 701.945310592651 806.636294364929 772.939347743988 737.220123291016 704.828430175781 731.136913299561 809.915832519531 696.957611083984 961.779876708984 895.396414756775 911.351320266724 880.687316894531 571.556999206543 613.112854003906 1997.53810119629 2875.80715179443 927.938121795654 897.318031311035 1036.63091278076 1128.3117980957 1209.74360656738 1097.8025970459 1150.49996185303 1243.17451477051 1200.69640350342 1410.73588562012 1149.09561252594 1417.50228881836 1513.10061645508 1201.00354003906 1046.06801605225 880.954605102539 896.258331298828 806.376747131348
469.39567565918 515.086128234863 664.875492095947 728.8496966362 850.163940429688 1168.92874717712 848.503425598145 772.92399597168 1113.14994049072 802.928310394287 758.002453327179 841.755275726318 631.836547851562 624.457145690918 638.49547958374 667.586462020874 691.391736984253 704.81821680069 819.573812961578 796.306224822998 750.139644622803 840.177314758301 746.96688079834 803.290267944336 915.939727783203 970.194702148438 826.46911239624 740.93350982666 761.533039093018 596.90510559082 669.515319824219 2199.35233688354 874.471454620361 1071.03259277344 1309.18450927734 1306.85193777084 1240.13087463379 1207.29037094116 1783.88545227051 1226.42105293274 1131.26145935059 1165.40784454346 1095.88105010986 1024.5111913681 1496.35567140579 1704.16896057129 1224.6343536377 1495.20796203613 1247.46618652344 1057.73767089844
542.123730659485 478.408786773682 500.466403961182 480.970050811768 808.857238769531 924.819358825684 794.562740325928 862.144769668579 810.836059570312 832.258750915527 834.048141956329 854.423915743828 510.197235107422 510.768112182617 619.958473205566 533.704254150391 689.564414978027 728.0205078125 766.544006347656 828.954795837402 739.480796813965 761.181243896484 805.832349777222 748.494770526886 664.515619277954 797.856353759766 790.438652038574 776.813514709473 806.248046875 832.812773704529 660.199798583984 719.547103881836 704.89909362793 735.280456542969 923.554634094238 953.926746368408 1199.33714294434 1055.03472137451 1308.14847564697 1087.18279743195 1264.20712006092 1188.1450920105 1068.26457881927 1029.30068397522 1278.76631736755 1269.50503158569 1320.63086700439 1360.26516723633 1318.06335449219 1541.29735469818
645.008110046387 763.077362060547 612.961811065674 616.492084026337 549.462873935699 549.368314981461 568.67907333374 662.133045196533 690.202411651611 699.62744140625 705.745668411255 618.631530761719 693.642288208008 550.937561035156 639.576507568359 693.951595306396 659.453546524048 666.486557006836 808.25431060791 800.960777282715 794.144044876099 787.441617250443 626.122680664062 783.669724464417 687.537563323975 612.757171630859 801.954372406006 844.982246398926 737.925827026367 957.099517822266 870.823059082031 760.857901573181 836.015895843506 931.563819885254 976.291000366211 1190.83226013184 1021.08650398254 981.966209411621 916.508296966553 880.58243560791 1327.17888641357 1210.72897338867 1127.1389541626 834.847274780273 1415.97067260742 1302.24454116821 1193.70453643799 1058.22714233398 1263.36842346191 1453.63655853271
795.967658996582 715.295852661133 767.588966369629 605.259864807129 817.995391845703 697.031967163086 646.225997924805 459.951164245605 619.961311340332 793.081707000732 652.407196044922 575.034866333008 653.513931274414 655.19730758667 697.866497039795 567.136764526367 625.739562988281 779.047164916992 729.948047637939 753.829561233521 644.932395935059 699.807998657227 842.354923248291 820.846712112427 693.505874633789 796.362030029297 781.186458587646 850.857315063477 926.094955444336 810.72380065918 982.572914123535 1006.52108764648 652.697944641113 804.918472290039 953.952369689941 993.834274291992 827.340363502502 1045.10446166992 944.507400512695 915.072647094727 1029.0477142334 961.832002639771 1048.51982879639 871.88537979126 935.703321456909 1245.07518005371 971.74707198143 1150.81266784668 1043.12658691406 1264.58418273926
675.108154296875 661.478904724121 648.253021240234 695.266289710999 780.395072937012 654.901596069336 778.412269592285 530.559471130371 640.542552947998 697.348022460938 882.591361999512 713.915904998779 1035.97058868408 686.956405639648 1100.25363922119 749.525081634521 585.84294128418 602.421905517578 715.28421163559 701.883920669556 706.36057472229 699.855871200562 758.256172180176 761.827018737793 696.068958282471 601.712173461914 803.998657226562 758.686874389648 1030.4566192627 853.056373596191 806.031841278076 908.730445861816 891.938545227051 846.894104003906 882.502830505371 978.428703308105 828.678602218628 822.074296951294 1001.52153015137 929.881477355957 743.306903839111 1045.72448730469 967.6591796875 740.397636413574 804.724460601807 911.275932312012 931.632332324982 1092.88760375977 765.920673370361 928.359176635742
852.44930267334 626.387542724609 581.322830200195 717.911625862122 771.272457122803 713.730448126793 860.76261138916 517.020065307617 631.195301055908 728.226577758789 876.979705810547 640.144546508789 617.582061767578 784.542421340942 1412.03898692131 546.133056640625 624.231430053711 598.824417114258 620.66219329834 624.557514190674 734.144571304321 693.198892593384 697.399099349976 752.219789505005 751.270149230957 702.353139877319 836.784656524658 626.76318359375 875.998712539673 992.136325836182 872.559568762779 992.743104934692 952.704162597656 911.741676330566 766.128185272217 938.490371704102 791.897820472717 815.392280578613 810.79075050354 646.531494140625 878.773223876953 723.061340332031 808.550178527832 844.012218475342 800.286839485168 881.80899810791 916.857467651367 792.209465026855 812.537294387817 915.93717956543
597.225326538086 693.938770294189 671.526992797852 562.111038208008 684.123588562012 728.885917663574 650.72146987915 648.452741622925 427.807281494141 367.136978149414 646.771827697754 745.243206396699 901.066741943359 880.029739379883 838.782955169678 806.537418365479 670.784439086914 558.556030273438 729.989616394043 1235.12462234497 649.53494644165 599.894966125488 571.809967041016 647.640853881836 705.045642852783 698.746992111206 784.865074157715 641.976402282715 694.23511505127 750.68385386467 635.02628326416 923.210411071777 830.253623962402 766.209151744843 884.324180603027 809.259017944336 918.152435302734 860.985122680664 664.880645751953 668.950546264648 730.690353393555 731.956157684326 878.361907958984 854.864013671875 849.727306365967 885.711191177368 674.743957519531 775.528709411621 827.25644493103 916.793167114258
882.861701965332 644.839157104492 742.622524261475 767.822576522827 742.997688293457 781.074931144714 786.49418258667 590.852973937988 475.782531738281 611.797966480255 565.622928619385 1391.4253692627 671.103637695312 674.020172119141 776.846237182617 624.377578735352 623.660415649414 773.001155853271 1030.84651184082 464.079849243164 546.546737670898 589.47730255127 398.960113525391 656.638633728027 774.629096984863 548.198883056641 620.917900085449 547.419677734375 693.667804718018 690.007293701172 684.435195922852 802.544653892517 705.797988891602 836.09338092804 903.748359680176 903.817016601562 637.881858825684 669.859451293945 776.144298791885 698.40592956543 561.163970947266 788.242748260498 682.896507263184 784.664092063904 804.177617073059 740.881240844727 869.3913230896 872.824642181396 886.734359741211 801.059501647949
725.50492477417 858.310958862305 828.76929473877 685.25373840332 774.098955154419 826.010594367981 953.977478027344 770.049537658691 643.359764099121 707.285713195801 632.688117980957 667.625114440918 538.758026123047 1287.12251281738 780.162298202515 796.500476837158 714.387760162354 741.228591918945 658.641975402832 588.795150756836 680.585788726807 580.21711730957 589.313346862793 637.106292724609 530.108917236328 486.768356323242 537.13346862793 629.533725738525 645.638252258301 762.339916229248 881.51953125 601.293243408203 887.320030212402 733.212886810303 704.114715576172 956.301345825195 962.12727355957 906.972312927246 999.33723449707 662.677352905273 805.453290939331 816.018981933594 732.752464294434 783.796897888184 758.966152667999 609.626159667969 717.441982269287 827.509765625 845.138525933027 997.627174377441
764.835048675537 688.195526123047 772.004877090454 844.274345397949 814.649448394775 850.611518859863 813.589614868164 756.894142150879 515.93586730957 494.945129394531 603.148994445801 599.830673217773 764.809078216553 669.63272857666 716.783954620361 681.017784118652 512.169677734375 864.113395690918 686.480668067932 794.353073120117 480.681396484375 573.968925476074 615.992500305176 632.110908508301 755.436550140381 736.264715194702 532.416564941406 461.741439819336 548.430389404297 658.640632629395 685.066829681396 686.873031616211 834.868688583374 670.865776062012 732.988952636719 760.426963806152 787.92431640625 880.587829589844 970.717624664307 1146.85518264771 720.692276000977 634.767791748047 747.362678527832 739.059829711914 757.912979125977 724.057792663574 722.504173278809 894.181610107422 1059.8077583313 994.927310943604
712.352119445801 575.250885009766 741.078489303589 691.891143798828 672.344100952148 753.713115692139 697.880584716797 558.509414672852 596.180974960327 663.6556224823 684.130714416504 956.590866088867 657.473731994629 781.843227386475 644.618682861328 693.785865783691 687.046348571777 606.058639526367 645.306785583496 505.437286376953 703.273634433746 640.200942993164 679.568510532379 728.483394622803 590.289970397949 637.587921142578 715.332397460938 709.550686836243 696.871999740601 658.395515441895 567.162063598633 642.035140991211 670.40852355957 592.315902709961 815.113496303558 808.603210449219 935.362007141113 855.557888031006 993.571972846985 886.099479675293 939.051586151123 853.108589172363 751.763236999512 850.532684326172 854.167182922363 935.254776000977 605.083831787109 577.894317626953 599.685211181641 968.374589920044
792.992237091064 641.465370178223 584.393005371094 777.910381317139 786.126649856567 675.893913269043 618.705093383789 681.826049804688 553.176147460938 472.305938720703 607.32698059082 878.852600097656 764.876764297485 753.353187084198 674.610565185547 779.78053855896 697.786418914795 764.888847351074 825.285835266113 719.010215759277 625.104278564453 750.856163024902 745.830005645752 544.605270385742 668.751226425171 736.222810745239 793.660999298096 888.815696716309 833.212875366211 771.498764038086 734.62659072876 526.970062255859 758.096256256104 879.552093505859 944.966124892235 629.418716430664 689.721946716309 950.085414886475 1083.12589263916 1003.25280570984 963.550956726074 1170.26769638062 1012.07187652588 667.2822265625 858.662521362305 845.694694519043 857.137142181396 620.104263305664 736.801907539368 1102.35000610352
641.448532104492 595.413879394531 658.575561523438 673.669822692871 949.039886474609 684.173419952393 677.863376617432 616.435138702393 654.24419593811 742.133197784424 508.644592285156 631.587173461914 638.69206237793 619.505355834961 749.65896987915 776.834196090698 690.956916809082 729.217801570892 856.342796325684 788.131420135498 684.767669677734 713.957346916199 667.765352249146 684.121048927307 808.431114196777 773.791023254395 630.123977661133 777.137008666992 778.486686706543 590.451217651367 588.457244873047 704.335430145264 568.967483520508 625.52138710022 691.971607208252 608.929531097412 623.968612670898 727.63166809082 990.552242279053 1076.19256782532 1090.13692474365 1112.95889592171 970.789848327637 991.353912353516 798.891075134277 637.130798339844 800.868698120117 737.129597663879 926.409645080566 1067.37721252441
