export/dem/dem75.asc
NCOLS 350
NROWS 171
XLLCORNER 152620
YLLCORNER 418050
CELLSIZE 100
NODATA_VALUE -9999
[rows 22 to 43 of 171, columns 50 to 99 of 350]
-9999 -9999 -9999 -9999 -9999 -9999 -9999 -9999 -9999 477.942474365234 468.367935180664 529.94091796875 605.990341186523 641.564975738525 406.70677947998 520.897689819336 369.905014038086 498.833023071289 673.996062755585 551.117782592773 617.252439498901 649.733480930328 653.303560256958 736.609970092773 746.473335266113 666.119813971221 538.243835449219 562.084999084473 578.104705810547 477.476928710938 499.335388183594 580.234544754028 624.907373428345 590.688223838806 520.574371337891 523.400894165039 479.568008422852 542.654159545898 441.470809936523 553.207451343536 355.301467895508 560.886124610901 1163.22820281982 723.397878646851 490.105583190918 509.526382446289 574.017040252686 652.07950592041 664.605659484863 1471.75985527039
-9999 -9999 -9999 -9999 -9999 -9999 -9999 -9999 728.296127319336 508.792999267578 451.306411743164 521.275512695312 562.356269836426 292.63688659668 495.955875396729 523.220989227295 421.948318481445 592.803489685059 467.773391723633 583.950317382812 641.728800773621 732.360382080078 733.084274291992 662.685775756836 682.45503616333 618.98993909359 600.280109405518 453.883422851562 501.353290557861 448.093536376953 454.971652984619 444.534744262695 528.88313293457 538.869136810303 418.818313598633 696.622409820557 518.644218444824 865.222785949707 795.686074256897 1190.66212749481 791.624412536621 479.490371704102 572.276863098145 514.823608398438 576.332702428102 728.773628234863 612.317947387695 731.930164337158 623.376949310303 1146.55099487305
-9999 -9999 -9999 -9999 -9999 -9999 -9999 695.307250976562 498.950927734375 717.656524658203 428.726425170898 467.666656494141 381.626762390137 269.983337402344 547.483005523682 661.234457015991 608.397228240967 564.570751190186 670.025352478027 569.716316223145 781.992012023926 621.317539215088 551.403259277344 699.753646850586 684.106376647949 500.728096008301 754.732788085938 438.007019042969 448.265937805176 937.028900146484 483.96662902832 577.422763824463 598.362457275391 356.019424438477 658.016052246094 701.039502620697 389.405548095703 716.444808959961 497.796661376953 523.16934967041 555.811820983887 558.879434585571 411.603561401367 662.279678344727 625.634284973145 437.027130126953 479.575096130371 357.68571472168 576.032733917236 1114.55104446411
-9999 -9999 -9999 -9999 -9999 -9999 691.941986083984 673.331359863281 629.644683837891 822.182975769043 381.307220458984 491.896255493164 322.794784545898 465.035987854004 418.898811340332 584.060169219971 510.293663024902 580.809532165527 531.728763580322 642.912223815918 679.280885696411 749.207286834717 570.534980773926 710.352493286133 639.055690765381 531.159832000732 569.171273231506 1039.34253692627 713.860935211182 566.86540222168 657.104553222656 580.36629486084 652.807060241699 786.676933288574 525.188705444336 478.591033935547 649.418809890747 628.046012878418 603.521208763123 611.700588226318 539.908241271973 568.995168685913 571.172080993652 480.877288818359 733.368156433105 574.730307102203 648.535339355469 446.236358642578 417.822677612305 761.023391723633
-9999 -9999 -9999 -9999 -9999 542.770034790039 322.233703613281 355.253280639648 269.075820922852 498.794281005859 339.420074462891 658.850006103516 486.347198486328 536.657211303711 554.059997558594 692.743581771851 543.03267288208 624.210308074951 569.649280786514 672.187469482422 737.108551025391 670.900840759277 670.618057250977 681.495246887207 568.845533370972 844.503126144409 653.702766418457 877.373475074768 858.811508178711 668.610595703125 642.713081359863 566.195587158203 518.505325317383 511.063888549805 575.755882263184 539.686553955078 533.9114112854 615.730400085449 628.574413299561 585.963508605957 505.723114013672 527.908699035645 302.808074951172 456.997482299805 607.078060150146 416.717361450195 625.118789672852 659.762580871582 654.800296783447 569.691253662109
-9999 -9999 -9999 -9999 310.952560424805 525.827163696289 404.990142822266 181.089569091797 261.690170288086 367.305908203125 475.005096435547 646.038230895996 485.095687866211 581.300296783447 535.554313659668 588.80451965332 415.098384857178 461.752990722656 485.839157104492 695.119964599609 611.073867797852 609.697715759277 543.825404167175 952.885715484619 931.829267501831 705.895805358887 677.399297714233 806.781925201416 593.375946044922 658.152183532715 617.064299821854 591.287178039551 627.548696517944 637.390151977539 606.476055145264 500.86930847168 561.433433532715 572.14416885376 567.964413642883 497.567604064941 454.080375671387 482.047775268555 545.972618341446 530.548267364502 772.75129699707 492.846832275391 692.211791992188 486.41748046875 453.937255859375 535.451759338379
-9999 -9999 -9999 1046.05673217773 515.233428955078 404.168258666992 296.467346191406 405.246215820312 596.049362182617 438.439956665039 524.603088378906 648.838489532471 556.166412353516 508.450508117676 789.21569442749 512.735366821289 700.348757743835 519.426391601562 553.493204116821 586.934844970703 557.646869659424 468.109037399292 846.282230377197 627.818061232567 687.066989898682 682.644958496094 604.458087921143 727.719566345215 591.342090606689 521.168403625488 570.202728271484 454.252746582031 405.735733032227 695.861618041992 574.387498855591 620.656591415405 552.968547821045 610.064250946045 529.253913879395 293.029190063477 488.775035858154 521.666427612305 542.930044174194 567.966491699219 386.868141174316 519.313082695007 577.38960647583 558.700709342957 705.509201049805 674.817099928856
-9999 -9999 771.698413848877 1176.32551622391 383.129211425781 492.205364227295 583.891250610352 381.089157104492 541.334526062012 659.494903564453 759.972259521484 450.231689453125 584.199990272522 750.281646728516 667.127067565918 594.32346534729 652.358154296875 472.784088134766 1055.21842956543 642.966213226318 1290.08103179932 596.731977462769 516.094757080078 464.248504638672 449.880279541016 445.161003112793 628.265014648438 576.536427080631 402.541213989258 439.498153686523 426.814224243164 584.36051940918 709.832305908203 389.436981201172 504.936908721924 545.725852966309 605.099624633789 545.828861236572 500.979110717773 366.826705932617 380.484230041504 544.959342956543 405.258560180664 584.724624633789 612.002784729004 541.888488769531 622.22730255127 577.255023956299 603.547618865967 906.694313168526
-9999 -9999 605.472473144531 1143.40591049194 996.209548950195 226.191986083984 687.523704528809 464.198947906494 561.782905578613 684.931669235229 477.336349487305 530.148386001587 784.977111816406 620.068504333496 709.40611076355 531.345031738281 552.200820922852 510.567371368408 854.678926467896 626.132225036621 588.265342712402 599.041610717773 632.292083740234 639.054794311523 497.535938262939 449.783773422241 264.278121948242 364.386650085449 561.799942016602 463.243020057678 193.416778564453 480.374332666397 425.371608734131 448.295375823975 510.897266387939 467.880664348602 425.023975372314 579.523263931274 536.454609870911 527.853939056396 465.175003051758 489.109119415283 605.751770019531 729.595916748047 586.197692871094 538.083415985107 654.270095825195 450.851066589355 599.334426879883 783.86714553833
-9999 583.934295654297 783.95788192749 693.298316955566 638.051149368286 635.14909362793 461.336044311523 658.284313201904 773.004135131836 578.89168548584 530.536888122559 539.5849609375 632.009178161621 641.016933441162 500.449733734131 608.422233581543 590.943876266479 589.723838806152 563.272510528564 674.190643310547 564.376987457275 630.030807495117 580.009559631348 409.459648132324 536.272300720215 498.445076942444 390.167915344238 377.358306884766 375.766059875488 392.706588745117 327.189483642578 457.572311401367 595.440689086914 424.995031356812 459.272442340851 373.063804626465 614.491622924805 586.469337463379 568.849945068359 452.702042579651 552.641124725342 584.581684112549 541.134248256683 562.508476257324 507.942167282104 568.357532501221 724.932876586914 698.51806640625 586.97346496582 597.972717285156
601.038365364075 588.546710968018 550.832443237305 667.271034240723 563.808975219727 423.926376342773 582.471287727356 615.036979675293 622.240852355957 599.642784118652 770.760223388672 513.086975097656 563.25121307373 473.206497192383 524.037124633789 751.399261474609 618.393981933594 750.99055480957 546.312377929688 390.776206970215 369.417747497559 472.404789566994 591.172805786133 596.225494384766 424.990437507629 553.582763671875 484.165103912354 500.731147766113 521.538501739502 625.766220092773 580.895812988281 546.298988342285 274.978713989258 419.300844192505 351.741806030273 352.153953552246 436.706984519958 604.621124267578 417.06280708313 540.520492553711 447.073131561279 446.069137573242 374.130416870117 490.674816131592 556.971992492676 598.435928344727 527.338941574097 730.764266967773 504.819591522217 520.728708267212
667.619365692139 706.367691040039 639.896278381348 643.48822593689 555.781653404236 595.234993934631 672.969131469727 602.91404914856 480.908142089844 557.693145751953 622.726150512695 546.428443908691 362.203674316406 508.164131164551 597.418506622314 357.377784729004 552.929745674133 579.410213470459 541.752708435059 537.310653686523 402.623374938965 500.577388763428 511.730911254883 405.045032501221 557.255905151367 457.154850006104 503.884895324707 449.387214660645 409.658863067627 555.994758605957 437.232095956802 372.013374328613 317.54914855957 432.9303855896 302.582717895508 536.287818908691 350.837585449219 483.015014648438 463.38149946928 508.225322723389 493.229112625122 432.711860656738 437.092193603516 427.241394042969 384.917503356934 586.509094238281 549.096031188965 521.003238677979 503.488916397095 615.896148681641
587.997728347778 651.41862487793 577.073127746582 559.407534599304 548.446952819824 749.955192565918 625.985168457031 356.856941223145 604.640045166016 693.98313331604 431.600997924805 562.237216949463 479.520092010498 574.39972114563 433.149620056152 622.34591293335 524.308193206787 369.959121704102 483.430393218994 535.483654022217 499.7591381073 507.861110687256 611.113143920898 349.030899047852 447.937794685364 393.202991485596 487.055074691772 437.70509147644 474.940319061279 620.157852172852 624.650863647461 531.434150695801 490.625293731689 593.547882080078 397.248970031738 473.431798934937 190.770874023438 397.477802276611 499.797088623047 577.589653015137 473.421348571777 559.449300765991 450.656978607178 353.437606811523 408.82564163208 493.323152542114 478.833661079407 602.373428344727 512.467348098755 600.977073669434
397.582145690918 531.763055801392 487.958513259888 448.980213165283 523.989784240723 643.621295928955 453.809265136719 884.854216575623 551.875335693359 673.508501052856 468.279945373535 542.238151550293 525.507236480713 573.754474639893 563.118053436279 446.006902694702 436.079170227051 351.798141479492 586.482574462891 422.384605407715 485.169250488281 612.059020996094 456.986004829407 581.941528320312 422.1101821661 434.786055326462 568.646789550781 473.079399108887 464.542161941528 558.081169128418 482.365668773651 400.642364501953 589.204238891602 491.669189453125 518.441059112549 428.22412109375 448.428325653076 512.943477630615 443.381588935852 445.91539978981 574.847511291504 649.388961791992 378.095558166504 488.889768600464 492.909381866455 472.097100734711 513.596950531006 449.99888420105 509.944091796875 493.836152553558
360.901733398438 600.05493927002 572.102523803711 575.363059997559 596.117402076721 564.53667640686 583.127479553223 640.133636474609 654.116249084473 841.551021575928 433.353754997253 586.497720718384 529.930885791779 562.862862348557 578.582141876221 472.809467315674 395.311019897461 521.561661720276 535.591716766357 499.537868499756 492.472345352173 469.624526977539 457.840218544006 344.534133911133 454.673343658447 384.703731536865 337.173820495605 487.407707214355 526.667449951172 540.3681640625 487.659942626953 318.865829467773 487.899669647217 420.045309066772 635.199768066406 699.031295776367 538.178802490234 540.075927734375 488.838371276855 357.467864990234 564.38500213623 328.905212402344 531.862380981445 408.91658782959 528.350830078125 569.143684387207 480.165605545044 560.894996643066 580.991485595703 554.864448547363
568.257774353027 353.079406738281 619.348831176758 628.805028915405 603.736442565918 443.373626708984 434.768218994141 383.392303466797 633.029014587402 592.520027160645 399.490074157715 818.05729675293 628.018577575684 525.351863861084 600.378807067871 464.538520812988 306.65202331543 417.645278930664 307.083068847656 402.956962585449 337.579010009766 340.138793945312 389.437519073486 329.69743347168 469.531494140625 441.560836315155 316.383605957031 526.54732131958 471.393337249756 496.887306213379 544.914443969727 403.045768260956 424.456848144531 433.12522149086 583.647476196289 528.209785461426 452.468010902405 454.241048812866 517.646797180176 337.73225402832 347.43431854248 359.791976928711 298.305923461914 434.457841873169 402.133693695068 468.64624786377 529.920677185059 540.472045898438 518.211067199707 558.838088989258
642.042957305908 414.829650878906 481.616764068604 591.870441436768 461.752979278564 382.034267425537 421.826957702637 888.08251953125 893.282211303711 1106.27670288086 587.064908981323 624.764686584473 476.930961608887 371.748336791992 659.024642944336 377.181190490723 272.529800415039 319.548858642578 452.989456176758 375.316482543945 364.829742431641 524.716720581055 464.059627532959 309.740623474121 478.944087982178 410.833059310913 274.990997314453 515.445777893066 316.432243347168 356.701026916504 396.412551879883 370.796211242676 387.12419128418 466.466732025146 444.711324691772 434.990891456604 442.044809341431 499.303268432617 390.347381591797 397.994781494141 436.569948196411 368.385360717773 234.129302978516 358.534683227539 461.005862236023 400.84593963623 450.070737838745 512.896713256836 412.203018188477 438.827653884888
443.592636108398 558.418472290039 654.429481506348 798.011760950089 468.702178955078 534.594078063965 504.442085266113 584.65504360199 609.275379180908 760.830909729004 447.760261535645 584.787933349609 472.081645965576 609.997337341309 397.519409179688 389.38777923584 326.289428710938 332.488693237305 343.514839172363 369.678070068359 344.459548950195 450.069762945175 471.880977630615 508.013595581055 465.795915603638 399.77389383316 510.291694641113 252.428207397461 524.418746948242 501.977470397949 531.982620239258 412.918970108032 531.000625610352 401.010290145874 288.789367675781 538.867782592773 451.39165866375 434.978160858154 487.637584686279 464.797534942627 346.184371948242 474.585636138916 388.498935699463 413.611337661743 361.463882446289 525.660369873047 637.566497802734 539.158569335938 474.136611938477 414.224603652954
530.212773561478 721.923919677734 816.979232788086 787.335678100586 866.55403137207 470.949783325195 555.338333129883 759.087448120117 534.254001617432 846.300842285156 625.679649353027 722.922515869141 585.100784301758 421.596771240234 478.024906158447 423.920623779297 495.153964996338 582.337173461914 419.410945892334 387.146003723145 416.971439361572 497.344738006592 392.695516586304 443.664958953857 487.477798461914 376.837291717529 529.015571594238 437.745319843292 289.150161743164 358.606491088867 502.105331420898 563.790328979492 469.105838775635 419.816681861877 503.224472045898 484.243934631348 561.381378173828 514.721202850342 561.153602600098 607.670059204102 602.737991333008 550.432205200195 384.720703125 404.786605834961 433.424661636353 517.945098876953 374.281234741211 369.56778717041 538.389152526855 457.636465072632
462.680740356445 804.611129760742 698.020690917969 831.8427734375 890.586227416992 541.214492797852 489.897891044617 665.528263688087 848.214134216309 1059.86338043213 519.58576965332 639.149669647217 591.821617126465 524.725950717926 624.713027954102 552.469543457031 454.912377357483 500.808765411377 362.112182617188 511.842849731445 327.25984954834 471.226020812988 373.027389526367 331.292190551758 448.623922348022 340.979789733887 444.620018005371 467.785945892334 571.148422241211 375.777862548828 230.671279907227 433.458184242249 468.311538696289 305.212524414062 470.795566558838 248.271926879883 533.763481140137 547.93244934082 416.48876953125 490.000663757324 591.683975219727 530.641704559326 291.631240844727 546.794303894043 414.888818740845 480.880924224854 442.834846496582 465.895479202271 541.257926940918 448.555068969727
700.661460876465 992.59464263916 981.914947509766 882.813140869141 513.231355667114 597.939353942871 706.562255859375 591.562159538269 582.173528671265 617.984527587891 650.430438995361 465.619667053223 487.584800720215 500.582622528076 475.946962356567 596.644546508789 479.714267730713 474.090433120728 431.604634284973 562.167655944824 409.23904800415 374.849975585938 304.800628662109 548.779357910156 440.801546096802 452.336318969727 458.601173400879 371.417190551758 437.706234931946 474.528652191162 380.970909118652 479.453319549561 453.626039505005 421.266302108765 493.298881530762 574.422225952148 413.335046768188 553.808120727539 598.172134399414 399.622554779053 645.522750854492 681.631683349609 279.048263549805 659.133636474609 430.228113293648 524.560989379883 488.061210632324 463.151807785034 560.276123046875 394.593421936035
567.527149200439 984.852424621582 828.822650909424 838.523685455322 555.855621337891 473.70751953125 813.185577392578 628.222869873047 707.059623718262 610.898086547852 700.56107711792 632.497901916504 466.705684661865 613.077430725098 519.195604324341 551.57470703125 314.848815917969 448.960405420512 528.626007080078 375.987159729004 470.690908432007 474.344543457031 432.87065410614 310.579437255859 292.465042114258 278.589385986328 449.940544128418 512.861434936523 572.918258666992 308.82593536377 433.420428276062 406.199909210205 447.798855543137 591.487686157227 430.001877307892 550.565132141113 378.428848266602 455.354839324951 386.391750335693 469.758502960205 503.750534057617 690.790100097656 238.795547485352 507.930236816406 364.736511230469 317.562286376953 524.567398071289 500.783905029297 396.661418914795 411.11141204834
