export/dem/dem74.asc
NCOLS 350
NROWS 171
XLLCORNER 152620
YLLCORNER 418050
CELLSIZE 100
NODATA_VALUE -9999
[rows 88 to 109 of 171, columns 50 to 99 of 350]
343.278720855713 391.610916137695 416.519305229187 342.20295715332 322.827487945557 360.224161148071 443.730308532715 392.847785949707 389.952068328857 429.706497192383 386.066745758057 378.634231567383 308.892902374268 324.441352844238 326.631675720215 353.684692382812 532.394927978516 444.870513916016 379.943858146667 374.065306186676 382.063547134399 303.530014038086 246.548934936523 248.473541259766 511.965850830078 442.816272735596 448.973041534424 486.907775878906 388.148818969727 390.652492523193 465.612335205078 534.09846496582 419.150115966797 421.366119384766 558.977031707764 584.629489421844 619.783748626709 533.998462677002 352.700378417969 551.001502990723 689.505340576172 -9999 -9999 -9999 -9999 -9999 -9999 -9999 -9999 -9999
370.332702636719 293.23503112793 328.673561096191 399.717842102051 366.7796459198 565.474243164062 425.253860473633 453.771385192871 419.202709197998 405.526092529297 360.828908920288 347.431282043457 449.101623535156 505.285919189453 394.790077209473 411.48112487793 156.357696533203 385.268552780151 365.056241989136 349.768257141113 408.112373352051 478.808326721191 405.672487020493 374.779088973999 434.612340927124 496.610221862793 518.451484680176 530.05640411377 516.594535827637 299.141586303711 468.680948019028 463.563789367676 393.17946434021 482.641313552856 637.577577590942 742.919570922852 376.895034790039 542.471622467041 637.725219726562 680.215103149414 -9999 -9999 -9999 -9999 -9999 -9999 -9999 -9999 -9999 -9999
856.273148536682 375.312660217285 519.587394714355 487.585927963257 412.551923751831 544.534713745117 154.673538208008 362.191570281982 386.525817871094 365.700412750244 466.886611938477 444.122909545898 458.318351745605 369.863978385925 303.271743774414 320.065605163574 491.065612792969 403.223912239075 289.670211791992 406.459241390228 377.209287643433 474.946800231934 488.707336425781 392.039934158325 377.554653167725 529.778579711914 608.368774414062 246.09407043457 371.324321746826 366.113357543945 234.436584472656 389.159339904785 414.720252990723 409.005451202393 782.780868530273 443.907836914062 424.357080459595 586.362831115723 394.982879638672 530.518348693848 -9999 -9999 -9999 -9999 -9999 -9999 -9999 -9999 -9999 -9999
464.31251502037 849.751876831055 484.043710708618 369.873573303223 435.44544172287 469.088180541992 448.281276702881 427.131817817688 535.929718017578 392.832874298096 266.231811523438 292.35929107666 357.947786331177 286.499824523926 381.952221632004 449.381881713867 434.296878814697 289.742660522461 439.755313873291 369.001596450806 490.768211364746 461.993965148926 428.188352584839 450.00426864624 341.822662353516 507.066612243652 402.787887573242 505.736465454102 448.983821868896 526.749622344971 394.156997680664 456.529947280884 402.690658569336 356.541107177734 716.212776184082 329.136276245117 338.590072631836 369.85107421875 546.234783172607 -9999 -9999 -9999 -9999 -9999 -9999 -9999 -9999 -9999 -9999 -9999
335.630992889404 253.410293579102 687.799207687378 311.536209106445 351.902290344238 510.449214935303 537.999031066895 493.738418579102 371.6565284729 306.323890686035 168.568328857422 332.650524139404 210.255218505859 398.619243383408 249.482299804688 339.978481292725 483.679946899414 500.496795654297 398.137531280518 353.482475280762 432.150362968445 461.513679504395 355.331104278564 265.038681030273 385.022798538208 562.64803314209 304.079383850098 331.995597839355 458.061958312988 521.723644256592 454.444386005402 492.292633056641 494.663507461548 486.812545776367 519.07315826416 561.95698261261 446.372283935547 576.188091278076 600.617931365967 -9999 -9999 -9999 -9999 -9999 -9999 -9999 -9999 -9999 -9999 -9999
345.760444641113 174.352478027344 403.784217834473 1040.95722961426 332.622444152832 595.221641540527 342.220237731934 397.836961746216 424.897264480591 359.031772613525 352.643688201904 382.126999855042 337.867923736572 417.016502380371 460.645599365234 466.311584472656 514.240455627441 412.644605636597 469.928318023682 493.849365234375 372.012294769287 403.354543685913 441.82022857666 470.194297790527 384.105003356934 458.456363677979 497.131099700928 482.911388397217 393.204925537109 470.770837783813 448.834524154663 434.24923324585 772.865859985352 746.924652099609 588.929169654846 423.451873779297 454.680240631104 518.393676757812 631.040565490723 -9999 -9999 -9999 -9999 -9999 -9999 -9999 -9999 -9999 -9999 -9999
319.331721305847 404.450813293457 404.624239444733 398.71480178833 798.633514404297 557.052726745605 549.556655883789 314.417953491211 407.912739753723 235.849349975586 339.088554382324 336.976055145264 345.521392822266 289.989334106445 346.799880981445 351.361488342285 510.405456542969 403.243298530579 487.169471740723 541.57266998291 393.911235809326 338.05143737793 433.64695930481 427.181837081909 488.592140197754 515.894683837891 332.568229675293 574.103073120117 339.132263183594 319.422866821289 468.168012619019 543.741140365601 411.198799133301 507.600399017334 581.111552596092 456.036605834961 647.700973510742 454.803939819336 -9999 -9999 -9999 -9999 -9999 -9999 -9999 -9999 -9999 -9999 -9999 -9999
236.171607971191 304.961624145508 321.73880815506 466.699685573578 543.578094482422 245.067260742188 507.572643280029 315.649368286133 417.76668715477 384.183361053467 387.614768981934 320.413154602051 400.658985137939 481.539749145508 398.825932502747 427.924814224243 464.181308746338 393.353721618652 394.032596588135 431.626080513 454.665107727051 523.968925476074 513.652736663818 385.252807617188 485.692735314369 426.144203186035 362.456756591797 577.690368652344 445.170139312744 511.179225921631 528.596397399902 580.290428161621 484.677953720093 574.810588121414 494.764659881592 361.366302490234 444.004295349121 550.870971679688 -9999 -9999 -9999 -9999 -9999 -9999 -9999 -9999 -9999 -9999 -9999 -9999
260.390661239624 330.165473937988 270.044630050659 490.710815429688 548.049369812012 660.244331359863 469.430995941162 488.696708679199 437.883016586304 438.716746330261 336.034301757812 433.646633148193 560.181976318359 447.337471008301 345.166820526123 548.556243896484 456.759773254395 499.413551330566 493.23983001709 512.278377532959 434.561748504639 359.031574249268 460.277912139893 477.180578231812 559.964294433594 382.558006286621 440.975395202637 528.663879394531 348.129249572754 526.266006469727 410.015880584717 530.428497314453 461.41524553299 400.648040771484 517.039703369141 538.832149505615 439.577613830566 440.698593139648 -9999 -9999 -9999 -9999 -9999 -9999 -9999 -9999 -9999 -9999 -9999 -9999
331.975883483887 239.774475097656 109.783828735352 516.006702423096 532.619936943054 521.157810211182 489.307777404785 602.110229492188 362.269794344902 562.360977172852 616.445953369141 388.835361480713 457.929455757141 348.498329162598 345.859146118164 419.62522816658 350.518592834473 418.624121665955 402.163589477539 392.315542340279 458.062349319458 912.511703491211 605.763519287109 375.572875976562 547.708898544312 322.063400268555 530.078643798828 464.29905462265 469.782908439636 310.93009185791 331.295127868652 502.714918136597 787.477035522461 690.979995727539 519.910400390625 453.219343185425 440.223892211914 -9999 -9999 -9999 -9999 -9999 -9999 -9999 -9999 -9999 -9999 -9999 -9999 -9999
643.871559143066 306.02953338623 568.913558959961 728.673614501953 654.804328918457 606.364250183105 639.933715820312 571.28938293457 760.56135559082 526.261413574219 648.759002685547 403.459247589111 252.75212097168 389.183841705322 527.379531860352 239.530136108398 449.339805603027 363.619956970215 263.945220947266 537.308280944824 660.538223266602 610.434093475342 494.421951293945 413.064331054688 475.671800613403 864.863098144531 456.87650680542 394.896320343018 558.989906311035 723.261779785156 572.706155776978 546.602241516113 613.823375701904 505.203804016113 396.323974609375 369.799201965332 487.341987609863 -9999 -9999 -9999 -9999 -9999 -9999 -9999 -9999 -9999 -9999 -9999 -9999 -9999
830.993515014648 410.219146728516 613.391647338867 715.608245849609 660.476692199707 648.729362487793 598.478965759277 688.650703430176 628.442245483398 650.04248046875 742.340682983398 561.543571472168 425.99388885498 473.272890090942 489.931774139404 437.26264667511 509.631645202637 362.650135040283 537.801563262939 484.775199890137 520.608589172363 456.367073059082 668.094207763672 425.94612121582 447.952423095703 508.790723800659 872.953838348389 540.03694152832 721.863700866699 665.494380950928 562.133193969727 794.619499206543 624.688751220703 466.324844360352 456.966930389404 447.428691864014 584.23131942749 -9999 -9999 -9999 -9999 -9999 -9999 -9999 -9999 -9999 -9999 -9999 -9999 -9999
802.845108032227 647.384315490723 557.413619995117 668.120582580566 730.992935180664 652.499408721924 613.799603462219 521.58975982666 664.656463623047 692.116195678711 593.988510131836 551.626256465912 586.645652770996 354.385833740234 366.848477363586 394.674196243286 439.77738571167 507.012727737427 473.954002380371 638.211074829102 610.128692626953 571.846725463867 624.009536743164 501.319175720215 669.198310852051 685.825981140137 586.941757202148 625.973683357239 632.2893409729 582.933921813965 681.870370864868 671.809112071991 569.947649002075 459.096000671387 556.466373443604 587.850957870483 420.400421142578 -9999 -9999 -9999 -9999 -9999 -9999 -9999 -9999 -9999 -9999 -9999 -9999 -9999
460.924270629883 608.294960021973 676.494438171387 661.435766220093 708.668029785156 652.358276367188 609.515110969543 663.40816116333 718.763832092285 647.492023468018 750.880508422852 489.667877197266 965.926322937012 521.237152099609 412.242904663086 673.811841964722 504.7878074646 492.308406829834 500.517154693604 604.87770652771 531.366722106934 711.381713867188 540.47017288208 633.719135284424 683.40412902832 538.510105133057 710.596252441406 599.04105758667 558.849422454834 705.627906799316 802.121917724609 508.431594848633 411.51050567627 384.848808288574 554.609245300293 475.255500793457 -9999 -9999 -9999 -9999 -9999 -9999 -9999 -9999 -9999 -9999 -9999 -9999 -9999 -9999
385.728286743164 525.394855499268 601.811737060547 790.415237426758 738.826278686523 699.733871459961 714.278144836426 837.156692504883 764.010375976562 673.125574111938 569.636947631836 666.554583191872 543.871887207031 660.189247131348 445.373596191406 557.147451400757 418.051788330078 465.543375015259 564.208282470703 500.803941726685 506.676513671875 580.731016159058 484.850166320801 572.096584320068 509.61653137207 502.817642211914 535.129959106445 712.52424621582 768.636993408203 686.604766845703 567.046600952744 553.003051757812 683.877159118652 623.892333984375 577.16870880127 -9999 -9999 -9999 -9999 -9999 -9999 -9999 -9999 -9999 -9999 -9999 -9999 -9999 -9999 -9999
337.07666015625 608.585662841797 608.520729064941 630.499908447266 579.288383483887 654.000289916992 656.276374816895 550.410789489746 702.036251068115 754.396476745605 572.783660888672 481.307350158691 258.813323974609 535.439167976379 522.453747749329 607.830848693848 479.018084526062 476.218185424805 655.386360168457 485.969417572021 602.555164337158 428.742347717285 486.526443481445 650.238967895508 547.286922454834 629.799203872681 681.162322998047 579.582984924316 675.902328491211 661.433334350586 576.135299682617 590.988061904907 868.404632568359 693.33137512207 -9999 -9999 -9999 -9999 -9999 -9999 -9999 -9999 -9999 -9999 -9999 -9999 -9999 -9999 -9999 -9999
909.273773193359 503.082786560059 403.272499084473 442.187004089355 442.913848876953 361.198413848877 488.427764892578 630.324371337891 445.060243606567 546.792236328125 472.417953491211 564.33012008667 458.565284729004 547.998880386353 589.852165222168 618.199554443359 659.337066650391 441.913536071777 567.149021148682 499.230056762695 496.653163909912 506.556476593018 674.810890197754 683.17147064209 449.704475402832 549.623189926147 613.997253417969 588.649368286133 540.19889831543 535.203418731689 620.047023773193 601.78894329071 467.309173583984 -9999 -9999 -9999 -9999 -9999 -9999 -9999 -9999 -9999 -9999 -9999 -9999 -9999 -9999 -9999 -9999 -9999
-9999 501.232818603516 1060.07633209229 418.427143096924 299.858020782471 743.520149230957 345.189540863037 409.079414367676 304.488464355469 450.60962677002 377.94344329834 395.032453536987 365.797317504883 467.02912902832 324.022010803223 543.025047302246 495.857688903809 350.797630310059 605.717422485352 475.326713562012 546.345672607422 544.071357727051 404.691253662109 506.655265808105 451.277240753174 403.339797973633 609.711334228516 538.375308990479 521.104953765869 556.509671211243 621.136569976807 503.633796691895 -9999 -9999 -9999 -9999 -9999 -9999 -9999 -9999 -9999 -9999 -9999 -9999 -9999 -9999 -9999 -9999 -9999 -9999
-9999 -9999 -9999 -9999 861.480140686035 879.51481628418 667.630325317383 612.54475402832 1058.09045410156 768.687629699707 572.547353744507 546.490917205811 361.45142364502 492.487258911133 496.569343566895 498.693771362305 477.011940002441 182.71940612793 37.4919204711914 619.678848266602 824.287933349609 547.915462493896 557.768951416016 574.041034698486 564.921794891357 529.321132659912 568.904203414917 649.931045532227 610.52214050293 609.584571838379 -9999 -9999 -9999 -9999 -9999 -9999 -9999 -9999 -9999 -9999 -9999 -9999 -9999 -9999 -9999 -9999 -9999 -9999 -9999 -9999
-9999 -9999 -9999 -9999 -9999 -9999 -9999 -9999 -9999 891.711570739746 761.083351135254 716.215423583984 583.546060323715 543.309343338013 434.522945404053 578.252275466919 628.888687133789 19.7936706542969 216.241020202637 720.148498535156 849.120361328125 700.162406921387 638.262897491455 671.364315032959 754.177223205566 784.951904296875 832.861129760742 647.016296386719 -9999 -9999 -9999 -9999 -9999 -9999 -9999 -9999 -9999 -9999 -9999 -9999 -9999 -9999 -9999 -9999 -9999 -9999 -9999 -9999 -9999 -9999
-9999 -9999 -9999 -9999 -9999 -9999 -9999 -9999 -9999 -9999 -9999 -9999 -9999 -9999 -9999 -9999 759.852737426758 786.84521484375 900.838052749634 729.417915344238 937.194324493408 1049.75918579102 1075.26557922363 1048.64318847656 1049.1017074585 -9999 -9999 -9999 -9999 -9999 -9999 -9999 -9999 -9999 -9999 -9999 -9999 -9999 -9999 -9999 -9999 -9999 -9999 -9999 -9999 -9999 -9999 -9999 -9999 -9999
-9999 -9999 -9999 -9999 -9999 -9999 -9999 -9999 -9999 -9999 -9999 -9999 -9999 -9999 -9999 -9999 -9999 -9999 -9999 -9999 -9999 -9999 -9999 -9999 -9999 -9999 -9999 -9999 -9999 -9999 -9999 -9999 -9999 -9999 -9999 -9999 -9999 -9999 -9999 -9999 -9999 -9999 -9999 -9999 -9999 -9999 -9999 -9999 -9999 -9999
