export/dem/dem76.asc
NCOLS 350
NROWS 171
XLLCORNER 152620
YLLCORNER 418050
CELLSIZE 100
NODATA_VALUE -9999
[rows 66 to 87 of 171, columns 200 to 249 of 350]
590.473001480103 598.971927642822 674.121202468872 694.845867156982 613.153247833252 686.409023284912 534.000495910645 668.660089969635 663.558351516724 720.391487121582 621.86879825592 552.208988189697 797.569564819336 646.914121627808 605.994452476501 641.749840974808 535.947303771973 729.885963439941 689.557960510254 651.008041381836 734.154670715332 479.595001220703 703.084033966064 562.096099853516 904.452514648438 732.767765045166 691.385345458984 626.263790130615 729.545425415039 566.371557235718 587.895299911499 827.323661804199 555.832069396973 642.257736206055 703.876129150391 692.339691162109 742.191385269165 637.390850067139 668.239189147949 578.229133605957 630.54295873642 623.538915634155 609.42857170105 580.855010986328 576.541563510895 801.657974243164 571.049324035645 625.733344078064 620.317985534668 613.724197387695
480.189575195312 555.580665588379 625.955240249634 659.820947647095 637.152803421021 690.952407836914 664.047248840332 647.201996326447 630.436288833618 684.110908508301 635.019644737244 735.412696838379 706.272037506104 534.913589477539 629.895057678223 571.554382324219 571.838885307312 636.721250534058 571.672374725342 879.709312438965 758.723121643066 587.010967254639 530.331390380859 808.009017944336 747.830413818359 636.979503631592 640.020818710327 576.755136489868 593.441394805908 627.051024913788 663.290054321289 680.383060455322 810.543960571289 585.694190979004 786.932331085205 625.11750793457 803.616653442383 713.300262451172 667.137449264526 657.111259460449 525.895942687988 626.694725036621 769.911865234375 759.269515991211 636.676424503326 635.668568611145 711.990592956543 539.496368408203 551.686172485352 524.339721679688
634.778120040894 619.695888519287 745.66756439209 645.701192617416 680.945289611816 577.857181549072 623.059213638306 696.298908233643 714.729881286621 768.482177734375 686.496334075928 571.076942443848 615.287342071533 659.557143211365 625.799617767334 706.508293151855 628.665264129639 739.916481018066 681.075435638428 726.011299133301 607.827972412109 592.955842971802 656.806030273438 681.148723602295 603.662408828735 463.847183227539 602.967308521271 648.976888656616 503.08024597168 752.436515808105 723.06844329834 789.598387718201 605.646022796631 712.394451141357 613.86289024353 740.398105621338 706.646880149841 694.070831298828 704.725189208984 695.483911514282 705.848640441895 647.876710891724 604.931526184082 661.77229309082 602.999897003174 595.231567382812 560.527847290039 733.135772705078 634.42344647646 631.471906244755
623.509876251221 626.485931396484 639.424379110336 623.470051527023 737.929733276367 759.788589477539 595.997596740723 770.478454589844 767.720985412598 546.453285217285 694.357849121094 696.842166900635 744.962577819824 690.63157081604 583.218887329102 509.672035217285 612.336574554443 613.109461307526 637.342179328203 722.388694763184 672.450232028961 670.431681632996 567.651779174805 465.009078979492 517.106674194336 504.174903869629 608.290251731873 595.189666748047 588.080732345581 592.683582305908 641.575315475464 746.72004699707 768.157974243164 605.857048034668 867.948379516602 677.609613090754 819.860656738281 621.028503417969 677.16358757019 593.092174530029 559.361415863037 684.626979827881 607.258460998535 609.714918136597 524.489639282227 742.475387573242 697.127296447754 579.298587799072 478.194595336914 496.541931152344
597.19953918457 622.914149284363 627.869546949863 668.737670898438 705.32447052002 789.943786621094 536.220970153809 778.592300415039 688.141351699829 497.749923706055 720.686069488525 697.209677219391 595.054864883423 604.423938751221 593.290531158447 590.42692565918 590.158462524414 580.923173427582 705.257774353027 734.603515625 694.991148948669 669.866973876953 699.412189483643 776.970474243164 650.574810028076 546.486747741699 474.8134765625 653.450624465942 719.432754516602 733.760589599609 585.509382247925 614.490099906921 691.861377716064 756.719512939453 654.724342346191 626.578073501587 659.24910736084 548.55884552002 631.605791568756 566.1374168396 542.837715148926 570.98063659668 612.036327362061 664.602630615234 751.57698059082 638.115640640259 649.321719169617 693.330829620361 537.73738861084 574.515727996826
545.471267700195 633.013815879822 556.008941650391 605.084386825562 699.202629089355 733.812973022461 783.274993896484 715.010520935059 544.566909790039 529.690170288086 560.47917175293 630.66258430481 671.102738380432 597.128787994385 712.019714355469 712.815170288086 678.710750579834 616.839881896973 693.081999778748 796.215675354004 665.094421386719 648.084178924561 573.25008392334 557.772994995117 531.825775146484 536.142852783203 471.510726928711 738.962760925293 500.329856872559 622.342443466187 786.798629760742 777.006675720215 749.969253540039 714.407697677612 663.930818557739 709.121711730957 699.553688049316 493.838165283203 627.389848709106 576.815376281738 600.99829864502 487.408477783203 638.246030807495 644.407211303711 565.921516418457 591.334270477295 647.926239013672 647.86404800415 763.735480993986 762.590362548828
611.010535240173 711.87574005127 603.573503494263 630.611450195312 641.798299789429 654.027982711792 583.835609436035 726.475608825684 641.617807388306 577.518913269043 688.076240539551 683.485872268677 686.8903465271 647.261824607849 632.88924074173 617.377291202545 616.27144908905 711.014898300171 845.459205627441 867.284683227539 786.628969192505 801.218441009521 561.18318939209 467.126937866211 559.511131286621 623.341492652893 505.018363952637 579.701543331146 655.507507324219 696.481971740723 791.927520751953 733.575531005859 806.519561767578 657.192783355713 756.624404907227 688.487403869629 587.602076530457 618.923890590668 561.434753417969 575.579423904419 734.529685974121 666.90220451355 594.027540206909 497.162658691406 633.984169006348 613.843860626221 630.022629261017 612.24878692627 685.473377227783 551.220832824707
587.699108123779 657.219835281372 625.136742591858 504.32292175293 518.475440979004 575.750011444092 580.150749206543 654.578483581543 716.29439163208 682.011540412903 571.442211151123 695.078842163086 728.137908935547 765.403549194336 599.448822021484 614.643136739731 776.694671630859 703.13282585144 772.984081268311 851.63639831543 880.320011138916 885.107055664062 556.697959899902 603.128141403198 536.584999084473 594.334177017212 618.33939743042 653.940991401672 652.781566619873 669.630382537842 595.19003868103 776.38752746582 835.250450134277 578.864715576172 591.092990875244 619.814315795898 642.466577529907 474.095832824707 617.249019622803 695.190353393555 645.03902053833 541.665725708008 587.62243270874 641.012658596039 516.102020263672 523.026573181152 735.933731079102 558.287841796875 685.23165512085 655.101734995842
541.736446380615 575.308113098145 654.841951370239 630.573944091797 510.044593811035 635.149489402771 754.945442199707 735.929929733276 671.389289855957 765.2998046875 650.114374160767 594.996158599854 613.797855377197 748.771545410156 612.996826171875 619.5015155375 596.304447174072 678.643127441406 794.975921630859 706.479286193848 773.445323944092 812.344116210938 986.847801208496 750.213027954102 643.946689605713 690.07922744751 503.782096862793 504.060050964355 638.783007621765 796.640808105469 731.498558044434 833.778020858765 701.92854309082 607.840909957886 630.459969043732 573.344333648682 643.200681686401 630.121240615845 625.812659263611 527.948127746582 581.26929473877 688.69792175293 602.335216522217 807.731704711914 528.876052856445 484.460815429688 582.492713928223 636.50267791748 689.712226867676 696.375503540039
710.625930786133 698.826126098633 611.960371017456 600.947003364563 564.73868560791 545.294578552246 551.996803283691 758.827476501465 667.991563281976 527.385398864746 735.395515441895 508.819381713867 690.749038696289 773.663734436035 723.60860824585 633.474885463715 562.364803314209 681.607444763184 660.697208404541 750.277078032494 756.734794616699 820.413021087646 534.190200805664 744.843250274658 760.182151794434 853.96944975853 1129.16038131714 725.614660263062 596.941982269287 661.485569953918 600.677338600159 878.202812194824 595.769174098969 662.593482971191 625.491905212402 617.318325042725 612.598320007324 571.794467926025 646.318797588348 473.550674438477 446.146926879883 603.12518119812 654.670917510986 609.08570766449 570.611068725586 470.200836181641 664.958377838135 620.10455083847 670.268756866455 706.693984985352
723.892349243164 579.414409637451 707.881126403809 468.317794799805 548.543441772461 539.913520812988 635.545080661774 618.806327819824 537.527145385742 737.485420227051 686.375486373901 648.861011505127 481.602783203125 753.156173706055 691.691053390503 581.498199462891 516.104423522949 800.762252807617 794.683895111084 761.557609558105 721.474472999573 850.832214355469 696.853588104248 603.873725891113 833.386581420898 748.048192024231 845.893508911133 929.224815368652 880.399013519287 629.5625872612 1194.6134967804 552.468635559082 563.271530151367 551.680793762207 552.874061584473 643.80791759491 506.592132568359 543.458206176758 645.60905790329 592.190208435059 610.902572631836 706.533134460449 720.063865661621 610.933995723724 513.381889343262 718.174964904785 553.274528503418 528.798118591309 568.874534606934 720.665946960449
647.774536132812 629.447346687317 608.589547157288 515.670616149902 588.435745239258 551.511207580566 648.228126049042 647.454175949097 555.352729797363 636.462188720703 628.904602050781 687.091590881348 518.930267333984 810.14533996582 761.052139282227 725.621795654297 507.60230255127 633.667062759399 944.409404754639 775.400215148926 806.918529510498 818.825462341309 686.329364776611 886.724166870117 689.844104766846 864.838356018066 884.0478515625 798.956924438477 1119.31725502014 849.37562417984 711.415641784668 673.595752716064 722.57745808363 692.159412384033 673.517274856567 613.179714202881 533.969535827637 713.001819610596 717.857982635498 623.86018371582 520.135025024414 724.034049987793 504.145370483398 579.586727142334 563.9504737854 529.380699157715 586.298536300659 565.736152648926 584.892435073853 732.916763305664
475.928939819336 659.998287200928 622.73484647274 604.266504526138 593.495491981506 631.875673294067 434.904724121094 759.761604309082 614.87744140625 712.153512954712 567.358337402344 699.55322265625 690.254028320312 561.511207580566 628.514392852783 593.611793518066 667.494613647461 433.972610473633 669.621697664261 801.593156814575 818.148857116699 821.876281738281 890.753051757812 666.235942840576 796.689170837402 918.887390136719 729.854868888855 1049.32600402832 1013.43812561035 1189.50131988525 796.356338500977 636.58975982666 640.880989074707 704.614643096924 524.245239257812 782.420104980469 641.788329124451 713.455513000488 606.509441375732 746.584320068359 807.453788757324 583.154472351074 649.437559723854 779.567398071289 496.33708190918 624.735098838806 642.541772007942 823.247360229492 731.240798950195 795.951034545898
696.181221008301 624.033805847168 580.592693328857 525.457984924316 554.804763793945 513.242668151855 603.953490257263 650.835191726685 514.33625793457 692.522567749023 710.92459487915 716.779037475586 707.497680664062 855.272888183594 575.630500793457 676.939380645752 746.910903930664 499.673690795898 585.32873916626 673.002662658691 810.209350585938 775.876926422119 820.833471298218 884.990905761719 679.698425292969 658.756576538086 812.107856750488 620.703109741211 1116.71606445312 1094.03026771545 1122.72179794312 967.238216400146 884.112775802612 910.746841430664 762.647407531738 654.348226547241 646.87203066051 598.686279296875 577.836563110352 779.544067382812 830.299453735352 773.505950927734 605.63189125061 597.329563140869 614.738978385925 655.193992614746 628.588322639465 662.56551361084 691.051639556885 529.895568847656
674.361106872559 473.015121459961 608.549200057983 649.801601409912 666.781520843506 647.351318359375 602.955390930176 647.620668888092 666.966249465942 650.283611297607 562.156112670898 732.256362915039 711.001159667969 745.569313049316 738.99877166748 734.260883331299 658.442443847656 597.867622375488 588.22834777832 853.350814819336 615.767678260803 684.918979644775 785.393417358398 727.49347114563 683.166913509369 773.214504241943 744.011783599854 804.967269897461 876.368171691895 927.58179473877 905.196750640869 1287.56911087036 1060.10838317871 1133.71014404297 1138.80885314941 843.225944519043 794.417892456055 680.704258918762 752.343490600586 654.687351226807 618.390228271484 806.079437255859 668.678629517555 783.969284057617 870.618927001953 741.034957885742 579.396396636963 780.627197265625 471.886917114258 557.870704650879
631.628175735474 670.833053588867 705.380432128906 629.341805934906 635.096077919006 805.711090087891 863.820571899414 789.992492675781 556.282096862793 818.153717041016 863.082550048828 798.544273376465 842.042984008789 793.213516235352 601.173625946045 780.875007629395 656.742489933968 678.20686340332 720.986236572266 407.711791992188 581.372669219971 623.459541320801 548.765449523926 510.519920349121 510.129791259766 602.273742675781 888.982688903809 765.521690368652 728.022994995117 835.453861236572 679.815062522888 930.740740776062 891.199703216553 1096.35601806641 967.574501514435 859.952239990234 727.827312469482 602.195980072021 676.21257019043 642.535259246826 615.991485595703 719.277473449707 675.417549133301 793.750076293945 740.990558624268 670.44305896759 664.696863174438 801.704162597656 578.312553405762 790.794570922852
568.34228515625 592.757171630859 570.866096496582 617.705649375916 840.868606567383 641.608196258545 714.895866394043 623.981328487396 498.491653442383 647.103653907776 720.109355926514 784.925758361816 746.111999511719 795.308883666992 538.749328613281 643.923941552639 640.704916954041 657.271753311157 748.835838317871 601.901744842529 624.13926410675 617.057439804077 625.701257705688 667.418933868408 643.643793106079 935.113983154297 759.382890701294 767.56428527832 796.673144340515 692.584308624268 919.299102783203 836.310455322266 883.162796020508 1260.0660533905 945.647254943848 1238.99585342407 728.421325564384 639.90563583374 636.759544372559 579.18431854248 683.604286193848 658.094858169556 704.700973510742 627.933532714844 693.288856506348 583.013996124268 638.426772117615 738.052192687988 553.505104064941 776.322952270508
692.280330657959 627.112865447998 690.61425113678 605.10018157959 784.515640258789 782.752746582031 652.704404830933 708.739250183105 770.230209350586 678.427101135254 662.70676612854 860.299880981445 666.611618041992 865.307571411133 687.757308959961 613.941417694092 535.358734130859 598.47749710083 584.527141571045 705.254863739014 752.612915039062 583.720359802246 582.931167602539 710.640365600586 743.976737976074 843.739334106445 661.037204742432 734.088554382324 516.67919921875 704.523891448975 687.670030593872 887.625518798828 1042.38572692871 1330.53427124023 1131.81450653076 1089.13748168945 1095.57643127441 725.846008300781 601.553100585938 540.50061416626 611.755466461182 649.715919494629 843.321815490723 843.226058959961 884.106170654297 590.274974822998 668.083415985107 693.94425201416 798.806838989258 789.716323852539
620.574317932129 604.406848907471 630.326915740967 730.444839477539 614.426628112793 725.019454956055 708.669059753418 705.361663818359 730.482215881348 803.719131469727 772.835159301758 781.408981323242 678.446521759033 804.313278198242 725.510879516602 774.65885925293 675.993499755859 621.147565841675 633.915605545044 559.596199035645 632.414879322052 762.797050476074 713.066917419434 636.451080322266 705.450298309326 662.163938522339 740.240531921387 770.921844482422 702.167890548706 738.424184799194 633.902507781982 763.572545051575 1109.26200866699 1016.73706054688 1063.5272064209 973.504993438721 758.51912689209 722.982765197754 722.645969390869 748.805233001709 730.036449432373 758.638022422791 845.28849029541 780.616849899292 1047.8957824707 1023.5822429657 1104.25174570084 1140.21226501465 856.491516113281 607.757179260254
651.182916164398 648.696934700012 646.188123703003 695.708124160767 707.488548278809 604.056481361389 694.149963378906 547.806072235107 638.699291229248 786.041320800781 694.605562210083 781.03458404541 600.722217559814 539.905128479004 595.798522949219 507.593322753906 675.010833740234 563.739444732666 495.646560668945 722.596054077148 668.45747756958 637.995184779167 602.315532684326 681.741870880127 657.809940338135 766.849868774414 746.297693252563 697.848537445068 655.601657867432 577.58992767334 631.497779846191 748.728065490723 824.041441917419 782.634178161621 797.053398132324 964.918350219727 731.892471313477 782.414138793945 553.874420166016 564.09260559082 560.828018188477 712.951835632324 741.646133422852 739.770166397095 778.894004821777 793.224174499512 979.025688171387 1000.76528406143 1158.34140014648 628.336860656738
712.968858718872 763.026893615723 742.944435119629 605.11568069458 644.50191116333 588.406600952148 662.54133605957 868.715957641602 767.847793579102 694.404243469238 641.046199321747 648.635634422302 604.78148651123 634.439643859863 675.97198677063 663.401733160019 689.455425262451 699.004402160645 694.601177215576 497.950134277344 560.285377502441 504.201049804688 645.409232139587 666.163317680359 625.58762550354 614.048603057861 759.474403381348 628.879234313965 644.157502412796 495.183166503906 538.718238830566 592.02799987793 687.002768516541 643.021694898605 656.663928985596 737.712156295776 711.895782470703 619.096084594727 602.249931335449 955.979263305664 797.61646270752 798.352912902832 737.58472442627 810.482372283936 754.95704460144 1015.56001281738 689.091522216797 1093.21380615234 944.571424007416 772.392387390137
850.800430297852 681.998101949692 587.992317199707 594.689453125 654.989446282387 613.598408222198 624.525447845459 616.444867610931 674.738975524902 617.94801235199 621.335725784302 584.277900695801 727.419300079346 650.357196807861 682.059646606445 603.782093048096 612.284019470215 583.916976928711 611.245426177979 555.402835845947 633.314451217651 561.953620910645 649.657543420792 634.466607093811 530.880065917969 716.617984771729 718.2883644104 692.245872497559 1234.42379760742 659.903411149979 619.789276123047 629.874048471451 648.715066432953 647.061165809631 799.766006469727 626.332332611084 612.514827728271 578.967208862305 706.95787358284 756.331127166748 681.260093688965 868.658065795898 789.835548400879 889.223648071289 828.689506530762 834.349647521973 911.333159446716 1154.97066497803 1057.77919006348 1046.95093536377
