export/dem/dem73.asc
NCOLS 350
NROWS 171
XLLCORNER 152620
YLLCORNER 418050
CELLSIZE 100
NODATA_VALUE -9999
[rows 66 to 87 of 171, columns 100 to 149 of 350]
447.699656486511 324.126319885254 435.719329833984 322.78059387207 397.260398864746 341.518020629883 409.870838165283 436.792358398438 554.817016601562 541.430778503418 527.858089447021 574.094635009766 554.425163269043 417.795593261719 466.463087081909 568.531761169434 356.026527404785 515.014446258545 589.79305267334 656.932571411133 501.063205718994 565.707904815674 600.438758850098 591.785568237305 548.934120178223 526.161876678467 642.715637207031 626.303314208984 640.484725952148 576.128707885742 491.441513061523 592.676872253418 396.80908203125 651.728294372559 522.843994140625 606.048736572266 714.480758666992 656.018951416016 493.632904052734 647.323684692383 726.119049072266 503.367942810059 645.070083618164 617.90714263916 519.48376083374 501.511569976807 737.009384155273 534.242223739624 466.547241210938 475.243598937988
446.091497421265 374.035079956055 344.840347290039 467.013784646988 583.106285095215 405.835029602051 375.6533203125 494.913633346558 527.255359649658 351.115295410156 319.88062286377 483.879499435425 667.097015380859 579.02725982666 648.53190612793 703.421005249023 525.332229614258 391.506210327148 433.035488128662 626.050521850586 441.720035552979 561.071350097656 622.279289245605 454.957675933838 652.364593505859 518.246877670288 519.82959446311 520.335783958435 461.733486175537 514.343742847443 435.30632019043 547.479884147644 462.817497253418 492.272884368896 661.310180664062 623.223334312439 513.057006835938 566.217422485352 710.658729553223 592.513376235962 612.270389556885 559.876802206039 619.770378112793 573.765193939209 639.826133728027 679.238380432129 709.207412719727 762.511352539062 613.985832214355 613.655738830566
302.977645874023 486.617279052734 340.17497253418 427.425737380981 676.42138671875 502.479389190674 479.721728801727 451.324012756348 510.35636138916 355.307273864746 278.700332641602 549.622695922852 479.2003698349 582.634368896484 499.670097351074 449.936664581299 527.134181976318 488.971420407295 528.725730895996 449.42557144165 560.539924621582 554.805992126465 462.916746139526 549.260261535645 602.117904663086 417.087631225586 448.181175231934 558.829883575439 479.326351165771 483.504852294922 419.039016723633 586.486114501953 466.260612487793 582.732135772705 620.31568145752 712.437606811523 510.920722961426 638.02965927124 596.514043807983 633.913444519043 483.092002868652 551.232650637627 439.046096801758 494.213623046875 588.76460647583 554.358764648438 722.954177856445 479.506778717041 705.221237182617 467.235801696777
382.211883544922 346.215553283691 461.312425374985 623.827041625977 615.0234375 535.476890563965 526.135860443115 405.802673339844 493.804819107056 374.7421875 363.691825866699 363.968078613281 602.038833618164 518.169094085693 597.601692199707 521.220932006836 498.127300262451 300.739929199219 422.539157867432 444.908126831055 470.360324680805 601.634544372559 516.690944671631 602.000709533691 459.057136535645 485.984926223755 373.576965332031 504.482395172119 395.498794555664 483.303218841553 664.304016113281 472.502578735352 564.27778339386 571.124610900879 657.901660919189 598.063264846802 607.103858947754 586.188384056091 675.174865722656 575.083661079407 479.099403381348 597.059623718262 591.122794151306 459.67839050293 487.88126373291 649.575225830078 601.29545211792 588.837768554688 654.908279418945 694.874359130859
425.310970306396 555.091911315918 469.083902359009 475.429968833923 571.323287963867 611.412384033203 520.147750854492 414.023918151855 401.102619171143 277.272750854492 415.373252868652 409.313026428223 420.278053283691 459.772284984589 426.578941345215 432.860008239746 463.086611747742 405.686477661133 394.22819519043 485.311400413513 406.943313598633 568.178924560547 516.001382827759 474.289155960083 524.217742919922 669.842041015625 542.910793304443 458.517604827881 570.21212387085 418.813362121582 499.631370544434 689.805786132812 540.20300579071 544.822056770325 691.897483825684 636.275850296021 744.437316894531 601.873176574707 632.109392166138 531.627071380615 448.959533691406 674.062957763672 517.001270294189 636.010612487793 626.728607177734 598.554883956909 615.694927215576 531.249887466431 599.428914070129 531.080627441406
593.871324539185 507.989799499512 376.646324157715 512.454959869385 626.46549987793 547.105766296387 532.724266052246 513.012268543243 519.124401092529 480.249424934387 502.867900848389 532.457767486572 466.157262325287 489.205750465393 395.500602722168 506.675722122192 390.517318725586 492.600046157837 322.865661621094 560.499954223633 460.772365570068 429.328632354736 532.854990959167 598.280876159668 427.030517578125 563.390651702881 512.337940692902 540.282329559326 591.467582702637 585.249263763428 523.929218292236 702.810417175293 515.191303253174 474.997047424316 525.577648162842 424.089492797852 486.222969055176 633.077217102051 657.633796691895 428.015228271484 670.909271240234 633.597320556641 607.845533370972 453.360443115234 736.248603820801 687.468972206116 493.661170959473 360.299911499023 526.810754776001 290.029449462891
556.17497253418 411.272216796875 555.184776306152 540.823913574219 437.15975189209 464.813482046127 433.718425750732 492.981567382812 518.652919769287 624.205581665039 472.44766998291 470.045561790466 436.37548828125 497.057972967625 481.701826930046 554.57625579834 557.011947631836 510.004795074463 524.638278961182 388.238525390625 418.788345336914 481.189744949341 449.61799621582 474.804393768311 406.07600402832 570.713165283203 600.003601074219 683.704238891602 651.892532348633 686.20329284668 614.018646240234 440.796913146973 385.651947021484 690.49674987793 677.473861694336 902.288608551025 616.536720275879 816.521654129028 784.904411315918 385.467712402344 701.641269683838 514.46696805954 617.213958740234 400.745361328125 534.812355041504 916.632572174072 500.59691619873 416.555374145508 478.697723388672 254.5576171875
566.13729095459 541.973114013672 610.047142028809 578.614906311035 513.900035858154 538.345497131348 468.652820587158 362.097801208496 482.282388687134 416.818515777588 426.627861022949 316.984680175781 507.903247833252 500.410480499268 548.666198730469 531.31033706665 525.049617767334 340.330535888672 428.963680267334 341.446228027344 487.483129501343 564.788761138916 533.169116973877 545.875974655151 449.789897918701 554.937763214111 666.375061035156 571.461967468262 646.155578613281 511.577469825745 614.917297363281 499.885150313377 495.115097045898 723.164039611816 782.938899993896 687.059219360352 534.956570625305 781.903037071228 665.256782531738 495.259811401367 455.224212646484 329.195541381836 458.268424987793 376.923042297363 308.575790405273 560.8528881073 582.620544433594 275.346084594727 608.833423614502 519.236053466797
600.503952026367 580.390350341797 723.562530517578 532.024085998535 555.501609802246 363.57332611084 576.073051452637 394.197204589844 427.884019851685 525.648788452148 560.778594970703 405.716156005859 579.262229919434 479.880748510361 580.581809997559 563.996627807617 575.232360839844 230.63525390625 431.038341522217 465.943302154541 542.048496246338 557.643028259277 516.954252243042 527.787448883057 431.16219329834 522.70997095108 627.670257568359 678.759414672852 620.854431152344 535.022798538208 557.573715209961 454.417247772217 701.650963783264 623.895050048828 557.516319274902 740.683570861816 466.560050964355 832.020248413086 712.155708312988 592.760187149048 652.024096012115 510.048141479492 371.127349853516 390.688289642334 460.045881271362 364.502540588379 506.15470123291 362.06982421875 754.953948974609 426.803085327148
519.714175224304 478.548881530762 567.00821685791 545.714962005615 457.703042984009 436.568351745605 458.154333114624 529.56595993042 446.09704208374 409.696243286133 655.754013061523 447.856023788452 505.368262290955 554.325386047363 525.995922088623 460.367267608643 343.339958190918 517.64021396637 362.204055786133 399.142227172852 402.263969421387 592.480239868164 542.296398162842 555.077304840088 484.697818756104 675.788955688477 468.450790405273 647.208465576172 588.034561157227 644.970825195312 600.119468688965 575.545917510986 563.158920288086 622.629425048828 738.085556030273 699.035316467285 465.694351196289 694.642028808594 587.558738708496 585.009124755859 738.84545135498 465.624336242676 522.520889282227 387.520687103271 365.549560546875 400.418449401855 361.300537109375 425.807601928711 391.477416992188 288.084747314453
781.948026657104 559.139556884766 548.322982788086 464.221858978271 415.82738494873 401.677886962891 308.817489624023 443.623573303223 673.083358764648 605.525611877441 429.669425964355 502.7428150177 525.654670715332 466.927206039429 537.245105743408 493.973579287529 425.074645996094 414.037902832031 275.411712646484 471.065842628479 293.451843261719 572.443897247314 400.521369934082 521.561560869217 623.807411193848 323.192977905273 633.594734191895 579.120025634766 637.406539916992 589.863494873047 430.679466247559 409.387277603149 435.030314922333 527.140823364258 569.226680755615 654.743515014648 493.936641693115 770.874588012695 673.851449966431 708.509154319763 535.365577697754 457.754013061523 371.285308837891 374.02734375 478.890718460083 654.238027572632 632.386856079102 479.390396118164 567.497842788696 647.299806594849
492.254600524902 655.904418945312 574.533813476562 736.986274719238 568.704738616943 506.064706802368 515.461185455322 642.232376098633 600.447471618652 550.451305389404 501.965370178223 497.365948677063 315.395874023438 443.261650085449 366.711074829102 403.724075317383 397.754783630371 297.438674926758 316.195190429688 400.817649841309 341.784805297852 468.296617507935 510.737916052341 544.368598937988 754.417831420898 702.91584777832 531.475392341614 588.192588806152 682.104602813721 631.529586791992 580.144546508789 473.524921417236 520.490982055664 451.129819869995 722.881500244141 662.745418548584 553.569068908691 652.399211883545 654.989570617676 752.716762542725 560.10546875 464.690144300461 427.344951629639 422.46110534668 376.825294494629 378.602676391602 669.667644023895 236.242523193359 387.85132598877 519.84854888916
643.036003112793 363.904479980469 539.291023254395 634.789714813232 528.566932678223 670.865737915039 612.480354309082 404.086082458496 467.39146232605 623.818534851074 569.314506530762 743.457374572754 300.655807495117 414.923446655273 517.255301475525 409.861045837402 404.302192687988 422.634986877441 506.027446508408 419.465198516846 402.450836181641 391.255104064941 552.365768432617 470.087322235107 615.896903991699 700.388687133789 531.506946563721 552.934401512146 572.876834869385 505.841443538666 530.922504425049 300.875885009766 479.607566833496 443.664331436157 319.003372192383 710.198837280273 475.733657836914 632.95885848999 685.93083190918 563.749969482422 281.844085693359 538.988849639893 374.692985534668 419.450210571289 353.998466491699 466.81045794487 394.545845031738 335.674758911133 395.161731719971 620.586380004883
699.851013183594 497.584794998169 626.550361633301 507.533515930176 550.020355224609 649.016506195068 837.451912879944 503.908229827881 303.378616333008 555.012519836426 625.442077636719 583.29760992527 374.646636962891 482.036695480347 358.666091918945 551.935180664062 468.479080200195 365.040161132812 472.924241065979 406.289207458496 550.081310272217 400.627685546875 500.035549163818 631.325569152832 502.486776351929 415.101623535156 476.794258117676 436.680183410645 414.744567871094 466.699462890625 531.487413406372 480.789373397827 656.144638061523 430.711387395859 381.476440429688 562.642574310303 718.244361877441 631.406852722168 757.828674316406 731.987670898438 585.954193115234 549.166244506836 534.820316314697 599.775652885437 550.950084686279 331.005416870117 300.344711303711 308.801284790039 538.407318115234 480.354286193848
526.986465454102 557.721797943115 625.88098526001 615.918071746826 624.424545288086 561.356025695801 682.004463195801 564.003875732422 426.95915222168 516.349678039551 465.015537261963 455.064632415771 493.995241165161 653.101142883301 544.595993995667 409.953918457031 353.932586669922 547.905082702637 437.617858886719 408.84903717041 487.954977035522 508.134901046753 447.918785095215 440.328880310059 601.584438323975 718.345428466797 481.50163269043 431.481715202332 436.217191696167 438.879141330719 488.897060394287 547.062187194824 574.268440246582 549.346160888672 631.5944480896 525.914283752441 630.3219871521 686.285957336426 558.783824920654 544.214687347412 621.031021118164 550.253471374512 401.43367767334 673.585494995117 656.143730163574 585.245599746704 624.940811157227 503.495719909668 583.863800048828 666.925109863281
833.310852050781 713.977340698242 533.330513000488 703.425010681152 621.476100921631 677.454727172852 648.061584472656 594.68438911438 266.730316162109 514.316164970398 531.249252319336 497.836039066315 491.051342010498 495.810340881348 538.689823150635 403.016967773438 549.998092651367 533.823844909668 527.230009078979 678.827438354492 506.369384765625 561.290885925293 559.69616317749 486.987325668335 713.616027832031 613.794116973877 713.648574829102 443.069072723389 402.443878173828 490.506977081299 456.052206039429 529.023818969727 745.072830200195 691.836067199707 618.373142242432 686.977836608887 738.17903137207 650.142757415771 528.139175415039 570.85936164856 450.411514282227 451.761032104492 561.419609069824 842.277114868164 719.364291191101 551.817878723145 605.01286315918 488.915969848633 670.08324432373 765.287223815918
567.605602264404 624.480686187744 596.77744102478 549.63501739502 581.446992874146 729.930648803711 712.307918548584 636.760429382324 443.034111022949 535.248916625977 548.648969650269 500.492604970932 423.879844665527 363.618927001953 555.420104980469 542.048454284668 393.679893493652 479.427171707153 520.213005065918 532.717319488525 493.137854099274 536.968215942383 620.056999206543 552.245898723602 715.963668823242 547.428139686584 600.682983398438 405.517356514931 527.628776550293 690.912002563477 631.707866668701 570.692080497742 671.71752166748 635.159038543701 574.629465103149 654.269676208496 697.748664855957 620.48560333252 468.333389282227 631.628959655762 520.927848815918 571.809745788574 686.424297332764 629.382510662079 536.993927001953 674.547241210938 609.291972398758 811.043263912201 710.243804931641 790.687164306641
439.651359558105 644.478561401367 490.710494041443 593.914513349533 682.998519897461 728.738067626953 554.116344451904 664.287055969238 553.049781799316 539.186950683594 493.804546356201 471.759275436401 406.870391845703 637.893264770508 470.150392532349 474.597639083862 704.428909301758 556.851516723633 529.503240585327 586.516883850098 540.572032928467 567.143844604492 663.635696411133 568.55350112915 687.984344482422 488.212135314941 501.635696411133 828.251876831055 525.180679321289 549.101482391357 639.48913192749 652.130180358887 648.30339050293 414.841262817383 499.209365844727 511.750473022461 677.944976806641 334.775299072266 481.579833984375 520.351219177246 630.484212875366 603.543182373047 427.79377746582 520.545612335205 518.508850097656 479.227739334106 509.52175116539 622.001899719238 806.374807357788 891.695343017578
727.727481842041 776.389175415039 783.249702453613 556.13586807251 480.153242111206 572.485790252686 655.199684143066 650.74165725708 670.305946350098 1018.71550750732 577.303050994873 418.751846313477 501.782903671265 471.483783721924 337.61979675293 556.105422973633 529.892932891846 590.481391906738 496.556763648987 590.007720947266 412.754920959473 511.749048233032 508.145164489746 537.284319877625 558.563201904297 485.677391052246 610.838218688965 598.417407989502 491.529933929443 333.674362182617 419.06494140625 528.394073486328 705.408142089844 608.88138961792 403.620582580566 294.016098022461 510.640971183777 497.109613418579 504.888174057007 564.794521331787 412.307121276855 437.440811157227 532.736686706543 294.015243530273 382.792602539062 584.374877929688 755.027038574219 658.70890045166 713.20679473877 503.511238098145
597.114780426025 669.590162277222 748.287986755371 803.018829345703 710.133743286133 625.867813110352 640.811416625977 581.802030563354 566.206945419312 537.603355407715 451.584457397461 444.045234680176 537.431106567383 564.492771148682 523.530853271484 562.906871795654 521.864225387573 423.262763977051 553.125331878662 523.880439758301 461.472965240479 449.063182830811 587.437805175781 373.38883972168 455.956317901611 486.868545532227 416.373565673828 368.225799560547 376.877559661865 479.2844581604 612.33913230896 525.21683883667 555.824657440186 298.002571105957 293.846183776855 358.68323135376 399.230018615723 531.441651344299 609.431304931641 428.270599365234 525.154445886612 473.459075927734 574.710403442383 854.474334716797 851.337507247925 530.422196626663 676.778594970703 610.208829879761 514.486530303955 605.69612121582
689.903701782227 854.232437133789 858.064559936523 686.916730880737 536.940692901611 604.624960899353 491.847151756287 589.057151794434 696.034622192383 485.45987701416 678.00745010376 458.804786682129 624.132347106934 435.832412719727 606.523887634277 579.694145202637 515.097141265869 582.96932220459 535.024726867676 407.333953857422 397.702362060547 591.300666809082 570.024772644043 575.263473510742 443.702209472656 447.099769592285 352.640319824219 437.782905578613 386.868133544922 329.277038574219 566.342636108398 546.790084838867 632.568382263184 374.179397583008 297.077812194824 237.945785522461 451.526565551758 442.689392089844 442.368156433105 675.61994934082 647.598129272461 489.547080993652 685.804550170898 1047.81962585449 903.193344116211 754.705688476562 552.411087036133 634.207275390625 793.290771484375 506.354748725891
-9999 -9999 553.182685852051 963.193809509277 771.144149780273 515.126037597656 626.61058807373 460.328773498535 673.554946899414 600.368423700333 669.902496337891 576.181266784668 472.203163146973 698.612518310547 493.415580749512 660.858917236328 591.403503417969 380.549865722656 418.318901062012 542.114036560059 588.570938110352 355.172332763672 488.476057052612 516.671773672104 380.559257507324 456.813926696777 478.44017791748 508.824317932129 717.577648639679 455.419815063477 420.386199951172 541.417324066162 712.166416168213 574.106201171875 399.286880493164 364.585350036621 451.981636047363 461.758567810059 456.495216369629 560.230934143066 524.00764465332 658.752174377441 690.841461181641 995.067520141602 948.515213012695 709.25756072998 549.538116455078 -9999 -9999 -9999
