export/dem/dem82.asc
NCOLS 350
NROWS 171
XLLCORNER 152620
YLLCORNER 418050
CELLSIZE 100
NODATA_VALUE -9999
[rows 22 to 43 of 171, columns 100 to 149 of 350]
576.013399124146 469.302085876465 418.997756958008 465.245010375977 545.433502197266 686.872192382812 718.070751190186 595.19800567627 610.076705932617 733.665326595306 789.686187744141 571.10506439209 473.32470703125 874.89852142334 440.098968505859 393.979049682617 653.096496582031 783.149879455566 597.247673034668 632.719482421875 1043.6216506958 876.444602966309 487.649337768555 406.858642578125 427.298797607422 383.549926757812 396.621780395508 315.299133300781 689.619956970215 512.763938903809 551.901714324951 693.225112915039 682.21862411499 665.377250671387 711.891754150391 582.931385040283 501.153587341309 641.459680557251 604.579067230225 683.012943267822 439.925537109375 618.321500778198 633.41370010376 358.865356445312 631.73775100708 621.577947616577 581.498176574707 591.033428192139 511.600517272949 568.479263305664
401.969665527344 607.847236633301 476.427680969238 474.013473510742 606.026763916016 883.63599395752 616.596435546875 585.025741577148 727.652391433716 717.006088256836 1574.85125732422 430.820755004883 636.367477416992 985.757751464844 420.38835144043 486.826904296875 846.51936340332 657.853443145752 601.958106994629 616.167723178864 632.256408691406 448.970642089844 1069.04885864258 944.871398925781 585.940231323242 600.440849304199 379.663238525391 385.649917602539 619.524250030518 530.047538757324 544.047645568848 704.632606506348 531.229141235352 638.091685295105 598.708089828491 543.72777557373 616.84204518795 618.449207305908 643.486526489258 750.120018005371 574.623271942139 638.061176300049 552.271995544434 650.392883300781 660.745712280273 387.789810180664 671.936553955078 517.915496826172 563.092750549316 541.02368927002
603.965187072754 368.053527832031 300.460998535156 705.992364883423 638.518775939941 945.086486816406 564.608337402344 800.569175720215 555.803443908691 409.899551391602 638.529472351074 1017.16751861572 610.650115966797 802.935629844666 570.013385772705 592.261840820312 660.489166259766 597.162731170654 557.3505859375 745.119827270508 729.099304199219 481.397247314453 595.277399539948 578.183422088623 640.370910644531 574.525844573975 532.518375396729 549.514358043671 603.76279258728 540.129043579102 475.776214599609 629.087589263916 662.962017059326 757.925632476807 671.252094268799 654.006559371948 779.551849365234 582.343096733093 543.062324523926 656.768751144409 627.045133590698 620.553286552429 597.103517532349 545.211948394775 606.663356781006 721.523193359375 434.338165283203 504.353355407715 582.835968673229 639.686611175537
441.585906982422 399.88623046875 555.178726196289 489.428100585938 436.709533691406 515.268295288086 858.042449951172 944.873764038086 524.285858154297 841.275680541992 833.739776611328 636.829711914062 938.848442077637 811.093185424805 845.835510253906 981.698593139648 525.576889038086 418.377960205078 357.538635253906 621.608535766602 1324.80249023438 468.706970214844 379.594512939453 578.304033279419 378.202911376953 492.439613342285 446.645118713379 425.396499633789 495.755828857422 564.656707763672 485.975845336914 468.643920898438 666.465072631836 744.597751617432 605.610130310059 669.005332946777 650.330459594727 496.08186340332 620.946764945984 500.364768981934 512.738967895508 518.258499145508 565.718185424805 456.663208007812 591.986561775208 588.294981002808 478.673393249512 460.35181427002 693.610900878906 543.40571975708
362.968154907227 438.58277130127 654.372634887695 545.683654785156 444.213104248047 408.110473632812 481.61604309082 786.414232254028 1006.89492797852 723.66806602478 724.676216125488 678.180328369141 834.132415771484 501.251876831055 807.295318603516 923.478507995605 502.776016235352 534.816345214844 598.142700195312 379.033325195312 905.000518798828 596.971786499023 562.007278442383 454.369651794434 483.581390380859 615.024305343628 583.086916923523 463.682991027832 567.514598846436 641.074947357178 641.944412231445 510.971813201904 647.379364013672 534.286581039429 516.203079223633 546.699356079102 540.37886428833 626.666427612305 607.467281341553 622.089004516602 615.782619476318 613.695404052734 492.721656799316 713.860076904297 511.284397125244 533.067367553711 630.09156036377 549.320340156555 572.353410720825 544.579048156738
306.447402954102 477.525131225586 333.197143554688 387.093643188477 1008.66421508789 1372.16724777222 690.244430541992 447.119598388672 701.362718582153 836.589420318604 715.918352127075 655.433074951172 851.199378967285 356.781951904297 556.781158447266 914.431640625 1056.45278930664 495.117607116699 623.535339355469 719.473190307617 420.068862915039 502.052597045898 481.784118652344 538.275512695312 539.677719116211 558.920921325684 684.040328979492 679.36848449707 603.472270965576 732.421615600586 475.772132873535 544.24746529758 551.313976287842 375.747039794922 629.698722839355 380.682250976562 543.907997131348 566.2737865448 506.491226196289 507.513816833496 425.230712890625 578.369999408722 509.11714553833 583.63830947876 638.651756286621 503.343925476074 463.040344238281 629.072799682617 617.060543060303 561.457685470581
443.282020568848 751.320770263672 394.656478881836 599.311351776123 494.538101196289 614.929023742676 676.900329589844 601.396236419678 677.002975463867 477.811889648438 879.584360122681 626.550933837891 524.16088104248 559.768753051758 937.857536315918 498.943420410156 565.361373901367 1070.33436918259 1058.74436950684 545.920280456543 429.502990722656 472.503128051758 472.955032348633 569.349717140198 337.414657592773 702.317428588867 473.589385986328 628.548622131348 509.387331008911 526.751661598682 593.632358551025 621.606414794922 609.059177398682 547.505049705505 636.337730407715 424.342834472656 604.440631866455 483.693817138672 650.140686035156 588.79049539566 630.30500793457 621.966705322266 618.158020019531 592.621864318848 478.348014831543 547.770954370499 616.134937286377 722.505111694336 659.653213500977 820.57844543457
342.24333190918 450.412261962891 508.227615356445 432.891357421875 567.699188232422 657.928436279297 613.548126220703 547.801696777344 577.340187072754 701.074127197266 1006.76721191406 679.897590637207 684.20475769043 913.043312072754 927.023712158203 618.476779937744 567.059860229492 585.573866963387 642.695301055908 580.101142883301 500.030033111572 371.176483154297 515.538375854492 475.059539794922 520.627130508423 659.547395706177 446.886665344238 438.283805847168 585.159328460693 502.635944366455 532.468405008316 381.620666503906 502.694244384766 469.869560241699 550.313451766968 585.328689575195 585.591073036194 497.439708709717 418.912178039551 556.175651550293 532.590629577637 511.222030639648 626.348815917969 581.966997146606 573.562046051025 435.950973510742 584.892017364502 719.861419677734 605.689990997314 571.108069300652
615.44059753418 497.856055259705 592.303245544434 792.506988525391 753.093465805054 422.526184082031 659.483329772949 612.605144619942 699.561920166016 749.216415405273 709.877377510071 567.163296699524 548.011323928833 779.124168395996 428.499755859375 952.87126159668 574.066886901855 522.780954360962 491.675422668457 706.629791259766 558.735389232635 615.396549224854 458.645904541016 431.612518310547 703.808563232422 1615.53134918213 596.580226898193 563.340469360352 586.26734161377 453.354530334473 607.225791931152 507.513339996338 479.895614624023 457.508697509766 542.102712631226 462.933807373047 521.555529594421 494.404960632324 511.746685028076 606.298583984375 648.659286499023 431.444747924805 507.976005554199 564.911602020264 287.805191040039 576.039516448975 577.117052078247 470.098640441895 578.611988067627 595.225120544434
486.691757202148 357.973388671875 426.736953735352 570.96310043335 1083.64866638184 509.168218612671 610.966913700104 517.261777877808 714.960129737854 564.654818534851 652.171316146851 940.254760742188 590.785106658936 538.691324234009 571.675123214722 752.952320098877 481.460510253906 536.740936756134 594.734729766846 532.062305927277 555.072553157806 438.842964172363 319.123291015625 575.15323638916 612.091873168945 636.648139953613 599.200019836426 656.408309936523 451.471866607666 580.056159973145 446.651092529297 446.489501953125 516.773222208023 477.438243865967 576.813171386719 630.678024291992 730.556457519531 498.249313354492 479.032192230225 581.600070953369 410.066680908203 443.12370300293 528.7417730093 498.587707519531 549.793020486832 546.233926773071 585.270408630371 470.03849029541 492.348022460938 640.680755615234
592.37670135498 460.792713165283 542.569972991943 412.69123840332 484.566558837891 588.573823928833 452.829772949219 1089.98569488525 1275.59555053711 570.173968315125 530.54398727417 689.284049987793 745.732354879379 590.400177001953 534.171615600586 514.293040275574 469.023691177368 472.672924041748 426.137870788574 483.636924743652 543.525957107544 517.996379852295 556.731485366821 499.222500562668 342.352279663086 658.269302368164 525.519233703613 479.338432312012 573.144020080566 234.472290039062 470.220890045166 375.738494873047 402.378120422363 516.637241363525 532.821190357208 556.16695022583 492.352230072021 556.47371673584 620.108535766602 507.443124055862 514.351598739624 551.848850250244 563.022911071777 512.663604736328 617.479911804199 546.874851226807 547.839999198914 543.334544181824 583.742069244385 582.0696144104
544.458015441895 447.622665405273 487.153272628784 605.791770935059 495.927417755127 473.256726741791 497.664907455444 434.417320251465 661.839361190796 575.13175201416 599.676307678223 480.246047973633 469.460540771484 849.080589294434 534.695828914642 495.036184310913 388.310211181641 650.251991271973 427.655731201172 537.652278900146 499.194686889648 505.746501922607 570.505428314209 447.983345031738 445.432289123535 502.370565414429 523.807954788208 548.522689819336 602.939743041992 549.17493057251 489.998954057693 404.033760070801 541.961252212524 555.378242492676 388.408981323242 539.66304731369 498.592294692993 552.097469329834 596.182312011719 488.511741638184 446.570766448975 578.184795379639 513.878386497498 562.518119812012 614.877365112305 637.404663085938 506.993173599243 546.02029800415 654.112495422363 685.319854736328
495.758369401097 596.360176086426 411.490692138672 487.32404088974 422.565860748291 448.90970993042 548.49490737915 541.47375869751 506.054804801941 577.961223602295 521.081428527832 493.5419921875 385.028076171875 391.945808410645 412.205986022949 544.97590637207 518.284423828125 521.979315280914 517.723971009254 437.660163879395 547.631183624268 450.339851379395 515.643052577972 542.126026153564 583.355361938477 583.213424682617 540.020141601562 488.546577453613 479.930570602417 372.556488037109 278.791564941406 382.643280029297 552.668056488037 495.735440254211 417.165222167969 561.153175354004 713.252471923828 567.177085876465 589.651191711426 590.509323120117 587.723915100098 465.060733795166 459.255664825439 485.251445770264 497.145450592041 488.508506774902 578.18775177002 670.107032775879 576.429853439331 594.173480987549
407.722881317139 415.911697387695 493.88427734375 415.669822692871 397.509002685547 434.143402099609 319.957000732422 469.633232116699 597.840888977051 567.313911437988 650.102317810059 424.041351318359 438.54638671875 490.970911026001 545.84294128418 284.133331298828 423.261268615723 367.338806152344 596.558662414551 584.587417602539 536.530750274658 461.646392822266 399.076263427734 529.61199760437 479.563486099243 438.141147613525 462.234715938568 591.011795043945 580.422592163086 308.992538452148 576.18807220459 486.729718208313 632.888427734375 546.604667663574 359.230529785156 309.550033569336 419.22049331665 621.748908996582 446.428318023682 486.027379989624 492.94055557251 460.790000915527 455.488632202148 715.926651000977 533.09497833252 513.975812911987 583.390830993652 576.912998199463 630.618255615234 623.77513885498
559.179306030273 506.614454269409 372.454284667969 247.68359375 391.97631072998 417.281562805176 397.715469360352 433.654075622559 564.254133224487 431.856674194336 295.320220947266 386.121887207031 382.319244384766 325.89616394043 371.110939025879 635.589828491211 509.742979049683 410.01016998291 466.122385025024 572.188377380371 476.197641372681 578.423866271973 305.551528930664 574.599899291992 384.718406677246 415.150009155273 632.546585083008 504.919677734375 481.912762403488 471.486545085907 411.318695068359 559.867851257324 475.379099845886 469.979739189148 531.028347015381 391.084091186523 461.70783996582 487.451696395874 477.259613990784 419.934989929199 509.053443908691 537.839317321777 557.921459197998 525.628619194031 556.985366821289 620.009796142578 491.156896591187 607.733612060547 638.671714782715 610.484355926514
390.176376342773 528.328628540039 436.441665649414 586.680305480957 369.160331726074 497.264771461487 423.327438354492 476.813882827759 453.630367279053 571.58805847168 463.425476074219 545.914779663086 469.370554924011 509.863624572754 318.823425292969 399.115905761719 526.390571594238 357.458518981934 266.259399414062 419.129264831543 285.748718261719 430.799694061279 321.600288391113 446.729808807373 368.51033782959 466.216856002808 392.047996520996 497.082302093506 446.081756591797 424.099796295166 444.68609046936 577.338371276855 449.780841827393 573.492828369141 289.742309570312 379.400054931641 484.822850704193 295.791564941406 639.901184082031 468.728017807007 503.092096328735 572.66064453125 560.780941009521 543.340126037598 495.652571678162 493.300025939941 443.647392272949 422.446144104004 666.219833374023 709.545532226562
567.18985748291 488.432470321655 350.349395751953 461.265308856964 394.830436706543 431.983798980713 623.002975463867 388.121292114258 471.027773857117 463.856838226318 529.813140869141 285.19612121582 327.039611816406 385.103729248047 419.951957702637 423.684028625488 427.638792991638 415.914031982422 450.974573135376 568.011878967285 441.504126548767 674.291381835938 559.681373596191 346.206680297852 387.84757232666 365.955085754395 461.132169723511 378.882446289062 409.143707275391 321.650939941406 471.715538978577 679.692886352539 390.119674682617 457.32798576355 436.652233123779 241.020111083984 458.501079559326 497.048182487488 429.998886108398 326.940032958984 517.425758361816 422.053375244141 481.338172912598 415.796592712402 513.910199642181 423.440841674805 580.337577819824 610.99275970459 561.437968254089 502.362297058105
514.296379089355 385.510200500488 322.219223022461 395.729156494141 486.542959213257 308.548706054688 454.876218795776 325.431243896484 476.058680310845 308.686630249023 404.074508666992 342.365203857422 488.24633026123 463.785287842155 412.545787811279 356.52848815918 505.193050384521 325.18888092041 413.955680847168 454.237104415894 480.672920227051 462.138809204102 454.614875793457 524.148368835449 454.618686199188 533.667633056641 378.326774597168 444.481256961823 476.413633346558 368.548294067383 391.193161010742 430.101093292236 574.79736328125 495.642574310303 555.103355407715 411.524070739746 421.374313354492 500.854601860046 352.481063842773 501.433174133301 526.77770614624 468.127979278564 663.881149291992 511.824123382568 509.257205963135 468.028736114502 427.354393005371 513.094678334892 592.599601745605 558.055322647095
611.651870727539 373.355682373047 635.034423828125 418.328485488892 350.200874328613 486.199298858643 368.442321777344 327.582534790039 369.36710357666 421.477382659912 392.319061279297 372.191009521484 381.987342834473 349.012222290039 489.922771453857 488.58514213562 315.052459716797 372.946891784668 489.061702728271 539.163673400879 569.939910888672 514.997835159302 331.90788269043 340.466217041016 446.314884185791 531.878562927246 305.767059326172 444.589975357056 478.428276062012 288.809829711914 375.132171630859 459.561529159546 452.207012176514 548.429874420166 336.11311340332 305.122756958008 580.185401916504 456.168041229248 492.663932800293 498.407480239868 525.721929550171 455.63493347168 404.345642089844 614.20223236084 572.179203033447 623.971420288086 466.998554229736 521.284994125366 552.722032546997 455.805557250977
470.941509246826 569.65380859375 540.510803222656 367.00813293457 328.432037353516 494.844165802002 480.96697807312 494.159543991089 365.710838317871 391.781829833984 306.06103515625 422.577735900879 447.469596862793 362.825347900391 435.039035797119 432.754833221436 342.239685058594 459.383677005768 473.197750270367 397.534599304199 418.354965209961 349.769203186035 476.38477563858 581.963371276855 619.583480834961 516.010284423828 523.587554931641 449.27596282959 544.639007568359 488.703352928162 459.149260520935 522.330516815186 579.756286621094 478.127666473389 416.259353637695 492.791198730469 367.34204864502 330.206771850586 490.749763965607 463.068222045898 419.790496826172 509.564638137817 467.653057098389 546.800395965576 561.46070098877 584.424095153809 696.416748046875 442.229721069336 642.325607299805 631.464385986328
524.799766540527 427.149410247803 538.930068969727 474.52619934082 474.384908676147 426.634796142578 367.868171691895 451.440969944 574.582023620605 351.193954467773 322.669326782227 288.027725219727 443.820854187012 346.811004638672 316.129776000977 459.428194999695 562.882804870605 433.700481414795 478.589609146118 578.467544555664 586.954681396484 597.321769714355 434.000511169434 510.773206710815 418.227481842041 417.62540435791 533.837409973145 524.656547546387 549.992874145508 478.787523269653 467.862823486328 697.44841003418 459.631721496582 476.270707130432 581.979179382324 558.038932800293 399.80744934082 516.485670089722 609.327156066895 465.340145111084 626.315284729004 518.866506576538 424.259208679199 549.400990486145 383.796463012695 426.746856689453 678.202713012695 636.404693603516 701.280227661133 625.311912536621
476.322839736938 474.313848495483 438.208345413208 506.328758239746 322.316360473633 385.692726135254 424.223066329956 437.354875564575 471.525846481323 488.730838775635 413.178123474121 280.886276245117 439.308172225952 298.467971801758 436.774689674377 357.53434753418 430.112724304199 391.770294189453 489.756259918213 436.566577911377 489.345525741577 466.959447860718 549.364730834961 482.939267158508 526.892467498779 536.600872039795 536.835441589355 305.018447875977 570.324325561523 469.517818450928 640.368301391602 614.944915771484 659.273483276367 604.052337646484 635.909957885742 588.613708496094 462.588966369629 393.979225158691 535.444766998291 647.721923828125 570.907066345215 344.161483764648 682.739151000977 460.569892883301 456.717090606689 545.24275970459 495.906707763672 583.510749816895 540.944429397583 634.586799621582
