export/dem/dem88.asc
NCOLS 350
NROWS 171
XLLCORNER 152620
YLLCORNER 418050
CELLSIZE 100
NODATA_VALUE -9999
[rows 88 to 109 of 171, columns 0 to 49 of 350]
-9999 -9999 -9999 -9999 -9999 -9999 -9999 -9999 -9999 -9999 -9999 -9999 -9999 -9999 -9999 -9999 -9999 453.225110054016 348.999158859253 407.064270019531 233.201988220215 492.385009765625 603.676063537598 467.88298034668 456.498439788818 585.036529541016 550.323120117188 375.156745910645 854.344772338867 570.24210357666 518.359588623047 509.792221069336 572.546463012695 317.160751342773 467.226581573486 357.205848693848 488.935787200928 722.68433380127 512.770698547363 597.020469665527 787.112480163574 722.726749420166 244.302326202393 422.671005249023 431.147773742676 487.797805786133 437.350067138672 457.805297851562 624.830852508545 508.062637329102
-9999 -9999 -9999 -9999 -9999 -9999 -9999 -9999 -9999 -9999 -9999 -9999 -9999 -9999 -9999 -9999 -9999 534.725234985352 465.513004302979 447.456336975098 465.365081787109 461.935356140137 538.133460998535 545.521628379822 564.016815185547 822.629692077637 670.315607070923 1054.57940721512 640.184597015381 535.554563522339 323.846134185791 704.504730224609 479.53540802002 380.233486175537 532.34539604187 586.126321792603 544.102638244629 705.018779754639 709.685916900635 678.750137329102 659.926445007324 639.046432495117 790.539749145508 323.238700866699 476.763816833496 492.378967285156 485.919944763184 584.618751525879 325.68369102478 690.560211181641
-9999 -9999 -9999 -9999 -9999 -9999 -9999 -9999 -9999 -9999 -9999 -9999 -9999 -9999 -9999 -9999 611.320779800415 634.193168640137 405.142288208008 330.237190246582 501.273994445801 472.5392537117 657.911315917969 522.222570419312 622.107924461365 502.511234283447 509.705532073975 486.467617988586 409.70923614502 404.08337020874 457.683757781982 551.143096923828 412.855630874634 582.923973083496 497.466506958008 624.027574539185 786.983282089233 567.219266176224 657.672073364258 621.983646392822 350.345294952393 478.019947052002 670.4753074646 567.758651733398 666.988739013672 557.569393157959 670.531707763672 410.639007568359 405.749099731445 389.346378326416
-9999 -9999 -9999 -9999 -9999 -9999 -9999 -9999 -9999 -9999 -9999 -9999 -9999 -9999 -9999 -9999 645.483715057373 329.931060791016 527.175308227539 451.838424682617 506.203688621521 661.485988616943 710.677703857422 541.303134918213 448.749221801758 383.503608703613 569.028364181519 581.589000701904 519.381286621094 388.180014610291 638.17015838623 543.888072967529 607.098411560059 706.668197631836 835.697387695312 454.597808837891 678.057769298553 561.916107177734 513.358695983887 349.795516967773 274.567699432373 426.40771484375 405.025875091553 349.021713256836 558.750396728516 531.051971435547 525.187255859375 526.677276611328 409.685997009277 438.56120300293
-9999 -9999 -9999 -9999 -9999 -9999 -9999 -9999 -9999 -9999 -9999 -9999 -9999 -9999 -9999 547.425457000732 609.510824203491 555.734222412109 557.062181472778 596.206077575684 616.987729072571 457.971778869629 574.088165283203 843.087719917297 461.431716918945 724.887314796448 529.368244171143 288.280624389648 638.468608856201 635.797080993652 828.183395385742 888.175987243652 879.152862548828 474.675338745117 760.387062072754 653.082718849182 650.08144569397 834.905868530273 695.710605621338 165.0751953125 285.708019256592 258.853578567505 426.524719238281 195.73087310791 298.463301986456 385.604110717773 465.044860839844 428.418502807617 429.092880249023 325.325283050537
-9999 -9999 -9999 -9999 -9999 -9999 -9999 -9999 -9999 -9999 -9999 -9999 -9999 -9999 -9999 623.549911499023 585.194313049316 708.364593505859 549.376289367676 477.877300262451 597.96072769165 475.905334472656 723.219094276428 869.63835144043 800.142471313477 665.6474609375 447.46125793457 493.95764541626 610.313945770264 643.606628417969 353.391483306885 457.46053314209 473.29909324646 293.305770874023 704.26057434082 651.751630783081 591.819061279297 735.645221710205 887.537506103516 290.933353424072 352.488342285156 391.97053527832 449.947463989258 345.440307617188 303.603889465332 452.718811035156 402.565292358398 327.330116271973 295.511186599731 362.229518890381
-9999 -9999 -9999 -9999 -9999 -9999 -9999 -9999 -9999 -9999 -9999 -9999 -9999 -9999 554.296810150146 516.169889450073 460.560764312744 406.46118927002 494.097043991089 457.586963653564 506.664741277695 520.433171272278 504.256622314453 697.765468597412 321.230499267578 586.96074962616 620.102133750916 305.612503051758 548.937042236328 323.38175201416 744.437927246094 538.415237426758 222.100479125977 263.340179443359 183.949798583984 620.563259124756 763.546768188477 635.942958831787 -9999 -9999 368.640121459961 264.928081512451 493.268920898438 463.670394897461 289.932487487793 648.523620605469 664.086547851562 508.787575006485 404.308319091797 287.388966560364
-9999 -9999 -9999 -9999 -9999 -9999 -9999 -9999 -9999 -9999 -9999 -9999 -9999 -9999 641.480888366699 654.007873535156 640.926918029785 390.06721496582 471.905023336411 685.10026550293 507.0079164505 725.262283325195 587.642242431641 459.681930541992 536.060386657715 465.342834472656 587.020095825195 532.522079467773 704.224842071533 603.147657394409 538.797264099121 327.152061462402 261.383041381836 362.264354705811 337.449588775635 -9999 -9999 -9999 -9999 -9999 -9999 -9999 467.126510620117 271.073184967041 330.262786865234 334.961532592773 374.428382873535 476.224822998047 480.372161865234 254.388378143311
-9999 -9999 -9999 -9999 -9999 -9999 -9999 -9999 -9999 -9999 -9999 -9999 -9999 562.83984375 359.809661865234 524.537625074387 482.434047698975 62.2939453125 367.377583026886 460.188117980957 811.755722045898 640.167190551758 1061.29638671875 744.472549438477 760.013610839844 466.427764892578 500.523803710938 622.311358571053 634.54695892334 721.148468017578 544.151281356812 414.978453636169 426.14362026751 334.977416992188 371.407110214233 -9999 -9999 -9999 -9999 -9999 -9999 -9999 -9999 292.768013000488 506.442626953125 249.276000022888 261.494853973389 304.065402984619 541.958625793457 328.272487640381
-9999 -9999 -9999 -9999 -9999 -9999 -9999 -9999 -9999 -9999 -9999 -9999 -9999 417.796890258789 349.531845092773 384.37174987793 183.665307044983 191.799239635468 315.521100997925 637.480220317841 623.86839389801 505.192035675049 742.872367858887 522.701099395752 547.799743652344 505.275459289551 560.751979827881 480.246673583984 599.091380000114 745.968788146973 457.133039474487 344.995475769043 304.384613037109 483.134159088135 -9999 -9999 -9999 -9999 -9999 -9999 -9999 -9999 -9999 -9999 273.54317855835 287.169326782227 411.254364013672 279.302393913269 596.885208129883 385.732078552246
-9999 -9999 -9999 -9999 -9999 -9999 -9999 -9999 -9999 -9999 -9999 -9999 438.317115783691 429.026165008545 476.193011164665 332.074142456055 526.540573120117 466.424530029297 703.92504119873 799.107315063477 537.16374206543 457.026145935059 592.767967224121 463.340202331543 481.755317687988 569.124458312988 534.89429473877 653.128318786621 751.094207763672 562.488706588745 427.407386779785 469.46385383606 395.795328140259 -9999 -9999 -9999 -9999 -9999 -9999 -9999 -9999 -9999 -9999 -9999 578.792053222656 561.706207275391 433.36304473877 314.530069351196 524.046882629395 594.757786750793
-9999 -9999 -9999 -9999 -9999 -9999 -9999 -9999 -9999 -9999 -9999 493.542094230652 421.732025146484 513.075866699219 435.094637393951 319.841346740723 590.151149749756 678.679454803467 557.344890594482 638.425137162209 517.606052398682 906.346549987793 430.437568664551 475.892776489258 418.491897583008 481.764312744141 544.358711242676 642.456008911133 504.951072692871 412.897956848145 506.757214546204 672.182113647461 635.949111938477 -9999 -9999 -9999 -9999 -9999 -9999 -9999 -9999 -9999 -9999 -9999 -9999 506.541809082031 348.044674873352 419.172348022461 363.295734405518 751.03498840332
-9999 -9999 -9999 -9999 -9999 -9999 -9999 -9999 -9999 -9999 -9999 344.374099731445 336.468719482422 435.518779039383 406.233664572239 415.228387832642 405.123405456543 745.933815002441 501.141632080078 582.390676021576 465.318302154541 602.569801330566 526.637475967407 533.087146759033 483.652130126953 538.752754211426 781.864418029785 659.57007598877 492.335006713867 471.750045776367 473.672008514404 497.335974216461 -9999 -9999 -9999 -9999 -9999 -9999 -9999 -9999 -9999 -9999 -9999 -9999 -9999 533.178047180176 507.454895019531 497.957794189453 441.258750915527 515.79430770874
-9999 -9999 -9999 -9999 -9999 -9999 -9999 -9999 -9999 -9999 573.405559539795 479.92448425293 409.244722366333 364.800010681152 397.071268081665 486.01277923584 793.424819946289 680.17816734314 598.099225997925 493.858337402344 489.745561599731 534.185470581055 559.350732803345 573.202041625977 521.104286193848 855.653358459473 457.315475463867 548.744741439819 278.442581176758 342.515014648438 417.565679550171 -9999 -9999 -9999 -9999 -9999 -9999 -9999 -9999 -9999 -9999 -9999 -9999 -9999 -9999 -9999 565.095100402832 483.61568069458 262.31330871582 448.71028137207
-9999 -9999 -9999 -9999 -9999 -9999 -9999 -9999 -9999 -9999 474.801502227783 445.070724964142 451.484152793884 313.983610153198 490.428497314453 417.408805847168 472.377655029297 569.001838684082 517.146556854248 531.708704590797 561.581382751465 397.842666625977 578.234224081039 504.323547363281 471.647918701172 471.299011230469 417.605697631836 302.10905456543 233.83509349823 130.938545227051 -9999 -9999 -9999 -9999 -9999 -9999 -9999 -9999 -9999 -9999 -9999 -9999 -9999 -9999 -9999 -9999 -9999 750.616729736328 381.511428833008 290.470086097717
-9999 -9999 -9999 -9999 -9999 -9999 -9999 -9999 -9999 700.092559814453 476.387767791748 509.222724914551 416.825302124023 537.151412963867 387.791980743408 466.196685791016 568.1291847229 541.143909454346 583.421607971191 1076.70114517212 342.667709350586 553.259355545044 487.944793701172 662.086391448975 96.2605438232422 385.331964969635 279.81169128418 24.4025115966797 93.465202331543 129.56901550293 -9999 -9999 -9999 -9999 -9999 -9999 -9999 -9999 -9999 -9999 -9999 -9999 -9999 -9999 -9999 -9999 -9999 -9999 447.435512542725 440.276954650879
-9999 -9999 -9999 -9999 -9999 -9999 -9999 -9999 585.916103363037 395.226791381836 302.418792724609 333.061569213867 395.354095458984 194.500595092773 320.174737930298 647.544471740723 618.970832824707 576.305532217026 353.062400817871 543.385261535645 577.949775695801 541.949263095856 559.482213973999 267.222526550293 287.836891174316 258.918983459473 171.963905334473 84.4684295654297 276.109477996826 -9999 -9999 -9999 -9999 -9999 -9999 -9999 -9999 -9999 -9999 -9999 -9999 -9999 -9999 -9999 -9999 -9999 -9999 -9999 -9999 859.820352554321
-9999 -9999 -9999 -9999 -9999 -9999 -9999 -9999 497.128227233887 600.172515869141 413.933704376221 427.593378067017 411.786476135254 644.617538452148 474.069206237793 515.455239772797 685.908538818359 581.434623718262 874.294486999512 534.486923217773 509.587760925293 429.985771179199 426.707153320312 49.5772247314453 178.749633789062 38.1895904541016 97.6040496826172 230.72013092041 -9999 -9999 -9999 -9999 -9999 -9999 -9999 -9999 -9999 -9999 -9999 -9999 -9999 -9999 -9999 -9999 -9999 -9999 -9999 -9999 -9999 -9999
-9999 -9999 -9999 -9999 -9999 -9999 -9999 495.187286376953 507.116691589355 538.936447143555 357.870147705078 519.943916320801 327.836532592773 543.387290000916 432.165054321289 511.659631669521 599.668815612793 517.552558898926 558.683036804199 582.913009643555 414.677520751953 578.293831825256 167.897232055664 319.747570037842 23.9880065917969 95.3715362548828 155.678642272949 255.037183761597 -9999 -9999 -9999 -9999 -9999 -9999 -9999 -9999 -9999 -9999 -9999 -9999 -9999 -9999 -9999 -9999 -9999 -9999 -9999 -9999 -9999 -9999
-9999 -9999 -9999 -9999 -9999 -9999 480.2734375 514.82869720459 496.691905975342 615.719573974609 521.846786499023 375.008605957031 491.421714782715 615.324447631836 467.106861114502 555.194885253906 422.048486709595 501.908164978027 299.048004150391 509.693740844727 367.672611236572 383.085861206055 276.912017822266 209.455688476562 74.4136657714844 102.798721313477 83.6096649169922 -9999 -9999 -9999 -9999 -9999 -9999 -9999 -9999 -9999 -9999 -9999 -9999 -9999 -9999 -9999 -9999 -9999 -9999 -9999 -9999 -9999 -9999 -9999
-9999 -9999 -9999 -9999 541.363479614258 682.852645874023 665.266906738281 448.783752441406 228.836605072021 539.937309265137 576.220100402832 587.75004196167 384.244018554688 468.52318572998 364.788513183594 416.795238494873 656.266940116882 322.053260803223 358.369828701019 700.330749511719 485.207389831543 711.006453990936 208.081874847412 -54.1175689697266 -6.35304260253906 49.1741333007812 -9999 -9999 -9999 -9999 -9999 -9999 -9999 -9999 -9999 -9999 -9999 -9999 -9999 -9999 -9999 -9999 -9999 -9999 -9999 -9999 -9999 -9999 -9999 -9999
409.756828308105 348.817771911621 390.510719299316 517.442832946777 580.4697265625 555.819541931152 582.203887939453 642.710861206055 215.459239959717 627.0771484375 634.381042480469 608.121383666992 512.988052129745 572.172088623047 413.517471313477 610.663818359375 840.670791625977 404.678756713867 363.394048690796 625.07300567627 459.385818481445 279.685985565186 35.9528427124023 56.4317054748535 21.678035736084 -51.883430480957 -9999 -9999 -9999 -9999 -9999 -9999 -9999 -9999 -9999 -9999 -9999 -9999 -9999 -9999 -9999 -9999 -9999 -9999 -9999 -9999 -9999 -9999 -9999 -9999
