export/dem/dem82.asc
NCOLS 350
NROWS 171
XLLCORNER 152620
YLLCORNER 418050
CELLSIZE 100
NODATA_VALUE -9999
[rows 44 to 65 of 171, columns 150 to 199 of 350]
539.135936737061 396.378723144531 429.039443969727 262.170196533203 339.362716674805 524.015880584717 510.279651641846 547.194345474243 539.307102203369 500.875782012939 427.056274414062 507.898136138916 444.499717712402 467.625434875488 518.872871398926 700.826187133789 672.771270751953 645.14803314209 535.353060722351 432.822174072266 517.77349114418 418.269241333008 454.294921875 586.804386138916 531.802616119385 489.056747436523 452.6748046875 544.97045135498 535.760944366455 555.747846603394 700.285717010498 669.868046760559 735.438720703125 681.513401031494 721.904397964478 745.317810058594 691.097455024719 624.599365234375 660.363693237305 474.448333740234 505.706871032715 527.105625152588 462.841339111328 876.604499816895 848.082704544067 542.220176696777 545.444465637207 848.227661132812 1143.64770507812 1355.6520690918
397.914257049561 437.180160522461 570.75902557373 452.343647003174 390.259773254395 510.47310256958 417.559188842773 576.786417007446 454.338363647461 558.296913146973 705.959129333496 608.508560180664 465.8251953125 445.091743469238 753.459030151367 664.020416259766 537.661149978638 535.257334709167 482.856369018555 540.406396150589 557.837400436401 431.176414489746 589.733150482178 572.550226211548 490.475051879883 502.070285797119 590.969110488892 590.270243644714 459.260437011719 546.888710021973 779.461471557617 555.428089141846 631.271549224854 836.81608581543 653.069511413574 647.667127370834 512.065032958984 582.820201873779 476.797424316406 424.370971679688 638.927528381348 659.511520385742 615.061389923096 633.701232910156 655.422260284424 558.127578735352 538.376823425293 634.451091766357 599.904319763184 891.596900939941
407.409194946289 337.125 665.437927246094 525.516914367676 399.165245056152 429.097343444824 517.148204803467 655.41268157959 485.421905517578 410.494491577148 586.75634098053 454.617149353027 483.103828430176 597.627452850342 604.918268203735 726.532409667969 664.904632568359 416.867645263672 560.990613937378 377.508895874023 526.050348520279 557.243452072144 616.181610107422 608.49528503418 538.180375099182 493.67573928833 486.057807922363 547.356105446815 432.585800170898 499.8681640625 583.681429386139 517.651914596558 438.944061279297 601.240775108337 652.69197845459 536.242877960205 589.555093765259 507.688758850098 292.255004882812 463.008209228516 601.184745788574 552.005347251892 607.525862693787 438.804702758789 636.013050079346 474.509857177734 558.584896087646 499.973693847656 617.350431442261 768.180923461914
540.739611625671 562.947792053223 397.418411254883 589.627105712891 754.466491699219 619.653114318848 523.4610414505 537.276268839836 635.444847106934 507.973491668701 388.119537353516 364.526336669922 447.075355529785 544.22714805603 420.113174438477 454.200439453125 603.777063369751 532.820018768311 424.142791748047 579.078651428223 559.191770836711 508.405010223389 495.44779586792 588.502220153809 451.188705444336 466.314529418945 390.992706298828 519.055696487427 569.278507232666 553.023817062378 496.432907104492 490.823181152344 714.712173461914 560.858413219452 573.833326339722 465.898796081543 558.681819915771 630.613563537598 489.12247467041 490.587104797363 481.610557556152 578.398266792297 572.421174049377 477.721046447754 332.86100769043 482.248542785645 505.615715026855 440.030952453613 527.300426483154 621.914585113525
478.65503692627 498.77424621582 478.517635345459 509.51505947113 652.836334228516 677.222457885742 625.482612609863 486.507247924805 444.457313537598 479.417266845703 422.390014648438 696.700569152832 546.573337554932 599.78688621521 624.96538734436 712.380523681641 525.786041259766 598.90761756897 652.459526062012 520.797561645508 630.782241821289 468.156631469727 485.854927062988 471.59130859375 591.84854888916 594.6225938797 384.752685546875 545.949390411377 474.896530151367 532.474524497986 425.336547851562 432.452171325684 424.916397094727 533.436031341553 471.451461791992 400.771713256836 626.61116027832 650.393478393555 549.716339588165 509.966865539551 537.965579986572 664.458465576172 581.853502750397 338.337921142578 448.753387451172 522.836799621582 629.508178710938 675.979293823242 489.762893676758 562.48563337326
514.983472824097 352.421676635742 598.978790283203 594.369667053223 613.017837524414 629.096984863281 654.70955657959 520.740370750427 489.770336151123 511.247577667236 571.296688079834 583.215494155884 624.914398193359 586.072284698486 485.990371704102 663.723388671875 599.797954559326 735.759552001953 651.397567749023 667.41495513916 543.749656677246 609.224606513977 627.630845546722 581.275989532471 607.063154220581 358.917907714844 554.655675888062 495.348415374756 465.243446350098 396.794082641602 522.77316224575 553.738788604736 530.841261863708 562.473740577698 609.68391418457 608.340110778809 617.668159484863 696.257476806641 381.128372192383 470.90608215332 766.631042480469 591.86524772644 551.806578755379 589.619636535645 446.67081451416 453.722564697266 571.284763336182 381.135375976562 617.603565216064 400.814849853516
676.969680786133 549.750057220459 628.149612426758 532.485315322876 510.036624908447 546.576664209366 600.68399810791 745.913482666016 430.741706848145 467.843399047852 656.633964538574 461.691024780273 632.281188964844 620.410182952881 559.41427230835 532.644096374512 825.874618530273 537.877922058105 859.69010925293 673.244132995605 656.240653991699 606.3449010849 809.245849609375 709.338816642761 636.077207565308 644.660675048828 560.914213180542 490.533409118652 545.892751693726 471.66365814209 450.864105224609 490.884605407715 454.993026733398 541.785346984863 625.416885375977 755.975814819336 654.31664276123 544.960589885712 480.700565338135 510.606800079346 668.518310546875 658.323959350586 501.679401397705 465.099327087402 533.623039245605 464.630290985107 613.962364196777 510.189811706543 639.767440795898 646.593112945557
491.235761642456 401.454650878906 612.602149963379 541.150501251221 604.597076416016 574.890586853027 588.83971786499 480.735824584961 460.732933044434 491.008369445801 548.808563232422 681.421897888184 700.222808837891 590.009938240051 619.829228401184 679.059539794922 546.850775063038 649.550567626953 604.157548904419 614.884468078613 547.798648834229 475.058776855469 679.121898651123 681.427379608154 594.230529785156 578.979293823242 680.362121582031 455.824371337891 556.106811523438 466.38542175293 573.626661300659 517.104194641113 531.285704612732 585.562393188477 570.220184326172 640.993041992188 589.38117980957 588.098844528198 716.767303466797 539.431596755981 684.887596130371 603.61615562439 593.155422210693 590.4805727005 621.00708770752 498.990104675293 676.652282714844 602.384267807007 578.963580131531 573.074411392212
432.167655944824 506.925512194633 575.214141845703 611.92113494873 466.490753173828 521.376379013062 451.69783782959 601.090953826904 520.634298324585 528.37505531311 440.268295288086 445.750564575195 355.040832519531 409.731628417969 559.888318061829 799.407745361328 557.100898742676 636.483911514282 542.572788238525 745.656455993652 667.121850967407 621.697852134705 656.948566436768 480.882713317871 542.927337646484 540.128524780273 708.10852432251 610.474304199219 613.231315612793 561.870864868164 723.722152709961 575.755981445312 530.639963150024 526.547636032104 478.293258666992 436.472648620605 666.881484985352 456.080543518066 567.018197059631 695.644905090332 603.553542137146 503.083938598633 553.713919639587 540.223827362061 590.308681488037 516.765590667725 541.860961914062 685.853744506836 444.995223999023 495.213508605957
490.113285064697 644.975402832031 471.481418609619 432.396102905273 540.10057258606 470.922203063965 430.086303710938 469.18416595459 593.39155960083 559.292510986328 524.899677276611 559.725876092911 495.455978393555 523.35631942749 522.170402526855 519.158786773682 543.436637878418 512.841430664062 674.277763366699 564.492248535156 557.812049865723 649.356079101562 404.532669067383 491.984245300293 602.281047821045 498.377990722656 806.201889038086 562.509002685547 696.881149291992 539.183494567871 567.730842590332 546.931826591492 649.493698120117 701.542434692383 538.365096092224 589.909629821777 581.245488166809 583.37947511673 664.765586853027 488.866058349609 615.155860900879 580.513472318649 589.438506126404 534.837108612061 503.779846191406 449.671600341797 392.372817993164 577.344902038574 539.538829803467 300.986633300781
564.171606063843 601.947605133057 513.056594848633 611.962112426758 586.784818649292 482.327239990234 454.997337341309 657.609359741211 617.656879425049 508.26863861084 512.147157669067 499.929145812988 491.904556274414 655.514640808105 497.330390930176 675.467819213867 489.009262084961 632.677738189697 435.226989746094 614.240283966064 566.580711364746 491.962371826172 584.982532501221 580.410034656525 686.802513122559 491.522338867188 676.2746925354 448.651168823242 590.25760269165 550.436752319336 576.349862098694 632.067314147949 520.569423675537 624.469993591309 554.963846206665 475.795219421387 436.729347229004 528.488746643066 627.698559939861 621.136287689209 551.22110080719 699.675926208496 592.913506507874 600.094363212585 748.831207275391 548.524574279785 535.529022216797 531.95623588562 546.770202636719 594.138187527657
585.825569152832 473.36531829834 697.454620361328 549.219038963318 559.738611221313 654.57234954834 588.736022949219 658.823699951172 583.900005340576 596.229972839355 684.025688171387 572.4831199646 548.647872924805 451.28931427002 671.55143737793 783.144149780273 622.145698547363 711.03832244873 680.901580810547 506.133506774902 541.241260528564 554.584428071976 644.815830230713 567.4052734375 584.193325042725 763.529899597168 760.353763580322 664.513805389404 577.683162689209 600.043260574341 509.417121887207 641.229568481445 626.888488769531 493.010879516602 558.437035560608 535.002326965332 659.69596862793 718.330444335938 686.576202392578 751.940780639648 609.860864639282 590.63805770874 685.700012207031 546.326141357422 561.812519073486 546.961029052734 518.961250305176 590.409003257751 609.894309043884 631.41944694519
531.08324432373 528.992401123047 558.671085834503 536.714168548584 524.920101165771 675.994239807129 594.628746032715 566.079020500183 587.733674049377 535.744331359863 563.939495801926 442.040519714355 496.467933654785 618.691738128662 717.820465087891 600.145160675049 660.689880371094 785.912246704102 622.292976379395 617.902416229248 515.864295959473 473.859146118164 559.296131134033 739.788711547852 529.867378234863 566.834955215454 777.283448934555 806.81201171875 741.591300964355 499.865013122559 594.958202123642 641.469717025757 634.776977539062 577.526432037354 705.681900024414 772.331954956055 515.971038818359 611.499428808689 821.365447998047 629.93864440918 664.455024719238 687.449150085449 596.101737976074 705.476600646973 567.367546081543 679.072425842285 632.574747085571 712.012023925781 571.865730285645 643.325654983521
533.319591522217 454.810180664062 586.939159393311 521.538722991943 624.894325256348 638.628219604492 551.684833526611 662.114875793457 533.255924224854 630.87622833252 488.866752624512 546.036415100098 431.442749023438 585.404762268066 502.549430847168 585.916932106018 528.25931930542 724.37425994873 623.366298675537 522.295959472656 554.638528823853 639.514213562012 529.627136230469 553.003355026245 668.136833190918 552.332912445068 683.83740234375 758.035953521729 893.213562011719 666.746825218201 653.746664047241 786.413185119629 703.372848510742 703.762840270996 635.788373947144 561.752544403076 479.241134643555 636.919654846191 647.933670043945 681.220733642578 598.343405485153 624.365196228027 611.377262115479 685.494499206543 645.867752075195 562.465258598328 464.752532958984 578.721725463867 742.003997802734 670.219924926758
506.754749298096 718.516387939453 715.347595214844 528.701694488525 533.983573913574 621.237968444824 514.360279083252 463.639701843262 649.900508880615 672.314567565918 574.116205215454 428.921127319336 586.424496650696 489.597023010254 556.551477432251 697.186462402344 719.595397949219 592.733536720276 540.844612121582 594.087210655212 533.443588256836 606.603717803955 581.828200340271 696.235542297363 583.870017051697 488.367462158203 670.001194000244 581.648345947266 614.124927520752 600.037094116211 687.495124816895 648.33009147644 706.783840179443 784.367370605469 817.648094177246 763.833930969238 714.05020904541 702.538703918457 676.422882080078 760.767974853516 781.774353027344 745.576461791992 649.014766693115 707.360908508301 511.544380187988 562.55004119873 575.403953552246 680.19677734375 731.021659851074 710.067665100098
334.246597290039 569.511825084686 631.636447906494 463.589630126953 522.508609771729 611.374816894531 544.421272277832 394.446762084961 659.862930297852 655.438613891602 664.565040588379 631.298004150391 710.997497558594 632.130802154541 786.663803100586 607.990882873535 642.279144287109 738.517272949219 598.681266784668 575.664175033569 661.501811981201 660.310092926025 631.084680557251 598.436991214752 652.60221862793 768.778274536133 647.616060733795 422.31282043457 659.801793336868 505.968185424805 677.448989868164 675.460041046143 716.152690887451 869.91291809082 663.780364990234 696.274578094482 732.876350402832 735.021362304688 920.002197265625 912.468017578125 804.99137878418 757.665969848633 832.160202026367 623.923683643341 677.039409637451 650.293144226074 611.126699447632 716.595825195312 733.931976318359 698.959655761719
448.541915893555 585.403213500977 616.031602859497 424.298042297363 638.251129150391 642.494689941406 462.18147277832 616.467277526855 474.025291442871 479.26114654541 558.195326566696 551.26049041748 491.596733093262 457.04508972168 696.889877319336 574.994131088257 600.635990142822 725.194885253906 544.071363449097 642.810020446777 637.48908996582 658.078086853027 569.388676643372 566.652980804443 558.243143081665 665.941539764404 456.863143920898 666.434162139893 547.847312927246 473.568801879883 675.342435836792 766.509201049805 820.890197753906 738.383316040039 709.195896148682 748.77409362793 617.145558357239 895.727111816406 743.320388793945 881.592987060547 775.093032836914 816.59024810791 682.702156066895 708.288822174072 731.206478118896 610.199459075928 626.426868915558 566.27889251709 562.909915924072 633.33780670166
497.344123840332 543.362648963928 465.334938049316 352.605911254883 520.197635650635 511.075799942017 590.866668701172 505.904708862305 637.621025085449 519.538106918335 565.312020301819 477.137542724609 571.507477760315 607.034673690796 662.006355285645 592.803695678711 632.651702880859 776.089736938477 752.162475585938 540.482568740845 648.4755859375 687.507194519043 669.552909851074 682.887073516846 652.854326248169 692.985626220703 652.781051635742 636.975971221924 571.258564949036 454.266525268555 656.973142147064 804.015853881836 694.561767578125 669.195379257202 814.555419921875 575.122786045074 600.766154766083 702.720306396484 712.923751831055 755.641860961914 862.175369262695 831.042343139648 753.597160339355 900.951690673828 682.966941833496 617.948196411133 723.237411499023 686.081707000732 766.183776855469 566.885498046875
402.943969726562 403.553573608398 593.86584854126 539.28192615509 771.625045776367 583.138198852539 610.851184844971 631.799728393555 471.751510620117 554.305718421936 538.950025558472 648.528503417969 588.979217529297 568.453685760498 492.26505279541 539.091176986694 636.521911621094 482.738784790039 614.434364318848 506.474899291992 696.467193603516 468.180938720703 678.307136535645 716.972785949707 576.768432617188 775.414764404297 491.414901733398 637.848495483398 535.535713195801 596.902702055871 450.977951049805 631.116794586182 695.121887207031 714.772197723389 685.255725860596 654.929144859314 567.442619085312 689.036796569824 845.629608154297 605.757377624512 725.852645874023 492.457733154297 692.728363037109 795.216903686523 717.369426727295 765.417808532715 627.646812319756 648.877173423767 614.206830978394 530.093864440918
400.769454956055 473.7926902771 716.002624511719 488.361488342285 528.871807098389 676.819526672363 578.461480140686 452.302764892578 523.26927947998 621.263782501221 649.441299438477 589.703313827515 487.001541137695 582.553266525269 622.177238464355 501.5881690979 475.83349609375 488.116111755371 647.764106750488 517.194934844971 596.383251190186 549.600160598755 689.036415100098 621.358581542969 628.815906524658 715.373092651367 637.706066131592 498.616958618164 580.249334335327 596.019233226776 613.701511383057 564.524530410767 754.400695800781 750.215209960938 653.48970413208 691.047912597656 502.488998413086 646.99976348877 561.267894744873 437.761962890625 694.059875488281 618.759031295776 611.193064689636 550.626884460449 436.414596557617 603.632921218872 666.273651123047 728.259010314941 690.160118103027 660.418479919434
638.1923828125 509.870101928711 395.170715332031 506.712314605713 594.783973693848 776.022674560547 533.600318908691 585.10627746582 673.09517288208 566.680218219757 622.417289733887 501.834823608398 620.695247650146 635.099712371826 494.167533874512 470.422691345215 362.277862548828 297.704193115234 601.639751434326 424.753707885742 569.439796209335 537.986877441406 539.424598693848 543.233268737793 585.331883907318 588.942700386047 782.980163574219 775.607406616211 565.440761566162 693.452964782715 644.394050598145 719.357368469238 653.813812255859 616.254880905151 662.788009643555 581.569576263428 608.43701377511 675.02367401123 588.265338897705 665.119777679443 729.428276062012 548.522338867188 743.907592773438 575.140754699707 577.616550445557 683.034255981445 559.167900085449 447.621063232422 764.208824157715 740.969429016113
584.044570922852 538.552845001221 570.041906356812 563.078336715698 676.368293762207 602.408847808838 453.755653381348 646.121559143066 497.236068725586 690.532905578613 547.53468132019 478.166900634766 662.603904724121 443.658203125 592.760950088501 458.823112487793 482.347747802734 626.325801849365 530.217353820801 453.736419677734 631.381561279297 553.816654205322 672.136604309082 657.846267700195 632.943668365479 589.713459968567 666.158248901367 665.455726623535 614.361040115356 600.511381149292 522.361267089844 670.417587280273 543.162055969238 630.3918800354 614.529269218445 660.063125610352 684.619132995605 701.285209655762 749.247573852539 656.071949005127 582.914627075195 649.028316497803 681.766265869141 619.669114112854 622.578229904175 633.103693008423 623.732067108154 613.365988969803 644.89626121521 693.568021774292
