export/dem/dem87.asc
NCOLS 350
NROWS 171
XLLCORNER 152620
YLLCORNER 418050
CELLSIZE 100
NODATA_VALUE -9999
[rows 88 to 109 of 171, columns 250 to 299 of 350]
1081.9210357666 995.386659622192 899.661407470703 1023.97190093994 846.992350935936 958.062675476074 669.847692489624 722.361663818359 433.704956054688 841.76010799408 775.900756835938 489.393783569336 556.540580749512 951.51135635376 662.742828369141 822.70491027832 645.687698364258 698.611675262451 755.163940429688 595.533828735352 623.925301551819 974.558368682861 514.278778076172 536.170036315918 653.770002365112 668.212219238281 628.868377685547 710.806434631348 643.072425842285 740.760217666626 661.575241088867 669.483142852783 580.823165893555 863.188095092773 751.551910400391 642.698181152344 758.00952911377 735.216474533081 685.156585693359 654.13045501709 827.080612182617 630.085573196411 596.096290588379 1007.09349918365 564.667587280273 633.855392456055 773.086902618408 661.516494750977 658.100387573242 475.212005615234
944.07096862793 967.460487365723 995.455539703369 1076.15470123291 971.212203979492 1005.1692199707 675.462177276611 624.080383300781 566.877784729004 652.987442016602 737.89172744751 772.097694396973 838.9765625 783.810002684593 827.304616928101 796.23893737793 769.623863220215 729.745666503906 591.911804199219 675.878360748291 642.091245651245 741.26163482666 787.605239868164 719.129726409912 769.174659729004 672.770841598511 673.78275680542 691.233360290527 593.231101989746 762.135738372803 692.772163391113 645.113342285156 763.214015007019 800.36434173584 822.475425720215 641.991630554199 651.192199707031 671.509087085724 676.38041305542 737.411880493164 1343.75300598145 590.836112976074 658.108219146729 870.865634918213 756.866233825684 699.030029296875 616.875091552734 721.116722106934 525.399291992188 647.610687255859
737.833557128906 873.281646728516 716.018920898438 1150.28211975098 1047.12128829956 590.316207885742 886.435203552246 722.34496307373 665.309955596924 726.011695861816 566.435760498047 1002.49742221832 783.044399261475 715.514923095703 676.958961486816 573.351379394531 487.082382202148 570.739219665527 731.698129653931 706.928815841675 726.917713165283 584.197006225586 547.218887329102 770.827651977539 709.717041015625 846.645641326904 891.798530578613 787.499694824219 741.952632904053 749.532466888428 597.283401489258 806.706260681152 701.710948944092 629.501037597656 770.912712097168 534.359390258789 800.831665039062 627.262802124023 462.544235229492 678.0143699646 781.526153564453 622.340648651123 623.270072937012 365.376098632812 825.179695129395 745.686569213867 998.417495727539 685.09984588623 726.690780639648 795.457061767578
803.768241882324 846.32559967041 744.785041809082 898.838019371033 1288.99805450439 1364.55954477191 703.131217956543 683.767707824707 699.681098937988 719.892951965332 666.322631835938 853.046493530273 807.636268973351 592.664596557617 608.074020385742 537.902816772461 678.67992401123 678.44486618042 792.719354152679 662.894577026367 778.683216094971 868.978294372559 958.471176147461 770.399639129639 811.663585662842 683.479454040527 818.250343322754 872.949286460876 980.55445098877 1263.3947019577 764.80541229248 641.235549926758 554.897232055664 720.221769332886 724.248731613159 603.72501373291 607.435821533203 501.71061706543 676.208122253418 581.955467224121 1111.1806640625 1105.76972961426 616.017227172852 543.574584960938 610.537879943848 609.247756958008 729.808731079102 515.155517578125 917.315246582031 1149.09346008301
807.633424520493 828.891695022583 832.182357788086 857.454242706299 1000.78471660614 995.324340820312 1173.9365530014 707.317058563232 772.567966461182 788.403205871582 780.057998657227 805.4794921875 997.906761169434 409.495819091797 510.8662109375 1147.85303115845 717.001512527466 770.222965240479 662.431510925293 766.617984294891 631.220664978027 852.686176300049 782.307378768921 781.512836456299 624.515312194824 629.188934326172 790.89665222168 986.635688781738 950.678211212158 1031.98061418533 729.506790161133 625.36328125 597.381225585938 731.837230682373 672.685665130615 605.677368164062 536.980651855469 597.334785461426 595.661964416504 418.770294189453 460.000762939453 1302.77282714844 480.095626831055 596.326721191406 652.115844726562 574.307510375977 515.807067871094 748.930519104004 547.747436523438 582.651824951172
714.270538330078 701.66089630127 697.622360229492 1075.83606719971 945.092937469482 943.407188892365 707.419166564941 805.438022613525 752.099048614502 999.935813903809 888.519622802734 751.006652832031 807.956695556641 1073.5616607666 1195.2938747406 661.089309692383 756.777315139771 798.041618347168 776.475956916809 742.359285354614 636.564109802246 771.851337432861 649.84587097168 835.283008575439 640.987861633301 746.095916748047 1096.19259643555 1287.5736618042 853.015685081482 734.083602905273 786.35661315918 759.785232543945 766.238418579102 866.651724338531 638.861968994141 736.539894104004 836.79807472229 554.909545898438 554.574920654297 584.640365600586 554.13842010498 1233.25923156738 526.88720703125 483.827270507812 624.471405029297 674.613677978516 538.413711547852 910.617691040039 907.319466590881 912.372283935547
717.331535339355 932.908050537109 1028.47694778442 983.843338012695 1026.85085296631 918.331726074219 843.843147277832 748.196670532227 680.287124633789 796.571617126465 932.234237670898 971.478934288025 822.322261810303 967.721256256104 1036.05966758728 659.404335021973 659.663257598877 790.527797698975 828.694145202637 875.339477539062 687.166652679443 601.783935546875 749.558387756348 799.692729949951 913.713844299316 1119.36401367188 863.559044837952 982.954002380371 658.450286865234 928.831695556641 946.25 737.749984741211 637.273422241211 812.667098999023 759.947212219238 746.721122741699 826.391334533691 561.070404052734 706.512920379639 631.586738586426 518.236251831055 640.403831481934 678.571311950684 417.904510498047 539.477813720703 576.261917114258 459.807067871094 751.266998291016 737.011329650879 807.051826477051
760.114776611328 817.275139808655 834.273658752441 883.325531005859 852.585916042328 767.034770965576 1125.65397644043 1168.77690124512 512.518432617188 1041.84051513672 713.477874755859 1240.98435974121 1124.80763244629 678.698638916016 900.891944885254 919.383163452148 738.553085327148 758.584496498108 883.773502349854 716.042488098145 651.322654724121 654.540420532227 801.848480224609 935.708229064941 1020.97114562988 1203.27150726318 835.777770996094 800.449287414551 639.130798339844 654.539688110352 1526.66208648682 610.511322021484 792.275993347168 786.344566345215 880.311622619629 956.785171285272 815.135099411011 978.693065643311 872.528886735439 625.367980957031 634.119003295898 673.062141418457 1121.28350830078 436.604431152344 531.941711425781 384.752960205078 1039.22790527344 574.680404663086 477.060928344727 1044.28137969971
857.319038391113 1035.76023101807 770.837173461914 940.362236022949 1009.74063873291 956.019214630127 756.266708374023 958.875350952148 1323.08926010132 877.594093322754 795.562412261963 553.310928344727 747.621398925781 686.517360687256 554.498352050781 743.930786132812 666.056549072266 710.195129394531 646.036834716797 873.942825317383 892.035400390625 1236.42143249512 1239.95085144043 750.307312011719 818.996139526367 614.059951782227 597.001693725586 470.298126220703 579.805755615234 1335.91516113281 667.56672668457 762.370162963867 615.522674560547 859.226539611816 1211.01317596436 763.278656005859 709.280792236328 613.198150634766 699.603302001953 747.405174255371 589.560989379883 567.556732177734 979.406127929688 520.406921386719 744.088134765625 594.43586730957 562.520751953125 628.661834716797 357.373596191406 908.866775512695
780.456895828247 737.849479675293 771.256549835205 745.42155456543 594.417678833008 855.17707824707 852.028121948242 729.907920837402 1441.34785461426 1374.53171539307 648.788116455078 727.230346679688 1392.13973999023 877.620666503906 733.526557922363 712.605979919434 693.757202148438 694.720962524414 666.747375488281 615.759262084961 782.138210296631 683.369552612305 766.649345397949 527.358093261719 489.664337158203 700.124847412109 682.959167480469 605.746200561523 598.410278320312 851.046493530273 684.407440185547 1456.29647064209 1344.02701568604 789.596008300781 708.816177368164 573.951721191406 817.309150218964 524.041763305664 725.699157714844 626.94068145752 683.595970153809 538.265838623047 899.810333251953 1545.40431213379 786.375038146973 780.584648132324 620.796890258789 593.666061401367 627.750625610352 599.949142456055
801.543169021606 1316.36279678345 1038.55218505859 526.937942504883 776.390678405762 771.434448242188 916.275039672852 1188.8193397522 761.193801879883 724.568466186523 833.244647026062 966.060043334961 613.807556152344 819.546081542969 534.525985717773 675.120269775391 807.705368041992 766.716049194336 552.612991333008 627.038665771484 849.477918624878 602.856887817383 739.92431640625 1180.91235351562 440.564270019531 1081.47431945801 1602.12353515625 1032.95458984375 1198.59576416016 674.471496582031 1050.45296096802 788.402702331543 667.587966918945 1137.40139603615 818.27156829834 689.268783569336 673.849914550781 693.863479614258 638.186683654785 615.880424499512 820.532123565674 494.052963256836 947.019317626953 921.716133117676 595.815483093262 534.239593505859 433.569000244141 583.26318359375 711.438781738281 1142.82469558716
777.984254837036 588.333831787109 1258.04611206055 748.412780761719 854.45658493042 828.616653442383 1540.47327423096 1247.29707717896 801.330417633057 1021.87057876587 810.231279373169 937.442474365234 1337.17363834381 1017.64050292969 932.365325927734 991.935989379883 906.673751831055 612.785018920898 568.21614074707 799.550691604614 971.754287719727 539.139953613281 805.594207763672 681.247131347656 1296.40798950195 996.730865478516 824.271942138672 1223.96463012695 1364.04084777832 687.314102172852 1007.9813079834 916.316772460938 763.226409912109 988.945793151855 740.588851928711 772.220008850098 674.912475585938 811.328454971313 741.741324901581 489.20686340332 623.556427001953 384.14567565918 699.79793548584 1279.22457885742 1290.1213684082 741.283933639526 642.077812194824 658.59944152832 734.859306335449 715.850387573242
1167.1286315918 780.358798980713 679.316589355469 822.950008392334 843.054679870605 1247.52056121826 866.95877456665 1168.21722412109 966.412521362305 1163.70100402832 1116.51216125488 654.149749755859 808.617904663086 1077.64242553711 613.566375732422 717.347045898438 505.787445068359 649.069793701172 605.169418334961 746.297302246094 1127.80386352539 1279.48057556152 736.531463623047 848.120269775391 646.181365966797 1261.53577423096 618.798004150391 738.040756225586 1420.55717468262 500.683563232422 1111.35273742676 770.237228393555 872.421012878418 798.864105224609 599.211120605469 668.336532592773 728.432289123535 894.135757446289 599.795883178711 462.700736999512 646.942523956299 648.227394104004 734.699127197266 774.926677107811 848.412252426147 593.776153564453 576.159255981445 878.18773651123 678.5849609375 771.004848480225
672.149108886719 645.864181518555 924.114440917969 683.985443115234 795.5751953125 1065.53797149658 1028.7114906311 951.467672348022 1111.0390625 1006.21043395996 786.409506320953 1064.24074554443 861.776961326599 578.616668701172 894.064529418945 474.584686279297 713.69010925293 1195.84918212891 579.312316894531 544.174011230469 1164.09379577637 544.458740234375 1059.22668457031 640.452407836914 729.985885620117 964.805480957031 1128.68855285645 1619.42617797852 746.691589355469 1107.15029907227 824.836715698242 751.169403076172 807.758743286133 802.890785217285 900.243259429932 784.316101074219 764.621279716492 938.17179107666 812.827983856201 750.277496337891 460.297515869141 482.136177062988 485.179702758789 801.0433344841 1100.46102905273 739.024982452393 765.899440765381 810.241104424 743.224277496338 635.245300292969
767.028434753418 967.983856201172 959.739540100098 890.800880432129 596.206405639648 725.609493255615 803.890625 1108.93787384033 860.858987808228 1624.2458114624 722.894287109375 1166.35826873779 906.195556640625 668.156875610352 520.858062744141 886.414154052734 597.31608581543 416.743713378906 1299.21878051758 611.680404663086 654.973175048828 587.535919189453 684.963668823242 1167.90458679199 898.322723388672 814.656227111816 892.851211547852 1553.63383483887 1060.72430419922 683.13703918457 880.784362792969 1282.53506469727 927.565696716309 756.234222412109 851.00608253479 891.342016220093 780.33268737793 899.040824890137 970.779174804688 660.753059387207 682.830459594727 616.750709533691 478.037349700928 800.731750488281 739.051435470581 793.357367515564 763.948749065399 869.087669372559 872.203224182129 731.602546691895
754.186454772949 1460.37640380859 1101.08981704712 706.854873657227 1437.27839660645 955.531848907471 1051.31293296814 944.599788665771 932.758529663086 732.213050842285 919.327181816101 750.763809204102 711.452911376953 1008.12030792236 701.418823242188 758.345748901367 953.935852050781 738.134902954102 635.084976196289 880.77481842041 576.478118896484 725.522750854492 678.102661132812 1059.41229248047 834.858242034912 909.568840026855 991.110710144043 688.833984375 805.485904693604 755.264579772949 1163.29775238037 1134.84328460693 967.650321960449 882.926233291626 893.974515914917 880.810738563538 1055.57118225098 1021.18168640137 716.494804382324 551.023414611816 493.880340576172 590.646092414856 599.770240783691 781.95108795166 705.59203338623 671.669830322266 801.503391265869 711.801906585693 759.122084617615 854.572660446167
1025.69402313232 631.343780517578 951.465002059937 606.160491943359 687.813598632812 970.816049575806 858.456215858459 915.31861114502 913.73221206665 1027.7707862854 748.345367431641 713.36213684082 694.531829833984 983.647705078125 862.493881225586 932.884765625 752.776092529297 728.20866394043 653.616622924805 873.568084716797 615.023391723633 940.744033813477 749.777053833008 525.972595214844 776.058685302734 823.05689239502 933.41731262207 809.232452392578 1617.8934135437 1517.35664367676 1217.13284301758 1059.53684997559 919.224830627441 729.018615722656 982.958145141602 894.290563583374 951.282886505127 918.467782974243 761.124694824219 807.164505004883 707.22154045105 519.499603271484 738.339988708496 674.444137573242 787.493070602417 1269.290599823 800.871929168701 771.230167388916 655.751071929932 864.837496995926
697.749603271484 673.47989654541 694.249542236328 878.279012680054 895.066093444824 1133.4172410965 648.026298522949 980.64017868042 986.314468383789 987.591453552246 854.479507446289 1073.28659057617 1347.09481811523 797.931442260742 729.513549804688 697.068374633789 712.374954223633 667.270843505859 973.444213867188 1172.05251312256 683.129203796387 828.896011352539 1061.99841308594 1198.36435699463 998.044319152832 827.678833007812 890.639207839966 708.563446044922 773.272254943848 665.914474487305 744.047256469727 837.815414428711 875.368827819824 798.920829772949 900.905334472656 930.231857299805 871.982600212097 876.399501800537 912.063345432281 858.123118400574 950.628288269043 611.081756591797 703.128238677979 649.735595703125 927.427429199219 949.370300292969 716.367153167725 890.104328155518 891.947546005249 849.336044311523
731.995956420898 949.63319683075 1449.75374078751 816.934967041016 813.532623291016 916.883171081543 803.593078613281 1230.36441040039 1952.60427093506 738.216106414795 1185.15556335449 796.655047416687 964.763519287109 741.791564941406 730.035827636719 992.225986480713 703.869827270508 621.481750488281 866.284763336182 734.367813110352 685.613647460938 903.124740600586 570.405090332031 807.661138534546 732.943664550781 754.95235824585 861.153999328613 802.056777954102 910.267093658447 754.142059326172 793.7099609375 919.011833190918 649.283424377441 838.66316986084 959.104187011719 876.094966888428 849.519779205322 619.34986114502 794.709812164307 986.295463562012 892.494983673096 843.294132232666 737.168678283691 628.08219909668 857.439586639404 971.039596557617 630.345901489258 817.381412506104 990.736209869385 662.988807678223
849.844268798828 966.599029541016 726.093475341797 726.099685668945 892.912147521973 1280.28818511963 1560.11241912842 912.242370605469 762.654083251953 813.080806732178 1286.71820926666 773.167350769043 680.696182250977 852.412406921387 793.106925964355 976.816467285156 847.964157104492 832.441223144531 637.052612304688 542.553680419922 1007.87979125977 779.079772949219 919.154968261719 844.026930570602 850.26411819458 973.876636505127 829.464668273926 575.397369384766 801.611671447754 805.870445251465 1013.59615325928 775.270774841309 956.47575378418 793.954944610596 812.736095428467 739.509330749512 870.525672912598 982.137580871582 862.911731719971 676.098571777344 817.313618183136 578.179161071777 724.985687255859 650.71125793457 702.253226280212 648.998845815659 807.061199188232 709.52624130249 874.66877746582 702.565971374512
481.496307373047 1086.98946380615 1015.46612548828 813.922409057617 905.805908203125 819.989105224609 818.416000366211 1433.46601867676 1475.77721405029 718.482521057129 740.62183380127 1046.36875915527 816.608966827393 936.526138305664 897.820846557617 978.822143554688 1129.93776702881 732.353210449219 1463.09672546387 1261.81970214844 1049.91535568237 934.716989517212 724.332733154297 913.364707946777 890.143964767456 816.550247192383 851.094526290894 545.726058959961 725.483135223389 787.969680786133 941.020376205444 870.014621734619 992.488464355469 820.359901428223 810.654449462891 881.594879150391 737.102729797363 750.396327972412 682.283533096313 683.038052558899 841.618232727051 935.194255828857 794.967639684677 677.511382102966 520.509796142578 565.572903633118 797.560924530029 893.129051208496 969.007858276367 1112.32251739502
690.336814880371 641.47078704834 682.83423614502 899.797904968262 1156.46418762207 937.550148010254 745.131645202637 1081.97123718262 1553.46441650391 649.504180908203 1003.84587097168 957.179649353027 839.685852050781 880.970911979675 845.062088012695 1045.7583770752 1071.70259857178 882.610744476318 1284.94276809692 895.627349853516 1257.05002975464 876.773239135742 1097.0698595047 925.532768249512 804.988090515137 904.497802734375 894.750802993774 841.059856414795 891.476997375488 850.165863037109 933.835582733154 821.187705993652 944.559112548828 1016.23739624023 804.519948959351 845.543846130371 755.44945526123 801.761988639832 864.882263183594 559.306304931641 842.098377227783 679.389709472656 665.549819946289 600.985298156738 731.859725952148 626.233501434326 702.356369018555 1015.09334564209 981.516273498535 895.540832519531
