export/dem/dem86.asc
NCOLS 350
NROWS 171
XLLCORNER 152620
YLLCORNER 418050
CELLSIZE 100
NODATA_VALUE -9999
[rows 22 to 43 of 171, columns 150 to 199 of 350]
554.34748840332 489.650238037109 616.374269485474 689.325790405273 610.551250457764 556.815422058105 518.323143005371 724.715019226074 804.754257202148 550.51587677002 618.94545173645 807.35334777832 840.081108093262 692.147247314453 760.193241119385 734.421821594238 1009.12118530273 732.480543136597 484.528717041016 618.375213623047 539.012985229492 541.048873901367 766.173950195312 614.295700073242 666.28524017334 725.702138900757 825.020782470703 620.008781433105 537.152969360352 585.338611602783 383.768615722656 478.913185119629 587.043960571289 641.042362213135 587.075080871582 477.512268066406 609.683673858643 632.861555099487 818.829879760742 622.099609375 669.935211181641 747.808246612549 640.547830581665 721.925233840942 553.749130249023 621.266429901123 627.882171630859 485.011810302734 788.265045166016 749.354694366455
387.064453125 557.886100769043 365.635955810547 361.509689331055 561.17276763916 605.803868770599 609.644899368286 620.433233737946 631.126489639282 768.092208862305 553.556159973145 699.379489898682 774.983654022217 681.346363067627 671.60955286026 751.354667663574 794.02082824707 898.320137023926 585.12434387207 405.350463867188 599.235275268555 584.413383483887 623.576820373535 649.403305053711 662.094402313232 484.342071533203 1192.42037200928 715.453880310059 392.292358398438 669.893644332886 433.83837890625 777.597076416016 529.952781677246 622.87957572937 514.391632080078 571.405868530273 730.86449432373 647.108704566956 813.730590820312 824.155044555664 768.102386474609 702.311836242676 782.904716491699 709.268440246582 793.85498046875 739.95068359375 840.926361083984 686.646954536438 668.17036819458 672.907796859741
471.916801452637 485.785942077637 677.511821746826 452.216583251953 563.128826141357 698.091186523438 603.846329689026 511.68000793457 599.011100769043 674.831090927124 588.376823425293 754.995920181274 978.906614303589 692.271179199219 512.655242919922 1326.79981231689 528.434326171875 604.326432704926 443.791168212891 515.420852661133 743.989555358887 590.960311889648 469.341995239258 563.965065002441 529.586349487305 583.182830810547 496.706909179688 494.168060302734 577.188282012939 562.851406097412 592.740837097168 689.606209754944 743.350860595703 727.282424926758 614.466466903687 845.8759765625 556.71647644043 736.812133789062 761.589744567871 618.007461547852 690.152988433838 827.196960449219 598.269660949707 739.466461181641 650.039672851562 602.612550735474 728.205223083496 730.841846466064 692.956081390381 770.495101928711
630.490825653076 543.803436279297 558.995758056641 598.249784469604 632.160118103027 620.795127868652 700.091110229492 526.948524475098 477.478912353516 562.080486297607 744.233413696289 676.286249160767 1193.1294631958 649.355949401855 734.403060913086 614.246772766113 429.486206054688 955.532737731934 654.428604125977 604.550628662109 975.33292388916 847.932403564453 618.852951049805 670.718655109406 523.599990844727 607.727062225342 675.229011535645 652.230583190918 561.872955322266 598.12047958374 694.469902038574 659.949499130249 613.212772369385 584.808605194092 558.277183532715 750.390365600586 710.918647766113 580.064163208008 725.018711090088 634.503402709961 666.398986816406 671.62230682373 716.251045227051 696.589696884155 682.355804443359 690.234157562256 598.920181274414 723.067481994629 701.435175418854 700.642097473145
695.924873352051 565.882074356079 608.173885345459 646.126205444336 593.275877475739 677.718057632446 718.615913391113 591.086843490601 541.245246887207 617.202877044678 591.816365242004 661.144882202148 593.40739440918 638.937316894531 468.877639770508 624.716842651367 751.579786300659 728.725978851318 521.728309631348 636.505393981934 546.768447875977 649.044971466064 577.552581787109 604.754814147949 561.16227722168 507.632110595703 1032.94672393799 512.436294555664 499.260803222656 692.878715515137 698.380228042603 626.182697296143 688.101207733154 776.439544677734 735.903991699219 578.688762664795 662.750782012939 729.067085266113 686.472167491913 598.191410064697 502.1923828125 734.406311035156 576.028686523438 820.254974365234 717.686214447021 670.779674530029 556.766326904297 584.514846801758 632.035572052002 644.096656084061
678.179794311523 643.880554199219 715.034591674805 572.278668642044 696.902633666992 510.531349182129 600.638107299805 611.402652263641 501.584045410156 577.363675117493 589.946545600891 589.585899353027 661.417266845703 571.436874389648 629.711666107178 667.483757019043 789.18480682373 645.848457336426 585.185707092285 758.11604309082 718.299482345581 614.453353881836 651.722660064697 657.320274353027 560.829475402832 701.624938964844 564.084991455078 786.71040725708 596.391654968262 546.141654968262 684.105152130127 504.052474975586 669.636507034302 830.552001953125 850.183654785156 784.589385986328 607.379925251007 619.662097930908 617.739402770996 730.73913192749 808.643661499023 518.736892700195 727.355026245117 616.155246734619 697.892791748047 539.274826049805 634.731447219849 603.916656494141 597.102745056152 639.750297307968
731.902847290039 690.49764251709 711.809341430664 729.197845458984 563.832280158997 689.496879577637 497.665687561035 449.718399047852 632.950748443604 510.299819946289 813.742767333984 1060.97836303711 728.373100280762 795.318130493164 724.254905700684 1106.06008911133 546.35457611084 1211.87035369873 497.526443481445 771.932708740234 783.279190063477 752.934013366699 834.162490844727 714.65055847168 580.805816650391 679.47972869873 700.562427520752 678.894409179688 664.108249664307 521.207763671875 523.373374938965 505.468269348145 556.464290618896 661.177062988281 727.207855224609 720.465110778809 612.852920532227 702.931900024414 633.077680587769 702.314338684082 788.910554885864 1018.61018753052 724.509777069092 722.082378387451 626.420604705811 425.063140869141 652.818023681641 715.803276062012 579.046978473663 629.918933868408
606.380474090576 669.959762573242 661.239105224609 700.37060546875 622.363525390625 541.554210662842 611.982921600342 555.289169311523 532.388053894043 599.373893737793 737.855743408203 932.940948486328 734.449409484863 1047.76779556274 780.353660583496 762.645324707031 655.191234111786 409.50634765625 668.669067382812 585.120094299316 952.463443756104 611.364929199219 558.823585510254 873.737733840942 580.10139465332 547.072784423828 525.644172668457 540.644058227539 739.92903137207 629.250415802002 755.409484863281 461.030517578125 619.727159500122 628.806219100952 795.125381469727 540.34139251709 690.23405456543 635.070907592773 679.491218566895 603.336238861084 532.59391784668 761.015491485596 642.544014930725 567.192378997803 784.088760375977 732.50757598877 771.191604614258 604.868385314941 659.392112731934 711.688659667969
562.453387498856 663.676330566406 671.864868164062 754.848358154297 635.769371032715 502.916397094727 596.744388580322 572.81906414032 653.589630126953 701.78427696228 846.243698120117 1051.90873718262 1030.46463680267 781.667663574219 703.757759094238 587.372295379639 423.020904541016 625.417747497559 567.062931060791 839.048315048218 868.751900672913 814.189163208008 609.40213060379 586.534152984619 593.025859832764 514.549827575684 552.72477722168 642.331741333008 532.379737854004 529.678916931152 542.154125213623 631.89803314209 447.094314575195 677.096290588379 721.894561767578 650.127510070801 789.190994262695 497.704181671143 585.604354858398 725.940841674805 899.968475341797 774.609931945801 573.559751987457 662.251420974731 658.027403593063 605.487960338593 649.228507995605 562.560428619385 613.406522750854 502.37767791748
608.93074798584 585.88542175293 502.783416748047 603.038051605225 476.888214111328 559.085643768311 605.15510559082 540.449851989746 494.635475158691 817.801803588867 906.417785644531 790.028678894043 905.286792755127 601.871559143066 707.783561706543 563.428470611572 517.604736328125 737.622299194336 597.298001289368 560.186219215393 623.321460723877 699.048599243164 467.38745880127 540.605110168457 440.000198364258 538.181816101074 551.458969116211 564.992835998535 713.648292541504 631.095306396484 505.496711730957 589.492597579956 557.067136764526 623.153175354004 633.867134094238 677.618980407715 518.338874816895 494.697448730469 543.791240692139 745.001495361328 576.391799926758 806.177558898926 695.542266845703 727.532150268555 740.848594665527 528.255390167236 551.976062774658 764.191696166992 719.514007568359 589.029046297073
574.015644073486 657.034027099609 582.030979156494 575.641044616699 615.996559143066 423.397689819336 578.279978752136 579.5101146698 869.019009590149 597.162536621094 839.226577758789 723.195343017578 519.640693664551 565.290351867676 688.342872619629 581.219336509705 569.725486755371 655.029663085938 588.435884475708 656.25186920166 639.386848449707 607.836181640625 435.156372070312 464.693740844727 450.472724914551 486.301582336426 588.019986152649 501.117034912109 467.733673095703 488.555305480957 563.555759429932 443.766311645508 582.860368728638 622.697692871094 758.29655456543 594.739736557007 478.574035644531 556.569602966309 646.418983459473 490.202911376953 629.90990447998 592.294204711914 606.766986846924 513.15502166748 493.90412902832 551.283309936523 625.251399993896 575.098159790039 543.005117416382 520.439743041992
595.05379486084 556.646692276001 618.346530914307 451.704490661621 541.418018341064 508.738998413086 557.154997587204 531.721298217773 675.886056900024 697.549251556396 731.860076904297 558.446174621582 694.638084411621 639.300354003906 558.662799835205 581.683161020279 588.56697845459 714.216415405273 527.884170532227 608.421913146973 647.583847045898 493.279479980469 382.245864868164 583.423758506775 531.150047302246 476.22957611084 446.39183807373 551.796401977539 605.065731048584 621.249879837036 384.26237487793 664.285217285156 637.275230407715 588.791213989258 491.474784851074 476.660858154297 534.805332183838 602.238399505615 578.15140914917 406.568771362305 539.952270507812 581.791917562485 526.520084381104 570.720899105072 637.916625976562 502.688232421875 524.099143981934 575.440049648285 564.260281682014 582.41150188446
573.156332731247 488.059665679932 587.017799377441 642.307807922363 578.284227371216 584.814916610718 494.935920715332 599.339282989502 632.788330078125 615.116981506348 608.282566070557 515.601585388184 455.340881347656 455.133026123047 540.391661643982 555.376969486475 714.369506835938 649.088073730469 678.422080993652 655.310050964355 571.151440620422 562.28049659729 492.827697753906 568.782167434692 433.573638916016 507.835647583008 446.225128173828 626.544212341309 516.922821044922 581.624265670776 568.778400421143 522.949272155762 543.278487205505 618.279487609863 710.213424682617 591.093786239624 693.372077941895 483.72159576416 571.284871578217 516.243297576904 520.821971893311 555.325517177582 563.472194671631 613.176376342773 589.162712097168 456.156234741211 543.622867584229 574.148529052734 576.68155670166 492.919555664062
489.195781707764 643.762847900391 477.619125366211 662.112205505371 574.984203338623 634.679061889648 629.962877035141 560.993999481201 551.20821762085 542.151142120361 571.892660140991 552.929449081421 451.189231872559 493.73762512207 474.825538635254 530.765296936035 727.674667358398 406.364288330078 654.908966064453 767.197692871094 630.561187744141 632.592430114746 512.212581634521 536.561141967773 571.568757534027 432.683166503906 444.318267822266 614.254753112793 509.948440551758 545.56650352478 416.392143249512 510.39542388916 607.702564239502 733.285369873047 583.775332927704 594.8970079422 743.549934387207 651.078689575195 505.107837677002 642.241905212402 604.942115783691 501.948886871338 621.438945770264 592.067234039307 1031.03797912598 568.329700469971 522.668037414551 490.166007995605 593.416690826416 573.45821762085
572.381578445435 491.802803039551 519.567165374756 491.183074951172 419.321296691895 421.696960449219 639.661918640137 513.498390197754 656.153579711914 622.431573867798 449.455352783203 650.209602355957 487.093803405762 492.007518768311 624.040374755859 596.112525939941 694.89176940918 522.407804489136 488.762134552002 511.620542526245 563.005990982056 542.374474048615 598.877313613892 588.069427490234 483.291412353516 463.781768798828 548.352858066559 656.596992492676 709.724563598633 376.600296020508 590.871407032013 569.751945495605 637.007488250732 629.343200683594 571.341791152954 597.830497741699 590.814685821533 707.507453918457 632.042391777039 577.817329406738 570.793001174927 583.670743942261 478.119445800781 520.104782104492 931.588882446289 415.404022216797 432.337799072266 574.182163238525 559.125178575516 610.753852844238
545.485822677612 504.154365539551 367.723129272461 547.316030502319 550.425379514694 513.271633148193 674.492126464844 672.813919067383 648.248847961426 580.636812210083 679.053367614746 791.677139282227 431.87915802002 482.586578369141 556.594341278076 628.089431762695 541.615645885468 527.533222675323 613.077934265137 616.796806335449 633.779197692871 642.303344726562 492.02254486084 603.818893432617 653.280311584473 536.701431274414 641.989078521729 656.235893249512 974.853317260742 670.816329956055 484.812759399414 574.211074829102 514.796524047852 535.963027954102 529.284759640694 461.970642089844 386.867095947266 591.29679107666 546.098455429077 603.399227142334 577.832387924194 535.864240646362 397.739059448242 607.411643981934 656.940021514893 522.957977294922 359.84440612793 512.556743621826 551.338746070862 605.092620849609
536.53959274292 526.677356719971 639.015399932861 599.892042160034 532.866516113281 558.803321838379 608.398069381714 606.706336975098 633.583364486694 696.235122680664 653.037422180176 534.036643981934 546.052530288696 640.882102966309 481.604919433594 564.137617111206 577.358327865601 610.355155944824 502.049005508423 544.439538002014 536.923889160156 399.49186706543 550.865007400513 551.698570251465 593.077690124512 552.886522293091 624.616241455078 638.001571655273 786.774549484253 613.088872909546 511.427669525146 447.390716552734 546.619184970856 564.807411193848 589.751888275146 594.599746704102 541.370115280151 535.381933450699 639.32878112793 534.796775817871 526.243095397949 374.964462280273 561.805517196655 552.358712673187 483.376777648926 422.616172790527 453.746505737305 518.290004730225 375.280212402344 633.433013916016
648.48203086853 659.948684692383 556.217584609985 510.97045135498 540.590051651001 486.374389648438 370.665725708008 561.537657737732 482.53556060791 609.314590454102 478.156028747559 542.742107391357 603.588481903076 551.943286895752 468.142845153809 563.883953094482 557.787925720215 680.399887084961 600.775192260742 431.805946350098 625.164329528809 461.320610046387 603.190844535828 484.792823791504 522.831344604492 705.365982055664 509.385799407959 643.826446533203 807.902574539185 899.04345703125 613.099761962891 670.198921203613 465.313720703125 595.764282226562 505.04349899292 640.794914245605 634.189002990723 510.62073135376 529.725098609924 585.009288787842 541.422958374023 345.198608398438 371.374420166016 414.732261657715 447.659599304199 437.914741516113 558.937292098999 425.670928955078 529.116432189941 638.395523071289
529.231910705566 609.469100952148 620.547668457031 511.623512268066 591.960371017456 507.737955570221 659.754531860352 639.849731445312 533.367301940918 636.30456829071 569.136031627655 547.597906112671 513.263378143311 389.02571105957 308.375946044922 415.467697143555 566.987874984741 590.133845806122 616.373210906982 592.241394042969 681.37385559082 626.949684143066 505.904796600342 492.772438049316 640.606300354004 600.539236068726 709.590034484863 756.177356719971 744.258506774902 560.473136901855 598.756416320801 621.899894714355 441.998821258545 502.054252624512 510.764614105225 443.984619140625 570.911170959473 468.103645324707 468.850517272949 461.929145812988 634.897537231445 541.055396556854 393.347747802734 368.943267822266 396.940719604492 428.81063079834 540.179044723511 501.858589172363 510.640224456787 558.944725260139
594.98318862915 570.782472610474 543.217405319214 614.765121459961 650.989585876465 567.378555297852 676.495712280273 828.900909423828 612.01265335083 798.026702880859 628.434852600098 734.130020141602 431.284637451172 388.612098693848 401.906517028809 514.413667678833 435.605178833008 685.423599243164 695.751068115234 466.77352142334 517.171188354492 525.21794128418 669.388328552246 643.95874786377 430.448760986328 515.587099075317 489.013076782227 584.440238952637 841.355070114136 665.717338562012 621.855682373047 619.090793609619 544.468132972717 426.377319335938 675.666946411133 484.142951965332 574.820255279541 570.414684295654 669.930862426758 552.04887676239 512.278816223145 668.147926330566 514.60418510437 484.145709991455 485.980150222778 573.733303070068 576.269760131836 526.360799789429 556.472750425339 418.375213623047
469.243583679199 504.47974395752 494.285205841064 540.59572160244 569.515739440918 514.20475769043 637.847114562988 718.575531005859 526.83952331543 663.278484344482 566.18706703186 384.364212036133 439.534641265869 423.04296875 467.018135070801 513.781192779541 342.466995239258 480.924617767334 563.032093048096 512.485027313232 492.629337310791 539.744485616684 477.939392089844 551.863126754761 679.471374511719 525.720668792725 672.646484375 703.894195556641 898.103103637695 763.720180511475 602.994724273682 537.211158752441 532.126790046692 530.166904449463 537.409210205078 623.905136108398 478.047435760498 601.721473693848 620.883476257324 418.872215270996 570.416664123535 491.790943145752 605.23904800415 638.297538757324 591.372924804688 487.360824584961 474.377624511719 545.164048194885 450.534317016602 609.05978012085
561.743114471436 337.988830566406 495.233818054199 475.367946624756 568.869325637817 605.913963317871 618.350814819336 735.746932983398 655.091201782227 571.820915222168 689.581260681152 491.530727386475 500.046718597412 438.629516601562 454.489418029785 689.005386352539 534.575134754181 572.709686279297 483.960227966309 561.274349212646 571.116764068604 547.296942710876 596.125289916992 730.874404907227 710.985168457031 618.776630401611 757.270584106445 718.285598754883 490.782089233398 712.832916259766 807.683158874512 641.144760131836 613.542488098145 569.450138092041 605.594921112061 632.76587677002 721.061370849609 551.239410400391 696.96834564209 567.798414230347 694.886581420898 512.185745239258 835.494826793671 697.549333572388 566.350830078125 540.288673400879 569.121589660645 596.172046661377 560.72620010376 491.50464630127
