export/dem/dem87.asc
NCOLS 350
NROWS 171
XLLCORNER 152620
YLLCORNER 418050
CELLSIZE 100
NODATA_VALUE -9999
[rows 22 to 43 of 171, columns 50 to 99 of 350]
-9999 -9999 -9999 -9999 -9999 -9999 -9999 -9999 -9999 534.570442199707 507.389129638672 614.414909362793 646.147529602051 629.218425750732 517.863861083984 321.58952331543 403.259971618652 424.882385253906 711.864231109619 618.215999603271 510.406921386719 686.98514175415 515.183685302734 732.712463378906 943.632369995117 745.876609802246 704.01741027832 668.881938934326 712.907608032227 648.450550079346 660.972148895264 555.338111877441 624.610916137695 401.01057434082 399.691879272461 675.140830993652 526.955673217773 682.969802856445 682.455673217773 469.509780883789 420.605949401855 472.24951171875 990.990867614746 659.744522094727 609.614592552185 562.296966552734 517.32772064209 505.584335327148 474.158508300781 1328.92321777344
-9999 -9999 -9999 -9999 -9999 -9999 -9999 -9999 910.596179962158 468.296783447266 526.657897949219 610.160705566406 701.735868453979 337.63410949707 324.486312866211 462.380752563477 514.483203887939 684.992969512939 675.023860931396 590.663246154785 756.157791137695 844.874965667725 565.632606506348 669.55362701416 581.598442077637 368.153228759766 553.149299621582 506.098274230957 497.782886505127 548.377954483032 463.304809570312 394.917068481445 516.488925933838 698.87621307373 540.725160598755 619.913146972656 446.43627166748 785.767044067383 840.886581420898 1142.05265426636 697.306457519531 440.557067871094 291.287963867188 495.760192871094 532.909767150879 509.011123657227 511.975166320801 583.320762634277 370.989303588867 1210.83218955994
-9999 -9999 -9999 -9999 -9999 -9999 -9999 831.879470825195 728.789398193359 790.469696044922 439.141235351562 568.757873535156 419.359683990479 306.730438232422 411.688926696777 588.345149993896 558.75846862793 652.318647384644 532.52033996582 641.902242660522 742.916576385498 742.394683837891 623.600467681885 478.880920410156 571.758598327637 423.872451782227 563.260883331299 588.934509277344 600.48028755188 1191.00038337708 649.787288665771 722.905014038086 588.907913208008 618.097240447998 886.768798828125 706.424414634705 642.416919708252 455.993743896484 548.915706634521 526.616203308105 558.444194793701 324.313247680664 461.772232055664 341.660598754883 439.534408569336 536.334106445312 547.069831848145 432.287033081055 325.259796142578 1011.10865783691
-9999 -9999 -9999 -9999 -9999 -9999 977.138491630554 606.329803466797 748.145538330078 850.968719482422 483.934646606445 564.039344787598 622.440979003906 575.855400562286 282.057083129883 481.510543823242 584.18493270874 545.964569091797 437.833435058594 599.669792175293 670.639175415039 749.107585906982 577.866970062256 709.289360046387 598.658229827881 554.466407775879 472.984954833984 1077.65269470215 790.454992294312 857.479415893555 798.831005096436 631.722873687744 858.447128295898 795.068588256836 636.079444885254 673.636306762695 663.217334747314 451.289627075195 441.551971435547 656.162002563477 426.411834716797 431.267974853516 571.082355499268 373.718673706055 615.316825866699 462.642822265625 426.295028686523 522.649200439453 577.701484918594 805.751224517822
-9999 -9999 -9999 -9999 -9999 568.941009521484 547.65550994873 422.541648864746 458.952602386475 524.683441162109 569.163074493408 658.136037826538 747.697521209717 505.515625 594.695556640625 704.2600440979 623.463302612305 599.059494018555 594.505729675293 562.46604347229 803.543846130371 508.79536819458 537.026523590088 463.999099731445 584.46360886097 794.230730056763 742.66524887085 776.121353149414 844.002243041992 635.86678314209 741.530643463135 758.84090423584 586.324783325195 722.04167175293 637.434867858887 711.703941345215 476.739692687988 551.114532470703 435.062866210938 554.597453117371 587.44803237915 508.777725219727 529.315126419067 528.058044433594 346.223083496094 431.27222442627 442.935333251953 482.029960632324 397.1181640625 665.917175292969
-9999 -9999 -9999 -9999 457.804244995117 611.956581115723 331.54411315918 457.606563568115 406.262878417969 618.207485198975 480.049346923828 635.122222900391 505.965629577637 457.76448059082 635.12152671814 747.785453796387 299.050354003906 467.300750732422 579.655330657959 625.879062652588 692.714897155762 472.001655578613 705.552017211914 1008.82461357117 862.570373535156 685.191345214844 690.488356590271 655.769477844238 562.721069335938 785.704734802246 653.762126922607 787.929656982422 662.217529296875 487.250579833984 620.900241851807 639.153096199036 674.201663970947 590.147295117378 305.727691650391 454.626007080078 442.994476318359 485.421165466309 357.42756652832 534.4714012146 553.66024017334 283.162048339844 416.624908447266 379.465270996094 408.50032043457 753.998100280762
-9999 -9999 -9999 1000.12724304199 535.141710281372 493.325042724609 572.699697494507 396.882484436035 481.029525756836 455.848342895508 721.753372192383 648.844341278076 552.432464599609 564.423938751221 745.153426408768 694.979454040527 644.036380767822 639.669403076172 509.115501403809 480.82544708252 374.27912902832 619.355445861816 818.085880279541 645.232431411743 620.184226512909 508.85083770752 533.030349731445 628.417898178101 462.613105773926 470.567687988281 431.979515075684 463.079345703125 425.621871948242 562.876350402832 593.066783905029 608.066734313965 611.148429870605 538.279632568359 614.728736877441 513.137727737427 497.955875396729 594.305950164795 431.630172729492 469.650501251221 473.355815887451 516.890115737915 387.624694824219 374.481185913086 471.948081970215 557.859603881836
-9999 -9999 616.968330383301 1067.58094024658 347.540725708008 428.857734680176 612.249308586121 404.086692810059 489.063995361328 524.917663574219 578.611358642578 470.099822998047 744.021301269531 575.017639160156 777.506744384766 517.870178222656 716.000465393066 684.513885498047 998.913707733154 467.289245605469 1241.02788066864 612.838651180267 411.532196044922 504.732326507568 515.337210178375 504.506612539291 435.712951660156 515.869506835938 474.982629776001 513.949146270752 382.298980712891 627.580453872681 433.939865112305 431.154296875 523.59677696228 568.752376556396 485.549510955811 536.016961097717 476.78551864624 392.350730895996 558.17212677002 472.407939910889 403.135643005371 558.101940155029 387.147178649902 473.35436630249 416.699676513672 403.109985351562 462.855804443359 920.677868843079
-9999 -9999 532.246032714844 922.923492431641 904.08381652832 350.343536376953 569.867542266846 316.277786254883 471.706451416016 493.330352783203 695.965202331543 454.266807556152 630.191047668457 623.990455627441 768.982299804688 645.873540401459 737.895439147949 521.743091583252 845.714917421341 524.478660583496 377.312973022461 429.273681640625 314.174514770508 432.792541503906 409.521068572998 397.265953063965 366.372421264648 681.458465576172 509.083797454834 512.399459838867 528.225730895996 318.699249267578 530.24821472168 456.743987083435 385.624008178711 344.029762268066 538.642486572266 668.861846923828 501.380666732788 483.437904477119 407.353385925293 612.60425567627 486.254476487637 478.559020996094 496.09508895874 563.372230529785 702.125671386719 488.89302444458 403.680686950684 810.195846557617
-9999 611.85791015625 604.649787902832 468.924011230469 421.740356445312 554.50203704834 444.351257324219 518.330657958984 707.716711997986 495.913238525391 441.051956176758 526.230278015137 649.262393951416 625.136054992676 645.598968505859 648.924094200134 574.980834960938 656.069244384766 591.191860198975 458.808555603027 423.92268371582 570.720863342285 500.303291320801 455.341468811035 352.503875732422 443.383609771729 365.664260864258 352.648834228516 470.946212768555 469.017936587334 450.968290328979 525.896152496338 396.784145355225 504.625835418701 286.090591430664 343.991218566895 531.24299621582 378.502197265625 366.250144958496 563.582389831543 476.04794883728 575.681201934814 577.649250030518 575.626663208008 389.953056335449 471.294437408447 566.486259460449 393.141258239746 350.803512573242 491.693614959717
536.992889404297 698.99373626709 636.941429138184 604.490964889526 609.69819355011 591.20352268219 457.43132019043 586.14623260498 611.474739074707 685.625587463379 532.656326293945 574.653381347656 581.784133911133 665.575347900391 820.720550537109 619.147759437561 523.198083400726 572.641510009766 451.784599304199 489.04280090332 531.81759262085 324.957168579102 296.770721435547 309.020431518555 337.493728637695 548.175354003906 466.014391899109 613.669448852539 519.307388305664 561.324157714844 468.37624168396 531.7174949646 283.68017578125 476.429145812988 198.331909179688 314.809127807617 507.070156097412 400.104988098145 541.002998352051 423.344974517822 482.014482498169 513.670021057129 548.141471862793 502.538555145264 415.359146118164 435.587020874023 480.998489379883 378.850738525391 390.249404907227 468.989707946777
638.767818450928 696.992050170898 456.726181030273 600.553781509399 675.792587280273 663.461608886719 551.772903442383 518.347732543945 710.35933303833 637.490259170532 696.75345993042 672.044158935547 575.121772766113 488.514995574951 751.275619506836 360.750274658203 483.07593536377 474.766567230225 599.978744506836 504.39338862896 476.411225259304 414.369178771973 340.688354492188 217.672592163086 332.08260345459 359.440124511719 465.351366519928 524.943923950195 541.016647338867 459.55485534668 547.81583404541 421.942543029785 537.014602661133 386.435028076172 471.098468780518 449.616081237793 520.443710327148 578.309638977051 479.051836013794 544.913177490234 544.581832885742 664.156280517578 403.44229888916 558.399787902832 542.109218597412 404.340003967285 468.474893569946 301.979827880859 479.473992824554 453.515781402588
538.07479095459 444.558544158936 528.127281188965 562.811038970947 692.427619934082 652.374370574951 603.351642608643 444.180328845978 625.571922302246 591.50325012207 528.826759338379 522.175128936768 548.814624786377 708.091903686523 485.010633468628 754.169540405273 407.872291564941 514.840427398682 534.988739967346 605.081329345703 656.199554443359 408.427867889404 365.055374145508 296.200057983398 143.552520751953 356.653137207031 407.15251159668 513.320205688477 454.139910697937 533.730590820312 505.656021118164 562.357780456543 585.962310791016 610.22834777832 344.290542602539 623.188591003418 488.429300308228 433.100690841675 385.89973449707 401.097015380859 539.168888092041 424.764930725098 556.370765686035 536.545623779297 408.442192077637 548.530220031738 440.649772644043 549.405841827393 441.709854125977 498.864203453064
568.957080841064 501.581728935242 575.168251037598 544.335304260254 583.336410522461 500.894905090332 477.494331359863 869.935519576073 462.736907958984 633.858932495117 482.700042724609 504.056852340698 621.755233764648 555.510406494141 527.974807024002 479.552794456482 411.429885864258 485.395353317261 466.392072677612 564.713661193848 421.005428314209 437.819190979004 340.961463928223 201.748184204102 304.695655822754 379.940223693848 314.223587036133 549.833969116211 390.855003356934 494.122146606445 567.503692626953 576.530044555664 529.753265380859 416.777364730835 389.499717712402 418.830631256104 336.201553344727 519.37419128418 625.94499206543 511.616931915283 471.658382415771 463.319507598877 428.350727081299 454.063435554504 302.904144287109 642.30012512207 517.70983505249 585.67008972168 457.870246887207 348.227233886719
633.288981199265 779.438110351562 535.339242935181 452.709487915039 524.182220458984 607.314449310303 670.531826019287 884.70263671875 742.012630462646 817.545097351074 526.094093322754 731.675186157227 463.649219512939 461.224700927734 384.579071044922 379.690200805664 385.219825744629 478.587326049805 665.360992431641 429.946887969971 440.656623840332 428.542247772217 534.560653686523 352.52766418457 422.128981590271 393.492847442627 469.353717803955 361.503807067871 410.184181213379 410.173189163208 433.500067710876 397.051860809326 498.833881378174 439.959399461746 553.905586242676 418.926582336426 541.422180175781 465.486337661743 529.319694519043 303.927871704102 535.087585449219 566.899429321289 243.636032104492 394.860420227051 394.019866943359 360.301704406738 401.599708557129 273.677230834961 555.825374603271 400.159980773926
772.184112548828 643.146408081055 483.536111831665 626.248626708984 561.059265136719 502.775797843933 578.332210540771 368.235061645508 728.835447311401 715.518426895142 554.420440673828 665.421829223633 437.359222412109 471.91300201416 356.823226928711 405.833213806152 533.337943077087 451.890773773193 406.03253531456 460.080945968628 434.090081214905 371.710693359375 306.024932861328 271.828643798828 389.185665130615 417.652870178223 607.196701049805 431.829689025879 329.798751831055 425.039144039154 422.050382614136 384.794200897217 287.050651550293 315.416030883789 418.389784812927 482.011447906494 372.565612792969 533.164566040039 430.329032897949 526.001525878906 413.99878692627 419.689388275146 234.153625488281 366.386688232422 515.947898864746 461.106494903564 369.316497802734 371.25301361084 412.708946228027 361.255157470703
698.710220336914 323.430816650391 540.600299835205 584.215812683105 561.919361114502 496.414932250977 494.88530921936 1288.50921630859 989.290679931641 1175.91265869141 578.68606710434 538.109259553254 408.54972076416 496.486953735352 572.325088500977 574.991058349609 485.008808135986 447.017421722412 473.213523864746 398.267990112305 420.122566223145 496.587043762207 375.258186340332 457.072149276733 385.263729095459 333.206703186035 429.165370941162 351.788864135742 572.240814208984 463.578536987305 314.289703369141 367.01863861084 436.281469345093 413.72841835022 482.854461669922 481.325099945068 382.372497558594 479.870909690857 607.116134643555 544.780784606934 553.034080505371 323.220176696777 383.130973815918 176.501205444336 261.713363647461 376.669269561768 323.435119628906 386.569732666016 482.114019393921 384.514209747314
543.456703186035 341.189178466797 496.100250244141 737.672981262207 502.275833129883 446.742490768433 343.653190612793 625.188129425049 642.099056243896 745.811084747314 478.502487182617 457.386306762695 558.388534545898 469.594549179077 576.922790527344 594.238792419434 325.801071166992 518.759742736816 412.772758483887 565.888214111328 434.819080352783 384.555858612061 490.779495239258 601.862213134766 509.205085754395 345.849102020264 371.875606536865 450.419597625732 467.702587127686 521.645652770996 447.064921379089 378.745616912842 423.445574760437 363.905994415283 438.186524868011 316.844429016113 454.243122577667 567.651191711426 536.660255432129 465.533609390259 475.884567260742 660.459617614746 279.179458618164 274.656066894531 515.027248382568 398.137676239014 403.833103179932 444.400955677032 375.068199157715 373.186004638672
560.625896453857 810.762069702148 753.56130194664 813.839073181152 691.268808364868 490.157524108887 569.061302185059 716.801582336426 585.017333030701 817.980728149414 548.247375488281 530.460670471191 451.038040161133 441.395606994629 549.947380065918 497.108742713928 380.515274047852 434.113315582275 193.495880126953 307.195037841797 381.260276794434 576.581832885742 348.471725463867 502.118217468262 560.499168395996 424.695901870728 379.472148895264 444.939147949219 384.32869720459 473.067886352539 325.93546295166 502.074974060059 299.458236694336 302.675811767578 345.12158203125 184.907943725586 435.665335655212 421.81521987915 441.782011508942 451.294014453888 489.99160194397 492.748928070068 441.98571395874 459.254857063293 283.904251098633 394.755313873291 375.491104125977 361.399192810059 556.677604675293 403.966836929321
572.757442474365 605.446090698242 710.310871124268 540.164749145508 626.660202026367 522.841411590576 642.158081054688 747.424110412598 737.796304702759 1242.8755569458 523.234130859375 476.868011474609 582.829647064209 637.192008972168 597.209575653076 448.336795806885 447.042940139771 545.833236694336 502.412178039551 307.253005981445 371.864883422852 427.643021583557 489.837341308594 321.356536865234 458.872552871704 569.601547241211 327.849914550781 449.680919647217 505.044219970703 545.770156860352 459.820741653442 513.409172058105 345.546897888184 454.114761352539 358.424034118652 445.788249969482 436.4160579741 352.849807739258 412.751216888428 277.619812011719 494.617576599121 564.211967468262 341.44214630127 516.646572113037 365.40869140625 255.643997192383 510.485820770264 499.84903717041 301.391372680664 330.785758972168
734.033576965332 939.937183380127 673.402282714844 787.005900859833 387.56307220459 458.875230789185 572.362869262695 697.843421936035 854.959869384766 506.982280731201 761.321792602539 366.798217773438 571.662864685059 614.365478515625 387.99877166748 582.521942138672 504.590145111084 516.255977630615 452.783197402954 331.221168518066 498.47541809082 423.694993972778 446.373924255371 355.480869293213 362.468757629395 469.24040222168 486.47843170166 475.161834716797 584.766616821289 566.915008544922 418.214668273926 337.692306518555 417.236755371094 387.986246109009 492.564025878906 356.116996765137 415.033677101135 352.585662841797 374.862678527832 354.076522827148 457.148940086365 735.270126342773 346.436424255371 376.276672363281 416.928551673889 412.971079826355 445.606983184814 305.322998046875 379.456192016602 364.573043823242
663.982933044434 799.065093994141 778.457105636597 781.590476989746 434.909646987915 467.897201538086 691.648162841797 592.880310058594 602.157955169678 519.465567588806 633.281113147736 601.531265258789 519.792238235474 552.362649917603 419.311965942383 397.403335571289 392.676559448242 413.929336547852 227.572021484375 331.943748474121 418.392936706543 420.3441157341 496.239395141602 375.305038452148 395.886869430542 382.904190063477 535.872718811035 411.586551427841 446.873544692993 412.768432617188 521.90934753418 461.455965995789 345.429756164551 330.84912109375 389.062564849854 277.999084472656 271.438323974609 438.284320831299 512.379501342773 345.886383056641 321.420433044434 433.919792175293 558.73983001709 339.961212158203 366.084423065186 510.161819458008 554.529472351074 514.955047607422 611.88981628418 470.98028755188
