export/dem/dem88.asc
NCOLS 350
NROWS 171
XLLCORNER 152620
YLLCORNER 418050
CELLSIZE 100
NODATA_VALUE -9999
[rows 66 to 87 of 171, columns 250 to 299 of 350]
629.882207870483 723.749458312988 699.321016311646 632.901518464088 636.43766784668 662.155932426453 684.903835296631 846.766174316406 573.228355407715 685.852466583252 766.051818847656 673.591836571693 775.195220947266 658.670276641846 732.291473388672 657.586243093014 711.988523483276 636.089851379395 628.819412231445 637.35205078125 656.236158370972 658.207103729248 511.81169128418 611.375305175781 802.908279418945 795.806571960449 771.473449707031 753.865005493164 668.142269134521 768.825378417969 679.381809234619 745.361106872559 810.543060302734 858.771636962891 787.803733825684 722.066097736359 712.349908828735 609.750381469727 979.732048034668 998.106140136719 840.902820587158 795.745594024658 944.802444458008 724.578125 805.287670135498 762.713114261627 872.713012695312 864.232330322266 943.887802124023 908.62931060791
750.32984161377 514.754318237305 734.457733154297 665.882919311523 668.943655014038 731.583305358887 739.946296691895 765.158851623535 577.674545288086 548.982192993164 557.104019165039 631.239832878113 663.811764776707 638.12640953064 566.824485778809 560.777015686035 564.738563537598 763.73189163208 666.62211894989 620.007034301758 578.123039245605 553.887771606445 634.502456665039 690.666377067566 706.053229808807 515.267120361328 675.48949432373 763.640411376953 729.619705200195 610.281684875488 841.991027832031 856.951950073242 573.913940429688 611.313529968262 748.176206588745 731.340389966965 890.675231933594 786.024097442627 818.596130371094 643.232925415039 1118.39041137695 1030.75090408325 962.669021606445 816.002338409424 794.680219650269 761.339900493622 674.173152923584 742.971120834351 977.313598632812 853.363189697266
881.71760559082 710.616439819336 727.461311340332 594.867584228516 760.348533630371 775.964492797852 781.243530273438 717.115905761719 614.545020580292 553.539405822754 659.03132724762 580.047859191895 547.202247619629 782.090805053711 642.585445404053 708.984180450439 702.319320678711 590.976531982422 718.060134887695 698.707624435425 808.532371520996 614.033470153809 722.845806121826 768.479751586914 520.962158203125 813.371734619141 888.685653686523 761.56420135498 710.62788772583 751.444068908691 783.346996307373 642.511169433594 773.070167541504 765.613647460938 730.642185211182 715.944956302643 734.583467483521 951.551544189453 884.81657409668 566.688583374023 710.907545089722 674.350891113281 1153.68763160706 1259.76718139648 915.159141540527 813.233528137207 759.508291244507 843.269737243652 899.302474975586 978.190551757812
666.428955078125 636.996543884277 733.488265991211 620.375276565552 681.410348892212 712.847778320312 711.649154663086 672.388553619385 689.431865692139 519.00651550293 708.84162902832 625.096618652344 815.803527832031 806.653854370117 672.254547595978 830.651458740234 674.651815414429 520.160018920898 730.937492370605 691.439323425293 636.329711914062 689.911287307739 668.128617286682 718.480823516846 673.493087768555 694.056568454951 765.836799621582 564.834426879883 750.175674438477 751.044033050537 710.435857772827 530.269683837891 746.538280487061 789.775856018066 618.111358642578 777.5283203125 691.903936386108 820.273155212402 677.745639801025 870.009803771973 657.175903320312 701.108039855957 566.881286621094 768.195976257324 939.651260375977 1452.79194068909 890.59969329834 795.283782958984 906.286331176758 1008.39395141602
602.799156188965 746.415969848633 713.60807800293 616.872924804688 711.214385986328 652.857145309448 604.609859466553 773.069770812988 843.296531677246 468.987274169922 474.024765014648 888.507308959961 592.629928588867 643.456357002258 656.98920249939 676.069791793823 764.421409606934 567.311859130859 904.31950378418 762.955589294434 653.075775146484 651.823076248169 858.787185668945 703.090139389038 740.69197845459 747.007141113281 754.610557556152 775.9306640625 531.64111328125 663.311374664307 624.979125976562 724.107622146606 616.151657104492 717.361967086792 644.018692016602 881.978042602539 786.748558044434 705.89571762085 761.991687774658 711.327117919922 763.588152885437 642.024368286133 588.969985961914 596.500396728516 641.098960876465 800.838064193726 877.653324127197 1101.72472763062 859.372406005859 895.455154418945
745.490615844727 776.087478637695 771.919342041016 731.710456848145 587.547061920166 646.847996234894 593.256320953369 671.328125 554.817047119141 634.713784217834 670.087593078613 805.9658203125 666.446619033813 516.995040893555 753.911750793457 666.94713973999 692.711405754089 707.33275604248 635.97133898735 737.549003601074 713.689472198486 655.920994758606 708.665349960327 719.48641204834 668.284832000732 748.666591644287 723.60432434082 783.714782714844 689.430921554565 564.472366333008 582.182136535645 697.576892852783 738.28727722168 552.78352355957 630.503631591797 654.811069488525 600.139183044434 706.078793525696 645.930755615234 683.19938659668 596.03035736084 661.469924926758 677.018287658691 708.130409240723 728.722560882568 1183.04494571686 721.586601257324 797.108358383179 900.145042419434 841.057815551758
737.002738952637 674.448392868042 802.20085144043 719.738235473633 602.989540100098 616.179550170898 705.010583400726 522.863800048828 624.107913970947 616.713401794434 737.373210906982 572.629745483398 606.022802352905 759.973091125488 607.180366516113 579.06103515625 699.224727630615 604.664611816406 737.964752197266 579.712421417236 554.119918823242 703.941041946411 835.075073242188 627.617568969727 622.9489402771 599.909408569336 681.809991836548 843.946380615234 764.843147277832 716.953353881836 568.104209899902 699.013073563576 835.609771728516 598.389556884766 721.183269500732 730.204768657684 691.00020980835 838.908843994141 669.115913391113 681.174819946289 697.905002593994 1157.5619354248 719.053215026855 727.987186431885 656.349319458008 859.995742797852 791.006314277649 665.001930236816 716.566352844238 743.684401512146
723.73551940918 640.097404956818 799.511772155762 813.44482421875 685.811367988586 597.480285644531 629.42113494873 629.141006469727 702.39281463623 717.47021484375 735.710186004639 550.663093566895 680.590724945068 617.31219291687 650.158668518066 530.607391357422 674.340965270996 673.798122406006 626.382915496826 644.909181594849 635.090468287468 658.991258144379 650.503925323486 613.468078613281 560.573799133301 688.341749191284 660.160495758057 683.24325466156 698.128082275391 732.930152893066 708.144933700562 760.922180175781 761.160953521729 626.142959594727 607.080738067627 809.769256591797 736.795513153076 706.705465316772 598.638252258301 620.779571533203 549.894012451172 740.720703125 651.391036987305 967.567749023438 934.204665184021 895.622231960297 809.066286563873 871.336780548096 1076.54957389832 640.712120056152
473.28840637207 635.696641921997 437.317398071289 635.726440429688 566.310359954834 644.267566680908 599.469383239746 754.790250778198 704.89608001709 690.102241754532 757.677143096924 652.187584877014 441.748916625977 656.884703636169 666.802885115147 621.913502931595 740.209327697754 599.814308166504 630.237943649292 390.459350585938 649.76030921936 632.822497367859 564.443824768066 538.245651245117 794.563385009766 627.43970489502 752.948188781738 568.100685119629 580.203636169434 686.214311599731 666.983592743054 521.998931884766 750.611522674561 716.488466262817 533.180953979492 668.569608688354 725.606008529663 448.726654052734 713.525020599365 680.545262336731 487.362533569336 906.961280822754 640.689002990723 965.033233642578 1061.33046722412 675.883407592773 748.682754516602 677.697570800781 862.45703125 982.743291854858
773.195365905762 550.02755355835 415.785034179688 501.083778381348 485.808258056641 520.28955078125 415.564910888672 772.711009979248 682.707534790039 716.783521652222 687.724670410156 870.409561157227 696.058158874512 714.544937133789 603.489727020264 581.511650085449 527.534996032715 615.051334381104 624.615814208984 592.948387145996 531.794174194336 729.187358856201 763.74059677124 522.894439697266 710.412811279297 594.247108459473 529.01838684082 663.859975814819 858.534561157227 703.832201957703 629.029708862305 559.779525756836 650.612464904785 637.794862747192 548.266510009766 668.568252563477 669.398952484131 704.733200073242 540.466094970703 650.879398345947 823.860660552979 835.11930847168 690.517761230469 735.190063476562 794.535224914551 937.474548339844 841.478790283203 665.144485473633 901.499143600464 1045.36112976074
625.95411837101 601.36187171936 739.15380859375 696.872124671936 802.76392364502 633.451145172119 632.818515777588 644.808837890625 775.443092346191 572.203704833984 764.480293273926 701.1442527771 594.144096374512 527.55150604248 498.405311584473 582.265983581543 554.075675964355 486.018417358398 549.806198120117 656.504306316376 716.734771728516 634.872897148132 784.117568969727 707.087184906006 779.980247497559 642.003414154053 782.53980255127 774.528900146484 784.271148681641 737.719352722168 680.332363128662 625.670101165771 623.402099609375 702.522972822189 700.561410903931 654.563564300537 844.408592224121 669.318878173828 612.350944519043 519.332748413086 610.913330078125 744.97306060791 833.695286750793 661.005355834961 697.057182312012 582.524429321289 741.666633605957 714.817695617676 937.868705749512 729.92956161499
852.830307006836 698.531791687012 733.727325439453 756.70344543457 731.95810842514 622.381721496582 421.731307983398 549.985458374023 705.497272491455 694.745626449585 603.513603210449 751.608516693115 561.252449035645 766.708984375 674.577906608582 677.482071876526 447.470489501953 540.82048034668 529.032043457031 717.042861938477 652.067443847656 799.13890838623 634.257789611816 590.827289581299 799.132034301758 865.332641601562 762.601547241211 701.841697692871 751.500637054443 720.690057754517 715.166881561279 745.604850769043 726.201118469238 820.830390930176 770.015678405762 741.018623828888 731.978161811829 632.560935974121 475.571441650391 656.558910369873 1037.26898956299 691.97371673584 707.223258972168 1013.15580749512 818.041534423828 734.422409057617 726.940170288086 745.174575805664 950.265777587891 1112.73313903809
644.191270828247 606.440376281738 606.729563713074 635.043634414673 759.825828552246 631.059289932251 419.707397460938 569.904745101929 603.153495788574 688.318632125854 843.979461669922 703.016056060791 629.737743377686 567.731491088867 759.590816497803 706.344127655029 700.712669372559 750.681037902832 825.396514892578 788.928833007812 826.441215515137 671.451641559601 622.070812225342 788.331237792969 760.26244354248 683.096144676208 696.164370536804 629.049661636353 819.007270812988 715.770221710205 750.802932739258 538.628921508789 608.220924377441 668.937965393066 707.15242099762 596.616760253906 691.29419708252 580.637367248535 396.331176757812 538.876846313477 593.476890563965 1218.46919441223 1074.44355773926 660.04655456543 835.435211181641 740.431312561035 831.553318023682 828.092086791992 1228.90071105957 831.299453735352
683.186576843262 796.49755859375 644.892032623291 658.418436050415 653.401536941528 678.309152722359 617.905921936035 594.104850769043 663.014821529388 812.036491394043 746.734269618988 698.610500335693 708.539039611816 660.547479629517 627.118347167969 559.411285400391 609.331100463867 903.495727539062 778.605964660645 779.472618103027 828.809349060059 805.060874938965 694.518629074097 695.778121948242 757.319316864014 650.100379943848 714.968751907349 580.742080688477 721.783054351807 673.799187660217 740.404933929443 746.443054199219 692.311012268066 690.312358856201 664.18638420105 635.898586273193 742.874206542969 700.571868896484 550.754684448242 717.744094848633 372.969818115234 717.38850402832 1030.02309799194 909.110107421875 1020.15937805176 705.125152587891 985.395431518555 814.906768798828 663.80241394043 658.334762573242
656.686379432678 666.406394958496 683.19758605957 739.647506713867 671.66764831543 622.39796257019 588.795776367188 543.607040405273 795.455673217773 605.192987442017 706.369816541672 692.411598205566 697.092678070068 667.413191795349 610.639469146729 662.628734588623 754.118125915527 705.153522491455 775.223136901855 692.380473136902 751.561000823975 771.173225402832 779.954711914062 720.917621612549 696.064624786377 618.108266830444 684.786544799805 735.145420074463 643.136734008789 463.905715942383 791.276260375977 697.349710941315 708.935180664062 573.901794433594 717.717739105225 713.678123474121 518.013824462891 534.744003295898 617.227256774902 717.883766174316 771.689041137695 824.47439956665 739.910102844238 1116.33039855957 664.810264587402 708.929138183594 1250.50373840332 623.424591064453 487.873199462891 603.652389526367
599.458417892456 635.433338165283 650.379550933838 763.424499511719 526.547561645508 621.719431877136 599.872032165527 774.594360351562 729.605916976929 705.172161102295 731.511093139648 588.193336486816 630.705249786377 550.215728759766 581.188499450684 788.442916870117 599.482521057129 671.742600172758 759.077312469482 725.093255996704 660.829528808594 624.396974146366 674.847751617432 576.786148071289 540.474548339844 673.641793251038 618.345672607422 826.224128723145 584.840766906738 641.878135681152 686.167088508606 623.230987548828 794.628890991211 602.879165649414 737.817012786865 705.420858383179 579.982437133789 645.449787139893 657.29105758667 674.725975036621 513.193359375 833.311595916748 562.033950805664 705.712257385254 897.994289398193 609.602798461914 1215.9970369339 778.441291809082 690.146499633789 829.94673538208
639.013191223145 793.90266418457 635.207119464874 551.567932128906 562.98876953125 574.793663024902 726.111587524414 539.913093566895 700.903373718262 648.82014465332 539.263687133789 563.068382263184 538.795852661133 665.050243377686 662.211280822754 677.220840454102 702.103404998779 699.669281005859 611.11771774292 743.514350891113 854.905578613281 714.131753921509 711.917989730835 810.975479125977 629.571002960205 597.843856811523 668.511966705322 759.629524230957 651.639806747437 833.826393127441 619.338356018066 749.943229675293 732.048809051514 766.656402587891 615.997295379639 624.273696899414 763.481224060059 654.555000305176 459.130126953125 584.913543701172 609.004699707031 824.002700805664 475.859085083008 678.470642089844 817.865928649902 804.180825948715 602.262969970703 702.52262878418 808.624122619629 1107.78939819336
524.447189331055 630.565483093262 504.755081176758 635.3762550354 600.921768188477 543.070579528809 719.460105895996 597.504493713379 654.195449590683 654.373733997345 665.746445178986 573.657516479492 635.446615219116 805.403579711914 735.097183227539 738.796913146973 674.50373840332 741.613594055176 661.21745300293 775.10913848877 607.395797729492 584.308372497559 761.740707397461 670.864189147949 568.162414550781 728.778490066528 686.611512184143 664.146223068237 737.757495880127 764.487411499023 734.544099807739 674.965340137482 674.082462310791 663.929611206055 684.906676292419 825.68514251709 628.56750869751 557.511299133301 631.371017456055 571.163146972656 604.608840942383 965.881271362305 708.24588394165 640.641830444336 1051.70423126221 623.286193847656 1016.2452545166 768.990966796875 892.067520141602 720.198272705078
616.566318511963 672.682201385498 581.422992706299 584.990398406982 614.163719177246 564.978477478027 614.14319896698 569.870334625244 473.733062744141 561.460235595703 697.789733886719 657.737153530121 675.431175231934 1120.0107421875 1020.55498886108 648.692937850952 710.101356506348 550.12931060791 626.8837890625 646.662670135498 753.527584075928 539.374786376953 698.653694152832 872.758642196655 495.777694702148 655.763008117676 668.704029083252 548.780822753906 635.789520263672 635.440818786621 658.780857086182 668.712646484375 726.684818267822 701.613868713379 594.20923614502 541.924751281738 533.849945068359 513.861068725586 405.791137695312 584.400207519531 660.986999511719 619.015670776367 821.825209140778 528.207656860352 690.95295715332 733.04035949707 747.311225891113 711.726722717285 808.449531376362 737.057899475098
667.587755203247 574.415863037109 683.324890136719 634.711198329926 472.687301635742 613.310488700867 538.578918457031 579.851661682129 488.456588745117 630.022300720215 720.540817260742 649.147247314453 609.479139566422 796.028287887573 572.872360229492 566.506507873535 730.849548339844 631.86113332212 622.114288330078 619.205863952637 629.00724029541 645.986362457275 645.423561096191 582.11897277832 674.593551635742 709.875068664551 767.103927612305 582.634330749512 574.613067626953 781.133728027344 524.816619873047 731.283860206604 827.07177734375 584.909973144531 520.094650268555 636.099784851074 567.342918395996 402.193115234375 564.448089599609 694.805267333984 1108.99765777588 588.890838623047 987.515335083008 672.46257019043 481.564666748047 733.832427978516 740.866363525391 773.251304626465 472.388977050781 1190.29153060913
707.862972259521 644.441245555878 614.539897918701 609.180177688599 694.088840484619 545.604423522949 700.384624481201 622.524127960205 500.11669921875 548.585258483887 553.716102600098 642.533737182617 705.187133789062 616.156383514404 530.250663757324 655.127124786377 607.423751831055 628.944427490234 600.570606231689 693.206454277039 631.825454711914 657.51308709383 1301.88860702515 549.724555969238 669.565427780151 384.304901123047 752.643516540527 641.982620239258 606.824668884277 635.845306396484 684.355094909668 705.526065826416 539.870025634766 640.088592529297 564.547096252441 457.522766113281 398.073333740234 559.319046020508 674.924861907959 1023.91868972778 524.780303955078 659.639907836914 684.437507629395 1517.85916137695 852.676141738892 1674.57405090332 748.808334350586 728.413181304932 999.059135437012 684.932922363281
1070.57800292969 910.006546020508 835.688694000244 688.856784820557 681.210458755493 622.38223695755 693.899887084961 531.563285827637 674.429509162903 663.948356628418 524.777770996094 995.035736083984 848.323627471924 676.855850219727 724.604360580444 1085.84508514404 1082.28668165207 589.166221618652 596.103744506836 533.681716918945 638.602481842041 571.95630645752 632.542209625244 721.257934570312 909.867141723633 729.919494628906 568.326313018799 668.816494941711 633.576782226562 802.575248718262 808.645332336426 723.801232337952 620.191963195801 689.069816589355 518.078704833984 655.606075286865 663.961555480957 616.080657958984 629.150512695312 689.271034240723 545.365417480469 645.498229980469 662.39949798584 672.621765136719 956.392486572266 979.411987304688 770.816303253174 845.276329040527 669.383712768555 691.283065795898
