export/dem/dem85.asc
NCOLS 350
NROWS 171
XLLCORNER 152620
YLLCORNER 418050
CELLSIZE 100
NODATA_VALUE -9999
[rows 44 to 65 of 171, columns 50 to 99 of 350]
502.120544433594 690.736000061035 662.940505981445 620.879287719727 396.618431091309 375.472381591797 395.086700439453 436.706718444824 476.678215026855 483.853385925293 935.303121566772 527.690185546875 579.820037841797 555.966968536377 530.817676544189 560.957298278809 568.112968444824 600.781051635742 447.187198638916 404.646288871765 343.704010009766 462.547889709473 494.892585754395 439.648773193359 402.594305038452 391.290246963501 356.986419677734 394.920274734497 455.466566085815 560.132736206055 467.493751525879 448.647461891174 459.784518241882 421.255264282227 439.979388713837 425.652930259705 380.046489715576 422.935819625854 348.134929656982 706.883422851562 508.893440246582 542.717603683472 402.180870056152 507.648975372314 615.553085327148 536.205284118652 365.01392364502 456.042245864868 502.03133392334 353.452407836914
571.392211914062 601.105007171631 434.735366821289 560.304916381836 330.791946411133 453.68098449707 362.434219360352 330.535507202148 462.178153991699 523.907379150391 499.380447149277 429.560745239258 507.901294708252 549.671215057373 468.799463272095 310.487228393555 481.792802810669 334.196273803711 411.655217766762 274.791885375977 421.313938140869 377.559692382812 501.64518737793 392.99747467041 445.332880020142 394.37605381012 452.74122428894 408.840595245361 419.985229969025 486.620471954346 492.316619873047 431.949198961258 510.581909179688 400.083969116211 465.280368804932 427.178756713867 315.505256652832 497.992950439453 359.598327636719 357.444808959961 375.849174499512 380.960464477539 452.75994682312 421.887745857239 605.264251708984 378.966361999512 381.481071472168 417.108098983765 299.866668701172 374.259002685547
507.59831237793 315.105529785156 435.656158447266 305.071990966797 230.08464050293 373.826110839844 528.411483764648 302.520843505859 547.005149841309 630.076080322266 399.069267272949 657.618453979492 543.259578704834 618.791290283203 564.430061340332 278.515716552734 487.648536682129 364.411914825439 318.730415344238 329.167411804199 287.242630004883 577.170501708984 347.001205444336 451.889003753662 565.297210693359 346.147590637207 460.254722595215 348.244403839111 305.494873046875 383.799066543579 384.24462890625 393.11404800415 417.344059944153 409.394061088562 359.353935241699 246.131530761719 493.765789031982 435.868353366852 498.784255981445 510.023780822754 477.568169951439 370.761352539062 421.64359498024 437.870737075806 263.784774780273 195.845138549805 438.322743415833 302.18773651123 413.283968925476 313.405685424805
473.763717651367 333.030319213867 185.789093017578 410.906097412109 220.57209777832 410.868835449219 946.820747375488 627.363914489746 558.278385162354 434.324798583984 534.410184860229 536.598543167114 483.855611801147 466.151699066162 582.074823379517 284.945114135742 327.410781860352 424.180456638336 375.829837799072 426.680255889893 488.650871276855 393.132753372192 464.835792541504 363.802936553955 312.338859558105 617.38981628418 500.948554992676 471.211009979248 492.010177612305 433.023317813873 409.961351394653 505.059589385986 424.915771484375 351.894439697266 527.040473937988 313.988128662109 389.484817504883 403.248138427734 504.03199005127 535.155151367188 373.890495300293 479.241157531738 335.499137878418 440.591269612312 425.169346809387 418.752754211426 402.859588623047 262.729080200195 357.806091308594 363.977478027344
486.031295776367 443.61470413208 260.528732299805 416.019241333008 477.872714281082 420.461471557617 467.84358215332 600.479019165039 329.534683227539 504.464892864227 611.511871337891 584.703140258789 583.447456359863 602.302627563477 558.883148193359 459.30724811554 317.996955871582 360.95093536377 429.930983543396 488.363563537598 286.200866699219 427.277084350586 375.429494857788 357.287502288818 401.651704788208 558.735488891602 489.405288696289 425.315450906754 492.029342651367 456.390453338623 311.256210327148 455.048026714474 543.659706115723 526.701843261719 389.781921386719 305.646766662598 546.119384765625 534.927101135254 405.176050186157 315.994613647461 427.805135726929 356.875907897949 414.027008056641 444.985011100769 464.602207183838 392.87345123291 552.253791809082 238.163681030273 359.468925476074 431.731643676758
528.753982543945 158.842864990234 453.856267929077 377.750701904297 652.027950286865 299.867965698242 369.30583190918 446.308744430542 222.871963500977 591.664123535156 494.494609832764 497.291244506836 656.111663818359 400.206924438477 463.063699305058 431.134851455688 495.364013671875 220.455627441406 358.450096130371 448.38752746582 357.58283996582 473.490951538086 423.662761688232 328.083065032959 370.392112731934 445.898197174072 436.867710113525 618.492858886719 620.662948608398 447.815223693848 506.172981262207 506.057777404785 397.084842681885 423.971604347229 314.344612121582 387.890752792358 424.220902949572 406.635557174683 506.132064819336 443.605515122414 459.822649002075 411.402513504028 479.309085845947 549.804161071777 284.137145996094 350.596656799316 306.908187866211 397.491069793701 349.487007141113 467.752835273743
259.278419494629 353.790138244629 373.144424438477 1078.32320785522 463.170204162598 470.840476989746 601.923637390137 377.884368896484 448.893901824951 458.136858463287 567.613883972168 487.603324890137 442.921961784363 600.898162841797 440.148202896118 550.440849304199 411.735656738281 298.481460571289 290.144660949707 485.810897827148 440.787363052368 246.440307617188 416.918984413147 504.734687805176 434.612899780273 385.354152679443 352.056213378906 456.879455566406 431.587993502617 406.469228744507 411.985871315002 572.022979736328 494.367454528809 465.207843780518 405.698656082153 383.354885101318 557.41667175293 354.718887329102 378.168910980225 411.68226146698 559.717269897461 416.786123275757 400.088681221008 513.381088256836 397.106307983398 355.912178039551 505.192878723145 329.20361328125 390.798072814941 243.894592285156
684.698680877686 579.128959655762 398.17839050293 457.726791381836 575.323974609375 416.072998046875 489.596278190613 479.31840133667 413.13419342041 446.035888671875 403.209098815918 338.740684509277 470.229305267334 538.196975708008 485.621940612793 507.133743286133 515.550186157227 540.827453613281 477.834804534912 429.489122390747 376.303611755371 350.956199645996 453.80152130127 442.509439468384 371.236724853516 535.161567687988 535.541473388672 402.625362873077 332.238761901855 427.811537265778 279.916076660156 549.323974609375 353.806116104126 335.381721496582 432.541738510132 377.32430267334 352.199947357178 447.2643699646 353.184623718262 349.068176269531 288.975296020508 393.066017150879 392.232410430908 416.26180267334 336.317100524902 464.823608398438 464.393775939941 394.597059249878 339.849899291992 484.976333618164
502.423446655273 239.686370849609 932.143653869629 479.831665039062 557.438334465027 328.829879760742 476.658578872681 457.421392440796 440.310598373413 447.497449874878 419.224771499634 402.058078765869 404.470008850098 433.145456314087 420.321806907654 627.481582641602 397.954278945923 475.386428833008 643.951324462891 567.696060180664 548.95475769043 482.935314178467 486.986881256104 511.502983093262 469.678039550781 342.128952026367 345.539566040039 351.978103637695 477.60572052002 526.192604064941 386.823464870453 391.202082157135 564.052947998047 441.467933654785 477.507339477539 270.23210144043 374.649580001831 322.688911437988 330.434005737305 337.457298278809 332.650276184082 274.023086547852 430.028124809265 279.046661376953 419.353094100952 449.410591125488 375.952640533447 403.068331718445 455.159294128418 327.943901062012
535.181167602539 482.537097930908 608.774814605713 577.989107608795 588.682113647461 566.807834625244 456.847578048706 497.45774269104 367.760093688965 490.228797912598 435.061818122864 430.660449028015 429.271732330322 410.219779968262 455.452533721924 273.853103637695 498.062088012695 559.020240783691 588.573028564453 443.173652648926 475.620121002197 442.533794403076 535.284782409668 437.921382904053 676.18424987793 630.040023803711 407.261699676514 436.398540496826 327.330539703369 347.98567199707 430.663017272949 442.39962387085 431.256523132324 269.369018554688 377.631774902344 353.236419677734 259.560562133789 305.899703979492 380.018465042114 414.027170181274 294.187767028809 323.742630004883 494.736366271973 282.01594543457 411.56236076355 261.673706054688 309.956642150879 302.326713562012 227.758712768555 350.001892089844
681.922981262207 470.336790084839 616.503486633301 703.130407333374 526.176826477051 468.643157958984 532.313335418701 519.284114837646 432.229339599609 552.47159576416 542.12328338623 579.912788391113 565.448577880859 560.576309204102 252.624404907227 389.725196838379 369.287586212158 408.38249206543 462.310050964355 327.392051696777 420.84637260437 544.105262756348 511.340843200684 818.935134887695 601.630058288574 462.619808197021 405.454862594604 459.123458862305 524.027984619141 424.98091506958 431.376836776733 414.316623687744 316.965492248535 471.104972839355 356.283012390137 540.827056884766 379.634647369385 425.616397857666 360.701652526855 309.284301757812 422.143327713013 530.542709350586 397.393567085266 448.894714355469 435.680797576904 499.569400787354 404.869863510132 367.501411437988 518.448188781738 437.983102798462
610.938339233398 1094.62071609497 586.499610900879 608.567915916443 681.981063842773 387.993576049805 398.791084289551 572.37776184082 504.937938690186 464.594142913818 399.341102600098 388.676055908203 447.692174911499 523.076873779297 361.205810546875 287.23600769043 530.271362304688 441.969244003296 389.483535766602 418.51141834259 356.524238586426 544.91291809082 607.664733886719 486.180931091309 471.84895324707 361.495716094971 371.8501765728 387.399719238281 444.284530639648 412.023083686829 360.321075439453 385.764866620302 407.135683462024 526.090087890625 274.440246582031 411.424061775208 319.143295288086 384.684976577759 248.10595703125 449.453842163086 417.499759674072 416.245458602905 465.628768920898 308.632888793945 355.093338012695 401.217227935791 227.918914794922 482.17359161377 470.260534286499 472.389225006104
400.122943878174 724.456497192383 541.666111946106 866.962768554688 661.824562072754 555.455335617065 468.616271972656 467.142486929893 474.753633499146 381.507183074951 456.096397399902 453.289947509766 480.028907775879 604.822891235352 473.771545410156 366.443351745605 411.330444812775 449.412696838379 390.382092475891 525.050132751465 571.815811157227 506.035285949707 389.180587291718 486.408302307129 565.369888305664 567.329177856445 411.891059875488 292.753612518311 306.707752227783 344.313766479492 515.86669921875 425.810527801514 344.890466690063 363.431888580322 424.134157180786 236.232986450195 427.497682571411 427.298065185547 393.899651527405 508.796875 390.127923488617 319.545959472656 441.403591156006 467.884586334229 463.065776824951 523.895439147949 465.035285949707 434.064538002014 381.484313964844 495.624298095703
687.914237976074 469.131329536438 601.581462860107 606.488716125488 554.360318183899 634.888694763184 516.504895210266 464.107165336609 448.704084396362 330.021965026855 486.84952545166 575.45735168457 448.790908813477 458.992862701416 417.61145234108 377.550863265991 429.916823387146 397.23849105835 555.374755859375 353.206703186035 320.42992401123 491.050628662109 500.877380371094 402.626914978027 392.121154785156 479.160705566406 516.990753173828 502.527191162109 354.370929718018 364.501058578491 409.134971618652 372.259969711304 375.76321554184 345.538677215576 414.197118759155 296.206352233887 252.745429992676 219.616836547852 362.049514770508 250.533981323242 356.537075042725 420.55202293396 329.04663848877 283.953109741211 521.010032653809 529.123504638672 545.25267791748 394.425519943237 475.826606750488 434.439945220947
632.614730834961 639.626831054688 648.45202255249 706.132392883301 592.725691795349 652.276866912842 504.74289894104 519.699432373047 347.960174560547 369.549617767334 422.782554149628 384.788967132568 539.100631713867 431.451732635498 343.311283111572 487.350578308105 426.034488677979 404.510100841522 399.240697860718 308.563774108887 415.950668334961 491.725143432617 310.885413169861 434.287132263184 375.957015991211 306.20378112793 480.466766357422 436.352821350098 320.009593963623 391.685234546661 543.371276855469 350.052808761597 448.522216796875 331.531600952148 408.96103477478 362.595211029053 438.337501525879 394.191359519958 380.087882518768 436.049907684326 424.90386390686 475.498069763184 439.673913955688 381.837558746338 447.289810180664 385.220783233643 599.230712890625 562.598991394043 588.245895385742 365.824035644531
556.67333984375 501.315464019775 534.13842010498 605.36304974556 654.619781494141 608.743587493896 455.697380065918 646.444747924805 473.605632781982 302.965560913086 320.900672912598 348.71043586731 238.611526489258 383.83286857605 464.45467376709 320.47770690918 499.717376708984 424.346503734589 331.506172180176 404.483044862747 323.96212387085 258.581214904785 456.306228637695 321.715269088745 302.314914703369 497.968399047852 437.237754821777 470.027153015137 324.505840301514 288.568748474121 349.966884613037 294.612594604492 311.445053100586 475.135841369629 353.900802612305 441.976425170898 328.223114967346 423.474258422852 403.927115440369 405.981029510498 308.365463256836 430.356973648071 395.681844234467 195.326065063477 491.528739929199 573.671676635742 542.635314941406 544.515579223633 594.442794799805 529.189125061035
372.088256835938 814.343566894531 604.608267486095 707.620712280273 651.14536857605 546.840751647949 397.532501220703 496.826818466187 361.684364318848 389.038230895996 402.197678089142 417.976463317871 468.112167358398 385.581095933914 517.569778442383 514.775451660156 326.606704711914 526.044258117676 449.180131912231 389.979370117188 409.255653381348 431.306331634521 355.170986175537 463.36417388916 437.39786529541 355.474411964417 605.753555297852 313.236526489258 350.856472015381 213.557159423828 360.934627532959 416.775100708008 253.962280273438 437.533393859863 517.511245727539 471.467346191406 352.501808166504 371.643127441406 335.483940124512 389.077736854553 416.639766693115 455.382385253906 465.188568115234 488.265525817871 576.791580200195 660.953399658203 440.913644790649 572.270874023438 547.703002929688 505.434600830078
475.329933166504 606.965961456299 470.160186767578 568.237318515778 625.984498977661 588.904155731201 446.012969970703 427.290855407715 451.536073684692 461.391464233398 531.098724365234 373.121105194092 341.405704498291 310.839660644531 432.202919006348 401.338821411133 415.899832725525 255.357940673828 299.071296691895 468.229675292969 502.540672302246 381.452861785889 323.304595947266 382.29740858078 291.625671386719 263.179061889648 437.832443237305 329.938865661621 240.926940917969 138.200744628906 258.893013000488 387.842903137207 432.706279754639 400.538705825806 389.607169270515 361.875459671021 518.6787109375 361.55309677124 396.498860836029 331.491813659668 285.984069824219 353.370086669922 381.933820724487 497.806533813477 421.560947418213 484.168914794922 618.058624267578 651.54801940918 554.766353607178 516.789573669434
498.767822265625 520.322620391846 428.453125 606.754761099815 617.941555023193 680.498804569244 594.280296325684 403.055702209473 448.370092391968 378.620693206787 523.430145263672 475.555038452148 141.4462890625 107.855560302734 414.237979888916 369.471002578735 386.690956115723 389.780849456787 383.857248306274 412.495792388916 342.91569519043 302.260848999023 234.65234375 308.006301879883 231.104568481445 431.726470947266 242.271408081055 408.278659820557 433.895793914795 399.355869293213 384.869082212448 234.004943847656 331.536853790283 295.305435180664 459.394458770752 401.087642669678 291.075393676758 350.6015625 577.744064331055 384.5827293396 281.723564147949 417.468311309814 387.704721450806 635.596572875977 399.73490524292 382.850166320801 399.668563842773 564.698768615723 706.985504150391 535.741226196289
452.98917388916 413.106948852539 346.166519165039 662.001510620117 605.098159790039 455.412220001221 401.86766242981 523.650207519531 509.583728790283 325.559650421143 387.747573852539 384.771217346191 200.443801879883 302.328857421875 354.281455039978 454.554710388184 233.382064819336 311.534675598145 479.670593261719 378.523640155792 289.95832824707 255.895645141602 337.893184661865 243.453384399414 281.131713867188 352.851703643799 453.169281005859 273.329177856445 319.29878616333 255.165115356445 353.085942268372 336.358318328857 394.118942260742 273.139251708984 438.375823974609 462.039566040039 362.896259307861 250.493545532227 462.21785736084 345.238822937012 345.085632324219 465.401885986328 444.257555007935 389.57995223999 427.987289428711 309.401191711426 574.005737304688 524.403091430664 533.094627380371 473.4407787323
449.970878601074 490.88020324707 427.416877746582 763.905624389648 615.763725280762 457.043334960938 536.933227539062 382.825634002686 332.351997375488 377.841402053833 359.216506958008 386.973255157471 374.693686485291 365.3256316185 513.421173095703 352.716934204102 406.888591766357 302.606513977051 329.607940673828 315.243137359619 338.318580627441 207.359313964844 489.505783081055 401.121587753296 356.199138641357 135.196350097656 357.825592041016 458.819107055664 288.694465637207 401.994995117188 399.090162277222 327.161811828613 461.149726867676 391.751495361328 297.784969329834 346.703262329102 310.082397460938 321.782501220703 409.626075267792 468.832145690918 476.015029907227 495.271083831787 399.097702026367 378.694732666016 469.627170562744 592.504867553711 451.070611953735 440.374688148499 634.20263671875 539.219306945801
417.001480102539 566.017398834229 436.616550445557 507.725593566895 553.533271789551 354.952171325684 428.673063278198 574.158782958984 331.932861328125 394.252248764038 498.718994140625 343.618465423584 480.7939453125 391.664661407471 372.520187854767 465.636192321777 329.105567932129 354.526193857193 269.803756713867 355.94787311554 486.083702087402 249.39143371582 348.300060272217 332.962823867798 377.605778455734 411.589231491089 318.189178466797 423.248886108398 357.929783344269 205.725128173828 440.660873413086 319.677192687988 281.983901977539 240.208404541016 314.995498657227 405.167202949524 364.24959564209 351.027229309082 361.637626647949 389.300743103027 556.534965515137 343.9921875 342.184219360352 410.794342041016 397.501262664795 448.497903823853 489.031024932861 453.778179466724 478.051023483276 453.549770355225
