export/dem/dem83.asc
NCOLS 350
NROWS 171
XLLCORNER 152620
YLLCORNER 418050
CELLSIZE 100
NODATA_VALUE -9999
[rows 132 to 153 of 171, columns 250 to 299 of 350]
956.055068969727 839.54178237915 839.090431213379 691.043151855469 806.310657978058 705.949626922607 635.976501464844 458.628005981445 569.795265197754 744.852806091309 777.03186416626 714.856159210205 816.40238571167 808.091762542725 666.127731323242 653.860359191895 557.233154296875 733.332614898682 913.628135681152 733.180161476135 790.529510498047 707.083073139191 574.586624145508 547.811584472656 586.997161865234 631.43123626709 833.484619140625 590.372581481934 544.521869659424 612.825225830078 732.215515136719 695.48237991333 717.732345581055 537.49683380127 740.718139648438 764.858551025391 632.977468490601 727.953244686127 685.366077423096 818.422645568848 881.418800354004 999.159942626953 874.45100402832 973.404830932617 819.792816162109 762.360092163086 889.601234436035 723.832809448242 903.422473907471 969.364124298096
928.848129272461 867.799728393555 980.248580932617 736.546012878418 897.449554443359 548.14476776123 432.654357910156 855.239151000977 803.105854034424 938.936660766602 558.24730682373 765.849763870239 703.326499938965 824.54508972168 665.216293334961 659.927505493164 684.331550598145 864.623161315918 926.472114562988 767.81339263916 665.979553222656 685.478935241699 663.84947013855 541.794799804688 651.51774597168 834.296356201172 521.37321472168 627.466972351074 692.236644744873 632.567274093628 688.602909088135 737.417877197266 687.310577392578 581.514862060547 732.249694824219 507.019912719727 673.798295974731 690.931844711304 800.511032104492 512.317169189453 463.001373291016 903.956890106201 1009.97397232056 1100.24154472351 962.876121520996 963.840810775757 1161.53261947632 885.522338867188 1107.38523864746 899.768521308899
966.451538085938 851.826971054077 833.649471282959 744.093551635742 683.148742675781 594.591234207153 610.298397064209 730.954553604126 751.437971115112 776.6905169487 900.625396728516 609.89143371582 729.452608108521 601.027740478516 839.005676269531 721.914609909058 772.172124862671 782.86808180809 915.160928726196 683.32593536377 705.939479827881 713.353967666626 616.939479827881 641.869522094727 728.855752944946 833.79621887207 783.306213378906 595.518978118896 516.667144775391 638.064685344696 761.907730102539 611.071578979492 820.467071533203 670.979867935181 658.333821296692 641.051362991333 685.846338272095 677.830945968628 749.74146270752 711.749817848206 592.827308654785 647.558618545532 788.321731567383 819.038929656148 758.643203735352 730.715850830078 1043.10601806641 721.96159362793 924.687679290771 951.31587600708
948.945404052734 763.523812294006 738.215595245361 738.250007629395 669.062679290771 512.688705444336 692.233177185059 705.386169433594 707.079498291016 869.059852600098 722.821308135986 801.970363616943 815.251720428467 753.655596733093 876.364151000977 720.178775787354 716.915321350098 631.046890258789 667.198204040527 774.746614456177 732.086559295654 759.715086936951 692.844527721405 665.399333953857 695.352268218994 645.77147102356 618.86030960083 480.251419067383 605.934936523438 624.738649368286 538.632362365723 766.555740356445 748.173973083496 698.937301635742 669.522676944733 713.744735717773 609.967218399048 627.437919616699 688.461892127991 721.356219291687 738.836664199829 555.273330688477 773.077880859375 812.907669067383 739.719654083252 918.750314712524 893.098875045776 830.538888931274 911.498691558838 1008.12093353271
750.999586105347 678.794975280762 786.102882385254 734.790878295898 494.468536376953 776.430626034737 692.975555419922 787.895210266113 725.150512695312 794.385120391846 828.71794128418 840.304298400879 733.38542175293 697.606609344482 734.982141971588 768.461273193359 838.930641174316 830.668783187866 763.93705368042 727.457508087158 819.607012271881 680.991142272949 718.012704849243 759.058456420898 835.100524902344 637.687425613403 738.047775268555 594.247772216797 773.463890075684 676.587314605713 618.192001342773 450.721267700195 738.570167541504 681.542844772339 625.501750946045 437.80924987793 617.141914367676 635.735633850098 644.599849700928 513.377395629883 716.902303695679 495.775924682617 602.850074768066 664.717708587646 711.240030288696 746.318099975586 1021.08354187012 902.124820709229 850.24849319458 1024.34415435791
684.562297821045 774.384841918945 731.700731277466 693.974863052368 842.013107299805 820.635433197021 739.09167098999 649.618286132812 787.165958404541 824.290267944336 670.246864318848 759.104158401489 782.824436187744 747.649364471436 653.259719848633 792.217376708984 649.186363220215 756.019622802734 643.812725067139 623.404014587402 603.373382568359 600.672096252441 702.250508785248 587.501243591309 638.63766002655 799.259994506836 656.505644798279 612.055413246155 619.954849243164 739.522247314453 733.478256225586 739.454820632935 556.448318481445 615.39111328125 647.97846698761 853.368301391602 821.147384643555 591.836906433105 506.363082885742 759.563331604004 797.110084533691 714.171524047852 748.057342529297 668.193119049072 755.478199005127 630.354007720947 770.171203613281 887.590255737305 887.972320556641 927.619316101074
744.063962936401 758.956630706787 818.195766448975 804.593315124512 695.277870178223 746.614463806152 850.363662719727 808.373188018799 704.969501495361 874.033332824707 775.141149520874 706.03141784668 774.490684509277 779.045715332031 711.960163116455 744.94575881958 876.79475402832 798.098304748535 710.809629440308 716.465166091919 605.35888671875 617.685451507568 670.560558319092 643.279029846191 576.862823486328 626.303215026855 826.09440612793 750.762710571289 567.595977783203 625.206227302551 709.171030044556 825.286346435547 762.227310180664 694.546142578125 641.370094299316 586.296752929688 701.646022796631 613.022300720215 648.832595825195 606.885124206543 732.467365264893 741.019268035889 734.741565704346 771.479427337646 827.766525268555 718.480781555176 659.175691604614 690.080116271973 810.297332286835 896.955581665039
648.557388305664 720.083698272705 891.48380279541 807.275974273682 692.739288330078 863.412307739258 743.022033691406 813.115242004395 845.184150695801 823.90195274353 694.216186523438 766.91748046875 770.043257236481 767.422642707825 744.908012390137 807.379600524902 901.105285644531 909.070363998413 653.612510681152 794.665824890137 680.34566116333 703.426528930664 755.435073852539 799.979721069336 727.908393859863 706.05819606781 662.538109868765 693.386762619019 763.804691314697 708.843944549561 702.395732879639 851.576858520508 669.532661437988 525.847396850586 537.453491210938 630.352359771729 462.695922851562 612.674797058105 607.117572784424 730.479749679565 725.530118942261 733.123163223267 694.326825141907 803.596046447754 753.788415908813 792.168647766113 552.652030944824 799.210220336914 886.164085388184 1062.47164916992
789.009827613831 743.394847869873 706.71361541748 705.926445007324 795.072828292847 822.069862365723 902.955261230469 657.055404663086 980.766128540039 850.409976959229 820.876094818115 811.214624404907 682.659614562988 909.63941192627 896.781379699707 856.222728729248 822.196938037872 901.566036224365 849.056121826172 913.256134033203 646.115665435791 750.118034362793 735.553068161011 819.126312255859 625.473068237305 689.841491699219 777.490118026733 827.747283935547 702.499263763428 736.34533405304 659.045509338379 771.201286315918 761.907783508301 604.614284515381 682.93111115694 754.378898620605 750.384269714355 630.745483398438 705.004487037659 738.778001785278 595.931861877441 746.322315216064 709.932802438736 593.916427612305 615.560432434082 777.074565887451 590.189430236816 638.752391815186 777.778053283691 715.669312477112
789.565773010254 772.85172700882 832.069803237915 635.711959838867 726.85969543457 891.076583862305 787.228649139404 792.239490509033 845.571468353271 912.969627380371 735.479393005371 687.310340881348 726.694297790527 855.572151184082 731.889873504639 908.64656829834 751.365268707275 719.977607727051 842.575328826904 660.784828186035 832.140396118164 636.950714111328 636.467498779297 799.664928436279 801.945159912109 778.50138425827 835.74754524231 1008.3791809082 809.537994384766 914.198150634766 818.572486877441 685.865983963013 738.438879013062 524.439834594727 735.262823104858 656.150545120239 626.653949737549 608.414443969727 492.703460693359 682.527620315552 738.009075164795 707.67414855957 679.23571395874 630.606338500977 750.294773101807 639.928939819336 840.598388671875 798.549766540527 681.058818817139 714.674692153931
703.282249450684 793.89302778244 1133.31044006348 831.00626373291 874.250751495361 711.654647827148 757.768028259277 578.184761047363 806.478610992432 771.962661743164 894.675590515137 737.876495361328 896.276336669922 795.712429046631 842.201957702637 771.387126922607 937.038078308105 939.126472473145 994.076538085938 833.056739807129 795.254409790039 631.319274902344 701.053398609161 685.216445922852 621.62232208252 710.047798156738 696.122009277344 878.434928894043 909.173133850098 939.753463745117 781.715755462646 744.970226287842 791.215629577637 712.355292320251 763.300565719604 605.77685546875 642.741708755493 509.850814819336 584.125419616699 718.8397397995 714.352282047272 652.16556930542 671.327342987061 693.335066318512 730.862466812134 657.656761169434 745.325916290283 807.558052062988 733.296273231506 724.17099571228
578.635711669922 704.139769077301 939.14234161377 601.701461791992 816.332065582275 870.843566894531 723.894592285156 912.410011291504 703.215873718262 705.616806030273 747.593112945557 802.207508087158 732.043075561523 987.613067626953 870.178367614746 766.673072814941 803.468067169189 956.484107971191 832.365020751953 683.193222045898 782.336750030518 665.215505599976 755.038909912109 650.182304382324 757.436252593994 617.486175537109 779.491843700409 831.789173126221 785.471611022949 872.114143371582 880.06893157959 735.161582946777 704.774191379547 628.891082763672 781.97615814209 779.743209838867 694.041759490967 803.992874145508 620.965278625488 638.461986541748 644.117000579834 754.939445495605 815.96070098877 766.54390335083 688.068647384644 783.407516479492 676.910938262939 774.553745269775 751.649726867676 552.168243408203
650.714920043945 609.321113586426 562.955154418945 696.809783935547 632.061370849609 584.515514373779 699.823358297348 836.084529876709 640.431007385254 754.292411804199 848.756195068359 778.042101860046 866.20210647583 852.413900375366 804.81175994873 758.654640197754 821.960702419281 816.137924194336 845.445960998535 701.611068725586 684.60375213623 728.174457550049 716.51047706604 747.093719482422 759.329044342041 597.773330688477 739.879911422729 831.233959197998 907.736946105957 848.655254364014 912.01424407959 731.723125457764 624.336624145508 730.580345153809 746.598121643066 784.842254638672 726.369208335876 728.119417190552 654.123580932617 760.551245689392 648.216781616211 643.029937744141 601.594146728516 616.908714294434 713.229734420776 480.149185180664 724.869215965271 841.938316345215 817.455497741699 680.100166320801
-9999 -9999 -9999 818.915554046631 743.730285644531 802.382957458496 706.98649597168 796.591451644897 521.766326904297 661.308887481689 1213.80773925781 892.835914611816 887.587314128876 975.475925445557 894.781009674072 862.308711528778 874.731471300125 762.675674438477 930.479473114014 802.704051971436 736.37370300293 670.782287597656 820.695657730103 843.728691577911 854.357452392578 768.081050872803 677.737964630127 707.389851570129 703.92569065094 884.470245361328 798.586038589478 793.010590553284 731.2936668396 743.70599937439 660.85245513916 704.717589378357 816.490287780762 903.928092956543 813.164612770081 782.773365974426 840.42887878418 691.529647827148 617.270629882812 495.766296386719 617.807594299316 744.81250667572 713.140382766724 847.63720703125 699.761566162109 773.518135070801
-9999 -9999 -9999 -9999 -9999 -9999 730.466323852539 815.935707092285 638.636444091797 707.30655670166 768.846633911133 675.616215705872 837.827495574951 1018.77423095703 890.531955718994 1021.86079406738 773.575342178345 835.044494628906 852.233148574829 841.626766204834 892.591484069824 908.53804397583 759.807159423828 891.612188339233 896.194190979004 752.369083404541 889.348602294922 846.682037353516 733.507360458374 780.736785888672 774.084243774414 806.036911010742 768.966975212097 810.419174194336 663.105690002441 675.873554229736 817.589693546295 830.30583190918 761.067291259766 786.210433959961 813.731155395508 680.285263061523 630.361869812012 705.804721832275 633.036117553711 735.541519165039 542.167129516602 738.751130580902 630.60920715332 601.244583129883
-9999 -9999 -9999 -9999 -9999 -9999 -9999 -9999 -9999 866.014231681824 841.468360900879 993.165893554688 814.361612319946 833.459912061691 856.003761291504 720.882713317871 1005.6121673584 946.060386657715 1102.42532348633 910.547607421875 786.747436523438 702.607574462891 798.607643127441 779.166351318359 949.623512268066 782.157333374023 752.690410614014 642.244781494141 819.490434646606 755.796752929688 906.357765197754 741.548675537109 803.210227966309 740.335792541504 588.668060302734 817.904067993164 723.795877933502 703.372880935669 761.350982666016 673.997570037842 666.374103546143 745.325664520264 524.388122558594 721.716610908508 656.993545532227 715.742469787598 672.385643005371 780.463146209717 646.42896270752 725.592922210693
-9999 -9999 -9999 -9999 -9999 -9999 -9999 -9999 -9999 -9999 -9999 951.919799804688 765.23709654808 596.312606811523 807.709579467773 683.431868553162 879.364707946777 1373.05691146851 899.766815185547 873.996292114258 1091.07765197754 1038.23279571533 992.767402648926 997.671211242676 919.259601593018 848.706787109375 734.732187747955 844.530830383301 803.960912704468 858.158241271973 762.171333312988 778.299823760986 677.27220916748 690.995296478271 742.862754821777 700.70818901062 641.107635498047 657.329040527344 569.890747070312 673.763513565063 619.564277648926 775.655220031738 734.691433429718 797.158142089844 678.971519470215 662.755908966064 745.352999210358 622.500968933105 888.650207519531 728.908923745155
-9999 -9999 -9999 -9999 -9999 -9999 -9999 -9999 -9999 -9999 -9999 -9999 893.902193069458 842.004165649414 755.607215881348 697.365333557129 915.545890808105 1422.35322284698 1302.3751449585 1109.06666564941 1197.99521636963 1164.50926971436 1217.92053222656 1048.35416030884 929.046371459961 826.063117980957 724.91764831543 839.711585998535 795.697687149048 707.713012695312 655.75993347168 807.061647415161 807.856468200684 759.471920967102 727.399343281984 694.872062683105 563.831024169922 753.580823898315 805.376617431641 623.584632873535 682.246879577637 691.435829162598 832.164680480957 834.18025970459 889.510726928711 771.101177215576 743.355038642883 789.096572875977 650.171585083008 678.435661315918
-9999 -9999 -9999 -9999 -9999 -9999 -9999 -9999 -9999 -9999 -9999 -9999 887.206684112549 894.407318115234 857.21745300293 829.548416137695 693.30669927597 799.791532516479 908.898399353027 697.112396240234 765.778991699219 1008.42393493652 957.920188903809 903.1669921875 807.81107711792 1036.6016998291 1229.49887275696 725.112579345703 924.12228679657 982.725257873535 1008.30557250977 1021.10919189453 765.116512298584 810.99781036377 860.612579345703 783.236389160156 758.446575164795 741.8115234375 642.199890136719 579.655914306641 802.444467544556 698.692474365234 840.755187988281 829.720615386963 671.935279846191 739.497009277344 804.304759979248 666.985008239746 776.290456771851 747.16607093811
-9999 -9999 -9999 -9999 -9999 -9999 -9999 -9999 -9999 -9999 -9999 -9999 -9999 967.502014160156 878.408134460449 981.934448242188 696.364744186401 536.440139770508 892.205632209778 878.996637821198 821.610244750977 759.198554992676 900.372718811035 847.955889701843 902.547271728516 670.968116760254 860.448905944824 931.125755310059 801.005168914795 923.498420715332 1194.21263122559 805.796249389648 759.763153076172 729.02233505249 851.02278137207 731.825485229492 863.90167427063 724.079452514648 808.940782546997 716.164840698242 752.640571594238 786.098684310913 745.107175827026 655.24195098877 615.97966003418 808.767932891846 747.249465942383 703.254066467285 710.604927062988 789.505568981171
-9999 -9999 -9999 -9999 -9999 -9999 -9999 -9999 -9999 -9999 -9999 -9999 -9999 -9999 825.867309570312 861.655799865723 652.686874389648 683.742599487305 790.791091918945 913.667594909668 859.857887268066 913.486263275146 879.478317260742 739.335708618164 890.548858642578 741.825361251831 791.831436157227 904.431770324707 821.592206954956 949.93034362793 737.261894226074 710.365701675415 833.10230255127 726.09419631958 687.530883789062 837.306953430176 732.494750976562 691.55583190918 765.113857269287 873.511287689209 889.459136962891 620.586837768555 872.380109786987 819.540462493896 929.753204345703 801.245878219604 914.893577575684 969.796600341797 898.821830749512 830.437431335449
-9999 -9999 -9999 -9999 -9999 -9999 -9999 -9999 -9999 -9999 -9999 -9999 -9999 -9999 734.215118408203 706.688026428223 707.92346572876 761.1064453125 676.974822998047 864.131489753723 836.292175292969 890.677225112915 936.19815826416 944.939960479736 934.72412109375 968.602828979492 971.941795349121 931.284729003906 852.714294433594 871.821418762207 822.39581489563 780.622281312943 1081.87420797348 833.562973022461 738.510419845581 839.725028991699 825.548480987549 770.241672515869 706.057792663574 917.234115600586 757.876205444336 864.302778244019 881.908504486084 933.019515991211 808.202869415283 880.371946454048 938.935852050781 917.234230041504 790.454308867455 766.620460510254
