export/dem/dem84.asc
NCOLS 350
NROWS 171
XLLCORNER 152620
YLLCORNER 418050
CELLSIZE 100
NODATA_VALUE -9999
[rows 22 to 43 of 171, columns 100 to 149 of 350]
545.473804473877 558.254235744476 613.654527664185 639.909843444824 518.382385253906 454.927551269531 475.422454833984 630.6435546875 649.456069946289 628.732894897461 793.320053100586 718.788108825684 563.073619842529 875.814247131348 519.258193969727 361.68669128418 652.314254760742 592.217315673828 526.502700805664 657.633071899414 891.653182983398 798.863815307617 297.540679931641 532.638565063477 370.293182373047 437.888107299805 483.640548706055 338.435638427734 477.127578735352 421.533889770508 526.175601959229 400.120590209961 355.895874023438 569.112495422363 496.852226257324 631.730679035187 662.232357025146 532.148574829102 637.429690361023 507.140777587891 619.214344024658 634.336349487305 645.694438934326 620.721784591675 525.502830505371 657.977342605591 638.743526935577 664.134471893311 554.974983215332 620.560537338257
523.656330108643 408.970993041992 546.721923828125 539.978702545166 678.126965522766 811.937301635742 527.208343505859 449.138549804688 670.204795837402 642.553201675415 1722.65307617188 493.855331420898 550.095970153809 1004.90769958496 547.035591125488 519.992126464844 792.694183349609 434.730422973633 423.972076416016 465.879348754883 695.195129394531 307.688720703125 925.214813232422 1040.81231689453 571.041015625 634.149253845215 502.196411132812 444.300811767578 494.757545471191 375.292251586914 407.155303955078 567.371648788452 547.8076171875 561.342063903809 423.205764770508 605.56693649292 620.592150688171 614.919474601746 667.174419403076 617.984828948975 545.431343078613 633.877778530121 659.781547546387 762.851226806641 620.925182342529 534.940521240234 617.318176746368 663.311492919922 574.557250976562 552.113101959229
488.76602935791 520.11474609375 582.45587348938 656.400863647461 560.527992248535 1037.13929748535 551.427543640137 756.992027282715 657.75115776062 626.594389915466 560.590591430664 989.97713470459 676.894714355469 705.322242736816 488.568588256836 613.764801025391 543.783096313477 419.395950317383 392.781372070312 758.52855682373 588.875701904297 368.23063659668 331.891448974609 422.561096191406 674.675628662109 512.955642700195 568.909833908081 564.896003723145 533.848438262939 467.997367858887 548.910522460938 528.602649688721 492.806945800781 751.845350265503 661.009449005127 517.587280273438 500.878204345703 645.357681274414 645.340530395508 648.115837097168 564.485206604004 530.114448547363 533.402420043945 476.638610839844 509.323673248291 589.601338028908 593.911190405488 587.311071157455 550.082759857178 595.80156993866
488.702674865723 521.79513168335 766.073240280151 485.092803955078 621.994651794434 629.603172302246 686.827056884766 1051.3244972229 573.480941772461 838.26416015625 817.685470581055 739.631820678711 907.435302734375 942.939370393753 713.790161132812 1000.45468139648 694.770033836365 442.641265869141 420.132568359375 875.386764526367 1412.73073577881 436.236679077148 404.768280029297 466.543731689453 602.773368835449 529.920225143433 477.199172973633 630.172416687012 557.94549870491 631.742216110229 650.86206817627 649.329650878906 622.071283340454 781.17015171051 617.399772644043 514.723037719727 653.573524475098 520.525291442871 674.75301361084 361.353866577148 546.303512573242 602.779272079468 511.651473999023 622.541088104248 565.911375999451 566.252540588379 577.056418418884 530.649852752686 556.194406509399 371.566925048828
457.582901000977 338.984909057617 715.634399414062 530.389015197754 611.582916259766 634.629524230957 518.22989654541 870.265869140625 1072.89850616455 551.778610229492 512.670547485352 769.595321655273 945.52853345871 579.401458740234 914.56729888916 807.433364868164 516.178314208984 784.43675994873 633.93115234375 624.845180511475 910.932220458984 602.463272094727 621.770042419434 497.361335754395 648.185424804688 536.231826782227 635.970645904541 502.125743865967 452.964149475098 593.01621723175 583.69313621521 547.543994903564 721.642959594727 440.921920776367 605.809498310089 529.364479064941 566.500389099121 571.628304958344 572.322880625725 628.928140640259 625.546550750732 449.418670654297 520.249462127686 645.858055114746 619.831466674805 604.376515388489 519.541645050049 498.600364685059 450.665412902832 593.523042678833
405.503570556641 371.835891723633 363.284484863281 305.967010498047 873.674041748047 1247.17546081543 667.117340087891 542.942462921143 761.115589141846 850.549236297607 515.135147094727 532.635437011719 733.405464172363 269.514526367188 646.435043334961 973.977432250977 1275.58338165283 429.95783996582 548.058837890625 753.206550598145 519.111503601074 437.606323242188 479.988540649414 548.88744354248 759.603992462158 675.651268005371 526.897010803223 455.689193725586 608.352836608887 706.191284179688 566.271802902222 598.635257720947 563.909617424011 546.215687274933 630.960334777832 543.331121444702 721.19945526123 690.181953430176 526.190700531006 592.37996673584 592.146028518677 567.014749526978 559.335703372955 616.867309570312 547.400087893009 494.459968566895 587.214920043945 464.042144775391 490.187591552734 392.423583984375
420.53050994873 714.226623535156 365.854064941406 663.592330932617 464.617248535156 526.717178344727 489.656723022461 650.922775268555 855.303497314453 471.200759887695 691.989517211914 526.20133972168 659.291088104248 591.25700378418 813.913543701172 481.475692749023 564.758430480957 948.237319946289 1031.79602050781 495.206253051758 484.825126647949 505.116729736328 470.287475585938 508.452392578125 537.711639404297 536.710037231445 516.288856506348 604.027992248535 399.159408569336 622.573921203613 545.223522424698 534.20166015625 506.463768005371 513.145221710205 546.61908531189 653.933013916016 648.448318481445 538.609813690186 619.72163772583 640.7385597229 527.479761123657 481.873992919922 528.187524795532 507.096843719482 484.722579956055 448.200904846191 587.917932510376 508.216688156128 589.953807830811 609.214088439941
312.536911010742 291.431762695312 395.915542602539 530.604671478271 508.330123901367 547.07661819458 593.393199920654 429.467956542969 630.577217102051 639.041566848755 962.223678588867 693.253978729248 557.313385009766 907.351791381836 761.546272277832 546.663639068604 379.678207397461 455.822906494141 455.54133605957 466.820827484131 479.801467895508 485.772117614746 524.037029266357 579.67261505127 467.159934997559 488.49479675293 498.871097564697 495.927013397217 561.278217315674 506.433308601379 581.618129730225 615.807929992676 535.565392494202 499.664613723755 628.37801361084 504.003349304199 477.763580322266 586.916641235352 668.453277587891 590.154153823853 681.290382385254 501.198310852051 617.239551544189 496.438461303711 465.324459075928 438.832443237305 495.926029205322 477.950572967529 412.686950683594 563.767406463623
733.343124389648 389.287246704102 423.375839233398 623.698272705078 643.096580505371 598.731636047363 697.087913513184 625.625270843506 918.909088134766 888.976738452911 645.426956176758 401.099212646484 490.042289733887 708.789909362793 478.742256164551 956.387523651123 376.785690307617 336.966369628906 518.745904922485 559.775974273682 565.87496471405 605.416236877441 712.235412597656 640.058586120605 602.38688659668 1630.06774902344 411.371856689453 498.287832260132 460.593753814697 490.826383590698 425.509941101074 439.11612701416 499.429902076721 507.646963119507 523.157775878906 491.32852935791 580.020584106445 508.032104492188 664.735969543457 488.808166503906 338.737533569336 612.764289855957 532.659980773926 549.363220214844 393.230575561523 557.117166519165 610.993270874023 618.431777954102 539.109466075897 587.673606872559
507.960220336914 444.86450958252 600.894729614258 411.855621337891 1303.29540061951 410.922119140625 611.160956382751 610.545150756836 641.295013427734 699.202880859375 604.970066070557 816.163164138794 653.031142234802 501.134452819824 547.181568145752 608.961380004883 640.677284240723 412.536392211914 544.072062134743 443.18830871582 570.435782909393 540.77578163147 582.896896362305 680.83430480957 639.462928771973 529.358062744141 429.322448730469 616.451812744141 559.527858734131 454.235824584961 440.984954833984 401.232238769531 550.621215820312 501.829341888428 595.65495300293 471.168273925781 638.897720336914 542.978185176849 510.860210418701 671.849761962891 595.840974807739 422.628456115723 484.437843322754 492.63249206543 513.871086120605 556.525640487671 589.830944061279 673.777938842773 517.539211273193 569.820863723755
584.825908660889 317.077194213867 433.389762878418 538.185466766357 503.867637634277 410.945617675781 627.421562194824 995.030918121338 1140.61607933044 635.284698486328 663.840721130371 637.460247039795 786.142063140869 631.150733947754 687.630439758301 538.380669593811 515.143989562988 616.521224975586 440.897048950195 455.038200378418 564.561386585236 429.493560791016 525.436857223511 412.798805236816 428.964286804199 383.454956054688 302.355850219727 492.723640441895 580.561225891113 505.708207607269 548.956436157227 497.50816822052 485.651243209839 604.198577880859 455.851821899414 501.215903759003 606.889869689941 496.731346130371 480.594591140747 497.917010307312 546.029632568359 631.298828125 655.539001464844 512.497268676758 451.761932373047 717.431900024414 672.545349121094 579.668636322021 561.868635177612 623.563446044922
405.072708129883 437.007720947266 444.775539398193 508.42574596405 391.702697753906 566.941131591797 398.313087463379 548.475967407227 622.611961364746 579.741233825684 570.710182189941 494.896359443665 546.97550880909 1013.30404663086 409.004974365234 547.789554595947 591.161636352539 605.95588684082 590.160118103027 373.081497192383 562.055759429932 367.999816894531 291.822463989258 459.283008575439 678.683502197266 451.265207290649 452.170883178711 418.25178527832 247.63166809082 384.391571044922 554.650768280029 568.528625488281 679.329849243164 531.760208129883 548.156372070312 399.72053527832 652.066040039062 313.191360473633 491.254642486572 689.680862426758 554.80627822876 438.062606811523 493.500799179077 584.906707763672 654.427238464355 647.33967590332 671.98046875 574.56990814209 504.655830383301 596.948806762695
377.793739318848 419.245986938477 471.682601928711 422.837352752686 463.193399429321 505.67024230957 546.745555877686 561.743129730225 368.220169067383 270.53727722168 498.888053894043 682.728744506836 661.311538696289 481.523973464966 540.013246536255 503.779632568359 563.435325622559 374.719482421875 476.726432800293 321.057052612305 362.678146362305 418.784858703613 516.66739988327 453.501972198486 423.920951843262 385.927856445312 531.351417541504 333.928970336914 442.975261688232 557.635425567627 538.29370880127 564.287857055664 455.211696624756 520.091672897339 572.112190246582 557.492057800293 499.067280769348 490.112232208252 523.010845184326 565.972885131836 639.761642456055 483.681198120117 512.074848413467 546.119235992432 471.077255249023 599.871253967285 691.899276733398 636.762023925781 534.892799377441 505.568588256836
342.666152954102 475.11612200737 562.194839477539 394.585289001465 505.192417144775 482.431655883789 615.194488525391 523.763236999512 516.068681716919 410.456741333008 535.445259094238 504.823411941528 469.290790557861 636.143035888672 539.093503952026 491.992142677307 370.378639221191 353.687789916992 393.22225189209 471.708578109741 430.605472564697 587.123878479004 461.887950897217 598.101707458496 469.731758117676 424.269409179688 516.055511474609 384.546356201172 605.93595123291 474.833634376526 524.815006256104 554.238647460938 509.087905883789 638.178176879883 588.84496307373 472.202112197876 501.362676620483 582.193672180176 389.463623046875 540.709800720215 520.841284275055 630.059379577637 507.864532470703 597.257789611816 542.15433883667 532.906823575497 685.466812133789 569.787553787231 648.367797851562 529.269912719727
397.30037689209 377.972015380859 397.187240600586 576.625335693359 433.570594787598 342.779037475586 469.805297374725 489.216192245483 572.754699707031 340.650451660156 405.406951904297 723.109298706055 534.68684387207 471.383244991302 440.680351257324 580.523101806641 438.187217712402 439.550857543945 384.164405822754 486.749123573303 492.496990203857 663.247100830078 557.551292419434 538.764490127563 501.322708129883 456.262243270874 500.427749633789 439.144639968872 490.170436382294 506.103601455688 558.810119628906 401.216430664062 473.267363548279 541.928405761719 485.476947307587 636.767700195312 618.264106750488 540.169334411621 648.918991088867 565.680450439453 425.236911773682 449.433151245117 509.504002571106 608.479583740234 576.550304412842 688.774810791016 447.06632232666 555.600093841553 651.141540527344 671.722755432129
507.973110198975 559.355308532715 447.798368453979 391.267265319824 523.647659301758 644.482055664062 607.596603393555 512.063409805298 495.546502113342 439.116146087646 512.576477050781 474.055313110352 452.319595336914 485.323464393616 526.760852813721 537.851139068604 322.196411132812 357.25952911377 403.816341400146 434.579273223877 303.93049621582 529.218307495117 498.304264068604 509.777767181396 435.426484107971 483.370433807373 521.760887145996 683.008178710938 474.198814451694 464.972262382507 354.720176696777 525.26290512085 570.958106994629 463.322927951813 539.833312988281 473.890627861023 426.137424468994 470.219686508179 630.260971069336 545.417831420898 533.865955352783 427.513870239258 561.234237670898 434.270660400391 592.455764770508 606.115280151367 485.98002243042 604.114631652832 570.610134124756 529.996631622314
337.819816589355 433.522850036621 460.206585526466 533.179382324219 447.720754623413 651.172698974609 460.314247131348 415.920810699463 432.755565643311 488.748396873474 429.440048217773 462.19725894928 432.645515441895 501.266750335693 384.279769897461 409.983695983887 341.214797973633 368.957008361816 449.775186538696 308.206008911133 323.016586303711 437.462558746338 562.57396697998 626.225433349609 645.40869140625 522.578720092773 527.505638122559 285.254455566406 458.368537902832 430.621604919434 433.750175476074 437.120361328125 568.829124450684 452.975271224976 546.572784423828 449.287384033203 561.025604248047 534.189041137695 534.115430831909 510.275074005127 498.635619163513 585.894775390625 407.227973937988 480.534847259521 594.74764251709 641.998085021973 633.607551574707 527.086026191711 558.214609742165 613.113075256348
479.303192138672 372.593147277832 421.9592628479 418.726360321045 566.690078735352 448.986377239227 520.782066345215 432.982936859131 593.567070007324 549.304443359375 501.234062194824 622.486694335938 508.967998504639 461.568893671036 391.611198425293 483.136501312256 330.845062255859 354.152374267578 333.593414306641 359.447883605957 438.108547210693 408.937774658203 412.020217895508 701.143997192383 496.074981689453 570.753387451172 399.10595703125 452.252745896578 432.882080078125 422.748722076416 466.306578338146 443.593738555908 513.93143081665 375.965194702148 412.641380310059 594.552352905273 527.733768463135 493.048874139786 467.363594055176 434.694606781006 397.974647521973 433.703742980957 318.157730102539 501.919630050659 518.551947832108 481.928779602051 569.693046569824 605.717239379883 577.166326522827 648.840461730957
482.737327575684 465.319988250732 492.774848937988 545.357299804688 599.468246459961 514.659954071045 547.973220825195 350.909439086914 444.267162322998 553.765663146973 467.406903982162 518.351570129395 476.064174175262 522.421012878418 467.214952707291 420.522399902344 427.748901367188 366.216186523438 314.592376708984 549.786399841309 403.944641113281 500.613967895508 631.595077514648 621.918395996094 595.196731567383 480.155956029892 485.204943656921 332.808959960938 286.751449584961 442.038385391235 581.669189453125 527.64640045166 464.202741324902 549.532211303711 519.240215301514 530.831886291504 611.035285949707 629.770095825195 517.085179805756 450.849857330322 420.604988098145 325.823013305664 502.616994142532 577.126873016357 429.007797241211 517.275748252869 559.840316772461 559.688676834106 503.619077682495 431.018074035645
601.418594360352 659.898727416992 589.848236083984 378.120330810547 546.515167236328 529.054126739502 499.546632766724 527.305095672607 484.371360778809 610.304504394531 597.522827148438 568.71590423584 526.830657958984 369.912231445312 552.866035461426 560.087112426758 508.238483428955 567.527862548828 636.984909057617 473.75480890274 523.200553894043 365.427925109863 691.832534790039 572.787628173828 604.288558959961 557.223655700684 545.113288879395 582.270156860352 189.387908935547 347.843414306641 436.579990386963 558.216781616211 391.654991149902 456.703402519226 355.607681274414 407.659702301025 406.780303955078 535.52191734314 362.707427978516 592.169975280762 489.732681274414 469.67493057251 522.051603317261 578.120010375977 518.495190143585 610.115951538086 634.796752929688 609.248924255371 521.351190567017 527.765157699585
466.417007446289 504.549842834473 398.854907989502 277.419006347656 539.198905944824 419.001171112061 654.489624023438 508.148418426514 580.024002075195 557.999000549316 416.764453887939 402.827606201172 588.772583007812 394.036422729492 506.060428619385 565.980087280273 529.551475524902 510.226140975952 501.0904712677 624.45051574707 581.871726989746 541.743339538574 452.515281677246 489.891437530518 511.072700500488 565.151107788086 438.104177474976 404.896278381348 435.786064147949 424.125701904297 506.005928039551 349.642211914062 421.478004455566 371.616416931152 521.530498504639 427.530910491943 633.415603637695 506.697002410889 611.310760498047 454.632225036621 429.266548156738 687.628570556641 360.74560546875 583.053981781006 561.301151275635 498.445613861084 463.924766540527 591.97631072998 518.245021104813 511.953371047974
498.183006286621 444.031322956085 407.666694641113 300.96378326416 488.556034088135 648.313812255859 605.894836425781 556.207046508789 527.780769348145 569.509796142578 491.218145370483 563.256736755371 622.294067382812 443.335490226746 566.43138885498 433.277690887451 309.646484375 598.662811279297 429.825382232666 582.591911315918 500.310115814209 578.107078552246 430.356071472168 535.729595184326 630.139846801758 448.054874420166 558.417198181152 428.763061523438 572.469741821289 447.183498382568 563.777130126953 343.317810058594 492.809160232544 509.034549713135 483.21079826355 476.542789459229 512.693677902222 665.792419433594 464.150724411011 403.618858337402 525.880767822266 551.318012237549 444.645545959473 363.637069702148 563.52220916748 426.226631164551 475.616889953613 553.046482086182 367.407730102539 525.157869338989
