export/dem/dem81.asc
NCOLS 350
NROWS 171
XLLCORNER 152620
YLLCORNER 418050
CELLSIZE 100
NODATA_VALUE -9999
[rows 132 to 153 of 171, columns 300 to 349 of 350]
933.450113296509 916.333948135376 1563.83052921295 1090.99150848389 869.785575866699 1016.1291809082 1426.59135055542 1429.81592559814 1333.1421661377 1414.33134460449 1329.88909912109 1238.53771972656 1174.96778869629 1491.77834320068 1428.26316070557 1210.1173248291 1315.19638061523 990.975936889648 1066.80261230469 1108.52877807617 974.400924682617 1014.40713500977 895.926891326904 894.057304382324 750.600517272949 839.382316589355 670.566757202148 997.310562133789 707.523651123047 804.092468261719 859.721939980984 782.622047424316 871.390295028687 935.980829715729 -9999 -9999 -9999 -9999 -9999 -9999 -9999 -9999 -9999 -9999 -9999 -9999 -9999 -9999 -9999 -9999
860.041021347046 825.557720184326 846.197803497314 1152.57595062256 1220.46264648438 947.955757141113 1369.69612121582 1662.72424316406 1383.92630004883 1269.07713317871 1283.7822265625 1407.46603393555 1248.17623901367 1078.27083206177 1507.32475662231 1949.55053710938 1504.95512580872 2202.11206054688 1848.77392578125 1449.85298156738 1739.88290405273 951.231163024902 861.991878986359 804.985046386719 872.450803756714 839.180290222168 702.228889465332 851.883567810059 858.383716583252 822.405799865723 675.422790527344 1009.33795928955 834.757995605469 1091.72500610352 -9999 -9999 -9999 -9999 -9999 -9999 -9999 -9999 -9999 -9999 -9999 -9999 -9999 -9999 -9999 -9999
915.553115844727 846.956298828125 939.826477050781 1077.96745300293 1278.85250854492 1097.04946899414 1355.76454162598 1582.19912719727 1350.0673828125 1242.37522888184 1293.88702392578 1249.85046958923 1110.95211029053 1048.70923614502 1372.29019165039 1549.19816589355 1245.65725708008 1329.23844909668 1108.49067687988 1189.7801361084 1334.49597167969 1193.23254776001 871.928123950958 868.480599403381 745.89949798584 795.514987945557 1044.41831207275 870.585095405579 868.072555541992 850.847229003906 741.41340637207 588.187744140625 949.264387845993 850.37769317627 690.907928466797 -9999 -9999 -9999 -9999 -9999 -9999 -9999 -9999 -9999 -9999 -9999 -9999 -9999 -9999 -9999
783.233094215393 874.260635375977 1179.87673950195 1403.73420715332 1121.15390014648 1056.20433807373 1324.15710449219 1761.44271850586 1737.6530456543 1374.05123901367 1295.76008605957 1375.49310874939 1135.04644393921 1163.22956085205 1506.53411865234 2018.03378295898 1510.61164855957 1186.16792297363 1195.0636138916 1082.04348754883 1181.36698913574 978.258220672607 1220.91032791138 951.174892425537 765.643341064453 797.912559509277 914.118125915527 893.088638305664 970.707916259766 947.523663043976 924.194198608398 763.545059204102 1166.5188293457 801.621065139771 928.326540470123 758.213302612305 -9999 -9999 -9999 -9999 -9999 -9999 -9999 -9999 -9999 -9999 -9999 -9999 -9999 -9999
736.834980010986 964.057411193848 943.500457763672 1011.2723941803 877.776226043701 1292.2862701416 1268.49395751953 1282.75256347656 1218.39202880859 1102.38259887695 1083.17995643616 1244.35287475586 1407.76006317139 1543.39234161377 1367.74829101562 1173.54140472412 1027.96228408813 1095.70760345459 1184.15303039551 1244.11413574219 987.454643249512 1125.2696685791 927.644798278809 1181.40349197388 988.666088104248 985.956177711487 937.271034240723 865.106815338135 802.799896240234 951.724105834961 1029.73516845703 1524.87197303772 886.999937057495 819.211502075195 691.10319519043 893.745502471924 -9999 -9999 -9999 -9999 -9999 -9999 -9999 -9999 -9999 -9999 -9999 -9999 -9999 -9999
968.92684173584 903.35418510437 918.838382720947 934.766544342041 944.434631347656 1337.18733215332 1325.64483642578 1148.83117675781 1008.10983276367 1124.15064239502 1098.73072814941 1123.89030456543 1352.33250808716 1413.82850646973 1252.98369979858 1111.87063980103 1084.09009170532 1053.84474182129 1137.08703613281 1126.93716430664 1065.94069671631 855.315574645996 910.086898803711 1053.71423339844 1057.2609539032 1125.9779510498 1779.57492828369 853.992618560791 853.866727828979 891.071700483561 1258.54665374756 950.239398956299 1064.19311523438 880.525554180145 983.100692749023 864.828510284424 714.857116699219 -9999 -9999 -9999 -9999 -9999 -9999 -9999 -9999 -9999 -9999 -9999 -9999 -9999
825.227844238281 1054.66044616699 1055.51937866211 1076.880859375 975.340927124023 1030.68212890625 1513.85827636719 1181.00428771973 1179.72184753418 1199.5188369751 1114.73665618896 1055.04270172119 1212.28449249268 1631.62259674072 1435.01171875 1330.74010467529 1274.75592041016 826.069259643555 1097.99642944336 1028.84998703003 968.879117965698 994.507186889648 1010.92677235603 1148.17727661133 1084.42730712891 1120.62602233887 1034.45595550537 966.627384185791 1085.99669075012 1133.06953430176 1027.23239135742 1050.92090606689 1002.32426452637 942.321743011475 884.531605243683 855.872449874878 686.844284057617 -9999 -9999 -9999 -9999 -9999 -9999 -9999 -9999 -9999 -9999 -9999 -9999 -9999
684.438293457031 867.993970870972 979.047790527344 932.610198974609 956.931304931641 1162.73374938965 1115.01548194885 1273.08323669434 1105.87007904053 1143.48419189453 1166.84414672852 1021.46271896362 1030.29274702072 1145.8126373291 1760.61979675293 1843.42388916016 957.116374492645 967.289562225342 940.055587768555 936.453712463379 880.844455718994 1057.53424835205 1036.82984161377 1023.18896484375 909.259380340576 1018.21331977844 974.054456472397 921.508666992188 908.487457275391 1180.39092230797 1004.28165435791 1082.18354797363 1060.11026763916 756.74430847168 873.492694854736 916.920258998871 858.604064941406 844.139453887939 -9999 -9999 -9999 -9999 -9999 -9999 -9999 -9999 -9999 -9999 -9999 -9999
864.127658843994 882.897068023682 862.213696479797 830.226001739502 1105.51965332031 1002.55460596085 1066.80159759521 1250.21276855469 1233.60234069824 1108.75650024414 1090.88235473633 1000.58874320984 1070.35074615479 1077.1323928833 1265.6867351532 1601.30462646484 1091.24334526062 1064.03396606445 1006.75065612793 1047.92898178101 1096.7157497406 953.04468536377 938.68660068512 913.003796663135 867.68221282959 1045.94753265381 958.38032913208 1063.72119140625 933.483828544617 995.302946090698 1299.11817169189 963.733116149902 997.584663391113 826.853813171387 857.313095092773 932.260468959808 1025.76594543457 808.514801025391 -9999 -9999 -9999 -9999 -9999 -9999 -9999 -9999 -9999 -9999 -9999 -9999
751.552389144897 774.989576339722 1040.46157836914 829.976788520813 1031.97538757324 994.078094482422 1062.9870300293 954.29768371582 1250.25296020508 988.089653015137 1140.47550964355 880.694366455078 1045.15675830841 976.569923400879 1140.03797149658 1505.13818359375 1030.48564052582 1178.2897567749 1022.60778045654 1169.43158721924 1001.72972297668 999.025039672852 1017.85561943054 773.916549682617 765.379058837891 871.688709259033 945.344276428223 999.37652015686 941.080924987793 1060.88946342468 1346.51807403564 1068.1882019043 1003.80321311951 958.070167541504 861.48123550415 952.998321533203 1007.23579406738 994.214767456055 749.570755004883 -9999 -9999 -9999 -9999 -9999 -9999 -9999 -9999 -9999 -9999 -9999
887.214866638184 815.636390686035 850.8747215271 889.7113032341 1173.80807495117 1257.8840637207 1236.64649963379 1137.47264099121 1205.4421081543 1072.39990520477 894.880211830139 1095.23617935181 955.493236541748 924.477279663086 1236.12464904785 1173.06369781494 1115.5030670166 1090.17004394531 1082.3062171936 1154.53549957275 1322.71040534973 1046.46092605591 1281.02327346802 983.21656036377 983.421535491943 928.762901306152 728.688873291016 1051.09020996094 1032.53983879089 964.397926330566 1164.09098243713 1227.14710235596 989.267243385315 989.675235748291 1093.1404876709 825.04956817627 1046.19190216064 961.041530609131 808.670160293579 -9999 -9999 -9999 -9999 -9999 -9999 -9999 -9999 -9999 -9999 -9999
813.076187133789 898.439636230469 746.522474765778 815.731559753418 900.433271408081 1103.4658203125 1053.32095336914 1024.17390441895 873.739624023438 881.669715881348 997.04280090332 981.391187667847 982.842208862305 977.482162475586 1133.44106674194 1519.87117004395 1084.78294372559 1078.70587921143 888.266006469727 1043.53533554077 1018.4816493988 997.023632049561 1108.67994475365 1218.24655628204 1110.33044815063 899.262668609619 1115.51635742188 971.280488967896 1014.10224533081 1140.45572662354 1024.6376953125 1020.08262634277 943.628116607666 972.417930603027 960.542112350464 1021.77902793884 952.698415756226 1071.44895172119 910.78910446167 -9999 -9999 -9999 -9999 -9999 -9999 -9999 -9999 -9999 -9999 -9999
623.304267883301 664.688381195068 702.066276550293 895.899719238281 787.638902664185 861.633598327637 932.493835449219 736.365947723389 880.041290283203 860.566864013672 781.147826194763 807.605274200439 958.711508750916 995.884264945984 943.490951538086 1200.05651092529 1586.06227493286 1111.92115402222 1001.42275047302 1099.50688171387 1070.43998718262 929.24599647522 1021.83370828629 1166.21617126465 1220.37635040283 1179.67889404297 1468.61933898926 964.637491226196 1119.25270080566 951.462112426758 1167.14038085938 1241.70303344727 942.477535247803 829.140693664551 897.718482971191 1027.1681022644 1073.34535217285 878.204399108887 929.907241821289 1043.01416015625 -9999 -9999 -9999 -9999 -9999 -9999 -9999 -9999 -9999 -9999
724.42368888855 706.735129356384 723.37449285388 878.15315246582 862.296340942383 938.809539794922 759.742733478546 867.070861816406 860.045894622803 902.607604980469 874.055603027344 725.142671585083 710.46809387207 921.667554855347 1146.34582519531 1014.17039871216 1062.4647321701 1109.24968338013 1782.42939758301 1093.25826263428 1113.76960754395 1083.69318389893 1076.16352081299 1110.51194000244 1460.37818717957 1549.43382263184 883.344367980957 1164.0587015152 996.873895645142 1029.18438720703 1112.76560974121 915.241416931152 774.896812438965 905.878613598645 1061.19109249115 802.427276611328 1062.36264801025 817.61548614502 858.180183410645 947.559845924377 -9999 -9999 -9999 -9999 -9999 -9999 -9999 -9999 -9999 -9999
897.57120513916 773.026557922363 760.274124145508 897.309432983398 758.484535217285 949.675048828125 703.39820098877 898.651153564453 950.33828830719 950.828971862793 895.558250427246 771.056175231934 761.127077102661 732.072696685791 946.819702148438 806.720962524414 1061.00072479248 985.032957077026 871.043029785156 1088.07791900635 1033.97574424744 904.032661437988 1120.91655731201 947.098457336426 908.500625610352 1395.65804290771 1073.87075042725 831.125106811523 994.021312713623 1073.82120132446 1116.94879150391 1093.5905380249 1000.00238800049 932.249588012695 1046.10009765625 967.58670425415 943.476314544678 1022.25885009766 983.078063964844 891.646495819092 -9999 -9999 -9999 -9999 -9999 -9999 -9999 -9999 -9999 -9999
641.354019165039 685.942977905273 680.617774963379 673.860702514648 678.66561126709 891.758346557617 884.674613952637 932.783294677734 758.030153274536 965.665343284607 920.503482818604 825.352027893066 767.221767425537 835.511337280273 862.505954742432 916.855140686035 927.338138580322 972.750244140625 1024.32511615753 1184.64471435547 1022.5073184967 1108.82544326782 1198.56336975098 1115.9782371521 1081.69171905518 986.243007659912 1074.04376602173 1226.38435745239 1099.3618927002 1029.07968139648 969.37949180603 815.063369750977 850.721389770508 952.645498275757 847.821746826172 984.022138595581 956.960817337036 975.174268722534 1010.33108520508 753.581771850586 1039.77569580078 -9999 -9999 -9999 -9999 -9999 -9999 -9999 -9999 -9999
859.921768188477 844.625286102295 845.090667724609 688.214645385742 657.779998779297 700.930164337158 991.039703369141 747.68229675293 759.919750213623 833.820308685303 891.125926017761 976.24409866333 856.52286529541 957.874713897705 875.458015441895 833.912240982056 755.348907470703 848.252115249634 803.266822814941 1012.23125076294 1051.66686916351 1043.19075012207 1023.87328338623 932.527877807617 1034.00407028198 1156.45666503906 1049.5645096302 988.822981357574 867.17546081543 970.972145080566 889.011549949646 687.503509521484 866.44807434082 787.744262695312 919.926288604736 806.194305419922 1067.04845428467 1021.99443817139 945.478050231934 901.632617950439 809.998184204102 -9999 -9999 -9999 -9999 -9999 -9999 -9999 -9999 -9999
860.21378326416 1000.26391601562 736.328399658203 648.395858764648 656.312728881836 688.743747711182 747.486248016357 884.307163238525 809.609617233276 802.08655166626 690.075576782227 850.709327697754 928.875246047974 1039.04505157471 820.249181747437 826.361594200134 739.144474029541 675.35124206543 773.469215393066 957.208457946777 884.82306098938 1069.70236968994 1172.50230026245 1193.5477180481 1169.69206237793 1077.1385345459 952.232986450195 822.534698486328 794.793937683105 849.025978088379 754.286651611328 826.986534118652 861.385612487793 829.033527374268 872.790634155273 1028.26067733765 880.030014038086 909.317882537842 861.845573425293 785.037368774414 1038.89180374146 747.175842285156 -9999 -9999 -9999 -9999 -9999 -9999 -9999 -9999
849.167724609375 841.763221740723 799.221923112869 732.434009552002 815.260292053223 783.036432266235 914.995071411133 897.311157226562 910.174240112305 846.592126846313 900.974153518677 901.854011535645 710.838470458984 949.64013671875 1091.62127685547 890.526031494141 835.460990905762 806.777862548828 841.404727935791 804.830177307129 841.895843505859 929.123860359192 950.875672340393 1116.52122497559 1005.65932416916 943.684684514999 1075.77108764648 1054.06495285034 968.124151229858 715.35466003418 817.703887939453 833.949527740479 779.017929077148 906.135689020157 878.177223205566 818.581680297852 940.023044586182 928.805908203125 739.399185180664 855.091285705566 883.706390380859 823.622268676758 -9999 -9999 -9999 -9999 -9999 -9999 -9999 -9999
917.285491943359 758.159997940063 869.456146240234 817.972713470459 740.443462371826 803.828121185303 698.532291412354 861.620986938477 815.344123840332 820.263177871704 916.653524398804 851.336753845215 926.420399665833 756.442092895508 967.299161911011 1000.44739532471 901.985486984253 740.980125427246 863.411987304688 908.79125213623 745.716400146484 946.134864807129 885.612190246582 1033.78009033203 846.682329177856 818.585787773132 802.865928649902 989.589157104492 894.96378326416 984.88994884491 950.574624538422 945.28987121582 886.732719421387 836.860687255859 1257.35787963867 827.543586730957 913.546614646912 1081.00164031982 923.529109954834 1026.89200210571 1040.40325927734 989.521457910538 880.038993835449 -9999 -9999 -9999 -9999 -9999 -9999 -9999
886.37467956543 792.407461643219 851.824668884277 750.875846862793 756.805976867676 881.098426818848 824.302349090576 839.69807434082 804.077613830566 814.66432762146 819.885425567627 916.340255737305 862.296157836914 892.796422362328 1001.1848526001 988.311767578125 1009.53433418274 975.677318572998 882.167442321777 810.8427734375 863.060970306396 716.69303894043 904.500110626221 907.492725372314 932.080600738525 825.626350402832 711.487243652344 923.788986206055 1021.7230758667 853.536987304688 1029.24503326416 875.131607055664 845.61198425293 820.942565917969 1108.5267791748 966.582468032837 886.262771606445 1036.88114571571 871.922523498535 973.640560150146 1093.26192474365 1059.45934295654 977.168800354004 -9999 -9999 -9999 -9999 -9999 -9999 -9999
882.860748291016 965.141555786133 845.270454406738 867.616577148438 728.138343811035 831.314178466797 797.551536560059 858.106895446777 902.156326293945 796.945093512535 751.76570892334 962.202308654785 1021.53996276855 961.946304321289 805.904365539551 871.538772583008 988.967552185059 1056.32654571533 1118.40940856934 844.800582885742 922.226705551147 835.07608795166 816.046546936035 940.980611801147 833.401760101318 842.044609069824 803.281120300293 850.973121643066 875.990721702576 776.427032470703 865.374809265137 959.20753288269 871.026145935059 801.56282043457 1290.37575531006 741.593780517578 932.045625686646 819.547103881836 1007.18330574036 860.320541381836 917.581527709961 1121.92356872559 981.80177116394 1033.31142044067 -9999 -9999 -9999 -9999 -9999 -9999
