export/dem/dem86.asc
NCOLS 350
NROWS 171
XLLCORNER 152620
YLLCORNER 418050
CELLSIZE 100
NODATA_VALUE -9999
[rows 88 to 109 of 171, columns 0 to 49 of 350]
-9999 -9999 -9999 -9999 -9999 -9999 -9999 -9999 -9999 -9999 -9999 -9999 -9999 -9999 -9999 -9999 -9999 378.688766479492 280.627944946289 301.456206083298 280.208599090576 568.423152923584 437.790092468262 710.966217041016 615.698822021484 588.572151184082 656.680679321289 259.760360717773 667.128425598145 356.863372802734 236.715270996094 108.574035644531 439.18049621582 399.477603912354 573.646171569824 362.258796691895 433.065629959106 828.362731933594 672.78104019165 615.450782775879 653.568305969238 623.088886260986 343.926254272461 344.392707824707 435.203468322754 289.986335754395 591.365333557129 575.212074279785 647.168365478516 539.916549682617
-9999 -9999 -9999 -9999 -9999 -9999 -9999 -9999 -9999 -9999 -9999 -9999 -9999 -9999 -9999 -9999 -9999 381.040306091309 472.110565185547 439.568687438965 266.016059875488 632.679718017578 299.788162231445 562.221994400024 456.31343460083 769.185274124146 520.736968994141 985.985122680664 445.983734130859 255.0673828125 154.166381835938 564.795124053955 280.077346801758 488.090259552002 596.134189605713 681.185859680176 683.909332275391 624.712104797363 717.961616516113 613.673561096191 735.875203132629 609.807163238525 559.588171005249 430.774200439453 349.761028289795 341.988430976868 572.839921951294 531.071927309036 421.261085510254 530.497608184814
-9999 -9999 -9999 -9999 -9999 -9999 -9999 -9999 -9999 -9999 -9999 -9999 -9999 -9999 -9999 -9999 593.601142883301 682.972877502441 181.573867797852 403.795356750488 430.204383850098 453.917453765869 597.37481880188 325.297241210938 544.416233062744 467.795433044434 419.054183959961 367.889984130859 337.340698242188 325.081737518311 281.955764770508 474.839218139648 370.05952167511 554.654048919678 519.622184753418 695.719528198242 747.7946434021 492.669952392578 561.145522117615 626.304786682129 481.902923583984 606.916549682617 618.588666915894 603.757263183594 460.469135284424 429.331695556641 459.343378067017 421.446990966797 368.918014526367 331.613131999969
-9999 -9999 -9999 -9999 -9999 -9999 -9999 -9999 -9999 -9999 -9999 -9999 -9999 -9999 -9999 -9999 584.285613179207 540.246845245361 488.688616156578 511.876893043518 404.132736206055 661.587467193604 467.065036773682 379.728172302246 533.616790771484 384.016067504883 340.357574462891 583.518884658813 529.179306030273 316.88501739502 597.239689826965 393.548934936523 494.092820167542 455.323770523071 802.776191711426 463.14083480835 607.258857727051 626.805999755859 467.891174316406 286.162715911865 427.618103027344 364.573699951172 318.924827575684 188.397275924683 416.198257446289 331.787796020508 320.265636444092 407.613861083984 439.48942565918 379.62996673584
-9999 -9999 -9999 -9999 -9999 -9999 -9999 -9999 -9999 -9999 -9999 -9999 -9999 -9999 -9999 614.092056274414 747.596420288086 531.616569519043 664.056274414062 511.783362388611 739.077949523926 640.067329406738 515.030963897705 790.147083282471 515.207456588745 737.088465690613 634.672382354736 456.869274139404 657.590454101562 596.397720336914 669.800445556641 867.46745300293 625.561393737793 348.35654258728 590.705551147461 583.058029174805 761.446228027344 677.690068244934 591.258071899414 238.765121459961 329.667953491211 412.715293884277 444.331161499023 129.468070983887 200.859275817871 406.080505371094 399.462615966797 417.565170288086 516.744178771973 376.088973999023
-9999 -9999 -9999 -9999 -9999 -9999 -9999 -9999 -9999 -9999 -9999 -9999 -9999 -9999 -9999 575.609432220459 432.378314971924 599.984352111816 523.918754577637 467.66427230835 700.906433105469 526.60871887207 631.487014770508 636.295288085938 853.797431945801 397.682418823242 539.653814315796 450.139896392822 503.846290588379 384.917007446289 308.12166595459 300.125854492188 373.10791015625 171.643829345703 661.260937154293 674.442578315735 796.895492553711 876.249908447266 751.325294494629 110.710296630859 311.496549606323 465.902847290039 296.260544776917 259.868556976318 204.002683162689 365.353927612305 248.853691577911 452.728912353516 304.100009918213 505.071014404297
-9999 -9999 -9999 -9999 -9999 -9999 -9999 -9999 -9999 -9999 -9999 -9999 -9999 -9999 590.419340133667 531.592151641846 580.640907287598 525.627262115479 406.455032348633 363.199165344238 520.595507621765 580.410419464111 688.959121704102 669.447494506836 396.694480895996 490.130928039551 641.806097507477 303.223625183105 235.782196044922 478.655540466309 424.492874145508 276.710105895996 304.836925506592 332.583535194397 331.275605201721 830.544021606445 680.455236434937 644.955848693848 -9999 -9999 539.828475952148 429.686676025391 281.470352172852 245.219926834106 434.187713623047 361.405113220215 547.531585693359 482.923099517822 441.21785736084 295.29514503479
-9999 -9999 -9999 -9999 -9999 -9999 -9999 -9999 -9999 -9999 -9999 -9999 -9999 -9999 789.649002075195 544.727222442627 555.289855957031 543.382217407227 439.23645401001 481.448516845703 497.684542179108 682.802906036377 639.051071166992 552.459777832031 546.278106689453 546.868419647217 695.359561920166 588.601371765137 881.676788330078 425.231857299805 592.142470359802 307.948337554932 84.1546783447266 317.510799407959 337.95370054245 -9999 -9999 -9999 -9999 -9999 -9999 -9999 248.159132003784 283.259643554688 309.222961425781 146.275573730469 360.162328720093 594.435266494751 327.710451126099 427.498077392578
-9999 -9999 -9999 -9999 -9999 -9999 -9999 -9999 -9999 -9999 -9999 -9999 -9999 617.879821777344 553.359783172607 510.128343582153 600.962387084961 224.775756835938 201.96321105957 331.690536499023 549.383796691895 783.533340454102 972.767017364502 550.599716186523 540.462577819824 483.662635803223 621.306049823761 556.62181854248 704.751552581787 851.358371734619 490.424926757812 294.429641723633 467.90251159668 316.787498474121 325.584564208984 -9999 -9999 -9999 -9999 -9999 -9999 -9999 -9999 300.731262207031 272.832149505615 332.759994506836 412.492202758789 499.710632324219 452.031608581543 268.898037195206
-9999 -9999 -9999 -9999 -9999 -9999 -9999 -9999 -9999 -9999 -9999 -9999 -9999 651.430076599121 497.547330856323 452.325101852417 276.715476989746 78.8951263427734 316.509622573853 465.385406494141 718.588371276855 421.544982910156 751.546577453613 526.961891174316 635.902759552002 553.402740478516 559.372364044189 533.492404937744 598.676327943802 753.828424453735 417.068438529968 433.643797397614 267.837677001953 336.636680603027 -9999 -9999 -9999 -9999 -9999 -9999 -9999 -9999 -9999 -9999 247.898173332214 350.806076049805 213.622024536133 231.43433380127 576.927124023438 207.268966674805
-9999 -9999 -9999 -9999 -9999 -9999 -9999 -9999 -9999 -9999 -9999 -9999 458.373863220215 450.676755905151 430.491519927979 367.447372436523 529.227157592773 574.039216995239 604.625686645508 594.51350402832 615.56511592865 308.820266723633 394.809997558594 504.217544555664 580.435774803162 682.015617370605 616.062742233276 570.829307556152 510.595733642578 579.253753662109 407.261978149414 473.043741226196 485.463478088379 -9999 -9999 -9999 -9999 -9999 -9999 -9999 -9999 -9999 -9999 -9999 245.321990966797 373.981746673584 375.293411254883 348.021961212158 479.100296020508 550.223625183105
-9999 -9999 -9999 -9999 -9999 -9999 -9999 -9999 -9999 -9999 -9999 535.91389465332 540.673086166382 343.227416992188 461.178144454956 419.477931022644 501.130043029785 713.02575969696 522.687408447266 365.730712890625 572.729169368744 968.269947052002 609.080577850342 453.407005310059 713.378456115723 603.809537887573 512.635154724121 629.331275939941 501.139823913574 429.908466339111 490.074137926102 416.007362365723 392.01033782959 -9999 -9999 -9999 -9999 -9999 -9999 -9999 -9999 -9999 -9999 -9999 -9999 177.592483520508 263.77619934082 386.20240020752 206.383209228516 502.633544921875
-9999 -9999 -9999 -9999 -9999 -9999 -9999 -9999 -9999 -9999 -9999 407.519371032715 557.215522766113 256.061752319336 359.937702178955 342.833503723145 549.741619110107 473.596557617188 460.211944580078 480.70157623291 506.970703601837 512.973690032959 546.241836547852 517.42488861084 518.866561889648 651.514844894409 709.181896209717 594.049661636353 456.189262390137 354.265281677246 436.334824562073 540.35181427002 -9999 -9999 -9999 -9999 -9999 -9999 -9999 -9999 -9999 -9999 -9999 -9999 -9999 462.32149887085 307.113109588623 422.962310791016 374.812543869019 413.608291625977
-9999 -9999 -9999 -9999 -9999 -9999 -9999 -9999 -9999 -9999 474.601829528809 209.513442993164 359.039585113525 309.074462890625 455.233352661133 521.860954284668 626.622058868408 690.942268371582 621.276655733585 401.768356323242 406.968414306641 544.762092590332 541.459102630615 568.616436958313 528.918632507324 760.682550430298 633.101898193359 684.162528991699 686.08332824707 458.571132659912 320.517013549805 -9999 -9999 -9999 -9999 -9999 -9999 -9999 -9999 -9999 -9999 -9999 -9999 -9999 -9999 -9999 385.833602905273 484.298000335693 357.479963302612 385.809925079346
-9999 -9999 -9999 -9999 -9999 -9999 -9999 -9999 -9999 -9999 470.713645935059 385.014293670654 446.570231437683 338.117724537849 491.419143676758 386.626518249512 551.05680847168 342.604553222656 500.452083587646 364.411758422852 551.131502151489 502.197658538818 636.223285675049 673.641204833984 505.006860256195 387.654476165771 434.376518249512 326.186195373535 188.76676940918 236.795886993408 -9999 -9999 -9999 -9999 -9999 -9999 -9999 -9999 -9999 -9999 -9999 -9999 -9999 -9999 -9999 -9999 -9999 571.047395706177 304.156860351562 268.53295135498
-9999 -9999 -9999 -9999 -9999 -9999 -9999 -9999 -9999 529.83690071106 415.59497833252 382.289756774902 343.340163230896 364.118564605713 625.548645019531 453.353034973145 442.189491271973 591.232975006104 586.393283843994 1008.18907165527 503.321034431458 489.812469482422 618.102916717529 571.790802001953 409.809394836426 343.550342559814 269.19554901123 108.256927490234 239.397117614746 162.764221191406 -9999 -9999 -9999 -9999 -9999 -9999 -9999 -9999 -9999 -9999 -9999 -9999 -9999 -9999 -9999 -9999 -9999 -9999 324.022796630859 534.427635192871
-9999 -9999 -9999 -9999 -9999 -9999 -9999 -9999 596.745464324951 597.651763916016 372.388969421387 409.132930755615 444.897710800171 364.534713745117 329.716065406799 469.935401916504 472.578411102295 467.000076293945 249.738967895508 605.39274597168 671.014686584473 530.334993362427 612.946901321411 266.941452026367 247.926643371582 166.474456787109 249.033668518066 320.55591583252 222.884041428566 -9999 -9999 -9999 -9999 -9999 -9999 -9999 -9999 -9999 -9999 -9999 -9999 -9999 -9999 -9999 -9999 -9999 -9999 -9999 -9999 735.767364501953
-9999 -9999 -9999 -9999 -9999 -9999 -9999 -9999 440.99990606308 406.275308609009 476.678497314453 295.789932250977 506.606254577637 501.180892944336 749.914764404297 504.342227935791 393.234619140625 238.697952270508 820.97505569458 539.398010253906 373.582427978516 419.093086242676 575.662357330322 197.260917663574 298.370670318604 224.896644592285 244.116834402084 185.374572753906 -9999 -9999 -9999 -9999 -9999 -9999 -9999 -9999 -9999 -9999 -9999 -9999 -9999 -9999 -9999 -9999 -9999 -9999 -9999 -9999 -9999 -9999
-9999 -9999 -9999 -9999 -9999 -9999 -9999 338.872123718262 383.328205108643 489.446125030518 542.829605102539 457.323376178741 247.910003662109 550.882057189941 558.581466674805 576.280059814453 418.472610473633 405.534515380859 519.872688293457 436.536685943604 367.736495018005 479.691680908203 284.490194320679 262.965560913086 219.692043304443 139.159637451172 234.999018192291 134.116104125977 -9999 -9999 -9999 -9999 -9999 -9999 -9999 -9999 -9999 -9999 -9999 -9999 -9999 -9999 -9999 -9999 -9999 -9999 -9999 -9999 -9999 -9999
-9999 -9999 -9999 -9999 -9999 -9999 277.299453735352 477.733219146729 329.633720397949 552.328285217285 396.057373046875 542.697044372559 584.127138137817 561.690342903137 441.205333709717 591.53980255127 383.317165374756 515.67658996582 425.667053222656 339.765621185303 391.261524200439 502.904567718506 528.942260742188 313.086006164551 220.74916267395 311.042739868164 412.221939086914 -9999 -9999 -9999 -9999 -9999 -9999 -9999 -9999 -9999 -9999 -9999 -9999 -9999 -9999 -9999 -9999 -9999 -9999 -9999 -9999 -9999 -9999 -9999
-9999 -9999 -9999 -9999 561.492088317871 350.318702697754 404.949752807617 140.050987243652 195.488912582397 558.597206115723 599.415985107422 754.781112670898 503.062671661377 473.254665374756 483.074350833893 496.045679092407 573.254135131836 298.318313598633 201.670562744141 540.427558898926 473.778129577637 758.964256286621 225.138381958008 79.0125818252563 99.4425029754639 406.810653686523 -9999 -9999 -9999 -9999 -9999 -9999 -9999 -9999 -9999 -9999 -9999 -9999 -9999 -9999 -9999 -9999 -9999 -9999 -9999 -9999 -9999 -9999 -9999 -9999
168.996528625488 154.38729095459 194.873306274414 231.210586547852 354.610710144043 523.257293701172 469.105316162109 571.480537414551 333.33984375 801.500610351562 541.076683998108 804.240600585938 639.307968139648 391.019226074219 552.201335906982 530.715484619141 750.431930541992 221.766387939453 298.78955078125 577.175796508789 522.16138458252 357.821269989014 131.0631980896 -167.041137695312 -30.9446182250977 82.1183137893677 -9999 -9999 -9999 -9999 -9999 -9999 -9999 -9999 -9999 -9999 -9999 -9999 -9999 -9999 -9999 -9999 -9999 -9999 -9999 -9999 -9999 -9999 -9999 -9999
