export/dem/dem82.asc
NCOLS 350
NROWS 171
XLLCORNER 152620
YLLCORNER 418050
CELLSIZE 100
NODATA_VALUE -9999
[rows 110 to 131 of 171, columns 300 to 349 of 350]
858.435272216797 829.463371276855 875.23371887207 724.697521209717 949.20280456543 968.794486999512 834.97661113739 878.476760864258 902.473022460938 637.131591796875 619.659881591797 720.968147277832 1680.32152557373 986.931331694126 778.10018157959 786.001968383789 1408.93351745605 710.758087158203 980.260803222656 -9999 -9999 -9999 -9999 -9999 -9999 -9999 -9999 -9999 -9999 -9999 -9999 -9999 -9999 -9999 -9999 -9999 -9999 -9999 -9999 -9999 -9999 -9999 -9999 -9999 -9999 -9999 -9999 -9999 -9999 -9999
885.118942260742 551.369247436523 700.851650238037 754.551355361938 775.322132110596 806.378549575806 1184.9084777832 1292.86761474609 676.527320861816 875.116436004639 1261.24383544922 487.310043334961 782.259552001953 755.518913269043 641.908096313477 752.904800415039 768.139404296875 1155.80235290527 911.786773681641 -9999 -9999 -9999 -9999 -9999 -9999 -9999 -9999 -9999 -9999 -9999 -9999 -9999 -9999 -9999 -9999 -9999 -9999 -9999 -9999 -9999 -9999 -9999 -9999 -9999 -9999 -9999 -9999 -9999 -9999 -9999
789.672058105469 943.13542175293 1067.00073623657 889.842437744141 837.257827758789 760.469982147217 471.564895629883 1102.63326644897 790.258167266846 1763.18035125732 1037.44495391846 842.178405761719 745.104751586914 724.861923217773 735.714920043945 1262.75233459473 759.540954589844 994.142593383789 1637.0696105957 735.871887207031 -9999 -9999 -9999 -9999 -9999 -9999 -9999 -9999 -9999 -9999 -9999 -9999 -9999 -9999 -9999 -9999 -9999 -9999 -9999 -9999 -9999 -9999 -9999 -9999 -9999 -9999 -9999 -9999 -9999 -9999
858.610269546509 946.227737426758 809.33576965332 917.680431365967 788.30672454834 790.45125579834 771.052558898926 725.183532714844 942.415599822998 2207.9836730957 788.649459838867 791.397933959961 705.948028564453 946.302185058594 1289.77398681641 1109.21048736572 1065.53815841675 819.076431274414 940.186157226562 1338.77908325195 1090.28466796875 -9999 -9999 -9999 -9999 -9999 -9999 -9999 -9999 -9999 -9999 -9999 -9999 -9999 -9999 -9999 -9999 -9999 -9999 -9999 -9999 -9999 -9999 -9999 -9999 -9999 -9999 -9999 -9999 -9999
862.624813079834 825.996921539307 856.225610733032 940.032081604004 710.402064323425 902.978218078613 767.044002532959 768.262214660645 819.773574829102 1265.76303863525 716.361663818359 942.730865478516 667.664276123047 1016.11427307129 780.333450317383 806.06706237793 744.782341003418 781.870086669922 960.861389160156 1029.95428657532 870.638381958008 -9999 -9999 -9999 -9999 -9999 -9999 -9999 -9999 -9999 -9999 -9999 -9999 -9999 -9999 -9999 -9999 -9999 -9999 -9999 -9999 -9999 -9999 -9999 -9999 -9999 -9999 -9999 -9999 -9999
930.96951675415 1021.56520080566 968.705352783203 922.81421661377 925.241325378418 845.575588226318 833.581878662109 896.662330627441 611.013618469238 897.931427001953 1261.87831115723 662.544860839844 867.745237350464 1261.5353012085 725.846389770508 828.988990783691 1307.57957839966 862.789840698242 934.511264801025 658.661575317383 779.77290058136 797.398595809937 -9999 -9999 -9999 -9999 -9999 -9999 -9999 -9999 -9999 -9999 -9999 -9999 -9999 -9999 -9999 -9999 -9999 -9999 -9999 -9999 -9999 -9999 -9999 -9999 -9999 -9999 -9999 -9999
834.142986297607 813.103096008301 1044.45533752441 1157.48189163208 847.916519165039 671.620509147644 1178.80372619629 622.259887695312 810.425111293793 1240.80792236328 1178.7287979126 1544.75100803375 959.368148803711 1100.03185272217 878.854906082153 774.98291015625 1367.05141448975 1142.5638885498 748.289161682129 785.724800109863 821.164413452148 831.166847229004 829.325485229492 -9999 -9999 -9999 -9999 -9999 -9999 -9999 -9999 -9999 -9999 -9999 -9999 -9999 -9999 -9999 -9999 -9999 -9999 -9999 -9999 -9999 -9999 -9999 -9999 -9999 -9999 -9999
927.150817871094 731.763130187988 895.677169799805 866.984457015991 1304.78659820557 1260.40542602539 673.063596248627 621.601333618164 499.731872558594 773.090454101562 1051.97144508362 934.292415618896 1281.97073364258 1364.58918190002 906.432136535645 980.671310424805 1117.53509032726 728.95442199707 636.846923828125 745.943199157715 770.991256713867 839.367170333862 888.265594482422 -9999 -9999 -9999 -9999 -9999 -9999 -9999 -9999 -9999 -9999 -9999 -9999 -9999 -9999 -9999 -9999 -9999 -9999 -9999 -9999 -9999 -9999 -9999 -9999 -9999 -9999 -9999
911.551223754883 671.8313331604 829.370363235474 776.363891601562 989.731603622437 719.05647277832 827.717400550842 866.63117980957 668.875595092773 701.37622833252 878.209602355957 442.02375793457 829.21533203125 900.521711826324 795.404998779297 1013.2939414978 715.445724487305 827.997241973877 832.680286407471 779.074466705322 899.27229309082 844.228595733643 890.952014923096 880.487014770508 -9999 -9999 -9999 -9999 -9999 -9999 -9999 -9999 -9999 -9999 -9999 -9999 -9999 -9999 -9999 -9999 -9999 -9999 -9999 -9999 -9999 -9999 -9999 -9999 -9999 -9999
1001.19793701172 822.034536909312 617.583396911621 814.788338989019 1029.36188101768 815.605518341064 727.583282470703 691.683792114258 596.734588623047 713.589912414551 759.540023803711 633.957733154297 764.78441619873 992.362861633301 1232.12915611267 890.715366363525 774.613906860352 849.29859161377 658.682144165039 805.670881271362 796.758012771606 919.506874084473 849.331142425537 929.78210067749 982.740653991699 -9999 -9999 -9999 -9999 -9999 -9999 -9999 -9999 -9999 -9999 -9999 -9999 -9999 -9999 -9999 -9999 -9999 -9999 -9999 -9999 -9999 -9999 -9999 -9999 -9999
1405.62440490723 1811.82101821899 1094.92051696777 1067.59873962402 1237.40980529785 943.361469268799 698.220420837402 613.370849609375 709.504730224609 1313.78820800781 667.54248046875 649.139419555664 742.373443603516 894.05549621582 679.112869262695 1431.76351928711 707.967109680176 630.856201171875 772.561134338379 923.421203613281 883.240821838379 759.962013244629 950.309909820557 879.525770187378 976.257049560547 880.176319122314 -9999 -9999 -9999 -9999 -9999 -9999 -9999 -9999 -9999 -9999 -9999 -9999 -9999 -9999 -9999 -9999 -9999 -9999 -9999 -9999 -9999 -9999 -9999 -9999
1021.23324584961 1094.29913330078 1305.50012642145 928.39475440979 1240.39460754395 1480.13958740234 1051.83963012695 899.310167312622 944.508068084717 782.671035766602 714.780059814453 698.782089233398 766.572135925293 670.479301452637 968.313659667969 838.494575500488 805.087829589844 963.745330810547 802.54926109314 839.054879188538 793.475477218628 822.462867736816 862.635997772217 698.068710327148 837.806030273438 892.081995010376 -9999 -9999 -9999 -9999 -9999 -9999 -9999 -9999 -9999 -9999 -9999 -9999 -9999 -9999 -9999 -9999 -9999 -9999 -9999 -9999 -9999 -9999 -9999 -9999
1079.26010513306 949.100631713867 1245.92385864258 995.466522216797 1232.76631164551 1369.67881393433 1398.38739013672 1074.33824157715 951.123794555664 1175.30515289307 1135.34160995483 952.634979248047 710.94409942627 806.743251800537 729.768692016602 778.195538520813 660.540740966797 836.823707580566 797.970176696777 682.250137329102 778.865386962891 717.525993347168 845.935478210449 910.757034301758 730.34489440918 799.967552185059 944.455360412598 -9999 -9999 -9999 -9999 -9999 -9999 -9999 -9999 -9999 -9999 -9999 -9999 -9999 -9999 -9999 -9999 -9999 -9999 -9999 -9999 -9999 -9999 -9999
1350.42926025391 1035.93302154541 800.90015411377 843.237579345703 802.865661621094 1352.05361938477 1494.34470176697 909.404861450195 1000.55460357666 990.187347412109 659.560623168945 776.211627960205 736.466781616211 627.002807617188 793.19641494751 812.490844726562 604.341918945312 797.944801807404 683.028694152832 716.327590942383 874.260986328125 694.026679992676 644.154403686523 791.059581756592 753.06925201416 771.589538574219 876.306692123413 869.859813690186 -9999 -9999 -9999 -9999 -9999 -9999 -9999 -9999 -9999 -9999 -9999 -9999 -9999 -9999 -9999 -9999 -9999 -9999 -9999 -9999 -9999 -9999
987.884971618652 974.01407623291 917.865385055542 1047.51539611816 910.441932678223 1050.33136367798 1420.27892303467 1023.76427459717 976.936424255371 749.812866210938 722.481735229492 857.36177444458 662.203323364258 761.344680786133 615.013381958008 812.49235534668 940.770210266113 770.431290626526 792.978965759277 968.970352172852 811.428414344788 840.015964508057 841.533249855042 810.92909860611 854.960256576538 821.049081802368 747.154304504395 844.89754486084 823.093406677246 -9999 -9999 -9999 -9999 -9999 -9999 -9999 -9999 -9999 -9999 -9999 -9999 -9999 -9999 -9999 -9999 -9999 -9999 -9999 -9999 -9999
899.949033737183 938.122043609619 925.052396774292 1151.32146453857 1399.35874938965 944.586517333984 1070.70585632324 999.072631835938 794.918678283691 681.102264404297 698.552589416504 545.379516601562 735.963790893555 722.668067932129 874.246025085449 671.932205200195 655.66455078125 990.441314697266 964.695053100586 913.629585266113 845.668657302856 841.546192169189 832.918500423431 695.497985839844 900.986839294434 834.833813667297 799.294479370117 837.356769561768 685.97737121582 -9999 -9999 -9999 -9999 -9999 -9999 -9999 -9999 -9999 -9999 -9999 -9999 -9999 -9999 -9999 -9999 -9999 -9999 -9999 -9999 -9999
889.105213165283 987.643028259277 1420.37963485718 1430.65036392212 983.818809509277 1126.41496276855 1447.2756986618 1003.36402893066 1187.07418060303 981.062915802002 812.616275310516 875.849800109863 926.17684173584 786.916885375977 749.120239257812 892.617286682129 990.538795471191 849.073543548584 879.854339599609 792.210828781128 923.546905517578 705.505760192871 690.224853515625 829.455826282501 793.304414749146 712.48136138916 811.166114807129 887.591143608093 846.598182678223 665.72282409668 -9999 -9999 -9999 -9999 -9999 -9999 -9999 -9999 -9999 -9999 -9999 -9999 -9999 -9999 -9999 -9999 -9999 -9999 -9999 -9999
934.292644500732 870.901741027832 1137.49906635284 1542.98670578003 1932.68873405457 1282.93016815186 1104.06943511963 956.190002441406 1264.50246047974 776.484527587891 795.823232650757 794.319103240967 828.145897388458 818.021656174213 790.363245010376 824.673833847046 864.641776561737 861.752235412598 1025.80969238281 666.6474609375 729.704963684082 854.298131942749 659.926345825195 695.494041442871 819.681449651718 713.114868164062 993.943511962891 961.581502914429 917.145168781281 706.355087280273 715.34521484375 -9999 -9999 -9999 -9999 -9999 -9999 -9999 -9999 -9999 -9999 -9999 -9999 -9999 -9999 -9999 -9999 -9999 -9999 -9999
1084.81265354156 1030.71853542328 955.424154281616 1257.63614654541 1444.0832490921 1390.05371856689 1473.20921707153 1197.54223251343 1104.12592315674 1008.74381256104 848.057586669922 965.692840576172 1016.53752422333 1043.50587844849 841.135166168213 807.155199050903 846.130538702011 838.919269561768 736.206123352051 876.184694871306 732.31351852417 894.205760955811 820.129024505615 861.015880584717 811.757488250732 788.307737350464 821.113299369812 947.388710021973 975.742134094238 826.576644897461 694.427169799805 -9999 -9999 -9999 -9999 -9999 -9999 -9999 -9999 -9999 -9999 -9999 -9999 -9999 -9999 -9999 -9999 -9999 -9999 -9999
1240.0502846241 867.146942138672 1082.32073974609 1440.88259506226 1174.51189422607 1442.54290390015 1410.81924438477 1354.41389465332 1749.59933805466 1459.79403686523 1157.44432067871 1232.70427703857 1116.68752479553 1809.93530654907 1211.47445678711 899.924160003662 830.873323917389 990.312019348145 1009.28829956055 934.993827819824 802.932258605957 758.960433959961 778.716270446777 718.713256835938 694.696487426758 777.895233154297 899.669023513794 935.417652130127 870.742469787598 877.170703887939 847.797675609589 961.653999328613 -9999 -9999 -9999 -9999 -9999 -9999 -9999 -9999 -9999 -9999 -9999 -9999 -9999 -9999 -9999 -9999 -9999 -9999
1170.4130821228 963.639064788818 1081.50689697266 1274.13925170898 1036.43095397949 1123.66223144531 1622.39395904541 1473.42318725586 1300.57427978516 1540.88438415527 1367.0686340332 1006.51291656494 1170.35386657715 1375.62512254715 1053.16600799561 1146.2183303833 893.696254730225 1038.42514038086 843.330600738525 850.31743812561 802.10192489624 793.362798690796 802.748630046844 842.215690612793 621.285430908203 832.112805843353 916.831348419189 966.096702575684 933.638391494751 765.925070285797 892.10530090332 959.49649810791 909.805607318878 -9999 -9999 -9999 -9999 -9999 -9999 -9999 -9999 -9999 -9999 -9999 -9999 -9999 -9999 -9999 -9999 -9999
947.68221282959 939.612480163574 1484.4714050293 997.604606628418 1099.50840759277 1214.16917419434 1348.85784912109 1257.59898376465 1550.79467773438 1455.24436187744 1255.0072517395 1131.31889533997 974.958869934082 1197.50715637207 962.679793834686 1071.38791656494 1072.56342315674 816.62850856781 969.10710144043 977.088508605957 874.022708892822 788.916103363037 776.375305175781 854.581317901611 802.959915161133 829.602286338806 833.222208023071 854.434169769287 901.33475112915 795.063233971596 862.4651222229 785.448875427246 931.497149467468 -9999 -9999 -9999 -9999 -9999 -9999 -9999 -9999 -9999 -9999 -9999 -9999 -9999 -9999 -9999 -9999 -9999
