export/dem/dem88.asc
NCOLS 350
NROWS 171
XLLCORNER 152620
YLLCORNER 418050
CELLSIZE 100
NODATA_VALUE -9999
[rows 22 to 43 of 171, columns 100 to 149 of 350]
564.062734603882 519.274013519287 404.413528442383 462.30940246582 632.93399810791 427.998672485352 585.569458007812 598.398986816406 653.940940856934 489.230377197266 761.958541870117 741.043800354004 517.484893798828 913.114154815674 608.188079833984 292.990386962891 726.067291259766 602.437194824219 515.628921508789 582.192153930664 1006.37745666504 837.6923828125 331.494171142578 331.173797607422 367.977493286133 483.883888244629 393.724761962891 351.529891967773 343.417572021484 493.630729675293 429.432846069336 665.695594787598 660.250629425049 553.928131103516 573.066612243652 620.999244689941 514.099655151367 475.553909301758 546.749015808105 632.027477264404 684.247749328613 680.191173553467 719.067283630371 658.228008270264 631.314009666443 617.669104576111 613.227556228638 580.012237548828 417.349990844727 553.303062438965
699.519111633301 483.356117248535 611.909976959229 360.02262878418 467.278259277344 868.551910400391 462.521133422852 564.203796386719 778.585590362549 497.7890625 1677.79216575623 458.946426391602 624.162574768066 1063.02688598633 506.89924621582 443.960586547852 773.757400512695 512.806747436523 486.870010375977 359.0244140625 628.372695922852 367.366546630859 993.567291259766 985.593711853027 517.27197265625 616.215408325195 489.451179504395 440.273574829102 418.813018798828 411.287368774414 476.188468933105 466.310493469238 562.74573135376 670.102281570435 494.412528991699 700.819122314453 688.647026062012 696.915679931641 540.062690734863 668.982468605042 640.883169174194 785.598419189453 740.189193725586 564.007610321045 480.621253967285 515.643714904785 623.798009872437 373.845336914062 378.261901855469 512.118667602539
537.621799468994 406.379699707031 404.675628662109 560.25358581543 533.956146240234 999.213966369629 588.496017456055 670.364120483398 629.849874973297 622.908892154694 719.389451444149 1054.75914764404 680.485008239746 676.265640258789 363.038726806641 492.894226074219 391.901245117188 392.033950805664 562.457733154297 864.969467163086 608.526916503906 239.83154296875 424.985275268555 422.162887573242 682.266868591309 497.68285369873 464.401290893555 381.457138061523 455.716018676758 677.664306640625 518.58332824707 646.723899841309 564.354969024658 693.464630126953 657.156742095947 766.529174804688 654.98030090332 594.105371236801 627.038461685181 612.419822692871 545.639625549316 582.682182312012 465.13069152832 690.499031066895 566.307800769806 537.68920135498 572.02795791626 491.583763122559 545.08268737793 496.746788024902
370.74072265625 316.517013549805 680.912586212158 567.565567016602 520.215698242188 472.045211791992 835.053741455078 978.490211486816 513.335205078125 908.872505187988 950.379699707031 940.163537696004 976.660877227783 823.261138916016 799.793785095215 946.860107421875 327.975616455078 315.299011230469 345.069183349609 560.372589111328 1184.94662475586 224.330139160156 550.30668258667 356.648559570312 633.528064727783 524.026462554932 334.383560180664 466.311416625977 419.363616943359 439.308166503906 507.556015014648 394.823028564453 607.713012456894 930.610275268555 590.867782592773 754.807250976562 470.122512817383 683.121643066406 737.879608154297 527.707954406738 556.973514556885 680.22501373291 458.712379455566 599.536201477051 473.354202270508 639.902877807617 546.883642196655 404.44612121582 557.573118209839 458.588432312012
477.528091430664 297.110702514648 805.943546295166 675.003303527832 645.167144775391 467.94450378418 461.181304931641 594.357421875 967.148971557617 501.220443725586 631.309104919434 966.913543701172 947.173569202423 669.275104522705 734.394561767578 716.286834716797 462.506744384766 625.374557495117 624.693069458008 257.979583740234 970.887191772461 569.141204833984 652.926036834717 369.134811401367 537.203552246094 562.429275512695 633.43123626709 435.420860290527 499.705417633057 517.541496276855 500.957996368408 455.876373291016 624.095317840576 475.929214477539 539.955596923828 519.663192749023 565.616046905518 666.331382751465 558.958981513977 714.423042297363 611.386089324951 535.63748550415 536.372968673706 585.763629317284 551.103988647461 488.164199829102 535.350496292114 454.864112854004 506.972187042236 536.848846435547
585.209074020386 517.356868743896 568.674388885498 597.798409700394 995.673004150391 1209.70967102051 701.146453857422 513.217498779297 683.135185241699 772.696556091309 731.96017074585 692.187690734863 833.145433425903 560.303085327148 559.77099609375 912.391220092773 1274.33603668213 388.64143371582 470.041427612305 638.968780517578 507.269920349121 370.360717773438 485.365539550781 512.660278320312 727.540557861328 653.591171264648 615.532238006592 305.517578125 452.312339782715 612.757568359375 444.710693359375 501.71586227417 520.408687591553 609.540222167969 557.683000564575 451.919357299805 609.084574699402 622.774562835693 606.805404663086 588.144248962402 453.901092529297 594.69165802002 537.774833679199 639.772583007812 557.427556991577 443.552658081055 532.649290084839 616.482078552246 451.053611755371 574.908233642578
480.015090942383 835.541397094727 506.120006561279 641.499524831772 636.877490997314 659.489196777344 446.607940673828 639.51700592041 660.27392578125 664.346084594727 799.15608215332 570.277847290039 452.276214599609 706.060409545898 860.833366394043 514.78214263916 354.679321289062 851.330612182617 993.474868774414 506.025871276855 577.875646591187 535.765323638916 340.342269897461 633.055171966553 589.471157073975 620.317617416382 622.270072937012 574.152702331543 428.840126037598 547.804836273193 398.257110595703 460.559371948242 607.111419677734 452.626075744629 736.416458129883 440.462997436523 487.957618713379 531.902629852295 485.695343017578 667.464942932129 450.861320495605 586.535537719727 565.991584777832 563.44780921936 536.253814578056 664.90047454834 623.841602325439 570.787609100342 390.67431640625 572.184082984924
610.103202819824 389.114044189453 448.639724731445 566.299262046814 537.800430297852 542.903419494629 451.746612548828 509.102813720703 689.978133201599 558.605270385742 883.37622833252 471.659149169922 673.094703674316 879.658294677734 694.220977783203 544.964126586914 486.959030151367 408.870956420898 545.636894226074 437.855354309082 408.083595275879 553.545964002609 570.494134902954 498.913772583008 346.937561035156 627.847348973155 548.125312805176 562.335742950439 377.09016418457 504.837968826294 511.930555343628 521.588596343994 578.292457580566 501.461542129517 564.723484039307 458.544937133789 453.789474487305 550.246942520142 419.852241516113 471.191558837891 424.906021118164 666.846557617188 528.774845123291 586.968519210815 683.16064453125 674.034187316895 660.642799377441 490.551509857178 650.160278320312 468.827575683594
774.508857727051 330.584228515625 554.831941604614 622.675170898438 422.781890869141 599.528266906738 526.481113433838 576.559700012207 527.2880859375 845.063522338867 732.211808204651 439.7919921875 670.617835998535 722.857002258301 494.308792114258 949.741432189941 436.314514160156 370.476684570312 432.596282958984 560.540435791016 369.409042358398 536.219184875488 566.045070648193 592.577829360962 557.140007019043 1675.93124771118 467.907936096191 613.261169433594 595.92652130127 469.787330627441 610.207893371582 428.328544616699 613.03857421875 492.790309906006 459.264640808105 703.507354736328 502.18598651886 465.600326538086 490.453193664551 517.073072433472 565.966533660889 655.785026550293 555.889322280884 624.027549743652 570.705081939697 625.615837097168 541.82285118103 519.412761688232 542.951551556587 496.839302062988
446.004531860352 412.961959838867 386.432052612305 620.615615844727 1247.41251373291 267.260833740234 589.444660186768 629.766975402832 564.018112182617 374.695877075195 342.038116455078 722.419326782227 521.283088684082 497.932735443115 436.241073608398 581.785140991211 443.187316894531 341.555252075195 629.137954711914 447.993461608887 606.732044219971 520.071533203125 535.324010133743 528.88306427002 489.130180358887 541.195163726807 659.86457824707 406.480728149414 460.227867126465 439.57698059082 465.684070587158 638.221641540527 508.11277961731 458.311012268066 531.434949874878 569.749362945557 582.811019897461 481.60546875 482.829940795898 473.40970993042 575.622404098511 596.375381469727 600.58373260498 617.468530654907 716.088623046875 539.371716022491 602.772270202637 607.467315673828 619.142032623291 674.971176147461
535.528893470764 467.587551116943 455.410121917725 658.939086914062 594.502907752991 637.771194458008 548.294180870056 856.074584960938 1067.08442687988 496.999412536621 454.775543212891 592.178520202637 567.59733581543 358.043914794922 463.593032836914 492.577362060547 410.11686706543 627.366966247559 441.328620910645 462.550346374512 686.058708190918 550.409405708313 525.134869098663 445.342029571533 457.737678527832 533.399127960205 440.283470153809 467.849746704102 489.61646270752 583.739044189453 539.8528881073 596.969711303711 640.430725097656 630.899032592773 566.391746520996 560.810455322266 501.342134475708 260.6171875 449.421756744385 496.482760429382 524.704317092896 382.389297485352 543.285782337189 669.089210510254 603.222736358643 639.877304077148 543.936696052551 698.910537719727 605.991027832031 591.145706176758
472.202688217163 361.357528686523 437.031150817871 493.952480316162 666.260284423828 528.852180480957 586.941123962402 581.259689331055 599.86156463623 564.708207130432 711.308963775635 374.171524047852 518.290391921997 817.075897216797 450.141868591309 385.353042602539 610.803131103516 444.28441619873 490.58869934082 623.115409851074 584.516128540039 554.532094955444 570.159084320068 471.439037322998 450.030208587646 405.055618286133 460.474803924561 381.340484619141 575.07967376709 613.725654602051 654.167907714844 457.319465637207 570.948974609375 553.131256103516 564.357738494873 574.755954742432 661.175308227539 690.520034790039 431.446754455566 472.311435699463 370.490516662598 448.165351867676 669.934906005859 597.8955078125 661.691421508789 687.016128540039 618.687294006348 551.671545028687 591.502090454102 613.776496887207
493.668801546097 471.600667953491 465.642179489136 600.208915710449 500.68253326416 562.931564331055 524.230037689209 512.864505290985 575.38111114502 449.088333129883 748.481292724609 466.092906951904 498.086812973022 432.356719970703 431.86018371582 438.481964111328 495.155530929565 557.818799972534 542.783151626587 623.475708007812 554.981735229492 552.290637969971 542.521598815918 563.132511138916 634.872116088867 536.507984161377 459.088062286377 517.255359649658 477.481409072876 499.588305950165 496.165802001953 485.589338541031 365.403869628906 632.520385742188 564.442764282227 552.582565307617 460.968257904053 633.436492919922 542.248790740967 544.370452880859 356.279510498047 460.839038848877 510.602996468544 723.678527832031 552.721019744873 494.851722717285 568.573104858398 538.77229309082 507.521560668945 539.956209182739
581.52188873291 525.710235595703 408.233390808105 504.760694503784 669.916976928711 611.653762817383 615.691680908203 494.055307865143 487.462306976318 414.787590026855 492.12467956543 529.786289215088 675.012069702148 449.438261032104 575.09349822998 580.837524414062 541.051086425781 519.477222442627 404.331954956055 487.73201084137 421.82152557373 484.657906532288 562.125350952148 582.639312744141 508.682091712952 481.841551780701 482.840324401855 473.422406196594 548.292488098145 517.586694717407 472.971715927124 699.565399169922 569.945274353027 672.787139892578 663.562728881836 493.834076404572 468.440609931946 474.040382385254 493.471185922623 487.323552131653 587.009643554688 549.712032318115 562.723049163818 617.429733276367 664.32861328125 666.465515136719 608.749404907227 621.618026733398 605.903667449951 661.71395111084
564.559425354004 576.05908203125 509.499687194824 531.928379058838 588.791000366211 550.647644042969 582.043426513672 427.615798950195 706.671325683594 489.403827428818 559.753356933594 413.516273498535 541.546432495117 468.979948997498 544.552707672119 462.756937026978 418.157821655273 489.40513086319 548.950325012207 351.01887512207 475.917608261108 564.031341552734 550.0390625 529.563760757446 608.212585449219 429.553916931152 527.1279296875 476.083950042725 563.197982788086 411.594856262207 548.869583129883 401.384269714355 518.100189208984 295.346572875977 541.590564727783 630.182098388672 411.137649536133 481.795618057251 634.202117919922 540.814098358154 455.214687347412 545.826499938965 597.204895019531 481.782318115234 678.426208496094 615.563171386719 466.115089416504 559.786905288696 541.828132629395 443.865142822266
395.734115600586 418.82848739624 434.53712272644 541.733604431152 557.715644836426 509.965647578239 678.409957885742 470.889450073242 361.335327148438 462.047994613647 332.966293334961 612.038093566895 510.904838562012 499.27885055542 500.734476089478 388.209037780762 572.723442077637 574.371047973633 535.666687011719 515.29455947876 438.876732826233 487.748390197754 353.784553527832 466.189795970917 561.631912231445 567.844680786133 410.910026550293 513.578636169434 434.267223358154 414.967872619629 295.427093505859 518.496055603027 413.916931152344 557.497505187988 508.672941207886 537.719207763672 515.777248382568 490.103590011597 485.96527159214 588.273551940918 640.096069335938 493.630851745605 483.440165519714 495.360054016113 559.3642578125 574.487594604492 636.389144897461 687.587417602539 482.306835174561 422.017501831055
551.990608215332 582.060523986816 535.37670135498 620.104553222656 619.549118041992 498.803465843201 434.444511413574 496.583745956421 643.305786132812 513.379070281982 548.078819274902 475.157705530524 536.220489501953 483.298718452454 518.338478088379 445.592357635498 453.020617485046 424.690771102905 568.955543518066 661.536193847656 346.975868225098 488.893570899963 510.656169891357 317.064346313477 726.687377929688 590.087944030762 491.719791412354 544.920104980469 398.71183013916 364.609642028809 424.233795166016 520.045837402344 513.677883148193 412.80982208252 480.540176957846 572.62720489502 497.120587348938 423.595176696777 560.617156982422 580.735855102539 533.046787261963 389.539405822754 522.758623123169 513.227554798126 555.634731292725 461.648681640625 565.158325195312 494.625091552734 554.950535297394 468.937301635742
604.40153503418 575.037300109863 468.817217826843 522.16780090332 461.543309569359 444.568180084229 517.467193603516 583.000183105469 623.409454345703 633.9150390625 563.864181518555 547.293151855469 415.001800537109 516.029560089111 437.353736877441 412.154163360596 430.305652618408 368.909126281738 367.159454345703 532.573581695557 411.388011932373 436.862571716309 322.773284912109 364.653861999512 553.825897216797 460.214237213135 487.261478424072 501.334648132324 508.553577423096 371.405960083008 502.522571563721 430.19514465332 500.885259628296 466.674283981323 529.383689880371 437.803565979004 600.282341003418 514.747301101685 511.285448074341 603.93635559082 509.736772537231 562.785411834717 460.794269561768 461.875728607178 561.394172668457 434.376922607422 405.203025817871 504.727971076965 496.525485992432 663.01473236084
448.73466527462 469.095138549805 687.003326416016 666.522964477539 442.352533340454 472.172735691071 474.476156234741 560.678123474121 523.868270874023 587.88175201416 546.40145111084 510.612089157104 522.65775680542 637.630325317383 439.207462310791 687.027786254883 615.313766479492 487.546670913696 554.140991210938 510.471668243408 539.560157775879 384.518676757812 573.771469116211 634.189224243164 619.815139770508 658.643417358398 514.746997833252 458.161306381226 522.796184539795 535.591255187988 422.615146636963 368.655349731445 500.471790313721 422.361480712891 602.877044677734 613.137161254883 648.412536621094 474.677766799927 606.99683380127 554.109474182129 421.277084350586 497.356273651123 629.673095703125 476.26203918457 505.975843429565 576.287223815918 539.831516265869 615.188522338867 560.384292602539 688.604583740234
485.72745513916 473.007190704346 346.615165710449 536.17212677002 463.855377197266 453.496143341064 643.817626953125 567.94115447998 477.666795730591 509.122180938721 631.96696472168 522.798114776611 523.357021331787 382.26594543457 448.428092956543 475.269077301025 443.951580047607 398.396560668945 450.01512336731 715.816696166992 424.769290924072 420.808631896973 516.723701477051 522.853172302246 438.824569702148 511.325958251953 465.656141757965 494.67288684845 498.517501831055 559.182250976562 320.615097045898 425.755474090576 570.394416809082 493.082996368408 501.286716461182 512.298942565918 464.01699924469 651.881576538086 586.993865966797 619.167091369629 555.528993606567 599.462982177734 627.464309692383 582.264366149902 547.572465896606 522.573731422424 547.493035316467 547.204246520996 598.230411529541 655.377494812012
435.33369743824 536.679748535156 479.601005554199 381.466522216797 427.28960609436 368.252105712891 377.56657409668 489.306522369385 602.856170654297 513.59400177002 527.79271697998 383.366062164307 333.521484375 490.856943130493 408.979038238525 413.864807128906 408.013778686523 372.71573638916 477.883701562881 526.44603729248 471.859585762024 486.685474395752 582.855331420898 617.028442382812 439.62784576416 515.979469299316 554.327209472656 462.257930755615 479.641152560711 434.536251068115 438.221652984619 425.814044952393 402.749366760254 480.002675771713 399.825866699219 474.788220405579 494.278689861298 489.811554431915 589.162929534912 629.178131103516 694.600936889648 633.84602355957 586.636100769043 551.204299926758 531.224487304688 414.059577941895 726.596694946289 505.268243789673 471.295360565186 501.007537841797
224.382537841797 366.994369506836 451.283853054047 250.210556030273 313.650299072266 466.153003692627 518.075424194336 472.74324798584 422.22642326355 325.300392150879 323.592056274414 496.524925231934 346.215301513672 490.387166976929 421.216234207153 437.135280609131 622.513854980469 439.592021942139 346.850662231445 367.496459960938 513.785243988037 492.844753265381 508.817211151123 584.429473876953 535.055912017822 449.151607513428 640.430633544922 405.590522766113 575.337837219238 396.255241394043 438.16637802124 383.834625244141 534.513946533203 509.40008354187 362.364395141602 612.954177856445 510.802677154541 451.819843292236 360.019515991211 552.879592895508 640.026878356934 613.555603027344 657.204803466797 563.279609680176 623.098693847656 421.997940063477 521.427285194397 533.026020050049 560.25439453125 537.454087257385
