export/dem/dem84.asc
NCOLS 350
NROWS 171
XLLCORNER 152620
YLLCORNER 418050
CELLSIZE 100
NODATA_VALUE -9999
[rows 88 to 109 of 171, columns 200 to 249 of 350]
753.899398803711 598.046073913574 643.525314331055 725.988681793213 620.505897521973 717.964263916016 623.770336151123 645.716110229492 593.586483001709 810.872055053711 716.565032958984 806.037612915039 749.303001403809 729.493911743164 751.923286437988 652.819898605347 582.272773742676 582.270904541016 574.584411621094 575.364707946777 624.83861541748 639.953857421875 546.696533203125 579.26594543457 582.137283325195 798.77613067627 695.946096420288 728.673473358154 661.841590881348 646.202524185181 748.612091064453 469.405670166016 487.031051635742 581.552192687988 659.386806488037 647.423208236694 570.821319580078 591.598206043243 668.327861785889 655.404930114746 711.140523910522 795.54221200943 892.648136138916 747.401184082031 678.868087768555 633.425743103027 760.840742111206 1039.49559783936 906.27335357666 827.560693740845
624.44246673584 636.049652099609 743.483631134033 774.921821594238 613.235191345215 538.515464782715 775.914352416992 560.811973571777 771.071395874023 680.610610961914 806.634262084961 571.313552856445 684.262329101562 768.299118041992 574.974540710449 649.489156723022 612.90255355835 464.007019042969 669.218145370483 632.312686920166 609.498790740967 602.342994689941 656.900199890137 538.654708862305 650.84383392334 662.53734588623 656.707878112793 692.38250541687 729.473648071289 629.42077255249 632.413669586182 640.231770992279 640.1053647995 613.619493484497 419.654449462891 678.629684448242 478.449897766113 551.793548583984 590.211730957031 633.353805541992 702.625389099121 780.832718849182 709.330577850342 806.39891242981 751.665721893311 637.60905456543 900.662475585938 941.939544677734 1024.44062423706 628.373596191406
693.394466400146 955.237846374512 602.973892211914 597.254020690918 466.986968994141 777.253746032715 633.347900390625 615.618438720703 688.205867767334 663.183038711548 659.56515789032 664.841876983643 699.333473205566 741.888191223145 542.548484802246 660.983032226562 684.4108543396 768.395355224609 685.115381240845 692.794479370117 565.387092590332 590.224006652832 737.370422363281 690.814308166504 563.596450805664 592.498680114746 739.727233886719 504.833160400391 770.067863464355 677.220415592194 634.356693267822 650.979463577271 420.031356811523 391.17790222168 538.30286026001 496.705863952637 507.868324279785 600.966941833496 507.755966186523 872.230834960938 765.706119537354 854.096267700195 886.75855255127 980.521095275879 691.028545379639 711.255100250244 692.583995819092 890.33394241333 890.915849685669 741.836036682129
483.946632385254 505.325119018555 476.384292602539 534.789512634277 667.761950612068 790.630424499512 701.027130126953 674.617704391479 559.583953857422 568.845100402832 627.460000991821 651.166034698486 694.26335144043 661.169109344482 518.232360839844 651.937452316284 564.593734741211 592.962936401367 638.772993087769 706.549308776855 434.995544433594 596.508689880371 699.286111831665 589.550643920898 629.598648071289 620.833164215088 754.36279296875 688.57787322998 792.689422607422 729.306415557861 532.997589111328 679.770668029785 600.479635238647 380.68359375 634.697429656982 579.450805664062 638.023558616638 612.70463180542 798.98348236084 736.814012780786 720.242500305176 722.950653553009 775.575565338135 1039.71871948242 765.786466598511 764.514495849609 592.107948303223 682.430648803711 1020.05038452148 797.549327850342
722.795906066895 518.284126281738 580.670413970947 562.586524963379 650.866543769836 639.136513710022 529.440124511719 637.850214004517 604.81706237793 585.451148986816 707.322284698486 619.625249862671 618.964297056198 627.007222175598 672.21492767334 614.674486160278 654.309310913086 620.752424240112 606.374397277832 668.162666320801 762.897445678711 781.291122436523 723.744167327881 630.616325378418 638.716541290283 615.51163482666 758.191630363464 540.294540405273 799.788009643555 595.994369506836 730.043273925781 687.983797073364 549.172920227051 596.031818389893 452.511856079102 461.115646362305 528.971130371094 620.623115539551 684.637657165527 771.72932434082 775.478790283203 713.138082504272 768.467472076416 740.508218288422 639.246492385864 550.154365539551 581.672897338867 625.315170288086 827.642354011536 774.515205383301
753.787536621094 811.137817382812 659.21492767334 524.856460571289 534.282099723816 1005.18575286865 546.06615447998 644.758616447449 625.066038131714 716.894313812256 541.633934020996 721.490829467773 657.535217285156 727.296318054199 565.617748260498 650.771222114563 622.697297096252 596.602611541748 775.19206237793 663.179025650024 634.266078233719 632.681243896484 550.889297485352 568.091384887695 693.479997634888 684.897008299828 724.552417755127 574.15421295166 688.600393295288 786.599426269531 582.14111328125 615.340187072754 645.57788848877 742.59872341156 705.553966522217 681.396949768066 566.059326171875 663.80973815918 798.278564453125 675.156841278076 625.783618927002 581.590343475342 740.039978027344 616.417938232422 623.392976760864 713.611064910889 654.352945327759 880.323051452637 907.200141906738 785.861310958862
718.522796630859 672.251731872559 710.328964233398 768.921081542969 617.735855102539 738.643829345703 904.072608947754 476.455612182617 602.918788909912 711.607688903809 671.048942565918 658.006168365479 624.755593299866 641.374729156494 777.057098388672 643.905349731445 661.584020614624 601.828239440918 664.226230621338 751.43384552002 789.211898803711 732.658752441406 539.97603225708 859.066341400146 784.264572143555 766.090342521667 629.43913269043 678.353077530861 786.841583251953 669.873682022095 606.567047119141 688.055255889893 647.829845428467 744.055362701416 828.782028198242 724.756683349609 751.96573638916 528.516906738281 654.784141540527 627.645935058594 632.985298156738 525.162887573242 680.813675880432 547.936721801758 673.038101673126 719.060642242432 654.77758026123 684.799522399902 674.913669586182 782.566524505615
616.675052642822 686.32409286499 691.482086181641 917.38395690918 591.011283874512 579.708518981934 715.179679870605 639.694854736328 652.323663711548 743.260643005371 801.530838012695 727.542888641357 629.864181756973 634.62726020813 689.14225769043 661.376178741455 597.143404006958 669.118936538696 613.178365707397 696.005065917969 789.780532836914 715.124095916748 759.736976623535 732.20246887207 738.649311065674 580.672424316406 556.996124267578 567.431182861328 658.402176856995 735.302764892578 591.777328491211 641.885967254639 640.171398162842 558.399085998535 756.009924888611 675.957893371582 706.074729919434 682.320222854614 714.857139587402 608.490165710449 683.342380523682 598.039833068848 659.176315307617 783.766075134277 649.792587280273 750.813499450684 662.663888931274 614.40495300293 662.578643798828 775.268218994141
754.783729553223 675.624633789062 934.68913269043 749.535156726837 720.403720855713 759.317100524902 682.090057373047 668.695976257324 611.142570495605 563.869598388672 671.94221496582 692.802845001221 666.642747879028 672.477348327637 672.770771026611 810.07080078125 642.45662689209 680.005908966064 780.871688842773 654.362699508667 732.28084564209 779.539253234863 794.626602172852 763.98664855957 679.333484649658 651.977783203125 641.897083282471 579.627792358398 547.318466186523 442.535186767578 457.889572143555 659.669487953186 592.341751098633 467.014068603516 622.361938476562 770.346656799316 777.944025039673 747.540550231934 641.874176025391 553.404190063477 704.681583404541 782.006725311279 556.729736328125 660.316093444824 728.057542800903 820.510688781738 720.793278694153 569.210739135742 681.438594818115 685.593101501465
467.481010437012 670.474016666412 806.186195373535 812.986484527588 960.021820068359 744.945957183838 694.256980895996 1031.54759788513 626.968107223511 486.697113037109 668.865557909012 726.684600830078 752.222061157227 741.124130249023 670.896308898926 702.27759552002 738.289642333984 728.075012207031 729.437637329102 591.524116516113 840.156936645508 822.39924621582 723.468650817871 654.006759643555 812.225967407227 636.250396728516 437.646362304688 463.860275268555 623.630758285522 656.680000305176 450.161392211914 449.381759643555 458.464401245117 610.768138885498 493.156341552734 695.618313342333 617.964508056641 591.634201049805 685.295656204224 656.57483291626 612.598693847656 657.428443908691 645.743423461914 604.917701721191 807.918464660645 799.973213195801 713.442237854004 650.026428222656 815.423553466797 667.448753356934
818.697807312012 540.141920089722 766.045085906982 885.665481567383 794.436195373535 677.72859954834 690.42967414856 521.171203613281 513.139259338379 620.207099914551 560.663986206055 528.172966003418 733.88948059082 759.315147399902 781.237411499023 650.768413543701 710.815612792969 635.544514656067 757.246803283691 686.270915985107 642.381043434143 618.384738922119 613.629981994629 692.540916442871 641.633434295654 823.475173950195 654.979835510254 636.528102874756 640.850250244141 623.289184570312 683.39213180542 539.273040771484 601.511222839355 588.772514343262 408.412857055664 662.153144836426 428.239166259766 657.120460510254 488.342910766602 634.663452148438 564.517021179199 625.480760574341 632.62088394165 583.517700195312 659.641128540039 784.077759854496 504.387939453125 755.65348815918 478.896484375 660.942825317383
938.973220825195 590.773170471191 737.218838691711 832.700393676758 714.544744491577 676.337219238281 756.206216812134 640.277717590332 698.031547546387 586.988952636719 631.443981170654 627.018442153931 749.035018920898 793.080932617188 756.947082519531 592.324523925781 682.851594924927 570.259376525879 678.630844116211 621.074235916138 546.570579528809 562.265922546387 497.703018188477 670.435749053955 660.450899600983 484.406860351562 1005.99452066422 890.265319347382 664.524593353271 507.677703857422 587.792388916016 697.757399559021 392.462280273438 448.765090942383 325.821960449219 514.123031616211 713.103828430176 691.23680973053 717.692506790161 660.784297943115 590.875839233398 706.727065563202 510.609268188477 457.844085693359 614.346313476562 672.179153442383 667.176574707031 1000.00886917114 923.989658355713 1008.01841497421
875.088264465332 783.683418273926 627.329380989075 826.343955993652 786.839584350586 724.513336181641 894.962219238281 685.0358543396 624.016571044922 669.238954544067 624.942222595215 645.703531265259 574.537704467773 611.774108886719 674.609279632568 691.986263275146 558.939147949219 583.599506378174 575.370807647705 541.832328796387 475.624740600586 763.493782043457 685.96216583252 806.026184082031 649.915130615234 677.516396522522 745.974090576172 777.384063720703 786.323547363281 1202.06384277344 1281.53992462158 592.427185058594 606.484985351562 587.856857299805 649.674102783203 721.527709960938 874.666564941406 661.514720916748 663.108139038086 580.196075439453 607.874504089355 685.919849395752 799.959697246552 587.719779968262 802.633460998535 944.884628295898 1083.16341018677 932.867706298828 809.643569946289 773.944618225098
889.686157226562 599.879058837891 559.495643615723 777.997556686401 742.574158668518 884.520355224609 705.819114685059 770.915848731995 654.929618835449 934.467544555664 531.732406616211 760.54850769043 562.514350891113 616.920463562012 674.738735198975 729.476516723633 617.70140838623 629.595914840698 640.132320404053 564.197193145752 541.627662658691 544.67431640625 652.982259750366 637.421348571777 437.429168701172 629.53742980957 535.85774230957 586.833717346191 563.474487304688 526.896530151367 611.79581451416 538.128707885742 674.815048217773 1279.60062789917 921.912673950195 680.529571533203 1078.07803344727 955.57438659668 772.438192367554 829.663963317871 829.120101928711 561.16374206543 784.069190979004 499.019622802734 721.273574829102 812.393341064453 767.746253967285 1117.05061531067 1415.99767684937 733.352781295776
725.759742736816 676.489776611328 642.658187866211 639.471753120422 797.359252929688 850.700950622559 734.026428222656 649.32649230957 694.978218078613 687.659255981445 922.898696899414 581.24195098877 580.076789855957 658.161113739014 763.147415161133 634.404941558838 612.928089141846 462.503143310547 565.613204956055 606.690540313721 646.729297637939 622.95630645752 615.812606811523 659.5114402771 523.781951904297 536.511436462402 640.424789428711 581.10977935791 434.327011108398 429.921340942383 509.988311767578 645.536083221436 643.684345245361 568.255218505859 695.874752044678 580.307991027832 592.443267822266 994.471199035645 683.648677587509 681.359958648682 748.014503479004 594.614936828613 1094.90812683105 605.126892089844 1177.91735076904 674.614486694336 710.792739868164 679.45735168457 943.093154907227 680.110733032227
592.573501586914 811.601927161217 858.462539672852 663.945631980896 758.262283205986 804.233329772949 751.557242393494 673.966316223145 851.45777130127 724.100776672363 655.987045288086 914.16389465332 748.757606506348 677.620014369488 645.234152793884 681.200756072998 580.037963867188 670.467990875244 640.485298156738 628.960311889648 622.791467234492 662.046104431152 571.433337688446 564.370994567871 774.055839538574 502.644897460938 484.131942749023 425.242340087891 532.256164550781 486.329452514648 628.333194732666 504.385955810547 499.269897460938 447.371368408203 713.821044921875 585.453620910645 1001.09734153748 807.395782470703 852.699649810791 573.236785888672 665.261299133301 725.026667952538 880.807434082031 744.103860855103 976.679908752441 841.814270019531 717.931735992432 1034.07253265381 864.156913757324 1335.46324157715
-9999 666.8291015625 814.292938232422 579.539644241333 693.176837921143 815.400142669678 627.58837890625 727.813259124756 700.76700592041 693.111270904541 713.791622161865 1065.66088676453 710.374225616455 669.448217391968 677.563457489014 548.884750366211 594.713108062744 522.971549987793 552.595581054688 747.929046630859 518.981536865234 639.048595428467 690.706943511963 862.853584289551 989.369565963745 482.818969726562 466.037368774414 523.706085205078 524.902450561523 554.430961608887 384.832672119141 611.794063568115 703.137004852295 517.086959838867 1047.98678016663 635.254440307617 696.264272689819 612.553985595703 702.500368118286 652.975727081299 717.374029874802 674.731517791748 748.088687896729 612.26513671875 666.316749572754 1058.49140930176 729.094144821167 845.491928100586 667.101905822754 790.519760131836
-9999 672.258644104004 1088.89526367188 714.736083984375 640.471265792847 835.628799438477 736.151580810547 796.533718109131 696.332221984863 766.642185211182 650.114181518555 648.10661315918 681.87219953537 868.576950073242 682.176935195923 648.659734725952 405.070953369141 506.432796478271 631.612056732178 666.380165100098 616.077793121338 498.180206298828 764.545341491699 653.064709186554 967.091773986816 507.503234863281 525.4375 514.571136474609 695.890518188477 584.382507324219 500.195068359375 533.295097351074 385.436584472656 436.265518188477 1055.5122833252 381.828277587891 512.391891479492 674.522686004639 652.757608413696 703.219537258148 693.925790786743 609.000701904297 702.729690551758 721.289707183838 752.672328948975 733.338649749756 991.875457763672 634.857139587402 705.032844543457 490.520553588867
-9999 -9999 907.18497467041 670.003391265869 646.367486953735 909.181427001953 922.761260986328 802.940715789795 737.017822265625 829.617350578308 575.629104614258 563.245101928711 618.543346405029 633.94971716404 664.000388145447 600.343414306641 502.748989105225 513.835441589355 700.601440429688 622.388093948364 696.981861114502 835.657470703125 577.342361450195 479.141700744629 622.509147644043 602.660171508789 600.594764709473 676.155822753906 651.423943519592 511.01985168457 592.076850891113 566.585746765137 583.94263458252 555.918884277344 721.877388000488 557.493858337402 477.819473266602 499.406066894531 670.457084655762 616.582374572754 687.154325485229 711.449619293213 650.624580383301 609.853378295898 682.418846130371 547.267990112305 561.804992675781 614.492416381836 909.266273498535 799.638233184814
-9999 -9999 1086.12030601501 845.530303955078 695.462028503418 757.270919799805 742.513595581055 591.990585327148 602.56120300293 789.850818634033 923.757995605469 606.06428527832 713.166648864746 764.96947479248 509.168922424316 546.795259475708 488.29496383667 580.398157119751 560.402846336365 423.801818847656 523.592936515808 556.564496994019 529.714172363281 568.938552856445 423.681838989258 582.570755004883 572.579902648926 717.299507141113 547.605964660645 601.532638549805 644.770878791809 502.013763427734 568.886199951172 654.357173442841 408.879013061523 605.906558990479 580.81428527832 687.292266845703 641.857322692871 766.72172164917 827.649963378906 879.759728431702 803.408519744873 806.362022399902 809.805923461914 866.123268127441 774.727462768555 826.648517608643 993.851561546326 654.150146484375
-9999 -9999 -9999 609.801162719727 613.398376464844 723.150592803955 762.164422512054 635.921127319336 742.863607406616 585.473388671875 632.648451805115 604.765968322754 740.597305297852 562.523475646973 600.743244171143 626.159128904343 573.860438346863 585.78160572052 582.745094299316 492.739547729492 467.943946838379 592.801177978516 563.758652687073 1440.25611495972 446.310180664062 626.358062744141 642.980197906494 690.987237930298 621.284156799316 439.427124023438 850.854913711548 754.892547607422 536.150833129883 698.623332977295 546.637176513672 592.210083007812 539.802459716797 517.279571533203 489.542846679688 558.673282623291 710.445083618164 767.985641479492 736.231161117554 663.016494750977 515.637680053711 778.101943969727 753.221530914307 755.356601715088 696.133014678955 1100.30996704102
-9999 -9999 -9999 646.29313659668 479.230819702148 758.893699645996 803.615676879883 675.561584472656 756.15186214447 1081.75385856628 706.871564537287 689.053283691406 686.482666015625 602.777866363525 618.339710235596 626.389315605164 707.319915771484 586.11993265152 670.222358703613 457.182884216309 647.855651855469 604.854482650757 544.207496643066 692.631637573242 403.469421386719 820.938842773438 623.573066711426 679.535470962524 562.412612915039 685.70618057251 671.089572429657 608.27571105957 678.571338653564 494.968978881836 660.432794332504 1009.36405944824 470.478378295898 640.324966430664 496.529281616211 550.433448791504 415.931182861328 607.715156555176 659.299583435059 716.800445556641 824.919876098633 1357.24008750916 813.676795959473 790.055953979492 1095.45277023315 926.383331298828
