export/dem/dem80.asc
NCOLS 350
NROWS 171
XLLCORNER 152620
YLLCORNER 418050
CELLSIZE 100
NODATA_VALUE -9999
[rows 44 to 65 of 171, columns 250 to 299 of 350]
572.456024169922 640.92992401123 784.284687995911 612.868049621582 623.224594116211 757.775117397308 738.844912528992 453.138656616211 814.180976867676 819.973129272461 801.772476196289 825.643737792969 753.949268341064 612.490997314453 836.162086486816 698.03288269043 610.535690307617 663.528747558594 650.174415588379 772.606273651123 732.778032302856 824.268188476562 717.676006317139 658.956024169922 592.391525268555 759.595684051514 820.210708618164 839.194271087646 728.0283203125 726.992218017578 852.317182540894 742.040344238281 724.766418457031 881.992066860199 805.300117015839 812.605964660645 632.39631652832 827.827728271484 968.526260375977 1033.90574645996 957.628707885742 855.231651306152 829.505516052246 804.691097259521 889.123397827148 843.581279993057 780.91625213623 939.659606933594 908.014114379883 879.834659576416
600.972984313965 675.460586547852 761.669284820557 638.500015258789 619.769653320312 654.293395996094 722.47599029541 855.382400512695 569.895645141602 812.744750976562 720.737358093262 558.541244506836 718.184994935989 706.755950927734 634.338104248047 734.077013015747 699.826309204102 816.092864990234 729.459209442139 752.842824935913 673.884918212891 734.455390930176 711.899032592773 662.745941162109 724.447296142578 585.118240356445 601.334808349609 704.200317382812 682.570373535156 1044.25501823425 945.259707450867 756.771995544434 747.844802856445 767.742828369141 709.943725585938 633.908630371094 898.710189819336 758.067771911621 1423.05233192444 923.063011169434 767.402050018311 947.853073120117 808.0637550354 842.983318328857 1028.96458435059 839.721959590912 960.357053756714 756.043411254883 789.383415222168 921.071853637695
575.592559814453 576.778602600098 634.216110229492 601.56330871582 686.492674827576 650.221504211426 600.69140625 668.152656555176 789.933250427246 705.21240234375 798.833068847656 743.274691581726 729.168632507324 514.593856811523 566.791107177734 624.609161376953 663.535209655762 816.919486999512 729.006637573242 699.93607711792 626.785636901855 551.915832519531 599.723617553711 601.891143798828 562.870620727539 1299.1803894043 735.643493652344 1237.47650909424 1238.03170585632 675.945072174072 731.51579284668 651.107864379883 767.089065551758 713.113098144531 994.683639526367 1492.86489105225 1208.76570129395 761.343887329102 1370.65948390961 1378.39935112 704.085708618164 870.795361995697 1070.19113922119 781.448440551758 1177.03829956055 982.23480796814 1480.89548254013 806.83740234375 724.488586425781 928.409925460815
725.836069822311 671.739246368408 718.30787050724 630.851875305176 799.542556762695 553.229873657227 715.744402885437 766.397468566895 687.027420043945 650.436874389648 609.873222351074 784.55082321167 721.295902252197 596.207862854004 578.734771728516 566.634658813477 947.590774536133 863.812217712402 602.255630493164 584.277633666992 762.883188247681 664.779411315918 527.614898681641 603.022308349609 573.170928955078 1128.83245849609 649.32861328125 1039.72425842285 863.381408691406 1349.69953632355 759.336929321289 629.708343505859 682.803009033203 974.670669555664 828.849891662598 1054.98606872559 1255.11219787598 813.752339601517 1043.27201843262 918.30534362793 791.760160446167 785.76123046875 1273.09452438354 985.26752614975 878.226509094238 979.766570091248 1045.69859313965 797.153663635254 893.54483127594 930.234916687012
653.700630187988 616.889297485352 561.814712524414 581.88208770752 761.51439666748 603.815757751465 834.963073730469 585.632827758789 734.583920478821 747.959806442261 680.900569915771 624.206001281738 666.69881439209 780.9323387146 764.265267372131 645.401878356934 709.906951904297 654.509590148926 707.622207641602 577.629577636719 701.110321044922 577.172409057617 455.812683105469 525.648834228516 519.993591308594 557.114120483398 500.730834960938 769.258987426758 654.732513427734 1091.31156921387 1303.67054367065 643.188278198242 674.776580810547 661.531799316406 664.506393432617 520.612487792969 1098.97412109375 738.729705810547 1437.724609375 975.366516113281 851.539685428143 695.86434173584 1041.61808395386 647.299407958984 681.083068847656 897.255828857422 862.930229187012 1904.25663375854 799.444435119629 689.933502197266
747.935028076172 627.304977416992 640.996875762939 603.475257873535 707.51458978653 818.967498779297 761.805038452148 776.818023681641 691.947425842285 789.966232299805 660.339046478271 849.532066345215 755.449663162231 594.299041748047 508.657424926758 691.88277053833 578.606399536133 623.835571289062 777.641864776611 702.066967010498 823.700561523438 498.218780517578 515.690902709961 643.129531860352 685.531555175781 1095.48321151733 716.200347900391 761.833625793457 626.379974365234 613.192337036133 789.714782714844 692.276550292969 717.621215820312 604.743179321289 1277.91737365723 688.428176879883 665.50373840332 598.410232543945 773.71110534668 730.997577667236 848.998832702637 792.677719116211 877.411819458008 852.394989013672 684.098403930664 794.974624633789 881.165676116943 881.039644241333 807.208084106445 839.011365890503
617.163223266602 527.232376098633 604.456970214844 713.47033405304 660.843589782715 660.450458526611 663.724906921387 707.469910621643 724.266496658325 787.112442016602 762.327377319336 683.677422046661 758.100769042969 604.977821350098 648.01895904541 703.695251464844 652.010906219482 726.303560256958 736.371671676636 695.696161270142 662.484962463379 662.600288391113 704.289810180664 671.584739685059 686.613899230957 685.771812438965 814.79972076416 837.722015380859 749.527819633484 737.381942749023 1046.21949768066 831.810882568359 661.321640014648 750.420104980469 765.539779663086 667.278686523438 685.514602661133 1087.03504943848 875.652633666992 895.838981628418 1103.94544219971 847.999206542969 697.574485778809 794.7265625 833.165382385254 915.643703460693 894.8483543396 1097.70543670654 1140.51169586182 833.630176544189
422.964904785156 600.281219482422 556.586502075195 450.810363769531 722.232761383057 686.040658950806 778.239326477051 704.463777542114 602.329818725586 719.313547968864 760.392570495605 841.903518676758 733.008758544922 754.699686050415 672.692752838135 705.238952636719 710.740827560425 705.139828681946 648.707397460938 690.408027648926 591.368011474609 634.012359619141 645.874069213867 524.689895629883 496.846374511719 664.993850708008 907.72200012207 777.872116088867 659.081161499023 759.390205383301 949.177825927734 978.09545135498 972.757553100586 1330.09568023682 1045.79109191895 823.245040893555 700.47688293457 765.507995605469 909.862914308906 726.110733032227 880.772914886475 735.487228393555 868.499279022217 773.810729980469 844.457733154297 848.298654556274 976.692092895508 881.262977600098 882.604515075684 974.462501525879
798.443923950195 689.838341712952 685.464237213135 529.821426391602 709.282033920288 584.124183654785 650.143222808838 700.129093170166 601.902679443359 802.269073486328 746.352205276489 687.619569778442 613.624114990234 684.198352813721 653.766712188721 392.23486328125 663.911582946777 625.708396911621 642.429626464844 575.675201416016 717.037185668945 595.3955078125 586.857498168945 516.959411621094 703.231910705566 724.661315917969 687.553939819336 841.077068328857 762.422901153564 847.333526611328 571.652465820312 784.369239807129 910.605270385742 1222.08671569824 809.236022949219 665.537292480469 1008.3171081543 720.126640319824 1054.30821228027 947.102349281311 710.075721740723 683.025382995605 874.813545227051 741.090766906738 683.530372619629 789.310211181641 1393.84707641602 946.62084197998 803.608860015869 893.423252105713
569.554779052734 876.737594604492 801.485427856445 554.924652099609 579.06852722168 685.875329017639 608.446983337402 641.918067932129 520.412063598633 682.587348937988 1123.02965545654 548.57405090332 697.283149719238 631.981712341309 865.487190246582 1035.54741382599 653.630828857422 647.761344909668 565.885940551758 1662.31200408936 703.198883056641 748.817372322083 640.07341003418 1191.99786376953 706.561538696289 585.252410888672 754.774864196777 551.871978759766 650.884155273438 658.329208374023 619.362060546875 921.954711914062 606.595642089844 773.73828125 696.411994934082 1099.94892883301 879.497222900391 854.921051025391 658.875869750977 609.708648681641 1318.55681419373 695.748809814453 509.283782958984 800.912613868713 757.757953643799 840.653095245361 740.403793334961 848.937450408936 908.730827331543 953.079704284668
703.095817565918 614.382316589355 539.561950683594 607.726402282715 613.55940246582 765.863414764404 673.60542678833 455.784439086914 609.567276000977 637.617752075195 600.196228027344 1442.12059020996 822.136238098145 1090.97604370117 874.463775634766 1626.81070709229 757.083919525146 816.689956665039 817.007919311523 415.097534179688 511.960388183594 528.193252563477 610.757583618164 727.615936279297 481.261749267578 659.729797363281 788.193412721157 792.704139709473 755.870002746582 669.748275756836 806.127886041999 752.411385536194 1072.09424591064 851.982940673828 783.218811035156 868.541770935059 1198.7638092041 765.651901245117 712.02653503418 782.929252624512 860.308456420898 828.298801422119 805.556621551514 901.938472747803 797.795406341553 956.306816101074 851.209016799927 911.826351165771 683.855102539062 724.120223999023
604.562534332275 672.718794822693 624.389667510986 744.829090118408 703.891295433044 594.433265686035 567.78971862793 1392.09649276733 738.357934951782 819.740285873413 597.301055908203 618.216064453125 733.834073543549 676.277542114258 636.755584716797 1525.13709259033 694.471519470215 1320.90533447266 526.711639404297 481.732055664062 1341.99841308594 1489.70007324219 1771.9460144043 817.271133422852 945.517700195312 1278.06008148193 700.512771606445 554.010711669922 702.581489562988 682.32901763916 744.690246582031 773.835993766785 671.996490478516 715.522476196289 969.633193969727 874.773519992828 1121.69752502441 992.741912841797 797.542366027832 1158.53221893311 1360.12564849854 918.0256690979 1463.23501968384 760.810245513916 768.276069641113 807.36107635498 696.223724365234 847.5442943573 648.261245727539 505.164031982422
703.717800140381 606.976860046387 647.164531707764 614.760177612305 664.129466056824 709.212268829346 765.436782836914 485.160339355469 712.979831695557 633.062057495117 539.523162841797 677.186130523682 840.08971786499 682.37712097168 579.964950561523 602.717697143555 850.204650878906 659.417282104492 831.000919342041 589.141067504883 638.20393371582 685.670272827148 1856.2476272583 1817.83424377441 783.233940124512 782.177459716797 773.625968933105 785.755067825317 739.069732666016 675.689147949219 555.000671386719 797.225549697876 818.694141864777 979.012825012207 659.364929199219 681.343643188477 621.475936889648 936.997062683105 751.735565185547 1136.29512023926 715.302268981934 904.58642578125 590.724853515625 844.338718414307 661.300598144531 909.869316101074 827.421627998352 614.001266479492 474.822265625 965.541351318359
616.263664245605 756.518707275391 682.472032546997 730.555648803711 821.35417175293 628.90510559082 532.062850952148 612.013397216797 675.177953720093 633.254428863525 667.617544174194 668.838291168213 609.489738464355 490.938766479492 432.385711669922 563.001152038574 596.239440917969 702.616691589355 733.073860168457 715.120609283447 632.021942138672 574.539154052734 1167.04762268066 582.32502746582 788.872772216797 917.947902679443 858.592221260071 660.845825195312 688.51025390625 667.971694946289 814.320365905762 702.482215881348 720.165395736694 784.816024780273 932.389213562012 1216.19367980957 587.678985595703 726.333992004395 688.467918395996 693.59449005127 820.318916320801 1033.25247192383 716.230758666992 750.474815368652 783.424852371216 598.769485473633 636.055541992188 597.010864257812 467.217010498047 1259.68115234375
599.946750640869 578.92610168457 688.337089538574 473.425765991211 719.658725738525 727.369323730469 713.429306030273 589.804290771484 736.085601806641 595.82398223877 758.572540283203 687.776518821716 532.227661132812 586.160057067871 582.477699279785 564.117385864258 624.279571533203 634.240447998047 608.623985290527 665.741806030273 709.028610229492 669.782943725586 1010.25074005127 642.26522064209 965.315673828125 557.74267578125 677.754936218262 661.983985900879 638.21533203125 782.828094482422 829.389367580414 779.531665802002 754.514297485352 822.455856323242 645.084091186523 748.290370941162 715.20475769043 828.762321472168 706.068550109863 873.891592025757 947.594480514526 731.690773010254 922.77864074707 781.756033778191 687.643104553223 767.784217834473 667.398620605469 604.025039672852 900.954620361328 2400.64398193359
638.636117935181 696.810108184814 613.347438812256 645.746490478516 691.471807479858 419.129150390625 599.042579650879 725.973337173462 845.589752197266 678.235897541046 647.527004241943 599.785385131836 459.674987792969 696.82802772522 618.137275695801 650.299362182617 559.286071777344 558.561111450195 465.346939086914 883.437759399414 762.811023712158 634.991943359375 594.065872192383 688.746658325195 760.344108581543 745.349040985107 623.253959655762 726.920989990234 842.711936950684 636.695678710938 796.419944763184 728.604481339455 681.865303039551 781.339262008667 655.92414855957 776.667705535889 688.169715881348 626.126983642578 837.260271549225 716.402542114258 822.121120452881 790.92506980896 655.164306640625 805.092052459717 705.498344421387 683.749168395996 577.176712036133 591.066864013672 1344.72492980957 1362.44293212891
622.509506225586 708.215995788574 704.060176849365 577.902770996094 701.502397537231 603.308570861816 517.997955322266 744.722690582275 644.258480072021 815.288909912109 701.398411750793 589.155250549316 561.527496337891 656.9264793396 666.484298706055 823.53857421875 717.131261825562 608.927543640137 618.043228149414 681.217035293579 1191.93899726868 1141.3221282959 604.47354888916 689.109874725342 638.000091552734 725.876586914062 805.608871459961 753.666145324707 698.232925415039 892.017642974854 809.518714904785 744.133449077606 726.511776924133 599.225173950195 711.063535690308 796.84899520874 649.050354003906 481.716857910156 1080.82139968872 760.320637702942 755.001230239868 768.740451872349 783.122416496277 703.331649780273 806.310613632202 760.198524475098 697.121253967285 484.035278320312 657.204940795898 1312.52612304688
842.153457641602 605.976963043213 691.87296295166 617.782501220703 626.982444763184 649.260860443115 617.283855438232 796.365650177002 783.991539001465 665.12783241272 678.905508756638 674.305295944214 850.737075805664 795.140640258789 758.534912109375 797.527267456055 750.373222351074 546.057952880859 768.714706420898 674.680641174316 687.853481292725 784.911424636841 676.90938949585 640.382675170898 707.198570251465 609.147125244141 718.751165390015 767.418853759766 596.622009277344 1034.37041473389 620.670944213867 728.835646867752 664.198596954346 565.648529052734 579.253814697266 527.067291259766 737.190523147583 804.170637130737 701.396350860596 756.814447402954 794.30481338501 643.639236450195 647.040512084961 715.086311340332 814.372104644775 791.957443594933 703.965179443359 837.048278808594 640.994812011719 645.967193603516
542.63175201416 762.767921447754 611.501735687256 626.069633483887 557.214485168457 619.589920043945 549.721290588379 685.944330215454 749.891372680664 689.503249645233 653.303791046143 610.137222290039 711.355585098267 678.348100662231 708.238046646118 725.802719116211 497.683242797852 730.931735992432 739.79158782959 586.872703552246 698.720741271973 537.00212097168 785.730369567871 702.137056350708 813.679672241211 592.21915435791 789.300983428955 675.980876922607 888.179725646973 770.678238868713 708.096241652966 683.978565216064 614.391502380371 767.762588500977 618.042205810547 693.973064422607 806.754531860352 676.720016479492 873.502891540527 746.600002288818 875.423843383789 675.185119628906 823.055969238281 694.375480651855 638.722900390625 812.842155456543 814.056941986084 781.490103006363 767.001805305481 651.100463867188
553.561981201172 581.885528564453 553.037551879883 650.756426811218 622.415821075439 578.804214477539 727.56063079834 683.681827545166 693.966521024704 698.453355789185 771.611602783203 731.640735626221 587.311370849609 742.095516204834 733.698089599609 640.111618041992 750.735065460205 769.654594421387 805.346160888672 712.324041843414 706.629909515381 619.258186340332 547.88703918457 724.681268692017 813.81583404541 771.298053741455 661.866340637207 835.422103881836 756.933059692383 685.687612533569 643.633445739746 754.603301048279 756.031047821045 667.327610015869 674.183349609375 701.946067810059 566.717895507812 684.902297973633 733.740646362305 785.975414276123 649.571479797363 664.590370178223 722.974266052246 716.395164489746 596.919784545898 738.136068344116 721.846790313721 574.867965698242 781.307468414307 808.4306640625
673.033675193787 632.113843917847 515.043838500977 638.433031082153 626.950553894043 595.504722595215 735.115509033203 781.09895324707 579.155151367188 647.954601287842 691.510950088501 668.13121509552 764.222473144531 586.01148223877 748.775310516357 598.719108581543 764.116065979004 687.661372661591 791.585708618164 654.555076599121 588.06990814209 604.924346923828 648.498580932617 623.693603515625 777.863540649414 777.081214904785 681.673614501953 975.21240234375 775.115825653076 783.690208435059 697.038907051086 708.219371795654 709.251829147339 730.377793312073 800.015027046204 795.741439819336 727.90605199337 777.645038604736 920.577117919922 764.341899871826 702.28978729248 784.933410644531 745.420663833618 776.393098831177 855.991119384766 764.973076581955 660.240608215332 788.085420608521 779.443625450134 621.557518005371
610.903007507324 664.692250847816 689.061487197876 653.390500545502 768.85230255127 576.783203125 576.459037780762 693.972166061401 818.305511474609 675.812241017818 835.757720947266 801.662811279297 686.127063751221 672.164566040039 758.978157043457 710.85924911499 731.351165771484 876.491104125977 600.051971435547 641.347927093506 449.257232666016 618.335243225098 683.461974143982 625.794204711914 707.047920227051 738.574083328247 881.042907714844 648.392860412598 826.824432373047 775.692413330078 673.890697479248 715.551015973091 737.053637504578 620.521667480469 871.404342651367 812.221382141113 886.323150634766 778.074462890625 856.314033508301 844.249130249023 752.646198272705 687.197910308838 623.359085083008 759.031154632568 783.886487960815 826.819309234619 699.139877319336 719.259006500244 615.391265869141 735.434310913086
