export/dem/dem85.asc
NCOLS 350
NROWS 171
XLLCORNER 152620
YLLCORNER 418050
CELLSIZE 100
NODATA_VALUE -9999
[rows 22 to 43 of 171, columns 150 to 199 of 350]
656.361095428467 680.287982940674 699.912425994873 650.402996063232 648.128393352032 734.394943237305 729.251747131348 599.054949760437 764.399406433105 433.486755371094 702.305076599121 699.335628509521 894.302093505859 592.510833740234 643.595458984375 638.247856140137 970.927181243896 583.427963256836 494.801193237305 581.904800415039 578.140350341797 456.052963256836 703.438705444336 631.79475402832 598.317001342773 670.915756225586 948.620292663574 805.814643859863 639.542037963867 593.925281524658 555.42879486084 588.011924743652 633.419366836548 446.966003417969 690.943138122559 546.189529418945 688.969970703125 675.788789749146 493.016036987305 701.528602600098 822.652572631836 827.919853210449 606.428001403809 626.694038391113 694.227767944336 764.966346740723 663.19344329834 535.754570007324 657.422157287598 680.971834182739
572.117198944092 607.41971206665 552.591598510742 598.830184936523 615.332752227783 695.965362548828 625.775812149048 608.826352119446 650.040002822876 604.172119140625 523.390983581543 735.297404289246 729.926778793335 669.37606048584 388.555419921875 741.837871551514 546.925003051758 946.329795837402 565.664596557617 607.915260314941 611.437637329102 572.349967956543 603.98193359375 597.367736816406 680.930305480957 456.172622680664 986.897766113281 763.246635437012 523.526397705078 615.227310180664 543.721534729004 560.821571350098 687.328453063965 604.485237121582 591.410877227783 856.373901367188 727.942817687988 603.652519226074 705.634376525879 633.625072479248 674.951202392578 555.571113586426 596.359111785889 665.252081215382 670.328811645508 487.061050415039 587.243782043457 675.394453048706 783.394630432129 730.686981201172
660.61336517334 564.681872367859 646.26072883606 595.584945678711 669.046836853027 604.943392753601 578.007537841797 663.916900634766 516.401710510254 460.457611083984 584.158172607422 774.128784179688 947.190490722656 667.744735717773 596.77278137207 1274.16369628906 681.958877563477 395.771530151367 458.392608642578 605.266174316406 612.139739990234 696.636529922485 574.784706115723 629.348022460938 496.925231933594 488.262222290039 556.877822875977 474.044845581055 666.461051940918 652.469879150391 585.026485443115 578.224418640137 694.948413848877 736.745948791504 727.697654724121 773.232276916504 626.607265472412 659.373794555664 583.314613342285 700.503461837769 857.849655151367 504.01237487793 603.315771102905 578.356460571289 723.915761947632 633.894775390625 747.776824951172 735.765918731689 782.35237121582 693.052935123444
584.495450019836 576.674942016602 484.838317871094 590.372926712036 616.918070793152 708.490531921387 607.358617782593 743.65380859375 646.032747268677 503.412582397461 563.055961608887 447.646759033203 997.919677734375 435.611694335938 829.187362670898 679.805992126465 614.799289703369 872.842849731445 533.568283081055 642.81649017334 951.129760742188 1081.50199890137 552.32080078125 573.883857727051 641.414295196533 480.072616577148 710.502090454102 589.343605041504 661.659931182861 735.134078979492 620.86841583252 714.70955657959 605.611850738525 571.977676391602 666.049215316772 675.503845214844 744.355072021484 607.634035110474 619.845436096191 569.536338806152 716.853721618652 670.527050018311 616.405830383301 715.226745605469 850.510559082031 880.874893188477 804.614044189453 569.46947479248 664.486368179321 706.951692581177
716.257545471191 640.57621383667 528.601554870605 592.928779602051 599.110280893743 792.636810302734 532.243873596191 650.104892730713 629.628918647766 671.011577606201 585.339380264282 557.110317230225 644.962455749512 666.394390106201 459.435470581055 625.502304077148 676.749984741211 646.514892578125 635.442190170288 677.868545532227 522.951934814453 712.177976608276 619.078247070312 470.186767578125 501.513259887695 583.493179321289 802.380249023438 477.668991088867 591.503200531006 720.603126525879 740.355978012085 728.439979553223 599.878402709961 558.449932098389 720.583740234375 681.00846862793 692.944221496582 585.902828216553 855.098541259766 699.389339447021 604.520519256592 495.453796386719 458.127670288086 624.555225372314 695.791787147522 702.12095451355 634.942832946777 680.01969575882 689.78904914856 624.062883377075
779.419586181641 602.505809783936 750.269622802734 604.752908706665 679.358047485352 764.473358154297 575.21076965332 726.639686584473 612.816275596619 529.57780456543 546.924102783203 516.737167358398 712.622417449951 621.465850830078 629.89372253418 627.038131713867 688.531723022461 674.761929512024 261.101440429688 847.231872558594 762.089042663574 826.023005485535 672.925805091858 749.739055633545 572.945648193359 973.271598815918 523.685974121094 584.58772277832 621.245500564575 599.390718460083 742.642082214355 625.974873542786 692.977233886719 612.278621673584 741.227382659912 674.18249130249 687.356597900391 710.250015258789 826.597702026367 680.562774658203 694.118484258652 599.015842437744 622.499990463257 675.192804336548 540.649780273438 567.128807067871 681.566659927368 622.789710998535 675.727661132812 789.432418823242
746.695404052734 549.292669296265 584.934437274933 711.026100158691 603.787128448486 521.11417388916 597.836865901947 599.500056743622 551.916240692139 573.301612854004 724.788507461548 1184.3735408783 733.352333068848 768.532649993896 651.081665039062 1140.90021133423 452.24137878418 977.813232421875 483.394104003906 764.848815917969 857.776472091675 687.586952209473 574.870040893555 695.371116638184 540.513732910156 730.685823440552 681.872973918915 746.694839477539 620.325239896774 609.693891525269 481.860122680664 711.342529296875 685.22346496582 563.911394119263 749.995407104492 778.137557983398 597.712170124054 670.786979675293 740.792068481445 668.014228820801 929.913558959961 1030.65549850464 507.342315673828 689.536380767822 624.790592193604 486.135955810547 571.478149414062 536.111503601074 501.297943115234 697.840148925781
792.384140014648 856.929473876953 677.767959594727 589.778120040894 708.620330810547 617.252685546875 672.738830566406 829.814910888672 563.400405883789 627.090042114258 696.69478225708 1039.52267074585 718.420829772949 997.775630950928 834.662410736084 807.426212310791 738.484672546387 437.191452026367 539.566200256348 545.720222473145 921.147911071777 525.678588867188 646.15912437439 905.296222686768 569.034729003906 609.855971738696 669.43713760376 818.366683959961 654.316738128662 659.430553436279 750.967697143555 674.275032043457 687.32039642334 783.659866333008 710.040596008301 687.300331115723 626.660747528076 621.501860141754 604.846575737 626.733950614929 692.760272979736 851.697158813477 578.793216705322 516.786437988281 585.964279174805 482.609268188477 686.838489532471 658.237548828125 651.093109130859 692.698890686035
637.627380371094 417.890007019043 504.827911376953 659.905326843262 579.186618804932 574.410719633102 682.683815002441 729.450424194336 679.509460449219 898.976791381836 718.776100158691 997.457523345947 1021.81436794996 755.094066619873 824.520362854004 581.40495300293 620.939900398254 338.904846191406 556.526533126831 864.031391143799 706.188339233398 735.154804229736 568.4963722229 584.524559020996 619.599479675293 507.811744689941 645.827672958374 645.276416778564 713.810363769531 721.606201171875 591.629326462746 645.605861663818 595.355279922485 812.176055908203 575.749572753906 496.279663085938 590.770639419556 491.921157836914 534.700242996216 384.722442626953 662.313468933105 650.559818267822 583.156374454498 590.097133636475 595.405281066895 555.439292907715 505.659156799316 575.378658771515 633.758205413818 753.502914428711
635.855072021484 688.630920410156 591.441020965576 515.200931549072 613.913642883301 761.970703125 717.572967529297 721.588851928711 599.848648071289 702.977014541626 864.78092956543 631.553993225098 1002.39951324463 544.532684326172 526.624404907227 540.284317016602 651.202911376953 491.198890686035 545.550258636475 578.036124229431 482.951644897461 492.430732727051 502.864036560059 522.862319946289 645.283115386963 497.537803649902 629.491676330566 640.635208129883 714.024200439453 780.128036499023 640.512077331543 653.249870300293 626.541492462158 509.781158447266 685.905975341797 688.739776611328 553.004051208496 503.814224243164 411.141983032227 511.276092529297 884.85383605957 675.133163452148 575.04683303833 581.707675933838 672.580436706543 558.873861312866 527.048194885254 599.431807518005 689.598785400391 660.84757232666
575.389762878418 645.146156311035 578.93755531311 595.703971862793 686.122268676758 571.050240516663 674.302284240723 671.472496032715 843.438283920288 755.267784118652 782.646705627441 697.034645080566 567.454391479492 721.349700927734 709.872573852539 781.792205810547 619.359088897705 568.687675476074 695.127449035645 586.130593299866 540.942443847656 485.66185760498 504.922096252441 630.662979125977 479.750190734863 361.185211181641 511.090705871582 657.82527923584 611.974937438965 599.129505157471 561.878984451294 473.523590087891 423.300750732422 636.530364990234 523.992389678955 738.248107910156 556.807907104492 568.894062042236 639.650245666504 585.887744903564 731.277320861816 512.190719604492 489.063674926758 519.903709411621 672.09309387207 560.132187843323 554.076536178589 697.30933380127 673.519058227539 732.199584960938
596.897891998291 504.094131469727 672.078514099121 631.535293579102 598.305416107178 587.977769851685 634.106147766113 628.582492828369 884.18000793457 614.275253295898 528.613189697266 610.410600662231 673.41162109375 717.292449951172 607.505216598511 592.227304458618 675.52604675293 688.698844909668 450.474739074707 475.405311584473 551.568326950073 491.445037841797 644.632469177246 389.568878173828 534.531360626221 459.667633056641 485.797317504883 759.631797790527 415.738388061523 469.554916381836 602.13201713562 412.166595458984 568.750297546387 482.31510925293 553.89391644299 635.477920532227 688.835464477539 734.585205078125 636.955944061279 546.776683807373 645.633529663086 523.961975097656 565.377317428589 463.07772064209 500.131465911865 560.01301908493 630.283973693848 594.885852813721 562.171965897083 748.85173034668
652.681343078613 444.347610473633 617.756652832031 471.43376159668 500.118007659912 485.527114868164 454.025970458984 671.588401794434 733.384017944336 511.063930511475 618.778289794922 431.581527709961 705.890106201172 546.162818908691 544.302116394043 581.019502639771 604.16911315918 593.30867767334 572.71660131216 590.076133728027 436.525177001953 573.164282381535 472.478164672852 584.461053848267 424.236877441406 571.834203720093 524.333110809326 618.01388168335 596.849800109863 402.454544067383 763.800964355469 649.444442749023 588.884510040283 567.552198171616 628.129329681396 658.813507080078 647.03475189209 758.369537353516 679.22696685791 364.641647338867 589.743690490723 563.438184022903 648.351211547852 612.544815063477 633.619518280029 645.451461791992 528.235006332397 842.808410644531 895.785522460938 555.964683532715
666.650772094727 407.768661499023 403.744857788086 427.837707519531 588.564281463623 594.66795873642 567.734729766846 501.548393249512 619.282022476196 523.843566894531 727.147583007812 647.266181945801 570.507386207581 559.979714155197 644.535255432129 573.966135025024 667.261947631836 514.93985748291 499.665939331055 595.573936462402 514.087919235229 546.361925125122 490.544021606445 488.184043884277 642.216758728027 650.591094970703 541.391487121582 703.959548950195 453.770729064941 456.665000915527 605.26587677002 632.555122375488 613.347030639648 548.65407371521 578.163860917091 576.784126281738 672.798427581787 541.860527038574 442.016410827637 564.021053314209 558.91009759903 544.491706848145 776.865005493164 521.279975891113 1121.46228981018 591.903575897217 496.109066009521 606.887176513672 637.612861633301 603.615356445312
643.244720458984 561.221882820129 521.363204956055 470.743072509766 530.820298910141 441.457313537598 694.7109375 638.091186523438 523.58171081543 698.139183044434 452.859580993652 611.916200637817 363.970367431641 412.696418762207 407.622222900391 516.674777984619 652.359375 431.003364562988 693.027862548828 627.159980773926 551.93151974678 576.103427886963 601.369398117065 541.70849609375 576.683390140533 488.799919128418 621.099472045898 646.161460876465 684.995254516602 491.931076049805 576.886885643005 718.06477355957 625.758201599121 551.347396850586 585.187648773193 585.800521850586 550.21248626709 714.318946838379 661.427707672119 530.431713104248 574.540040016174 553.886872291565 594.498725891113 553.648874282837 797.153732299805 423.607467651367 622.084289550781 581.268644332886 654.814613342285 671.833793640137
608.115139007568 580.747394561768 628.153503417969 659.441604614258 502.37438583374 501.878852844238 490.39151763916 567.111833572388 643.386413574219 669.552173614502 547.320694446564 561.928983688354 628.228462219238 526.788522720337 462.704818725586 574.284572601318 571.927658081055 468.549903869629 571.279441833496 442.111976623535 564.017982959747 514.371952056885 523.090304374695 628.173896789551 564.378604888916 457.320678710938 631.846210479736 704.230987548828 888.735931396484 545.637171387672 613.425067901611 798.031936645508 809.606872558594 752.515014648438 702.083877563477 622.075462341309 466.050148010254 585.110340118408 722.006072998047 550.31623506546 584.634189605713 635.675483703613 714.143371582031 574.241724014282 589.210332870483 601.991523742676 559.681381225586 655.073234558105 711.052200317383 580.097430706024
621.264602661133 648.724876403809 693.784080505371 503.151527404785 589.863965988159 656.592502593994 626.925269603729 676.451835632324 567.457344055176 657.27660369873 561.477179527283 502.756820678711 582.819620132446 524.802013397217 553.387975215912 547.655611991882 516.507339477539 385.829620361328 583.772651672363 544.745217323303 671.812034606934 586.538547515869 594.245529174805 754.271545410156 510.360725402832 568.8405418396 458.62865447998 689.214015960693 880.314117431641 550.943168640137 650.707366943359 546.102708816528 652.87523651123 442.483116149902 658.689918518066 619.94416809082 527.492290258408 570.394660949707 663.772285461426 667.749809265137 676.264007568359 537.620971679688 592.978824615479 621.57918548584 670.674453735352 456.311866760254 637.597724914551 489.285297393799 607.603416442871 578.021785736084
718.550018310547 604.755844116211 564.238803863525 518.781394958496 526.069537401199 548.586921691895 634.408546447754 669.993911743164 656.36067199707 542.270104289055 565.970241546631 594.881186485291 463.717674255371 489.060752868652 505.21923828125 575.427646636963 582.56164932251 466.908912658691 576.555599212646 612.438766479492 558.338018417358 608.450912475586 762.70280456543 738.418426513672 546.790802001953 708.809036254883 682.946517944336 619.096633911133 999.509918212891 1161.0216217041 689.826202392578 692.282424926758 528.927480697632 528.11378288269 521.005331993103 561.831708908081 665.982635498047 496.36999130249 485.395008087158 694.563262939453 747.971954345703 420.868370056152 488.875629425049 583.477363586426 586.452728271484 714.683441162109 582.068656921387 568.831091880798 516.167934417725 622.988170623779
613.464412689209 587.468616485596 487.436683654785 498.905868530273 565.780434727669 508.480440616608 500.448459625244 539.944913864136 516.957147598267 664.24263381958 614.600959777832 486.179252624512 506.333965301514 538.890775680542 457.37663269043 426.927429199219 679.98014831543 769.383560180664 652.996109008789 362.551948547363 648.962928771973 467.919921875 813.365570068359 573.291345596313 794.184616088867 536.429470062256 694.464210510254 714.288511276245 757.069519042969 617.741287231445 576.009550094604 568.33793258667 493.515561580658 448.451385498047 713.114547729492 722.729553222656 529.135945320129 592.679344177246 529.719264984131 548.844678401947 475.08959197998 429.502197265625 701.184921264648 540.754710912704 502.991523742676 443.153190612793 633.255584716797 653.090698242188 675.549606323242 491.80241394043
427.09521484375 680.062484741211 620.518775939941 612.112686157227 589.825000762939 465.528480529785 549.081645488739 742.621917724609 627.241668701172 633.699036121368 560.705686569214 455.854789733887 511.682188034058 503.663990497589 352.091506958008 499.28914642334 517.502042770386 590.774108886719 504.476608276367 621.586673736572 696.99348449707 594.612453460693 596.575942993164 554.971977233887 603.430213928223 500.489780426025 667.025848388672 613.406188964844 960.508682250977 642.239891052246 609.121696472168 531.995681762695 602.709167480469 478.638355255127 498.621044158936 511.680271148682 566.291393280029 624.911094665527 546.112775325775 660.23218536377 593.079780578613 508.96794128418 364.004257202148 728.254013061523 522.298626899719 543.434121131897 546.465593338013 606.495384216309 552.821057766676 589.070280075073
489.696807861328 430.705024719238 551.098094940186 677.830429077148 740.027465820312 694.384719848633 556.119966506958 568.856190681458 546.798739701509 429.443832397461 493.521537780762 491.856857299805 486.467531204224 366.208724975586 450.65160369873 501.507663726807 533.283307552338 573.460460662842 449.915992736816 518.577325820923 558.140497207642 515.525033950806 707.563949584961 477.721687316895 663.618881225586 668.171981811523 555.041519403458 706.667816162109 1002.50538635254 834.13924407959 675.828952789307 686.446449279785 468.508235931396 561.695747375488 500.795965194702 569.449604034424 752.274719238281 446.165298461914 602.985191345215 466.094234466553 525.962361268699 524.674678683281 554.968235015869 464.927024841309 443.807418823242 584.587211608887 569.918320178986 532.831775665283 362.259140014648 510.492237091064
600.845863342285 676.771896362305 552.331159591675 535.45485535264 600.580497741699 563.08437538147 639.960586547852 611.262424468994 495.15806388855 474.727087020874 584.6451587677 436.521743774414 400.98454284668 587.490650177002 485.272789001465 530.84281539917 528.136597633362 510.511365890503 689.700012207031 519.414361953735 631.46378326416 636.556861877441 601.346199035645 626.165321350098 565.234426498413 622.255264282227 797.214767456055 674.59349822998 659.054656982422 592.477634429932 620.078536987305 761.526702880859 640.65905380249 637.305999755859 692.737144470215 610.09455871582 591.228958129883 706.906272888184 712.150505065918 584.364711761475 533.61865234375 603.452827453613 958.938552856445 674.152275085449 678.209287643433 558.663208007812 465.798233032227 674.515838623047 605.421634674072 668.191337585449
