export/dem/dem86.asc
NCOLS 350
NROWS 171
XLLCORNER 152620
YLLCORNER 418050
CELLSIZE 100
NODATA_VALUE -9999
[rows 66 to 87 of 171, columns 250 to 299 of 350]
651.22344660759 560.708213806152 533.163604736328 621.974661827087 634.874269485474 654.808464944363 695.646537780762 667.261946678162 618.320468902588 628.227193832397 586.815811157227 695.481037139893 603.947738647461 616.457248687744 755.872680664062 622.301383972168 718.583484649658 672.935633659363 803.50244140625 581.741729736328 735.859043121338 735.578578948975 603.739936828613 749.211887359619 588.447814941406 832.207458496094 651.80078125 733.534080505371 919.752685546875 645.749214172363 897.944259643555 869.99169921875 781.172035217285 628.82933807373 966.352111816406 672.72439956665 697.757659912109 624.551422119141 942.57820892334 838.408388137817 817.847257614136 796.370723724365 832.368455886841 866.392013549805 660.753829956055 563.889251708984 624.550956726074 808.971183776855 693.544090270996 823.677813529968
633.930842399597 544.158897399902 688.808288574219 680.216197967529 386.536590576172 587.450225830078 699.944049835205 659.57363319397 595.360046386719 543.374084472656 565.285614013672 627.394093990326 583.961807250977 696.118911743164 718.945587158203 646.792973995209 651.729614257812 711.524828910828 679.456758439541 612.998073577881 843.622039794922 674.746805667877 736.050933837891 604.360862731934 812.69596862793 683.400488853455 725.242033004761 720.407773971558 761.253913879395 773.805641174316 785.001739501953 734.317760467529 803.930961608887 676.820411682129 791.739608764648 839.101615905762 820.380584716797 652.258941650391 685.896095275879 740.936971664429 944.60164642334 942.072959899902 767.546859741211 655.134078979492 784.071477890015 813.933113098145 552.524353027344 696.183059692383 743.166255950928 638.622772216797
635.0846118927 677.591991424561 542.36661529541 698.4348487854 725.942291259766 712.593452453613 749.691963195801 546.909683227539 621.823274612427 632.605457305908 664.779573440552 467.583923339844 767.20085144043 704.536560058594 620.705017089844 490.579650878906 648.926841616631 750.671394348145 646.931631088257 708.382236480713 792.457870483398 667.212350845337 744.571422576904 642.631301879883 714.042326927185 628.065704345703 782.972885131836 767.156425476074 780.302001953125 808.171875 662.079727172852 786.626091003418 624.770385742188 736.433258056641 710.471199989319 768.361896514893 746.596374511719 648.878059387207 762.910327911377 742.37878370285 699.908967971802 751.86186504364 1097.90013694763 1405.5842666626 716.254501342773 627.164855957031 545.590072631836 560.416885375977 666.24055480957 736.30989074707
585.74182510376 734.339805603027 724.022247314453 625.438359975815 601.369674682617 780.976348876953 745.318382263184 490.040985107422 643.641569137573 777.745178222656 618.126867294312 700.657939910889 634.021636962891 509.006134033203 641.135303497314 560.185791015625 770.895606994629 588.475784301758 672.201800107956 533.377288818359 696.687485694885 837.869079589844 730.766784667969 686.914471626282 685.974383354187 823.207580566406 553.845794677734 731.918537139893 733.954627990723 711.670032978058 641.673217773438 727.440269470215 449.903945922852 661.742752075195 670.214393615723 745.904100418091 745.136169433594 806.836944580078 941.729995727539 816.715160369873 692.967681884766 756.754950523376 723.680141448975 637.680023193359 824.19189453125 1245.41076660156 758.047574996948 602.89192199707 648.172996520996 717.46594619751
670.446630477905 759.77473449707 673.916893005371 546.636344909668 519.72078704834 665.73836517334 701.296340942383 722.681787490845 706.58455657959 547.061447143555 681.199939727783 846.251174926758 513.519027709961 502.601699829102 472.692764282227 687.952377319336 704.434186935425 545.443984985352 769.613716125488 701.450241088867 611.046684265137 648.953340530396 579.434631347656 601.635040283203 688.45415687561 682.060998439789 593.982299804688 783.390502929688 712.313510894775 752.736862182617 604.48445892334 788.956581115723 725.68549156189 581.77375793457 795.356666564941 563.636428833008 758.446159362793 868.495147705078 780.714790344238 854.799385070801 903.772445678711 730.675045013428 662.650054931641 623.249473571777 467.420501708984 728.716804504395 891.429759979248 1046.70971679688 662.655776977539 705.851240158081
628.744430541992 599.908657073975 492.937515258789 456.605865478516 550.710502624512 689.080337524414 541.3681640625 655.336210042238 669.490242004395 741.973289489746 620.698328018188 528.82283782959 578.452217102051 548.410713195801 758.599243164062 639.768325805664 777.241577148438 616.222778320312 529.594650268555 645.376472473145 685.12363243103 663.445767819881 587.049346923828 684.172581195831 688.671615600586 705.210437774658 709.707330703735 733.144327163696 704.173757553101 711.960438728333 715.949396133423 693.252431869507 628.634407043457 713.181540489197 605.628402709961 521.498184204102 734.416143417358 907.162780761719 827.036277770996 597.696517944336 725.861802577972 593.756637573242 638.266143798828 686.730575561523 622.522674560547 1163.33647346497 755.180916786194 724.962760925293 651.082107543945 494.904434204102
652.521401047707 589.153991699219 554.463394165039 551.485153198242 507.180191040039 716.466404914856 601.101982116699 475.373977661133 672.468506813049 516.100158691406 677.339939892292 674.727861404419 708.69864654541 632.040512084961 657.395278930664 537.414413452148 603.617294311523 606.166896820068 703.744205474854 552.377891540527 691.931186676025 717.377370834351 624.593757629395 781.174125671387 595.596664428711 662.140426635742 618.995292663574 702.537444591522 737.730812072754 743.933456420898 683.7234582901 666.868076324463 644.155132293701 733.359586715698 461.600646972656 642.421577453613 622.241737365723 772.555795669556 784.149276733398 711.999519348145 455.004974365234 1130.92002868652 772.799155235291 770.751790046692 638.074417114258 851.486186981201 700.918701171875 714.925380706787 578.141098022461 739.208117485046
669.817755699158 567.104286193848 589.646682739258 633.098373413086 695.367220640182 646.572395324707 614.209754943848 715.263580322266 776.932510375977 668.874122619629 720.439182281494 610.024089813232 655.673690795898 609.595310211182 700.687395095825 674.480578422546 524.39688873291 599.900241851807 646.42095375061 559.795051574707 598.027637481689 530.3388671875 734.371982574463 718.488773345947 847.942565917969 805.796142578125 622.699821472168 740.951316833496 684.651101112366 761.194923400879 786.361465454102 753.454902648926 647.127773284912 801.456558227539 621.814554214478 645.905700683594 676.946537017822 845.083351135254 769.258880615234 754.378994941711 637.749973297119 687.298934936523 825.758731842041 1080.0650062561 656.343017578125 833.02140045166 594.83772277832 670.57649230957 1008.44515991211 563.947830200195
622.405811309814 557.795021057129 513.007446289062 535.582527160645 516.314445495605 655.611145019531 636.85319519043 762.901709675789 683.032682418823 762.571022033691 658.180801391602 592.740104675293 651.48899269104 543.468399047852 725.696868896484 815.950225830078 701.945747375488 583.323783874512 573.761665344238 572.444816589355 695.534309387207 709.117248535156 626.258888244629 682.181792259216 825.969039916992 711.680233001709 674.510025024414 922.495269775391 757.477989196777 690.457983016968 750.286674499512 660.826732635498 774.066047668457 801.328178405762 768.98616027832 811.802612304688 736.932046890259 778.179927825928 748.313536643982 515.65673828125 515.040634155273 894.375732421875 586.693267822266 1086.48351860046 842.363586425781 574.92008972168 785.359001159668 780.072351455688 723.724456787109 882.797302246094
766.463668823242 583.565989494324 620.899696350098 384.032516479492 507.977958679199 506.504859924316 628.573364257812 677.715896606445 782.50736618042 764.638019561768 624.429794311523 636.323822021484 654.635763645172 590.292346954346 673.796737670898 727.803688049316 685.440479278564 662.199197769165 609.753860473633 624.021276473999 631.395606994629 520.758316040039 725.073934555054 663.431025505066 688.549629688263 693.412162780762 758.612609863281 694.402174949646 730.36047744751 620.256462097168 619.330177307129 779.609222412109 681.119340896606 699.252861022949 715.744716882706 874.760360717773 940.001419067383 734.80425453186 726.387767791748 571.968994140625 790.009010314941 844.198471069336 680.944076538086 784.025947570801 724.298675537109 889.852142333984 872.247383117676 814.597687244415 761.200698852539 932.96614074707
725.34268951416 689.612461090088 503.07666015625 592.191665649414 677.208095550537 589.436901092529 502.549415588379 873.235290527344 699.563034057617 636.317054748535 703.21407699585 734.076049804688 794.252029418945 805.020355224609 805.71842956543 698.785808563232 619.301496505737 667.367181777954 744.701309204102 500.765701293945 745.229591369629 521.864616394043 606.96505355835 740.072166442871 651.436504364014 779.411239624023 767.052879333496 490.047119140625 615.04328918457 863.47509765625 644.871786117554 721.867206573486 779.465530395508 858.924362182617 847.577087402344 1022.3391418457 830.141662597656 804.390060424805 651.709564208984 647.635204315186 701.930908203125 729.748237609863 747.302108764648 790.061954498291 844.007261276245 662.719146728516 681.983139038086 749.29891204834 796.514533996582 768.234924316406
716.387340545654 728.047973632812 589.265453338623 563.126792907715 538.357223510742 709.519164085388 477.750953674316 553.706764221191 671.833641052246 683.692548751831 658.954597473145 680.716387748718 717.134941101074 611.377902984619 764.940719604492 774.76392364502 810.756256103516 742.948837280273 625.858710289001 576.348747253418 618.860954284668 732.770513534546 719.91255569458 653.682028770447 569.718101501465 575.198028564453 583.451133728027 631.224670410156 649.248199462891 736.185279846191 885.241363525391 839.516662597656 669.299293518066 806.429893493652 742.620141983032 779.984830856323 865.076034545898 757.373065948486 716.6162109375 747.460857391357 1004.23343515396 752.284252166748 698.440231323242 1014.45751190186 814.75178527832 770.99772644043 846.891998291016 813.440341711044 938.648544311523 1017.23539733887
680.243637084961 809.175308227539 767.439559936523 641.953876495361 627.328546524048 772.726776123047 547.774166107178 709.481781005859 677.868762016296 666.508754730225 636.907571792603 700.24825668335 763.160766601562 756.043991088867 638.014720916748 592.584171295166 787.197509765625 653.426671981812 602.129978179932 660.155990600586 690.241737365723 700.421934127808 687.334969043732 576.79500579834 609.193344116211 632.30277633667 679.031373977661 559.01195526123 714.156703948975 713.142265319824 723.843090057373 563.978332519531 733.618530273438 718.10555267334 754.100959777832 767.708970069885 718.248567581177 694.475701570511 633.673433303833 657.867454528809 667.067279815674 1285.97407913208 1045.88433647156 703.231307983398 633.080993652344 792.042544603348 835.385414123535 873.618713378906 1217.15744018555 884.240772247314
616.589952766895 642.41547203064 711.95662689209 654.823833465576 631.449829101562 738.546581268311 697.681625366211 763.436378479004 663.103960990906 760.442497253418 699.869064331055 665.138252258301 515.135452270508 637.435657501221 777.043937683105 654.665044784546 721.161724090576 634.403345108032 618.412498474121 748.173946380615 886.8984375 729.913822174072 713.586353778839 574.060691833496 746.696594238281 510.421768188477 590.141487121582 739.843002319336 724.837924957275 692.104208469391 760.579635620117 832.094665527344 657.447360992432 620.352119445801 723.720039367676 667.952690124512 639.103736877441 603.585514068604 693.677759170532 860.869924545288 517.219253540039 706.840400695801 1027.91230392456 822.217208862305 1202.87738037109 788.054866552353 1016.11695861816 743.32307434082 669.636276245117 702.681632995605
475.790222167969 726.193786621094 737.641830444336 659.759386062622 662.462623596191 645.156429767609 732.432792663574 723.024707794189 600.565628051758 667.945167541504 956.672180175781 735.875629425049 919.635498046875 542.407569885254 730.287269592285 561.610084533691 503.082275390625 579.979103088379 741.806095123291 650.402900695801 662.403713226318 665.330695152283 635.844815611839 645.250457763672 711.474902153015 676.670444488525 517.843017578125 504.291717529297 656.936084747314 631.733999252319 719.976957321167 724.683158874512 640.742221832275 696.892524719238 575.427993774414 695.32195854187 492.038986206055 585.081207275391 795.203140258789 851.704378128052 647.15856552124 779.323616027832 840.43236207962 1062.56013298035 579.073287963867 747.680435180664 1273.93611907959 717.545936584473 810.143100738525 696.104934692383
598.758628845215 663.946235656738 750.662559509277 818.583908081055 553.101875305176 704.058937072754 623.360977172852 604.982574462891 738.202285766602 634.25048828125 534.494636535645 609.575580596924 700.495323181152 648.549336433411 764.054962158203 576.643867492676 698.085952758789 682.971877098083 750.95760345459 728.433609962463 735.978214263916 772.811477661133 639.113941192627 629.505531311035 648.210765838623 701.218921661377 629.854610443115 774.924453735352 571.88924407959 671.713356018066 675.279385328293 666.690673828125 642.292198181152 596.466903686523 753.641487121582 601.594932556152 482.843673706055 563.422843933105 712.253121376038 834.02214050293 668.327091217041 761.323570251465 692.910474777222 709.672332763672 837.722808837891 671.120155334473 1076.48471069336 665.727172851562 538.085403442383 668.23454284668
650.394550323486 543.67569732666 751.634048461914 691.490753173828 644.559360027313 789.459335327148 701.496509552002 621.98691368103 704.634677886963 529.299339294434 574.111083984375 457.703155517578 770.82453918457 710.023826599121 565.931831359863 673.283544540405 754.895812988281 655.182380199432 618.391222000122 780.258323669434 735.166530609131 834.627365112305 619.403099060059 641.239471435547 722.749603271484 694.204662322998 536.805328369141 650.089420318604 767.148788452148 698.858079910278 672.116132736206 724.069042205811 628.805335998535 652.010753631592 686.012816429138 596.335266113281 602.42992401123 577.245124816895 554.667068481445 608.182693481445 684.416145324707 596.668060302734 423.175918579102 775.07056427002 805.914810180664 728.961441040039 514.760330200195 634.536544799805 715.396270751953 860.501708984375
724.787254333496 526.209732055664 519.629661560059 698.667251586914 694.902740478516 687.518096923828 768.141860961914 794.87174987793 776.555473327637 604.034107208252 681.134031295776 783.369155883789 709.852428436279 723.014453887939 691.546997070312 693.324337005615 697.84578704834 649.630668640137 577.286464691162 602.907730102539 830.797996520996 762.702438354492 722.04532623291 737.551912307739 689.517505645752 631.711692810059 753.471340179443 671.990510940552 759.48070526123 750.044982910156 761.944187164307 699.181211471558 637.820449829102 862.542594909668 696.568361282349 664.307285308838 575.327178955078 606.36254119873 640.545783996582 791.528728485107 685.15022277832 1087.49871826172 623.368049621582 644.775390625 1112.7272644043 732.014472961426 988.676391601562 638.359130859375 725.137252807617 717.024452209473
722.497467041016 686.213996887207 668.376419067383 710.832313537598 747.581840515137 615.738796234131 735.528038024902 729.58952331543 686.532524108887 450.612869262695 552.17887878418 769.55126953125 750.821510314941 1111.25603485107 1144.38287353516 620.698192596436 857.039054870605 714.127590179443 518.956665039062 768.83748626709 731.048946380615 678.298625946045 745.090026855469 941.652942657471 596.174770832062 803.18384552002 653.814069747925 631.918556213379 632.524192810059 645.052845001221 703.386158585548 743.816814422607 708.847244262695 624.470932006836 636.931930541992 703.66272354126 656.69571685791 757.860862731934 641.4033203125 768.881439208984 731.276039123535 727.133979797363 763.246658325195 627.822719573975 735.914161682129 822.613395690918 600.418197631836 599.215301513672 662.290115356445 683.802154541016
569.696334838867 655.059427261353 587.955322265625 634.607349187136 736.366058349609 734.810447692871 727.340217590332 734.394149780273 770.431816101074 587.14973449707 836.076354980469 719.755088806152 680.345237731934 741.734409332275 728.814651489258 700.798156738281 691.032688140869 652.255388259888 717.453979492188 798.389289855957 665.082408905029 788.891662597656 792.157859802246 650.57364654541 720.522927045822 742.215511322021 749.193252563477 591.393516540527 802.870887756348 625.165145874023 780.132179260254 600.393814086914 721.121900558472 854.993927001953 783.422004699707 618.07479095459 606.915000915527 546.854598999023 621.317749023438 982.755975171924 1240.08244514465 584.463661193848 1014.7721862793 814.368518829346 543.893173217773 707.859039306641 771.189380645752 651.699645996094 610.200180053711 906.571929931641
699.458835601807 620.576807022095 679.354078292847 723.961730957031 581.542087554932 624.492656707764 695.808006286621 764.032363891602 666.327501296997 622.885581970215 654.888055801392 527.790863037109 706.389766693115 520.399932861328 424.35725402832 718.30829668045 725.866324424744 885.02978515625 620.224716186523 817.935722351074 609.018829345703 615.401473999023 1395.27173233032 644.820222854614 601.652290344238 720.885047912598 688.058483123779 797.860748291016 543.764083862305 760.743124008179 774.017158508301 687.488700866699 908.690536499023 788.570686340332 713.553035736084 860.17707824707 738.828287124634 658.678482055664 728.077140808105 981.32820892334 713.363616943359 605.991401672363 906.97477722168 1531.23752593994 784.942203521729 1608.75859069824 794.716878890991 700.323432922363 918.253341674805 628.254959106445
758.498294830322 830.18653678894 714.41618347168 564.457550048828 980.726928710938 738.303756713867 503.328750610352 712.609252929688 591.167762756348 659.350944519043 667.507442474365 837.091949462891 1011.08316040039 565.256469726562 791.984214782715 1018.98633575439 1107.95334243774 698.030367851257 571.915302276611 776.434623718262 654.148477554321 635.822237014771 635.467700958252 630.479949951172 710.907524108887 635.565063476562 644.737634658813 713.578346252441 676.415808677673 720.578014373779 802.510250091553 707.384674072266 835.765289306641 867.781898498535 668.681343078613 831.836318969727 700.801986694336 735.643371582031 542.04573059082 817.578986644745 575.159629821777 547.33464050293 593.905609130859 603.087738037109 927.697525024414 928.108276367188 761.25207901001 722.136543273926 638.043762207031 660.948577880859
