export/dem/dem81.asc
NCOLS 350
NROWS 171
XLLCORNER 152620
YLLCORNER 418050
CELLSIZE 100
NODATA_VALUE -9999
[rows 22 to 43 of 171, columns 250 to 299 of 350]
880.374221801758 822.295146942139 816.84561252594 951.276145935059 907.396461486816 905.953976631165 1008.31538772583 1009.91408538818 1007.78502655029 797.941516876221 705.600440979004 576.576416015625 682.600845336914 623.488510131836 605.489845275879 668.699119567871 709.740020751953 753.504430770874 772.812641143799 938.738174438477 954.712768554688 752.414321899414 745.48518371582 933.968849182129 693.304122924805 975.737869262695 887.533477783203 1085.52691650391 879.866775512695 991.941757202148 821.190971374512 -9999 -9999 -9999 -9999 -9999 -9999 -9999 -9999 -9999 -9999 -9999 -9999 -9999 -9999 -9999 -9999 -9999 -9999 -9999
816.129842758179 1012.10696411133 747.067878723145 884.325225830078 848.929306030273 681.026718139648 993.120532989502 936.324394226074 1194.35902404785 971.889789581299 1076.8023223877 835.765090942383 874.801485538483 650.454162597656 636.178436279297 747.168334960938 949.913856506348 823.876344680786 863.693618774414 991.304061889648 819.190246582031 769.857727050781 903.870147705078 688.808906555176 747.491027832031 796.522094726562 941.034805297852 984.225997924805 907.404434204102 877.281631469727 786.73991394043 988.086530685425 885.903697967529 968.978225708008 -9999 -9999 -9999 -9999 -9999 -9999 -9999 -9999 -9999 -9999 -9999 -9999 -9999 -9999 -9999 -9999
787.246063232422 1224.94486618042 1097.143699646 717.800254821777 859.891017913818 829.081809997559 889.963718414307 752.247680664062 885.551261901855 736.79866027832 751.988887786865 988.089906692505 907.359603881836 778.74243927002 663.79239654541 759.595008850098 882.134548187256 848.567406654358 898.170381546021 1171.69400024414 1042.53974914551 869.984069824219 827.312225341797 789.971878051758 724.358779907227 643.829927444458 818.427410125732 881.985687255859 828.270614624023 740.984623908997 1007.17043304443 990.788772583008 773.779066085815 583.260391235352 762.070266723633 932.501388549805 867.283540725708 -9999 -9999 -9999 -9999 -9999 -9999 -9999 -9999 -9999 -9999 -9999 -9999 -9999
773.340412139893 762.895439147949 714.913383483887 849.050621032715 871.215858459473 793.512998580933 900.724283218384 976.604755401611 937.846996307373 835.95198059082 794.557815551758 1008.05574989319 946.112186431885 949.951049804688 968.456329345703 772.584121704102 889.683637619019 1037.83432006836 966.078987121582 968.254776000977 1170.66513061523 984.465805053711 1072.18884277344 1102.64566040039 706.916007995605 787.212539672852 870.639945983887 988.247772216797 852.265419006348 802.235984802246 595.560768127441 861.043266296387 792.023193359375 565.878463745117 802.396446228027 873.186944961548 721.426681518555 740.751617431641 749.318574905396 700.322082519531 971.457870483398 -9999 -9999 -9999 -9999 -9999 -9999 -9999 -9999 -9999
813.052196502686 763.115196228027 831.410703659058 754.441612243652 781.002197265625 985.772010803223 810.503606796265 851.552627563477 838.972755432129 767.944652557373 854.186418533325 1107.75211238861 1064.38304901123 1296.95095062256 1080.09243011475 1144.72491455078 987.964260220528 980.041591644287 1000.803565979 1024.08165740967 1023.07968139648 818.375694274902 1266.44793701172 1225.27262878418 1062.63031005859 1197.04263305664 1007.83851623535 977.982654571533 943.465385437012 814.398777008057 717.659160614014 871.053260803223 856.534927368164 521.188545227051 595.232507705688 800.574363708496 683.510482788086 870.350509643555 880.363876342773 812.829647064209 861.591163635254 787.441442489624 1027.06800842285 971.455451965332 1071.83887672424 -9999 -9999 -9999 -9999 -9999
725.259124755859 644.117904663086 904.249370574951 587.010803222656 781.597053527832 710.567108154297 1030.38658905029 790.010440826416 881.52642250061 814.684989929199 752.755668640137 783.34708404541 693.034072875977 2033.53009033203 911.096282958984 931.458854675293 846.113342285156 904.480810165405 1014.08769226074 973.482513427734 1058.71842956543 1004.41828155518 955.330261230469 1075.17344284058 1124.64149093628 1051.19031906128 930.174827575684 847.537010192871 1134.40005493164 744.101745605469 831.055393218994 966.296035766602 881.926048278809 615.666836738586 561.374622344971 461.78742980957 728.315063476562 849.402679443359 925.169448852539 825.342258453369 746.613431930542 826.580352783203 1052.59842681885 915.244052886963 1105.57707214355 1001.35168457031 1013.82801055908 766.22945022583 681.81282043457 762.883880615234
822.057284355164 856.528099060059 639.829681396484 713.800369262695 830.417100906372 868.300024032593 854.851554870605 746.383583068848 683.247596740723 713.630859375 770.066963195801 699.713485717773 653.789428710938 1710.54977416992 628.063507080078 608.82731628418 707.163177490234 852.230716705322 940.45824432373 1090.05458068848 1102.48090362549 829.784782409668 990.894142150879 1190.26666259766 1144.35007476807 904.78396987915 1002.84878921509 905.25089263916 1001.07703399658 915.56921005249 859.790237426758 1019.69390869141 1004.68104934692 797.324935913086 797.248191833496 546.810737609863 800.03182220459 923.440319061279 925.870910644531 791.826663970947 687.069549560547 728.895645141602 825.71310043335 872.582551956177 1065.403465271 914.567985534668 993.282619476318 696.405433654785 890.610191345215 815.698650360107
646.120849609375 831.600338935852 681.542495727539 767.129173278809 783.382923126221 842.299671173096 672.52555847168 780.877753257751 809.067443847656 832.914944052696 640.562072753906 539.84944152832 1107.79824829102 543.977844238281 678.154602050781 770.069061279297 688.347305297852 874.695598602295 972.150344848633 993.231750488281 765.069541931152 1023.15562820435 1110.42078399658 971.71081161499 933.01044178009 1439.14059448242 904.883834838867 1071.82962417603 1133.45985412598 1034.19113659859 872.970554828644 853.919202804565 1012.53262710571 780.677520751953 977.34944152832 965.717575073242 914.811218261719 933.314575195312 894.860580444336 854.211953401566 759.534099578857 657.888710021973 731.835945129395 944.332588195801 781.358631134033 811.106467247009 453.901596069336 606.019966125488 601.675918579102 812.075031280518
615.238006591797 935.162490844727 714.60179901123 881.110523223877 908.153312683105 810.641395568848 768.632427215576 650.563171386719 783.284194946289 761.667144775391 697.649047851562 462.751220703125 1535.97662353516 473.450714111328 498.590515136719 788.991065979004 748.791473388672 918.175743103027 883.920490264893 878.758136749268 855.262809753418 917.377220153809 723.996231079102 949.369812011719 916.413711547852 939.027496337891 907.582397460938 983.650039672852 828.079169273376 836.936225891113 816.888931274414 1266.31860351562 874.927967071533 956.548435211182 877.351905822754 1037.51750183105 908.638374328613 966.982446670532 945.459708213806 873.993225097656 805.811721801758 770.485130310059 836.639457702637 975.177001953125 807.790596008301 683.089645385742 540.632179260254 539.324898481369 472.731349945068 1039.53935241699
916.340698242188 821.645267486572 732.431365966797 770.308507919312 688.799102783203 858.718307495117 726.020378112793 727.923580169678 769.418537139893 726.405235290527 671.987785339355 1142.98504638672 588.084426879883 587.359024047852 600.164428710938 658.253051757812 717.426498413086 707.307899475098 772.505172729492 849.51905632019 836.548538208008 832.71804523468 889.108779907227 892.763816833496 896.57502746582 864.359134674072 847.271068572998 793.215393066406 769.466896057129 755.02123260498 739.004829406738 938.302291870117 892.779186248779 870.486234664917 1038.51445007324 1001.16999816895 904.474540710449 784.154491424561 920.138150572777 1289.02655029297 886.823692321777 1036.25543022156 824.908447265625 1028.96429443359 940.893543243408 857.214027404785 745.942928314209 743.795829772949 475.444290161133 975.521114349365
789.612091064453 697.427352905273 879.295318603516 750.229755759239 710.752185821533 863.281539916992 734.917366027832 838.493244171143 755.001684188843 709.650253295898 798.479113698006 1179.50009155273 623.560928344727 462.159210205078 594.317932128906 684.094627380371 513.94873046875 730.106460571289 797.570154190063 873.633224487305 855.684101104736 796.134948730469 747.609548330307 760.459297180176 749.134489059448 996.30322265625 733.641372680664 672.329940795898 840.872577667236 761.101085662842 832.225019216537 807.997540950775 707.375679016113 939.350353240967 841.131679534912 909.661773681641 851.562015533447 812.138563156128 765.157814025879 716.89924621582 711.905517578125 1026.01739501953 972.933174133301 1322.78295898438 895.082397460938 839.84161567688 954.051132202148 1205.1732635498 999.29439163208 858.853759765625
878.947776794434 799.186088562012 844.733345031738 735.776382446289 844.946517944336 756.639721870422 718.538764953613 743.472682952881 846.754608154297 737.251426696777 1007.24765014648 680.005172729492 715.470802307129 722.640338897705 667.082000732422 769.924022674561 712.390602111816 779.460216522217 748.732765674591 582.509056091309 757.738265991211 845.385864257812 845.663902282715 900.958213806152 825.373908996582 938.761596679688 620.55419921875 713.203010559082 686.618347167969 876.383903503418 779.485734939575 840.848752975464 848.340209960938 742.401092529297 917.763771057129 883.892059326172 923.835273742676 919.601089477539 779.635971069336 818.353274822235 707.879692077637 795.806312561035 783.08097076416 725.406631469727 1365.93865585327 603.510810852051 1024.79170227051 815.950866699219 1091.00828552246 975.553443908691
839.798831939697 931.667251586914 843.995979309082 882.813980102539 733.155944824219 850.262214660645 803.690732955933 753.256996154785 900.812553405762 1061.48795318604 751.794198989868 763.639993667603 821.514904022217 624.973114013672 609.605026245117 1035.4334602356 1023.5329246521 853.088573455811 705.068397521973 769.694107055664 782.571277618408 803.185325622559 791.255367279053 807.243223667145 843.237672805786 839.267250061035 738.674540519714 799.857089996338 808.365244865417 841.916690826416 902.926490783691 754.828468322754 852.921045303345 745.421676635742 774.323514938354 898.170246124268 706.837684631348 837.865104675293 606.854385375977 652.562362670898 771.143230438232 781.551300048828 832.497951507568 779.214851379395 856.076987743378 1491.18499755859 962.579948425293 1150.30685424805 1040.58927154541 998.30152130127
918.422302246094 882.637664794922 777.62321472168 842.785942077637 727.690605163574 849.83239364624 824.348232269287 811.684734344482 686.618751525879 659.32544708252 733.465564727783 559.432525634766 751.198114395142 662.514175415039 691.945003509521 802.491733551025 866.179656982422 898.395160675049 713.852645874023 866.011840820312 736.877105712891 847.169620513916 856.780174255371 898.068710327148 963.060180664062 789.909472942352 797.274446487427 764.50506401062 754.620990276337 776.528663635254 914.217613220215 653.548599243164 697.737480163574 632.917495727539 739.497596740723 763.281387329102 815.43231010437 848.072238922119 855.236442565918 749.862716674805 700.498390197754 801.737564086914 759.754364013672 880.443477630615 844.505918979645 935.263690948486 964.475791931152 1575.41807556152 918.690200805664 856.08472442627
729.799774169922 728.181636810303 815.717998504639 802.967407226562 762.099610328674 750.884317398071 780.900918275118 683.294471740723 971.623477935791 689.755310058594 832.219131469727 620.260620117188 460.342254638672 702.833213806152 1184.60260009766 841.343528747559 798.046983718872 1128.8463973999 1078.00491333008 679.636825561523 735.289344787598 730.316497802734 803.519705533981 835.053829193115 689.109954833984 919.034121274948 748.015266418457 659.056365966797 793.521942138672 715.056373596191 840.413661956787 537.475036621094 789.618118286133 798.604471206665 876.530731201172 810.13432765007 865.86633682251 795.888957977295 936.027786254883 643.225234985352 754.877052307129 865.818386077881 867.388355255127 666.401321411133 754.715278625488 972.355949401855 918.422479629517 909.943515777588 1020.2240447998 1107.28751182556
759.59684753418 665.93864440918 780.694511413574 792.862258911133 764.911323547363 696.649887084961 701.570621490479 897.717154502869 630.764877319336 754.176606178284 608.296112060547 668.222930908203 725.688461303711 837.476028442383 1071.87925720215 609.587371826172 602.758041381836 737.952972412109 1250.16610717773 834.756737709045 838.934665679932 709.666374206543 772.030126571655 705.818321228027 815.696044921875 783.536037445068 904.869384765625 784.409502029419 744.509689331055 810.458243370056 768.813793182373 547.853042602539 1016.24487304688 634.725570678711 851.723472595215 802.702955245972 687.914749145508 813.617567062378 775.737031936646 761.396797180176 820.515478134155 722.807861328125 965.368934631348 882.804737091064 810.216720581055 762.967208862305 847.715446472168 993.292724609375 991.440788269043 871.524284362793
733.610872030258 599.754531860352 735.923441290855 687.649154663086 816.02507019043 719.142683029175 618.841506958008 589.601211547852 707.151332855225 607.954711914062 1267.08172988892 987.873100280762 1041.94723510742 1075.95638656616 884.441946029663 743.339820861816 815.120407104492 1663.93868732452 903.05672454834 1412.64644241333 1160.14988708496 723.086120605469 611.624328613281 802.140703201294 665.362915039062 873.509315490723 764.281608581543 859.191089630127 836.628768920898 838.287166595459 767.868549346924 705.06290435791 638.230377197266 759.169937133789 738.941452026367 744.750152587891 718.505561828613 908.705451965332 827.463129043579 625.405532836914 759.133987426758 837.984956741333 788.048300743103 901.872882843018 836.044931411743 939.096054077148 987.593223571777 868.502187728882 930.304500579834 1073.6570892334
886.11344909668 881.643508911133 775.865173339844 579.800704956055 697.761532306671 873.60823059082 822.715003967285 736.761106491089 649.570381164551 567.906188964844 612.412200927734 701.104721069336 757.879234313965 1189.12300109863 1097.27539825439 862.153381347656 733.53099822998 784.284655630589 756.962524414062 734.826080322266 1030.96219444275 725.576263427734 699.859741210938 760.995548248291 741.126976013184 798.585005044937 925.87410736084 857.829864501953 876.072589874268 785.9541015625 950.558563232422 785.254280090332 763.395751953125 814.177894592285 832.779487609863 853.977035522461 676.146606445312 768.406379699707 771.286128997803 775.846961975098 799.218851089478 832.558572769165 620.844360351562 837.784736156464 732.040252685547 911.537601470947 984.858612060547 916.712348937988 1073.96760559082 901.699420928955
688.40425491333 733.529085159302 824.18537902832 628.0478515625 794.07836151123 542.780242919922 596.522186279297 707.38551235199 700.904752731323 752.721438407898 860.396553039551 864.840034484863 730.118270874023 752.217880249023 700.804565429688 977.607543945312 627.881660461426 1020.13294219971 778.005186080933 617.910034179688 621.292114257812 819.632358551025 570.158874511719 768.629463195801 711.074131011963 863.523918151855 733.045139312744 770.640264511108 820.591236352921 842.566391944885 831.102561950684 549.757629394531 826.304244995117 802.93194770813 718.170249938965 911.347114562988 792.530704498291 797.331218719482 847.320415496826 863.173500061035 1103.14315032959 678.485931396484 674.088363647461 804.036060333252 716.918792724609 951.572250366211 926.683013916016 984.899169921875 1048.78344726562 914.764553070068
699.425668716431 786.382110595703 779.17350769043 727.874702453613 788.864589691162 704.153472900391 679.642162322998 677.533611297607 734.094665527344 681.617218017578 1003.02887678146 935.492256164551 574.06770324707 710.015048980713 610.902481079102 766.437286376953 726.078010559082 655.885559082031 776.521408081055 745.284467697144 754.869121551514 860.970169067383 763.392530441284 827.620899200439 881.379608154297 696.175682067871 753.265731811523 771.403432846069 896.938327789307 882.340083599091 1361.18208312988 810.71860408783 823.056930541992 868.660430908203 858.364095687866 1103.22463989258 1296.98209381104 951.710098266602 810.819499969482 798.32878112793 1201.91680526733 731.367477416992 697.871978759766 725.256149291992 847.576248168945 968.822204589844 1074.4322052002 964.095527648926 865.655902862549 954.652206420898
660.70539855957 815.177848815918 809.103828430176 887.694038391113 808.109287261963 884.230758666992 684.557453155518 685.139209747314 799.490562438965 785.921836137772 1069.03553962708 1389.4004650116 731.827842712402 608.937561035156 559.424057006836 628.972801208496 660.358116149902 779.271255493164 765.093241691589 781.798904418945 723.213806152344 838.485652923584 742.257158279419 741.344083786011 650.802230834961 639.664901733398 814.55135345459 930.989616394043 763.646423339844 858.226619720459 695.656433105469 843.937911987305 874.786916732788 840.57644867897 657.695266723633 852.170873641968 977.722343444824 946.912490844727 774.556793212891 1456.60539245605 826.951797485352 776.936359405518 791.103128433228 802.657585144043 794.390773773193 975.113395690918 848.53542470932 993.075454711914 835.726802825928 850.729048728943
825.883613586426 805.534400939941 556.989044189453 625.670890808105 778.483428955078 745.079006195068 873.561805725098 774.824844360352 827.077308654785 703.338653564453 736.032302856445 845.733963012695 642.979370117188 674.721298217773 649.421661376953 776.77227306366 641.114524841309 676.72599029541 671.390472412109 699.43399810791 777.278118133545 767.268788039684 741.12032699585 631.61385345459 727.224842071533 696.605533599854 987.435480117798 892.934379577637 735.238456726074 1082.34703826904 709.059364318848 569.742523193359 854.276693344116 778.135259628296 751.014137268066 900.55385017395 806.525131225586 750.048202514648 755.776519775391 745.055786132812 873.882429122925 743.966808319092 741.454513549805 812.520518183708 835.774507522583 957.40991973877 1004.53628540039 1109.33053588867 941.764335632324 955.758834838867
