export/dem/dem89.asc
NCOLS 350
NROWS 171
XLLCORNER 152620
YLLCORNER 418050
CELLSIZE 100
NODATA_VALUE -9999
[rows 0 to 21 of 171, columns 150 to 199 of 350]
569.873382568359 652.692825317383 797.496471405029 -9999 -9999 -9999 -9999 -9999 -9999 -9999 -9999 -9999 -9999 -9999 -9999 -9999 -9999 -9999 -9999 -9999 -9999 -9999 -9999 -9999 -9999 -9999 -9999 -9999 -9999 -9999 -9999 -9999 -9999 -9999 -9999 -9999 -9999 -9999 -9999 -9999 -9999 -9999 -9999 -9999 -9999 -9999 -9999 -9999 -9999 -9999
675.138240814209 706.780311584473 728.34065246582 733.126129150391 702.484603881836 526.301010131836 629.868019104004 -9999 -9999 -9999 -9999 -9999 -9999 -9999 -9999 -9999 -9999 -9999 -9999 -9999 -9999 -9999 -9999 -9999 -9999 -9999 -9999 -9999 -9999 -9999 -9999 -9999 -9999 -9999 -9999 -9999 -9999 -9999 -9999 -9999 -9999 -9999 -9999 -9999 -9999 -9999 -9999 -9999 -9999 -9999
491.252681732178 631.460147857666 675.639263153076 647.924264907837 537.617279052734 705.091453552246 556.222785949707 552.092697143555 686.839385986328 548.699127197266 505.314971923828 734.743007659912 910.919059753418 671.257034301758 -9999 -9999 -9999 -9999 -9999 -9999 -9999 -9999 -9999 -9999 -9999 -9999 -9999 -9999 -9999 -9999 -9999 -9999 -9999 -9999 -9999 -9999 -9999 -9999 -9999 -9999 -9999 -9999 -9999 -9999 -9999 -9999 -9999 -9999 -9999 -9999
580.919067382812 549.877889633179 664.330146312714 601.646186828613 598.40991973877 726.297222137451 611.728260040283 911.49295425415 819.904098510742 878.111503601074 642.545486450195 610.179656982422 770.372581481934 598.841400146484 274.568054199219 428.015686035156 710.663711547852 799.274513244629 841.348394393921 819.239402770996 782.451122283936 837.662116646767 707.624542236328 811.722270965576 708.108497619629 619.029708862305 761.257088065147 668.752201080322 590.149391174316 665.028472900391 901.623191833496 769.663124084473 734.694747924805 843.843445777893 925.467720031738 -9999 -9999 -9999 -9999 -9999 -9999 -9999 -9999 -9999 -9999 -9999 -9999 -9999 -9999 -9999
1096.10443878174 819.133972167969 753.31188583374 947.984230041504 1050.08716011047 1041.18711280823 871.946395874023 941.009824752808 881.283058166504 942.569145202637 736.026977539062 501.900482177734 624.165267944336 592.740280151367 303.53759765625 434.67993927002 489.752105712891 883.466522216797 914.717880249023 587.332710266113 939.765098571777 979.004486083984 768.076232910156 684.228065490723 784.76006102562 740.932090759277 735.295475006104 640.145530700684 590.74340057373 749.644886016846 728.18367767334 936.397071838379 805.923725128174 756.251469612122 772.209854125977 706.781150102615 703.48041164875 718.822770118713 993.186164855957 783.780990600586 483.111114501953 582.631011962891 562.322845458984 676.920408248901 973.149551391602 702.41149520874 707.415901184082 692.27490234375 809.455854386091 768.146141052246
1018.79148483276 760.120708465576 826.82381439209 1004.87378787994 1073.15270996094 912.556167602539 932.691669464111 799.814331054688 759.008712768555 938.485645294189 937.188461303711 468.641891479492 426.399749755859 402.779663085938 593.566101074219 265.653869628906 584.737594604492 727.223136901855 829.169666290283 800.971694946289 696.904808044434 696.908786773682 696.138622283936 749.826126098633 731.020820617676 639.299854278564 482.506408691406 397.631713867188 507.114730834961 749.407867431641 799.471839904785 745.065153121948 921.779144287109 768.587153434753 730.675186157227 663.468704223633 724.340818405151 946.471740722656 911.893600463867 958.978637695312 1006.95574951172 633.807146072388 720.493087768555 678.591777801514 705.736705780029 663.955216169357 649.228453636169 663.631696939468 735.494897842407 816.065967559814
1210.98652648926 1354.57022094727 844.759124994278 712.161193847656 860.01513671875 810.682037353516 1044.50895690918 959.87467956543 953.632934570312 897.96745300293 921.84831237793 699.854125976562 548.995010375977 374.457366943359 556.565444946289 664.461742401123 598.391868591309 651.540534973145 690.248802185059 848.600975036621 653.223587036133 608.011199951172 867.034805297852 705.88037109375 656.035608291626 583.775291442871 599.662773132324 590.900489807129 509.943969726562 616.473815917969 743.544183731079 676.499389648438 741.661720275879 791.492950439453 826.66544342041 692.747024536133 945.658233642578 863.420628070831 1074.08525085449 995.791290283203 882.094104766846 977.840240478516 730.41162109375 744.818214416504 653.620729923248 719.4567527771 615.489208221436 618.760124206543 811.167335510254 674.887359619141
1250.84912872314 856.64924621582 743.583442687988 670.729995727539 869.822769165039 883.301986694336 932.919082641602 667.402709960938 1063.1774597168 917.835556030273 908.672256469727 636.928726196289 656.074127197266 431.613540649414 693.734008789062 839.592119216919 586.646575927734 666.039726257324 773.457889556885 694.657135009766 873.490631103516 868.894577026367 799.176378250122 827.449123382568 564.606330871582 672.565729260445 663.065258979797 666.128910064697 548.710021972656 709.885772705078 732.0304479599 836.266479492188 692.520646095276 762.762641906738 777.49779510498 1026.67097473145 1024.5189666748 855.202501773834 1030.44075012207 961.273399353027 949.548919677734 873.152130126953 777.786220550537 950.846176147461 780.97473526001 811.507568359375 862.162773132324 743.466487884521 839.6279296875 812.947235107422
773.974300384521 850.321731567383 655.475723266602 734.647542953491 910.474655151367 801.375385284424 908.734115600586 790.101104736328 931.526031494141 984.446784973145 658.204650878906 674.279403686523 616.284034729004 719.125465393066 778.555530548096 730.086647033691 884.258857727051 702.936370849609 842.50196647644 560.888214111328 916.94921875 1075.5958366394 703.283981323242 848.471311569214 769.973489761353 803.97998046875 695.424613952637 667.87752532959 819.139530181885 905.560878753662 836.427794456482 934.980773925781 742.550186157227 816.097545623779 771.946142196655 963.095092773438 1008.73430633545 1058.25119018555 998.296522140503 1019.12035751343 996.79935836792 866.733478546143 804.806316375732 953.755737304688 695.290267944336 885.63258266449 799.120124816895 733.488302230835 724.016542196274 659.247200012207
736.152122497559 557.325744628906 646.707786560059 734.146095275879 578.997520446777 731.054748535156 494.741851806641 711.705898284912 514.536743164062 616.730346679688 535.03694152832 690.47078704834 410.222213745117 700.371562957764 918.441950798035 919.343078613281 928.277984619141 510.564788818359 873.339019775391 745.550765991211 842.576675415039 1085.78453063965 1194.5552444458 1110.70753479004 656.781799316406 819.087787628174 782.897876739502 695.031497955322 749.982370376587 611.918956756592 873.19172668457 735.564849853516 834.089279174805 617.241195678711 737.351982116699 972.928901672363 957.528968811035 947.404580116272 988.177287101746 1027.87085723877 753.196411132812 922.127410888672 908.525165557861 844.527846336365 830.998016357422 1076.29653167725 942.071716308594 933.321044921875 849.216983795166 962.223037719727
711.558639526367 899.289611816406 738.778279304504 607.117317199707 670.742480278015 563.68677520752 488.526153564453 532.38716506958 613.358833312988 550.433944702148 622.858009338379 740.904273986816 636.277574539185 643.181747436523 575.331512451172 1003.8052444458 1112.32482528687 486.157592773438 1109.18125152588 838.216559410095 979.608444213867 1056.0208363533 613.812362670898 920.474090576172 844.645668029785 1100.03702163696 810.639236450195 681.19474029541 739.830039978027 409.280868530273 746.126576960087 654.031593322754 540.813949584961 573.869579315186 662.131135940552 838.668369293213 829.824152946472 909.228713989258 968.234893798828 965.535194396973 818.449844360352 727.528526306152 738.051284790039 971.049837112427 857.64856338501 1299.72003936768 949.261794984341 1336.02591705322 1391.73655700684 1014.44005584717
584.849937438965 679.109301567078 644.691291809082 737.70320892334 521.469749450684 542.595687866211 456.204025268555 463.581596374512 682.655738830566 584.431491851807 536.157253265381 552.535789489746 638.387269973755 938.943214416504 641.857070922852 634.458061218262 719.673316955566 769.007976531982 648.147186279297 679.784042358398 779.189914703369 1104.59712219238 665.438278198242 636.680084228516 750.20044708252 776.21431183815 1371.46577453613 1088.24934387207 1221.12538146973 1223.2615070343 854.45556640625 804.083219528198 395.211517333984 416.749946594238 614.629199981689 633.289237976074 826.310260772705 641.39492225647 664.587337493896 676.403852939606 745.262840270996 846.746463775635 918.537009239197 767.536918640137 701.615905761719 743.848894119263 720.134502410889 803.224540576339 1006.90871429443 889.345592498779
626.763957977295 751.94889831543 686.410219192505 638.138810634613 594.823486328125 714.224460601807 475.603523254395 434.643264770508 676.112179338932 642.810913085938 866.05298614502 571.821014404297 1227.15952301025 872.542373657227 955.429389953613 429.246826171875 650.053955078125 723.513877868652 1026.87479901314 717.652824401855 705.061729431152 1026.6916809082 656.167678833008 751.734230041504 700.936340332031 872.533760070801 1057.45616149902 1273.827293396 697.725578308105 1083.53889846802 1104.77143859863 701.507675170898 783.115503311157 497.913116455078 807.280227661133 765.345123291016 872.184123516083 765.451343536377 779.127960205078 565.939193725586 842.948036193848 889.054641723633 966.969268798828 749.754970550537 775.059494018555 747.927885055542 784.175842285156 897.29256439209 779.461168289185 844.788909912109
681.13191986084 782.043045043945 600.970762569457 1306.13565063477 905.663272857666 1154.95909309387 835.10498046875 529.299392700195 572.490875244141 581.453796386719 802.157897949219 684.21369934082 731.906246185303 558.499145507812 892.769359588623 415.249908447266 625.061614990234 463.148254394531 767.055618286133 754.525933980942 780.971477508545 736.179573059082 1119.44143295288 849.810181617737 652.779525756836 1009.53917694092 863.576745033264 967.443061828613 908.293877601624 819.6590051651 1287.49934387207 585.598480224609 527.184494018555 560.130065917969 586.091934204102 971.751617431641 888.783702850342 783.420475006104 681.777442932129 560.330932617188 760.169692993164 754.151725769043 785.82135617733 755.16051864624 619.066902160645 553.493835449219 903.756446838379 991.39652633667 1100.66082763672 955.496807098389
1269.57524108887 732.807571411133 580.05773639679 746.770980834961 741.741905212402 565.213706970215 628.638374328613 762.16259765625 602.076831817627 704.26184463501 671.797351837158 737.517501831055 745.909187316895 591.834983825684 1034.95973205566 527.645599365234 561.850135803223 504.17985534668 764.911354064941 730.958644866943 803.224727630615 696.272964477539 796.925491333008 636.432838439941 644.835334777832 909.839614868164 972.946899414062 856.110939025879 891.637920379639 666.96257019043 541.238830566406 906.756622314453 1144.31884765625 613.090545654297 764.468467712402 709.109489440918 818.064609527588 749.842401817441 574.994686126709 658.763563156128 859.588180541992 808.135192871094 905.933364868164 884.76286315918 622.679426193237 716.668239593506 758.510711669922 699.388557434082 958.270312786102 672.128490447998
677.452323913574 749.290679931641 679.035453796387 588.646200180054 643.807739257812 604.424800872803 670.46626663208 658.785875797272 556.946060180664 566.2744140625 663.477046966553 536.536582946777 739.068305969238 1157.13667297363 681.064189910889 667.275756835938 728.745368003845 884.356067657471 674.857223510742 1119.89491271973 985.610122680664 1012.01215362549 1360.89763641357 793.281684875488 836.157623291016 758.903781890869 1169.10966491699 947.221508026123 735.348007202148 624.895965576172 788.138792037964 542.656631469727 707.776077270508 686.285278320312 608.064727783203 661.110443115234 646.423316955566 774.489927768707 755.573884010315 1008.81713867188 704.970447540283 856.377716064453 814.132621765137 658.646858215332 674.594418525696 535.246383666992 675.884154319763 759.750961303711 862.793640136719 795.168327331543
804.192840576172 740.733947753906 649.964405059814 651.170127868652 427.554214477539 527.865646362305 563.493469238281 771.552268981934 630.293670654297 597.936569213867 757.757026672363 464.35115814209 1454.80126571655 1408.13216400146 627.070297241211 702.331085205078 617.79296875 671.940567016602 626.228004455566 591.361465454102 924.551681518555 695.392944335938 854.154113292694 571.156295776367 851.816932678223 840.652229309082 1831.27941894531 1162.66082763672 913.257926940918 620.556419372559 832.826301574707 534.940124511719 556.85205078125 1021.96739196777 721.260231018066 720.613309383392 654.004173278809 1022.34765625 1316.78038811684 882.528625488281 994.932464599609 872.739288330078 783.140998840332 850.362236022949 1083.91539001465 749.015556335449 781.388633728027 693.372848510742 636.037628173828 652.129806518555
753.182067871094 663.801319122314 787.3837890625 477.284606933594 536.911170959473 681.365032196045 536.594635009766 775.268157958984 767.920463562012 764.643814086914 591.8310546875 504.746711730957 640.644622802734 336.976409912109 533.657775878906 1006.56768035889 616.432083129883 524.417694091797 556.366744995117 529.551284790039 599.594551086426 618.023750305176 709.990787506104 738.940246582031 944.600036621094 1180.13089370728 926.203674316406 775.891830444336 753.05305480957 751.957359313965 693.684967041016 876.031158447266 818.190711975098 656.995286941528 923.315727233887 529.873687744141 661.11120223999 772.662010192871 707.478326797485 896.180541992188 645.006748199463 836.944480895996 877.672775268555 877.675964355469 741.747356414795 766.429054260254 611.939338684082 635.260780334473 1055.32802581787 703.741058349609
606.666460752487 582.622928619385 457.151824951172 630.870756149292 575.396797180176 678.464698791504 1001.45269012451 823.100814819336 727.726722717285 683.581938266754 643.480407714844 622.550508499146 726.115947723389 654.669010162354 348.881530761719 866.998977661133 1107.09069061279 1210.42721176147 679.907516479492 760.079063415527 610.597206115723 780.831969738007 1180.97605895996 604.202987670898 1022.55229949951 589.304206848145 702.843627929688 787.073830604553 617.718780517578 962.055992126465 693.609756469727 759.135118484497 530.713485717773 593.917846679688 553.064880371094 1268.56317901611 482.80110168457 588.924896240234 757.023849487305 1024.70336151123 992.276641845703 1106.90203857422 969.780757904053 1091.41619110107 1132.30397605896 969.573211669922 614.242858886719 596.923851013184 542.889640808105 397.807754516602
496.494575500488 529.629814147949 720.155586242676 625.894781112671 667.179553985596 514.303985595703 718.03394317627 601.271839141846 693.419207572937 610.093463897705 894.301290512085 623.541034698486 572.752975463867 602.305206298828 524.413986206055 568.036590576172 534.434700012207 609.083641052246 628.065818786621 580.763763427734 814.214550018311 804.939720153809 755.763507843018 729.550186157227 800.634841918945 769.315413475037 752.919555664062 1130.6079788208 1001.71002197266 769.529245376587 752.012838363647 575.508483886719 877.34204864502 564.203353881836 603.16259765625 595.788970947266 774.065078735352 638.723161697388 667.296571731567 578.516128540039 801.997482299805 601.052209377289 947.924724578857 588.59948348999 563.940795898438 620.345581054688 685.48454284668 458.131622314453 639.031841278076 480.062149047852
577.314486026764 530.097862243652 710.637935638428 710.193351745605 460.342086791992 698.365264892578 683.382094144821 714.704772949219 1306.38220596313 743.056900024414 722.908950805664 763.769933700562 603.814765930176 535.711791992188 559.721115112305 619.055475234985 529.83324432373 475.246505737305 669.699783325195 700.563842773438 1031.42584514618 602.92244720459 666.077514648438 766.308456420898 951.531695365906 903.832229614258 832.002184391022 645.139019012451 763.764472961426 679.215423583984 766.543769836426 614.779335021973 615.664474487305 589.766677856445 522.771392822266 750.240097045898 691.336591720581 849.817001342773 693.846962928772 622.984001159668 801.430145263672 955.655380249023 1249.04739999771 503.616180419922 558.407836914062 1191.23414611816 726.523862838745 646.759401321411 794.164726257324 1056.32732391357
574.763317108154 730.575088500977 553.86727142334 563.871856689453 703.115879058838 571.945266723633 1161.93981170654 628.315184593201 665.130399703979 662.70206451416 668.814346313477 947.189743041992 545.678291320801 1192.13218307495 672.878316879272 562.222747802734 718.421646118164 627.728679656982 952.136871337891 830.009429931641 746.599090576172 1427.63442802429 986.416007995605 782.108274459839 702.438385009766 1011.61057901382 804.72484588623 709.703325271606 1489.22192382812 632.702842712402 731.575210571289 719.598587989807 576.066470623016 674.680835723877 566.680648803711 536.108657836914 653.032941818237 610.90433883667 799.135864257812 752.835132598877 780.773231506348 814.746124267578 613.815849304199 744.846305847168 626.289384841919 1286.29090881348 597.464431762695 752.774520874023 704.337375640869 547.037490844727
