export/dem/dem8.asc
NCOLS 350
NROWS 171
XLLCORNER 152620
YLLCORNER 418050
CELLSIZE 100
NODATA_VALUE -9999
[rows 110 to 131 of 171, columns 200 to 249 of 350]
-9999 -9999 -9999 790.570846557617 607.54320526123 496.109100341797 666.631257653236 780.471768379211 668.64136505127 1011.60188293457 596.848197937012 747.313377380371 587.082443237305 720.601257324219 652.053081512451 561.101654052734 927.075828552246 603.552879333496 640.724538803101 806.765060424805 574.820259094238 549.251434326172 826.47777557373 532.471458435059 550.030211448669 509.809776306152 606.589447021484 585.081604003906 508.998992919922 474.87890625 507.268661499023 621.266227722168 594.570266723633 494.14208984375 535.847282409668 517.975555419922 580.867111206055 581.419235229492 570.254536390305 475.938911437988 573.238510131836 502.786651611328 727.310676574707 723.812431335449 1238.4214630127 868.276885986328 768.690093994141 1086.22760009766 554.363632202148 869.330890655518
-9999 -9999 -9999 -9999 852.194618225098 759.011501312256 698.272987365723 824.055324554443 779.441017389297 829.337923049927 609.21667098999 638.830001831055 714.070848464966 837.153945922852 743.335060119629 710.579940795898 680.535457611084 847.863540649414 642.298260688782 533.565521240234 553.064559936523 694.313362121582 1307.39501190186 448.629364013672 451.955810546875 537.78165435791 686.638580322266 786.852058410645 565.967964172363 541.883499145508 514.946617126465 649.415431976318 591.266235351562 639.75963973999 547.272346496582 519.31721496582 745.646503448486 629.153305053711 439.011581420898 368.483123779297 696.121788024902 538.885009765625 629.712310791016 882.722595214844 471.199768066406 778.749160766602 866.640533447266 909.008546829224 781.827735900879 845.531242370605
-9999 -9999 -9999 -9999 931.54817199707 745.26008605957 664.961158752441 753.195457458496 668.775810241699 650.125835418701 729.987402915955 744.663562774658 677.365299224854 671.928451538086 658.846534252167 683.213874816895 678.299183368683 601.208351135254 678.620342254639 813.107040405273 598.843357086182 683.89807510376 636.136018276215 506.728019714355 663.351280212402 595.503124237061 522.899017333984 619.593532562256 587.593696594238 529.0068359375 320.457000732422 677.739334106445 656.253698348999 495.98860168457 627.60094833374 642.120037078857 635.972526550293 507.029067993164 751.776073455811 669.893562316895 558.506378173828 656.540748596191 465.514862060547 827.106567382812 516.017852783203 822.792594909668 1115.2621421814 1088.7018737793 687.32103729248 659.795669555664
-9999 -9999 -9999 -9999 -9999 850.462863922119 687.280292510986 715.277963638306 825.649787902832 809.41675567627 1194.42990493774 675.0046043396 702.196380138397 744.289588928223 703.835865020752 799.678192138672 636.548748314381 661.992520809174 605.515762329102 648.774599075317 733.257598876953 1045.78112983704 604.045490264893 581.12525177002 687.87183380127 567.789131164551 739.171161651611 694.359469890594 699.859949111938 464.122039794922 393.249404907227 539.863861083984 637.896362304688 579.414962768555 787.871967315674 662.133463859558 633.004329681396 592.29076385498 782.979417800903 797.499479293823 711.058242797852 813.176712274551 579.791732788086 680.085586547852 643.63427734375 634.74284362793 829.569320678711 1231.94428253174 668.090682983398 808.521942138672
-9999 -9999 -9999 -9999 -9999 884.197425842285 711.841781616211 651.656547546387 658.95302772522 842.719879150391 1235.75241851807 578.267990112305 758.693035125732 670.147842407227 600.096557617188 625.637825012207 680.699928283691 538.314987182617 498.495544433594 457.214599609375 1278.42587542534 612.350482940674 603.391075134277 560.259704589844 633.324534416199 651.884457826614 578.058586120605 583.37979888916 803.100975036621 685.637680053711 639.416530609131 571.802062988281 594.143630981445 663.410018920898 574.169967651367 644.507369995117 590.415458679199 688.769718170166 630.92366027832 531.898101806641 784.415225982666 754.326606750488 700.058982849121 632.738990783691 616.567977905273 583.687484741211 756.434440612793 893.666346549988 874.603973388672 693.110847473145
-9999 -9999 -9999 -9999 -9999 989.868148803711 800.441617965698 610.111892700195 595.264331817627 624.292549133301 846.203443527222 723.108150482178 758.712043762207 628.029769897461 627.586555480957 716.756632804871 747.387281417847 573.827194213867 528.111846923828 1189.15086364746 688.688016891479 453.639694213867 604.059387207031 682.942956924438 542.639320373535 727.42600440979 711.911468982697 619.180694580078 717.394246101379 599.001892089844 693.224555969238 799.774978637695 613.276908874512 638.209686279297 585.698585510254 664.743885040283 632.978534698486 637.042921304703 574.592803955078 535.688995361328 456.959060668945 793.945297241211 578.561088562012 869.21605682373 766.808046340942 712.11735534668 697.53796005249 813.708723068237 776.571589946747 791.558874130249
-9999 -9999 -9999 -9999 -9999 -9999 780.182502746582 779.04273223877 765.939058303833 476.806732177734 723.121379852295 950.894088745117 609.065528869629 745.35375213623 570.223205566406 580.087524414062 587.877807617188 588.670135498047 521.57292175293 466.349243164062 438.437271118164 605.187252044678 725.830135345459 586.265899658203 795.725868225098 707.980644226074 750.280307769775 592.153854370117 609.683311462402 749.338073730469 759.905994415283 603.473052978516 634.631496429443 714.92506980896 750.887042760849 593.950485229492 608.665420532227 714.095584869385 665.865245819092 542.435806274414 730.027753829956 685.191635131836 503.828811645508 592.645538330078 982.978887557983 978.935188293457 1207.18698883057 953.14334487915 793.512626647949 1018.05319213867
-9999 -9999 -9999 -9999 -9999 -9999 804.982162475586 1224.98690795898 1127.25297546387 473.932968139648 624.66134262085 739.171880722046 1037.43517684937 749.872769713402 492.385345458984 637.636741638184 474.095001220703 551.96760559082 1119.22964477539 614.76114654541 560.521766662598 508.677444458008 625.981971740723 597.37134552002 786.516891479492 848.290298461914 813.055183410645 593.190635681152 588.857864379883 793.882530212402 762.528959274292 648.183074951172 784.63285446167 872.637748718262 977.942073822021 884.133529663086 899.093696594238 779.646306991577 750.183898925781 488.367233276367 502.209350585938 504.32731628418 636.519187927246 737.603982925415 650.20272064209 591.561660766602 784.839332580566 840.856338500977 1062.82540130615 718.4792137146
-9999 -9999 -9999 -9999 -9999 -9999 -9999 829.363067626953 817.030879974365 608.001693725586 485.600372314453 692.494140625 682.646629333496 815.80687713623 777.497955322266 546.263916015625 575.32878112793 1306.58403015137 572.682083129883 681.215251922607 540.851928710938 676.802106618881 696.668407917023 699.908992767334 768.991617202759 818.663520812988 713.286825180054 1128.84248924255 860.619510769844 930.925186157227 791.139129638672 823.385643005371 652.565641403198 807.008934020996 771.298889160156 990.880819320679 997.472915649414 979.362508773804 1116.6372013092 593.685508728027 571.135200500488 507.803115844727 662.28539276123 698.854640960693 729.295219421387 612.443344116211 822.060104370117 829.606384277344 657.805236816406 820.298568725586
-9999 -9999 -9999 -9999 -9999 -9999 -9999 -9999 879.891296386719 903.512187957764 651.865501403809 688.954322814941 541.872375488281 664.812973022461 599.122940063477 648.129943847656 1492.09857177734 617.510551452637 717.40574836731 655.837814331055 679.739295959473 793.098739624023 662.927291870117 644.787376403809 779.23560333252 751.928379058838 761.791313171387 694.720294952393 884.005197525024 675.089884407818 463.893379211426 891.583053588867 717.260498046875 809.257888793945 773.009925842285 990.418655395508 1079.44351196289 953.909337043762 962.15807723999 877.471534729004 667.907836914062 695.571464538574 533.445663452148 619.316589355469 647.605175018311 631.407852172852 599.428924560547 516.282440185547 681.422058105469 578.681420326233
-9999 -9999 -9999 -9999 -9999 -9999 -9999 -9999 -9999 1364.97305297852 1460.78457641602 1179.64487075806 523.394706726074 745.511278152466 648.512886047363 579.371520996094 847.58772277832 693.856147766113 643.487869262695 837.576076507568 516.830596923828 647.101524353027 503.485458374023 925.663238525391 805.499938964844 868.051246643066 633.961755752563 535.279598236084 804.124618530273 731.400497436523 735.246101379395 580.596977233887 573.191543579102 568.948392868042 830.041692733765 826.314613342285 882.602996826172 868.538623332977 870.121101379395 1050.53963470459 1084.26461029053 681.91283416748 734.647898674011 691.676170349121 453.755004882812 517.364845275879 543.401901245117 504.048210144043 412.667221069336 620.13941192627
-9999 -9999 -9999 -9999 -9999 -9999 -9999 -9999 -9999 -9999 1110.27536010742 788.271850585938 612.663124084473 530.236557006836 598.994644165039 542.102172851562 615.573623657227 667.405151367188 668.993865966797 599.050262451172 550.235778808594 740.793131828308 604.72509765625 869.161651611328 1165.29986953735 720.067115783691 450.801025390625 737.521827697754 794.692352294922 840.660934448242 657.362670898438 546.089431762695 470.784957885742 518.573541641235 880.612558364868 946.430870056152 745.553726196289 928.827270507812 1008.06869506836 951.050773620605 925.070423126221 741.442855834961 647.541213989258 837.448468208313 598.706106185913 566.25464630127 532.718116760254 504.363136291504 547.360069274902 458.453002929688
-9999 -9999 -9999 -9999 -9999 -9999 -9999 -9999 -9999 -9999 -9999 1204.27330780029 1123.1170539856 895.386665344238 549.34822845459 663.472280502319 644.653244018555 787.915800094604 753.91081905365 624.742752075195 781.368719100952 788.677953720093 670.939250946045 629.305082321167 1218.48310852051 862.580673217773 961.175868988037 879.216812133789 758.847461700439 679.701549530029 931.791580200195 812.225532531738 725.390506744385 728.589731216431 847.030136108398 903.98560333252 938.216110229492 869.79708480835 921.87052154541 809.659175872803 1041.40315246582 807.10534286499 769.084859848022 338.527893066406 533.797866821289 617.482807159424 514.859130859375 678.814399719238 625.013023376465 621.845436096191
-9999 -9999 -9999 -9999 -9999 -9999 -9999 -9999 -9999 -9999 -9999 -9999 1078.88934761286 1327.91709899902 651.106882095337 477.06307220459 874.027801513672 510.020690917969 610.780941009521 828.223289489746 745.849800109863 661.255027770996 615.325374603271 506.231433868408 735.170224428177 922.930397033691 957.009674072266 715.262470245361 534.217987060547 636.077529907227 798.563053131104 873.294507980347 808.030529022217 732.35034942627 694.663536071777 716.458168029785 927.624702453613 830.823835372925 916.979446411133 910.606666564941 798.822940826416 873.193928718567 848.255061149597 617.738052368164 650.523273468018 694.935863494873 740.677722930908 707.622080802917 552.242782592773 788.224275112152
-9999 -9999 -9999 -9999 -9999 -9999 -9999 -9999 -9999 -9999 -9999 -9999 -9999 -9999 805.931106567383 883.743408203125 774.430152893066 1029.65948390961 671.497489929199 688.425331115723 622.632804870605 486.383827209473 682.011924743652 541.445867538452 727.941625595093 736.946079492569 706.772239685059 832.432029724121 763.220993041992 829.665416717529 667.295532226562 801.388481140137 679.053611755371 837.650367736816 618.274429321289 488.307373046875 705.873519897461 804.776168823242 710.417221069336 1168.0638885498 939.450714111328 1144.3855304718 669.393230438232 581.192054748535 725.805151939392 516.498992919922 635.637580871582 705.536552429199 669.08065032959 709.293579101562
-9999 -9999 -9999 -9999 -9999 -9999 -9999 -9999 -9999 -9999 -9999 -9999 -9999 -9999 -9999 -9999 -9999 1076.52543258667 691.650260925293 614.161079406738 848.601863861084 932.676879882812 778.280230522156 811.738040924072 848.588161468506 852.717956542969 743.166687011719 653.131490707397 745.017757415771 613.276000976562 662.65357208252 677.881538391113 879.109687805176 799.960391998291 728.741289138794 487.880508422852 617.367408752441 912.602729797363 798.271389007568 659.245338439941 570.643050193787 1149.39051818848 665.788955688477 743.899837493896 784.349540710449 668.729946136475 671.773368835449 705.619741439819 729.582180023193 857.927764892578
-9999 -9999 -9999 -9999 -9999 -9999 -9999 -9999 -9999 -9999 -9999 -9999 -9999 -9999 -9999 -9999 -9999 -9999 -9999 -9999 843.257999420166 882.7414701581 865.264776229858 892.422876596451 985.12442779541 763.763359069824 895.014938354492 905.217994689941 787.050225257874 758.788776397705 770.446376800537 840.980453491211 772.110042572021 636.762832641602 739.85461807251 609.951012611389 682.884296417236 843.47240447998 755.566268920898 593.163833618164 686.453344345093 748.468910217285 636.234767913818 722.784275054932 695.306461334229 771.671630859375 701.238443374634 685.341270923615 546.498962402344 628.923629760742
-9999 -9999 -9999 -9999 -9999 -9999 -9999 -9999 -9999 -9999 -9999 -9999 -9999 -9999 -9999 -9999 -9999 -9999 -9999 -9999 -9999 -9999 -9999 -9999 -9999 847.832996368408 824.966144561768 859.690353393555 779.070251464844 708.373260498047 894.342233657837 896.469390869141 748.294514656067 498.865036010742 432.658096313477 815.027029037476 913.618438720703 715.062652587891 750.928880929947 773.560264587402 795.67463684082 1077.32292938232 789.58740234375 881.89697265625 741.870023727417 624.730560302734 753.519901275635 775.81812286377 708.697566509247 816.916763305664
-9999 -9999 -9999 -9999 -9999 -9999 -9999 -9999 -9999 -9999 -9999 -9999 -9999 -9999 -9999 -9999 -9999 -9999 -9999 -9999 -9999 -9999 -9999 -9999 -9999 -9999 -9999 -9999 -9999 880.949737548828 781.649108886719 927.582236766815 776.786361694336 646.046897888184 637.771827697754 653.829277038574 869.48218536377 1142.82302856445 750.544885396957 555.198310852051 618.519758224487 657.398624420166 707.676551818848 736.03491795063 729.770225524902 705.191824436188 779.475914001465 700.244152545929 824.260070800781 819.954002380371
-9999 -9999 -9999 -9999 -9999 -9999 -9999 -9999 -9999 -9999 -9999 -9999 -9999 -9999 -9999 -9999 -9999 -9999 -9999 -9999 -9999 -9999 -9999 -9999 -9999 -9999 -9999 -9999 -9999 -9999 -9999 1061.9305267334 753.863571166992 734.522003173828 586.586318969727 721.229778289795 952.234764099121 596.394309997559 773.32258605957 593.842235565186 894.435020446777 718.764518737793 800.416549682617 735.352506637573 673.483737945557 641.679985046387 642.518543243408 799.776744842529 724.282647132874 732.417492389679
-9999 -9999 -9999 -9999 -9999 -9999 -9999 -9999 -9999 -9999 -9999 -9999 -9999 -9999 -9999 -9999 -9999 -9999 -9999 -9999 -9999 -9999 -9999 -9999 -9999 -9999 -9999 -9999 -9999 -9999 -9999 -9999 750.566805839539 755.285125732422 785.520439147949 848.970329284668 733.623281478882 768.923604011536 563.01517868042 589.173511505127 794.136228561401 776.555400848389 815.143890380859 776.644180297852 624.838241577148 597.621620178223 695.688798904419 783.157051086426 595.648147583008 821.671035766602
-9999 -9999 -9999 -9999 -9999 -9999 -9999 -9999 -9999 -9999 -9999 -9999 -9999 -9999 -9999 -9999 -9999 -9999 -9999 -9999 -9999 -9999 -9999 -9999 -9999 -9999 -9999 -9999 -9999 -9999 -9999 -9999 -9999 795.21459197998 978.256462097168 714.060455322266 647.073020935059 710.18229675293 816.904987335205 994.978088378906 1003.52018737793 785.986560821533 802.99934387207 678.758653640747 736.456949234009 603.865829467773 609.733474731445 614.940643310547 683.892417907715 944.455627441406
