export/dem/dem81.asc
NCOLS 350
NROWS 171
XLLCORNER 152620
YLLCORNER 418050
CELLSIZE 100
NODATA_VALUE -9999
[rows 88 to 109 of 171, columns 0 to 49 of 350]
-9999 -9999 -9999 -9999 -9999 -9999 -9999 -9999 -9999 -9999 -9999 -9999 -9999 -9999 -9999 -9999 -9999 517.741119384766 411.839168548584 418.553161621094 335.353408813477 548.56823348999 578.972515106201 581.436332702637 519.240568161011 733.365200042725 671.402011871338 270.654106140137 617.13037109375 439.045364379883 310.765590667725 295.724227905273 581.048092842102 358.795709609985 462.272472381592 463.322425842285 532.723480224609 743.046853065491 702.203247070312 763.183547973633 815.963768005371 724.332321166992 170.07120513916 260.234764099121 76.6186828613281 290.265567779541 431.854022979736 498.605376005173 696.544624328613 516.770858764648
-9999 -9999 -9999 -9999 -9999 -9999 -9999 -9999 -9999 -9999 -9999 -9999 -9999 -9999 -9999 -9999 -9999 468.601644515991 625.717575073242 441.030097961426 468.651145935059 632.639739990234 501.123497009277 663.426895141602 474.737247467041 704.800384521484 578.471565246582 984.016120910645 771.022323608398 298.93798828125 340.566347122192 614.374549865723 378.673315048218 376.771453857422 701.380294799805 675.518699645996 750.046783447266 713.898239135742 596.860679626465 554.222969055176 597.841743469238 578.783493041992 671.956336975098 414.6337890625 310.182205200195 394.840137481689 576.455436706543 716.325469970703 381.054351806641 458.812164306641
-9999 -9999 -9999 -9999 -9999 -9999 -9999 -9999 -9999 -9999 -9999 -9999 -9999 -9999 -9999 -9999 540.424983978271 572.421059608459 368.129322052002 289.818374633789 717.337326049805 634.819641113281 644.50040435791 442.872421264648 646.596199035645 434.735504150391 597.956649780273 581.919502258301 540.390350341797 383.988561630249 417.384275436401 619.376638412476 225.786636352539 709.403099060059 763.69660949707 423.950500488281 880.997909545898 589.037210464478 385.893447875977 479.399871826172 478.823348999023 487.283046722412 613.221576690674 434.417335510254 424.615243911743 454.894496917725 460.19312286377 219.591171264648 376.47541809082 450.022247314453
-9999 -9999 -9999 -9999 -9999 -9999 -9999 -9999 -9999 -9999 -9999 -9999 -9999 -9999 -9999 -9999 437.746719360352 574.314392089844 538.866458892822 668.464782714844 671.434692382812 671.693908691406 404.774085998535 487.390037059784 614.229112625122 532.806888580322 603.870080947876 760.930923461914 692.396408081055 536.612533569336 651.180438995361 611.49089050293 672.305389404297 437.028087615967 749.158060073853 516.483922958374 775.554870605469 682.313329696655 588.59884262085 292.69319152832 280.275379180908 431.205360412598 446.127769470215 219.3073387146 572.161575317383 310.1513671875 264.799018144608 243.711164474487 362.69539642334 255.761672973633
-9999 -9999 -9999 -9999 -9999 -9999 -9999 -9999 -9999 -9999 -9999 -9999 -9999 -9999 -9999 467.699035644531 590.16224527359 383.75952911377 564.594051361084 632.236312866211 858.035659790039 595.76575088501 593.355667114258 833.634578347206 465.694416046143 721.870029449463 621.436309814453 409.811107635498 597.841418743134 689.434900283813 753.038154602051 730.558277130127 932.350219726562 368.047957897186 740.38648223877 657.750840187073 744.275718688965 725.729553222656 823.14274597168 241.134572982788 319.788436889648 393.982574462891 307.18678855896 272.410125732422 329.822835922241 317.751091003418 229.810800552368 184.946762084961 403.120904922485 301.773049354553
-9999 -9999 -9999 -9999 -9999 -9999 -9999 -9999 -9999 -9999 -9999 -9999 -9999 -9999 -9999 690.73469543457 467.045154571533 446.145362854004 526.779418945312 493.869636535645 723.316986083984 601.4638671875 871.991073608398 748.845957756042 853.092641830444 429.542449951172 528.755241394043 385.989406585693 675.848106384277 590.998062133789 514.817420959473 418.55940246582 381.204116821289 396.765174865723 584.150321960449 724.303455352783 718.958976745605 641.406160354614 692.387851715088 417.938507080078 264.070829391479 385.950057983398 358.570442199707 343.696594238281 187.990617752075 393.583053588867 235.412803649902 300.296894073486 277.370909720659 155.210861206055
-9999 -9999 -9999 -9999 -9999 -9999 -9999 -9999 -9999 -9999 -9999 -9999 -9999 -9999 531.898250579834 438.843357086182 496.734001636505 572.936782836914 430.09888458252 430.737087249756 446.007469177246 637.342308044434 576.551557540894 734.089465856552 440.735336303711 602.71311378479 655.021781921387 399.371625900269 485.605087280273 553.640472412109 630.534145355225 470.374038696289 391.825752258301 422.113647460938 467.704406738281 718.977722167969 707.040412902832 818.9169921875 -9999 -9999 352.335319519043 287.245220780373 167.06969833374 242.654413223267 352.830360412598 348.678796768188 478.586708068848 552.20198059082 318.94007396698 360.814605712891
-9999 -9999 -9999 -9999 -9999 -9999 -9999 -9999 -9999 -9999 -9999 -9999 -9999 -9999 587.749645233154 368.790145874023 355.521301269531 358.73070526123 464.866927623749 576.560712814331 525.910034179688 612.147094726562 407.077049255371 674.841094970703 536.383460998535 773.278823852539 671.516300201416 755.772789001465 870.382339477539 854.69548034668 636.815807342529 319.425178527832 384.852027893066 425.969497680664 552.121459960938 -9999 -9999 -9999 -9999 -9999 -9999 -9999 321.520370483398 355.472885131836 348.71508026123 272.369197845459 354.939558029175 612.462520599365 259.549072265625 288.247403144836
-9999 -9999 -9999 -9999 -9999 -9999 -9999 -9999 -9999 -9999 -9999 -9999 -9999 508.897468566895 498.495147705078 549.046335220337 478.036354064941 112.743095397949 355.306974887848 547.116142272949 783.617553710938 690.125012397766 1034.72678375244 376.031143188477 535.494842529297 529.711929321289 715.220268249512 658.437355041504 895.53498840332 829.314338684082 533.848498344421 402.200475692749 496.344627380371 310.736145019531 372.773332595825 -9999 -9999 -9999 -9999 -9999 -9999 -9999 -9999 236.190994262695 192.506927490234 335.093559265137 358.422790527344 245.161094665527 444.506134033203 173.491439819336
-9999 -9999 -9999 -9999 -9999 -9999 -9999 -9999 -9999 -9999 -9999 -9999 -9999 568.23655796051 318.431579589844 440.737922668457 76.8256683349609 -2.8614501953125 287.204378128052 667.635969161987 565.776222229004 366.49104309082 559.98168182373 491.76188659668 530.219913482666 530.206130981445 584.532836705446 663.125 605.260274410248 845.023612976074 611.032485961914 454.225606918335 379.876132965088 457.12176322937 -9999 -9999 -9999 -9999 -9999 -9999 -9999 -9999 -9999 -9999 454.325241088867 236.73903220892 175.252288818359 241.905811309814 291.47200012207 256.99681520462
-9999 -9999 -9999 -9999 -9999 -9999 -9999 -9999 -9999 -9999 -9999 -9999 402.29248046875 371.102882385254 437.419235229492 324.116409301758 565.351291656494 503.273483276367 432.315887451172 742.784442901611 643.487907409668 311.776931762695 584.684623718262 515.838577270508 528.289134979248 578.883075714111 707.741767883301 723.398986816406 928.299606323242 671.338172912598 528.909343719482 612.411628723145 461.908931732178 -9999 -9999 -9999 -9999 -9999 -9999 -9999 -9999 -9999 -9999 -9999 331.834508895874 403.693061828613 330.170551300049 240.014289855957 384.344928741455 407.597259521484
-9999 -9999 -9999 -9999 -9999 -9999 -9999 -9999 -9999 -9999 -9999 548.683174133301 445.244491577148 497.304397583008 334.527282714844 349.12308883667 521.785133361816 677.01371383667 543.741256713867 600.214797973633 641.48267364502 1146.76458740234 634.95671081543 520.991277098656 599.663617134094 672.229949951172 821.657806396484 836.806686401367 732.053527832031 642.385314941406 551.65983581543 656.560836791992 734.552200317383 -9999 -9999 -9999 -9999 -9999 -9999 -9999 -9999 -9999 -9999 -9999 -9999 404.619781494141 251.173408508301 372.966049194336 257.016216278076 572.020824432373
-9999 -9999 -9999 -9999 -9999 -9999 -9999 -9999 -9999 -9999 -9999 477.904100179672 454.627920150757 501.922248840332 539.544738769531 343.228618621826 247.531402587891 616.769016265869 459.554107666016 526.162631988525 488.408689498901 568.485807418823 625.057723999023 537.919713973999 578.894367218018 675.565578460693 712.028656721115 620.7116355896 535.771532893181 505.268814086914 495.907146453857 621.786071777344 -9999 -9999 -9999 -9999 -9999 -9999 -9999 -9999 -9999 -9999 -9999 -9999 -9999 505.850273132324 485.633895874023 342.496068954468 240.301513671875 443.706199645996
-9999 -9999 -9999 -9999 -9999 -9999 -9999 -9999 -9999 -9999 547.517333030701 360.62615776062 353.114667892456 485.418125152588 448.195129394531 627.204776763916 654.69081401825 710.029239654541 611.661635398865 503.703340530396 523.64528465271 531.466453552246 567.764060974121 525.86137008667 561.126289367676 731.489977538586 555.204944610596 607.45193862915 530.320999145508 510.612762451172 670.521789550781 -9999 -9999 -9999 -9999 -9999 -9999 -9999 -9999 -9999 -9999 -9999 -9999 -9999 -9999 -9999 444.694946289062 413.914559364319 294.526082992554 178.80793762207
-9999 -9999 -9999 -9999 -9999 -9999 -9999 -9999 -9999 -9999 487.289058685303 420.177068710327 311.355895996094 300.700691223145 516.89835357666 521.653461456299 532.446304321289 346.732246398926 600.375415802002 498.792453765869 415.575134277344 492.965797424316 585.123846054077 701.787895202637 591.388984680176 602.958068847656 485.050170898438 315.052809715271 312.903594970703 256.128295898438 -9999 -9999 -9999 -9999 -9999 -9999 -9999 -9999 -9999 -9999 -9999 -9999 -9999 -9999 -9999 -9999 -9999 484.988594055176 479.226226806641 173.429733276367
-9999 -9999 -9999 -9999 -9999 -9999 -9999 -9999 -9999 673.159622192383 610.904327392578 504.083892822266 319.70555305481 242.580978393555 425.056324958801 440.487617492676 368.851013183594 564.392559051514 584.724899291992 941.997085571289 443.432136535645 693.410797119141 507.760566711426 765.830215454102 464.500518798828 536.165283203125 436.818435668945 223.893226623535 286.166069030762 341.025054931641 -9999 -9999 -9999 -9999 -9999 -9999 -9999 -9999 -9999 -9999 -9999 -9999 -9999 -9999 -9999 -9999 -9999 -9999 421.361436843872 500.693244934082
-9999 -9999 -9999 -9999 -9999 -9999 -9999 -9999 491.57897567749 444.956224441528 338.79044342041 422.852669715881 375.347427368164 235.617697238922 238.90055847168 633.775955200195 427.062690734863 487.472747802734 460.568782806396 521.053714752197 582.4322681427 567.90386390686 732.550506591797 368.569822311401 356.193717002869 262.017250061035 286.805889129639 278.353051185608 321.684646606445 -9999 -9999 -9999 -9999 -9999 -9999 -9999 -9999 -9999 -9999 -9999 -9999 -9999 -9999 -9999 -9999 -9999 -9999 -9999 -9999 979.995277404785
-9999 -9999 -9999 -9999 -9999 -9999 -9999 -9999 549.855651855469 515.603462219238 544.415733337402 316.834014892578 457.764163970947 589.171298980713 500.009371757507 468.743434906006 545.415811538696 320.223159790039 718.020172119141 438.589878082275 474.830551147461 573.824764251709 577.257232666016 317.966835021973 389.728561401367 172.256767272949 243.059622049332 227.833038330078 -9999 -9999 -9999 -9999 -9999 -9999 -9999 -9999 -9999 -9999 -9999 -9999 -9999 -9999 -9999 -9999 -9999 -9999 -9999 -9999 -9999 -9999
-9999 -9999 -9999 -9999 -9999 -9999 -9999 494.34827041626 469.19998550415 506.401977539062 557.775276184082 504.582286834717 423.743899345398 561.260627746582 383.520408630371 606.99210357666 446.398376464844 618.117448806763 578.258407592773 272.245712280273 195.545364379883 595.495222091675 254.583400726318 461.851707458496 306.490325927734 114.909294128418 178.529148101807 227.109210968018 -9999 -9999 -9999 -9999 -9999 -9999 -9999 -9999 -9999 -9999 -9999 -9999 -9999 -9999 -9999 -9999 -9999 -9999 -9999 -9999 -9999 -9999
-9999 -9999 -9999 -9999 -9999 -9999 574.004302978516 586.779891967773 547.126922607422 432.400245666504 679.364379882812 566.063674926758 655.072898864746 565.691509246826 447.333839416504 579.516136169434 511.773300170898 746.256126403809 372.84506893158 323.511962890625 252.361846923828 458.116165161133 225.542022705078 286.255386352539 180.143211364746 240.932410240173 176.593090057373 -9999 -9999 -9999 -9999 -9999 -9999 -9999 -9999 -9999 -9999 -9999 -9999 -9999 -9999 -9999 -9999 -9999 -9999 -9999 -9999 -9999 -9999 -9999
-9999 -9999 -9999 -9999 557.020378112793 549.522270202637 564.599922180176 361.9462890625 196.916563034058 500.095199584961 476.300600409508 715.459518432617 722.894836425781 694.419906616211 431.810562133789 581.965293884277 769.591758728027 552.959747314453 311.384090423584 603.539039611816 483.957744598389 635.093032836914 58.3783340454102 -128.866287231445 13.4797286987305 270.619247436523 -9999 -9999 -9999 -9999 -9999 -9999 -9999 -9999 -9999 -9999 -9999 -9999 -9999 -9999 -9999 -9999 -9999 -9999 -9999 -9999 -9999 -9999 -9999 -9999
257.638116836548 230.398147583008 358.160865783691 339.481498718262 553.400894165039 535.321563720703 495.241680145264 490.601741790771 393.677307128906 565.067420959473 841.628784179688 667.102035522461 589.509544372559 686.336059570312 610.944976806641 758.032272338867 938.768581390381 395.685050964355 354.515340805054 583.690948486328 602.772579193115 439.71696472168 -4.21210479736328 -21.7906875610352 -19.4157104492188 33.0755348205566 -9999 -9999 -9999 -9999 -9999 -9999 -9999 -9999 -9999 -9999 -9999 -9999 -9999 -9999 -9999 -9999 -9999 -9999 -9999 -9999 -9999 -9999 -9999 -9999
