export/dem/dem83.asc
NCOLS 350
NROWS 171
XLLCORNER 152620
YLLCORNER 418050
CELLSIZE 100
NODATA_VALUE -9999
[rows 22 to 43 of 171, columns 200 to 249 of 350]
719.297105789185 657.99955368042 692.934842586517 669.105800628662 651.722003936768 647.100198745728 780.302574157715 740.987171173096 654.792144775391 653.528562545776 693.227848052979 624.521606445312 671.343287467957 755.394416809082 626.361438751221 803.855697631836 660.131233215332 683.738098144531 755.818260192871 521.548599243164 562.4140625 653.012571334839 701.158754348755 689.594290733337 684.576075553894 611.499519348145 677.326713562012 753.410797119141 723.170398712158 770.959562301636 696.632570266724 668.257778167725 799.562850952148 801.342769622803 802.556137084961 843.99422454834 788.400526046753 719.374389648438 771.555912971497 789.406105041504 871.030494689941 843.73323059082 812.342544555664 690.622650146484 858.729553222656 1348.93933486938 798.553720474243 835.149095535278 922.466201782227 810.096973419189
625.565540313721 636.70051574707 775.042221069336 682.124605178833 627.237007141113 620.782211303711 649.410580158234 443.632904052734 780.935684204102 721.336975097656 549.989891052246 711.663684844971 719.614896774292 637.611103057861 758.154670715332 694.233564376831 821.466918945312 736.7978515625 528.309310913086 699.693832397461 692.138359069824 691.141195297241 733.103260040283 632.076251983643 535.22395324707 548.704986572266 774.383286476135 755.420295715332 590.315452575684 665.491668701172 753.189799308777 827.850128173828 705.886817932129 778.238080978394 787.144668579102 659.834358215332 790.780097961426 814.95157623291 698.431137084961 897.791244506836 926.391891479492 930.848815917969 753.95262336731 803.361621379852 937.531234741211 755.424613952637 1021.77198028564 977.380888938904 773.295496225357 1350.82377624512
597.927974700928 690.823647260666 712.584314346313 711.363315582275 656.069699048996 719.879001617432 771.564674377441 685.545980453491 791.030242919922 796.847640991211 638.660533905029 582.739032745361 600.326538085938 694.221158981323 667.279373168945 685.809989929199 620.257766723633 522.07942199707 505.992599487305 646.007356643677 598.592620849609 648.499671936035 629.350082397461 800.618728637695 683.185482501984 605.507873535156 667.191833496094 976.214286804199 676.751773834229 706.510150909424 710.484710216522 712.264722824097 718.413679122925 758.468175888062 701.073125839233 766.032981872559 930.379974365234 798.947944641113 855.545112609863 761.412234306335 884.550720214844 874.479919433594 874.908401489258 868.868232727051 966.764038085938 858.264831542969 924.172218322754 960.54190826416 753.29508972168 860.408447265625
741.669807434082 670.303228378296 714.011737823486 681.129043579102 760.78581237793 765.37092590332 697.31307220459 651.946232579648 746.094581604004 734.662611961365 588.449691772461 575.807445526123 582.986930847168 580.413948059082 646.580474853516 515.816635131836 658.711097717285 658.338406562805 471.149215698242 605.783527374268 666.185647010803 676.869658470154 767.153419494629 622.65710067749 783.593940734863 790.420112609863 770.090909957886 731.041316986084 454.407608032227 607.591796875 739.348054885864 598.955223083496 574.919769287109 653.825729370117 791.16544342041 786.974010467529 795.701059341431 802.452339172363 731.469594955444 850.389579772949 911.366241455078 847.644599914551 841.349666595459 886.822326660156 930.516090393066 768.715476989746 1013.04103088379 883.668376922607 873.203784942627 847.406083106995
688.74658203125 664.213581085205 768.298614501953 632.287117958069 568.276317596436 597.008520126343 687.216217041016 563.488815307617 578.231811523438 603.2483253479 621.529281616211 508.650199890137 612.959420204163 655.590133666992 341.267547607422 657.516298294067 601.20799446106 682.083885192871 456.068817138672 716.561279296875 714.497500419617 642.618129730225 623.805095672607 661.773859977722 688.325141191483 780.167264938354 654.391456604004 641.758750915527 792.398887634277 639.510566711426 797.071090698242 554.040267944336 669.281867980957 658.455989837646 675.903202056885 585.593109130859 778.44514465332 785.29150390625 616.603912353516 832.21012878418 910.832809448242 889.597846984863 893.685920715332 762.650955200195 752.591995239258 890.93420791626 870.714603424072 878.039203643799 896.508796691895 861.49037361145
641.577724456787 525.055633544922 412.488906860352 718.606391906738 506.095489501953 636.040035247803 602.893891334534 470.818084716797 628.557996273041 686.600326538086 757.410827636719 593.310878753662 615.462963104248 589.664203643799 497.039688110352 480.196681976318 721.52823638916 463.579566955566 652.922836303711 472.464561462402 768.340644836426 598.593269348145 863.738632202148 681.817148208618 861.461639404297 708.156694412231 679.095886230469 660.361333847046 653.107131958008 751.794494628906 765.672103881836 652.409481048584 651.306285858154 611.471015930176 732.564504623413 857.622573852539 731.725856781006 638.359664916992 731.54208946228 663.081924438477 735.380416870117 887.54744720459 881.75798034668 754.471496582031 802.068435668945 967.465110778809 841.586674690247 964.535163879395 932.500091552734 996.981918334961
377.170516967773 650.656303405762 672.92626953125 553.521553039551 644.178649902344 605.162672042847 579.979866027832 617.70525932312 644.707023620605 624.315818786621 739.387969970703 732.590942382812 821.710464477539 610.952545166016 684.63011932373 545.225677490234 723.435424804688 563.738276004791 612.853076934814 623.081596374512 662.247416496277 780.825988769531 694.763538360596 611.642692565918 646.123136520386 632.125858306885 871.656112670898 761.812454223633 547.474838256836 635.69994354248 591.111679077148 640.523994445801 468.53923034668 731.422306060791 559.996780395508 647.951293945312 700.291748046875 767.378065109253 719.339366436005 653.6171875 711.652374267578 719.290107727051 751.938026428223 878.47590637207 931.583801269531 790.57889175415 769.121612548828 1015.1219329834 848.895874023438 623.503692626953
573.115820884705 431.86962890625 499.251945495605 405.152725219727 575.176220178604 545.318008422852 499.835304260254 549.698112487793 665.331199645996 542.822170257568 583.804838180542 627.203708648682 720.779693603516 633.312622070312 648.753311157227 491.157867312431 449.012775421143 470.59366607666 431.129913330078 483.430015563965 605.34578704834 564.974166870117 763.643997192383 819.722732543945 793.779693603516 596.942428588867 678.201437950134 788.542617797852 813.216049194336 706.489763259888 709.884702682495 684.241746485233 538.508880615234 544.868392944336 676.641506195068 789.480060577393 688.163143157959 832.604110717773 666.96590423584 707.535963058472 702.471282958984 711.959545135498 793.680295944214 837.570411682129 729.186676025391 791.269660949707 843.671979546547 830.772531509399 888.910125732422 759.783794403076
716.123558044434 444.588424682617 618.843570709229 569.177059173584 341.08137512207 483.350914001465 474.631103515625 428.418792724609 651.487571716309 558.121658325195 636.688804626465 455.417114257812 566.751930236816 434.548866271973 380.384552001953 452.031711578369 582.294929504395 545.366226196289 467.731620788574 591.766426086426 512.536422729492 664.299566268921 724.559867858887 681.48938369751 710.099277496338 736.760814666748 808.850784301758 664.602410316467 624.527267456055 729.814064025879 669.614547014236 754.579307556152 621.890991210938 642.132293701172 760.458934783936 665.467792510986 772.653686523438 688.521007537842 717.140192985535 677.110942840576 649.279403686523 836.154388427734 732.543182373047 791.919174671173 740.460889816284 827.739803314209 780.433074951172 744.213445663452 721.97770690918 937.120178222656
605.178718566895 519.277633666992 498.148635864258 521.219802856445 540.396251678467 457.325416564941 494.05110168457 424.216110229492 643.914447784424 666.419654846191 627.779006958008 737.7587890625 633.385055541992 497.858741760254 427.385711669922 321.645935058594 568.073467254639 615.871906280518 542.100557327271 661.174575805664 720.667572021484 449.624084472656 689.742565155029 753.396331787109 689.901901245117 666.930156230927 738.562423706055 523.603118896484 756.924659729004 692.020866394043 661.136266469955 596.05135345459 498.395843505859 690.90295791626 699.505590558052 637.499496459961 726.036851882935 644.629928588867 641.435501098633 761.912757873535 511.932723999023 813.448081970215 784.840019226074 802.82283782959 755.009823322296 739.559226989746 734.984127044678 725.023468017578 879.678100585938 831.22045135498
683.945877075195 468.142456054688 496.787330627441 593.960509181023 511.889930725098 608.688247680664 516.089580535889 397.892471313477 512.484710693359 513.096176147461 529.659637451172 604.317422866821 627.975588798523 449.633895874023 342.3173828125 392.768005371094 447.756225585938 530.853240966797 562.706750869751 618.557106018066 693.377220153809 727.833213806152 613.215030670166 649.564091205597 669.908193588257 685.419399261475 516.015853881836 769.056739807129 680.651334762573 610.636199951172 697.875471115112 743.854503631592 760.641151428223 660.594034194946 693.547382354736 648.946624755859 605.049758911133 476.876159667969 742.634433984756 586.744476318359 653.747138977051 730.837604045868 885.467956542969 793.863739013672 780.868360519409 711.905364990234 757.346045285463 747.888984680176 809.620864868164 667.216324806213
594.310655593872 693.560394287109 526.76354598999 528.903339385986 429.934829711914 464.380554199219 667.427474975586 510.80150604248 560.741115570068 543.705402374268 586.896841049194 515.733283996582 547.280952453613 620.045669555664 474.433303833008 494.686340332031 439.132759094238 607.290138244629 436.555740356445 455.203491210938 592.608043670654 609.840179443359 606.792186737061 608.495662689209 694.8444480896 582.089752197266 570.525924682617 772.221755981445 822.765731811523 750.548370361328 666.05760383606 575.441551208496 767.479125976562 736.020183563232 629.216506958008 816.602127075195 619.179901123047 724.383738994598 660.397018432617 575.381591796875 663.441375732422 666.911499023438 716.250938415527 786.368232727051 782.859285354614 748.962711334229 843.910957336426 793.310701847076 749.135675430298 834.065830230713
546.970355987549 604.641304016113 566.119158387184 563.441484451294 604.038082122803 437.12329864502 587.73851776123 663.235368728638 637.615688323975 625.943386077881 646.706253051758 499.487152099609 566.705673217773 727.950785636902 611.678087234497 359.789779663086 373.876800537109 528.113288879395 423.457580566406 523.351707458496 601.317640304565 599.448665618896 691.711681365967 475.537033081055 661.309568405151 595.597537994385 726.860168457031 699.208812713623 687.750514984131 599.375682830811 606.969722747803 812.488418579102 642.819784164429 564.247100830078 786.013236999512 653.930603027344 776.900520324707 729.777422904968 794.8366355896 634.19246673584 648.333396911621 691.500637054443 828.123916625977 753.865018725395 856.933013916016 837.939483642578 803.4375 742.089950561523 828.389419555664 699.83215713501
483.652988433838 682.811370849609 531.290279388428 645.10177230835 659.934371948242 496.280479431152 489.219291687012 456.653511047363 571.257360458374 567.932760238647 720.521923065186 592.766693115234 675.123458862305 669.658292770386 635.529058456421 392.872077941895 491.713325500488 618.81113243103 497.427490234375 434.332855224609 683.287511944771 633.03649520874 605.262153625488 581.57511138916 549.187301635742 653.283008575439 643.70965385437 561.637985229492 636.090404510498 624.982395172119 741.991184234619 514.688583374023 667.401868343353 624.255634307861 688.950682163239 854.429290771484 717.728122711182 675.546104431152 587.487808227539 879.217666625977 557.935821533203 649.402114868164 906.075225830078 863.168533325195 784.894966125488 883.002838134766 859.02458190918 687.234680175781 946.350509643555 688.118942260742
593.645122528076 597.898529052734 658.350494384766 755.243072509766 606.330223083496 609.384353637695 549.19787979126 741.424987792969 584.849088668823 635.211864471436 565.966711044312 1232.69896268845 783.542663574219 622.378370285034 683.421068191528 453.032913208008 641.773542404175 727.531242370605 585.54550743103 607.647588729858 721.285827636719 567.68078994751 444.144424438477 493.300254821777 536.219200134277 583.507755279541 585.7841796875 559.548500061035 703.879051208496 672.036785125732 625.515079498291 583.617622375488 583.011520385742 634.00715637207 549.508987426758 782.831420898438 781.639381408691 761.855598449707 696.635305404663 612.107009887695 757.862680435181 695.637107849121 803.233184814453 771.310764312744 791.820266723633 872.336654663086 776.258274078369 653.433815002441 750.886063575745 747.450480461121
575.49049949646 621.49142074585 493.972091674805 486.449325561523 653.354026794434 650.62198638916 598.50376701355 518.461261749268 690.361557006836 574.844591140747 597.095645904541 1137.86356544495 876.813491821289 876.835151672363 596.00274848938 528.101669311523 431.066314697266 378.337890625 740.139171600342 479.774894714355 635.486581325531 541.941780090332 564.314949035645 478.218322753906 465.545639038086 442.487991333008 477.82048034668 658.655990600586 587.032836914062 688.779747009277 725.357025146484 551.69287109375 555.951042175293 785.334060668945 672.48390853405 480.322525024414 674.452302932739 611.184547424316 646.859916687012 711.201859474182 573.873260498047 755.583944320679 614.538696289062 720.090892791748 914.027732849121 717.423444747925 714.707508087158 800.535583496094 702.865308761597 947.131286621094
693.752807617188 675.747833251953 566.180173397064 554.94434928894 631.508613586426 648.294576644897 640.583366394043 599.94529914856 652.86353302002 602.118391990662 544.653415679932 652.377792358398 491.005516052246 668.368370056152 614.971036911011 724.945991516113 737.340240478516 584.639089584351 589.436096191406 690.121810913086 552.805488586426 648.047433853149 678.114444732666 695.878631591797 543.338573455811 587.464817047119 542.003623962402 592.041675567627 595.578475952148 639.584006309509 738.626106262207 751.109954833984 686.313991546631 740.554977416992 744.309535980225 755.546363830566 567.746635437012 732.475612640381 766.574661254883 674.170360565186 826.067451477051 675.207046508789 779.715824127197 719.945929050446 851.264358520508 747.905162811279 815.771827697754 576.29084777832 930.071670532227 825.413780212402
471.905143737793 583.556674957275 451.88786315918 720.001953125 635.246829986572 745.755554199219 521.838830947876 657.513656616211 621.978507995605 623.382587432861 540.011123657227 693.661125183105 714.436531066895 585.868304729462 587.371720314026 526.529403686523 700.15673828125 639.930936813354 565.152847290039 606.851789474487 593.184112548828 707.91251373291 742.869651794434 616.17710018158 729.330284118652 587.726547241211 627.704036712646 705.537757873535 535.217826843262 696.897132873535 698.987716674805 479.638763427734 720.517490386963 652.278400242329 630.699816703796 755.087188720703 623.592800140381 684.271233558655 768.667015075684 745.80004119873 797.741569519043 798.369262695312 640.547622680664 786.064765930176 814.12899017334 665.053936004639 672.540756225586 712.166667938232 746.960201263428 721.923021793365
496.420715332031 516.878841400146 607.646160125732 702.326416015625 647.226585388184 564.932900428772 562.802092790604 550.876766204834 685.708618164062 482.094535827637 536.421718597412 448.448425292969 679.998138427734 770.631256103516 764.165863037109 665.332023620605 615.9569272995 727.89102935791 646.962768554688 622.898543834686 659.191589355469 650.422981262207 759.541076660156 505.098533630371 603.604662418365 659.915456771851 685.860328674316 666.127725601196 630.805668830872 537.178573608398 880.720581054688 711.651023864746 556.526847839355 625.755046844482 635.408782958984 642.574668884277 556.314178466797 683.403943061829 832.114135742188 834.606170654297 603.313179016113 671.821876525879 741.110101699829 780.734336853027 822.128524780273 629.810668945312 583.612808227539 678.430856704712 732.448934555054 601.440147399902
577.465355873108 650.150810241699 606.899684906006 598.753494262695 729.004684448242 710.302108764648 715.452819824219 601.7956199646 645.578174591064 660.820449829102 512.83373260498 501.159111022949 509.528694152832 660.470550537109 733.191986083984 431.12190246582 595.733122825623 562.013026952744 754.72526550293 665.642185211182 740.382591247559 732.233863830566 591.351482391357 690.370681762695 608.710338592529 646.606101989746 656.598556518555 664.986385345459 635.298519134521 567.929817199707 690.36901473999 497.130462646484 706.23445892334 604.487609863281 811.533685684204 517.196838378906 566.122116088867 687.529708862305 628.653671264648 718.848265647888 741.389682769775 784.853565216064 690.049686431885 682.139528274536 672.462211608887 453.963226318359 528.834197998047 684.727657318115 712.237433433533 702.606582641602
511.919898986816 519.290962219238 599.168807983398 504.566436767578 553.767353057861 684.796516418457 539.417530059814 654.029396057129 658.117523193359 544.878059387207 620.366371154785 530.647048950195 681.040649414062 760.80167388916 580.345916748047 559.71085357666 546.513492584229 620.173570632935 510.268836975098 565.962438583374 689.688575744629 609.233010292053 634.298706054688 498.263145446777 598.282932281494 782.406066894531 650.763345718384 623.771688938141 721.076103210449 565.205513000488 689.055948972702 718.248439788818 509.362991333008 673.783952713013 696.650444030762 521.128463745117 692.548866271973 716.840976715088 712.430582046509 749.395629882812 611.014274597168 551.584457397461 732.88204574585 655.009824752808 804.602432250977 748.047790527344 642.03002166748 570.964736938477 567.354400634766 668.283695220947
576.968145370483 476.257415771484 613.525547027588 439.312599182129 516.740863800049 566.909594535828 564.579246520996 457.972648620605 556.884504318237 626.188022613525 590.596195220947 609.565464019775 683.63842010498 708.536277770996 584.234349250793 583.005102157593 532.982963562012 754.879272460938 701.556503295898 663.997688293457 686.144989013672 728.190223693848 435.927780151367 774.303863525391 550.99112701416 725.179016113281 677.078552246094 672.183414459229 710.434226989746 706.368019104004 825.526382446289 680.114618301392 764.108238220215 575.334846496582 646.383975625038 750.549285888672 741.266311645508 579.962371826172 617.638526916504 654.506750106812 629.359642028809 562.814636230469 708.082405090332 610.898147583008 699.922360420227 671.384567260742 616.566200256348 608.703010559082 623.785217285156 700.806003570557
