export/dem/dem85.asc
NCOLS 350
NROWS 171
XLLCORNER 152620
YLLCORNER 418050
CELLSIZE 100
NODATA_VALUE -9999
[rows 22 to 43 of 171, columns 50 to 99 of 350]
-9999 -9999 -9999 -9999 -9999 -9999 -9999 -9999 -9999 375.254058837891 487.755569458008 661.648366928101 578.368278503418 668.813710212708 451.989978790283 459.969252586365 420.700744628906 620.618850708008 666.268136978149 607.702045440674 669.798177719116 759.168510437012 641.683042526245 579.458335876465 989.043197631836 668.150595426559 515.461730957031 703.080158233643 640.032324790955 729.686340332031 492.599945068359 488.620887756348 598.110698699951 475.942985534668 553.197525024414 600.475925445557 528.660152435303 587.575500965118 609.507596969604 527.867099761963 497.167423248291 442.007659912109 1138.91465568542 823.97802734375 673.977993011475 465.179977416992 551.907745361328 614.358840942383 531.016738891602 1317.17362976074
-9999 -9999 -9999 -9999 -9999 -9999 -9999 -9999 928.894332885742 553.391387939453 621.854663848877 455.852493286133 651.820579528809 412.109283447266 405.508804321289 666.26969909668 652.372344970703 678.213157653809 607.590872764587 503.092849731445 730.24405670166 803.889579772949 662.062088012695 604.014366149902 745.975051879883 523.558082580566 612.679615020752 521.551712036133 526.908376693726 367.525497436523 461.763576507568 431.716659545898 528.946628570557 498.372406005859 656.234748840332 671.065773010254 441.580017089844 934.842214584351 772.832057952881 1259.08624267578 727.530769348145 646.859924316406 643.954391479492 561.041013717651 643.443908691406 661.126823425293 488.437629699707 568.323837280273 557.545747756958 1082.94314575195
-9999 -9999 -9999 -9999 -9999 -9999 -9999 638.119903564453 804.358367919922 890.664112091064 448.196914672852 530.550079345703 388.863121032715 391.757713317871 561.3850440979 616.149517059326 712.052223205566 677.298801422119 649.385028839111 592.730495452881 629.276947021484 789.224548339844 654.481422424316 688.629810333252 631.727304458618 589.127501964569 691.310218811035 546.120417356491 582.699032783508 1111.06340026855 653.115497589111 676.180797576904 694.527249336243 720.500198364258 750.911231994629 545.597198486328 565.16397857666 522.219589233398 578.34061050415 700.042152404785 556.027614593506 639.525115966797 590.816655397415 489.349937438965 579.457957267761 567.65983581543 543.326196670532 467.701400756836 623.425651550293 1011.64581298828
-9999 -9999 -9999 -9999 -9999 -9999 823.980102539062 775.553924560547 759.449935913086 842.534866333008 473.676498413086 444.884689331055 488.041975021362 503.097763061523 508.903156280518 587.499282836914 630.362421035767 610.120140075684 607.965442657471 819.800315856934 747.836528778076 751.158836364746 482.032749176025 658.662673950195 562.340293884277 508.62442779541 511.473949432373 1161.88157308102 830.978591918945 649.746383666992 826.416465759277 670.352350234985 602.759628295898 895.482357501984 702.831280708313 557.609184265137 668.465892791748 647.036018371582 627.666137695312 658.266143798828 532.748054504395 476.248794555664 489.015933990479 613.304180145264 670.955745458603 666.251541137695 571.040279626846 452.864479064941 283.538513183594 672.500335693359
-9999 -9999 -9999 -9999 -9999 606.915725708008 552.226467132568 300.798385620117 390.713417053223 561.840599060059 391.054489135742 470.044372558594 731.709478378296 676.549270629883 690.552549362183 604.774230957031 557.100559234619 622.108871459961 473.28125 634.55248260498 654.135921478271 625.051856994629 539.776401519775 529.129081726074 563.463674545288 708.792251586914 727.852626800537 851.911105155945 986.777118682861 626.977737426758 770.624008178711 509.044799804688 541.85767364502 674.972599029541 745.762229919434 630.720516204834 566.553031921387 641.293754577637 718.134399414062 547.666037559509 551.863279163837 574.726040363312 516.470905303955 561.318515777588 557.840101242065 589.913879394531 481.02848815918 542.94979095459 509.553123474121 485.069030761719
-9999 -9999 -9999 -9999 527.076581954956 731.348743438721 416.111404418945 395.832733154297 510.40138053894 654.520307540894 423.125640869141 647.103332519531 491.372299194336 533.315963745117 595.4959192276 685.868465423584 470.191455841064 546.619901657104 571.640927314758 575.582803726196 482.65406036377 603.438217163086 685.889709472656 1058.49770736694 1031.59510803223 810.694494485855 783.629486083984 581.557632446289 783.834491729736 616.737274169922 518.527954101562 549.277069091797 649.294437408447 683.962879180908 643.124017655849 794.613754272461 731.412399291992 470.701683044434 588.212215423584 596.90117931366 797.019607543945 417.636993408203 591.402011871338 393.001495361328 540.996955871582 453.320014953613 471.003829956055 587.895428180695 513.083282470703 561.495063781738
-9999 -9999 -9999 1025.35946655273 443.951904296875 502.974555969238 586.557435035706 496.950888633728 661.801345825195 642.58715057373 688.193309783936 586.487243652344 703.256210327148 588.337619781494 612.410995483398 532.504051208496 704.096227645874 524.975021362305 575.870901107788 490.93766784668 508.24236869812 600.77530670166 903.294780731201 598.883750915527 580.357433319092 697.176399230957 487.812759399414 479.630599975586 424.021728515625 470.212879180908 454.962608337402 620.285438537598 692.443572998047 631.951030731201 580.897397041321 686.523849487305 712.679389953613 568.261996507645 657.224712371826 506.77661895752 529.296341896057 548.940163373947 537.871490478516 481.336723327637 557.6042137146 439.234619140625 464.089683532715 488.015289306641 565.5530128479 571.672920227051
-9999 -9999 559.607284545898 1042.31608581543 460.772853374481 293.68505859375 607.904577732086 522.673145294189 547.471733093262 702.595161437988 545.917419433594 692.810546875 532.099636077881 647.180908203125 541.527816772461 637.028480529785 722.488403320312 811.002044677734 964.36966085434 728.832405090332 1324.07599639893 653.750427246094 519.929414749146 558.818265914917 552.735500335693 432.484397888184 538.975311279297 578.000916242599 506.261841773987 580.74488067627 531.839686393738 730.364501953125 573.581035137177 566.608951568604 508.341196060181 635.36109161377 582.765830993652 692.00634765625 478.861667633057 378.270439147949 582.843139648438 563.477226257324 392.521560668945 534.102344512939 353.436218261719 517.63699054718 508.218902111053 442.110420227051 542.435311317444 828.723960876465
-9999 -9999 712.238076210022 940.993881225586 1080.75456953049 325.392822265625 471.144409179688 516.492716312408 663.125106811523 797.433616638184 561.026134490967 391.094520568848 710.602550506592 477.407028198242 644.607948303223 533.126937866211 689.260257720947 558.84040594101 854.531014442444 694.046646118164 651.858963012695 626.829261779785 589.775047302246 523.547256469727 466.418972015381 420.052536010742 385.902709960938 581.929374694824 432.255407333374 537.184555053711 503.783275604248 670.91096496582 588.31379699707 604.895355224609 573.92618560791 516.39591217041 372.684883117676 490.891647338867 700.733596801758 502.770055770874 563.723419189453 453.061019897461 483.749403953552 499.672831535339 520.953020095825 510.813735485077 407.166191101074 418.842460632324 471.914783477783 699.45316696167
-9999 539.211837768555 611.094306945801 480.653671264648 555.014976501465 665.053070068359 572.784481048584 675.550483703613 714.298795700073 691.124629974365 570.31608581543 655.60692024231 773.48664855957 686.673526763916 557.264996528625 675.471994400024 654.93465423584 637.109130859375 635.652397155762 581.69068145752 550.921426296234 599.741752624512 468.242810249329 463.562623977661 377.91862487793 530.46798324585 421.680889129639 464.594999313354 492.642953872681 536.660926818848 492.952990531921 632.220977783203 483.204875946045 490.024909973145 362.968460083008 450.599268913269 469.701905250549 491.184272766113 544.439025878906 475.42758846283 387.023902893066 503.657592773438 518.992122650146 372.319190979004 469.752010345459 399.025886535645 450.665199279785 550.509887695312 458.399421691895 356.197448730469
424.025360107422 506.017578125 561.846622467041 520.156242370605 535.355178833008 520.22972869873 651.165451049805 719.137361526489 654.537752628326 599.063495635986 642.714455604553 691.879194259644 653.671964645386 543.111904144287 680.72212600708 618.358284950256 456.868556976318 679.780380249023 640.830169677734 760.595642089844 441.222354888916 479.05597114563 419.70629119873 439.146301269531 513.504959106445 452.500686645508 398.474128723145 497.342241287231 437.281700134277 484.669231891632 375.341148376465 523.974533081055 553.107040405273 520.36164855957 413.688362121582 492.960060119629 509.556842803955 448.124612808228 443.246349334717 484.922262191772 434.464988708496 404.592620849609 462.114097595215 340.820037841797 415.878295898438 711.134201049805 511.98755645752 429.830657958984 470.546981811523 585.356563568115
513.609039306641 481.108856201172 502.49654006958 640.250658035278 334.00830078125 513.851379394531 560.317855834961 662.056304931641 716.546020507812 532.033988952637 542.886688232422 538.298614501953 628.346405029297 288.466720581055 518.049903869629 584.791358947754 690.256378173828 707.969467163086 462.619335174561 589.829139709473 636.346176147461 599.069625854492 467.791869163513 450.675171673298 388.165100097656 307.486633300781 460.542525291443 409.31746673584 410.823822021484 387.761474609375 402.506286621094 442.769073486328 605.951950073242 444.522636413574 535.492713928223 366.600662231445 447.5531873703 235.509292602539 369.822982788086 405.4606590271 456.589286804199 475.498516082764 399.769760131836 498.776193618774 513.304759979248 597.386810302734 565.634269714355 567.527069091797 479.316799402237 398.363136291504
600.978626728058 425.505958557129 501.774702548981 422.677871704102 584.673882484436 614.873371124268 594.931743621826 472.068300247192 628.415519714355 602.928955078125 562.512733459473 445.38053894043 511.290365219116 620.718209266663 568.744354248047 607.683311462402 478.987508773804 500.113073348999 559.11754989624 570.727584838867 598.428230285645 536.912368774414 516.641891479492 522.69287109375 424.085485458374 494.569618225098 387.160873413086 505.26704788208 453.428500175476 380.138919830322 507.874996185303 406.052059173584 568.505874633789 583.289932250977 519.793445587158 615.010246276855 538.299995422363 495.529644012451 357.44490814209 354.204383850098 460.22940158844 582.918434143066 495.006824493408 378.342132568359 486.770748138428 470.356350898743 513.439670562744 504.332637786865 549.670726776123 576.812355041504
480.970310211182 475.382286071777 519.705111503601 430.133270263672 469.649559020996 551.980766296387 561.330024719238 905.512935638428 632.237182617188 560.608322143555 539.368701934814 381.782104492188 565.42426776886 400.984741210938 450.691413879395 387.526824951172 460.740364074707 467.472953796387 649.088500976562 608.640739440918 641.5458984375 582.749160766602 516.249237060547 438.060041427612 279.688217163086 534.592796325684 383.321304321289 506.24645614624 433.050906658173 463.585175514221 506.67290687561 307.231704711914 462.809952735901 536.749450683594 624.583526611328 651.403091430664 611.471374511719 435.142628669739 456.713913440704 481.98962020874 350.737861633301 533.353832244873 474.908092498779 540.475677490234 406.798236846924 459.560304641724 481.87539100647 471.090573549271 339.920486450195 415.120376586914
624.995561122894 793.823104858398 638.537521362305 442.316963195801 585.189310073853 632.072994232178 592.633846282959 775.831828117371 596.922996520996 709.485275268555 356.289756774902 499.022911071777 361.331481933594 658.6083984375 467.9912109375 484.627159118652 366.902206420898 536.560537338257 481.273847579956 554.346252441406 435.512285232544 442.502534389496 611.066329956055 577.953018188477 537.291854858398 491.023513793945 503.08162689209 343.444007873535 459.863084793091 431.505688667297 402.118995666504 435.603335380554 406.35729598999 511.651802062988 645.971298217773 586.759864807129 484.563138961792 500.844345092773 444.549639701843 565.830574035645 507.335906982422 404.479543924332 481.124156951904 402.436714172363 339.880676269531 389.396842956543 578.390022277832 521.903800964355 511.701929092407 555.264045715332
417.678894042969 526.873519897461 563.423812866211 636.277200698853 651.264936447144 459.274843215942 539.656125068665 654.344528198242 669.415044784546 692.611594200134 478.122373580933 683.416530609131 420.019020080566 567.572643280029 589.911964416504 458.426887512207 549.171136379242 548.225318908691 287.041999816895 449.933519363403 538.670143127441 451.296141147614 462.025047302246 485.099201202393 432.173367381096 443.392576217651 373.745067596436 486.430906295776 198.715805053711 341.85563659668 515.368118286133 372.606777191162 489.773956298828 518.849647521973 382.187549591064 502.536552429199 465.906518936157 551.733444213867 531.83415222168 366.722915649414 334.032615661621 441.894587755203 435.816485404968 512.690238952637 480.795742034912 523.174201965332 305.384078979492 473.638701438904 479.902563095093 596.300956726074
649.834651947021 539.671283721924 448.224792480469 612.612211227417 443.971076965332 569.299377441406 520.55121421814 969.410194396973 1145.84703063965 1177.27850341797 701.10417175293 518.770830154419 563.151874542236 462.382568359375 407.773002624512 467.393928527832 402.549736022949 352.759048461914 344.466453552246 469.806669712067 441.918748855591 553.054618835449 593.062728881836 431.151172965765 399.011629104614 412.61817741394 491.677345275879 301.714294433594 525.481559753418 432.294243812561 463.942680358887 357.462524414062 394.176303863525 455.750480651855 487.285919189453 426.71070098877 486.454330444336 493.263935089111 426.862789154053 449.684136390686 472.92113494873 375.304122924805 460.179969787598 448.924053192139 437.545206069946 578.479446411133 581.423034667969 498.650909423828 496.602670669556 534.018745422363
412.65641784668 417.709323883057 660.78539276123 654.710479736328 499.880416870117 408.791847229004 325.73868560791 603.864489555359 556.058296203613 554.860305786133 442.483039855957 523.516765594482 485.143199920654 534.88920211792 404.796401977539 431.486923217773 305.569625854492 343.78857421875 418.372032165527 461.728465080261 521.163833618164 411.889110565186 410.168571472168 503.313751220703 420.23070526123 307.887954711914 296.429306030273 264.249725341797 462.241283416748 406.079231262207 553.960166931152 397.877937316895 425.519948959351 447.131694793701 384.676094055176 372.191188812256 503.429584503174 337.535766601562 493.341796875 436.813649177551 400.004287719727 483.920009613037 337.83219909668 424.044539451599 559.635368347168 447.597749233246 396.350296020508 360.933944702148 469.543222427368 423.198877334595
388.538269042969 659.226576805115 665.939842224121 652.197078704834 696.024508476257 373.777404785156 515.528219223022 624.225593566895 510.407920837402 668.551045417786 507.10950088501 492.222873687744 556.515762329102 516.925814628601 513.084351539612 497.083315849304 297.154174804688 494.257030487061 446.427263736725 413.370746612549 658.352005004883 404.545516967773 425.761290550232 511.215209960938 438.902808189392 374.798748016357 431.972002983093 403.966709136963 401.663661956787 405.501763820648 324.827964782715 506.241973876953 471.066560745239 417.761068344116 412.819448471069 395.257217407227 555.758865356445 375.210960388184 547.197486877441 381.467742919922 475.676818370819 475.600200653076 337.329780578613 481.265653610229 376.469802856445 363.459892272949 492.250381469727 458.569447517395 555.22770690918 433.273562014103
537.307817459106 555.715606689453 571.814949035645 624.101581573486 699.492548704147 537.520324707031 473.234376907349 688.623109817505 488.607086181641 1083.59647369385 477.598472595215 676.935073852539 501.91703414917 546.558155059814 537.06556224823 454.543004989624 373.580841064453 508.16690826416 463.033807754517 575.331588745117 611.172439575195 368.502384185791 608.911514282227 588.178024291992 592.581298828125 459.384714126587 434.936401367188 416.279204845428 518.35814666748 493.368049621582 414.933935165405 472.581573486328 499.684730529785 405.745862960815 443.550365447998 362.699306488037 408.094654083252 403.203762054443 504.478168487549 452.314515829086 545.633316040039 532.354396820068 469.875743865967 358.876686096191 458.595056533813 481.522125244141 379.59162902832 516.310455322266 391.134944915771 367.047382354736
672.502624511719 834.585453033447 727.843887329102 665.978744506836 343.501480102539 393.423637390137 551.576198577881 677.891395568848 634.354999542236 387.745422363281 639.612159729004 590.051940917969 617.42049407959 546.099720001221 572.735725402832 550.827728271484 575.909149169922 470.713471412659 438.124142169952 512.130783081055 528.536102294922 514.366592407227 536.258750915527 504.75212097168 411.935380458832 364.410175323486 391.859872817993 276.199295043945 317.399826049805 426.843909263611 539.255096435547 469.391183853149 461.610595703125 495.04679107666 426.392960548401 406.320919036865 497.258895874023 324.242980957031 478.171680450439 483.387962341309 354.352882385254 612.987907409668 418.903635025024 514.488014221191 367.659774780273 520.22371673584 281.681213378906 420.920751571655 469.785831451416 373.151599884033
594.972033500671 885.832088470459 628.103225708008 553.017364501953 445.847694396973 410.61389875412 467.539657592773 406.148529052734 528.557525634766 368.233947753906 625.516231536865 491.044267654419 587.544342041016 488.170757293701 555.458122253418 577.94034576416 457.768519163132 465.662952423096 514.718933105469 441.428573608398 372.305068969727 437.024215698242 455.131683349609 347.570018768311 348.255348205566 428.482378900051 243.297485351562 415.281088292599 359.605110168457 439.767514228821 371.195861816406 416.598430633545 387.902393341064 608.139923095703 426.15189036727 514.048286437988 467.746475219727 405.502630233765 603.90705871582 663.614440917969 534.796836853027 511.948768615723 305.155014038086 332.19905090332 465.450180053711 393.587577819824 318.986541748047 417.113418579102 471.035768508911 441.881488800049
