export/dem/dem82.asc
NCOLS 350
NROWS 171
XLLCORNER 152620
YLLCORNER 418050
CELLSIZE 100
NODATA_VALUE -9999
[rows 88 to 109 of 171, columns 50 to 99 of 350]
353.703727722168 508.692741394043 403.567138671875 471.033660888672 319.059391021729 460.664665222168 361.911784648895 280.432693481445 368.989261627197 322.004068851471 277.296291351318 370.049976348877 285.26195526123 446.236862182617 456.254951477051 526.767166137695 494.068252563477 503.054054260254 468.932205200195 380.996478557587 605.332366943359 424.270713806152 467.181861877441 588.160659790039 540.676872253418 420.698930740356 333.421806335449 470.496166229248 581.230209350586 470.227821350098 451.114711143076 573.337524414062 601.654342651367 367.317199707031 565.861911773682 693.634429931641 388.754547119141 396.359359741211 228.105987548828 514.779518127441 541.345916748047 -9999 -9999 -9999 -9999 -9999 -9999 -9999 -9999 -9999
494.611717224121 526.032318115234 485.27417755127 409.761966705322 544.128189086914 480.187999725342 459.280883789062 491.431579589844 306.853710174561 298.104133605957 386.768699645996 264.722373962402 445.863143920898 377.526352882385 408.898544311523 480.823524475098 457.593421936035 386.976194381714 500.356521606445 527.092163085938 412.420829772949 419.758197784424 598.484725952148 517.378143310547 434.358001708984 298.357917785645 391.008716583252 319.321029663086 480.264583587646 483.013484954834 311.854705810547 429.982208251953 439.684532165527 320.432510375977 594.829381942749 596.637184143066 638.555114746094 362.691558837891 490.38013458252 678.375061035156 -9999 -9999 -9999 -9999 -9999 -9999 -9999 -9999 -9999 -9999
945.920303344727 618.94482421875 494.156808853149 489.963096618652 333.760520935059 410.673153877258 319.857620239258 505.606224060059 479.249443054199 322.16234588623 285.473762512207 445.113883972168 312.804904937744 303.226600646973 287.760414123535 618.106216430664 285.886077880859 356.831043243408 311.008750915527 290.866119384766 386.783208847046 302.131004333496 290.72875213623 443.474151611328 515.835357666016 466.28104019165 480.829376220703 381.186092376709 429.531080245972 361.582572937012 491.100329399109 423.01407623291 342.497192382812 523.922630310059 809.558166503906 603.18247795105 563.14387512207 397.236724853516 530.658515930176 639.807155609131 -9999 -9999 -9999 -9999 -9999 -9999 -9999 -9999 -9999 -9999
401.979354858398 900.735488891602 559.743125915527 545.667892456055 452.6936378479 408.445760726929 374.899711608887 368.769897460938 503.022560119629 338.763904571533 385.038905143738 320.240127563477 389.63041973114 385.741539955139 535.303283691406 474.384895324707 547.985992431641 373.083829879761 420.295875549316 432.540218353271 392.335063934326 530.389251708984 382.103183746338 342.453788757324 314.245155334473 566.306564331055 418.850007534027 401.759760856628 452.438508987427 490.061410903931 207.625671386719 360.722595214844 497.609889984131 583.882926940918 637.585723876953 605.835227966309 469.650981903076 491.17610168457 593.35826587677 -9999 -9999 -9999 -9999 -9999 -9999 -9999 -9999 -9999 -9999 -9999
310.379230499268 398.237686157227 709.857920646667 370.972232818604 637.185409545898 503.634391784668 572.54615020752 398.453897476196 382.791606903076 471.248077392578 499.950645446777 575.080093383789 430.453674316406 492.145568847656 430.692626953125 325.888725280762 342.156715393066 534.431365966797 586.414367675781 466.064186096191 411.486557006836 370.640449523926 310.049606323242 403.406835913658 465.229167938232 413.347551345825 434.636451721191 432.25704908371 474.554757595062 496.102703094482 466.937382698059 472.967308044434 437.41626739502 470.76220703125 593.973671913147 558.477996826172 383.223709106445 456.398941040039 763.33056640625 -9999 -9999 -9999 -9999 -9999 -9999 -9999 -9999 -9999 -9999 -9999
371.929130554199 407.674308776855 433.301864624023 843.321731567383 332.087112426758 494.619989395142 338.212928771973 447.725524902344 369.86865234375 353.786155700684 517.753890991211 373.098136901855 352.205898284912 455.275657653809 255.477638244629 474.21265411377 497.42862701416 505.917640686035 569.682067871094 542.922027587891 475.323669433594 437.388168334961 326.958801269531 366.523986816406 284.442016601562 473.295291900635 283.079177856445 322.257530212402 462.687372207642 629.001419067383 472.957535266876 407.624893188477 549.869598388672 533.887481689453 295.490570068359 364.186752319336 398.031845092773 544.38410949707 626.825246810913 -9999 -9999 -9999 -9999 -9999 -9999 -9999 -9999 -9999 -9999 -9999
394.382904052734 380.752346038818 487.968040466309 395.128189086914 644.005455493927 398.665168762207 413.651775360107 628.861389160156 371.381553649902 537.507080078125 519.883255004883 384.790081977844 461.074081420898 444.557693481445 549.751998901367 295.460136413574 524.150848388672 439.492218017578 402.61438369751 419.817891597748 397.726390838623 393.312385559082 271.595001220703 461.269771575928 434.128133177757 419.29892539978 404.76237487793 514.312839508057 523.176445007324 615.886734008789 483.501496315002 414.468902587891 396.739318847656 275.365386962891 364.525436401367 445.605491638184 347.568695068359 544.292785644531 -9999 -9999 -9999 -9999 -9999 -9999 -9999 -9999 -9999 -9999 -9999 -9999
335.300340175629 134.004364013672 280.199192047119 444.198078155518 379.211727142334 427.503190994263 510.243545532227 518.226448059082 430.12536239624 468.388305664062 383.389320373535 395.697286605835 393.838623046875 425.950138092041 580.123641967773 452.94437789917 440.999229431152 439.457363128662 519.801742553711 492.451293945312 452.337158203125 333.598358154297 569.414878845215 428.411346435547 602.435623168945 546.112537384033 398.047500610352 401.35961151123 510.165354728699 629.729507446289 378.025283813477 267.458618164062 383.820167541504 383.121124267578 325.518157958984 378.500671386719 484.009126663208 605.88348197937 -9999 -9999 -9999 -9999 -9999 -9999 -9999 -9999 -9999 -9999 -9999 -9999
417.258071899414 404.938140869141 430.244583129883 220.047138214111 586.580478668213 454.735992431641 449.189018249512 430.138353347778 477.303150177002 433.782683849335 401.362072944641 356.443901062012 465.566692352295 471.569999694824 452.537311553955 375.630920410156 558.97282409668 440.928040504456 336.535400390625 481.127986907959 241.077392578125 350.952487945557 395.048324584961 630.042442321777 492.445091247559 387.661582946777 460.141732215881 494.095333099365 508.03742980957 392.781848907471 490.32315826416 364.76538848877 505.216125488281 577.966464996338 472.772041320801 544.932838439941 333.40251159668 514.274139404297 -9999 -9999 -9999 -9999 -9999 -9999 -9999 -9999 -9999 -9999 -9999 -9999
348.251724243164 165.206092834473 212.972461700439 565.57569694519 321.523300170898 584.894886016846 618.991477966309 678.665939331055 372.578351974487 334.891983032227 415.321842193604 454.364774703979 472.961933135986 423.997788906097 454.774955749512 412.442682266235 512.027755737305 508.529731750488 482.262004852295 569.695510864258 325.530471801758 783.105194091797 515.025342464447 429.905536651611 460.991653442383 402.115723609924 428.106155395508 383.369094848633 514.561500549316 349.962356567383 386.552600860596 422.045448303223 881.791372299194 823.110206604004 602.194107055664 523.315826416016 575.446226596832 -9999 -9999 -9999 -9999 -9999 -9999 -9999 -9999 -9999 -9999 -9999 -9999 -9999
638.888366699219 348.453834533691 626.889276504517 594.390520095825 529.92370223999 601.508850097656 573.252962112427 553.330016851425 694.210502624512 448.382438659668 470.983077049255 348.311538696289 437.39679479599 462.788715362549 514.669151306152 516.288398742676 447.637670516968 464.570400238037 358.115213394165 532.418334960938 483.609680175781 527.094646453857 538.994609832764 582.859470367432 522.88981628418 885.668762207031 487.586765289307 328.50025177002 449.262845039368 616.921920776367 660.355194091797 500.745346069336 452.383605957031 654.067413330078 221.482681274414 372.331741333008 472.14241027832 -9999 -9999 -9999 -9999 -9999 -9999 -9999 -9999 -9999 -9999 -9999 -9999 -9999
512.789016723633 647.497543334961 489.267021179199 594.143798351288 627.56206703186 567.740067481995 542.897287368774 554.533737182617 546.238292694092 420.801872253418 562.717245101929 666.281433105469 516.142768859863 506.291786193848 467.855249404907 442.720761299133 393.105766296387 281.283241271973 654.742515563965 454.857467651367 507.431732177734 587.200035095215 574.12190246582 480.728576660156 539.93344783783 616.352500915527 751.462043762207 459.932800292969 629.422128677368 637.915233612061 513.163604736328 668.800210952759 472.331237792969 474.382410049438 483.756150245667 467.848125457764 613.549134254456 -9999 -9999 -9999 -9999 -9999 -9999 -9999 -9999 -9999 -9999 -9999 -9999 -9999
559.694004058838 626.344818115234 598.383863925934 541.101558685303 579.360430240631 598.528642654419 562.733234405518 601.898086547852 609.17386341095 650.678871154785 417.520095825195 460.419486999512 565.044460296631 599.460678100586 430.865535736084 439.043434143066 544.411735534668 660.298004150391 648.667663574219 601.420822143555 462.632843017578 524.832475662231 565.997356414795 609.33203125 489.430866241455 491.555549621582 580.397731781006 544.711082458496 607.009071350098 645.398283958435 465.84895324707 884.352783203125 617.927368164062 617.310237884521 548.436298370361 576.458797454834 548.229866027832 -9999 -9999 -9999 -9999 -9999 -9999 -9999 -9999 -9999 -9999 -9999 -9999 -9999
252.065795898438 407.551422119141 459.78337097168 487.219039916992 636.355041503906 604.344282835722 608.756708145142 574.834739685059 588.228275299072 577.195171356201 642.794738769531 545.063110351562 937.396003723145 465.687774658203 402.338096618652 778.720497131348 588.126190185547 679.764907836914 522.273397445679 556.14469909668 737.121871948242 667.216495513916 602.490234375 494.191871643066 521.490039825439 681.724021911621 452.783340454102 505.495178222656 509.506378173828 624.074907302856 820.465347290039 559.203796386719 503.683712005615 541.652496337891 580.730730056763 610.319725036621 -9999 -9999 -9999 -9999 -9999 -9999 -9999 -9999 -9999 -9999 -9999 -9999 -9999 -9999
171.145385742188 469.98349905014 609.705513477325 469.097259521484 664.881412982941 697.928565979004 456.16960144043 540.038345336914 631.459846496582 618.965406417847 660.3444480896 606.31530380249 682.177131652832 748.37907409668 504.941150665283 726.538940429688 563.27241897583 579.679321289062 479.189659118652 661.148529052734 535.342809677124 579.103591918945 622.680080413818 557.509784698486 573.99711227417 465.266014099121 607.308132171631 564.760872602463 716.639938354492 480.566841125488 470.236877441406 556.501495361328 574.636637687683 511.158729553223 578.804321289062 -9999 -9999 -9999 -9999 -9999 -9999 -9999 -9999 -9999 -9999 -9999 -9999 -9999 -9999 -9999
369.921220302582 288.492755889893 559.541530609131 486.195360660553 460.23832988739 450.08674621582 635.540367126465 641.420876502991 676.862602233887 496.387557983398 460.459167480469 378.948757171631 324.367134094238 563.577262878418 575.044628143311 651.620162963867 536.319683074951 623.236709594727 549.199268341064 626.954490661621 649.966026306152 638.48754119873 456.705772399902 525.498821258545 627.709255218506 600.004152297974 611.34806060791 417.065807342529 494.346345901489 450.673593521118 411.384956359863 654.67798614502 552.999206542969 582.193799972534 -9999 -9999 -9999 -9999 -9999 -9999 -9999 -9999 -9999 -9999 -9999 -9999 -9999 -9999 -9999 -9999
852.692337036133 428.66460108757 330.502325057983 292.477588653564 323.468746185303 413.754415512085 483.246329307556 429.883865356445 522.634620666504 249.188552856445 357.207870483398 587.782489776611 395.817749023438 549.194850921631 548.200138092041 505.826233863831 630.526351928711 609.410614013672 588.993335723877 539.61266720295 539.364429473877 631.819107055664 603.845436096191 613.862880706787 544.956260681152 472.26481628418 541.557800292969 591.241157531738 394.915390014648 529.845699310303 488.332405090332 354.052490234375 558.990966796875 -9999 -9999 -9999 -9999 -9999 -9999 -9999 -9999 -9999 -9999 -9999 -9999 -9999 -9999 -9999 -9999 -9999
-9999 424.574851989746 1018.4142036438 386.295707702637 344.540606498718 689.987907409668 301.579467773438 248.206260681152 141.251220703125 368.459779620171 418.14305126667 413.26421546936 360.155746459961 437.677230834961 377.73788356781 456.964946746826 513.121196746826 413.518497467041 527.51879119873 483.228092193604 521.601837158203 592.706924438477 557.248977661133 675.04833984375 565.374481201172 562.627822875977 546.971477508545 587.353271484375 369.157653808594 602.685276031494 625.435302734375 374.673568725586 -9999 -9999 -9999 -9999 -9999 -9999 -9999 -9999 -9999 -9999 -9999 -9999 -9999 -9999 -9999 -9999 -9999 -9999
-9999 -9999 -9999 -9999 782.121532917023 927.422523498535 486.963729858398 294.755897521973 749.931579589844 764.49439239502 501.467758178711 416.693840026855 459.337617874146 509.727020263672 466.845497131348 530.239120483398 479.28191947937 134.200241088867 161.878280639648 553.734363555908 649.153526306152 568.398899078369 575.384834289551 551.972553253174 514.708186149597 424.003479003906 626.792972564697 446.255874633789 471.520263671875 564.063450813293 -9999 -9999 -9999 -9999 -9999 -9999 -9999 -9999 -9999 -9999 -9999 -9999 -9999 -9999 -9999 -9999 -9999 -9999 -9999 -9999
-9999 -9999 -9999 -9999 -9999 -9999 -9999 -9999 -9999 936.589859962463 572.379760742188 680.033584594727 554.31113243103 507.814237594604 406.850051879883 568.967997550964 446.92170715332 -23.6249389648438 128.189917564392 651.985418319702 578.372665405273 548.579784393311 690.50227355957 682.063076019287 819.843765258789 791.046096801758 690.781087875366 568.92924118042 -9999 -9999 -9999 -9999 -9999 -9999 -9999 -9999 -9999 -9999 -9999 -9999 -9999 -9999 -9999 -9999 -9999 -9999 -9999 -9999 -9999 -9999
-9999 -9999 -9999 -9999 -9999 -9999 -9999 -9999 -9999 -9999 -9999 -9999 -9999 -9999 -9999 -9999 668.423622131348 853.664875984192 748.068939208984 717.670059204102 930.096185684204 1105.94625854492 974.850257873535 1062.39502716064 959.442867279053 -9999 -9999 -9999 -9999 -9999 -9999 -9999 -9999 -9999 -9999 -9999 -9999 -9999 -9999 -9999 -9999 -9999 -9999 -9999 -9999 -9999 -9999 -9999 -9999 -9999
-9999 -9999 -9999 -9999 -9999 -9999 -9999 -9999 -9999 -9999 -9999 -9999 -9999 -9999 -9999 -9999 -9999 -9999 -9999 -9999 -9999 -9999 -9999 -9999 -9999 -9999 -9999 -9999 -9999 -9999 -9999 -9999 -9999 -9999 -9999 -9999 -9999 -9999 -9999 -9999 -9999 -9999 -9999 -9999 -9999 -9999 -9999 -9999 -9999 -9999
