export/dem/dem81.asc
NCOLS 350
NROWS 171
XLLCORNER 152620
YLLCORNER 418050
CELLSIZE 100
NODATA_VALUE -9999
[rows 44 to 65 of 171, columns 250 to 299 of 350]
665.59349822998 773.014068603516 857.552917480469 728.855865478516 698.604843139648 600.761215209961 783.502307891846 740.342658996582 684.318336486816 659.168380737305 906.044845581055 723.488745689392 730.031184196472 676.625259399414 607.512298583984 658.101676940918 749.608936309814 818.984764099121 594.721710205078 765.230953216553 728.786018371582 775.397468566895 760.932292461395 713.01277923584 816.101165771484 737.728401184082 827.991134643555 835.370624542236 812.587245941162 671.272094726562 729.65119934082 839.866891860962 716.608322143555 801.179214477539 714.841003417969 788.427303314209 708.334617614746 928.302520275116 795.112190246582 861.65731048584 747.537506103516 738.321937561035 869.206390380859 854.377272129059 881.605449676514 916.71662902832 837.286311626434 845.170488357544 910.389068603516 857.975504875183
656.355167388916 712.600440979004 797.613082885742 786.188751220703 821.867263793945 716.897999763489 858.837455749512 744.399115562439 783.017879486084 812.896636962891 725.905303955078 696.986137390137 744.162572860718 706.330852508545 714.660888671875 681.070808410645 709.347372055054 673.647758483887 654.312271118164 774.783352375031 826.290496826172 841.287986755371 737.448501586914 692.724826812744 830.162073135376 715.626098632812 666.517974853516 389.290100097656 711.432495117188 945.443901062012 775.502471923828 698.419143676758 923.082015991211 723.542709350586 629.865142822266 661.838973999023 879.944602966309 782.510456085205 1383.7013759613 978.174041748047 772.458389282227 1166.18910598755 730.833229064941 976.97647857666 972.89672088623 801.939849853516 1014.21270751953 921.83228302002 863.678157806396 966.182098388672
667.943550109863 663.655006408691 905.003280639648 835.631896972656 832.237503051758 568.47184753418 762.504817962646 721.936310768127 752.136445999146 664.444519042969 593.098083496094 777.769344329834 711.892517089844 763.426116943359 779.452289581299 797.122535705566 603.954498291016 700.037254333496 790.665985107422 705.499710083008 763.613315582275 635.855255126953 748.043817996979 620.923286437988 605.059051513672 1298.93329620361 649.19921875 1099.65110015869 1078.43754577637 665.193939208984 954.161399841309 541.672943115234 736.776870727539 685.260589599609 1124.25936126709 1559.90363407135 1093.8508682251 774.700637817383 1211.44989013672 1295.28871917725 658.736770629883 783.430320739746 867.762390136719 850.489854812622 1019.34510803223 1087.29843902588 1494.96789360046 896.690016746521 841.730651855469 976.920066833496
525.148345947266 564.569625854492 745.076812744141 858.581359863281 733.080020904541 744.623893737793 806.678901672363 829.763641357422 842.289344787598 762.640933990479 660.639579772949 802.548980712891 762.259968757629 752.147541046143 802.925743103027 769.544883728027 705.485069274902 818.345291137695 776.285830467939 814.480503082275 706.335186004639 736.124068260193 794.91194152832 758.694787025452 421.855895996094 1081.41485595703 715.047393798828 951.816589355469 820.764312744141 1246.30895996094 744.258178710938 849.065773010254 775.655158996582 1129.40257644653 942.330612182617 960.874786376953 1126.80029296875 943.352905273438 1205.056848526 995.228424072266 787.831624984741 818.04663848877 1227.80963897705 1033.6438293457 891.878952026367 686.719757080078 789.807823181152 913.251626968384 856.2900390625 850.041284561157
730.240899085999 733.845570340753 663.744319915771 576.464263916016 740.126873016357 667.309558868408 786.074363708496 614.650390625 757.358896255493 767.710563659668 618.02140045166 864.080444335938 716.278625488281 682.613098144531 814.38302230835 755.143027305603 757.176889896393 645.768348693848 640.925582885742 793.248434066772 586.939178466797 696.026233673096 754.787436962128 642.933258056641 630.046615600586 532.989807128906 651.52059173584 690.661315917969 599.491500854492 920.803848266602 1219.96217346191 549.564025878906 660.067230224609 824.734283447266 791.830806732178 698.502914428711 1169.38118171692 589.154861450195 1596.93085479736 1084.29169082642 809.140251159668 732.993911743164 1063.23214912415 827.924926757812 767.152420043945 934.951416015625 829.563270568848 1904.28807258606 856.435440063477 831.242812633514
547.861862182617 664.147197723389 700.783802032471 749.007465362549 517.311996459961 686.033891677856 675.946807861328 804.395927429199 542.219696044922 912.302841186523 655.621318817139 689.946537017822 769.165975570679 803.140762329102 676.981220245361 772.990001678467 595.23210144043 614.52180480957 584.093765258789 627.206146240234 827.538108825684 758.2164478302 670.703716278076 741.664058685303 697.479148864746 895.590087890625 853.06494140625 715.848617553711 663.687805175781 595.041809082031 933.118818283081 701.524749755859 876.512023925781 675.275611877441 1215.56880187988 728.271385192871 768.856994628906 660.82804107666 881.536422729492 627.468704223633 903.199258804321 878.232734680176 1031.68793106079 1135.88455200195 812.951018333435 720.504241943359 955.370838165283 792.112525939941 885.263164520264 778.346900939941
642.899040222168 693.158392429352 675.489756584167 900.195419311523 648.61434173584 707.221465885639 752.615669250488 816.015815734863 627.442420959473 665.71870803833 857.723419189453 735.797927856445 893.210052490234 681.221288204193 694.538967132568 654.310535430908 755.67561340332 751.012697219849 795.141052246094 632.050666809082 732.007348299026 831.916622161865 671.73747253418 638.75626373291 704.735191345215 639.832321166992 788.774139404297 872.624572753906 650.890899658203 574.513427734375 1141.67459130287 1007.15328741074 431.790435791016 750.642723083496 839.127098083496 636.057723999023 672.850646972656 1139.43292999268 858.437698364258 946.553329467773 1192.20569634438 683.565231323242 669.191925048828 823.657379150391 807.197555541992 740.453811645508 929.987154006958 1140.39384460449 1152.02286529541 838.297197341919
492.341461181641 650.373424530029 675.315591812134 762.101619720459 743.375024795532 694.879558563232 650.663120269775 694.373277664185 718.592106342316 904.891006469727 848.212936401367 719.468574523926 675.448645591736 717.365296363831 670.94942855835 730.930294036865 676.390327453613 627.524421691895 733.638935089111 742.989358901978 691.21704864502 695.361183166504 658.888214111328 735.380621910095 566.895919799805 731.348724365234 799.966323852539 579.094451904297 624.434234619141 907.828216552734 871.038787841797 1051.24422836304 927.035949707031 1195.08241271973 970.583572387695 643.947814941406 661.89241027832 777.513618469238 767.720520019531 952.63805770874 803.128608703613 716.450424194336 708.036231994629 735.419097900391 880.975959777832 781.567153930664 1032.88623332977 711.116676330566 966.875442504883 752.137641906738
869.629356384277 621.906028747559 776.621891021729 746.131786346436 697.89859354496 671.507371902466 746.833549499512 814.118041992188 875.822326660156 804.9453125 869.973648071289 783.145851135254 800.950103759766 626.189697265625 693.656848907471 635.095031738281 580.574615478516 593.357650756836 680.453578948975 847.563316345215 731.942420959473 720.858497619629 588.979080200195 535.861282348633 780.758296966553 910.787727355957 687.805679321289 553.70378112793 639.963745117188 812.16527557373 603.549934387207 739.453269958496 870.335037231445 971.596893310547 680.39143371582 538.184478759766 917.60139465332 538.077270507812 939.033393859863 882.045036315918 783.027904510498 663.925018310547 808.158878326416 681.309432983398 737.282356262207 754.122611999512 1199.3639755249 779.329002380371 698.565887451172 676.672271728516
506.829360961914 790.954696655273 864.380756378174 703.590883255005 712.804332733154 815.636421203613 604.318740844727 785.504135131836 578.318344116211 643.80118560791 1213.13545417786 689.393222808838 819.326904296875 701.363090515137 856.619575500488 870.349548339844 717.046020507812 629.145484924316 681.845676422119 1769.04790496826 873.178283691406 570.834869384766 409.093505859375 1072.24645996094 563.405364990234 571.045547485352 608.959976196289 684.501358032227 615.969009399414 739.829212188721 519.713226318359 983.686645507812 742.38005065918 731.350173950195 647.998245239258 1038.53869628906 734.936370849609 749.239807128906 656.827346801758 709.029563903809 1261.31571578979 675.162460327148 817.269913673401 682.384948730469 826.874807357788 785.695388793945 772.604831695557 776.359607696533 859.098143577576 773.14725112915
439.080993652344 644.963554382324 621.744426727295 696.722972869873 754.565346717834 721.824981689453 766.152240753174 754.163902282715 722.054599761963 948.21418762207 650.063705444336 1376.79187011719 945.504295349121 1157.7817363739 1132.91633605957 1648.69087982178 461.489959716797 936.24178314209 675.594085693359 568.57275390625 555.242279052734 505.242385864258 443.867340087891 760.511947631836 588.573791503906 659.86604309082 691.582649230957 648.959564208984 729.162780761719 916.315170288086 822.627494812012 758.658260345459 954.157424926758 832.453895568848 864.196342468262 858.039390563965 1115.36703491211 575.882904052734 708.874465942383 778.424537658691 846.894226074219 850.626361846924 816.322612762451 860.522529602051 805.762588500977 667.153442382812 856.497671127319 790.959754943848 695.657211303711 681.140380859375
614.196472167969 631.35115814209 655.632135391235 706.061321258545 749.954792022705 713.106485366821 599.910694122314 1349.37571641803 676.466499328613 864.473167419434 576.861053466797 780.291591644287 763.93229675293 889.669151306152 809.533798217773 1477.80132293701 682.885276794434 1458.73795318604 669.577728271484 598.311111450195 1379.78007507324 1440.39654541016 1883.68103027344 741.6494140625 868.856506347656 1008.03289794922 600.116760253906 651.968673706055 743.550224304199 811.857316017151 914.058200836182 800.389625549316 683.767211914062 811.669246673584 1062.15662002563 808.015594482422 1070.69139862061 1012.64356231689 682.93212890625 1179.39165496826 1366.17781829834 961.209115982056 1618.8137512207 782.369064331055 912.487945556641 591.543594360352 652.512329101562 706.282768249512 565.140777587891 438.980163574219
613.824104309082 670.760531902313 556.332550048828 716.415428161621 688.686950683594 685.740008473396 656.571552276611 663.248588562012 603.464447021484 650.544719696045 553.017822265625 687.494770050049 556.279678344727 660.739418029785 713.685342788696 664.336502075195 864.506622314453 901.317118167877 678.366767883301 682.858955383301 759.071033477783 649.297607421875 1797.51721191406 1812.65000915527 530.041320800781 633.001892089844 709.978942871094 671.966186523438 699.595947265625 741.161064147949 814.951488494873 835.903205871582 810.694109916687 965.740042924881 735.400505065918 669.007568359375 644.981201171875 896.996139526367 884.883438110352 1273.50903701782 682.018280029297 931.735573768616 845.893802642822 835.477481842041 941.698890686035 814.307390213013 707.682106018066 516.834655761719 457.835876464844 776.819366455078
659.400381088257 598.458152770996 625.273876190186 748.663352966309 667.675044059753 750.248397827148 634.428344726562 625.423126220703 626.414157867432 596.533653259277 695.41547203064 676.341512680054 593.211372375488 688.870759725571 740.418357849121 676.207802578807 838.172294616699 721.303871154785 732.927314758301 637.287010192871 602.31233215332 637.02271270752 1124.08106994629 486.65657043457 743.963539123535 575.324371337891 602.134735107422 619.049835205078 703.367652893066 681.868171691895 915.008457183838 872.13459777832 749.075828552246 913.343563318253 1021.85941314697 1288.3480758667 821.75239944458 525.328643798828 686.680183410645 730.659954071045 777.209971427917 903.117511749268 761.548881530762 844.989910125732 760.206378936768 727.802841186523 779.218496322632 567.351257324219 456.422882080078 1075.45977783203
639.295944213867 838.839614868164 716.801799297333 663.615545272827 810.609008789062 606.578498840332 596.170433044434 582.724479675293 660.637825012207 576.8994140625 743.538173675537 754.222763061523 669.607809066772 737.478290557861 731.335638046265 564.035827636719 733.867828369141 744.093435287476 611.725296020508 678.873580932617 801.516612529755 664.637756347656 1119.31877803802 632.801818847656 1040.66702651978 623.63037109375 538.536010742188 664.978080749512 810.296421051025 922.652134895325 754.248527526855 735.076299667358 797.492461204529 997.4348487854 760.04257774353 742.640033721924 789.894618988037 791.921203613281 682.69026184082 811.610610961914 789.052108764648 812.6297082901 712.58918762207 766.12509727478 723.238784790039 709.233200073242 727.923759460449 475.837249755859 867.191986083984 2207.24008178711
687.99235534668 660.543759822845 645.050859451294 740.215194702148 602.11498260498 707.648334503174 626.128059387207 837.097808837891 619.852508544922 701.218336105347 713.223096847534 859.126068115234 587.28443145752 561.919799804688 549.677719116211 721.879526138306 657.328735351562 602.280166625977 632.480651855469 894.689514160156 681.624000549316 794.82266998291 677.851554870605 584.357421875 778.087951660156 721.079647064209 658.313346862793 819.959539413452 591.996826171875 701.271530151367 602.532211303711 736.376295089722 770.336675643921 767.811050891876 635.989944458008 710.611633300781 558.503707885742 869.466083526611 867.511880874634 793.831161499023 791.202952861786 716.53409576416 780.117197915912 744.107639312744 905.156929016113 736.388488769531 657.419097900391 672.199081420898 1091.67086791992 1268.15789794922
701.787994384766 579.651840209961 691.120282173157 741.066452026367 572.078590393066 672.225905895233 802.441230773926 739.48099899292 646.386745452881 725.380393981934 670.830295562744 667.368280410767 748.120559692383 674.176836013794 705.867405414581 640.35506439209 649.565273284912 711.94881939888 731.714492797852 636.509521484375 1052.00659942627 1165.84474182129 685.29471206665 554.894897460938 622.783950805664 703.876647949219 1056.13463592529 912.42126083374 771.757684275508 805.555480957031 900.935607910156 942.213455200195 784.943119049072 693.817972183228 659.131965637207 706.159145355225 787.725921630859 655.274833679199 989.907249450684 763.991578102112 765.09140586853 708.073387145996 937.569320678711 699.199165344238 605.798645019531 593.862701416016 740.99584197998 503.716217041016 480.395477294922 1209.26322937012
684.440366744995 694.351108551025 916.023147583008 809.018737792969 751.805847167969 705.409454345703 704.448509216309 758.933343887329 601.480812072754 694.895175933838 802.073371887207 583.052833557129 735.166202545166 705.524668455124 747.322250366211 759.964839935303 791.045722961426 765.655632019043 758.641960144043 594.616241455078 692.914226531982 686.299461364746 677.341609954834 646.648582458496 630.095680236816 675.187103271484 689.155597686768 857.602916717529 671.364459991455 1145.95803356171 734.319981813431 859.224319458008 852.375953674316 697.78450012207 777.299171447754 672.836280822754 716.138972759247 792.02156829834 759.426591873169 698.125465393066 559.512481689453 619.769836425781 687.801429748535 692.576248168945 836.212249755859 761.905744552612 833.840476989746 686.552017211914 638.215957641602 559.030578613281
735.747077941895 620.842548370361 718.154731750488 624.311309814453 742.559631347656 706.468242645264 584.345291137695 655.312007904053 745.898403167725 734.097343444824 738.759258270264 653.568962097168 760.883056640625 609.231925964355 837.598770141602 701.349901199341 598.260482788086 825.416107177734 817.857566833496 661.851097106934 809.28568649292 733.287342071533 592.051818847656 579.831954956055 675.074710845947 657.243843078613 737.165571451187 694.742916107178 792.516633987427 949.616012573242 783.303153991699 830.327445983887 864.6669921875 690.479232788086 616.247718811035 661.601806640625 603.752601623535 661.166290283203 640.315246582031 674.033851623535 672.809425354004 699.654979705811 758.54239654541 821.621955871582 689.785629272461 686.92017364502 625.501770019531 661.055198669434 470.079895019531 748.884422302246
729.121147155762 669.019325256348 582.40007019043 699.634601593018 616.77628326416 611.183494567871 754.13695526123 746.055351257324 779.631019592285 763.29369354248 702.613430023193 597.316970825195 616.30069732666 703.268097877502 575.864646911621 737.625873565674 685.536133766174 587.207107543945 774.749221801758 676.166566848755 600.009704589844 600.979103088379 551.132110595703 659.271785736084 604.598793029785 689.812032699585 708.128356933594 541.631607055664 744.463497161865 661.328735351562 794.090171813965 744.141597986221 851.235908508301 843.697746276855 731.251220703125 734.239923477173 560.510162353516 643.506088256836 706.639842987061 665.258773803711 724.162536621094 763.304967403412 772.76357793808 672.375350952148 660.009574890137 714.636001586914 591.959762573242 605.486724853516 533.433563232422 556.534606933594
612.023399353027 833.122894287109 638.802185058594 705.314136505127 791.420166015625 701.435523986816 745.462745666504 544.524795532227 541.835548400879 653.92699432373 587.608627319336 537.552047729492 733.455051422119 680.448408842087 645.135807037354 724.410270690918 656.553915023804 755.299999237061 696.403321027756 633.362823486328 551.430191040039 708.240298271179 641.540512084961 838.54508972168 750.656085968018 747.562786102295 676.484577178955 748.695558547974 717.916883707047 656.449073791504 584.734405517578 868.08544921875 645.124092102051 894.767822265625 891.752738952637 573.052947998047 770.023056030273 605.178298950195 652.260971069336 779.539772033691 596.73127746582 675.69352722168 758.96488571167 687.946327209473 712.50989151001 832.215431213379 760.609347343445 596.695709228516 497.614349365234 817.219635009766
758.575653076172 686.725439071655 729.533798217773 639.44429397583 737.293972015381 666.712113857269 810.930435180664 773.925346374512 609.318008422852 686.965765953064 628.634094238281 676.282814502716 654.275709152222 657.798866271973 813.703704833984 642.331314086914 727.421016693115 895.289031982422 629.598281860352 632.76766204834 613.625164031982 700.181025028229 725.757345199585 765.559452056885 773.983837127686 705.5123462677 704.550012588501 761.442180633545 649.26823425293 806.042015075684 695.122728347778 838.84538269043 860.107452392578 745.380168914795 698.871742248535 700.516918182373 699.222137451172 586.803207397461 780.574287414551 696.133094787598 541.391983032227 699.263328552246 873.54907989502 629.143966674805 672.842895507812 864.827407836914 865.31803894043 669.768058776855 753.71498966217 797.573020935059
