export/dem/dem80.asc
NCOLS 350
NROWS 171
XLLCORNER 152620
YLLCORNER 418050
CELLSIZE 100
NODATA_VALUE -9999
[rows 66 to 87 of 171, columns 150 to 199 of 350]
464.307426452637 448.240577697754 439.332504272461 521.570920944214 579.208503723145 561.478799641132 405.348007202148 624.689514160156 559.758486747742 500.2724609375 491.389030456543 544.134632110596 457.60969543457 563.813560962677 539.940908432007 595.949295043945 704.311859130859 520.802742004395 393.781066894531 409.589324951172 531.250774383545 698.354721069336 667.177658081055 536.411319732666 536.760471343994 507.17041015625 452.469451904297 627.557289123535 612.245889663696 465.565765380859 660.115653991699 419.473419189453 480.821228027344 620.236141204834 499.184730529785 626.274385690689 684.369537353516 800.181167602539 488.320281982422 558.004959106445 452.595031738281 522.001266479492 577.414855957031 761.492477416992 627.064008712769 521.328468322754 620.418779373169 713.501441955566 643.115433692932 630.281604766846
440.302299499512 466.908447265625 535.322843551636 619.920883178711 473.919082641602 575.937114715576 499.121288299561 586.509330749512 646.168449401855 573.656695842743 508.667274475098 565.066742897034 543.866324424744 646.548187255859 632.698806762695 585.172607421875 528.739068984985 640.605895996094 603.546897888184 473.053916931152 602.201232910156 585.193698883057 610.329147338867 492.658905029297 490.899551391602 637.228710174561 584.309719085693 592.301153182983 605.61003112793 606.625867128372 448.600311279297 410.648559570312 517.446853637695 641.904335021973 595.395706176758 726.330909729004 729.359970092773 546.221904754639 636.995498657227 706.162864685059 599.333573818207 589.293814659119 717.664665222168 771.926528930664 663.147120475769 636.696675539017 604.391448974609 713.860961914062 740.782920837402 760.210258483887
517.229042053223 558.160833358765 578.281663894653 565.738922119141 553.22398853302 480.215843200684 630.16919708252 513.94815826416 607.718765258789 702.163024902344 565.653655052185 498.027153015137 430.364845275879 735.579223632812 491.51342010498 449.895141601562 551.379480361938 570.066809177399 455.496299743652 501.95011138916 578.416633784771 525.680801391602 710.622375488281 603.58243560791 502.574203491211 502.096572875977 573.112239599228 616.907808303833 513.792915344238 560.734678268433 596.392127513885 659.596992492676 676.523178100586 711.69189453125 739.030395507812 655.823165893555 671.463310241699 667.52819442749 602.4568400383 413.003616333008 581.192583084106 660.844078063965 619.134504318237 677.093278519809 617.35888671875 906.704772949219 650.269589424133 721.655181884766 670.308849334717 776.320953369141
644.39395904541 695.353225708008 620.074279785156 567.501117706299 502.27156829834 524.849365234375 693.693649291992 505.008968353271 574.512147903442 500.192169189453 400.064453125 539.185336589813 594.777008056641 559.060344934464 638.490676879883 445.900497436523 575.58876991272 564.813259720802 503.413921356201 651.663917541504 372.927093505859 463.896324157715 611.55297088623 625.957546234131 463.384841918945 619.74169921875 627.928436279297 607.79105758667 726.666412353516 605.600624084473 439.419311523438 607.835427284241 617.334707260132 661.830017089844 602.912383191288 497.431304931641 669.222541809082 579.131547927856 615.386066436768 477.526924133301 577.210231781006 670.685966491699 578.780902862549 651.159555435181 647.488482713699 769.718994140625 711.644203186035 637.548067092896 766.642440795898 745.076072692871
562.457104206085 646.269950866699 383.835220336914 695.792755126953 651.554328918457 575.85669708252 556.438746452332 514.569797515869 518.844573974609 538.879029750824 733.692504882812 559.957482337952 428.849983215332 578.855730056763 578.908845901489 681.957969665527 530.616779327393 479.532585144043 610.499048233032 589.072310447693 592.814543604851 478.387100219727 529.47225189209 604.395895957947 609.072551727295 670.94938659668 645.056411743164 675.139297485352 529.72114944458 534.756805419922 633.061527252197 593.637363910675 594.106093883514 546.584300994873 686.14151763916 720.581619262695 681.246536254883 569.875514984131 693.057121276855 617.251233100891 757.809829711914 608.843037605286 717.041496276855 691.330368041992 719.778671264648 523.530937194824 715.562763214111 662.605015039444 677.397731781006 535.60090637207
614.085006713867 477.809913635254 485.482597351074 556.769122123718 491.944728851318 539.473825454712 521.488136291504 417.977401733398 399.577560424805 398.444137573242 582.936172485352 589.99910736084 600.369812011719 681.239654541016 700.779373168945 638.944602966309 650.713066101074 424.609039306641 534.715251922607 611.198080062866 508.139747619629 647.358215332031 404.516906738281 660.158821105957 615.323823928833 622.508934020996 742.183898925781 645.386306762695 614.058062553406 574.302240371704 718.822547912598 635.80277633667 670.114944458008 509.073051452637 640.202083587646 607.483512878418 729.062873840332 721.417678833008 679.725028991699 557.877956390381 555.331134796143 583.648944854736 549.009609222412 730.477554321289 683.072547912598 641.91704750061 630.901062011719 694.812206268311 746.552238464355 539.684204101562
561.612682342529 369.087875366211 471.899589538574 591.450901031494 413.142044067383 382.256225585938 473.166641235352 733.076843261719 557.028297424316 457.644172668457 557.369874000549 585.489469528198 640.422508239746 505.727489471436 540.656805038452 547.750326156616 521.515548706055 607.355289459229 507.394714355469 751.068710327148 576.174945831299 505.002548217773 599.505440235138 629.98837852478 628.601228713989 544.557922363281 593.398363113403 533.678802490234 605.572603225708 531.63956451416 707.809143066406 564.218296051025 630.884735107422 621.248840332031 584.928795814514 668.151275634766 845.0625 620.328372955322 652.271572113037 414.812973022461 436.267562866211 536.068008422852 534.419525146484 539.814311981201 705.448715209961 580.841388702393 732.2578125 684.495529174805 822.874221801758 744.777877807617
338.27848815918 598.63570022583 432.22859954834 502.932922363281 572.570211410522 606.887996673584 569.876441001892 736.436874389648 540.503560066223 520.053598403931 354.784851074219 520.873954772949 511.153926849365 604.905246734619 692.920440673828 670.015007019043 626.894016265869 590.063522338867 765.600540161133 650.275260925293 710.910491943359 532.794692993164 575.843414306641 599.278114318848 621.534372329712 551.032897949219 593.916334152222 652.261646270752 650.939079284668 663.414123535156 766.096939086914 676.91056060791 655.528717041016 642.985893249512 652.850303649902 591.712267875671 655.410552978516 589.313322305679 586.458245038986 541.234298706055 531.000045776367 598.066720962524 764.177963256836 673.907485961914 633.573066711426 664.86727142334 660.664939880371 681.993255615234 725.661170959473 763.937644958496
570.186617851257 533.218231201172 452.494972229004 481.314010620117 561.734833240509 530.540588378906 529.192310333252 484.398071289062 493.886215209961 654.249008178711 473.164665222168 499.245506286621 594.629047393799 715.974655151367 429.991241455078 502.746520996094 563.738479614258 584.62589263916 761.759094238281 657.725399017334 706.296401977539 577.665191650391 647.550427913666 706.51407623291 740.621917724609 725.713493347168 572.84729385376 649.845806121826 586.847724914551 600.288496017456 669.462379455566 697.119285583496 464.941352844238 523.342884063721 707.70092010498 596.684243202209 738.544418334961 675.850494384766 516.404090881348 609.640674591064 693.351486206055 718.725433349609 669.371795654297 750.444030761719 632.019863128662 642.215309143066 616.313026428223 720.972221374512 536.285041809082 555.782085418701
715.348968505859 518.773418426514 385.519607543945 568.965517044067 702.328521728516 659.129585266113 580.183038711548 700.186660766602 656.152244567871 579.242897033691 478.87043762207 374.405532836914 367.362640380859 637.556507110596 550.726493835449 661.063598632812 748.391876220703 501.022682189941 678.76602935791 549.769149780273 694.903587341309 692.211067199707 758.271614074707 607.309157252312 775.836887359619 548.371288299561 702.37841796875 667.241027832031 625.7641248703 474.021018981934 578.794066429138 598.456716537476 467.737091064453 610.690118789673 497.879379272461 489.752128601074 618.247512817383 604.017095565796 459.16529083252 531.323497772217 592.335136413574 497.393882751465 628.359457015991 639.4114112854 651.933639526367 714.125991821289 652.604278564453 546.986431121826 513.40274810791 622.698138237
640.021646499634 553.476768493652 590.58251953125 1028.64942169189 550.726877212524 562.862477779388 674.92618560791 765.384246826172 753.690399169922 504.561988830566 475.464622497559 501.736534118652 694.037452697754 613.139236450195 649.914222717285 651.154674530029 536.504119873047 621.651926994324 670.142135620117 761.230224609375 589.862972259521 860.155822753906 750.234588623047 655.181907653809 818.132385253906 550.082305908203 590.044975280762 662.356132507324 610.082210540771 740.875640869141 562.629287719727 696.863639831543 742.679794311523 596.958086967468 629.400974273682 649.838527679443 524.057670593262 593.987809181213 446.688827514648 626.594005584717 723.822246551514 468.455017089844 550.705299377441 647.520336151123 838.388000488281 543.479106903076 767.133239746094 575.622285842896 622.590161323547 538.1484375
509.560718536377 625.097442626953 679.042260169983 611.771970748901 649.659503936768 745.6432762146 669.735855102539 556.823673248291 644.204452514648 531.145442962646 527.994140625 431.918228149414 565.721780776978 519.832290649414 491.310325622559 521.020027160645 663.538314819336 829.461456298828 662.601919174194 733.028099060059 718.34814453125 602.078029632568 682.610019683838 687.638061523438 836.787872314453 625.725204467773 789.94987487793 816.70426940918 731.196067810059 610.205402374268 669.529693603516 688.529457092285 550.474742889404 578.114369392395 530.519348144531 461.680511474609 587.5074634552 521.087707519531 685.428009033203 616.798060417175 517.097389221191 430.5078125 625.355693817139 682.321220397949 728.755126953125 740.73567199707 603.672723770142 663.991176605225 546.677150726318 636.550846099854
586.517169952393 561.372651100159 451.041061401367 612.028964996338 632.801406860352 687.890663146973 563.972841262817 788.679580688477 686.547737121582 489.369911193848 595.329588890076 552.604122161865 540.715351104736 496.476028442383 535.269111633301 530.716667175293 756.285415649414 662.910961151123 660.323021173477 787.689186096191 670.545841217041 678.51830291748 614.88761138916 485.035465240479 566.918524265289 593.895310401917 553.127410888672 595.30622792244 616.697528839111 589.124526977539 666.426920890808 601.325420379639 462.470779418945 589.803805351257 684.271465301514 597.711576223373 481.909164428711 540.68274307251 777.210250854492 589.853548049927 676.059356689453 643.941434860229 560.774475097656 664.584228515625 640.328033447266 582.719011306763 622.658668518066 660.221225738525 535.042762756348 495.108909606934
546.830211639404 419.664775371552 567.793880462646 665.741311073303 727.096939086914 611.677515983582 564.44421005249 530.775966644287 705.862480163574 613.999681472778 500.979187011719 696.435249328613 576.477573394775 534.271965026855 911.262710571289 574.746887207031 697.994892120361 721.604166030884 461.819839477539 703.588645935059 712.359001159668 592.844690322876 702.573471069336 577.202644348145 538.149929046631 653.054252624512 608.13263130188 612.949577331543 593.174694061279 713.02904510498 631.312484741211 564.778091430664 686.633319854736 687.598579406738 683.133766174316 646.367557525635 753.388626098633 569.21039390564 592.134961724281 550.350509643555 646.85750579834 544.304931640625 561.192657470703 603.87770652771 740.029724121094 634.329931259155 668.699367523193 585.301708221436 642.036028862 561.824165344238
705.387130737305 432.091701507568 442.906143188477 733.619155883789 721.421409606934 534.055126190186 650.975563049316 645.72876739502 624.555795669556 526.83918762207 751.154037475586 656.512966156006 700.027702331543 878.697948455811 866.327255249023 651.868970870972 535.740386962891 807.47159576416 711.98991394043 859.931289672852 681.744682312012 705.659080505371 505.489974975586 443.546379089355 536.842247009277 821.170028686523 611.919227600098 667.862552642822 782.260765075684 490.237014770508 653.789313316345 553.775466918945 569.216323852539 802.922149658203 752.945373535156 696.686195373535 759.781188964844 610.176875114441 697.594512939453 591.236166000366 529.367378234863 505.273857116699 700.508460998535 653.369655609131 635.065002441406 620.64802646637 642.409061431885 528.360855102539 632.082139015198 668.273284912109
679.005676269531 602.203189849854 500.543411254883 913.371078491211 813.549728393555 823.745971679688 704.678405761719 403.302291870117 595.897818565369 794.637268066406 687.9651927948 1011.92764282227 607.307334899902 1096.56158447266 798.86413192749 703.455298423767 762.507984161377 786.181769371033 699.883723020554 655.774629116058 735.124885559082 769.193176269531 536.060585021973 619.225074768066 626.679278373718 591.601600646973 691.535747528076 602.717193603516 679.661582946777 773.669883728027 541.698425292969 627.320478439331 686.309860229492 654.105144500732 693.589324951172 745.270835876465 769.137969970703 723.723915100098 590.707116127014 658.32946395874 633.910961151123 496.88533782959 716.045143127441 653.466020584106 507.250183105469 490.021545410156 616.150985717773 606.746025085449 727.831916809082 744.793815612793
679.317373275757 553.854766845703 616.73023223877 866.73152923584 812.976061820984 719.545490264893 768.221426963806 879.696647644043 743.573455810547 999.087357521057 690.143707275391 613.858779907227 590.488252401352 623.79541015625 776.52555847168 603.0983543396 602.824448108673 624.650394439697 600.515182495117 694.64380979538 724.395774841309 687.477283477783 767.142013549805 564.725006103516 484.480972290039 576.665794372559 762.374458312988 490.076400756836 522.878707885742 529.816535949707 611.897965431213 587.493053436279 634.474514007568 738.151466369629 621.598189353943 628.012398457155 629.458795547485 695.879837036133 724.059341430664 680.508102416992 625.299364089966 607.473713874817 633.178210258484 521.315391540527 592.05786895752 587.975658416748 683.356307983398 617.281017303467 764.391487121582 704.091423034668
504.161865234375 650.690162658691 632.542446136475 577.555931091309 694.186859130859 711.735015869141 630.520202636719 871.234916687012 636.107301712036 1078.98822021484 513.20068359375 557.433258056641 564.300758361816 321.310348510742 503.047931671143 609.955017089844 595.401737213135 567.671489715576 655.234111785889 998.947071075439 639.734111785889 563.396385192871 537.721368789673 463.081077575684 584.60124206543 728.614112854004 553.909576416016 592.844181060791 629.051574707031 699.754341125488 575.23698425293 617.285276889801 669.122184753418 755.495277404785 789.529083251953 610.744400978088 760.672241210938 685.483734130859 565.48755645752 619.152941584587 775.846069335938 720.971710205078 726.232772827148 621.897188186646 692.040271759033 644.043035507202 600.139305114746 741.79808807373 648.699594497681 693.524440765381
603.357934951782 478.842132568359 373.727325439453 243.624603271484 454.944835662842 548.46990776062 560.821014404297 822.487350463867 570.856788635254 664.145286560059 857.881652832031 610.552881240845 733.600357055664 754.032821655273 596.188117980957 669.708431243896 484.510047912598 496.156648635864 568.244770050049 909.298351287842 764.966888427734 586.94850730896 1015.73475646973 710.431259155273 673.3586769104 511.750625610352 714.344444274902 583.017066955566 512.709045410156 651.056125640869 451.909790039062 525.288070678711 673.084852218628 853.808578491211 737.377342224121 658.607870101929 654.033397674561 679.822422027588 647.827404022217 730.913375854492 749.162948608398 601.748462677002 602.481971740723 700.392250061035 719.444213867188 607.224716186523 672.067142486572 613.71395111084 497.068618774414 580.874061584473
577.176376342773 192.817535400391 470.990325927734 471.176254272461 604.277003288269 548.617454528809 617.500473022461 787.021987915039 719.162285685539 859.44709777832 812.371246337891 747.033702850342 647.781356811523 641.845909118652 743.793092250824 840.24015045166 656.75897026062 466.742874145508 588.517318725586 846.257133483887 615.388311386108 596.886085510254 1014.91558837891 633.602191925049 1064.78286743164 743.109203338623 704.931308746338 722.164490699768 640.709554672241 574.710216522217 393.675506591797 656.595676422119 828.573585510254 653.65788269043 723.865592956543 654.186361312866 669.067409515381 587.642117977142 599.429046630859 574.454765319824 622.745390892029 598.227626800537 684.306770324707 751.318588256836 723.173961639404 764.505912780762 625.532051086426 619.503902435303 559.993095397949 678.342645168304
514.263758659363 556.531711578369 624.881660461426 590.356170654297 -9999 -9999 -9999 -9999 -9999 -9999 -9999 -9999 -9999 -9999 -9999 635.217185974121 790.816177368164 644.031814575195 644.312866210938 695.608695983887 711.372611999512 669.575275421143 610.206546902657 476.117702484131 645.914882659912 775.564819335938 1130.10326385498 716.780387878418 516.586860656738 897.587089538574 565.703045845032 637.272644996643 858.844314575195 696.416442871094 594.806125640869 688.182674407959 628.576541900635 678.224334716797 761.856338500977 631.781925201416 419.101623535156 772.979507446289 672.875371932983 659.760966777802 682.531629562378 555.116439819336 613.07657623291 657.996161460876 675.275566637516 583.469940185547
-9999 -9999 -9999 -9999 -9999 -9999 -9999 -9999 -9999 -9999 -9999 -9999 -9999 -9999 -9999 -9999 -9999 -9999 625.47802734375 721.795038223267 867.630142211914 768.948204040527 718.303796768188 713.817977905273 607.376316070557 609.539344787598 694.048310756683 623.687750816345 695.182399749756 601.161707401276 566.1355676651 896.586181640625 629.199746131897 826.597686767578 890.98030090332 617.007278442383 738.529197692871 691.794040679932 737.262557983398 601.369148254395 738.655620574951 700.580604553223 632.492649078369 549.778778076172 659.055717468262 768.502876281738 713.822946310043 645.418867111206 674.211281776428 654.631417989731
