export/dem/dem87.asc
NCOLS 350
NROWS 171
XLLCORNER 152620
YLLCORNER 418050
CELLSIZE 100
NODATA_VALUE -9999
[rows 22 to 43 of 171, columns 100 to 149 of 350]
461.695739746094 541.907059669495 424.323822021484 618.312397003174 559.599151611328 643.589658498764 649.763244628906 630.812118530273 689.216396331787 606.52018737793 875.398017883301 515.89892578125 487.974517822266 773.522644042969 622.876899719238 387.196716308594 588.434204101562 652.201095581055 370.606140136719 706.007415771484 963.359954833984 764.222946166992 338.008026123047 494.894668579102 348.003341674805 357.304443359375 518.587173461914 491.746639251709 504.814231872559 408.796203613281 437.25309753418 721.131858825684 852.689468383789 531.288734436035 686.775573730469 615.947772979736 608.085414886475 559.239128112793 664.665702819824 617.125301361084 636.385284900665 765.820533752441 639.544664382935 555.53897857666 455.110931396484 565.909912109375 562.241279602051 677.190265655518 631.486114501953 611.058071136475
585.259092330933 546.464750289917 424.336135864258 457.743041992188 546.734748840332 800.773178100586 525.638076782227 479.342590332031 711.649404525757 506.803985595703 1589.50621414185 583.618797302246 604.530029296875 1127.07522583008 486.328170776367 460.603912353516 782.249816894531 457.007949829102 640.646240234375 507.211082458496 660.566558837891 299.509582519531 1120.33312988281 781.667663574219 433.308135986328 600.912506103516 401.137222290039 459.605087280273 500.776596069336 512.125457763672 646.937335968018 502.901908874512 549.147274017334 598.576202392578 578.092376708984 538.741584777832 597.266988754272 703.311569213867 711.69962310791 849.288436889648 732.33666229248 635.259548187256 516.218856811523 619.608852386475 559.755971908569 684.032005310059 543.717132568359 678.036033630371 687.584884643555 628.722009658813
370.416381835938 445.847770690918 427.636047363281 494.80419921875 497.937927246094 864.269134521484 733.262481689453 637.871307373047 721.691741943359 407.043731689453 637.692604064941 1060.42496287823 610.802780151367 650.077529907227 320.691040039062 572.657531738281 570.769790649414 427.875854492188 601.35969543457 823.994136810303 854.517501831055 295.479644775391 317.710388183594 611.24299287796 714.984428405762 523.696235656738 570.749202728271 436.16047668457 640.638916015625 416.871383666992 577.076894283295 582.285952568054 789.796905517578 791.609832763672 631.176105499268 599.571327209473 701.184074401855 591.282299160957 695.278465270996 671.598442971706 659.966154098511 537.446060180664 614.604220151901 603.792677760124 575.492512702942 527.806533813477 591.410022258759 644.211338043213 561.002643585205 557.432739257812
586.66686630249 452.095603942871 639.553001403809 581.383117675781 537.380950927734 443.194305419922 700.141448974609 879.894058227539 550.944732666016 912.443794250488 784.292388916016 831.966178894043 756.479827880859 870.894371032715 660.490737915039 786.372650146484 529.424713134766 536.314239501953 461.935203552246 822.08814239502 1424.11750030518 580.094875335693 411.232009887695 515.511711120605 500.619354248047 537.608753204346 530.975814819336 357.886566162109 628.556251525879 692.786628723145 570.477077484131 639.060111999512 662.283390045166 818.606039047241 815.247787475586 638.232022285461 445.751998901367 461.898529052734 585.627418518066 686.475006103516 654.498908996582 692.493110656738 535.152191162109 587.204373732209 622.272857666016 676.825508117676 568.71720123291 540.031941413879 745.409225463867 635.574001312256
365.89826965332 551.35337638855 664.760971069336 526.144226074219 469.759216308594 424.638381958008 367.78564453125 618.586563110352 1057.65237426758 400.437530517578 541.12614440918 901.529000759125 825.418525695801 514.614364624023 1035.09744262695 881.352554321289 557.886947631836 574.357894897461 681.047027587891 521.015060424805 983.157897949219 613.40502166748 494.679534912109 578.943874955177 579.73525428772 542.714202880859 483.922828674316 690.436325073242 579.578762054443 424.447463989258 392.901092529297 410.698974609375 530.875602722168 495.809829711914 719.565635681152 586.221994400024 589.332425117493 578.985437273979 524.192749023438 591.420196533203 641.072536468506 563.00994682312 615.223964691162 625.559951782227 486.086326599121 624.806350708008 562.468256652355 569.85051202774 559.220091819763 661.722877502441
456.297492980957 458.902587890625 442.145385742188 511.950752258301 1030.94476318359 1292.86278533936 691.534362792969 432.629974365234 692.991458892822 975.733787536621 604.648773193359 687.671363830566 674.978713989258 364.751983642578 401.459777832031 895.396728515625 1249.19947814941 390.522933959961 628.116897583008 747.147850036621 463.862380981445 420.012786865234 553.061767578125 626.215075016022 794.081679999828 465.94873046875 501.156463623047 464.012748718262 383.989028930664 480.922180175781 442.964218139648 618.66234588623 570.603073120117 686.988067626953 562.202068328857 621.746280670166 629.848602294922 568.940764427185 610.273405075073 545.722244262695 375.362579345703 626.881866455078 480.672813415527 699.237518310547 590.924983978271 537.802047729492 508.403873443604 688.72526550293 493.575897216797 659.297592163086
588.851333618164 857.977416992188 467.553291320801 536.008651733398 454.206390380859 578.533645629883 411.288543701172 459.395660400391 787.342588424683 522.216064453125 744.198745727539 687.092454910278 488.163681030273 726.918006896973 828.940864562988 603.655143737793 349.558685302734 809.666076660156 932.753204345703 454.246276855469 449.122283935547 593.132009848952 665.347877502441 525.022918701172 624.274459838867 570.257801055908 627.300415039062 605.41170501709 621.618392944336 445.215660095215 543.660274982452 644.304447174072 524.992935180664 389.287307739258 830.409271240234 618.675449371338 570.965970516205 572.287023544312 562.15904712677 537.338417053223 534.693141937256 495.098403930664 567.180486679077 470.362922668457 641.479591369629 719.762817382812 568.099034309387 548.1440076828 546.557662963867 584.552994251251
559.78409576416 445.794174194336 460.908363342285 506.277328491211 346.958984375 446.214172363281 566.889144301414 447.200332641602 732.001415252686 479.835144042969 952.455352783203 452.812438964844 732.929336547852 909.39427947998 846.316492557526 418.843063354492 401.25700378418 348.292999267578 516.790176391602 477.269721984863 424.743316650391 710.269454956055 403.022796630859 562.367733001709 556.273198127747 620.002364635468 439.77725982666 371.996322631836 478.139064788818 446.61646270752 423.835807800293 536.249137043953 678.134155273438 571.437679290771 663.235107421875 534.582798480988 492.650856018066 504.399585723877 538.928817987442 584.233713150024 506.551868438721 635.654144287109 609.933120727539 669.917060852051 632.907676696777 550.000188827515 531.507656097412 658.97403717041 473.07780456543 462.654350280762
800.616641998291 365.985000610352 656.354827880859 573.607299804688 614.116767883301 460.018348693848 586.516101360321 608.989977359772 684.304679870605 750.446182250977 685.810512542725 536.122013092041 503.51586151123 628.402908325195 511.766983032227 962.245288848877 543.840759277344 348.094329833984 408.831771850586 664.775489807129 610.865203857422 599.680135726929 648.226703643799 645.539253234863 738.877918243408 1752.28029632568 464.952964782715 529.750588178635 508.126016616821 486.419609069824 612.458442687988 673.151275634766 503.465937614441 494.614379882812 609.450553894043 597.75456237793 452.015819549561 400.128753662109 528.070831298828 538.992630004883 403.866683959961 631.139167785645 553.968229293823 535.733787059784 559.707660675049 634.339019775391 660.139678955078 492.262805938721 410.056045532227 380.837875366211
530.561686515808 547.628147125244 551.103490829468 609.806274414062 1249.09267807007 468.82088470459 536.867263793945 448.667060852051 705.978797912598 380.608993530273 493.28955078125 804.695461273193 588.612186431885 387.50407409668 401.128997802734 759.607231140137 620.650426864624 430.469703674316 528.828012466431 605.630065917969 565.520268201828 659.758750915527 630.495910644531 422.260284423828 564.433584213257 648.523254394531 546.394983291626 534.701839447021 518.598796367645 507.025270462036 570.837608337402 600.836483001709 377.451751708984 573.243156433105 566.459846496582 483.582782745361 436.274337768555 539.610320091248 523.460078239441 328.093231201172 593.481067657471 684.620346069336 497.159343719482 610.925374984741 612.86612701416 633.680297851562 430.953643798828 414.648025512695 615.970146179199 695.548294067383
482.923431396484 529.431176185608 476.671531677246 586.438144683838 413.82048034668 466.693153381348 429.099304199219 1025.00422286987 1091.05297088623 494.681579589844 533.981136322021 603.990142822266 478.172973632812 459.261123657227 588.942018508911 355.923278808594 339.940505981445 522.189467430115 529.624907493591 440.076301574707 688.510955810547 707.905654907227 707.595336914062 513.068420410156 564.19164276123 428.667060852051 581.75813293457 350.553939819336 530.186855316162 474.269824981689 516.507247686386 371.947479248047 550.566162109375 647.783843994141 558.02197265625 534.692495346069 330.964584350586 378.991561889648 530.481128692627 548.826400756836 491.020128250122 626.48722076416 454.621391296387 619.056594848633 608.647079467773 515.514789581299 557.000885009766 481.946243286133 391.275466918945 493.753982543945
444.890186309814 517.22617816925 544.126426696777 394.222747802734 413.24829864502 391.057205200195 383.478004455566 521.450914382935 701.315329551697 598.121067047119 483.454818725586 403.235404968262 472.006065368652 765.553649902344 544.439165115356 459.738834381104 490.365184783936 490.30912399292 608.222801208496 452.70751953125 346.689254760742 514.316892623901 621.798934936523 472.852703094482 499.88939666748 485.967222213745 468.514080047607 583.728439331055 520.569845199585 529.66965675354 485.087591171265 453.142501831055 440.193008422852 525.777945995331 550.938833236694 569.534572601318 422.683464050293 482.323802947998 697.110870361328 347.586502075195 424.631118774414 503.298511505127 534.419528961182 539.231582641602 543.651754379272 600.566970825195 476.077537536621 564.049877166748 431.444679260254 430.502807617188
430.675811767578 425.996505737305 375.159126281738 463.312551498413 501.48398399353 373.868782043457 398.88427734375 430.798583984375 362.231384277344 500.775386810303 575.66276550293 523.24507856369 443.49877166748 475.148624420166 517.029424786568 461.018829345703 465.680912017822 568.343437194824 527.149826049805 530.302822113037 610.972724914551 490.385021209717 495.808706283569 539.877414703369 533.795847892761 468.860644340515 406.904907226562 604.082725524902 376.073341369629 608.034523010254 421.082885742188 431.946258544922 485.302656173706 663.361373901367 643.334732055664 470.408767700195 567.654815673828 638.862442016602 372.872283935547 486.29326915741 602.967926025391 536.905307769775 469.774631500244 552.844318389893 474.102657318115 548.658977508545 447.989700317383 453.218688964844 364.646759033203 564.15195274353
352.952629089355 492.267061233521 477.291358470917 496.788383483887 468.349675655365 426.286590576172 383.463768005371 455.856117248535 554.344905853271 433.530372619629 537.22865486145 548.478275299072 488.815204381943 565.736846923828 438.537643432617 499.24157333374 540.060390472412 465.83256149292 524.835037231445 517.104850769043 494.187584400177 367.004104614258 423.818298339844 478.983390808105 498.890125274658 485.052382588387 310.105407714844 450.749926567078 402.265068054199 411.579399108887 572.05485534668 487.156587600708 460.247320175171 521.840034484863 548.292282104492 687.348297119141 471.365104675293 455.278785705566 526.403812408447 537.111801147461 382.155868530273 464.761734008789 606.466697692871 684.315200805664 382.945434570312 446.503135681152 366.945999145508 623.266204833984 475.533622741699 467.155395507812
404.146728515625 344.448257446289 465.142796516418 455.496961593628 482.64447593689 441.029319763184 596.342727661133 397.007476806641 492.132617950439 382.655151367188 528.609355926514 511.901668548584 430.518230438232 527.415710449219 599.735473632812 674.042205810547 595.677146911621 546.54105758667 514.275924682617 375.313537597656 493.489444732666 507.931049346924 397.49382019043 400.678382873535 425.754154205322 566.887474060059 507.239963531494 550.359336853027 507.875200271606 502.488393783569 449.778198242188 479.880345344543 451.007884979248 553.35969543457 411.798515319824 539.272521972656 497.074531555176 432.606910705566 423.73917388916 454.307373046875 498.158508300781 586.00919342041 587.192642211914 545.375682830811 398.152725219727 590.762138366699 488.731292724609 608.061866760254 709.142074584961 653.346748352051
473.342631816864 602.28369140625 534.488021850586 487.750606536865 493.197292327881 569.843948364258 541.756244659424 530.057342529297 610.347457885742 483.427876532078 450.519050598145 519.504469871521 395.495315551758 467.915472984314 504.46181678772 418.536781311035 560.275718688965 453.744973301888 493.253913879395 430.791191101074 397.498653411865 339.245643615723 347.113494873047 359.881088256836 209.181411743164 440.587705612183 350.717124938965 508.685001373291 370.418922424316 344.178573608398 209.901672363281 562.178413391113 470.341940402985 486.271570205688 431.516548156738 461.478681564331 614.694915771484 584.694244384766 592.190505981445 535.75280380249 471.305818557739 569.772453308105 448.944080352783 585.244003295898 514.686604499817 548.573587417603 581.449222564697 625.098960876465 442.474792480469 628.825225830078
364.233894348145 412.43754196167 391.843879699707 473.318996429443 444.15491104126 587.409278869629 493.560703277588 578.32592010498 422.681983947754 593.669967651367 531.714542388916 434.196426391602 409.329471588135 417.64582824707 534.806365966797 348.095985412598 427.174172401428 561.1435546875 378.995780944824 389.746353149414 627.66731262207 528.583396911621 472.55465221405 537.59806060791 532.851226806641 542.708335876465 567.250984191895 513.308692932129 333.451309204102 313.938186645508 492.518445014954 436.678775787354 474.146324634552 321.282073974609 467.956120491028 519.439388275146 501.863544940948 443.32967376709 631.742904663086 490.968133926392 575.659729003906 380.936004638672 426.656219482422 614.195121765137 550.872543334961 600.657409667969 554.501022338867 625.996078491211 510.605968475342 590.167179107666
406.715991973877 394.311672210693 438.139600753784 459.915431261063 370.276985168457 369.286682128906 446.244740009308 446.8131980896 503.570356369019 430.511486053467 526.196437835693 583.186889648438 478.320293426514 320.157791137695 436.318090438843 485.708513259888 531.448318481445 381.971969604492 456.787789821625 386.998863220215 599.322494506836 568.763442993164 510.709619522095 500.306568145752 361.360473632812 451.659184932709 475.011888504028 395.982215881348 421.762748718262 460.979711532593 318.224182128906 515.631946563721 371.543891906738 392.082046508789 505.893447875977 618.216033935547 589.668785095215 620.446960449219 510.608242034912 645.578109741211 651.18034362793 608.502494812012 474.034000396729 616.833488464355 191.820831298828 509.665057182312 426.663215637207 564.960903167725 588.213184356689 682.896156311035
431.653491973877 283.820327758789 464.323408126831 386.979713439941 539.414970397949 341.802215576172 588.616653442383 618.209487915039 408.693019866943 453.092092514038 350.691940307617 453.498937606812 476.078109502792 491.397483825684 517.262260437012 323.346160888672 570.97200012207 399.162410736084 343.532958984375 461.774260520935 286.489852905273 381.57373046875 381.853248596191 448.509061813354 680.69938659668 465.384727478027 389.826789855957 330.16975402832 457.011288881302 434.471569061279 366.747406005859 358.76969909668 503.21097946167 448.607540130615 534.407577514648 462.010747432709 598.728828430176 662.855361938477 597.357322692871 663.026626586914 649.672180175781 583.577445983887 495.763207435608 369.328430175781 450.680374145508 342.231567382812 363.329193115234 566.583318710327 539.915083885193 493.566665649414
417.335206031799 527.068183898926 383.368858337402 322.090141296387 308.168640136719 341.911895751953 460.465641975403 387.400703430176 488.639326095581 454.219969272614 472.961497306824 474.392375946045 505.50372505188 382.278999328613 658.427352905273 534.578506469727 355.836486816406 574.446441650391 460.048665046692 396.085639953613 437.481273651123 528.792152404785 443.243831634521 378.967971801758 534.240543365479 374.862640380859 619.746398925781 482.522867441177 459.830587387085 425.784736633301 434.174736022949 534.90922164917 597.393577575684 578.970146179199 404.197650909424 531.916679382324 471.569867610931 427.792343139648 543.625785827637 609.830444335938 523.923022270203 599.998306274414 536.817386627197 395.608985900879 483.073558807373 497.367134094238 625.810852050781 356.672271728516 594.637889862061 440.28882598877
361.479278564453 481.137504577637 410.799476623535 274.094116210938 366.817512512207 472.150851249695 421.055944442749 410.848781585693 322.894409179688 357.02180480957 492.267436981201 372.647468566895 411.51441192627 529.156089782715 439.350524902344 408.742130279541 602.214874267578 540.546073913574 412.540019989014 414.003597259521 423.251880645752 521.798065185547 518.559574127197 334.818130493164 490.946057319641 343.378395080566 390.004890441895 544.129791259766 383.030479431152 560.04035949707 487.59203004837 509.404766082764 442.574295043945 364.896522521973 315.278137207031 572.12801361084 394.801200866699 513.94478225708 674.179656982422 505.337063789368 553.466190338135 425.485916137695 401.896339416504 537.357111215591 428.253646850586 615.90007019043 479.471437454224 484.263633728027 575.040630340576 462.636520385742
370.453575134277 532.194435119629 503.32356262207 436.075827598572 464.312272071838 501.563514709473 420.354457855225 456.838756561279 377.406730651855 315.095314025879 368.880004882812 383.079578399658 500.077251434326 387.90926361084 342.96159362793 625.114822387695 512.327772140503 581.545150756836 457.566893577576 361.205352783203 569.831893920898 580.526069641113 493.752415657043 632.618804931641 347.318664550781 454.221069335938 485.50673532486 423.092468261719 574.56224822998 597.993499755859 609.19327545166 621.697280883789 496.582544326782 760.791900634766 629.477645874023 508.867244720459 581.181304931641 348.876556396484 417.200424194336 466.580860137939 402.212966918945 386.57975769043 602.199150085449 516.847001075745 462.134532928467 516.132482051849 532.753795623779 360.29997253418 469.250686645508 388.27604675293
