export/dem/dem8.asc
NCOLS 350
NROWS 171
XLLCORNER 152620
YLLCORNER 418050
CELLSIZE 100
NODATA_VALUE -9999
[rows 44 to 65 of 171, columns 150 to 199 of 350]
611.918067932129 589.353199005127 696.61442565918 512.302848815918 644.716163635254 723.670455932617 470.166240692139 439.475891113281 640.442169189453 420.059944152832 570.037222862244 481.756156921387 384.703811645508 459.092567443848 612.863651275635 548.13761138916 658.218872070312 549.680239677429 514.359457015991 714.797744750977 598.021667480469 541.836236000061 552.125293731689 497.594207763672 497.570960998535 575.125412464142 516.827114105225 542.844055175781 444.296798706055 512.052612304688 561.530288696289 695.200492858887 579.313781738281 594.939025878906 721.20338344574 596.316730499268 681.208054542542 713.424673080444 822.190223693848 760.072982788086 550.845819473267 681.961738586426 600.06209564209 774.44454574585 671.918594360352 542.428997039795 604.332317352295 679.579509735107 1178.12542533875 1178.84943008423
508.051574707031 577.610443115234 688.645355224609 559.346961975098 557.629600524902 585.530956268311 644.802848815918 587.995038986206 482.534885406494 609.12194442749 584.374973773956 517.589702606201 593.958200454712 509.4951171875 628.847476959229 619.07052230835 607.80082321167 683.321319580078 586.902122497559 434.348815917969 453.291961669922 603.704971313477 519.687297821045 490.224761962891 515.020530700684 627.639083862305 612.231273651123 514.147705078125 665.750778198242 600.456105560064 565.017601013184 524.76350402832 571.846280753613 759.89653301239 841.090690612793 590.236850738525 834.501876831055 546.795623779297 637.670045375824 475.234680175781 554.808641433716 480.657905578613 508.533081054688 543.946422576904 485.475395202637 519.687019348145 571.062911987305 565.216557502747 824.804244995117 802.713502883911
713.362197875977 722.948547363281 666.845520019531 599.707420349121 466.095369696617 449.377532958984 615.516593933105 544.552117824554 401.684631347656 413.283401489258 673.796272277832 482.638275146484 509.08296585083 589.011085510254 614.654609680176 499.734550476074 558.708381652832 619.708160400391 584.20104598999 481.609214782715 595.197151184082 585.666065216064 707.596267700195 552.300936698914 619.26441192627 520.282147407532 535.858791351318 632.070083618164 534.463619232178 321.801712036133 566.861698150635 526.624336242676 495.56925201416 514.208984375 560.828054428101 658.797592163086 589.407751083374 605.836061477661 772.477600097656 642.137466430664 550.017871856689 494.50260925293 420.527877807617 449.673553466797 613.515995025635 603.055896759033 619.750230789185 584.001633882523 530.214485168457 397.561645507812
640.372756958008 523.129146322608 621.253448486328 436.86376953125 683.150238037109 576.137199401855 413.699531555176 493.762882232666 423.374290466309 523.310497283936 466.86922454834 460.006172180176 705.057037353516 660.263450622559 759.612503051758 583.268781661987 657.490829467773 594.193893432617 448.914611816406 611.46422958374 547.121574401855 630.63932800293 464.427742004395 637.214195251465 518.234561920166 491.900096893311 442.446022033691 436.567848205566 527.389098644257 604.23454284668 429.736534118652 454.276268005371 389.7109375 493.929847717285 500.775543212891 535.937030792236 567.7021484375 697.235977172852 676.047302246094 554.848562240601 487.341400146484 498.809020996094 533.687728881836 555.171018600464 454.74324798584 679.000595092773 610.328479290009 516.600456237793 523.181663513184 511.316268920898
609.640159606934 684.228668212891 590.572341918945 536.861704826355 486.393558502197 656.989418029785 657.050521850586 484.09045791626 556.049604415894 508.731323242188 472.995109558105 517.755031585693 521.637027740479 552.389038085938 657.756113052368 730.368553161621 539.905330657959 661.855293273926 570.379077911377 465.376945495605 266.031982421875 515.735389709473 679.233413696289 667.385063171387 638.393455505371 585.649887561798 610.795257568359 634.899909973145 478.334457397461 527.929480552673 510.659370422363 489.384243011475 514.857719421387 488.39469909668 527.170810699463 653.867477416992 381.154693603516 744.042633056641 458.762275695801 654.698974609375 600.075771331787 572.954241275787 712.443389892578 458.14274597168 495.23511505127 607.208862781525 705.995872497559 760.618759155273 599.408358573914 639.232681274414
659.339202880859 652.404739379883 581.821949005127 530.438844680786 489.496761322021 701.820510864258 567.191112518311 461.675086975098 442.53759765625 534.158845901489 557.727353811264 582.752325057983 452.633544921875 554.813568115234 695.120697021484 795.307067871094 666.21249961853 668.410688400269 700.574527740479 554.666328430176 564.795727491379 441.797698974609 650.426597595215 607.20728302002 447.873779296875 487.897354125977 675.20352935791 626.337364196777 625.960678100586 685.566719055176 452.580055236816 500.044868469238 644.618301391602 368.7060546875 570.731118202209 628.740005493164 494.050073623657 665.736511230469 530.085746765137 539.062131881714 609.669750213623 636.645614624023 594.547687530518 452.091583251953 645.61646270752 695.321838378906 666.190773010254 577.402499198914 668.497283935547 690.326156616211
727.532424926758 646.063720703125 580.001178741455 498.835823059082 598.909435272217 500.327320098877 565.172389984131 476.645568847656 382.284362792969 475.101486206055 545.61040687561 610.003086090088 518.726543426514 663.836524963379 572.079051017761 553.873207092285 578.122304916382 743.217864990234 797.670791625977 647.769016265869 478.860809326172 577.118967056274 718.559567689896 723.508441925049 652.416634559631 500.004318237305 614.931903839111 561.632435441017 554.299738883972 543.469932556152 575.537782669067 529.463468551636 474.108825683594 400.147476196289 548.540124416351 448.82275390625 562.107441186905 566.201690673828 498.572410583496 609.244136810303 700.941497802734 522.857627868652 526.660543441772 582.185960769653 618.961750030518 628.07283782959 726.167144775391 530.987396240234 596.440803527832 778.27214050293
603.642784118652 670.170471191406 639.030090332031 524.451023101807 570.416110992432 585.162973403931 379.214004516602 441.450408935547 626.209770202637 512.780529022217 626.833168029785 482.968620300293 601.844024658203 521.428043365479 672.41397857666 676.901504516602 633.818923950195 614.329814910889 618.251748085022 502.4990234375 624.352083206177 470.80632019043 720.818916320801 731.106353759766 576.929748535156 709.019320487976 495.953033447266 567.744831085205 587.97474861145 560.526650905609 701.182189941406 633.060997009277 631.523071289062 587.104019165039 636.596603393555 410.288955688477 575.130928039551 591.002105712891 625.795215606689 583.556419372559 522.774627685547 640.319816589355 661.187484741211 626.907215118408 661.889656066895 659.255928039551 595.585891723633 677.915534973145 630.862464904785 656.795677185059
516.817296743393 518.332750320435 429.214248657227 605.303604125977 502.931880950928 571.824380874634 410.817962646484 470.905601501465 448.96704864502 272.080474853516 632.748378753662 603.410472869873 542.348720550537 564.925731658936 550.458253860474 627.229111731052 620.115503311157 741.524337768555 512.852761745453 670.399178266525 728.770957946777 649.599006652832 605.292081832886 679.86937713623 542.367319107056 567.834602355957 750.566224575043 816.112380981445 657.587440490723 694.069625854492 612.119583129883 738.344512939453 522.840734481812 512.806838989258 557.965737342834 462.6591796875 605.844554901123 746.669235229492 704.037780761719 657.450174331665 558.04381942749 520.237133026123 599.882049560547 535.972309112549 603.976818084717 463.133201599121 774.115539550781 702.372840881348 629.597645759583 508.069290161133
507.755928039551 610.762519836426 528.239305496216 439.677772521973 644.80005645752 555.539777755737 599.990032196045 484.745185852051 447.837554931641 619.368827819824 634.994651794434 488.124389648438 540.197174072266 595.670162200928 574.808911323547 596.775657653809 710.95866394043 567.786128997803 804.529174804688 588.812808990479 744.467971801758 399.460113525391 620.814350128174 524.679336547852 683.840799331665 715.438842773438 587.419055938721 653.037229537964 562.281761169434 606.362989425659 582.089279174805 513.227947235107 450.696907043457 640.444023132324 580.826717376709 514.148448944092 469.445434570312 551.508075714111 642.03980255127 623.259197235107 632.041400909424 625.461875915527 571.239827156067 414.737655639648 541.912029266357 623.832067489624 669.067993164062 493.588241577148 605.046069145203 614.164356231689
425.897964477539 548.716244697571 629.861198425293 433.632080078125 480.141723632812 519.139492034912 565.251678466797 488.24097442627 561.095752477646 544.371483802795 493.760131835938 639.416976928711 576.356647491455 530.776321411133 624.297756195068 735.270065307617 641.45662689209 578.395320892334 588.203288555145 532.362995147705 541.970325469971 559.485389709473 669.086502075195 587.342345476151 631.969401836395 737.745445251465 791.705375671387 721.20442199707 640.270292282104 594.494113683701 605.055068969727 676.718658447266 688.046875 673.49739074707 452.780921936035 575.931676864624 476.954231262207 530.003814697266 707.930328369141 702.520225524902 570.772925376892 680.860946655273 464.210754394531 595.203144073486 570.279739379883 605.154722213745 499.358871459961 609.648780822754 619.839330196381 583.888646125793
585.096218109131 491.612670898438 563.160438537598 501.840061187744 440.579124450684 534.39608001709 480.628715515137 578.871947288513 581.797737121582 638.764236450195 510.983043670654 690.265190124512 669.082733154297 609.499496459961 593.222471237183 608.241916656494 557.807029724121 543.665454864502 586.253938674927 751.583908081055 644.651596069336 586.553516387939 565.013139724731 552.612930297852 434.18522644043 644.491606712341 825.141670227051 641.567079544067 783.423629760742 706.188873291016 559.764833450317 426.401763916016 694.895164489746 456.724876403809 607.722549438477 650.452545166016 716.884002685547 618.578792572021 543.861045837402 574.184242248535 609.647932052612 531.058654785156 536.048118591309 649.533084869385 560.056945800781 594.832935333252 585.133246421814 516.943492889404 578.980281829834 595.616044998169
534.614951133728 406.969024658203 548.390652418137 393.628662109375 564.880035400391 660.12036895752 598.641044616699 567.513772010803 579.90585899353 593.009418487549 640.306999206543 623.977653503418 527.108009338379 581.221031188965 490.102478027344 688.96736907959 645.09224319458 610.215507507324 682.215072631836 612.999835968018 525.488304138184 513.510292053223 519.048336029053 504.693023681641 547.202674865723 668.406181335449 682.709243774414 650.30287027359 737.847778320312 612.751034736633 699.598243713379 644.680076599121 552.451290130615 473.970436096191 632.127292633057 459.021728515625 713.910293579102 649.64213180542 739.468521118164 632.909965515137 575.121766090393 441.97314453125 550.919235229492 635.828692317009 626.538634538651 422.677429199219 596.430583953857 696.58568572998 620.337049484253 554.330219268799
493.068561553955 502.181373596191 577.754795074463 472.425354003906 588.693702697754 413.023406982422 703.205062866211 588.348192214966 689.381645202637 630.370109558105 634.223175048828 598.376054763794 708.716888427734 562.934131145477 608.390811920166 533.699687957764 538.006416320801 737.082000732422 692.686172485352 589.31236410141 665.764442443848 556.184598922729 517.563819885254 481.650398254395 573.682389259338 527.952774047852 440.574401855469 935.907241821289 765.468101501465 695.613967895508 788.997489929199 738.412559509277 586.886901855469 615.111413955688 626.286289215088 662.757316589355 586.13774394989 669.562210083008 542.866012573242 546.639221191406 670.911972045898 603.325573444366 478.631210327148 495.383293151855 379.592498779297 468.470489501953 404.2314453125 606.049747467041 620.721035480499 525.503112792969
577.00842666626 590.670803070068 580.058448791504 690.96696472168 505.885391235352 546.562503814697 649.312683105469 694.418144226074 662.65845489502 786.969818115234 674.888046264648 766.83024597168 597.792963027954 422.424392700195 611.814235687256 556.095545768738 638.511749267578 615.794874191284 686.963607788086 587.321268081665 617.064430236816 618.693183898926 587.207293272018 549.230157852173 452.831466674805 596.948142111301 738.766593933105 645.966976165771 686.092430114746 748.662484169006 693.865608215332 643.231427192688 677.021680593491 663.175889015198 770.871788024902 641.105388402939 622.50449180603 626.315620422363 491.260238647461 501.047927856445 460.485733032227 596.689281463623 611.214502334595 627.05024433136 537.354248046875 614.806308031082 552.080039978027 483.398979187012 671.251903533936 754.921951293945
617.454319000244 628.392158508301 523.95609664917 589.955377578735 469.815284729004 654.803436279297 554.921062469482 623.330078125 585.951554298401 735.959564208984 620.544654846191 461.158966064453 589.19677400589 602.835922241211 678.628143310547 696.278091430664 746.150177001953 439.373336791992 542.941719055176 580.274410247803 565.347667694092 712.862510681152 512.870361328125 421.893188476562 645.466228485107 622.473337173462 615.012582778931 602.865287780762 694.176902770996 636.632530212402 776.92879486084 746.468849182129 857.605072021484 751.032943725586 737.25704574585 664.282156825066 805.281555175781 482.813323974609 460.181457519531 706.836044311523 567.74536895752 468.884246826172 820.444396972656 472.219146728516 663.49063873291 556.817604064941 574.027362823486 647.972593307495 526.759147644043 617.551426172256
553.453165054321 736.360153198242 753.129257202148 454.589042663574 476.078651428223 437.888229370117 513.362674713135 469.860084533691 651.195808410645 710.086303710938 587.640794754028 464.202033996582 615.520420074463 512.315841674805 413.490432739258 559.961998939514 522.760639190674 675.728698730469 685.710800170898 534.143615722656 540.063663482666 605.582931518555 583.918867111206 483.394882202148 550.124015808105 648.608707427979 601.889506340027 883.538543701172 702.059898376465 587.625228881836 710.233993530273 639.260007858276 708.427921295166 524.068496704102 533.09400177002 593.260852813721 650.273124694824 612.561374664307 489.541107177734 664.515020608902 668.48157119751 653.249588012695 690.194702148438 773.099678039551 827.589233398438 674.092578887939 650.126518249512 659.318790435791 576.09330368042 628.749847412109
381.016632080078 411.319641113281 476.48356628418 739.951614379883 402.172332763672 428.966186523438 459.612030029297 507.553855895996 571.348748207092 510.318660736084 565.794787406921 461.089851379395 630.465293884277 482.839378356934 582.45975112915 650.3720703125 428.855651855469 670.142753601074 651.320281982422 650.249061584473 732.19921875 607.137773513794 599.162580966949 653.866025924683 528.941223144531 534.479598999023 606.169994354248 863.986328125 597.455082893372 560.702417373657 708.753520965576 611.477731704712 763.597259521484 883.898101806641 602.880769729614 541.228099822998 724.136032104492 368.04443359375 504.7099609375 488.993087768555 637.407203674316 710.771118164062 635.937485694885 844.236001968384 732.42444896698 398.406860351562 568.414703369141 598.117906570435 709.428779602051 642.522998571396
586.357488632202 410.651229858398 537.88542175293 445.361801147461 563.40291595459 452.421432495117 480.820930480957 603.278121948242 578.277185440063 671.597709655762 437.008392333984 460.942710876465 471.376930236816 605.569620132446 402.409652709961 755.849182128906 484.006820678711 573.454797744751 480.241386413574 637.829956054688 562.452084064484 561.083156585693 532.4035987854 561.491802215576 661.1891746521 529.687950134277 666.107639312744 695.793060302734 647.635668516159 559.761882781982 694.262306213379 774.475921630859 736.915939331055 720.876483917236 790.962814331055 783.85400390625 707.794494628906 629.505855560303 616.35032081604 593.620014190674 545.985824584961 619.813110351562 511.273155212402 751.241317749023 876.082717895508 633.095154762268 647.97527885437 605.95161819458 715.920562744141 884.879440307617
601.864414215088 423.121452331543 624.614151000977 468.757865905762 530.490280151367 460.158210754395 526.933322906494 553.959669589996 618.356777191162 571.574210166931 573.12127828598 512.620716094971 532.212863922119 537.106803894043 532.449745178223 593.1077003479 694.624603271484 462.050712585449 537.256774425507 673.060272216797 550.589508056641 738.335357666016 607.585369110107 684.999206542969 337.959411621094 519.603866577148 542.156936645508 607.89271068573 703.27611541748 621.693120956421 480.561836242676 585.298121809959 630.89771270752 653.575687408447 541.438850402832 641.953477859497 569.425472259521 540.616172790527 698.897407531738 676.164855957031 658.234943389893 666.762004852295 738.01097869873 629.170640468597 690.688369750977 630.312537401915 631.1907954216 570.680194854736 688.411064147949 760.822189331055
378.095886230469 332.058944702148 598.792663574219 555.976153582335 605.935523986816 465.267242431641 503.98717880249 594.747997283936 554.651054382324 610.612106323242 660.897430419922 600.804454803467 524.277271270752 653.224540710449 550.796943664551 584.143178939819 569.587503433228 648.95140838623 592.687740325928 480.784248352051 719.288635253906 717.069061279297 674.428581237793 568.27272605896 499.575332641602 436.712829589844 622.020071029663 628.903722286224 534.03840637207 741.77018737793 517.365951538086 603.199533522129 416.971694946289 500.655006408691 668.645164489746 690.620346069336 548.922626495361 682.815483093262 796.559036254883 638.748615264893 620.742243766785 651.920068740845 617.195339202881 613.892817497253 645.931352615356 579.341934204102 588.668085098267 541.992671966553 819.447463989258 641.493837833405
512.909168243408 509.38399887085 554.224509954453 463.393974304199 550.957203626633 377.290588378906 464.52375793457 541.892170906067 547.662325918674 441.075469970703 594.079639434814 616.955013275146 609.869087219238 632.293060302734 491.088256835938 597.432075500488 573.748498916626 478.16234588623 590.873554229736 694.775802612305 714.321273803711 572.338694572449 543.781112670898 626.231212615967 715.904800415039 570.353267669678 633.262626647949 642.566329956055 491.177574157715 545.509613037109 520.863098144531 554.569906234741 484.733863830566 488.354202270508 659.479496002197 449.147994995117 779.960464477539 583.967090606689 661.453067779541 709.59220123291 637.654807329178 558.329612731934 612.564250946045 689.600112915039 732.730506896973 627.198865652084 721.741989135742 620.408531665802 678.674728393555 745.866104125977
