export/dem/dem89.asc
NCOLS 350
NROWS 171
XLLCORNER 152620
YLLCORNER 418050
CELLSIZE 100
NODATA_VALUE -9999
[rows 66 to 87 of 171, columns 250 to 299 of 350]
599.025032043457 588.510623931885 532.388137817383 534.350746154785 600.939399719238 679.553722381592 604.847957611084 630.840860366821 730.315994262695 637.321145921946 637.042778015137 730.886074066162 655.260660171509 712.059883117676 621.534027099609 597.202743530273 495.165725708008 533.753341674805 595.546714782715 568.688987731934 659.705430984497 677.380313873291 753.543590545654 653.058132171631 805.570129394531 643.240119934082 691.716341972351 659.934217453003 597.893096923828 768.942569732666 740.08909034729 756.092830657959 681.628807067871 649.498245239258 691.478855133057 690.701244354248 646.025451660156 761.587726593018 843.976272583008 874.278259277344 709.709129333496 663.883949279785 792.857780456543 623.48974609375 709.076755523682 727.429943084717 673.307991027832 737.715799331665 752.796988487244 668.149124145508
605.15856552124 661.152528762817 671.691116333008 524.541442871094 636.93096446991 569.95166015625 674.620151519775 695.494792938232 748.222923278809 727.983665466309 632.900375366211 387.284576416016 645.089883804321 773.710327148438 525.382949829102 467.742950439453 532.092041015625 619.851196289062 635.235336303711 697.371471405029 810.278350830078 619.608520507812 784.841796875 737.093757629395 784.252388000488 691.004738330841 673.910623550415 842.743041992188 783.054008483887 566.394760131836 689.458297967911 789.523376464844 595.033332824707 583.809295654297 581.814041137695 737.229605674744 732.507426261902 651.804061889648 827.485977172852 670.762908935547 983.056465148926 989.821846008301 782.060531616211 718.468883514404 717.252372741699 774.502862930298 522.130844116211 700.015357971191 785.060404777527 714.331279754639
691.964088439941 630.973968505859 631.04912853241 740.819297790527 589.757328033447 537.198844909668 666.315727233887 620.535924911499 757.598648071289 733.952499389648 697.294822692871 585.788932800293 585.502388000488 641.514324188232 562.675750732422 555.975997924805 696.035888671875 768.708282470703 711.271366119385 743.848867416382 787.773727416992 608.277946472168 678.260334014893 812.728157043457 756.093502044678 760.701148986816 677.069358825684 643.194522857666 649.749053955078 808.596084594727 737.742211341858 757.455711364746 666.077514648438 682.062866210938 758.198036193848 757.688926696777 736.087291717529 746.003938674927 796.429573059082 763.759386062622 591.048065185547 713.234659194946 1042.25625610352 1338.04610443115 788.876953125 928.398849487305 645.505561828613 585.428207397461 694.937202453613 751.101202011108
749.891510009766 700.458179473877 675.924823760986 618.944110870361 515.626007080078 540.452178955078 638.65052819252 724.182495117188 725.932228088379 699.111698150635 623.903953552246 543.676651000977 665.371152758598 562.681175231934 610.856399536133 498.011489868164 605.582847595215 759.885917663574 652.009662628174 665.522998809814 749.65389251709 617.822677612305 642.618307113647 708.180692672729 687.023748934269 735.962108612061 759.118118286133 689.138255357742 662.223529815674 720.885884284973 740.759426116943 752.783256530762 719.886194229126 738.291641235352 692.119741439819 771.929183959961 784.332389831543 780.885562896729 623.173431396484 825.722106933594 876.55785369873 907.129409790039 748.867164611816 773.076244354248 733.911972045898 1321.8118057251 620.041854858398 578.993751525879 523.399612426758 768.791810169816
485.683197021484 573.29426574707 627.038349151611 551.543914794922 729.728630065918 644.365304946899 598.33939743042 622.871398925781 762.233673095703 489.911209106445 510.875030517578 677.14001083374 564.817420959473 469.884658813477 762.841033935547 584.963584899902 743.851638793945 668.723677635193 729.098667144775 739.960319519043 831.483612060547 666.576456069946 714.831600189209 627.089988708496 699.89123916626 659.721342086792 621.552360534668 465.307540893555 597.658935546875 724.886194229126 811.691558837891 675.113599777222 704.447657495737 617.638359069824 672.480781555176 691.823547363281 486.368957519531 693.659214019775 803.716377258301 756.522065162659 896.819717407227 680.987022399902 844.120628356934 711.849733352661 661.468894958496 696.229125976562 907.705808639526 989.644943237305 757.683609008789 644.293952941895
579.79761505127 571.211460113525 569.115493774414 741.30061340332 683.887474060059 577.502250671387 618.771763801575 597.282646179199 560.954864501953 475.273330688477 483.081527709961 401.975860595703 578.053955078125 589.63695526123 531.63484954834 661.015243530273 671.270797729492 685.084939956665 750.23770904541 717.870864868164 698.169120788574 785.531509399414 733.840991973877 720.486749649048 761.029003143311 726.479166030884 548.477111816406 727.745588302612 653.667112350464 696.900574445724 588.517097473145 769.666103363037 696.227694511414 739.82276725769 749.766082763672 695.892765045166 755.709148406982 678.821674346924 781.400859832764 921.31819152832 707.087772369385 788.21004486084 797.159161567688 902.575965881348 604.06224822998 1147.5814781189 597.036254882812 595.555419921875 610.201324462891 485.578399658203
558.720588684082 592.53364944458 719.109252929688 639.343744754791 764.116416931152 726.312280654907 692.50438117981 567.329078674316 599.262962341309 639.550874710083 623.417736053467 648.869032859802 693.00284576416 790.427719116211 803.099266052246 634.358345031738 637.764170646667 656.061311244965 705.576648712158 577.569694519043 656.676727294922 725.329965591431 571.150672912598 518.386215209961 677.048254966736 636.187892913818 671.834812164307 739.322074890137 613.59049987793 720.173843383789 654.834577560425 702.525059223175 775.248947143555 820.653701782227 759.95288848877 686.835384368896 773.364730834961 898.519775390625 648.954475402832 563.777770996094 570.829727172852 1265.21162796021 717.041816711426 850.801956176758 653.515724182129 881.410139083862 706.635513305664 654.776077270508 644.582130432129 565.034622192383
767.268478393555 462.142761230469 865.594345092773 839.688980102539 797.689224243164 694.26296210289 800.613967895508 754.942928314209 722.317276000977 668.776082992554 664.050350189209 670.557470321655 556.014366149902 575.623527526855 768.412990570068 812.170761108398 648.71250629425 555.63631439209 585.739395141602 694.654724121094 574.139114379883 616.078693389893 623.259017944336 611.970031738281 700.95672416687 673.362491369247 668.695869445801 630.609840393066 511.145584106445 866.606735229492 738.88159942627 707.438652992249 778.05249786377 815.535438537598 705.77299118042 750.458127975464 671.601886749268 832.976623535156 598.745750427246 708.920579910278 793.873344421387 664.067245483398 867.931935310364 1256.99370574951 753.207824707031 850.343647003174 599.342407226562 813.581087112427 863.468536376953 537.522216796875
618.708127975464 523.231643676758 465.56810760498 747.054641723633 528.454704284668 625.019065856934 868.86474609375 779.056571960449 764.927711486816 709.310682296753 708.393814086914 623.380729675293 663.840631484985 668.143350601196 712.2073097229 521.603744506836 709.877265930176 511.461563110352 721.783157348633 574.647872924805 591.950576782227 720.11988067627 624.315990447998 601.126190185547 586.712631225586 837.304168701172 761.927803039551 617.540161132812 536.473281860352 823.623916625977 841.570129394531 666.073274612427 811.946594238281 734.165420532227 805.58024597168 758.278457641602 694.995239257812 835.261810302734 718.733270645142 594.851676940918 628.488338470459 975.963822364807 684.158199310303 954.2548828125 937.415519714355 789.078927993774 931.643852233887 639.582595825195 704.076675415039 874.308822631836
699.858737945557 433.875869750977 599.330852508545 666.869239807129 676.953628540039 644.427875518799 682.467136383057 766.818618774414 738.338166952133 748.69572019577 761.471476554871 676.243942260742 709.432155609131 766.41194152832 634.985301017761 926.310028076172 608.920707702637 661.612712860107 518.811492919922 682.432331085205 513.490463256836 681.029785633087 534.030517578125 682.401267051697 878.921325683594 667.889660596848 682.425965309143 728.247158050537 609.392631530762 639.437042236328 660.247182846069 803.383567810059 655.787246704102 615.010871887207 796.698760986328 764.449329376221 595.021408081055 851.998924255371 795.5715675354 820.979080200195 791.26774597168 846.587387084961 804.545776367188 738.46745300293 681.151870727539 1053.14376449585 807.046676635742 709.696968078613 856.024063110352 836.481079101562
732.613075256348 754.862747192383 729.344055175781 518.638076782227 697.685806274414 473.38850402832 597.146625995636 732.577618360519 806.104011535645 812.945251464844 806.950225830078 756.025779724121 657.913565158844 647.007144927979 596.212055206299 760.129997253418 505.537322998047 516.920837402344 479.515762329102 485.60173034668 714.144546508789 687.513137817383 656.898067474365 633.079383850098 727.040706634521 814.464889526367 595.670219421387 659.843622207642 609.043586730957 659.559410095215 609.287410736084 821.800933837891 753.115005493164 752.910305023193 918.702606201172 738.717924118042 775.734864234924 765.884490966797 681.507455825806 796.046165466309 806.28849029541 704.965530395508 779.452835083008 788.741191864014 864.610683441162 719.419328689575 672.369262695312 783.361660003662 680.93196105957 659.872970581055
588.747734069824 744.841255187988 475.757141113281 482.784088134766 786.923873901367 706.281098842621 558.688671112061 626.477453231812 884.928283691406 921.272125244141 665.591110229492 632.365482330322 594.243515014648 456.253829956055 700.61224937439 473.670959472656 739.667144775391 745.42017364502 624.736701011658 449.240371704102 462.022491455078 740.997411727905 618.279571533203 576.545989990234 786.095367431641 564.517211914062 596.246109008789 675.679911613464 726.803894042969 701.274404883385 514.191482543945 597.548896789551 705.709770202637 688.141537666321 820.228324890137 790.768070220947 787.473400115967 789.851089477539 583.53150177002 723.488803863525 930.336166381836 731.432746887207 609.183135986328 956.263458251953 742.94743347168 735.403709411621 762.540115356445 681.117965698242 856.74584197998 1094.29653930664
556.905891418457 602.605138778687 594.246685028076 738.749328613281 553.329383850098 616.304443359375 562.422622680664 583.420003890991 820.945220947266 631.67017364502 719.195816040039 617.263565063477 696.527967453003 746.358051300049 733.187431335449 487.598083496094 652.133316040039 690.417682647705 816.745758056641 728.131298065186 759.418168067932 522.731292724609 675.575176239014 469.795654296875 559.268135070801 475.305725097656 687.781497716904 446.79248046875 648.212783813477 692.034688949585 476.516448974609 590.585792541504 678.430610656738 852.309417724609 720.758972167969 804.992294311523 731.60861825943 700.386905670166 645.109844207764 798.170787811279 602.526237487793 1202.66014480591 992.002182006836 737.097999572754 693.248794555664 700.99976348877 741.373046875 844.584426879883 1187.20593261719 842.08772277832
575.840217590332 495.149368286133 588.403427124023 665.686220169067 655.380913734436 610.743209838867 743.531074523926 601.388454437256 804.193084716797 721.082368850708 748.981749722734 749.331579208374 639.641164422035 633.703971862793 904.974578857422 728.141376495361 658.268932342529 663.193819522858 647.596168518066 813.37760925293 791.00798034668 711.861604690552 741.610576629639 553.417938232422 593.535720825195 539.695648193359 585.769805908203 580.710807800293 579.48314666748 563.601524353027 602.858215332031 633.1374168396 897.623825073242 535.277038574219 628.554374694824 664.26114654541 685.647495269775 626.408800125122 590.101036071777 852.483407974243 633.850259780884 859.748073577881 1005.89584350586 849.621925354004 981.96110534668 712.489280700684 894.888916015625 734.087265014648 706.370246887207 740.589485168457
487.950332641602 733.157676696777 683.812473297119 543.948616027832 648.608825683594 638.031694412231 681.442472457886 811.02685546875 726.026908874512 718.019241333008 765.823207855225 789.858627319336 717.793710231781 543.795852661133 538.634384155273 599.586177825928 788.732940673828 685.720595836639 649.838401794434 618.690338134766 754.696853637695 650.933030128479 379.936447143555 856.695098876953 567.868789672852 546.105972290039 575.17308807373 701.055511474609 476.24674987793 624.755589485168 776.146148681641 689.919498443604 651.962013244629 703.706066131592 624.482307434082 715.036289215088 618.010315895081 555.623306274414 691.797510147095 779.430206298828 734.666400909424 725.102584838867 684.711853027344 1065.28102874756 602.45344543457 771.112243652344 1118.88464355469 551.88346862793 641.038619995117 576.658630371094
715.276466369629 721.186996459961 638.515089988708 687.076908111572 693.394462585449 618.571985244751 961.693786621094 734.436042785645 744.108207702637 799.673919677734 725.10962677002 733.736595153809 765.084030151367 592.315650939941 585.408142089844 613.031055450439 687.17391204834 735.938259124756 572.406616210938 593.925415039062 565.849433898926 559.997688293457 492.621002197266 692.759485244751 630.807018280029 529.641296386719 516.996551513672 581.675430297852 638.818309783936 686.996185302734 635.33980178833 560.948577880859 771.361213684082 704.710940897465 620.64372253418 667.949371337891 511.905166625977 666.766736984253 706.651724815369 665.421524047852 805.904067993164 825.873302459717 626.535362243652 498.651977539062 836.961784362793 520.493347167969 947.615264892578 611.82568359375 620.648193359375 666.979278564453
594.8779296875 605.071607589722 711.835784912109 593.206686019897 757.864845275879 680.945831298828 702.965381622314 877.012405395508 798.800827026367 761.297561645508 812.839889526367 875.351470947266 660.702537536621 664.241436004639 524.205307006836 596.945117950439 590.903350830078 777.524688720703 517.690246582031 719.278095245361 669.407297134399 629.452278137207 626.998584747314 820.694374084473 585.729835510254 605.967197418213 542.683822631836 748.25940322876 750.044586181641 741.496585845947 748.903266906738 647.056415557861 787.234664916992 815.069709777832 614.468547821045 685.376955032349 630.983993530273 522.885162353516 672.821935653687 696.65877532959 691.268333435059 791.409637451172 584.589393615723 829.668762207031 742.525604248047 662.332733154297 674.070686340332 704.717674255371 632.796295166016 920.094879150391
712.344772338867 636.297904968262 543.974796295166 507.726982116699 881.924423217773 743.818496704102 826.488143920898 764.593299865723 725.78197479248 715.778285980225 728.16561126709 716.040138244629 730.045036315918 508.043960571289 627.527233123779 519.285957336426 665.121971130371 609.258499145508 497.166618347168 633.04451751709 644.849575042725 611.053062438965 636.621307373047 666.190856933594 633.866970062256 733.547613143921 752.438182830811 822.271835327148 717.363809466362 643.701919555664 790.719573974609 562.212303161621 663.684253692627 773.511400699615 628.083385467529 706.885514259338 663.759428024292 691.894874572754 576.777496337891 626.842010498047 676.187255859375 1032.67692565918 449.142761230469 782.511562347412 1021.65013122559 678.647727966309 976.942924499512 618.502136230469 540.588592529297 709.192558288574
837.550537109375 708.784767150879 615.870494842529 730.616241455078 592.640922546387 745.88582611084 716.453437805176 754.420791625977 692.625770568848 731.312728881836 768.39892578125 872.730010986328 748.36499786377 1009.85769367218 895.108192443848 580.166366577148 708.012634277344 505.99446105957 624.714550018311 639.975475311279 613.09245300293 732.364898681641 702.639936447144 798.023696899414 471.854606628418 628.170204162598 568.113243103027 771.688446044922 710.134962081909 645.019996643066 643.653282165527 690.845500946045 614.495140075684 694.479228973389 759.507892608643 643.571543216705 646.476715087891 667.44709777832 704.47651052475 700.847259521484 729.380615234375 704.897277832031 587.984069824219 589.360000610352 793.356048583984 838.406211853027 593.166381835938 726.665939331055 640.81266784668 578.32746887207
760.321647644043 672.38095664978 590.086875915527 779.37060546875 658.072387695312 587.235988616943 793.706100463867 668.093595504761 693.543323516846 638.6978931427 724.772750854492 641.442435264587 581.152839660645 818.098966598511 715.75269317627 584.310813903809 684.866728782654 587.189754486084 641.094879150391 646.144454956055 647.832397460938 701.198609352112 610.130867004395 699.150332450867 715.439921855927 604.981979370117 711.471129417419 697.207509040833 727.864189326763 814.667854309082 662.591989517212 667.480098724365 738.140018463135 780.176345825195 728.513376235962 653.971355438232 626.322444915771 498.900978088379 490.045745849609 903.48851776123 1281.89274597168 568.516487121582 1018.02237701416 736.819847106934 557.784660339355 761.544664382935 613.98681640625 597.366882324219 498.588348388672 846.35107421875
636.423372268677 737.956588745117 644.264445304871 713.880668640137 668.619342803955 638.961055278778 714.594520568848 617.613361358643 577.25528717041 608.627674102783 733.270706176758 692.894275665283 752.9134349823 483.443115234375 547.368812561035 714.068139791489 742.203374862671 743.045417785645 417.959381103516 726.248596191406 675.690925598145 664.791585922241 1305.83144187927 704.320693969727 772.052940368652 636.116357088089 709.426818847656 677.907814025879 588.465873718262 777.174839019775 916.764831542969 698.995567321777 724.530645370483 655.352691650391 617.019920349121 639.637908935547 592.209289550781 666.435760498047 645.707695007324 933.163681030273 628.536178588867 615.130012512207 760.346869468689 1625.32695388794 745.275100708008 1702.13710021973 531.241516113281 520.792724609375 893.105026245117 666.072616577148
1033.20219421387 1016.69734191895 800.774143218994 605.777725219727 785.467742919922 545.396751403809 589.485809326172 617.356748580933 563.449653625488 730.67208814621 671.697406768799 787.200912475586 886.238252162933 660.10090637207 693.849128723145 924.104187011719 1020.17391967773 619.560684204102 664.535083770752 644.134748458862 630.020202636719 771.385559082031 511.738586425781 693.305595397949 804.39323425293 764.079288482666 666.56217956543 637.237354278564 537.543121337891 630.693069458008 713.88264465332 741.023420333862 746.133097171783 659.37979888916 684.727310180664 683.536510467529 600.669006347656 654.480560302734 567.120223999023 657.674468994141 468.232559204102 571.540863037109 790.779037475586 574.304824829102 884.278076171875 962.317367553711 812.820216178894 733.307601928711 602.407073974609 639.364151000977
