export/dem/dem80.asc
NCOLS 350
NROWS 171
XLLCORNER 152620
YLLCORNER 418050
CELLSIZE 100
NODATA_VALUE -9999
[rows 22 to 43 of 171, columns 200 to 249 of 350]
732.694156646729 719.26704788208 866.484649658203 802.718925476074 727.202667236328 671.884767532349 754.664863586426 649.551254272461 633.948127746582 458.486801147461 690.832263946533 594.233695983887 682.309773445129 698.911542892456 622.486610412598 521.722152709961 615.801094055176 736.248092651367 650.955311775208 537.656005859375 881.048065185547 906.870559692383 680.949259281158 630.873931884766 706.946134567261 900.866714477539 795.475311279297 608.615814208984 697.29981470108 702.807750701904 641.14478302002 612.523246765137 683.338451385498 829.82740020752 829.259185791016 735.026496887207 944.544158935547 750.090377807617 859.577011108398 902.983283996582 729.349809646606 709.036926269531 753.170119762421 968.65087890625 845.83162689209 1482.51968383789 802.25609588623 903.425392150879 953.7783203125 877.440125465393
757.59659576416 755.653633117676 709.583992004395 692.810422897339 869.376403808594 644.843326568604 797.318298339844 538.971221923828 605.512992858887 651.839561462402 678.959434509277 633.940095901489 777.517860412598 703.900104522705 676.385871887207 785.854125976562 591.309310913086 614.863632202148 711.914993286133 700.830997467041 815.062408447266 730.829360961914 741.357864379883 804.440490722656 544.47135925293 680.298873901367 790.639710903168 607.56143951416 637.060722351074 557.083297729492 699.731636047363 710.562616348267 623.761177062988 824.467407226562 697.312492370605 777.09273147583 654.50594329834 815.196815490723 808.133945465088 792.324432373047 681.184234619141 744.170471191406 821.460231781006 688.092933654785 949.28882598877 814.086946487427 982.861572265625 932.426654815674 1017.60935974121 1234.87197875977
846.100036621094 703.963737487793 677.232358932495 871.450958251953 740.053588867188 860.866485595703 627.60986328125 606.329315185547 554.764450073242 696.652738571167 766.255615234375 722.913208007812 736.140808105469 706.082452774048 634.059525966644 575.251419067383 751.563652038574 694.342090606689 517.892822265625 689.903831481934 630.068382263184 640.588123321533 754.366760253906 748.489967346191 820.004196166992 666.412857055664 802.483520507812 948.017776489258 701.213656038046 651.539121627808 775.957992553711 558.299362182617 771.956687927246 742.990967452526 843.166603088379 848.353439331055 810.421207427979 801.504991531372 822.22053527832 817.771476745605 733.5006980896 795.410187721252 859.590896606445 773.268932342529 714.446403503418 794.145751953125 895.322807312012 1007.72372436523 957.185905456543 760.569755554199
636.32546043396 650.951009750366 695.472503662109 618.87452507019 917.958801269531 660.644569396973 655.028896331787 668.685459136963 857.35173034668 634.689888000488 707.789031982422 756.576599121094 672.879976272583 597.14323425293 576.436767578125 650.023307800293 760.196306228638 566.583137512207 659.506196975708 802.748443603516 831.578308105469 842.910842895508 675.297017097473 681.640880584717 691.594842910767 790.548393249512 705.668434143066 638.587493896484 796.852615356445 694.291009902954 782.336570739746 561.190032958984 643.106758117676 839.542541503906 755.868530273438 942.208831787109 850.815299987793 710.0138463974 705.632564544678 765.875230073929 671.719749450684 763.990188598633 941.717971801758 721.907203674316 842.817863464355 865.200390458107 789.61502456665 1024.54776000977 992.93147277832 767.594924926758
714.277069091797 665.534969329834 617.967228889465 610.046726226807 696.679824829102 515.665870666504 655.517356872559 810.885406494141 640.665916442871 590.889095306396 769.290390014648 584.857303619385 650.347373962402 786.245986938477 542.6234126091 679.333480834961 757.615737915039 759.148147583008 675.159301757812 591.299493789673 724.130090713501 742.262344360352 741.522560119629 625.351531982422 770.06135559082 718.885517120361 761.89675951004 864.125473022461 741.699123382568 738.395589828491 666.773342132568 697.64879989624 590.295776367188 736.254667282104 933.790481567383 815.311019897461 762.801656723022 681.456001281738 690.344360351562 659.854850769043 699.723762512207 887.642539978027 680.493881225586 933.79508972168 920.959625244141 796.19580078125 835.225436925888 1057.83360290527 887.875667572021 738.572059631348
439.360290527344 550.809051513672 690.292533874512 520.78833770752 708.797073364258 537.037490844727 688.146865844727 566.313297271729 637.184684753418 640.07788848877 619.022723197937 564.143424987793 537.891235351562 536.753486394882 471.770614624023 620.018363952637 757.563201904297 553.336936950684 588.87964630127 725.107513427734 751.675354003906 697.769622802734 684.230539798737 658.191345214844 740.054210662842 734.090789794922 752.614967346191 680.268830776215 839.411651611328 701.792520523071 668.372222900391 666.227191925049 771.332397460938 953.255218505859 877.688102722168 778.354480743408 853.197479248047 768.800769805908 766.674716949463 942.409194946289 847.899078369141 849.093681335449 849.38208770752 754.728012084961 849.511526107788 827.131502151489 845.477649688721 880.945915222168 999.65837097168 809.541757583618
511.21508026123 713.938018798828 603.764791488647 609.542779922485 673.98152923584 639.824188232422 595.120440483093 572.726152420044 656.574466705322 608.388609409332 553.34827041626 660.485569000244 592.241638183594 695.681076049805 725.27082824707 667.02653503418 771.713119506836 655.861991882324 608.019313812256 599.723443984985 749.313186645508 676.740201950073 775.743476867676 655.610939979553 713.849273681641 695.249141693115 829.574752807617 717.470741271973 664.46951007843 760.583408355713 809.230819702148 644.309997558594 698.968618392944 664.827590942383 778.314315795898 799.069282531738 734.159327507019 790.869930267334 509.240707397461 745.616019248962 699.541370391846 962.034454345703 829.543884277344 783.620456695557 891.710830688477 739.25256729126 888.978351593018 955.170921325684 946.984146118164 919.068077087402
493.809188842773 417.810272216797 385.912475585938 525.229545593262 457.533485412598 687.516555786133 724.109176635742 656.588493347168 482.372032165527 667.942489624023 642.717525482178 742.089241027832 717.260231018066 639.59447479248 669.30101776123 502.454267501831 511.324268341064 608.00993347168 575.565982818604 524.670434951782 728.609268188477 527.605445861816 575.106594085693 774.142555236816 724.3173828125 728.93904876709 796.834800720215 822.823471069336 776.05493927002 684.292699813843 723.123268127441 863.873748779297 836.394592285156 756.614688873291 743.775434494019 730.713441848755 686.709186553955 742.05027961731 639.913558959961 787.955825805664 858.879638671875 846.845680236816 647.359832763672 863.199005126953 708.259262084961 739.644104003906 893.107330322266 805.923345088959 830.967939376831 833.114196777344
528.225067138672 414.998199462891 620.889392852783 511.632278442383 716.885620117188 495.284149169922 558.28564453125 555.247764587402 516.325958251953 644.116451263428 546.946937561035 756.299194335938 612.632829666138 517.487070083618 494.413431406021 664.338851928711 663.054550170898 532.725622177124 451.656173706055 591.499267578125 571.000450134277 642.103354930878 485.090042114258 678.362758636475 853.910736083984 783.778823852539 858.859603881836 666.499884128571 755.466003417969 656.868055343628 658.821536064148 709.338001251221 929.035720825195 810.990753173828 674.46919631958 698.691082000732 694.155029296875 632.03539276123 741.44873046875 827.720321655273 744.072505950928 867.331741333008 854.270698547363 840.690326690674 908.068054199219 721.213966369629 842.25407409668 753.390045166016 855.782394647598 797.7719373703
501.83260345459 475.96337890625 417.224945068359 564.511917114258 557.202648162842 628.512077331543 579.219039916992 702.793670654297 535.661613464355 681.151092529297 590.517137527466 737.838119506836 742.040588378906 602.562519073486 486.605180263519 475.207983016968 536.11302947998 481.765838623047 518.408532619476 554.022064208984 570.575199127197 474.759552001953 497.315292358398 722.092269897461 770.163635253906 838.416412353516 816.9638671875 758.778739929199 757.966773986816 627.941987991333 724.244663238525 708.798631668091 713.686965942383 753.692111968994 682.674734115601 712.234122276306 693.266511917114 688.214860916138 707.5935587883 849.677825927734 758.696197509766 795.153213500977 801.828620910645 711.189701080322 728.357208251953 696.921165466309 673.514015197754 753.901794433594 872.46745300293 662.405609130859
425.37776184082 714.752883911133 532.409090042114 516.597808837891 618.388732910156 461.621574401855 647.053009033203 632.530788421631 744.569931030273 433.464096069336 598.138461589813 753.718017578125 690.784477233887 709.121116638184 465.184448242188 616.482528686523 575.19108581543 734.579986572266 519.683589935303 439.540191650391 589.263324737549 638.507665157318 605.419483184814 523.464126586914 759.962661743164 744.693290710449 632.378591537476 645.773040771484 697.327533721924 720.237644195557 556.46110534668 661.937866210938 717.691284179688 493.165939331055 698.511053085327 567.339027404785 683.189890861511 693.130659103394 749.695919036865 782.616264343262 855.540672302246 850.498008728027 714.457971572876 904.671157836914 740.663254737854 777.321967124939 771.477062225342 859.959953308105 682.224353790283 601.560325622559
532.182548522949 467.420700073242 578.411689281464 501.98609161377 523.17297744751 600.950353622437 535.036804199219 470.546234130859 613.654369354248 501.933372497559 513.234954833984 599.519938468933 591.813375473022 761.873435974121 626.240985870361 475.466621398926 576.311950683594 437.536865234375 561.621269226074 544.035713195801 577.315406799316 601.144882202148 566.586853027344 692.642944335938 727.545448303223 635.648109436035 729.848182678223 557.425918579102 734.27746963501 610.257263183594 572.02872467041 583.119155883789 590.418380737305 763.17798614502 678.70334815979 702.413565635681 625.860977172852 751.663890838623 832.04239654541 851.222305297852 760.079933166504 804.80298614502 940.488998413086 846.841598510742 802.153331756592 897.579116821289 682.481502532959 717.348609924316 674.961685180664 969.879241943359
570.178883552551 578.929622650146 484.124153137207 694.040229797363 720.617080688477 686.420227050781 741.9375 642.711736679077 674.423240661621 699.66332244873 782.447723388672 676.278175354004 696.164005279541 874.901672363281 604.569958686829 456.37287902832 639.750129699707 645.6274061203 620.394207000732 447.947662353516 508.878944396973 646.119588375092 733.638675689697 687.169612884521 665.163562774658 649.033292651176 580.379699707031 678.2942237854 745.71858215332 741.759841918945 618.928024291992 450.169570922852 718.193382263184 703.76197052002 660.322584152222 606.973266601562 637.779014587402 757.763328552246 735.91455578804 863.188003540039 835.453811645508 912.843551635742 825.828475952148 833.308517456055 879.237693786621 887.624778747559 740.400705337524 604.411361694336 832.265014648438 840.972915649414
513.246978759766 399.100509643555 475.692230224609 613.34309387207 558.179521560669 491.509887695312 595.123342514038 614.741348266602 517.126396179199 600.944894790649 717.559833526611 579.808265686035 754.523303985596 720.979404449463 720.362785339355 419.190979003906 561.593341827393 690.590866088867 568.200180053711 634.108602046967 717.59273147583 697.732339859009 754.999031066895 602.141040802002 616.514329910278 658.860408782959 647.719450473785 708.694274902344 541.463226318359 798.462371826172 832.557357788086 713.877239227295 596.146862030029 699.045425415039 618.029441833496 740.863410949707 670.112749099731 664.195068359375 755.587785720825 805.359657287598 855.134246826172 797.5361328125 721.312257766724 757.42455291748 730.324024200439 711.814182281494 743.971203804016 588.678771972656 690.289169311523 890.992828369141
629.126884460449 563.188248634338 635.363235473633 605.119945526123 583.516309499741 469.518859863281 642.459327697754 536.703519821167 647.37077331543 524.224533081055 597.252616643906 1256.19945907593 602.288795471191 688.614070892334 732.883895874023 683.516906738281 742.31103515625 572.389488220215 610.474821090698 607.039995193481 523.87100982666 704.683731079102 691.141452789307 719.665283203125 497.388580322266 660.636083602905 774.258178710938 748.59033203125 747.270393371582 675.648639678955 752.801773071289 814.092529296875 757.371253967285 648.674407958984 650.709014892578 749.587966918945 716.051666259766 707.93843460083 728.947216033936 872.955535888672 850.57307434082 786.256340026855 747.50497341156 773.776638031006 768.878402709961 790.01880645752 763.698648452759 576.937042236328 701.440238952637 796.047481536865
406.020309448242 466.729064941406 546.552131652832 507.275630950928 657.049278259277 553.236335754395 492.59797668457 586.977833747864 636.391326904297 453.36247253418 558.396949768066 1101.87504196167 825.549942016602 779.039612770081 515.823753356934 661.410125732422 595.327686309814 686.927131652832 668.543346405029 507.693695068359 644.132902145386 593.779006958008 577.398338317871 724.632400512695 609.798704147339 729.188888549805 740.294319152832 692.277061462402 707.450569152832 754.086563110352 769.352989196777 575.301429748535 709.078632354736 523.024871826172 640.698755264282 723.918563842773 858.076873779297 782.16512298584 908.935440063477 841.596580505371 727.210205078125 956.61669921875 892.220077514648 675.442119598389 901.225616455078 762.869710922241 648.549995422363 800.595863342285 863.522476196289 697.162220001221
625.298608660698 598.621593475342 495.091468811035 506.787017822266 725.820465087891 608.82429599762 638.39778137207 413.42008972168 587.16053378582 528.09196472168 605.716468811035 599.877187728882 680.339141845703 588.324814319611 661.351913452148 664.178199768066 504.812088012695 614.485680580139 671.356376647949 642.046249389648 564.888492584229 579.998252868652 812.609031677246 802.856170654297 771.932586669922 596.301330566406 553.547225952148 783.568481445312 871.487518310547 785.231918334961 723.111740112305 671.448783874512 778.127349853516 591.034553527832 622.806980133057 638.282752990723 640.398698806763 807.293785095215 714.623456954956 837.355621337891 957.722045898438 851.93000793457 836.662315368652 764.418643951416 623.918998718262 708.309267997742 800.036598205566 755.126476287842 848.604644775391 742.353113174438
507.302223205566 545.120790481567 612.967727661133 579.050868988037 619.192485809326 502.111373901367 481.713325500488 628.61206817627 556.186008453369 553.610763549805 547.769786834717 530.428009033203 584.719353675842 643.378875732422 582.40057182312 692.35977935791 537.257133483887 560.972286224365 581.618015289307 519.803573608398 612.629137039185 626.902878761292 670.409164428711 447.744247436523 673.996631622314 808.51197052002 598.950345396996 634.23276424408 798.023223876953 803.196853637695 736.866912841797 680.316455841064 694.799997329712 732.32942199707 613.461936950684 805.340492248535 585.541435241699 799.918876647949 686.330309867859 669.904163360596 864.925964355469 764.449188232422 865.313446044922 732.971633911133 781.385536193848 884.910369873047 642.501319885254 729.38777923584 815.796371459961 818.048400878906
601.445705413818 620.380596160889 597.033796310425 566.381833076477 538.710048675537 624.565265655518 416.400039672852 372.559326171875 514.533180236816 674.883026123047 639.081130981445 650.291721343994 643.471672058105 568.371547698975 497.915107727051 768.462768554688 621.119309425354 549.90153503418 655.168697357178 743.887115478516 633.43879699707 730.806831359863 574.243186950684 553.726165771484 721.1845703125 671.823799133301 582.357662200928 770.534851074219 727.957397460938 710.248638153076 681.489284515381 652.960977554321 609.154541015625 691.492252349854 649.34080696106 607.868774414062 631.937149047852 765.834243774414 714.288724899292 788.411285400391 746.458908081055 787.715644836426 886.252914428711 727.184497833252 772.018823623657 594.131164550781 697.314832210541 808.723838806152 738.137283325195 809.81462097168
625.712509155273 747.77995300293 592.165100097656 539.298583984375 489.203659057617 382.161834716797 523.881694793701 426.249481201172 600.636083602905 615.205274581909 658.61595916748 690.953956604004 692.424850463867 641.058502197266 656.929492950439 476.963470458984 562.59956741333 626.676895141602 700.05842590332 630.854600906372 709.78540802002 647.270721435547 529.15372467041 668.270389556885 582.067237854004 624.55523109436 604.758014678955 615.961108207703 681.227916717529 680.063987731934 767.944061279297 704.854488372803 776.809020996094 725.161521911621 779.964508056641 541.256340026855 688.64045715332 691.453167438507 623.54186630249 761.225433349609 690.652631759644 605.432907104492 749.650897979736 727.767911911011 740.876289367676 697.078316688538 778.549858093262 636.736038208008 793.50691986084 765.001808166504
491.727172851562 652.925987243652 511.968507766724 669.365180969238 639.055820465088 692.732574462891 636.537185668945 459.143585205078 496.433128356934 492.658348083496 665.444320678711 632.472999572754 524.844223022461 678.526657104492 631.128177642822 803.404998779297 509.443412780762 613.553795814514 538.209850311279 557.860706329346 618.543853759766 501.195960998535 683.838928222656 731.451217651367 621.599549293518 474.221130371094 727.762649536133 640.700047492981 551.356239318848 681.709384918213 685.218005180359 703.384658813477 655.154512405396 645.159139156342 518.849258422852 583.44270324707 630.993335723877 704.88285446167 794.409034729004 718.180961608887 690.457560539246 679.636068344116 573.393714904785 578.80638885498 656.367305755615 621.776023864746 568.938957214355 570.201301574707 811.016792297363 623.916564941406
386.6103515625 620.914916992188 577.844058036804 625.758087158203 497.40323638916 513.808376312256 524.464138031006 641.05143737793 584.666532993317 663.815757751465 759.598152160645 685.293304443359 605.109354972839 638.971588134766 803.860900878906 633.039855957031 687.750526428223 603.520862579346 624.693744659424 581.120227336884 709.342712402344 688.633110046387 749.104751586914 637.509826183319 654.108032226562 572.037342071533 607.127517700195 361.735137939453 587.244270324707 624.881269454956 758.880111694336 564.445816040039 713.425153255463 796.936332702637 593.941814422607 458.402786254883 624.345043182373 614.903285980225 801.334091186523 830.844497680664 714.275131225586 636.615333557129 692.409052848816 687.597758293152 607.885025024414 684.647703170776 672.290586471558 522.086181640625 648.151863098145 547.784271240234
