export/dem/dem8.asc
NCOLS 350
NROWS 171
XLLCORNER 152620
YLLCORNER 418050
CELLSIZE 100
NODATA_VALUE -9999
[rows 110 to 131 of 171, columns 250 to 299 of 350]
804.990905761719 567.087982177734 698.809982299805 592.833587646484 1208.55702209473 935.287651062012 671.427963256836 1199.38888549805 869.06623840332 764.883255004883 642.09260559082 815.985717773438 1101.24060058594 1013.14068222046 994.671589851379 905.7127866745 958.108737945557 1116.50183105469 870.796211242676 817.900512695312 764.700698852539 719.059204101562 919.402206420898 1042.00975799561 1213.38437652588 861.280487060547 725.145111083984 858.746739864349 825.252464294434 859.234684079885 801.97439956665 813.389957427979 826.536356925964 857.164978027344 1011.69815444946 845.676336288452 962.039821624756 985.158813476562 986.964920043945 798.326581954956 709.758735656738 547.149032592773 673.467720031738 726.19676399231 684.599128723145 676.789958953857 794.936975479126 535.042091369629 650.951599121094 771.751426696777
793.453247070312 485.80583190918 465.632583618164 678.880737304688 624.357894897461 503.19303894043 771.150016784668 1235.20252227783 419.951644897461 459.482086181641 512.21061706543 804.639938354492 985.693992614746 967.745574951172 985.433204650879 745.541736602783 826.110208511353 956.222164154053 920.045510292053 886.71117401123 1109.98239135742 796.795471191406 871.876754760742 736.210601806641 988.090339660645 1337.5551071167 808.06761932373 883.272758483887 780.308654785156 621.407623291016 803.608383178711 781.77893447876 808.911163330078 825.63245010376 764.463424682617 864.855266571045 1059.51149955392 867.644054412842 957.478416442871 966.799613952637 705.854560852051 774.050629615784 805.169994413853 744.412740707397 718.77663564682 666.790702819824 887.242225646973 678.392552375793 758.334827423096 815.570541381836
869.367240905762 807.304840087891 803.566711425781 614.157653808594 1135.40245819092 454.315704345703 669.073806762695 764.502471923828 874.969685077667 878.54541015625 715.080828070641 450.237319946289 827.077819824219 963.336807250977 1332.61798858643 934.429069519043 720.819618225098 638.516006469727 829.099449157715 841.672317504883 730.408485412598 781.20369720459 1148.41151428223 988.077369689941 987.737419128418 1052.19023132324 1014.10431671143 1049.41217041016 801.817672729492 839.961059570312 794.928970336914 853.326484680176 931.217347145081 825.523292541504 803.689597129822 1078.59604644775 967.844777107239 794.165830135345 712.163013458252 816.582696914673 868.065780639648 722.369911193848 673.968978881836 985.89380645752 986.903472900391 725.65754699707 653.097671508789 684.554168701172 671.636665344238 711.502212524414
521.028121948242 700.696441650391 583.344055175781 754.038024902344 754.633590698242 1182.68225097656 706.341239929199 574.964782714844 637.037475585938 599.969970703125 638.497226715088 627.356056213379 606.91015625 683.034672737122 864.045909881592 766.747885704041 719.183654785156 687.914901733398 644.683441162109 700.424682617188 814.175296783447 759.699188232422 713.320953369141 870.293836593628 754.914749145508 1111.92733001709 816.635452270508 907.258712768555 1398.97347259521 1383.65454864502 1008.50470733643 968.381271362305 902.999883890152 849.24382019043 879.727264404297 902.498931884766 1146.87524414062 547.959976196289 654.82493019104 659.558238983154 565.214004516602 594.647506713867 636.350675582886 779.139953613281 919.943588256836 761.30500793457 565.191246032715 933.676406860352 850.282374382019 905.073022842407
788.297164916992 1065.54345703125 1328.36762237549 649.832992553711 611.532379150391 543.668014526367 1967.99335479736 783.244357585907 1408.61586380005 1137.66271972656 739.077741622925 520.9482421875 661.057323455811 565.410217285156 719.900682449341 1057.44006347656 642.725662231445 554.473785400391 522.987335205078 625.924621582031 673.367523193359 1017.47506713867 788.6252784729 595.853805541992 945.154449462891 770.703502655029 859.628086090088 985.161390304565 1290.49503707886 1419.83213806152 940.631508827209 1133.12586975098 1019.14138793945 826.002334594727 624.182660102844 683.872123718262 769.637008666992 791.98853302002 839.764846801758 652.665084838867 645.661346435547 742.003791809082 693.827592849731 711.092922210693 743.351963043213 680.686264038086 638.078006744385 756.724201202393 892.11311340332 755.950843811035
527.471771240234 867.303695678711 542.776519775391 673.834602355957 650.333343505859 1075.63565063477 592.229354858398 742.284847259521 868.809844970703 908.640949249268 774.893127441406 548.467636108398 686.229158401489 623.554126739502 500.783843994141 721.182838439941 532.577835083008 696.905181884766 786.605164527893 650.007904052734 896.721153259277 770.834915161133 881.136909484863 891.231979370117 691.122644424438 746.198452949524 815.703442573547 916.802574157715 1169.65130996704 1600.7745513916 1070.87211894989 962.253059387207 879.583641052246 624.066162109375 820.884346008301 759.982536315918 660.949783325195 734.817011833191 775.457717895508 869.723968505859 656.48607635498 724.922334194183 691.85750579834 790.351844787598 805.635692596436 814.963874816895 763.47331237793 782.48327255249 662.040153503418 805.161708831787
903.015968322754 1308.76913452148 675.188751220703 732.186874389648 1206.7599029541 594.873458862305 684.677841186523 1314.328520298 600.156814575195 1059.71670818329 959.794578552246 587.968399047852 465.955230712891 499.516311645508 686.65022277832 707.689998626709 714.787274360657 620.155166625977 687.578350067139 695.769332885742 817.424449920654 777.386165618896 828.057702541351 827.796939849854 860.989860534668 865.795021057129 907.928913116455 873.388799667358 827.393348693848 926.536167144775 1073.02401733398 826.184267044067 853.821033477783 685.034004211426 797.281240463257 1207.1940574646 1492.90817260742 1695.36252212524 1668.38299560547 1015.39730834961 836.336318969727 875.270053863525 819.069869995117 720.02946138382 825.775489807129 774.182102203369 867.415176391602 825.745147705078 719.930082321167 658.096904754639
707.058788299561 1001.00824737549 908.393241882324 723.670211791992 1059.4826374054 681.818557739258 1046.83497619629 626.563873291016 773.504810333252 841.578002929688 963.660614013672 665.319869995117 637.933540344238 444.630233764648 577.702018737793 629.584907531738 768.065444946289 791.972263336182 537.229934692383 637.434741973877 609.597856521606 754.066179513931 843.185474395752 722.569793701172 771.961544036865 921.552989959717 1016.28582763672 897.084057994187 817.110227584839 675.114273071289 765.977607727051 974.767356872559 921.843215942383 887.550159454346 1005.58575439453 885.022281646729 1053.4884262085 1186.52252197266 1448.49049377441 1984.08000183105 1046.24522972107 1085.95335388184 996.30680847168 838.726547241211 885.206817626953 833.319458007812 818.741058349609 806.499816894531 675.013240814209 877.89306640625
805.177642822266 803.661033630371 721.789241790771 745.51668548584 1068.0061416626 694.343124389648 1164.57362365723 775.294082641602 752.95735168457 617.500305175781 720.28141784668 736.542465209961 784.90497469902 496.685302734375 494.742279052734 583.996566772461 528.931076049805 618.782608032227 816.742046356201 814.921378135681 565.073394775391 606.243919372559 570.452865600586 601.244613647461 611.860733032227 827.918197631836 915.965486526489 783.543481826782 698.793003082275 846.445281982422 2206.99937438965 3049.36682891846 891.572741031647 1035.69326400757 1136.95464134216 1032.19724273682 1127.65988922119 1105.96130371094 1284.94215393066 1210.09124755859 1283.52297973633 1369.39102935791 1433.74035644531 1243.21949386597 1331.15977287292 1065.77124786377 868.270347595215 937.621307373047 911.748275756836 768.232843399048
538.733612060547 621.08814239502 633.567325592041 735.067307949066 805.165618896484 1170.22446060181 922.824516296387 839.295307159424 1082.80638122559 776.401485443115 477.768646240234 740.037895202637 802.568160057068 539.512786865234 522.785598754883 618.298736572266 696.906988143921 461.169845581055 847.219663619995 591.524261474609 600.978286743164 679.656066894531 699.676090240479 547.39111328125 794.090328216553 835.590980529785 863.878047943115 703.415573120117 877.019668579102 766.732044219971 873.917671203613 2145.78383636475 683.177352905273 958.201057434082 1109.24182128906 1315.77166366577 1073.82778739929 1245.38636016846 1714.20584106445 1248.57330322266 936.357048034668 1137.56986236572 1083.08242034912 948.586585998535 1535.37980651855 1661.54765319824 1265.16581726074 1359.19213676453 1251.66160583496 1033.33389282227
551.678922653198 620.601768493652 583.931827545166 508.067392349243 812.734588623047 783.336891174316 763.125999450684 726.831802368164 594.303466796875 651.938171386719 802.665760040283 693.311370849609 492.991119384766 607.857925415039 708.496947914362 597.308624267578 604.841171264648 566.950790405273 617.666946411133 525.217437744141 507.368286132812 624.104049682617 639.142761230469 620.777389526367 642.320537567139 767.699523925781 722.165271759033 840.137977600098 912.660926818848 771.518905639648 743.857975006104 728.328414916992 808.205760955811 900.918891906738 869.079164981842 1137.36834716797 1055.89117050171 870.036987304688 1289.82899665833 900.047149658203 1336.23024749756 1288.96086120605 1198.66696166992 1154.70544433594 1412.64398193359 1160.68984985352 1137.77697372437 983.345573425293 1154.44999694824 1639.68347167969
668.517356872559 702.166883468628 598.682270050049 390.373397827148 487.516868591309 485.46223449707 563.496337890625 568.206611633301 679.634208679199 706.326759338379 790.933158874512 567.772171020508 834.130268096924 681.493690490723 583.736434936523 803.999050140381 636.571380615234 653.659603118896 603.095108032227 383.791900634766 561.651672363281 568.943206787109 793.991687774658 709.961639404297 637.65259552002 733.498886108398 811.144901275635 892.183555603027 1007.86541748047 905.806087493896 750.639430999756 746.823047161102 749.322769165039 887.956703186035 977.926651000977 1152.91708374023 1076.87844085693 1039.12685775757 980.698056221008 860.683517456055 1137.11977386475 1485.14588928223 1152.62949371338 962.5458984375 1389.29763031006 1184.80955886841 1113.5732383728 1076.56928253174 1189.46993255615 1356.5513381958
672.28634262085 782.6103515625 582.551315307617 582.132347106934 641.108612060547 339.791061401367 420.458633422852 468.383075714111 796.213443756104 768.83500289917 714.05549621582 702.329345703125 819.161777496338 503.373573303223 719.880321502686 636.546806335449 734.083717346191 674.169548034668 510.410125732422 603.198257446289 661.097534179688 753.38419342041 702.644203186035 562.96501159668 731.919116973877 820.840354919434 867.143920898438 788.392497062683 1105.64334106445 766.77710723877 967.206466674805 1000.34554290771 816.322265625 921.743797302246 966.057838439941 1023.28160858154 948.336380004883 1008.77264404297 796.284117698669 830.438023090363 1011.53748321533 1046.64577484131 933.194645881653 1033.43031311035 972.738704681396 1086.89929962158 945.131092071533 974.826675415039 1061.68661499023 1114.85143280029
737.563961029053 754.959451675415 674.443550109863 748.428310394287 529.212112426758 599.925651550293 561.171539306641 484.685470581055 631.64192199707 691.751525878906 612.360198974609 763.480102539062 1063.28287887573 741.474220275879 1240.12682342529 730.70316696167 879.705123901367 608.488594055176 605.146224975586 586.264755249023 503.428176879883 667.330574035645 713.240844726562 850.204723358154 641.174621582031 683.749685287476 747.200370788574 784.322566986084 974.51025390625 904.032386779785 854.501365661621 984.485214233398 790.645219802856 728.055210113525 1087.92559814453 976.31184387207 839.55966758728 926.092056274414 801.194739818573 1019.72514343262 859.376358032227 760.771217346191 801.748580932617 932.00318145752 727.605644226074 895.982608795166 948.770946502686 877.456787109375 676.626480102539 845.327440261841
679.997955322266 701.557754516602 821.852563858032 661.992752075195 662.03980255127 566.309707641602 737.619438171387 622.797958374023 671.850484848022 655.836349487305 695.367935180664 666.61946105957 908.53157043457 864.363079071045 1356.16893005371 900.681381225586 660.850677490234 694.391651153564 599.16471862793 493.198486328125 688.134510040283 698.304881095886 620.513961791992 743.972539901733 844.935234069824 805.951629638672 810.073794364929 1028.32215881348 813.195281982422 957.544665336609 757.052558898926 1067.55617523193 1132.09194946289 767.041744232178 915.744499206543 833.065033912659 723.318813323975 860.333351135254 812.349575042725 773.993381500244 752.597543716431 735.518325805664 583.802352905273 805.873573303223 579.391204833984 884.104343414307 722.018016815186 892.85645866394 797.648809432983 880.554718017578
747.485015869141 695.141666412354 723.985702514648 730.728140830994 703.831531524658 751.666246175766 717.17599105835 661.846197128296 642.273132324219 469.656494140625 742.261216640472 752.077078819275 1276.13549804688 1063.78593444824 718.406017303467 693.173690795898 726.542221069336 804.381687164307 623.556716918945 1200.51331329346 639.0224609375 709.788230895996 597.243499755859 753.576229095459 677.29479598999 730.594225883484 593.099906921387 688.755043029785 815.766248703003 805.029468536377 821.938285827637 833.958624839783 942.329683303833 609.766967773438 891.908325195312 727.260046005249 760.693962097168 732.108158111572 836.855785369873 688.354843139648 753.497713088989 839.193130493164 743.24786567688 657.247222900391 585.212921142578 932.61421585083 741.880767822266 775.021156311035 643.210510253906 940.334854125977
808.754308700562 693.084857940674 745.955249786377 639.36450958252 841.955238342285 668.720947265625 666.752479553223 756.392833709717 662.908981323242 641.202571868896 669.1315574646 1313.97347259521 810.410469055176 910.524505615234 1061.57698822021 867.80345916748 704.203384399414 643.789337158203 1177.22899246216 517.556655883789 709.072852112353 602.721305847168 527.617492675781 650.565002441406 666.285938262939 813.389343261719 694.986591815948 675.09799861908 707.624122619629 769.415246009827 747.427894592285 842.033290863037 865.110805511475 755.880477905273 813.410900115967 596.196792602539 809.658809661865 802.137541770935 777.101194381714 799.843450546265 870.187301635742 814.971321105957 785.937942504883 708.839500427246 778.494171142578 791.881488800049 940.864837646484 702.389747619629 724.41223526001 804.838111877441
769.563949584961 730.239653587341 666.711036682129 707.212957382202 789.175595283508 793.705785751343 763.878463745117 820.661666870117 585.708889961243 643.143709182739 518.753456115723 695.644145965576 572.448402404785 1229.43609142303 952.406051635742 924.64485168457 726.264822006226 984.955101013184 679.728145599365 617.990005493164 682.972385406494 751.73787689209 517.633392333984 545.462890625 554.635360717773 753.65096282959 728.314819335938 638.769248962402 637.218780517578 666.433223724365 602.511924743652 827.736145019531 905.958541870117 847.285110473633 874.812507629395 824.479331970215 810.226610183716 660.640365600586 836.251860618591 1007.47137451172 795.449453353882 694.844627380371 773.668654441833 776.942210197449 684.936241149902 505.628814697266 684.379058837891 873.343585968018 869.226747512817 725.656066894531
800.155755519867 710.461933135986 583.184677124023 703.104526519775 777.224178195 716.694931030273 716.522026062012 786.753593444824 661.202079772949 570.631015777588 776.249328613281 722.500071048737 811.812362670898 817.259643554688 890.313293457031 983.744567871094 518.054595947266 802.96508026123 710.535459518433 522.484588623047 582.478485107422 519.499206542969 693.699771404266 418.174255371094 593.232063293457 692.61695098877 536.902603149414 679.812355995178 472.430145263672 570.408981323242 671.898838043213 759.051120758057 905.69718170166 810.73819732666 725.097755432129 829.875558853149 949.515556335449 772.188943386078 865.132133483887 959.222564697266 623.173400878906 750.322071075439 764.174438476562 933.247215270996 786.5627784729 764.93786239624 759.873252868652 868.998443603516 924.834815979004 854.036743164062
605.525451660156 697.197692871094 855.548187255859 718.395217418671 714.144527435303 832.176536560059 749.572692871094 617.790441513062 629.016249656677 653.286087036133 789.523792266846 867.113052368164 670.212482452393 603.820457458496 639.602394104004 706.837621688843 827.93293762207 629.221809387207 617.624954223633 549.186233520508 574.826133728027 600.837768554688 489.997894287109 630.778930664062 642.970527648926 670.983695983887 793.477073669434 657.162792205811 666.546361923218 761.567501068115 740.89203453064 933.678375244141 933.046787261963 845.341613769531 885.082977294922 914.151622772217 968.860397338867 783.806510925293 1054.36692047119 887.394653320312 974.736602783203 868.600646972656 635.760162353516 911.752449035645 882.353162765503 903.004230499268 752.205905914307 710.773330688477 672.43236541748 924.289190292358
732.361103057861 775.680456161499 844.460426330566 768.20287322998 828.709693908691 756.725525617599 686.496534347534 694.065361022949 613.890360832214 641.750370025635 802.206169128418 727.899488449097 804.132347106934 661.138404846191 734.557466983795 600.634658813477 691.598526000977 736.056426048279 790.354190826416 599.076675415039 536.827697753906 634.065635681152 541.77116394043 655.103698730469 638.148017883301 646.045524597168 689.923645019531 766.412536621094 642.600296020508 669.287302017212 575.188705444336 684.061279296875 762.329437255859 905.749931335449 1085.90756225586 709.924285888672 861.77010345459 910.280693054199 1031.1149520874 938.907218933105 1114.58708572388 1210.73756504059 951.32088470459 780.99666595459 824.874801635742 978.535144805908 753.080108642578 635.831062316895 802.576324462891 1057.85718536377
764.719304084778 789.099294662476 819.178787231445 959.376251220703 887.871353149414 791.922668457031 726.057273864746 470.481582641602 696.440412521362 727.618970870972 763.581066131592 680.493770599365 717.266086578369 929.799041748047 721.055583953857 749.962406396866 765.340151786804 621.913093566895 756.399076461792 730.922569274902 670.086414337158 610.868560791016 523.408813476562 569.274574279785 559.469696044922 534.30680847168 554.521179199219 813.612205505371 650.564186096191 640.774703979492 738.646476745605 767.812194824219 725.654289245605 624.278400421143 677.554754257202 702.191860198975 679.997131347656 769.643096923828 930.023951053619 965.592994689941 1179.01770019531 1155.52584075928 902.851104736328 982.151718139648 883.737771511078 762.270942687988 918.807039260864 810.157890319824 1000.01416015625 1088.5131072998
