export/dem/dem80.asc
NCOLS 350
NROWS 171
XLLCORNER 152620
YLLCORNER 418050
CELLSIZE 100
NODATA_VALUE -9999
[rows 44 to 65 of 171, columns 100 to 149 of 350]
556.329154968262 496.543922424316 434.186946868896 349.306999206543 270.565826416016 522.435928344727 591.138442993164 484.019485473633 521.41145324707 546.723426818848 461.057670593262 476.233585357666 491.72635269165 470.596885681152 474.769802093506 562.027618408203 557.480247497559 518.335411071777 444.539470672607 433.9760389328 485.294801712036 615.664520263672 399.51229095459 588.584213256836 589.787406921387 549.714138031006 521.809843063354 618.463882446289 572.22038269043 445.099502563477 551.495067596436 454.61678314209 499.363510131836 525.839244842529 489.501965522766 419.871257781982 487.666276335716 410.215789794922 379.461883544922 362.11604309082 332.922653198242 487.254367828369 438.09362411499 392.451126098633 568.535404205322 358.319961547852 580.863109588623 559.458393096924 476.257946014404 431.964157104492
567.283798217773 401.347953796387 487.063428878784 407.664878845215 488.829372406006 349.914695739746 460.115821838379 518.449882507324 469.077598571777 511.948715209961 444.890777587891 431.643239974976 569.517974853516 645.3154296875 474.739206314087 412.641090393066 481.31364440918 300.305587768555 600.383754730225 393.943141937256 661.998641967773 639.317657470703 503.20876121521 326.126342773438 544.898587465286 520.597770690918 483.584897041321 513.144550323486 499.614437103271 516.878218173981 525.505349159241 460.095251083374 560.100284576416 519.025819778442 397.489128112793 437.356651306152 477.564651012421 287.480728149414 565.442653656006 342.015838623047 477.736932754517 415.570442199707 389.170402526855 472.262369155884 424.884765625 471.914567947388 420.597610473633 549.039394378662 502.441635608673 449.82006072998
563.111640930176 399.405860900879 444.397734165192 579.76530456543 516.466102600098 399.946884155273 407.888786315918 464.337235450745 450.919060826302 562.432518005371 453.986150741577 355.281997680664 601.900718688965 548.433982849121 516.126991271973 622.319747924805 619.33268737793 504.155288696289 592.443771362305 515.259090423584 569.339294433594 599.765335083008 478.27889379859 617.330917358398 478.517848730087 476.22781085968 458.296276092529 394.682830810547 527.184743881226 488.152759552002 545.512371063232 568.105339050293 471.577861785889 427.78662109375 431.056297302246 467.319373130798 384.196983337402 351.627578735352 467.658132553101 559.190208435059 350.73127746582 392.451141357422 601.702751159668 588.642974853516 363.558731079102 482.224786758423 474.695243835449 447.017513275146 553.129550933838 638.927146911621
479.941072463989 635.486663818359 531.129814147949 499.285457611084 616.729583740234 555.471794128418 477.023403167725 290.081634521484 439.429721832275 536.500701904297 354.200775146484 406.432540893555 382.151100158691 444.49912494421 475.349974632263 591.409957885742 578.222778320312 481.895673274994 549.855239868164 451.677858352661 417.654106140137 492.964170455933 436.220294952393 492.189963340759 530.499376296997 465.941711425781 515.277366638184 608.603355407715 367.112930297852 447.430366516113 589.552261352539 642.66934967041 531.827708721161 532.137668609619 422.178276062012 463.392795562744 379.307411193848 423.336242675781 484.035175323486 504.105773568153 466.881385803223 320.308074951172 595.871871948242 386.76823425293 379.923919677734 517.346406936646 456.229230880737 491.727597236633 517.379152297974 471.516563415527
449.44113445282 474.796060562134 453.303865432739 306.886260986328 479.643629074097 570.004127502441 496.309644699097 376.47957611084 386.214752197266 432.297002792358 498.211414337158 469.310766220093 580.577133178711 538.854034423828 616.033798217773 548.036125183105 494.840795516968 421.78112411499 487.773097038269 559.245872497559 444.148693084717 473.992406368256 383.824249267578 593.544158935547 499.035575389862 462.842636108398 618.662124633789 510.637813568115 528.625828266144 494.799278259277 603.711990356445 657.175567626953 422.496353149414 480.772800445557 467.355121612549 563.260711669922 387.901924133301 415.36434173584 460.482265472412 534.267387390137 639.062057495117 443.141220092773 498.96640586853 548.117877960205 417.228637695312 582.044494628906 396.287490844727 544.355098724365 485.391275882721 495.519840240479
449.846111297607 488.795097351074 473.097982406616 529.269664764404 386.352237701416 391.627471923828 670.18017578125 397.823181152344 473.096355438232 388.215362548828 475.37042427063 495.061130523682 539.547824859619 490.077407836914 635.07942199707 474.722418308258 321.872085571289 579.471702575684 590.084434509277 490.051354885101 502.565538406372 510.502290725708 265.035278320312 455.506320953369 399.491874694824 586.246826171875 567.890605926514 599.741920471191 489.087299346924 604.107925415039 598.21435546875 407.745796203613 476.829795837402 516.085904121399 533.337461471558 455.330448150635 505.062372207642 543.535484313965 547.156444549561 495.982276916504 562.545623779297 475.505298614502 602.965225219727 531.052989959717 450.616630554199 441.723636627197 581.74649810791 567.435508728027 441.634750366211 437.332672119141
527.21216583252 516.763298034668 386.084045410156 289.313858032227 531.120056152344 506.280891418457 437.336116790771 596.162475585938 592.273330688477 530.834487915039 553.994361877441 567.192184448242 396.480648040771 584.452339172363 470.101866722107 373.057403564453 397.274887084961 417.286460876465 478.296525001526 506.449253082275 460.118137359619 507.805418014526 311.35368347168 332.83715057373 380.09635925293 528.169640541077 533.328729629517 560.835178375244 425.492698669434 511.466605991125 400.911415100098 348.138854980469 431.838691711426 454.232509613037 500.694562911987 489.007778167725 451.007175445557 588.780860900879 458.365758895874 601.591033935547 609.924293518066 430.311164855957 516.727046012878 460.749118804932 510.612171888351 565.687908172607 508.82025718689 522.988792419434 361.00830078125 627.722106933594
651.050765991211 421.582062244415 471.87866973877 416.716846466064 596.440444946289 465.856885910034 599.047744750977 514.853668212891 425.620742797852 504.546367645264 568.065101623535 613.990753173828 539.491325378418 519.737513542175 404.397453308105 498.711633682251 610.39022064209 433.258163452148 439.414527893066 347.366912841797 342.759170532227 517.395555496216 599.600273132324 631.086837768555 508.931394577026 353.164764404297 382.08031463623 565.292835235596 347.857986450195 326.653594970703 366.358245849609 440.840385437012 457.395401000977 598.371978759766 558.224363327026 482.035015106201 491.731437683105 451.016754150391 518.869441986084 507.939968109131 385.856773376465 509.833467483521 446.87174987793 595.517101287842 417.672576904297 556.61657333374 574.455070495605 407.494087219238 458.692188262939 439.631645202637
382.932361602783 490.056678771973 501.413757324219 580.406997680664 432.76483798027 446.760353088379 335.005500793457 521.319568634033 524.798637390137 541.077842712402 539.431129455566 688.903915405273 623.699600219727 517.183506011963 562.922988891602 482.459714651108 373.188461303711 593.092750549316 526.298480987549 532.499404907227 456.514297485352 533.511936187744 437.217391967773 421.964454650879 418.74031829834 452.072448730469 445.091730117798 381.132278442383 523.457691192627 402.015525817871 474.89665222168 503.490193367004 413.657104492188 615.35400390625 543.451093196869 517.451448917389 594.351196289062 430.194107055664 540.805055618286 495.853075027466 531.018508911133 569.784980773926 447.408683776855 567.264755249023 497.605648040771 369.431396484375 523.578807830811 549.828527450562 425.917495727539 393.646591186523
496.359939575195 607.807739257812 483.694499969482 469.810409545898 597.071228027344 477.503604888916 417.879844665527 615.091125488281 508.196117401123 373.439376831055 561.528373718262 500.046463012695 542.154750823975 557.303398132324 512.231174468994 502.783348083496 477.424785614014 636.656234741211 432.484573364258 637.314697265625 555.584167480469 626.625625610352 672.885299682617 503.896420001984 494.927658081055 381.658966064453 366.514221191406 475.582580566406 470.646417617798 425.289566040039 448.050331115723 326.188171386719 391.297332763672 459.794635772705 446.463684082031 557.916023254395 405.397804260254 523.555594444275 602.316909790039 567.771533966064 570.526720046997 699.63801574707 575.151679992676 514.334844589233 464.265621185303 592.104019165039 573.928847312927 614.797790527344 505.077953338623 389.711135864258
492.729881286621 546.811302185059 556.790115356445 483.026084899902 474.150821685791 352.594955444336 464.915473937988 436.616589546204 559.31192779541 385.758529663086 448.281993865967 475.518531799316 470.671637535095 296.402099609375 397.803535461426 488.23150396347 321.985809326172 419.211132049561 511.183218002319 570.017402648926 441.059280395508 640.17903137207 582.041412353516 515.36189365387 527.636909484863 482.00532913208 583.509002685547 533.6005859375 402.173072814941 454.264476776123 579.417778015137 644.907958984375 557.239444732666 633.677726745605 641.21044921875 497.242660522461 593.204254150391 721.415145874023 662.446563720703 597.411117553711 572.86644744873 625.501167297363 638.114929199219 588.114349365234 538.259935379028 493.911766052246 650.43611907959 581.953498840332 400.412933349609 380.684143066406
577.855133056641 468.999691009521 560.053176879883 507.719024658203 453.204431533813 361.44034576416 358.080612182617 280.690216064453 446.71321105957 498.20389175415 436.400485992432 426.19766998291 344.907318115234 363.118186950684 598.200531005859 493.821697235107 550.185283660889 504.651666641235 493.889303743839 635.352767944336 534.793701171875 523.705520629883 553.056709289551 570.334342956543 384.667556762695 632.334899902344 499.483777761459 477.463558197021 551.377681732178 572.651153564453 560.319276332855 544.550804615021 560.966331481934 544.288951873779 477.730663299561 488.012279510498 527.143241405487 568.536331176758 411.017524719238 477.598852157593 753.310806274414 657.332458496094 645.47093963623 615.108306884766 553.80025100708 637.637268066406 602.93981552124 595.471408843994 572.752118587494 453.096618652344
414.358331680298 446.427515268326 467.865005493164 425.308458328247 356.160926818848 353.503967285156 333.676902770996 291.221282958984 221.995666503906 427.663299560547 510.0207862854 378.092102050781 477.307043552399 447.949211120605 421.315246582031 432.144710540771 504.379288077354 467.132305145264 318.030227661133 377.578536987305 510.121483802795 429.043350219727 518.040721893311 546.891410827637 506.729751586914 432.885025024414 479.312782287598 528.628853797913 768.694961547852 513.854331970215 646.055938720703 533.027740478516 450.177055358887 591.823257446289 594.847122192383 369.35417175293 594.502613067627 551.63480758667 797.179351806641 509.401601791382 811.665832519531 689.217849731445 512.403438568115 480.363708496094 638.607780456543 672.438003540039 639.157958984375 695.874481201172 549.299760818481 629.30012512207
483.01932144165 528.818992614746 428.392416000366 331.670036315918 345.106605529785 348.016593933105 377.565658569336 169.213775634766 329.976181030273 427.489730834961 467.187861442566 380.885688781738 527.944229125977 486.511407852173 337.458671569824 372.988471984863 449.256980895996 375.34107208252 480.233703613281 433.337440490723 683.501052856445 513.264619827271 509.394149780273 422.754886627197 521.122917175293 528.357341766357 553.522693634033 472.299777984619 740.891235351562 587.920207023621 728.189613342285 614.543712615967 693.064422607422 567.260181427002 420.781196594238 420.718795776367 460.078460693359 577.330107688904 626.231881856918 596.22066116333 645.307029724121 533.136759757996 616.740295410156 587.492530822754 573.642440795898 596.929973602295 625.997161865234 625.66675567627 576.04220199585 517.724323272705
483.954956054688 427.321922898293 420.586624145508 416.530384063721 502.50118637085 451.868393421173 437.099803924561 447.827529907227 303.183181762695 469.258852958679 462.09329521656 268.210723876953 339.52392578125 328.576797485352 363.600761413574 434.828643798828 459.192047119141 438.899143218994 341.277786254883 353.17790222168 485.458464682102 492.099781990051 506.277057170868 555.979736328125 521.256046295166 505.011222362518 495.118113517761 403.201965332031 420.110389709473 496.630138397217 557.624546051025 751.527359008789 578.556304931641 563.363348007202 704.765151977539 498.169483184814 551.0129570961 613.01150894165 669.513522148132 666.18892288208 633.994403839111 530.84606552124 576.197772979736 591.650093078613 688.660247802734 493.472625732422 925.692779541016 681.020706176758 715.853790283203 611.470024108887
329.174545288086 434.982142448425 542.646415710449 460.215692520142 413.488845825195 400.51428604126 386.965049743652 442.89916229248 418.210157394409 428.437650680542 411.625457763672 346.77912902832 387.062507629395 394.78392791748 496.220821380615 618.416458129883 525.153274536133 483.484264850616 337.597045898438 439.033702850342 369.68968963623 349.678291320801 496.996745109558 528.492214202881 521.41365814209 575.476829528809 386.436225891113 605.559631347656 628.773406982422 518.548934936523 597.834213256836 480.992073059082 609.613147735596 552.419353485107 580.542234420776 518.335296630859 648.73616027832 516.943729400635 624.946605682373 464.880065917969 446.902740478516 495.887550354004 581.754596710205 591.970314025879 561.074695587158 589.662949562073 631.98999786377 629.521198272705 636.838569641113 628.189422607422
486.075950622559 657.22509765625 467.403749704361 589.237030029297 371.763648986816 451.443225860596 518.182525634766 397.958686828613 407.679748535156 503.335712432861 442.8551902771 312.919342041016 288.409957885742 459.785913467407 474.44847548008 459.611566066742 511.857639312744 463.142934799194 486.963292360306 423.712009429932 482.812014579773 460.92781829834 432.430328369141 481.144130706787 285.214019775391 474.778623580933 381.820831298828 559.725757598877 544.856075286865 501.612627983093 647.199081420898 486.81510925293 543.63791847229 705.651840209961 680.809211730957 455.808242797852 503.81559753418 512.276336669922 702.206359863281 540.303299665451 646.57022857666 535.076327562332 551.852442741394 658.579437255859 646.443771362305 608.762409210205 457.296409606934 575.105030059814 730.079406738281 537.202297210693
524.364555358887 612.290161132812 462.293523788452 433.436336517334 418.017578125 354.151596069336 322.759483337402 521.660968780518 405.138282775879 322.072006225586 420.583511352539 356.100151062012 491.683296203613 403.687286376953 518.505714416504 429.08394241333 527.771503448486 619.779838562012 474.537343978882 548.130634307861 538.306835174561 353.423904418945 523.559379577637 398.59797668457 421.214370727539 520.360984802246 482.023108005524 463.939273834229 502.076120376587 540.925548553467 562.564434051514 615.76057434082 497.176330566406 395.916000366211 611.383178710938 513.397473335266 661.614715576172 573.158442020416 413.847801208496 472.248313903809 553.405233383179 518.178176879883 558.376260757446 573.695125579834 488.707763671875 563.134048461914 784.921157836914 690.290687561035 625.403991699219 701.06201171875
591.822822570801 642.986343383789 428.836156845093 384.128753662109 325.010139465332 507.537071228027 561.38794708252 473.441242218018 488.022959828377 412.329292297363 354.017669677734 399.858062744141 429.797737121582 477.503128051758 593.288757324219 516.384334564209 476.399711608887 538.091438293457 392.48657989502 466.409378051758 404.763336181641 461.468866348267 551.919792175293 315.302612304688 395.065643310547 487.777252197266 376.874237060547 456.414669036865 486.654737472534 409.150604248047 549.613056182861 381.121246337891 517.311839014292 513.321971893311 553.337308883667 513.917296409607 556.17254447937 600.590229034424 486.295024871826 498.290706634521 332.076614379883 526.374977111816 543.636043548584 437.676277160645 554.528751373291 452.079940795898 885.520645141602 747.636779785156 604.943447113037 546.509179592133
417.527919769287 420.97631072998 448.425735473633 423.495792388916 434.54797744751 486.709989547729 405.432674407959 435.12629699707 524.641662597656 594.549835205078 468.731793403625 288.285537719727 312.964599609375 505.23694229126 553.79532623291 407.301010131836 456.711688995361 504.784257471561 373.613052368164 414.6376953125 393.611381530762 510.822425842285 438.778646469116 622.335388183594 371.880279541016 570.031162261963 561.888416290283 408.129783630371 510.258253931999 450.794582366943 540.631847381592 266.206329345703 447.516086578369 414.000587463379 448.727600097656 431.540336608887 444.906753540039 482.658660888672 254.202209472656 363.940338134766 485.93380355835 622.467643737793 443.971393585205 551.010107040405 592.299377441406 601.128715515137 646.062042236328 657.085342407227 532.280333995819 540.005058126058
597.596618652344 427.815242767334 562.378173828125 397.469947814941 447.880444526672 478.153512954712 427.223752975464 450.579030990601 488.982625007629 484.974193572998 424.488586425781 437.296894073486 408.76049041748 437.935752868652 612.454956054688 382.915283203125 559.721755981445 515.431186676025 542.571739196777 493.686838150024 454.631065368652 513.668979644775 542.72562789917 554.269939422607 427.953437805176 629.652290344238 725.805908203125 537.420959472656 474.915142059326 583.109527587891 596.51863861084 483.074460983276 419.791389465332 543.48030090332 361.469848632812 438.339904785156 542.301345825195 498.274055480957 540.431671142578 510.059375762939 587.764591217041 527.316875457764 517.62979888916 609.384002685547 575.485092163086 440.064231872559 497.423690795898 685.53694152832 612.393997192383 559.746851921082
430.083679199219 476.010293006897 481.491735935211 437.115383148193 536.768592834473 353.849426269531 546.814517974854 334.780700683594 472.738224983215 483.301706314087 374.687171936035 417.314746856689 304.020263671875 430.33667755127 459.564189910889 544.943367004395 546.003959655762 573.940719604492 636.195434570312 460.993433952332 617.663360595703 546.124855041504 406.656677246094 439.800323486328 675.292205810547 458.629169464111 489.91076374054 490.804409921169 403.198944091797 526.936890602112 473.296447753906 551.346128463745 525.232261657715 426.748794555664 452.444458007812 461.796447753906 499.15885925293 564.974270820618 507.717933654785 581.384826660156 408.586456298828 558.393467187881 449.211990356445 365.710830688477 495.362712860107 466.746238708496 548.903818130493 580.139430999756 653.973068237305 418.352020263672
