export/dem/dem87.asc
NCOLS 350
NROWS 171
XLLCORNER 152620
YLLCORNER 418050
CELLSIZE 100
NODATA_VALUE -9999
[rows 88 to 109 of 171, columns 200 to 249 of 350]
588.783203125 749.382843017578 605.936889648438 540.251007080078 741.36402130127 753.014450073242 639.888582773507 595.863704681396 633.567837715149 795.702285766602 663.66626739502 651.544679641724 682.047187805176 653.322324752808 665.2429895401 712.840808868408 592.669532775879 703.108415603638 718.785520553589 797.530395507812 659.855946540833 752.540061950684 687.754810333252 694.129463195801 728.67138671875 572.765274047852 560.128059387207 639.090023040771 589.83757019043 723.741565704346 695.806827545166 621.413582265377 632.41446685791 595.386299133301 503.116897583008 601.899425506592 515.460723876953 586.348087310791 632.946105957031 731.231464862823 743.872783660889 690.554267883301 782.903709411621 964.543663024902 718.392023086548 759.105667114258 767.670745849609 1094.04986572266 729.721343994141 757.709465026855
865.870803833008 600.044929504395 554.528961181641 713.105075836182 807.490051269531 641.225532531738 520.373428344727 732.068756103516 657.964288711548 506.502105712891 645.857021808624 547.500907897949 693.272048950195 683.555477142334 670.344591140747 697.573390960693 786.385482788086 773.842254638672 629.406585693359 754.490119934082 697.311599731445 793.882995605469 755.79655456543 800.445571899414 618.07071685791 696.387159347534 625.701038360596 638.619941711426 811.613327026367 671.046159744263 761.007843017578 588.806507110596 760.37313079834 516.867065429688 677.748279571533 742.738945007324 605.372444391251 496.371116638184 563.005920410156 656.467887878418 707.565084457397 864.683799743652 693.636745452881 816.16002368927 750.94135093689 637.682621002197 782.982048034668 854.90601348877 1027.42217254639 750.716312408447
574.718589782715 1137.36225891113 585.305137634277 531.493133544922 713.263156890869 708.392475128174 605.995452880859 673.919250488281 776.026481628418 589.618423461914 776.352493286133 671.038555145264 697.041603088379 505.384475708008 695.777717590332 637.023661136627 779.760025024414 720.40470123291 564.836357116699 621.355213165283 748.838829040527 870.435791015625 870.547119140625 895.941787719727 788.061218261719 854.697067260742 655.798433303833 775.842834472656 742.865081787109 659.672211647034 716.330642700195 663.045738220215 565.584659576416 618.286615371704 629.157527923584 519.386299133301 609.856677055359 631.510947227478 805.456726074219 740.208621025085 842.512893676758 649.775489807129 643.425308227539 1012.4839630127 912.635299682617 751.740818023682 764.425048828125 846.901184082031 866.504402160645 831.142627716064
618.107769012451 663.598785400391 685.676296234131 604.903114318848 716.280834197998 714.677616119385 727.12425994873 745.102806091309 730.631851196289 674.594551086426 647.613562881947 554.329048156738 531.313926696777 767.938842773438 626.985651016235 600.894727706909 705.131187438965 827.224533081055 587.708305358887 725.304107666016 743.781578063965 686.993293762207 729.311012268066 884.868774414062 906.229339599609 790.417762756348 624.399459838867 711.601566314697 634.536834716797 549.891326904297 627.999340057373 703.674686431885 722.181076049805 640.139852881432 589.937545776367 664.532163619995 561.361282348633 481.885726928711 660.301692962646 640.459815979004 769.591846466064 742.475774765015 881.750396728516 955.434204101562 785.105339050293 692.775257110596 645.796476364136 677.088455200195 982.848331451416 895.8717918396
576.189640045166 619.080750465393 559.190391540527 710.649749755859 646.410453796387 729.371719360352 669.141534805298 535.915473937988 477.121139526367 590.489616394043 535.111061096191 728.12712097168 608.330191612244 690.659713745117 687.916091918945 637.487043380737 701.311241149902 702.088912963867 642.809322357178 705.891860961914 712.20849609375 768.681213378906 802.686019897461 703.214699745178 769.85523223877 725.597038269043 829.906303405762 711.584072113037 708.978050231934 668.868129730225 792.83723449707 790.60375213623 653.98114323616 666.856615066528 644.123275756836 711.398426055908 755.823173522949 727.879539489746 483.87532043457 469.932502746582 415.759613037109 602.834411621094 782.183708190918 811.90145111084 708.514430999756 628.884422302246 589.610527038574 790.303871154785 842.479230880737 844.879915237427
634.705101013184 643.440296173096 773.328659057617 617.943656921387 496.101005554199 1018.69709587097 553.064613342285 600.162326812744 592.009063720703 605.258975982666 636.478182792664 708.769271850586 577.813999176025 581.844535827637 579.922550201416 815.521301269531 855.160003662109 623.108904838562 744.970840454102 830.580810546875 694.263317108154 582.9670753479 694.379327774048 699.281574249268 811.005767822266 801.554382324219 712.168838500977 707.108390808105 779.099876403809 734.90177154541 769.598213195801 752.019432067871 627.62508392334 721.010099411011 565.551223754883 666.780868530273 733.65355682373 655.803745269775 652.891359329224 741.494220733643 629.714027404785 582.386764526367 529.329116821289 707.996273040771 650.237095594406 679.365314185619 744.242797851562 700.853424072266 780.36528968811 796.784004211426
552.504241943359 768.29906463623 815.633964538574 639.037799835205 549.045349121094 598.392791748047 713.690986633301 557.913375854492 627.657669067383 644.493067264557 523.559410095215 496.868553161621 616.342061400414 444.489151000977 607.083169937134 617.241078108549 677.634063720703 741.634498596191 785.235763549805 759.34977722168 802.139015197754 755.822578430176 613.441482543945 848.925128936768 659.280792236328 907.94677734375 672.3112449646 666.674461364746 498.551147460938 571.819831848145 543.302139282227 684.435512542725 687.784826278687 638.048210144043 769.52895450592 901.070472717285 672.357421875 560.204231262207 666.020008087158 678.246116638184 613.196006774902 697.552550792694 647.921682357788 606.417148590088 605.679397583008 807.560440063477 487.979187011719 649.326071739197 645.707244873047 698.629173278809
552.401489257812 512.354202270508 726.333248138428 714.923751831055 632.238967895508 607.982192993164 598.807121276855 779.293769836426 578.902557373047 586.7297706604 576.884643554688 657.503133773804 564.310905456543 517.342544555664 574.87451171875 627.215688228607 715.741409301758 541.738700866699 666.664678573608 691.479610443115 677.816975593567 701.850167274475 682.760158538818 694.448486328125 619.964820861816 631.346168518066 648.211364746094 837.078857421875 600.547592163086 474.518966674805 614.524021148682 745.760471343994 815.500259399414 700.336345672607 708.320995330811 793.76929473877 741.517524719238 511.179046630859 612.399612426758 699.646656036377 548.624206542969 705.024230957031 796.202140808105 786.902969360352 877.330497741699 868.094181060791 824.684509277344 702.69614982605 868.359085083008 756.806339263916
768.971252441406 599.954959869385 746.891215324402 585.059448242188 726.711627960205 817.849967956543 633.078523635864 751.994922637939 782.748641967773 566.84400177002 551.903747558594 720.032875061035 613.772766113281 517.534896850586 617.908311843872 592.438446044922 756.990188598633 493.992919921875 729.648742675781 544.062858581543 699.907516479492 762.067512512207 788.434745788574 650.694286346436 622.779708862305 637.837249755859 700.332933425903 636.890689849854 782.951919555664 645.34774017334 682.398012161255 606.303672790527 577.686401367188 694.670183181763 688.343977928162 719.711647033691 806.808146238327 622.159187316895 685.069825172424 722.187379837036 616.290962219238 747.559916496277 608.028884887695 723.635475158691 860.785903930664 869.019104003906 682.571096420288 634.874614715576 716.664417266846 718.975604113191
609.632755279541 644.454698562622 774.306865692139 674.223587036133 884.345962524414 531.360748291016 632.114852905273 985.183604240417 544.817077636719 678.149927616119 427.426406860352 458.964874267578 450.278854370117 408.352111816406 641.216835021973 578.839916229248 571.900699615479 739.493232727051 639.335938930511 581.559326171875 755.484855651855 806.078033447266 862.155578613281 842.222351074219 724.14501953125 728.312096357346 576.598878860474 542.123573303223 776.835144042969 632.580395936966 620.716718673706 624.494522094727 392.809753417969 640.274827957153 582.387948036194 533.899948120117 674.881755828857 571.202758789062 714.126054763794 672.207679748535 687.538162231445 643.09992980957 591.112426757812 686.002710342407 648.212310791016 709.882251739502 862.644874572754 741.555158615112 854.997009277344 736.806440114975
698.34331703186 472.29842376709 698.737648010254 676.017250061035 653.192337036133 633.019348144531 508.219146728516 501.420593261719 576.833740234375 684.203223228455 561.482948303223 471.956634521484 662.728006362915 754.387504577637 638.317854881287 670.687278747559 633.690553665161 673.840671539307 594.856121063232 544.530181884766 671.121383666992 788.276260375977 781.100021362305 633.888212203979 717.791230201721 686.273178100586 856.068359375 677.010827064514 617.966369628906 667.183279037476 461.658660888672 657.883081436157 621.554214477539 474.404403686523 557.383804321289 617.116279602051 598.914417266846 477.905288696289 736.868713378906 659.531387329102 732.304122924805 580.784954071045 500.951538085938 535.440460205078 673.422821044922 812.110931396484 652.571746826172 890.557283401489 704.535690307617 603.52864074707
857.705947875977 655.058937072754 711.950687408447 824.608131408691 773.957698822021 784.764061927795 690.236232757568 746.949011802673 699.322158813477 617.085502624512 639.164712905884 686.149398803711 725.167266845703 864.514831542969 641.483318328857 683.882301330566 778.261924743652 792.050628662109 684.120998382568 597.599948883057 738.64037322998 752.66340637207 927.537628173828 662.03525352478 657.252638816833 771.167634963989 1033.54376220703 797.688995361328 762.903198242188 617.693786621094 574.612777709961 713.725296020508 396.639373779297 477.950653076172 569.032203674316 560.913558959961 504.508346557617 514.624740600586 667.821493148804 577.353355407715 471.033538818359 513.584167480469 545.836151123047 457.681777954102 560.277679443359 638.53352355957 864.224369049072 931.58731842041 1070.79389190674 718.247192382812
740.377464294434 751.738632202148 585.246253967285 819.484161376953 869.080871582031 818.116271972656 727.521203041077 821.723297119141 708.268898010254 657.889041900635 722.517333984375 703.642017364502 575.223976135254 735.768966674805 777.743427276611 701.690000534058 845.722442626953 838.608200073242 684.619659423828 722.088813781738 712.510334014893 707.312351226807 664.175704956055 1013.4596786499 699.244361400604 617.906951904297 1004.72914505005 810.907252550125 966.815799713135 1288.85531997681 1293.98721694946 616.905960083008 543.250061035156 400.152526855469 484.339935302734 570.385025024414 734.388122558594 634.657451629639 768.643943786621 584.360496520996 572.014755249023 525.629669189453 604.966903686523 723.576721191406 717.193923950195 972.459850311279 1081.16286468506 701.060791015625 812.990524291992 651.164703369141
819.444167137146 826.064056396484 690.445426940918 692.324478149414 823.907791137695 879.677597045898 819.659515380859 594.641082763672 678.01976776123 1055.75578689575 676.014889240265 865.491714477539 694.064949035645 787.637725830078 610.668098449707 803.605991363525 666.362760543823 798.348205566406 682.007289886475 733.057258605957 629.260183334351 829.094451904297 769.235137939453 785.012382507324 723.21452331543 900.158584594727 789.186317443848 648.904132843018 686.883074760437 739.898914337158 641.438411712646 554.886451721191 612.703468322754 1168.78164672852 841.889694213867 781.059097290039 923.124328613281 971.635208129883 731.006595611572 652.859298706055 713.141693115234 662.307096481323 562.296585083008 589.098709106445 804.554281234741 825.115051269531 790.396385192871 975.494529724121 1379.43682861328 768.972255706787
839.945575714111 839.582229614258 879.508895874023 927.612396240234 826.367935180664 751.862290382385 884.701286315918 816.3933365345 720.313903808594 656.839027404785 992.421073913574 628.629611968994 731.096263885498 686.019059658051 770.386009216309 694.625969648361 802.099670410156 744.556838989258 694.906356811523 624.065422058105 541.618354797363 610.325721740723 727.53205871582 690.112623214722 625.814781188965 718.276252746582 747.154800415039 613.403289794922 576.359283447266 719.178268432617 553.570655822754 560.800712585449 511.661483764648 527.898452758789 510.902069091797 501.958465576172 559.563819885254 886.934158325195 559.094367980957 602.290550231934 615.189292907715 650.183788299561 1033.4690246582 525.514129638672 1172.57507324219 872.644362926483 601.557723999023 767.296127319336 850.258255004883 644.7421875
745.772682189941 842.503633499146 974.219329833984 836.49755859375 921.016372680664 901.393798828125 839.790809631348 811.308628082275 797.052717208862 807.638114929199 842.593338012695 963.547163009644 697.41429901123 803.325813293457 689.09086227417 696.655088424683 582.138832092285 704.814628601074 683.432222366333 577.310277938843 644.101245880127 715.516311645508 478.260200500488 680.417808532715 784.981121063232 481.60986328125 519.453338623047 744.37646484375 666.541415929794 578.747940063477 589.076141357422 616.942470550537 671.760204315186 494.419021606445 683.833587646484 497.919509887695 743.758499145508 889.255142211914 813.761749267578 576.460563659668 738.042107582092 601.928070068359 1100.67974090576 566.470245361328 819.370208740234 1001.23998260498 789.243343353271 977.081451416016 786.078379631042 1366.09867477417
-9999 708.207920074463 814.937446594238 658.363182067871 660.010685035959 808.216178894043 806.687919616699 738.977108001709 742.936183929443 605.696868896484 749.670593261719 994.691917419434 756.794738769531 754.791854858398 735.510314941406 637.592956542969 627.712435722351 697.946090698242 601.866710662842 486.407730102539 761.937088012695 706.202110290527 662.485012054443 946.141376495361 934.74641418457 752.631660461426 592.097427368164 533.136749267578 543.312644958496 544.621673583984 466.202453613281 420.114456176758 677.265819549561 566.862655639648 1081.00364303589 454.428909301758 639.851055145264 564.029823303223 425.104888916016 478.64631652832 603.781867980957 418.355651855469 617.017715454102 584.969436645508 577.873718261719 1093.45388793945 622.622192382812 758.529193878174 643.167816162109 677.667327880859
-9999 770.200931549072 799.013572692871 688.980773925781 792.71272277832 821.445045471191 605.796112060547 725.56792640686 811.079208374023 832.732856750488 637.38818359375 635.524505615234 655.501335144043 827.95378112793 715.24535369873 646.48281288147 523.537582397461 520.5090675354 615.760717391968 622.36136007309 691.004028320312 640.768131256104 682.270694732666 547.17391204834 993.000476837158 693.702163696289 537.606666564941 642.935250282288 462.740493774414 621.249443054199 693.265113830566 724.593421936035 517.841346740723 454.807357788086 1080.91329956055 471.715866088867 663.435918927193 728.985176086426 544.669067382812 492.494003295898 562.703140258789 696.600311279297 620.227508544922 614.493530273438 511.272918701172 632.253311157227 844.350158691406 723.09970664978 580.858673095703 565.572998046875
-9999 -9999 936.371383666992 869.580139160156 699.314472198486 786.359075546265 763.029981613159 795.663188934326 868.307968139648 950.00276184082 896.755172729492 530.333755493164 719.627250671387 672.149139404297 576.656425476074 614.464851379395 543.881035804749 611.216934204102 461.318923950195 644.452236890793 753.60099029541 551.600433349609 692.07915687561 557.975849151611 781.937973022461 610.651592254639 538.793212890625 581.534103393555 594.229850769043 543.037719726562 590.121032714844 575.817977905273 496.811798095703 520.835952758789 578.283416748047 658.990566253662 599.426826477051 607.782474517822 594.761451721191 554.166473388672 692.333810329437 725.658784389496 575.594924926758 695.710433959961 548.890243530273 559.439178466797 657.010780334473 505.693267822266 1020.71915817261 828.709911346436
-9999 -9999 1089.18717193604 1083.89864349365 794.467880249023 697.613552093506 811.783050537109 847.772552490234 837.09407043457 793.755565643311 1086.55336093903 664.043619155884 632.443397521973 644.341092944145 496.037063598633 644.084144592285 625.735191345215 480.293258666992 529.22908782959 476.308486938477 450.453170776367 502.451263427734 608.959728240967 680.914394378662 552.589405059814 470.837066650391 608.423267364502 655.611678600311 459.871429443359 714.990386962891 616.150547027588 567.559577941895 579.981742858887 510.60090637207 635.557764053345 462.331741333008 611.355941772461 759.44588470459 565.947708129883 672.939060211182 745.704025268555 849.478515625 689.431518554688 744.119552612305 630.957321166992 800.785354614258 664.291595458984 670.907775878906 815.279632568359 587.0185546875
-9999 -9999 -9999 817.144111633301 738.047431945801 805.384475708008 688.809631347656 871.603782653809 735.294185638428 690.733103752136 606.158571243286 731.078212738037 669.418085098267 711.47244644165 682.065315246582 617.2026014328 565.731284856796 582.432888031006 519.004940032959 409.196502685547 517.690946578979 678.225936889648 476.699867248535 1482.63893890381 577.133759737015 623.168045043945 656.52494430542 679.946285247803 615.548084259033 752.164127349854 645.411422729492 652.560777664185 612.195301055908 485.541793823242 843.304901123047 690.481796264648 503.400283813477 644.64005279541 748.749019622803 536.294151306152 627.01545715332 680.146148681641 663.746292114258 817.328952312469 604.06413269043 616.609893798828 554.004425048828 531.144592285156 482.097961425781 967.311477661133
-9999 -9999 -9999 862.705688476562 726.068534851074 891.578842163086 795.024145126343 878.934394836426 560.286956787109 1150.84741210938 732.387161254883 793.114692687988 743.588752746582 589.231399536133 546.092575073242 610.103922605515 688.280990600586 608.030471801758 441.219879150391 531.797222137451 615.142494440079 622.645893096924 466.223594665527 840.627630233765 663.687492370605 689.045040130615 645.956943511963 705.638298034668 595.631858825684 621.91915512085 583.932800292969 572.03035736084 533.178855895996 497.933898925781 625.974872589111 1087.78625488281 613.708278656006 625.752281188965 878.027740478516 709.886814117432 600.083038330078 607.477462768555 629.287521362305 862.095336914062 696.251770019531 1050.67385864258 698.165237426758 572.769958496094 987.405517578125 860.623069763184
