export/dem/dem83.asc
NCOLS 350
NROWS 171
XLLCORNER 152620
YLLCORNER 418050
CELLSIZE 100
NODATA_VALUE -9999
[rows 88 to 109 of 171, columns 50 to 99 of 350]
385.721986532211 333.410766601562 364.705375671387 444.675594329834 346.117908477783 322.454212188721 315.912551879883 457.295539855957 301.533203125 331.541695594788 343.833466529846 390.905609130859 372.569328308105 314.522281646729 499.660713195801 405.982055664062 424.699111938477 462.04419708252 468.781890869141 422.809608459473 431.788600921631 425.42467880249 348.425792694092 410.001449584961 377.930801391602 267.000091552734 470.641609191895 513.001281738281 344.250991821289 313.831748962402 435.50493144989 440.802507400513 542.708072662354 554.125675201416 367.555862426758 505.846572875977 455.070671081543 344.838729858398 333.493225097656 534.023132324219 524.282203674316 -9999 -9999 -9999 -9999 -9999 -9999 -9999 -9999 -9999
408.001472473145 478.135540008545 396.9309425354 409.862339019775 373.180173873901 433.224123001099 384.6706199646 272.616973876953 476.886344909668 347.283843040466 380.939208984375 328.696691155434 424.930465698242 465.199363708496 412.710998535156 614.434967041016 371.897785186768 383.790340423584 313.840950012207 344.955715179443 243.998107910156 392.972161531448 448.711963653564 367.489610671997 181.767440795898 508.331787109375 470.370124816895 418.318014144897 327.679458618164 444.56236743927 350.324913024902 309.935501098633 290.560890197754 391.63516998291 597.842537879944 558.269662857056 394.344772338867 227.674438476562 521.399963378906 529.021301269531 -9999 -9999 -9999 -9999 -9999 -9999 -9999 -9999 -9999 -9999
898.670595169067 443.922113418579 522.459823608398 450.692336082458 558.67301940918 551.56867980957 456.26921081543 369.772212982178 381.506579756737 350.190174102783 360.472878456116 428.217826843262 461.102645874023 534.789093017578 450.117698669434 519.79670715332 535.768585205078 517.969665527344 469.24144744873 500.275848388672 356.23454284668 309.99552154541 364.654346466064 310.885391235352 432.983123779297 424.397325754166 312.562423706055 318.015365600586 491.021896362305 354.211776733398 279.671264648438 431.91561126709 258.694763183594 316.379043579102 949.115745544434 422.084716796875 520.748168945312 349.511840820312 669.723976135254 524.868942260742 -9999 -9999 -9999 -9999 -9999 -9999 -9999 -9999 -9999 -9999
451.359056472778 899.537591934204 432.139112472534 406.427759885788 665.432266235352 487.405647277832 565.234481811523 401.315608978271 620.189514160156 371.520672798157 359.753844261169 364.805939674377 480.917655944824 350.294933319092 499.661293029785 576.385940551758 541.360214233398 538.240875244141 411.299097061157 535.289520263672 429.891799926758 351.133762359619 431.96612739563 386.236366271973 402.284118652344 363.150623321533 560.08984375 404.325824737549 348.143013000488 492.681535720825 162.302459716797 385.546909332275 398.410491943359 351.216003417969 755.002925872803 479.21427154541 397.754730224609 564.509914398193 541.004432678223 -9999 -9999 -9999 -9999 -9999 -9999 -9999 -9999 -9999 -9999 -9999
264.787510871887 542.460029602051 781.091361999512 323.673866271973 519.475456237793 578.096855163574 413.883983612061 485.894527435303 364.560539245605 423.424777984619 445.858463287354 350.531360626221 365.478206634521 419.899417877197 554.739669799805 480.528999328613 286.381729125977 416.71040725708 455.804691314697 452.831203460693 351.589317321777 317.531288146973 329.774848937988 605.983291625977 518.178245544434 353.011283874512 401.824565887451 573.51091003418 436.361686706543 440.82674407959 391.276443481445 286.529510498047 411.410484313965 659.632105827332 651.414840698242 534.735885620117 420.625602722168 725.448722839355 668.615886688232 -9999 -9999 -9999 -9999 -9999 -9999 -9999 -9999 -9999 -9999 -9999
373.843841552734 428.108528137207 405.74503326416 853.801120758057 183.008529663086 367.38451385498 489.433433532715 548.953201293945 525.135246276855 459.411834716797 404.63231086731 197.858108520508 432.407871246338 537.437255859375 435.530223846436 565.428085327148 461.820793151855 299.444847106934 503.16796875 419.995547294617 431.701015233994 455.198421478271 385.030282974243 412.890901565552 450.038702964783 495.241424560547 443.527672767639 335.845893859863 432.728275299072 443.169363021851 409.84733581543 399.740127563477 684.790414810181 726.949649810791 694.624153137207 648.774803161621 601.111846923828 565.341369628906 646.827907562256 -9999 -9999 -9999 -9999 -9999 -9999 -9999 -9999 -9999 -9999 -9999
478.374664306641 383.327560424805 372.71342086792 352.247734069824 625.495791435242 364.861671447754 241.948013305664 515.311950683594 455.399829864502 399.204124450684 459.660980224609 535.876358032227 452.864669799805 577.846435546875 642.793014526367 424.020904541016 446.295921325684 473.943473815918 467.408100128174 531.581588745117 365.71110534668 439.287323951721 415.593597412109 292.4306640625 436.913911998272 464.086631774902 318.767120361328 547.403671264648 467.599321365356 361.311561584473 426.027004241943 494.553756713867 391.701416015625 434.786399841309 626.112144470215 602.640777587891 509.6018242836 646.388059616089 -9999 -9999 -9999 -9999 -9999 -9999 -9999 -9999 -9999 -9999 -9999 -9999
316.226148605347 304.888786315918 292.385593414307 397.127914428711 369.380920410156 372.61517906189 471.363304972649 471.301391601562 284.253784179688 437.058981895447 433.93123626709 436.747861862183 477.978713989258 341.874088287354 491.183433532715 428.424816131592 477.200836181641 520.290641784668 348.479133605957 378.555957794189 485.164173126221 323.024971008301 294.651779174805 286.087554931641 396.849723815918 536.700958251953 500.801515579224 375.022888183594 411.202667236328 362.522422790527 612.447334289551 408.290832519531 434.420715332031 599.491628646851 552.924945831299 603.846546173096 485.411148071289 532.334396362305 -9999 -9999 -9999 -9999 -9999 -9999 -9999 -9999 -9999 -9999 -9999 -9999
326.3369140625 213.783569335938 259.295604705811 192.265182495117 482.671577453613 398.981216430664 301.278396606445 409.389739990234 395.19709777832 376.269306182861 412.183272600174 560.476585388184 370.328952789307 434.082672119141 417.402959823608 512.529891967773 420.47771525383 413.754100799561 400.794380187988 450.588117718697 342.721237182617 324.665077209473 266.659149169922 515.602750301361 329.335189819336 441.386238098145 450.28037071228 395.474014282227 412.248638153076 311.440383911133 351.567474365234 426.723983764648 398.208038330078 509.321687221527 650.710136413574 710.32536315918 518.303668022156 515.883262634277 -9999 -9999 -9999 -9999 -9999 -9999 -9999 -9999 -9999 -9999 -9999 -9999
186.161430358887 274.949323177338 132.23754119873 450.640930175781 516.173215866089 414.874389648438 382.094100952148 540.521045684814 432.123664855957 497.724323272705 485.30899810791 417.31888961792 586.140670776367 466.169738769531 421.363094329834 399.234064102173 368.846549987793 317.590286254883 294.264831542969 389.657992839813 400.698587417603 930.00471496582 529.979320526123 406.596618652344 412.588302612305 354.925849914551 384.44556427002 372.71728515625 412.224063873291 282.340469360352 462.433618545532 442.009113311768 777.652435302734 772.753830909729 473.051231384277 427.562488555908 585.538546562195 -9999 -9999 -9999 -9999 -9999 -9999 -9999 -9999 -9999 -9999 -9999 -9999 -9999
581.496622085571 77.4931335449219 619.014019012451 324.422485351562 492.283813476562 460.126495361328 432.755905151367 634.958587646484 702.754287719727 410.174001693726 578.902809143066 540.391212463379 423.768332481384 463.110782623291 490.168128967285 665.729034423828 517.078170776367 352.432960510254 360.046897888184 365.866546630859 458.110420227051 693.390258789062 745.715408325195 475.900871276855 420.560829162598 729.400573730469 403.894096374512 441.86362361908 360.202964782715 504.686447143555 466.425567626953 583.016075134277 499.949089050293 608.465953826904 412.928424835205 406.360816955566 424.507369995117 -9999 -9999 -9999 -9999 -9999 -9999 -9999 -9999 -9999 -9999 -9999 -9999 -9999
517.237499237061 589.879510879517 402.079818725586 589.805546760559 605.073288917542 622.621543884277 552.188369274139 573.697114944458 582.024715423584 513.201763868332 764.180801391602 523.108505249023 332.421493530273 362.039779663086 434.476099014282 459.82879447937 386.003955841064 455.806091308594 435.494262695312 578.643272399902 503.319988250732 684.011962890625 651.869049072266 461.793838500977 628.761138916016 376.661346435547 764.630210876465 624.824524879456 564.987289428711 635.923164367676 584.471946716309 597.767532348633 593.267509460449 533.935157775879 474.225187301636 337.050445556641 491.603477478027 -9999 -9999 -9999 -9999 -9999 -9999 -9999 -9999 -9999 -9999 -9999 -9999 -9999
441.348205566406 516.984512329102 572.094747543335 537.111608505249 707.953369140625 669.087692260742 469.558380126953 641.013793945312 632.426448822021 626.284659385681 584.776277542114 680.277145385742 542.980120778084 478.437282562256 331.038051605225 268.139053344727 521.609233856201 543.396815299988 468.790031433105 526.430170059204 609.330596923828 494.444549560547 600.611282348633 481.917961120605 502.001003265381 368.303680419922 450.500144958496 521.831977844238 638.298781394958 574.614234924316 574.708984375 636.083587646484 525.077835083008 531.786666870117 560.527236938477 634.458745956421 557.022148132324 -9999 -9999 -9999 -9999 -9999 -9999 -9999 -9999 -9999 -9999 -9999 -9999 -9999
472.095542907715 384.810653686523 361.382995605469 629.676295399666 564.428451538086 667.652130126953 592.490530014038 626.307331264019 495.809417724609 687.361785888672 683.452003479004 669.714881896973 817.765689849854 384.998447418213 338.219635009766 613.503730773926 578.245792388916 625.663970947266 562.915267944336 495.090057373047 482.910293579102 569.89289855957 564.997290015221 634.67537689209 494.473754882812 518.391410827637 409.306396484375 428.865837097168 632.243843078613 578.376789093018 605.951683044434 542.396408081055 519.176273345947 482.990507125854 639.939155578613 435.392517089844 -9999 -9999 -9999 -9999 -9999 -9999 -9999 -9999 -9999 -9999 -9999 -9999 -9999 -9999
470.085968017578 418.670055389404 703.644218444824 539.158805847168 695.841247558594 638.941738490015 607.091442108154 830.886978149414 591.078659057617 721.793029785156 671.169107437134 637.924375534058 565.787002563477 696.645668029785 418.164657592773 511.495275497437 409.68416595459 445.823875427246 497.297664642334 636.30525970459 593.153228759766 473.517311096191 595.526197433472 622.808094024658 547.400375366211 466.639167785645 511.201477050781 443.61890411377 498.56372833252 579.914810180664 506.055545806885 466.376156806946 516.443656921387 578.776957035065 597.555639266968 -9999 -9999 -9999 -9999 -9999 -9999 -9999 -9999 -9999 -9999 -9999 -9999 -9999 -9999 -9999
420.664329528809 385.964824676514 535.122884750366 365.348365783691 464.786477088928 480.928890228271 561.08139705658 688.967712402344 599.709053039551 661.435956001282 372.157302856445 453.41535949707 393.85130405426 600.690765380859 348.342697143555 353.35823059082 327.063705444336 416.845710754395 481.910041809082 463.603206634521 517.303268432617 574.180618286133 516.850593566895 600.909452438354 727.4326171875 578.594802856445 507.876117706299 564.878189086914 453.174890518188 373.900367736816 413.51872253418 504.439720153809 718.429763793945 504.836288452148 -9999 -9999 -9999 -9999 -9999 -9999 -9999 -9999 -9999 -9999 -9999 -9999 -9999 -9999 -9999 -9999
821.915668487549 505.952323913574 328.584934473038 314.476539611816 337.361488342285 282.606796264648 581.783599853516 497.163024902344 486.893249511719 467.88987326622 431.033500671387 407.406448364258 516.544412612915 518.834142684937 354.649917602539 496.175525665283 543.911866188049 498.709043502808 529.991704940796 429.331680297852 517.585220336914 545.745091438293 624.226337432861 532.032314300537 400.444091796875 482.640464782715 462.669142246246 527.020126342773 604.328704833984 391.722793579102 598.033476829529 828.27717590332 565.114883422852 -9999 -9999 -9999 -9999 -9999 -9999 -9999 -9999 -9999 -9999 -9999 -9999 -9999 -9999 -9999 -9999 -9999
-9999 444.494819641113 1027.15901565552 445.880585670471 380.662448883057 697.901054382324 364.118114471436 370.872852325439 334.801956176758 252.311965942383 347.273193359375 320.93155670166 352.411033630371 421.079023838043 142.130981445312 306.595726013184 398.083610534668 223.835983276367 295.844665527344 481.89525604248 386.450973510742 280.025787353516 488.496616363525 414.36402130127 475.026135444641 469.745136260986 544.30326461792 504.646288871765 503.32820892334 576.959816932678 623.05216217041 689.642211914062 -9999 -9999 -9999 -9999 -9999 -9999 -9999 -9999 -9999 -9999 -9999 -9999 -9999 -9999 -9999 -9999 -9999 -9999
-9999 -9999 -9999 -9999 661.853775024414 675.144561767578 431.836799621582 289.987258911133 756.576957702637 648.883178710938 470.073860168457 447.216499328613 272.958862304688 476.306228637695 390.057384490967 355.341857910156 340.287231445312 23.7441635131836 -31.1338577270508 612.053665161133 472.126159667969 641.610687255859 315.564010620117 445.19482421875 452.253288269043 631.13801574707 625.233047485352 597.449507236481 428.776695251465 529.824417114258 -9999 -9999 -9999 -9999 -9999 -9999 -9999 -9999 -9999 -9999 -9999 -9999 -9999 -9999 -9999 -9999 -9999 -9999 -9999 -9999
-9999 -9999 -9999 -9999 -9999 -9999 -9999 -9999 -9999 954.305347442627 654.148132801056 595.525162994862 592.527843475342 569.635051727295 392.644680023193 354.272521972656 671.098983764648 -21.1811447143555 3.32630157470703 562.519180297852 564.310371398926 547.239437103271 506.282501220703 519.61400604248 493.194274902344 652.234209984541 643.108203887939 537.786636352539 -9999 -9999 -9999 -9999 -9999 -9999 -9999 -9999 -9999 -9999 -9999 -9999 -9999 -9999 -9999 -9999 -9999 -9999 -9999 -9999 -9999 -9999
-9999 -9999 -9999 -9999 -9999 -9999 -9999 -9999 -9999 -9999 -9999 -9999 -9999 -9999 -9999 -9999 572.564720153809 893.229417800903 894.894916057587 690.132217407227 791.583641052246 971.401147842407 856.927536010742 753.350128173828 951.491460800171 -9999 -9999 -9999 -9999 -9999 -9999 -9999 -9999 -9999 -9999 -9999 -9999 -9999 -9999 -9999 -9999 -9999 -9999 -9999 -9999 -9999 -9999 -9999 -9999 -9999
-9999 -9999 -9999 -9999 -9999 -9999 -9999 -9999 -9999 -9999 -9999 -9999 -9999 -9999 -9999 -9999 -9999 -9999 -9999 -9999 -9999 -9999 -9999 -9999 -9999 -9999 -9999 -9999 -9999 -9999 -9999 -9999 -9999 -9999 -9999 -9999 -9999 -9999 -9999 -9999 -9999 -9999 -9999 -9999 -9999 -9999 -9999 -9999 -9999 -9999
