export/dem/dem83.asc
NCOLS 350
NROWS 171
XLLCORNER 152620
YLLCORNER 418050
CELLSIZE 100
NODATA_VALUE -9999
[rows 0 to 21 of 171, columns 150 to 199 of 350]
499.381156921387 569.415702819824 669.780403137207 -9999 -9999 -9999 -9999 -9999 -9999 -9999 -9999 -9999 -9999 -9999 -9999 -9999 -9999 -9999 -9999 -9999 -9999 -9999 -9999 -9999 -9999 -9999 -9999 -9999 -9999 -9999 -9999 -9999 -9999 -9999 -9999 -9999 -9999 -9999 -9999 -9999 -9999 -9999 -9999 -9999 -9999 -9999 -9999 -9999 -9999 -9999
638.560277938843 614.395057678223 804.914058685303 768.126708030701 879.731872558594 842.716598510742 675.170210838318 -9999 -9999 -9999 -9999 -9999 -9999 -9999 -9999 -9999 -9999 -9999 -9999 -9999 -9999 -9999 -9999 -9999 -9999 -9999 -9999 -9999 -9999 -9999 -9999 -9999 -9999 -9999 -9999 -9999 -9999 -9999 -9999 -9999 -9999 -9999 -9999 -9999 -9999 -9999 -9999 -9999 -9999 -9999
698.342712402344 426.65998840332 589.16722869873 684.953814506531 666.825769901276 632.949825286865 710.236637115479 613.648414611816 682.513442993164 793.714665412903 749.199851989746 662.491172790527 863.307369232178 895.808088302612 -9999 -9999 -9999 -9999 -9999 -9999 -9999 -9999 -9999 -9999 -9999 -9999 -9999 -9999 -9999 -9999 -9999 -9999 -9999 -9999 -9999 -9999 -9999 -9999 -9999 -9999 -9999 -9999 -9999 -9999 -9999 -9999 -9999 -9999 -9999 -9999
663.747863769531 584.262325286865 601.755935668945 702.319095611572 451.505447387695 713.580181121826 665.571672439575 955.990047872066 895.599060058594 824.800170898438 822.634983062744 785.498651713133 662.626983642578 854.466491699219 545.340559959412 724.851463317871 893.890312194824 856.165271759033 1030.05612182617 892.763473510742 708.303771972656 825.416167259216 873.014272689819 714.884750366211 773.030903816223 733.898864746094 757.125107765198 714.56632232666 683.112016677856 811.507383346558 639.877822875977 920.766056060791 867.955054283142 955.795532226562 876.493034362793 -9999 -9999 -9999 -9999 -9999 -9999 -9999 -9999 -9999 -9999 -9999 -9999 -9999 -9999 -9999
1068.46500396729 773.895637512207 526.16081237793 878.80933380127 1014.32528305054 941.057922363281 885.28080368042 927.187923431396 671.040130615234 972.208498001099 926.130485534668 479.405487060547 816.539903640747 688.464477539062 731.823944091797 707.803497314453 854.751922607422 871.494789123535 784.894456863403 605.878959655762 863.975368499756 885.932209014893 940.642616271973 1032.51557922363 814.534469604492 848.284015655518 665.353607177734 586.295394897461 799.999534606934 699.752182006836 857.029499053955 914.556015014648 752.961944580078 829.774681091309 702.657321929932 641.968170166016 685.640872955322 754.546245574951 744.445190429688 772.642501831055 561.683502197266 605.183349609375 612.749786376953 699.466869354248 760.133969321847 642.943885803223 742.277431488037 810.135066986084 813.838922977448 766.334274291992
1032.60995960236 770.453392028809 812.965702056885 993.086544036865 1088.94763946533 1029.98239517212 707.621597290039 832.477958679199 725.16633605957 777.918762207031 885.905258178711 636.754467010498 707.415077209473 649.90852355957 721.148352026939 518.98592376709 791.636703491211 787.907447814941 723.819000244141 885.451324462891 809.60880279541 698.671962738037 817.717121124268 868.117370605469 639.322280883789 716.43098449707 649.700154304504 811.968002319336 508.060745239258 770.031089782715 686.534091949463 689.22225189209 854.960678100586 816.013843536377 753.678127288818 765.972915649414 724.850231170654 962.460777282715 925.045440673828 847.982265472412 777.108711242676 601.698654174805 463.778381347656 720.597732543945 595.396133422852 526.187133789062 690.410913467407 671.68744468689 848.117324829102 818.054466247559
1224.23331451416 1291.61781311035 736.083610534668 659.819671630859 1037.47739028931 902.268440246582 927.666221618652 856.273223876953 795.222320556641 1172.91956329346 1001.03009033203 623.265014648438 719.065986633301 387.005142211914 740.141536712646 676.443996429443 744.879829406738 764.212791442871 751.59135723114 801.652900695801 824.83610534668 775.933124542236 775.831541061401 658.261051177979 825.312225341797 672.252270698547 472.933227539062 563.739891052246 518.48201751709 601.128845214844 711.84796333313 759.508781433105 668.426128387451 840.099502563477 848.157211303711 890.246444702148 867.449365615845 906.658798217773 911.743511199951 1043.77903747559 837.453141212463 820.311297416687 608.610290527344 589.203254699707 381.615020751953 570.495140075684 524.737457275391 841.612060546875 654.357646942139 726.310089111328
1221.3371887207 936.139938354492 677.202880859375 749.727676391602 903.768890380859 1022.62823295593 907.562042236328 623.751251220703 900.304000854492 1002.63139343262 988.848258972168 651.297645568848 782.117811203003 652.856857299805 881.31273651123 880.226551055908 597.658615112305 771.967910766602 768.96232175827 912.25862121582 922.660377502441 978.83226776123 862.127731323242 780.34226167202 667.533990859985 688.184314727783 550.645797729492 695.413848876953 586.843147277832 720.216449737549 799.966228485107 799.643772125244 630.55216217041 811.662269592285 724.427042007446 978.39436340332 821.201580047607 930.067710876465 954.183433532715 1036.13421630859 865.328121185303 830.429305076599 757.021026611328 762.000679016113 846.154215812683 704.53076171875 832.954322814941 810.488807678223 616.512573242188 775.718767166138
647.655952453613 616.555458068848 728.978424072266 725.680509567261 919.252464294434 716.878082275391 1026.87078857422 861.664749145508 928.614929199219 1061.91901779175 691.783630371094 586.294052124023 685.799994468689 658.621002197266 837.994536399841 639.968891143799 641.516494750977 927.734672546387 888.244117736816 825.765720367432 1065.49389123917 1096.30648803711 888.292941093445 1010.29499816895 722.454456329346 858.790451049805 809.965621948242 592.582901000977 804.438091278076 776.107528686523 797.603988647461 902.210815429688 874.8984375 825.667373657227 650.062118530273 913.63135099411 951.530255317688 987.755611419678 1095.4642791748 998.091325759888 880.741672515869 780.07396697998 913.469467163086 860.297388076782 771.575347900391 752.936134338379 935.595207214355 872.043273925781 779.517681121826 919.528366088867
825.6240234375 677.015731811523 571.779769897461 796.416938781738 602.58422088623 824.278849601746 633.177415847778 724.256458282471 594.02364730835 729.582134246826 650.334377288818 628.276245117188 535.500373840332 694.469804763794 909.578545331955 903.546188354492 1106.85440444946 699.705532073975 978.434963226318 829.210620880127 1048.22396850586 1069.88587188721 1232.75939321518 1211.36175537109 508.384140014648 766.159591674805 811.766597747803 707.457828521729 688.021528244019 598.061672210693 828.919538497925 955.715263366699 683.813930511475 810.908435821533 767.847281455994 828.65454864502 902.639991760254 1049.75486755371 1083.54849243164 1045.82794189453 797.999778747559 700.75764465332 647.496932983398 769.375389099121 721.555816650391 863.824737548828 1174.30955505371 846.602926254272 1030.04270935059 885.012994766235
857.174606323242 856.74772644043 780.415651321411 606.378852844238 546.352920532227 632.634553909302 429.966400146484 599.088937759399 786.746551513672 638.782274246216 744.910533905029 523.282974243164 524.150733947754 742.681058883667 560.481704711914 972.673973083496 1053.58736419678 714.754653930664 1096.11813354492 810.500406265259 1060.62102508545 836.223266601562 836.289131164551 936.865173339844 995.836505889893 1016.10513305664 541.806732177734 657.436370849609 592.963335037231 502.28581237793 775.216806411743 787.762321472168 673.511653900146 578.395262479782 655.879727602005 706.597320556641 847.550389766693 723.022186279297 887.263535499573 938.232204437256 600.354873657227 563.000427246094 827.298490524292 898.081745147705 789.45258140564 1176.0373840332 862.192420959473 1396.77910614014 1264.07914733887 991.550674438477
656.391008377075 672.53337097168 682.776428222656 602.892862319946 680.08801651001 738.652641296387 577.251710891724 492.520286560059 778.016151428223 665.250049591064 498.626480102539 627.300653457642 538.727836608887 1084.67593383789 707.976974487305 533.896530151367 689.437622070312 716.103889465332 804.54451751709 700.068481445312 739.56619644165 1127.65754699707 641.623764038086 779.905542373657 891.535202026367 790.858011245728 1296.90104675293 1376.3630065918 991.045051574707 1168.13764190674 1008.36190795898 650.292617797852 588.984855651855 485.51913690567 563.87446308136 666.104717254639 667.258926391602 582.711933135986 670.755138397217 739.36555480957 801.663265228271 753.934143066406 690.149566650391 609.046752929688 697.121070861816 684.715888977051 820.496524810791 898.212501525879 1020.39052200317 955.3076171875
577.888702392578 508.005218505859 618.260433197021 605.49284362793 852.087753295898 669.150108337402 729.702026367188 599.754451751709 738.818042755127 699.122930526733 764.800548553467 726.827964782715 1159.38849639893 809.17903137207 809.445907592773 407.29963684082 627.301490783691 699.704742431641 872.157684326172 704.334312438965 721.840751647949 1072.77836608887 574.704803466797 880.50057220459 831.24393081665 748.213890075684 962.29419708252 1347.03281211853 759.290014266968 987.485832214355 1002.31289672852 875.352256774902 637.152633666992 523.885070800781 551.367401123047 756.729820251465 707.748733520508 591.119636535645 678.548505783081 719.146007537842 678.587589263916 661.919158935547 668.938903808594 738.68229675293 778.939880371094 799.456001281738 715.115280151367 892.828910827637 763.253476142883 915.861793518066
649.431568145752 637.053588867188 493.690895080566 1143.46055793762 1061.0060043335 1264.74891662598 1018.99155807495 718.523189544678 599.877952575684 615.932830810547 564.337738037109 660.511573791504 496.286239624023 705.604099273682 762.515319824219 453.010589599609 681.282817840576 516.403762817383 719.51961517334 653.996543884277 821.570282459259 556.879440307617 1044.41552734375 809.647567749023 701.208099365234 883.580059051514 676.02116394043 768.418014526367 685.736679077148 709.088844299316 1367.79594373703 614.656524658203 458.976181030273 603.006851196289 584.465553283691 795.021614074707 706.525756835938 765.056385040283 572.053665161133 702.988019943237 556.678176879883 681.898384094238 808.202527999878 684.87585067749 746.246410369873 804.716865539551 788.521856307983 905.088760375977 1042.03270721436 900.596334457397
1113.57991600037 723.529167175293 684.368392944336 660.731304168701 682.408985137939 664.402276992798 763.692070007324 686.553581237793 776.520942687988 755.631514549255 807.893257141113 567.265396118164 540.114105224609 768.101909637451 1015.78695678711 611.491546630859 577.017692565918 441.630844116211 802.605041503906 757.789541244507 787.327951908112 875.949977874756 960.025451660156 713.68977355957 710.308399200439 815.124175071716 916.999649047852 697.350784301758 572.306243896484 666.329742431641 581.241455078125 869.417236328125 1210.35615539551 744.486099243164 815.601760864258 764.011119842529 637.644882202148 804.486274719238 609.37821149826 800.623893737793 783.741752624512 713.583232879639 761.985973358154 521.774017333984 752.026794433594 553.707344055176 762.506340026855 670.215375900269 1000.02307128906 786.501823425293
591.09198474884 731.143325805664 695.431274414062 670.250823974609 603.706722259521 588.809494018555 699.727478027344 603.861927032471 705.749366760254 726.446826934814 647.323959350586 438.113342285156 768.437755584717 1057.99920654297 705.529844284058 758.623886108398 648.602546691895 776.899444580078 711.685485839844 1144.11136627197 1238.29568481445 1103.11425971985 1346.27540206909 635.793716430664 799.397903442383 586.888748168945 951.58536529541 835.065536499023 601.213836669922 722.963760375977 623.654876708984 604.667343139648 773.942852020264 709.689443588257 687.882225036621 794.822994232178 627.352392196655 859.751167297363 729.351306915283 724.715648651123 826.914108276367 685.522928237915 719.111427307129 630.579456329346 508.480499267578 552.995170593262 637.807609558105 622.925689697266 674.555927276611 796.241394042969
699.47737121582 582.983432769775 762.960723876953 754.294555664062 607.423823356628 634.401968002319 594.51485824585 928.8798828125 811.765045166016 734.931461334229 685.289100408554 482.556999206543 1309.4352722168 1271.72341918945 644.170272827148 613.030578613281 722.455787658691 672.142196655273 633.812812805176 820.299499511719 1135.6113152504 641.392707824707 868.147653579712 538.267028808594 683.786102294922 683.32056427002 1836.91401672363 1025.25311279297 858.306571960449 662.22135925293 920.277058273554 595.121994018555 637.15601348877 1370.43714904785 719.947692871094 722.556646943092 684.844772338867 1131.50726699829 1429.36592102051 788.139297485352 747.228950500488 678.368375778198 865.398635864258 736.947792053223 1125.83748245239 726.861175537109 858.007135391235 674.838940620422 715.957629203796 844.22917175293
828.724304199219 764.350021362305 673.483726501465 631.432624816895 767.45686340332 654.910871505737 706.845428466797 663.126783370972 615.989654541016 720.817070007324 596.692417144775 522.946014404297 601.579963684082 464.974349975586 528.744186401367 915.857406616211 591.057754516602 497.249130249023 631.109344482422 621.905982971191 667.808238983154 729.188704490662 661.815292358398 803.19616317749 1036.77229309082 1080.34830856323 636.785385131836 810.957466125488 820.030020713806 846.25284576416 697.812835693359 1007.54543304443 931.807328224182 575.866806030273 953.879440307617 663.416339874268 728.143894195557 841.967651367188 832.439376831055 881.772277832031 557.028167724609 697.363393783569 831.385551452637 875.5869140625 899.129211425781 675.095983505249 705.012781143188 687.557813644409 1107.64545249939 857.635385513306
806.602767944336 765.360092163086 527.050956726074 719.979179382324 619.972130179405 734.987442016602 1066.31524467468 925.381031036377 635.058410167694 697.637063980103 537.723419189453 614.435539245605 737.925514221191 662.600364685059 606.308265686035 960.812408447266 1106.06256866455 1069.49942779541 715.091598510742 746.22779083252 614.032234191895 673.941474914551 1012.41887664795 617.862075805664 1111.90463829041 572.237731933594 605.816802978516 655.619979858398 619.632797241211 850.721874237061 766.646053314209 792.88095664978 652.607573032379 681.352945327759 624.208477020264 1395.87455368042 649.25541305542 625.834190368652 695.671621322632 1158.61479187012 831.472839355469 947.944622039795 1025.25416564941 901.126556396484 992.986694335938 1164.67830657959 723.070457458496 687.236135482788 533.00830078125 522.655014038086
519.904136657715 721.537498474121 558.959926605225 477.198013305664 709.079154968262 680.784030914307 823.328809738159 688.16024017334 681.089128732681 671.005843162537 803.187438964844 715.337760925293 518.626945495605 703.562407493591 569.991287231445 595.102760314941 560.481399536133 715.904169559479 645.983943939209 470.6904296875 734.826446533203 770.975715637207 741.984302520752 681.408248901367 879.442188262939 617.638687133789 630.991836547852 794.12548828125 741.690521240234 654.663787841797 686.620506286621 683.006538391113 852.533477783203 653.955244064331 773.224852561951 674.630111694336 647.072001934052 606.958103179932 663.486185073853 749.23258972168 614.075691223145 474.951232910156 818.054718017578 676.582553863525 594.772174835205 622.436950683594 836.065052747726 418.134216308594 605.517799377441 450.915679931641
663.297561645508 555.713596343994 657.776162624359 597.282034873962 531.658615112305 628.403162002563 638.164108276367 669.279745578766 1418.23377990723 564.333946228027 654.02131652832 511.93733215332 602.972217559814 507.307846069336 540.305648803711 602.066829681396 616.258905410767 655.306663513184 705.096633911133 797.675262451172 817.517333984375 592.465896606445 750.869007110596 743.113876342773 857.709190368652 758.49153137207 842.227035522461 465.188339233398 700.628620147705 574.843292236328 750.760520935059 809.274002075195 693.395774841309 582.506217956543 645.897536277771 587.496978759766 897.163146972656 586.016830444336 676.67019867897 698.168015480042 644.247184753418 924.921960830688 1217.34784317017 630.906250476837 707.458335876465 1357.1625213623 646.725715637207 665.425701141357 855.048690795898 929.740951538086
587.981525421143 608.488656997681 460.817947387695 705.068992614746 543.129043579102 775.017044067383 976.433319091797 613.654697418213 756.740219116211 630.287805318832 554.795104980469 943.25732421875 516.298957824707 973.346008300781 522.927597045898 604.242538452148 835.398429870605 671.57698059082 1006.88774871826 643.760055541992 588.279876708984 1224.71719360352 1168.29731750488 624.789993286133 662.029090881348 715.942230224609 680.034423828125 638.637496948242 1705.35263061523 615.265827178955 623.448143005371 673.065761566162 703.21004486084 654.6506690979 757.348899841309 779.819274902344 747.595603942871 636.610652923584 750.254961013794 718.847486019135 673.827613830566 676.672176361084 601.840705871582 721.121505737305 627.051277160645 1136.64370727539 723.835144042969 653.887819290161 701.438202857971 747.177017211914
