export/dem/dem86.asc
NCOLS 350
NROWS 171
XLLCORNER 152620
YLLCORNER 418050
CELLSIZE 100
NODATA_VALUE -9999
[rows 66 to 87 of 171, columns 50 to 99 of 350]
642.325035095215 560.656639099121 291.636840820312 493.543989181519 536.916435241699 479.309741973877 533.913543701172 456.527702331543 607.159896850586 468.014663696289 466.56282043457 231.058349609375 340.527739048004 336.571784973145 366.41552066803 252.834503173828 246.086135864258 338.047529220581 248.277145385742 492.210800170898 390.024946212769 456.541473388672 424.621967315674 519.65885925293 398.814556121826 310.884262084961 290.575622558594 423.542594909668 304.628879547119 300.900802612305 346.22721862793 409.780101180077 349.664533615112 493.407287597656 516.974967956543 432.790048599243 267.500610351562 428.339871883392 610.551452636719 603.806518554688 529.957954406738 268.524932861328 359.867156982422 355.389701843262 470.927799224854 348.315246582031 438.606209754944 530.152694702148 468.857599258423 388.646057128906
784.991638183594 495.794114112854 382.971477508545 420.193267822266 344.864044189453 508.717834472656 425.716184616089 316.156639099121 503.579917907715 505.681541442871 419.781059265137 321.709922790527 195.368377685547 386.691903591156 317.290519714355 297.632112503052 354.82186126709 306.039848327637 259.155052185059 377.269368171692 274.968597412109 348.166999816895 400.607864379883 365.917875289917 433.073345184326 459.333282470703 527.292434692383 408.541658401489 286.266990661621 448.528953552246 345.409044265747 414.805114746094 439.878051757812 384.506834030151 468.391387939453 460.789733886719 588.428176879883 537.806777954102 552.399200439453 359.832611083984 510.741905212402 374.369750976562 539.292755126953 311.712509155273 479.493764877319 506.515800476074 422.429899215698 424.852777481079 468.557851791382 530.542419433594
476.393348693848 384.680267333984 480.519002914429 464.238151550293 395.157255172729 465.343521118164 412.803960800171 505.508529663086 460.112602233887 383.193801879883 353.680022001266 389.979539871216 322.229415893555 386.889886856079 359.488777637482 326.268526077271 448.557823181152 213.36994934082 352.123041152954 437.68660736084 190.123672485352 299.14958190918 445.034034729004 445.327579498291 314.119903564453 570.188705444336 361.701425552368 469.533657073975 381.977237701416 427.437366485596 261.721817016602 480.479843139648 386.484933853149 547.260986328125 573.872833251953 485.919151306152 319.689102172852 415.955890655518 447.556114196777 495.939643859863 326.882690429688 434.143199920654 522.969131469727 362.38533782959 442.942559719086 480.823968887329 452.233667850494 436.520860671997 625.255798339844 572.839324951172
633.223205566406 474.112234547734 493.683731079102 400.896186828613 405.495378494263 475.332901000977 403.771200180054 434.74242401123 373.012584686279 412.148468017578 365.580874443054 323.794841766357 342.63786315918 374.646829605103 341.166075706482 405.19584274292 305.519340515137 479.211624145508 446.669006347656 411.656242370605 477.957511901855 395.635000228882 411.0263671875 429.270900726318 459.985973358154 450.703628540039 545.67546081543 393.36302947998 355.095455169678 484.366508483887 401.830614089966 361.590549468994 442.408729553223 491.09407043457 344.1826171875 369.219202041626 560.555130004883 511.49373626709 476.541381835938 527.047172546387 323.990455627441 532.095756530762 302.827667236328 444.629460096359 413.002141952515 592.599411010742 495.806655883789 526.544494628906 555.120620727539 388.937164306641
540.152938842773 430.913457870483 400.910488128662 260.098876953125 415.005044937134 431.899097442627 488.386795043945 382.620944976807 411.555805206299 370.153490066528 339.983476638794 544.0361328125 446.751937866211 327.344636917114 416.715171813965 298.656936645508 221.336898803711 380.22922039032 334.87313079834 366.796251773834 372.906419754028 448.952449798584 533.562072753906 484.680694580078 394.475474596024 341.821743011475 465.678329467773 348.72082901001 441.443405151367 388.900654792786 436.923145294189 374.153005599976 339.071586608887 515.367149353027 327.053184509277 378.349756240845 516.900527954102 455.300472259521 504.216873168945 430.118937969208 362.628124237061 395.798778533936 344.51309967041 364.694961547852 457.023747205734 443.216067314148 448.81320643425 308.107315063477 589.447952270508 542.823120117188
497.543117523193 454.474294662476 290.93782043457 337.7903175354 346.626537322998 221.450637817383 210.512145996094 308.49711227417 311.078620910645 287.590911865234 319.521461486816 297.800064086914 232.377342224121 409.733764648438 413.269769668579 477.006423950195 430.162929534912 413.705978393555 320.75678062439 336.403347015381 366.36562538147 299.195472717285 434.838188171387 447.129600524902 506.818534851074 479.239524841309 568.599243164062 497.352615356445 512.19612121582 521.150421142578 503.80590057373 413.552501678467 331.391399383545 422.586526870728 449.965381622314 401.134464144707 543.877700805664 330.140563964844 673.541976928711 364.643184661865 460.554292678833 418.280033111572 299.86491394043 474.868651390076 366.628280639648 419.555545806885 530.233123779297 556.240653991699 441.9879322052 539.829750061035
445.080376625061 399.267288208008 401.416625976562 356.242599487305 527.329788208008 421.611351013184 216.567413330078 371.937931060791 369.502225875854 359.018699645996 324.646764755249 411.99040222168 311.873294830322 376.583010673523 427.242370605469 517.287460327148 562.632888793945 243.153648376465 311.513702392578 358.078014373779 378.355441093445 350.774478912354 433.484237670898 362.656723976135 281.204246520996 483.043800354004 498.998497009277 470.196426391602 496.874557495117 327.601303100586 351.999457359314 467.793769836426 350.566486358643 395.738072395325 576.885726928711 350.601844787598 252.462585449219 437.328570365906 441.944675445557 445.835214614868 447.063886642456 269.011367797852 347.699127197266 439.246295928955 356.998573303223 426.738479614258 436.169094085693 495.396871566772 476.969738006592 499.077748298645
501.851455688477 438.469470977783 314.912780761719 371.794344425201 187.220199584961 300.781921386719 210.804382324219 326.007709503174 334.750375747681 350.443512320518 394.677722930908 353.655753016472 353.618187904358 242.643547058105 387.432657241821 501.678924560547 458.25569152832 358.071566581726 577.630584716797 298.535377502441 457.406135559082 345.856464385986 269.728126525879 257.085868835449 407.259880065918 507.915924072266 491.269332885742 526.102691650391 557.690017700195 506.860717773438 509.325942993164 477.803436279297 446.376209259033 406.797136306763 418.665596008301 443.601749420166 388.533357620239 412.541534423828 409.87428855896 459.157411575317 408.84725189209 153.778076171875 337.749366760254 491.881298065186 239.499160766602 331.157913208008 516.164152145386 357.988037109375 431.801818847656 429.4208984375
418.787191390991 319.663185119629 454.850631713867 397.343613624573 579.789413452148 340.157033920288 299.189041137695 469.241119384766 317.393527984619 302.673038482666 425.810768127441 428.256271362305 345.927854895592 429.463966369629 394.207141876221 445.279861450195 467.709503173828 460.820892333984 259.748580932617 278.006744384766 334.37628364563 267.609527587891 424.177814483643 460.538871765137 436.407512664795 450.624526977539 356.40224647522 523.383636474609 533.553482055664 429.604862213135 443.156833648682 487.076156616211 435.379676818848 468.386959075928 421.649132728577 415.04656791687 427.931069374084 378.465511322021 512.390396118164 536.781158447266 499.563598632812 266.492218017578 398.360366821289 359.870567321777 412.112781524658 500.608996868134 463.641681671143 279.601531982422 507.685134887695 528.137154102325
595.994735717773 227.560195922852 411.400053024292 317.94263458252 527.476150512695 179.132202148438 577.642196655273 424.532215118408 259.81095123291 315.964321136475 293.715179443359 376.259470939636 331.02255821228 333.561040878296 341.224876403809 270.760208129883 541.159225463867 469.534706115723 263.526374816895 302.177360534668 312.388446807861 453.136009216309 300.489940643311 442.793601989746 339.736598968506 378.653146743774 511.229995727539 371.201553344727 296.096366882324 432.937740325928 446.629940032959 398.755217790604 572.435592651367 521.988243103027 468.561931610107 391.948532104492 479.379261016846 438.426437854767 437.851454019547 437.23246383667 471.173820018768 302.211196899414 456.204597473145 413.606887817383 487.728925704956 436.303424835205 321.686538696289 429.821655273438 319.970977783203 809.186485290527
699.762474060059 483.102462768555 356.785820007324 444.371158599854 494.721084594727 336.986190795898 506.566116333008 403.084939956665 606.055847167969 358.733474731445 404.760551452637 296.114448547363 280.816673278809 414.019268035889 386.042182922363 337.052652359009 501.221420288086 490.457702636719 355.277496337891 274.456047058105 385.373472213745 474.829971313477 425.60718536377 453.920822143555 398.651626586914 407.31053352356 310.509082794189 425.369964599609 348.782470703125 459.255001068115 415.80867767334 314.38988494873 393.602348327637 392.231885910034 477.792308807373 418.068133592606 517.599296569824 312.473327636719 621.882583618164 493.9924659729 517.434146881104 448.926511764526 328.723663330078 318.697799682617 318.826644897461 561.165420532227 611.196937561035 883.68052315712 588.713588237762 702.124938964844
274.407272338867 564.958160400391 253.131210327148 292.137939453125 506.907678604126 563.880859375 392.508516788483 437.04662322998 357.107370853424 476.752250671387 460.087327957153 300.565830230713 265.591842651367 346.757659912109 332.69998550415 462.229675292969 384.50118637085 379.705124258995 480.774948120117 367.826125144958 384.070293426514 454.293045043945 531.266479492188 360.140612602234 281.051452636719 225.323104858398 317.960742950439 350.019275665283 394.918503761292 337.850093841553 310.644927978516 396.292320251465 528.070571899414 431.322826385498 465.765745162964 408.617576599121 372.200164794922 486.582429885864 489.428965568542 534.738819122314 571.744689941406 592.436363220215 281.39421081543 632.136413574219 411.023502349854 631.30876159668 552.981563568115 778.427148342133 564.449272155762 592.501625061035
374.616500854492 353.349844932556 331.151044130325 478.854400634766 526.78946685791 540.408004760742 569.048538208008 433.626270294189 458.298736572266 335.822353363037 280.733589172363 163.749053955078 156.061218261719 188.753387451172 97.6445007324219 367.198016166687 504.358779907227 347.896329879761 351.527740001678 536.842041015625 341.30416893959 387.857039928436 311.687393188477 352.204782485962 306.221336364746 467.337074279785 454.281562805176 448.959808349609 457.890113830566 462.162071228027 413.058246612549 527.903182983398 465.665718078613 495.638561248779 431.162443161011 599.556503295898 436.735765457153 418.180389404297 410.644325256348 414.805778503418 488.976713180542 499.88049697876 330.187225341797 787.369010925293 520.467224121094 696.581520080566 342.501663208008 319.995590209961 615.388404846191 726.868843078613
287.572025299072 214.933792114258 337.06194293499 438.52095413208 504.624889373779 431.44314289093 402.593738555908 336.060321807861 429.504470825195 325.319669723511 466.277770996094 445.19091796875 189.567352294922 282.729530334473 241.451362609863 310.448345184326 412.602046966553 294.891464233398 396.364220619202 589.28352355957 527.414443969727 431.743354797363 384.479454040527 330.917236328125 279.70930480957 290.416938781738 298.07014465332 391.742354869843 352.431453704834 358.134437561035 386.575908660889 307.694381713867 310.262512207031 433.531705617905 399.58304977417 389.389846801758 427.501663208008 379.948638916016 366.573081970215 530.504246711731 581.076892852783 566.775485992432 712.667304992676 689.885307312012 540.147987365723 483.963592529297 581.220767974854 442.400367736816 544.900499343872 656.143315792084
602.019340515137 308.696151733398 348.146453857422 548.43083190918 379.306401491165 284.210563659668 240.265998840332 300.660823822021 354.397899627686 408.72575378418 423.373043060303 269.831481933594 301.455749511719 275.552574157715 353.572124481201 321.53299331665 421.397724151611 409.838596343994 458.437721252441 217.84423828125 415.814147949219 503.131385803223 323.772605895996 363.56677532196 410.770257949829 374.285122871399 398.663946151733 496.745811462402 410.6800365448 419.336530685425 363.848979949951 367.476261138916 480.961952209473 433.771821260452 458.854000091553 481.998693466187 468.505258560181 556.277812957764 342.761932373047 449.538463592529 435.828193664551 492.454025268555 702.521102905273 473.023258447647 464.369529724121 402.162872314453 359.454040527344 543.751405715942 456.972129821777 371.532684326172
367.209028244019 325.938186645508 317.971504211426 342.832233428955 417.25549697876 323.722450256348 474.62336730957 424.695442199707 297.405857086182 454.677536010742 459.74732208252 349.409613609314 365.612471580505 151.63688659668 264.51399230957 245.10718536377 281.249061584473 236.764373779297 184.266616821289 393.99387550354 390.137729644775 512.088668823242 411.742031097412 417.49445438385 444.908302307129 355.722011566162 347.107154846191 406.247320652008 253.55818939209 393.177510261536 432.383697509766 257.119132995605 474.565734863281 325.073448181152 533.247749328613 491.853804588318 390.356307983398 480.25951385498 514.284749984741 641.415096282959 744.339263916016 483.340324401855 698.625709533691 571.112213134766 455.743637084961 312.354156494141 441.471977233887 280.692626953125 353.286575317383 230.435363769531
398.904603004456 461.938842773438 225.772773742676 315.132316589355 433.109031677246 426.627368927002 487.187576293945 328.313220977783 199.855819702148 239.58324432373 444.298538208008 348.805839896202 158.7314453125 302.760864257812 116.284942626953 386.007949829102 295.985206604004 253.318817138672 234.358825683594 400.024250030518 473.280700683594 490.87036895752 406.947149276733 239.808868408203 361.532861709595 309.340141296387 359.051414489746 501.754211425781 325.814109802246 417.080380439758 331.628196716309 361.494163513184 462.656904220581 426.830696105957 520.43212890625 516.31897354126 546.778430938721 350.635955810547 812.613929748535 589.961158752441 553.218868255615 331.557235717773 425.013317108154 570.776725769043 464.417068481445 331.904235839844 560.479190826416 447.143501281738 386.581192016602 263.494598388672
399.910573959351 568.904205322266 347.701599121094 402.00170135498 305.762390136719 430.682891845703 508.571701049805 500.277404785156 294.685041427612 263.24893951416 408.060890197754 322.785480499268 349.960857629776 475.167442321777 466.186813354492 365.776441574097 272.201835632324 244.657913208008 497.493751525879 360.390433311462 311.294464111328 464.403579711914 466.111480712891 353.058723449707 393.549043655396 423.896514892578 478.668151855469 561.901168823242 366.904632568359 374.622770309448 378.042454719543 386.733657836914 406.807676315308 583.227523803711 412.528656005859 442.674451828003 301.24577331543 628.787563323975 413.135208129883 467.489974975586 298.874786376953 326.598403930664 656.174942016602 398.932388305664 637.764984130859 536.2685546875 525.523277282715 445.597747802734 475.62939453125 337.9091796875
483.274559020996 490.054122924805 524.095825195312 533.517105102539 433.014930725098 605.137451171875 506.464874267578 294.613418579102 364.816453933716 392.319042205811 291.75532913208 66.0416870117188 343.403358459473 366.366953849792 381.811985015869 335.116724014282 219.763214111328 254.20809173584 330.251592636108 407.825248718262 415.467189788818 377.997948408127 362.093326568604 365.953100204468 441.300006866455 511.564476013184 521.57666015625 411.784512042999 436.422204971313 438.525695800781 460.601779937744 474.609230041504 374.184936523438 559.73902130127 347.166007995605 374.087615966797 645.674331665039 558.400580406189 552.221910476685 565.320583343506 415.546493530273 625.072250366211 516.785087585449 585.056558609009 668.188919067383 610.410436630249 649.406616210938 553.861274719238 551.127998352051 457.422698974609
559.866592407227 543.24853515625 477.700263977051 437.35587310791 375.014850616455 467.483047485352 389.127922058105 77.9913635253906 257.079368591309 534.203750610352 262.506072998047 247.872367858887 474.931777954102 368.511202812195 406.828563690186 365.266033172607 282.032341003418 291.246505737305 264.848510742188 171.485336303711 348.109785079956 289.488296508789 411.272415161133 357.089004516602 506.347412109375 382.926153182983 446.745292663574 370.200016021729 373.647010803223 428.892858505249 478.118717193604 425.858922958374 415.377605438232 403.377105712891 369.695938110352 301.746780395508 399.807678222656 461.837020874023 606.180109024048 355.463920593262 498.876385211945 576.900814056396 589.87099647522 740.255905151367 641.273258209229 -9999 -9999 830.777503967285 456.243515014648 713.902252197266
500.571365356445 296.209609985352 387.500969409943 412.331592559814 495.905883789062 455.739784240723 439.930938720703 390.428314208984 300.218391418457 200.588485717773 432.879959106445 329.683520317078 387.347591400146 480.354393005371 373.729555130005 289.597496032715 368.892539024353 279.797912597656 388.459934234619 409.972736358643 309.317977905273 204.443069458008 452.330772399902 273.143852233887 428.59578704834 320.857208251953 449.043649673462 282.716690063477 465.692211151123 470.502853393555 461.764064788818 427.610505819321 392.668266296387 318.812194824219 287.296478271484 864.339116096497 678.393920898438 444.345657348633 491.7171459198 478.982810974121 516.479347229004 492.925445556641 -9999 -9999 -9999 -9999 -9999 -9999 -9999 -9999
563.018890380859 411.87091255188 521.654182434082 324.642219543457 377.178952217102 450.526794433594 412.727691650391 285.970084190369 306.40461730957 255.373817443848 378.712642669678 179.471282958984 262.319244384766 441.264350891113 281.805892944336 454.842109680176 386.219333648682 461.336502075195 147.054809570312 387.790646791458 345.438175201416 329.592811584473 501.221641540527 315.513305664062 384.593796730042 299.47144317627 383.180570602417 384.121543884277 430.002696990967 510.294784545898 485.902641296387 360.288230895996 531.893611907959 555.039962768555 518.897445678711 625.421493530273 612.732128143311 471.62606048584 428.826427459717 675.568473815918 574.990310668945 -9999 -9999 -9999 -9999 -9999 -9999 -9999 -9999 -9999
