export/dem/dem84.asc
NCOLS 350
NROWS 171
XLLCORNER 152620
YLLCORNER 418050
CELLSIZE 100
NODATA_VALUE -9999
[rows 22 to 43 of 171, columns 50 to 99 of 350]
-9999 -9999 -9999 -9999 -9999 -9999 -9999 -9999 -9999 454.168411254883 553.569671630859 584.757041931152 622.913948059082 730.81563949585 524.954700469971 385.229843139648 431.873760223389 489.756271362305 646.717615127563 539.159599304199 442.262054443359 420.700408935547 540.610824584961 694.854919433594 639.861068725586 710.104957580566 515.947463989258 632.948692321777 473.96647644043 607.710078001022 634.328372955322 567.000329971313 604.377324581146 598.893410205841 504.323921203613 599.814319610596 543.026002883911 593.662794113159 520.034320831299 471.569091796875 389.16487121582 536.571537017822 1099.030418396 660.862789154053 476.537338256836 526.907722473145 442.696350097656 461.940078735352 477.233322143555 1454.165558815
-9999 -9999 -9999 -9999 -9999 -9999 -9999 -9999 781.987213134766 549.013145446777 593.89485168457 594.444625854492 717.950134277344 444.725921630859 453.511087417603 507.679489135742 467.927978515625 552.05558013916 559.461353302002 587.176170349121 456.615798950195 729.742889404297 462.605117797852 590.12272644043 598.733177185059 725.184600830078 605.14112663269 489.54557800293 440.823303222656 469.464981079102 509.295625686646 473.40446472168 431.050888061523 456.230018615723 488.834373474121 883.769546508789 621.385913848877 996.457572937012 704.947708129883 1038.68218994141 784.985424041748 562.171882629395 462.867362976074 461.756088256836 518.883262634277 550.467586517334 545.189785003662 572.273612976074 386.560134887695 1124.13611602783
-9999 -9999 -9999 -9999 -9999 -9999 -9999 860.176788330078 804.975723266602 840.097145080566 615.005962371826 592.869110107422 330.113189697266 295.585556030273 482.463356018066 530.113639831543 587.700771331787 453.676803588867 512.54418182373 614.565418243408 520.165420532227 541.810554504395 481.551040649414 592.789451599121 574.64070892334 632.3776512146 433.878631591797 541.951675415039 534.323802947998 1182.05076599121 711.086652755737 711.659942626953 637.788627624512 609.595806121826 779.373025894165 617.616416931152 607.353357315063 621.482151031494 410.638748168945 632.263783931732 498.085388183594 487.23560333252 582.112188339233 369.765396118164 562.135656356812 499.602966308594 453.387855529785 328.174179077148 474.282440185547 1020.67741012573
-9999 -9999 -9999 -9999 -9999 -9999 891.74129486084 664.096313476562 810.15364074707 826.401000976562 586.70853805542 551.462249755859 238.66276550293 460.52702331543 482.970096588135 565.256149291992 683.328281402588 570.880996704102 545.327665328979 699.17978811264 684.42484331131 705.691584587097 646.808685302734 664.037654876709 525.725284576416 637.144664764404 430.473037719727 1000.58651733398 592.848251342773 762.447119951248 652.611961364746 620.738121032715 651.966575622559 817.404960632324 640.704692840576 592.443183898926 596.73530960083 542.446224212646 489.517364501953 636.09790802002 631.000198364258 543.965326309204 552.597414016724 595.133651733398 464.461364746094 357.266845703125 425.209091186523 578.822364091873 441.324569702148 696.256805419922
-9999 -9999 -9999 -9999 -9999 755.71209526062 509.957145690918 260.223861694336 319.680282592773 588.850009918213 694.590072631836 383.405456542969 720.408378601074 572.197280883789 564.535034179688 753.754043579102 670.92667388916 662.389320373535 576.925245285034 448.881607055664 599.824295043945 537.618017196655 612.47741317749 643.751617431641 578.583452701569 852.582605361938 728.411659240723 853.972881317139 802.415512084961 751.392819881439 596.134902954102 522.326583862305 561.171379089355 451.729721069336 619.612411499023 755.861030578613 531.493034362793 394.895797729492 596.09356880188 382.385345458984 564.354388237 706.928741455078 570.598918914795 449.048599243164 463.335319519043 511.901494979858 527.948539733887 409.30061340332 583.135833740234 587.49186706543
-9999 -9999 -9999 -9999 435.328689575195 641.27965927124 432.447731018066 462.890316009521 299.126617431641 523.471343994141 436.916595458984 595.000869750977 533.093460083008 638.502855300903 493.648071289062 735.251540660858 390.132392883301 623.156936645508 511.352348327637 545.19969367981 532.099586486816 486.439025878906 392.290084838867 1067.21114349365 904.922439575195 752.756759643555 732.927762985229 730.483446121216 674.986339569092 607.887939453125 659.33744430542 635.430076599121 550.954456329346 582.60285949707 582.468196868896 415.566619873047 661.148832321167 463.799728393555 494.213088989258 613.123531341553 604.303993225098 587.313688278198 579.411399841309 544.247156143188 562.894989013672 520.774757385254 444.156341552734 474.864974975586 493.962188720703 483.5546875
-9999 -9999 -9999 1044.43139648438 402.917984008789 492.86548614502 590.700281143188 397.30736541748 425.590362548828 613.488563537598 639.39582824707 602.842765808105 506.697158813477 809.102752685547 803.3190574646 552.462406158447 775.268508911133 608.347115516663 541.770561218262 414.668472290039 450.462547302246 418.811714172363 642.197479248047 550.404937744141 592.807010650635 441.527969360352 648.60400390625 501.707672119141 621.52872467041 486.683158874512 581.313076019287 635.071174621582 658.746231079102 642.824897766113 574.835522651672 462.889205932617 581.46516418457 595.880258560181 725.491958618164 365.061447143555 520.471460342407 450.121231079102 472.869804382324 462.273223876953 461.363056182861 643.931632995605 478.734912872314 582.607933044434 415.525817871094 540.322326660156
-9999 -9999 593.904991149902 1142.84860229492 379.894462585449 346.055221557617 392.098754882812 263.653945922852 619.820392608643 604.033248901367 537.584136962891 639.045896530151 442.823974609375 901.45361328125 650.376209259033 533.784511566162 673.964099287987 710.736358642578 958.357969284058 674.333396911621 1187.26287460327 326.015899658203 424.199684143066 655.24454498291 483.372163772583 371.770156860352 399.068222045898 639.280555725098 483.47462272644 390.831504821777 510.730937957764 509.851791381836 665.056495666504 717.318954467773 533.798367261887 483.086982727051 611.338516235352 568.284139633179 537.221581459045 432.50952911377 392.670539855957 580.254348754883 524.712230682373 377.125984191895 553.931228637695 567.78458404541 463.883110046387 463.183387756348 423.828521728516 820.710594177246
-9999 -9999 725.322298049927 1010.35163116455 871.502487182617 341.734077453613 565.77698135376 540.96648979187 508.123931884766 624.011741638184 448.611099243164 510.282512426376 717.242282867432 815.342514038086 695.807854190469 517.99658203125 669.180400848389 575.586834907532 831.863222122192 752.962341308594 581.267238616943 618.776428222656 490.99983215332 475.435974121094 320.378021240234 347.682502746582 431.855255126953 392.216575622559 543.563873291016 435.255811691284 410.767990112305 526.961040496826 360.992828369141 425.277477264404 302.097763061523 405.79963684082 500.928392410278 618.785758972168 503.238182067871 456.772340774536 430.404457092285 610.234390258789 407.633392333984 517.369579315186 512.802974700928 452.895175933838 555.888011932373 517.534616470337 596.714897155762 681.031311035156
-9999 644.197282314301 578.938507080078 596.268779754639 387.346557617188 626.696827888489 451.307037353516 567.431640625 659.127368927002 488.467590332031 521.747749328613 592.336280822754 595.025238037109 742.109909057617 565.016712188721 672.376369476318 549.005258560181 412.227813720703 672.400779724121 444.266098022461 637.910278320312 627.879951477051 559.298126220703 524.409698486328 398.602245330811 453.731050491333 515.3131980896 472.167672157288 501.878028869629 603.795593261719 388.869506835938 461.021545410156 472.854343414307 414.121280670166 509.058601379395 536.477409362793 483.459636688232 509.546241760254 486.419233322144 481.732378005981 578.927177429199 505.276035308838 541.313560009003 531.875968933105 441.279186248779 418.869598388672 712.682388305664 602.000640869141 496.231956481934 605.008235931396
576.970575332642 632.091526031494 502.369194030762 628.378128051758 559.530796051025 648.398506164551 510.983184814453 482.340744018555 671.864301681519 524.59114074707 687.956855773926 650.263763427734 595.749870300293 602.910646438599 691.810398101807 735.795509338379 429.735931396484 548.729900360107 368.343437194824 553.969036102295 635.539413452148 668.327041625977 591.519012451172 435.975852966309 509.662178039551 391.195617675781 495.148525238037 486.135704040527 450.136192321777 472.112356185913 542.894237518311 443.642681121826 340.28003692627 329.438133239746 428.527824401855 441.186724662781 431.258115768433 445.395322799683 331.788627624512 508.452960968018 453.569703102112 568.638034820557 496.635528564453 565.465965270996 569.450569152832 406.361419677734 380.615524291992 523.303436279297 482.515880584717 557.977922439575
601.720010280609 462.917221069336 427.022514343262 557.090991973877 575.372731685638 627.018245697021 672.86381149292 562.724159240723 481.800552368164 640.789064407349 739.222599029541 488.468200683594 600.801520347595 482.225086212158 578.6142578125 359.522262573242 491.80249786377 524.858657360077 546.655288696289 597.845695495605 543.310920715332 565.738143920898 624.843383789062 453.608517169952 505.503787994385 402.188335418701 500.515186309814 384.828269958496 443.480323791504 363.523597717285 455.642534255981 342.244499206543 473.172820091248 349.220481872559 448.37451171875 470.364676952362 335.615715026855 429.090576171875 530.891616821289 408.194911956787 451.168376922607 419.554107666016 377.984733581543 560.157028198242 410.88858795166 567.429428100586 463.065258026123 473.128223896027 593.207427978516 404.526702880859
495.203651428223 306.125473022461 429.771484375 479.511558532715 477.041549682617 645.707496643066 628.182980537415 395.285636901855 696.258243560791 560.669647216797 517.867713928223 636.75496673584 544.393951416016 807.128967285156 572.372711181641 626.751550674438 710.706527709961 483.647998809814 443.935745239258 420.600471496582 480.437767028809 566.490173339844 504.274139404297 373.061988830566 497.076560974121 555.157012939453 632.248092651367 476.858376502991 485.767330169678 420.183401107788 545.664848327637 364.917434692383 367.112968444824 283.83122253418 389.242782592773 509.937965393066 305.453994750977 420.149627685547 563.942939758301 487.968914031982 441.18856048584 469.06201171875 303.829681396484 456.138106822968 440.9322681427 403.773574829102 536.01732635498 488.03750038147 510.752317428589 413.916038513184
413.100303649902 403.18318939209 478.627305984497 478.402885437012 357.851943969727 561.704887390137 590.567817687988 725.028060913086 544.308502197266 662.529347896576 543.595138549805 522.120032787323 649.582984924316 534.949544906616 484.314159393311 451.405445098877 329.631149291992 429.666038513184 404.105560302734 464.011371612549 573.288146972656 640.241943359375 487.862499237061 324.888175964355 405.69623374939 516.267150878906 413.139198303223 607.680450439453 526.490280151367 502.215629577637 562.814193725586 471.621204376221 443.034334897995 558.004188537598 464.986390113831 444.226169586182 391.413124084473 509.408115386963 429.936689376831 505.346694946289 533.973854064941 578.62525177002 263.877380371094 479.309943199158 443.981870651245 486.458782196045 506.610462188721 338.006393432617 336.170181274414 567.123497009277
501.736831665039 416.309020996094 338.103851318359 364.238128662109 484.213424682617 684.988899230957 520.366981506348 789.974708557129 710.175942420959 682.151405334473 403.280738830566 580.22306060791 591.399551391602 649.653381347656 599.80143737793 552.186794281006 680.260269165039 527.179628372192 473.783994674683 414.450477600098 517.710689544678 413.865112304688 529.980430603027 415.101991653442 447.877345085144 384.457229614258 450.476764678955 479.288311004639 628.877075195312 398.418685913086 367.120697021484 590.887100219727 585.080200195312 607.115463256836 605.415618896484 473.586326599121 347.308212280273 402.976757049561 397.951343536377 431.514301300049 381.245864868164 369.989650726318 452.343353271484 427.920860290527 469.473436355591 410.531555175781 444.749242782593 445.808692932129 453.730457305908 459.229928970337
533.577743530273 388.668487548828 326.558639526367 456.072265625 637.607522964478 375.192481994629 577.704601287842 423.266845703125 665.290019989014 593.612854003906 452.94035756588 724.434868812561 650.946670532227 554.562698841095 405.256164550781 423.554023742676 489.289398193359 366.743507385254 448.818691253662 458.915895462036 600.907302856445 511.481559753418 432.016496896744 371.639007568359 403.987546920776 398.272472381592 530.05591583252 467.388372242451 323.443794250488 418.541083335876 525.992698669434 428.873094558716 441.069589614868 384.139728546143 575.213470458984 516.590240478516 506.301399230957 517.98327255249 550.015449523926 500.251415252686 550.131607055664 538.158531188965 597.01139831543 536.166168212891 492.766170501709 440.065477371216 401.268981933594 535.093200683594 375.723747253418 522.034301757812
546.427253723145 381.136444091797 391.332000732422 553.511421203613 499.164056777954 315.816352844238 537.40741443634 900.239074707031 1056.52803611755 1067.81636047363 531.758350372314 593.885341644287 629.609268188477 589.306571960449 501.82869720459 428.551773071289 492.642456054688 450.540985107422 521.247215270996 391.83447265625 514.365844726562 475.195724487305 510.247566223145 317.302665710449 346.936782836914 490.624923706055 407.310288190842 323.367599487305 374.217113494873 438.228413105011 465.134666442871 585.624221801758 398.753633499146 443.087656021118 568.320220947266 276.612869262695 346.066604614258 519.496395111084 473.348813772202 346.474426269531 526.494400024414 461.093500137329 337.603645324707 354.526512145996 428.605907440186 379.876579284668 568.407722473145 484.750846862793 436.175003051758 511.423095703125
526.273914337158 479.493939638138 514.036415100098 907.319702148438 460.852588653564 435.37832736969 299.689979553223 541.144172668457 664.255035400391 543.233489990234 395.904983520508 534.282520294189 394.573776245117 580.440505981445 455.192924499512 491.787476539612 487.501432418823 449.776574075222 490.192165374756 510.085754394531 504.152465820312 406.360164642334 382.087627410889 407.024229049683 499.367435455322 405.773295029998 319.966239929199 388.361721992493 345.706016540527 470.641746520996 437.678584337234 412.691937446594 429.372064113617 411.02649974823 405.057693481445 484.735488891602 612.534393310547 497.589065551758 517.249423980713 296.946762084961 410.966156005859 489.230533599854 625.304122924805 621.665573120117 514.471229553223 481.418432235718 412.455188751221 453.886462211609 390.638412475586 426.160625457764
593.511276245117 551.136085510254 661.670303344727 678.714408874512 715.914916038513 464.623729705811 329.596481323242 702.636505126953 593.142823219299 687.937472343445 380.273254394531 513.990463256836 402.153244018555 443.25284576416 406.061981201172 338.880615234375 451.286347389221 340.63737487793 518.055397033691 593.110992431641 541.693801879883 429.471080780029 449.878601074219 593.000869750977 410.569877624512 409.441680401564 447.254068374634 464.436882019043 310.169387817383 554.556900024414 353.753860473633 452.39483833313 585.764266967773 339.328269958496 608.247619628906 462.255653381348 459.68425655365 549.998916625977 423.147994995117 440.894958496094 491.704711914062 524.665191650391 316.800048828125 540.437408447266 591.744888305664 590.882629394531 558.622947692871 491.927135467529 394.405570983887 501.60075378418
500.771440505981 664.946960449219 647.538167238235 700.518085479736 642.086761474609 479.762383937836 350.330657958984 717.548606872559 779.098557472229 1043.56826782227 483.926971435547 540.546848297119 545.254808425903 537.689525604248 447.121765136719 487.217487335205 403.707920074463 213.546234130859 481.877708435059 584.157012939453 473.500341415405 281.83122253418 523.718849182129 509.647445678711 490.965633392334 533.994964599609 436.055885314941 482.965438842773 426.303747594357 417.015785694122 390.137817382812 386.536220550537 429.922845155001 324.677001953125 395.42004776001 376.182512283325 530.516502380371 322.299171447754 414.757350921631 412.672866821289 317.420852661133 498.324390411377 442.575429916382 407.171928405762 465.416976928711 414.643480300903 351.913398742676 523.12255859375 442.691637992859 425.943313598633
782.320323944092 846.904319763184 621.739730834961 669.276405334473 453.16565322876 365.03914642334 488.825225830078 602.534479141235 562.336433410645 573.548583984375 410.462417602539 494.137420654297 581.61939239502 571.927959442139 497.203004360199 549.376567840576 443.06917142868 523.745777130127 386.68872833252 557.992347717285 391.113380432129 438.752734661102 447.190532684326 438.624013900757 338.456672668457 399.547424316406 386.161287307739 310.54972076416 519.538291931152 362.002334594727 449.729590415955 509.501724243164 611.928817749023 392.356795310974 391.248386383057 256.483215332031 354.307762145996 510.087646484375 189.306823730469 330.212303161621 493.971080780029 653.568092346191 459.756023406982 486.171947479248 398.853019714355 464.82791519165 465.465307235718 455.574749946594 496.513595581055 483.817512512207
582.489992141724 893.223102688789 674.746246337891 651.932174682617 301.79020690918 299.204696655273 495.903305053711 330.656021118164 479.289947509766 569.458999633789 718.266815185547 521.675513267517 485.636585235596 528.16885137558 470.595922470093 426.327735900879 525.709785461426 428.849224090576 291.662948608398 403.230670928955 559.725921630859 496.490180969238 447.399301528931 372.445018768311 393.255035400391 420.467779159546 309.751556396484 534.150611877441 528.819702148438 480.307418823242 411.848739624023 512.007148742676 364.170600891113 435.271803319454 419.510452270508 423.598121404648 391.754722595215 359.351673126221 426.429601669312 353.083869934082 306.262596130371 415.230575561523 588.588088989258 383.43803024292 574.885025024414 344.140258789062 282.585021972656 428.385725021362 460.989633560181 531.859130859375
