export/dem/dem85.asc
NCOLS 350
NROWS 171
XLLCORNER 152620
YLLCORNER 418050
CELLSIZE 100
NODATA_VALUE -9999
[rows 110 to 131 of 171, columns 250 to 299 of 350]
1044.02515411377 648.077301025391 880.354992866516 679.460506439209 1242.4395942688 957.162017822266 775.44953918457 1119.7852935791 932.865692138672 904.125637054443 666.660034179688 729.148483276367 867.408004760742 788.366485595703 797.048126220703 867.795808792114 1062.04270172119 1204.00559234619 944.969394683838 932.124443054199 719.772567749023 865.313888549805 1097.9006729126 1125.6654882431 1168.91520690918 1100.89514160156 794.646231651306 802.106388092041 963.797710418701 826.663635253906 800.944641113281 779.857521057129 780.115264892578 828.682250976562 779.682159423828 692.986907958984 918.922938346863 892.812432289124 971.848930358887 952.643081665039 659.831718444824 597.075050354004 731.929306030273 748.622104644775 541.760108947754 700.44958114624 722.803108215332 610.60177230835 818.450479030609 815.855545043945
1039.79138946533 693.757346391678 471.281967163086 828.007141113281 732.448932647705 584.922821044922 722.130645751953 1227.59600067139 542.068168640137 777.704486846924 702.320106506348 875.382761001587 938.191314697266 750.821243286133 918.052053928375 678.811782836914 803.648867607117 891.593074798584 902.642757415771 908.587142944336 1174.6898651123 1016.08309173584 1179.98051452637 984.926162719727 1106.46664047241 1476.1135559082 1008.26336669922 991.941604614258 1085.0101776123 873.539428710938 939.900848388672 950.283020019531 900.907075881958 750.83614730835 1032.66773223877 1030.45724487305 1189.79396057129 955.28776550293 914.030517578125 960.929969787598 677.141036987305 764.413716316223 714.281303405762 785.214665412903 811.85994720459 607.407562255859 932.540367126465 685.72888469696 722.364448547363 766.69017791748
840.475227355957 986.051642775536 933.381248474121 660.021759033203 1094.65956878662 791.799229621887 733.412704467773 751.917190551758 827.279056549072 818.227554321289 646.53360748291 430.594390869141 790.68000793457 1017.3949546814 1326.33031845093 1021.7765045166 856.042449951172 879.589546203613 948.097618103027 935.043300628662 737.83203125 843.335380554199 1321.97453308105 1110.0110168457 1001.90482330322 1174.37377929688 1019.39717102051 1127.34070587158 1074.27198791504 936.895820617676 941.843315124512 1031.89058685303 989.402839660645 896.729143619537 878.255256652832 898.187278747559 914.233757019043 915.050575256348 761.398169517517 750.603130340576 691.908765204251 764.51318359375 741.83857011795 819.029434204102 854.972370386124 702.280281066895 744.892738819122 770.956954956055 825.908950805664 878.770293235779
606.707511901855 808.478202819824 711.473876953125 874.380699157715 779.187042236328 1184.19937133789 673.702362060547 767.553653717041 789.164562225342 680.812377929688 590.527046203613 753.88459777832 621.607833862305 878.124130249023 851.323776245117 906.772369384766 861.688171386719 935.142684936523 838.591232299805 787.8325278759 784.99462890625 970.919387817383 875.182376861572 704.64924621582 863.738723754883 1057.76831817627 1198.62359619141 983.629049301147 1420.6683883667 1459.50798034668 1081.65097045898 991.202011108398 984.604232788086 903.607063293457 790.476089477539 910.004867553711 895.339702606201 556.606010437012 638.460136413574 625.035604476929 709.245460510254 644.718450546265 522.134254455566 761.184143066406 716.426204681396 651.995750427246 604.803028106689 941.909069061279 947.227073669434 984.449058532715
807.248657226562 1177.13604736328 1279.05862426758 758.322891235352 629.757720947266 800.121154785156 1935.73092651367 743.343509674072 1311.39437103271 1037.2607421875 763.197842597961 573.701370239258 722.147136688232 719.7741355896 812.525444030762 1028.90885162354 898.272394180298 884.965393066406 796.198356628418 727.548265457153 816.802806854248 1065.60846710205 775.77702999115 780.426998138428 845.561622619629 812.750080108643 970.300819396973 977.753458023071 1312.89483261108 1331.80813980103 998.532279968262 926.725143432617 791.148468017578 858.066375732422 625.116129875183 639.759481430054 657.711154937744 704.410709381104 777.688976287842 695.430764436722 721.976446151733 675.426208496094 692.228275299072 680.957248687744 667.76974105835 719.733640670776 780.393173217773 805.186245918274 823.320671081543 680.379180908203
603.907409667969 1012.65721511841 878.082855224609 731.174713134766 768.754119873047 1080.2995300293 715.893682479858 746.544555664062 846.685279846191 1047.21243286133 918.780853271484 770.009300231934 632.742965698242 719.148811340332 737.807781219482 776.285022735596 780.692249298096 1020.94041442871 800.378070831299 850.714683532715 817.786468505859 993.96475982666 846.306648254395 913.366661071777 731.891149520874 682.891677856445 897.546974182129 953.050903320312 1189.89184570312 1745.4736289978 945.79557800293 828.343761444092 754.207803726196 737.894208431244 814.551223754883 729.98503780365 766.748374938965 795.071937561035 644.874656677246 722.440927267075 786.39147567749 781.625995635986 785.006343841553 844.729911804199 755.468058586121 773.820140838623 755.670486450195 647.73503112793 635.352653563023 737.187576770782
1068.78514099121 1373.03456878662 759.014961242676 892.12419128418 1401.86662656069 791.804649353027 670.132049560547 1265.56485366821 513.099960327148 1062.29677772522 899.750915527344 778.639446258545 563.226905822754 558.462066650391 739.83869934082 795.1611328125 674.760406494141 761.462291717529 773.821998596191 833.277194976807 916.921012878418 905.372985839844 896.235885620117 884.197757720947 828.900728225708 776.23776268959 1053.99480438232 953.976593017578 811.130485534668 1001.97359466553 1126.37083435059 834.48250579834 707.80143737793 647.918006896973 718.910957336426 1050.90968322754 1396.40767288208 1822.62796020508 1611.24963378906 1025.59297180176 819.865692138672 953.934783935547 857.956832885742 850.239418029785 793.638893127441 762.917848587036 807.11922454834 785.485565185547 860.175598144531 700.570785522461
740.319128036499 983.34846496582 602.995620727539 609.987121582031 780.890274047852 796.544696807861 947.812683105469 734.960278511047 938.114891052246 1005.94925689697 1114.76426696777 871.312707901001 677.814456939697 626.468722343445 556.99333190918 613.860069274902 749.124542236328 779.126991271973 554.973129272461 723.500473022461 847.2958984375 763.916301727295 941.28369140625 836.923972845078 997.701065063477 783.385292053223 997.842700958252 748.339889526367 726.203170776367 707.665000915527 700.593505859375 953.111427307129 779.149757385254 849.69766998291 987.48717880249 846.149742126465 1133.6552734375 1207.15734863281 1378.88066864014 2065.99813842773 1053.00270080566 1031.42694854736 919.113121032715 623.201904296875 694.136438369751 845.406410217285 811.269554138184 874.582130432129 725.375477910042 747.991916656494
568.170120239258 863.286587715149 684.586318969727 775.627326965332 898.517608642578 612.78205871582 1208.13428878784 787.256538391113 898.547088623047 786.392934322357 1006.7268371582 850.595014572144 885.954620361328 465.138916015625 548.271614074707 781.041496276855 591.757194519043 818.80934715271 845.65648651123 807.430116653442 860.441070556641 684.033374786377 793.629219055176 700.888206481934 775.589973449707 924.988399505615 1056.40139007568 736.554584503174 552.353248596191 459.797424316406 1962.26733398438 2910.58407211304 893.366436958313 829.503173828125 1168.31629562378 1048.13585662842 1277.86447143555 1205.78228759766 1368.19104003906 1098.05864334106 1197.7299118042 1406.58062744141 1088.96440124512 1383.99070739746 1422.51570892334 965.19792842865 828.356857299805 904.096054077148 842.712730407715 764.274538040161
398.412246704102 543.771862030029 616.734199523926 615.567855834961 818.792907714844 1166.20298957825 689.800704956055 887.074504852295 1226.30339717865 751.925300598145 714.908382415771 783.01766204834 706.275566101074 557.596054077148 644.377113342285 552.232009887695 654.257617950439 697.531698226929 769.306945800781 847.450876712799 877.584854125977 875.629417419434 789.502754211426 682.195418357849 825.171569824219 872.250417709351 896.49341583252 935.895629882812 783.239273071289 523.643920898438 600.269821166992 2198.96357727051 657.467895507812 988.544631958008 1218.20851135254 1489.89190673828 1262.2325592041 1300.86297607422 1755.33724975586 1410.34156799316 1225.60713195801 1161.72499847412 1124.16539764404 1175.65989685059 1415.65615081787 1575.58701705933 1202.41873168945 1475.33285522461 1258.87413024902 1114.88656616211
609.370578765869 522.808514684439 526.458842277527 552.492813110352 746.015716552734 807.272045135498 695.301391601562 650.893188476562 798.421760559082 687.226045608521 797.384189605713 793.109638214111 702.097896575928 762.071483612061 603.999458312988 593.446388244629 746.02596282959 626.777034759521 594.397659301758 799.494294166565 898.501914978027 931.58088684082 830.872421264648 750.706300735474 602.710121154785 954.528900146484 625.104988098145 981.018280029297 872.439043521881 842.202993392944 650.152458190918 766.784335613251 690.568832397461 954.794174194336 863.299799323082 927.825180053711 1169.2198638916 1055.34056091309 1208.63119888306 1091.26814556122 1329.59297943115 1230.92124176025 1177.44024658203 950.996757507324 1302.04416656494 1254.37725448608 1254.37972259521 1160.62850952148 1200.21657562256 1522.85329246521
637.75524520874 633.660751342773 516.04264831543 650.442893981934 520.568962097168 478.430686950684 612.898246765137 547.05908203125 633.299491882324 810.78596496582 712.360593795776 624.537582397461 772.878280639648 608.93293762207 754.499992370605 870.97981262207 650.794666290283 862.654190063477 505.914306640625 661.122289657593 835.635223388672 749.747905731201 787.723810195923 702.958724975586 692.501064300537 803.745151519775 775.339736938477 843.811157226562 835.044021606445 733.733047485352 544.89045715332 736.148838996887 748.220611572266 990.401611328125 921.620964050293 1092.59860229492 982.13388633728 997.338837623596 1064.58708953857 932.908798217773 1268.57993221283 1650.35375976562 1109.7698135376 878.264404177666 1432.33666992188 1346.39348602295 1093.2358956337 1036.76119995117 1010.17816162109 1351.28825378418
665.02156829834 644.517196655273 586.578117370605 604.841285705566 636.238258361816 622.322620391846 524.952766418457 484.838161468506 815.388526916504 819.838642597198 760.924041748047 630.553375244141 573.781814575195 595.474159240723 676.813972473145 730.088253974915 772.885911941528 707.150970458984 702.86332654953 681.335880279541 682.035305023193 721.853446960449 691.143455505371 792.084463119507 691.854148864746 755.838249206543 590.236511230469 736.338157653809 795.342010498047 801.815055847168 800.43794631958 667.464248657227 546.703872680664 968.429534912109 964.787322998047 945.984931945801 989.76252746582 1018.35388183594 816.747117996216 822.674152374268 899.263542801142 1001.58644485474 1047.26542663574 992.206382751465 973.961978912354 973.669151306152 928.597030639648 884.541625976562 1055.70124053955 1162.35660552979
664.116886138916 891.888320922852 670.23779296875 676.875234603882 591.073120117188 622.800666809082 743.007232666016 559.790832519531 655.238616943359 832.741767883301 854.095581054688 795.441610336304 1160.61740875244 899.085815429688 1104.92457580566 833.119472503662 768.464380264282 735.910648345947 613.594085693359 688.108509063721 761.184886932373 768.268726348877 801.404399871826 763.70597076416 739.419284820557 660.865070819855 816.113479614258 691.470687866211 797.416320800781 954.086568832397 850.027391433716 799.984230041504 868.50170135498 826.537307739258 950.404335021973 1158.40197753906 872.604423522949 741.42652130127 794.414218664169 829.891013145447 910.513412475586 882.899257659912 851.033981323242 872.6828956604 740.570556640625 880.207105875015 962.66125869751 859.339920043945 875.577194213867 815.870039522648
841.834945678711 765.227405548096 704.356216430664 712.29736328125 753.548374176025 603.923011779785 774.205009460449 551.173469543457 775.153129577637 622.080619812012 688.92366027832 823.398719787598 922.582214355469 866.678813934326 1406.80501556396 667.913055419922 706.199851989746 700.358955383301 749.433734893799 586.984031677246 640.434585571289 675.216285705566 695.342615127563 848.318313598633 874.347576141357 610.934295654297 614.426940917969 860.978341579437 864.007396697998 927.462711334229 705.871719360352 962.99337387085 876.071304321289 964.355606079102 960.480239868164 971.837310791016 860.880973815918 777.384992599487 821.547807693481 923.088424682617 631.532501220703 709.857540130615 764.738086700439 758.570833206177 740.71166229248 725.041870117188 709.651851654053 828.026786804199 779.248832702637 847.638927459717
776.631629943848 769.768775939941 719.415668487549 772.646768569946 723.790586471558 691.069553375244 685.4802942276 678.95097464323 615.36946105957 634.215782165527 619.680320739746 599.485046386719 1159.80680465698 906.281856536865 771.090294837952 686.333793640137 740.112419128418 716.460380554199 795.727621078491 1285.21524620056 578.422233581543 736.276779174805 777.271354675293 618.842468261719 700.555824279785 705.639224052429 496.891494750977 794.954189300537 719.645111083984 615.54280090332 717.580877304077 668.764862060547 914.803990840912 660.744781494141 890.434043884277 864.435569763184 719.379608154297 625.593948364258 770.753170013428 641.552558898926 697.451812744141 916.77165222168 774.881194591522 704.439834594727 800.646362304688 871.283977508545 630.623947143555 749.560115814209 841.156185150146 794.056398391724
913.249206542969 749.017030715942 715.492964744568 842.777114868164 723.690444946289 801.231185913086 769.074325561523 750.13521194458 569.698558807373 843.056350708008 629.808247566223 1340.32594299316 726.050437927246 868.188425302505 991.895618915558 687.079593658447 697.87718963623 709.471088409424 1217.97670149803 636.341331481934 626.486183166504 533.49626159668 632.348587036133 648.735015869141 755.736318588257 690.016723632812 633.990608215332 513.590469360352 671.503189086914 707.662330627441 787.586952209473 804.871000289917 957.157379150391 931.212501525879 826.657442092896 818.061637878418 830.27424621582 768.315486907959 785.709059715271 712.993095397949 742.466242432594 700.456382751465 802.131595611572 713.644317626953 784.263214111328 655.95817565918 946.487926483154 742.179267883301 702.238540649414 586.686981201172
645.918235778809 746.609560012817 815.980369567871 615.577522277832 893.051536560059 912.510711669922 792.260021209717 754.576484680176 560.727172851562 634.892554283142 645.920709609985 567.797760009766 613.9133040905 1162.607837677 758.643615722656 820.541683197021 847.13207244873 921.146259784698 699.54370880127 715.524373531342 584.423233032227 734.298400878906 682.895152568817 720.041402816772 664.944393157959 738.483940124512 608.053024291992 665.683688402176 652.721954345703 864.989135742188 918.720108032227 638.673416137695 1016.0869140625 948.198272705078 772.242269515991 883.479248046875 769.463874816895 761.147842407227 816.178812026978 770.573356628418 873.914024353027 834.60383605957 806.893402099609 725.361568450928 718.501190185547 677.955665588379 535.555786132812 816.836326599121 677.002670288086 919.596580505371
741.714500427246 888.882080078125 735.946225166321 765.48454284668 682.435150146484 811.825078964233 947.684188842773 840.795120239258 596.273250818253 655.317314147949 685.519974529743 652.033622741699 540.846893310547 494.310729980469 784.94367980957 739.352352142334 593.249937057495 741.036720275879 740.449855804443 555.453842163086 724.649585723877 575.13508605957 729.205726623535 588.024040222168 695.896966934204 752.310237884521 815.774307250977 704.561366081238 611.58723449707 744.2260389328 787.50719833374 725.031700134277 1059.84474182129 886.952049255371 952.805046081543 982.752731323242 970.015480041504 769.07062625885 945.067672729492 1119.41745948792 783.225830078125 647.782119750977 780.279815673828 781.981956481934 632.48225402832 668.969741821289 700.637161254883 842.871410369873 930.724266052246 774.85205078125
845.013282775879 713.916996002197 599.852355957031 711.607930243015 950.513458251953 789.259144306183 708.497796535492 600.975208282471 587.851425170898 614.794057846069 765.915933609009 797.825119018555 807.535888671875 785.494190216064 862.383209228516 962.235931396484 770.49868106842 894.414749145508 783.170295715332 802.590881347656 683.662372589111 784.766807556152 654.013320922852 843.51774597168 835.404876708984 871.497512817383 649.197792053223 698.849052429199 599.491050720215 887.393997192383 805.729042053223 823.348251342773 1061.49726867676 832.916778564453 806.229633331299 1082.4183883667 914.535079956055 1003.70796203613 979.975728722289 1032.19745635986 1126.2017364502 756.873886108398 674.747451782227 950.233669281006 965.522640228271 802.644729614258 723.849124908447 747.617740631104 625.954223632812 948.725206375122
568.710708618164 649.609756469727 804.018983840942 681.038696289062 755.594536781311 808.663719177246 753.979629516602 735.02074432373 735.948928833008 618.691325187683 648.896404266357 858.498039245605 701.679344177246 842.663627624512 731.167894363403 859.319595336914 834.643516540527 833.051750183105 684.412033081055 775.944385528564 667.591209411621 698.401333808899 746.218677520752 511.893585205078 716.444606781006 784.780769348145 724.122798919678 842.680202484131 666.318374633789 666.590190887451 633.496646881104 677.623687744141 765.365978240967 1099.70074462891 1036.37463378906 945.872169494629 907.193252563477 986.441996514797 980.977905273438 995.689699172974 934.596740722656 1095.25112915039 1038.46621131897 807.914060592651 942.296478271484 794.079818725586 885.578042030334 736.496562957764 719.250844955444 1067.45904541016
885.446586608887 806.066751480103 755.056911468506 704.73131942749 690.989540100098 690.175842285156 688.147006988525 652.226257324219 694.087624549866 704.639945030212 831.243873596191 709.504165649414 737.208611249924 917.730697631836 878.451637268066 844.014877319336 765.776453971863 683.756912231445 726.599752426147 842.923534393311 744.64019203186 554.599914550781 609.116577148438 708.833293914795 635.190422058105 689.309979438782 705.477939605713 616.231269836426 683.110550880432 624.709957122803 501.066177368164 713.679172515869 671.158544540405 724.406524658203 618.418153762817 768.276962280273 773.492477416992 888.727407455444 958.050449371338 872.247863769531 964.291015625 1096.03633117676 948.641548156738 979.817848205566 812.523254394531 803.62978553772 976.824569702148 721.279991149902 815.051567077637 846.624313354492
