export/dem/dem89.asc
NCOLS 350
NROWS 171
XLLCORNER 152620
YLLCORNER 418050
CELLSIZE 100
NODATA_VALUE -9999
[rows 44 to 65 of 171, columns 150 to 199 of 350]
488.983718633652 616.469345092773 430.49649810791 710.753982543945 530.791147232056 521.271812438965 515.563483119011 658.923110961914 665.783554077148 423.316993713379 493.298362731934 544.93284034729 385.287826538086 526.549386978149 602.236692428589 558.836560964584 559.777935028076 614.035175323486 539.018311500549 555.475936889648 611.570526123047 548.838719129562 619.224945068359 523.03751373291 368.141860961914 532.903476715088 610.126129150391 401.502593994141 556.900617599487 550.704026222229 656.943490028381 875.170501708984 700.140871047974 773.036609649658 690.74680519104 632.42974281311 771.492309570312 631.813468933105 621.169616699219 372.671051025391 180.064758300781 421.892913818359 577.38208425045 803.821216583252 808.954012870789 633.529148101807 672.503818511963 641.488433837891 1192.56622695923 1170.70501327515
453.864913463593 473.472438812256 539.701778173447 562.011734008789 487.156818389893 498.108715057373 475.725769042969 460.731826782227 506.753700256348 365.087448120117 657.506233215332 443.595932006836 694.769355773926 651.52855682373 560.402684211731 581.148439407349 550.407667636871 541.046900033951 717.85075378418 523.289092063904 472.385009765625 437.089698791504 525.472121238708 414.733215332031 530.706697463989 463.402297973633 463.834327697754 521.928607940674 503.698112487793 620.681312561035 630.572664260864 394.545623779297 523.821399688721 743.24191236496 697.77773475647 617.818820953369 656.112909317017 676.957183837891 435.31120300293 471.338455200195 456.991691589355 654.096496582031 611.017509460449 559.200004577637 615.064422607422 630.047969818115 644.823963165283 550.079528808594 758.278739929199 823.079307556152
467.372749328613 453.939140319824 548.122709751129 347.959747314453 384.331611633301 614.877975463867 594.581062316895 471.166244506836 723.900665283203 629.518539428711 672.16773223877 518.159801483154 646.197052001953 505.857715606689 652.834320068359 486.447128295898 444.861274719238 445.85701751709 556.087107658386 677.839050292969 615.167129516602 640.65364074707 526.671085357666 526.54953956604 616.958396911621 464.781227111816 575.259923934937 463.00764465332 632.00634765625 600.599105834961 483.582595825195 560.65682220459 590.898501396179 650.74976348877 554.486526489258 557.140051841736 554.174831390381 534.823547363281 518.339653015137 684.926750183105 464.902282714844 544.151189804077 527.948883056641 540.92028427124 504.55428314209 634.328852653503 597.978206157684 503.260345458984 658.08304977417 601.803099632263
564.178527832031 555.005657196045 489.634510040283 338.365432739258 533.087064027786 382.066131591797 445.042739868164 488.405841827393 465.251541137695 616.602348327637 663.291313171387 682.348762512207 461.883094787598 609.789211273193 563.655843734741 440.489929199219 506.707328796387 631.484489440918 412.551322937012 298.285720825195 453.832382202148 619.154228210449 423.363075256348 631.556411743164 619.377227783203 533.626826286316 608.965560913086 436.728843688965 399.38591003418 601.245483398438 508.524517059326 578.473218917847 568.96022605896 510.559864044189 504.080875396729 531.060194969177 451.380279541016 591.630290985107 590.776734352112 478.69263458252 442.963905334473 502.171234130859 584.154946923256 593.603366851807 646.427543640137 497.393890380859 716.808959960938 588.18025970459 515.347282409668 622.98755645752
462.960746765137 411.371223449707 464.068656921387 446.752311706543 560.215045928955 461.640853881836 670.0556640625 559.213483810425 498.784622192383 626.48331451416 721.992294311523 649.32999420166 570.934237480164 708.387626647949 635.62250328064 669.854216516018 529.212776184082 346.479446411133 493.664237976074 452.750801086426 491.708702087402 378.508041381836 571.310581207275 559.778411865234 594.44270324707 586.288042545319 707.429672241211 555.033665657043 534.321555137634 590.473560333252 423.28076171875 593.463188171387 596.009956359863 627.692604064941 591.181873321533 521.127737283707 572.408975601196 620.836585998535 633.782676696777 615.326747894287 487.62744140625 629.710292816162 735.279891967773 640.290588378906 527.999057769775 488.933433532715 573.987831115723 764.573425292969 479.486038208008 580.279468536377
458.02303314209 469.56541633606 416.705665588379 440.372703552246 549.771645545959 509.55530166626 483.750141143799 536.822680950165 561.26340675354 617.563152313232 548.658766746521 566.860373497009 579.643536329269 637.657199859619 639.709785461426 653.567981719971 704.939521789551 533.012222290039 514.858032226562 453.852996826172 380.330154418945 434.424285888672 539.720977783203 636.9488697052 678.621253967285 522.250511169434 640.109844207764 649.044166564941 590.393951416016 574.011541366577 606.664291381836 582.838497161865 703.679779052734 550.556033343077 529.056285858154 643.977264404297 524.931268692017 589.796092987061 696.806549072266 746.606231689453 680.366851806641 594.511611938477 463.354942321777 675.893577575684 589.91651725769 554.237035751343 676.596298217773 613.263509750366 770.145217895508 696.82341003418
447.131942749023 641.064804077148 461.387565612793 661.716217041016 522.113348007202 514.564352035522 626.161842346191 528.043466567993 707.3525390625 519.852981567383 688.930992126465 707.709060668945 687.365447998047 508.837799072266 520.158515930176 567.240467071533 456.272109985352 553.421932220459 726.255588054657 393.543960571289 417.276428222656 463.510131835938 549.50260925293 621.783012390137 743.050369262695 572.325102806091 647.034763336182 698.182632446289 536.390993118286 716.700805664062 614.490028381348 709.611099243164 559.2080078125 629.438186645508 643.874794006348 547.542787790298 712.073135375977 647.68140411377 481.476257324219 611.083789825439 669.840721130371 514.568408966064 393.870452880859 568.67523765564 532.763416290283 428.682411193848 570.307499885559 525.79203414917 640.689884185791 691.084136962891
642.610008239746 537.574413776398 609.727561950684 418.212066650391 619.405151367188 464.135093688965 557.158782958984 622.69799041748 506.442119598389 538.044689178467 581.70604133606 635.735786437988 707.423767089844 648.952392578125 598.344559669495 567.821601867676 558.291946411133 436.089233398438 521.662582397461 566.1796875 426.692993164062 537.559104919434 372.038726806641 542.614715576172 578.418190002441 842.08406829834 836.882141113281 740.774841308594 706.785514831543 560.328739643097 664.818733215332 561.135335922241 646.354621887207 514.983379364014 528.72062587738 601.692287445068 620.867881774902 576.781066894531 766.241714477539 651.630104064941 539.224855422974 595.634345054626 491.972900390625 575.096430167556 439.943725585938 510.37077331543 586.272884607315 717.017036437988 594.673597335815 639.898422241211
474.2646484375 522.341794013977 640.926307678223 655.631927490234 534.029107093811 529.851353645325 530.165627479553 607.025638580322 604.55200958252 529.213724136353 663.236587524414 739.007568359375 772.503631591797 631.235008239746 483.628814697266 775.120666503906 614.357181549072 538.128349304199 414.594772338867 593.530326843262 655.772916793823 606.223287582397 660.22110748291 464.635559082031 588.181335449219 608.353164672852 843.800956726074 780.4755859375 644.374626159668 624.665744781494 681.298820495605 642.266273498535 495.066543579102 544.781695842743 681.949325561523 502.72318649292 510.905288696289 589.794731140137 644.179634094238 554.953430175781 522.450325012207 613.097183227539 705.654479980469 564.568298339844 593.826057434082 403.174758911133 683.50959777832 606.336576461792 624.041698455811 665.357498168945
547.717388153076 611.629463195801 671.818084716797 585.60135269165 737.229095458984 693.72395324707 551.075271606445 649.678573608398 635.599578857422 500.898223876953 521.498073577881 644.075942993164 690.777122497559 765.779525756836 657.636154174805 664.659004211426 635.144077301025 552.543041229248 524.532302856445 631.863320827484 689.172843933105 615.064636230469 543.910037994385 534.454330444336 629.528171539307 750.021728515625 645.685465604067 632.530035495758 597.894178390503 610.496742248535 623.15779876709 609.795127868652 637.59651184082 597.936777114868 710.427291870117 541.731259346008 517.93395614624 712.255111694336 406.045394897461 389.506896972656 439.355529785156 611.524620056152 586.567054748535 554.268619537354 522.573257446289 640.224674224854 527.05689239502 413.328750610352 572.613874435425 552.299556732178
506.259433746338 622.187713623047 561.049306869507 575.257900238037 463.782691955566 496.346733093262 507.102207183838 533.37007522583 507.087753295898 616.632095336914 556.591606140137 552.935062408447 690.320823669434 556.457277297974 465.108039855957 603.969427108765 772.856964111328 634.8459815979 434.268661499023 502.991958618164 551.375835418701 445.191757202148 496.574394226074 432.323318481445 766.087783813477 625.778119087219 627.195178985596 603.838844299316 563.244518280029 511.987533569336 581.847295761108 618.051074981689 546.835965156555 495.198257446289 561.699014186859 466.631172180176 608.421478271484 599.77374124527 563.288459777832 443.032089233398 447.829597473145 500.487014770508 587.432269096375 497.725173950195 572.136390686035 626.875476837158 540.001373291016 426.199256896973 662.387550354004 575.091503143311
473.529190063477 722.533493041992 584.438552856445 612.543907165527 552.410577774048 705.596649169922 572.303506851196 620.396705627441 577.304430007935 575.229597091675 675.398178100586 570.840145111084 575.548837661743 601.922185897827 622.931182861328 591.898985862732 682.000602722168 614.6878490448 644.334602355957 548.003377914429 567.372457504272 587.077014923096 558.001251220703 619.171291351318 726.640411376953 667.621514320374 675.017837524414 765.328887939453 671.123134613037 588.657333374023 557.244953155518 527.277568817139 713.747436523438 659.627754211426 533.604030609131 578.114431619644 764.879150390625 576.553557395935 584.574612617493 545.913890838623 660.906242370605 522.81031036377 582.301528930664 529.414375305176 440.567291259766 624.123563766479 583.51593208313 466.343246459961 517.676788330078 639.39169883728
615.501693725586 389.038055419922 609.792961120605 520.360160827637 549.031517982483 475.244834899902 503.450698852539 588.219586372375 589.626083374023 550.788082838058 509.473720550537 550.449924945831 682.007186889648 565.668396472931 647.140258789062 443.675979614258 599.133430480957 589.803290843964 513.472770690918 655.543731689453 567.321516036987 559.308238983154 601.965175628662 707.647743225098 742.200370788574 604.275382041931 893.859756469727 714.07808303833 725.621849060059 635.682769775391 604.668100357056 633.610408782959 502.199504852295 559.807025194168 555.445442199707 515.447509765625 586.005090713501 460.060317993164 601.134494781494 535.548046112061 598.129219055176 525.078643798828 664.259307861328 459.205032348633 489.366180419922 569.272270202637 420.573257446289 504.767692565918 536.57396697998 542.973510742188
668.346984863281 570.965185165405 512.92395401001 555.514016032219 428.538238525391 525.691173553467 724.734161376953 490.938011169434 595.52158164978 578.118957519531 477.241195678711 516.863674163818 702.777847290039 704.644027709961 689.946212768555 711.476638793945 816.924957275391 653.024852752686 517.402435302734 650.705978393555 543.565093994141 618.619606018066 423.843292236328 682.156761169434 594.49772644043 679.868789672852 535.991096496582 736.317310333252 818.600219726562 646.264293670654 660.38347196579 798.220077514648 648.744569778442 673.620513916016 638.081893920898 629.473743438721 627.947422027588 673.489891052246 525.881866455078 754.858673095703 530.219856262207 630.553974151611 454.009216308594 668.463722229004 614.184446334839 485.491394042969 553.387310028076 584.252777099609 520.267845153809 589.638763427734
555.725444406271 534.859924316406 596.465300559998 487.111824035645 597.398174285889 546.852752685547 451.168930053711 553.94372177124 585.569171905518 516.229194641113 442.716133117676 584.085722923279 569.516829490662 592.396484971046 602.149526596069 595.293455123901 588.258141040802 458.038162231445 672.206275939941 713.612350463867 386.868865966797 502.437721252441 584.048035860062 640.853179931641 692.460426330566 621.152709960938 636.125901818275 549.168762207031 595.407520294189 644.221870422363 642.636972427368 683.915573120117 768.782958984375 841.732391357422 741.668399810791 664.097450256348 680.909088134766 511.128009796143 657.443943023682 636.59271812439 596.559883117676 686.047264099121 559.706558227539 559.76037979126 735.476951599121 562.242893218994 643.896835327148 646.546852111816 509.345962524414 576.649730682373
447.860870361328 367.927337646484 599.869815826416 510.894096374512 495.693550109863 445.022926330566 526.944061279297 448.884918212891 538.094324111938 542.581764221191 438.528968811035 472.80899810791 617.637096405029 610.94623374939 612.402034759521 731.057067871094 517.685245513916 458.938087463379 658.122222900391 718.552444458008 560.390266418457 559.68542098999 645.940013885498 660.495845794678 640.183258056641 503.190223693848 763.856735229492 615.079130172729 521.052139282227 530.277359008789 698.751873016357 675.42501449585 803.363357543945 688.967335700989 703.230265617371 574.210418701172 651.134283661842 540.516777038574 733.040382385254 567.496063232422 571.288383483887 670.444831848145 601.468297958374 580.256893157959 493.427032470703 449.976531982422 497.38899230957 433.777481079102 591.352107048035 596.266712188721
541.146492004395 577.878730773926 674.666519165039 463.671569824219 555.534467697144 289.727752685547 612.422943115234 409.402328491211 552.732593536377 624.523048400879 480.362640380859 543.450700759888 540.865825653076 534.61926651001 647.105369567871 416.713088989258 638.190116882324 551.974771499634 538.925689697266 544.727504730225 495.25902557373 579.602684020996 629.890216827393 463.435791015625 542.542057037354 608.795375823975 523.398880004883 534.496795654297 508.345268249512 614.779586791992 507.375244140625 601.260972976685 796.0966796875 826.006011962891 692.961376190186 765.813453674316 669.270847320557 600.634401321411 607.523820877075 669.98551607132 716.850364685059 650.359001159668 693.223445892334 667.795829772949 620.247451782227 701.168407440186 650.115592956543 568.438720703125 624.938704967499 621.508899688721
521.850751876831 545.968914031982 495.241554260254 356.60237121582 499.893562316895 487.374683380127 433.71265411377 679.416809082031 497.21981048584 491.604900360107 383.13639831543 696.360748291016 536.374076843262 341.391952514648 466.911338806152 510.306327819824 596.040802001953 694.792739868164 526.656887054443 552.299196243286 718.620895385742 587.49196267128 628.850605010986 864.583984375 600.901479721069 557.134552001953 543.622379302979 527.294692993164 656.789848327637 588.091896057129 739.337158203125 751.863990783691 690.695896148682 656.555497169495 550.854110717773 658.474052429199 673.597602844238 668.381200790405 605.706037521362 682.581485748291 510.901458740234 674.548812866211 698.37483215332 861.46947479248 681.108047485352 564.810577392578 488.892547607422 585.727397918701 562.914115905762 594.85213470459
547.14933681488 485.119941711426 431.365737915039 582.2659740448 496.02131652832 402.040084838867 428.153274536133 522.488964080811 537.055957794189 610.350208282471 616.621784210205 518.310173034668 557.502179145813 647.198341369629 526.801837921143 500.472896575928 490.014049530029 626.43041229248 693.997940063477 690.810157775879 519.402305603027 571.472047805786 588.28820514679 602.50059223175 588.828978538513 608.20258808136 688.987930297852 563.373935699463 664.418338775635 583.568276405334 647.252601623535 625.557914733887 616.785148620605 828.207168579102 706.676445007324 698.921165466309 658.925773620605 709.193344116211 538.970100402832 497.220306396484 720.643226623535 658.9211769104 706.393943786621 791.358840942383 712.859199523926 552.107917785645 505.945457458496 583.039581298828 531.924575805664 748.689880371094
443.275039672852 359.902359008789 607.775550842285 626.180793762207 658.23755645752 537.770903587341 711.459777832031 527.190353393555 472.994140625 524.089374542236 573.85581278801 555.658808708191 524.389472961426 377.816940307617 553.053291320801 513.185890197754 548.011959075928 549.185824394226 619.884048461914 545.80179977417 662.870025634766 666.22046661377 560.982737064362 602.514174461365 622.231773376465 712.460815429688 622.397699356079 673.789131164551 660.449192047119 772.131317138672 535.375873565674 506.918632507324 591.15101146698 582.603304862976 544.190483093262 620.123961925507 652.303199768066 710.657127380371 617.550024271011 718.527969360352 673.210231781006 561.511734008789 587.091381072998 695.066314697266 668.022583007812 775.576797485352 576.809597015381 785.909057617188 533.07975769043 762.541748046875
571.240230560303 655.7255859375 627.984809875488 620.987762451172 569.643243789673 656.238975524902 724.648193359375 721.814651489258 631.746440887451 473.472381591797 589.047903060913 470.190902709961 613.374076843262 444.831512451172 482.08763885498 485.542724609375 584.268287658691 638.883880615234 582.629423141479 590.868093490601 575.260800123215 623.469011306763 549.014701843262 613.761604309082 529.597984313965 699.204948425293 565.640300750732 635.021528244019 788.150817871094 702.273719787598 483.504180908203 552.792350769043 669.511268615723 526.332870483398 651.848823547363 451.960296630859 637.756505966187 629.995937347412 720.796943664551 662.617324829102 720.320106506348 693.392742156982 677.162124633789 629.384006500244 581.687789916992 644.225296020508 635.347738265991 628.412586212158 624.748943328857 798.980590820312
552.584537506104 538.27784538269 578.467414855957 655.500686645508 567.867956161499 748.685699462891 453.811042785645 643.698936462402 508.582607269287 536.147745132446 455.280059814453 601.555174827576 482.442337036133 585.768664360046 553.046860694885 474.973045349121 470.353782653809 656.89022064209 392.697067260742 587.998765945435 529.257377624512 751.007675170898 595.909334182739 539.385406494141 600.972858428955 558.942008972168 541.784368515015 580.762850046158 546.055225372314 518.90885925293 686.39323425293 491.72159576416 627.416023254395 532.399772644043 531.297607421875 549.397861480713 396.478775024414 684.506538391113 598.247211456299 650.41898727417 510.406097412109 713.01335144043 675.969833374023 588.450456619263 600.637699127197 627.02175283432 740.864952087402 520.818649291992 452.1728515625 591.111488342285
