export/dem/dem88.asc
NCOLS 350
NROWS 171
XLLCORNER 152620
YLLCORNER 418050
CELLSIZE 100
NODATA_VALUE -9999
[rows 0 to 21 of 171, columns 200 to 249 of 350]
-9999 -9999 -9999 -9999 -9999 -9999 -9999 -9999 -9999 -9999 -9999 -9999 -9999 -9999 -9999 -9999 -9999 -9999 -9999 -9999 -9999 -9999 -9999 -9999 -9999 -9999 -9999 -9999 -9999 -9999 -9999 -9999 -9999 -9999 -9999 -9999 -9999 -9999 -9999 -9999 -9999 -9999 -9999 -9999 -9999 -9999 -9999 -9999 -9999 -9999
-9999 -9999 -9999 -9999 -9999 -9999 -9999 -9999 -9999 -9999 -9999 -9999 -9999 -9999 -9999 -9999 -9999 -9999 -9999 -9999 -9999 -9999 -9999 -9999 -9999 -9999 -9999 -9999 -9999 -9999 -9999 -9999 -9999 -9999 -9999 -9999 -9999 -9999 -9999 -9999 -9999 -9999 -9999 -9999 -9999 -9999 -9999 -9999 -9999 -9999
-9999 -9999 -9999 -9999 -9999 -9999 -9999 -9999 -9999 -9999 -9999 -9999 -9999 -9999 -9999 -9999 -9999 -9999 -9999 -9999 -9999 -9999 -9999 -9999 -9999 -9999 -9999 -9999 -9999 -9999 -9999 -9999 -9999 -9999 -9999 -9999 -9999 -9999 -9999 -9999 -9999 -9999 -9999 -9999 -9999 -9999 -9999 -9999 -9999 -9999
-9999 -9999 -9999 -9999 -9999 -9999 -9999 -9999 -9999 -9999 -9999 -9999 -9999 -9999 -9999 -9999 -9999 -9999 -9999 -9999 -9999 -9999 -9999 -9999 -9999 -9999 -9999 -9999 -9999 -9999 -9999 -9999 -9999 -9999 -9999 -9999 -9999 -9999 -9999 -9999 -9999 -9999 -9999 -9999 -9999 -9999 -9999 -9999 -9999 -9999
-9999 -9999 -9999 -9999 -9999 -9999 -9999 -9999 -9999 -9999 -9999 -9999 -9999 -9999 -9999 -9999 -9999 -9999 -9999 -9999 -9999 -9999 -9999 -9999 -9999 -9999 -9999 -9999 -9999 -9999 -9999 -9999 -9999 -9999 -9999 -9999 -9999 -9999 -9999 -9999 -9999 -9999 -9999 -9999 -9999 -9999 -9999 -9999 -9999 -9999
543.357124328613 776.282119750977 562.440035820007 673.009140014648 707.189868927002 -9999 -9999 -9999 -9999 -9999 -9999 -9999 -9999 -9999 -9999 -9999 -9999 -9999 -9999 -9999 -9999 -9999 -9999 -9999 -9999 -9999 -9999 -9999 -9999 -9999 -9999 -9999 -9999 -9999 -9999 -9999 -9999 -9999 -9999 -9999 -9999 -9999 -9999 -9999 -9999 -9999 -9999 -9999 -9999 -9999
612.562240600586 637.885848999023 621.302703857422 619.910934448242 675.975276947021 796.860290527344 586.639099121094 649.140853881836 669.681007385254 690.195266723633 -9999 -9999 -9999 -9999 -9999 -9999 -9999 -9999 -9999 -9999 -9999 -9999 -9999 -9999 -9999 -9999 -9999 -9999 -9999 -9999 -9999 -9999 -9999 -9999 -9999 -9999 -9999 -9999 -9999 -9999 -9999 -9999 -9999 -9999 -9999 -9999 -9999 -9999 -9999 -9999
981.103050231934 571.366203308105 547.377342224121 688.318817138672 785.623168945312 703.359508514404 522.916645050049 409.636352539062 463.946042537689 490.420513153076 539.970359802246 530.950653076172 610.271850585938 593.395027160645 776.868835449219 875.904266357422 699.704071044922 688.727767944336 987.66873550415 985.640132904053 911.794708251953 872.618385314941 1024.43035125732 921.282997131348 926.805364608765 879.6901512146 962.627220153809 832.414611816406 1008.57062530518 874.87149810791 951.061017990112 934.67169380188 657.335647583008 985.813674926758 718.471740722656 842.588830947876 1094.22423553467 974.265838623047 886.858665466309 -9999 -9999 -9999 -9999 -9999 -9999 -9999 -9999 -9999 -9999 -9999
1033.46704101562 1131.66444396973 886.383270263672 932.920989990234 1124.07648468018 1111.31782531738 1136.05738449097 561.859588623047 506.561836242676 497.770309448242 632.912551879883 548.70206451416 407.525104522705 623.907897949219 691.383026123047 698.558197021484 579.483848571777 364.251678466797 804.268493652344 793.371959686279 836.672193527222 752.544467926025 805.542319297791 858.014572143555 829.110195159912 858.335836410522 807.877647399902 767.393745422363 870.108808994293 861.839375019073 691.189788818359 761.352336883545 626.366649627686 612.359741210938 667.21614074707 611.626770019531 1024.84837341309 1100.10096740723 789.770362854004 645.303676605225 717.925720214844 961.8076171875 1246.24332427979 869.780654907227 884.497177124023 -9999 -9999 -9999 -9999 -9999
1104.89248657227 1070.3981628418 947.424995422363 911.58154296875 1207.35762023926 1140.82811737061 1231.79132080078 1179.09128570557 1105.17631530762 862.116920471191 974.461135864258 683.975601196289 641.304718017578 455.298191070557 610.721153259277 435.585718154907 596.729339599609 584.433799743652 995.733551025391 1002.3684387207 792.922548294067 788.228302001953 811.392151832581 765.828691482544 754.299068450928 817.21549987793 863.73913192749 782.298210144043 801.692337036133 841.695598602295 684.156951904297 864.668739318848 705.487972259521 654.17805480957 728.23127746582 658.310913085938 1086.58568012714 979.703948974609 548.129356384277 577.675621032715 662.480880737305 987.890228271484 681.592544555664 779.504257202148 793.563209533691 1239.543800354 647.364166259766 -9999 -9999 -9999
927.848709106445 774.739027023315 1195.61250305176 1260.66403198242 1293.61108398438 1235.10069274902 1345.06672668457 1313.47973632812 1044.44679260254 837.415718078613 817.004028320312 1025.64990234375 798.419464111328 622.058124542236 586.610109329224 727.177917480469 748.450397491455 806.662842750549 742.003219604492 1231.63009643555 911.588190078735 1011.24366760254 654.547523498535 746.101516723633 772.6962890625 830.770221710205 774.566917419434 727.314193725586 799.731969833374 761.029792785645 813.199380874634 641.408737182617 665.476415634155 491.87060546875 624.215446472168 414.217895507812 733.16478729248 843.386528015137 763.490051269531 432.314880371094 658.880805969238 751.778593063354 736.041088104248 898.521308898926 746.413068771362 1167.43057250977 943.632122039795 1478.15071105957 746.853004455566 -9999
871.251846313477 1144.02903747559 990.120651245117 1072.05303955078 1173.61044311523 1122.66517749429 1223.47738647461 1385.6376953125 1134.83031463623 959.605514526367 942.08536529541 946.273666381836 723.719562530518 774.247047424316 743.614044189453 704.290412902832 916.909194946289 813.137207508087 839.275886535645 969.488500595093 790.576934814453 923.958465576172 517.096099853516 641.892848968506 757.800927639008 829.109895706177 747.406909942627 727.643478393555 750.807483673096 917.104110717773 769.140871047974 693.496940612793 668.256148338318 600.133651733398 610.639007568359 612.502327263355 607.174491405487 763.536636352539 826.922462463379 885.675796508789 640.889797210693 743.292037963867 568.329620361328 818.677695274353 702.724445343018 706.373237609863 786.543811798096 1223.05353546143 896.088243484497 905.291346788406
815.99418258667 924.107166290283 899.51960849762 1055.6537322998 751.848983764648 767.18302154541 849.646865844727 707.421598434448 1101.78940582275 831.465944290161 951.803359985352 934.388214111328 941.614807128906 731.619239807129 846.287162780762 834.717437744141 1024.0669708252 1081.47668457031 775.813415527344 1054.05345582962 883.148529052734 1093.9917755127 822.749980926514 685.855407714844 890.81406211853 762.079986572266 879.678304672241 795.948379516602 812.372325897217 884.007080078125 768.521423339844 763.066146850586 675.613662719727 799.055541992188 734.190208435059 611.974792480469 643.239212036133 918.062004089355 1018.07735824585 811.004013061523 660.088623523712 521.783538818359 576.353530883789 870.351020812988 899.053127288818 793.821548461914 792.73002243042 758.276856422424 714.105792999268 691.768287658691
549.183700561523 567.304977416992 701.164852142334 652.946661949158 635.392024993896 905.067733764648 811.351219177246 816.930564880371 1100.26694488525 963.084838867188 808.893743515015 1027.06190490723 1011.12892150879 975.837852478027 914.569282531738 1430.83890151978 918.643936157227 828.753981113434 1082.99676513672 1290.16869926453 898.414551734924 1381.87197113037 785.526657104492 679.11971282959 737.832538604736 669.892379760742 945.86930847168 688.394760131836 803.009841918945 769.674453735352 800.275581359863 750.293380737305 857.257949829102 947.462043762207 968.941270828247 908.745651245117 921.526977539062 934.886344909668 998.712226867676 857.582336425781 648.904449462891 741.091799736023 708.747158050537 878.606750488281 831.557327270508 911.384910583496 871.885215759277 914.419158935547 719.499496459961 1054.79854774475
766.990684509277 685.637266159058 589.885948181152 617.633182525635 656.913873672485 590.030731201172 807.896087646484 786.959946155548 666.561046600342 838.13752746582 1061.14809417725 1035.67165756226 1308.28425097466 939.547225952148 798.270477294922 782.763132095337 749.99209022522 828.701723098755 802.848678588867 1380.23844909668 719.325277328491 593.162521362305 606.222106933594 1151.28434371948 630.579635620117 742.429714202881 903.626655578613 983.008453369141 809.18302154541 806.622417449951 972.640438079834 779.407699584961 787.484672546387 706.256042480469 700.920303344727 739.950637817383 916.122703552246 794.74503326416 1045.41795349121 1029.25807189941 1040.62495040894 1051.14179229736 1053.69029438496 1081.83382606506 1022.89334869385 868.856941223145 1074.64190673828 1010.75968551636 801.062896728516 1178.2520980835
671.403675079346 749.771709442139 708.433523178101 771.543212890625 878.902717590332 676.693774223328 702.343343734741 761.718173980713 696.24435043335 643.795330047607 716.412286758423 667.525758743286 781.006713867188 839.346548080444 834.427864074707 849.950698852539 722.283832550049 687.918926239014 906.580261230469 994.114868164062 771.448150634766 706.758968353271 674.063079833984 782.043228149414 785.969351768494 771.617897033691 865.474781036377 887.473262786865 769.954167366028 895.626045227051 850.399261116982 883.864303588867 670.648406982422 663.544967651367 729.139877319336 725.624633789062 771.907699584961 823.944519042969 810.76815032959 895.588405609131 878.954639434814 892.513870239258 913.931186676025 998.629413545132 998.629745483398 1060.92834663391 1084.31954956055 825.743408203125 859.286195755005 942.88077545166
690.558151245117 722.087253570557 699.112720489502 591.414245605469 764.511268615723 550.835952758789 784.090675354004 619.182174682617 642.882949829102 815.623138427734 862.440223693848 992.108867645264 597.58821105957 868.991737365723 811.081737518311 751.229393005371 814.32398223877 626.907302856445 721.587555885315 801.823806762695 885.603118896484 957.294998168945 774.721107006073 715.611261367798 698.69921875 837.172691345215 792.545132517815 1295.92555522919 876.515169143677 785.19189453125 906.867805480957 877.455894470215 702.083015441895 833.786876678467 885.991427898407 772.722305297852 795.857231140137 766.967330932617 974.243804931641 792.305511474609 981.036445617676 911.964262962341 1118.10200500488 999.981960296631 937.123962402344 1198.11083984375 1167.4369430542 921.570236206055 941.603521347046 750.742828369141
435.82926940918 383.648193359375 1345.69237184525 686.194831848145 733.181972503662 787.912194728851 673.810752868652 623.598434448242 534.046890258789 649.723007202148 732.202728271484 751.919784545898 560.30924987793 721.184478759766 722.759761810303 685.413543701172 856.42236328125 947.274749755859 896.215133666992 711.202289581299 813.874015808105 675.387329101562 726.627948760986 682.396099090576 694.660385131836 707.04203414917 648.517028808594 607.533432006836 690.430725097656 829.806201457977 991.115867614746 926.123909950256 684.023303985596 1374.3183144331 776.103588104248 737.911468505859 565.076019287109 808.577251493931 773.356910705566 951.011703491211 901.076225280762 846.366077423096 764.353637695312 862.105129241943 746.521507263184 918.651367664337 998.862005710602 1220.61555480957 1005.91173553467 1019.20239257812
1084.19789123535 496.340393066406 1347.34563875198 1129.59571456909 614.656135559082 820.439514160156 734.903529167175 606.608062744141 1000.09098815918 688.6164894104 648.437656402588 673.46480846405 687.755523681641 697.576728820801 719.637290239334 733.77290725708 743.583539962769 833.325233459473 924.502258300781 888.40510559082 786.949569702148 744.610206604004 927.543441772461 889.913787841797 679.06832408905 757.33283996582 745.837113857269 621.647499084473 856.985122680664 763.749671936035 752.797016143799 601.350173950195 693.348075866699 601.02375793457 682.713584899902 1071.3675994873 697.729183197021 458.513916015625 728.057201385498 649.861114501953 875.732221603394 731.457183837891 1008.9217300415 685.771362304688 838.614250183105 785.320817947388 892.586746692657 989.397979736328 882.070373535156 1206.79466247559
584.921493530273 725.884860992432 645.801376342773 599.158081054688 1159.62663269043 1370.11071586609 899.924346923828 478.204650878906 612.541664123535 743.004638671875 719.418193817139 719.344890594482 684.257822036743 664.565509796143 564.912796020508 721.902446746826 727.801082611084 713.864908218384 811.808883666992 774.889488220215 600.718421936035 593.218856811523 738.393871307373 635.265872955322 809.652694702148 644.926292419434 715.164585113525 638.805023193359 662.375495910645 742.342223167419 680.887115478516 621.205596923828 861.043304443359 793.595527648926 839.435729980469 545.482986450195 632.79963684082 1110.04895019531 741.966913461685 815.248416900635 721.007286071777 840.651161193848 943.127906799316 747.560653686523 716.074424743652 660.834579467773 951.312978744507 891.638771057129 798.042114257812 851.853500366211
581.528228759766 679.584501266479 573.359329223633 732.643935203552 565.969604492188 723.140678405762 780.984466552734 846.599044799805 645.838703155518 683.343619823456 641.177894592285 692.975867271423 677.194574356079 690.02610874176 764.946273803711 811.712608337402 728.706569671631 778.259422302246 910.427291870117 580.438217163086 694.301042079926 596.676628112793 654.906711578369 622.411586761475 754.42350769043 680.810340881348 746.297040939331 653.730697631836 666.676246643066 715.880449295044 698.204078674316 543.178985595703 597.191101074219 837.619895935059 559.855377197266 726.271614074707 808.783344268799 730.786960601807 778.51202583313 1208.04095458984 1240.69061279297 724.057125091553 739.547602891922 743.310623168945 654.509185791016 799.990980148315 732.162117004395 871.570861816406 1075.33772277832 709.083480834961
705.511214256287 708.659026861191 648.954467773438 712.444248199463 598.616149902344 718.135271072388 773.40552520752 776.00260925293 620.257637023926 793.980667114258 560.062126159668 765.696403503418 776.876541137695 646.5774269104 636.232158660889 712.722401380539 707.552240371704 788.89217376709 722.043869018555 627.614933013916 806.789161682129 609.602836608887 541.1875 590.176551818848 676.459429740906 621.61156463623 724.116870880127 630.856536865234 797.806324005127 698.927577972412 674.281341552734 761.292265892029 854.069023132324 737.61403298378 699.253612518311 654.665946960449 794.71794128418 682.543472290039 842.164031982422 792.655259132385 694.142658233643 735.657549858093 692.519424438477 858.679281234741 574.725875854492 630.513168334961 728.721260070801 939.79581451416 762.217697143555 631.007965087891
