export/dem/dem89.asc
NCOLS 350
NROWS 171
XLLCORNER 152620
YLLCORNER 418050
CELLSIZE 100
NODATA_VALUE -9999
[rows 88 to 109 of 171, columns 0 to 49 of 350]
-9999 -9999 -9999 -9999 -9999 -9999 -9999 -9999 -9999 -9999 -9999 -9999 -9999 -9999 -9999 -9999 -9999 634.442489624023 468.41576385498 408.763381958008 387.501235961914 555.699558258057 612.661636352539 616.135082244873 476.301073074341 569.673042297363 412.516235351562 428.863861083984 750.299024343491 377.115760803223 356.239994049072 340.263439178467 629.174564361572 459.087348937988 610.079528808594 436.780131340027 670.271194458008 666.56368637085 749.578544616699 712.393774032593 881.065185546875 704.7102394104 333.290058135986 115.768463134766 358.26322555542 302.666687011719 536.594127655029 635.754913330078 766.187728881836 489.181274414062
-9999 -9999 -9999 -9999 -9999 -9999 -9999 -9999 -9999 -9999 -9999 -9999 -9999 -9999 -9999 -9999 -9999 501.746936798096 592.008514404297 371.270301818848 349.63631105423 454.122262954712 511.201774597168 582.005619049072 582.072036743164 656.287796020508 443.125152587891 1033.69720840454 510.322830200195 392.92463684082 284.37003326416 538.277805328369 352.878059387207 632.422348022461 690.473510742188 663.635482788086 699.372489929199 713.786735534668 648.736149787903 697.163272857666 731.084519386292 696.931270599365 566.88876247406 372.517305374146 402.957981109619 260.695465087891 456.876426696777 561.763851165771 357.394340515137 603.329025268555
-9999 -9999 -9999 -9999 -9999 -9999 -9999 -9999 -9999 -9999 -9999 -9999 -9999 -9999 -9999 -9999 636.17115020752 620.578136444092 533.028793334961 339.319745063782 597.900993347168 559.94987487793 388.844604492188 597.787811279297 556.114624023438 505.34130859375 546.058009624481 343.105911254883 432.847839355469 392.722385406494 444.232467651367 516.562324523926 347.885677337646 583.116186141968 744.458473205566 692.401229858398 816.294574737549 769.083251953125 757.901184082031 611.990947723389 489.94482421875 423.805428981781 609.882610321045 169.658020019531 325.689727783203 572.191410064697 527.209205627441 272.393794059753 234.92924118042 439.823692321777
-9999 -9999 -9999 -9999 -9999 -9999 -9999 -9999 -9999 -9999 -9999 -9999 -9999 -9999 -9999 -9999 813.530334472656 679.689865112305 473.813707351685 546.948389053345 404.498321533203 730.233322143555 531.189578533173 508.751037597656 484.824417114258 447.686223983765 481.869300842285 591.956478118896 484.031982421875 446.854686737061 693.842491149902 609.521179199219 348.466934204102 445.349912643433 734.79741859436 422.659759521484 722.654067993164 770.793579101562 629.320960998535 209.010332107544 165.481315612793 348.667722702026 382.784476280212 93.0493774414062 445.935146331787 177.42455291748 247.635035514832 307.41236114502 315.788745880127 306.858620166779
-9999 -9999 -9999 -9999 -9999 -9999 -9999 -9999 -9999 -9999 -9999 -9999 -9999 -9999 -9999 675.554069519043 722.700668334961 699.280548095703 565.736957550049 597.283340454102 596.970279693604 521.235649108887 533.418966770172 875.883373260498 490.613735198975 691.429981231689 540.458305358887 365.07303237915 561.431406021118 554.598854064941 559.649597167969 765.790846347809 836.470863342285 395.213899612427 693.126264572144 594.754920959473 703.584356307983 589.663162231445 528.235504150391 238.407958507538 203.538061141968 93.2285919189453 244.880458831787 -21.2184677124023 254.527477264404 235.758312225342 242.200167655945 194.863471984863 259.097869873047 394.231735229492
-9999 -9999 -9999 -9999 -9999 -9999 -9999 -9999 -9999 -9999 -9999 -9999 -9999 -9999 -9999 539.95991897583 616.498291015625 593.08349609375 609.199356079102 502.718608856201 653.91780090332 373.58487701416 599.696014404297 771.529811859131 836.466617584229 600.941604614258 578.002340316772 610.393356323242 475.412208557129 475.765895843506 373.002933502197 421.81259727478 412.951927185059 138.457061767578 843.385467529297 588.252021789551 592.675567626953 671.670639872551 709.228393554688 103.604705810547 269.57612991333 283.977475166321 187.366027832031 -57.7773132324219 240.369941711426 212.980903625488 120.918395996094 255.685374736786 201.110214233398 286.489873886108
-9999 -9999 -9999 -9999 -9999 -9999 -9999 -9999 -9999 -9999 -9999 -9999 -9999 -9999 714.019180297852 396.5615234375 554.040008544922 489.554548740387 575.290992736816 462.891265869141 507.904859781265 563.137260437012 585.288381576538 658.476867675781 503.338028907776 518.461067199707 623.579901695251 344.641147613525 352.878814697266 379.906352996826 658.437484741211 372.53923034668 401.018646240234 472.511474609375 301.475101470947 549.993614196777 485.375854492188 513.955993652344 -9999 -9999 311.955232620239 244.831100463867 -29.9365539550781 117.347160339355 29.0911254882812 224.860641479492 457.002802968025 551.233997344971 390.449325561523 283.945808410645
-9999 -9999 -9999 -9999 -9999 -9999 -9999 -9999 -9999 -9999 -9999 -9999 -9999 -9999 722.224876403809 503.478342056274 562.471214294434 429.188858032227 606.082946777344 674.164588928223 516.239888191223 663.785285234451 542.203483581543 532.692878723145 594.147980928421 590.814360141754 565.648681640625 673.263710975647 625.758682250977 590.229633331299 626.394287109375 239.686140060425 388.400810241699 435.314567565918 461.120803833008 -9999 -9999 -9999 -9999 -9999 -9999 -9999 168.897438049316 236.541131019592 198.985452651978 334.151985168457 130.767288208008 606.498163223267 230.548774719238 384.688804626465
-9999 -9999 -9999 -9999 -9999 -9999 -9999 -9999 -9999 -9999 -9999 -9999 -9999 453.812438964844 482.607715606689 512.734436035156 521.478909820318 136.067615509033 422.592330932617 553.190444946289 767.680038452148 833.565658569336 1061.04993438721 506.641128540039 643.733268737793 513.108108520508 572.852771759033 679.340148925781 584.967086791992 710.740409851074 589.567092895508 500.373992919922 417.975575447083 411.928298950195 380.077182769775 -9999 -9999 -9999 -9999 -9999 -9999 -9999 -9999 133.153312683105 138.504302978516 216.128484725952 140.554382324219 422.783473968506 476.392992973328 332.727542877197
-9999 -9999 -9999 -9999 -9999 -9999 -9999 -9999 -9999 -9999 -9999 -9999 -9999 482.967887878418 461.13959312439 471.771253585815 162.11803817749 84.7947769165039 339.793937683105 639.22614133358 690.689434051514 416.157032012939 791.150360107422 616.53715133667 688.691253662109 517.47191619873 702.61865234375 699.138893127441 555.431934356689 789.466371536255 454.601390838623 433.956427574158 346.505981445312 377.321472167969 -9999 -9999 -9999 -9999 -9999 -9999 -9999 -9999 -9999 -9999 102.519424438477 -59.4654235839844 190.07096862793 72.8101196289062 283.928298950195 221.83634185791
-9999 -9999 -9999 -9999 -9999 -9999 -9999 -9999 -9999 -9999 -9999 -9999 424.09334564209 362.657859802246 528.239875793457 371.553153991699 703.831405639648 587.060230255127 668.402002573013 719.977474212646 664.530120849609 540.111282348633 562.438977241516 429.97184753418 550.731599807739 437.227462768555 536.812767028809 600.807290077209 660.246269226074 572.445413589478 455.293781280518 482.079836845398 399.205503463745 -9999 -9999 -9999 -9999 -9999 -9999 -9999 -9999 -9999 -9999 -9999 306.393180847168 219.508239746094 168.236602783203 214.443435668945 284.636672973633 565.369800567627
-9999 -9999 -9999 -9999 -9999 -9999 -9999 -9999 -9999 -9999 -9999 355.203323364258 551.406450271606 454.391172409058 406.107786178589 394.770005226135 650.031114578247 776.104156494141 511.268882751465 791.305679321289 468.357597351074 1150.71429443359 630.187515258789 565.056621551514 444.190551757812 754.735809326172 629.422976493835 793.903625488281 648.425960540771 474.831533432007 431.897026062012 391.050605773926 455.301563262939 -9999 -9999 -9999 -9999 -9999 -9999 -9999 -9999 -9999 -9999 -9999 -9999 250.409645080566 406.538307189941 284.764436721802 247.981983184814 492.048393249512
-9999 -9999 -9999 -9999 -9999 -9999 -9999 -9999 -9999 -9999 -9999 410.29069519043 384.690391540527 523.37451171875 439.104156494141 438.25700378418 387.093467712402 747.664276123047 759.26538848877 717.331924438477 612.324424743652 494.081897735596 538.803075790405 509.330715179443 531.189819335938 621.48247385025 816.99739074707 572.421029925346 542.159717082977 357.765205383301 372.365978240967 451.111385345459 -9999 -9999 -9999 -9999 -9999 -9999 -9999 -9999 -9999 -9999 -9999 -9999 -9999 373.668632507324 275.279624938965 299.997570037842 377.913884997368 436.41695022583
-9999 -9999 -9999 -9999 -9999 -9999 -9999 -9999 -9999 -9999 509.635702133179 310.904571533203 284.656143188477 450.382249832153 545.946166992188 481.370239257812 758.844718933105 741.321472167969 607.227100372314 498.974048614502 468.78246307373 568.134506225586 650.662750244141 557.1194896698 503.532096862793 845.923027038574 489.081996917725 642.791412353516 396.746017456055 492.658462524414 470.289966583252 -9999 -9999 -9999 -9999 -9999 -9999 -9999 -9999 -9999 -9999 -9999 -9999 -9999 -9999 -9999 535.698311328888 318.825668334961 372.665512084961 320.798004150391
-9999 -9999 -9999 -9999 -9999 -9999 -9999 -9999 -9999 -9999 483.06160736084 363.094749450684 458.803895950317 372.774276733398 446.509712219238 487.321883201599 678.569761276245 565.68009185791 479.542106628418 509.015562057495 493.407497406006 518.916483879089 469.561157226562 664.57275390625 420.044319152832 360.421356201172 446.485321044922 325.825993061066 303.812873840332 288.282974243164 -9999 -9999 -9999 -9999 -9999 -9999 -9999 -9999 -9999 -9999 -9999 -9999 -9999 -9999 -9999 -9999 -9999 613.480658531189 292.452033996582 229.84154510498
-9999 -9999 -9999 -9999 -9999 -9999 -9999 -9999 -9999 605.456420898438 622.715423583984 518.99089050293 465.440895080566 429.88094329834 412.636981964111 552.537703514099 505.486572265625 649.08561706543 573.319826126099 728.007720947266 410.761154174805 306.124725341797 548.017707824707 504.187614440918 407.753856658936 380.419909477234 316.332454681396 119.015342712402 225.840417385101 190.739921569824 -9999 -9999 -9999 -9999 -9999 -9999 -9999 -9999 -9999 -9999 -9999 -9999 -9999 -9999 -9999 -9999 -9999 -9999 437.013507843018 482.196830272675
-9999 -9999 -9999 -9999 -9999 -9999 -9999 -9999 585.05680847168 441.234112739563 547.870567321777 459.149332046509 658.108276367188 400.342880249023 327.456003189087 601.970336914062 615.003105163574 591.245557785034 400.918067932129 607.138244628906 543.925344467163 498.18692779541 520.54296875 265.272315979004 375.005783081055 335.079120159149 227.84981918335 328.274154663086 306.553741455078 -9999 -9999 -9999 -9999 -9999 -9999 -9999 -9999 -9999 -9999 -9999 -9999 -9999 -9999 -9999 -9999 -9999 -9999 -9999 -9999 973.637825012207
-9999 -9999 -9999 -9999 -9999 -9999 -9999 -9999 429.931220531464 553.62427520752 330.086517333984 398.63459777832 567.158065795898 540.874147891998 713.15251159668 523.218577384949 515.746992111206 413.029304504395 798.067817211151 605.024276733398 595.314319610596 535.091233730316 706.407562255859 311.506965637207 315.632972717285 317.685638427734 220.604948043823 264.917848587036 -9999 -9999 -9999 -9999 -9999 -9999 -9999 -9999 -9999 -9999 -9999 -9999 -9999 -9999 -9999 -9999 -9999 -9999 -9999 -9999 -9999 -9999
-9999 -9999 -9999 -9999 -9999 -9999 -9999 515.592437744141 631.021133422852 597.634185791016 551.960060119629 477.824295043945 468.817691802979 476.132190704346 627.049346923828 324.324996948242 603.929931640625 617.357236862183 496.752779960632 547.952239990234 532.424468994141 542.155618667603 293.756843566895 214.773956298828 240.115560531616 319.601211547852 268.073280334473 359.433235168457 -9999 -9999 -9999 -9999 -9999 -9999 -9999 -9999 -9999 -9999 -9999 -9999 -9999 -9999 -9999 -9999 -9999 -9999 -9999 -9999 -9999 -9999
-9999 -9999 -9999 -9999 -9999 -9999 527.906288146973 522.86247253418 551.243667602539 570.577056884766 646.266342163086 433.253437042236 661.686256408691 468.935836791992 578.579925537109 494.540531158447 342.201461791992 473.980056762695 301.213256835938 496.637260437012 420.01545715332 530.796920776367 415.275087356567 262.303665161133 280.250885009766 324.48657989502 327.056030273438 -9999 -9999 -9999 -9999 -9999 -9999 -9999 -9999 -9999 -9999 -9999 -9999 -9999 -9999 -9999 -9999 -9999 -9999 -9999 -9999 -9999 -9999 -9999
-9999 -9999 -9999 -9999 504.266422271729 553.187866210938 511.34846496582 267.08911895752 278.388984680176 569.486618041992 419.854019165039 639.419799804688 670.548370361328 555.484432220459 584.852249145508 495.52686882019 641.197710990906 301.737510681152 316.553890228271 479.256984710693 580.48762512207 534.56233215332 247.302688598633 88.4165258407593 15.2364616394043 310.282600402832 -9999 -9999 -9999 -9999 -9999 -9999 -9999 -9999 -9999 -9999 -9999 -9999 -9999 -9999 -9999 -9999 -9999 -9999 -9999 -9999 -9999 -9999 -9999 -9999
106.705871582031 265.068418502808 317.34725189209 569.551475524902 529.414756774902 523.178657531738 519.621658325195 456.68582868576 343.502502441406 597.931655883789 721.814147949219 604.883941650391 557.202354431152 546.304824829102 539.670224666595 642.902020454407 797.107803344727 151.697998046875 150.345886230469 394.295120239258 511.254531860352 488.737762451172 130.053131103516 137.898574829102 229.481704711914 146.11262512207 -9999 -9999 -9999 -9999 -9999 -9999 -9999 -9999 -9999 -9999 -9999 -9999 -9999 -9999 -9999 -9999 -9999 -9999 -9999 -9999 -9999 -9999 -9999 -9999
