export/dem/dem8.asc
NCOLS 350
NROWS 171
XLLCORNER 152620
YLLCORNER 418050
CELLSIZE 100
NODATA_VALUE -9999
[rows 88 to 109 of 171, columns 200 to 249 of 350]
750.784378051758 783.713195800781 653.207736968994 610.126319885254 605.826496124268 674.389591217041 574.866683959961 630.026471614838 625.233273983002 756.10075378418 507.830169677734 553.826530456543 716.752555847168 576.888542175293 653.214984416962 594.818161010742 568.360687255859 732.258316040039 771.098388671875 629.605060577393 696.089630126953 676.192229270935 580.983993530273 595.358142852783 553.474655151367 620.990520477295 448.997573852539 786.201759338379 479.132247924805 538.32356262207 447.177886962891 461.845916748047 740.059410095215 693.440208435059 721.695198059082 637.247978687286 752.503479003906 668.628952026367 713.948230743408 739.998759746552 609.506645202637 616.006942749023 687.738693237305 836.397268295288 858.595161437988 692.236510276794 722.670562744141 932.871984481812 935.611656188965 973.124855041504
716.880172729492 768.661960601807 616.159664154053 602.328201293945 645.808652877808 703.679885864258 652.116749763489 721.031921386719 690.425582885742 650.650444984436 627.438332557678 693.420890808105 648.732713699341 697.335357666016 686.250408172607 680.594570159912 645.888964653015 767.974365234375 770.23560333252 699.552080154419 613.953022003174 797.159271240234 697.107778549194 654.51806640625 627.735134124756 657.915073394775 649.271200180054 791.779685974121 636.20139503479 576.806526184082 638.137771129608 545.952911376953 537.525489807129 661.505243301392 701.254257202148 885.370223999023 619.648590087891 594.120664596558 613.193161010742 606.311065673828 716.339199066162 755.257169723511 683.467262268066 799.093816757202 727.059535980225 653.705382347107 766.852661252022 1048.67121887207 1160.1831817627 914.507034301758
799.888381958008 1040.45163726807 584.186317443848 527.036392211914 519.074615478516 603.081085205078 646.09051990509 792.866989135742 748.46800994873 654.023819446564 578.03148651123 507.244857788086 602.566730499268 710.109115600586 699.43091583252 663.362588882446 623.339777946472 646.045051157475 563.171051025391 739.815391540527 632.047306060791 669.016480445862 516.376037597656 646.625686168671 557.324058532715 624.728595733643 677.203258991241 548.601715087891 646.580797195435 698.487457275391 689.980236053467 326.105102539062 693.006591796875 481.111717224121 771.314147949219 670.659202575684 594.659296035767 710.320526123047 778.56867980957 599.060874938965 610.626388549805 617.406921386719 891.936561584473 965.992797851562 669.190071105957 757.505500793457 774.989940643311 996.927345275879 978.661033630371 700.184997558594
455.74828338623 558.049575805664 642.949356555939 657.889672040939 681.366923332214 609.618144989014 718.495872497559 605.081462860107 688.285106658936 562.642478942871 676.072414398193 510.067604064941 557.326690673828 664.436363220215 669.518241882324 592.14185333252 641.57901096344 699.527233123779 730.47004699707 636.335331916809 564.802383422852 594.488998413086 724.686710357666 588.898056030273 583.840507507324 637.256467819214 721.808959007263 780.332061767578 698.302316665649 606.054615020752 725.755447387695 835.351867675781 729.236953735352 686.894844055176 553.479225158691 740.634132385254 670.171033859253 722.17057800293 683.60887336731 739.854148626328 647.804542541504 732.624321699142 835.510251998901 949.48762512207 715.849229812622 550.028244018555 601.827018737793 795.541206359863 783.74104309082 803.042327880859
523.013748168945 442.250457763672 701.42308807373 563.563514709473 663.763338804245 630.923536300659 632.349299430847 600.620361328125 539.849296569824 678.296974182129 706.077117919922 589.132795333862 675.050849914551 687.110931396484 765.607711791992 557.354965209961 667.21053314209 664.407817840576 595.145050048828 536.693077087402 640.676812171936 632.387409210205 731.167062759399 747.280792236328 654.918151855469 727.167633056641 779.893705368042 614.262760162354 607.657432556152 649.153450012207 729.061462402344 685.319450378418 557.045608520508 548.837219238281 779.676780700684 657.7019135952 622.840171813965 702.427368164062 628.793130874634 543.276206970215 619.32364654541 658.745834350586 654.097721099854 504.675430297852 682.210359573364 641.387948989868 563.589584350586 710.653827667236 930.626770019531 887.607086181641
558.167011260986 622.24153137207 619.789154052734 556.329750061035 488.960098266602 1060.8340473175 531.457817077637 594.410308837891 803.004699707031 765.624786376953 650.575679779053 713.587097167969 667.629421234131 850.209762573242 703.705261230469 636.196580171585 697.298072814941 800.610427856445 693.246250152588 535.710357666016 578.16626739502 488.157958984375 696.890947341919 762.076454162598 516.731048583984 557.829605102539 838.539863586426 573.772361755371 656.083420753479 682.976968765259 562.595329284668 603.927810668945 875.089324951172 829.50106048584 623.80736541748 813.894081115723 656.220176696777 636.447525024414 605.74129486084 637.350921630859 677.012010574341 609.220169067383 526.571838378906 550.35327911377 535.332679748535 651.406427383423 680.101539611816 781.857908248901 855.695705413818 876.334167480469
578.531272888184 770.035747528076 785.715217590332 731.587890625 564.568717956543 758.995006561279 835.537775993347 656.373382568359 573.408073425293 624.070638656616 693.138168334961 821.813323974609 708.725891113281 709.498085021973 555.16886138916 653.16187286377 723.948501586914 625.325138092041 531.328323364258 720.447864532471 707.274641036987 507.300140380859 499.439422607422 771.114307403564 779.363327026367 624.496047973633 634.233722686768 598.88264465332 593.535118103027 572.864585876465 727.714546203613 747.599161148071 647.363891601562 668.776327133179 730.980638504028 660.744674682617 757.883697509766 632.30073928833 780.139389038086 703.819705963135 572.875534057617 701.135083436966 585.750007629395 497.776153564453 601.640419006348 649.504844665527 498.267364501953 539.685066223145 724.115198887885 923.55354309082
823.138732910156 442.126968383789 850.941230773926 681.684455871582 702.538749814034 541.342643737793 677.037238121033 634.115505218506 789.895408630371 695.265651702881 710.884742736816 852.276229858398 789.155807495117 632.793355941772 598.195217132568 632.216919898987 713.884574890137 574.28800201416 805.690704345703 663.058906555176 567.754257202148 653.076278686523 565.78759765625 549.360355377197 528.550262451172 769.182750701904 599.363288879395 586.670219421387 598.883972167969 594.596542358398 551.221496582031 693.458327293396 519.965484619141 558.916763305664 728.1559715271 717.017539978027 738.620086669922 614.603851318359 654.824256896973 535.377197265625 643.058017730713 672.552303314209 633.300361633301 547.498382568359 784.796390533447 813.436610221863 601.530570983887 730.655246734619 686.594772338867 808.932334899902
616.997871398926 610.502853393555 780.129728317261 803.138023376465 761.669560909271 718.877471923828 458.137298583984 716.803210258484 540.320190429688 634.531517028809 639.690779179335 802.500679016113 757.5859375 621.125720977783 710.298553466797 585.335014343262 682.08557510376 551.247360229492 489.354415893555 588.972381591797 606.389804840088 578.342903137207 642.223281860352 786.371025085449 648.003729820251 741.662963867188 608.812088012695 687.146286964417 583.204551696777 592.849510192871 599.981567382812 609.762657165527 740.583938598633 521.875274658203 668.659200668335 795.25551211834 706.890029907227 513.5966796875 531.185516357422 527.089553833008 477.443572998047 479.932235717773 499.588821411133 692.405570030212 695.097007751465 671.218299865723 577.326629638672 706.910457611084 781.821262359619 598.731986999512
649.975715637207 677.093960762024 723.528381347656 809.832904815674 823.85986328125 733.111438751221 686.084968566895 1175.69442749023 599.546624183655 647.958784103394 757.765975952148 584.535137176514 681.892456054688 611.150310516357 677.798824310303 647.028213500977 843.326324462891 624.462908744812 642.161513328552 623.325950622559 692.761203765869 604.045166015625 610.584053039551 613.773517608643 728.641548156738 630.058906555176 665.584831237793 662.269565582275 636.665788173676 730.06095123291 526.11580657959 665.166275978088 471.277465820312 557.901390075684 450.935180664062 575.56192779541 598.15022277832 621.846649169922 501.248794555664 576.626083374023 550.751174926758 737.777536392212 521.152770996094 527.664993286133 647.076637268066 721.476921081543 687.062484741211 663.548015594482 1047.00577545166 719.440464019775
844.363571166992 630.306365966797 764.659210205078 710.570873260498 730.34769153595 766.338461726904 772.523956298828 610.591400146484 564.822273254395 654.197006225586 763.37328338623 758.170791625977 770.793807983398 588.067771911621 669.959108352661 556.689262390137 570.392044067383 505.278747558594 505.149063110352 488.420593261719 466.144409179688 695.373512268066 674.459312438965 610.677600860596 698.544240951538 670.674018859863 637.756851196289 663.881170272827 597.850479125977 673.275857925415 564.448097229004 570.84041595459 530.343551635742 445.044158935547 617.317718505859 523.314025878906 606.248508453369 557.104263305664 501.287231445312 568.331359863281 534.945419311523 706.071586608887 706.910322189331 539.825729370117 688.922798156738 622.498794555664 604.88069152832 866.593949317932 666.707878112793 871.700019836426
797.203365325928 828.722091674805 627.317123413086 724.809661865234 819.999176025391 802.786541938782 779.044872283936 698.130001068115 867.747924804688 652.134389877319 564.271896362305 620.076478004456 613.033218383789 706.069187164307 604.899688720703 639.891764640808 768.527412414551 696.046394348145 533.737648010254 554.699195861816 687.460445404053 779.840576171875 861.629577636719 814.281402587891 567.728477478027 607.774307250977 959.240325927734 844.050704956055 609.980979919434 668.454137802124 698.240494728088 560.813034057617 482.880126953125 526.761581420898 463.110137939453 439.657012939453 695.765717506409 638.775482177734 492.624710083008 611.288154602051 650.043659210205 722.276300430298 654.6008644104 568.082748413086 546.74006652832 575.89924621582 758.500347137451 899.649932861328 897.459289550781 906.518905639648
745.747016906738 810.637901306152 633.653381347656 669.664497375488 700.164009094238 763.679710388184 722.166080474854 782.951519012451 916.705184936523 709.268039703369 649.607206344604 734.950157165527 578.598449707031 502.453231811523 622.874397277832 792.459045410156 513.008514404297 605.136043548584 549.266258239746 533.477676391602 841.278701782227 713.297058105469 619.451866149902 761.004241943359 804.792678833008 648.1706199646 808.268997192383 874.230735778809 898.093467712402 1282.60625839233 1124.51062011719 696.116939544678 711.125205993652 564.155075073242 835.55802154541 855.107227325439 853.312774658203 667.271070480347 672.1369972229 543.507583618164 720.294036865234 727.277718544006 747.25915145874 523.754684448242 704.166351318359 842.04850769043 1055.18601226807 607.332763671875 780.011169433594 619.227996826172
1024.99171447754 644.681816101074 577.845909118652 690.20059967041 878.611030578613 811.440975189209 788.452779054642 707.429183959961 795.795581817627 1010.16584587097 738.909042358398 571.164077758789 519.428039550781 701.132873535156 658.537658691406 703.224197387695 664.518770217896 567.848373413086 649.655879974365 733.397972106934 680.364505767822 669.862643241882 493.591873168945 753.457859039307 515.618743896484 680.09326171875 659.281694412231 635.847518920898 564.814506530762 558.892822265625 589.289924621582 508.723480224609 549.48942565918 1190.59413146973 896.362228393555 829.909233093262 1036.76927185059 1078.60414123535 561.880905151367 922.552318572998 744.461837768555 550.063186645508 632.922050476074 528.76741027832 611.716430664062 645.980865478516 664.622375488281 993.17798614502 1208.00395202637 787.230491638184
717.437911987305 807.447827368975 568.357269287109 611.252090454102 681.413734436035 816.449996948242 723.800090789795 834.865863800049 937.156921386719 744.104206085205 1011.4609375 711.842643737793 610.190093994141 679.022773265839 650.280990600586 685.336660385132 585.491355895996 579.399879455566 653.364329338074 694.576480865479 606.895906448364 566.404022216797 575.069137573242 600.50666809082 622.703765869141 688.91565322876 620.776962280273 524.569534301758 503.682067871094 484.28173828125 526.822830200195 560.067604064941 458.886154174805 500.871307373047 566.692092895508 503.589767456055 532.77522277832 1002.62229156494 439.046417236328 639.00855255127 616.207176208496 714.06205368042 1225.21797943115 632.935470581055 944.038299560547 849.131683349609 710.400585174561 791.020324707031 758.989669799805 631.733520507812
747.334281921387 793.968063354492 791.206823348999 499.189804077148 790.604364395142 683.996726989746 659.729911804199 910.645050048828 966.362686157227 904.748741149902 760.236591339111 977.282754898071 592.675769805908 615.11323928833 660.447605580091 656.517595291138 603.13013458252 662.890171051025 656.521850585938 556.397448062897 661.022480010986 545.675750732422 622.145149230957 645.506216049194 711.64143371582 657.460140228271 623.857692718506 627.203804016113 597.044227600098 595.437698364258 667.473655223846 430.806915283203 434.833465576172 561.808868408203 674.552459716797 511.55419921875 864.464492797852 996.169704437256 777.168159484863 495.895812988281 677.802013397217 725.014137983322 961.294464111328 830.766639709473 1034.94290542603 891.573318481445 617.909423828125 983.838943481445 702.428146362305 1350.35285949707
-9999 699.93217253685 669.829032897949 353.062545776367 687.273857116699 821.66130065918 971.388702392578 781.032999038696 891.148780822754 696.271190643311 688.120796203613 1101.80571269989 626.522386550903 745.517700195312 656.171039581299 343.124053955078 717.285171508789 577.555072784424 578.45935344696 509.905464172363 711.877082824707 699.629405975342 626.300841808319 937.98881149292 974.762261271477 580.471466064453 548.690147399902 551.226005554199 692.239597320557 678.379772186279 644.540194034576 594.719551086426 610.922252655029 441.828872680664 961.762340545654 479.772323608398 534.604919433594 571.709999084473 516.458282470703 738.014049530029 571.448333740234 588.034286499023 856.748062133789 732.358125686646 893.479232788086 1049.08989715576 642.111610412598 688.395202636719 576.305618286133 809.930114746094
-9999 828.4365234375 594.91633605957 522.048110961914 626.677959442139 752.83814907074 769.346725463867 849.39820098877 785.096551895142 908.325263977051 676.314064025879 803.978179931641 738.599987030029 757.04248046875 593.796997070312 662.550754547119 614.586650848389 607.48291015625 666.283477783203 616.99388885498 707.197311401367 583.368301391602 904.909957885742 670.427091598511 942.560119628906 619.418062210083 570.653945922852 639.860577583313 538.116020202637 543.497207641602 497.514358520508 515.535003662109 574.418567657471 382.656433105469 1139.7138671875 320.811096191406 607.984409332275 642.62788772583 515.729766845703 515.035293579102 622.667190551758 723.10211122036 725.981437683105 739.395130157471 685.061126708984 643.102722167969 1150.42031097412 579.999008178711 535.201248168945 478.01838684082
-9999 -9999 869.653472900391 661.418043136597 652.468863487244 773.295972824097 738.469760894775 732.611108779907 799.220274925232 792.716516494751 790.491184234619 758.654655456543 645.377216339111 629.922408103943 739.270347595215 606.703624725342 608.303489685059 385.537963867188 771.097732543945 712.257545471191 678.789045333862 853.196395874023 931.206756591797 621.030794143677 757.462066650391 680.78784942627 604.499008178711 453.390045166016 565.292778015137 571.584480285645 621.301605224609 685.031206130981 717.775276184082 453.842300415039 674.358917236328 490.891540527344 428.866622924805 590.737190246582 607.306831359863 617.133308410645 527.742233276367 569.686264038086 502.446029663086 605.823028564453 674.433662414551 525.983520507812 581.040725708008 664.264930725098 816.691665649414 763.078338623047
-9999 -9999 1116.79104614258 975.148504257202 681.191724777222 685.656156539917 786.933343887329 721.083183288574 726.689281463623 568.098831176758 1046.33771705627 593.870849609375 802.132217407227 612.68762588501 614.226649284363 534.401481628418 470.808265686035 510.619300842285 720.116333007812 596.582023620605 498.353897094727 569.697664499283 621.960090637207 716.828868865967 312.250854492188 660.031181335449 527.453491210938 470.292709350586 575.914115905762 530.862915039062 673.490167617798 613.551807403564 668.603446483612 536.047645568848 430.717834472656 534.715888977051 475.640411376953 651.232177734375 528.682922363281 473.094909667969 597.935272216797 691.423873901367 874.201084136963 804.120414733887 887.661606788635 839.40372467041 534.786071777344 656.502563476562 850.395874023438 713.067977905273
-9999 -9999 -9999 845.961990356445 674.918346405029 646.390148162842 763.053758382797 790.239278793335 762.233688831329 658.527374267578 475.132843017578 758.835494995117 510.629409790039 555.598678588867 624.154703438282 757.092300415039 440.975662231445 524.522384643555 579.709157943726 740.71044921875 647.920104980469 546.308439254761 595.098575592041 1361.77281951904 391.724044799805 739.07039642334 615.409660339355 391.087005615234 632.618576049805 563.899169921875 851.019508361816 699.332353591919 611.446392059326 518.697998046875 580.412498474121 592.500747680664 476.183959960938 544.119842529297 447.032196044922 312.372161865234 526.991790771484 585.952133178711 603.216049194336 739.238883972168 656.866249084473 743.903289794922 679.259078979492 603.054748535156 563.296081542969 1182.08976244926
-9999 -9999 -9999 747.961967468262 716.129501342773 708.490531921387 663.384506225586 898.818862915039 724.531398773193 904.283737182617 567.159439086914 741.705854415894 615.827644348145 790.619506835938 503.886932373047 558.855945587158 672.127456665039 579.118046760559 749.281173706055 615.05867767334 623.347623348236 470.204086303711 407.411209106445 908.889556884766 557.445276260376 738.47834777832 599.341247558594 535.867080688477 480.928588867188 485.452789306641 617.639358520508 591.298496246338 609.951034545898 454.926666259766 495.818359375 800.261901855469 424.181625366211 476.016723632812 546.327209472656 523.645492553711 517.543960571289 548.470474243164 607.160385131836 897.589515686035 846.980560302734 1268.577293396 786.947380065918 690.155960083008 970.399124145508 891.947715759277
