export/dem/dem84.asc
NCOLS 350
NROWS 171
XLLCORNER 152620
YLLCORNER 418050
CELLSIZE 100
NODATA_VALUE -9999
[rows 44 to 65 of 171, columns 150 to 199 of 350]
699.466659545898 801.260772705078 572.816720962524 557.470039367676 738.921829223633 623.14294052124 607.656890869141 572.315116882324 772.640686035156 585.849105834961 567.03030872345 692.419639587402 716.492919921875 581.536554336548 593.374645233154 522.754970550537 518.292995452881 524.114269256592 555.044805526733 541.899480819702 486.7536277771 516.179065704346 502.24515914917 523.913791656494 501.915676116943 469.649070739746 493.427558898926 556.184089660645 498.943206787109 489.100234985352 696.543640136719 613.830379486084 691.574792861938 649.316947937012 624.939720153809 631.434223175049 679.268673658371 667.889122009277 615.072242736816 726.20344543457 622.035465240479 478.78832244873 541.807540893555 900.938346862793 777.583576202393 550.956512451172 749.783363342285 738.600219726562 1317.61800384521 1224.60244762897
598.118545532227 638.416862487793 734.174499511719 573.097702026367 533.68318939209 534.754767417908 545.326438426971 623.695579528809 704.907897949219 502.085704803467 599.169521331787 718.821304321289 549.795900344849 643.979644775391 693.825942993164 541.121076583862 559.743679761887 389.384078979492 554.057867050171 566.603868484497 585.911781311035 415.773529052734 478.286212921143 462.79369354248 280.934356689453 441.750190734863 476.18376159668 587.042595863342 454.867210388184 556.020069122314 599.756128311157 545.028793334961 490.663284301758 642.073539733887 771.228633880615 529.105255126953 742.97713470459 724.519592285156 889.873321533203 595.048271179199 565.446631193161 612.976108551025 397.136108398438 594.768695831299 607.662225723267 668.33967590332 591.436110258102 497.051750183105 712.668830871582 763.250503540039
536.437420845032 669.846664428711 530.603688240051 697.852233886719 551.773872375488 505.779651641846 565.607330322266 560.286625862122 566.62962436676 521.703214645386 613.406242370605 761.33837890625 633.653427124023 668.751647949219 686.70125579834 608.098854064941 616.179008483887 405.91584777832 534.789556503296 420.81372833252 313.530654907227 452.448150634766 451.137359619141 399.78564453125 421.703964233398 484.14616394043 558.688574790955 469.458915710449 485.800384521484 600.309635162354 575.362910270691 519.021112442017 555.374736785889 571.858974456787 637.722774505615 580.08339881897 568.026302337646 472.73673248291 752.544982910156 650.97208404541 579.612282752991 692.040199279785 606.986148834229 536.823204040527 489.638900756836 557.171432495117 728.278717041016 519.82844543457 613.718597412109 589.437829017639
547.14474105835 392.555068969727 657.860656738281 490.339511871338 407.178741455078 398.736785888672 610.170028686523 578.209300994873 536.301525115967 565.678234100342 614.092716217041 495.913131713867 498.510227203369 616.553833007812 453.964706420898 577.125270843506 602.996891021729 531.431628227234 639.398880004883 481.720344543457 618.476055145264 462.597290039062 450.505561828613 340.430084228516 527.44612121582 458.79322052002 615.584022521973 482.191051483154 477.261371612549 542.800106048584 464.250701904297 508.143077850342 344.755294799805 494.770980834961 488.74206161499 483.571506500244 465.780136108398 611.820642471313 801.244781494141 626.110794067383 563.001628398895 574.242951869965 502.808563232422 653.471923828125 578.448719024658 668.353637695312 590.54093837738 589.895027160645 622.752578735352 619.799167633057
481.936408996582 630.908294677734 660.87287902832 550.510265350342 480.943008422852 400.176849365234 499.282512664795 595.088050842285 437.769371032715 654.360321044922 709.33479309082 598.807064056396 537.559234619141 563.340621948242 558.54549407959 825.172836303711 617.967296600342 568.235901832581 527.306940078735 608.116497039795 470.125434875488 569.24950504303 541.745950698853 590.210346221924 574.198799133301 544.329612731934 648.614448547363 369.411636352539 584.641231536865 613.177772521973 615.111625671387 501.43865776062 473.834377288818 650.280632019043 494.674118041992 662.151382446289 569.842704772949 491.583137512207 675.794998168945 697.873420715332 665.027008056641 558.008556365967 755.425872802734 664.048683166504 628.211730957031 625.102354049683 675.748859405518 490.320381164551 642.713199615479 632.140251159668
486.032493591309 432.25373840332 465.846664428711 496.424673080444 371.588531494141 462.761833190918 531.696922063828 580.69348526001 666.810935974121 584.115665435791 486.908912658691 690.260917663574 728.140670776367 661.100738525391 618.804639816284 585.474174499512 704.357200622559 686.292446136475 642.039573669434 596.121610641479 578.688141822815 704.3330078125 634.068590521812 631.43740940094 550.924377441406 391.576141357422 422.457733154297 697.14762878418 701.709808349609 639.591285705566 549.950370788574 451.062911987305 392.260437011719 618.843322753906 641.540199279785 621.287727355957 627.279449462891 587.679641723633 474.794860839844 547.593828201294 583.55687713623 640.175682067871 627.096397399902 640.429084777832 678.142051696777 613.261680603027 645.748374938965 556.103328704834 541.401538848877 530.782527923584
384.675765991211 466.294357299805 398.085037231445 493.96573638916 492.603939056396 531.989477157593 593.852813720703 514.965858459473 714.222854614258 509.532379150391 600.505994796753 606.610282897949 589.060180664062 511.123229980469 581.696192145348 762.394821166992 666.075942993164 567.94242477417 618.9228515625 712.033493041992 581.238702774048 682.869728088379 701.703424453735 774.376655578613 589.060264587402 449.053009033203 477.24437713623 622.0842628479 560.138695001602 589.326600790024 694.028930664062 490.798999786377 541.988885879517 606.965412139893 538.9250395298 648.813598632812 623.756782531738 682.230850219727 452.915267944336 605.315883636475 578.716199874878 655.239440917969 545.317749619484 741.039321899414 655.752563476562 611.514930725098 657.668365478516 665.421058654785 750.751861572266 621.303022384644
415.837158203125 483.474376678467 499.5637550354 435.973724365234 514.546195983887 512.039680480957 482.625770568848 450.357147216797 462.036064147949 567.600087881088 534.684600830078 523.410179138184 615.242832183838 747.41682434082 781.296279907227 619.773015975952 724.104446411133 607.950626373291 654.830720901489 724.213821411133 649.117576599121 771.957473754883 648.469482898712 603.284492492676 440.944000244141 691.603332519531 669.615951538086 520.813194274902 673.833488464355 396.797302246094 418.850189208984 464.687812805176 721.429718017578 580.864837646484 490.13395690918 657.102920532227 661.351745605469 617.656234741211 602.756931304932 736.329406738281 653.894027709961 712.999160766602 826.06462097168 765.271606445312 587.727331161499 640.183906555176 568.285317420959 720.359436035156 659.360572814941 644.586612701416
549.175146102905 464.578750610352 648.088607788086 430.766372680664 490.55150604248 508.032447814941 420.767562866211 577.874021530151 422.732521057129 443.680137634277 655.465644836426 510.946418762207 603.187511444092 635.547370910645 720.116195678711 536.160446166992 631.456514745951 695.916679382324 516.04545545578 644.310104370117 720.080814361572 634.329363822937 643.498527526855 643.483516693115 494.640863418579 604.206048965454 721.440204620361 624.341983795166 490.300552368164 595.50320148468 509.141067504883 635.414337158203 598.565284729004 696.722671508789 535.800582885742 647.151611328125 599.514171600342 566.327687263489 678.984718322754 687.908432006836 678.630744934082 687.838256835938 671.655792236328 735.503082275391 769.310531616211 728.262023925781 630.971569061279 637.140941619873 715.981437683105 679.080284118652
497.611705780029 656.820297241211 465.809661865234 670.231597900391 603.820079803467 591.137069702148 557.892826080322 549.073909282684 489.732032775879 545.654176235199 561.805557638407 588.420680999756 611.243511199951 730.37858581543 592.340444564819 543.226209640503 782.83186340332 557.812961578369 651.592502593994 620.933806419373 570.449022293091 608.543741226196 665.052780151367 634.072978973389 566.260955810547 546.940231323242 659.508204460144 606.06205368042 476.290550231934 490.149101257324 541.367027282715 512.766038894653 543.466667175293 628.342189788818 654.311065673828 659.311454772949 690.09024810791 507.406379699707 523.826374053955 648.697654724121 577.648215770721 717.605499267578 712.817138671875 662.739326477051 556.235935211182 623.457862854004 667.546890258789 602.995534896851 648.150386810303 708.510223388672
530.496306419373 582.166076660156 531.162547111511 561.062871932983 548.367444992065 648.592796325684 604.07345199585 528.296157836914 456.579605102539 451.494499206543 385.291839599609 560.353319168091 522.972709655762 673.21605682373 450.10977935791 419.492156982422 640.224792480469 599.097862243652 543.09024810791 527.630859375 596.749655604362 673.392242431641 617.967979431152 600.562225341797 617.854990005493 694.880477905273 616.051998138428 543.276893615723 337.032379150391 554.970848083496 495.139587402344 610.320785522461 639.914054870605 609.005073547363 554.352725982666 582.226629257202 524.172594070435 696.883369445801 826.310470581055 655.340240478516 663.657897949219 686.121032714844 714.778671264648 620.8210105896 541.187522888184 607.481198310852 781.260681152344 654.837020874023 655.197528839111 505.144470214844
435.245719909668 459.381980895996 535.739450454712 643.758293151855 538.101451873779 655.922515869141 454.055931091309 478.844367980957 543.128483772278 370.410903930664 395.370132446289 578.341432571411 488.727691650391 441.908874511719 546.477493286133 560.31697845459 616.877443313599 433.802810668945 567.252279043198 497.509407043457 540.09056854248 520.721546173096 772.04963684082 629.168587684631 686.457748413086 684.073745727539 711.794437408447 584.680568695068 538.832000732422 600.719360351562 553.137104034424 553.998110294342 494.501968383789 594.078277587891 571.868936896324 609.244094848633 507.262138366699 551.444931030273 651.091846466064 755.424041748047 631.756446838379 674.403778076172 577.258306503296 551.588054656982 708.328941345215 620.433925867081 550.331830978394 522.037200927734 665.396022796631 555.444877624512
550.645783543587 441.447219848633 384.409362792969 520.155101776123 726.329574584961 510.020637512207 615.040927886963 504.801147460938 605.409599304199 498.7214012146 544.423768997192 562.787324428558 588.81893157959 689.723236083984 596.468082427979 760.337051391602 503.28987121582 688.72380065918 487.649787902832 571.064035415649 483.265403747559 678.986824035645 588.418632507324 738.664947509766 654.684568405151 734.046401977539 771.446580886841 648.619198799133 612.950294494629 662.527839660645 557.947784423828 721.646255493164 588.639429092407 750.248489379883 646.358024597168 777.971389770508 691.577171325684 588.124698638916 486.526885986328 521.908973693848 613.226182937622 629.215274810791 520.908630371094 679.738048553467 502.44783782959 657.104362487793 585.446311950684 656.068538665771 651.536859512329 660.411540985107
430.944969177246 598.652389526367 516.426279067993 650.28971862793 512.737434387207 441.085113525391 408.88557434082 490.148330688477 412.944717407227 579.564506530762 611.369186401367 562.293952941895 662.462196350098 465.096420288086 670.470588684082 533.336505889893 618.152126312256 537.941890716553 612.841972351074 550.716445922852 520.321632385254 609.246379852295 813.062576293945 678.231941223145 621.922996520996 632.481273651123 648.273344039917 795.11047744751 449.974624633789 623.072179794312 556.436088562012 679.0222697258 584.214328765869 512.648559570312 640.733177185059 669.240036010742 762.261611938477 581.489850282669 591.515041351318 541.791854858398 559.873672485352 535.450160980225 465.843238830566 596.669822692871 581.906410217285 661.672790527344 479.892166137695 647.263889312744 677.616241455078 551.674034118652
346.294952392578 597.776889801025 396.566955566406 396.606826782227 478.563720703125 556.546756744385 490.819602966309 422.339233398438 527.349487304688 572.622568130493 520.301647186279 622.628440856934 530.50170135498 635.690242767334 680.330917358398 482.182769775391 537.184478759766 551.336799621582 552.873023986816 694.544998168945 586.984235048294 671.708717346191 666.613403320312 595.661991119385 595.471357345581 673.311668395996 659.594570159912 550.610084533691 715.066207885742 711.006002426147 692.461784362793 599.17223739624 586.970726013184 707.374858856201 785.656223297119 661.273147583008 596.899230957031 558.985403060913 681.481262207031 590.636711120605 644.437919616699 489.02384185791 617.817792415619 715.22297668457 686.625453948975 538.817375183105 746.314193725586 605.062979698181 546.827987670898 648.113059997559
471.035934448242 310.169967651367 300.741149902344 416.585159301758 568.419657230377 492.115432739258 726.141326904297 480.042541503906 471.177070617676 471.172241210938 710.035842895508 526.693691253662 688.154838562012 611.020727157593 751.919158935547 590.446271896362 635.720603942871 608.727375030518 726.995941162109 657.098266601562 644.01961517334 663.629543304443 571.341053009033 560.161186218262 603.361217498779 761.057464599609 699.353889465332 612.281934738159 707.246448516846 544.643005371094 816.975395202637 641.167345046997 438.908721923828 638.042190551758 651.855239868164 569.581611633301 578.892753601074 640.89701461792 711.495788574219 747.602676391602 632.927429199219 559.902202606201 647.229246139526 559.439376831055 642.289543151855 736.350677490234 663.563819885254 529.219161987305 512.071136474609 679.219730377197
514.284042358398 564.578359127045 479.011337280273 402.516822814941 508.96084022522 498.75643157959 523.774761199951 537.903064727783 674.514556884766 501.493579864502 635.536811828613 625.670364379883 495.759208679199 697.140426635742 573.655764102936 629.121200561523 679.742630004883 589.985961914062 598.297433853149 501.986663818359 537.520812988281 593.996262907982 705.137451171875 565.815896987915 568.156850814819 591.379417419434 494.535270690918 618.187963485718 675.838325500488 660.945213317871 726.727127075195 639.097120285034 605.332611083984 462.765518188477 800.449844360352 689.197601318359 445.255462646484 639.506996154785 514.015205383301 541.50333404541 652.100070953369 553.006011962891 640.54495716095 618.857730865479 610.494132995605 689.911777496338 662.622053146362 842.205429077148 751.865219116211 626.249008178711
453.322944641113 394.472717285156 492.439609527588 415.970031738281 426.528526306152 471.578956604004 396.869659423828 510.527534484863 663.869514465332 608.047035217285 515.146286010742 457.981674194336 593.164880752563 661.002876281738 531.11124420166 739.86540222168 720.352447509766 708.731842041016 520.352481842041 626.137149810791 588.948420524597 474.52375793457 673.214828491211 611.733575820923 546.745735168457 724.106407165527 461.250473022461 589.160703659058 494.057197570801 522.584030151367 595.279884338379 738.198577880859 673.942893981934 578.572200775146 656.203285217285 643.73669052124 453.998626708984 588.452014923096 488.721450805664 564.284240722656 682.545917510986 565.200843811035 518.391586303711 827.292187035084 658.992652893066 601.499187469482 783.839202880859 716.74698638916 687.176750183105 483.423446655273
599.807819366455 434.759132385254 410.568649291992 410.304183959961 403.449737548828 488.210319519043 623.414825439453 617.463203430176 579.916468143463 597.113117218018 667.431190490723 606.887065887451 559.629503488541 513.866889953613 618.133415222168 688.208297729492 533.77451133728 351.84294128418 464.249397277832 540.746622085571 487.508560180664 504.684467315674 599.653186798096 493.371040344238 491.932189941406 435.005172729492 551.558204650879 473.144409179688 557.728294372559 700.268272399902 602.918388366699 569.576190948486 620.020442962646 438.378219604492 729.19474029541 638.415645837784 350.310882568359 647.583545684814 561.317966461182 509.152542114258 464.832931518555 641.559379577637 611.761921405792 678.542488098145 760.739551305771 601.185302734375 666.978839874268 721.553268432617 776.651412963867 620.107963562012
383.362655639648 381.496124267578 569.619960784912 393.967834472656 596.528594970703 431.615264892578 552.361482620239 554.602887153625 632.606506347656 554.632564544678 446.36279296875 579.083401679993 615.701267242432 581.635345458984 497.030448913574 650.780204772949 649.035797119141 615.748634338379 561.271089553833 560.041253089905 645.811325073242 604.745519638062 525.158493041992 656.513603210449 503.78971862793 487.959609985352 371.958251953125 587.721351623535 555.610908508301 521.44229888916 443.144454956055 511.191177368164 559.664916992188 451.586929321289 589.476665496826 795.301849365234 698.011039733887 740.276954650879 522.417778015137 584.276542663574 608.803262710571 604.784660339355 736.036842346191 624.421355128288 640.565784454346 737.861099243164 682.991218566895 686.526817321777 770.018569946289 503.976181030273
568.225858688354 542.201341629028 351.707183837891 477.46883392334 608.354156494141 457.095695495605 571.832062721252 514.718856811523 565.047496795654 429.804275512695 595.255146026611 499.897911071777 560.47158241272 662.677742004395 606.317775726318 506.992938995361 490.827301025391 401.445068359375 516.126796722412 379.517532348633 513.202499389648 707.564685821533 673.425598144531 528.086532592773 605.994457244873 588.54385471344 547.923118591309 554.778244018555 428.093704223633 568.992378234863 589.593804359436 553.092685699463 590.869682312012 673.623664855957 708.368301391602 629.690240859985 619.458794593811 557.2600440979 751.830062866211 681.582977294922 627.182687759399 747.164237976074 605.539485931396 634.63512802124 690.699256896973 545.718406677246 654.038166046143 694.547729492188 778.902496337891 692.327220916748
538.246804714203 562.843366503716 608.822784423828 566.259777069092 534.791874885559 591.870265960693 572.707462310791 391.387680053711 414.660369873047 603.605644226074 509.461483001709 579.926200389862 575.172533035278 702.462844848633 507.567398071289 537.06734085083 396.665817260742 514.763996124268 568.398395776749 615.507667541504 425.344039916992 650.244163513184 616.364643096924 560.824235916138 453.625022888184 594.069404602051 772.68049621582 644.684814453125 447.507308959961 579.830231189728 482.768753051758 625.97620010376 676.297714233398 644.063835144043 780.556442260742 597.138211250305 689.664352416992 580.335502624512 624.494867324829 622.989090919495 719.433250427246 681.977806091309 609.212559223175 638.278116226196 745.056953430176 599.555410385132 752.511329650879 809.193450927734 723.20548248291 619.446292877197
