export/dem/dem91.asc
NCOLS 350
NROWS 171
XLLCORNER 152620
YLLCORNER 418050
CELLSIZE 100
NODATA_VALUE -9999
[rows 44 to 65 of 171, columns 250 to 299 of 350]
755.856758117676 859.46875 882.238502502441 828.520858764648 688.98858833313 798.391033172607 796.282913208008 738.679336547852 662.796226501465 649.360900878906 779.06481552124 814.47248840332 675.594734191895 874.644004821777 776.168069839478 805.528537750244 872.403633117676 812.375755310059 734.080642700195 884.615905761719 828.836235046387 667.904373168945 667.473007202148 789.6803150177 699.207683563232 680.642074584961 859.52405166626 970.762992858887 854.622515678406 805.184830904007 745.263961791992 812.661853790283 827.601486206055 879.801558017731 647.362899780273 634.923614501953 808.130260467529 899.188228607178 907.103830337524 934.191974639893 817.132256507874 833.22692489624 975.142272949219 925.298484802246 967.039840698242 879.812786102295 826.031732559204 845.883908748627 939.438850402832 862.456889152527
629.618881225586 739.691612243652 751.758071899414 906.671813964844 746.108520507812 710.519520282745 780.694396972656 727.90580368042 738.776449203491 864.209167480469 628.423767089844 674.451118469238 712.90025138855 920.159332275391 743.176580905914 948.832427978516 840.090774536133 776.053527832031 773.262069702148 833.654804229736 763.475755691528 906.170166015625 803.440406799316 687.974281311035 829.404361724854 713.639862060547 710.852401733398 622.708953857422 629.635299682617 1028.50353431702 805.613296508789 927.639354705811 964.6077709198 784.506881713867 600.328887939453 808.579040527344 1059.32991790771 740.95866394043 1238.60136413574 1036.33052825928 796.86088180542 1113.06532764435 825.317147731781 921.492282867432 927.305755615234 887.043342590332 857.599990844727 837.794111728668 883.779891967773 905.712345123291
823.440216064453 755.739814758301 670.313896179199 678.179353713989 779.00170135498 730.830242156982 624.80753326416 658.020450592041 612.287162780762 719.038638114929 659.66007232666 642.225936889648 746.860252380371 739.412742614746 754.569803237915 821.772499084473 717.452136993408 771.744902133942 747.081214904785 747.516458511353 643.400764465332 801.398582458496 740.186525344849 582.458526611328 781.402034759521 1212.4094543457 746.577949523926 1073.54836273193 1068.5970916748 633.511405944824 886.851692199707 649.217086791992 830.06022644043 703.18083190918 1221.34034442902 1529.99538803101 939.868072509766 816.149711608887 1293.47894287109 1339.9879322052 950.120346069336 891.693830490112 970.691095352173 795.88875579834 1021.38000106812 944.66396522522 1473.06723749638 988.098648071289 863.005718231201 940.916347503662
578.003005981445 564.684646606445 700.467662811279 649.202415466309 821.011993408203 677.360054016113 703.726613998413 626.977890014648 800.48210144043 823.194786071777 777.106597900391 702.103630065918 738.547803878784 657.862071990967 706.631778717041 805.457378387451 750.534645080566 820.609573364258 656.880851745605 612.999740600586 639.909530639648 829.182388305664 731.973390817642 648.652038574219 772.748641967773 1242.75366210938 712.366744995117 1197.33970868587 871.284408569336 1230.54322814941 694.114624023438 790.23609161377 848.189430236816 1001.27763366699 781.892921447754 1176.79076385498 1246.78015899658 821.33792591095 1154.84532928467 1126.12280273438 828.221940040588 896.109550476074 1316.07952308655 975.773774147034 949.57256603241 1018.20637321472 894.354026794434 842.451438903809 919.037891387939 914.319839477539
782.653518676758 827.259628295898 699.545855045319 703.768782615662 687.790410995483 670.185167312622 747.046300888062 716.764984130859 719.72677898407 628.442008972168 660.03377532959 851.910079956055 721.203792572021 801.74536895752 830.984352111816 718.893970489502 913.638824462891 696.768043518066 750.90438079834 788.332706451416 740.806679725647 756.807926177979 633.407119750977 642.801086425781 814.162544250488 719.458801269531 622.170761108398 735.940444946289 596.319030761719 958.924514770508 1271.52405548096 811.425235748291 819.86190032959 997.800189971924 759.924110412598 757.697219848633 1103.93615722656 841.618995666504 1605.80583190918 1114.7245721817 836.83162021637 759.312808990479 1137.26615524292 899.365478515625 842.901737570763 1105.15332221985 888.112689971924 1896.76728057861 862.021640777588 965.291625976562
686.073873519897 629.918266296387 589.703895568848 734.493871688843 670.257961273193 891.288681030273 726.595487594604 745.424213409424 681.068759918213 699.163426399231 762.405952453613 799.557811737061 597.302490234375 787.943374633789 763.089317321777 727.998097419739 799.574600219727 725.521378040314 615.624298095703 606.944892883301 665.959541320801 766.577625274658 871.276260375977 599.408538818359 509.655609130859 991.73747253418 746.027191162109 756.047241210938 541.11653137207 630.340148925781 763.966079711914 738.546356201172 828.407485961914 662.709320068359 1226.44114685059 704.229423522949 774.799388885498 795.904300689697 908.220558166504 721.845283508301 748.196395874023 814.701347351074 1064.84682273865 939.33716583252 732.138549804688 856.156105995178 866.313972473145 880.686773300171 905.685039520264 799.394914627075
759.470764160156 436.145111083984 632.425430297852 739.407234191895 802.182991027832 803.379531860352 796.818267822266 725.240837097168 767.817039489746 675.134672164917 574.74235534668 595.990348815918 761.233448028564 570.256141662598 625.442428588867 689.973630905151 801.390769958496 834.217170715332 609.604362487793 720.880213260651 531.344421386719 687.510704040527 785.19127035141 626.463302612305 757.112964630127 759.586448669434 878.919666290283 897.736976623535 591.754318237305 595.198623657227 882.139495849609 788.669097900391 874.397514343262 623.714614868164 696.144409179688 732.797752380371 662.492294311523 1109.79457092285 708.687973022461 849.387756347656 1088.6815032959 873.811328887939 712.306228637695 897.360794067383 808.209342956543 669.368713378906 679.968643188477 1095.05160522461 1149.36563873291 620.332397460938
673.053019523621 712.224038124084 562.90461730957 632.765663146973 788.605606079102 694.20903301239 659.895268440247 819.758895874023 811.432441711426 689.822820663452 707.401515007019 724.871406555176 684.878405809402 596.349380493164 741.264560699463 615.672378540039 634.823776245117 639.509613037109 649.894927978516 741.049663543701 662.176391601562 802.294342041016 583.716812133789 719.824291229248 579.844131469727 815.926063537598 897.369934082031 808.188125610352 701.475082397461 800.861873626709 925.171005249023 914.561676025391 892.530517578125 1072.08508300781 1031.60371398926 641.702056884766 768.961227416992 579.448852539062 713.826431274414 856.454551696777 673.573120117188 607.158416748047 719.243492126465 791.988647460938 837.974128723145 652.773971557617 939.896934509277 769.118530273438 866.309852600098 689.923583984375
879.958930969238 496.648895263672 577.613037109375 726.206707000732 645.587100982666 512.174026489258 718.134746551514 671.014640808105 810.899688720703 873.143829345703 752.881132125854 757.867214202881 672.568210601807 576.558990478516 742.77885055542 710.321732521057 800.310958862305 701.275970458984 689.006290435791 659.315452575684 416.111907958984 592.646774291992 544.18212890625 605.678283691406 650.876495361328 910.652565002441 918.971435546875 770.760005950928 639.993392944336 715.614273071289 770.685050964355 677.86296081543 847.572982788086 1087.82730102539 690.698486328125 437.366943359375 953.144256591797 764.938659667969 837.008636474609 839.725051879883 832.118112802505 651.871063232422 646.186508178711 674.160354614258 752.252956390381 654.228103637695 1355.51792907715 816.180164337158 660.135055541992 693.580001831055
535.216117858887 711.183776855469 758.973991394043 556.532318115234 729.022235870361 703.74177646637 559.244171142578 614.750923156738 732.224159240723 835.31315612793 1238.46109008789 828.360015869141 823.220226287842 624.642242431641 1023.31202697754 1066.72937774658 744.379291534424 529.794403076172 709.459776878357 1616.51469421387 821.58659362793 427.15234375 543.374389648438 1190.85089111328 867.232488632202 701.094902038574 690.009346008301 695.289031982422 811.159317016602 754.289436340332 703.275177001953 948.753959655762 691.553527832031 754.939468383789 653.147048950195 1109.45597839355 1074.4553604126 892.495040893555 815.298896789551 612.010192871094 1270.11275291443 542.983383178711 634.141799926758 728.041885375977 736.755439758301 743.534126281738 657.070861816406 834.686294555664 752.620765686035 759.883895874023
596.686485290527 665.295040130615 592.962028503418 528.869033813477 704.165168762207 840.555826187134 537.082412719727 568.017944335938 711.118217468262 760.326825618744 661.164642333984 1533.87643432617 1000.40452575684 1228.50722503662 1042.74444580078 1641.46063995361 607.473617553711 844.715042114258 825.475891113281 339.401092529297 562.574020385742 574.023223876953 744.267868041992 676.95036315918 657.204727172852 635.706573486328 743.225166320801 687.862258911133 747.951072692871 750.700752258301 704.68244934082 662.465774536133 1096.8390083313 829.918548583984 794.068710327148 636.023468017578 1169.25007629395 745.292510986328 772.30640411377 806.816192626953 635.429107666016 714.58235168457 620.828063964844 749.348403930664 790.256504058838 767.959083557129 772.2060546875 760.689346313477 800.533309936523 565.865249633789
612.982067108154 586.87491607666 619.514225006104 649.292903900146 770.571891784668 682.270645618439 771.891426086426 1209.56929016113 784.169490814209 817.675745010376 667.485305786133 841.591011047363 749.749532699585 954.326736450195 714.10595703125 1559.42134475708 677.990287780762 1376.68420410156 657.584838867188 681.493347167969 1363.48931884766 1514.9377746582 1858.73183441162 715.470199584961 1014.80780792236 1211.77438354492 841.557214736938 835.191452026367 693.130226135254 704.883491516113 983.278190612793 733.392387390137 674.133773803711 834.056344985962 895.831680297852 712.37532043457 1024.58291625977 995.331474304199 693.929992675781 1076.34692382812 1356.26314163208 852.294868469238 1391.9783782959 751.1435546875 757.701808929443 758.782806396484 706.156913757324 795.262674331665 669.427200317383 539.180755615234
673.180875062943 619.198089599609 674.416382789612 655.107160568237 656.455154418945 733.550807952881 621.668426513672 637.379261016846 626.757850646973 722.248952865601 725.604747772217 789.204818725586 747.908241271973 690.502830505371 654.174049377441 653.3857421875 903.183753967285 827.755378723145 666.074409484863 643.553741455078 666.350143432617 604.192962646484 1619.76443481445 1876.74262237549 730.074653625488 899.120265007019 930.664070129395 720.60669708252 789.999992370605 794.585559844971 751.34769821167 780.635123252869 646.927368164062 977.819069862366 641.365081787109 671.017349243164 595.92423248291 1082.42959976196 899.88916015625 1099.84439086914 500.894409179688 696.404052734375 602.550277709961 772.619018554688 775.845581054688 758.608070373535 678.764862060547 639.047943115234 669.218048095703 766.92724609375
548.714065551758 609.296852111816 713.563282012939 540.914886474609 699.838808059692 719.61817741394 637.439895629883 605.483520507812 653.988973617554 646.984628677368 811.741821289062 657.534606933594 758.014778137207 616.43465423584 631.150299072266 704.143930435181 616.861740112305 705.379760742188 721.279914855957 740.641387373209 599.42919921875 720.876564025879 933.570648193359 623.12181854248 750.266891479492 876.705277442932 869.055785059929 731.833572387695 721.140739440918 945.175827026367 846.212059020996 795.687076568604 552.404815673828 824.119697570801 909.058097839355 1278.60736846924 859.878852844238 699.932708740234 602.703048706055 426.871459960938 540.862182617188 731.875335693359 729.371963500977 825.415088653564 812.380841732025 747.326950073242 791.872385025024 670.212066650391 497.260223388672 1199.80004882812
783.232269287109 713.607501983643 645.620559692383 679.477715492249 629.945785522461 647.059010505676 552.720748901367 698.663757324219 855.7119140625 753.428810119629 759.485427856445 683.433966636658 937.362854003906 769.799362182617 626.026924133301 486.743103027344 500.382110595703 682.471782684326 517.502624511719 711.154907226562 583.716995239258 592.367630004883 960.086181640625 555.901779174805 886.414245605469 700.278373718262 786.922320365906 789.248369216919 759.408123970032 844.661094665527 760.496337890625 753.054883480072 767.651210784912 1008.77937889099 787.320546150208 586.504730224609 730.616424560547 735.171424865723 653.521560668945 843.715874195099 700.672622680664 712.848915100098 747.268005371094 798.824118614197 746.430126190186 637.912414550781 761.143348693848 554.758117675781 1109.75964355469 2203.31192016602
628.398105621338 867.521774291992 659.95757484436 679.352994918823 764.896755218506 723.993114471436 794.983009338379 748.110824584961 649.23267364502 647.59294128418 634.406856536865 877.158615112305 667.999229431152 807.802062988281 563.091796875 690.408954620361 567.495162963867 678.441846847534 691.936376571655 937.539184570312 805.856239199638 823.330642700195 771.784195303917 682.719421386719 663.785110473633 701.245414733887 702.976827144623 760.975219726562 561.922729492188 839.572715759277 820.45024394989 804.865615844727 592.515151977539 680.135551452637 712.315061569214 722.50404548645 807.622772216797 744.323936462402 714.869186401367 625.736145019531 679.992088317871 680.794830322266 662.047080993652 653.322830200195 723.953540802002 697.645492553711 618.224243164062 600.736282348633 1313.92642211914 1576.72856140137
674.545517921448 639.473617553711 696.265989303589 735.60050201416 634.133415222168 649.60831451416 751.910591125488 673.59626865387 643.63106918335 649.773162841797 686.889277696609 670.517770767212 581.055587768555 708.565761566162 702.105748176575 645.005992889404 623.311393737793 652.20064163208 575.021118164062 586.537902832031 1107.85752105713 1266.40462779999 656.807426452637 611.389678955078 693.816358566284 828.819471359253 1117.66571044922 845.3502368927 823.091304779053 838.894777774811 683.96683883667 795.713344573975 751.220731735229 698.458381652832 894.756195068359 721.489992141724 713.764713287354 809.782127380371 1038.00944519043 728.476285934448 658.7509765625 578.993316650391 676.708526611328 755.670988082886 732.10648727417 682.777557373047 720.673568725586 646.475204467773 506.699920654297 1171.51657104492
804.668197631836 669.950359344482 655.633629798889 685.398359775543 710.650489807129 600.824523925781 636.190113067627 651.127975463867 671.239658355713 663.873925209045 619.519374847412 630.483081817627 668.232507705688 738.72620010376 599.831672668457 668.601554870605 610.957237243652 688.389280319214 836.504653930664 561.897094726562 551.445861816406 753.094673991203 721.199877738953 523.941360473633 729.479247093201 714.49263548851 696.027271270752 740.088432312012 660.835597991943 1187.17944335938 841.787506103516 902.262161254883 662.771072387695 781.912456512451 684.496166229248 720.103713989258 676.971118927002 769.070068359375 781.377082824707 678.072647094727 649.820938110352 683.388542175293 635.205596923828 823.867084503174 800.281854629517 787.953560352325 822.758102416992 791.688335895538 749.63260269165 667.523048400879
624.382774353027 654.540997028351 659.193348407745 694.388911306858 604.928127288818 813.706268310547 747.71012878418 533.096237182617 705.189067840576 619.00186920166 500.488128662109 645.775833129883 703.116780281067 722.107036590576 769.010932922363 671.141214847565 667.725708007812 658.974948883057 706.921813130379 749.299144744873 710.193565368652 708.974727630615 575.017288208008 577.742340087891 551.354721069336 726.112438201904 810.998321533203 788.423637390137 865.574508666992 1053.20562744141 518.823944091797 768.216205596924 607.581085205078 737.191404819489 712.472621440887 683.124645233154 806.437072753906 759.413505554199 641.466499328613 636.401229858398 672.370025634766 815.007835388184 838.370365142822 669.473510742188 842.010620117188 806.369758605957 573.917251586914 688.547096252441 621.968704223633 753.588457107544
659.492527961731 765.901184082031 627.002754211426 601.313529968262 768.141532897949 595.562839508057 740.186210632324 520.947494506836 689.306355237961 761.592071533203 722.506618499756 642.052757263184 777.573944091797 723.692909240723 721.848648071289 670.960052490234 808.374336242676 593.138450622559 735.585151672363 701.837761878967 748.435289382935 833.791343688965 699.088102817535 732.928066253662 680.751613616943 826.520034790039 734.889553070068 760.205205917358 829.60710144043 696.158749580383 746.725944519043 734.302510261536 648.370338439941 771.392936706543 647.746307373047 629.267990112305 810.597373962402 693.274242401123 650.245170593262 692.226165771484 757.32242846489 945.098648071289 974.998031616211 847.04296875 782.521143913269 729.912677764893 748.518825531006 733.938541412354 862.431442260742 687.609451293945
579.801658630371 696.617630004883 638.577529907227 679.547756195068 600.829818725586 641.22540473938 669.593514382839 768.143173217773 677.564145088196 649.27979850769 696.252471923828 718.410858154297 735.792697906494 669.80043888092 811.709335327148 678.037425994873 656.439939498901 753.736656188965 778.896690368652 849.911209106445 790.887847900391 762.848052978516 694.670780181885 605.445411682129 779.854682922363 628.804763793945 690.630489349365 766.878114700317 790.450355529785 623.520355224609 670.482208251953 788.347442626953 693.691926956177 594.406661987305 789.309287905693 651.300415039062 758.902765274048 782.173446655273 641.478393554688 701.25509262085 969.859024047852 806.145336151123 881.585678100586 808.224849700928 732.294452667236 661.996490478516 702.534713745117 659.839622497559 728.522148132324 764.095146179199
751.798774719238 649.745334625244 675.499009132385 744.046455383301 638.568321228027 611.224891662598 764.605758666992 699.959438323975 729.663566589355 784.178031921387 722.389736175537 723.64363861084 735.225589752197 803.321510314941 622.942398071289 821.622177124023 670.798846006393 754.854900360107 693.258550643921 712.965445518494 685.104118347168 782.12557220459 635.354965209961 787.495964050293 783.038143157959 718.768424987793 775.767978668213 775.750198364258 810.754066467285 847.905952453613 784.861213684082 729.708681106567 668.562812805176 643.065757751465 802.317207336426 648.292274475098 970.26350402832 753.616159439087 835.830223083496 833.321754455566 722.129613876343 752.587121963501 769.36891746521 805.126041412354 785.017251968384 779.221479415894 683.540962219238 717.910598754883 563.669418334961 688.409614562988
