export/dem/dem92.asc
NCOLS 350
NROWS 171
XLLCORNER 152620
YLLCORNER 418050
CELLSIZE 100
NODATA_VALUE -9999
[rows 110 to 131 of 171, columns 300 to 349 of 350]
677.824737548828 729.787528991699 828.233909606934 693.310401916504 722.58186340332 905.112945556641 784.187755584717 922.626083374023 966.649742126465 637.299591064453 860.209499359131 631.167251586914 1685.92797088623 880.809295654297 589.347595214844 605.240417480469 1250.61697387695 752.461135864258 950.832809448242 -9999 -9999 -9999 -9999 -9999 -9999 -9999 -9999 -9999 -9999 -9999 -9999 -9999 -9999 -9999 -9999 -9999 -9999 -9999 -9999 -9999 -9999 -9999 -9999 -9999 -9999 -9999 -9999 -9999 -9999 -9999
678.457626342773 719.233142852783 433.575103759766 678.112449645996 653.207725524902 627.764007568359 1333.74238967896 1328.54649353027 590.722854614258 856.792433261871 1333.19371032715 666.951352775097 938.279235839844 695.186340332031 667.198547363281 743.690971374512 750.458465576172 1193.14096069336 1048.84483337402 -9999 -9999 -9999 -9999 -9999 -9999 -9999 -9999 -9999 -9999 -9999 -9999 -9999 -9999 -9999 -9999 -9999 -9999 -9999 -9999 -9999 -9999 -9999 -9999 -9999 -9999 -9999 -9999 -9999 -9999 -9999
819.668209075928 932.578575134277 1040.86513710022 719.021453857422 821.960559844971 670.278610229492 742.212753295898 902.541229248047 672.210083007812 1607.41918945312 1005.05001068115 555.493316650391 605.330474853516 991.02099609375 679.285049438477 1243.06625366211 605.60205078125 1008.29092407227 1774.96141052246 760.385131835938 -9999 -9999 -9999 -9999 -9999 -9999 -9999 -9999 -9999 -9999 -9999 -9999 -9999 -9999 -9999 -9999 -9999 -9999 -9999 -9999 -9999 -9999 -9999 -9999 -9999 -9999 -9999 -9999 -9999 -9999
841.320980072021 1076.35330200195 875.831003189087 1003.70448684692 800.308313369751 730.645669937134 646.334655761719 700.41926574707 786.299247741699 2369.91440486908 686.684631347656 767.492828369141 818.13353729248 1160.30478668213 1261.12948608398 1012.93188476562 901.845001220703 762.644805908203 1045.09455108643 1374.26294708252 1240.78745269775 -9999 -9999 -9999 -9999 -9999 -9999 -9999 -9999 -9999 -9999 -9999 -9999 -9999 -9999 -9999 -9999 -9999 -9999 -9999 -9999 -9999 -9999 -9999 -9999 -9999 -9999 -9999 -9999 -9999
915.226203918457 967.440948486328 991.9501953125 868.095157623291 831.573654174805 822.458427429199 701.157409667969 800.934135437012 792.249320983887 1271.94952392578 959.417597770691 1108.15567779541 774.619659423828 1015.33097076416 667.662048339844 845.859664916992 756.996849060059 889.024398803711 1085.71811676025 962.297229766846 795.146591186523 -9999 -9999 -9999 -9999 -9999 -9999 -9999 -9999 -9999 -9999 -9999 -9999 -9999 -9999 -9999 -9999 -9999 -9999 -9999 -9999 -9999 -9999 -9999 -9999 -9999 -9999 -9999 -9999 -9999
929.457294464111 873.472242355347 906.705268859863 1113.54530334473 893.50545501709 762.061698913574 793.875241279602 780.807022094727 676.522869110107 965.86328125 1403.88106536865 602.326538085938 724.945922851562 1218.09315490723 696.104080200195 730.653594970703 1173.41595458984 795.527465820312 899.612480163574 733.937309265137 583.403625488281 696.322036743164 -9999 -9999 -9999 -9999 -9999 -9999 -9999 -9999 -9999 -9999 -9999 -9999 -9999 -9999 -9999 -9999 -9999 -9999 -9999 -9999 -9999 -9999 -9999 -9999 -9999 -9999 -9999 -9999
889.856002807617 826.942695617676 827.543632507324 1158.83549880981 757.154961109161 735.479736328125 1277.33333015442 672.701263427734 737.161293029785 1273.08232116699 1117.07821655273 1440.24529266357 815.294815063477 1015.14964294434 801.077125549316 847.287324905396 1348.92764282227 1176.45998382568 723.540496826172 788.401473999023 755.417572021484 738.25862121582 843.58024597168 -9999 -9999 -9999 -9999 -9999 -9999 -9999 -9999 -9999 -9999 -9999 -9999 -9999 -9999 -9999 -9999 -9999 -9999 -9999 -9999 -9999 -9999 -9999 -9999 -9999 -9999 -9999
880.501235961914 841.244552612305 948.277206420898 975.559280395508 1346.66604137421 1316.29521942139 855.568023681641 649.522048950195 643.748748779297 773.397247314453 847.495895385742 815.426193237305 1149.68385314941 1343.89637851715 892.661956787109 787.94140625 1088.57524108887 842.367206573486 674.030426025391 905.352542877197 948.766426086426 674.541427612305 830.529670715332 -9999 -9999 -9999 -9999 -9999 -9999 -9999 -9999 -9999 -9999 -9999 -9999 -9999 -9999 -9999 -9999 -9999 -9999 -9999 -9999 -9999 -9999 -9999 -9999 -9999 -9999 -9999
692.487823486328 804.591186523438 869.306495666504 954.97013092041 900.73405456543 819.1945977211 951.894088745117 861.109130859375 689.223564147949 831.559217453003 862.404224395752 616.417903900146 838.085662841797 983.188095092773 939.696292877197 1020.10826873779 797.791845321655 912.196273803711 701.208740234375 718.226600646973 742.749130249023 954.143981933594 961.004959106445 890.075241088867 -9999 -9999 -9999 -9999 -9999 -9999 -9999 -9999 -9999 -9999 -9999 -9999 -9999 -9999 -9999 -9999 -9999 -9999 -9999 -9999 -9999 -9999 -9999 -9999 -9999 -9999
970.266265869141 821.374907195568 597.214122772217 790.372903823853 1158.3392791748 811.440052032471 749.662021636963 893.146522521973 667.483726501465 576.610275268555 801.796661376953 848.425735473633 915.876110076904 1067.11514663696 1207.77837371826 1032.8186340332 684.692245483398 745.845397949219 781.472244262695 760.407615661621 916.979530334473 877.543556213379 800.990249633789 883.263423919678 927.738548278809 -9999 -9999 -9999 -9999 -9999 -9999 -9999 -9999 -9999 -9999 -9999 -9999 -9999 -9999 -9999 -9999 -9999 -9999 -9999 -9999 -9999 -9999 -9999 -9999 -9999
1399.04190063477 1696.85480117798 995.327060699463 1100.90181350708 1339.37631607056 1092.36350250244 778.898641586304 783.940696716309 655.649856567383 1343.37226867676 801.035873413086 845.355094909668 750.987213134766 1036.69529342651 963.037822723389 1470.88158988953 840.638822555542 748.939178466797 856.056047439575 772.41234588623 744.461723327637 926.199108123779 875.027782440186 891.590720891953 1055.22598266602 964.319648742676 -9999 -9999 -9999 -9999 -9999 -9999 -9999 -9999 -9999 -9999 -9999 -9999 -9999 -9999 -9999 -9999 -9999 -9999 -9999 -9999 -9999 -9999 -9999 -9999
987.216339111328 1075.96859741211 1438.09541320801 780.801574707031 1423.68913269043 1804.04161071777 1000.68669128418 878.907554626465 840.188865661621 788.798797607422 869.577848434448 758.878448486328 833.562297821045 880.609146118164 971.13990020752 944.286285400391 716.185852050781 817.498933792114 895.835601806641 755.791206359863 767.589195251465 845.071743011475 908.540405273438 871.58695602417 992.047523498535 891.737342834473 -9999 -9999 -9999 -9999 -9999 -9999 -9999 -9999 -9999 -9999 -9999 -9999 -9999 -9999 -9999 -9999 -9999 -9999 -9999 -9999 -9999 -9999 -9999 -9999
1306.64306640625 978.525229454041 1254.79788208008 977.822059631348 1182.01390075684 1402.67494773865 1380.54132843018 1311.38131713867 1055.46677970886 1255.17782306671 893.655334472656 866.939832687378 688.51008605957 885.695545196533 876.650693893433 738.874507904053 799.096649169922 841.741397857666 820.627827644348 866.352153778076 747.915306091309 753.000770568848 821.75385093689 708.722702026367 708.873168945312 817.176872253418 1048.79377746582 -9999 -9999 -9999 -9999 -9999 -9999 -9999 -9999 -9999 -9999 -9999 -9999 -9999 -9999 -9999 -9999 -9999 -9999 -9999 -9999 -9999 -9999 -9999
1380.54095458984 986.020797729492 907.186326980591 870.093910217285 913.094379939139 1456.95310974121 1351.48809814453 1112.13442611694 1028.22800064087 1003.41637420654 781.680780410767 726.448745727539 850.598173141479 802.969470977783 866.561714172363 910.014827728271 903.811088562012 782.12264251709 865.165855407715 953.537155151367 608.812393188477 824.369502067566 602.238143920898 921.358184814453 685.926467895508 885.964942932129 918.764961242676 783.361030578613 -9999 -9999 -9999 -9999 -9999 -9999 -9999 -9999 -9999 -9999 -9999 -9999 -9999 -9999 -9999 -9999 -9999 -9999 -9999 -9999 -9999 -9999
1102.1703338623 975.827709197998 736.615463256836 1199.97947692871 949.187614440918 1092.41638183594 1547.05995178223 1033.15935516357 861.603591918945 823.867015838623 726.552108764648 660.512573242188 749.555404663086 658.588348388672 641.238945007324 832.921057701111 863.168394088745 702.79158782959 789.110958099365 809.661684989929 840.590553283691 810.4958152771 777.666194915771 795.543090820312 772.237003326416 812.90379524231 886.554203033447 868.461803436279 883.635971784592 -9999 -9999 -9999 -9999 -9999 -9999 -9999 -9999 -9999 -9999 -9999 -9999 -9999 -9999 -9999 -9999 -9999 -9999 -9999 -9999 -9999
1054.49857330322 855.566066741943 906.975583314896 1024.52052307129 1509.82959365845 1020.73123931885 1135.64367675781 1250.61098480225 943.007102966309 734.722396850586 759.368114471436 925.413925170898 741.616996765137 861.50415802002 790.227733135223 819.632617950439 657.262329101562 835.297609329224 967.714134216309 784.127540588379 1091.2048034668 760.379653930664 898.82096862793 808.955053329468 839.402759552002 684.699356079102 911.013179779053 806.974151611328 966.087005615234 -9999 -9999 -9999 -9999 -9999 -9999 -9999 -9999 -9999 -9999 -9999 -9999 -9999 -9999 -9999 -9999 -9999 -9999 -9999 -9999 -9999
881.141845703125 849.228343963623 1375.85070037842 1475.42138671875 1185.18085479736 1256.46713256836 1296.98458862305 1067.23668670654 1302.97974300385 957.185474395752 775.190265655518 666.274612426758 792.272644042969 893.702117919922 922.710624694824 883.545654296875 818.16805267334 794.740623474121 833.344318389893 767.805393218994 1012.92152404785 942.067581176758 911.60432434082 846.86123085022 875.800178527832 682.558532714844 885.921760559082 793.841133117676 858.648419857025 938.318214416504 -9999 -9999 -9999 -9999 -9999 -9999 -9999 -9999 -9999 -9999 -9999 -9999 -9999 -9999 -9999 -9999 -9999 -9999 -9999 -9999
1033.93949890137 1082.53038787842 1136.65777873993 1639.10355758667 2109.25852966309 1219.66495895386 1126.18726730347 1063.42849731445 1204.4595413208 901.890613555908 735.541831970215 813.586465358734 842.633018493652 908.556579589844 818.867519378662 830.477149963379 930.856819152832 737.883827209473 898.102811038494 761.151775360107 1039.35403442383 1043.24443054199 1036.25717163086 739.391639709473 801.298992156982 748.369384765625 945.886558532715 868.282562255859 1030.5541229248 888.082626342773 883.374362945557 -9999 -9999 -9999 -9999 -9999 -9999 -9999 -9999 -9999 -9999 -9999 -9999 -9999 -9999 -9999 -9999 -9999 -9999 -9999
1116.37294006348 1144.13445281982 1021.52057647705 1487.42030334473 1392.15270233154 1443.58995819092 1457.45260810852 1167.13069343567 1016.1559715271 969.452601194382 1096.6626663208 1055.52852630615 1002.66025352478 966.896467208862 853.318561553955 818.577596664429 884.033092498779 863.028444766998 931.988502502441 962.604339599609 919.139938354492 914.643165588379 974.832649230957 1050.48742675781 901.524887084961 823.690765380859 773.906955718994 950.025299072266 948.282047271729 862.544292449951 689.868782043457 -9999 -9999 -9999 -9999 -9999 -9999 -9999 -9999 -9999 -9999 -9999 -9999 -9999 -9999 -9999 -9999 -9999 -9999 -9999
1296.55677032471 912.518527984619 936.964743614197 1402.14872264862 1205.18729400635 1483.40972137451 1385.9271736145 1314.52828979492 1775.72704696655 1399.28106880188 1162.45143890381 1099.5101890564 1232.71999359131 1750.7276198864 1229.69555664062 880.129419803619 952.166557312012 889.617652893066 994.084609985352 1010.03819274902 1185.62942504883 1014.462890625 950.027404785156 931.135093688965 909.477447509766 848.775192737579 909.07795715332 953.579444885254 839.429756164551 954.958557128906 866.375635147095 857.517520904541 -9999 -9999 -9999 -9999 -9999 -9999 -9999 -9999 -9999 -9999 -9999 -9999 -9999 -9999 -9999 -9999 -9999 -9999
1105.91235733032 919.494079589844 1020.12489318848 1108.23475837708 1088.83180236816 1366.5240020752 1720.6795501709 1467.72627258301 1362.64956665039 1381.22234725952 1421.38216400146 1028.648853302 1124.73444652557 1300.44085693359 1020.86374664307 1143.30124664307 987.295059204102 954.1474609375 993.624969482422 907.652786254883 1022.91430664062 1082.56805419922 889.773109436035 963.003784179688 988.633331298828 987.035064697266 949.874839782715 953.979705810547 971.74280166626 724.717987060547 947.273849487305 800.270462036133 795.190895080566 -9999 -9999 -9999 -9999 -9999 -9999 -9999 -9999 -9999 -9999 -9999 -9999 -9999 -9999 -9999 -9999 -9999
844.710283279419 1075.37605285645 1481.98623657227 883.318958282471 970.242805480957 1174.02810668945 1272.29684448242 1377.07009887695 1337.838722229 1462.848487854 1249.26894378662 1093.87127876282 1170.85276794434 1183.42218017578 1077.27757263184 1041.96551895142 1098.9234161377 1094.03192138672 945.902931213379 785.345077514648 992.982376098633 1082.74230957031 919.993209838867 1088.97450256348 1175.53497314453 902.165077209473 872.921346664429 777.022819519043 955.9700050354 875.604507446289 792.833347320557 700.810394287109 809.420906066895 -9999 -9999 -9999 -9999 -9999 -9999 -9999 -9999 -9999 -9999 -9999 -9999 -9999 -9999 -9999 -9999 -9999
