export/dem/dem92.asc
NCOLS 350
NROWS 171
XLLCORNER 152620
YLLCORNER 418050
CELLSIZE 100
NODATA_VALUE -9999
[rows 66 to 87 of 171, columns 50 to 99 of 350]
593.515174865723 373.683822631836 552.75853729248 336.043121337891 465.074699401855 334.937889099121 425.0552110672 569.248718261719 324.596199035645 334.003059387207 375.873866319656 347.764019012451 469.115020751953 576.332107543945 284.18620300293 204.106384277344 394.384590148926 312.454822540283 415.844036102295 518.341583251953 182.107711791992 444.326061248779 288.276031494141 413.291902542114 546.350799560547 451.076934814453 483.316223144531 331.701114654541 325.115268707275 261.496520996094 441.094169616699 401.84221124649 485.484703063965 406.567328095436 322.158302307129 439.581672668457 412.528156280518 364.306774139404 508.25365447998 490.153652191162 399.17781829834 575.910690307617 448.754988670349 346.592216491699 376.150131225586 476.032230377197 494.003036499023 456.598185062408 586.967666625977 335.44953918457
401.739540100098 510.110498428345 322.544242858887 381.747749328613 407.657796859741 386.623368263245 505.586002349854 407.09126663208 382.304029941559 363.810356140137 360.565577507019 357.219255447388 357.227137565613 286.773124694824 450.308250427246 294.486612319946 177.748901367188 340.256519317627 419.071472167969 463.609992980957 336.218379974365 395.347939491272 441.439964294434 476.811477661133 442.195007324219 573.081802368164 467.824401855469 448.551280975342 454.031463623047 426.430530548096 492.765502929688 562.560211181641 279.133483886719 434.799041748047 424.568438529968 365.76375579834 480.67643737793 352.812587738037 312.796875 414.649157524109 300.932403564453 491.583404541016 470.622318267822 367.662010192871 261.233001708984 469.835056304932 282.455459594727 443.221970081329 618.708526611328 509.168060302734
460.311191558838 558.436561584473 455.290873110294 458.038726806641 430.530544281006 432.111053466797 496.525825500488 452.056579589844 346.987440109253 312.660957336426 381.506046295166 349.606576919556 335.721677780151 312.672298431396 421.27405166626 312.829883575439 183.478073120117 275.410430908203 401.455894470215 396.56360244751 347.856977462769 414.367099761963 375.113453865051 441.852108001709 304.137847900391 471.922805786133 508.819038391113 585.447875976562 418.352108001709 426.014091491699 486.167930603027 442.064575195312 535.044143676758 257.279388427734 563.454925537109 469.429447174072 334.825901031494 480.592933654785 467.570713043213 259.763641357422 513.705932617188 625.892807006836 523.69206237793 529.173629760742 437.972723960876 413.579856872559 415.949813842773 433.251583099365 217.213287353516 504.602680206299
509.551601409912 353.121711730957 331.381317138672 502.223655700684 467.532539367676 405.359115600586 364.338920593262 252.562873840332 368.421390533447 277.022064208984 359.50021982193 174.075469970703 387.358845233917 143.868347167969 478.897552490234 432.761657714844 267.540870666504 198.526504516602 271.806098937988 403.574586868286 327.437969207764 406.518014907837 231.053726196289 426.592849731445 273.887634277344 454.479484558105 388.42124247551 439.019020080566 431.16690826416 484.655952453613 459.722618103027 422.038307189941 438.677600860596 417.77929520607 360.685367584229 327.931148529053 543.970169067383 448.008625030518 452.79806137085 482.549278259277 578.075668334961 432.531216859818 632.799453735352 487.767456054688 297.673217773438 498.849231719971 389.180809020996 511.544979095459 383.52661895752 476.436551094055
486.29900932312 400.504379272461 252.001281738281 368.833595275879 289.010879516602 324.022861480713 345.539339065552 426.888511657715 389.006332397461 264.757789611816 373.727966308594 418.636642456055 228.277282714844 253.233337402344 284.590793609619 262.639053344727 221.584320068359 237.925033569336 189.463317871094 301.353950500488 456.267143249512 345.389713287354 299.791007995605 229.639297485352 253.703948974609 404.277324676514 320.670516967773 429.785640716553 403.363788604736 347.37621307373 409.790149688721 384.618928909302 346.057525634766 498.236228942871 440.405170440674 410.716424942017 300.052925109863 309.716133117676 333.975410461426 500.316802978516 571.8095703125 422.591570854187 353.897361755371 483.686027526855 534.513717651367 374.645248413086 377.423927307129 434.565971374512 268.410995483398 417.053966522217
449.65367603302 477.306304931641 389.772071838379 353.640377044678 373.100696563721 317.829261779785 454.256713867188 480.850967407227 264.555320739746 293.280891418457 395.961977005005 383.504194259644 386.543006896973 250.296035766602 316.225852966309 279.209800720215 289.740310668945 213.844207763672 317.496826171875 362.551881790161 402.251905918121 244.603179931641 471.231323242188 282.95979309082 467.37525177002 464.430595397949 502.685913085938 384.151759386063 503.328628540039 358.500495910645 339.71312713623 431.037300109863 477.200103759766 332.19507598877 441.452186584473 540.593368530273 369.99142074585 483.357139587402 628.446914672852 468.096996307373 460.283031463623 526.93221282959 465.259115219116 433.718898773193 406.203880310059 426.347145080566 402.496250152588 343.67684173584 350.665901184082 533.32933807373
468.067331314087 498.947662353516 382.477071762085 297.483825683594 319.652366638184 309.250377655029 301.820816040039 299.73851776123 412.9450340271 313.544840812683 333.834100723267 442.845092773438 300.568237304688 387.54799079895 310.742574691772 353.291086196899 244.031471252441 276.735931396484 383.411317825317 434.45389175415 386.747110366821 274.622016906738 398.715078353882 349.351337432861 457.895492553711 484.131233215332 455.143569946289 334.687272787094 521.112838745117 511.386268615723 312.343006134033 345.515785217285 338.408824920654 380.631632328033 482.296272277832 480.978664398193 393.426107406616 560.947418212891 459.674388885498 425.595657348633 384.73913192749 454.352390289307 400.046928405762 482.964925765991 343.595153808594 399.930160522461 428.158985137939 358.115684509277 376.769859313965 321.258651733398
519.224807739258 423.340351104736 184.109329223633 191.165054321289 350.647720336914 307.178741455078 333.527309417725 473.408645629883 388.19287109375 298.061870574951 352.235486984253 325.280027389526 389.503219604492 371.578358650208 341.662031173706 244.245536804199 372.390810728073 327.125610351562 362.48618888855 316.245029449463 433.27465057373 245.66926574707 456.616340637207 402.65983581543 429.601150512695 469.221832275391 418.591972351074 447.529052734375 534.739868164062 572.869064331055 376.730297803879 473.142631530762 255.046249389648 353.408020019531 445.075096130371 373.930353164673 402.365651130676 422.672047138214 372.179203033447 449.342480659485 436.160327911377 427.505605697632 550.590270996094 424.592433929443 431.947948455811 431.701934814453 441.581874847412 378.833221435547 274.527145385742 334.896087646484
527.061294555664 482.650012969971 419.048450469971 337.472423553467 225.007827758789 266.409446716309 339.354871749878 353.248233795166 312.507305145264 419.348709106445 426.245948791504 565.50048828125 476.567428588867 441.045043945312 501.862503051758 357.716495513916 385.804316520691 437.625770568848 336.521564483643 150.786575317383 389.019128799438 366.426424503326 351.390075683594 509.09440612793 496.617179870605 331.349761962891 325.697952270508 461.909202575684 567.488739013672 550.037109375 601.346542358398 433.961765289307 447.497268676758 556.670181274414 509.114532470703 380.245941638947 443.905630111694 449.887386322021 505.591548919678 569.853630065918 586.351287841797 499.028053283691 514.28226852417 655.140228271484 543.472717285156 545.539043426514 529.75675201416 383.131408691406 242.014434814453 524.603130459785
550.057750701904 549.962463378906 467.381412506104 432.162003278732 388.704743385315 238.405204772949 236.657577514648 429.61563873291 409.845153808594 347.432137489319 326.006046295166 423.166625976562 291.267227172852 555.649612426758 353.180126190186 415.979351043701 392.664711952209 350.358688354492 447.127738952637 562.371643066406 329.953357696533 199.586975097656 292.366714477539 342.839270591736 257.499534606934 404.121072769165 545.330505371094 322.408367156982 508.875457763672 438.973533630371 380.15230178833 376.663524627686 480.142807006836 506.011589050293 568.555541992188 385.175174713135 460.281322479248 516.811866760254 539.398056030273 470.434952020645 503.600902557373 436.212619781494 347.731002807617 491.373071670532 512.111206054688 452.926559448242 406.078170776367 288.097473144531 405.609504699707 778.687858581543
769.635009765625 442.85343170166 347.61011505127 322.523399353027 370.760829925537 394.921510696411 309.136291503906 98.9531860351562 467.051811218262 410.595405578613 260.058265686035 263.62329864502 271.53394317627 288.595596313477 435.662498474121 249.661178588867 490.025390625 275.10425567627 421.780879974365 282.464729309082 406.509922027588 284.467197418213 424.475952148438 328.458713531494 414.664268493652 473.698448181152 394.401714324951 455.985717773438 485.778686523438 364.36014175415 445.548587799072 469.212623596191 377.838005065918 389.257827758789 494.493431091309 503.700042724609 395.235988616943 482.922546386719 502.124359130859 466.248539924622 458.772214889526 415.2067527771 402.369300842285 408.689311981201 441.148250579834 384.061408996582 461.845336914062 800.310493469238 485.438583374023 626.847002029419
491.765510559082 528.459491729736 409.167049407959 305.931884765625 466.384001731873 304.914604187012 179.361343383789 246.91869354248 402.444412231445 460.05281829834 412.701147079468 370.993240356445 370.812313079834 383.925870895386 386.110605239868 284.215507507324 387.180559158325 385.853576660156 248.41780090332 376.023228168488 329.26834487915 274.319976806641 389.455779075623 531.440841674805 450.067817687988 381.605784416199 362.743444442749 552.113296508789 507.029846191406 420.460735321045 327.055545806885 442.482921600342 417.75998878479 541.188858032227 437.625211715698 498.513534545898 467.283313751221 506.479457855225 466.646124839783 393.502098083496 475.277458190918 427.448673248291 314.651023864746 354.565040588379 445.850438594818 588.971618652344 481.06356048584 759.596641540527 542.122928619385 529.14729309082
584.953224182129 348.94507598877 338.008164644241 422.195550918579 259.645904541016 217.795318603516 216.578079223633 318.385829925537 333.129322052002 260.809791564941 311.592430114746 206.279541015625 300.702583312988 394.674940109253 373.330898284912 168.995040893555 205.082336425781 164.119598388672 414.182655334473 320.12145614624 214.151184082031 313.225852966309 326.278518676758 486.46898651123 405.896064758301 611.772811889648 479.119598388672 452.570770263672 467.903144836426 527.135269165039 486.036010742188 568.777740478516 470.504421234131 451.86085319519 548.302421569824 495.839647054672 490.587661743164 486.162618637085 510.071437835693 431.091239929199 443.042007446289 542.908096313477 330.230857849121 735.208416938782 459.381500244141 634.97624206543 330.846817016602 526.593566894531 491.590576171875 722.04345703125
361.878053665161 497.179275512695 252.774345397949 250.375640869141 540.510704040527 517.855392456055 312.10636138916 154.880981445312 394.252294540405 192.422088623047 252.992317199707 287.313484191895 323.832958221436 436.630256652832 318.414447784424 266.519287109375 289.796997070312 284.602207183838 377.693887710571 323.398868560791 388.427768707275 301.39754486084 290.829032897949 428.387870788574 512.440849304199 384.464683532715 598.401092529297 494.608673095703 453.162158966064 557.377380371094 456.273036956787 429.344312667847 430.795152664185 385.095367431641 348.028923034668 395.536041259766 452.703182220459 448.810871124268 626.975067138672 367.220092773438 609.64501953125 550.700424194336 723.360893249512 624.648010253906 572.675754547119 653.148847579956 532.393127441406 385.566268920898 515.586357116699 648.238178253174
553.83228302002 469.680168151855 437.435241699219 443.812442779541 218.791244506836 450.273109436035 323.87712097168 205.231582641602 401.110008239746 404.058822631836 437.87451171875 375.862408638 521.969436645508 433.349792480469 397.16374206543 417.806121826172 433.933197021484 360.078325271606 470.809852600098 333.752196311951 363.003748774529 319.572826385498 379.46398639679 304.374870300293 487.623046875 608.233978271484 404.471659660339 365.744987487793 486.936477661133 422.216453552246 404.62813898921 318.17015838623 499.490478515625 537.698143005371 309.642379760742 394.797218322754 459.518281936646 478.560514450073 350.477844238281 486.187160491943 482.953845977783 538.765502929688 805.022996902466 472.468899250031 529.332448959351 572.033302307129 465.591217041016 478.912567138672 464.202812194824 578.137727737427
395.641609191895 353.180693626404 281.42053604126 288.822120666504 303.444458007812 240.345336914062 221.513031005859 404.246662139893 512.988342285156 441.521713256836 370.195954918861 306.858638763428 360.246528625488 335.378784179688 236.02067565918 425.76880645752 335.886524200439 338.239394187927 394.647657394409 374.615870952606 408.649482727051 323.961246490479 550.803802490234 494.319778442383 474.479629516602 590.705627441406 524.603591918945 501.159118652344 371.975798368454 353.842529296875 380.142971038818 398.510288238525 353.730323791504 335.413131713867 523.131008148193 438.615913391113 440.037860870361 416.934028625488 650.080200195312 485.785667419434 686.063049316406 610.143783569336 743.457783699036 748.152601242065 455.185214996338 550.397476196289 500.066271781921 402.471557617188 477.68631362915 545.435401916504
477.771598815918 375.524738311768 273.444633483887 307.517196655273 296.654579162598 379.301300048828 359.210708618164 516.843612670898 474.801368713379 516.071197509766 381.752988815308 417.567070007324 395.046998977661 357.486768722534 403.636737823486 312.084056854248 339.741413116455 379.436250686646 199.303619384766 244.868148803711 487.23713684082 373.993427753448 402.338829040527 522.514846801758 439.517498016357 462.742042541504 432.599580764771 490.737159729004 502.335952758789 422.31365776062 497.587951660156 426.199891090393 374.255195617676 371.519470214844 319.996566772461 469.465696334839 503.840251922607 511.639663696289 612.218032836914 651.9389295578 632.650596618652 479.032989501953 382.996383666992 361.674530029297 433.23694229126 443.224308013916 447.523052215576 461.817184448242 654.412490844727 485.689155578613
407.121998310089 295.980377197266 311.811330795288 300.4443359375 300.685829162598 214.554962158203 249.70272064209 382.311819076538 333.549198150635 433.978317260742 362.671588897705 374.442784309387 262.288696289062 393.896472930908 428.182289123535 398.087593078613 378.842784881592 393.731678009033 454.765296936035 340.913263320923 369.945602416992 473.15062713623 263.544631958008 279.533264160156 526.848838806152 550.798278808594 496.677318572998 574.501373291016 447.791564941406 380.980386734009 600.987365722656 357.538841247559 375.949829101562 474.619758605957 495.546222686768 509.870624542236 499.409523010254 551.751708984375 642.191802859306 566.086647033691 533.984188079834 498.228802680969 463.429702758789 575.698707580566 652.698509216309 625.372898101807 534.934501647949 675.506744384766 796.063507080078 798.142517089844
368.995084762573 243.810012817383 184.794815063477 374.152156829834 355.558977127075 369.591442108154 277.806968688965 315.933013916016 446.783256530762 451.453025817871 311.403894424438 246.657218933105 397.893146514893 324.088895797729 432.793724060059 401.410907745361 354.312478542328 351.322938919067 479.891273498535 398.428258895874 344.732290267944 384.891339302063 334.351417541504 443.079486846924 517.156669616699 413.948235988617 406.258111000061 469.162822723389 347.74112701416 486.982566833496 479.31217956543 402.043497085571 476.264728546143 347.655029296875 493.127389907837 507.352104187012 789.574913024902 654.269218444824 561.72022151947 351.467025756836 488.393814086914 507.877397656441 580.779695510864 572.406311035156 577.396717071533 583.257537841797 730.332305908203 707.50016784668 637.902061581612 781.63304901123
347.565361022949 306.601173400879 468.565162658691 438.096462249756 504.887237548828 278.235931396484 316.183180809021 313.97812461853 382.584680557251 528.516807556152 340.426947116852 596.485107421875 305.771415710449 295.28787612915 282.074089050293 162.032424926758 468.522911071777 523.934997558594 436.779312133789 136.475799560547 451.473587036133 335.420402526855 379.280950069427 506.660438537598 281.892555236816 317.599609375 542.004791259766 524.172210693359 446.892272949219 487.485919952393 465.08129119873 388.025295257568 350.008888244629 484.787825584412 506.643379211426 531.726951599121 583.187585830688 592.894506454468 527.551002502441 575.023780822754 509.36288022995 628.305168151855 543.82935333252 544.805351257324 489.630737304688 -9999 -9999 883.119674682617 560.213912963867 1113.81353759766
303.127906799316 407.08137512207 431.429138183594 277.994430541992 532.794036865234 264.572914123535 296.09220123291 300.339263916016 324.990314483643 499.892196655273 487.13264465332 354.990399360657 450.048522949219 347.614695549011 280.213233947754 357.118998289108 281.717765808105 458.328880310059 373.797397613525 232.172409057617 368.762578964233 361.852500915527 268.900245666504 334.41743850708 319.218414306641 459.411712646484 375.332550048828 441.520185470581 556.124984741211 308.593154907227 583.352127075195 460.380786895752 456.203860282898 437.034362792969 491.968208312988 969.176574707031 628.156444549561 581.673177719116 553.159652709961 443.377784729004 631.558259963989 412.251098632812 -9999 -9999 -9999 -9999 -9999 -9999 -9999 -9999
476.398124694824 314.982749938965 377.879261016846 494.857894897461 453.996711730957 287.951488494873 381.452131271362 397.591850280762 452.476135253906 524.61457824707 484.441436767578 433.012145996094 435.375686645508 241.034111022949 416.71949005127 242.716918945312 240.381759643555 252.604881286621 259.242866516113 547.325866699219 304.027168273926 306.429985046387 361.912117004395 458.567905426025 342.570583343506 399.457375526428 496.08024597168 433.145715713501 493.011096954346 465.072370052338 333.11954498291 551.70458984375 454.203346252441 573.80655670166 534.632278442383 705.788864135742 592.119972229004 522.094116210938 468.936983108521 585.787096261978 553.836780548096 -9999 -9999 -9999 -9999 -9999 -9999 -9999 -9999 -9999
