export/dem/dem95.asc
NCOLS 350
NROWS 171
XLLCORNER 152620
YLLCORNER 418050
CELLSIZE 100
NODATA_VALUE -9999
[rows 0 to 21 of 171, columns 150 to 199 of 350]
694.323120117188 631.052936553955 753.247514724731 -9999 -9999 -9999 -9999 -9999 -9999 -9999 -9999 -9999 -9999 -9999 -9999 -9999 -9999 -9999 -9999 -9999 -9999 -9999 -9999 -9999 -9999 -9999 -9999 -9999 -9999 -9999 -9999 -9999 -9999 -9999 -9999 -9999 -9999 -9999 -9999 -9999 -9999 -9999 -9999 -9999 -9999 -9999 -9999 -9999 -9999 -9999
535.03923034668 613.151546478271 794.079641342163 774.717204332352 722.521118164062 417.986099243164 438.013641357422 -9999 -9999 -9999 -9999 -9999 -9999 -9999 -9999 -9999 -9999 -9999 -9999 -9999 -9999 -9999 -9999 -9999 -9999 -9999 -9999 -9999 -9999 -9999 -9999 -9999 -9999 -9999 -9999 -9999 -9999 -9999 -9999 -9999 -9999 -9999 -9999 -9999 -9999 -9999 -9999 -9999 -9999 -9999
565.75122833252 776.961395263672 632.155788421631 696.574007034302 512.283676147461 550.680221557617 690.197111129761 524.046997070312 731.020202636719 697.277610778809 822.0178565979 803.567129135132 805.400863647461 899.763744354248 -9999 -9999 -9999 -9999 -9999 -9999 -9999 -9999 -9999 -9999 -9999 -9999 -9999 -9999 -9999 -9999 -9999 -9999 -9999 -9999 -9999 -9999 -9999 -9999 -9999 -9999 -9999 -9999 -9999 -9999 -9999 -9999 -9999 -9999 -9999 -9999
559.304531097412 502.09432220459 710.27453994751 708.294086456299 508.904144287109 606.731384277344 676.413063049316 883.207527160645 800.926956176758 1009.42919588089 837.441360473633 806.227634429932 707.506706237793 605.913269042969 518.111358642578 585.021179199219 712.176856994629 978.036827087402 874.371153950691 814.941562652588 970.810089111328 809.094289779663 893.09058380127 644.197463989258 888.383285522461 790.591636657715 805.170787811279 781.138786315918 851.788635253906 910.65266418457 835.410779476166 872.009628772736 801.659049987793 776.642784118652 758.97501373291 -9999 -9999 -9999 -9999 -9999 -9999 -9999 -9999 -9999 -9999 -9999 -9999 -9999 -9999 -9999
1063.77217960358 715.592035293579 818.591918945312 887.041763305664 1148.64219665527 1013.02027130127 821.194793701172 810.06916809082 891.847946166992 966.1315574646 960.581024169922 588.546348571777 742.259220123291 795.202270507812 491.956623077393 443.001617431641 627.075050354004 721.84725189209 675.42879486084 559.945358276367 826.318628072739 983.356109619141 892.75443649292 903.15486907959 943.351913452148 778.776960849762 803.225997924805 811.516815185547 729.679300308228 960.29345703125 825.739669084549 814.856636047363 755.014959335327 771.91352558136 506.45686340332 548.493591308594 681.224401473999 730.143690109253 732.017913818359 713.181304931641 523.958862304688 514.376068115234 515.744262695312 764.644424438477 937.217514038086 641.78466796875 744.920505523682 710.095672607422 884.742340087891 875.405471801758
1113.88999176025 1002.75570678711 791.02206993103 1103.57830047607 1146.68673706055 1006.08167266846 926.554010629654 850.637344360352 766.823791503906 697.246398925781 698.686737060547 549.921585083008 575.696235656738 445.974594116211 580.886276245117 532.833478927612 712.566076993942 817.69799041748 847.372497558594 732.812176704407 687.102165222168 879.563842773438 794.490875244141 695.962851524353 614.686584472656 684.003576278687 705.045921325684 576.874664306641 531.066909790039 738.55619430542 817.361991882324 705.350009918213 832.327911376953 634.486763000488 722.558311462402 657.367046356201 536.252655029297 698.578369140625 806.033515930176 791.77498626709 712.875297546387 638.520687103271 621.671504974365 730.956405639648 435.136352539062 691.600080490112 754.117919921875 777.291450500488 725.024969100952 796.598278045654
1208.03773498535 1209.0154838562 723.565849304199 770.135467529297 934.512825012207 907.598304748535 948.488868713379 944.38249206543 875.949142456055 943.925094604492 1012.41062164307 742.459159851074 598.321044921875 393.285987854004 833.395973205566 582.166656494141 602.269393920898 738.201335906982 818.350574493408 778.397101402283 706.82905960083 611.074325561523 737.279935836792 684.882486820221 647.240219116211 754.930374145508 599.474021911621 762.736122131348 700.988014221191 717.544593811035 894.315872192383 902.083435058594 666.165082931519 822.31608581543 560.300872802734 785.064453125 727.416191101074 670.005630493164 815.490768432617 728.356689453125 786.935745239258 692.487487792969 549.692802429199 609.330394744873 576.482864379883 543.418479919434 801.550918579102 624.388271331787 747.545486450195 799.733644485474
1218.67227554321 794.819939613342 850.975761413574 693.020294189453 954.154975891113 931.470146179199 848.193786621094 729.535766601562 998.872482299805 1043.30651855469 1017.76889038086 739.318227767944 745.965339660645 639.392124176025 868.339530944824 724.378204345703 556.820556640625 690.617099761963 779.697535514832 658.450347900391 955.187834739685 1035.19091677666 714.896903991699 846.045204162598 562.26008605957 684.860835075378 695.470153808594 731.909999847412 787.098045349121 867.92896270752 788.13659286499 842.406761169434 711.382263183594 687.067052841187 743.524318695068 720.146209716797 671.523651123047 652.855133056641 773.950965881348 729.555572509766 747.294692993164 641.509307861328 767.620735168457 752.580474853516 766.928977966309 877.383763551712 833.281402587891 870.945137023926 736.767560958862 696.25927734375
670.859668731689 630.54426574707 732.463006973267 754.695156991482 847.138305664062 593.832290649414 868.145584106445 879.639266967773 969.268440246582 914.806610107422 711.570709228516 852.76681137085 578.482795715332 574.072265625 740.935913085938 700.018077850342 688.487159729004 790.41672039032 736.767189025879 652.647323608398 886.309188842773 1161.60041046143 831.218254089355 804.520713806152 608.723190307617 852.356826782227 983.11003112793 967.182876586914 820.294681549072 1025.21434020996 969.610961914062 883.653568267822 828.946395874023 919.628723144531 944.82649230957 864.845813751221 822.155784606934 800.791793823242 792.874801635742 941.501132965088 943.06480884552 841.155741691589 888.178855895996 894.28589630127 779.308040618896 912.113674163818 861.591342926025 764.303031265736 717.150183677673 854.157341003418
737.872611999512 765.745784759521 555.061653137207 591.846481323242 490.641662597656 630.578384399414 529.785888671875 349.066558837891 382.337524414062 732.235866546631 744.236358642578 535.764053344727 484.709686279297 633.125350952148 843.789321899414 928.561790466309 959.180656433105 701.490306854248 840.758010864258 588.315246582031 853.366561889648 874.786254882812 1135.22801971436 1231.93826293945 850.361763000488 919.044357299805 618.726379394531 770.589046478271 826.892227172852 732.560447692871 947.40242767334 778.461605072021 866.581939697266 749.627048492432 753.171850681305 887.694416999817 931.390563011169 948.62531375885 930.068412780762 853.704139709473 781.435092926025 805.505283355713 890.61483001709 970.490432739258 879.359882354736 981.058282375336 982.451873779297 876.267066001892 807.701366424561 714.736755371094
823.280883789062 673.85241317749 699.544425964355 592.419975280762 535.142456054688 411.609741210938 365.709136962891 455.062721252441 519.630126953125 535.476707458496 621.37606048584 540.025772094727 538.416481018066 587.608963012695 547.503936767578 992.275497436523 1110.77943515778 573.389068603516 948.398651123047 727.211448669434 1076.07675170898 989.721397399902 776.740741729736 934.723197937012 985.16219329834 1135.80252456665 691.922798156738 699.558364868164 635.451723098755 714.79948425293 868.775314331055 627.065994262695 531.19457244873 419.48193359375 613.974391937256 868.229911804199 775.940208435059 658.687255859375 749.491592407227 719.503295898438 643.966358184814 582.234710693359 902.006542205811 983.048578262329 928.05500793457 1478.68263244629 856.772125244141 1346.96073913574 1191.27807617188 926.075038909912
531.20539855957 585.686347961426 656.915515899658 524.954872131348 386.972839355469 419.507217407227 606.307653903961 458.461631774902 579.845321655273 600.72131729126 504.360801696777 621.701034545898 597.263069152832 926.319717407227 744.618309020996 670.709846496582 674.414489746094 794.090713500977 899.706745147705 519.967529296875 572.245086669922 978.504806518555 718.235191345215 719.419296264648 710.470504760742 649.485870361328 1355.65856170654 1237.84533119202 1058.42700767517 1338.92427062988 1145.91942226887 736.722232818604 701.599950134754 429.135269165039 491.30850982666 646.849815368652 751.152448654175 569.670303344727 471.976043701172 519.847076416016 738.912956237793 965.589309692383 950.723072052002 612.627792358398 645.565994262695 811.63809967041 812.938594818115 822.547378540039 1149.11182403564 744.072257995605
672.915531158447 560.614940643311 531.567108154297 589.79069519043 495.761474609375 795.826530456543 502.203506469727 586.607675552368 599.493583679199 595.053443908691 658.381378173828 566.583343505859 1053.65170288086 894.130989074707 659.327941894531 464.085052490234 450.159301757812 751.113067626953 1041.52544593811 732.222476959229 714.965957641602 815.721649169922 615.101760864258 745.999671936035 712.913383483887 722.469131469727 1028.46529006958 1302.54608154297 777.48912858963 887.198608398438 1284.4337682724 831.425960540771 763.584644317627 568.693908691406 432.92561340332 610.848922729492 716.895217895508 621.10758972168 685.560150146484 738.874362945557 560.184356689453 753.111556053162 650.881019592285 698.229514122009 676.507616043091 679.710865020752 826.83854675293 751.124320983887 865.388000488281 921.422103881836
617.757464408875 680.11058807373 681.829605102539 1290.68944549561 998.230113983154 1132.87642240524 954.754945755005 730.156684875488 680.591884613037 618.755859375 824.327140808105 591.713115692139 649.432228088379 777.350296020508 793.366302490234 457.364242553711 532.432495117188 440.296432495117 614.150405883789 658.326934814453 769.313564300537 391.610107421875 825.886795043945 800.102519989014 787.023849487305 757.165283203125 819.612586975098 795.227806091309 839.987968444824 800.336288452148 1161.14575195312 728.958469390869 542.635147094727 555.330444335938 538.273864746094 711.886428833008 714.509948730469 701.069519042969 665.504009246826 463.096954345703 608.05549621582 622.55403137207 947.049758911133 721.432465553284 651.552711486816 862.596313476562 746.49925994873 852.314094543457 1021.26270294189 812.340637207031
1123.69440460205 785.813842773438 713.923736572266 549.655319213867 639.405391693115 609.546981811523 766.252174377441 854.863586425781 783.108657836914 899.628540039062 687.725620269775 733.594879150391 782.540626525879 585.480155944824 1169.81462192535 609.584310531616 494.521530151367 374.264862060547 795.327499389648 533.833145141602 658.311981201172 574.765106201172 817.98494720459 670.798332214355 447.939575195312 643.276519775391 991.467533111572 988.865707397461 975.691135406494 634.728691101074 755.095348358154 871.330490112305 1168.62501525879 626.228317260742 674.373077392578 613.065017700195 676.876815795898 730.032983779907 439.286575317383 760.223655700684 680.333724021912 810.497062683105 580.581314086914 582.574142456055 664.427402496338 686.654525756836 822.851448059082 716.858531951904 901.166873931885 605.67903137207
624.027656555176 637.441062927246 560.401916503906 564.707485198975 711.95792388916 635.879363536835 644.791969299316 626.75244140625 696.492771148682 647.796758651733 752.401798248291 566.598801612854 707.945543467999 1080.35848999023 625.782165527344 849.161476135254 542.030822753906 885.73681640625 725.86572265625 1178.92962646484 1209.68886184692 895.815872192383 1272.32773590088 621.613845825195 852.194946289062 783.179938465357 1009.54644393921 881.042289733887 680.828323364258 824.862424850464 680.534484863281 701.739568710327 777.300235748291 679.742694854736 551.183715820312 708.268775939941 529.973770141602 774.669924259186 673.667289733887 649.216505050659 696.332628250122 748.651756286621 670.029039382935 724.09765625 561.085525512695 704.130657196045 699.978068351746 646.249841690063 685.887351989746 787.440971374512
556.086135864258 736.461776733398 470.451026916504 472.051971435547 504.692192077637 551.88126373291 578.676124572754 553.187713623047 664.322826385498 614.942100524902 572.23258972168 670.862892150879 1525.65797996521 1513.54022192955 610.745315551758 807.889778137207 468.579162597656 650.745536804199 519.384033203125 636.490386962891 1115.16067123413 558.994430541992 784.492706298828 526.018005371094 698.838768005371 837.236534118652 1910.65935516357 1178.48773193359 964.074859619141 733.712131500244 812.623603820801 605.954162597656 627.032318115234 1174.80577850342 796.759243011475 595.256896972656 766.909378051758 931.809753417969 1242.79064941406 802.832878112793 770.709609985352 706.758628129959 816.185119628906 859.894912719727 1166.36843442917 657.072906494141 773.949264526367 648.703100204468 730.906841754913 823.753288269043
753.781127929688 573.240823745728 603.967661380768 652.199729919434 574.727806091309 719.164451599121 742.408714294434 769.77465057373 706.851121902466 664.03857088089 620.976037979126 665.024795532227 471.034866333008 534.65885925293 680.35068321228 940.248687744141 550.711563110352 587.395889282227 549.210037231445 657.434765815735 583.402801513672 617.216796875 612.539016723633 790.224239349365 681.695571899414 1090.2082901001 848.365526676178 838.992420196533 792.169887542725 831.074970245361 866.330978393555 954.823215007782 917.227270126343 693.576808929443 846.685264587402 664.937187194824 650.369087219238 558.44807434082 752.068359375 672.40015411377 786.221618652344 783.474636077881 760.546005249023 867.660743713379 768.68523311615 656.434799194336 602.04997253418 623.835891723633 974.494491577148 628.893157958984
584.214498519897 578.139087677002 509.501976013184 578.357807159424 440.601348876953 565.834754943848 972.519569396973 867.518294334412 643.013608932495 766.228363037109 657.814818382263 590.597286224365 696.039017677307 537.912521362305 697.09613609314 926.897811889648 1094.89489746094 1203.90060138702 901.767778396606 683.562606811523 457.458435058594 719.658145904541 1128.16494750977 598.267944335938 923.497802734375 553.329154968262 752.132301330566 818.731927871704 676.065132141113 955.223564147949 718.48698425293 782.874357700348 610.708583831787 715.042003631592 682.341304779053 1443.76723480225 682.944437503815 701.610808372498 531.798156738281 1111.49965667725 717.854877471924 892.459115028381 904.726794242859 1017.63728713989 1037.37702178955 1097.24984741211 826.205541133881 692.682083129883 401.114135742188 497.766067504883
575.051614761353 544.401573181152 517.184463500977 531.734825134277 579.487686157227 482.120483398438 847.421760559082 781.595817565918 866.445663452148 656.299304962158 1050.54322814941 618.590259552002 462.637222290039 798.991149902344 788.235748291016 631.764763355255 681.843692779541 567.592727661133 688.094543576241 510.0302734375 860.714744567871 643.633529663086 793.471036911011 787.132789611816 819.99284362793 757.779760360718 457.747314453125 1013.28890705109 919.1321144104 708.313541412354 460.277801513672 679.023483276367 902.444999694824 732.092220306396 762.233304023743 776.392263412476 520.23649597168 590.273490905762 640.057216644287 791.908416748047 724.78085899353 737.217727661133 885.042644500732 584.224937438965 629.910081863403 474.459503173828 782.043365478516 638.882373809814 623.316394805908 557.206855773926
556.632476806641 493.778076171875 643.102694511414 476.839363098145 568.152526855469 671.035018920898 640.017250061035 708.029075622559 1267.9617767334 724.095798492432 581.283233642578 648.559440612793 588.458488464355 610.304534912109 459.566207885742 605.275918960571 671.477916717529 500.695770263672 726.82487487793 771.228302001953 997.150968551636 624.888542175293 802.458869934082 779.68196105957 879.109359741211 711.655685424805 853.122528076172 505.554840087891 585.224426269531 698.78316116333 604.213356018066 611.301116943359 671.072387695312 616.814140319824 544.012451171875 556.997245788574 711.479754447937 699.827392578125 669.970215797424 619.190055847168 789.816802978516 1029.42532348633 1350.79933166504 693.538028717041 808.386413574219 1102.01248931885 661.957618713379 675.460330963135 688.811874389648 967.042804718018
549.721244812012 535.902847290039 605.881298065186 494.250289916992 638.991291046143 629.352460861206 1104.56056213379 626.932044744492 741.268257141113 753.366584777832 679.510974884033 814.281806945801 745.791519165039 1043.68339538574 743.719654083252 591.033180236816 718.86784362793 562.421501159668 897.929992675781 850.08715057373 916.044700622559 1276.55339050293 867.904342651367 601.024185180664 662.906566619873 893.262580871582 582.369812011719 645.391326904297 1451.79565429688 591.322509765625 588.960151672363 508.440567016602 579.061721324921 461.504959106445 517.398559570312 674.99194586277 670.930566631258 585.754516601562 636.448638916016 742.565301895142 762.098964691162 808.316535949707 546.134170532227 499.598968505859 786.727676391602 1131.45281982422 697.974235534668 554.884582519531 719.576932907104 776.106910705566
