export/dem/dem97.asc
NCOLS 350
NROWS 171
XLLCORNER 152620
YLLCORNER 418050
CELLSIZE 100
NODATA_VALUE -9999
[rows 66 to 87 of 171, columns 200 to 249 of 350]
631.118867874146 502.663223266602 789.467697143555 594.282096862793 573.540145874023 681.18878364563 546.375480651855 604.108299255371 580.970703125 567.609748840332 553.2028465271 523.836456298828 623.400824069977 676.972675323486 540.97571182251 648.842182636261 684.415740966797 606.93748664856 427.172424316406 636.194157361984 703.880523681641 631.240543365479 599.062995910645 633.747727870941 512.04328918457 643.683620452881 395.540786743164 602.029175281525 645.711185455322 512.044040679932 650.189971923828 632.888160705566 664.350639343262 616.467684745789 860.671966552734 571.193334579468 532.60693359375 487.069763183594 556.245414733887 634.501576900482 699.259201049805 539.322959899902 678.498962402344 494.468475341797 494.81143951416 635.788368225098 501.629364013672 668.556529998779 709.752910614014 731.740280151367
494.385864257812 626.843828201294 645.192100331187 606.549938201904 631.251081466675 586.915908813477 576.793323516846 459.723846435547 695.791790008545 609.496900558472 636.388181209564 551.121772766113 655.853778481483 751.29615020752 482.898094177246 478.563636779785 474.640319824219 547.107063293457 671.347854614258 767.534511566162 908.742919921875 623.849420547485 530.564910888672 510.537216186523 614.185186862946 572.091293334961 670.87638092041 583.898504257202 747.632369995117 698.257217407227 557.975517272949 530.471725463867 647.200702667236 553.561027526855 745.48157119751 812.623443603516 726.236248016357 696.076354980469 522.431510925293 643.297020435333 788.335174560547 571.94367980957 754.411361694336 559.331596374512 595.815704345703 527.369812011719 740.291107177734 677.922721862793 598.356826782227 593.248714447021
700.045913696289 807.70556640625 649.744064331055 654.688501358032 706.659400939941 553.481056213379 585.133344650269 661.161024093628 782.886871337891 675.37707901001 712.649726867676 645.678185582161 743.068031311035 848.542556762695 557.152809143066 636.511470794678 546.321813583374 663.820369720459 519.329437255859 528.677856445312 569.170997619629 769.080383300781 556.281021118164 667.949977874756 575.775638580322 661.838157653809 556.883007049561 647.041296005249 542.375102996826 571.827354431152 672.24652838707 775.386542320251 605.492546081543 623.278984069824 705.449661254883 777.97590637207 761.880821228027 767.756935119629 615.470223426819 656.161409378052 817.699493408203 655.035026550293 710.638229370117 566.166893005371 700.014610290527 812.793319702148 759.163543701172 634.589162826538 618.068017959595 649.119806289673
679.25044631958 514.223327636719 620.200157165527 532.83528137207 609.953268051147 572.082134246826 592.637367248535 624.512088775635 672.17653465271 620.962176322937 772.743347167969 752.919204711914 681.316779136658 769.492080688477 729.885303497314 590.831115722656 617.390766143799 453.330902099609 617.792631149292 643.759353637695 713.582820892334 726.064025878906 638.633300900459 420.623077392578 514.921928405762 720.985160827637 539.914089202881 652.994408607483 682.874176025391 593.913827896118 542.02906036377 542.589691162109 618.619157791138 733.048099517822 778.213935852051 796.908157348633 771.662414550781 742.151573181152 589.614761352539 615.859119415283 665.743244171143 800.682006835938 585.340641021729 616.233226776123 532.224472045898 757.181991577148 620.147114276886 650.909463882446 736.640174865723 547.734992980957
785.549911499023 506.333938598633 729.565353393555 439.079696655273 624.863188490272 728.386695861816 737.466361999512 722.542304992676 727.591461181641 631.104602813721 704.708072662354 712.54727935791 637.651748657227 552.577003479004 516.289169311523 623.052900314331 735.052261352539 590.782132148743 665.443203926086 764.89111328125 811.010932922363 825.126197814941 609.524459838867 810.024475097656 511.394264221191 550.052658081055 495.374061584473 613.027743339539 588.588272094727 708.563789367676 570.413764953613 657.032623291016 585.684341430664 432.300903320312 648.653022766113 599.475780487061 740.909934997559 680.080680847168 585.415355682373 570.25256729126 597.372610092163 801.985244750977 678.92752456665 549.520050048828 536.968368530273 723.078514099121 698.762184143066 692.877563476562 704.763786315918 748.050674438477
554.163749694824 505.471649169922 784.664093017578 586.853679656982 553.26082611084 678.711421966553 655.996412754059 672.385892868042 660.484340667725 893.834060668945 644.522941589355 634.581289291382 570.925308227539 681.048271179199 511.829055786133 424.311889648438 765.954620361328 690.669780731201 813.591690063477 674.374336242676 723.251649856567 825.471748352051 601.831359863281 593.676708221436 724.715881347656 556.674629211426 598.473578453064 668.178596496582 678.460762023926 639.497272491455 610.671855926514 754.639511108398 706.445526123047 720.043157577515 646.317353248596 670.189556121826 602.659481048584 760.147109985352 700.338886260986 651.723273277283 574.320377349854 611.316242218018 531.291427612305 647.635589599609 617.204205513 526.641540527344 596.52640914917 758.23267364502 775.134176254272 618.623430967331
563.36506652832 520.862380981445 585.259231567383 713.803142547607 526.12377166748 741.156799316406 624.560137748718 633.566997528076 654.715214729309 653.650105208158 565.022445678711 691.702562332153 505.807968139648 450.499237060547 579.709732055664 522.820495605469 691.622951507568 795.426666259766 714.471603393555 940.754730224609 777.468933105469 828.823783874512 692.617359161377 560.909065246582 717.743591308594 692.158256530762 545.054401397705 655.793724060059 560.905475616455 629.474348068237 579.567451477051 665.044761657715 640.898502349854 628.689208030701 600.886766433716 487.756729125977 507.151512145996 570.277366638184 604.508871197701 562.706653594971 768.809814453125 666.396516799927 630.640648365021 722.647720336914 632.904358863831 584.934454917908 522.551315307617 653.712630271912 605.425132751465 742.37239074707
615.289486885071 665.750072479248 719.060729980469 547.538230895996 516.022216796875 592.257213592529 693.352569580078 657.197250366211 456.221176147461 601.035575866699 575.405941009521 651.099336385727 553.751075744629 503.91032409668 631.071901321411 526.67497253418 706.126159667969 617.875335693359 757.017024993896 749.196281433105 910.938430786133 865.294082641602 698.355899810791 728.224899291992 697.532890319824 646.619453430176 571.54642868042 590.88952255249 689.215965270996 598.088424682617 647.244541168213 575.744823455811 773.361110687256 557.91414642334 531.966899871826 496.756301879883 745.84107208252 754.761642456055 674.385940551758 622.486329078674 673.133544921875 724.656234741211 688.473583221436 499.981704711914 530.084686279297 504.041786193848 518.953125 601.114177703857 705.70726776123 747.780128479004
571.235317230225 619.990251541138 548.143913269043 646.236673355103 517.238914489746 703.377136230469 600.610221862793 832.961776733398 665.220001220703 816.28564453125 714.855087280273 585.424621582031 603.373512268066 728.563568115234 655.591426849365 678.218112945557 777.194229125977 584.85009765625 774.2200050354 925.138427734375 890.214210510254 1005.17367553711 1094.28973197937 764.746082305908 770.968849182129 695.703689575195 719.635101318359 750.999221801758 620.971591949463 618.059457778931 613.709445953369 690.684600830078 507.060516357422 475.116760253906 585.872249603271 543.321388244629 659.440444946289 630.141745090485 612.104128062725 732.043907165527 621.592227935791 555.449287414551 593.439525604248 699.595092773438 571.063896179199 602.258943557739 609.298770904541 633.174907684326 667.529891967773 742.998458862305
591.114145278931 653.786931991577 538.48087310791 537.297744750977 570.683921813965 610.429431915283 791.197448730469 794.536346435547 700.730163574219 814.955932617188 657.569796204567 556.001472473145 662.182620048523 749.699775695801 631.61563873291 598.634983062744 658.743003845215 711.438766479492 778.847511291504 725.986394882202 636.593718528748 712.161022186279 743.656600952148 791.035026550293 746.432800292969 899.851535797119 1074.60535526276 707.978384017944 681.448364257812 642.055111408234 674.41682434082 759.224617004395 513.627830505371 717.279838562012 787.683731079102 545.50114440918 718.856548309326 703.72331237793 581.9853515625 584.970630645752 700.676948547363 605.130597114563 650.940494537354 621.6552734375 561.666358947754 548.351490020752 592.419948577881 672.086204528809 511.886650085449 691.428421020508
518.846397399902 570.610252380371 562.600231170654 499.925849914551 695.463737487793 746.877990722656 608.044744491577 732.24983215332 724.391250610352 834.746566772461 724.595489501953 663.552188873291 660.048928260803 693.433128356934 743.19506072998 700.154632568359 589.484537601471 746.301170349121 784.678562164307 737.26891708374 790.404289245605 789.425067901611 779.127586364746 653.9814453125 810.363956928253 870.397445678711 811.717073440552 881.334255218506 860.263473510742 689.766265869141 1306.69393157959 681.654666900635 637.076622009277 646.596214294434 605.128761291504 672.194734573364 759.397254943848 540.221473693848 510.840286254883 682.237991333008 714.327583312988 594.402458190918 655.414344787598 590.8102684021 443.138000488281 560.474159240723 502.006629943848 638.891708374023 607.034103393555 705.365791320801
788.784408569336 693.92066192627 675.033988952637 483.79182434082 496.850967407227 666.199165344238 618.572250366211 669.645263671875 838.903579711914 689.292944908142 757.150451660156 675.787183761597 751.71703338623 507.665390014648 692.330924987793 495.225769042969 518.90877532959 538.979469299316 912.761165618896 952.368774414062 826.738048553467 791.431193828583 745.725311279297 953.074768066406 729.748099803925 791.032011032104 862.657775878906 930.938830375671 1158.8553314209 987.068832397461 584.852172851562 701.350206375122 709.028490066528 712.824942588806 542.781074523926 674.252412796021 633.485607147217 672.175541400909 600.409400939941 474.159942626953 468.093414306641 694.051639556885 554.062782287598 745.171890258789 627.154268264771 614.67437005043 585.781970977783 559.760627746582 531.226570129395 657.206775665283
718.394966125488 701.866065979004 800.186828613281 563.424385070801 739.156280517578 701.476745605469 543.882308959961 645.612510681152 701.305309295654 767.973999023438 660.656796455383 682.667778015137 555.212921142578 576.030700683594 746.755950927734 698.489433288574 703.837326049805 675.869285583496 649.479127883911 792.066150665283 972.954559326172 1035.56464385986 754.086807250977 484.031677246094 726.820753097534 807.93578338623 756.533069610596 971.835552215576 1199.0851225853 1218.20867919922 755.395467758179 778.56559753418 768.048831939697 743.022749900818 645.701517045498 673.768245697021 632.148975372314 654.551950454712 607.603588104248 767.573387145996 629.209434509277 718.666374206543 835.911163330078 653.171325206757 727.125267028809 616.958842277527 624.983354568481 608.403245925903 651.949808120728 505.546691894531
621.552470684052 595.093716144562 749.796478271484 700.422981262207 738.902854919434 555.429557800293 576.385553359985 734.769653320312 708.564460754395 697.734609127045 607.846588134766 605.537910461426 768.614868164062 683.144367218018 760.064353942871 625.076372146606 676.834846496582 645.083559036255 627.478105545044 658.556396484375 722.041233062744 814.203578948975 855.687324523926 763.429176330566 657.132423400879 739.599365234375 759.462917327881 734.668743133545 1140.40744400024 1126.80073165894 1213.71043395996 1076.3801574707 977.006538391113 793.971912622452 810.315948486328 796.603797912598 546.27367401123 637.352937698364 836.231674194336 757.824974060059 569.804061889648 676.62693977356 720.376243591309 746.796913146973 694.052024841309 715.78923034668 596.602436065674 527.462623596191 594.508380889893 815.168182373047
634.69758605957 718.951873779297 707.05224609375 630.889719009399 650.913305282593 669.175880432129 660.546882629395 699.197227478027 709.944023132324 680.941515922546 735.825927734375 707.950691223145 557.126922607422 708.566783905029 669.375412940979 648.391895294189 718.38073348999 696.413737297058 726.40539932251 636.011447906494 546.992248535156 687.943111419678 607.818115234375 798.598052978516 746.396896362305 904.654037475586 798.905609130859 831.99486541748 744.823852539062 889.156494140625 996.422714233398 1196.71527481079 1112.04257202148 984.123970031738 1258.36947631836 858.543182373047 703.398548126221 586.267890930176 674.208787918091 661.789125442505 803.324951171875 841.015411376953 826.736511230469 638.450558185577 783.489837646484 644.766699790955 656.390083312988 615.282955169678 668.734073638916 618.997861862183
660.825623512268 625.562744140625 803.829879760742 641.476346969604 687.64128112793 751.699264526367 720.894439697266 623.692807197571 714.070472717285 805.875 774.507751464844 735.067218780518 741.013008117676 655.415163040161 658.542625904083 696.684367060661 620.433689117432 641.30211353302 586.825218200684 526.998168945312 600.949245452881 628.693975448608 712.963531494141 606.128393173218 643.75234413147 814.707817077637 817.713031768799 668.463302612305 846.498695373535 775.919065475464 771.388442993164 939.003722429276 872.613153457642 1211.26760864258 1120.8017578125 1093.21682739258 732.096687316895 744.711715698242 668.174444198608 753.05445098877 787.88402557373 785.299880981445 669.441123962402 621.266230583191 714.397987365723 529.770660400391 470.02522277832 707.215087890625 524.886993408203 496.625564575195
593.298831939697 686.593734741211 749.072479248047 475.246429443359 705.231773376465 571.930591583252 591.590019226074 468.912811279297 670.448081970215 687.175992965698 769.778839111328 909.988342285156 717.411529541016 646.655079841614 700.698780059814 793.753860473633 878.156204223633 596.320175170898 613.530834197998 588.961074829102 510.472259521484 775.338333129883 547.070831298828 672.287166595459 664.195885658264 684.449993133545 722.747560024261 692.125995635986 738.753089904785 760.581176757812 840.994939804077 866.601951599121 942.925033569336 1400.49043273926 1212.63362121582 1424.19798278809 743.49298286438 717.100215911865 662.638997077942 603.751052856445 716.282379150391 578.49430847168 677.767803192139 670.063889026642 524.47908782959 501.278648376465 673.407554626465 568.574352264404 677.80020904541 518.306831359863
652.418985068798 635.613653182983 645.608951568604 710.511711120605 697.289337158203 515.634300231934 688.363384246826 472.729263305664 663.181581497192 686.200378417969 658.491426467896 708.876903533936 559.851356506348 682.190403938293 468.012542724609 758.778053283691 690.955013275146 602.550662994385 670.366315841675 491.509719848633 658.088711738586 670.352521896362 726.082069396973 663.88828086853 714.714473724365 804.056701660156 770.767166137695 634.13427734375 779.705978393555 703.16104888916 639.77027130127 696.765014648438 990.145202636719 1220.17916107178 1081.44564056396 1168.84619140625 1039.60465621948 933.488666534424 722.648815631866 473.217811584473 572.47843170166 457.589431762695 737.702709197998 775.632383346558 759.767541885376 700.584171295166 533.124572753906 667.34521484375 474.746734619141 587.582107543945
817.523620605469 649.640769004822 676.851954460144 677.679935455322 486.87809753418 559.102912902832 666.843383789062 674.161861419678 554.074806213379 655.935527801514 719.436031341553 659.161396980286 633.258826613426 680.750172615051 702.889896392822 652.655271053314 671.118883132935 632.304104804993 629.241365432739 445.182052612305 667.668445587158 662.300043106079 605.764659881592 580.011196136475 659.895364761353 767.234939575195 745.562187194824 674.366622924805 715.023387908936 795.737403869629 715.7998046875 670.163650512695 858.76106262207 755.574821472168 1053.28769683838 969.66780090332 806.585830688477 825.217475891113 516.622009277344 688.167311668396 699.386222839355 721.204599380493 588.368225097656 706.671844482422 909.491107940674 1166.51364135742 1139.7936668396 987.715630531311 640.665407180786 696.165147781372
667.241748809814 757.093238830566 681.055710792542 588.990997314453 616.601108074188 514.476043701172 470.349227905273 514.502891540527 650.202941894531 613.955856323242 630.242542266846 636.012420654297 553.590995788574 542.944786071777 567.982398986816 631.540224075317 578.179901123047 684.471923828125 502.563339233398 676.292087554932 626.663768768311 666.238115310669 804.820373535156 926.656127929688 656.934162139893 762.810920715332 733.951056394726 689.351190567017 555.32105255127 686.058560371399 681.991111755371 690.741374969482 850.70459651947 604.808288574219 809.223167419434 869.47745513916 588.918807983398 817.861682891846 770.956062316895 780.379861831665 638.325084686279 542.598266601562 609.176734924316 709.878890991211 717.707221984863 842.040496826172 1133.26953125 1264.24349975586 1066.57940101624 624.352577209473
819.049774169922 772.357955932617 708.549896240234 627.484844207764 575.776145935059 580.184162139893 760.38102722168 743.123725891113 812.45442199707 627.91827583313 591.428691864014 613.56156539917 670.236926078796 590.936820983887 555.403022766113 702.978317260742 635.556985855103 605.704490661621 771.571029663086 707.81324005127 745.848167419434 579.434692382812 799.305160522461 653.064661502838 696.948696136475 820.424224853516 605.417255401611 568.200317382812 589.046443939209 626.967538833618 749.310600280762 551.204803466797 652.042652130127 659.592308998108 611.528205871582 620.343017578125 709.590030670166 677.947399139404 831.554344177246 719.09546661377 639.760848999023 759.680017471313 565.421699523926 698.587203979492 902.837661743164 921.404598236084 892.752890586853 967.703294754028 908.070133209229 637.648937225342
780.451248168945 620.856033325195 768.797737121582 708.091873168945 605.440605163574 792.678268432617 685.693244934082 611.493739664555 773.277191162109 683.971809387207 583.915019989014 662.041551589966 634.264501571655 762.658050537109 599.236991882324 714.592769622803 670.192964553833 635.707298278809 519.923141479492 530.663551330566 727.859916687012 637.852170467377 604.965930938721 637.678929328918 668.799922943115 685.309852600098 723.178031921387 721.710901260376 1051.90240478516 551.627647399902 666.24142074585 626.780786991119 627.603344917297 569.032691955566 523.710098266602 669.15731048584 692.216567993164 699.157188415527 694.766114234924 527.373291015625 553.636108398438 716.32085609436 740.412466049194 742.969547271729 758.305225372314 834.965394973755 972.688816070557 1193.23442840576 1082.64134216309 945.957012176514
