export/dem/dem96.asc
NCOLS 350
NROWS 171
XLLCORNER 152620
YLLCORNER 418050
CELLSIZE 100
NODATA_VALUE -9999
[rows 66 to 87 of 171, columns 150 to 199 of 350]
434.60391998291 629.08618927002 352.634918212891 526.721038818359 641.46021270752 569.505123138428 518.297916412354 580.508968353271 615.088310241699 541.452617645264 485.067680358887 599.981016159058 472.667640686035 499.288906097412 682.775833129883 588.141387939453 508.495624542236 539.380958557129 497.959667205811 427.754364013672 766.489456176758 611.4914894104 488.948890686035 588.058445930481 461.341781616211 528.034538269043 526.32218170166 649.020660400391 645.976306915283 648.440910339355 684.377063751221 593.992530822754 684.86368560791 656.579914093018 726.313529968262 593.694980621338 511.094383239746 661.351768493652 649.251739501953 584.179883956909 548.948112487793 667.157146453857 590.175731658936 778.534538269043 565.869079589844 702.130893707275 716.270599365234 657.8200340271 710.189590454102 728.921039581299
549.028883934021 513.886842727661 570.718431472778 562.224805831909 403.954208374023 750.23664855957 635.453125 683.094055175781 650.191314697266 618.093700408936 644.694488525391 499.03645324707 654.248428344727 598.938346862793 564.985401630402 672.686172485352 606.334323883057 592.265993118286 617.335872650146 568.386273384094 535.343772888184 454.790794372559 498.638374328613 387.827392578125 473.61646270752 472.828018188477 599.692367553711 507.46159362793 610.645769119263 711.572059631348 670.790794372559 633.636672973633 537.986396789551 626.157283782959 792.802917480469 700.011085510254 579.972637176514 549.042194366455 645.956649780273 602.636412620544 704.689933776855 656.247180938721 688.448413848877 761.48641204834 786.129760742188 692.754707336426 826.246597290039 695.933712005615 609.169057846069 571.057159423828
567.020965576172 600.528514862061 480.140975952148 677.412796020508 556.819314956665 622.981079101562 617.412971496582 615.006759643555 690.930572509766 664.126766204834 675.359596252441 475.366218566895 524.513656616211 455.207534790039 471.49568939209 533.377531051636 501.33703994751 550.744767189026 442.079521179199 580.868576526642 608.871862411499 656.980506896973 463.893646240234 626.485107421875 566.370292663574 586.748518466949 512.622901916504 623.031063079834 683.056983947754 569.997079849243 557.524810791016 681.589508056641 528.823554992676 531.834983825684 507.683265686035 609.722612380981 526.770977020264 661.943737030029 580.004514694214 509.216987609863 691.359329223633 840.364776611328 769.573913574219 662.196581840515 587.913845062256 775.26025390625 602.246112823486 793.845108032227 573.498596191406 638.045997619629
616.452526092529 655.69507598877 580.987350463867 654.803985595703 620.014045715332 613.56378364563 527.541728973389 652.478073120117 587.276157855988 732.332931518555 739.000106811523 638.967544555664 598.469287872314 469.887626647949 563.840315103531 706.424331665039 536.299224853516 546.989740371704 452.192718505859 629.488815307617 546.76538848877 720.013793945312 599.23669052124 564.633239805698 609.008207321167 761.521286010742 449.239326477051 406.794586181641 677.467414855957 665.749923706055 573.447198867798 610.925694584846 520.6982421875 568.323087692261 638.220680236816 740.421890258789 739.647521972656 762.022964477539 737.022338867188 494.742576599121 524.677894592285 734.830551147461 719.028213500977 751.311363220215 693.952346801758 627.483186721802 657.850769042969 612.379925727844 634.041975975037 586.385948181152
747.22087097168 546.706230163574 668.495697021484 597.803600311279 583.692024230957 506.311027526855 566.745653152466 483.607601165771 594.324851989746 537.089682579041 433.503723144531 528.108406066895 479.870544433594 466.517761230469 417.766418457031 530.652870178223 578.692699432373 755.56120300293 454.846145629883 555.977554321289 484.916885375977 485.622611999512 551.524728775024 547.01929473877 389.000503540039 570.40615272522 591.109106063843 537.070125579834 553.383558273315 558.344116210938 709.047088623047 617.699506759644 675.21785736084 633.943134307861 545.100395202637 597.123154640198 571.099906921387 612.981689453125 562.329486846924 724.99437713623 614.996960639954 658.919612884521 645.080310821533 550.16987991333 530.918258666992 576.681289672852 554.347343444824 586.810638427734 546.266250610352 673.76538848877
495.274948120117 451.606430053711 459.087112426758 533.79341506958 593.195236206055 382.403350830078 570.057857513428 536.150390625 591.15454864502 590.445663452148 431.282493591309 562.360541343689 626.132141113281 545.344797134399 558.138967990875 647.984924316406 565.380856513977 428.291549682617 524.634365081787 414.892013549805 477.146102905273 561.517307281494 563.978622436523 403.783599853516 548.573104858398 614.542650222778 389.945892333984 569.657121658325 623.059627532959 663.048480987549 679.495536804199 599.018793582916 549.443653106689 490.824913024902 549.916301727295 578.065760374069 595.488372802734 685.308959960938 665.706783294678 701.205932617188 448.767288208008 700.970985412598 657.016567230225 617.666666030884 585.533170700073 577.184978485107 545.86653137207 547.089912414551 475.517959594727 536.741928100586
436.584716796875 551.959373474121 508.335658073425 506.187782287598 414.88249206543 501.077785491943 552.768013000488 449.560272216797 592.505920410156 614.071170806885 610.316829681396 597.2981300354 568.630844116211 405.498474121094 590.291290283203 635.418395996094 538.854278564453 590.956240177155 530.152729034424 726.268669128418 538.296195983887 648.595161437988 639.297130584717 556.170715332031 633.567070007324 470.275939941406 579.257469177246 586.143714904785 489.370506286621 504.299560546875 473.661247253418 752.927200317383 594.699305534363 675.528900146484 627.508983612061 578.595773696899 739.397117614746 709.61589050293 745.12760925293 679.378829956055 624.691745758057 457.952224731445 585.372903823853 420.380889892578 487.671043395996 621.636003017426 638.863377571106 639.982969284058 673.586311340332 522.536514282227
662.275581359863 561.139438390732 385.355895996094 587.323123931885 447.221557617188 512.374809265137 529.639080047607 510.790962219238 642.431282043457 566.486396789551 467.26057434082 656.996788024902 491.854354858398 496.268218994141 608.93563079834 611.479265213013 604.89838218689 550.550861358643 534.123756408691 531.74633026123 537.299102783203 619.534153223038 570.541709899902 559.477577209473 602.601009607315 490.604270935059 485.278518676758 705.844131469727 534.412200927734 623.434436798096 494.975341796875 587.5320520401 730.175842285156 618.41111946106 601.233957290649 572.335243225098 749.294815063477 669.333549499512 550.422546386719 580.327204227448 560.826013565063 666.322151184082 720.018707275391 537.71337890625 716.033889770508 655.328882217407 461.559051513672 612.609184265137 703.359069824219 621.458194732666
710.283325195312 462.121658325195 548.164286732674 661.176490783691 454.151885986328 513.249450683594 539.138051986694 495.543910980225 750.491836547852 659.228832244873 467.019065856934 491.627307891846 553.320068359375 554.956232190132 645.157752990723 610.719741821289 505.531349182129 485.357192993164 389.761596679688 714.265869140625 516.143394470215 643.261022567749 619.401849746704 654.086967468262 695.209350585938 410.724639892578 659.597034454346 523.434509277344 627.50549697876 596.539592027664 502.505493164062 654.660530090332 666.002731323242 651.250938415527 741.076644897461 637.000877380371 650.085254669189 744.108428955078 574.339723587036 497.70450592041 731.159973144531 648.620998382568 607.973376989365 683.897758483887 551.425079345703 585.730184555054 696.766799926758 602.714623451233 607.565818190575 734.483207702637
833.543483734131 453.922607421875 519.392631530762 382.177627563477 499.544448852539 662.694427490234 627.911071777344 549.14049911499 759.953628540039 643.45491027832 642.367309570312 469.511413574219 630.222232818604 517.301277160645 486.054443359375 517.370712280273 547.723594665527 587.538592338562 621.521605312824 616.931310176849 652.902057647705 672.711952209473 533.913177490234 495.211235046387 755.154251098633 554.124450683594 602.300640106201 719.927337646484 634.677848815918 549.710903167725 584.63413310051 581.820683479309 617.937473297119 537.383281707764 603.239263534546 603.184787750244 699.816902160645 684.444847106934 639.999946594238 585.487802028656 597.949394226074 464.677734375 583.48840045929 621.278609275818 592.805259227753 656.234634399414 689.820777893066 645.197727203369 585.183126449585 622.287517547607
549.179733276367 681.54922580719 655.232971191406 842.418350219727 651.664016723633 425.155059814453 771.062545776367 673.339683532715 679.394081115723 621.46635055542 591.215579986572 531.147899627686 722.057586669922 639.05345916748 702.678260803223 592.005395889282 607.735450387001 794.968078613281 602.796628952026 591.677843093872 691.141708374023 605.472145080566 555.687019348145 445.755615234375 657.057769775391 615.990976333618 527.918053627014 680.749015808105 632.049131393433 493.524475097656 563.645524978638 560.239326477051 687.397727966309 757.950408935547 538.767276763916 646.673740386963 521.139541625977 605.66347694397 527.32865524292 472.370155334473 820.163124084473 505.659332275391 581.356624603271 548.379985809326 680.854721069336 557.06014251709 584.879150390625 760.55290222168 642.054145812988 631.350151062012
453.670738220215 506.75993347168 596.603942871094 556.973983764648 551.642833709717 609.523918151855 569.312265396118 675.732383728027 597.540496826172 510.617301940918 623.125762939453 574.769616127014 682.914817810059 693.555320739746 746.54866027832 638.383169174194 673.939765930176 814.626708984375 484.209823608398 648.896156311035 701.730976104736 634.859014511108 502.070755004883 646.336630821228 776.152336120605 671.15894317627 602.71223449707 637.683517456055 804.083160400391 526.970230102539 615.653828620911 694.011375427246 395.578948974609 677.387496948242 431.181442260742 720.143264770508 791.921829223633 473.206161499023 621.903258621693 596.710095405579 612.587417602539 627.631711959839 713.721542358398 672.053405761719 535.89347076416 628.90013885498 669.02229309082 553.054847717285 582.721887588501 487.758766174316
528.43025970459 642.813018798828 565.863906860352 749.336334228516 603.804718017578 616.095895767212 719.568649291992 605.798664093018 626.546039581299 650.065441131592 575.209768772125 546.496620178223 411.997573852539 630.192295074463 638.534446716309 831.953002929688 719.252792358398 711.680335998535 681.349481582642 648.882526397705 731.989295959473 482.819961547852 574.430465698242 576.663606643677 664.029838562012 536.959239959717 644.186206817627 599.708014011383 591.971382141113 500.718765258789 624.998668670654 624.171013832092 535.549858093262 658.569561004639 704.218475341797 671.312492370605 656.544986724854 648.623966217041 599.261184692383 678.31330871582 601.164379119873 773.920837402344 818.181381225586 698.688468933105 657.179573059082 665.493476867676 677.954544067383 615.095345497131 646.071666717529 550.743938446045
630.217666625977 553.398406982422 556.829406738281 683.229684591293 698.894849538803 521.517524719238 678.490982055664 534.320617675781 723.953216552734 729.389915466309 668.939853668213 540.734321594238 603.124061584473 539.420944213867 991.419067382812 610.50972366333 785.37939453125 715.795727729797 596.605667114258 658.281034469604 566.139205932617 506.968238830566 510.615882873535 482.176342010498 604.557551383972 683.783752441406 658.144016265869 699.471549987793 547.809463500977 484.227432250977 687.952861785889 775.707176208496 700.081272482872 572.144256591797 646.398296356201 610.844783484936 588.379137039185 714.708724975586 658.86962890625 529.262153625488 585.21764087677 751.240249633789 697.720138549805 503.206253051758 595.923776745796 507.558982849121 642.318351745605 707.267143249512 614.326842308044 597.270763397217
682.976005554199 432.816831588745 605.382614135742 816.55904006958 690.39331817627 633.140991210938 577.702638149261 525.828750610352 674.791044235229 601.227191925049 555.102867126465 514.56071472168 615.302124023438 959.109668731689 927.521957397461 748.825942993164 613.506969451904 721.533994674683 620.907371520996 663.955833435059 629.297508239746 621.576813936234 630.04178237915 466.234939575195 567.923963546753 648.950063228607 633.492509126663 602.119846343994 686.508836746216 722.785095214844 633.35416841507 524.781845092773 653.79386138916 649.861742019653 672.13659286499 584.371082305908 706.151779174805 582.289771080017 528.951583862305 604.805297851562 659.731605529785 757.117080688477 785.429458618164 698.882766723633 545.394981384277 622.998518466949 646.505874633789 620.685648798943 661.237289428711 712.708702087402
627.843109130859 674.22015953064 578.219699859619 828.503158569336 860.645874023438 891.412887573242 670.042675018311 583.273532867432 726.229293823242 701.205554962158 589.143028259277 840.070693969727 599.650173187256 955.982717514038 1043.84602355957 768.022064208984 597.199295043945 605.659072875977 706.120707511902 685.285911560059 650.18369102478 557.512535095215 512.248817443848 467.910987854004 521.37850189209 655.068487167358 511.078643798828 677.668426036835 639.56424331665 679.778657913208 616.29892539978 582.400814056396 496.416519165039 566.794822692871 791.20133972168 487.390731811523 623.307384490967 555.986473083496 606.937768101692 639.149723052979 592.893672943115 785.180725097656 459.844284057617 581.901679992676 553.400863647461 455.470336914062 609.629070281982 681.095027923584 541.105613708496 544.502449035645
723.304840087891 526.246356964111 517.047027587891 848.347801208496 1038.36259460449 753.37651848793 734.716733932495 813.509259819984 645.987205505371 1003.48371124268 656.982688903809 595.862646102905 691.348762512207 507.555603027344 655.116096496582 688.514442443848 598.680914878845 604.808212280273 747.173324584961 641.266468048096 659.238625526428 579.297088623047 616.260831832886 714.729431152344 536.551239013672 672.440500259399 682.027996063232 618.862258911133 647.738460063934 646.548597335815 507.963310241699 645.197180747986 523.143119812012 622.020874738693 538.440238952637 644.22047996521 552.637306213379 852.309967041016 620.20449256897 565.086685180664 596.37832736969 639.896102905273 658.902737617493 665.925184249878 631.538216590881 513.624893188477 479.167633056641 707.014316558838 575.718322753906 583.127883911133
717.266059875488 445.071624755859 668.505577087402 640.57568359375 536.060535430908 741.97883605957 622.513046264648 915.646797180176 688.117904663086 900.922912597656 395.273063659668 655.818756103516 485.551779747009 541.822650909424 452.024122238159 646.407455444336 652.918529510498 723.556602478027 694.929389953613 1003.25847244263 515.433197021484 469.013374328613 523.903211593628 640.695335388184 652.102861404419 664.967360973358 625.260639190674 669.731777191162 640.593795776367 597.773693084717 539.627235412598 583.513561248779 646.794403076172 644.705011367798 615.417425632477 534.909721374512 666.26708984375 570.797134399414 543.235256195068 700.295532226562 631.40306854248 646.657743453979 747.455039978027 829.021499633789 593.788558959961 720.363269805908 539.935943603516 627.906848907471 517.420791625977 523.671859741211
719.747421264648 679.01634979248 521.420017242432 593.635833740234 571.014617919922 485.63094329834 451.821418762207 685.067312240601 617.030116796494 635.621645927429 621.31597161293 559.325969696045 633.182819366455 561.596412658691 598.274810791016 777.921493530273 619.426193237305 597.187370300293 573.950730919838 898.089511871338 736.68709564209 587.889209747314 928.288398742676 834.991714477539 648.518375396729 473.946624755859 661.833820343018 639.473026275635 507.940277099609 593.253580093384 718.685668945312 575.522872924805 692.62314414978 662.27973651886 642.741217851639 710.209785461426 676.904109954834 627.637271881104 654.01390838623 638.261806488037 623.713006973267 754.98560333252 659.354934692383 702.346765518188 641.36056137085 714.532512664795 509.000701904297 698.843908309937 612.494602203369 733.650215148926
667.699554443359 727.745223999023 601.98973274231 693.262847900391 608.430057048798 716.084243774414 372.574028015137 588.365333557129 791.754898071289 775.655094146729 921.857574462891 680.027242898941 759.312068939209 669.165168762207 793.161582946777 894.713760375977 670.513744354248 530.354682922363 575.368259429932 811.576194763184 508.926681518555 426.29239654541 718.310233592987 652.780632019043 941.409194946289 798.482070922852 719.686027526855 694.402671813965 533.060127258301 597.150810241699 620.047592163086 631.035623550415 758.329254150391 696.840129852295 525.805374145508 616.761070251465 599.871843338013 620.245288848877 603.113723754883 530.925590515137 744.6796875 746.787536621094 739.681938171387 722.1569480896 737.383407592773 692.919549942017 711.947149276733 565.820991516113 647.772607803345 718.091827392578
790.045928955078 604.067191123962 711.39467382431 747.602039337158 -9999 -9999 -9999 -9999 -9999 -9999 -9999 -9999 -9999 -9999 -9999 865.978942871094 748.694546222687 719.19381570816 710.844688415527 570.050201416016 668.537986755371 563.414962768555 612.251652956009 475.292675018311 680.827555656433 655.281116485596 900.708099365234 607.295074462891 633.137258529663 862.087127685547 518.500648498535 696.344055175781 587.475936889648 566.330139160156 706.619449615479 665.373359680176 612.999673843384 787.859573364258 662.505355834961 502.793067932129 720.285758972168 729.420120239258 681.765813827515 661.120244503021 817.924133300781 507.882629394531 734.420322418213 587.720947265625 586.565536499023 757.36270904541
-9999 -9999 -9999 -9999 -9999 -9999 -9999 -9999 -9999 -9999 -9999 -9999 -9999 -9999 -9999 -9999 -9999 -9999 792.036628723145 625.510879516602 830.694259643555 739.64924454689 723.24670791626 536.344039916992 682.766525268555 458.558837890625 728.359268188477 607.269435882568 469.263153076172 608.976991653442 648.284248352051 1016.59240913391 669.809970855713 737.075981140137 621.443599700928 635.667685508728 662.796876907349 763.882873535156 730.101417541504 714.101085662842 776.524703979492 807.759902954102 689.718175888062 643.203100204468 708.755697250366 531.718734741211 668.370204925537 775.679000854492 802.540969848633 675.426919937134
