export/dem/dem9.asc
NCOLS 350
NROWS 171
XLLCORNER 152620
YLLCORNER 418050
CELLSIZE 100
NODATA_VALUE -9999
[rows 44 to 65 of 171, columns 50 to 99 of 350]
628.284423828125 849.43518447876 850.038673400879 766.50904083252 342.923698425293 332.762924194336 357.207901000977 426.556159973145 616.581531524658 520.210277557373 770.009368896484 489.901964187622 621.858573913574 421.781829833984 511.274381637573 450.492423057556 540.218254089355 475.150033950806 390.917041778564 475.218212127686 399.132206916809 415.793661117554 463.289033889771 529.507202148438 320.868217468262 419.215047568083 446.515167236328 365.647319793701 362.428161621094 459.636276245117 387.11722946167 390.10514831543 397.766136169434 347.630317687988 238.237701416016 362.16455078125 484.995529174805 426.010362625122 314.674324035645 436.868143081665 458.020429611206 596.428665161133 468.34273147583 511.518173217773 456.94003868103 421.61974209547 522.950355529785 471.418140411377 529.45140838623 426.005050897598
820.715385437012 677.114032745361 577.848091125488 726.992179870605 435.020431518555 383.341400146484 431.736892700195 592.30687713623 456.166263580322 756.080444335938 536.287696838379 325.878387451172 507.261291503906 447.725704193115 465.661499023438 400.713527679443 596.317153930664 372.411540985107 346.809112548828 428.070440769196 365.602569580078 310.429824829102 485.31226348877 413.722991943359 465.785022735596 470.832878112793 439.649688720703 469.011253356934 505.331123352051 469.592807769775 423.285489082336 402.682121276855 455.472549438477 352.010856628418 438.995500087738 391.081089019775 336.152763366699 369.570945739746 373.191993713379 303.646759033203 443.100652694702 297.58235168457 422.559448242188 467.95951461792 426.607637405396 521.658462524414 341.679534912109 424.632687091827 337.649383544922 410.885829925537
545.816955566406 476.848007202148 468.269523620605 415.850505828857 401.044921398163 459.767143249512 625.474472045898 236.52311706543 701.678302764893 436.611068725586 476.581581115723 620.585990905762 376.803779602051 428.437789916992 505.911540985107 440.500896453857 434.526774406433 497.817024230957 389.449308395386 374.470586776733 478.820213317871 513.567527770996 312.94441986084 596.977020263672 439.890399932861 415.235387921333 464.648906707764 414.429449081421 503.822853088379 219.83137512207 359.928298950195 235.179931640625 312.26008605957 438.218746185303 287.946670532227 481.951429367065 315.761505126953 534.590072631836 285.57056427002 466.01390838623 488.486988067627 405.827812194824 328.555137634277 462.132701873779 361.157497406006 525.977294921875 446.041040420532 400.604494094849 432.403762817383 372.257034301758
492.39136505127 547.825386047363 468.624247550964 500.104335784912 310.344093322754 359.957138061523 1093.45022201538 704.400000333786 498.588098526001 369.208572387695 408.408721923828 355.748168945312 444.449802398682 521.37780380249 548.423952102661 376.741241455078 420.102766990662 378.115291595459 339.890022277832 379.818311691284 300.858383178711 421.162223815918 330.599304199219 531.643890380859 381.300855636597 459.459457397461 349.716217041016 400.596779823303 393.290042877197 445.169800281525 380.186962127686 611.641616821289 363.443176269531 502.543846130371 483.673778533936 401.264595031738 349.002655029297 409.643100738525 390.93444442749 340.160934448242 442.514562129974 384.332637786865 400.121025085449 336.982528686523 564.133438110352 447.81970334053 376.763359069824 330.408638000488 482.696537017822 280.125366210938
524.419364929199 594.538078308105 440.168519973755 681.305328369141 585.028610229492 639.085224151611 479.966854095459 337.880264282227 566.46199798584 585.63842010498 499.857652664185 527.245526313782 542.259372711182 440.724395751953 452.27897644043 541.736053466797 415.843996047974 515.923194885254 447.451164245605 448.919967651367 455.934085845947 348.464756011963 407.488255500793 397.957382202148 292.046119689941 297.416641235352 280.162368774414 414.932847976685 385.025352478027 310.344665527344 489.895668029785 398.075366973877 279.944885253906 445.935819625854 406.63236618042 542.08935546875 389.906368255615 523.946105957031 356.776348114014 437.685576438904 390.201141357422 551.305366516113 408.200046539307 359.892967224121 473.521503448486 410.980682373047 422.26029586792 478.56608581543 491.045413970947 451.693608403206
554.009330749512 434.75952911377 557.22917175293 544.116882324219 692.162605285645 364.339241027832 465.742118835449 376.026435852051 492.44751739502 551.146408081055 493.471586227417 488.413566589355 387.304428100586 352.269676208496 403.476131439209 446.047439575195 518.133735656738 280.677284240723 513.928611755371 431.209377288818 394.862422943115 337.020202636719 433.222604751587 515.129203796387 348.37068939209 525.740020751953 419.265063285828 423.523786842823 403.125473022461 390.625793457031 364.548362731934 408.481052398682 395.656932830811 397.740012168884 422.674398422241 456.111801147461 551.422225952148 463.332942962646 546.679931640625 404.571788787842 413.157548904419 294.805603027344 343.232215881348 530.132225036621 423.24577331543 502.559017181396 361.181816101074 446.195368766785 338.59147644043 377.158386230469
429.572547912598 623.659973144531 490.478015899658 1100.30866241455 544.382129520178 426.188591003418 556.467348098755 377.425384521484 333.722198486328 564.820899963379 512.751583099365 485.970603942871 411.031299591064 492.234524965286 384.478988647461 487.999526977539 420.023178100586 349.907585144043 437.098194122314 347.26823425293 405.717197418213 514.16487121582 433.890956878662 502.756126403809 509.663536071777 407.877742767334 471.723854064941 452.894660949707 394.380313873291 360.414581298828 457.42004776001 426.987121582031 418.31049156189 411.586130142212 539.807723999023 474.944862365723 372.798439025879 463.390625 520.401649475098 441.23973941803 488.179626464844 467.074863433838 421.407066345215 445.855255126953 491.306674003601 315.820465087891 588.449645996094 437.863374233246 418.572679519653 428.086647033691
788.259063720703 545.285217285156 428.667320251465 487.018142700195 461.206062316895 613.000274658203 590.973068237305 375.302780151367 399.661003112793 448.16143989563 331.984321594238 406.790420532227 361.626335144043 374.166107177734 486.928768157959 409.99137878418 395.28497505188 392.164533615112 474.476692199707 516.13298034668 379.274745941162 482.194213867188 449.535995483398 330.28059387207 492.133323669434 385.955371856689 332.958984375 447.464389801025 551.570861816406 542.758575439453 445.673973083496 394.159693717957 195.408889770508 293.567092895508 426.724879264832 426.366565108299 443.883354187012 448.829967498779 402.522171020508 502.981643676758 404.867805480957 603.182067871094 354.591400146484 390.109954833984 473.494472503662 475.825607299805 360.577857971191 522.536567687988 481.663436889648 447.900449752808
733.814918518066 493.439323425293 1090.03433227539 482.001541137695 533.740925788879 431.816131591797 575.392784118652 559.69847869873 660.7412109375 542.672996520996 524.450302124023 353.605125427246 443.661296844482 429.663889884949 273.382507324219 392.99291229248 405.088623046875 417.435868263245 504.434875488281 331.768898010254 543.506935119629 479.31018447876 585.312744140625 491.354469299316 475.25951385498 571.470932006836 504.547286987305 463.227146148682 587.719482421875 481.264465332031 314.64599609375 443.818592071533 389.018297195435 386.043989062309 442.018051147461 546.314270019531 383.170090675354 498.367393493652 284.309326171875 507.868499755859 431.125215530396 456.24489402771 415.388516426086 550.777297973633 393.467937469482 547.431686401367 499.314025878906 397.941032409668 446.491474151611 363.146354675293
638.196716308594 617.090270996094 521.405311584473 577.192380905151 435.794052124023 562.180782318115 600.977989196777 389.37574005127 525.70792388916 628.393112182617 474.966508865356 468.274932861328 429.732753753662 504.414115905762 482.290863037109 293.981658935547 431.580868721008 443.113324165344 520.766807556152 456.77685546875 501.125846862793 261.59489440918 428.179095983505 408.034510612488 422.858768463135 687.639846801758 522.872734069824 424.859809875488 407.641712188721 483.8759765625 541.200302124023 404.114323139191 462.820125579834 474.68628692627 507.945369720459 619.071563720703 511.343673706055 429.258176803589 449.829448699951 397.342957019806 425.00120639801 376.744440078735 541.020767211914 508.755516052246 452.6487865448 454.688201904297 395.006553649902 469.012577056885 332.958770751953 446.783613204956
644.182218551636 565.708190917969 592.157611846924 643.401412963867 528.628519058228 647.866157531738 483.475496292114 471.527802467346 521.018699645996 592.933715820312 567.042053222656 548.734992980957 586.707244873047 394.966303825378 439.560377120972 375.824245452881 323.559677124023 388.964948415756 417.190336227417 328.677467346191 493.40438079834 473.097242355347 323.051315307617 740.821914672852 705.540542602539 464.336372375488 280.162536621094 400.469598770142 432.70783996582 432.909763336182 390.773267745972 509.140548706055 469.407722473145 535.899963378906 630.040664672852 609.427352905273 541.857559204102 389.2615442276 352.070095062256 436.831539154053 467.075370788574 382.475723266602 419.681799888611 410.854967832565 435.986110687256 604.625106811523 421.059461116791 499.615028381348 509.200126647949 566.339645385742
598.371514081955 1114.86170005798 572.839393615723 624.720016479492 614.357208251953 589.401077270508 569.951385498047 695.486892700195 421.915216445923 445.505334854126 523.645645141602 440.215408325195 507.077301025391 319.962867736816 406.081168413162 377.655155181885 230.449035644531 509.267707824707 419.605453252792 387.134907722473 458.730802536011 403.96139183268 388.839569091797 433.512108325958 344.848411560059 390.979429721832 339.770931243896 368.787170410156 423.92786026001 439.195171356201 524.285949707031 357.922277450562 414.056838512421 427.76473236084 480.145118713379 566.534072875977 546.994659423828 491.801689147949 492.603950500488 398.121986567974 273.659194946289 408.357522457838 565.130905151367 387.170067667961 499.532943725586 462.336166381836 479.492862701416 440.257935523987 417.101676940918 516.855743408203
509.280384063721 700.734992980957 501.524616241455 672.281907081604 645.803993225098 535.199023723602 573.083503723145 566.597015380859 573.101715087891 323.79305267334 359.559349060059 363.808910369873 551.224716186523 452.016241073608 485.396320343018 417.862321540713 368.763481140137 393.03368473053 442.035526275635 427.426832199097 455.501857757568 590.820434570312 321.751022338867 510.946311950684 439.504753112793 517.681045532227 280.168964385986 221.544174194336 357.60193157196 352.514469146729 293.507461547852 383.324869155884 336.980055809021 307.096140861511 442.707836151123 440.84103012085 495.874946594238 366.30131149292 330.69787979126 395.489603042603 566.04866027832 486.865661621094 397.664245605469 492.42227935791 499.793525695801 522.791557312012 462.02795791626 531.418167114258 339.502296447754 252.300796508789
702.723514556885 527.175479888916 610.635692596436 516.484439849854 649.514656066895 578.845191955566 558.930751800537 629.495712280273 475.20161819458 353.567810058594 250.767974853516 470.517913818359 424.047941207886 538.673843383789 458.872550964355 538.005172729492 387.690179824829 462.253170013428 491.617637634277 544.276519775391 496.184257507324 508.919609069824 326.346466064453 402.042430877686 368.521989822388 295.589687347412 219.723983764648 351.434265136719 405.579925537109 442.69970703125 225.872421264648 295.614391326904 407.243688583374 481.197044372559 381.523824691772 403.555774688721 468.946182250977 455.235710144043 394.354559421539 340.965492248535 419.648834228516 341.152210235596 429.054058074951 460.255184173584 547.005638122559 418.518441677094 426.255708217621 399.191104888916 392.225925445557 354.123649597168
554.763751983643 509.156211853027 690.038242340088 593.014840126038 566.535539627075 677.028709411621 630.064514160156 529.35668182373 333.605369567871 531.248245239258 158.754486083984 221.269714355469 515.352691650391 340.151084899902 472.593482971191 495.128929138184 527.754131317139 433.911312103271 397.197196960449 499.225952148438 391.091999053955 478.877624511719 219.729339599609 183.859100341797 379.454174041748 277.656345367432 261.159385681152 300.308460235596 428.161136627197 446.711303710938 314.26290512085 352.816413879395 363.170715332031 452.031494140625 381.457149982452 355.369497299194 417.303792953491 428.866018295288 441.585216522217 441.325614929199 506.785346984863 413.374053955078 484.971126556396 572.719573974609 472.915996551514 523.06551361084 290.002151489258 440.076139450073 334.330642700195 506.582317352295
467.14965057373 497.726295471191 515.713096618652 477.751167297363 540.82315826416 542.437305450439 634.780731201172 425.59680557251 317.639991760254 426.517746925354 540.293746948242 392.990009307861 464.169624328613 221.887741088867 467.972770690918 398.886126868427 467.958984375 398.369220733643 156.55615234375 366.563201904297 440.07950592041 304.370578765869 265.85472869873 430.361991882324 262.118637084961 419.105690002441 319.69942855835 444.702011108398 367.94424533844 557.01887512207 481.775436401367 469.050117492676 397.806497573853 248.494293212891 465.583251953125 302.000549316406 273.236373901367 312.916366577148 497.568000793457 338.736846923828 322.566551208496 543.026504516602 324.572296142578 349.787725448608 334.74560546875 385.512722015381 406.018135070801 410.62216758728 437.034668922424 433.053953170776
334.878234863281 550.389331817627 687.59992980957 529.804534912109 407.614212036133 565.925773620605 654.060165405273 492.815605163574 460.458590507507 428.6441822052 348.454414367676 350.529720306396 251.27392578125 295.445304870605 368.499670863152 332.945468902588 516.374588012695 479.111022949219 411.248046875 333.475540161133 439.548316955566 402.51148223877 471.723258972168 296.907539367676 380.3039894104 264.49925994873 467.059509277344 452.03929901123 382.650634765625 572.042068481445 457.39176940918 448.204082489014 366.229807853699 282.514366149902 320.737434387207 398.376153945923 368.19711971283 402.73219203949 381.354011535645 326.640678405762 504.936538696289 367.82986831665 529.043251037598 439.498074531555 460.20222645998 530.052604675293 444.406314849854 273.876846313477 324.92748260498 464.404284477234
665.640228271484 488.403923034668 587.88977432251 576.299038887024 610.384971618652 541.924026489258 752.464881896973 507.635007858276 442.966732025146 486.386932373047 389.177719116211 457.747051239014 319.78490447998 420.852813720703 429.908271789551 553.251426696777 411.955056190491 323.377017974854 373.517324447632 370.218940734863 416.198776245117 322.926292419434 391.66970539093 252.781700134277 257.738380432129 322.281105041504 107.33918762207 318.28540802002 460.37606048584 388.172025680542 454.855171203613 458.792427062988 292.051116943359 379.499106049538 560.295837402344 366.61229133606 357.457916259766 496.708625793457 377.878675460815 345.320976257324 401.809788703918 404.916494369507 307.581153869629 427.81801366806 319.180000305176 553.665267944336 319.958015441895 359.653900146484 477.733273506165 359.470336914062
455.947158813477 526.981300354004 636.155326843262 479.93701171875 530.180885314941 674.728681355715 628.020420074463 458.792030334473 482.909008979797 417.299527645111 505.794898986816 270.917739868164 408.881037712097 310.495212554932 371.917293548584 516.47119140625 415.653564453125 333.26505279541 645.23747253418 440.862022399902 328.275279998779 195.327926635742 461.084587097168 379.138483345509 448.321105957031 267.362831115723 320.563213348389 374.926952362061 265.694244384766 452.373420715332 414.609260559082 408.479413986206 366.970291376114 307.358245849609 386.028639793396 471.799934387207 496.357879638672 425.783016204834 621.455093383789 367.58812713623 284.936737060547 358.765365600586 398.388505935669 426.520339250565 443.987683773041 501.282566070557 487.741161346436 344.817947387695 469.515106201172 500.278060913086
589.919826507568 607.158611297607 463.531455993652 520.659248352051 700.860916137695 572.552726745605 519.549026489258 388.834938049316 492.876697540283 488.278274536133 358.696304321289 439.764265060425 387.266021728516 293.101329803467 390.989761352539 365.642770767212 384.155634880066 435.157878875732 234.88533782959 338.075397491455 325.491992950439 465.99584197998 352.901020050049 432.500255584717 336.160140991211 268.674430847168 436.559741973877 322.668754577637 279.21321105957 336.32640838623 455.107109069824 288.337539672852 449.937957763672 311.258380889893 447.449199676514 407.797348976135 412.313447952271 397.316595077515 375.62246131897 472.891181945801 459.220149993896 374.175197601318 345.710090637207 398.072654724121 391.359565734863 306.275062561035 557.004455566406 429.648321151733 593.926742553711 432.109371185303
392.483039855957 482.117412567139 528.930480957031 572.121444702148 596.501045227051 459.141563415527 503.364391326904 473.240783691406 465.740196228027 461.509140014648 450.857475280762 371.034950256348 378.697109222412 309.766788482666 329.927299499512 416.12035369873 193.933624267578 476.918266296387 441.559814453125 224.16658782959 286.107368469238 297.564628601074 429.097648620605 290.771293640137 438.557332992554 497.922103881836 392.09873342514 396.481698036194 425.628261566162 490.023239135742 486.396850585938 396.152515411377 444.953067779541 315.613105773926 303.646778106689 496.279495239258 362.455219268799 421.156204223633 467.24503326416 304.456619262695 446.139501571655 356.804916381836 389.716934204102 383.299137115479 253.157028198242 474.928539276123 385.816059112549 550.855430603027 396.134262084961 416.340526580811
592.623073577881 540.450052261353 562.473541259766 440.941146850586 406.564125061035 393.599609375 462.525506973267 454.735488891602 285.385620117188 446.420734405518 397.211132049561 345.242088317871 256.89656829834 222.168296813965 418.015377044678 312.730163574219 410.251949310303 327.287132263184 455.394477844238 344.399408340454 236.095794677734 226.047561645508 441.846599578857 370.763744354248 360.624620437622 476.560119628906 433.579406738281 356.155944824219 395.117366790771 306.571578979492 515.771263122559 353.701984405518 452.88122177124 360.114784240723 510.556484222412 423.10518693924 435.647441864014 506.861045837402 247.73063659668 484.643356323242 384.271102905273 602.74333190918 506.553062438965 491.751930236816 412.098049163818 408.801622390747 313.643951416016 407.495872497559 395.55549621582 438.785614490509
