export/dem/dem94.asc
NCOLS 350
NROWS 171
XLLCORNER 152620
YLLCORNER 418050
CELLSIZE 100
NODATA_VALUE -9999
[rows 110 to 131 of 171, columns 300 to 349 of 350]
817.313362121582 877.944282531738 848.345279455185 865.290092468262 806.269498825073 872.370635986328 764.85026550293 722.299468994141 843.447280883789 697.500473022461 786.530349731445 669.104476928711 1692.18976593018 668.842193603516 524.713073730469 758.753295898438 1381.37983703613 714.1318359375 1080.34874725342 -9999 -9999 -9999 -9999 -9999 -9999 -9999 -9999 -9999 -9999 -9999 -9999 -9999 -9999 -9999 -9999 -9999 -9999 -9999 -9999 -9999 -9999 -9999 -9999 -9999 -9999 -9999 -9999 -9999 -9999 -9999
741.572364807129 649.213838577271 756.904479980469 766.145328521729 579.48420715332 704.839004516602 1281.84010982513 1395.99040222168 789.493851661682 705.385955810547 1226.53266906738 529.242385864258 846.600662231445 636.379806518555 613.863342285156 531.771118164062 688.017364501953 1116.62617492676 925.976501464844 -9999 -9999 -9999 -9999 -9999 -9999 -9999 -9999 -9999 -9999 -9999 -9999 -9999 -9999 -9999 -9999 -9999 -9999 -9999 -9999 -9999 -9999 -9999 -9999 -9999 -9999 -9999 -9999 -9999 -9999 -9999
847.202119827271 939.943367004395 916.775344848633 741.100387573242 917.70532989502 737.522609710693 586.880714416504 930.242126464844 732.736587524414 1510.26605224609 868.815521240234 560.775421142578 645.113815307617 775.86018371582 635.921371459961 1267.80938720703 684.77961730957 936.528701782227 1595.36083984375 871.600463867188 -9999 -9999 -9999 -9999 -9999 -9999 -9999 -9999 -9999 -9999 -9999 -9999 -9999 -9999 -9999 -9999 -9999 -9999 -9999 -9999 -9999 -9999 -9999 -9999 -9999 -9999 -9999 -9999 -9999 -9999
926.074783325195 957.760314941406 745.618492126465 906.377006530762 767.160099029541 641.160491943359 596.675506591797 785.368553161621 789.332237243652 2060.56573486328 768.248672485352 755.927810668945 803.560127258301 1061.26626586914 1088.77645874023 931.622253417969 841.639129638672 764.623809814453 999.29914855957 1094.63229370117 1166.68846130371 -9999 -9999 -9999 -9999 -9999 -9999 -9999 -9999 -9999 -9999 -9999 -9999 -9999 -9999 -9999 -9999 -9999 -9999 -9999 -9999 -9999 -9999 -9999 -9999 -9999 -9999 -9999 -9999 -9999
929.540542602539 900.866619110107 887.319595336914 800.65574836731 532.059646606445 790.705636978149 613.144927978516 602.634963989258 655.767776489258 1283.21955871582 795.562118530273 956.205764770508 786.539733886719 847.857971191406 662.276916503906 788.459182739258 827.925472736359 843.072067260742 947.914169311523 1029.05578804016 1071.70327758789 -9999 -9999 -9999 -9999 -9999 -9999 -9999 -9999 -9999 -9999 -9999 -9999 -9999 -9999 -9999 -9999 -9999 -9999 -9999 -9999 -9999 -9999 -9999 -9999 -9999 -9999 -9999 -9999 -9999
977.512229919434 901.924175262451 926.253059387207 919.532981872559 965.751335144043 808.584557652473 551.294006347656 747.085556030273 509.806030273438 981.178726196289 1283.51531982422 575.220275878906 653.430770874023 1245.56293487549 754.372947692871 623.529724121094 1200.49033355713 915.285270690918 952.484745025635 703.407173156738 652.483367919922 779.386343002319 -9999 -9999 -9999 -9999 -9999 -9999 -9999 -9999 -9999 -9999 -9999 -9999 -9999 -9999 -9999 -9999 -9999 -9999 -9999 -9999 -9999 -9999 -9999 -9999 -9999 -9999 -9999 -9999
707.550094604492 827.107055664062 1053.62738037109 1101.43759727478 787.049991607666 446.527816772461 1025.46832275391 561.190155029297 617.215225219727 1211.12139892578 1030.63729858398 1310.79563903809 848.984436035156 1028.91860961914 787.851211547852 824.275100708008 1562.46086120605 1110.28392028809 660.12092590332 888.63171005249 830.823390960693 944.425788879395 1059.99758529663 -9999 -9999 -9999 -9999 -9999 -9999 -9999 -9999 -9999 -9999 -9999 -9999 -9999 -9999 -9999 -9999 -9999 -9999 -9999 -9999 -9999 -9999 -9999 -9999 -9999 -9999 -9999
684.158748626709 674.009567260742 761.93424987793 906.096018791199 1360.83509063721 1357.90336036682 667.583247184753 422.427368164062 648.918823242188 731.705642700195 992.396354675293 892.437873840332 1140.73313903809 1101.44883728027 875.130851745605 1006.45588302612 1057.09016036987 684.80859375 727.336692810059 700.205871582031 803.077003479004 806.86026763916 876.518093109131 -9999 -9999 -9999 -9999 -9999 -9999 -9999 -9999 -9999 -9999 -9999 -9999 -9999 -9999 -9999 -9999 -9999 -9999 -9999 -9999 -9999 -9999 -9999 -9999 -9999 -9999 -9999
738.019099235535 572.35888671875 722.041694641113 848.959377288818 854.153228759766 933.853065490723 739.538360595703 822.262100219727 578.968383789062 669.578964233398 843.468933105469 585.601974487305 872.357990980148 880.530178070068 960.485102653503 1089.67296981812 775.189357757568 915.580360412598 892.727255821228 741.649040222168 897.29955291748 915.619441986084 1044.85647583008 924.958797454834 -9999 -9999 -9999 -9999 -9999 -9999 -9999 -9999 -9999 -9999 -9999 -9999 -9999 -9999 -9999 -9999 -9999 -9999 -9999 -9999 -9999 -9999 -9999 -9999 -9999 -9999
920.409439086914 847.425758361816 669.267244338989 730.969955444336 1237.02365112305 818.207103729248 682.827056884766 652.98690032959 613.600524902344 778.419167518616 987.887939453125 811.288673400879 871.355700492859 1196.13873291016 1185.64535522461 963.683631896973 840.181308746338 854.455604553223 877.006995201111 791.433948516846 754.075897216797 833.104675292969 975.480476379395 809.766021728516 749.101211547852 -9999 -9999 -9999 -9999 -9999 -9999 -9999 -9999 -9999 -9999 -9999 -9999 -9999 -9999 -9999 -9999 -9999 -9999 -9999 -9999 -9999 -9999 -9999 -9999 -9999
1231.40208530426 1826.41790008545 1092.54476165771 1102.25484275818 1219.00019073486 978.106513977051 836.702884674072 627.007904052734 601.296661376953 1336.567527771 727.200752258301 880.467620849609 692.177703857422 974.261215209961 941.25438117981 1445.26134490967 862.336269378662 735.492622375488 899.424938201904 871.236549377441 868.094682693481 895.089088439941 954.556175231934 844.295612335205 914.456434249878 837.032341003418 -9999 -9999 -9999 -9999 -9999 -9999 -9999 -9999 -9999 -9999 -9999 -9999 -9999 -9999 -9999 -9999 -9999 -9999 -9999 -9999 -9999 -9999 -9999 -9999
1105.0406036377 927.863613128662 1352.29250335693 903.978764533997 1326.05460357666 1540.28379058838 1253.14089202881 851.978355407715 882.342561721802 938.7555975914 846.351957321167 726.792503356934 804.818519592285 779.4538230896 1014.31597518921 858.818680167198 948.359886169434 1004.42964172363 933.824554443359 855.340698003769 792.067962646484 866.333682596684 1030.81764221191 875.674346923828 882.476066589355 879.644916534424 -9999 -9999 -9999 -9999 -9999 -9999 -9999 -9999 -9999 -9999 -9999 -9999 -9999 -9999 -9999 -9999 -9999 -9999 -9999 -9999 -9999 -9999 -9999 -9999
1186.34278869629 1037.06968307495 1287.03701019287 980.183322906494 1076.90894317627 1481.5266494751 1475.7300862968 1201.98506546021 1189.53252410889 1165.38320159912 964.804557800293 804.984344482422 720.85929107666 840.258927345276 789.881195068359 884.10359954834 890.351387023926 788.26083946228 821.568657875061 759.154029846191 749.058837890625 705.501846313477 641.800567626953 907.450592041016 897.755226135254 1122.04504394531 891.389498949051 -9999 -9999 -9999 -9999 -9999 -9999 -9999 -9999 -9999 -9999 -9999 -9999 -9999 -9999 -9999 -9999 -9999 -9999 -9999 -9999 -9999 -9999 -9999
1157.22120666504 960.082080841064 961.613143920898 1042.75885772705 919.278993606567 1404.65715026855 1638.73947143555 1096.73312759399 1187.73490905762 935.658309936523 635.903594970703 838.904788970947 870.093135595322 837.709135055542 747.95140838623 756.389129638672 903.092361450195 854.476554870605 773.93883228302 683.91047668457 654.836761474609 893.888366699219 737.905097961426 891.521507263184 702.595077514648 827.951292991638 849.690731048584 942.944770812988 -9999 -9999 -9999 -9999 -9999 -9999 -9999 -9999 -9999 -9999 -9999 -9999 -9999 -9999 -9999 -9999 -9999 -9999 -9999 -9999 -9999 -9999
991.993169784546 1037.31187438965 923.577465057373 966.183120727539 1032.17918395996 969.166961669922 1411.416847229 950.79719543457 1147.46773529053 683.946334838867 628.360977172852 723.60856628418 733.945671081543 864.986423492432 701.037086486816 910.193344116211 802.229888916016 865.435653686523 745.175247192383 816.036747932434 779.60675239563 765.712501525879 862.975997924805 913.630653381348 801.347146987915 826.610792160034 718.812927246094 1007.58459472656 828.973690032959 -9999 -9999 -9999 -9999 -9999 -9999 -9999 -9999 -9999 -9999 -9999 -9999 -9999 -9999 -9999 -9999 -9999 -9999 -9999 -9999 -9999
979.854297637939 936.92259979248 945.92017364502 1070.04571294785 1456.2852935791 959.227264404297 1228.15347385406 1215.20260047913 779.283226013184 760.677627563477 754.877822875977 745.590003967285 915.845085144043 835.554988861084 782.699759483337 922.540721893311 881.458557128906 737.276084899902 865.585739612579 818.686655044556 740.783226013184 783.577785491943 900.219230651855 749.273933410645 711.029731750488 852.536487579346 703.949172973633 820.423721313477 878.578297615051 -9999 -9999 -9999 -9999 -9999 -9999 -9999 -9999 -9999 -9999 -9999 -9999 -9999 -9999 -9999 -9999 -9999 -9999 -9999 -9999 -9999
1012.10953521729 767.545776367188 1404.33250427246 1532.35606384277 1101.93751907349 1096.54768514633 1303.16590881348 1074.05741119385 1086.66606140137 881.331436157227 788.260221481323 671.195373535156 780.576091766357 710.479167938232 872.957252502441 837.108699798584 903.799427986145 907.449211120605 774.951232910156 642.811752319336 968.01237487793 794.884255886078 866.453880310059 849.841192245483 844.823205947876 729.534248352051 705.355041503906 1004.42002105713 867.880805015564 895.714324951172 -9999 -9999 -9999 -9999 -9999 -9999 -9999 -9999 -9999 -9999 -9999 -9999 -9999 -9999 -9999 -9999 -9999 -9999 -9999 -9999
983.879909515381 1033.96559143066 1110.55020141602 1431.37243652344 2002.54323959351 1151.45365142822 1170.31441497803 1082.62996721268 1263.88864517212 1013.39786148071 1032.77822875977 961.659362792969 773.155750274658 830.69891834259 818.440616607666 767.514038085938 851.111885070801 802.815508842468 1041.71011352539 843.786510467529 705.840400695801 770.581977844238 753.238639831543 724.733596801758 868.140785217285 632.766189575195 691.912124633789 1012.72228240967 985.666915893555 733.542358398438 895.131637573242 -9999 -9999 -9999 -9999 -9999 -9999 -9999 -9999 -9999 -9999 -9999 -9999 -9999 -9999 -9999 -9999 -9999 -9999 -9999
1154.60479736328 1073.89221572876 945.511526107788 1234.85278320312 1458.57110023499 1424.00434875488 1533.81887054443 1096.71862030029 983.373020172119 1003.78772735596 959.731937408447 1139.66217041016 999.833112716675 1258.80267333984 853.221586227417 972.543869018555 834.598150253296 786.870536804199 875.730766296387 927.523509979248 856.301239013672 831.830266952515 853.79630279541 804.834121704102 826.259432315826 748.647045135498 911.014892578125 892.245179533958 895.922648429871 912.379249572754 923.688217163086 -9999 -9999 -9999 -9999 -9999 -9999 -9999 -9999 -9999 -9999 -9999 -9999 -9999 -9999 -9999 -9999 -9999 -9999 -9999
1327.04736328125 963.084190368652 807.264801025391 1479.08271026611 1127.98789215088 1502.84298706055 1351.63116836548 1391.16262817383 1705.53281021118 1407.08307647705 1228.7331943512 1192.59334564209 1201.17560958862 1788.43390274048 1377.77647399902 926.688148498535 840.461681365967 1115.55183410645 867.288360595703 789.956634521484 928.976715087891 958.320636749268 709.637451171875 734.720176696777 845.15425491333 820.176887512207 862.948692321777 815.509017944336 783.321647644043 875.601833343506 802.39338684082 836.414085388184 -9999 -9999 -9999 -9999 -9999 -9999 -9999 -9999 -9999 -9999 -9999 -9999 -9999 -9999 -9999 -9999 -9999 -9999
1195.07817840576 1044.66667175293 875.268516540527 1118.92425537109 942.230602264404 1400.81610107422 1851.19891357422 1575.35429382324 1349.92289733887 1242.71704864502 1345.82346343994 1029.48866271973 1223.75336456299 1352.8055973053 1066.2493057251 1178.07139587402 1186.29299926758 1022.18049621582 949.021484375 985.642288208008 1014.72200012207 818.504884719849 803.077063560486 718.59049987793 792.081119537354 953.129844665527 998.5673828125 928.356021881104 907.185274124146 782.554630279541 827.270740032196 825.168182373047 943.358974456787 -9999 -9999 -9999 -9999 -9999 -9999 -9999 -9999 -9999 -9999 -9999 -9999 -9999 -9999 -9999 -9999 -9999
794.633255004883 998.116119384766 1374.2171318531 1082.53163146973 1136.90512084961 1283.3642578125 1570.44293212891 1441.63729858398 1433.26295471191 1413.01104736328 1112.63391876221 1206.72338104248 1197.55001831055 1161.25157165527 959.975639343262 1192.52462768555 1001.28234481812 931.297142028809 1070.97406005859 1156.26376342773 851.693702697754 884.483337402344 741.233001708984 856.724380493164 994.717239379883 793.27844619751 944.343574523926 953.160285949707 912.413244247437 721.130790710449 827.595560073853 991.858543395996 964.178928375244 -9999 -9999 -9999 -9999 -9999 -9999 -9999 -9999 -9999 -9999 -9999 -9999 -9999 -9999 -9999 -9999 -9999
