export/dem/dem96.asc
NCOLS 350
NROWS 171
XLLCORNER 152620
YLLCORNER 418050
CELLSIZE 100
NODATA_VALUE -9999
[rows 110 to 131 of 171, columns 250 to 299 of 350]
1013.89884567261 670.416023254395 924.346496582031 597.458511352539 1091.16859436035 1129.43974304199 779.683601379395 1152.80842590332 787.860137939453 652.616668701172 592.66032409668 796.958297729492 903.45198059082 1008.43993759155 884.169960021973 994.914543151855 984.028745651245 963.366027832031 973.49599981308 923.72142791748 714.287124633789 757.040084838867 1132.89315485954 1001.31825256348 1050.51654052734 954.093418121338 864.218040466309 869.278377532959 721.655410766602 819.0934715271 778.544654846191 795.661087036133 885.983737945557 875.549823760986 921.219142913818 941.994606018066 1014.84328460693 916.851804733276 892.17015838623 921.701118469238 784.162300109863 654.291887283325 724.08699798584 802.233623504639 681.951465606689 766.894641876221 834.254104614258 717.886066436768 887.05687713623 773.106010437012
922.412559509277 574.004837036133 454.907775878906 902.419241547585 726.740047454834 677.108043670654 581.812927246094 1137.78579711914 534.527191162109 641.716537475586 646.931816101074 693.015853881836 987.562835693359 801.868343353271 1003.40634155273 738.681289672852 774.084213256836 800.017936706543 1005.95246124268 908.78462600708 1375.4747543335 971.959421157837 909.719390869141 746.538375854492 1057.51970100403 1346.79281234741 794.848701477051 694.538803100586 842.307281494141 748.463081359863 734.842041015625 641.665481567383 837.30558013916 915.914726257324 921.567804336548 880.576412200928 1062.72433304787 942.304119110107 754.893867492676 846.444129943848 848.995136260986 790.962198257446 857.99153137207 903.294921875 737.975839614868 863.356422424316 754.814437866211 800.798919677734 828.331211090088 960.67000579834
903.427982330322 848.199691772461 984.239730834961 707.641777038574 1159.28632926941 737.656799316406 690.350509643555 706.55549621582 795.409591674805 893.09008026123 582.777267456055 576.058547973633 914.465393066406 900.066818237305 1228.13187026978 906.295845031738 786.266380310059 719.783897399902 885.071605682373 818.57445526123 754.752784729004 758.437606811523 1173.15579223633 903.322204589844 1036.67869949341 879.331420898438 809.471862792969 991.093544006348 803.207672119141 931.138070106506 873.646949768066 798.907493591309 1064.04179382324 932.741775512695 894.170074462891 1082.43574523926 1011.30504608154 1013.0802154541 718.236602783203 994.625549316406 699.197937965393 745.272674560547 672.787284851074 874.039972305298 776.188484191895 802.857553482056 779.991268157959 637.516952514648 741.858509063721 857.016315460205
774.374401092529 728.978790283203 752.139556884766 955.856250762939 797.351638793945 1235.98438262939 765.503715515137 775.470924377441 765.464431762695 758.608654975891 636.269985198975 573.777778625488 575.906242370605 557.245529174805 855.305995941162 705.241844177246 681.470336914062 728.38618850708 656.329833984375 644.774215698242 673.771392822266 837.393646240234 743.763053894043 811.259468078613 966.445487976074 1052.09526443481 856.352920532227 982.310379981995 1288.60958862305 1311.27616930008 1108.66659545898 787.837326049805 937.387928009033 831.552115678787 734.978979110718 948.798469543457 861.572165489197 856.907669067383 787.563827514648 655.440818786621 592.333602905273 608.086557865143 591.442775726318 757.369497299194 543.760375976562 583.645629882812 598.788719177246 877.053668022156 874.937446594238 1015.17979431152
968.011668205261 1260.64440822601 1392.52201485634 746.799629211426 685.114990234375 782.512716293335 2113.34104347229 800.756399154663 1265.94111633301 1141.12880706787 639.729263305664 549.003021240234 607.810829162598 539.09326171875 702.2233543396 852.148910522461 782.711730957031 706.924457550049 750.013508319855 693.032867431641 711.209987640381 868.493919372559 793.124635696411 606.661689758301 737.027374267578 764.485404968262 921.330078125 953.482807159424 1200.65843200684 1328.96042251587 1002.15947723389 919.840713500977 875.594100952148 707.168375015259 675.854164123535 644.095296859741 851.9990234375 1012.52041625977 906.172973632812 689.702662944794 864.711975097656 641.480087280273 764.478088378906 686.341571807861 646.852222442627 569.484924316406 633.900234222412 774.417011260986 714.488170623779 983.313095092773
909.319469451904 904.858291625977 764.2138671875 691.485084533691 824.461371421814 1190.06314468384 789.52006149292 628.819137573242 704.260070800781 848.994750976562 849.18536567688 659.125680923462 724.372285842896 633.441284179688 522.962677001953 654.910942077637 606.191741943359 854.852958679199 828.298198699951 758.555501937866 673.252548217773 803.082244873047 788.775253295898 880.569307327271 791.926780700684 862.117172241211 856.64402961731 659.36100769043 1225.40129852295 1684.36779296398 1130.55842208862 802.962852478027 749.080045700073 812.81128692627 770.390113830566 689.64306640625 808.151077270508 868.896606445312 854.300201416016 892.376724243164 875.10498046875 854.006134033203 713.034660339355 914.984893798828 790.687065124512 749.144115447998 656.18132019043 800.95979309082 679.258796691895 662.991928100586
1204.48051452637 1489.16469573975 854.738634109497 954.56901550293 1514.6360168457 830.377141952515 785.8410987854 1195.8030090332 660.53288269043 892.891448974609 953.726165771484 672.996650695801 466.47216796875 596.662658691406 544.555969238281 744.422000586987 678.361867904663 593.621551513672 637.424201965332 553.368103027344 780.454956054688 807.118137359619 841.760467529297 899.291481018066 777.348424911499 821.101379394531 822.288414001465 804.608127593994 954.069683074951 998.794867515564 1109.59245300293 707.401458740234 800.391845703125 688.070346832275 893.510917663574 1245.18958282471 1333.26801395416 1821.47543334961 1632.80969238281 1000.2329864502 842.325080871582 1001.19900512695 778.768783569336 712.519629478455 763.265500158072 839.702453613281 811.968940734863 783.717964172363 841.060424804688 575.242961883545
717.664704799652 1020.25776672363 788.719777107239 738.231307983398 933.613830566406 797.20133972168 1052.12526702881 550.494247436523 731.712257385254 870.675849914551 881.205123901367 768.028564453125 640.721130371094 441.837860107422 681.82565164566 604.401756286621 663.046451568604 596.498504638672 623.232852935791 650.299753189087 653.864929199219 717.907981872559 663.55729675293 898.135902404785 918.660346984863 759.69214630127 875.567470550537 875.373563766479 791.56262588501 689.890670776367 689.647796630859 1055.07818317413 822.196147918701 765.920303344727 1008.82866668701 772.407989501953 1135.99430847168 1207.07661437988 1483.41738891602 2099.98442077637 984.032901763916 1089.37001800537 1059.84242248535 755.81015586853 784.681858062744 740.550609588623 808.495788574219 864.261711120605 741.773894309998 787.091178894043
701.652892112732 928.432662963867 700.150588989258 731.548767089844 1188.56129074097 804.067071914673 1107.25923156738 757.72615814209 729.42561340332 779.842046841979 612.053207397461 769.197486877441 840.10827255249 550.640785217285 702.445804595947 790.048370361328 576.112655639648 902.677680969238 647.514572143555 847.063890457153 849.071266174316 661.352013587952 642.270431518555 743.569348335266 757.54797744751 1083.29632568359 943.437858581543 765.43417429924 642.15678691864 574.332656860352 2249.50888824463 2734.94296264648 648.898376464844 931.125595092773 1307.46624755859 1038.09061431885 1019.92029571533 958.140998840332 1358.50175476074 1134.84062194824 1219.84049224854 1302.39210891724 1232.47180175781 1466.68560791016 1468.90194702148 1030.79232788086 1063.17881774902 990.868301391602 981.337982177734 801.923446655273
512.865821838379 470.887382507324 735.314514160156 648.741172790527 868.002563476562 1241.71648788452 746.489334106445 719.724334716797 1057.16421508789 529.383316040039 534.035903930664 636.447509765625 779.385694026947 729.215815067291 667.396140098572 594.617065429688 757.759201049805 620.157531738281 681.940948486328 881.464822769165 634.462020874023 809.73870319128 608.567535400391 759.235534667969 633.103187561035 839.530879974365 790.498023986816 838.636657714844 797.039313316345 684.712749481201 808.338695526123 2169.79524230957 763.920692443848 856.658756256104 1130.54974365234 1442.63746643066 1166.08213043213 1218.57918548584 1866.46899414062 1285.19831085205 1235.53242492676 1086.06846404076 1026.01831817627 959.275619506836 1651.13429260254 1709.89822387695 1328.01708984375 1414.39562988281 1293.71592712402 1159.88610839844
469.799072265625 545.072010040283 509.933650970459 381.744338989258 1039.24002075195 863.197658538818 858.038619041443 829.127960205078 768.649772644043 619.823188781738 640.116271972656 921.87345123291 566.01123046875 656.507392883301 610.845100402832 541.701309204102 671.647575378418 553.917366027832 776.838920593262 775.603329658508 875.262176513672 878.083885192871 707.226608276367 798.239078521729 670.707314491272 887.344223022461 701.045249938965 964.841644287109 956.248275756836 695.961769104004 844.674530029297 746.45329284668 796.30499458313 928.248016357422 879.397647857666 982.962914466858 1126.14519500732 1115.70434570312 1397.12840270996 1239.58880615234 1385.65581512451 1193.95663070679 1163.65817260742 992.695370674133 1389.640625 1412.48736572266 1337.54595947266 1056.61058807373 1245.60702514648 1524.80784606934
574.367340087891 685.789814472198 665.411350250244 519.879272460938 646.060882568359 581.297397613525 555.619972229004 579.379592895508 790.245494842529 629.83228302002 519.398406982422 719.892318725586 627.0830078125 855.61100769043 689.86491394043 623.684043884277 548.235862731934 590.878120422363 755.870332717896 713.864110946655 772.877330064774 904.192230224609 851.134407043457 854.558887481689 788.465747833252 742.396931409836 868.035251617432 835.085800170898 924.365737915039 662.835540771484 646.756362915039 682.210388183594 958.737274169922 806.837819650769 978.19548034668 1125.29364013672 1017.80317401886 982.817559719086 1131.89657592773 1112.55346679688 1212.1180305481 1313.94549560547 1013.53796768188 755.165428161621 1098.06393432617 1245.73081639409 1108.46681213379 1082.98126983643 1225.98377990723 1257.28125
697.778961181641 649.527256011963 681.59513092041 584.943717956543 664.458114624023 611.793376922607 618.08374786377 553.492151260376 745.848619937897 770.351291656494 684.837844848633 651.913970947266 799.090376853943 497.506401062012 650.96875 737.671873092651 705.405258178711 753.650985717773 603.132110595703 590.786956787109 628.295112609863 772.687175750732 850.413906097412 988.64143371582 867.168998718262 896.656614303589 555.263061523438 753.540462493896 789.170127868652 859.215735912323 851.080711364746 851.650756835938 761.668548583984 1011.78266906738 914.753707885742 1005.14086151123 1001.95944213867 1033.69102478027 1017.69718933105 1046.5446472168 935.090358734131 1003.44267654419 849.500114440918 931.866165161133 804.378326416016 1134.41536712646 1076.03408813477 1102.17352294922 1043.99410247803 1267.20553588867
621.768997192383 795.630012512207 500.037139892578 711.255138874054 673.812183380127 784.687805175781 629.200721740723 587.585175514221 684.937856674194 720.524402618408 825.122020721436 767.147080898285 1091.4985165596 723.842189788818 1098.02472686768 698.747886657715 732.378644943237 558.349319458008 492.422409057617 535.028564453125 766.649425506592 863.076217651367 868.585551261902 773.353591918945 702.85196685791 789.051467895508 654.531211853027 804.764340400696 928.61358833313 878.18293762207 871.335096597672 939.178901672363 966.311416625977 801.628280639648 865.96399307251 1141.19082641602 935.589385986328 1048.69456481934 878.551971435547 984.996307373047 901.023178100586 814.3654088974 725.601638793945 783.895881652832 920.653671264648 941.360980987549 1056.21896362305 1093.19169616699 857.552116394043 1033.21209716797
660.568557739258 705.380159854889 930.45832824707 696.978507995605 624.657592773438 771.871353149414 699.715110778809 629.153485298157 790.004257202148 635.73112487793 818.072668671608 742.169025421143 776.369018554688 690.699363708496 1359.19894790649 671.654541015625 605.470657348633 630.263122558594 599.796432495117 539.962913513184 534.040267944336 582.242279052734 639.487449645996 850.54027557373 837.594219207764 747.381652832031 821.273855209351 1050.73307800293 956.976760864258 898.825748443604 787.637397766113 961.865947723389 1049.68476486206 778.782442092896 882.185531616211 1000.05824279785 1082.62942504883 981.816345214844 1016.58198547363 832.732696533203 789.044620513916 805.580451965332 844.506446838379 814.686851501465 719.042778015137 749.978469848633 865.794570922852 949.066535949707 928.826034545898 816.728271484375
811.639320373535 759.195783615112 755.125824451447 737.025742053986 719.620429992676 827.201866149902 670.838787078857 673.600654602051 751.22053527832 628.453300476074 800.369155883789 746.799166202545 1108.44162750244 804.517688751221 587.099578857422 595.581436157227 660.454895019531 725.393032073975 713.062351226807 1242.02304458618 771.283683776855 668.716718912125 743.321823120117 714.211814880371 737.829649925232 766.101570129395 594.298538208008 784.621524810791 780.299602508545 867.544250488281 819.616416931152 886.997993469238 905.241988182068 882.425956726074 948.111862182617 852.348197937012 892.299263000488 838.173233032227 963.010498046875 817.126049041748 860.945457458496 690.403564453125 820.056034088135 833.717818260193 878.668062210083 929.176750183105 953.907409667969 652.205581665039 892.592483520508 870.825317382812
922.925193786621 908.493255615234 696.423601150513 701.59024810791 806.821186065674 764.99795293808 683.021919250488 621.706001281738 502.659690856934 520.567306518555 584.556488037109 1226.65882110596 622.582443237305 795.455764770508 863.629951477051 584.085403442383 610.677322387695 660.222450256348 936.609191894531 567.173210144043 700.536478996277 605.703628540039 743.199569702148 728.048789024353 773.71598815918 847.833160400391 831.679016113281 838.084320068359 996.887115478516 705.268898010254 795.231960296631 755.586193084717 757.442573547363 763.036865234375 858.341590881348 811.440433502197 850.373100280762 884.909927368164 844.834838867188 788.63561630249 859.807754516602 747.211144447327 679.687309265137 744.981845855713 751.53978729248 997.914596557617 784.445762634277 769.116966247559 883.116401672363 720.203678131104
818.082473754883 765.337448120117 798.428421020508 451.374664306641 660.638900756836 818.114060163498 668.252254486084 683.805282592773 467.132446289062 709.472183227539 570.375144958496 700.448059082031 610.457292556763 1107.9729385376 675.400093078613 710.15828704834 709.054534912109 809.964866638184 518.396392822266 716.438852787018 601.426254272461 737.845504760742 630.992942810059 713.438292503357 716.87989616394 640.213516235352 822.996276855469 793.330795288086 838.391883850098 727.327637672424 740.371461868286 812.792930603027 891.104179382324 755.668246269226 704.289604187012 881.558403015137 978.314514160156 852.404632568359 779.424369812012 859.845091819763 863.281646728516 989.403732299805 728.393577575684 807.70238494873 767.389522910118 682.044334411621 669.92928314209 884.899742126465 960.952850341797 1019.05490112305
883.82202911377 748.721771717072 711.82018661499 635.231353759766 737.960308074951 640.987762451172 826.23021697998 683.873600006104 551.532402038574 508.464202880859 654.512723922729 712.160784959793 678.189308166504 664.537948608398 631.656024932861 749.428840637207 497.932907104492 738.972768783569 563.783432006836 635.208053588867 631.436431884766 766.431121826172 739.94185256958 651.483589172363 802.605644226074 684.003940582275 732.871536254883 867.123031616211 710.142593383789 853.780456542969 818.511672973633 771.689925670624 922.594841003418 636.489517211914 854.767055034637 826.998729705811 848.129356384277 628.683868408203 923.358943939209 1177.39566040039 691.447814941406 735.36177444458 813.261505126953 933.268363952637 697.258575439453 803.562793731689 682.989715576172 791.99770450592 1135.84329986572 898.966003417969
804.466915130615 817.033313751221 830.269882202148 722.166261672974 737.582824707031 690.990852355957 774.329177856445 653.145005226135 597.84252166748 543.316253662109 666.934783935547 758.695434570312 499.766784667969 779.137691497803 796.718349456787 636.152015686035 830.327919006348 821.540901184082 739.7505235672 793.769592285156 812.416976928711 640.650901794434 667.812864303589 723.05583190918 640.331378936768 741.77191734314 816.742393493652 757.07417678833 672.293876647949 718.202037811279 734.299954652786 912.563404083252 902.101654052734 809.269298553467 770.087913513184 1092.88286590576 917.779186248779 808.261840820312 965.877389907837 1026.86293029785 734.209060668945 837.608467102051 746.477699279785 912.948196411133 807.322860717773 872.423179626465 623.521621704102 833.456611633301 755.601455688477 963.808617591858
896.977279663086 713.298168182373 783.522207736969 732.810949325562 775.057084560394 648.911651611328 666.087417602539 558.529907226562 484.624664306641 600.048892021179 599.696250915527 642.539878845215 427.151031494141 495.516006469727 686.610534667969 645.032020568848 746.587377548218 813.839942932129 709.11279296875 756.722995758057 695.074300765991 699.39395236969 581.25316619873 683.915185928345 640.076969146729 671.84228515625 756.269111633301 957.810729980469 605.508834838867 599.133460998535 786.705757141113 594.51416015625 601.501930236816 869.888328552246 912.810764312744 763.455615997314 849.42614364624 875.704940795898 1098.09160804749 1090.79692840576 942.940818786621 1085.12333679199 1002.96527862549 824.082880973816 1020.90730285645 939.374326467514 828.210166931152 787.126171112061 586.20930480957 966.246307373047
827.833450317383 827.842277526855 799.41607093811 785.8766746521 746.087024688721 663.662124633789 543.381820678711 554.613430023193 533.169143676758 734.633825302124 626.116233825684 718.372579574585 820.284271240234 713.456428527832 674.661796569824 676.619026184082 658.864440917969 863.127593994141 709.266704559326 785.199552536011 847.532135009766 779.593299865723 628.481559753418 748.083713531494 565.549728393555 635.07982635498 606.256187438965 801.186103820801 585.71159362793 702.012537002563 791.14176940918 627.443534851074 583.939842224121 593.75318145752 426.420150756836 587.566184997559 616.931915283203 959.360137939453 805.983322143555 1057.17872197926 1024.10612487793 1101.22581291199 858.415084838867 935.374786376953 847.294727325439 717.053649902344 971.307662963867 725.804449081421 880.626227378845 1048.18598937988
