export/dem/dem98.asc
NCOLS 350
NROWS 171
XLLCORNER 152620
YLLCORNER 418050
CELLSIZE 100
NODATA_VALUE -9999
[rows 88 to 109 of 171, columns 250 to 299 of 350]
912.075256347656 1067.72248077393 942.684069693089 879.378971099854 699.204696655273 854.799731254578 656.036879189312 645.599301815033 569.994735717773 739.704025268555 800.624319076538 704.280418157578 616.916217803955 1052.247215271 862.026458740234 974.807632446289 642.424385070801 720.196264266968 853.460952758789 717.47972869873 603.027950286865 917.038263320923 600.69548034668 804.44743347168 796.693771362305 639.503646850586 706.731220245361 986.015365600586 606.039001464844 797.536308288574 548.434097290039 503.132720947266 573.908203125 620.589256286621 684.257637023926 681.329246520996 622.023406982422 665.727981567383 719.28510093689 633.275230407715 630.855545043945 563.663887023926 549.163192749023 921.194488525391 447.968505859375 692.027923583984 735.47811126709 733.360401153564 600.510650634766 616.416473388672
724.54564666748 873.847552061081 1033.81939888 935.917762756348 843.568696975708 837.005146980286 836.771949768066 750.117555618286 610.145385742188 673.237884521484 634.299591064453 630.266357421875 1016.23251342773 762.296457290649 600.251327514648 943.779693603516 781.33553314209 562.112030029297 774.825734138489 804.977241516113 585.116348266602 769.887084960938 613.22416305542 648.493408203125 891.188064575195 705.681346893311 617.124839782715 697.141422271729 687.719555854797 684.43200302124 483.962921142578 591.430221557617 620.421081542969 511.480941772461 643.422668457031 711.385501861572 558.935302734375 607.738773345947 656.554458618164 602.78396987915 1347.7744140625 455.368179321289 654.893135070801 704.884254455566 575.822296142578 769.716773986816 678.612533569336 728.31413269043 779.079113006592 650.176727294922
915.138069152832 877.652336120605 855.645890235901 966.334060668945 1080.38947296143 791.792221069336 967.439250946045 676.72315788269 749.732360839844 675.986713409424 635.158142089844 919.906196594238 757.834773540497 870.217172622681 783.241822242737 924.054992675781 632.574390411377 537.243118286133 519.074523925781 504.724258422852 682.078796386719 637.609073638916 761.592651367188 738.399404525757 819.440433502197 816.645064353943 696.561241149902 761.849636077881 756.87250995636 775.912886619568 616.72989654541 705.016403198242 679.425102233887 659.293075561523 632.860664367676 517.117324829102 519.868927001953 666.94010925293 572.501365661621 622.29501914978 829.58740234375 539.755813598633 509.779876708984 726.663555145264 537.740783691406 699.374618530273 963.923934936523 637.202285766602 723.496398925781 907.070602416992
730.091817855835 829.994247436523 808.71483039856 896.267221450806 1250.6537361145 1370.93935394287 808.3046875 743.882767617702 568.435882568359 823.979690551758 703.03214263916 657.784103393555 762.957702636719 643.387222290039 703.866920471191 736.621948242188 741.088661193848 666.7038230896 795.116455875337 755.339563369751 847.929100036621 853.449996948242 849.214485168457 900.952667236328 754.963913440704 748.326133728027 717.809158325195 711.680191040039 897.035507202148 1210.30058288574 772.50500202179 507.932876586914 712.261795043945 640.263130187988 619.443504333496 620.267211914062 580.733818054199 508.212051391602 640.546562194824 466.679016113281 1061.37629699707 1074.34066772461 474.253234863281 541.360122680664 504.447219848633 607.567665100098 728.534286499023 596.949630737305 845.814392089844 1221.45558166504
989.598266601562 841.144351959229 820.348896026611 1007.30297851562 1081.98329925537 917.270721435547 1112.94211959839 651.864334106445 780.964748382568 723.422027587891 749.240921020508 733.617370605469 690.157653808594 621.19709777832 707.629035949707 1106.3921661377 667.457912445068 761.553217411041 751.939819335938 759.895389556885 804.332416534424 791.396881818771 714.753639221191 851.743855476379 675.139938354492 656.712524414062 929.136596679688 791.768737792969 858.685691833496 1030.52020406723 689.219970703125 619.501052856445 596.340591430664 734.600650787354 634.881996154785 711.750047922134 499.598541259766 477.809921264648 525.412078857422 661.415390014648 539.948776245117 1237.89791870117 407.832489013672 552.691986083984 531.328475952148 442.506256103516 659.322822570801 620.40380859375 577.700622558594 618.872543334961
954.206649780273 657.97289276123 987.521560668945 1034.71991348267 984.3103556633 1176.69157409668 739.232524871826 789.175687789917 700.207550048828 1154.73910522461 793.079132080078 592.949401855469 873.731597900391 1198.41733932495 1233.86355686188 662.780784606934 730.312564820051 731.92317199707 886.431419372559 800.045902252197 831.648948669434 688.419189453125 830.231658935547 665.642532348633 736.475392341614 595.648147583008 1066.83904266357 1292.47269439697 648.786666870117 817.618438720703 671.731399536133 868.135410308838 770.324897766113 871.701227426529 877.771488189697 848.450054168701 784.587957382202 674.677501678467 476.860931396484 655.311660766602 378.796142578125 1081.7467956543 481.712890625 587.161056518555 462.420440673828 644.768127441406 647.027046203613 690.451370239258 859.679058074951 925.300003051758
802.895553588867 886.904449462891 1017.89148712158 1186.42147827148 937.836234390736 924.78475189209 846.646457672119 760.000308990479 690.064277648926 603.288879394531 768.235977172852 869.553482055664 764.397796630859 951.379280090332 981.29549407959 654.440147399902 720.832995414734 746.275833129883 629.10205078125 720.04038143158 788.877223968506 703.496383666992 765.164123535156 740.832183837891 614.082305908203 1030.93417358398 560.002868652344 914.770278930664 617.24772644043 948.518821716309 933.60831451416 787.736221313477 798.828536987305 960.937326431274 821.030364990234 761.206787109375 918.167579650879 811.837296247482 708.441772460938 616.274559020996 445.312149047852 582.424301147461 509.498443603516 334.175628662109 555.440231323242 647.760276794434 723.609994888306 673.887908935547 669.864852905273 700.985076904297
796.858449935913 726.300468444824 992.802635192871 1012.68976593018 991.847473144531 785.699230194092 1244.29361724854 962.361446380615 684.263778686523 888.942085266113 819.511089324951 1211.93126678467 875.591445922852 707.062164306641 756.731109619141 742.012512207031 713.424560546875 634.439155578613 830.666801452637 733.278636932373 677.489479064941 670.854751586914 760.226501464844 986.694416046143 1009.97122955322 1105.45321655273 960.404602050781 672.177520751953 538.770568847656 744.621627807617 1470.14938354492 859.672793388367 752.494125366211 694.747024536133 800.590167999268 883.529937744141 821.989253044128 1028.39356231689 935.522922515869 806.216188073158 477.831359863281 485.965957641602 1098.1822052002 457.1533203125 541.027923583984 334.756011962891 951.014770507812 741.607410430908 423.370819091797 940.654159545898
962.362731933594 1179.33164978027 881.626129150391 807.534034729004 1028.94565582275 936.088216781616 746.34236907959 930.533027648926 1134.4372253418 758.449447631836 554.933547973633 597.752944946289 569.888549804688 585.036758422852 658.335350036621 909.727608025074 816.03505897522 713.965637207031 804.297166347504 821.280731201172 777.689849853516 1315.82398986816 1265.03812408447 644.818634033203 770.033721923828 567.34521484375 593.763275146484 577.602996826172 555.365386962891 1312.39707946777 691.586570739746 822.231952667236 751.015068054199 969.020654678345 1036.07269287109 915.82160949707 959.018798828125 756.438138961792 783.770442962646 844.838279724121 856.47713470459 570.905075073242 876.560943603516 384.255523681641 773.088485717773 546.177047729492 628.954986572266 635.901092529297 551.160903930664 899.358245849609
737.233528137207 810.103134155273 679.233825683594 686.761276245117 900.056869506836 964.973415374756 1015.31502532959 832.053506851196 1266.92976379395 1394.41388320923 772.514335632324 601.564468383789 1335.59673309326 912.666320800781 555.087631225586 769.786458969116 587.168685913086 630.450942993164 592.944686889648 701.917152404785 714.038864135742 646.814514160156 715.867889404297 625.753540039062 609.833724975586 871.504104614258 780.61393737793 578.689743041992 589.929489135742 1024.98338699341 855.691665649414 1403.53923034668 1407.19739532471 794.163932800293 864.945791721344 737.684288024902 845.235155105591 637.489471435547 791.17565536499 790.011081695557 724.591300964355 618.336151123047 1045.81783008575 1579.40661621094 589.371002197266 662.623138427734 543.46257019043 667.458930969238 525.700164794922 700.631019592285
623.247634887695 1226.04333496094 1119.58027160168 852.777397155762 695.646522521973 926.334953308105 956.156137466431 1351.24745941162 878.639265060425 808.694379806519 815.899248123169 742.306488037109 583.525436401367 761.041358947754 572.476989746094 757.712387084961 797.116439819336 560.535308837891 769.144760131836 499.042572021484 710.8291015625 681.579086303711 769.01171875 1141.73458862305 470.196136474609 933.560760498047 1755.52784729004 1122.51870727539 1450.84465026855 456.121520996094 837.184173583984 709.230239868164 713.491622924805 1140.92742699385 818.716972351074 760.763854980469 687.650001525879 720.483394622803 641.357887268066 773.852973937988 640.960342407227 730.953501701355 982.26439666748 786.248962402344 439.471466064453 548.921112060547 619.654144287109 555.820617675781 679.715049743652 1067.48710632324
809.973495483398 671.369873046875 1278.59843444824 720.622245788574 790.457415103912 909.611341953278 1339.14029693604 1133.21391296387 1004.96981811523 936.226112365723 676.960029602051 999.579727172852 1244.35694122314 1007.7346496582 1005.37892913818 1077.10285949707 823.341705322266 501.079528808594 700.82349395752 659.534393310547 1087.6642074585 782.41223526001 803.09831237793 675.799057006836 1313.2444152832 845.022003173828 859.933654785156 1052.95495605469 1175.04629516602 644.670028686523 846.867523193359 904.35498046875 960.353799819946 1068.11490249634 768.056800842285 898.282501220703 685.456886291504 798.863865852356 722.33207321167 606.061416625977 820.361419677734 577.472370147705 634.437973022461 1198.56613922119 1275.17660522461 563.184875488281 709.360172271729 669.660285949707 674.102996826172 823.097415924072
1294.16297912598 737.448482513428 765.995278358459 601.75471496582 791.390718460083 1296.65771484375 946.017288208008 948.386962890625 851.575001716614 917.078151702881 1039.57945919037 657.974563598633 849.240447998047 1090.06892776489 810.159606933594 698.507904052734 734.729309082031 536.210906982422 536.327346801758 768.605758666992 1179.04278564453 1356.03785705566 684.064178466797 836.703353881836 443.434967041016 1116.48840332031 831.229843139648 562.550262451172 1352.54306030273 699.140853881836 945.890563964844 714.774688720703 924.200290679932 862.507762908936 810.722503662109 848.634879112244 736.207912445068 799.234874725342 830.72541809082 549.860500335693 732.324752807617 626.386669158936 649.660293579102 669.549324035645 664.844146728516 553.215393066406 807.336753845215 839.549961090088 698.017456054688 629.63801574707
732.89214515686 839.004508972168 940.845252990723 723.44792175293 730.033176422119 1068.7631816864 989.786037445068 977.132071018219 806.405578613281 928.513736367226 694.72526550293 975.265106201172 667.107574462891 681.067077636719 1002.35387420654 625.621047973633 680.461090087891 1105.56335449219 520.798645019531 518.652404785156 1131.20297241211 579.080749511719 1190.72364807129 607.335647583008 524.225708007812 889.723892211914 933.483856201172 1581.20919799805 624.900146484375 1198.09072875977 957.737197875977 769.247657775879 883.623962402344 879.721512794495 989.318161010742 923.769458770752 847.407707214355 899.873733520508 727.328964233398 530.010833740234 501.128469467163 566.379089355469 661.470422744751 600.335006713867 914.708450317383 762.767208099365 789.885887145996 855.351642608643 752.358331680298 826.939819335938
898.740653991699 1140.85190868378 1008.99333953857 592.296630859375 599.146011352539 701.738594055176 766.534049987793 954.526435852051 827.758850097656 1593.37227725983 656.623916625977 1162.32828521729 830.863357543945 725.637954711914 646.410079956055 913.233291625977 463.539794921875 358.399719238281 1238.10192871094 537.878784179688 746.717468261719 724.783920288086 729.982330322266 1155.08323669434 817.891448974609 672.190292358398 798.411418914795 1521.04585266113 1126.80911254883 647.838485717773 924.669731140137 1271.43733215332 1027.57605600357 780.734680175781 886.610877990723 942.690383911133 828.154284477234 860.531066894531 672.07594203949 629.874542236328 664.287292480469 493.455253601074 541.129919052124 663.406616210938 727.424472808838 748.204257965088 688.116897583008 725.306205749512 765.799760818481 820.832824707031
892.532028198242 1462.02131652832 1016.00437927246 837.909206390381 1426.06865692139 906.936920166016 1059.28171348572 918.570697784424 788.807289123535 904.007205963135 835.356880187988 760.951644897461 797.100769042969 960.460247039795 699.380355834961 717.931838989258 998.325836181641 504.843322753906 489.395141601562 787.432586669922 522.504608154297 695.594223022461 650.824554443359 1039.8955078125 621.406158447266 650.639434814453 1010.92907714844 656.967422485352 692.059677124023 774.78881072998 1163.92611694336 1234.18249702454 864.815470695496 884.521404266357 723.622817993164 877.250581741333 958.913240432739 921.60827255249 885.68505859375 662.10582447052 753.4736328125 643.916904449463 639.279051542282 764.342903137207 883.168243408203 726.238348007202 604.377731323242 752.725732803345 824.155193328857 899.619216918945
1184.35008621216 713.59167098999 895.729682922363 872.003578186035 897.452613830566 950.978822290897 687.798110961914 747.267158508301 864.435195684433 974.038036346436 1040.2338180542 807.910926818848 925.298533439636 1073.69602966309 745.339447021484 969.380210876465 748.771789550781 633.213165283203 698.038391113281 855.561172485352 667.980773925781 993.782745361328 740.335006713867 574.029205322266 699.814453125 830.968521118164 1079.96484184265 694.055465698242 1645.08177757263 1570.88656616211 1267.39781951904 958.901348114014 861.278991699219 943.033477783203 820.57820892334 951.494289398193 880.838973999023 1048.48232269287 895.640777587891 817.327156066895 708.74299955368 630.08557510376 817.846588134766 634.814812660217 908.124816894531 1078.30311584473 869.031879425049 790.645900726318 767.513069152832 1023.18702697754
866.737186431885 713.072090148926 783.075322151184 922.588279724121 829.801288604736 1081.64154052734 719.572738647461 759.573715209961 760.279815673828 979.851203918457 914.696754455566 1230.12472724915 1222.76916503906 730.933609008789 661.760009765625 559.384338378906 551.660614013672 594.206634521484 897.717208862305 1286.16674423218 652.679748535156 726.937683105469 1268.93795394897 1131.49496459961 951.526123046875 815.482543945312 819.038993835449 770.680160522461 882.610133647919 720.464370727539 844.560160636902 997.856994628906 795.721296548843 894.097877502441 861.30376625061 949.444892883301 1061.33459472656 921.82839012146 1016.26779174805 863.21457195282 761.070373535156 919.362640380859 671.62952041626 616.899963378906 744.629768371582 1008.01762199402 761.097837686539 863.335792541504 1079.65924072266 979.940963745117
636.231719970703 977.762065887451 1334.50444030762 995.283225059509 1034.08923244476 1025.28485584259 859.203289031982 1052.88777923584 1885.78065490723 772.795722961426 1313.31628417969 599.487884521484 1034.30725097656 829.155395507812 824.423606872559 867.156265258789 651.163543701172 752.128494262695 673.312637329102 735.991455078125 910.328025102615 940.301132202148 827.996368408203 750.414993286133 678.843505859375 774.606899261475 686.962509155273 836.082870483398 809.548538208008 837.633861541748 852.052326202393 777.499588012695 786.764776229858 880.240921020508 930.01025390625 822.187355041504 983.362892150879 841.645210266113 747.578720092773 853.743204116821 858.83038687706 995.610427856445 723.147542953491 623.667678833008 726.244705200195 882.164604187012 812.048404693604 859.411311149597 988.268505096436 852.858222961426
669.216400146484 901.731903076172 893.964855670929 675.638305664062 705.022033691406 1287.64159393311 1531.04288482666 1006.65878295898 767.043724060059 664.863616943359 1120.79347229004 602.627349853516 589.568542480469 864.512397766113 765.965469360352 735.380584716797 703.497009277344 1068.94569778442 769.96346282959 768.784788131714 982.127319335938 779.676376342773 788.665962219238 780.036834716797 695.582389831543 840.557228088379 762.253753662109 801.598655700684 994.764869689941 950.308639526367 964.988960266113 746.742095947266 843.016703605652 774.837988853455 704.812644958496 755.218328475952 966.0983543396 780.811996459961 799.781541585922 802.630367279053 805.291816711426 720.270122528076 624.197143554688 552.16654586792 692.252864837646 618.853511810303 880.240396499634 538.789672851562 786.611343026161 748.656696081161
724.460189819336 1138.0813293457 1046.35502624512 755.202072143555 796.816131591797 831.423538208008 878.061164855957 1325.1551361084 1353.33879089355 546.65869140625 468.86279296875 946.909164428711 691.468246459961 1115.57962417603 921.19010925293 985.499473571777 976.144462585449 1059.97633361816 1881.38150024414 1229.73484802246 913.683517456055 873.595882415771 599.590087890625 688.284561157227 680.422637939453 786.786064147949 741.815658569336 737.630306243896 729.471675872803 1065.11637878418 1056.71666717529 940.131008148193 837.959409713745 720.744960784912 908.520665168762 937.366035461426 995.443725585938 841.135688781738 837.512664794922 759.226249694824 756.417037963867 912.194608688354 691.495536804199 642.300224304199 557.757103443146 574.815841674805 690.749221801758 863.725059509277 879.566349029541 931.539577484131
609.067886352539 452.499603271484 559.082168579102 686.484222412109 1058.71392822266 838.92643737793 654.545516967773 1208.54777526855 1563.61259460449 614.077026367188 970.10009765625 611.953216552734 767.626876831055 728.214874267578 878.126777648926 996.33642578125 871.943672180176 1011.43690490723 1364.97746658325 998.448501586914 1161.42599487305 956.811999320984 1047.9628868103 688.398666381836 662.874938964844 801.632942199707 738.181594848633 847.914951324463 956.284248352051 910.412575006485 994.625053405762 742.249526977539 810.103435516357 905.062969207764 859.612804412842 861.062957763672 887.258850097656 910.334182739258 1073.9783782959 816.121253967285 829.866016387939 712.874176025391 552.257751464844 713.129713058472 680.402008056641 629.367366790771 936.369232177734 836.026596069336 967.570903778076 775.752822875977
