export/dem/dem92.asc
NCOLS 350
NROWS 171
XLLCORNER 152620
YLLCORNER 418050
CELLSIZE 100
NODATA_VALUE -9999
[rows 22 to 43 of 171, columns 200 to 249 of 350]
426.644927978516 542.996566772461 722.00959777832 723.269462585449 762.399604797363 519.698547363281 632.318988800049 792.414253234863 717.058910369873 712.552219390869 711.528697967529 839.623229980469 751.118659973145 894.450653076172 839.081466674805 615.113677978516 516.99560546875 654.865132331848 745.836318969727 725.622966766357 877.053268432617 596.261741638184 714.448822021484 663.558185577393 668.576637268066 782.609672546387 724.590381622314 527.222518920898 433.886505126953 652.308891296387 737.598405838013 809.077789306641 703.57977104187 691.604381561279 617.755889892578 669.560073852539 837.746887207031 640.517501831055 569.558685302734 726.393558502197 611.328979492188 664.636985778809 693.326820373535 850.7848777771 811.91478061676 1321.59529495239 861.649467468262 767.515827178955 872.739929199219 814.30481338501
563.250717163086 620.242725372314 694.795967102051 501.006561279297 700.502288818359 807.632797241211 735.666481018066 720.011749267578 783.843040466309 648.260362625122 680.816505432129 738.100952148438 936.014785766602 802.159088134766 663.759586334229 735.507801055908 638.228340148926 606.141513824463 760.768905639648 729.712585449219 595.411605834961 700.274394989014 733.982593536377 776.30379486084 744.390659332275 723.801826477051 749.047420501709 637.328704833984 737.650218963623 681.956577301025 833.483116149902 807.581405639648 735.937676429749 832.44548034668 738.325117111206 773.731227874756 636.565017700195 821.889461517334 718.086666107178 614.136322021484 714.134384155273 830.569480895996 805.134922027588 830.394332885742 882.675701141357 1070.91426086426 950.910228729248 934.956768035889 754.783443450928 1275.5023651123
620.326061248779 754.866756439209 557.248687744141 743.377669334412 753.954139709473 531.663833618164 669.877309322357 579.257751464844 604.394050598145 815.914398193359 853.777862548828 596.095073699951 495.556610107422 773.091491699219 623.96925163269 657.179406166077 640.513557434082 675.088556289673 791.996444702148 745.945541381836 752.83536529541 843.166976928711 732.385131835938 815.621566772461 840.994476318359 725.407078742981 661.661476135254 889.475578308105 685.394509315491 801.071968078613 630.696899414062 922.443939208984 785.632656097412 718.969203948975 909.053146362305 831.445106506348 720.821420669556 642.720458984375 714.505084991455 789.424029350281 703.702758789062 785.024112701416 801.635135650635 791.783761978149 825.229746818542 785.176837921143 805.758647918701 852.479614973068 815.472948074341 633.678344726562
683.030673980713 672.311118602753 639.682750701904 670.375598907471 633.04820394516 583.24976348877 677.60962677002 661.792338371277 655.891098976135 625.93244934082 780.407608032227 566.475742340088 639.042943954468 557.905025482178 399.505096435547 420.791633605957 594.836730957031 645.370445251465 565.177276611328 593.92610168457 554.96558380127 852.83610534668 883.214660644531 696.387399673462 658.125255584717 810.777923583984 786.8352394104 563.889709472656 585.852600097656 824.776969909668 721.430340528488 742.80975151062 713.102584838867 662.261421203613 763.744491577148 586.903045654297 682.201919555664 728.650641441345 746.93922996521 713.623970031738 702.22972869873 756.660453796387 686.781784057617 903.448661804199 826.239702224731 1025.56106567383 813.245357513428 915.166034698486 887.490501403809 819.64128780365
616.004669189453 684.847900390625 649.442722320557 652.087520599365 733.187126159668 713.048858642578 520.350883483887 725.580253601074 657.065826416016 636.095273971558 475.558639526367 546.451915740967 484.965827941895 481.769882202148 419.529571533203 539.839538574219 485.438934326172 464.465194702148 570.244213104248 593.711017608643 798.632102966309 776.650505065918 860.761245727539 776.91943359375 597.821319580078 837.764503479004 688.771675109863 637.027770996094 620.596504211426 673.138019561768 628.93888092041 855.159591674805 653.879405975342 659.727355957031 687.943416595459 663.278480529785 606.492691040039 724.816386699677 747.571541786194 903.131103515625 833.167167663574 768.975660324097 690.021629333496 700.674781799316 818.339813232422 912.180534362793 756.316604614258 863.691360473633 780.157218933105 720.241523742676
719.361030578613 562.798084259033 502.201995849609 623.553232192993 724.744064331055 674.5498046875 558.020114898682 719.943794250488 766.443511962891 499.107093811035 648.073669433594 654.303985595703 554.139770507812 428.31925201416 470.051979064941 401.746276855469 523.754867553711 471.1552734375 421.608459472656 568.279767990112 767.977233886719 627.911758422852 612.249710083008 607.899436950684 742.099235534668 726.32564163208 573.856109619141 620.666404724121 651.555969238281 665.838163375854 618.941276550293 734.794679641724 753.089962005615 588.433181762695 652.93480682373 704.955274581909 713.381748199463 789.887252807617 837.783760070801 897.89778137207 802.458683013916 782.87858581543 817.441436767578 803.541913986206 837.99392080307 862.428684234619 758.785934448242 934.051940917969 830.88404750824 870.04874420166
580.731613636017 700.30948638916 647.509216308594 703.500175476074 663.240577697754 771.562393188477 729.33869934082 555.766292572021 503.196563720703 535.004272460938 666.359420776367 507.27326965332 706.783061981201 536.811985015869 583.59934425354 392.104156494141 662.747869491577 271.368469238281 332.501190185547 469.831939697266 707.06258392334 587.933456420898 598.019027709961 585.905838012695 740.93949508667 638.512130737305 631.106258392334 574.834609985352 672.234407424927 707.563736915588 418.264465332031 557.652847290039 592.353286743164 749.120738983154 711.763646602631 654.752655029297 742.669819831848 934.176177978516 775.757438659668 916.462112426758 868.092918395996 845.342231750488 683.668943405151 735.977313995361 860.414218902588 696.37801361084 781.946388244629 713.224113464355 632.330978393555 870.932846069336
598.785028457642 602.973518371582 514.314659118652 487.916603088379 552.2985496521 580.635890722275 595.346989631653 648.829734802246 611.451732635498 595.927249908447 859.230621337891 783.995063781738 740.92741394043 455.694770812988 490.735126495361 510.785068511963 467.292388916016 340.618453979492 397.812347412109 352.744384765625 591.865955352783 717.449737548828 766.263458251953 603.671356201172 602.48902130127 612.578910827637 710.906171798706 777.646301269531 756.850685119629 638.478931427002 581.644927978516 697.319207191467 603.264640808105 753.137184143066 700.06782913208 719.527782440186 666.016246795654 777.115062713623 646.211029052734 848.443161010742 849.117401123047 839.479629516602 818.089176177979 736.589867591858 630.220123291016 759.239990234375 774.098373413086 768.379703521729 720.74129486084 743.05472946167
530.925003051758 597.567169189453 631.25345993042 589.332033634186 596.881660461426 541.245922088623 667.338394165039 504.356094360352 546.982894897461 802.549209594727 625.923273086548 619.185586929321 506.636383056641 543.195623636246 397.070266723633 393.244422912598 442.363780975342 561.131632804871 528.381996154785 482.449966430664 555.12931060791 679.359764099121 707.211658477783 838.058578491211 605.317394256592 762.979721069336 687.261505126953 533.252365112305 675.435719072819 662.984811782837 541.521896362305 668.380337715149 710.778056144714 764.471397399902 776.657516479492 679.843654632568 481.884262084961 700.814210891724 791.946563720703 772.704639434814 702.372802734375 781.859840273857 838.798669815063 834.7978515625 805.470943450928 784.267746448517 670.924964904785 768.282876014709 937.233917236328 756.996795654297
627.516897201538 720.873428344727 607.372421264648 553.372463226318 487.850036621094 642.695293426514 684.308898925781 684.66576385498 729.863311767578 646.93078994751 729.070785522461 629.521053314209 449.576354980469 543.564952850342 507.816232681274 355.478637695312 485.685066223145 516.671859741211 365.556182861328 449.38671875 744.641708374023 767.059951782227 653.564319610596 702.544593811035 668.318151473999 494.51008605957 701.962146759033 693.815563201904 734.463859558105 668.272709846497 638.329444885254 788.275947570801 649.122449226677 585.247848510742 629.336860656738 651.729827880859 670.954753875732 701.313759803772 905.552734375 742.356995105743 886.592437744141 849.212493896484 740.105026245117 757.438807010651 823.874294281006 811.539209365845 731.440273284912 850.623039245605 855.376476287842 782.368606448174
688.21061706543 568.719779968262 634.005966186523 728.586349487305 679.303977966309 663.526092529297 554.96167755127 553.748966217041 566.699182510376 769.958297729492 690.756378173828 652.532300949097 521.479484558105 518.583679199219 533.420080184937 486.97646522522 582.998466491699 430.149948120117 690.941879272461 568.740728378296 612.804750442505 563.936660766602 670.433002471924 871.14697265625 771.344169616699 809.879501342773 720.829559326172 705.73303604126 692.642498016357 646.984912872314 706.8701171875 731.944793701172 462.652633666992 709.359931945801 578.836540222168 694.612099647522 536.866027832031 848.613914489746 698.951652526855 715.199281692505 786.636234283447 746.038722038269 862.742965698242 763.958303451538 762.201065063477 637.152267456055 757.400544852018 792.735872507095 679.314014434814 773.338714599609
632.000560760498 593.80076789856 566.602885246277 546.924676895142 563.663663864136 634.418106079102 593.647123336792 716.190093994141 721.044448852539 648.471836090088 580.033554077148 552.163082122803 643.240951538086 596.375045776367 634.558200836182 471.208862304688 443.275787353516 534.759666442871 596.007019042969 593.131309509277 545.887405395508 612.775608062744 678.547121047974 912.035217285156 588.04027557373 668.848558425903 879.212738037109 698.963619232178 662.106330871582 584.065364837646 656.181053161621 710.761074066162 609.41552734375 613.488922119141 674.534650802612 621.96549987793 668.715158462524 877.305435180664 719.756615638733 865.484367370605 754.968963623047 746.181924819946 792.70873260498 868.537445068359 782.083721160889 857.104179382324 819.846458435059 784.849716663361 827.045299530029 764.734647750854
541.199773788452 584.225469589233 583.902736663818 612.768856048584 638.665092468262 640.489608764648 656.61591231823 647.738298416138 616.902328491211 644.214420318604 623.074115753174 565.870809555054 731.385766506195 659.905868530273 441.679275512695 361.965072631836 454.719955444336 534.929878234863 523.073036193848 681.750953674316 597.07479095459 633.882071495056 593.171257019043 784.833251953125 667.163187026978 694.807147979736 658.140599250793 732.243515014648 695.987243652344 479.377655029297 623.333099365234 691.221821784973 785.823539733887 575.08137512207 667.944389343262 715.03352355957 737.309436798096 806.351745605469 754.487554550171 740.065781593323 666.996356964111 735.175075054169 733.803396224976 628.58145904541 737.215177536011 786.764562129974 746.86088180542 773.719849824905 714.477851867676 802.964965820312
550.828855514526 451.796340942383 754.902709960938 586.279226779938 427.360702514648 725.493804931641 625.52571105957 599.187431335449 602.701089859009 543.650909423828 751.861099243164 634.248294830322 765.84395980835 626.110271453857 519.018684387207 382.060028076172 464.194549560547 660.375804901123 528.161903381348 429.099731445312 758.643218994141 606.516006469727 794.015594482422 716.97452545166 678.065242767334 763.255233764648 778.850723266602 731.746780395508 707.375316619873 569.86351776123 834.728050231934 601.635238647461 625.957595825195 565.48526763916 693.265600204468 809.844055175781 671.97723197937 706.477005004883 774.880416870117 780.12353515625 779.450393676758 597.621528625488 811.25235748291 754.363332748413 838.908233642578 784.653610229492 719.30615234375 616.467178344727 867.840103149414 852.882186889648
623.346214294434 740.408004760742 667.186340332031 651.479949951172 580.28439283371 701.468223571777 604.262542724609 598.097373962402 603.389319419861 532.768600463867 439.687484741211 1168.40711593628 410.224319458008 685.776916503906 807.681076049805 603.01834487915 472.892761230469 588.632448196411 530.709365844727 674.192535400391 628.954426765442 629.141983985901 635.635169029236 683.980487823486 613.155371204019 633.000715851784 666.864551544189 638.882772922516 843.878860473633 744.069938659668 782.198852539062 571.26301574707 768.97248840332 768.680847167969 678.29943138361 711.030323028564 695.081162929535 802.011688232422 850.607330322266 733.335708618164 877.008575439453 799.101707458496 757.574913024902 888.183364868164 794.156261444092 783.875171661377 686.915794372559 751.077706336975 901.149124145508 978.394439697266
682.515609741211 622.826957702637 693.380851745605 600.979972839355 533.763721466064 612.738620758057 757.185180664062 665.241256713867 699.328094482422 655.846771240234 759.757461547852 1119.92611777782 726.529098510742 813.191381454468 469.106155395508 578.170034408569 419.098403930664 765.248870849609 682.396179199219 634.49670791626 703.600959777832 736.079566955566 573.296047210693 777.052719116211 758.84065246582 695.461250305176 644.929718017578 548.041328430176 685.395803451538 603.771869659424 731.037773132324 713.059185028076 719.960838317871 550.149185180664 717.824024200439 783.736450195312 750.060829162598 621.893962860107 847.181594848633 830.825157165527 767.108713150024 897.972930908203 730.406886100769 766.57039642334 921.9541015625 800.31489944458 737.134199619293 679.288089752197 746.647377967834 832.445152282715
519.317810058594 419.838226318359 608.164402008057 590.305061340332 517.80143737793 633.22939491272 597.046355247498 345.004409790039 655.787574768066 639.821681976318 598.283053398132 552.366153717041 566.066707611084 385.296188354492 522.952735900879 507.46923828125 690.258331298828 557.372520446777 683.406414031982 610.42670917511 744.011756896973 829.719039916992 780.142936706543 657.642192840576 642.40096282959 723.924407958984 617.93518447876 789.346984863281 685.89835357666 723.534606933594 744.968276977539 664.602232456207 624.898262023926 762.233978271484 780.929641723633 763.09725189209 649.964647293091 646.977054595947 642.508892059326 678.799876213074 762.021091461182 795.131271362305 856.677139282227 747.6871509552 846.76301574707 799.715713500977 838.998413085938 727.213134765625 704.432752609253 747.617408752441
689.098457336426 470.729522705078 612.533042907715 571.70622253418 549.823509216309 678.192916870117 369.57096862793 532.946773529053 617.284513473511 718.661422729492 581.217888116837 542.388221740723 625.049694061279 618.669528961182 646.239242553711 711.445960998535 614.568325996399 668.664875030518 698.066688537598 703.76212310791 764.207778930664 753.382850646973 544.65852355957 658.935245513916 650.513790130615 732.38232421875 715.206901550293 496.868682861328 711.395370483398 628.596740722656 823.510925292969 726.135475158691 741.694129943848 826.130722045898 799.228179931641 683.856563448906 700.944953918457 737.434520721436 771.026756286621 733.677576065063 670.856473922729 767.218715667725 731.422039031982 636.220890045166 686.480520248413 747.991048812866 813.715972900391 628.460525512695 652.205177307129 755.154731750488
522.618618011475 515.725151062012 641.165908813477 593.790817260742 674.7119140625 617.06559753418 574.801068305969 514.135963439941 488.957962036133 669.324295043945 545.14058303833 624.787120819092 544.178176879883 511.615364074707 511.899536132812 677.276321411133 745.827728271484 643.308036804199 769.947738647461 704.544464111328 667.244842529297 615.17120206356 623.710350036621 659.888610839844 656.964942932129 675.352207183838 581.807991027832 696.174817249179 717.295532226562 506.116622924805 673.055461883545 699.98607635498 509.395957946777 634.700024604797 703.294166564941 775.764617919922 645.485277175903 668.980939865112 769.304470062256 557.596412658691 714.156076431274 731.398530960083 680.011880874634 681.54927444458 790.37805557251 739.177993774414 649.313152313232 628.158500671387 702.964287042618 680.2571144104
622.204971313477 625.930461883545 626.51176071167 473.363914489746 645.153190612793 403.014511108398 613.591087341309 384.912551879883 478.2939453125 724.644119262695 458.227584838867 547.209964752197 576.769988894463 583.999461174011 556.458492279053 617.810569763184 641.498584747314 606.707180023193 555.453159332275 709.607383728027 610.432746887207 651.666160583496 613.363512992859 576.078159332275 667.808692932129 697.669456481934 654.587448120117 771.684921264648 655.240922927856 608.820852279663 554.882148742676 602.717277526855 544.02384185791 648.471678733826 788.514923095703 735.712326049805 603.843421936035 704.346008300781 683.176931858063 778.213478088379 639.257595062256 784.915035247803 689.327173233032 622.255821228027 644.378665924072 556.223083496094 711.831146240234 826.400192260742 643.744819641113 670.229732513428
580.159564971924 645.443382263184 623.660926818848 642.882080078125 540.281772613525 439.281661987305 553.673944473267 410.781677246094 753.019027709961 608.441007614136 673.119964599609 566.403109550476 689.746810913086 542.250221252441 674.158241271973 647.940822601318 641.329971313477 540.83411026001 641.9255027771 655.788116455078 467.271347045898 741.549468994141 647.863153457642 533.958099365234 671.376369476318 630.60079574585 620.562880516052 615.84460735321 682.106941223145 717.874046325684 710.350185394287 700.930904388428 660.707908630371 627.245357513428 587.137214660645 698.101068496704 557.676193237305 642.142803192139 680.362814903259 784.162826538086 604.928840637207 824.919525146484 831.234298706055 651.709064483643 622.228271484375 671.690651893616 723.979169845581 569.955307006836 618.642234802246 700.654070854187
424.388778686523 561.730259418488 614.753589630127 593.613906860352 700.025146484375 515.009410858154 421.044311523438 653.312866210938 425.932968139648 664.260879516602 627.826401233673 631.891590118408 577.283347129822 587.902137756348 626.548748016357 515.058135986328 482.603729248047 695.202217102051 584.135907053947 487.026489257812 544.342227935791 640.936252593994 638.396457672119 513.802848815918 539.60131072998 671.262054443359 617.956075668335 642.490428924561 675.193784713745 626.677070617676 555.540107727051 638.743670463562 672.288265228271 697.587376117706 801.851409912109 718.001430511475 662.427558898926 691.589653015137 727.061977386475 740.530307769775 752.66072845459 736.710479736328 644.999229431152 723.286911010742 559.817092895508 674.947917938232 652.289001464844 659.031581878662 719.731775283813 650.345149993896
