export/dem/dem9.asc
NCOLS 350
NROWS 171
XLLCORNER 152620
YLLCORNER 418050
CELLSIZE 100
NODATA_VALUE -9999
[rows 22 to 43 of 171, columns 250 to 299 of 350]
803.291664123535 822.384777069092 717.634834289551 889.671310424805 971.996417999268 908.610260009766 1072.35539627075 1032.39998626709 825.073181152344 719.947652816772 778.283048152924 438.605667114258 766.669814348221 513.646713256836 633.451530456543 630.844390869141 942.556274414062 868.623741149902 751.684447288513 838.553443908691 759.622543334961 834.822143554688 781.106719970703 949.836181640625 905.518989562988 843.191261291504 893.19654083252 888.510078430176 851.28491973877 962.044296264648 904.466873168945 -9999 -9999 -9999 -9999 -9999 -9999 -9999 -9999 -9999 -9999 -9999 -9999 -9999 -9999 -9999 -9999 -9999 -9999 -9999
807.478071570396 838.473587036133 630.368911743164 700.230293273926 890.03173828125 962.04793548584 991.152606964111 1036.94583129883 1041.53058958054 884.91512298584 851.317947387695 792.213478088379 728.488998413086 696.222549438477 770.415441513062 762.625885009766 844.557090759277 728.163032531738 791.08948135376 897.44799041748 896.761352539062 916.098724365234 841.366226196289 761.838409423828 724.886276245117 694.186382293701 905.966949462891 966.882217407227 826.002548217773 740.348559379578 849.336273193359 1152.96545410156 1030.60052490234 843.39990234375 -9999 -9999 -9999 -9999 -9999 -9999 -9999 -9999 -9999 -9999 -9999 -9999 -9999 -9999 -9999 -9999
703.217700958252 1241.09900283813 1197.79160118103 717.176048278809 883.00993347168 823.705024719238 818.901203155518 1159.73263549805 857.306015014648 786.224769592285 541.874633789062 932.650436401367 955.323341369629 598.972534179688 593.306640625 914.78609085083 907.21781539917 958.306457519531 1114.58255004883 878.155798435211 994.403732299805 872.131858825684 853.383163452148 639.141729354858 636.793647766113 887.246780395508 940.336418151855 1041.9896697998 842.87938117981 895.931793212891 1097.14691162109 889.626316070557 791.568138122559 698.156009674072 983.353187561035 1047.18692016602 860.631864547729 -9999 -9999 -9999 -9999 -9999 -9999 -9999 -9999 -9999 -9999 -9999 -9999 -9999
694.535667419434 749.337875366211 627.572448730469 640.99836730957 887.168601989746 712.003616333008 842.169403076172 990.483825683594 787.513893127441 840.608444213867 920.976669311523 925.652862548828 862.255073547363 885.456893920898 906.98046875 815.58447265625 789.360481262207 821.652732849121 957.807075500488 968.656929016113 1060.76599121094 932.343975067139 1103.12431335449 1062.79177093506 728.913780212402 771.487480163574 970.545955657959 804.559200286865 950.558784484863 979.609504699707 808.003707885742 988.299102783203 798.948669433594 620.817695617676 1023.93597412109 865.614414215088 777.046017944813 856.794090270996 798.162734985352 777.02281665802 906.849014282227 -9999 -9999 -9999 -9999 -9999 -9999 -9999 -9999 -9999
793.405460357666 827.150886535645 837.8929271698 738.996597290039 846.446729660034 787.970146179199 799.994562149048 709.386833190918 872.716300964355 728.062305450439 785.14098739624 1083.91166305542 1045.16204833984 1475.68647766113 1061.3921661377 922.156913757324 1028.63217926025 960.925632476807 828.799926757812 989.043952941895 1049.49826049805 903.023303985596 1263.11727905273 1109.8426361084 953.853698730469 990.517958641052 1171.90773010254 1040.43357086182 1032.95690155029 1041.98213195801 743.095138549805 875.670524597168 944.493041992188 584.678321838379 626.792625427246 894.073503017426 735.492851257324 669.911186218262 617.543579101562 857.24991607666 909.209014892578 784.768650054932 889.918647766113 913.94649887085 1099.76396942139 -9999 -9999 -9999 -9999 -9999
775.661071777344 647.999176025391 784.183113098145 765.247428894043 824.866924285889 745.616180419922 1001.99615478516 810.407078742981 970.585594177246 863.302444458008 702.141815185547 643.737014770508 641.830108642578 2105.90704345703 850.943572998047 836.890716552734 660.650909423828 923.617398262024 949.754652023315 939.966751098633 1054.38539123535 1012.75738525391 918.036293029785 986.866497039795 1121.56440734863 978.182716369629 1075.88751220703 1163.96794128418 1062.61073303223 873.498168945312 683.362716674805 967.265769958496 791.017219543457 557.85705947876 600.570844233036 573.088005065918 779.775894165039 780.373649597168 846.314484119415 755.290372371674 821.053024291992 726.4739112854 988.146125793457 1036.05155181885 939.169149398804 892.383880615234 877.920066833496 757.81330871582 610.202102661133 777.38646697998
761.751689910889 628.416381835938 807.759490966797 874.813640594482 972.514022827148 784.994987487793 826.164258956909 699.78190612793 771.76053237915 824.324070930481 617.023880004883 582.924468994141 633.29411315918 1704.14022827148 586.760269165039 750.554252624512 762.26082611084 906.409255981445 793.907810211182 1030.46362304688 1021.05074691772 745.799003601074 1134.13423156738 909.092224121094 878.031463623047 860.858371734619 1086.96109771729 1002.3412399292 1019.21170806885 793.829231262207 980.189388275146 885.203958511353 1107.46461105347 726.374897003174 764.193672180176 591.860630989075 892.231548309326 911.106174468994 814.049938201904 749.484405517578 785.690990447998 724.386657714844 836.06286239624 892.453453063965 767.014434814453 839.27513885498 848.094512939453 735.052963256836 602.071548461914 684.659317016602
797.11835193634 647.370727539062 851.78807258606 750.77660369873 838.906793832779 857.064125061035 681.801467895508 679.829467773438 690.48755645752 731.19157409668 444.962982177734 459.787231445312 1150.84509277344 606.542938232422 730.114753723145 775.501396179199 798.914489746094 915.665378570557 840.265777587891 898.517082214355 907.176307678223 1069.58514404297 1119.38356781006 843.638893127441 1093.16012573242 1350.30281066895 883.25798034668 1216.06285095215 1102.78835296631 1191.51313781738 848.146190643311 1003.98713684082 1132.86385345459 851.860656738281 970.100357055664 932.844596862793 952.853256225586 785.838195800781 832.624977111816 878.865924835205 673.21337890625 782.217203617096 702.744094848633 868.822002410889 634.848968505859 655.373565673828 496.84538269043 421.590759277344 569.867637634277 780.517244338989
873.413108825684 789.919070243835 714.98908996582 945.169952392578 844.77108001709 811.365585327148 730.416549682617 775.361875534058 690.968688964844 579.57275390625 730.031639099121 644.636383056641 1631.86515808105 571.724624633789 553.54833984375 704.14933013916 908.637012481689 824.080125808716 1011.75730895996 877.203330993652 865.267332077026 809.67985534668 669.943328857422 726.885627746582 702.170272827148 751.905136108398 792.251914978027 856.995037078857 703.775604248047 920.094993591309 811.032913208008 1312.96587371826 987.448017120361 1080.27673339844 880.150787353516 971.344696044922 1151.5493927002 915.748634338379 911.861949920654 936.584095954895 1003.49924468994 742.474487304688 883.73278427124 926.273174285889 834.218902587891 771.124612808228 576.894397735596 321.442565917969 542.528966426849 912.852236270905
751.800971984863 749.065563201904 856.111106872559 840.987979888916 833.34593963623 666.740509033203 708.194499969482 685.931976318359 787.389381408691 675.681465148926 569.144683837891 1263.13185501099 650.483352661133 703.058944702148 649.583450317383 751.703369140625 804.176551818848 846.807035446167 840.618194580078 928.040046691895 926.96501159668 810.701873779297 839.901828765869 804.792796611786 785.7998046875 846.985980987549 880.29541015625 871.543121337891 829.604986190796 887.326362609863 972.211936950684 771.440078735352 858.921157836914 926.331708908081 1041.79644012451 942.259876251221 845.696329116821 816.54093170166 651.663146972656 1281.580909729 1004.96285915375 982.998083114624 972.859363555908 887.239135742188 888.159163475037 580.060668945312 695.606077194214 817.576522827148 638.741351127625 965.281642913818
808.684288024902 692.855239868164 814.759256362915 768.762050628662 761.978969573975 755.624729156494 862.952445983887 829.180728912354 816.99017906189 741.774597167969 693.187446594238 1357.12173461914 701.437171936035 714.296859741211 714.113288879395 904.088714599609 788.618542194366 839.362621307373 965.889190673828 974.332550048828 776.490472793579 797.769565582275 898.322387695312 759.418586730957 716.573219299316 786.040771484375 1011.48564147949 828.16379737854 777.519674301147 795.305318832397 770.444190979004 823.65918636322 734.522003173828 971.296165466309 887.573505401611 902.249992370605 786.267364501953 889.291511535645 994.308746337891 794.992988586426 918.762474060059 876.848443984985 1091.69415283203 1340.02188873291 847.082977294922 746.868705749512 1017.23488616943 946.409255981445 1129.70748901367 1013.83842658997
776.060140609741 824.334465026855 815.415870666504 754.30580997467 661.328979492188 654.559715270996 830.406484603882 740.446399688721 754.096179962158 980.133071899414 958.066551208496 822.090061187744 713.33678817749 869.687370300293 634.274368286133 671.54377746582 874.003528594971 874.297737121582 699.792724609375 908.705108642578 882.310974121094 713.543865203857 702.717094421387 747.182464599609 682.100158691406 818.974689483643 889.113327026367 849.039672851562 856.566955566406 701.107597351074 774.148242950439 853.229280471802 900.814636230469 784.570014953613 982.073516845703 920.760391235352 865.08712387085 856.726253509521 730.589881896973 773.50203704834 732.843742370605 775.975643157959 853.028196334839 662.345764160156 1357.1741065979 828.62956237793 895.3327293396 902.353004455566 1142.00415802002 1166.61860656738
889.749488830566 914.629730224609 757.199875831604 802.413995742798 860.686470031738 673.906837463379 756.88542175293 784.108889579773 667.41869354248 1226.44615936279 637.694412231445 831.217639923096 794.356067657471 784.192337036133 723.623779296875 1036.20466995239 1014.9361114502 606.75114440918 873.655227661133 861.71785736084 918.470237731934 815.346633911133 881.124313354492 789.738900184631 912.252632141113 771.346260070801 880.492614746094 812.733606338501 831.365028381348 825.617862701416 901.752861022949 798.729480743408 902.997909545898 891.039100646973 769.768697738647 876.599300384521 805.322481155396 891.906845092773 750.201320648193 662.397506713867 882.879783630371 711.696472167969 742.843383789062 874.402579784393 884.972043991089 1308.89472198486 868.478994369507 1291.97955322266 1060.1798658371 1038.66553497314
802.368522644043 897.922836303711 960.64582824707 854.449172973633 851.792304992676 835.395149230957 884.319931030273 782.650158882141 679.965682983398 751.135646820068 884.959854125977 795.729139328003 642.242492675781 888.154945373535 843.000335693359 949.03247833252 864.881103515625 888.671712875366 874.620655059814 791.666768789291 832.368418693542 799.328724622726 764.594917297363 794.356265068054 746.590927124023 900.645149230957 689.886001586914 819.364921569824 610.156707763672 808.591045856476 845.122211456299 848.18433380127 792.40155673027 968.80158996582 903.610218048096 882.218227386475 751.906860351562 889.467819213867 755.17106628418 826.807369232178 756.499183654785 835.223672866821 726.133453369141 828.863928318024 772.188758850098 1016.44476318359 879.652781486511 1468.96347427368 1097.49269104004 954.834133148193
675.158813476562 844.438301086426 792.773728370667 826.262413024902 729.63857460022 839.47632598877 755.090269088745 752.575143814087 920.38514995575 830.345626831055 737.561487197876 640.223526000977 734.727075576782 862.469646453857 1190.89316558838 774.389465332031 723.072792053223 934.032829284668 1178.88907241821 914.014835357666 1001.88642883301 812.000312805176 740.622283935547 868.358665466309 892.785102844238 947.91322517395 965.026885986328 835.062259674072 770.233688354492 735.662353515625 779.299312591553 685.659309387207 789.292324066162 773.343710660934 747.263153076172 769.495010375977 864.611515045166 642.995590209961 722.998802185059 902.833152770996 799.832668304443 916.669082641602 853.340000152588 788.993175506592 971.691230773926 1031.7653503418 923.304412841797 929.343360900879 994.18285369873 1094.81259155273
701.511444091797 794.74955368042 805.710113525391 954.335922241211 881.187286376953 731.615301132202 601.762451171875 985.53588104248 706.178401947021 701.891376495361 854.062446594238 834.865510940552 831.261109828949 977.530113220215 1173.69230461121 707.707122802734 695.99976348877 767.507835388184 1373.88735961914 711.545196533203 744.576210021973 846.38761138916 802.474335670471 815.414096832275 884.005950927734 931.948669433594 864.52710723877 947.339813232422 698.056732177734 766.411972045898 800.527589797974 511.421585083008 823.335998535156 652.708686828613 713.688179016113 807.106925964355 870.578971862793 753.211093902588 820.109409332275 834.775835037231 760.620098114014 716.75365447998 877.247783660889 801.297763824463 823.792106628418 859.397260665894 958.661399841309 992.754760742188 851.062393188477 901.07341003418
776.781539916992 729.825591444969 656.148078918457 641.181549072266 519.036270141602 766.870458602905 693.39453125 748.348245620728 772.816396713257 583.067337036133 1259.92917251587 805.896057128906 1232.39755821228 998.992988586426 834.232837677002 772.461006164551 792.168014526367 1599.76105499268 674.762855529785 1358.32626724243 1372.67008590698 746.079895019531 784.926815032959 819.944583654404 794.791567564011 939.016693115234 975.885833740234 905.636894226074 797.804153442383 857.868782043457 883.482620239258 689.852821350098 778.844451904297 740.466499328613 824.515774250031 899.126289367676 885.877197265625 770.434272766113 916.107841491699 978.642501831055 833.679799556732 783.15930557251 680.017234802246 806.259124755859 896.387577056885 911.648468017578 969.262809753418 881.933969497681 934.710838317871 764.371841430664
587.252166748047 719.002778768539 630.587715148926 623.848388671875 584.224418640137 750.878192901611 630.47794342041 633.610061645508 495.386795043945 558.245544433594 838.632648468018 941.374984741211 830.773152947426 1209.67880249023 940.386993408203 789.748016357422 709.577346801758 525.699554443359 776.692840576172 957.215770721436 946.734146118164 694.828880310059 767.953769683838 921.77872467041 803.911851882935 771.178586959839 681.318824768066 818.588228225708 802.908580780029 995.247520446777 739.986923217773 838.713538646698 858.336452484131 817.686681747437 737.96166229248 831.018104553223 910.60050201416 713.602119445801 762.28443145752 783.345588684082 700.587440490723 879.069257736206 840.24569606781 855.847140312195 666.940887451172 891.049945831299 1098.88688659668 773.998664855957 905.404251098633 767.751045227051
682.393898010254 588.021003723145 782.838535308838 593.055892944336 683.863353729248 834.397336959839 805.549621582031 701.493476867676 694.493556976318 680.752307891846 852.744022369385 877.028670310974 753.549819946289 969.619342803955 719.309036254883 1045.35301971436 766.777198791504 939.614471435547 735.912366867065 785.19016456604 782.457547664642 855.639099121094 618.285247802734 693.206901550293 744.483772277832 886.03539276123 682.807731628418 821.229082107544 785.981189727783 626.522415161133 824.733909606934 901.432502746582 947.70440196991 802.608665466309 667.507736206055 845.748508453369 756.983871459961 772.881187438965 805.285646438599 904.817977905273 1040.09156799316 817.236856460571 795.130458831787 658.425903320312 948.649772644043 789.697757720947 814.5020840168 811.988569259644 763.45686340332 904.170913696289
688.497734069824 626.613136291504 767.293251037598 647.888175964355 823.908783912659 834.22868347168 620.816543579102 708.47417640686 653.298370361328 714.752029418945 901.591079711914 1046.43872833252 740.933143615723 922.939987182617 856.485130310059 813.887130737305 842.373665809631 830.230736732483 1081.78942871094 777.546274185181 939.918472290039 818.344375610352 839.84497833252 696.949211120605 834.170028686523 770.941606760025 810.095453262329 924.082992553711 951.412246704102 868.457713127136 1255.96383285522 723.023330688477 826.718414306641 850.01778793335 827.823362350464 984.611789703369 1172.36716276407 847.571725845337 938.990333557129 899.496002197266 1100.92462921143 855.758995056152 828.0855884552 810.467596054077 774.304794311523 747.561065673828 660.987258911133 873.637392044067 634.77978515625 883.165683746338
643.216861724854 652.248954772949 750.775379180908 796.441917419434 820.917087554932 669.0322265625 860.32381439209 708.369626998901 685.847122192383 676.743743896484 1016.8882522583 1408.62644216418 751.450050354004 904.319549560547 706.728687286377 856.643676757812 893.076858520508 931.304555892944 797.788789749146 775.263656616211 874.628730773926 699.858085632324 794.575054168701 863.958442687988 733.478858947754 747.621566772461 821.174667358398 672.168655395508 645.362411499023 910.460900306702 737.809871673584 731.6845703125 822.657386779785 799.136741638184 945.642852783203 780.649337768555 862.806909561157 920.84211730957 739.811195373535 1204.04656982422 729.526481628418 805.958950042725 819.785870552063 970.764961242676 731.92456817627 696.621871948242 817.179500579834 907.229549407959 729.222938537598 830.285850524902
687.867454528809 680.05188369751 807.450805664062 754.006721496582 770.94119644165 755.15052986145 737.521566390991 681.674755096436 667.50414276123 720.586837768555 675.707122802734 649.460563659668 750.196514129639 730.814401626587 773.55064201355 719.426090240479 923.004455566406 749.329528808594 750.453373908997 868.42650604248 674.922424316406 750.736507415771 724.430854797363 840.731620788574 646.617317199707 729.768983840942 896.07056427002 666.212265014648 655.660491943359 1115.63771820068 694.415740966797 572.801315307617 862.026136398315 834.368144989014 844.616663455963 999.623886108398 803.531631469727 891.150119781494 873.101783752441 841.276621341705 798.542121887207 732.409336090088 743.953056335449 765.402183532715 805.025417327881 744.94743347168 937.355606079102 816.348236083984 919.48030090332 960.645919799805
