export/dem/dem99.asc
NCOLS 350
NROWS 171
XLLCORNER 152620
YLLCORNER 418050
CELLSIZE 100
NODATA_VALUE -9999
[rows 22 to 43 of 171, columns 50 to 99 of 350]
-9999 -9999 -9999 -9999 -9999 -9999 -9999 -9999 -9999 573.322875976562 667.388615608215 644.538227081299 617.840316772461 651.840257644653 521.65604019165 457.297025680542 355.653228759766 523.769317626953 549.264419555664 412.271575927734 420.268295288086 494.614212036133 664.354881286621 710.446472167969 761.081275939941 767.215347290039 573.88744354248 589.467262268066 562.587623596191 669.944564819336 640.427406311035 695.938819885254 617.738317489624 462.004104614258 721.555297851562 660.789978027344 650.551872253418 726.315536499023 594.548753738403 509.00749206543 475.174987792969 538.748764038086 1042.40396881104 752.595386505127 552.986736297607 406.852661132812 661.68074798584 606.546424865723 489.082550048828 1338.67193603516
-9999 -9999 -9999 -9999 -9999 -9999 -9999 -9999 819.28394317627 506.881622314453 476.247573852539 621.751533508301 630.700248718262 386.222938537598 437.50598526001 505.038352966309 666.949722290039 547.154449462891 570.262474060059 606.054954528809 634.659551620483 770.216735839844 586.232957839966 763.84077835083 830.144233703613 603.902420043945 608.66674041748 432.250305175781 407.026824951172 530.611759185791 453.161750793457 476.061061859131 504.240493774414 516.393817901611 572.916367650032 748.483283042908 551.385474205017 1030.17347717285 797.182479381561 1222.52104568481 737.629272460938 460.270599365234 527.81714630127 467.599952697754 569.190794467926 652.268821716309 535.88404083252 821.647277832031 758.405136108398 1190.99584960938
-9999 -9999 -9999 -9999 -9999 -9999 -9999 959.233039855957 910.903549194336 907.878997802734 585.894927978516 629.045117378235 507.55082321167 376.494823455811 472.136817932129 540.646530151367 568.884056091309 609.406324386597 724.229125976562 774.994789123535 688.865509271622 579.263458251953 623.233821868896 675.286430358887 601.629943847656 414.260314941406 508.078712463379 530.735078811646 601.292949676514 1020.54008483887 638.892456054688 619.762521028519 544.587371826172 503.424591064453 754.923446655273 581.645431518555 648.410671234131 666.214323043823 620.153664588928 600.489446640015 592.958415985107 593.112644195557 491.129669189453 575.215471744537 629.211044311523 576.740209579468 469.588226318359 528.56628704071 643.507431030273 1022.69861984253
-9999 -9999 -9999 -9999 -9999 -9999 902.107604980469 784.551010131836 943.419102668762 894.592811584473 505.28199005127 678.105121612549 399.866752624512 587.500926971436 536.896923065186 421.546737670898 671.270137786865 549.747528076172 532.215969085693 815.736473083496 705.23277759552 689.88373541832 580.041481018066 613.249787569046 680.01594543457 507.792533874512 374.849838256836 1033.0778503418 655.928108215332 607.281890869141 745.783508777618 610.857269287109 562.499893188477 838.132530212402 503.243316650391 511.503326416016 478.351440429688 385.670669555664 666.745582580566 542.649291992188 626.498054504395 437.197662353516 383.515335083008 489.703201293945 696.849597930908 586.282802581787 620.857677459717 560.370579719543 517.246452331543 889.060863494873
-9999 -9999 -9999 -9999 -9999 453.141204833984 349.696197509766 310.590927124023 402.048126220703 481.885803222656 590.266929626465 676.314670562744 701.409175872803 701.724479675293 787.803588867188 733.223182678223 446.068481445312 555.500608444214 693.11873626709 524.174228668213 704.532827377319 573.540170669556 430.802444458008 623.051288604736 571.308989524841 759.678321838379 682.280426025391 743.813804626465 750.901428222656 693.406494140625 543.019348144531 583.839752197266 500.708953857422 520.552352905273 498.365600585938 544.35432434082 508.415168762207 445.04069519043 351.866119384766 527.616542816162 612.093704223633 529.658744812012 298.654266357422 680.46573638916 526.44367980957 522.061883926392 665.504615783691 606.661354064941 704.335556030273 606.037040710449
-9999 -9999 -9999 -9999 405.307403564453 654.541137695312 409.033103942871 388.662246704102 574.359870910645 471.659164428711 675.65075302124 765.525299072266 739.122955322266 591.366527557373 670.579090118408 651.18204498291 573.871597290039 395.994812011719 596.125099182129 492.160301208496 492.230819702148 534.740839958191 488.986030578613 914.07738494873 952.621078491211 769.120296478271 586.601554870605 677.138824462891 734.506267309189 667.501636505127 553.777221679688 499.066543579102 549.098224639893 614.307792663574 477.320007324219 529.934898376465 530.500877380371 513.753044128418 521.443656921387 509.839660644531 507.621929168701 689.160537719727 699.103225708008 671.968254089355 670.2529296875 694.94605255127 606.51286315918 622.685085296631 575.196422576904 772.139823913574
-9999 -9999 -9999 1067.96628570557 444.817893981934 507.089630126953 407.833145141602 416.196975708008 663.456344604492 589.217353820801 770.670776367188 613.009902954102 585.91626739502 595.544815063477 757.415538787842 645.771305084229 690.31409740448 591.687927246094 544.763517379761 514.144306182861 448.550964355469 381.064041137695 854.763486146927 646.145332336426 559.927429199219 502.014785766602 520.845191955566 607.108985543251 501.69010925293 543.955461502075 462.525569915771 562.979177474976 515.979381561279 525.796806335449 561.507517337799 510.796714782715 491.044731140137 586.10530090332 646.810348510742 470.830463409424 602.228157043457 423.578720092773 438.182144165039 695.979583740234 503.516674995422 555.551511764526 462.687362670898 464.567611694336 575.742654800415 730.412506103516
-9999 -9999 508.699005126953 999.540756225586 313.452789306641 307.305236816406 520.003929138184 572.288078308105 792.315780639648 811.210029602051 689.789878427982 574.826347351074 597.22958946228 771.286093235016 770.690635681152 623.578945159912 677.911100149155 460.229064941406 796.990173339844 495.62141418457 1160.46099853516 535.157234191895 502.074394226074 505.418926239014 468.455307006836 688.726287841797 594.066284179688 494.054382324219 442.378456115723 431.218482971191 449.192504882812 682.956443786621 434.949966430664 322.171371459961 460.203170776367 511.860710144043 559.808168411255 539.262032449245 647.647285461426 548.444766998291 500.381878376007 474.933536529541 650.819763183594 547.494411468506 664.047241210938 562.517414093018 536.192306518555 549.877012252808 624.297424316406 1007.47840881348
-9999 -9999 751.003089904785 906.534210205078 930.874786376953 407.637996673584 475.108810424805 510.218586206436 500.755424499512 860.854598999023 593.565731048584 356.73046875 779.338451385498 695.330739021301 657.6057472229 671.265151977539 825.287246704102 652.526123046875 742.036865234375 527.405052185059 579.445930480957 589.326751708984 682.582458496094 547.837209701538 579.318344116211 432.056163787842 435.997266769409 529.579006195068 307.101425170898 448.833340644836 336.996047973633 385.755157470703 420.993171691895 380.340141296387 291.841217041016 417.764217376709 400.875839233398 585.266990661621 612.38794708252 415.464630126953 430.471900939941 556.663637161255 589.850944519043 569.699401855469 483.532820701599 601.573905944824 490.957567214966 487.29088973999 514.583763122559 672.448532104492
-9999 528.169288635254 537.677337646484 544.991661071777 540.309257507324 413.307846069336 406.400131225586 678.415634155273 740.928213119507 719.068435668945 766.64045715332 668.54430770874 511.816757202148 711.808753967285 607.084316253662 692.355102539062 686.447685241699 621.581695556641 642.429931640625 529.110247135162 434.492660522461 512.797077178955 454.635854721069 588.636016845703 415.306411743164 453.732662200928 443.261631011963 436.197137832642 452.784821510315 395.067802429199 393.055183410645 407.534141540527 454.562648534775 346.915893554688 370.92325592041 411.936042785645 497.482070922852 604.810501098633 482.604163169861 479.778154373169 538.112586975098 499.48849105835 576.842426300049 525.073984146118 581.364059448242 506.847412109375 519.605002403259 577.182418823242 509.150716781616 513.196784973145
445.181442260742 522.579940795898 478.822296142578 437.977386474609 464.914886474609 536.019233703613 489.461235046387 613.231826782227 546.866424560547 407.666625976562 691.030269622803 873.73942565918 630.742191314697 596.345685482025 610.768226623535 662.920364379883 480.949256896973 566.037738800049 507.999739646912 592.817642211914 586.675155639648 365.406143188477 468.665580272675 588.523468017578 550.075408935547 509.166248321533 491.960102081299 374.562194824219 537.494213104248 397.038368225098 601.960723876953 541.243885040283 452.467710018158 420.830951690674 489.752210617065 360.993728637695 424.29518699646 435.358856201172 538.676429748535 392.135971069336 464.996986865997 660.313583374023 543.59886932373 411.220886230469 495.667507171631 686.205581665039 584.238903045654 628.560447692871 403.130142211914 585.741947174072
450.33772277832 365.362640380859 470.386817932129 467.993423461914 505.999710083008 312.722290039062 575.076835632324 568.493041992188 637.97598361969 642.925416946411 753.264720916748 658.781410217285 599.64629638195 413.959041595459 682.797294616699 512.823963165283 616.608383178711 575.185737609863 535.879316329956 556.387035369873 585.741416931152 578.314933776855 514.04252243042 563.450950622559 567.94359588623 472.63627243042 677.681060791016 515.352703094482 620.473999023438 493.804180145264 426.411736488342 510.152122497559 318.014709472656 486.554037094116 440.278303146362 479.85373210907 407.198932647705 515.348030090332 414.256549835205 549.513778686523 488.706789016724 580.127643585205 383.829406738281 530.160873413086 524.729110717773 685.463394165039 593.382339477539 551.597846984863 482.38441324234 556.436882019043
455.259963989258 480.037200927734 513.642246246338 414.869369506836 548.515207290649 527.376968383789 670.499919891357 370.578346252441 615.693984985352 505.488418579102 710.952484130859 517.141094207764 456.607362747192 686.560234069824 476.712284088135 605.38794708252 633.853942871094 635.140617370605 525.911832809448 552.05330657959 552.958847045898 657.514678955078 518.578704833984 486.282104492188 436.791536331177 597.895706176758 512.273239135742 316.938171386719 442.947780609131 463.432451248169 392.87678527832 446.632479667664 450.143264770508 396.50443649292 502.461166381836 563.68115234375 549.960083007812 437.413061141968 498.14001083374 394.683139801025 564.916427612305 554.841296195984 341.24951171875 528.071640014648 546.879890441895 498.538539886475 502.352531433105 617.455718994141 578.178375244141 504.456790924072
442.129844665527 417.693145751953 544.331466674805 379.180068969727 500.306035280228 570.297874450684 542.278973817825 704.902038574219 596.057490348816 593.908180236816 539.385074615479 427.338218688965 451.093811035156 401.480484008789 585.398529052734 394.231582641602 582.764587402344 593.477195739746 326.442398071289 626.394424438477 617.84440612793 664.690399169922 450.063068985939 479.468551635742 416.916707038879 519.894813537598 467.229032516479 486.064151763916 501.619525909424 491.920555114746 647.946807861328 436.34236240387 407.054039001465 341.319557189941 578.049751281738 558.325759887695 674.754684448242 385.187900543213 424.453075408936 425.045694351196 556.330772399902 464.298067092896 463.861545562744 513.790138244629 514.58411026001 516.365077972412 515.367179870605 501.030969619751 544.291519165039 510.942749023438
578.315982818604 579.242733001709 613.879570007324 602.46053314209 601.932774543762 666.700668334961 595.069406509399 604.729888916016 675.41791343689 840.585792541504 389.566219329834 497.975070953369 441.972877502441 578.375953674316 551.229585647583 542.882378578186 522.439094543457 524.976894378662 560.728397369385 443.473796844482 344.507705688477 635.117599487305 570.111724853516 506.29508972168 497.420684814453 515.053245544434 529.700424194336 501.209930419922 410.532510757446 540.292976379395 651.908569335938 479.93147277832 494.498157501221 268.154113769531 310.095962524414 393.627670288086 350.795997619629 372.075927734375 328.06640625 397.228916168213 424.14670753479 437.29048538208 453.331357955933 475.614915847778 400.661029815674 547.384010314941 532.666549682617 575.967514038086 690.091003417969 559.262252807617
648.998727798462 365.434509277344 393.804145812988 612.839997291565 665.256627082825 464.650638580322 513.987722396851 695.874755859375 804.552833557129 627.86856842041 492.930961608887 638.081886291504 564.463193893433 584.050880432129 444.868232727051 457.868103027344 500.427616119385 527.318389892578 387.794008255005 587.382232666016 433.262194633484 397.872631072998 545.624572753906 467.086191177368 466.313587188721 415.187911987305 441.663211345673 514.443382263184 389.295627593994 505.174964904785 492.513793945312 309.906929016113 444.893810272217 324.839790344238 521.960456848145 422.624557495117 466.243236541748 582.227745056152 365.983459472656 292.183654785156 455.126191616058 422.321813583374 478.079723358154 501.912147521973 457.011700153351 511.74137878418 553.464294433594 434.923278808594 460.14332151413 525.775970458984
591.015832901001 504.423503875732 360.882339477539 584.026058197021 445.705940246582 284.882415771484 583.967330932617 932.776031494141 1010.42274093628 1177.62622070312 615.839244842529 481.391311645508 437.88207244873 560.340015411377 327.841934204102 589.953323364258 573.740547180176 513.89520072937 319.254524230957 401.297149658203 466.481622219086 433.022681236267 354.932029724121 364.206413269043 444.269821166992 459.970184326172 509.641586303711 432.218042373657 447.948942184448 434.403583437204 516.174865722656 435.382513284683 374.053253173828 471.349647521973 287.661056518555 320.833564758301 409.221698760986 440.018995285034 566.00560760498 540.17830657959 471.408547401428 529.726921081543 483.347091674805 434.784190177917 490.884140014648 481.022594451904 466.290109157562 462.655193805695 516.130397796631 458.86657333374
472.426135063171 464.31342124939 626.54146194458 789.507278442383 258.711807250977 439.42671585083 418.677133560181 634.39310836792 613.896244049072 684.267828941345 503.760181427002 578.185150146484 361.183700561523 412.083992004395 376.842231750488 447.25870513916 438.509647369385 568.523086547852 403.620960235596 378.742835998535 442.91446685791 506.066493988037 447.890160560608 457.096555709839 541.209434509277 388.420654296875 466.326240539551 449.288036346436 373.822273254395 432.22128534317 476.085643768311 510.207405090332 345.32975769043 352.89128112793 521.894630432129 396.221794128418 391.472431182861 494.121631622314 564.63890838623 341.940086364746 487.312055587769 575.549255371094 403.65943145752 313.064498901367 439.738531112671 277.242111206055 498.115787506104 612.748718261719 435.899503707886 330.429527282715
607.439949035645 682.467094421387 730.7747631073 745.620716094971 584.051445007324 469.975780487061 556.079696655273 683.44259262085 506.913299560547 671.234102249146 608.259380340576 575.558950424194 441.507377624512 682.235855102539 507.571722984314 537.094341278076 485.07074546814 443.223436355591 368.288063049316 353.960960388184 489.387187957764 453.144311904907 383.722332000732 505.344696044922 435.369901180267 447.004684448242 694.018920898438 511.162872314453 500.367221832275 429.784370422363 421.212780952454 507.719482421875 563.608741760254 461.247636795044 561.973007202148 331.726280212402 366.223487854004 556.642395019531 348.987159729004 437.181596755981 641.748840332031 571.997940063477 519.996074676514 465.697107791901 633.708114624023 401.578216552734 424.606197357178 308.028961181641 359.435874938965 360.675102233887
499.174058914185 653.660655975342 540.901229858398 560.468292236328 573.055053710938 664.265274047852 463.224672317505 614.291530609131 893.103317260742 1158.82489418983 663.605911254883 642.468723297119 461.198303222656 594.301635742188 513.367504119873 609.008407592773 510.214000701904 431.034315109253 397.291213989258 474.330005645752 496.186073303223 357.721862792969 489.521553039551 544.47957611084 537.134368896484 507.077011108398 248.260391235352 553.681167602539 363.444801330566 458.175643920898 494.297069549561 486.893295288086 615.493057250977 330.451728820801 490.13907623291 344.272571563721 505.89771270752 308.751480102539 420.202428817749 315.273239135742 482.704126358032 515.965032577515 459.476079940796 447.365469932556 273.782165527344 389.573337554932 410.357517242432 316.714988708496 335.170188903809 344.870758056641
735.086879730225 820.376243591309 720.930114746094 772.782360076904 516.790813446045 612.777137756348 588.041539907455 529.843978881836 535.067695617676 478.858924865723 731.085083007812 639.07738494873 699.350143432617 509.032485961914 629.386352539062 462.353610992432 479.205574035645 524.767471313477 323.117263793945 439.011749267578 518.476577758789 365.443725585938 549.291809082031 431.140083312988 365.973232269287 484.557273864746 378.547748565674 520.775749206543 539.208999633789 526.300247192383 455.541934847832 480.77197265625 440.533761978149 467.201904296875 384.463840484619 427.097708702087 388.564632415771 439.279970169067 346.50365447998 493.190460205078 589.231552124023 744.029769897461 382.022087097168 437.886638641357 250.928283691406 404.434083938599 347.84602355957 336.095497131348 358.746353149414 388.167285919189
457.627044677734 720.885757446289 652.56120300293 613.022247314453 351.365310668945 292.99634552002 535.009178161621 489.253490447998 453.273147583008 488.748567581177 703.776802062988 447.52799987793 375.64453125 646.421440124512 558.350044250488 514.609634399414 583.288719177246 608.994659423828 443.83261680603 449.866786956787 434.437156677246 457.396808624268 415.908775806427 396.935639381409 418.192142963409 426.125534057617 426.343231737614 541.173797607422 511.359725952148 400.067615509033 441.237001419067 546.742080688477 581.73600769043 460.274528503418 537.017791748047 425.3102414608 440.155504226685 509.752708435059 543.19734954834 390.011898040771 530.459991455078 573.367248535156 543.261322021484 441.658430099487 365.387725830078 421.872347831726 380.503974914551 491.250453948975 490.042346954346 294.607238769531
