export/dem/dem90.asc
NCOLS 350
NROWS 171
XLLCORNER 152620
YLLCORNER 418050
CELLSIZE 100
NODATA_VALUE -9999
[rows 66 to 87 of 171, columns 200 to 249 of 350]
702.813438415527 724.756889343262 618.690347671509 547.360359191895 622.164169311523 682.864610671997 673.644233703613 579.869255065918 705.724624633789 689.928237915039 680.704086303711 588.007495880127 557.490104675293 712.337539672852 587.198204040527 577.004920959473 621.960194587708 427.240295410156 704.621353149414 719.969940185547 609.854103088379 577.701387882233 607.18017578125 753.305152893066 707.502178192139 693.641815185547 590.08890581131 573.087917327881 640.062655448914 352.108901977539 635.856832504272 701.406319618225 567.581245422363 600.531927108765 528.345611572266 384.918838500977 601.782249450684 618.733008384705 542.424186706543 615.069007873535 595.371429443359 554.250671386719 646.230356216431 544.630546569824 518.200798034668 756.110610961914 560.410369873047 529.870101928711 748.736503601074 694.643581390381
648.761409759521 769.835273742676 622.312818527222 662.347450256348 618.560907363892 803.368438720703 581.709533691406 779.119186401367 726.12385559082 629.013808250427 835.240600585938 629.787119865417 542.606346130371 597.173677444458 544.751279830933 600.689271450043 726.033599853516 579.43826675415 645.964460372925 716.049522399902 604.521541595459 549.731391906738 665.608779907227 593.551530361176 708.172523498535 717.159076690674 609.245811879635 604.053306102753 589.866637229919 514.903694152832 372.809494018555 772.760475158691 673.500522613525 603.904842376709 606.18628692627 695.233787536621 678.487503051758 641.757388114929 599.132774353027 518.554374694824 631.886163711548 640.283241271973 601.861243247986 637.43240070343 538.157539367676 533.131004333496 523.727005004883 697.05704498291 630.074268341064 662.865025520325
606.844285011292 588.500930786133 748.24373626709 674.713460922241 653.908457756042 717.095108032227 703.159866333008 529.939994812012 609.364124298096 499.317626953125 600.24634552002 797.601043701172 744.006538391113 789.653877258301 682.620548248291 629.188373565674 453.418617248535 596.285091400146 595.924514770508 613.488914489746 653.493354797363 684.042892456055 576.586562156677 641.259717941284 672.972190856934 725.114135742188 713.780448913574 493.770980834961 596.049327135086 647.323554039001 757.967895507812 843.630157470703 663.467500686646 580.586517333984 666.516487121582 498.414779663086 607.643577575684 617.702342987061 635.617834091187 573.821174621582 588.870609283447 695.686714172363 625.670026779175 689.340103149414 616.530398845673 444.112854003906 550.579956054688 613.185459136963 731.535079956055 694.649337768555
738.270370483398 634.073357582092 610.912944793701 615.94392824173 588.432323455811 643.594306945801 720.848838806152 631.577432632446 523.628890991211 537.040145874023 591.071746826172 598.400718688965 623.174312591553 799.572319030762 741.218490600586 610.845153808594 665.591379165649 611.207036972046 634.434480905533 576.227638244629 617.510597229004 474.618392944336 644.353498458862 526.883304595947 531.548534393311 511.529823303223 582.981660842896 472.167617797852 391.283142089844 515.604248046875 650.902889251709 723.011131286621 595.023692131042 657.583646774292 727.059629440308 537.539047241211 722.452331542969 795.37060546875 631.086536407471 678.892461776733 570.665985107422 797.142883300781 789.349044799805 565.980857849121 637.662803649902 666.785123825073 656.624633789062 692.76611328125 732.560607910156 602.636306762695
657.958364486694 617.106586456299 595.848747253418 641.565084457397 668.219802856445 608.395336151123 728.398086547852 751.447715759277 671.627401351929 595.356971740723 617.087558746338 551.24836730957 548.0895652771 643.940114974976 747.360038757324 711.789539337158 760.686111450195 514.186073303223 739.810615539551 552.479141235352 546.47802734375 648.572967529297 670.621187210083 820.70361328125 564.69352722168 629.3078956604 676.393436431885 561.895431518555 660.698511123657 742.669876098633 721.214569091797 732.174842834473 726.890075683594 631.236758470535 652.851802825928 567.044303894043 597.858757019043 552.641883850098 516.625457763672 751.52001953125 729.370071411133 861.448791503906 556.692138671875 596.970136642456 557.066932678223 616.320286035538 668.124778747559 625.220306396484 550.050872802734 708.046516418457
606.754461288452 535.695816040039 574.008811950684 538.70938873291 660.082761764526 812.892639160156 689.372438430786 673.186305999756 583.137817382812 568.684394836426 535.365058898926 622.723009109497 678.948875427246 626.798826217651 483.133377075195 589.597162246704 576.532649993896 583.255378723145 637.289394378662 774.587108612061 532.780456542969 518.077270507812 671.790809631348 712.705253601074 700.65796661377 653.352432250977 666.983840942383 708.678207397461 800.548980712891 707.62718963623 637.903104290366 726.371543884277 599.829642295837 638.067527770996 647.590802669525 686.149559020996 558.049850463867 599.512187957764 634.225500106812 566.583915710449 552.511302947998 722.125495910645 668.673328399658 580.29598236084 806.295593261719 605.553404808044 632.178718090057 701.649684906006 648.730506896973 667.140754699707
747.429290771484 657.028610229492 688.499542236328 666.994213104248 396.794998168945 620.647497177124 606.072814464569 472.109191894531 529.343658447266 662.416913032532 659.180583953857 662.929766081274 680.261276245117 621.904479980469 556.01904296875 611.307834625244 492.287979125977 537.082092285156 837.921854019165 796.517314910889 731.600700378418 667.446258544922 635.556586265564 720.599609375 690.217079162598 685.208587646484 582.391848117113 535.034561157227 614.220841407776 661.189254760742 635.495242118835 634.420581817627 644.678218841553 692.622299194336 784.400970458984 651.363256454468 624.676774978638 674.979488372803 622.665636062622 559.189762115479 520.318870544434 562.298324584961 637.953502655029 727.25511932373 780.505249023438 616.0576171875 677.367374420166 820.38786315918 667.887741088867 726.005279541016
683.454807281494 664.091163635254 625.922786831856 730.609970092773 635.54328918457 551.70629119873 567.552696228027 639.771379470825 690.76891708374 671.100824356079 608.213369369507 520.904098510742 693.506568908691 679.394592285156 601.565858840942 629.955867767334 666.510646820068 694.16552734375 701.543304443359 816.456447601318 864.298851013184 777.233615875244 732.177665710449 735.700660705566 683.862224578857 542.666839599609 612.387582778931 791.340698242188 662.800693511963 552.617889404297 610.990738868713 581.53369140625 844.263488769531 709.463005065918 568.307903826237 645.735397338867 598.836000442505 668.036437988281 636.217742919922 705.912384033203 591.71573638916 593.457344055176 698.751392364502 620.033939361572 830.379516601562 728.694625854492 696.752738952637 703.558456420898 621.537502288818 602.700229644775
651.300834655762 641.997272491455 541.797325134277 552.929077148438 583.416744232178 627.611985206604 740.423645019531 749.74457359314 721.323076248169 582.154487609863 703.179725646973 840.784561157227 838.307647705078 726.277244567871 736.695693969727 821.318740844727 685.098609924316 611.649105072021 748.464550018311 761.185821533203 762.920768737793 704.673110961914 972.891632080078 813.135275840759 630.350944519043 789.359729766846 704.343238830566 675.863372802734 614.295162200928 536.799007415771 702.389205932617 836.190464019775 718.643814086914 659.286964416504 722.953125 648.422630310059 554.96654510498 622.502510875463 462.004913330078 614.801713466644 773.664779663086 671.800124645233 744.656112670898 579.503795623779 649.726737976074 548.344657897949 616.419017791748 728.771873474121 705.39421081543 683.215545654297
725.31517791748 433.121627807617 571.849704742432 729.144752502441 580.885204315186 637.639247894287 762.704162597656 717.299674034119 628.475261688232 545.411308288574 655.421840190887 477.678817749023 702.263828277588 859.115478515625 818.893661499023 669.919532775879 726.994842529297 730.624839782715 815.867332458496 796.395977020264 551.413604736328 732.900718688965 759.724733352661 615.817001342773 766.024791717529 822.24107170105 1104.25994491577 740.243462085724 545.45580291748 684.879837036133 542.303489685059 801.391647338867 611.244564056396 511.938980102539 627.405317306519 635.784227371216 612.099781036377 624.825334072113 577.294662475586 528.668502807617 628.414158344269 754.291320800781 581.745910644531 611.261643886566 732.358734130859 644.076713562012 794.08544921875 535.659042358398 640.401653289795 596.934579849243
713.088821411133 581.700057983398 526.472854614258 622.326098918915 614.028906583786 620.030507326126 487.748153686523 773.448364257812 550.701354980469 737.779485702515 654.201019287109 809.29963684082 635.340335845947 664.982608795166 689.354679107666 718.785980224609 729.26399230957 684.200662612915 810.859802246094 784.987007141113 765.644790649414 688.839862823486 591.493362426758 628.43342590332 769.627159118652 715.673948287964 885.040626525879 827.909188389778 810.336162567139 603.16074180603 1244.27824783325 682.797325134277 650.383983612061 646.789051055908 706.658027648926 576.405975341797 668.248657226562 675.02339553833 631.179238319397 559.212158203125 615.240114212036 498.97053527832 685.83430480957 664.91854095459 661.376434326172 643.882298469543 681.131225585938 564.468444824219 552.422035217285 644.46302986145
529.635452270508 593.134288787842 569.244537353516 660.32345199585 579.661388397217 670.570007324219 645.503244876862 536.402450561523 859.923065185547 673.772800445557 519.954467773438 617.024887084961 821.029373168945 668.663320541382 727.97176361084 602.623905181885 791.780990600586 736.660049438477 996.207412719727 1023.76818847656 911.957397460938 977.221649169922 586.521980285645 775.967540740967 758.499443054199 752.161470413208 598.223770141602 961.592880249023 877.574798583984 904.025005340576 668.275718688965 625.300216674805 746.152359008789 638.918037414551 603.941856384277 587.376136779785 665.655462265015 503.164566040039 545.983543395996 535.59432220459 555.544593811035 650.225977897644 537.122734069824 534.858589172363 460.816833496094 664.081554412842 506.81810760498 736.419250488281 629.813436508179 621.067878723145
579.785749435425 440.480178833008 606.413047790527 578.29119682312 474.669082641602 611.121908426285 626.042675018311 659.871503829956 721.724201202393 838.394371032715 712.594509124756 635.873146057129 467.343658447266 664.456930160522 629.687762260437 730.605690002441 659.92098236084 732.077697753906 650.906158447266 912.305389404297 924.096481323242 1181.24649047852 820.56388092041 669.044841766357 662.107749938965 555.569183349609 692.444911956787 887.845392227173 1146.19496536255 1292.07423400879 797.081153869629 837.999298095703 659.561882019043 834.239189147949 646.790991842747 718.563972473145 596.085784912109 426.591415405273 577.627349853516 539.177658081055 710.151664733887 692.652198791504 575.859939575195 542.193550109863 528.745826721191 529.142295837402 710.988487243652 610.146989345551 590.228548049927 630.969453811646
757.930801391602 661.262382507324 776.276123046875 493.363777160645 660.798831939697 776.678329467773 616.388249397278 701.795288085938 769.948303222656 805.055061340332 628.127277374268 677.679849624634 592.757911682129 668.180384635925 714.757480621338 735.754516601562 698.623989105225 820.66569519043 606.102893829346 846.805946350098 647.39331817627 815.560060977936 831.813938140869 778.480186462402 803.875053405762 723.356674194336 589.506423950195 748.153861999512 1346.15855407715 998.53369140625 1174.39551544189 925.328413009644 1002.27946472168 882.194320678711 710.942451477051 807.801467895508 776.198715209961 691.182592391968 634.235788345337 551.288925170898 712.159566879272 629.777726173401 547.533813476562 544.131072998047 581.149116516113 573.363761901855 582.735454559326 510.55916595459 628.12563419342 683.020751953125
573.790023803711 613.446821451187 528.279769897461 717.851196289062 727.0263671875 756.159934997559 684.548839569092 669.810977935791 530.491592407227 638.039302825928 726.883247375488 652.05214881897 725.54906463623 620.728706359863 812.08447265625 687.177262306213 716.581233978271 798.630065917969 613.91877746582 788.39525604248 745.859916687012 600.749866485596 659.308183431625 623.915832519531 706.836460113525 618.724090576172 855.584373474121 671.643058776855 772.250015258789 799.085468292236 921.424793243408 1342.50762939453 1117.54370117188 1018.29904174805 1264.52555847168 869.982841491699 699.164276123047 768.870483398438 600.461357116699 715.975608825684 586.115562438965 630.421443939209 641.80859375 708.489891052246 658.271579742432 634.031860351562 541.954055786133 546.309181213379 665.259231567383 704.60237121582
705.211822509766 591.433773040771 590.387540817261 651.813373565674 633.409259796143 641.997876167297 616.6951212883 547.345642089844 503.290985107422 471.612930297852 682.701685428619 827.805114746094 689.94554901123 630.686832427979 709.005195617676 719.880546569824 857.75276184082 753.445365905762 540.240325927734 597.013298034668 646.69048500061 704.585144042969 573.568473815918 569.850788116455 658.617431640625 705.859147071838 873.494163513184 847.367656707764 956.091606140137 751.010250091553 591.958145141602 866.07502746582 976.785697937012 988.961860656738 1107.81994628906 1071.17194366455 708.433801651001 656.398086547852 812.060325622559 689.954562187195 625.783115386963 627.557884216309 700.888549804688 780.319244384766 674.002119064331 782.488510131836 647.729001641273 688.870008468628 737.128929138184 527.004623413086
707.596450805664 715.185173034668 571.198440551758 709.721733093262 682.909114837646 750.997329711914 538.68798828125 413.927688598633 621.263272285461 706.576393127441 857.923126220703 774.120742797852 635.949908256531 730.826789855957 713.557525634766 767.963012695312 738.332717895508 671.358072280884 632.276285171509 655.878965377808 824.47102355957 579.021347045898 730.735023498535 578.803703308105 580.725410461426 638.805252075195 601.623580932617 712.757934093475 632.652069091797 676.747420310974 760.311344146729 767.796072781086 708.44718170166 1277.01198577881 1073.62190246582 1383.18308258057 629.033264160156 678.062252998352 649.426052093506 622.306480407715 591.518005371094 512.315216064453 695.950355529785 657.316056251526 574.007553100586 651.484931945801 529.775375366211 493.840408325195 721.648864746094 716.543884277344
735.623458862305 731.501426696777 681.727166652679 653.357265472412 836.857070922852 575.256496429443 678.345813751221 749.944747924805 637.316638827324 739.235939025879 652.696254730225 704.989170074463 668.146892547607 609.292282104492 666.508360862732 639.986613750458 660.292528152466 685.213050842285 531.593399047852 730.515747070312 686.963272094727 554.267181396484 581.127510070801 668.324718475342 648.221338272095 563.820999145508 620.168879508972 595.751190185547 673.8054895401 669.634300231934 668.022972106934 760.396327972412 772.067611694336 1241.6613483429 1002.37824106216 1047.10740661621 1034.00689315796 815.088008880615 757.600372314453 488.27530670166 668.735249519348 796.300872802734 756.908462524414 846.921310424805 730.76891708374 576.373668670654 516.76091003418 706.430198669434 689.19051361084 774.051147460938
744.390209197998 628.936862945557 734.413597106934 681.668495178223 589.296195983887 586.217205047607 599.149044036865 688.352077484131 751.64323425293 797.0546875 790.959449768066 691.397842407227 647.500993728638 727.54761505127 692.22144317627 808.887786865234 606.287956237793 568.276275634766 483.067962646484 678.720026016235 645.120188713074 529.057800292969 724.417510986328 634.952864646912 825.465255737305 653.995781421661 588.745323181152 603.357144355774 587.693519592285 612.548835754395 611.166030883789 685.222923278809 835.905548095703 771.777725219727 908.249320983887 1029.82201480865 1034.82916259766 756.509269714355 674.216777801514 686.597263336182 797.559022903442 826.508529663086 682.229667663574 872.834075927734 1009.0193939209 978.125085830688 1068.02968406677 789.704956054688 624.638694763184 552.183486938477
697.209880828857 711.801223754883 640.382051467896 708.380443572998 790.999252319336 784.403686523438 745.826690673828 675.789894104004 700.795505523682 727.291801452637 746.772903442383 688.745383381844 740.250465393066 715.773826599121 696.021389007568 691.170783996582 788.460220336914 541.49382019043 592.399799346924 667.016639709473 563.786956787109 774.159423828125 640.1611328125 565.929618835449 668.565355300903 615.419048309326 665.229377746582 782.605804443359 684.66837310791 661.251165390015 732.257232666016 723.17077922821 809.083419799805 605.177841186523 806.684116363525 792.988094329834 599.979621887207 698.693054199219 687.285844802856 803.384017944336 669.522937774658 612.454372406006 646.403820514679 722.454648971558 841.026649475098 783.727600097656 932.555446624756 894.100532531738 945.07356262207 700.410057067871
821.017761230469 813.723220825195 676.520750999451 718.877143859863 686.925148010254 694.679374694824 675.829063415527 673.59069442749 519.065963745117 552.137145996094 647.934559822083 585.045074462891 782.237854003906 730.379898071289 678.535192489624 747.798126220703 567.202583312988 640.000622749329 571.990497589111 735.593124389648 727.125434875488 551.298301696777 615.096433639526 762.689064025879 688.418521881104 646.226111412048 625.86358833313 854.553924560547 740.914108276367 606.669105529785 694.473217010498 586.394638061523 634.938625335693 645.550883769989 723.057764053345 642.482398986816 551.21272277832 685.766269683838 837.717231750488 828.478538513184 867.976833343506 863.65454864502 708.83358001709 826.024314880371 800.321577072144 914.224655151367 773.577362060547 831.811798095703 898.761085510254 683.694757461548
817.394264221191 742.676704406738 638.880802154541 761.595932006836 762.846099853516 722.720329284668 669.197086334229 608.009871244431 518.216323852539 506.075126647949 797.660888671875 637.247406005859 681.636539459229 748.884010314941 733.301795959473 656.864286422729 690.422611236572 708.934715270996 553.517364501953 633.042375564575 682.62232208252 735.541877746582 644.674618721008 594.480945587158 765.74919128418 757.172401428223 582.815582275391 842.779426574707 1255.72650909424 808.450561523438 651.717661857605 646.914162635803 738.921264648438 519.810432434082 635.769515991211 681.13937664032 639.558082580566 587.220287322998 463.807052612305 622.468521118164 610.721328735352 755.316463470459 887.061721801758 710.004859924316 841.891578674316 853.522451639175 911.055264472961 1016.45948028564 990.682830810547 1073.49645996094
