export/dem/dem94.asc
NCOLS 350
NROWS 171
XLLCORNER 152620
YLLCORNER 418050
CELLSIZE 100
NODATA_VALUE -9999
[rows 66 to 87 of 171, columns 150 to 199 of 350]
548.973044395447 505.428424835205 519.678352355957 532.481031417847 622.36164855957 515.151817321777 452.660011291504 469.624809265137 572.382043242455 683.709732055664 541.824951171875 466.213958740234 553.511625289917 461.759902954102 661.21671295166 542.732271194458 588.497791290283 568.043363571167 553.439829349518 651.206405639648 598.070430755615 600.832456588745 377.389541625977 511.847557067871 569.603285431862 547.581899642944 694.245735168457 586.535225868225 569.375016212463 668.00280380249 702.531875610352 636.603925704956 671.897880554199 610.25066280365 611.332937240601 647.332525253296 600.023771286011 572.308376312256 646.856845855713 629.694024085999 645.460544586182 632.17923784256 563.047271728516 715.673778533936 778.841583251953 728.524597167969 641.737148284912 684.613609313965 631.639359951019 872.470428466797
493.345756530762 349.256866455078 613.619312286377 438.934837341309 498.16478729248 478.379577636719 485.745254516602 617.786148071289 573.777931213379 549.143888473511 503.382843017578 573.476915597916 585.619794845581 652.454429626465 554.41814827919 676.192657470703 601.212966918945 557.250037193298 538.909294128418 548.911917686462 656.84375 389.574081420898 503.747528076172 608.032875061035 511.626132965088 544.08903503418 560.948676586151 618.633659362793 330.469711303711 569.553848266602 530.5126953125 673.675552368164 554.752243041992 600.32006072998 640.22943687439 636.250568389893 563.241764068604 704.60277557373 704.758171081543 763.007522583008 721.223075866699 608.155333280563 717.416435241699 731.070297241211 671.033283233643 658.981758117676 607.347660064697 709.488433837891 903.178344726562 812.575119018555
484.167053222656 414.35929107666 384.451904296875 471.938545227051 546.383648872375 568.862121582031 585.881229400635 560.157102584839 525.679334640503 656.752548217773 533.969108581543 432.091407775879 479.387329101562 739.829666137695 627.229915618896 535.530094146729 604.548896789551 562.846575260162 534.72770690918 700.278678894043 556.370586395264 465.024955749512 638.108345031738 475.256881713867 794.600189208984 613.835430145264 631.000675201416 705.40699005127 656.546035766602 494.104721069336 509.834739685059 611.566718697548 732.008575439453 646.266395568848 752.589141845703 581.026773452759 511.375534057617 605.340562701225 587.302062034607 637.223808288574 659.874397277832 482.592475891113 592.877925872803 785.534072875977 457.349838256836 717.508625030518 589.858539581299 663.226940155029 740.535362243652 577.144079208374
643.574935913086 581.431924819946 415.289947509766 484.502304077148 485.980129241943 494.917335510254 479.143676757812 445.17073059082 617.554128646851 692.460517883301 523.698778152466 511.930402755737 633.919502258301 558.97789144516 573.057969093323 507.276264190674 509.409038543701 541.933012008667 610.771503448486 630.960792541504 563.092018127441 690.382392883301 513.099891662598 496.317840576172 678.203216552734 544.659664154053 633.960372924805 551.79370880127 530.048107147217 509.907020568848 643.164108276367 594.268056869507 558.513565063477 622.553169250488 568.203022003174 509.607452392578 535.546646118164 612.563595533371 537.898643493652 639.357894897461 575.740394592285 558.127967834473 798.756607055664 583.206569671631 618.246356964111 517.54468536377 667.792922973633 541.560981750488 651.130054473877 657.822914123535
505.336128234863 652.296127319336 495.591053009033 471.733909606934 505.970848083496 446.964622497559 603.524280548096 581.311939239502 605.467559814453 520.098957061768 604.700302124023 497.517238616943 507.521606445312 470.92960357666 510.35778427124 557.983493804932 584.349901199341 491.168579101562 686.110015869141 689.975654602051 590.974016746506 649.793319702148 617.735389709473 513.437835693359 574.491882324219 555.103351593018 483.878509521484 586.70254611969 617.794544219971 607.708481788635 732.320556640625 676.884010314941 704.909332275391 672.13697052002 531.035709381104 386.180084228516 507.81470489502 485.346031188965 463.060806274414 493.285110473633 553.601451873779 697.857421875 610.001416683197 432.362655639648 638.185937166214 665.470575332642 589.232902526855 712.496044158936 512.927368164062 678.27029800415
576.995031356812 655.744636535645 506.372966766357 409.809112548828 457.045906066895 575.931861877441 553.239818572998 466.364166259766 615.133888244629 647.383453369141 653.202018737793 482.49047088623 496.67728805542 590.976619720459 399.66780090332 529.653259277344 640.711013793945 463.322486877441 467.685050964355 617.206233978271 625.990165710449 576.835433959961 601.244330644608 501.704223632812 469.703018188477 635.553455352783 697.038955688477 623.972873687744 612.987643241882 566.271228790283 512.631744384766 632.250812530518 737.437713623047 562.311096191406 591.336285591125 537.622104644775 559.968742370605 523.842483520508 555.395206451416 632.743914604187 629.670928955078 521.369285583496 535.65071105957 540.748229980469 557.085891723633 529.499336242676 627.629066467285 574.336448669434 579.424915313721 697.589050292969
588.214916229248 581.842445373535 560.308261871338 457.953712463379 443.031440734863 500.725433349609 538.495849609375 439.40998840332 688.176055908203 692.764312744141 531.094184875488 594.774421691895 513.765621185303 797.125411987305 469.743804931641 338.010223388672 447.211486816406 504.399429321289 519.639354705811 636.955623626709 622.919521331787 743.059951782227 611.345341682434 450.392181396484 618.02600479126 603.039654254913 718.587203979492 484.554885864258 656.143909454346 685.498008728027 726.345993041992 539.676460266113 579.892694354057 612.814147949219 680.109336853027 654.010986328125 597.625335693359 593.278809070587 518.91796875 512.325607299805 615.490998268127 556.862579345703 586.763904571533 553.87113571167 647.913516998291 550.575492858887 616.037305831909 759.090515136719 574.599956512451 853.345260620117
709.542449951172 462.571472167969 577.243553161621 550.243432044983 643.87459564209 664.718032836914 389.813400268555 443.578392028809 566.324462890625 677.858825683594 649.142158508301 546.439319610596 551.742717981339 569.726928710938 641.860343933105 547.985137939453 610.824787139893 573.71502494812 458.596969604492 520.670593261719 633.484077453613 563.803119659424 645.245021104813 633.654560089111 568.559600830078 504.715774536133 568.229572296143 650.281978607178 684.250602722168 756.022445678711 707.358596801758 591.762208938599 534.834762573242 592.296916484833 569.850790023804 555.118469238281 620.1282787323 486.378868103027 520.700202941895 610.928628921509 558.739109039307 650.063026428223 660.065826416016 634.015037536621 614.689455032349 676.293262481689 520.804870605469 604.395214080811 690.258979797363 684.530353546143
428.906120300293 697.589744567871 513.708503723145 512.762710571289 576.381582260132 459.920463562012 516.735111236572 572.683233261108 686.605506896973 694.27791595459 453.530662536621 666.735282897949 533.551792144775 688.751770019531 451.916664123535 516.37964630127 520.614990234375 544.939613342285 634.756217956543 547.582294464111 605.135737419128 607.661661148071 767.898376464844 608.362012863159 492.485374450684 560.02352142334 607.265454769135 533.318778991699 635.519113540649 531.246955871582 743.019149780273 626.65357208252 737.733856201172 560.410226821899 638.879360198975 499.813941955566 511.458610534668 559.103492736816 489.636871337891 582.281408786774 565.219913482666 669.222450256348 548.276348114014 598.199203491211 549.759147644043 604.649401903152 681.940383911133 441.919662475586 551.554767608643 765.722839355469
739.707824707031 464.514595031738 674.673393249512 542.820093154907 619.49532699585 411.061401367188 591.281532287598 666.066360473633 752.846115112305 535.81422996521 658.822914123535 429.200973510742 685.881393432617 630.220630645752 584.135713577271 448.182388305664 626.007582187653 681.155731201172 628.123780727386 581.199180603027 606.972529411316 569.651117324829 667.93162727356 763.959487915039 605.820083618164 628.136699676514 648.710884094238 512.685020446777 702.184112548828 570.627023696899 632.405883789062 454.877349853516 463.902702331543 609.132639884949 462.619270324707 653.561840057373 720.06086730957 727.981826782227 654.349426269531 662.178497314453 773.974380493164 587.664001941681 632.83784866333 634.9192943573 613.791984558105 604.363308191299 750.049514770508 666.5224609375 753.510269165039 611.354782402515
732.001113891602 698.966247558594 794.545705795288 1009.45269012451 580.903111457825 539.1891040802 773.920166015625 714.904739379883 640.315837860107 665.017425537109 640.387275695801 576.998644828796 616.011650085449 505.737464904785 432.221389770508 494.539260864258 516.134651184082 554.447875976562 572.408162474632 533.081504821777 663.328405380249 555.036834716797 789.820068359375 727.557220458984 694.420608520508 718.026229858398 687.949203491211 645.806001663208 587.511711120605 627.963283538818 609.495917320251 586.582917928696 307.283081054688 614.559066772461 546.483303070068 624.712255477905 522.012702941895 663.97339630127 395.320953369141 619.994667053223 642.681182861328 545.037002563477 543.310005187988 476.98551940918 708.816940307617 497.483459472656 594.131400346756 579.346042633057 641.776351928711 589.57664680481
524.242073059082 638.930480957031 678.924338340759 525.286811828613 615.684827804565 747.558086395264 656.817039489746 669.165992736816 732.935943603516 742.729141235352 682.018089294434 718.991226196289 619.718189239502 574.874938964844 663.713203430176 594.427757263184 673.251602172852 663.614791870117 673.219047546387 642.385707855225 617.567964553833 530.947776794434 593.887615203857 549.579223632812 777.220422744751 839.951774597168 754.977645874023 734.38892364502 586.653831481934 669.394491195679 598.862080574036 668.57137298584 656.832344055176 598.0202293396 583.720896720886 687.218681335449 694.896179199219 654.686115264893 644.680551528931 607.547657012939 684.364730834961 635.840747833252 608.841279029846 528.997741699219 743.808975219727 667.838821411133 625.15258026123 577.671918869019 682.82243347168 681.839111328125
579.160895347595 681.453178405762 551.324401855469 550.292198181152 621.094116210938 528.479415893555 715.351654052734 614.798776626587 791.256713867188 677.923439025879 676.136627197266 581.733527898788 594.569103240967 648.799453735352 575.88410949707 719.959266662598 609.79540348053 628.345763206482 755.962890625 823.373260498047 743.369842529297 653.953495025635 605.096611022949 640.41242980957 667.442893981934 786.431488037109 799.028182983398 628.412645339966 773.557434082031 522.835556030273 627.762840270996 777.294769287109 606.587393283844 646.736263275146 633.026874542236 666.859642028809 560.638145446777 584.181882739067 622.107074737549 648.798580169678 633.52518081665 562.97647857666 618.742910385132 458.735961914062 543.759887695312 674.964492797852 491.443351745605 567.248020172119 592.526365280151 573.778148651123
703.733200073242 289.691482543945 626.901672363281 644.806144714355 608.853561401367 684.269676208496 697.48558807373 528.278133392334 608.974460601807 868.149017333984 806.555267333984 815.052627563477 578.649781227112 621.563945770264 762.999900817871 782.53108215332 554.757255554199 665.405544281006 699.666091918945 706.516342163086 801.239379882812 683.554748535156 673.964416503906 479.913269042969 634.817584991455 579.914613723755 547.158447265625 570.433799743652 590.366317749023 575.526039123535 557.314613342285 787.610420227051 746.400066375732 827.717880249023 567.259841918945 539.187919616699 561.286426544189 702.825271606445 614.135194778442 612.695272445679 794.009765625 724.554801940918 561.758563995361 485.15559387207 447.833908081055 495.155380249023 522.129341125488 401.813674926758 585.30158996582 577.833480834961
613.67232131958 536.59309387207 459.660423278809 758.196461677551 628.084270477295 538.835372924805 685.958969116211 676.281600952148 785.291275024414 730.282272338867 928.736999511719 759.516891479492 620.298751831055 1056.81033325195 985.959213256836 700.235542297363 716.040042877197 891.126953125 549.922115325928 692.905246734619 633.577278137207 577.772537231445 608.014230728149 645.759895324707 639.47428894043 730.931304931641 752.056022644043 766.874969482422 760.029510498047 502.743133544922 647.398728370667 610.416202545166 633.468795776367 671.581830024719 641.845690727234 641.450178146362 577.5240650177 601.881449699402 706.555465698242 539.314483642578 693.027236938477 662.666778564453 504.726989746094 551.843276977539 491.230575561523 465.31721496582 586.295028686523 505.760093688965 571.918376922607 557.392539978027
710.607570648193 673.273229598999 553.922004699707 841.609069824219 758.942520141602 712.905517578125 712.056968688965 629.249168395996 493.092422485352 789.138000488281 764.334465026855 1093.10385894775 665.149408817291 1028.69826507568 740.305381774902 754.931365966797 658.840187072754 823.427806854248 754.826393127441 641.208154678345 707.176261901855 650.038982391357 741.468231201172 630.114227294922 741.048408508301 567.085014343262 653.288391113281 755.285003662109 521.768463134766 677.806646347046 631.485124588013 725.031089782715 696.464267730713 632.336037814617 670.145542144775 657.096451282501 640.276664733887 556.499446868896 636.05751991272 567.067819595337 693.89559173584 591.058568954468 654.407424926758 450.262115478516 522.962005615234 637.076440811157 544.711769104004 662.338140487671 506.741073608398 683.882253646851
668.97453212738 540.014869689941 614.961120605469 889.850486755371 946.9404296875 856.265144348145 841.108604431152 803.302932739258 785.395385742188 1048.24122238159 772.750213623047 509.047843933105 615.606245040894 680.497337341309 783.811630249023 519.760261535645 685.83415222168 664.452391684055 851.288284301758 690.680615305901 679.282024383545 776.379791259766 702.833366394043 592.422523498535 620.758458137512 754.49893951416 442.219299316406 676.063684463501 631.603425979614 563.998291015625 633.114639282227 650.94822883606 722.997673034668 627.139011740685 605.444393157959 528.328681945801 710.413414001465 568.68628692627 616.268594741821 654.918918609619 655.536960601807 679.043090820312 697.668960571289 615.23313331604 533.77530670166 607.084991455078 615.385036468506 742.96736907959 478.074493408203 548.320678710938
586.655530929565 699.206314086914 830.030288696289 654.350387573242 677.869674682617 808.313766479492 688.219261169434 945.807586669922 629.517646789551 976.093215942383 684.527236938477 718.140243530273 547.86722946167 483.599756479263 565.446594238281 613.773513793945 677.158203125 749.423149108887 708.083000183105 938.662928581238 697.637626647949 579.200355529785 558.138489723206 557.416734695435 696.838401794434 690.371927261353 695.053478240967 689.977458953857 696.383581161499 619.565101623535 557.617553710938 710.960296630859 452.609588623047 742.189125061035 547.04012298584 621.866105020046 581.224502563477 703.843856811523 489.870979309082 719.031539916992 690.556037902832 635.06406211853 478.465118408203 628.748647689819 652.657331466675 528.377029418945 660.150035381317 652.991441726685 629.500953674316 535.415641784668
754.753234863281 653.792736053467 495.918050765991 452.558040618896 463.571605682373 667.43034362793 437.581615447998 906.83283996582 674.171157836914 735.629676818848 563.256210327148 803.401763916016 834.998397827148 778.539489746094 681.427196502686 729.509956359863 475.633712768555 516.492553710938 608.971096038818 1022.11825561523 680.088302612305 721.408081054688 1006.74238586426 876.550354003906 535.545524597168 692.089012145996 726.462734222412 602.156303405762 674.063659667969 382.076553344727 684.237205505371 546.826156616211 577.132736206055 686.402034759521 770.220504760742 601.687614440918 786.02751159668 803.100570678711 532.559341430664 551.54630279541 697.228271484375 732.704620361328 591.827819824219 715.071907043457 676.145973205566 672.48101568222 757.292037963867 713.816505432129 642.93305015564 513.099685668945
580.261116027832 507.698884010315 637.936735153198 749.235290527344 539.997230529785 474.825729370117 561.242706298828 718.644538879395 743.615676879883 758.698942184448 854.151016235352 746.738555908203 1020.4714050293 860.107032775879 774.025699615479 781.070152282715 667.38942527771 615.12147808075 704.307655334473 927.690818786621 607.614860534668 678.654739379883 1010.39147949219 753.976287841797 1057.27431488037 859.944717407227 657.910113334656 686.459114074707 716.299514770508 522.510056018829 554.268795013428 541.734756469727 851.688415527344 849.860565185547 654.275705337524 594.665061950684 751.938499450684 713.526527404785 558.920845031738 474.586624145508 654.291772842407 787.101577758789 502.380477905273 677.75003528595 600.852851867676 641.058158874512 749.927421569824 734.01685333252 526.34651184082 543.136077880859
456.153099060059 619.821777641773 785.708961486816 793.205032348633 -9999 -9999 -9999 -9999 -9999 -9999 -9999 -9999 -9999 -9999 -9999 777.038562774658 786.199668884277 641.85969543457 740.877650260925 716.359397888184 767.096862792969 735.519798278809 720.330368041992 566.228374481201 839.451934814453 640.437330245972 1069.46052360535 679.054460525513 713.821296691895 813.536895751953 487.258609771729 614.284625053406 675.811193466187 735.552757263184 726.958709716797 636.746334552765 594.906234741211 673.51176071167 722.511497497559 628.135451555252 717.433288574219 772.910713195801 627.234592437744 566.739242553711 739.741218566895 601.699165344238 743.238800048828 650.214963912964 709.798408508301 558.427391052246
-9999 -9999 -9999 -9999 -9999 -9999 -9999 -9999 -9999 -9999 -9999 -9999 -9999 -9999 -9999 -9999 -9999 -9999 763.734348297119 731.891798853874 795.598682403564 927.469619750977 882.410675048828 692.34850692749 635.820999145508 697.442886352539 877.178237915039 673.76029586792 679.74441576004 462.552215576172 497.359870910645 1066.26083564758 606.735801696777 661.903348922729 629.71911239624 759.906539916992 799.442977905273 716.447021484375 594.272235870361 678.860020160675 716.949678421021 741.841609954834 617.55216217041 781.497001647949 696.949255943298 617.639026641846 757.112586975098 650.010215759277 750.744239807129 648.079436779022
