export/dem/dem93.asc
NCOLS 350
NROWS 171
XLLCORNER 152620
YLLCORNER 418050
CELLSIZE 100
NODATA_VALUE -9999
[rows 66 to 87 of 171, columns 150 to 199 of 350]
634.194717407227 539.953263282776 522.323516845703 645.804008483887 546.905789375305 478.149711608887 506.620147705078 480.39559173584 581.699534416199 508.390739440918 474.53434753418 586.887577056885 511.164920806885 607.005508422852 536.89225435257 500.796726226807 647.573806762695 559.671715259552 459.402519226074 748.658264160156 485.46363067627 676.24781036377 638.671798706055 422.618560791016 451.741600036621 591.903732299805 601.885482788086 541.612987518311 561.632516860962 667.121242523193 618.153776884079 679.102653503418 523.476387023926 575.576593399048 579.489974975586 628.937464922667 683.172584533691 627.72801566124 444.806716918945 684.342353820801 613.636048316956 665.997310638428 597.403804779053 543.474136352539 664.030927658081 625.576928138733 565.534126281738 492.459678649902 478.936050415039 677.37630879879
643.288650512695 613.482231140137 607.152057647705 556.233756065369 477.200775146484 595.976947784424 536.459376335144 521.68904876709 528.220232009888 614.796726226807 590.725820541382 460.194786071777 571.922034263611 577.000845909119 510.074527740479 501.465530395508 529.556394577026 529.909725189209 661.35481262207 761.86930847168 657.507629394531 562.775907993317 469.421279907227 626.505630493164 500.666465759277 618.414211273193 555.37504863739 577.343328475952 674.417236328125 584.799150466919 535.637817382812 592.945705413818 633.741348266602 573.918263316154 549.871994018555 571.144218444824 607.11721804738 617.323093414307 708.041801452637 561.601219177246 586.376920700073 620.836417198181 737.226997375488 590.824920654297 642.970881462097 662.08740234375 655.256770133972 696.636547088623 584.705947875977 739.910758972168
601.801002502441 665.045593261719 618.258190155029 579.473903656006 558.126836776733 417.174644470215 595.946983337402 490.172485351562 422.680702209473 629.324480056763 502.769428253174 520.12434387207 414.648880004883 569.236008644104 697.467620849609 479.288932800293 583.151224136353 411.653350830078 706.743194580078 599.353515625 680.612480163574 562.640844345093 577.749193429947 641.152893066406 597.195369720459 686.703170776367 585.593414306641 688.690925598145 523.343322753906 515.48469543457 549.470302581787 630.181070327759 710.202178955078 666.252182006836 553.490768432617 610.918647050858 543.305250167847 605.727840423584 732.941741943359 640.294532775879 574.686828613281 802.080078125 632.221457481384 744.688079833984 502.211265563965 740.401519775391 697.098789215088 704.251434326172 557.565048217773 649.288764953613
657.064453125 621.52074432373 602.350955963135 686.756103515625 619.9716796875 585.613558530807 597.774017333984 552.001662731171 619.902833938599 577.369979858398 505.537273406982 469.103401184082 610.744647979736 433.042701721191 530.785678863525 472.64128112793 540.51417016983 584.067028045654 617.920707702637 618.125221252441 633.74768447876 639.218940734863 515.792694091797 556.319581031799 676.295845031738 646.957809448242 604.958534240723 469.188507080078 582.237426280975 498.021392822266 492.787246704102 594.461698532104 587.272269248962 700.685134887695 610.331900119781 636.561275482178 633.482175827026 626.542344093323 605.265033721924 651.302074432373 700.370414733887 725.23486328125 674.744617462158 666.292163848877 626.796358108521 629.074289321899 723.299324035645 488.48681640625 556.053016662598 439.614532470703
580.095856666565 612.610439300537 653.066307067871 664.005805969238 602.861934661865 539.333889245987 503.106182098389 593.223419189453 458.358757019043 501.655792236328 630.647529602051 548.532073497772 673.905654907227 529.504444122314 562.179580688477 470.147796630859 668.953598022461 557.226629257202 446.077941894531 438.909744262695 542.077037811279 596.20322227478 589.018832206726 682.58366394043 643.804127037525 668.296424865723 615.606178283691 653.072444915771 531.050060272217 473.84309387207 592.636187553406 514.648384094238 558.213050842285 673.62663269043 614.846183776855 572.756254196167 852.008361816406 678.213264465332 517.964744567871 432.737045288086 483.433090209961 724.982940673828 579.847625732422 614.215866088867 635.640568137169 450.034164428711 691.881393432617 674.161956787109 684.985664367676 498.960586547852
588.450931549072 672.884033203125 635.529922485352 567.53832244873 750.961929321289 545.234388828278 621.195755004883 441.450531005859 558.999486923218 465.544792175293 430.533805847168 562.274399757385 520.33438873291 586.39920425415 599.490871429443 568.27162873745 531.731483459473 598.184471130371 564.147334098816 511.323211669922 657.921417236328 604.387677192688 632.169221878052 653.064357757568 559.35120010376 639.435947418213 661.679027557373 643.679039001465 557.412986755371 626.986789703369 604.506292581558 578.820168495178 658.97966003418 556.4479637146 648.766246795654 616.293193817139 696.473655700684 650.369049072266 645.121448516846 518.672470092773 652.857646942139 611.037090301514 792.101135253906 757.163192749023 742.633499145508 693.669082641602 728.515434265137 698.400390625 603.443613052368 548.825012207031
534.241302132607 507.527185440063 482.822807312012 630.027610778809 507.582595825195 554.868836119771 509.439582824707 495.642543792725 621.346908569336 580.187841415405 613.525859832764 531.387283325195 578.006267547607 602.221138000488 443.175231933594 602.053707122803 637.68025970459 565.305429458618 563.711444854736 588.91278553009 691.350868225098 609.909746646881 537.406036376953 556.571815490723 614.749350547791 522.080070495605 580.981861114502 671.766815185547 637.492042541504 552.828395843506 403.641403198242 700.443656921387 642.593070983887 480.677017211914 679.158210754395 577.884674072266 702.628273010254 669.424659729004 509.341239929199 438.287284851074 758.135986328125 621.973531723022 694.418502807617 621.509502410889 614.191312789917 593.033708572388 507.397155761719 602.932298660278 623.67234992981 587.997234344482
475.169715881348 582.294555664062 484.353813171387 634.817794799805 602.595252990723 666.501693725586 586.881828308105 584.65157699585 677.11954498291 471.624946594238 480.004814147949 691.351226806641 585.38875579834 468.068801879883 374.826934814453 575.187208175659 611.462642669678 650.933135986328 608.62167263031 576.103786468506 585.758487701416 467.632461547852 646.808492064476 598.592539787292 557.250545501709 689.135543823242 752.62646484375 703.606643676758 647.296867370605 618.33078956604 525.736961364746 563.043281555176 568.380435943604 508.386497497559 487.920333862305 584.788906097412 682.959609985352 613.561246871948 574.798908233643 831.339569091797 636.88854598999 770.059234619141 607.037364006042 651.224395751953 651.461269378662 678.244110107422 506.613082885742 477.54768371582 642.881996154785 628.217185974121
439.183815002441 644.404609680176 598.958534240723 545.778739929199 618.559658050537 549.739431381226 617.739761352539 655.199523925781 444.69499206543 557.060333251953 522.973472595215 545.690996170044 579.528242111206 396.067016601562 509.073085784912 518.680015563965 569.027866363525 702.170738220215 574.901287078857 417.603713989258 514.917221069336 573.311298370361 578.208072662354 621.678356647491 507.159629821777 645.811023712158 555.235279083252 604.025054931641 496.381454467773 456.488952636719 440.153945922852 626.270046234131 582.08573102951 496.320175170898 643.567447662354 633.920589447021 591.04932641983 657.046928405762 562.277671813965 636.136501312256 594.977679252625 639.164627075195 658.201606750488 527.073894500732 709.297828674316 567.691104888916 618.266058921814 513.588844299316 658.375705718994 552.898216247559
803.1510887146 554.732290267944 625.359382629395 614.797687530518 601.273765563965 606.928806304932 569.31694316864 574.53718662262 791.556747436523 511.864665985107 574.707731246948 566.432490348816 576.268401861191 463.17113494873 532.476974487305 749.957565307617 757.86979675293 412.980026245117 494.337455749512 537.972846984863 568.283950805664 576.303401947021 554.793357849121 600.1967420578 666.470989227295 734.008666992188 424.60969543457 437.523239135742 564.833885192871 466.60563659668 644.415687561035 621.307590484619 648.335800170898 644.853645324707 499.387771606445 536.313976287842 644.125835418701 584.642822742462 744.949813842773 706.737251281738 833.510467529297 521.196708679199 644.964080810547 727.58960723877 670.427925109863 610.229782104492 638.415546417236 569.180952072144 582.874183654785 737.169540405273
664.51830431819 677.735133171082 784.26194190979 1134.91171264648 571.841119766235 563.112254500389 616.016511917114 680.995491027832 661.495834350586 581.165556907654 643.076431274414 422.301544189453 405.359176635742 644.376636505127 614.408267021179 673.281631469727 715.945190429688 604.583112716675 477.727981567383 612.715489387512 588.063049316406 569.409515380859 615.875743865967 527.421676635742 719.471507072449 367.629547119141 486.60196685791 611.166090965271 420.854598999023 641.190872192383 644.147319793701 624.746158599854 579.804838657379 561.261270523071 617.421691894531 567.602416992188 715.41268157959 639.826599121094 649.533466339111 666.437530517578 771.25756072998 781.987045288086 636.671909332275 621.715847015381 557.334449768066 751.098022460938 583.026995658875 553.197696685791 631.514276504517 471.710983276367
558.320020198822 645.719902038574 873.278167724609 649.192031860352 552.791408538818 733.416368484497 607.028972625732 483.829238891602 530.834541320801 534.933933258057 463.706932067871 480.301704406738 506.742538452148 555.695028305054 588.679622650146 623.339298725128 582.734390258789 667.207872390747 700.114265441895 661.997932434082 393.799041748047 687.580535888672 534.343246459961 744.319465637207 717.493438720703 722.678161621094 556.89380645752 652.560667037964 631.751975059509 751.584754943848 773.672775268555 670.980758666992 617.827278137207 577.065437316895 558.133380889893 687.549415588379 635.576406478882 695.244400024414 842.401977539062 714.723678588867 890.552673339844 785.957931518555 643.899524688721 643.329425811768 695.292839050293 567.109457015991 683.411178588867 568.195854187012 636.201148986816 539.365226745605
669.551307678223 490.841423034668 618.936576843262 631.741477966309 769.967681884766 650.234748840332 577.975901722908 437.474822998047 514.755012512207 669.964828491211 605.107542037964 693.133430480957 602.613956451416 503.262985229492 645.615459442139 581.94947052002 727.220985412598 745.376892089844 555.33861541748 679.779883384705 492.792404174805 628.219522476196 505.465553283691 453.718826293945 493.219055175781 623.237163543701 519.49910736084 423.932327270508 588.038433074951 606.270929336548 713.008533477783 576.02424621582 717.79972076416 652.08141708374 661.847694396973 705.369255065918 614.497371673584 770.424697875977 672.915504455566 756.291397094727 839.080947875977 606.769441604614 653.947010040283 742.05583190918 747.274780273438 648.523166656494 676.061103820801 541.675720214844 609.499248981476 611.768943309784
629.859504699707 311.941383361816 649.063652038574 825.793258666992 683.992428779602 685.40648651123 681.466255187988 700.476509094238 630.207319617271 646.013613700867 707.6044921875 685.183601379395 542.998064041138 614.024662017822 940.094528198242 628.502151489258 493.19499206543 651.580554962158 805.022567749023 505.122909545898 563.576217651367 452.672546386719 431.942276000977 547.656089782715 591.731383323669 630.549104690552 503.960754394531 735.203010559082 649.282922565937 751.586570739746 729.886749267578 531.067337036133 686.782859802246 734.299875259399 757.338821411133 691.253814697266 704.576721191406 683.984741210938 749.954864501953 586.777689933777 627.076761245728 582.033016204834 504.118476867676 696.08455657959 640.782173156738 673.65941619873 729.10326385498 830.635757446289 730.248466491699 632.580156803131
536.748962402344 367.123600006104 591.763061523438 734.005046844482 641.581912636757 424.874313354492 532.438495635986 619.530555725098 696.159858703613 681.149402618408 657.789894104004 634.942211151123 591.07092666626 887.181179046631 852.454977035522 596.790969848633 538.296661376953 584.264503479004 775.417602539062 698.977088928223 576.262748718262 373.37873840332 527.178649902344 647.554244995117 468.176307678223 557.54280090332 590.015216827393 648.820871353149 802.067420959473 639.412004709244 751.727699279785 623.02059173584 672.958984375 678.777839660645 629.340062379837 541.915748596191 600.780834674835 603.287191867828 708.698783874512 717.136688232422 657.000274658203 626.781139373779 509.137939453125 584.919704437256 746.090835571289 598.727054595947 858.29460144043 652.03546333313 659.19905090332 618.175905227661
699.66471862793 677.103479385376 495.082752227783 951.598575592041 792.486541748047 704.426988601685 603.976987838745 574.041393280029 406.265869140625 649.101330183446 635.636817932129 1022.51176452637 658.71955960989 958.723565101624 846.91592502594 535.725784301758 636.42790222168 798.466384887695 744.132614135742 737.794937133789 599.142692565918 623.858653381467 519.582515716553 411.136703491211 607.913156509399 520.354232788086 705.184146881104 664.507822036743 620.083557128906 621.323299407959 713.211883544922 629.480711460114 668.060270309448 572.068134307861 776.091644287109 622.186637878418 521.715782165527 628.817247390747 349.340118408203 646.599903106689 620.666915893555 657.527271270752 634.22922706604 607.063854217529 815.913665771484 585.256786346436 691.49295425415 665.065326690674 741.888084411621 816.887252807617
757.689720153809 660.539436340332 642.478553771973 880.743583679199 834.719253540039 857.694404602051 838.307823181152 895.416137695312 666.704235076904 1070.7343711853 546.159273147583 665.316314697266 674.945663452148 642.017879486084 587.153463363647 570.457197666168 479.379058837891 671.479383945465 797.888331413269 676.4049949646 645.535660266876 665.071907043457 604.625797271729 607.011825561523 548.960060119629 784.090843200684 590.46216583252 678.509887695312 522.664962768555 630.76893901825 606.116626739502 629.698033809662 618.124897003174 673.78475189209 693.307624816895 511.301559448242 636.868583679199 533.58366394043 519.924835205078 646.406703948975 554.228225708008 692.845497131348 625.954916000366 743.23649597168 732.732719421387 754.470794677734 892.52165222168 782.91438293457 622.212890625 712.607559204102
666.720798492432 614.425316691399 730.693252563477 557.54708480835 428.09188079834 685.982280731201 596.402070999146 961.965972900391 769.081207275391 922.461674690247 571.772323608398 592.928596496582 517.979295730591 356.154861450195 478.182517051697 333.269012451172 593.705222129822 719.719444274902 710.278114318848 1046.40943908691 460.015899658203 502.121676445007 441.487350463867 444.190856933594 695.153875350952 646.224296569824 577.071853637695 554.463798522949 682.217763900757 620.080770492554 608.514445781708 650.337520599365 493.131248474121 648.971080780029 671.79895401001 531.232322692871 644.236240386963 689.30298614502 594.048590660095 571.341842651367 752.583053588867 677.390609741211 815.474151611328 734.219055175781 732.183059692383 821.583923339844 714.482204437256 865.588455200195 646.633457183838 779.231834411621
692.003578186035 578.633079528809 434.178104400635 612.25715637207 524.733253479004 615.304622650146 718.254486083984 853.797378540039 677.828350067139 633.202923774719 665.060642242432 603.015626907349 658.112022399902 774.088989257812 667.301658630371 746.500122070312 540.600830078125 524.959861159325 506.417808532715 1162.37423706055 727.462747573853 588.479422569275 841.782295227051 774.127464294434 621.618579864502 497.318054199219 651.318845748901 665.854776382446 465.713088989258 598.285804748535 465.968605041504 578.735401153564 656.777547359467 661.04322886467 513.471466064453 741.540580749512 628.351016044617 667.008838653564 671.29358291626 700.598442077637 651.719414710999 686.764324188232 606.03821182251 845.388977050781 731.751930236816 704.13752746582 718.509765625 637.923469543457 590.973655700684 784.918502807617
453.729846954346 586.784576416016 663.918155670166 571.848114013672 682.412757873535 539.582595825195 351.689323425293 575.043659210205 788.159042358398 837.443016052246 778.15869140625 728.363201141357 909.899856567383 830.418411254883 801.197521209717 738.112754940987 634.282855987549 590.755218505859 517.347534179688 867.420101165771 605.219141960144 417.524185180664 687.689256668091 454.814971923828 813.506210327148 608.308219909668 640.074789047241 715.488998413086 545.016120910645 599.548614501953 470.33256149292 626.485334873199 645.551208496094 678.612115859985 693.027519226074 710.675064086914 668.729541778564 585.839973449707 639.747089862823 665.346431732178 644.350405693054 867.920852661133 580.547866821289 746.475433349609 711.398494720459 762.339736938477 902.516906738281 695.561820983887 809.186080932617 664.126850605011
548.207004547119 774.285934448242 786.50887298584 711.656297922134 -9999 -9999 -9999 -9999 -9999 -9999 -9999 -9999 -9999 -9999 -9999 804.143341064453 810.5498046875 739.529891967773 654.200401306152 487.975280761719 564.862655639648 610.382755279541 646.732704162598 367.125839233398 617.569442749023 408.593673706055 1030.75340366364 727.67497253418 681.833686828613 839.094429016113 470.960784912109 504.403450012207 677.600177764893 710.954723358154 608.710376739502 617.520698547363 614.608041763306 609.766456604004 640.057442188263 647.274421691895 623.158628463745 602.999397277832 683.422090530396 635.636226654053 657.500802993774 818.151222229004 750.506416320801 730.537086486816 800.06177520752 782.02466583252
-9999 -9999 -9999 -9999 -9999 -9999 -9999 -9999 -9999 -9999 -9999 -9999 -9999 -9999 -9999 -9999 -9999 -9999 646.272529602051 925.783462524414 748.213555335999 872.645141601562 796.046031951904 567.454483032227 514.978942871094 532.263481616974 652.942192077637 561.593902587891 626.438304901123 521.062705993652 474.420364379883 964.741638183594 539.374755859375 578.735557556152 605.763454437256 768.894859313965 828.974716186523 605.266216278076 680.062435150146 548.879234313965 642.492073059082 737.51615524292 604.798404693604 837.058090209961 583.975601196289 680.702823638916 683.855522155762 804.617767333984 669.152307510376 595.456085205078
