export/dem/dem91.asc
NCOLS 350
NROWS 171
XLLCORNER 152620
YLLCORNER 418050
CELLSIZE 100
NODATA_VALUE -9999
[rows 44 to 65 of 171, columns 50 to 99 of 350]
742.142569541931 782.729466438293 806.404703140259 793.639221817255 536.080535888672 578.325874328613 443.247055053711 516.909618377686 465.623802185059 710.76025390625 1107.75833129883 551.167289733887 552.45336151123 577.676162719727 411.161964416504 439.12699508667 477.939873695374 458.564810752869 548.724800109863 585.122924804688 514.368354797363 407.075862884521 350.819602966309 413.558149337769 338.589614868164 628.4072265625 326.766845703125 450.566944122314 272.966262817383 227.862335205078 238.737380981445 348.775436401367 402.296051025391 473.846811294556 406.732650756836 415.358749389648 237.517333984375 372.063545227051 353.654117584229 250.844940185547 294.847061157227 519.809554576874 309.002540588379 333.277450561523 375.438049316406 434.660126686096 288.354064941406 375.543376922607 388.852451324463 412.179050445557
792.021560668945 590.176628112793 619.650135040283 712.651626586914 458.208587646484 569.756381988525 571.714550018311 512.968418121338 588.501976013184 636.040897369385 412.860580444336 525.622299194336 482.97641992569 580.106857299805 615.148818969727 366.488098144531 551.400245666504 450.56639289856 359.205402374268 367.535545349121 353.984283447266 401.787284851074 332.459617614746 362.558982849121 377.961845397949 448.098098754883 243.91096496582 453.072299957275 543.56721496582 302.948829650879 286.053939819336 347.420021057129 280.876556396484 231.716217041016 270.149826049805 463.405200958252 356.334259033203 362.337249755859 252.004348754883 249.147720336914 374.379211425781 607.891296386719 450.80828666687 363.635887145996 361.805038452148 507.034027099609 472.331729888916 347.177207946777 534.406364440918 499.776885986328
519.22339630127 529.854413032532 472.577461242676 349.469032287598 246.664642333984 445.196243286133 655.495761871338 312.624862670898 655.843850135803 514.09334564209 545.51900100708 501.686421394348 503.047666549683 576.741981506348 525.647903442383 499.534027099609 461.198345184326 307.450622558594 308.536331176758 399.989957809448 372.462312698364 475.480781555176 343.748992919922 351.077198028564 355.601341247559 349.390243530273 373.16344833374 331.099769592285 397.055198669434 359.165721893311 458.428035736084 556.034515380859 386.019462585449 266.928985595703 321.97834777832 391.046104431152 404.417102813721 445.104000091553 311.374618530273 228.180160522461 445.496641159058 452.940769195557 510.272842407227 373.030670166016 609.542129516602 400.150579452515 431.168839454651 379.307167053223 378.989418029785 476.99861907959
509.587997436523 413.513710021973 375.653190612793 318.884506225586 315.481079101562 445.022583007812 1072.32718276978 794.463592529297 491.322357177734 444.17667388916 535.265354156494 533.840076446533 418.472152709961 602.422546386719 578.863920450211 504.683555603027 470.667434692383 383.189479827881 496.36971282959 259.961975097656 418.143345832825 410.288543701172 350.747215270996 413.971417427063 392.20862197876 282.385276794434 497.126316070557 403.4401512146 456.989025115967 438.273057699203 469.96654510498 442.195976257324 493.131374359131 364.177032470703 572.656951904297 275.151062011719 419.680063247681 513.074394226074 452.870733261108 447.678997039795 390.682563781738 402.780227661133 372.833946228027 199.925201416016 456.814289093018 428.175382614136 449.508822917938 282.335037231445 396.13410949707 484.966651916504
392.160125732422 368.780670166016 395.093578338623 365.594299316406 516.121208190918 432.12092590332 364.882125854492 579.057846069336 587.205711364746 630.946830749512 461.96996307373 653.770111083984 524.473735809326 620.503387451172 593.161552429199 533.559265136719 508.642807006836 316.915687561035 328.460060119629 231.017120361328 427.924541473389 359.84252166748 318.475563049316 390.678493499756 321.859436035156 410.762416899204 376.330629348755 355.815773010254 526.106986999512 499.716087341309 401.406909942627 459.967727661133 439.931644439697 549.203704833984 403.367252349854 349.141624450684 380.9993019104 504.137664794922 388.862079620361 417.762482643127 402.142681121826 354.043434143066 502.402160644531 438.048864364624 412.323373794556 516.250473022461 353.693481445312 548.094116210938 494.743644714355 411.349765777588
524.407051086426 390.64423084259 402.388008117676 415.007328033447 417.709091186523 515.197242736816 522.675625801086 521.388343811035 590.627296447754 603.038887023926 503.979202270508 598.117126464844 482.034700393677 575.706886291504 654.463348388672 645.399520874023 430.563526153564 296.451026916504 349.033752441406 225.497863769531 207.175964355469 348.722858428955 388.558958053589 442.64822769165 495.906509399414 363.622692108154 392.010656356812 386.242610931396 391.227264404297 451.853202819824 355.730644226074 459.821657180786 478.19255065918 422.071485519409 374.226535797119 334.303688049316 465.59977722168 537.127235412598 480.12671661377 450.343971252441 437.322858333588 553.627937316895 550.435668945312 364.355773925781 623.444854736328 362.518852233887 339.14208984375 431.264600753784 281.023635864258 311.455856323242
374.79221534729 448.72375869751 391.385780334473 985.324035644531 561.53731918335 498.924524307251 505.198862075806 420.895557403564 541.10327911377 540.35302734375 292.162933349609 471.593011856079 692.624069213867 548.522964477539 484.375240325928 458.830846786499 392.200099945068 364.950489044189 416.713609933853 436.706923961639 345.253929138184 326.182312011719 447.821750640869 302.676956176758 488.435356140137 426.243717193604 589.009887695312 466.194786071777 462.834953308105 411.805222511292 477.546360015869 533.551170349121 457.657444000244 485.659374237061 143.987640380859 408.138062536716 350.509929656982 475.709617614746 614.503768920898 516.772247314453 400.297258377075 461.877635955811 340.657722473145 258.325347900391 463.731010437012 288.388748168945 309.409233093262 477.573631286621 298.973571777344 506.477489471436
842.229583740234 677.524169921875 545.566032409668 473.444900512695 641.932540893555 589.792861938477 487.112372398376 541.357650756836 591.066299438477 412.400127410889 506.864719390869 593.169494628906 502.420097351074 497.826889038086 403.341598510742 424.065377235413 503.975875854492 425.701041936874 386.8893699646 285.518821716309 362.000438690186 361.813770294189 520.133117675781 516.619438171387 486.409507751465 412.275939464569 427.326935052872 305.004661560059 469.045791625977 438.711631774902 274.042282104492 224.652755737305 364.652708530426 414.978050231934 513.549964904785 480.114780426025 588.169906616211 489.465614318848 443.719813108444 376.601444244385 462.398832321167 486.760789394379 309.876747131348 438.427444219589 448.296363830566 406.510355472565 414.085651397705 294.566635131836 314.671829223633 258.333511352539
793.682739257812 480.37281036377 1002.837236166 516.178100585938 626.3916015625 479.067430496216 544.720626831055 497.17046546936 351.314300537109 485.914150238037 392.381603240967 334.710998535156 535.20191192627 338.226280212402 503.661560058594 324.405609130859 453.32301902771 462.608158111572 386.420333862305 440.635768890381 427.357583045959 360.094276428223 266.047576904297 361.490016937256 492.749214172363 329.690727233887 377.26668548584 467.799251556396 403.05817937851 363.057121276855 490.139015197754 355.792583465576 387.810583114624 375.548493385315 304.259941101074 453.408096313477 455.966171264648 500.260101318359 487.074485778809 612.846435546875 430.650367736816 362.190475463867 348.798767089844 393.157787322998 431.07558298111 373.886093139648 267.135986328125 480.100311279297 528.28385925293 403.475843429565
563.925361633301 684.798492431641 539.127065658569 618.342338562012 625.63892364502 491.920188903809 498.19016456604 511.238536834717 476.051658630371 573.204795837402 484.51929473877 433.151730537415 381.172359466553 411.975993156433 306.195976257324 331.453132629395 496.148597717285 485.580234527588 471.880573272705 405.126658439636 444.816017150879 453.472492218018 401.992910385132 555.29167175293 623.762985229492 509.559833526611 348.881683349609 407.197593688965 415.63846206665 495.959945678711 362.73511505127 363.930244445801 348.446075439453 333.217056274414 282.124313354492 416.93256187439 465.732681274414 433.938842773438 532.361877441406 630.399169921875 536.270835876465 267.081382751465 393.30881023407 381.094266891479 480.048934936523 479.256896972656 382.400547027588 442.47852897644 349.277431488037 404.327905654907
718.95532989502 629.654052734375 588.811904907227 718.636150360107 640.565574645996 476.764213562012 567.347496032715 492.47728729248 527.405559539795 544.358032226562 414.552669525146 442.725463867188 447.78995513916 534.720413208008 394.822328567505 454.15482711792 482.322479248047 487.574089050293 458.894153594971 379.352012634277 365.342578887939 514.316558837891 482.588394165039 822.91178894043 649.58097076416 523.537902832031 519.515747070312 328.129585266113 334.493688583374 419.467933654785 444.063537597656 188.438171386719 346.270538330078 291.695259094238 219.405014038086 347.742546081543 360.462913513184 305.148933410645 515.336082458496 418.322750091553 323.607978820801 331.183082580566 338.28141784668 408.462682962418 374.895917892456 408.406936645508 383.994539260864 484.426197052002 377.373783111572 583.512771606445
724.399124145508 1081.21213150024 533.917762756348 523.094505310059 548.474772334099 532.981029510498 531.174247741699 579.881103515625 505.978336334229 499.493171691895 367.166000366211 410.341508388519 401.193801879883 319.07502746582 483.289451599121 483.300098419189 489.310249328613 554.119827270508 452.672351837158 416.450404167175 578.976531982422 491.303276062012 466.901359558105 603.572860717773 512.552352905273 460.670558929443 478.519088745117 295.191146850586 395.349697113037 455.02368927002 323.173713684082 209.760604858398 484.580665588379 282.777481079102 292.704025268555 200.729553222656 346.549343109131 569.095855712891 372.687982559204 544.549774169922 507.616020202637 474.364570617676 416.591285705566 303.544952392578 345.987800598145 322.126510620117 307.738403320312 553.294906616211 503.99524307251 435.342103719711
462.817536354065 480.339370727539 619.845680236816 881.476791381836 432.715721130371 642.985458374023 527.418140411377 489.70304107666 407.049823760986 332.967636108398 333.063613891602 436.205978393555 363.372478485107 442.673201560974 578.183059692383 521.930458068848 348.444534301758 362.154071807861 495.461135864258 493.194839477539 457.789758682251 583.695907592773 383.09582901001 523.389511108398 506.528182983398 396.866641998291 400.010063171387 366.925165176392 323.85844039917 348.765438079834 422.138828277588 478.974632263184 313.278842926025 230.41919708252 418.422967910767 342.904193878174 406.644795536995 468.26390838623 607.998886108398 430.816635131836 175.32080078125 405.425919532776 425.656691551208 195.284973144531 231.515426635742 183.796493530273 352.451599121094 406.685298919678 370.523384094238 446.157712936401
669.186511993408 545.697299957275 534.383594512939 512.717880249023 653.552536010742 614.10977935791 727.484191894531 530.015022277832 431.76113986969 520.86515045166 354.649291992188 381.03980255127 399.435920774937 376.975414276123 384.649471282959 392.654223442078 406.511182785034 483.200012207031 253.20588684082 274.846771240234 336.721458435059 293.020263671875 449.590560913086 448.848693847656 410.649971008301 265.52564239502 227.558647155762 147.038299560547 290.09582901001 443.971878051758 254.779457092285 423.56372833252 370.291857719421 470.012771606445 355.731132507324 338.530799865723 361.890172958374 291.606475830078 401.827699422836 563.452255249023 482.946769714355 255.331298828125 421.35591506958 379.130737304688 303.018135070801 404.443302154541 354.013763427734 385.344356536865 390.866943359375 342.74006652832
501.354876995087 486.426704406738 775.421783447266 804.628875732422 651.147575378418 580.062080383301 506.736528396606 351.539909362793 388.939769744873 337.972190856934 467.33869934082 329.255310058594 276.918571472168 338.59273147583 503.188255310059 385.458124160767 556.087684631348 444.973896026611 360.219722747803 238.647903442383 397.50708770752 529.883346557617 373.125591278076 423.597412109375 414.162933349609 366.882335662842 335.807735800743 348.516093254089 389.423833847046 200.160766601562 435.155784606934 201.714248657227 451.675338745117 391.221217155457 389.088661193848 362.509813308716 357.023727416992 263.566131591797 235.082855224609 422.839363098145 435.764366149902 395.126359939575 421.949986219406 375.368446350098 347.722187042236 222.281188964844 154.253967285156 406.593830108643 368.034790039062 410.051898956299
507.371341705322 729.128158569336 623.879315853119 736.750671386719 543.263919830322 633.15034866333 391.533882141113 385.487953186035 421.533270835876 535.416915893555 653.789245605469 375.048733711243 431.798015594482 465.368911743164 387.549014091492 395.426327705383 380.82336807251 345.522644042969 280.635398864746 386.280035018921 376.816276550293 460.08723449707 350.849331855774 488.43342590332 446.998886108398 606.80517578125 469.432518005371 239.873306274414 387.795516967773 349.429176330566 344.256813049316 274.380981445312 414.807182312012 506.652160644531 376.565050125122 312.92943572998 460.376937866211 474.551902770996 319.842018127441 429.70454788208 323.788436889648 555.64826965332 369.620235443115 359.656448364258 395.640860557556 197.421493530273 416.906331062317 392.882747650146 322.019065856934 306.278541564941
596.697448730469 532.94123840332 512.954780578613 643.903450012207 871.645462036133 645.560228347778 559.933959960938 471.074422955513 495.378494262695 550.849975585938 491.706520080566 366.41318321228 506.977493286133 500.920356750488 235.98405456543 339.607444763184 361.308193206787 475.797199249268 384.328907012939 358.52059173584 470.403999328613 284.717620849609 345.593841552734 421.037887573242 298.395317077637 341.485094070435 552.281936645508 463.086280822754 325.917167663574 440.641868591309 394.955816268921 364.485195159912 484.781982421875 504.560943603516 433.267166137695 547.403335571289 388.63426399231 417.74529838562 371.477787017822 416.777879714966 453.299983978271 469.123565673828 433.886661529541 381.206672668457 359.88916015625 405.688793182373 433.551195144653 344.266876220703 321.14185333252 352.689514160156
507.508493423462 578.294647216797 462.872535705566 556.894612312317 731.240684509277 763.097595214844 747.924102783203 583.496154785156 636.616806030273 546.715255737305 636.13981628418 407.333539962769 453.008377075195 380.739940643311 347.081386566162 436.67258644104 464.937683105469 348.104927062988 296.040664672852 296.072578430176 344.191543579102 500.482093811035 448.731735229492 344.755428314209 291.896675109863 550.942367553711 479.002456665039 334.740657806396 309.361309051514 356.464838027954 368.853985905647 460.986747741699 381.108371734619 415.537448883057 454.112888336182 544.390197753906 447.162212371826 399.288787841797 499.723495483398 434.557110309601 286.259544372559 451.914850234985 340.594856262207 352.379951477051 341.961761474609 345.781890869141 250.063369750977 350.818016052246 403.705673217773 464.796451568604
459.399589538574 468.021659851074 480.419380187988 580.511686325073 716.074226379395 728.271755218506 523.233604431152 694.460754394531 587.496658325195 535.797012329102 475.179462432861 528.178817749023 374.463342666626 377.791826248169 258.019317626953 370.499286651611 434.424049377441 308.854736328125 442.693542480469 449.074966430664 379.157491922379 240.398960113525 286.486618041992 423.338966369629 257.128150939941 434.353179931641 395.708555221558 253.39094543457 598.758499145508 413.086681365967 446.616729736328 528.112884521484 505.702011108398 334.276950836182 418.105333328247 464.56575012207 362.003568053246 457.834396362305 444.993505477905 480.488948822021 366.736278533936 412.717231750488 432.92866897583 368.528175354004 348.080276489258 456.742762565613 327.513206481934 396.32576751709 538.678791046143 448.200550079346
610.156513214111 429.934524536133 505.653324127197 538.695909500122 631.143455505371 634.804901123047 277.208053588867 430.255041122437 466.928664207458 361.060325622559 299.246429443359 353.585655212402 224.508163452148 236.531860351562 341.900312423706 345.328742980957 263.740608215332 478.280181884766 442.628471374512 323.576984405518 452.212440490723 324.464179992676 412.647588729858 453.631790161133 394.753507435322 261.065208435059 457.234565734863 530.672424316406 455.896835327148 400.386281967163 391.783548355103 313.150947570801 371.644779205322 364.463885426521 463.490745544434 429.431224822998 480.305320739746 555.580612182617 482.172088623047 435.8607006073 383.708961486816 495.683441162109 297.847991943359 385.261253356934 446.846733093262 392.394659042358 404.623470306396 400.965557098389 383.166179656982 417.965715408325
510.73068022728 446.088607788086 434.330085754395 522.629318237305 650.524925231934 454.996059417725 296.185241699219 325.706604003906 379.161685943604 336.19514465332 387.00500869751 318.136390686035 296.876388549805 327.020603179932 412.892105102539 304.43221282959 306.886554718018 294.999984741211 344.722999572754 391.983791351318 299.176376342773 543.280822753906 474.123695373535 286.637962341309 373.867698669434 293.071517944336 287.084053039551 202.310440063477 438.669563293457 296.999702453613 338.137893676758 361.19044303894 509.822593688965 412.2724609375 448.175308227539 444.082248687744 623.431915283203 428.716651916504 471.830074310303 551.754013061523 479.823631286621 421.600003242493 425.68599653244 375.729614257812 500.720176696777 401.426803588867 478.959224700928 388.991905212402 510.207710266113 514.180850982666
587.461793899536 421.555603027344 342.699768066406 507.300605773926 408.548835754395 569.181312561035 509.642375946045 397.815921783447 493.421424865723 346.0832862854 248.840927124023 363.220020294189 151.343109130859 305.213283538818 244.938407897949 250.412940979004 408.588340759277 376.016605377197 294.942047119141 299.883110046387 436.591957092285 480.503929138184 453.156394958496 295.885234832764 328.46635055542 406.750385284424 398.397993087769 271.412986755371 275.008575439453 411.246150970459 358.987415313721 402.30380821228 339.310615539551 356.566230773926 474.133670806885 561.854934692383 478.427604675293 405.219881534576 515.760414123535 533.829010009766 422.226511001587 461.191656112671 512.950569152832 526.021347045898 459.096298217773 367.940788269043 465.553991317749 565.115928649902 424.299142837524 361.370338439941
