export/dem/dem96.asc
NCOLS 350
NROWS 171
XLLCORNER 152620
YLLCORNER 418050
CELLSIZE 100
NODATA_VALUE -9999
[rows 44 to 65 of 171, columns 250 to 299 of 350]
663.564868927002 788.399864196777 680.903190612793 766.984348297119 663.510726928711 772.648197174072 735.065918922424 640.342918395996 688.710334777832 732.742626190186 753.398819983006 672.834480285645 792.522087097168 684.576927185059 596.622467041016 710.63570022583 841.773109436035 634.085762023926 727.177471160889 1065.58087158203 819.393096923828 729.498638153076 706.924201965332 761.450873851776 682.135780334473 747.663887023926 672.99169921875 707.179336547852 673.901428222656 759.60372543335 821.206031799316 663.803009033203 804.661026000977 852.939586639404 889.614860534668 900.382133483887 623.433456420898 941.884567260742 880.540927886963 856.262359619141 956.331649780273 875.898868560791 665.231399536133 770.821617126465 720.143127441406 845.605048179626 873.028835296631 851.691689491272 782.1633644104 992.41569519043
676.973957061768 953.9384765625 637.363700866699 608.473182678223 683.903759002686 784.321884155273 750.439733505249 784.662124633789 830.952095031738 562.025650024414 755.582187116146 655.834747314453 733.687059402466 755.62321472168 762.834415435791 653.402282714844 800.69701385498 762.434682846069 760.449708938599 927.912384033203 865.182182312012 782.423738479614 710.802642822266 679.036506652832 655.020980834961 818.183828353882 789.171436309814 639.373886108398 687.408073425293 877.661209106445 1016.50213623047 723.865600585938 816.575164794922 781.196151733398 879.227035522461 839.840611457825 805.791046142578 693.195526123047 1281.37066650391 949.851989746094 677.216583251953 1318.89176940918 862.483894348145 770.998260498047 850.296543121338 818.853271484375 699.329360961914 796.939811706543 849.519046545029 729.203811645508
728.480407714844 596.639434814453 666.036506652832 767.796821594238 868.578811645508 611.77286529541 732.92261505127 609.743942260742 677.088180541992 720.550964832306 684.650009155273 606.459106445312 625.261749267578 657.642936706543 697.14591217041 645.470672607422 747.202656507492 765.653789520264 965.965270996094 762.67188501358 755.217821121216 753.048332214355 558.360321044922 630.832580566406 549.263671875 1188.28550720215 696.604873657227 1046.08892822266 1153.73020935059 510.222229003906 802.236251831055 629.645355224609 796.710235595703 746.306396484375 1172.74247360229 1503.02710723877 1206.9778213501 828.764478683472 1189.57312011719 1249.71663665771 784.440986633301 772.251068115234 910.821952819824 786.700592041016 1117.52188110352 1019.20397949219 1368.7873840332 748.438629150391 956.343711853027 947.57785987854
876.354415893555 777.448680877686 882.219375610352 713.36275100708 731.015239715576 799.016845703125 604.777130126953 652.314872741699 711.22730255127 670.925930023193 737.501249313354 765.318923950195 777.917921066284 650.767276763916 726.566379547119 850.348045349121 670.536224365234 689.974075317383 642.170272827148 703.642692565918 623.997528076172 563.639984130859 563.007125854492 623.484252929688 561.255325317383 933.379333496094 780.608253479004 988.179595947266 702.415832519531 1282.24254608154 862.101448059082 835.538116455078 647.597579956055 986.01008605957 867.354818344116 1214.08659362793 1308.59342861176 609.657318115234 907.258514404297 1036.02397155762 717.686233520508 764.233879089355 1129.48988342285 903.328521728516 890.612129211426 903.491348266602 800.710205078125 943.512268066406 883.884704947472 889.263192176819
736.536117553711 928.756317138672 807.96004486084 716.681488037109 692.643249511719 632.999092102051 635.706825256348 692.794515609741 711.843024253845 623.393775939941 805.795684814453 901.144424438477 667.536178588867 854.807525634766 837.214363098145 765.103412628174 673.19408416748 632.241104125977 612.06063079834 764.60688495636 727.091153144836 770.189266204834 510.742904663086 648.612373352051 535.952072143555 688.572288513184 656.565101623535 820.07218170166 781.201971054077 963.848449707031 1090.94128417969 663.07893371582 651.047058105469 788.004409790039 834.251294136047 863.538120269775 1091.18543243408 858.579811096191 1585.80490112305 1069.36533355713 703.301849365234 719.43611907959 952.94108581543 860.1139087677 623.656204223633 1090.68105125427 856.793609619141 1921.34183835983 700.966354370117 771.004463195801
673.413917541504 739.891803741455 823.902496337891 712.050770998001 704.88800907135 655.217121124268 611.220489501953 678.184543609619 700.519268035889 647.479125976562 696.024433135986 805.741401672363 706.330375671387 617.812431335449 823.959518432617 578.073013305664 613.349021911621 722.924813270569 674.260108947754 774.88794708252 733.802627086639 651.340461730957 625.301643371582 576.191848754883 693.129379272461 984.076202392578 732.94792175293 745.583740234375 651.533332824707 667.200668334961 613.354553222656 755.389465332031 644.669036865234 704.159873962402 1229.83023071289 854.436798095703 742.211158752441 743.504371643066 813.881240844727 766.127462387085 854.240943908691 751.663864135742 960.658958435059 1056.85298204422 757.871116638184 807.48051071167 789.053939819336 813.319030761719 707.048446655273 798.360336303711
695.111794948578 674.624704360962 668.881303787231 731.844161987305 568.349349975586 787.396179199219 687.045886993408 645.966083526611 658.577049255371 598.333808898926 683.270889282227 794.856750488281 743.21586227417 620.463325500488 733.014698982239 592.138092041016 805.499137878418 623.017478942871 681.7047996521 640.439430236816 759.918556213379 636.368896484375 677.489051818848 676.050941467285 718.521865844727 787.561570882797 721.990386962891 901.181041717529 616.909561157227 666.572845458984 816.969207763672 826.866882324219 732.968070983887 659.865997314453 856.822975158691 843.435668945312 719.539794921875 1151.10456085205 789.922866821289 885.298126220703 1136.62061309814 900.291368484497 858.230743408203 865.639579772949 670.25993347168 904.008195877075 723.850662231445 1022.90173339844 966.688133239746 777.988121032715
732.820533752441 539.829147338867 619.453804016113 477.202529907227 785.228321075439 790.469841003418 499.728988647461 503.194900512695 502.689407348633 665.63126373291 690.973384857178 566.60173034668 589.368667602539 746.059131622314 819.585021972656 703.584260940552 676.215145111084 614.729019165039 821.77702331543 778.28653717041 767.440851211548 679.925567626953 534.979248046875 652.327972412109 631.166641235352 992.710426330566 901.902877807617 637.227523803711 733.409637451172 735.665473937988 822.088912963867 933.798782348633 807.680419921875 1165.30987548828 993.848876953125 785.376274108887 674.377304077148 744.477874755859 846.920063018799 924.979141235352 824.525588989258 695.035659790039 788.023916244507 843.000576019287 632.965637207031 633.616790771484 805.628463745117 634.543716430664 828.569750785828 809.432754516602
722.808410644531 627.192699432373 552.088668823242 567.992301940918 525.339813232422 604.928535461426 679.732702255249 729.931716918945 665.585739135742 746.923118591309 653.748420715332 666.392875671387 685.564331054688 857.67268371582 752.600875854492 690.515526771545 754.810478210449 602.25749206543 523.825927734375 618.459693908691 711.828296661377 609.726593017578 623.275894165039 561.904861450195 864.533683776855 825.219688415527 785.038024902344 604.343948364258 735.595581054688 762.536682128906 503.291351318359 603.887619018555 894.919540405273 1242.18910980225 717.395294189453 569.323791503906 875.870086669922 646.564208984375 851.193237304688 1018.70291900635 724.638198852539 748.483310699463 740.15550994873 649.67724609375 690.014823913574 730.14981842041 1354.70427703857 954.050842285156 894.82014465332 722.363784790039
700.813842773438 932.667841911316 879.915633201599 524.972564697266 615.329902648926 593.592262268066 574.018325805664 803.418991088867 600.097305297852 656.908485412598 1163.51155853271 680.859233856201 720.531734466553 666.709938049316 746.34831237793 946.37052154541 713.017913818359 653.803672790527 637.056144714355 1664.31300354004 725.652496337891 482.307769775391 490.148742675781 1021.49945068359 905.644678115845 572.836395263672 608.552642822266 711.625801086426 587.415878295898 530.994537353516 718.30891418457 1068.7393450737 714.979888916016 823.545783996582 639.464782714844 1031.82287597656 892.530410766602 1039.67867660522 839.515124320984 749.212684631348 1202.84265899658 797.024946212769 877.922302246094 667.874618530273 727.307434082031 723.830230712891 621.031005859375 826.843673706055 690.501083374023 506.48828125
573.904930114746 731.462596893311 659.77942276001 714.478862762451 734.983348846436 675.633392333984 688.293113708496 534.109535217285 657.311164855957 701.405963897705 812.267597198486 1387.7147064209 983.332443237305 1066.38028717041 1008.25116729736 1499.88095092773 533.633224487305 889.048095703125 732.027862548828 480.19206237793 552.068115234375 491.101806640625 662.811950683594 643.662231445312 757.078426361084 694.602096557617 732.99214553833 824.432052612305 812.977886199951 806.473352432251 704.554748535156 798.903823852539 1077.30556488037 693.239013671875 731.691055297852 631.258453369141 1111.07150268555 705.001770019531 674.494720458984 721.984313964844 836.423728942871 870.863251686096 731.255180358887 850.942367553711 776.807697296143 920.547622680664 832.816348075867 822.541084289551 684.28450012207 637.42350769043
579.49169921875 720.175624847412 954.572418212891 743.79443359375 733.200336456299 736.727825164795 782.971473693848 1228.25840759277 607.107864379883 813.857988834381 750.257796704769 815.897430419922 652.291862487793 664.004211425781 606.032203674316 1522.98246765137 668.465698242188 1272.97480773926 585.316879272461 558.581741333008 1441.41589355469 1506.48727416992 1652.57232666016 701.937957763672 887.563949584961 1102.39442443848 655.690704345703 653.176971435547 792.618323326111 823.484869003296 993.595897674561 725.198623657227 813.034564971924 703.046478271484 1006.7112121582 816.219081878662 1144.48419189453 1050.34897994995 700.540512084961 1328.20259094238 1383.47249221802 965.6228505373 1646.19860839844 818.572255164385 828.720058441162 654.59659576416 786.924485445023 694.765029907227 800.009811401367 550.901153564453
686.229822158813 785.094856262207 695.171241760254 651.52112197876 634.819667816162 726.169258117676 580.989463806152 610.04451751709 653.541954040527 665.268371582031 724.860404968262 605.231552124023 829.297313690186 789.615725040436 749.75560760498 507.335083007812 1056.51033401489 609.700531005859 733.703426361084 527.972732543945 555.298156738281 673.542747497559 1761.92398071289 1822.12683105469 683.681625366211 661.677001953125 777.341575622559 788.826822280884 622.770919799805 940.547828674316 786.141405105591 827.707492828369 812.634627580643 902.610298156738 736.787269592285 652.266967773438 593.427223205566 875.843536376953 857.057327270508 1002.14050292969 609.795654296875 873.54842376709 829.415130615234 945.657806396484 829.774452209473 894.536888122559 593.11051940918 621.131851196289 547.422454833984 798.27783203125
685.417737007141 602.333248138428 732.07495880127 594.38883972168 639.593353271484 695.129138946533 530.157775878906 482.127258300781 744.048789978027 696.036655426025 591.966217041016 671.196865081787 544.619689941406 750.614025115967 665.54976272583 638.895252227783 628.668823242188 719.358154296875 595.299407958984 548.635726928711 606.60432434082 551.431213378906 1115.16579437256 572.848449707031 679.748428344727 802.7265625 842.730297088623 766.384098052979 785.611867904663 812.566247940063 858.51452255249 750.128715515137 777.315036773682 862.643459320068 975.070411682129 1085.16845703125 736.868377685547 774.694952964783 621.599746704102 646.261039733887 663.129745483398 842.070556640625 694.468315124512 810.224584579468 736.254638671875 876.595626831055 877.921867370605 545.628204345703 434.885284423828 1182.49786376953
614.161193847656 607.740856170654 756.778369903564 702.515710830688 737.193683624268 606.983222961426 640.440299987793 712.244850158691 659.125825881958 572.619003295898 671.599225997925 642.128238677979 698.457405805588 499.412887573242 602.345573425293 563.58903503418 620.621337890625 709.224057674408 547.611572265625 761.586850166321 679.499778747559 779.429252624512 999.682083129883 652.089302062988 1028.54444885254 657.097213745117 877.858039855957 655.417930603027 625.905151367188 800.138824462891 870.704586029053 870.840408325195 780.395692825317 972.878136634827 697.133567810059 637.095153808594 890.804088592529 643.283493041992 610.588500976562 853.935630321503 866.151744842529 515.983093261719 803.246090888977 744.116321563721 803.441411972046 588.809509277344 760.418697357178 646.009582519531 944.315460205078 2227.59613037109
591.960075378418 622.964605331421 680.574870586395 579.836990356445 666.527679443359 641.594064712524 485.172180175781 579.270515441895 601.320938110352 538.638046264648 596.919387817383 747.778087615967 616.479034423828 660.504764556885 775.483055114746 713.1387758255 593.47159576416 713.646684646606 632.879066467285 1029.53167819977 710.959945678711 766.965698242188 536.434417724609 618.811309814453 695.074096679688 886.651405334473 751.587829589844 894.2672996521 703.909713745117 839.948322296143 869.299549102783 699.338331222534 696.517414093018 878.770416259766 766.098384857178 571.193511962891 580.266067504883 659.278579711914 889.070022583008 783.317565917969 595.492904663086 695.857620239258 673.85799407959 807.834589004517 821.934764862061 770.256078720093 742.693157196045 606.810440063477 1211.24301147461 1602.17465209961
681.949234008789 674.278017044067 640.429470062256 669.841766357422 663.487941741943 725.767551422119 639.684677124023 685.248410701752 514.691680908203 557.057800292969 527.959213256836 562.379653930664 600.132415771484 829.703308105469 654.696041107178 699.465381145477 592.165115356445 759.905235290527 657.905738830566 567.109939575195 1090.68726348877 1194.96133422852 624.794059753418 562.007858276367 666.89347076416 780.186340332031 770.666595458984 940.072021484375 766.208404541016 841.771995782852 689.022872924805 681.04647064209 626.146987915039 643.937980651855 762.927164077759 587.350692749023 652.075096130371 514.432281494141 1146.35627365112 521.408935546875 695.626792907715 768.667165637016 856.809608459473 667.073211669922 678.535972595215 676.358619689941 782.142221450806 601.679977416992 535.440124511719 1172.22138977051
517.254852294922 677.56467628479 541.803146362305 680.213181495667 543.030075073242 644.504314422607 666.990705013275 728.169101715088 760.413551330566 708.173980712891 619.067726135254 665.009675979614 600.896682739258 746.170154571533 732.218502044678 689.26805639267 631.709861755371 757.835681915283 737.522396087646 702.902407646179 513.143218994141 692.25611114502 521.201736450195 612.567428588867 640.411346435547 723.78647518158 630.738571166992 653.263305664062 702.48837852478 1215.32732391357 733.900898218155 685.050716400146 663.22395324707 702.494037628174 623.240287780762 638.328010559082 759.628231048584 847.306357383728 694.47847366333 766.470700025558 826.132301330566 677.06177520752 837.890747070312 627.22102355957 655.581184387207 757.498550415039 572.288665771484 814.458082199097 692.343803405762 636.579620361328
596.862358093262 633.416767120361 620.222518920898 638.989364624023 738.02742767334 683.45148563385 707.15535736084 708.009043693542 610.028717041016 743.437889099121 614.361038208008 626.074485778809 550.768280029297 785.721343994141 607.502960205078 651.282152175903 588.246696472168 677.781896591187 724.683755874634 528.841949462891 797.072813987732 654.361755371094 585.422973632812 655.235809326172 674.50870513916 683.992599487305 715.043319702148 639.305442810059 679.254859924316 655.659851074219 809.566993713379 743.024084091187 653.940757751465 542.228149414062 527.268936157227 649.670150756836 742.702606201172 726.706893920898 707.77645111084 606.742874145508 741.992465496063 791.773872375488 687.890747070312 741.100612640381 526.656356811523 687.712585449219 812.649574279785 691.205039978027 702.436653137207 788.796935558319
662.124465942383 543.957168579102 783.647064208984 617.405345916748 672.221879959106 581.242301940918 558.96036529541 717.216156005859 881.640045166016 665.237664222717 713.905473709106 668.547550201416 636.766311645508 833.063003540039 684.962711334229 653.896869659424 681.883848190308 738.350807189941 629.474487304688 746.057926177979 615.482955932617 591.926246643066 616.186813354492 580.802551269531 457.321975708008 539.861083984375 707.940108299255 742.443531394005 717.240779876709 818.405044555664 648.295669555664 537.291076660156 637.221786499023 635.709915161133 658.340545654297 829.809516906738 699.047466278076 711.635111808777 845.339660644531 721.788566589355 645.059860229492 649.26863861084 642.229476928711 646.626647949219 535.937149047852 765.900137916207 651.764549255371 728.499103546143 516.394378662109 762.399842739105
620.88151550293 803.546508789062 791.687431335449 617.838375091553 683.532070159912 612.304523468018 664.537727832794 659.211835861206 527.369125366211 685.607151985168 740.437294006348 666.44402885437 740.102828979492 620.327457427979 642.627643585205 784.274040222168 811.27904510498 844.160552978516 720.360691070557 758.312973022461 805.057075500488 604.234733581543 724.376669406891 630.459091186523 572.74186706543 655.33288192749 703.332033157349 781.088119506836 701.550336837769 860.80778503418 718.972929000854 735.710480690002 585.528503417969 710.81781578064 830.554351806641 750.419654846191 626.886741638184 746.412971496582 792.461177825928 805.232727050781 696.676307678223 772.425168991089 704.863529205322 794.535736083984 848.222259521484 720.575923919678 498.127410888672 584.235549926758 580.500793457031 657.122482299805
644.373586654663 601.975662231445 630.675239562988 667.863441467285 762.370140075684 594.41527557373 723.138561248779 550.997055053711 431.403167724609 664.452987670898 648.97204208374 592.682266235352 689.419602394104 577.170600891113 719.193878173828 787.799736022949 797.048408508301 865.730804443359 787.096343994141 536.840057373047 654.626663208008 689.235487937927 608.671043395996 549.83056640625 542.454650878906 727.552451133728 718.168255507946 745.724235534668 669.865539550781 849.672973632812 638.199363708496 812.408538818359 772.658569335938 671.950332641602 599.339233398438 754.854316711426 892.10523223877 835.093742370605 718.808135032654 734.800368785858 728.521855354309 731.720036506653 739.258470058441 679.383399963379 555.718841552734 780.241623401642 717.029781341553 574.517715454102 607.075225830078 768.76784992218
