export/dem/dem9.asc
NCOLS 350
NROWS 171
XLLCORNER 152620
YLLCORNER 418050
CELLSIZE 100
NODATA_VALUE -9999
[rows 88 to 109 of 171, columns 200 to 249 of 350]
879.808792114258 521.135772705078 631.644218444824 482.443420410156 490.773803710938 727.949821472168 725.031448364258 684.276237487793 586.912223815918 688.567714691162 541.467918395996 596.36254119873 618.199310302734 758.100738525391 768.734977722168 625.090370178223 758.489852905273 822.233932495117 661.521820068359 526.746002197266 562.165985107422 640.647850036621 641.761872291565 692.632461547852 671.285284996033 674.491883277893 559.40217590332 677.36859703064 703.739940643311 730.61336517334 819.701232910156 633.91615486145 590.905632019043 537.550827026367 484.432891845703 612.893007278442 636.900496006012 467.685119628906 645.450393676758 729.38369679451 696.15260887146 702.015975952148 750.128219604492 823.478137969971 752.041852474213 659.272392272949 746.337683677673 960.469853878021 837.745578765869 924.734474182129
723.137622833252 636.676719665527 540.59716796875 507.366561889648 723.225170135498 600.987422943115 674.782176971436 646.379317045212 474.457534790039 556.229263305664 687.402019500732 601.928987503052 740.576210021973 852.860885620117 735.794258117676 664.148204803467 749.087463378906 746.208274841309 674.507309913635 634.668560028076 514.536209106445 620.362697601318 902.80989074707 589.983169555664 764.622940063477 725.67361831665 663.323543548584 672.812560796738 698.682167053223 627.705450057983 779.769104003906 667.363367080688 524.692771911621 683.384178161621 699.151542663574 476.910232543945 657.464317321777 507.21395111084 604.286933898926 636.220329284668 718.276194572449 648.318832397461 633.084747314453 763.502468109131 604.85173034668 695.516502380371 875.439193725586 1044.52145385742 1041.46272945404 987.919143676758
635.773752212524 946.313781738281 707.770206451416 678.237683296204 640.434383392334 608.653888702393 651.965026855469 676.283887863159 719.540863037109 615.673013687134 645.430440425873 896.668792724609 617.664110183716 627.1294952631 593.17537689209 598.484062194824 543.693580627441 662.47908782959 650.408881187439 570.500137329102 586.911079406738 615.022796630859 659.595226168633 696.217227935791 729.959014892578 610.284729003906 776.285263061523 603.407180786133 713.293579101562 565.822044372559 583.547271728516 622.289751887321 566.42085647583 557.406284332275 575.453124046326 526.998146057129 549.513137817383 732.591613769531 706.887874603271 689.199745178223 855.460754394531 758.881128944457 691.013648986816 857.722023963928 516.608245849609 557.173721313477 664.072444915771 921.129942893982 912.321890830994 790.345226287842
479.453140258789 501.468437194824 481.475997924805 503.220352172852 527.380828857422 654.586958885193 642.721581459045 669.931167602539 721.146408081055 552.305450439453 684.93004989624 570.387935638428 692.939231872559 654.030284881592 610.790826797485 536.968635559082 658.685531616211 714.735427856445 497.723678588867 654.168673038483 675.518978118896 539.915115356445 835.496490478516 680.901715993881 805.337059020996 642.376024246216 719.034906387329 698.043704986572 716.43469619751 598.986907958984 499.837844848633 735.522095680237 519.427856445312 777.455841064453 632.779182434082 687.901885986328 599.394645690918 865.383758544922 714.184797286987 711.690944671631 791.300205230713 761.341911315918 869.794174194336 685.843673706055 669.54573059082 622.274490356445 657.114014625549 735.554974555969 944.799423217773 777.144805908203
650.114740371704 610.467116355896 653.443939208984 588.432364463806 586.319488525391 570.509094238281 541.060005187988 651.668703794479 728.612800598145 698.744701385498 518.570022583008 665.938049316406 639.054864883423 609.572861194611 574.5888671875 676.59969329834 662.76895904541 621.353494644165 611.06925201416 484.475051879883 807.802185058594 740.684020996094 718.385281562805 686.566396713257 703.655771255493 803.412590026855 953.860855102539 760.020355224609 682.499473571777 616.353332519531 628.381946563721 532.544479370117 644.911470413208 624.496105194092 710.772811889648 653.632169246674 633.6360206604 720.075126647949 681.935302734375 579.479586601257 565.150283813477 629.191970825195 690.985744476318 646.221885681152 612.466415405273 521.922927856445 601.467113494873 792.722923278809 926.697547912598 902.596092224121
587.476684570312 676.170867919922 553.68782043457 582.669864654541 485.508422851562 955.46949005127 525.518417358398 637.888255596161 476.157821655273 740.431907653809 588.39266204834 784.694107055664 528.988182067871 667.40979385376 618.504241585732 626.328701972961 695.232803344727 660.132556915283 673.787274360657 633.86791229248 556.362464904785 561.00926399231 663.135726928711 726.742834091187 605.372520446777 584.307968139648 814.69416809082 652.48663520813 749.594436645508 652.317011356354 541.959106445312 640.839179992676 624.0888671875 746.078499794006 797.454849243164 812.495006561279 684.841781616211 746.613723754883 715.275531768799 740.098382949829 748.072929382324 457.961624145508 685.684074401855 597.701812744141 496.924789428711 525.374099731445 693.372899055481 832.307998657227 841.084766387939 914.01921081543
722.353988647461 635.808387756348 553.610122680664 687.332046508789 734.99340057373 556.246795654297 799.931211471558 516.665344238281 694.821147918701 494.796142578125 635.411884307861 583.326847076416 629.175166130066 594.631372451782 645.591314315796 578.367969512939 518.485534667969 640.700033664703 566.919166564941 668.24668097496 766.485717773438 602.421054840088 712.91096496582 783.265777587891 750.024482727051 686.2744140625 785.855590820312 720.727729797363 771.770980834961 588.69832611084 672.219989776611 823.118812561035 702.540986061096 617.198165893555 772.558637619019 844.863433837891 738.312969207764 781.71240234375 574.543258666992 689.435997009277 616.00048828125 678.110033035278 567.364402770996 679.410914421082 598.397132873535 726.775783538818 754.662422180176 626.204116821289 806.075294494629 752.319629669189
837.269439697266 571.618019104004 718.052731513977 732.169567108154 862.93098449707 713.307670593262 632.922470092773 693.79426574707 639.011318206787 737.090217590332 634.636631011963 656.658805847168 655.581245422363 605.5966796875 806.106658935547 526.680541992188 668.188247680664 705.407886505127 695.73299407959 504.895462036133 568.000343322754 662.794878005981 633.747894287109 653.867660522461 671.016893386841 716.403297185898 606.547409057617 877.447769165039 568.493545532227 709.548889160156 764.113143920898 665.874179840088 652.684543609619 563.960601806641 636.97632598877 582.899017333984 863.568992614746 744.488651275635 717.599052429199 613.932998657227 587.877136230469 594.131790161133 759.993949890137 717.5759973526 650.546051025391 737.076171875 675.307455062866 459.60302734375 847.985542297363 603.13550567627
757.114501953125 758.865867614746 738.385610580444 729.272891998291 708.521427154541 693.582097053528 614.608570218086 655.116008758545 592.031326293945 731.483741760254 605.58763885498 720.637981414795 733.971557617188 693.106105804443 816.759399414062 765.083679199219 616.443230628967 763.796188354492 830.901290893555 619.62193107605 634.704551696777 669.547137975693 763.255428314209 573.773208618164 614.783851623535 630.249914169312 714.251960754395 735.837554931641 643.655040740967 746.912715911865 768.798515319824 839.740875244141 585.522438049316 602.13117980957 709.591116905212 764.876653671265 675.122085571289 680.054248809814 580.263298034668 651.696571350098 617.980857849121 619.998695373535 730.261082649231 695.158177375793 629.597061157227 662.857498168945 723.793100357056 708.135261535645 672.601558685303 708.369401931763
620.239345550537 650.329235076904 642.988792419434 763.512782096863 898.908798217773 672.871810913086 539.85913848877 936.917316436768 638.080635070801 694.700136184692 872.007827758789 804.369918823242 559.762161254883 750.003730773926 618.160175323486 515.611770629883 478.653930664062 529.284828186035 584.239231109619 638.092512130737 686.497741699219 829.574172973633 616.305271148682 768.686782836914 696.321136474609 865.567184448242 619.293335914612 723.85684967041 698.215538024902 589.241142272949 644.244272232056 603.932601928711 719.311836242676 507.123825073242 490.398971557617 626.676605224609 633.452033996582 531.025848388672 591.595352172852 657.321537017822 519.468276977539 521.631988525391 554.250717163086 679.930068969727 681.751617431641 601.436599731445 639.80005645752 697.49521446228 844.513572692871 833.776779174805
870.371551513672 665.498023986816 820.245635986328 817.030166625977 754.734369277954 884.877243041992 490.690322875977 658.219780921936 668.240482330322 620.240955352783 735.675163269043 673.381244659424 717.58317565918 632.602230072021 662.771656036377 574.975517272949 624.783705711365 671.272872924805 378.174713134766 470.658172607422 725.91716003418 685.616544723511 712.452201843262 835.876052856445 833.26220703125 836.07674407959 801.007425308228 727.556015014648 605.326316833496 719.427349090576 720.794351577759 577.501777648926 574.164993286133 582.879859924316 526.163200378418 672.216598510742 553.218223571777 599.810234069824 534.171020507812 631.117244720459 555.843788146973 514.135917663574 550.373260498047 533.76872253418 739.277433395386 784.944235444069 778.974843978882 910.883127212524 707.26082611084 640.306716918945
948.897422790527 626.55898976326 864.424728393555 965.313415527344 794.58118057251 881.661293029785 777.485088348389 723.397990703583 845.472076416016 647.488300323486 540.896095275879 609.151205062866 603.225772857666 648.017162322998 708.04278755188 670.923166275024 473.383743286133 512.873115539551 434.974029541016 531.943351745605 552.147407531738 719.732322692871 621.095838546753 750.025863647461 797.029205322266 667.798942565918 972.290111541748 744.774871826172 702.840307950974 694.792466640472 616.247581481934 643.711894989014 538.659133911133 452.625885009766 657.4943151474 456.406265258789 558.104766845703 398.815643310547 502.795379638672 694.467932224274 518.705337524414 586.404403686523 662.916873931885 690.405166625977 666.297119140625 609.930694580078 897.622253417969 1107.15529251099 884.192390441895 911.472770690918
927.311584472656 928.563552856445 574.077949523926 856.683258056641 851.656188964844 893.361099243164 644.503929138184 780.952789306641 658.191520690918 726.568117141724 719.092636108398 586.689926147461 615.360179901123 750.62154006958 749.404247283936 689.878490447998 438.183074951172 647.078621268272 782.617080688477 563.507102966309 713.637702941895 710.110473632812 547.13395690918 925.995579719543 644.512184143066 650.329109191895 929.586280822754 757.956092834473 958.383247375488 1222.15724945068 1199.94860839844 764.39351272583 430.391418457031 527.125198364258 689.192066192627 704.644309997559 933.967426300049 668.743368148804 561.666030883789 599.834800720215 597.286148071289 545.358505249023 729.900680541992 552.565292358398 722.07682800293 904.174156188965 1049.44606781006 672.415023803711 845.909606933594 892.859214782715
782.927215576172 867.173416137695 750.797401428223 845.047035217285 903.149795532227 698.746047973633 765.556655883789 653.415000915527 807.227306365967 982.511562347412 778.357276916504 591.402992248535 659.445230543613 636.80770111084 874.393157958984 781.900686264038 700.796768188477 710.419158935547 531.45775604248 563.225337982178 481.170074462891 672.050908088684 659.464975357056 810.71614074707 622.920736312866 761.961135864258 666.625579833984 661.025060653687 529.037673950195 588.91446685791 491.038864135742 418.794006347656 579.876800537109 1286.34018707275 690.243286132812 924.765254974365 1249.43227767944 900.450119018555 621.057098388672 664.391860961914 784.904846191406 519.34733581543 766.525964736938 650.78197479248 542.262847900391 786.936485290527 930.76587677002 1059.68760681152 1390.41387557983 554.935134887695
821.170412480831 816.043148040771 835.378662109375 603.025375366211 742.284685134888 682.294815063477 865.194511413574 597.277862548828 750.689750671387 894.686088562012 873.520919799805 633.70824432373 801.482719421387 669.363965034485 665.13094329834 598.177871704102 827.580993652344 687.541410446167 613.366035461426 633.445073127747 624.52674216032 626.142091751099 553.104507446289 604.492218017578 622.147506713867 527.139434814453 606.915908813477 597.746795654297 531.874710083008 550.904800415039 483.116714477539 439.643249511719 408.521118164062 666.426372528076 672.67333984375 653.826057434082 661.993540525436 1141.39064788818 484.792831420898 467.919555664062 505.942825317383 623.859214782715 1068.20349121094 633.598739624023 1166.14947128296 906.129890441895 614.460083007812 944.949764251709 1050.16703796387 763.112668991089
599.942337036133 892.335983276367 938.69596862793 657.265506505966 806.045635223389 783.587686538696 801.352573394775 760.268569946289 827.109201431274 867.975898742676 737.029613494873 947.008330281824 620.820014953613 655.309488296509 663.938190221786 664.179284095764 675.903518676758 714.137724876404 681.037992477417 479.963073730469 383.732238769531 537.709819793701 638.832160949707 584.140163421631 667.456893920898 496.645538330078 561.197135925293 571.846755981445 572.954750061035 535.693023681641 530.715133666992 319.244079589844 451.917068481445 544.833541870117 697.320526123047 607.949478149414 894.303939819336 873.810562133789 750.486938476562 554.009963989258 600.196640014648 757.25443649292 911.962875366211 589.289306640625 977.048500061035 1148.41371154785 792.10255241394 1098.50523948669 744.175670623779 1308.92191314697
-9999 705.715879440308 829.762260437012 706.755409240723 813.168991088867 699.950706481934 705.217350006104 767.649991989136 735.485382080078 783.968006134033 865.440826416016 1020.87349700928 800.879287719727 582.641426086426 621.146113872528 590.277746200562 678.916290283203 511.323554992676 348.719589233398 519.771690368652 499.47102355957 780.210731506348 493.060028076172 884.467376708984 783.286514282227 677.817667007446 693.472148895264 600.666086196899 528.757171630859 502.592315673828 662.773616790771 387.728698730469 470.636169433594 490.178802490234 946.443778991699 455.495727539062 461.371612548828 541.128295898438 609.46036529541 564.066848754883 547.498916625977 687.139511108398 853.292846679688 660.60986328125 720.437927246094 1035.47721099854 664.555358886719 663.447036743164 703.378662109375 990.862606048584
-9999 701.569820404053 746.196269989014 680.153350830078 782.368217468262 714.648262023926 860.048324584961 709.939472198486 882.715347290039 823.244454860687 889.768646240234 844.754440307617 638.934719085693 749.003067016602 713.277011871338 597.124744415283 466.303573608398 611.841941833496 674.108116149902 537.247833251953 522.823219299316 694.658954620361 601.443099975586 488.144958496094 1016.0495223999 542.878189086914 539.035957336426 473.009475708008 361.568695068359 700.028583526611 526.113471984863 669.966795921326 409.481887817383 449.439117431641 1045.70133972168 625.39874458313 619.720314025879 461.048278808594 577.381004333496 522.163009643555 683.904777526855 655.879066467285 818.177558898926 722.546745300293 690.576766967773 653.056777954102 834.536468505859 732.265663146973 649.072601318359 590.04704284668
-9999 -9999 833.006980895996 699.511534690857 588.809761047363 680.844879150391 686.756965637207 671.364120483398 815.372585296631 910.868453979492 746.779712677002 719.808506011963 663.016981363297 523.792137145996 825.64582824707 657.170463562012 457.070022583008 591.771747589111 381.158874511719 598.726974487305 649.826600551605 577.685794830322 682.53461933136 472.565444946289 601.046875 438.507293701172 525.499267578125 774.223136901855 462.43994140625 509.152191162109 593.846557617188 539.089828491211 558.994407653809 565.505302429199 781.161842346191 585.149768829346 713.125728607178 665.59424495697 750.227531433105 582.634155273438 695.814641952515 688.127658843994 699.908569335938 676.209442138672 654.057472229004 714.190738677979 489.824462890625 583.884674072266 801.295104980469 742.208610534668
-9999 -9999 910.713821411133 989.79545211792 625.848865509033 651.579167366028 583.308181762695 673.944709777832 849.269165039062 847.187461853027 1046.96863555908 703.467777252197 698.809787750244 678.55298614502 622.10114467144 640.371154785156 539.467391967773 406.820434570312 507.85982131958 619.480964660645 508.945854187012 680.887023925781 560.129026412964 472.768753051758 499.664260864258 709.72745513916 341.720123291016 600.976638793945 466.344711303711 563.41480255127 466.97135925293 723.384635925293 472.443359375 544.690055847168 613.529304504395 590.911827087402 734.686995506287 710.670349121094 736.231999874115 684.001953125 865.45686340332 776.037017822266 802.636196136475 736.802352905273 701.55859375 778.498962402344 604.632904052734 862.190781593323 1053.25634765625 761.155090332031
-9999 -9999 -9999 703.388282775879 559.167419433594 616.794311523438 860.512619018555 684.770141601562 663.05687713623 765.808067321777 649.873238563538 727.65514755249 667.379438400269 732.32103729248 634.07514667511 610.039776802063 723.72966003418 626.634311676025 524.22057723999 526.0299949646 578.803218841553 374.01611328125 623.148094177246 1355.07576751709 540.21395111084 561.821136474609 630.786670684814 556.124694824219 479.080291748047 704.25807094574 779.672939300537 646.322916030884 601.386322021484 463.372207641602 666.534258842468 800.058725357056 614.11310005188 756.551210403442 802.063827514648 605.693681716919 688.391136169434 700.338417053223 796.988574981689 660.928329467773 612.632598876953 624.420166015625 636.02995300293 631.479835510254 633.273368835449 1170.23948097229
-9999 -9999 -9999 733.489734649658 662.953044891357 657.750308513641 915.386566162109 770.427522420883 704.132431030273 1010.46880340576 724.125339508057 647.120330810547 716.442584991455 665.712584972382 617.328578948975 548.957504272461 494.848350524902 488.693664550781 649.507526397705 534.45629119873 566.503795623779 503.399505615234 659.354019165039 852.19965839386 601.606632232666 679.60080909729 595.373748779297 649.314977645874 673.465688467026 604.907623291016 731.334278106689 788.961563110352 568.838272094727 559.503845214844 550.338752746582 955.31379699707 697.974878311157 716.877081871033 713.963706970215 532.796508789062 515.090057373047 629.395721435547 637.391563415527 873.978698730469 814.261856079102 1174.15815734863 601.206848144531 746.30834197998 1137.40095901489 891.847267150879
