export/dem/dem93.asc
NCOLS 350
NROWS 171
XLLCORNER 152620
YLLCORNER 418050
CELLSIZE 100
NODATA_VALUE -9999
[rows 132 to 153 of 171, columns 250 to 299 of 350]
776.033687591553 820.533172607422 829.570838928223 672.260131835938 941.052520751953 541.156677246094 511.314949035645 721.890029907227 694.589393615723 870.506671905518 727.381884098053 916.085433959961 818.561561584473 865.001686096191 752.119480133057 954.122894287109 684.261386871338 765.526080846786 1020.19567871094 649.162734985352 752.793243408203 755.031238555908 600.05655670166 780.702445983887 762.06466293335 654.486307144165 729.361480712891 715.232370376587 544.692527770996 703.309505462646 784.981094360352 617.093729019165 560.810722351074 716.58171081543 677.983360290527 746.567405700684 569.074783325195 664.555278778076 658.869625091553 734.212692260742 982.723933458328 1172.51501464844 993.857837677002 949.097427368164 955.982681274414 823.278305053711 854.048149108887 761.355434417725 855.974880218506 1021.75322341919
815.010305404663 721.578590393066 862.151348114014 964.77067565918 635.746120452881 407.248046875 591.351130485535 647.006274223328 747.756450891495 748.912357330322 826.114791870117 786.458448410034 694.200065612793 746.15854036808 827.85929107666 724.502915382385 717.23863697052 880.630363464355 998.178776741028 852.468704223633 940.573547363281 859.030792236328 676.814443588257 673.073588371277 656.482925415039 638.785419464111 559.37100982666 517.996078491211 710.414165496826 648.00988483429 590.601989746094 523.393173217773 547.15601348877 559.96996307373 622.284530639648 663.171024680138 701.900463104248 560.877128601074 627.818035125732 666.865333080292 617.736656188965 754.43684387207 1054.59779548645 1089.30324172974 1008.04725646973 964.562950134277 1159.41714096069 825.019992828369 938.085613250732 986.929481506348
899.958435058594 880.661903381348 877.69571685791 675.460009098053 580.294582366943 588.656496763229 622.927066802979 722.639739990234 865.225212097168 860.288200378418 873.444953918457 903.469909667969 882.686645507812 746.951142430305 833.598358154297 774.124555587769 685.868808746338 875.422714233398 1017.4040222168 837.09992980957 881.187072753906 839.170600891113 729.852626800537 589.27188873291 790.67000579834 673.481706976891 685.487453460693 695.926662445068 808.623168945312 760.059257507324 666.028767585754 824.739837646484 589.104042053223 653.68487739563 752.663375854492 682.70153427124 615.691478729248 724.507663726807 711.541891098022 719.536214828491 740.546787261963 791.272315979004 803.40673828125 905.248802185059 831.828475952148 854.819976806641 879.670072555542 840.860504150391 984.904228210449 844.500507354736
834.76148223877 781.057825088501 706.267021179199 586.753608703613 522.483734130859 622.62949180603 729.519733428955 737.47932434082 791.613361358643 740.491310119629 982.564041137695 1072.86709594727 823.269729614258 720.205724716187 670.768871307373 774.972608566284 788.877914428711 879.026000976562 822.568717956543 907.773574829102 767.32700252533 740.744151592255 801.127723693848 633.623252868652 734.515007019043 784.381042480469 764.020294189453 575.328247070312 736.78800201416 567.756004333496 680.600999832153 633.432716369629 546.307304382324 468.782363891602 749.735717773438 752.602355957031 600.479156494141 703.818214654922 644.890781402588 807.920707702637 777.382389068604 650.448989868164 724.41780090332 823.304641723633 658.440254211426 732.791397094727 758.063659667969 779.472183227539 902.306591033936 935.727073907852
717.14416885376 835.480155944824 642.451042175293 588.247554779053 643.845069169998 794.709520339966 789.839653015137 656.537307739258 820.204010009766 802.841581344604 768.677537918091 914.216751098633 622.183975219727 797.179260253906 671.635322570801 757.619798660278 774.489463806152 680.006851196289 806.622589111328 785.198217391968 902.293212890625 685.551706314087 667.321632385254 714.34076499939 695.074277877808 793.470901489258 748.458786010742 723.557952880859 674.42592561245 566.966053009033 699.722888946533 466.429748535156 598.633602142334 510.186584472656 629.577682495117 455.622619628906 830.694351196289 687.970144033432 807.180015563965 790.065078735352 827.654602050781 769.632637023926 707.005452752113 732.012008666992 704.34690284729 770.026260375977 846.821598052979 774.497398376465 867.341382980347 1009.31666564941
787.755462646484 872.482040405273 681.890592575073 777.437274932861 721.787261962891 802.779728889465 814.457126617432 723.796234130859 634.986175537109 719.270322799683 750.865540981293 819.712753295898 690.401439666748 745.769067764282 713.527612686157 855.28564453125 828.359390258789 860.342060089111 730.562156677246 738.347358703613 804.185745239258 766.210487365723 687.838558197021 762.077247619629 814.165176391602 908.067474365234 709.302234649658 685.679569244385 690.974361419678 704.940788269043 666.429132461548 770.450553894043 548.290298461914 463.950500488281 535.430191040039 738.042343139648 752.639251708984 706.713863372803 809.271141052246 617.912284851074 770.121120452881 749.213718414307 732.77055644989 787.289047241211 687.945430755615 571.430023193359 788.29955291748 880.793922424316 852.50980424881 809.675253510475
905.980834960938 653.153877258301 772.313095092773 869.407722473145 996.585311889648 853.282341003418 885.739669799805 790.637683868408 798.145168304443 764.791504859924 861.42537689209 961.023941040039 755.246271133423 751.45824432373 839.477485656738 663.922645568848 672.762420654297 863.110214233398 790.312980651855 758.14882850647 767.894077301025 597.818962097168 638.971252441406 699.373829603195 727.278129577637 608.70235824585 732.00944519043 691.987199783325 817.432327270508 937.240783691406 856.358139038086 761.785194396973 643.093641281128 593.816040039062 617.980514526367 685.296613693237 651.877721071243 699.503535270691 701.101072311401 818.206069946289 780.051559448242 754.828079223633 761.438613891602 753.398696899414 830.664596557617 540.842514038086 742.410636901855 858.630615234375 1007.28938293457 758.723752975464
706.670671463013 815.608871459961 890.038932800293 884.395172119141 864.892833709717 916.22004699707 823.051904678345 1003.99578857422 780.991655111313 879.333114624023 875.487037658691 728.464881896973 883.474815368652 844.781295776367 872.784637451172 778.945254087448 757.529699802399 828.990325927734 814.659523010254 753.734840393066 710.221814155579 658.961433410645 779.424139738083 700.204393386841 721.131525039673 638.186027526855 821.482772827148 754.201438903809 784.253196716309 765.779594421387 677.691251754761 810.024932861328 527.608215332031 593.668418884277 565.384475708008 806.354049682617 513.933456420898 692.176357269287 779.556381225586 654.412078857422 719.021530151367 740.836275100708 696.380173683167 787.237190246582 826.509170532227 697.48669052124 553.307899475098 757.526615142822 701.283790588379 832.577268600464
965.682540893555 883.018829345703 820.118360996246 744.533500671387 861.357048034668 823.423097610474 904.45337677002 754.245714187622 826.973171234131 828.879474639893 796.051801204681 761.265447616577 826.043479919434 868.274887084961 781.709199905396 855.658309936523 821.755491256714 965.711639404297 833.133987426758 795.160911560059 751.420291900635 714.177052497864 755.765348434448 806.906448364258 649.535202026367 792.565702438354 966.211624145508 873.820327758789 619.156867980957 777.032592773438 686.679216384888 424.216461181641 694.026348114014 620.354930877686 663.952136993408 675.719067573547 828.757675170898 796.921989440918 820.25626373291 736.331945419312 684.79009437561 859.053436279297 749.82303237915 765.012308120728 764.713291168213 760.364890098572 606.479438781738 617.568069458008 800.684036254883 802.387298583984
759.278896331787 809.754276275635 735.114524841309 808.391525268555 821.650013446808 869.455406188965 892.719009399414 811.841279983521 809.856512069702 920.156959533691 729.994781494141 728.281349182129 901.205787658691 831.268598556519 781.397752940655 737.602378845215 950.185028076172 884.517158508301 827.656719207764 792.85693359375 655.88924407959 623.191177368164 523.959228515625 691.831123352051 619.496154785156 802.359783172607 933.203308105469 955.309253692627 1066.03567504883 727.637985229492 790.343280792236 779.199775695801 726.182699203491 550.35750579834 590.418739318848 703.105985641479 839.190994262695 882.662414550781 942.066665649414 847.829956054688 766.945850372314 783.503360748291 761.917850494385 751.510816574097 926.326156616211 844.885040283203 691.205581665039 664.684103012085 549.566299438477 680.010330200195
713.837142944336 688.481437683105 1062.97607421875 908.047821044922 864.291369438171 826.636357307434 812.484990596771 580.960739135742 907.548553466797 778.708545684814 820.328349113464 804.535342216492 857.848056793213 854.58869934082 773.634666442871 857.016143798828 844.505228042603 704.393142700195 951.001861572266 792.476467132568 677.038892745972 519.366622924805 800.567565917969 821.566082000732 739.29705619812 779.306531906128 822.845886230469 856.564540863037 768.004690170288 750.564251899719 653.349617004395 641.318359375 819.004867553711 801.152618408203 816.521499633789 602.701950073242 679.788910865784 721.944179534912 692.488903045654 772.667869567871 769.288585662842 807.095336914062 836.09383392334 719.647819519043 800.482490539551 638.969139099121 834.166275024414 827.202407836914 827.992706298828 597.311042785645
662.647508621216 732.677253723145 985.863906860352 521.888702392578 757.203836679459 729.968405723572 653.70881652832 887.564910888672 762.070700645447 777.705445289612 842.456722259521 862.674453735352 860.434032440186 830.39391708374 949.018814086914 847.715209960938 872.27169418335 852.662813186646 809.792213439941 727.860599517822 805.608894348145 739.006874084473 602.158821105957 825.979675292969 840.677200317383 693.335984230042 889.546401977539 827.292278289795 801.98620223999 778.353767871857 725.86502456665 620.403465270996 687.632654190063 599.68229675293 750.642055511475 764.885944366455 665.807258605957 652.093441009521 771.755683898926 829.923370361328 732.153841018677 727.892835617065 717.934284210205 786.879623413086 662.650978088379 630.892517089844 796.851058959961 784.012241363525 785.313205718994 736.390712738037
592.504196166992 468.005218505859 747.022053718567 730.812210083008 861.794769287109 681.756256103516 660.922119140625 913.127355575562 756.179420471191 739.493854522705 842.487319946289 800.152465820312 888.995780944824 810.336196899414 831.690425872803 879.791442871094 770.119739532471 772.63842010498 814.312600135803 762.817165374756 907.692527770996 659.45458984375 883.588516235352 816.162240982056 790.968570232391 705.500749588013 731.663576126099 863.656532287598 740.865600585938 894.670776367188 1057.03117370605 740.819889068604 657.008892059326 593.377967834473 645.72290802002 704.090114593506 638.117134094238 626.727745056152 661.237457275391 849.022041320801 876.409759521484 877.662475585938 716.557365894318 776.421096801758 803.656547546387 756.303964614868 754.689968109131 916.776901245117 687.832401275635 753.482443332672
-9999 -9999 -9999 743.033462524414 789.373809814453 797.728424072266 831.908050537109 798.995519638062 704.811259746552 728.815879821777 909.748508453369 868.563507080078 977.904365539551 1020.70456695557 984.290992736816 827.629428863525 871.494555473328 1048.12768554688 823.261013031006 877.11852645874 940.505027770996 921.988662719727 947.691162109375 881.100076675415 675.634613037109 836.889129638672 775.866416931152 788.664970397949 844.123062133789 723.912994384766 987.714614868164 858.176292419434 782.538671970367 685.716636657715 657.024471282959 568.811141967773 674.49382019043 894.35139465332 798.184267044067 772.233713150024 888.062103271484 858.37052154541 726.071173191071 661.47395324707 678.959884643555 758.400049209595 627.621879577637 789.816310882568 702.693256378174 919.859588623047
-9999 -9999 -9999 -9999 -9999 -9999 845.071369171143 776.053749084473 683.792640686035 815.580226898193 609.787982940674 729.570499420166 873.271522521973 995.878036499023 993.674179077148 869.803960800171 715.515350341797 873.970243453979 842.651688098907 865.406944274902 834.467851638794 985.909149169922 923.268413543701 975.629676818848 749.14338684082 811.487922668457 852.229772567749 787.76244354248 863.040664672852 847.72639465332 710.005401611328 925.235328674316 547.113967895508 756.516717910767 780.091228485107 732.986078739166 690.726272583008 1002.35861206055 769.92399597168 861.996978759766 1034.62936401367 762.471304178238 645.852241516113 702.237689971924 558.725372314453 768.57532119751 600.802978515625 853.983421325684 699.613250732422 799.951000213623
-9999 -9999 -9999 -9999 -9999 -9999 -9999 -9999 -9999 806.607452392578 641.973815917969 685.265045166016 769.803276062012 690.512649536133 759.616270065308 683.161323547363 1207.24873352051 731.726791381836 912.57691192627 872.546710968018 963.719764709473 1029.31604003906 992.717185974121 918.439205169678 896.674123764038 744.337257385254 826.493324279785 667.183986663818 952.287979125977 915.711456298828 886.553895950317 669.538223266602 587.902679443359 856.194091796875 781.815940856934 750.093040466309 786.013717651367 731.37082195282 843.796432495117 677.190036773682 644.799625396729 617.369644165039 536.390625 617.781875610352 789.109115600586 616.043746948242 755.767272949219 698.161819458008 794.120723724365 842.898696899414
-9999 -9999 -9999 -9999 -9999 -9999 -9999 -9999 -9999 -9999 -9999 810.660495758057 705.940856933594 813.851474761963 682.981734275818 516.429000854492 811.220467090607 1262.5950012207 793.089168548584 793.661747455597 964.023742675781 996.089378356934 844.447917938232 834.207534790039 873.958371639252 791.200309753418 747.544765472412 789.799032211304 880.902053833008 946.658176422119 952.906700134277 832.90726184845 828.526161193848 635.085762023926 731.84720993042 723.178101062775 563.960067749023 683.31554889679 710.924619674683 675.442754745483 631.548690795898 596.511459350586 555.477188110352 637.822967529297 844.522399902344 881.876068115234 718.796226501465 732.683396339417 686.200576782227 676.822959899902
-9999 -9999 -9999 -9999 -9999 -9999 -9999 -9999 -9999 -9999 -9999 -9999 781.43970489502 565.431304931641 515.607192993164 533.820297241211 646.391418457031 1234.18684387207 1163.41850090027 1100.26390075684 1299.60992431641 1259.64032745361 1034.21960449219 1090.66713142395 867.150157928467 836.654502868652 780.534282684326 879.830604553223 974.275665283203 973.84838104248 854.774654388428 932.967086791992 802.444839477539 667.783134460449 768.237945556641 683.086084365845 703.405673980713 617.725936889648 707.144567489624 699.939098358154 700.507656097412 605.425048828125 683.982582092285 717.323040008545 761.421243667603 774.158206939697 785.682392120361 843.840400695801 736.600528717041 729.909023284912
-9999 -9999 -9999 -9999 -9999 -9999 -9999 -9999 -9999 -9999 -9999 -9999 642.018707275391 562.091247558594 708.207805633545 525.562164306641 530.443405151367 765.97843170166 810.743682861328 702.263458251953 768.700187683105 817.041168212891 934.001194000244 967.873672485352 798.92437505722 849.472011566162 1222.61473846436 825.818778991699 874.578430175781 1141.97262573242 963.227180480957 959.180668830872 877.273620605469 756.277029871941 661.640106201172 836.275924682617 679.048980712891 627.043350219727 636.921569824219 788.970081329346 825.606777191162 631.936447143555 710.767723083496 844.937927246094 769.369028091431 706.993278503418 739.290823459625 734.508100509644 921.59782409668 714.545833587646
-9999 -9999 -9999 -9999 -9999 -9999 -9999 -9999 -9999 -9999 -9999 -9999 -9999 819.674301147461 613.860687255859 749.131488800049 693.526546478271 703.04855632782 882.44806432724 961.177505493164 799.263847351074 771.392372131348 831.948432922363 844.772568702698 870.359745025635 788.654880523682 803.533058166504 683.745254516602 888.206413269043 658.48844909668 1266.09628295898 747.868347167969 789.703254699707 731.501037597656 758.721905708313 848.876684188843 882.212071418762 761.441474914551 865.074153900146 761.666410446167 873.928504943848 799.708904266357 724.001552581787 836.980419158936 753.638456344604 737.533647537231 885.978996276855 759.624351501465 769.381855964661 888.488159179688
-9999 -9999 -9999 -9999 -9999 -9999 -9999 -9999 -9999 -9999 -9999 -9999 -9999 -9999 856.559303283691 827.12748336792 716.484062194824 747.136436462402 909.062770843506 888.72310590744 735.222579956055 934.447078704834 797.038726806641 892.295314788818 814.613802909851 787.969429016113 833.453102111816 689.255722045898 871.445281982422 798.728750228882 844.956893920898 846.142456054688 563.979156494141 757.720765829086 720.132905960083 822.263248443604 1050.40661621094 878.659126281738 899.88102722168 895.557456970215 812.636403083801 868.286682128906 932.683120727539 860.938282012939 871.354595184326 842.581415176392 808.773122787476 681.86971282959 810.505871772766 753.248050689697
-9999 -9999 -9999 -9999 -9999 -9999 -9999 -9999 -9999 -9999 -9999 -9999 -9999 -9999 837.438980102539 810.260036468506 689.386093139648 729.575813293457 819.786898612976 750.587692260742 827.355888366699 839.913105010986 824.022617340088 973.274063110352 920.587505340576 897.305362701416 940.069313049316 787.605270385742 944.517059326172 749.724208831787 822.853723526001 842.105316162109 1159.1735534668 800.941472053528 644.699974060059 745.668075561523 819.428974151611 855.490257263184 832.976787567139 813.87273979187 822.944015562534 806.680221557617 670.397811889648 799.636131286621 849.038450241089 919.741512298584 855.136164665222 943.406188964844 803.590982437134 717.939483642578
