export/dem/dem99.asc
NCOLS 350
NROWS 171
XLLCORNER 152620
YLLCORNER 418050
CELLSIZE 100
NODATA_VALUE -9999
[rows 22 to 43 of 171, columns 100 to 149 of 350]
424.971557617188 646.847091674805 753.991500854492 523.996910095215 522.207275390625 547.603622436523 630.771125793457 556.134017944336 709.605096817017 796.63549041748 894.884922027588 596.390285491943 453.582092285156 817.003662109375 642.348236083984 542.269626617432 635.262725830078 653.207962036133 617.032897949219 636.757202148438 1018.55914306641 771.129241943359 463.92170715332 519.134124755859 586.207773208618 602.617361545563 560.194652557373 515.354679107666 547.051609039307 559.736658096313 585.249504089355 487.408660888672 670.806673049927 660.404767990112 808.072799682617 604.851257324219 616.065988183022 652.002141952515 568.726734161377 585.114234924316 679.244747161865 630.189803123474 577.623489379883 632.146249771118 611.231788635254 673.571144104004 589.562023162842 664.422393798828 543.526184082031 487.409469604492
531.606586456299 532.259300231934 380.56217956543 536.418006896973 461.245727539062 823.634735107422 629.645401000977 654.799304962158 823.794403076172 628.115695953369 1596.43149185181 492.870315551758 653.116641998291 1077.52429199219 366.189697265625 393.765014648438 771.78450012207 438.609619140625 447.840789794922 465.896377563477 601.175430297852 448.905227661133 1196.91328811646 915.283782958984 591.975189208984 692.346210479736 559.009889602661 599.750176429749 585.990577220917 551.279226303101 441.64599609375 456.435577392578 564.449542999268 641.883264064789 567.924152374268 662.141204833984 626.421510696411 635.2997174263 560.467422485352 594.792335510254 668.405288696289 579.044006347656 726.917045593262 576.995040893555 633.367084503174 543.982841491699 530.147018432617 523.362319946289 549.414203643799 561.025493621826
511.785682678223 527.171770095825 553.702545166016 510.282684326172 555.397354125977 970.807739257812 549.761650085449 716.043045043945 539.663993835449 645.69676399231 621.788269042969 972.025939941406 572.587997436523 827.916292190552 447.543075561523 574.817108154297 361.329467773438 325.305633544922 554.272857666016 708.681167602539 728.289093017578 511.465942382812 372.072967529297 565.798274993896 608.955795288086 568.17582321167 646.098522186279 408.548522949219 511.785507202148 534.513782501221 560.97158241272 502.935249328613 428.20817565918 673.210308074951 667.103197097778 675.59912109375 599.715187072754 705.678611755371 587.763050079346 492.339599609375 638.020686149597 657.451404571533 692.486572265625 502.267402648926 442.384864807129 516.988891601562 421.945129394531 561.334800720215 423.304824829102 565.287754058838
545.54088973999 469.688407897949 653.180152893066 694.803098678589 539.368621826172 519.936370849609 761.566513061523 1002.6798324585 644.388264656067 870.856048583984 1003.32102012634 845.206848144531 831.790725708008 804.029479980469 684.894302368164 971.290664672852 542.121185302734 323.516906738281 301.167846679688 631.7578125 1246.99853515625 394.79296875 570.352485656738 476.714721679688 551.728393554688 364.707382202148 451.670196533203 483.277008056641 640.203872680664 491.967742919922 453.769454956055 454.603584289551 511.73949432373 779.393960952759 625.143280029297 588.682369232178 678.445281982422 459.756805419922 687.183151245117 674.03638458252 620.367156982422 694.949630737305 634.072647094727 564.93773651123 555.647596359253 457.751434326172 515.820587158203 484.265899658203 401.044143676758 509.21142578125
505.230163574219 442.930931091309 903.770309448242 301.513336181641 619.701278686523 430.390182495117 559.403266906738 579.890609741211 1083.44467163086 575.015335083008 608.635787963867 697.642440795898 888.910781860352 258.955108642578 854.147720336914 918.801818847656 499.89778137207 505.621826171875 580.806060791016 468.720146179199 1042.51040649414 578.51106262207 511.824752807617 623.723636627197 533.794692993164 492.641479492188 452.051895141602 542.089938163757 566.885025024414 565.84707069397 502.048347473145 625.345329284668 508.840385437012 544.876013755798 576.318983078003 578.681312561035 491.188461303711 450.608627319336 494.419624328613 666.524628639221 699.867240905762 527.38240814209 532.859008789062 516.207954406738 447.053077697754 488.620338439941 367.170104980469 426.044967651367 438.881958007812 647.851928710938
478.525772094727 601.779228210449 465.208633422852 456.737564086914 1190.41929268837 1208.5217590332 734.157722473145 402.35969543457 593.917251586914 863.07194519043 603.006713867188 622.646957397461 651.677841186523 472.148376464844 486.786956787109 965.167755126953 1177.7121887207 444.237815856934 437.719421386719 665.047119140625 503.153190612793 438.950622558594 499.733619689941 419.08251953125 526.005828857422 463.387809753418 373.068389892578 415.039970397949 485.524208068848 488.403923034668 595.926948547363 421.665954589844 601.484413146973 628.219017028809 481.83602142334 679.279602050781 665.427345275879 562.166442871094 586.643503040075 708.268478393555 570.289192199707 678.948471069336 592.580471038818 685.175445556641 602.546417236328 531.791683197021 540.266069412231 544.236728668213 381.767395019531 480.14867401123
439.097793579102 895.177856445312 395.687255859375 439.175354003906 648.423961639404 599.186149597168 429.179870605469 379.533737182617 807.135675787926 576.181217193604 716.314208984375 556.061492919922 530.402267456055 522.472991943359 707.108261108398 464.002700805664 466.584259033203 860.182586669922 1042.84893798828 395.105316162109 419.396591186523 387.799667358398 401.879837036133 532.66605758667 543.169276237488 615.035897254944 468.707847595215 445.866119384766 563.693515777588 642.150466918945 544.296588420868 564.122270584106 550.379102706909 484.806896209717 516.653354644775 481.447235107422 617.876041412354 475.875274658203 541.736438751221 599.45059633255 564.729038238525 652.574111938477 618.312568664551 518.739805221558 493.936199188232 544.786661624908 575.098582267761 525.811543464661 504.508502960205 505.23095703125
409.165115356445 657.962699890137 557.4313621521 426.351669311523 658.92223739624 560.2425365448 466.892463684082 539.967239379883 722.689453125 498.861061096191 906.306846618652 549.922813415527 505.442779541016 696.546936035156 648.47314453125 305.648681640625 472.258239746094 415.136901855469 609.739246368408 481.088729858398 574.19454574585 673.148132324219 509.895843505859 451.375198364258 511.866806030273 576.033061981201 457.824058532715 327.914001464844 454.553199768066 409.060737609863 330.394958496094 491.207874298096 593.102970123291 581.169860839844 602.99634552002 559.125339508057 484.677520751953 544.81574344635 471.723182678223 718.498657226562 471.605865478516 616.52592086792 560.207632064819 650.091674804688 512.188911437988 719.355255126953 571.057981491089 534.1748726964 578.001417160034 550.880815505981
827.662334442139 497.936225891113 707.246734619141 753.260409355164 779.48770904541 693.038925170898 569.867826461792 572.153079986572 771.089477539062 765.54801940918 586.139846801758 312.240631103516 246.723083496094 641.076385498047 454.317260742188 950.472785949707 496.764083862305 404.293579101562 406.57160949707 609.580757141113 613.280323028564 606.957717895508 589.337817192078 652.491233825684 736.61833190918 1680.09458351135 481.651332855225 368.154525756836 379.984573364258 394.103569030762 600.740539550781 542.282455444336 645.663024902344 585.031677246094 560.569080352783 598.333129882812 497.505190849304 681.520370483398 497.465751647949 496.974563598633 545.600415229797 508.203924179077 580.82776761055 428.735908508301 627.136863708496 491.856094360352 609.775096893311 588.28003692627 493.995681762695 509.246803283691
528.47716999054 522.654717206955 510.169129371643 574.387294769287 1243.16555023193 475.351432800293 609.666800916195 513.711981296539 679.832012176514 439.038360595703 608.441791534424 700.366012573242 525.57453918457 417.46435546875 439.035034179688 387.861083984375 584.354189872742 321.622360229492 627.57202911377 624.959350585938 559.336469650269 526.331186294556 516.448350906372 515.765562057495 579.70484161377 603.624870300293 405.956298828125 343.594223022461 582.365989685059 345.034881591797 416.103416442871 680.058486938477 644.818244934082 417.170593261719 521.878136396408 420.79874420166 528.359679222107 510.163816452026 569.004875183105 429.239479064941 465.06462097168 538.720456600189 523.05481004715 571.715673446655 506.125343322754 488.449371337891 604.474136352539 417.133041381836 543.376766204834 559.518749237061
487.182838439941 563.504348754883 555.597637176514 608.169448852539 537.760948181152 346.813201904297 342.13298034668 851.212295532227 1007.01303100586 663.265449523926 427.795776367188 511.408584594727 541.798065185547 470.619667053223 451.219955444336 365.266082763672 528.678358078003 457.20401763916 634.609397888184 407.964370727539 548.508761405945 773.340179443359 541.027493476868 631.462249755859 474.38996887207 578.555358886719 505.206609249115 543.366428375244 375.339370727539 433.617118835449 480.662178039551 593.225242614746 555.920890808105 431.528381347656 573.772735595703 496.043985843658 527.785523891449 448.338539123535 427.832229614258 378.513442993164 504.054442882538 521.692893028259 553.128776550293 473.390464782715 587.047355651855 547.728316307068 540.89192533493 542.826413154602 670.459991455078 480.803550720215
491.488497257233 322.721054077148 479.117027282715 523.775165557861 319.167495727539 347.809265136719 295.287887573242 379.269760131836 668.979484558105 568.300954818726 572.860008239746 487.175676345825 518.251672744751 931.477298736572 455.302520751953 434.863594055176 470.799968719482 503.399778366089 402.339263916016 598.702354431152 548.128092765808 620.476058959961 434.906867980957 447.343963623047 508.401473999023 291.346420288086 385.049461364746 433.050804138184 360.701110839844 403.333641052246 405.802772521973 435.497699737549 537.440006256104 403.541076660156 423.754081726074 530.272607326508 504.52411365509 374.385147094727 481.663101196289 494.136547088623 488.861132144928 520.988739368506 399.767417907715 486.336748123169 599.882637023926 518.597871780396 613.540153503418 630.11759185791 602.530128479004 620.728050231934
533.670223236084 389.269371032715 515.183179855347 442.090312957764 484.210246086121 347.61750793457 436.136875152588 477.469665527344 494.829173326492 446.387245178223 537.603757858276 504.856357574463 447.111625671387 480.469068527222 514.914369225502 512.302339553833 436.004127502441 577.039939880371 401.319198608398 448.680541992188 438.591491699219 457.152976989746 663.430328369141 443.959587097168 649.533142089844 406.291488647461 516.268104553223 557.473915100098 451.069175720215 442.849227905273 474.33130645752 560.579612731934 520.498069763184 527.450874328613 601.789878845215 586.506088256836 317.330581665039 593.363586425781 530.959487915039 580.168525695801 303.113708496094 411.955940246582 515.800545692444 521.416048645973 645.765762329102 487.083263397217 535.499265193939 512.234443664551 563.20886182785 610.482746124268
371.461280822754 343.978363037109 526.261863708496 429.46155166626 504.907474517822 473.1438331604 504.77897143364 455.908500671387 539.548782348633 355.660598754883 671.267654418945 554.004165649414 461.591331481934 329.063003540039 483.096921920776 410.129692077637 417.540534973145 542.956462860107 476.280626535416 664.336761474609 482.255888462067 479.961933135986 547.762382507324 360.920501708984 410.562934875488 496.773804664612 598.691253662109 432.526977539062 375.359016418457 543.898399353027 607.839126586914 415.918525695801 442.56519317627 575.082611083984 681.740783691406 584.767738342285 407.200019836426 508.047016620636 424.82300567627 688.422821044922 554.248306274414 522.997089385986 488.465549468994 533.436435699463 547.106670379639 650.272323608398 557.573598861694 637.11328125 686.456451416016 581.100811004639
462.260751724243 405.701881408691 610.617080688477 576.48087310791 460.831588745117 608.325874328613 469.517514705658 432.812873840332 690.939575195312 527.097949981689 509.794776916504 439.495681762695 419.857116699219 472.812003135681 467.397136688232 424.040245056152 378.447357177734 607.964988708496 393.50651550293 609.771255493164 499.982730865479 701.321868896484 490.837468624115 507.373007774353 542.925964355469 533.193969726562 568.137351989746 460.89487695694 589.149070739746 488.989436149597 424.141719818115 530.900314331055 476.319840908051 425.00171661377 584.099548339844 586.959510803223 502.956700801849 450.944036960602 496.047374725342 429.567001342773 364.394355773926 432.474830627441 484.464473724365 698.966339111328 640.55916595459 522.407600879669 615.621192932129 601.345260620117 830.459243774414 524.903480529785
636.021362304688 414.367809295654 536.320587158203 618.347808837891 536.335205078125 415.328247070312 673.270919799805 436.643463134766 356.178482055664 446.90841293335 481.882830142975 406.816062927246 505.392330169678 539.522644042969 514.955167770386 439.667285919189 654.627517700195 577.141670227051 652.90625 634.722137451172 480.6725730896 526.717296600342 474.721176147461 455.926385879517 340.699798583984 409.793064117432 621.706756591797 463.384130477905 489.788058280945 583.957298278809 494.771554946899 577.118179321289 442.006198883057 457.345222473145 394.678283691406 522.42512512207 474.381496429443 486.543986976147 524.869148254395 440.332099914551 540.22928237915 561.417037963867 603.29606628418 473.112861633301 431.796745300293 625.757591247559 512.230916976929 678.536911010742 605.44750213623 579.584696769714
256.528030395508 574.77628326416 445.08674621582 473.898483276367 486.347941398621 466.96342086792 574.38427734375 402.852291107178 482.63560962677 440.159061431885 512.179580688477 595.486473083496 462.191165208817 464.667236328125 546.794326782227 605.514434814453 481.63655090332 613.511901855469 473.380627632141 504.620819091797 471.579828262329 424.011985778809 337.361480712891 563.951889038086 421.905494689941 439.193706512451 315.806610107422 440.392894744873 471.968833446503 489.487504959106 500.463207244873 610.417495727539 667.032363891602 664.109649658203 539.592475891113 540.841999053955 593.421417236328 539.843307495117 378.810821533203 411.33073425293 498.534159660339 559.296741485596 491.514453887939 453.253486633301 629.555236816406 624.379829406738 534.767254114151 514.812746047974 592.437297821045 540.878477096558
457.133484840393 374.048439025879 484.208759307861 524.827781677246 363.582244873047 476.706329345703 438.961467146873 477.279735565186 455.049757003784 382.615242004395 477.461053848267 373.971557617188 518.470817565918 551.966812133789 460.718571186066 447.346297264099 547.066719055176 422.193504333496 398.423858642578 694.86164855957 520.228675842285 607.940979003906 486.997090816498 463.109813690186 537.551277160645 554.293937683105 517.273750305176 392.335666656494 547.51439666748 337.33984375 423.111759185791 511.15779876709 487.257022857666 475.458927869797 411.395072937012 561.017448425293 356.830780029297 415.453895568848 598.345321655273 414.87036895752 615.977966308594 564.141033172607 406.249504089355 590.770202636719 578.277862548828 435.429000854492 561.225360870361 376.195465087891 394.95671081543 638.331569671631
420.512090682983 413.941886901855 606.160781860352 547.239723205566 484.310207366943 423.616050720215 486.354162693024 593.425277709961 447.633327484131 314.618667602539 618.0859375 456.031930923462 612.750900268555 465.178636550903 450.361533164978 456.916439056396 489.010007619858 475.639705657959 467.04443359375 623.69172668457 529.095558166504 574.742744445801 563.816528320312 457.940738677979 465.387294769287 476.344154834747 341.228424072266 457.210954666138 473.584169387817 380.653160095215 483.889892578125 383.581695556641 544.569480895996 590.385383605957 611.108215332031 559.718711853027 256.284027099609 497.910739421844 548.76505279541 466.745718955994 542.876575469971 512.442783355713 687.834289550781 543.74015045166 521.381703853607 568.521183013916 628.596244812012 473.197982788086 570.654888153076 371.611022949219
413.982238769531 264.366683959961 421.906930923462 488.598876953125 541.203788757324 597.80152130127 537.848686218262 335.726577758789 454.49585723877 500.521171569824 512.476127624512 573.406349182129 554.316665649414 522.661720275879 557.085418701172 482.010008811951 644.717758178711 458.042387008667 461.424744606018 474.552051544189 463.96996307373 333.456062316895 520.146255493164 471.352977752686 427.89315032959 294.059921264648 327.277435302734 405.433097839355 373.594673156738 362.049224853516 530.260551452637 416.171718597412 555.736831665039 521.159126281738 355.736183166504 317.811920166016 374.542388916016 402.99626159668 560.41626739502 631.233428955078 635.330116271973 693.093551635742 449.974697113037 579.519287109375 571.115634918213 387.645034790039 574.286026000977 574.256568908691 538.678708672523 537.392484664917
556.123458862305 374.721664428711 476.766860961914 448.632503509521 545.535667419434 483.842451095581 232.35530090332 328.431167602539 466.965869903564 502.557857513428 303.924041748047 518.656448364258 556.498527526855 613.399856567383 415.765720367432 595.684234619141 442.5517578125 400.557067871094 501.894222259521 516.769916534424 488.184354066849 552.373985290527 514.589458465576 501.280831336975 508.309902191162 394.785453796387 569.347381591797 447.187797546387 525.074432373047 499.688117980957 555.423583984375 535.235942840576 501.761208534241 478.636323451996 450.375179290771 321.009078979492 386.918464660645 490.18399477005 710.171768188477 458.020206451416 648.954742431641 595.297325134277 475.160103797913 605.123161315918 404.295379638672 522.313285827637 500.678638458252 623.544502258301 491.009115219116 502.648365020752
524.035110473633 450.708680868149 403.751960754395 572.676986694336 607.748138427734 377.17700958252 353.21720123291 400.639362335205 582.065063476562 340.210235595703 441.436309814453 425.76932144165 462.82306265831 470.351041793823 476.399953842163 468.363606214523 518.588914871216 512.409246444702 451.627271652222 289.793823242188 416.046215057373 541.151523590088 571.343765258789 447.871273040771 431.973628997803 576.772979736328 511.083457946777 432.059371948242 566.593635559082 463.969673156738 413.557090759277 554.36351776123 601.166885375977 505.532115936279 398.331192016602 469.854092597961 512.226692199707 465.193201065063 449.910125732422 431.489517211914 444.720672607422 478.885595321655 490.371845245361 428.759963989258 461.769863128662 416.738212585449 468.36979675293 654.580444335938 518.351472854614 646.439041137695
