export/dem/dem99.asc
NCOLS 350
NROWS 171
XLLCORNER 152620
YLLCORNER 418050
CELLSIZE 100
NODATA_VALUE -9999
[rows 132 to 153 of 171, columns 250 to 299 of 350]
556.769073486328 810.990131378174 839.125713348389 645.054824829102 707.795776367188 543.298873901367 690.137153625488 677.472259521484 825.363525390625 943.652053833008 757.479068756104 837.819717407227 894.783843994141 760.4790391922 874.554260253906 724.721206665039 735.667074680328 823.31812286377 842.610598176718 765.388050079346 754.525011062622 678.69482421875 999.282928466797 750.996017456055 603.604827880859 685.905491352081 778.924049377441 688.872351169586 682.89722442627 686.769428253174 842.325424194336 663.56533241272 663.61388874054 499.747253417969 666.161182403564 485.596664428711 464.117874145508 686.626426696777 663.018886566162 775.770378112793 932.609539031982 1064.81816482544 897.591445922852 1119.51802635193 911.788185119629 818.937828063965 818.700653076172 704.467887878418 957.226715087891 1068.10545349121
738.657176971436 834.554794311523 831.710878372192 786.781391143799 702.461102485657 573.828174591064 490.45320892334 666.78807926178 783.054824829102 630.120788574219 608.919170379639 878.07145690918 833.707481384277 756.275687217712 812.494903564453 774.211460113525 777.995918273926 971.062934875488 1089.87937927246 786.390148162842 668.800483703613 821.114517211914 738.577987670898 702.528478622437 641.433547973633 732.878154754639 666.736713409424 688.564222335815 638.553521156311 491.300109863281 687.930950164795 671.734214782715 608.712547302246 527.990676879883 626.885576248169 524.51725769043 525.619049072266 639.236196517944 734.385593414307 600.313011169434 607.213611602783 809.378406524658 1016.1146812439 1083.38163375854 813.866287231445 1018.41297149658 1061.24803161621 722.99235534668 684.999893188477 1007.44167327881
683.503227233887 728.086219787598 792.727579116821 727.458778381348 546.894340515137 500.47420501709 666.772020101547 933.960052490234 647.362548828125 799.85796546936 717.063220977783 676.46745300293 760.307968139648 896.219268798828 754.655826568604 887.959884643555 909.783081054688 681.929054260254 1041.3459854126 757.301279067993 795.456748962402 816.41259765625 845.235137939453 765.012592315674 661.269290924072 818.373306274414 639.988912582397 665.743150234222 778.627967834473 690.804164886475 620.427278518677 707.936820983887 596.431606292725 585.526706695557 606.536552429199 576.010818481445 670.778902292252 752.563213348389 654.129768371582 754.341022491455 652.431669235229 650.261905670166 552.219772338867 718.869590759277 974.747215270996 855.901805877686 817.979759216309 771.227511405945 853.184047698975 876.791563987732
814.648998260498 765.673293113708 836.302658081055 683.913719177246 651.274696350098 785.188995361328 638.922027587891 741.79320526123 714.475708007812 809.543229103088 763.249589920044 787.152942657471 827.613372802734 601.946319580078 675.113689422607 763.328736305237 707.984477996826 794.404289245605 816.993137359619 794.605811566114 865.062973022461 787.894737243652 790.723609924316 740.43627166748 697.050594329834 829.176956176758 905.232131958008 674.217779159546 614.085193634033 663.575519561768 749.859329223633 708.737087249756 574.408988952637 717.113792419434 697.893951416016 561.103469848633 625.91626739502 464.502960205078 621.702262878418 607.050354003906 602.170265197754 697.136989593506 671.111613750458 755.54948425293 672.882705688477 883.565967559814 895.436012268066 955.368385314941 701.825729370117 968.392570495605
717.160225868225 770.948276519775 719.684182167053 748.590797424316 571.788772583008 706.079574584961 865.352333068848 885.391502380371 813.838621139526 734.221965789795 959.203338623047 705.927623748779 773.974761962891 774.38138961792 694.253898620605 849.795967102051 813.306801319122 911.326988220215 770.741109132767 666.339775085449 860.246070861816 637.704051971436 755.761322021484 580.48705291748 714.20520401001 582.793113708496 624.560863494873 764.951835632324 630.125099182129 556.334190368652 795.654357910156 491.622604370117 577.310733795166 623.84741973877 765.657104492188 564.275177001953 633.259628295898 627.654926300049 691.251406669617 661.928955078125 640.326934814453 707.8862657547 712.270391941071 757.543601989746 722.033493041992 773.68797492981 773.908851623535 936.879058837891 778.467754364014 941.867990016937
688.038932800293 708.088079452515 723.173473358154 451.295471191406 900.707931518555 864.222290039062 881.680335998535 811.511238098145 779.70231628418 733.675096511841 643.341926574707 810.901519775391 739.161901473999 806.605819702148 745.119911193848 629.489646911621 852.585289001465 720.449211120605 606.939949035645 629.666774749756 677.366211891174 648.073390960693 715.123767852783 689.203735351562 569.906707763672 781.567794799805 527.616546630859 520.437767028809 767.004432678223 747.98331451416 643.758636474609 645.27214050293 639.301236391068 727.856960296631 687.825099945068 570.769729614258 533.817962646484 645.348545074463 640.257781982422 573.674201965332 541.499374389648 661.950061798096 650.22208404541 784.236713409424 768.977821350098 712.926380157471 835.664098501205 725.36393737793 842.487257480621 895.904281616211
710.109451293945 609.136573791504 750.284172058105 802.082265853882 814.876678466797 688.773155212402 669.509468078613 554.268127441406 871.213447570801 966.777450561523 831.069705963135 728.156394958496 783.620677947998 987.14404296875 786.693449020386 710.60206502676 780.930702209473 602.241470336914 722.349132537842 683.06324005127 616.864959716797 688.963039398193 683.986766815186 623.542877197266 580.802848815918 568.242835998535 650.527773857117 670.291787147522 537.716751098633 616.6809425354 734.269329071045 568.839431762695 704.642044067383 622.694164276123 745.168422698975 491.773239135742 531.40412902832 606.276031494141 545.313385009766 735.737403869629 777.771614074707 717.133998155594 593.199012756348 753.322551727295 832.217559814453 633.270687103271 723.900108337402 766.838083267212 772.233203887939 697.560138702393
767.19079208374 656.479537963867 739.281139373779 871.77783203125 818.150953769684 780.762737035751 705.471282958984 762.192573547363 773.818494558334 858.75821685791 937.374481201172 1026.72489929199 769.539530754089 879.841957092285 934.103996276855 694.525772094727 806.489994049072 875.731112957001 494.654449462891 659.954803466797 670.726909637451 501.219940185547 640.364883422852 669.618507385254 528.685302734375 597.560943603516 577.634338378906 780.826759338379 663.486064910889 712.251682281494 676.105239391327 735.18826675415 710.638618469238 658.900911331177 746.25313949585 801.373947143555 656.958375930786 650.51639175415 707.441589355469 607.047470092773 823.531700134277 669.694179534912 647.710628509521 680.66869354248 800.311370849609 857.7275390625 706.190885543823 792.657127380371 886.796165466309 869.101543426514
774.750638842583 812.30362701416 663.999542236328 766.688941955566 745.36633682251 788.141342163086 691.441307067871 791.087584495544 754.062976837158 882.72745513916 806.532322883606 964.082214355469 849.341156005859 954.794891357422 774.813016891479 783.299073219299 864.777111053467 944.660598754883 724.529737472534 813.344749450684 677.267456054688 758.235023498535 763.230453491211 597.682693481445 822.608219146729 855.067665100098 892.801376342773 588.161148071289 580.663162231445 713.835640907288 792.16724395752 625.384887695312 623.249580383301 719.405265808105 772.12483215332 571.488243103027 581.088134765625 471.010726928711 516.76953125 617.37264251709 589.738159179688 535.853775024414 594.388298034668 681.477519989014 715.728510856628 806.244060516357 581.250823974609 652.081451416016 765.305725097656 785.946975708008
679.257865905762 683.919692993164 776.431816101074 787.85818862915 700.790855407715 736.104881286621 685.870010375977 877.17423248291 832.651351928711 988.183807373047 939.440322875977 925.082786560059 953.786117553711 929.176528930664 912.11994934082 824.584213256836 834.942821502686 764.227449417114 932.027160644531 860.005126953125 676.356845855713 647.955863952637 513.512069702148 874.46728515625 619.93098449707 705.622604370117 817.681260108948 831.585823059082 744.464344024658 801.072212219238 824.503684997559 782.951499938965 812.581596374512 759.381736755371 704.338481426239 663.174476623535 549.667221069336 578.415679931641 728.483821868896 706.373596787453 659.211338043213 673.988212585449 918.05810546875 739.650867462158 856.841079711914 531.909194946289 656.907035827637 724.493534088135 734.230104446411 770.341918945312
707.568069458008 827.584596633911 1153.82302284241 699.575721740723 886.202682495117 932.105850219727 904.455101013184 642.776911258698 777.130533218384 667.484817504883 804.793994903564 813.174112319946 825.847808837891 870.46178817749 898.311668395996 801.120901107788 874.169326782227 859.596336364746 969.428077697754 757.252982139587 694.3800573349 696.87993144989 649.597236633301 774.861298561096 752.786994934082 839.636238098145 729.527809143066 705.377380371094 829.147602081299 727.981826782227 775.188358306885 694.411072254181 632.467338562012 724.882834859192 559.218811035156 684.896368980408 733.666137695312 578.732757568359 593.217071533203 801.073677062988 748.815721511841 607.918807983398 765.278652191162 838.984298706055 687.978044509888 890.916946411133 904.085983276367 783.220668792725 751.31951713562 710.790639877319
807.090347290039 720.719808578491 1204.09944152832 758.159343719482 752.222328901291 727.156660079956 850.700443267822 922.25562286377 744.0119972229 843.726497650146 789.016683578491 811.745704650879 781.010108947754 830.533260345459 833.119184970856 726.382400512695 821.660352826118 748.343704223633 895.601154327393 700.113540649414 814.73055267334 670.512825012207 617.335861206055 814.876655578613 971.58821105957 679.699956893921 857.184623718262 822.677101135254 731.5407371521 780.930236816406 891.998725891113 615.935943603516 652.362071990967 697.88788318634 679.623832702637 734.401859283447 848.124801635742 672.101139068604 550.125564575195 730.440929412842 603.024345397949 821.003952026367 744.593849182129 730.174951553345 678.120410919189 658.593780517578 811.875175476074 725.864094734192 773.38285446167 610.697799682617
657.011390686035 643.064506530762 603.585815429688 725.002391815186 520.110702514648 512.301567077637 833.528610229492 1092.60890197754 809.498245239258 740.31014251709 927.654621124268 693.321640014648 939.424667358398 908.934944152832 696.934097290039 847.294399499893 771.303493499756 907.624515533447 820.564186096191 1010.37574768066 811.849422454834 925.208541870117 711.022819519043 901.467437744141 795.159547805786 827.943603515625 778.452423095703 807.23455619812 728.465450286865 680.772033691406 771.112796783447 792.600694358349 671.556121826172 695.945264816284 748.04842376709 756.289325714111 726.414310455322 702.470128297806 698.193748474121 751.563306808472 603.800483703613 870.073287963867 776.845138549805 622.513671875 717.197337150574 793.59928894043 922.308395385742 817.420791625977 758.315033912659 647.26481628418
-9999 -9999 -9999 794.672264099121 836.020372390747 855.273355484009 875.288177490234 1018.48506164551 722.578660964966 636.88952255249 927.794734954834 706.915466308594 766.812828063965 882.080661773682 780.042121887207 833.632440567017 847.725004196167 1013.87168884277 970.554191589355 1086.28160095215 949.037040710449 964.16414642334 1041.81785583496 899.986461639404 826.565356254578 721.2991065979 812.763023376465 723.340549468994 685.473799705505 888.313972473145 821.441284179688 828.665855407715 748.444313049316 843.516143798828 791.473617553711 733.10352230072 758.142930984497 878.184463500977 654.422271728516 727.235618591309 789.816722333431 703.198608398438 695.883060455322 769.020584106445 760.031625747681 900.846084594727 799.015670776367 859.062515258789 860.56795501709 803.35827255249
-9999 -9999 -9999 -9999 -9999 -9999 811.34928894043 969.377197265625 792.684946060181 697.023475646973 492.031494140625 537.070602416992 707.582450866699 855.376419067383 840.551168441772 716.288024902344 748.450500488281 1017.61871337891 972.709686279297 1062.04289245605 998.939575195312 918.842342376709 989.164169311523 972.039566040039 913.882614135742 844.81950378418 923.463111877441 700.873643875122 774.71722984314 665.670074462891 858.575193405151 1042.96220397949 851.515922546387 765.951470851898 871.842864990234 603.735557556152 817.257581830025 846.763671875 815.634315490723 866.835838317871 712.256454467773 684.68928527832 663.705463409424 637.832069396973 753.694904327393 651.348281860352 742.332744598389 811.450569152832 848.609405517578 733.647708892822
-9999 -9999 -9999 -9999 -9999 -9999 -9999 -9999 -9999 747.582443237305 678.917457580566 768.680418908596 753.798950195312 781.630264282227 786.601152420044 764.772438049316 1176.32277679443 936.818965911865 1212.73753356934 913.547969818115 1080.45878601074 880.174229621887 967.1337890625 925.328239440918 1093.4861907959 921.906036376953 812.4345703125 635.748077392578 930.233520507812 729.590972900391 776.038772583008 682.15592956543 722.536620974541 690.563484191895 686.022306442261 613.915969848633 532.488006591797 778.188110351562 754.396186828613 720.217113494873 785.625175476074 664.289886474609 810.138786315918 678.982856750488 807.977439880371 707.342573165894 721.925692558289 775.486175537109 863.824272155762 842.580284118652
-9999 -9999 -9999 -9999 -9999 -9999 -9999 -9999 -9999 -9999 -9999 798.034996032715 719.3547706604 768.934566020966 706.525199890137 588.367073059082 749.400970458984 1226.44590759277 874.815647125244 902.505752563477 1117.51268005371 907.063014984131 963.398376464844 900.159194946289 1018.67578125 661.558448791504 849.092338562012 706.971466064453 710.909042358398 871.246078491211 839.574825286865 791.658571243286 702.380072116852 713.671916007996 774.434336662292 733.469989061356 597.28441619873 581.187553405762 768.626365661621 843.990753173828 676.908584594727 752.888282775879 813.461845397949 782.826068878174 845.541931152344 790.794830322266 842.931144714355 856.514656066895 856.939956665039 536.213241577148
-9999 -9999 -9999 -9999 -9999 -9999 -9999 -9999 -9999 -9999 -9999 -9999 815.187900543213 681.785263061523 585.84797668457 593.161026000977 671.258567810059 1446.49993515015 1204.01780700684 1087.94104766846 1246.74320220947 1284.35105895996 1258.41467285156 1102.90663909912 831.026924135163 788.857189178467 757.229388475418 751.572692871094 824.779212713242 787.876327514648 765.069286346436 861.683284759521 770.934219360352 677.450592041016 744.852031707764 633.813621520996 555.736434936523 655.927803039551 798.430374145508 694.64762878418 676.22452545166 878.213409423828 741.922373771667 801.245235443115 736.164443016052 764.9430809021 730.280199050903 756.652101516724 868.000038146973 865.326080322266
-9999 -9999 -9999 -9999 -9999 -9999 -9999 -9999 -9999 -9999 -9999 -9999 853.367410540581 644.942939758301 651.656410217285 552.854232788086 512.065216064453 732.259559631348 908.965755462646 709.564544677734 780.214981079102 903.465488433838 938.000900268555 918.320114135742 929.439437866211 761.938629150391 1287.40266799927 685.265869140625 845.246238708496 974.884561061859 817.407794952393 923.966753005981 798.028867721558 709.885005950928 716.786643981934 861.789305686951 704.048500061035 654.176719665527 805.882392883301 697.316535949707 914.07600402832 716.727474212646 770.685251235962 746.606424331665 656.007583618164 907.188171386719 788.589424133301 852.59154510498 866.160026550293 653.039024353027
-9999 -9999 -9999 -9999 -9999 -9999 -9999 -9999 -9999 -9999 -9999 -9999 -9999 667.774154663086 712.671356201172 749.682920455933 628.02555847168 645.606948852539 747.68359375 846.167039871216 841.383564949036 826.605117797852 726.241901397705 871.455001831055 791.446189880371 819.259174346924 688.711540222168 840.18145942688 601.438385009766 875.119304656982 1015.80336761475 690.893371582031 691.957077026367 813.954265594482 691.605335235596 712.345489501953 918.728424072266 830.524888515472 739.495697021484 612.434646606445 715.517990112305 795.932720184326 855.350234985352 748.936044692993 721.37321472168 805.626556396484 794.142270684242 789.805880069733 834.979629516602 908.757179260254
-9999 -9999 -9999 -9999 -9999 -9999 -9999 -9999 -9999 -9999 -9999 -9999 -9999 -9999 731.620746612549 773.290987730026 805.329830169678 935.573860168457 655.672698974609 819.339195251465 921.536270141602 947.43941116333 973.463165283203 809.633800506592 784.504131317139 793.489921569824 753.24348115921 917.241813659668 776.078742980957 581.601226806641 656.969253540039 586.487823486328 597.919128417969 717.044967651367 762.815841674805 774.504458427429 846.74356842041 776.542816162109 790.231241226196 881.211608886719 743.738327026367 857.91552734375 797.779327392578 961.53929901123 855.425020217896 778.607257843018 859.745559692383 880.660827636719 842.747264862061 856.930931091309
-9999 -9999 -9999 -9999 -9999 -9999 -9999 -9999 -9999 -9999 -9999 -9999 -9999 -9999 834.519412994385 709.296466827393 628.54899597168 792.25032043457 761.765617370605 839.651309967041 874.783016204834 770.610847473145 773.743209838867 911.46923828125 795.860824584961 917.096855163574 933.655410766602 840.600523710251 811.145866394043 823.72275352478 729.044204711914 617.811096191406 944.028778076172 871.297576904297 775.404709815979 563.305709838867 658.96964263916 627.25129699707 767.766870498657 847.432390213013 749.243255615234 744.584922790527 790.491012573242 869.014219284058 782.453433990479 939.033939361572 857.767048835754 809.287700653076 848.602005004883 837.952171325684
