export/dem/dem98.asc
NCOLS 350
NROWS 171
XLLCORNER 152620
YLLCORNER 418050
CELLSIZE 100
NODATA_VALUE -9999
[rows 66 to 87 of 171, columns 150 to 199 of 350]
504.733837127686 547.201416492462 596.372852325439 390.384033203125 460.308708190918 462.794845581055 639.040962219238 437.76961517334 522.126712799072 686.981727600098 398.620590209961 372.979949951172 437.907913208008 349.378402709961 520.936983108521 561.216980934143 585.935192108154 530.266666412354 515.587558746338 620.959465026855 597.176390647888 655.840034484863 550.922464370728 614.614360809326 576.372546195984 578.631034135818 444.483093261719 619.59549331665 625.820240020752 694.570053100586 617.57243847847 552.175350189209 677.59302520752 459.823837280273 676.811424255371 467.667755126953 639.650323867798 532.512107849121 582.703809738159 667.362762451172 521.611801147461 587.324634552002 513.990989685059 775.973342895508 620.029300689697 589.428134918213 692.917488098145 617.272876739502 699.756084442139 692.392782211304
639.833656311035 447.611511230469 516.990211486816 644.638626098633 521.785249710083 445.339981079102 629.612197875977 565.840274810791 618.078269958496 618.466289520264 541.944978713989 601.543794631958 645.552764892578 677.308143615723 482.28441619873 652.914260864258 523.622856140137 581.117300987244 652.718048095703 701.202438354492 677.154876708984 547.968152999878 655.670097351074 725.193618774414 709.216537475586 428.98225402832 459.517082214355 627.358371734619 588.09117603302 695.698623657227 555.92440032959 569.81848859787 684.782272338867 615.517459869385 506.481842041016 428.493041992188 554.164886474609 602.916367173195 528.92456817627 689.876091003418 650.001014709473 526.879280090332 636.645248413086 734.353225708008 719.075740814209 685.091808319092 656.752646446228 706.617858886719 633.31925201416 763.880065917969
611.525890350342 614.128158569336 412.194091796875 492.485065460205 637.512817382812 591.16678237915 540.159856319427 566.714036941528 478.01587677002 550.540939331055 527.693176269531 591.928134918213 498.280853271484 640.455265045166 633.084331512451 361.293319702148 512.312873840332 453.690353393555 520.009645462036 541.342674255371 612.353099822998 646.544059753418 656.712898254395 595.95206451416 717.155029296875 722.360076904297 582.128746032715 536.410137176514 652.702560424805 619.158760070801 711.711883544922 648.211536407471 629.953662872314 507.103744506836 627.3590259552 534.981353759766 587.311344146729 661.196083068848 557.056949615479 678.30778503418 734.547454833984 623.561710357666 514.902565002441 569.281829833984 698.739723205566 666.724449157715 669.294536590576 604.990547180176 813.606521606445 803.944183349609
546.353450775146 751.179885864258 535.431934356689 677.714912414551 663.312782287598 709.531875610352 520.86742401123 556.505575180054 528.378349304199 682.139602661133 421.81559753418 540.853101506829 499.93208694458 592.625566482544 492.546875 497.256065368652 541.45326423645 503.728973388672 682.731239318848 528.189294815063 659.822196960449 597.939810752869 458.743675231934 663.427635192871 620.134708404541 616.587547302246 654.329475402832 624.441974639893 584.337290763855 579.010486125946 642.968757629395 566.197887420654 737.139022827148 655.280654907227 565.410018920898 582.350688934326 554.552833557129 556.84175491333 659.90446472168 546.078536987305 748.635803222656 560.657485961914 516.179023742676 712.502532958984 683.857227325439 715.292625427246 656.244464874268 543.470222473145 665.85152053833 655.078413009644
577.177467346191 468.863265991211 626.306884765625 502.593757629395 483.185413360596 588.22749710083 470.738426208496 650.084037780762 517.50728225708 451.085906982422 440.974380493164 409.182708740234 402.868377685547 471.66389465332 441.219863891602 515.49254989624 510.639850616455 419.109146118164 582.26865530014 574.891243636608 589.169276356697 535.597545623779 616.792037963867 630.823122024536 632.132588386536 428.730453491211 418.442474365234 611.568580627441 736.298278808594 601.834842443466 749.296600341797 578.636060714722 542.125011444092 606.09983253479 560.477325439453 564.435459136963 562.524078369141 569.087863922119 549.067588806152 690.716636657715 613.567461967468 535.167957305908 605.338395774364 714.502777099609 798.956787109375 781.952453613281 612.010334014893 672.425556182861 595.247200012207 637.660194396973
546.290729522705 525.804935455322 686.834533691406 549.612910509109 535.755276679993 508.854537963867 550.805953025818 503.765930175781 539.407514095306 536.173820495605 642.848823547363 444.841941833496 413.990600585938 436.523323059082 462.824516296387 525.70972442627 601.307523727417 730.55793762207 592.202711105347 483.005836486816 587.924257278442 546.397777557373 536.095314025879 529.982452392578 495.409973144531 477.186805725098 568.621265411377 480.261436462402 604.872697651386 685.310791015625 601.69729244709 749.915023803711 537.004558563232 565.585716247559 603.813037633896 605.072387695312 557.131378173828 530.537036895752 582.20170211792 531.681182861328 644.435813903809 555.51490020752 617.942170619965 695.749626159668 590.681209564209 630.719802856445 739.502975463867 762.836845397949 583.119453430176 644.331327438354
513.880039215088 401.746337890625 424.617721557617 485.635787963867 481.029228210449 486.319152832031 460.353790283203 514.88313293457 629.726379394531 592.505279541016 567.953279495239 432.226379394531 511.456008911133 534.692462921143 467.50951385498 551.06548500061 509.535793304443 569.099424362183 633.256237030029 622.28915977478 614.005458831787 529.077430725098 629.564447402954 662.711803436279 466.120193481445 473.374046325684 589.525457382202 399.898849487305 548.269004821777 550.553020477295 507.844841003418 625.468091964722 666.919273376465 561.157013893127 525.006408691406 591.701221466064 631.931688785553 545.716987609863 523.93138885498 532.007606506348 640.473407745361 664.697944641113 684.963600158691 601.63223028183 730.764602661133 699.849884033203 704.170967102051 583.421649932861 623.557653427124 673.6790599823
620.923610687256 499.729530334473 456.120468139648 569.143750190735 647.801887512207 574.958812713623 496.017890930176 558.581307411194 554.758697867393 572.406139373779 584.846473693848 536.734266281128 611.859745025635 447.079284667969 694.187713623047 637.574020385742 472.523262023926 627.280082702637 727.270080566406 718.800796508789 525.062614440918 538.685302734375 598.670658111572 672.636611938477 483.88134765625 501.21598815918 567.097766876221 518.106689453125 463.288391113281 643.825874328613 574.3229637146 568.864318847656 653.98051071167 549.98184967041 540.390975952148 495.736442565918 627.313701629639 587.226440191269 620.397689819336 546.130561828613 501.605041503906 604.15149974823 637.6979637146 634.76155090332 553.480407714844 591.642036437988 777.190139770508 657.104400634766 800.323547363281 738.545913696289
467.704887390137 607.529308319092 482.568557739258 521.938243865967 455.102409362793 463.922096252441 506.563610076904 498.551418304443 565.985927820206 542.566543579102 506.307621002197 614.333595275879 521.290550231934 491.19429397583 559.457323551178 550.127475738525 654.392318725586 681.74927520752 645.144332885742 709.060997009277 670.546230316162 735.153190612793 598.255153656006 589.528732299805 504.325042724609 551.29398727417 571.874855041504 481.487670898438 342.657165527344 569.482122421265 664.761421203613 722.859680175781 579.00065612793 490.829711914062 517.545585632324 604.377426147461 667.131050109863 608.435077667236 566.811845779419 580.434868335724 513.251495361328 599.303652763367 692.909111022949 592.063989162445 660.025268554688 534.81721496582 607.067525148392 672.218574523926 612.988509178162 766.183013916016
782.72532081604 423.561630249023 421.588668823242 384.250137329102 532.136581420898 621.909996032715 618.679275512695 711.197570800781 668.21411895752 491.556190490723 625.102680206299 512.302749633789 547.811809539795 424.566848754883 513.328712463379 691.806282043457 704.475372314453 774.482955932617 497.136329650879 717.006805419922 560.539455413818 660.128410339355 879.70539855957 713.509323120117 701.491022109985 532.266399383545 531.523414611816 470.89811706543 570.5817527771 496.332832336426 454.639785766602 515.177276611328 537.295021057129 733.531295776367 523.493602752686 522.195671081543 641.019588470459 634.416069030762 525.740657806396 456.575561523438 641.015647888184 584.277045726776 549.256542205811 746.19612121582 553.828931808472 569.15814781189 679.86548614502 472.666221618652 598.344158411026 658.83625793457
763.74242401123 654.304006576538 654.143653869629 878.950607299805 590.986285209656 580.133149147034 654.184425354004 527.875114440918 785.469329833984 666.407493591309 601.536640167236 658.629745483398 635.860569000244 701.376083374023 619.777394294739 604.760979652405 617.223324775696 588.436122894287 691.981369018555 808.002075195312 717.090217590332 678.39221572876 671.20495223999 507.065757751465 733.932933807373 570.76540184021 492.215950012207 645.05980682373 496.703750610352 602.522903442383 632.870040893555 457.377029418945 525.669288635254 622.059188842773 524.75740814209 647.856288909912 435.423141479492 536.566074371338 630.946460723877 686.499839782715 687.847448348999 628.843912124634 599.539037704468 652.060985565186 645.755674362183 662.460380554199 617.358047485352 534.679786682129 553.943969726562 706.469680786133
639.933616638184 559.406048774719 727.763561248779 516.586929321289 516.281288146973 741.927207946777 525.199169158936 541.161415100098 655.359519958496 606.560796737671 611.414743423462 709.999893188477 531.975524902344 577.866991996765 475.965927124023 686.369739532471 581.081672668457 731.644180297852 636.200892448425 568.67911529541 696.72456741333 709.858596801758 733.755439758301 693.000587463379 579.655059814453 706.978164672852 670.280448913574 491.347183227539 411.375076293945 491.09211730957 491.888244628906 453.130584716797 656.415370941162 723.184066772461 525.7763671875 616.145530700684 497.379913330078 461.633544921875 618.576126337051 477.841522216797 733.423721313477 630.446598052979 612.062412261963 759.6142578125 628.630970001221 633.107894897461 566.051664352417 410.785797119141 510.63516998291 554.794147491455
543.174058914185 568.14305973053 434.171676635742 646.946681976318 650.466205596924 751.699096679688 699.57307434082 731.640686035156 726.575927734375 691.321846008301 497.779968261719 546.128311157227 542.582248687744 631.409038543701 505.821853637695 609.930198669434 751.308242797852 727.208869934082 629.638488769531 821.854354858398 786.726608276367 714.89762878418 693.917404174805 594.502758026123 527.737419128418 468.813720703125 762.182144165039 605.116850376129 492.723876953125 671.142696380615 720.203014373779 628.25891494751 521.571655273438 527.757041931152 685.553977966309 676.352485656738 425.913970947266 541.04857635498 544.127983093262 567.48943901062 558.892601013184 824.844772338867 594.101115450263 520.93480682373 572.020210266113 549.428558349609 531.30655670166 579.114469528198 568.282802581787 614.483478069305
508.016773223877 320.397384643555 523.726528167725 671.423626899719 826.554901123047 519.77220916748 640.811290740967 695.138313293457 684.607593536377 714.665283203125 747.920867919922 573.420169830322 595.37903213501 496.453315734863 869.564456939697 693.55350112915 822.08137512207 769.180694580078 850.890350341797 797.251663208008 707.518013000488 651.783718109131 699.070381164551 385.264022827148 642.012409210205 491.466728210449 629.334219932556 564.351112365723 633.578701019287 655.436762809753 624.271969795227 778.69970703125 689.147518157959 707.740345954895 650.942245483398 671.53617477417 774.29524230957 592.634965121746 495.294105529785 576.27675819397 695.345062255859 606.891141891479 652.595127105713 566.665660858154 640.905822753906 772.632873535156 743.145317077637 582.849224090576 562.353759765625 602.648859024048
521.691757202148 387.910194396973 564.754081726074 696.088439941406 641.052600383759 697.693496704102 510.593551635742 678.738967895508 826.938171386719 482.336563110352 517.886100769043 618.985939979553 610.739644050598 1008.5843963623 826.486500501633 782.344055175781 702.83610534668 687.237784385681 569.276797294617 588.680908203125 749.419784545898 422.698699951172 569.954521179199 469.829460144043 545.463359832764 573.431571960449 497.824111938477 546.412948608398 671.09103012085 595.729160308838 605.472267150879 616.771965026855 703.581809997559 658.294740855694 601.467283248901 810.953414916992 610.697636604309 579.999094009399 513.463516235352 595.492527008057 523.398109436035 762.662155151367 505.741256713867 581.886260986328 722.307876586914 669.337032318115 526.094688415527 648.851041793823 445.561813354492 431.612716674805
611.944606781006 494.025512695312 540.806663513184 869.798448562622 714.542377471924 724.149112701416 654.726650238037 551.998014450073 599.697862625122 707.319892883301 547.739204406738 795.582992553711 705.186279296875 1054.70998382568 919.004974365234 835.357757568359 669.35998916626 870.577575683594 672.92914390564 700.943538665771 663.302347183228 629.922942638397 529.122867584229 513.616271972656 642.583451747894 636.480911254883 721.962203979492 809.74836730957 597.73165512085 486.758560180664 594.026721954346 736.711456298828 646.367526531219 697.247718811035 666.945478439331 685.238124847412 584.156391143799 684.454093933105 497.071266174316 447.182815551758 611.231936454773 460.835037231445 582.974464416504 633.163741111755 599.065692901611 560.874099731445 476.482330322266 573.945243835449 514.78621673584 583.498001098633
677.622562408447 689.295738220215 596.653366088867 764.722442626953 1045.67175292969 690.377906799316 780.310388565063 825.34361076355 718.257295608521 967.682136535645 573.746837079525 701.030151367188 515.462394714355 654.74942779541 636.425354003906 730.963012695312 758.061569213867 679.675043106079 697.747772216797 567.009155273438 583.717636108398 615.465057373047 572.772827148438 580.393871307373 700.72193145752 765.48600769043 710.100059509277 640.612941741943 595.697578430176 512.551681518555 636.23152923584 644.474473953247 622.707077980042 664.227397918701 855.351486206055 715.49095916748 722.213241577148 721.235027313232 772.879669189453 606.522540688515 474.962814331055 591.377733230591 690.767955780029 679.422908782959 647.065717220306 595.055309295654 568.180213928223 547.549324035645 591.54390335083 596.966659545898
758.204605102539 657.122047424316 681.955032348633 608.946563720703 466.273357391357 707.977310180664 567.726447105408 807.03243637085 716.551872253418 868.986194610596 434.140609741211 647.197448730469 466.665229797363 617.037338256836 398.028465270996 501.220289230347 693.666862487793 643.636865615845 545.131866455078 842.674507141113 574.553342819214 617.080337524414 561.373374938965 379.074142456055 841.219665527344 709.085338592529 563.77677154541 661.835861206055 579.619041442871 546.271171569824 705.186981201172 727.090515136719 567.856918334961 721.537612915039 610.298687338829 756.112503051758 705.821578979492 581.743135452271 524.538078308105 710.599601745605 676.146137237549 738.980529785156 554.092399597168 636.820106506348 634.496309280396 556.47526550293 538.199066162109 590.591567993164 626.064128875732 654.780550956726
606.61952996254 550.463928222656 510.204811096191 530.162887573242 507.002685546875 728.057693481445 464.375095367432 787.262992858887 624.356302022934 628.001094520092 554.708702087402 512.482627868652 689.906799316406 682.171401977539 846.608749389648 649.122546195984 649.187072753906 416.834053039551 556.893218994141 788.35075378418 545.792236328125 389.428085327148 781.802062988281 717.614231109619 732.596351623535 663.399977207184 716.299880981445 626.03343963623 581.638786315918 445.73371887207 638.040126800537 626.767977714539 693.610420227051 600.672710418701 711.573097229004 561.869812011719 601.191198348999 522.20491027832 711.556259155273 529.440383911133 753.720764160156 751.982917785645 712.341804504395 629.830711364746 757.575614929199 571.471534729004 544.805236816406 630.325046539307 583.038391113281 594.155986785889
515.924768447876 494.938430786133 802.64241027832 670.848281860352 717.821113586426 547.054211616516 484.249448776245 605.985530853271 936.587005615234 712.032384872437 852.348159790039 634.199584960938 894.733703613281 856.715240478516 763.547565460205 577.532791137695 575.426467895508 602.055095672607 534.777320861816 730.620399475098 448.867919921875 366.920051574707 452.452301025391 527.387351989746 810.721588134766 680.137137413025 711.253719329834 664.163417816162 469.602355957031 397.724800109863 476.44926071167 542.651023864746 734.111875534058 630.484760284424 508.489196777344 667.302370071411 674.607128143311 540.939338684082 715.351615905762 519.421020507812 668.577983856201 719.687847137451 882.017547607422 791.685043334961 635.162088394165 626.535758972168 638.197853088379 701.470237731934 527.138732910156 703.487483978271
526.626455307007 538.935607910156 731.424978256226 829.224334716797 -9999 -9999 -9999 -9999 -9999 -9999 -9999 -9999 -9999 -9999 -9999 799.327796936035 678.993087768555 639.696411132812 702.77296257019 575.239604949951 603.702449798584 463.179504394531 420.212539672852 346.513366699219 622.574012756348 559.93578338623 936.749900817871 731.005962371826 535.021965026855 974.934968948364 408.251251220703 492.508453369141 624.272022247314 679.445894241333 530.911750793457 594.368160247803 569.903274536133 524.778274536133 759.56135559082 600.950263977051 643.671277523041 777.806129455566 828.990081787109 770.099159240723 641.720018386841 729.119714736938 724.280902862549 670.274508237839 620.244834899902 569.873123168945
-9999 -9999 -9999 -9999 -9999 -9999 -9999 -9999 -9999 -9999 -9999 -9999 -9999 -9999 -9999 -9999 -9999 -9999 616.715156555176 528.167022705078 666.610710144043 720.508993148804 616.614822387695 503.464752197266 523.422904968262 418.744346618652 540.070373535156 560.855514526367 678.89387178421 517.886909484863 482.51643371582 857.356231689453 563.974098205566 540.8037109375 611.898769378662 514.557052612305 593.476184844971 682.936122894287 622.349752426147 755.611259460449 600.480934143066 771.267356872559 770.314331054688 666.039146177471 779.349403381348 805.81315612793 760.441841125488 695.778438568115 791.53800201416 581.010711669922
