export/dem/dem93.asc
NCOLS 350
NROWS 171
XLLCORNER 152620
YLLCORNER 418050
CELLSIZE 100
NODATA_VALUE -9999
[rows 0 to 21 of 171, columns 100 to 149 of 350]
-9999 -9999 -9999 -9999 -9999 -9999 -9999 -9999 -9999 -9999 -9999 -9999 -9999 -9999 -9999 -9999 -9999 -9999 -9999 -9999 -9999 -9999 -9999 -9999 -9999 -9999 -9999 -9999 -9999 -9999 -9999 -9999 -9999 -9999 -9999 -9999 -9999 -9999 -9999 -9999 -9999 -9999 -9999 -9999 -9999 -9999 633.878318786621 815.15013885498 647.30143737793 607.992559432983
-9999 -9999 -9999 -9999 -9999 -9999 -9999 -9999 -9999 -9999 -9999 -9999 -9999 -9999 -9999 -9999 -9999 -9999 -9999 -9999 -9999 -9999 -9999 -9999 -9999 -9999 -9999 -9999 -9999 -9999 -9999 -9999 -9999 -9999 -9999 -9999 -9999 -9999 -9999 -9999 850.831367492676 794.001949310303 806.435905456543 682.917395114899 524.192558288574 760.075824737549 770.871200561523 698.154838562012 613.33256149292 586.438404083252
-9999 -9999 -9999 -9999 -9999 -9999 -9999 -9999 -9999 -9999 -9999 -9999 -9999 -9999 -9999 -9999 -9999 -9999 -9999 -9999 -9999 -9999 -9999 -9999 -9999 -9999 -9999 -9999 -9999 -9999 -9999 -9999 -9999 -9999 -9999 -9999 -9999 773.408630371094 874.571517944336 818.55419921875 916.552490234375 714.372051239014 702.657562255859 563.143356323242 631.74520778656 628.076567649841 738.556945800781 696.389739990234 597.844955444336 593.763061523438
-9999 -9999 -9999 -9999 -9999 -9999 -9999 -9999 -9999 -9999 -9999 -9999 -9999 -9999 -9999 -9999 -9999 -9999 -9999 -9999 -9999 -9999 -9999 -9999 -9999 -9999 -9999 -9999 -9999 -9999 -9999 -9999 -9999 -9999 640.909103393555 818.446864128113 838.971940994263 595.747066497803 796.042861938477 488.386024475098 690.601524353027 722.255878448486 702.767166137695 670.919724464417 719.307072639465 685.219581604004 655.144172668457 635.448791503906 779.841033935547 546.310371398926
-9999 -9999 -9999 -9999 -9999 -9999 -9999 -9999 -9999 -9999 -9999 -9999 -9999 -9999 -9999 -9999 -9999 -9999 -9999 -9999 -9999 -9999 -9999 -9999 -9999 -9999 -9999 -9999 -9999 -9999 -9999 -9999 773.420204162598 708.931014060974 753.059303283691 677.680530548096 763.606071472168 812.723030090332 665.357744216919 587.384019613266 560.25181722641 827.004592895508 753.186187744141 711.804113388062 778.848114013672 781.355590820312 689.209358215332 829.136077880859 796.832817077637 790.161415100098
-9999 -9999 -9999 -9999 -9999 -9999 -9999 -9999 -9999 -9999 -9999 -9999 -9999 -9999 -9999 -9999 -9999 -9999 -9999 -9999 -9999 -9999 -9999 -9999 -9999 -9999 -9999 -9999 -9999 -9999 674.219118356705 613.625759124756 751.228042602539 535.160846710205 487.015693664551 638.788757324219 722.643818855286 755.117214202881 717.851968765259 784.008750915527 849.489318847656 643.890911102295 780.920188903809 990.30712890625 1038.08560180664 825.800489425659 758.967926025391 876.422636032104 768.09663772583 726.51079082489
-9999 -9999 -9999 -9999 -9999 -9999 -9999 -9999 -9999 -9999 -9999 -9999 -9999 -9999 -9999 -9999 -9999 -9999 -9999 -9999 -9999 -9999 -9999 -9999 -9999 -9999 -9999 585.141149520874 653.33984375 562.245101928711 620.076988220215 471.86092376709 502.182769775391 671.132469177246 653.683757781982 734.455673217773 804.30606842041 791.936637878418 789.056571960449 838.307399749756 901.309036254883 832.07417678833 952.902191162109 913.677154541016 713.912117004395 776.108543395996 1021.61859226227 1289.16871643066 939.746696710587 1026.510430336
-9999 -9999 -9999 -9999 -9999 -9999 -9999 -9999 -9999 -9999 -9999 -9999 -9999 -9999 -9999 -9999 -9999 -9999 -9999 -9999 -9999 -9999 -9999 -9999 685.189151763916 732.339955329895 581.964923858643 615.352630615234 534.718326568604 633.560752868652 504.534507751465 459.639663696289 492.200355529785 638.955467224121 484.773536682129 711.27220916748 689.743173599243 795.54174041748 644.605674743652 651.7353515625 936.515960693359 890.341529846191 918.03307723999 882.443067550659 1053.30154418945 1129.65099334717 1038.360912323 1128.98202133179 986.490398406982 1245.18876647949
-9999 -9999 -9999 -9999 -9999 -9999 -9999 -9999 -9999 -9999 -9999 -9999 -9999 -9999 -9999 -9999 -9999 -9999 -9999 -9999 -9999 -9999 680.334790229797 820.304107666016 760.075332641602 784.20964050293 745.51749420166 627.310922622681 541.005191802979 507.005569458008 606.290761947632 662.491203308105 602.740907669067 649.331447601318 478.165802001953 617.114093780518 580.026458740234 714.297894954681 798.274795532227 904.307655334473 915.972320556641 844.856063842773 725.358655929565 848.248662948608 712.761806488037 1124.56470489502 603.391082763672 509.763214111328 634.320121765137 569.301158905029
-9999 -9999 -9999 -9999 -9999 -9999 -9999 -9999 -9999 -9999 -9999 -9999 -9999 -9999 -9999 -9999 -9999 -9999 -9999 1059.00140571594 919.022308349609 775.731033325195 725.403591156006 634.810566902161 720.500579833984 684.090713500977 613.722720623016 707.415840148926 518.757717132568 625.41773223877 581.701233386993 590.494996070862 608.142169952393 522.757049560547 665.58243560791 640.20463180542 681.93147277832 493.830093383789 770.053009033203 782.946598052979 742.046157836914 668.942821502686 650.324897766113 770.959136962891 817.053344726562 694.470725178719 762.951583862305 708.964115142822 584.484451293945 791.295280456543
-9999 -9999 -9999 -9999 -9999 -9999 -9999 -9999 -9999 -9999 -9999 -9999 -9999 -9999 -9999 -9999 -9999 1065.47783279419 1032.99271011353 1076.61015510559 615.201934814453 627.374182701111 653.512260437012 633.7932472229 468.97095489502 813.362182617188 814.385650634766 847.99739074707 677.285549879074 849.01106262207 694.484477043152 580.069114923477 551.022609710693 661.850959777832 432.201774597168 520.215354919434 671.824508666992 697.464385986328 801.36067199707 696.220272541046 683.657870531082 696.738986968994 676.902854919434 626.467147827148 822.970016479492 643.330108642578 604.113903045654 674.880795001984 687.669897079468 649.567569732666
-9999 -9999 -9999 -9999 -9999 -9999 -9999 -9999 -9999 -9999 -9999 -9999 -9999 -9999 558.972217559814 815.314140319824 830.315788269043 991.666388988495 917.523361206055 1037.34154129028 939.000667572021 734.432647705078 718.440582275391 549.477474212646 676.838925600052 789.769378662109 775.570091247559 759.371795654297 802.073089599609 812.190246582031 592.273208618164 526.457469940186 570.486230611801 609.919189453125 640.098976135254 592.989337921143 797.270935058594 594.10803604126 622.186470031738 581.133430480957 693.435121536255 762.123268127441 570.557678222656 716.98295211792 705.09720993042 771.693794250488 784.670860290527 690.042655944824 749.526466369629 759.568252563477
-9999 -9999 -9999 -9999 -9999 -9999 -9999 -9999 -9999 -9999 -9999 -9999 661.285438537598 805.559059143066 541.784233093262 763.558483123779 467.674606323242 691.709335327148 1032.23446655273 1004.41428661346 1010.47080421448 504.253784179688 553.666923522949 666.130073547363 681.100622177124 745.548799514771 951.395629882812 673.826732158661 653.112743377686 647.236778259277 503.087860107422 511.695426940918 458.660587310791 407.300216674805 488.257781982422 549.71745967865 472.568756103516 548.022254943848 647.134395122528 710.188192367554 794.461242675781 674.071142196655 537.222366333008 624.662284851074 680.261100769043 595.217903137207 615.45405960083 623.431018829346 733.236808776855 510.047119140625
-9999 -9999 -9999 -9999 -9999 -9999 -9999 -9999 -9999 -9999 750.731338500977 716.631088256836 677.85326385498 729.549116849899 573.917346954346 471.304397583008 517.686943054199 479.104629516602 563.238014221191 548.339096069336 557.436782836914 544.792972564697 655.241451263428 647.168167114258 691.059940338135 690.143882751465 575.493743896484 794.689885139465 676.960672855377 568.859880506992 665.183486938477 589.094017028809 466.60186958313 340.507919311523 470.363380432129 673.81761932373 621.971290588379 623.981405258179 678.06717300415 634.52140045166 772.272010803223 674.326523780823 625.432476043701 660.874546051025 694.95637512207 693.719604492188 853.926025390625 574.270072937012 539.814945220947 499.327377319336
765.072628974915 676.387580871582 810.303207397461 758.508514404297 753.174673080444 583.153209686279 606.490901947021 668.209503173828 641.26912689209 421.601081848145 737.47590637207 583.028930664062 539.381782531738 629.347078919411 544.199752807617 521.733680725098 435.178634643555 423.120483398438 577.606758117676 562.141290664673 526.483688354492 630.708354949951 722.608409881592 721.90838599205 705.450750350952 791.13597869873 794.253158569336 810.204460144043 781.882499694824 754.365493774414 513.427354335785 649.584526062012 530.4292345047 351.922576904297 464.193237304688 788.726226806641 763.016387939453 685.579521179199 563.068752288818 644.270526885986 788.666954040527 528.848434448242 572.759442329407 698.724716186523 649.412051439285 658.755325317383 566.909286499023 525.353874206543 642.918991088867 718.869644165039
678.948398590088 838.080017089844 827.877586364746 512.125617980957 562.088996887207 687.519393920898 464.99259185791 507.164367675781 470.9709815979 474.186571121216 541.293746948242 593.496612548828 460.550979614258 796.686172485352 608.410877227783 580.31420135498 513.276077270508 492.275726318359 586.246559143066 748.938137054443 710.296576499939 637.673122406006 603.983457565308 766.818952560425 707.924095153809 864.32502746582 788.9248046875 642.474784851074 650.221374511719 540.577354431152 620.236877441406 685.674354553223 458.309768676758 530.360359191895 548.527198791504 756.761302947998 705.928707122803 615.433578491211 608.24560546875 599.166667938232 617.345123291016 589.290019989014 712.646102905273 806.072280883789 845.054946899414 1136.01779174805 1010.00689697266 720.888832092285 683.444297790527 672.712371826172
536.316040039062 795.250862121582 562.65055847168 487.303527832031 652.263434886932 421.873935699463 663.423370361328 382.765327453613 590.227127075195 555.944183349609 650.208896636963 514.371551513672 285.438323974609 506.949172973633 610.279514312744 754.362367630005 711.361385345459 801.857543945312 689.44603729248 730.207439422607 785.041015625 1018.48798370361 616.736763000488 620.114402770996 519.518562316895 600.966564178467 721.950637817383 723.73979473114 510.78369140625 558.05574798584 676.342674255371 609.050598144531 611.682155609131 836.201084136963 539.81665802002 807.625534057617 589.53914642334 512.310260772705 669.249710083008 595.814361572266 843.677307128906 571.114242553711 953.556121826172 1046.10491943359 703.894984863698 714.838761568069 690.21369934082 827.936599731445 822.442443847656 691.925300598145
561.926624298096 816.217636108398 634.432229995728 477.684074401855 713.117332458496 668.702023983002 982.220962524414 1336.13903808594 648.032619476318 592.015596389771 579.387832641602 281.748611450195 482.354667663574 600.890823364258 787.48738861084 549.621192932129 717.568413734436 686.020050048828 568.13062286377 665.591400146484 668.280841827393 621.040885925293 441.490005493164 570.638763427734 650.57746887207 685.471893310547 637.546859741211 844.95002746582 868.226654052734 792.068908691406 600.630216598511 578.436393737793 617.177980422974 473.576843261719 590.15922164917 1168.82448577881 623.775615692139 510.594242095947 617.870429992676 749.468002319336 1321.59585571289 790.618637084961 792.055908203125 539.574821472168 794.029693603516 649.183528900146 856.837242126465 700.495197296143 719.053771972656 611.364139556885
570.608665466309 715.25959777832 1026.26068115234 600.415150761604 829.333740234375 701.650245666504 722.203964233398 1179.01390075684 681.081707000732 593.582427978516 629.281471252441 649.627292633057 585.542381286621 866.486389160156 455.51847076416 524.137161254883 520.82551574707 784.398765563965 470.965187072754 590.153381347656 719.02258682251 604.372665405273 577.147064208984 547.117042541504 511.751247406006 441.612174987793 436.77653503418 463.179931640625 1082.2700843811 912.090747833252 606.078842163086 836.505729675293 1245.17626953125 981.776893615723 684.514038085938 1066.74011230469 1110.01710510254 936.715131759644 562.74390411377 654.943474948406 547.818428039551 663.657707214355 660.342803955078 661.042533874512 666.585151672363 780.203979492188 736.931411743164 715.719749450684 711.258964538574 634.081405639648
783.091630935669 917.839859008789 1062.81239318848 804.282592773438 720.458404541016 726.58861541748 1051.29608917236 1264.23167419434 852.704078674316 684.94958114624 931.094802379608 970.948469161987 913.093132019043 1048.25157928467 420.537780761719 1156.70399570465 617.98556137085 508.681549072266 613.044471740723 917.913291931152 778.595893859863 579.27783203125 513.59016418457 552.138778686523 1251.41745376587 1129.78602790833 882.827011108398 664.321258246899 592.724408209324 466.206367492676 490.065780639648 609.092527389526 490.14013671875 552.940868377686 567.799713134766 1111.26417541504 758.912986755371 653.243583679199 690.673048019409 722.676132202148 732.380317687988 525.64546585083 758.566566467285 623.646315574646 672.120571136475 685.204795837402 692.955673217773 586.194247722626 785.227737426758 590.811376571655
666.394165039062 542.556198120117 486.035537719727 443.810134887695 532.518550872803 695.169109344482 834.59024810791 640.539197921753 919.408008575439 704.204078674316 695.729076623917 1074.55109405518 719.608575820923 983.950744628906 1196.16032409668 1000.87080383301 1211.26746940613 1061.38507080078 660.401788711548 629.946199417114 876.953181266785 365.719497680664 943.368850708008 451.586227416992 506.465301513672 1215.00514602661 591.826019287109 569.290100097656 554.180918693542 509.232685089111 547.795763015747 495.437957763672 529.743476867676 626.820892333984 598.229290008545 604.736885070801 663.448780059814 634.809131622314 717.968662261963 567.557350158691 699.328081130981 634.318008422852 773.375274658203 697.670104980469 617.916114807129 570.361930847168 632.840250492096 617.812602996826 649.624576568604 686.652015686035
434.820510864258 536.763252258301 481.798347473145 330.174682617188 601.484382629395 694.133682250977 648.010979652405 797.791000366211 526.77815246582 664.44291305542 772.951393127441 857.302307128906 668.520506381989 854.796943664551 539.354415893555 2238.83377838135 1206.88145828247 827.788320541382 466.071716308594 916.890838623047 759.985397338867 499.802375793457 292.75341796875 1157.21928787231 1053.65965270996 1365.8519744873 1048.59859657288 868.719944000244 528.190937042236 586.122410774231 545.006984710693 634.84090423584 503.100517272949 483.424819946289 536.194351196289 690.283958435059 607.102626800537 530.367118835449 642.207054138184 634.472423553467 857.266372680664 713.729614257812 677.177856445312 527.362495422363 603.378433227539 588.487358093262 773.162902832031 577.448413848877 593.494340896606 747.74910736084
