export/dem/dem90.asc
NCOLS 350
NROWS 171
XLLCORNER 152620
YLLCORNER 418050
CELLSIZE 100
NODATA_VALUE -9999
[rows 44 to 65 of 171, columns 100 to 149 of 350]
491.952777862549 523.468238830566 331.161468505859 449.109306335449 515.059036254883 517.115936279297 416.690486907959 537.287528991699 552.285293579102 388.710369110107 483.782665252686 453.810729980469 396.316104888916 446.11976146698 432.738627433777 639.648590087891 494.26393699646 491.118300437927 474.193330764771 491.095222473145 348.425926208496 306.906188964844 423.538326263428 360.752624511719 448.656032562256 543.131637573242 457.328723907471 564.130981445312 404.010147094727 577.944019317627 510.04275894165 647.272323608398 502.837350845337 510.518337249756 579.489532470703 552.006622314453 507.598726272583 520.387111663818 530.580646514893 516.221614837646 455.546875 477.670040130615 531.894941329956 653.41455078125 700.749755859375 537.635414123535 423.629875183105 346.263534545898 535.437204360962 583.420684814453
440.116385936737 449.539689064026 571.327499389648 566.600189208984 480.726078033447 515.121658325195 553.008010864258 588.904586791992 536.522750854492 483.155132293701 437.74151802063 344.387725830078 501.031858444214 471.292017936707 620.825317382812 470.43985748291 484.509635925293 427.889228820801 655.737976074219 463.879577636719 301.662689208984 557.07999420166 468.700273513794 536.283870697021 551.323458194733 372.47428894043 453.941688537598 488.27465057373 543.453363418579 514.470460176468 463.573997497559 619.731513977051 498.882125854492 506.617544174194 511.800567626953 439.22380065918 432.664936065674 600.438453674316 468.834632873535 516.470384597778 557.412158966064 559.4215965271 539.267135620117 424.820152282715 385.207618713379 459.342813491821 530.633382797241 468.805246353149 567.077785491943 599.415267944336
574.306610107422 497.80640411377 430.69797706604 499.836585998535 544.490226745605 529.797370910645 473.805782318115 461.91055727005 478.688140869141 551.194114685059 476.50136756897 565.655517578125 614.666969299316 297.718490600586 505.913318634033 431.923254013062 412.626110076904 373.684066772461 509.365650177002 512.459636688232 359.184753417969 387.474227905273 465.861596107483 595.264778137207 550.519309997559 472.077327728271 466.820159912109 614.26643371582 465.736032485962 664.792816162109 531.973165512085 618.060203552246 569.75318145752 593.297637939453 429.419445037842 535.290744781494 543.232711791992 573.761779785156 431.854442596436 361.494125366211 414.272918701172 615.792190551758 530.467567443848 481.460052490234 471.956382751465 574.210594177246 517.555543959141 362.896141052246 430.779853820801 583.306091308594
470.758632659912 457.860996246338 407.326894760132 488.883304595947 461.909829139709 589.324691772461 605.098983764648 526.590229034424 485.771238327026 442.590303421021 457.322216033936 382.897506713867 466.076416969299 474.71537399292 540.813987731934 399.771675109863 371.660934448242 461.957538604736 556.137435913086 604.732955932617 638.432189941406 604.574043273926 530.41540145874 501.974174000323 573.607597351074 582.624351501465 337.872787475586 575.305854797363 533.930858612061 463.482219696045 526.03537940979 654.131408691406 501.544382095337 486.453567504883 350.685256958008 602.64234161377 290.343719482422 399.689605712891 532.842582702637 670.022796630859 477.96946144104 555.06498336792 527.875882148743 702.205856323242 444.346500396729 615.974365234375 455.951410293579 595.22891998291 480.545488357544 577.819519042969
551.147132873535 459.352795600891 415.477659225464 328.304374694824 382.147430419922 433.659141540527 616.743408203125 409.707885742188 471.620539665222 404.615104675293 517.753807067871 515.660991668701 500.518716812134 390.61205291748 475.89928817749 418.387676239014 531.212226867676 444.878852844238 485.06943321228 664.944641113281 724.230941772461 623.870666503906 484.376331329346 555.861671447754 583.97575378418 493.367818713188 418.530857086182 397.736778259277 513.583932876587 446.012573242188 633.622825622559 630.533226013184 565.106460571289 463.978797912598 548.30016708374 363.135627746582 474.126829624176 369.848457336426 555.220249176025 425.739547729492 597.967361450195 380.633682250977 537.391613006592 662.982696533203 513.383021354675 544.061794281006 433.191093444824 482.427617549896 573.573875427246 543.264048576355
397.50414276123 535.054702758789 398.892932891846 496.581033706665 397.279731750488 550.528511047363 473.237589836121 433.960048675537 467.033508300781 387.083190917969 381.132308959961 535.339214324951 589.303344726562 362.524353027344 294.512969970703 444.666580200195 349.223281860352 653.870849609375 679.768615722656 622.489288330078 515.465612411499 565.711135864258 485.080183029175 644.783462524414 610.569213867188 525.999000549316 539.962779998779 460.65799331665 576.794673919678 555.822231292725 570.640281677246 493.104763031006 410.501335144043 392.706871032715 316.989791870117 533.706344604492 545.132690429688 485.118294239044 565.421432495117 447.347190856934 611.076515197754 530.676652908325 450.559680938721 647.556640625 626.779327392578 491.427282333374 468.627319335938 498.286063194275 430.265472412109 596.026378631592
448.09558391571 404.110130310059 398.093418121338 494.017036437988 366.105926513672 378.229530334473 283.081665039062 387.303001403809 528.619239807129 455.638120651245 430.368556976318 559.436294555664 451.56671333313 458.823934555054 542.014930725098 405.42951965332 409.489036560059 532.798652648926 366.688453674316 589.063873291016 483.101757049561 661.974029541016 421.548198699951 546.612075805664 509.35138130188 487.094358444214 584.046417236328 400.856239318848 447.256767272949 509.595061182976 390.369659423828 621.849296569824 448.52112197876 451.477367401123 373.515060424805 447.726776123047 424.379425048828 600.26806640625 407.027526855469 463.043922424316 425.529663085938 605.313529968262 424.884635925293 589.209907531738 511.8908598423 553.472362518311 578.531875610352 438.724670410156 455.630443572998 388.295852661133
514.260353088379 483.598182678223 340.985626220703 419.742660522461 435.47318649292 528.809020996094 394.887748718262 467.634037017822 509.581588745117 478.999487876892 607.809875488281 514.177906036377 507.23836517334 392.486740112305 302.1748046875 496.781129837036 541.945201873779 452.573749542236 567.477226257324 544.21102142334 570.695114135742 568.860549926758 518.161365509033 383.910430908203 592.562202453613 599.494232177734 571.532821655273 511.52832365036 431.83642578125 462.530948638916 419.330551147461 441.254318237305 557.222290039062 515.718105316162 251.470275878906 434.209327697754 511.27766418457 542.431720733643 561.379974365234 585.136192321777 525.975125312805 551.829479217529 579.142559051514 547.307065010071 626.079780578613 509.659794807434 562.812934875488 406.43537902832 341.36213684082 536.483377456665
424.058746814728 539.972618103027 573.718032836914 476.224731445312 425.645462989807 399.113874435425 351.997734069824 379.401832580566 383.891700744629 540.068519592285 540.55916595459 425.255714416504 520.616409301758 376.750190734863 427.134239196777 342.110565185547 511.115032196045 335.711639404297 399.566459655762 377.005821228027 438.243709564209 573.321434020996 509.211514472961 575.790084838867 548.524011611938 512.286500930786 480.540486335754 392.775100708008 385.870826721191 400.419250488281 330.343902587891 229.349822998047 478.169116973877 347.668350219727 348.804733276367 533.295727729797 448.803848266602 572.046527862549 500.641441345215 613.316452026367 575.28889465332 449.908531188965 506.743808746338 721.772659301758 412.191856384277 545.295744895935 490.180187225342 489.089153289795 443.542175292969 535.205383300781
313.460113525391 398.715187072754 467.812595367432 450.235374450684 344.737129211426 504.089321136475 277.996276855469 295.784088134766 436.581092834473 472.645565032959 349.361808776855 441.892318725586 520.093654632568 440.622203826904 435.685493469238 599.987968444824 397.444267272949 524.065816879272 411.684326171875 304.239334106445 577.953384399414 439.01789855957 307.476135253906 503.301420211792 514.778388023376 535.630798339844 495.863903015852 398.740295410156 408.611557006836 303.858947753906 379.202568054199 355.052398681641 464.409843444824 426.173156738281 415.717758178711 298.940307617188 504.40224647522 413.083648681641 466.508819580078 488.317195892334 491.026008605957 558.113519668579 658.163040161133 541.960389137268 539.268371582031 407.911094665527 585.518600463867 548.343448638916 340.65461730957 466.880966186523
470.091995239258 441.15943479538 498.251182556152 458.412139892578 362.886077880859 352.987525939941 523.154037475586 411.770523071289 410.856430053711 503.3353099823 453.014289855957 591.02880859375 492.16338634491 715.781143188477 361.840110778809 494.438363552094 493.073939800262 411.409698486328 418.177352905273 357.776008605957 578.841468811035 553.491115570068 595.401016235352 544.842571258545 341.265060424805 371.44010925293 430.458763122559 401.035972595215 379.100463867188 509.915473401546 612.313514709473 536.762296676636 460.02645111084 509.531002044678 433.88249206543 483.613998413086 546.777212142944 373.484008789062 421.303916931152 568.009662628174 604.603889465332 463.827644348145 508.324764251709 642.934265136719 464.703365325928 594.113861083984 561.257742166519 495.282241821289 534.900450706482 526.945356369019
436.188388347626 409.906023025513 358.533088684082 283.319946289062 447.750743865967 306.229690551758 528.226760864258 461.487908840179 523.101375579834 450.149045944214 558.130813598633 471.984526634216 550.377616882324 579.415489196777 564.598770141602 494.493377685547 522.762359619141 304.409713745117 314.054153442383 397.25560760498 433.379703521729 600.26700592041 485.731981277466 463.05659866333 438.967254638672 515.254678726196 390.558639526367 426.61930847168 530.155994415283 594.985130310059 526.68292427063 537.007064640522 457.863296508789 467.639389038086 466.410583496094 550.423505783081 525.058240890503 421.336036682129 478.734539031982 562.850769042969 572.447940826416 483.860877990723 573.570734024048 680.945434570312 514.30517578125 644.314971923828 524.488496780396 599.03343963623 597.854518890381 535.010945320129
546.207817077637 260.607177734375 441.387126922607 345.994926452637 329.599014282227 300.56787109375 475.752986907959 348.846038818359 525.596973419189 643.931060791016 704.066253662109 526.839450836182 465.082375526428 567.166473388672 547.826293945312 552.093162536621 503.933041572571 536.21471786499 396.053771972656 416.474029541016 476.97812461853 514.460298538208 428.215484619141 520.846754074097 512.147022247314 517.09405708313 554.639087677002 417.765510559082 714.2255859375 496.442565917969 525.131175994873 475.322830200195 495.941219329834 544.500667572021 463.911804199219 367.166061401367 634.976554870605 477.471466064453 661.59228515625 623.72566986084 536.290513038635 603.184597015381 606.699150085449 666.162658691406 491.285919189453 762.647094726562 586.745468139648 554.673340797424 683.461700439453 566.915031194687
351.029518127441 421.598463058472 516.774642944336 373.63158416748 631.339553833008 486.204277038574 238.692291259766 459.518292784691 470.509506225586 365.602783203125 422.229530334473 360.17960357666 656.519714355469 459.922108650208 477.944041252136 523.285461425781 481.350966215134 452.780223846436 405.326644897461 391.202293395996 457.700370788574 366.147766113281 504.788398742676 413.753940582275 454.764200210571 522.543464660645 458.272315979004 487.236370801926 602.076755523682 670.758033752441 625.037178039551 747.740447998047 642.199924468994 418.858795166016 480.053470611572 505.318479537964 663.605094909668 652.913917541504 683.411018371582 565.77974653244 656.069961547852 698.280548095703 628.409088134766 642.983589172363 713.572189331055 699.236404418945 680.334335327148 616.318725585938 525.374046325684 654.608169555664
529.559440612793 581.158508300781 476.127021789551 405.250308990479 500.694595336914 522.387306213379 511.798637390137 468.483316659927 482.391521453857 553.578590393066 553.436477661133 415.517513275146 458.261837005615 601.236846923828 475.29341506958 599.256072998047 637.801071166992 645.342864990234 411.504981994629 517.957942962646 487.534883260727 527.618297576904 469.575256347656 486.084140777588 593.021499633789 616.612869262695 593.271133422852 462.307390213013 461.449825286865 410.270462036133 660.203582763672 595.996948242188 637.486434936523 508.489295959473 537.671535491943 500.900564193726 546.627101898193 511.30680847168 686.643404006958 572.797592163086 643.685459136963 668.620262145996 704.861145019531 548.21982511878 563.971115112305 684.04899597168 661.901626586914 663.573394775391 745.52685546875 623.55687713623
503.844039916992 398.869216918945 365.28539276123 386.07405090332 347.90364074707 526.337013244629 654.81950378418 534.325225830078 534.935813903809 423.821657180786 506.289428710938 409.543418884277 433.576810836792 511.847686767578 560.754013061523 582.304573059082 492.399125099182 512.651901245117 474.81856918335 474.1229429245 408.959526062012 492.887321472168 422.802391052246 537.528785705566 447.730178833008 498.937414169312 394.992950439453 547.231784820557 472.291130065918 511.360034942627 460.179653167725 654.67896270752 580.676632881165 418.266006469727 840.113174438477 564.234485626221 687.35748052597 536.917106628418 695.574119567871 534.873149871826 577.473827362061 572.966547012329 640.861312866211 609.075073242188 692.218688964844 724.933090209961 667.363792419434 701.486083984375 674.90217590332 514.55962562561
571.219711303711 649.335861206055 537.017532348633 561.64924621582 491.546213150024 479.083462715149 351.977905273438 360.466171264648 375.994102478027 589.42643737793 613.578063964844 584.050407409668 592.324111938477 472.255639702082 521.331661224365 375.540168762207 644.790802001953 615.109237670898 533.399520874023 375.059837341309 416.453125 454.65905380249 360.103149414062 476.552141189575 397.06859588623 504.686228275299 521.965101242065 506.225724220276 478.455142974854 514.512681722641 482.70076751709 338.882293701172 458.987865447998 461.030456542969 501.046630859375 518.430469512939 493.545074462891 543.579298019409 487.764232635498 554.897162437439 425.442672729492 510.421424865723 619.000518798828 692.570068359375 652.389495849609 744.636611938477 669.027481079102 689.273941040039 666.022838592529 522.355796813965
569.55078125 496.867183685303 505.87281036377 381.146980285645 472.113900184631 410.093669891357 373.57833480835 435.121719360352 385.415222167969 603.907379150391 569.162078857422 601.688858032227 544.930587768555 471.67813205719 610.162155151367 616.122009277344 554.681518554688 616.439018249512 409.285667419434 443.248683929443 528.588836669922 419.757308959961 438.115659713745 517.313865661621 390.065887451172 520.5823097229 319.508392333984 447.661060333252 406.657615661621 327.592407226562 426.803588867188 510.607271909714 583.198547363281 375.496994018555 554.678924560547 388.449020385742 500.885440826416 516.325420379639 503.611377716064 467.737838745117 447.088508605957 672.197624206543 523.068519592285 667.462978363037 636.599090576172 742.74836730957 783.492317199707 658.675495147705 450.539916992188 442.080039978027
465.451008796692 472.663722991943 545.603164672852 584.543685913086 417.240825653076 362.130836486816 439.858352661133 436.810068130493 329.883834838867 520.858047485352 457.875301361084 557.197708129883 524.517707824707 563.864192962646 511.074518203735 623.699584960938 438.110824584961 588.509437561035 564.205787658691 401.037490844727 399.130645751953 377.645385742188 501.186699867249 417.29029083252 366.855117797852 503.336274147034 445.835704803467 557.719985961914 457.051582336426 425.669059753418 463.080184936523 512.080245494843 541.474803924561 490.096685409546 479.944721221924 436.532829284668 603.326416015625 612.761596679688 430.691146850586 484.620716094971 523.460998535156 650.31356048584 714.927215576172 533.867998123169 640.892471313477 568.703592300415 949.300537109375 515.502827644348 470.575340270996 680.456771850586
503.526927947998 403.341194152832 183.067718505859 314.693298339844 372.976081848145 420.544757843018 419.942775726318 296.513809204102 309.104965209961 349.28498840332 367.053993225098 420.536521911621 418.639078140259 575.521659851074 493.049440383911 685.615447998047 632.741989135742 481.291429519653 536.983413696289 509.561296463013 502.38315808773 446.210884094238 588.69059753418 518.846042633057 497.722052574158 411.16512298584 549.956266403198 532.088840484619 531.015714645386 372.668807983398 366.183837890625 422.572975158691 455.828678131104 593.703804016113 417.909843444824 568.705348968506 522.188241958618 489.501625061035 570.132247924805 633.176895141602 665.547485351562 493.886318206787 616.082649230957 539.384316444397 565.09188079834 686.919227600098 467.569549560547 512.443408966064 564.212106704712 460.002006530762
310.312973022461 280.379501342773 542.299751281738 479.238632202148 427.317720413208 352.863967895508 401.646350860596 319.294692993164 471.021062850952 452.025867462158 286.971450805664 296.691680908203 435.317916870117 415.412982940674 488.533145904541 556.951637268066 543.514152526855 618.741958618164 490.124481201172 574.88623046875 365.950408935547 590.884826660156 539.465961456299 398.98567199707 369.991363525391 404.950996398926 445.961273193359 465.787300109863 365.019378662109 431.219955444336 379.079261779785 473.441493988037 552.6008644104 592.41731262207 336.603088378906 499.192028045654 461.074058532715 511.066661834717 498.030578613281 611.211536407471 644.033752441406 570.849643707275 658.494049072266 738.495086669922 588.073455810547 679.44905090332 597.328502655029 589.328313827515 518.878101348877 567.061727523804
440.172840118408 527.195140838623 528.52808380127 514.67073059082 539.161277770996 501.789880752563 571.914421081543 617.079208374023 459.545871257782 462.115589141846 299.627853393555 414.974948883057 498.302648544312 396.403144836426 489.174491882324 447.413549423218 467.670970082283 614.9990234375 384.676330566406 501.427936553955 404.377639770508 530.029850006104 633.43376159668 542.724731445312 421.849636077881 457.913734436035 553.746620178223 303.453842163086 374.601440429688 345.435516357422 434.292907714844 439.264343261719 465.82763671875 495.349899291992 293.498825073242 458.553886413574 499.733489990234 487.376220703125 601.251029968262 503.755737304688 467.264511108398 752.361968994141 590.419521331787 670.017272949219 621.019882202148 706.504699707031 645.100196838379 488.830070495605 485.584541320801 487.637660980225
