export/dem/dem90.asc
NCOLS 350
NROWS 171
XLLCORNER 152620
YLLCORNER 418050
CELLSIZE 100
NODATA_VALUE -9999
[rows 0 to 21 of 171, columns 200 to 249 of 350]
-9999 -9999 -9999 -9999 -9999 -9999 -9999 -9999 -9999 -9999 -9999 -9999 -9999 -9999 -9999 -9999 -9999 -9999 -9999 -9999 -9999 -9999 -9999 -9999 -9999 -9999 -9999 -9999 -9999 -9999 -9999 -9999 -9999 -9999 -9999 -9999 -9999 -9999 -9999 -9999 -9999 -9999 -9999 -9999 -9999 -9999 -9999 -9999 -9999 -9999
-9999 -9999 -9999 -9999 -9999 -9999 -9999 -9999 -9999 -9999 -9999 -9999 -9999 -9999 -9999 -9999 -9999 -9999 -9999 -9999 -9999 -9999 -9999 -9999 -9999 -9999 -9999 -9999 -9999 -9999 -9999 -9999 -9999 -9999 -9999 -9999 -9999 -9999 -9999 -9999 -9999 -9999 -9999 -9999 -9999 -9999 -9999 -9999 -9999 -9999
-9999 -9999 -9999 -9999 -9999 -9999 -9999 -9999 -9999 -9999 -9999 -9999 -9999 -9999 -9999 -9999 -9999 -9999 -9999 -9999 -9999 -9999 -9999 -9999 -9999 -9999 -9999 -9999 -9999 -9999 -9999 -9999 -9999 -9999 -9999 -9999 -9999 -9999 -9999 -9999 -9999 -9999 -9999 -9999 -9999 -9999 -9999 -9999 -9999 -9999
-9999 -9999 -9999 -9999 -9999 -9999 -9999 -9999 -9999 -9999 -9999 -9999 -9999 -9999 -9999 -9999 -9999 -9999 -9999 -9999 -9999 -9999 -9999 -9999 -9999 -9999 -9999 -9999 -9999 -9999 -9999 -9999 -9999 -9999 -9999 -9999 -9999 -9999 -9999 -9999 -9999 -9999 -9999 -9999 -9999 -9999 -9999 -9999 -9999 -9999
-9999 -9999 -9999 -9999 -9999 -9999 -9999 -9999 -9999 -9999 -9999 -9999 -9999 -9999 -9999 -9999 -9999 -9999 -9999 -9999 -9999 -9999 -9999 -9999 -9999 -9999 -9999 -9999 -9999 -9999 -9999 -9999 -9999 -9999 -9999 -9999 -9999 -9999 -9999 -9999 -9999 -9999 -9999 -9999 -9999 -9999 -9999 -9999 -9999 -9999
415.363456726074 548.657747268677 523.651508331299 474.12109375 743.893666744232 -9999 -9999 -9999 -9999 -9999 -9999 -9999 -9999 -9999 -9999 -9999 -9999 -9999 -9999 -9999 -9999 -9999 -9999 -9999 -9999 -9999 -9999 -9999 -9999 -9999 -9999 -9999 -9999 -9999 -9999 -9999 -9999 -9999 -9999 -9999 -9999 -9999 -9999 -9999 -9999 -9999 -9999 -9999 -9999 -9999
432.913097381592 538.360313415527 516.622535705566 531.705394744873 698.48893737793 701.045463562012 601.451850891113 698.745826721191 594.495704650879 722.628997802734 -9999 -9999 -9999 -9999 -9999 -9999 -9999 -9999 -9999 -9999 -9999 -9999 -9999 -9999 -9999 -9999 -9999 -9999 -9999 -9999 -9999 -9999 -9999 -9999 -9999 -9999 -9999 -9999 -9999 -9999 -9999 -9999 -9999 -9999 -9999 -9999 -9999 -9999 -9999 -9999
908.528244018555 528.25857925415 612.683975219727 616.226028442383 691.305587768555 816.578842163086 496.77857208252 714.307159423828 695.05339050293 501.069969177246 610.640182495117 644.990356445312 703.184906005859 613.677459716797 838.469665527344 598.287593841553 755.687072753906 793.837921142578 1017.10280609131 1077.27830505371 932.887705802917 866.215232849121 989.734252929688 831.323997497559 781.863464355469 1068.11659240723 1011.90615844727 911.548013687134 1079.23054504395 865.249443054199 822.611068725586 863.508632659912 485.617034912109 557.607238769531 557.762786865234 780.153106689453 1082.99272155762 1231.95037841797 818.416900634766 -9999 -9999 -9999 -9999 -9999 -9999 -9999 -9999 -9999 -9999 -9999
985.81224822998 1005.92931365967 755.719329833984 836.162124633789 1002.6042675972 1101.49842071533 1296.76568603516 525.364482879639 601.712585449219 533.12606048584 548.812835693359 444.840915679932 516.728713989258 655.505569458008 602.000984191895 586.767028808594 526.691692352295 617.935607910156 945.843200683594 1006.94784545898 995.840545654297 832.422677993774 708.648086547852 749.177188873291 634.546493530273 861.712303161621 876.28239440918 866.319477081299 916.987400054932 992.021873474121 702.221664428711 656.241607666016 394.401092529297 498.458251953125 592.765655517578 606.502822875977 984.845390319824 1057.65288543701 797.351928710938 574.169540405273 988.016891479492 1153.82535552979 1271.89832687378 983.495334625244 847.281337738037 -9999 -9999 -9999 -9999 -9999
1025.76663589478 928.309555053711 693.410865783691 604.95679473877 1085.53054046631 1197.73699951172 1201.97792053223 1075.83129692078 1002.18557739258 969.280731201172 936.587326049805 847.128227233887 545.517730712891 533.328033447266 635.232360839844 456.334389686584 534.335174560547 470.657843112946 1000.55709838867 977.630844116211 1037.38691711426 776.802471160889 870.475433349609 703.560852050781 712.034004211426 937.838249206543 857.265190124512 831.698100566864 765.33553314209 773.605514526367 868.076438903809 620.279525756836 561.75984954834 447.442352294922 555.007583618164 673.175827026367 1015.33322906494 1134.5262336731 267.705657958984 471.614974975586 698.943084716797 1127.28717422485 879.248436927795 873.907733917236 924.385116577148 1338.4488658905 858.724617004395 -9999 -9999 -9999
909.035697937012 807.709106445312 963.143287658691 1248.07884979248 1068.89108276367 1033.69380187988 1175.39436721802 1240.66098022461 951.081104278564 843.153717041016 884.388610839844 1015.89703369141 584.02728843689 639.284690856934 628.93489074707 712.395084381104 912.228393554688 852.633819580078 831.937527656555 813.281097412109 1026.82257843018 1043.37908267975 648.648742675781 632.150177001953 716.912265777588 691.855545043945 755.592212677002 889.7333984375 661.147155761719 780.071220397949 646.3896484375 591.314071655273 480.93342590332 609.965824127197 462.739410400391 431.508010864258 486.360565185547 823.611557006836 1003.67333221436 586.360268592834 590.235458374023 906.161483764648 654.214584350586 962.242050170898 816.355079650879 1324.37356948853 755.325485229492 1483.00686645508 858.128021240234 -9999
778.853439331055 939.041820526123 852.052505493164 1005.08492660522 994.056221008301 1103.59169960022 1152.31744003296 1059.14249420166 1131.80766296387 930.945091247559 864.287937164307 984.660217285156 753.935409545898 643.337392807007 615.382133483887 815.895355224609 823.710586547852 859.386035919189 843.99938583374 1006.66232681274 810.033950805664 1067.16150379181 589.66202545166 711.385061264038 644.155914306641 739.460815429688 705.963111877441 812.496089935303 783.156351089478 751.128135681152 723.367881774902 684.305122375488 486.084701538086 580.444549560547 638.732261657715 451.580551147461 410.756118774414 977.586238861084 890.039737701416 809.268508911133 637.673515319824 624.520469665527 820.396556854248 716.958686828613 753.890788912773 818.508402824402 944.432800292969 1406.11513519287 984.281242370605 829.476165771484
734.986755371094 876.003151893616 871.623077392578 714.54914855957 765.160140991211 976.15934753418 790.639801025391 866.404876708984 1155.60517883301 1032.26016235352 1024.66076660156 864.45238494873 940.603698730469 685.952154159546 719.637310028076 749.990274429321 863.562839508057 975.510200500488 866.285697937012 1005.82573318481 1016.59811854362 1046.30796813965 786.468635559082 750.060279846191 833.238500595093 825.631057739258 835.423797607422 897.224305152893 808.817317962646 763.694976806641 873.940582275391 773.740478515625 838.843109130859 640.483551025391 654.799110412598 670.64868927002 663.073619842529 1065.79762458801 1064.08369636536 922.433044433594 475.196228027344 673.307050704956 521.409790039062 699.915817260742 823.709396362305 862.337581634521 824.032167434692 915.907760620117 676.235313415527 712.607376098633
637.520656585693 553.218536376953 680.189614534378 468.90315246582 734.568264007568 809.837554931641 798.540321350098 780.245546340942 1153.69078063965 955.492988586426 904.917655944824 984.958250999451 808.724425315857 962.660606384277 792.441677093506 1472.85992431641 874.332439422607 914.161804199219 1122.03837585449 1490.87957763672 859.876064300537 1308.07423639297 899.283375740051 703.261077880859 814.188371658325 740.184036254883 742.553985595703 817.853715896606 953.680143356323 932.774198532104 867.358421325684 899.536185264587 1132.64601135254 987.598004817963 890.658416748047 900.541801452637 941.907783508301 961.887229919434 1089.77079391479 767.100082397461 643.666694641113 787.574695587158 491.855529785156 931.899423599243 956.66953587532 1067.42111206055 956.633226394653 907.31819152832 864.08814239502 1167.01223754883
701.644553661346 717.827270507812 712.661176681519 591.628578186035 609.455345153809 821.553207397461 671.348237991333 903.67945098877 759.138935089111 979.523696899414 960.175271034241 910.179306030273 1278.29637145996 700.917240142822 789.546702861786 792.959764905274 762.51905632019 917.058692932129 987.517715454102 1319.1915102005 718.30233001709 702.054386138916 636.227821350098 1066.78172302246 724.93778181076 662.311653137207 702.928398132324 807.716537475586 640.995620727539 870.054779153317 766.023880004883 977.51782989502 964.815284729004 802.663833618164 857.872396469116 736.020690917969 890.105155944824 811.695053100586 1029.39548492432 852.109306335449 978.159565925598 923.119621276855 992.786712646484 1165.04448699951 913.890235900879 1020.86860275269 1071.71315002441 930.912063598633 760.10530090332 1075.2215590477
515.794158935547 819.283264160156 744.687908172607 666.249320983887 801.247299790382 665.296165466309 670.995460510254 776.496910095215 784.057723999023 725.015705108643 660.380598068237 732.640327453613 714.149230957031 699.462585449219 706.777717590332 998.28352355957 796.917175292969 911.035522460938 705.15295791626 746.901214599609 616.545051574707 572.919540405273 721.185382843018 862.241554260254 699.412559509277 617.550674438477 712.705703735352 771.255584716797 640.961883544922 660.517028808594 765.080276489258 1055.60597229004 871.954231262207 912.763397216797 825.423279762268 832.815099716187 959.04719543457 954.08325958252 945.021667480469 768.628997802734 837.653732299805 868.590660095215 812.78173828125 1003.39480066299 1195.90279388428 968.182411193848 835.126937866211 982.575426101685 873.29679107666 858.644111633301
701.132987976074 657.508804321289 709.307842254639 830.774150848389 678.423156738281 628.504661560059 651.670127868652 711.617233276367 777.778491973877 672.626529693604 1012.031042099 1093.40316009521 707.427806854248 847.480110168457 857.697448730469 880.858001708984 734.775658786297 607.784851074219 655.079299926758 689.508943557739 896.027236938477 751.44126367569 636.496994018555 634.29508972168 642.03980255127 645.138481140137 739.255744934082 1079.78318786621 679.361694335938 764.882949829102 1054.4702835083 979.971597135067 891.665473937988 843.014164924622 931.396770477295 834.847171783447 817.414100646973 722.34602355957 900.435335159302 797.318473815918 989.989219665527 986.882869720459 977.90295791626 986.124565124512 958.472091674805 1204.0638885498 1080.16239738464 1073.13365364075 1057.87326812744 946.98250579834
538.274726867676 504.929702758789 1328.20333003998 609.198463439941 735.627426147461 701.311561584473 675.29573059082 636.664764404297 703.203639030457 737.844757080078 882.509281158447 710.339265823364 839.943969726562 700.300425052643 739.991397857666 765.549944877625 737.493187904358 678.680530548096 684.902687072754 717.43346786499 736.48410987854 904.115509033203 743.5668592453 657.494430541992 628.993412017822 524.043899536133 669.949041366577 599.25350189209 722.027263641357 842.015146255493 962.721229553223 971.997886657715 781.104095458984 1244.97543334961 739.597267150879 834.656547546387 666.165321350098 821.036708831787 774.402854919434 769.611228942871 828.475814819336 799.413682460785 745.132797241211 798.936851501465 808.168880462646 879.793952941895 991.995135307312 1189.90898132324 946.135258674622 1107.29333496094
1126.66543579102 613.746559143066 1119.92404174805 1184.64278888702 665.607009887695 705.547637939453 593.573066711426 626.708263397217 1127.52238273621 689.28263092041 761.442554473877 676.507479667664 698.430781364441 741.321998596191 627.589469909668 797.236348152161 815.96070098877 801.881980895996 611.492034912109 800.362197875977 824.421409606934 773.581672668457 869.954566955566 644.014904022217 693.58034324646 704.456256866455 738.415469884872 556.674377441406 785.663261413574 821.943046569824 670.947090148926 751.136949539185 758.081254959106 637.438293457031 718.673234939575 1195.83378601074 678.589424133301 626.058883666992 708.773445129395 594.661773681641 894.156829833984 836.876237869263 956.325485229492 927.939723968506 714.64421081543 719.001121520996 987.160636901855 843.092185974121 994.39075088501 1220.94920349121
610.087059020996 638.281387329102 705.277130126953 592.802124023438 1133.75876617432 1304.4778213501 765.847457885742 799.905838012695 586.189186096191 640.368637084961 805.124168395996 835.371597290039 675.030059814453 802.515907287598 670.291278839111 717.212440490723 702.428004026413 706.556402206421 759.891174316406 863.039611816406 775.248443603516 807.844039916992 698.02769947052 661.152057647705 682.423473358154 801.449863433838 796.248085021973 684.478443145752 807.957748413086 783.477409362793 893.502319335938 773.791386604309 698.718223571777 627.037551879883 727.455203056335 628.924446105957 726.936606884003 1126.6047668457 717.456228256226 761.096507072449 768.494156360626 733.785350799561 793.705192565918 1038.22299194336 806.000729560852 870.290241241455 873.353179931641 969.932106018066 793.697860717773 1043.70290374756
524.524749755859 808.539192199707 730.005054473877 691.119905471802 726.368033409119 673.980772018433 537.757614135742 722.227274894714 707.913873672485 736.954704284668 603.585609436035 712.198955535889 640.275539398193 722.485939025879 814.098320007324 735.679451942444 641.988800048828 761.717693328857 705.506330490112 689.02262878418 637.69596862793 630.633529663086 726.384746551514 826.313247680664 683.546873092651 723.610847473145 725.423065185547 619.194274902344 786.37837600708 522.28825378418 643.997550964355 758.067222595215 642.211326599121 741.019158363342 683.912284851074 727.305805206299 684.63306427002 642.070602416992 725.532577514648 1206.48520088196 1403.57804870605 781.199437141418 734.014800786972 755.062690734863 834.126552581787 795.374675750732 813.731325149536 995.044979095459 1263.32205200195 878.988523483276
558.108505249023 697.526540756226 727.249649047852 626.10750579834 776.099060058594 673.673547744751 666.609113693237 689.078217506409 655.384574890137 586.695419311523 743.228912353516 723.728149414062 603.757797241211 672.497113227844 626.008399963379 872.08935546875 684.072671890259 660.87805557251 645.055313110352 759.007835388184 863.343032836914 715.328207015991 684.926474571228 750.860038757324 861.984268188477 853.366729736328 837.063827514648 852.706382751465 664.365013122559 749.089967727661 885.613815307617 627.789268493652 753.480028152466 755.853099822998 713.376667022705 941.177337646484 899.881988525391 829.411361694336 748.853353500366 712.767242431641 587.543304443359 782.501518249512 855.78719329834 945.74626159668 602.122680664062 748.065190076828 722.69376373291 1007.43815612793 1035.12182617188 898.466285705566
