export/dem/dem95.asc
NCOLS 350
NROWS 171
XLLCORNER 152620
YLLCORNER 418050
CELLSIZE 100
NODATA_VALUE -9999
[rows 0 to 21 of 171, columns 200 to 249 of 350]
-9999 -9999 -9999 -9999 -9999 -9999 -9999 -9999 -9999 -9999 -9999 -9999 -9999 -9999 -9999 -9999 -9999 -9999 -9999 -9999 -9999 -9999 -9999 -9999 -9999 -9999 -9999 -9999 -9999 -9999 -9999 -9999 -9999 -9999 -9999 -9999 -9999 -9999 -9999 -9999 -9999 -9999 -9999 -9999 -9999 -9999 -9999 -9999 -9999 -9999
-9999 -9999 -9999 -9999 -9999 -9999 -9999 -9999 -9999 -9999 -9999 -9999 -9999 -9999 -9999 -9999 -9999 -9999 -9999 -9999 -9999 -9999 -9999 -9999 -9999 -9999 -9999 -9999 -9999 -9999 -9999 -9999 -9999 -9999 -9999 -9999 -9999 -9999 -9999 -9999 -9999 -9999 -9999 -9999 -9999 -9999 -9999 -9999 -9999 -9999
-9999 -9999 -9999 -9999 -9999 -9999 -9999 -9999 -9999 -9999 -9999 -9999 -9999 -9999 -9999 -9999 -9999 -9999 -9999 -9999 -9999 -9999 -9999 -9999 -9999 -9999 -9999 -9999 -9999 -9999 -9999 -9999 -9999 -9999 -9999 -9999 -9999 -9999 -9999 -9999 -9999 -9999 -9999 -9999 -9999 -9999 -9999 -9999 -9999 -9999
-9999 -9999 -9999 -9999 -9999 -9999 -9999 -9999 -9999 -9999 -9999 -9999 -9999 -9999 -9999 -9999 -9999 -9999 -9999 -9999 -9999 -9999 -9999 -9999 -9999 -9999 -9999 -9999 -9999 -9999 -9999 -9999 -9999 -9999 -9999 -9999 -9999 -9999 -9999 -9999 -9999 -9999 -9999 -9999 -9999 -9999 -9999 -9999 -9999 -9999
-9999 -9999 -9999 -9999 -9999 -9999 -9999 -9999 -9999 -9999 -9999 -9999 -9999 -9999 -9999 -9999 -9999 -9999 -9999 -9999 -9999 -9999 -9999 -9999 -9999 -9999 -9999 -9999 -9999 -9999 -9999 -9999 -9999 -9999 -9999 -9999 -9999 -9999 -9999 -9999 -9999 -9999 -9999 -9999 -9999 -9999 -9999 -9999 -9999 -9999
338.131072998047 373.608932495117 536.81990814209 560.443514823914 703.48747253418 -9999 -9999 -9999 -9999 -9999 -9999 -9999 -9999 -9999 -9999 -9999 -9999 -9999 -9999 -9999 -9999 -9999 -9999 -9999 -9999 -9999 -9999 -9999 -9999 -9999 -9999 -9999 -9999 -9999 -9999 -9999 -9999 -9999 -9999 -9999 -9999 -9999 -9999 -9999 -9999 -9999 -9999 -9999 -9999 -9999
522.415946960449 389.366561889648 392.961639404297 541.348182678223 759.857368469238 663.504810333252 566.528732299805 672.575073242188 749.766906738281 712.373687744141 -9999 -9999 -9999 -9999 -9999 -9999 -9999 -9999 -9999 -9999 -9999 -9999 -9999 -9999 -9999 -9999 -9999 -9999 -9999 -9999 -9999 -9999 -9999 -9999 -9999 -9999 -9999 -9999 -9999 -9999 -9999 -9999 -9999 -9999 -9999 -9999 -9999 -9999 -9999 -9999
823.986778259277 337.629791259766 468.92665270716 509.41654586792 819.878173828125 750.478477478027 566.682823181152 735.571197509766 603.922744750977 448.387377738953 685.12321472168 499.750957489014 671.802345275879 726.500839233398 825.491195678711 777.288467407227 856.888885498047 650.352699279785 1129.77001953125 1051.46960449219 880.57434463501 880.531272888184 977.355102539062 1102.27900695801 895.56231212616 984.266845703125 808.019218444824 1009.18277740479 1039.8434677124 909.079086303711 665.78662109375 876.36364364624 708.938739776611 743.046836853027 838.864629745483 735.17919921875 1065.17517852783 1137.75860595703 821.775772094727 -9999 -9999 -9999 -9999 -9999 -9999 -9999 -9999 -9999 -9999 -9999
967.813995361328 775.990356445312 583.422073364258 600.018440246582 1103.64468383789 1255.46026611328 1208.38793945312 565.299858093262 680.661422729492 644.009628295898 594.253890991211 632.574935913086 505.68159866333 467.882168054581 621.554946899414 623.209365844727 656.430725097656 628.99658203125 970.946762084961 833.423453330994 817.527864456177 887.737678527832 835.740791320801 748.625396728516 854.324760437012 790.467823028564 855.374256134033 751.762825012207 759.430236816406 755.36157989502 850.138971328735 763.213199615479 551.07258605957 733.475706100464 687.724189758301 626.539459228516 919.06526184082 914.472534179688 709.802474975586 631.324462890625 621.570205688477 944.475494384766 1166.73597717285 836.098617553711 634.390716552734 -9999 -9999 -9999 -9999 -9999
973.666299819946 935.916969299316 722.999053955078 739.999322891235 1022.4631652832 1043.94926834106 1109.30082559586 940.481246948242 1176.71295166016 931.538345336914 797.457466125488 903.828887939453 620.622528076172 654.305572509766 585.079658508301 546.555206298828 570.180656433105 666.856033325195 975.415222167969 793.123153686523 768.65087890625 906.188026428223 725.622871398926 816.446338653564 863.269622802734 794.739360809326 808.002304077148 750.206497192383 741.718421936035 1083.12817382812 891.272060394287 816.341660380363 481.61213684082 615.459442138672 672.04647064209 704.069583892822 881.453948974609 1154.35406684875 414.85871887207 465.831039428711 485.458312988281 796.269256591797 731.362640380859 897.66480922699 864.809122085571 1291.42388916016 691.222541809082 -9999 -9999 -9999
797.620796203613 600.84831237793 1082.44060897827 1068.63230895996 1086.9186668396 1037.409324646 1250.12968826294 1255.13479614258 965.693950653076 736.10817527771 851.919715881348 887.698135375977 531.182918548584 686.976867675781 721.204040527344 738.223846435547 974.920715332031 870.043109893799 991.75163269043 975.84628868103 885.999423980713 1107.94514846802 744.303939819336 755.820289611816 823.898696899414 693.938873291016 715.761032104492 707.915145874023 776.245922088623 729.57438659668 772.03157043457 777.397396087646 619.012512207031 524.293838500977 557.046051025391 430.300704956055 436.175674438477 949.235547065735 866.928428649902 495.32593536377 598.119201660156 542.085845947266 650.392776489258 770.019241333008 519.210052490234 1207.22201538086 757.822250366211 1290.66847991943 682.048927307129 -9999
938.63045501709 956.405128479004 890.386034011841 972.532653808594 949.580009460449 1209.50807189941 1162.67633247375 1297.74496459961 997.044141769409 928.672988891602 1022.64996337891 841.15252494812 680.895456314087 522.047088623047 578.536979675293 841.223220825195 859.737258911133 911.969749450684 877.598781585693 1073.37426757812 1010.32312774658 990.997299194336 618.010131835938 706.63422203064 770.67840385437 771.666370391846 719.181861877441 728.631576538086 733.099704742432 877.142614364624 905.507194519043 864.60033416748 519.910110473633 714.289852142334 639.547145843506 537.528022766113 557.378463745117 876.811309814453 721.583831787109 829.70987701416 588.083312988281 614.295520782471 754.197473526001 783.091199874878 722.177825927734 735.835220336914 790.313552856445 1164.88186645508 768.903388977051 938.075561523438
852.276007652283 858.595085144043 942.228225708008 776.059989929199 895.590728759766 1065.90504455566 771.452743530273 808.374221801758 1096.28338623047 985.590759277344 888.885673522949 791.618789672852 906.55948638916 795.014068603516 785.981210708618 779.164128303528 998.955909729004 917.473397731781 889.642030715942 942.62939453125 1032.09776878357 1137.09968757629 682.424819946289 631.213394165039 785.690162658691 841.716896057129 843.540802001953 786.697967529297 890.22306060791 856.651756286621 916.27435874939 829.91795539856 771.766240358353 702.187595367432 798.37593460083 749.398349761963 778.044990539551 894.429443359375 781.663177490234 863.326751708984 618.73999786377 563.624908447266 593.197803497314 839.16584777832 1074.43115997314 797.745140075684 797.165214538574 608.600982666016 686.837593078613 704.29288482666
707.977073669434 539.19367980957 563.903007507324 630.570442199707 849.20246887207 746.254890441895 821.242111206055 830.523170471191 1089.71595001221 906.255825042725 896.039978027344 1152.52522277832 851.99292755127 896.028537750244 869.552795410156 1400.0917930603 911.592414855957 862.270023345947 894.34114074707 1174.50424194336 886.526556015015 1465.17156982422 1015.23336791992 749.663301467896 677.601936340332 846.006427764893 794.153354644775 804.735870361328 969.001556158066 798.733245849609 872.82035446167 938.934177398682 970.869941234589 900.159515380859 1050.01171112061 1000.29899024963 1020.78588533401 916.507995605469 941.62385559082 927.243854522705 690.67170715332 721.769729614258 580.744354248047 997.308567047119 916.157485961914 881.510841369629 785.706359863281 736.51097869873 617.283020019531 1138.44171524048
542.856369018555 718.874778747559 650.140895843506 602.582176208496 706.3590965271 669.724531650543 762.329177856445 842.658348083496 868.783355712891 787.577178955078 1207.75889587402 1074.5782623291 1235.60045623779 584.073974609375 748.018291473389 768.014719009399 645.351280212402 654.686111450195 719.160190582275 1428.36687469482 835.634162902832 712.24458694458 664.842948913574 997.720596313477 663.577686309814 750.416463851929 711.589408874512 897.053914070129 792.342910766602 836.462383270264 993.329254150391 1062.89847564697 786.381034851074 696.438781738281 769.724349975586 973.435424804688 981.730209946632 701.133270263672 915.963359832764 815.963790893555 883.504425048828 1062.11360931396 899.346725463867 1039.0541009903 875.416809082031 965.874320983887 870.169639587402 875.322158813477 728.67301940918 1106.34046936035
655.493293762207 639.619331359863 617.760940551758 541.397155761719 890.977966308594 780.77628326416 828.903106689453 858.520156860352 702.98003578186 729.707809448242 733.990737915039 670.281404495239 768.926651000977 751.112182617188 899.329208374023 866.842166900635 789.961980819702 746.750406771898 655.245529174805 704.209869384766 670.000373840332 725.187560558319 580.356048583984 632.760162353516 794.847060203552 827.841398239136 888.968376159668 800.96354675293 637.27587890625 748.656387329102 843.484785556793 793.325454711914 816.506900310516 822.437135696411 713.823013305664 875.813362121582 1037.18284606934 822.959945678711 738.017623901367 812.587066650391 981.163196563721 714.176635742188 941.506074130535 1054.68374252319 1031.62384033203 1004.14707946777 977.967260837555 885.887077331543 948.064163208008 921.320922851562
693.390129089355 670.754653930664 613.565414428711 652.491729736328 914.90650177002 799.657684326172 803.854782104492 895.176864624023 814.409675598145 647.317481994629 904.056709289551 1052.08828735352 727.031912088394 753.362013816833 669.332054138184 576.169876098633 665.3935546875 508.78076171875 678.667110443115 759.749580383301 764.839630126953 736.220304489136 572.085327148438 604.294769287109 655.269943237305 689.253067016602 894.775367736816 1278.89268875122 984.541610717773 874.830472946167 977.017169952393 1041.38000488281 934.044898986816 820.256881713867 889.74814414978 879.219670295715 840.445487976074 880.192153930664 721.390594482422 890.126598358154 994.41136932373 991.760566711426 1036.80171966553 994.963863372803 884.94295501709 1072.34636688232 1078.63848686218 976.940361022949 1034.78619384766 971.214050292969
405.634674072266 634.906841278076 1225.47705078125 686.43794631958 598.024566650391 682.148483276367 682.05682849884 743.596347808838 818.441917419434 751.460650444031 849.630740642548 717.75954246521 692.705328941345 768.999324798584 827.161239624023 682.52091217041 668.281150817871 710.922092437744 621.960166931152 562.328247070312 705.34016418457 751.27628326416 682.06135559082 599.912605285645 645.893997192383 544.652442932129 695.81128692627 748.495994567871 766.501337051392 939.552001953125 1101.20696258545 951.217350006104 733.97216629982 1351.03108024597 802.948831558228 754.824188232422 647.077171325684 637.466110229492 828.456480979919 662.907577514648 812.602386474609 751.837173461914 692.861602783203 675.975189208984 722.200149536133 925.375128746033 1098.94791412354 954.050201416016 947.629748344421 915.473068237305
964.654144287109 592.187614440918 1241.89699554443 1119.84676742554 797.891380310059 814.641101837158 756.987495422363 677.173309326172 1149.58382797241 823.167251586914 634.135520935059 763.482284545898 708.659333467484 562.585815429688 722.266546308994 698.912246704102 766.244472503662 568.243041992188 618.553672790527 519.695205688477 642.797332763672 813.858850002289 767.257203102112 794.764175415039 710.72652053833 773.471138000488 759.031925201416 736.69377040863 762.974756240845 712.468982696533 766.719896793365 711.560489654541 807.954978942871 790.757352828979 723.560381889343 1181.73219299316 719.272735595703 761.125752210617 787.227088928223 718.799468994141 785.462978363037 848.056201934814 868.187772750854 838.772443771362 786.371294021606 816.296001434326 768.292907714844 958.591464996338 812.932220458984 974.744857788086
594.877998352051 685.048717498779 728.015068054199 590.743835449219 1202.35185241699 1280.7034072876 860.351997375488 798.989624023438 734.819618225098 793.863273620605 620.53288269043 678.650985956192 853.758529663086 704.016778111458 596.186904907227 641.241638183594 687.243064880371 595.423965454102 673.813677549362 672.118682861328 689.0533618927 675.350547790527 760.561706542969 678.33739233017 660.677261352539 729.172996520996 828.54956817627 731.413203179836 674.9736328125 802.317718505859 623.696762084961 665.248306274414 741.4056224823 691.441370010376 758.590524673462 706.240684509277 788.951583862305 1255.30213165283 747.076991319656 762.770181655884 784.792404174805 634.441375732422 744.915382385254 878.716064453125 814.164463043213 876.51700592041 743.457534790039 901.262184143066 852.937763214111 839.549530029297
636.63892364502 664.490226745605 650.51880645752 524.267318725586 635.969177246094 664.351022720337 636.822158813477 768.494976043701 578.501129150391 617.421863555908 673.33140039444 670.560247421265 731.975852966309 813.201812744141 753.436159133911 661.896041870117 664.150871276855 665.589958190918 548.544952392578 593.445640563965 571.343215942383 767.26912689209 737.681934356689 822.787063598633 801.960403442383 905.296569824219 734.204436898232 656.145832061768 769.410606384277 709.810200929642 782.404518127441 709.542070388794 779.489894866943 809.568675994873 708.618015289307 891.554016113281 752.213807106018 742.896884918213 855.219947814941 1129.31820297241 1256.41202163696 756.046690940857 803.443138122559 720.741439819336 834.32700920105 852.770048141479 872.317497253418 925.531776428223 1214.14743804932 828.903308868408
796.139533996582 601.581420898438 649.169849395752 649.674415588379 623.194137573242 612.139625549316 648.806636810303 726.408586502075 745.907257080078 716.516788482666 630.032207489014 692.963485717773 719.465576171875 678.488309860229 739.846370697021 717.158113956451 647.293807983398 718.914646148682 729.12903213501 673.918308258057 650.341087341309 754.853057861328 758.405601501465 819.754302978516 775.641387939453 803.41569519043 593.233444213867 792.249629974365 807.355239868164 725.350090026855 769.543397903442 755.230316400528 724.246842384338 943.848770141602 747.173296332359 781.035808563232 859.810516357422 810.355850219727 828.975868225098 708.087219238281 599.348297119141 785.3669090271 793.045017242432 776.31623840332 835.450553894043 761.034772872925 830.387995243073 812.310829162598 1003.57175445557 926.214115142822
