export/dem/dem91.asc
NCOLS 350
NROWS 171
XLLCORNER 152620
YLLCORNER 418050
CELLSIZE 100
NODATA_VALUE -9999
[rows 44 to 65 of 171, columns 150 to 199 of 350]
285.877853393555 428.101516723633 541.308614730835 444.478507995605 532.369501113892 558.344651699066 512.304047107697 562.577362060547 624.719860076904 697.89697265625 551.701956272125 521.057754516602 514.698055267334 631.93994140625 622.627945899963 582.489904403687 628.117118835449 490.886459350586 539.267535209656 515.840257942677 401.043106079102 639.477935791016 646.056571960449 389.61018371582 522.686862945557 737.568588256836 566.793481230736 630.069828033447 702.878143310547 525.400581359863 786.908973693848 723.419467926025 744.143459320068 814.754867553711 726.34160900116 683.824188232422 681.245818138123 703.430027008057 784.536430358887 647.70919418335 621.349754333496 521.677726745605 556.263721466064 774.147773742676 696.653739929199 463.358108520508 578.137264251709 662.379322052002 968.005661010742 1168.52216339111
526.904487609863 459.448699951172 280.148818969727 326.749725341797 455.766644477844 564.805233001709 610.833366394043 665.524513244629 729.342819213867 713.053985595703 632.482364654541 675.545570373535 664.399230957031 473.55687713623 707.193176269531 598.219104766846 414.186935424805 650.796394348145 592.214376449585 506.765316009521 462.11116027832 468.82275390625 489.017040252686 477.727668762207 536.007287979126 485.013000488281 567.678725004196 626.863693237305 661.228981018066 740.338531494141 587.435218811035 649.501270294189 523.080718994141 665.203651428223 715.246342658997 654.477962493896 772.116516113281 616.954977989197 722.560478210449 512.990646362305 486.313339233398 553.911069869995 639.792335510254 598.144706726074 747.865356445312 653.124240875244 631.13081741333 540.684787750244 685.876892089844 679.666809082031
467.602355957031 377.27278137207 500.816246032715 463.17790222168 517.696434020996 643.907928466797 686.834259033203 552.752582073212 678.917541503906 513.880752563477 725.914688110352 589.467439651489 669.893394470215 598.890838623047 515.29810333252 792.435836791992 454.997703552246 636.019638061523 538.675596237183 658.268119812012 574.067203521729 428.711128234863 589.679012298584 696.515899658203 483.527618408203 395.325500488281 507.76114654541 461.557418823242 614.684219360352 419.844619750977 605.861318588257 602.749813079834 671.724914550781 624.860365867615 591.406442165375 467.258506774902 608.183480739594 500.828269958496 649.102340698242 514.780670166016 650.962577819824 553.992701530457 648.944889068604 573.770860671997 505.916923522949 759.844993591309 612.336643218994 500.750335693359 605.079770565033 623.523662567139
462.047748565674 489.641441345215 434.484649658203 342.105392456055 589.666004180908 645.439918518066 603.027961730957 708.849212646484 590.547546386719 551.136855125427 651.771492004395 709.597839355469 654.075187683105 454.949859619141 585.777963161469 584.233304977417 675.950782775879 595.561511993408 500.17643737793 574.22763633728 579.162572860718 510.849527359009 544.09000992775 614.11400604248 488.505058288574 639.205406188965 595.380779266357 547.63963508606 572.926441192627 560.115139007568 341.677978515625 467.265121459961 523.134719848633 481.828231811523 570.02649307251 415.831405639648 475.300636291504 577.026428222656 482.11376953125 630.178756713867 706.22297668457 591.467456817627 505.785095214844 521.296997070312 499.803909301758 685.857902526855 793.269088745117 480.478317260742 590.233242988586 579.227114677429
568.961898803711 297.488098144531 409.751838684082 544.919891357422 553.345900535583 527.923934936523 503.957191467285 551.732625961304 730.134704589844 575.632940649986 546.314609527588 676.148422241211 501.521820068359 666.900733947754 655.24720454216 791.665748596191 634.31693649292 608.05184173584 683.017669677734 512.05212020874 419.583511352539 646.717842102051 539.254606246948 716.584777832031 534.356100082397 517.293369293213 425.95491027832 578.65209197998 375.585342407227 431.482460021973 390.394683837891 545.332567214966 400.141265869141 415.157302856445 391.983535766602 375.076187133789 444.573867797852 659.409996032715 547.922659277916 580.162510871887 619.040378570557 533.282775878906 490.240585327148 531.627475738525 774.912582397461 653.142604827881 639.282070159912 690.84888458252 628.55086517334 550.973250865936
424.208061218262 515.458311080933 428.94359588623 589.414703369141 504.252536773682 494.548133850098 564.847431182861 522.989940166473 532.414133071899 687.889106750488 486.597106933594 619.064037322998 679.310913085938 461.995155334473 603.280637741089 778.349281311035 555.741432189941 780.214660644531 903.876754760742 730.990882873535 445.557456970215 595.391489028931 520.197593688965 570.68176651001 549.778690338135 490.221649169922 450.870101928711 586.163675308228 513.180908203125 431.267440795898 421.319213867188 353.479553222656 572.636165618896 470.964294433594 398.886932373047 411.540657043457 492.569576263428 629.613487243652 627.502914428711 486.813430786133 660.344398498535 582.107648849487 477.602005004883 553.778626918793 612.401905059814 497.830188751221 606.011560499668 524.278388977051 643.247669219971 665.745445251465
342.503570556641 388.043838500977 495.867664337158 466.569961547852 624.031387329102 664.260345458984 631.51383972168 638.587188720703 463.317863464355 576.697008132935 623.533061981201 655.706565856934 530.099872589111 643.951705932617 692.663215637207 653.597152709961 667.484687805176 573.858062744141 886.830947875977 553.085208892822 645.683513641357 582.162585258484 620.405311584473 739.17253112793 577.102470397949 591.663324356079 454.71012878418 578.331426620483 620.602657318115 618.886287689209 518.389591217041 621.416633605957 417.986221313477 373.228881835938 481.699737548828 591.163795471191 644.999130249023 605.975372314453 562.841600418091 680.660949707031 560.132912158966 541.088069915771 443.21834564209 497.563404083252 416.151275634766 554.836751937866 592.806970596313 636.588401794434 798.904708862305 683.379203796387
438.324432373047 499.836853027344 541.034395217896 602.726737976074 544.857336997986 758.286178588867 568.599334716797 577.154586791992 529.279432296753 513.667770385742 542.573055267334 636.507144927979 503.912109375 655.82349395752 637.356899261475 729.790313720703 533.71183013916 668.090240478516 630.672163367271 721.977693557739 539.072853088379 760.505157470703 605.886775970459 516.834335327148 611.305805206299 744.650905609131 603.675216674805 454.277282714844 430.976409912109 587.76951789856 592.477184295654 547.641087532043 538.241291046143 473.244445800781 442.767021179199 521.109149932861 533.064695715904 391.01936340332 552.90386390686 608.401374816895 629.03694152832 612.738767623901 562.723323822021 711.215240478516 615.118686676025 627.690742492676 708.251571655273 676.018161773682 565.483242034912 533.128074645996
530.366039276123 470.252788543701 403.344085693359 531.829925537109 617.5673828125 530.002309799194 552.919588088989 529.815444946289 615.082725524902 594.519035339355 614.722484588623 502.354839324951 503.109390258789 599.377743244171 458.164421081543 685.186168670654 634.72864484787 586.892499923706 661.098266601562 776.814544677734 743.912857055664 779.887252807617 658.994026184082 818.425109863281 600.599617004395 597.155750274658 676.156463623047 635.71346282959 611.543994903564 489.730926513672 534.611122131348 675.141578674316 524.960069656372 622.288795471191 586.516262054443 405.399307250977 617.681602478027 615.877330780029 494.679176330566 601.051776885986 591.430467128754 543.240203857422 613.146472930908 630.001861572266 571.459501266479 573.390756607056 561.397289276123 665.513481140137 702.571250915527 582.322388768196
405.321960449219 488.536914825439 467.552734375 525.118936538696 599.812236785889 511.202003479004 661.507041931152 448.154296875 667.196731567383 547.764035224915 571.777769088745 595.262950897217 451.287384033203 523.795909881592 697.310028076172 679.62629699707 590.741080135107 675.048393249512 708.645149230957 593.924350738525 805.49951171875 522.590579986572 622.460071563721 657.86141204834 746.964408874512 635.532442092896 629.283428192139 666.511032104492 556.071664810181 663.902870178223 401.326812744141 477.585273742676 459.416168212891 562.029438972473 441.997314453125 510.420349121094 488.25227355957 529.049228668213 646.405563354492 477.504852294922 694.315071105957 577.249264717102 584.32762336731 670.55712890625 654.166450500488 648.22327041626 459.060012817383 524.326080322266 567.008813858032 557.135690689087
527.386569976807 524.185621261597 483.27352142334 438.367652893066 477.269844055176 479.203033447266 496.722095489502 494.318725585938 581.025314331055 522.617576599121 662.85774230957 571.393611907959 449.697982788086 581.692995369434 719.076629638672 602.970458984375 489.433822631836 666.471855163574 550.940830230713 663.623504638672 506.374992370605 812.962661743164 575.938025951385 630.001216888428 642.378677368164 636.492594242096 623.111736297607 526.255401611328 664.331970214844 657.549850463867 639.722221374512 512.299774169922 575.134819030762 664.585327148438 478.164840698242 602.522533416748 477.614387512207 504.54655456543 588.200565338135 586.588275194168 467.168525695801 691.673149108887 599.303089857101 491.727821350098 632.094783782959 648.549934387207 551.688991546631 491.766284942627 644.716987609863 494.909698486328
383.131729125977 401.612716674805 614.746459960938 550.365295410156 511.45428276062 491.658744812012 515.355457305908 602.904117584229 740.238265991211 552.350162506104 593.004863739014 491.321510314941 585.349758148193 552.046880722046 663.860000610352 640.634090423584 482.147941589355 544.619510650635 494.120574951172 637.123825073242 635.478763580322 591.893520355225 492.389068603516 402.756744384766 611.947469711304 658.44823884964 687.83642578125 594.937734603882 845.463043212891 808.635025024414 669.252632141113 545.727416038513 548.870096206665 512.545127868652 555.201276779175 555.960556030273 658.755752563477 608.409694671631 425.567398071289 479.718315124512 559.365825653076 505.373275756836 565.927219390869 725.023902893066 609.80127954483 613.194298267365 553.920745849609 580.401163816452 594.808612346649 449.707656860352
431.284568786621 430.49617767334 585.403465270996 426.618743896484 578.983806610107 553.69867682457 584.110137939453 610.033023834229 564.310528278351 628.153388977051 635.900169372559 632.524475097656 645.470588684082 715.956924438477 604.205520629883 715.235961914062 564.037303924561 584.515292644501 713.320991516113 594.467329025269 637.972057342529 631.462524414062 562.752422332764 603.173843383789 675.782234191895 547.879806518555 749.138469696045 841.965850830078 709.425003051758 629.695388793945 481.942535400391 578.590179443359 497.721328735352 349.017883300781 716.633056640625 664.378067016602 491.449592590332 697.846473693848 752.032363891602 637.875358581543 372.63996887207 703.896812438965 599.267099380493 523.191062927246 499.887557983398 700.69620513916 655.114566802979 564.427375793457 712.656074523926 574.816860198975
623.552749633789 545.260907351971 551.983794212341 578.535791397095 633.665977478027 546.44288110733 520.503578186035 456.624565124512 481.888191223145 579.966781616211 587.120191089809 692.035972595215 621.624103546143 541.244886398315 447.953582763672 418.388198852539 547.206241607666 501.30982208252 542.567962646484 533.438663482666 656.580436706543 539.54861831665 401.59423828125 520.720733642578 429.486129760742 614.950682163239 652.984746932983 734.787655353546 636.72681427002 507.831634521484 679.567784309387 665.964159011841 660.068649291992 402.86833190918 618.00857257843 604.913756370544 555.605676651001 810.355682373047 700.97290802002 633.876876831055 600.413782596588 676.271125793457 500.757270812988 603.058244228363 667.830604553223 563.670090675354 709.532569885254 599.325197219849 572.16185760498 621.525586128235
522.112434387207 705.634078979492 726.054901123047 557.85106086731 571.945960044861 534.450126647949 488.787738800049 553.042833328247 526.746528625488 520.228179931641 555.711515426636 653.652969360352 718.094131469727 625.714061737061 515.206596374512 504.104835510254 570.903377532959 675.183052062988 623.838147640228 683.256393432617 515.400062561035 633.175682067871 539.228580474854 664.911407470703 538.910709381104 603.093371391296 644.001337051392 489.304267883301 665.582637786865 654.976455688477 851.500244140625 606.34916305542 662.290280342102 757.20906829834 769.939926147461 716.28507232666 709.177230834961 619.39497756958 649.566802978516 609.949565887451 807.744934082031 625.534645080566 523.234519958496 422.551208496094 537.876106262207 650.731224060059 699.008666992188 747.497787475586 656.084896087646 582.092987060547
634.75439453125 558.717374324799 708.19677734375 641.9765625 635.590293884277 533.336059570312 615.340999603271 446.961769104004 631.653324127197 518.678195953369 558.622961044312 599.55438041687 535.896148681641 531.203872680664 547.105319976807 605.645862579346 722.189407348633 556.487739562988 558.006855010986 779.869262695312 701.950302124023 517.736999511719 588.133136749268 663.32861328125 686.114944458008 629.099601745605 616.037626266479 451.800811767578 631.025833129883 625.428905487061 646.958438873291 666.715621948242 528.39306640625 698.611309051514 820.307403564453 722.534374237061 665.209042549133 693.232498168945 688.049652099609 736.235641479492 695.455501556396 615.06897354126 587.995597839355 505.071472167969 638.839146614075 704.11897277832 598.105518341064 609.421741485596 640.379348754883 629.780767440796
594.808142662048 515.729747772217 745.075866699219 661.021713256836 497.364028930664 324.230926513672 557.222337722778 519.713367462158 505.848106384277 480.205604553223 577.085660934448 489.046180725098 466.954078674316 567.055347919464 615.141536712646 504.477481842041 552.768802165985 577.019945144653 554.246137619019 525.839668273926 557.559019088745 339.352752685547 484.782051086426 738.702163696289 654.880096435547 595.209117889404 642.99757194519 536.887062072754 659.316749572754 656.202605247498 651.794022083282 671.259746551514 562.744216918945 626.870759963989 732.635757446289 797.864807128906 706.158432006836 695.899147033691 597.134948730469 751.476432800293 765.376876831055 666.99698638916 732.990798950195 632.29630279541 828.678253173828 639.534351348877 716.551025390625 632.755228996277 732.615661621094 594.527076721191
627.360549926758 489.210807800293 666.800170898438 686.315811157227 599.004760742188 510.682922363281 512.250295639038 438.169662475586 620.879699707031 602.134014129639 536.532741546631 473.348899841309 577.069235384464 521.499435424805 533.510345458984 542.987998008728 724.79280090332 556.707084655762 744.391937255859 501.906562805176 520.112003326416 639.885864257812 663.996635437012 553.025650024414 770.344467163086 811.882247924805 718.137649536133 702.408042907715 552.334564208984 493.453201293945 600.975315093994 669.439796447754 696.853099822998 687.34981918335 617.630088090897 663.231010437012 604.849571466446 695.764019012451 654.022327423096 530.77604675293 662.328399658203 656.893558502197 656.41560459137 713.868621826172 753.893970012665 689.455711364746 517.600463867188 680.822521209717 595.080932617188 616.426012039185
675.369819641113 500.501247406006 541.092659473419 577.951446533203 479.74552154541 482.919639587402 533.642602920532 453.218276977539 504.560668945312 526.13597869873 552.872367858887 564.31289434433 529.115997314453 461.482299804688 432.981262207031 694.581161499023 526.103656768799 614.804573059082 629.899360656738 617.11950302124 505.037254333496 593.195327758789 535.530242919922 584.288724899292 736.564895629883 788.54768371582 729.256462097168 726.579483032227 783.987258911133 580.642133712769 700.494621276855 696.35684967041 535.534048080444 767.692016601562 655.756930112839 524.649597167969 552.355403900146 590.69837141037 608.02088890411 559.833122253418 663.691688537598 519.517684936523 512.716178894043 658.581611633301 772.083462715149 688.174217224121 549.765487670898 436.078765869141 725.357116699219 628.36156463623
537.856020927429 580.270053863525 567.984710693359 445.843238830566 434.651863098145 601.373680114746 472.609977722168 607.835803985596 607.193885803223 733.201141357422 452.094787597656 600.185222625732 544.9749584198 450.369606018066 667.174301147461 479.320999145508 620.041152954102 674.468406677246 731.192184448242 565.663091778755 527.003276824951 569.097603797913 533.229236602783 580.102786064148 689.637733459473 782.408065795898 644.194896697998 655.000427246094 671.585868835449 662.116760253906 839.442504882812 780.395095825195 796.378677368164 573.753290176392 585.924480438232 671.134059906006 617.691752433777 598.707448959351 677.423820495605 641.023199081421 545.464050292969 618.782693862915 499.096755981445 591.36735534668 518.616134643555 651.111486434937 486.719436645508 639.802267551422 755.802230834961 745.951446533203
537.458130836487 645.941558837891 433.48705291748 410.384552001953 502.060680389404 559.514387130737 657.948554992676 505.282623291016 580.790733337402 474.867622375488 512.583087921143 508.260528564453 521.40930557251 496.923332214355 419.511947631836 519.022129058838 504.838539123535 585.290208816528 538.559310913086 577.589218139648 693.289283752441 654.319028615952 565.398136138916 614.176935195923 638.193981170654 701.579971313477 672.974296569824 706.96061706543 703.411277770996 596.788633823395 669.51717376709 726.141746520996 644.95431137085 753.129760742188 748.772232055664 501.290061950684 492.365051269531 552.515110015869 696.383712768555 577.451126098633 452.559539794922 575.863063812256 598.1321144104 580.471113204956 662.962865829468 624.864459991455 687.96159362793 500.654861450195 684.976778585464 685.667877197266
509.467155456543 515.281963348389 517.163681030273 646.961059570312 550.684852540493 614.399116516113 489.469615936279 609.694652557373 461.290061950684 525.047389984131 525.296211242676 486.654235839844 463.612113952637 571.259613037109 566.488645792007 768.096893310547 620.935050964355 425.244552612305 564.979357719421 483.073692321777 648.37313079834 466.080909729004 560.967854499817 657.142387390137 753.082412719727 681.213577270508 647.571678161621 593.66633605957 674.678146362305 597.39030456543 583.527200698853 609.063358306885 611.934147834778 690.14624786377 593.211964607239 680.218894958496 474.797637939453 598.413522720337 496.602836608887 713.563163757324 565.977249145508 722.269660949707 636.594347000122 690.003898620605 699.753406524658 541.872459411621 512.38362121582 561.734741210938 567.741634368896 801.370330810547
