export/dem/dem94.asc
NCOLS 350
NROWS 171
XLLCORNER 152620
YLLCORNER 418050
CELLSIZE 100
NODATA_VALUE -9999
[rows 110 to 131 of 171, columns 200 to 249 of 350]
-9999 -9999 -9999 915.149570465088 763.169532775879 600.950010299683 693.107360839844 741.482984542847 805.818332672119 946.814910888672 721.425385475159 514.350708007812 653.502904891968 584.011604309082 762.352737426758 597.533802032471 811.08611857146 720.605743408203 656.332416534424 688.907211303711 701.46558380127 586.935146331787 656.344432830811 472.319000244141 502.554782867432 593.933531761169 780.372566223145 565.13451385498 555.998497009277 656.297981262207 594.43285369873 643.786087036133 648.963958740234 701.075977325439 522.902633666992 634.050579071045 755.734283447266 462.005645751953 374.664184570312 507.012798309326 406.023681640625 606.998382568359 541.637222290039 580.51416015625 1008.46243286133 794.948936462402 952.595840454102 1117.51250457764 579.39225769043 837.300971984863
-9999 -9999 -9999 -9999 685.194282531738 600.753913879395 747.221725463867 656.762825012207 827.028797149658 742.540245056152 635.963129043579 698.404281616211 776.969718933105 646.921661376953 718.485530853271 553.826873779297 488.612213134766 579.015830993652 609.12903213501 689.409980773926 665.210792541504 585.967533111572 1542.52767944336 633.085338592529 597.119047164917 511.835235595703 594.931221008301 702.95111656189 869.817443847656 667.938674926758 561.049297332764 640.642116546631 616.145606994629 595.366897583008 560.203315734863 533.289474487305 593.232940673828 623.460113525391 573.927787780762 522.542488098145 673.67301940918 573.263404846191 624.656051635742 886.016487121582 552.902297973633 626.304595947266 814.785842895508 871.126579284668 470.134307861328 818.763771057129
-9999 -9999 -9999 -9999 838.412137985229 761.029945373535 635.922996520996 577.170227050781 670.358917236328 689.732104301453 754.52153301239 776.161277770996 691.932842254639 652.097290039062 622.968799591064 551.308769226074 666.224006652832 503.389724731445 616.41690826416 759.693397521973 656.799712181091 774.790916442871 806.422454833984 544.713768005371 680.030906677246 634.348190307617 723.30880355835 655.417470932007 712.890546798706 641.448219299316 678.559501647949 695.567569732666 691.964918136597 706.00635433197 623.354137420654 601.392875671387 600.065887451172 516.590316772461 632.491516113281 676.423713684082 629.997604370117 672.341808319092 494.816513061523 943.297431945801 421.704605102539 667.321594238281 915.815994262695 747.580032348633 772.033466339111 827.339767932892
-9999 -9999 -9999 -9999 -9999 806.181039810181 664.377147674561 567.918724060059 741.443564772606 667.063919067383 1152.20441055298 670.869506835938 705.971322059631 713.224510192871 503.890106201172 722.299812316895 426.055145263672 614.295318603516 515.950469970703 822.257278442383 656.272756099701 999.269958496094 633.599721908569 692.695327758789 586.872842788696 588.802223205566 695.47518157959 750.779163360596 696.75471496582 619.184285223484 686.292335510254 737.485340118408 590.81770324707 649.84935760498 638.248222351074 527.380432128906 674.209943056107 560.121780395508 481.613006591797 642.461380004883 579.829193115234 677.063858032227 594.315307617188 697.939430236816 785.602096557617 694.585037231445 857.89241027832 1266.50134277344 736.854476928711 729.905044555664
-9999 -9999 -9999 -9999 -9999 819.414581120014 585.037307739258 542.781433105469 538.17610168457 824.418601989746 967.911743164062 657.888275146484 626.268608093262 664.47102355957 652.823955535889 534.5146484375 509.207015991211 597.423011779785 809.529800415039 737.912776947021 1245.44511795044 528.123779296875 527.142227172852 529.907875061035 603.320251464844 694.243175506592 795.61840057373 748.186897277832 798.2138671875 720.129222869873 500.35514831543 548.090179443359 619.540283203125 499.429214477539 587.774673461914 665.611572265625 397.508056640625 639.461929321289 663.985221862793 576.817977905273 645.639755249023 682.725357055664 664.776107788086 534.946746826172 721.957611083984 529.876998901367 717.239646911621 945.241497039795 654.002685546875 645.36833190918
-9999 -9999 -9999 -9999 -9999 876.878955841064 726.004386901855 571.98412322998 631.813270568848 521.598587036133 755.644287109375 752.279277801514 661.582916259766 666.306601524353 627.061096191406 522.328628540039 672.47566986084 594.062385559082 574.14778137207 1216.42998886108 576.256996154785 662.465285301208 661.73215675354 721.575576782227 713.211101531982 755.411360740662 871.718902587891 709.797962903976 678.457641601562 701.590711951256 650.283798217773 548.20825958252 708.496161341667 609.743217468262 578.665679931641 638.703346252441 601.968200683594 608.826704025269 593.456390380859 689.793647766113 443.677429199219 702.590835571289 549.753524780273 880.585411071777 585.251068115234 790.441722869873 665.30876159668 702.933448791504 615.742218017578 794.544733047485
-9999 -9999 -9999 -9999 -9999 -9999 834.593627929688 806.635860443115 689.135894775391 700.709838867188 744.610803604126 798.179134368896 565.479118347168 629.085159301758 592.773910522461 461.632904052734 660.510543823242 492.179611206055 708.856866836548 634.110953330994 614.837888717651 646.656856536865 659.565408706665 570.785484313965 739.006885528564 729.696048736572 684.364177703857 807.579666137695 624.088363647461 611.507179260254 724.052010536194 697.095438957214 736.929553985596 732.557693481445 693.736907958984 634.759841918945 701.335640907288 694.201277732849 650.59504699707 694.666606903076 750.148085594177 752.648658752441 552.689025878906 719.997226715088 819.768615722656 916.491027832031 1099.86645126343 1007.42322683334 924.466812133789 927.708709716797
-9999 -9999 -9999 -9999 -9999 -9999 943.352920532227 1374.59552574158 1330.05531311035 527.378784179688 540.207717895508 877.519790649414 1026.4690322876 733.163572311401 716.684270858765 620.884368896484 539.901596069336 552.443878173828 1081.70585632324 590.640625 707.674049377441 714.710800170898 596.05103302002 700.846492767334 619.29801940918 722.859250545502 666.827152252197 654.269145965576 787.55549621582 721.206303596497 677.305610656738 726.37509727478 595.969299316406 1102.02662658691 779.234222412109 838.137825012207 991.23881265521 682.619316101074 632.958129882812 714.059143066406 657.207057952881 621.842514038086 788.965641021729 657.615768432617 572.601409912109 588.514404296875 548.242309570312 724.676620483398 1165.4275894165 641.964004516602
-9999 -9999 -9999 -9999 -9999 -9999 -9999 819.970458984375 808.186645507812 870.424224853516 743.599937438965 683.911903381348 730.612362861633 861.896045684814 832.980800628662 742.678905487061 687.136672973633 1320.66137695312 544.741836547852 641.218406677246 501.972061157227 640.741199493408 761.794841766357 697.389877319336 882.358528137207 824.793579101562 680.945583343506 1058.13660049438 909.090076446533 635.009246826172 622.039091110229 718.192436218262 667.580657958984 800.895645141602 854.638437747955 899.882904052734 834.138786315918 935.020133972168 1122.84616088867 539.897766113281 646.175472259521 634.587295532227 814.795185089111 764.883755207062 811.305572390556 642.34986114502 586.787124633789 788.957328796387 670.713752746582 637.035430908203
-9999 -9999 -9999 -9999 -9999 -9999 -9999 -9999 770.0686378479 901.39115524292 752.311587333679 682.449823379517 679.773483276367 686.772422790527 704.691181182861 648.83073425293 1506.45845794678 653.476516723633 614.202133178711 747.330080091953 796.433067321777 800.879920959473 798.072536468506 632.922454833984 865.933929443359 698.862553596497 708.082980155945 820.368743896484 1004.76481628418 610.092018127441 575.354259490967 547.920433044434 595.030139923096 797.528984069824 784.579368591309 733.205924987793 914.077655792236 854.57640838623 1012.64492702484 812.656936645508 701.41947555542 729.452054262161 538.097198486328 587.322998046875 740.468502044678 816.749244689941 631.179161310196 500.528602600098 694.730209350586 585.275930404663
-9999 -9999 -9999 -9999 -9999 -9999 -9999 -9999 -9999 1166.89775085449 1332.61488723755 1065.76266479492 578.068843841553 677.983879089355 677.629241943359 635.135528564453 922.695449829102 793.592552304268 756.513345241547 755.994300842285 786.366104125977 635.960746765137 807.873188018799 674.924060821533 834.446449279785 889.513442993164 649.161373138428 649.931175231934 794.768981933594 710.12816619873 578.044425964355 539.914301872253 461.728019714355 627.712837219238 611.503448486328 726.692276000977 730.627517700195 854.88875579834 939.353633880615 944.971504211426 1164.53831100464 786.775764465332 782.026607513428 686.496162414551 515.894187927246 470.013702392578 726.101852416992 561.539251327515 565.139193534851 453.8330078125
-9999 -9999 -9999 -9999 -9999 -9999 -9999 -9999 -9999 -9999 1023.49000823498 423.606353759766 531.805738449097 714.738162994385 618.360057830811 671.875804901123 674.463485717773 711.682643890381 947.037696838379 809.011405944824 687.606864929199 511.208969116211 726.800423622131 811.967590332031 1202.42436981201 843.476402282715 513.633885025978 656.433906555176 793.730136871338 889.796936035156 758.344078063965 712.177059173584 611.316841125488 624.173004150391 734.594230651855 649.561492919922 817.129776000977 824.259750366211 836.778469085693 770.263092041016 976.29253578186 559.776458740234 784.827934265137 932.412796020508 763.569686889648 713.283050537109 590.067588806152 680.71354675293 737.599594116211 692.598693847656
-9999 -9999 -9999 -9999 -9999 -9999 -9999 -9999 -9999 -9999 -9999 1193.27829813957 1058.26789665222 981.685601949692 551.955307006836 514.460983276367 828.625228881836 787.73624420166 804.000980377197 834.26293182373 859.190147399902 840.306587219238 801.960235595703 657.072635650635 1167.71868896484 788.351089477539 993.087303161621 1050.19792175293 797.89079284668 815.371429443359 956.362739562988 990.278915405273 662.319450378418 704.326732635498 711.711490631104 672.368911743164 842.446590304375 662.535446166992 684.162246704102 979.772155761719 1081.40235900879 902.266540527344 815.603101730347 551.126396179199 705.339416503906 591.447692871094 641.099197387695 796.400405883789 725.456722259521 741.379833221436
-9999 -9999 -9999 -9999 -9999 -9999 -9999 -9999 -9999 -9999 -9999 -9999 1161.05839538574 1247.70301628113 805.378128051758 670.386932373047 768.99690246582 678.046571731567 762.205551147461 633.409996032715 629.132190704346 780.159812927246 807.416442871094 540.364884376526 709.931009292603 918.473686218262 875.863904953003 809.34716796875 808.407447814941 761.590341567993 1053.10176086426 899.321243286133 768.685745239258 714.419326782227 682.742866516113 518.338493347168 801.185306549072 929.049171447754 800.059448242188 754.973190307617 975.637237548828 1156.71176147461 864.51674079895 807.225250244141 852.013366699219 718.576785564423 763.852180480957 681.339443206787 758.219432830811 831.671451568604
-9999 -9999 -9999 -9999 -9999 -9999 -9999 -9999 -9999 -9999 -9999 -9999 -9999 -9999 728.737656593323 762.108443260193 704.813011169434 952.58536529541 638.910369873047 559.002285003662 594.17628288269 556.497369766235 717.602157592773 483.47093963623 648.925392150879 737.569948405027 958.33837890625 818.526313781738 871.123553276062 846.449151992798 693.686676025391 908.721611022949 831.98616027832 667.898948669434 744.864487171173 489.480194091797 775.777183532715 717.793807983398 910.781089782715 1208.99719238281 965.939971923828 1464.28402709961 779.292938232422 816.979095458984 843.016189575195 540.97785949707 709.66056060791 687.603321075439 772.388118743896 912.671127319336
-9999 -9999 -9999 -9999 -9999 -9999 -9999 -9999 -9999 -9999 -9999 -9999 -9999 -9999 -9999 -9999 -9999 1254.97163391113 846.952766418457 733.701278686523 748.378967285156 845.459419250488 918.758071899414 780.953254699707 763.63645362854 679.947593688965 679.666435241699 612.239799499512 908.716384887695 877.526985168457 794.514137268066 725.943370819092 804.605049133301 910.008102416992 803.491477966309 436.334930419922 601.449241638184 944.927481651306 918.333084106445 728.291564941406 675.327156066895 1247.83366394043 727.311149597168 875.279968261719 787.754432678223 557.647735595703 781.93187713623 608.27912902832 695.376705169678 703.892847061157
-9999 -9999 -9999 -9999 -9999 -9999 -9999 -9999 -9999 -9999 -9999 -9999 -9999 -9999 -9999 -9999 -9999 -9999 -9999 -9999 1005.17868041992 992.746437072754 939.72501373291 916.462448120117 822.379592895508 873.455342292786 798.327808380127 758.790840148926 727.249160766602 857.203033447266 879.235221862793 807.774738311768 773.60878944397 721.269805908203 653.467887878418 706.139488220215 716.543954849243 749.212623596191 868.994756698608 700.812316894531 807.598281860352 905.574111938477 788.281875610352 705.986480712891 658.949272155762 574.549133300781 556.620964050293 668.577830314636 714.817867279053 806.188415527344
-9999 -9999 -9999 -9999 -9999 -9999 -9999 -9999 -9999 -9999 -9999 -9999 -9999 -9999 -9999 -9999 -9999 -9999 -9999 -9999 -9999 -9999 -9999 -9999 -9999 864.909645080566 870.53004360199 844.777378082275 987.16291809082 951.719413757324 903.673956871033 835.207132339478 655.844772338867 740.206695556641 734.078956604004 872.239334106445 1070.22378540039 791.095989227295 778.981426239014 767.19411945343 735.866630554199 1102.46505737305 654.941034317017 880.90657043457 782.417869567871 669.751369476318 662.717361450195 611.197532653809 882.492279052734 699.728736877441
-9999 -9999 -9999 -9999 -9999 -9999 -9999 -9999 -9999 -9999 -9999 -9999 -9999 -9999 -9999 -9999 -9999 -9999 -9999 -9999 -9999 -9999 -9999 -9999 -9999 -9999 -9999 -9999 -9999 781.405578613281 1054.714012146 833.35587310791 811.299880981445 735.183751106262 785.479095458984 617.416030883789 937.246864318848 923.17179107666 739.789222717285 649.630039989948 662.55677318573 777.242729187012 704.939684867859 827.439781188965 781.300331115723 789.575233459473 743.811012268066 761.327255249023 695.41900062561 725.468755722046
-9999 -9999 -9999 -9999 -9999 -9999 -9999 -9999 -9999 -9999 -9999 -9999 -9999 -9999 -9999 -9999 -9999 -9999 -9999 -9999 -9999 -9999 -9999 -9999 -9999 -9999 -9999 -9999 -9999 -9999 -9999 1121.51850795746 839.851539611816 945.236110687256 799.647747993469 707.900142669678 816.684242248535 589.331424713135 688.6217918396 517.969451904297 845.806960105896 608.999629974365 765.505939483643 683.497850418091 806.900886535645 740.790073394775 665.76501083374 764.402694702148 835.838760375977 655.112869262695
-9999 -9999 -9999 -9999 -9999 -9999 -9999 -9999 -9999 -9999 -9999 -9999 -9999 -9999 -9999 -9999 -9999 -9999 -9999 -9999 -9999 -9999 -9999 -9999 -9999 -9999 -9999 -9999 -9999 -9999 -9999 -9999 829.398216247559 946.438194274902 943.99450302124 868.548400878906 764.383187294006 764.267692565918 468.117156982422 539.608085632324 727.573917388916 753.490217208862 747.51473236084 705.406541466713 608.918197631836 824.555877685547 692.030072212219 790.474128723145 626.212333679199 578.00520324707
-9999 -9999 -9999 -9999 -9999 -9999 -9999 -9999 -9999 -9999 -9999 -9999 -9999 -9999 -9999 -9999 -9999 -9999 -9999 -9999 -9999 -9999 -9999 -9999 -9999 -9999 -9999 -9999 -9999 -9999 -9999 -9999 -9999 999.310028076172 1043.97035217285 839.99486541748 602.822967529297 524.986190795898 751.563027381897 821.746681213379 792.269653320312 527.390975952148 674.1985206604 696.03227519989 699.517813682556 726.619571685791 794.779594421387 668.624626159668 635.972099304199 795.435665130615
