export/dem/dem95.asc
NCOLS 350
NROWS 171
XLLCORNER 152620
YLLCORNER 418050
CELLSIZE 100
NODATA_VALUE -9999
[rows 22 to 43 of 171, columns 250 to 299 of 350]
833.778915405273 615.724273681641 800.77465057373 833.4993019104 801.305587768555 864.237600326538 986.745788574219 805.488418579102 807.232894897461 698.436336517334 848.374244689941 655.581139564514 622.908752441406 759.495622634888 725.609169006348 704.426147460938 832.122732162476 823.399841308594 812.197998046875 896.072174072266 744.813547134399 846.448608398438 704.264366149902 871.409999847412 879.397533416748 920.395965576172 740.448997497559 804.701739311218 783.326337814331 1011.2626953125 806.713600158691 -9999 -9999 -9999 -9999 -9999 -9999 -9999 -9999 -9999 -9999 -9999 -9999 -9999 -9999 -9999 -9999 -9999 -9999 -9999
970.053176879883 697.310699462891 797.04846572876 782.193008422852 754.099391937256 821.53812789917 960.076704978943 931.171539306641 929.934692382812 865.285263061523 1079.16747570038 924.263290405273 850.94660949707 851.482279777527 625.417297363281 999.998176574707 949.781078338623 691.047729492188 665.416862487793 624.491149902344 815.634613037109 750.136524200439 640.313627243042 821.767913818359 722.079765319824 741.941436767578 832.912368774414 899.387153625488 876.424224853516 889.920684814453 801.242767333984 1017.4478931427 1069.79553222656 877.911880493164 -9999 -9999 -9999 -9999 -9999 -9999 -9999 -9999 -9999 -9999 -9999 -9999 -9999 -9999 -9999 -9999
864.693008422852 1284.83353614807 1215.00678253174 697.553916931152 788.76944732666 755.80453389883 860.177726745605 824.785079956055 696.671142578125 860.184315681458 694.154251098633 989.458467483521 1029.96321678162 814.643547058105 684.53507232666 792.043357849121 893.790531158447 717.142135620117 876.334032058716 796.37117767334 977.746231079102 1021.11614990234 772.087551116943 776.096908569336 807.400131225586 765.023849487305 842.034527778625 854.659963607788 934.131973266602 853.768051147461 1129.65496826172 805.958190917969 661.849075317383 884.826110839844 985.599746704102 1165.6051940918 948.840476989746 -9999 -9999 -9999 -9999 -9999 -9999 -9999 -9999 -9999 -9999 -9999 -9999 -9999
884.64786529541 846.192364692688 770.881038665771 842.265365600586 784.921313285828 901.89005279541 911.043679237366 976.008644104004 791.637817382812 830.490997314453 967.964263916016 855.158134460449 915.121200561523 1007.2956161499 929.459308624268 811.650108337402 781.429214477539 875.471586227417 954.52604675293 915.797518730164 1126.13545227051 1011.00256347656 1019.97807312012 1012.59313964844 997.728256225586 743.712919235229 1079.39430236816 853.475462913513 929.378150939941 926.196876525879 699.949024200439 957.018463134766 855.499923706055 799.139953613281 949.781265258789 963.534622192383 968.907562255859 801.520927429199 809.960117340088 782.822185516357 820.687698364258 -9999 -9999 -9999 -9999 -9999 -9999 -9999 -9999 -9999
939.676727294922 939.237091064453 839.068761825562 823.610503673553 828.319138050079 880.340173244476 993.602249145508 718.402568817139 718.47013092041 718.7392578125 857.399777412415 1082.41779708862 1090.08852386475 1332.94589996338 901.069770812988 897.561805725098 868.080986022949 830.380653381348 860.758968353271 847.001823425293 940.872734069824 1006.04443359375 1203.48830413818 1253.59422302246 1078.77038574219 1094.13282012939 934.058680534363 995.982486724854 1000.26586151123 906.011638641357 699.242383956909 831.215909957886 840.707214355469 597.897614002228 602.189223051071 914.014595031738 770.122149944305 749.003087997437 855.993881225586 791.439300537109 821.258094787598 874.832061767578 1069.30601501465 1006.82609558105 1078.01890945435 -9999 -9999 -9999 -9999 -9999
860.062055587769 767.887054443359 870.610395431519 889.426064491272 877.438521385193 880.839351654053 1145.3875002861 790.643733978271 944.45849609375 932.324555397034 904.858617782593 828.095592498779 597.228698730469 2042.46716308594 867.557411193848 929.541404724121 714.112915039062 937.882452011108 1013.15042114258 754.665313720703 784.221885681152 914.454036712646 932.627517700195 1134.44962310791 1218.91822814941 1010.19481277466 1185.60517883301 1092.20559692383 1075.6090927124 743.317483901978 833.5549659729 978.864860534668 909.898475646973 730.265670776367 568.601194381714 593.333480834961 784.977256774902 861.874929428101 919.485000610352 809.681629180908 702.727779388428 785.852296829224 896.206108093262 936.24009513855 931.905754089355 941.718379974365 951.106461524963 702.164054870605 816.798110961914 944.704898834229
740.438552856445 704.552337646484 900.081466674805 793.245410919189 898.336978912354 868.076406478882 851.718402862549 648.17497253418 704.007064819336 801.507565498352 729.318092346191 617.142105102539 617.6640625 1745.06314086914 556.709503173828 692.748413085938 913.64933013916 753.289295196533 817.52276802063 932.569965362549 1209.13096618652 758.377182006836 855.015045166016 1240.57855224609 1189.12889862061 927.687732696533 1040.25473403931 906.751266479492 993.854509353638 1002.76322174072 1135.87417602539 820.138969421387 1090.48497200012 763.081897735596 691.074596405029 506.94783782959 769.854423522949 793.723739624023 908.680126190186 645.151565551758 622.799819946289 725.72229385376 769.757614612579 889.983783721924 950.778953075409 893.157501220703 1045.04396820068 866.122886657715 855.55827331543 815.638444900513
853.733570098877 825.308659791946 779.272167205811 790.642074584961 802.718070983887 704.292533874512 868.952407836914 664.50902557373 783.045261383057 885.018054962158 661.808746337891 486.493408203125 1327.63737487793 581.489456176758 761.544822692871 757.541442871094 772.606399536133 810.342590332031 866.472763061523 734.900039672852 854.519659042358 960.612281799316 1151.64761352539 928.120840072632 1038.22978210449 1516.47736358643 1101.03395080566 1090.82209968567 1037.6070830822 1140.97160339355 934.137607574463 880.220678806305 1065.62847805023 693.066482543945 882.758430480957 942.044799804688 971.543012619019 914.007987976074 812.139572143555 734.971748352051 563.685791015625 759.2698097229 720.537181854248 912.2419090271 832.5231590271 711.651222229004 553.574851989746 673.964477539062 565.880081176758 766.83876991272
773.371157646179 676.372261047363 716.21549987793 888.251218795776 823.664630889893 765.24907541275 746.357067108154 630.118713378906 722.471160888672 680.540580749512 601.337738037109 536.611267089844 1618.39793395996 700.459571838379 746.412885665894 849.444049835205 745.886917114258 824.823532104492 748.256698608398 686.993469238281 733.029853820801 806.632453918457 816.591512680054 869.130550384521 723.986404418945 948.208148956299 723.537216186523 896.693748474121 899.096446990967 862.271859049797 851.759754180908 1358.46170043945 936.520237207413 865.180160522461 763.608932495117 771.875602722168 970.207669258118 922.582801818848 758.233032226562 714.924087524414 738.481582641602 761.255661010742 756.62370300293 994.347923278809 820.964599609375 909.071166992188 645.924877166748 623.349426269531 709.182403564453 836.048789978027
700.592796325684 757.773452758789 665.257453918457 744.075077056885 806.519000053406 736.522274017334 834.026321411133 783.8150806427 786.297290802002 628.116683959961 583.437866210938 1061.83180236816 638.397506713867 671.637046813965 626.315963745117 644.343765258789 737.089332580566 812.014295578003 834.22993183136 735.375427246094 845.552013397217 802.206322669983 639.326065063477 779.759418487549 864.398284912109 933.225402832031 895.972496032715 751.512512207031 782.531692504883 868.019937515259 811.680736541748 709.461631774902 936.480796813965 878.121810913086 768.555145263672 852.568893432617 829.900270462036 719.938323974609 880.058715820312 1348.95112228394 999.491550445557 782.914474487305 891.326843261719 862.864990234375 1007.14679718018 630.755447387695 798.550910949707 552.298133850098 587.193294525146 1029.46578121185
686.32007598877 653.947364807129 876.40832901001 685.229610443115 731.721623539925 732.03405380249 872.109146118164 844.933898925781 756.976760864258 644.040817260742 721.301780700684 1396.60390472412 683.153228759766 663.742004394531 662.13313293457 542.899871826172 618.18424987793 697.326179504395 813.548491954803 831.432163715363 754.338352203369 623.797912597656 681.232063293457 851.029281616211 952.986877441406 966.281127929688 773.759422302246 880.343627929688 910.614250183105 872.599956512451 722.770233154297 799.589877128601 794.989171981812 844.312969207764 794.919075012207 728.203987121582 766.369598388672 663.811065673828 878.345788955688 723.587066650391 823.794849395752 812.121383666992 880.92497253418 1338.89002227783 891.409217834473 733.077270507812 894.959075927734 962.80305480957 948.700332641602 839.734115600586
774.491894721985 655.038074493408 556.549819946289 605.336044311523 802.235757827759 727.296823501587 856.262966156006 678.448707580566 760.747276306152 846.513082504272 1024.91493225098 680.348091125488 637.236999511719 795.799310684204 667.994087219238 741.649356842041 740.151588439941 556.357452392578 738.520098924637 695.822329521179 810.857709169388 670.759719848633 805.341442108154 616.265060424805 819.185485839844 710.667678833008 921.836082458496 871.928916931152 758.322950363159 894.328880310059 862.693035125732 913.9443359375 1038.03839111328 752.887657165527 760.204376220703 742.546264648438 741.40168762207 791.142061233521 805.983776092529 888.921073913574 815.468811988831 705.249252319336 827.158107757568 816.467987060547 1348.74810409546 708.646544337273 767.618629455566 643.2119140625 1011.83846473694 901.401992797852
813.986817359924 861.064506530762 739.064472198486 819.033535003662 774.973574638367 830.333915710449 838.613277435303 806.700911521912 694.531745910645 1208.91787719727 630.792488098145 694.663864135742 625.593780517578 814.630813598633 802.782972812653 918.532775878906 920.025634765625 851.011489868164 819.775945216417 850.436677932739 881.680168151855 660.813255310059 742.854427337646 899.081039428711 783.785581588745 750.175323486328 783.086050033569 958.634384155273 862.685394287109 855.759147644043 1044.06056213379 911.676406860352 968.79231262207 931.498229980469 800.352070450783 875.556167602539 941.569564819336 939.655136108398 859.695442199707 723.487617492676 760.097557067871 683.007690429688 778.203067779541 856.329997062683 928.603530883789 1359.25453186035 843.184501647949 996.951416015625 1014.4273223877 988.785125732422
745.863878250122 660.986618041992 612.084762573242 803.34065246582 727.27716255188 832.256435394287 799.280023574829 784.802409648895 846.567924499512 766.580623626709 762.522724628448 716.291511535645 721.83060836792 700.732967376709 680.562339782715 790.666732788086 904.365142822266 771.374450683594 817.133361816406 950.03678894043 859.479156494141 840.642200469971 687.942947387695 750.570880889893 883.970165252686 718.757339477539 846.771955490112 792.100124120712 867.322822570801 907.755386352539 945.149887084961 860.478740692139 940.758102416992 821.036995410919 971.791984558105 808.89820098877 769.294990539551 776.492198944092 806.908479690552 890.773178100586 804.181659221649 845.043907165527 780.931903839111 762.37052154541 683.269088745117 881.512671470642 774.96688079834 1278.30978393555 973.400699615479 921.972927570343
865.922882080078 669.677932739258 886.870208740234 772.325868606567 783.125259399414 806.555271148682 712.694320678711 640.69873046875 1035.27578735352 731.801023483276 670.030426025391 703.106616973877 627.417068481445 617.43212890625 1188.2730178833 575.10595703125 617.394790649414 957.846626281738 1145.95486450195 782.613632202148 744.112686157227 953.762252807617 871.670188903809 662.457244873047 736.926830291748 879.734493255615 918.124992370605 920.402816772461 861.885837554932 875.87243270874 845.673212051392 1030.98536682129 850.699966430664 820.503410339355 960.675674438477 976.809722900391 912.63053894043 860.428901672363 841.439342498779 872.573448181152 657.53581237793 804.059104919434 947.37907409668 843.201588630676 771.612648010254 814.589015960693 875.594718933105 834.46039390564 870.606796264648 1119.03033065796
813.202659606934 742.677344322205 770.381004333496 779.882472991943 898.849700927734 704.978687286377 735.26530456543 867.868602752686 650.341667175293 719.245056152344 740.322002410889 614.468444824219 624.704147338867 761.630142211914 993.689849853516 725.496932983398 784.07866859436 808.971687316895 1172.6573638916 731.020462036133 833.856218338013 810.918170928955 777.485160827637 777.305673599243 890.316146850586 743.488292694092 801.971873283386 788.385496139526 773.607696533203 719.391510009766 749.843273162842 958.883316040039 800.735004425049 702.150573730469 814.470586776733 778.232231140137 861.106258392334 885.335571289062 828.463600158691 711.515914916992 692.519149780273 830.872206330299 773.270645141602 904.761428833008 886.614654541016 927.310302734375 916.703691482544 820.548645019531 862.822067260742 895.060726165771
720.240379333496 675.501293182373 745.537790298462 841.840103149414 738.79949760437 647.179405212402 739.220050811768 686.088752746582 770.662315368652 652.571365356445 1198.21003723145 771.813354492188 992.002960205078 1133.09641075134 771.031051635742 756.883987426758 914.055641174316 1510.71617126465 608.521469116211 1215.80690002441 1453.07804870605 993.552299499512 826.914077758789 765.775024414062 813.789011955261 834.247482299805 772.285423278809 631.572174072266 764.563690185547 731.457939147949 684.659545898438 799.953404426575 626.866607666016 754.147354125977 896.894798278809 836.00537109375 677.551605224609 961.857330322266 918.077056884766 745.880264282227 875.710105895996 673.141876220703 830.008911132812 679.308303833008 787.674758911133 649.857879638672 820.176677703857 876.661039352417 741.829696655273 870.193946838379
740.180675506592 647.485794067383 682.582595825195 814.741340637207 572.59391784668 791.141143798828 670.079048156738 705.949020385742 881.787628173828 654.279899597168 673.93537902832 808.65308380127 763.352912902832 1355.87464141846 1038.61479187012 725.360107421875 692.082733154297 637.532806396484 663.723159790039 764.646850585938 988.15795135498 742.922756195068 961.373062133789 819.041763305664 818.88948059082 838.863761901855 691.464263916016 820.194073438644 799.906768798828 815.377212524414 731.332305908203 711.407791137695 761.424003601074 790.071152687073 707.261253356934 678.288284301758 936.184196472168 800.449083089828 795.531265258789 760.32251739502 693.893356323242 760.128440856934 666.114395141602 746.211227416992 816.5634765625 829.59850692749 741.007553100586 776.612747192383 707.324478149414 707.848388671875
735.438450813293 718.7461810112 681.365207672119 567.640762329102 715.08064198494 747.280807495117 781.74002456665 773.449924468994 684.863471984863 716.784788131714 662.552230834961 777.876037597656 761.323287963867 856.61499786377 802.831962585449 957.901977539062 691.763084411621 1028.61489486694 716.584171295166 677.068634033203 743.952236175537 947.391799926758 866.64079284668 686.951622009277 624.772445678711 695.199378967285 702.420700073242 698.981262207031 746.466407775879 802.973022460938 931.711631774902 786.280906677246 846.587455749512 761.844215393066 591.113403320312 681.454132080078 718.757850646973 756.504066467285 786.464782714844 884.937679290771 1152.54485321045 833.937963485718 699.810516357422 845.011011600494 649.984680175781 790.235065460205 740.087493896484 871.916084289551 757.04727935791 840.094980239868
744.240261077881 689.457714080811 668.740005493164 727.824015617371 819.362013816833 874.031196594238 639.891395568848 766.312900543213 717.940324306488 688.311790466309 957.822849273682 998.638793945312 540.489624023438 652.959251403809 661.65934753418 872.590557098389 594.3359375 700.666717529297 949.304030418396 618.394577026367 642.507446289062 761.975633621216 673.299865722656 813.458057403564 557.805419921875 632.9609375 579.419891357422 719.786323547363 787.868835449219 845.297021865845 1141.73448181152 821.457954287529 585.947113037109 575.402908325195 800.563385009766 873.964641571045 989.906753540039 810.592261314392 817.107809066772 876.162981033325 1233.27409362793 691.361785888672 817.399214744568 868.109001159668 873.004287719727 836.289998054504 809.909690856934 813.844577789307 676.696197509766 820.626834869385
660.737186431885 768.06689453125 732.93812084198 904.536437988281 897.105918884277 803.642383575439 792.531467437744 805.551750183105 687.266254425049 657.827789306641 968.04842376709 1349.45533370972 854.709594726562 713.201168060303 740.006410241127 790.297046661377 637.697372436523 774.989120483398 590.197998046875 540.567764282227 835.452140808105 786.136388778687 789.063499450684 787.239471435547 724.543529510498 663.623596191406 766.971328735352 699.18968963623 583.15397644043 817.055923461914 609.147537231445 611.811782836914 653.503448486328 670.856307983398 871.508609771729 727.480743408203 924.589351654053 1095.1925201416 972.676475524902 1272.82304763794 826.810964584351 895.359245300293 895.621192932129 769.658477783203 883.293251037598 878.039326667786 887.680047988892 722.969497680664 692.847648620605 702.462036132812
854.836120605469 669.16287612915 800.883193969727 750.925086975098 824.693634033203 696.342754364014 770.345188140869 613.145462036133 765.461429595947 941.438903808594 865.043933868408 613.512420654297 791.633686065674 712.858386993408 913.432647705078 947.245651245117 811.28385925293 874.779266357422 710.92407989502 681.06330871582 647.500854492188 712.299041748047 618.326583862305 807.702053070068 582.11882019043 615.971237182617 983.097280502319 664.919006347656 736.772262573242 1155.51061630249 676.822296142578 662.650897979736 822.936786651611 679.976028442383 830.797229766846 721.701156616211 895.139591217041 856.769180297852 745.268951416016 724.085113525391 758.311813354492 773.088249206543 928.166648864746 904.865203857422 855.736770629883 959.950813293457 885.185152053833 944.286003112793 755.686141967773 905.388489723206
