export/dem/dem91.asc
NCOLS 350
NROWS 171
XLLCORNER 152620
YLLCORNER 418050
CELLSIZE 100
NODATA_VALUE -9999
[rows 22 to 43 of 171, columns 200 to 249 of 350]
631.386604309082 703.013277053833 644.722755432129 726.889812469482 585.446022033691 579.988403320312 589.975067138672 726.735202789307 543.677749633789 762.925407409668 578.137283325195 744.914951324463 665.690553665161 652.362945556641 753.536468505859 839.220077514648 739.940788269043 671.184487819672 646.275911331177 691.132154464722 607.446144104004 708.542329788208 506.318115234375 611.734916687012 549.153854370117 625.324836730957 669.730682373047 673.964332580566 743.191875457764 759.464447021484 634.864242553711 682.010482788086 740.635354042053 714.494441986084 672.947967529297 834.586166381836 714.334705352783 769.793817177415 750.961435317993 738.016132354736 751.271550655365 820.084770202637 817.748573303223 947.027534484863 828.520969390869 1345.8527545929 820.805000305176 692.196678161621 882.223651885986 831.741636276245
602.944854736328 603.702262878418 665.8356757164 786.10929107666 493.071258544922 637.870058059692 815.217010498047 515.187942504883 618.056827545166 599.282043457031 646.473225593567 644.218452453613 879.451583862305 688.089275360107 799.133094787598 863.48078918457 726.984375 707.422073364258 768.272705078125 763.456802368164 513.719116210938 692.263628005981 871.55810546875 571.203620910645 614.700881958008 620.912696838379 802.403827667236 629.121505737305 689.726713180542 789.398796081543 797.357019424438 695.951774597168 661.416957855225 673.815559387207 825.386848449707 693.712326049805 701.956707000732 801.714221954346 752.38644695282 664.913726806641 902.451622009277 731.054737091064 753.962408065796 834.943477630615 948.126457214355 882.584400177002 939.090393066406 1074.57514190674 879.836227416992 1356.74670410156
641.971061706543 619.019378662109 545.957412719727 636.348739624023 689.672597885132 504.206237792969 635.035411834717 813.377670288086 815.328109741211 660.276381492615 644.50411605835 694.724643707275 699.145854949951 604.652412414551 624.459645271301 626.435626983643 636.459583282471 690.620908737183 704.0654296875 671.33215546608 697.18367767334 715.668502807617 771.77001953125 552.509452819824 597.038772583008 615.265342712402 695.453086853027 946.010696411133 743.297054290771 694.096654891968 659.007049560547 755.541635513306 702.733404159546 674.654258728027 756.752462387085 594.52214050293 779.578453063965 714.524978637695 738.267684936523 832.643859863281 615.593032836914 723.131942749023 781.561252593994 795.426853179932 752.815483093262 866.743576049805 1002.10804748535 803.363414764404 883.684085845947 752.441287994385
607.178783416748 590.984596252441 584.031692504883 764.456588745117 614.453485488892 726.839630126953 752.537422180176 736.073394775391 593.99828338623 821.36255645752 798.886207580566 438.747467041016 628.22271156311 621.97159910202 495.417030334473 410.303039550781 807.312965393066 611.434356689453 711.701110839844 750.599746704102 700.962730407715 637.267288208008 595.672561645508 642.871259689331 683.727429389954 632.048706054688 611.79931640625 776.083048343658 592.53458404541 745.210540771484 802.360443115234 643.449775695801 594.400291442871 709.625875473022 572.168579101562 620.918991088867 728.199939727783 848.281982421875 820.888965606689 644.241912841797 880.528610229492 962.711395263672 974.603988647461 763.275011062622 882.16618347168 1091.09927368164 787.542289733887 847.585578918457 918.819793701172 796.431911468506
518.967506408691 570.809692382812 741.33129119873 616.677926063538 671.168880462646 671.340564727783 549.312446594238 659.440494537354 631.630223274231 559.213439941406 706.447891235352 631.365489959717 483.465400695801 615.585451126099 480.545745849609 631.967445254326 775.012649536133 604.35994720459 598.44966506958 579.363563537598 726.519817352295 732.963565826416 660.494631290436 621.647472381592 703.22266960144 777.742897510529 611.162796020508 699.472507476807 746.892616271973 752.566909790039 786.872131347656 596.496391296387 624.738098144531 782.978115081787 852.897308349609 775.686054229736 801.655151367188 656.075424194336 818.302165985107 906.628326416016 640.46614074707 750.988555908203 692.679389953613 825.134353637695 725.589378356934 788.11958694458 878.003631591797 984.675598144531 870.891043663025 787.572265625
556.420928955078 709.167411804199 531.604461669922 602.767496585846 647.014282226562 757.030990600586 632.10958480835 556.273010253906 614.003422737122 667.024658203125 642.797462463379 607.464143276215 710.79126739502 583.401748657227 537.780169576406 581.821865081787 580.781723022461 644.767097473145 456.861801147461 542.067840576172 607.774276733398 766.106430053711 638.887435913086 797.330215454102 787.161560058594 718.128074645996 777.617965698242 579.240791320801 730.072341918945 756.775424957275 673.677509307861 663.308898925781 805.744201660156 544.975967407227 781.333358764648 778.219345092773 721.058712005615 754.764671325684 925.52766418457 949.50959777832 882.001243591309 834.046722412109 859.251430511475 632.24267578125 694.248657226562 815.092166900635 744.19310760498 987.868270874023 902.252639770508 949.931159973145
682.017654418945 465.668144226074 626.530746459961 664.674003601074 770.439392089844 623.151859283447 590.040880203247 575.999746322632 633.169990539551 610.631590843201 714.472846984863 582.80298614502 555.108901977539 413.48762512207 398.54655456543 472.862586975098 720.109001159668 482.00708770752 341.369155883789 527.143810272217 692.838586807251 686.998197555542 781.204627990723 791.722320556641 673.294318199158 686.600140571594 787.217567443848 778.162063598633 711.590984344482 703.40393447876 708.535966873169 670.013029098511 631.079887390137 684.80272102356 717.971184253693 608.143737792969 675.83683013916 852.780921936035 816.580688476562 842.010139465332 785.352390289307 913.64705657959 911.655181884766 661.732620239258 679.965621948242 803.999242782593 907.032611846924 760.393409729004 822.991558074951 843.293697357178
576.41814160347 488.567161560059 662.204788208008 600.919269561768 601.416431427002 575.108869075775 528.869140625 469.168640136719 619.924682617188 599.649731397629 647.361106872559 635.514377593994 597.258632659912 381.075973510742 526.155660629272 440.560585021973 439.612533569336 600.163703918457 497.089347839355 593.881999969482 676.446891784668 764.301284790039 650.849905967712 683.722734451294 754.931198120117 668.872722625732 689.802707195282 645.74243927002 671.944725036621 664.143107414246 681.620900154114 706.807106018066 803.991271972656 716.215915679932 737.551519393921 888.468856811523 754.753694534302 716.901221752167 803.315391540527 824.980728149414 752.53160238266 853.098503112793 862.614837646484 798.843578338623 790.873483657837 878.875911712646 856.564952850342 784.058336257935 802.443214416504 791.84123468399
611.742431640625 691.147819519043 570.278960227966 491.543670654297 472.982604980469 689.463081359863 603.802703857422 571.365501403809 598.757266044617 447.94157409668 697.953117370605 551.956985473633 578.050952911377 483.01664352417 503.066184043884 487.531443595886 454.196739196777 648.088241577148 613.855560302734 622.289001464844 659.688529491425 634.58952331543 778.245712280273 672.354169845581 697.899293899536 708.407009124756 745.825927734375 625.404460906982 714.198165893555 687.328840255737 812.740829467773 666.693428993225 610.701507568359 527.333770751953 646.427177429199 603.220001220703 675.300224304199 705.097085952759 735.436520576477 681.906219482422 842.721603393555 778.931584835052 806.801085472107 905.039222717285 878.164054870605 898.825691223145 746.168502807617 866.269683837891 960.154914855957 754.812366485596
665.891708374023 607.561941146851 546.355564117432 549.180507659912 569.088279724121 625.335918426514 656.824829101562 593.642746925354 586.657159328461 476.487632751465 489.794982910156 577.302476882935 538.198829650879 621.789915084839 531.636615753174 499.022666931152 583.944157242775 583.497853666544 721.071655273438 561.805862426758 669.96040725708 618.605020523071 638.265864133835 734.277969360352 626.586116790771 512.630889892578 863.540313720703 751.661430358887 514.748970031738 759.698654174805 737.469604492188 856.417037963867 639.76636505127 577.59619140625 577.859031677246 713.172529220581 718.50032043457 886.897964477539 676.347602844238 891.679824829102 933.583358764648 816.748474121094 773.980894088745 699.740581512451 953.419204711914 854.641441345215 904.120010375977 832.089488983154 779.966968536377 854.227653503418
541.586517333984 494.704933166504 587.118431091309 571.526580810547 576.04217338562 623.525482177734 584.438272476196 668.253959655762 593.839885950089 763.144866943359 592.585519075394 778.750061035156 598.339085578918 615.763103961945 494.894452095032 561.781860351562 485.294593811035 547.585445404053 548.482509613037 457.450576782227 607.803174972534 615.844945907593 812.690536499023 656.913721084595 823.924697875977 667.955065727234 555.396919250488 693.768558502197 673.304774284363 664.354232788086 954.424499511719 669.916482925415 556.118980407715 720.932422637939 770.413803100586 806.138298034668 703.721241950989 675.246349334717 761.576936721802 862.150939941406 862.380004882812 833.43627166748 591.120315551758 685.336067199707 674.337928771973 683.55052947998 780.112913131714 711.016098022461 668.036800384521 645.696132659912
651.421752929688 542.999412536621 634.116577148438 543.609899520874 593.127647399902 542.75918006897 543.08003616333 528.761165618896 506.056434631348 626.139366149902 594.819991111755 571.006719589233 608.037996757776 605.582717895508 638.248294830322 597.617539405823 503.641178131104 494.460342407227 568.035598754883 571.824745178223 546.714416503906 694.6760597229 700.822513580322 779.764343261719 731.820999145508 543.881874084473 629.412120819092 666.625312805176 697.321809768677 631.35240650177 773.179710388184 827.615036010742 706.010557174683 650.159049987793 728.490203857422 850.14013671875 691.733019590378 851.985397338867 908.560104370117 813.344097137451 751.836463928223 687.629283905029 737.586343765259 605.35913848877 746.528648376465 791.339606761932 598.95539855957 714.237548828125 754.068073272705 691.534111022949
376.377960205078 509.794906616211 538.160440444946 526.287124633789 588.185667037964 512.993408203125 668.18759727478 518.71403503418 622.095317840576 515.860145568848 629.777507781982 614.156349182129 682.424976348877 742.881164550781 685.474418640137 368.489379882812 483.251293182373 654.762922286987 568.707427978516 512.312255859375 657.922761917114 554.594131469727 646.564588546753 687.320526123047 702.816284179688 763.40306854248 718.716033935547 679.223195075989 668.70304775238 742.689193725586 876.548065185547 825.608779907227 853.840621948242 791.724586486816 626.247013092041 806.928596496582 619.629638671875 887.945343017578 735.303656339645 790.305358886719 687.463808059692 821.256637573242 792.592498779297 735.237621307373 766.23742389679 788.240926742554 777.608898162842 654.69361114502 711.514999389648 684.284118652344
616.667617797852 614.967678070068 621.304233551025 572.988471984863 451.498863220215 595.519060134888 574.97128534317 554.821974754333 544.734157562256 605.089822769165 663.679164886475 702.912066459656 655.21361541748 568.346656799316 539.507484436035 284.082824707031 435.66845703125 564.581169128418 501.783615112305 668.622200012207 744.433727264404 664.913313865662 654.190042495728 822.996200561523 670.499382019043 691.927757263184 865.25260925293 646.271145343781 716.423458099365 686.486087799072 852.138458251953 717.278018951416 650.575177192688 678.441919326782 744.363334655762 807.403938293457 641.049213409424 829.94792175293 721.480875968933 659.353977203369 740.192924499512 637.269912719727 603.346054077148 701.321823120117 591.828735351562 525.301956176758 714.13737487793 809.088333129883 775.962909698486 693.951889038086
460.467948913574 585.37056350708 550.297161102295 556.049016952515 700.57243347168 537.526172637939 655.125114440918 465.250686645508 630.107522964478 493.031074523926 582.004961013794 1228.55703759193 535.812934875488 574.27555847168 684.031135559082 575.38200378418 532.592399597168 631.594692230225 445.854141235352 605.015133857727 691.906269073486 687.464416503906 680.563472747803 509.243431091309 776.798629760742 618.433589935303 766.398262023926 652.98855638504 664.52409362793 672.120893478394 715.197895050049 565.394165039062 737.757743835449 723.0260887146 753.780937194824 705.841991424561 819.935729980469 769.234241485596 697.852528572083 748.670574188232 773.919708251953 702.953414916992 670.068153381348 598.780517578125 725.324738502502 766.991958618164 603.529479980469 680.778285980225 708.322425842285 753.096773147583
433.041572570801 552.48677444458 560.245059967041 546.164029121399 648.058837890625 450.877319335938 551.106369018555 733.564666748047 482.803466796875 615.340608596802 755.298248291016 1053.38591766357 865.744318962097 866.673713684082 582.885475158691 643.678169250488 443.753692626953 548.780044555664 763.094604492188 674.501426696777 709.768608093262 617.448920249939 567.249710083008 583.599676132202 664.726215362549 631.195663928986 571.784763336182 646.012655258179 710.720249176025 719.017246246338 716.502548217773 655.979406356812 581.10147857666 702.297245025635 670.925500907004 698.393379211426 761.089683532715 806.23420715332 671.637317657471 734.082218170166 630.512107849121 638.885398864746 851.808822631836 567.065872192383 663.354339599609 865.154312133789 669.547233581543 865.421409606934 769.378135681152 599.142074584961
557.913177490234 460.227279663086 531.68497467041 571.17807674408 592.121513366699 498.210296630859 649.66427230835 558.295112609863 627.366714477539 516.133453369141 607.98210144043 610.148031190038 579.612127304077 753.214172363281 661.769916534424 561.277149200439 532.316711425781 611.971782684326 738.202178955078 627.247175216675 605.101788520813 523.820068359375 813.32829284668 705.60408782959 461.708404541016 626.467988401651 798.477554321289 725.116973876953 668.982444763184 638.408476829529 770.227592468262 567.181045532227 573.223625183105 696.787950515747 642.169872283936 884.261978149414 705.392795562744 671.795907974243 644.294319152832 651.066795349121 620.156143188477 625.081809997559 741.61749112606 793.84741973877 611.936470031738 811.92155456543 670.520820617676 803.082313537598 710.581296920776 706.34566116333
587.390477180481 452.126609802246 601.49125289917 476.736225128174 577.991944789886 589.298661708832 548.556172370911 519.327186584473 759.943496704102 457.404602050781 507.207885742188 513.371238708496 582.098293304443 620.029281616211 491.541305541992 834.826858520508 662.29035949707 507.581520080566 635.908958435059 550.199241638184 551.78588104248 589.199661254883 519.939102172852 621.575878143311 663.27416229248 801.115585327148 681.447639465332 779.859634399414 675.015857696533 686.500728607178 755.871475219727 665.697024345398 559.500457763672 545.615417480469 682.773433685303 638.61536026001 752.96378326416 782.30167388916 799.954032897949 787.415992736816 757.607303619385 714.764046669006 790.165061950684 624.830924987793 649.272102355957 740.363330841064 655.351497650146 760.390900611877 754.511953353882 715.870760321617
585.702001571655 538.391860961914 624.703147888184 558.782661855221 463.533332824707 592.080128669739 623.23363494873 610.061723709106 605.649646759033 684.301399230957 433.755584716797 695.719566345215 470.701133728027 607.531936168671 712.127952575684 442.863189697266 561.644523620605 629.157068252563 719.678833007812 515.563827514648 625.819702148438 554.432983398438 603.551399230957 675.197189331055 690.364440917969 763.907730102539 763.737991333008 721.202157974243 803.320724487305 761.039482116699 845.225082397461 752.167915344238 649.236009597778 717.205268859863 652.468027114868 677.743537902832 692.331239700317 715.248798370361 625.486167907715 718.324131011963 758.254234313965 765.032558441162 832.691162109375 724.28621673584 806.40608215332 768.026622772217 576.945243835449 851.673904418945 677.798240661621 568.952011108398
623.447700500488 651.154441833496 764.365249633789 692.201995849609 597.282833099365 375.94189453125 657.178031921387 541.873970031738 627.895042419434 590.800683021545 667.320030212402 569.446565628052 469.874549865723 442.226928710938 486.786773681641 470.130081176758 645.085517883301 677.827651977539 561.717681884766 656.39973449707 570.171100616455 765.296188354492 604.392347335815 685.534889221191 618.149834752083 674.783821105957 685.115623474121 563.012496948242 651.150115966797 572.512992858887 793.030700683594 761.802299499512 683.532493591309 799.887191772461 831.198580861092 591.716369628906 714.401515960693 574.528472900391 578.416816711426 723.363538742065 721.54688835144 754.293422698975 773.218368530273 632.487640380859 888.885177612305 676.162748336792 593.064208984375 741.633949279785 629.685607910156 722.024609565735
471.469291687012 496.096618652344 548.80800151825 524.298049926758 682.476768493652 601.002956390381 574.318176418543 551.14698600769 454.963890075684 700.809425354004 301.656860351562 482.680130004883 382.79052734375 670.530879974365 465.518653869629 698.714859008789 538.885478973389 709.147552490234 566.641265869141 619.648389816284 550.337657928467 484.212623596191 640.754327774048 549.811164855957 479.384140014648 579.700941085815 476.422348022461 748.23365020752 884.024383544922 777.39892578125 897.105590820312 658.294783115387 708.274711608887 567.4443359375 678.524898529053 737.145538330078 650.64911031723 879.213562011719 592.442352294922 733.399768829346 624.391983032227 682.91697883606 763.912094116211 767.222961425781 738.54594039917 634.980331420898 530.066818237305 704.836200714111 650.392135620117 637.740196228027
622.197311401367 625.649398803711 574.922376155853 642.432411193848 592.943349838257 646.358436584473 666.654693603516 715.274963378906 544.147514343262 790.146530151367 619.153114318848 555.87576675415 503.606513977051 617.990001678467 507.386573791504 598.20849609375 637.18221282959 547.931358337402 606.447294235229 457.663284301758 578.495785713196 654.647766113281 652.082828521729 672.004547119141 650.761867523193 706.727203369141 687.952037811279 666.692687988281 797.072296142578 732.166381835938 666.953629493713 631.845617294312 742.355716705322 734.824405670166 539.28182220459 686.259490013123 710.599212646484 740.376266479492 704.539566040039 628.611255645752 707.219245910645 663.180435180664 726.711387634277 727.093662261963 682.256954669952 682.228149414062 773.047912597656 586.43586730957 689.408203125 696.980194568634
