export/dem/dem9.asc
NCOLS 350
NROWS 171
XLLCORNER 152620
YLLCORNER 418050
CELLSIZE 100
NODATA_VALUE -9999
[rows 22 to 43 of 171, columns 200 to 249 of 350]
664.682682037354 604.437629699707 645.469463348389 698.087106704712 650.649892807007 765.690795898438 759.981719970703 711.434999465942 739.667831420898 650.921592712402 666.905073165894 693.966359138489 873.160217285156 674.121519982815 752.919914245605 814.078948974609 699.446992874146 597.452262878418 599.916942596436 610.010265350342 591.230804443359 737.208068847656 630.273418426514 793.522880554199 493.505905151367 638.896198272705 566.422882080078 758.311515808105 752.529781341553 723.546384811401 773.337787628174 593.090110778809 633.459716796875 671.058853149414 698.313571929932 704.327465057373 683.20832824707 823.23802947998 723.122650146484 733.687034606934 737.780570983887 806.260673522949 847.16788482666 882.291919708252 939.1962890625 1608.15727233887 792.843107223511 814.702445983887 850.991771936417 851.206095695496
536.602996826172 613.129295349121 625.943851470947 621.159057617188 665.028135105968 666.00491809845 706.149078369141 688.254039764404 598.637161254883 660.444791316986 693.705158233643 779.185966491699 841.552177429199 776.165596008301 786.303413391113 892.155517578125 705.974046707153 746.456893920898 572.14338684082 492.701080322266 694.027538299561 747.081085205078 692.974452972412 664.744663238525 655.625205993652 655.313507080078 876.007415771484 692.19743347168 645.17650604248 664.487030029297 735.688611984253 631.098083496094 817.311302185059 702.868682861328 684.706016540527 693.217823028564 723.151744842529 722.427082061768 820.76806640625 852.287590026855 914.273696899414 907.094329833984 779.721611022949 1000.64633178711 918.733268737793 1010.05728149414 1008.47816467285 1036.82047653198 746.037317276001 1245.07411193848
715.691173553467 660.227809906006 730.685165405273 687.863971710205 607.592975616455 616.013900756836 714.782207489014 681.657999038696 583.909156799316 639.110176086426 734.337768554688 652.034259319305 812.989288330078 827.645393371582 743.01806640625 618.505516052246 712.333697319031 564.870880126953 522.232139587402 467.702941894531 711.32618522644 619.370372772217 687.23645401001 673.56715631485 664.617074012756 661.340301513672 722.616146087646 809.389068603516 721.691293716431 696.053171157837 693.40811920166 707.836862564087 670.856506347656 768.980880737305 653.412696838379 656.015533447266 839.964225769043 780.890905380249 735.04610824585 753.958681106567 797.651810646057 920.494934082031 849.784057617188 936.12703704834 941.792816162109 939.407150268555 994.469573974609 863.095729827881 797.075542449951 661.954265594482
559.214050292969 623.078144073486 555.2763671875 578.971561431885 680.325569152832 709.416229248047 552.006538391113 651.761018067598 758.683990478516 850.725173950195 694.09591293335 663.846683502197 781.286277770996 651.477146148682 551.139925003052 639.531829833984 766.959125518799 682.374939918518 587.451202392578 643.701343536377 778.417343139648 821.649154663086 752.920379638672 667.249751567841 725.707069396973 751.09135055542 756.172248840332 644.74934387207 791.560653686523 716.323529064655 671.588821411133 666.465728759766 780.105941772461 619.089370727539 706.859546661377 827.795677185059 697.31169128418 597.517387390137 695.525955200195 855.219520568848 913.812774658203 855.281261444092 913.455039978027 858.265029907227 958.899887084961 954.853202819824 949.946830749512 819.601848602295 688.608535766602 798.733467102051
611.259284973145 509.839538574219 429.024200439453 439.349594116211 507.195899963379 590.393356323242 636.589691162109 586.159133911133 592.149868011475 613.084759712219 622.36408996582 680.046974182129 601.019228458405 782.700469970703 600.280540466309 702.364936828613 570.577457427979 632.570518493652 598.234272003174 489.685676574707 689.342537879944 738.537380218506 652.022977352142 641.623994827271 855.81071472168 802.890623092651 906.55387878418 680.937797546387 716.514562129974 909.641159057617 712.086695671082 686.95934677124 705.248191833496 737.283662796021 761.583940505981 729.569732427597 636.013008117676 771.800636291504 605.848831176758 893.77848815918 748.846439361572 925.449920654297 900.837280273438 900.919822692871 877.266914367676 859.228191375732 936.291305541992 797.392456054688 831.105930328369 737.058776855469
506.11393737793 473.505676269531 541.356639862061 458.891784667969 649.038192749023 592.604449510574 659.350688934326 548.576568603516 467.785446166992 684.614105224609 791.285598754883 706.096199035645 723.520515441895 785.820419311523 591.721534729004 619.165237426758 688.72827911377 413.29231262207 619.058334350586 430.733093261719 592.324279785156 639.599178314209 696.364074707031 664.611215591431 704.130154073238 752.889495849609 706.377561569214 702.889751434326 665.607460021973 681.518019676208 870.839935302734 703.12105178833 487.623870849609 774.955528259277 774.55287361145 722.885263442993 845.515060424805 583.366714477539 908.868682861328 736.722093582153 815.606266021729 772.606845259666 860.909976959229 885.522163391113 959.326370239258 938.773803710938 864.019123077393 881.570194244385 904.704818725586 780.665382385254
494.222999572754 564.63961315155 432.139678955078 587.237987995148 612.123416900635 496.528007507324 527.745872497559 627.517044067383 567.933086395264 727.142372131348 621.176862716675 757.182266235352 853.557144165039 700.895042419434 815.143432617188 709.12174987793 595.753444671631 532.816795349121 542.253400802612 536.715721130371 568.218284606934 642.172407150269 651.190431118011 639.885137557983 793.063369750977 793.220863342285 759.387100219727 803.972129821777 689.902523040771 670.784351348877 739.696430206299 755.306613922119 584.212882995605 893.554260253906 748.718868255615 710.009292602539 612.697265625 811.850509643555 710.315316200256 717.201740264893 749.8102684021 1023.77079772949 773.73218536377 1029.91242980957 780.582870483398 697.565040588379 885.778942108154 836.030408382416 782.469000816345 899.154067993164
603.613304138184 717.642395019531 500.201850891113 572.469204545021 566.346242904663 526.679237365723 493.649543762207 640.186199188232 525.50305557251 655.506946563721 598.950366318226 900.035491943359 734.212242126465 606.102542877197 567.857606887817 615.027938842773 453.568778991699 467.591178894043 354.51286315918 523.044422149658 565.425559997559 686.511402130127 545.75944519043 749.948059082031 637.445386886597 774.266311645508 689.229307174683 623.690788269043 716.110244750977 649.005807876587 643.634281158447 763.492347717285 632.577487945557 531.495727539062 621.437858581543 702.782119750977 855.107879638672 639.924789428711 745.086504936218 672.815547943115 667.561180114746 858.990669250488 790.234463691711 703.512176513672 786.306788444519 764.182327270508 881.541328430176 810.928965091705 765.024196624756 847.963996887207
632.286037445068 628.153087615967 635.952983856201 608.304731369019 628.202922821045 535.912288665771 383.616897583008 567.47377204895 646.642673492432 591.049005016685 722.2734375 717.264213562012 717.660034179688 424.356315612793 463.544733047485 463.013181686401 469.437665939331 387.940902709961 518.705116271973 491.00074005127 693.962417602539 581.15193939209 656.395847320557 586.637359619141 675.061647415161 646.747762680054 618.815647125244 637.370277404785 685.03520488739 733.586921691895 580.090766906738 806.450607299805 616.243560791016 653.263763427734 631.680511474609 762.257495880127 752.365440368652 733.102804422379 670.935317993164 697.928314208984 763.74806022644 688.800621032715 968.925323486328 959.193313598633 911.564804077148 674.081314086914 793.103298187256 840.021270751953 987.106491088867 862.339241027832
535.335716247559 635.756214141846 515.982074737549 667.287757873535 591.254607021809 453.498893737793 564.965077020228 572.469085216522 607.394550323486 623.177658081055 714.072280883789 641.455341339111 666.52791595459 522.467582702637 340.53987121582 487.072489261627 606.404405593872 556.389835357666 358.973983764648 407.727722167969 638.124499320984 491.764190673828 627.286032676697 703.441474914551 608.383441925049 619.328926086426 482.92594909668 624.365398406982 494.017654418945 473.907531738281 754.097434997559 844.663223266602 851.83708190918 802.565551757812 768.580070495605 834.375793457031 779.190101623535 610.515937805176 870.840667724609 811.498542785645 677.672718048096 701.158687591553 855.393630981445 890.728096008301 806.224166870117 854.265609741211 852.114322662354 741.3459815979 807.631002426147 782.711792528629
424.309997558594 502.505294799805 581.082136154175 511.33667755127 625.35143661499 553.880182266235 555.032934188843 435.551132202148 647.353385925293 484.462211608887 586.152512550354 561.816520690918 516.067024230957 579.719598770142 463.681484222412 583.758697509766 473.368759155273 735.473617553711 585.663281917572 570.504837036133 566.578109741211 764.273361206055 519.709014892578 538.051765441895 712.115253448486 692.511951446533 672.412881851196 785.728996276855 703.120800018311 588.835975646973 742.731727600098 753.754638671875 678.999992370605 674.083333969116 763.504539489746 634.696411132812 662.66979598999 767.647285461426 674.286193847656 632.260971069336 819.121520996094 728.767572402954 751.364133834839 837.553436279297 789.734371185303 843.249614715576 793.139759063721 753.234107971191 708.307203769684 685.502667427063
501.991485595703 528.984851837158 640.115394592285 673.070747375488 537.261058807373 604.806137084961 662.259643554688 579.855209350586 553.778114318848 496.768035888672 431.176345825195 682.766105651855 497.574584960938 553.621917724609 482.398864746094 525.037502288818 573.851734161377 438.351455688477 711.830848693848 630.741313934326 664.768409729004 529.445930480957 558.056022644043 577.050994873047 633.958320617676 697.868881225586 622.370269775391 760.513000488281 622.097862243652 635.582243442535 771.438552856445 606.158737182617 804.321403503418 976.768188476562 536.238998413086 740.595146179199 779.167572021484 716.935550257564 671.050876617432 750.480582237244 703.089685440063 726.173079967499 694.080963134766 645.049629211426 803.014041900635 842.82799911499 609.508605957031 764.332536697388 771.720242977142 776.752779006958
348.154647827148 562.744509935379 508.814987182617 624.224193572998 530.858638763428 493.072452545166 645.782646179199 681.560693740845 509.947288513184 486.238731384277 581.097797393799 447.70809173584 648.199493408203 581.510406494141 502.052604675293 455.734657287598 530.31924533844 462.039596557617 424.448989868164 642.93902015686 665.860046386719 668.74486541748 632.73295211792 601.266410827637 412.86669921875 612.273067474365 568.138137817383 825.286056518555 811.194488525391 677.837377548218 802.796615600586 604.185012817383 860.749923706055 759.927772521973 857.05793762207 792.764472961426 582.117469787598 609.186592102051 694.914772033691 796.10807800293 737.062831878662 771.544569015503 622.236282348633 649.43189239502 895.057189941406 751.109436035156 754.295490264893 822.399795532227 847.669082641602 828.688926696777
360.802856445312 616.871875762939 616.986114501953 560.838695526123 410.851455688477 588.379501342773 522.879920959473 482.669799804688 666.166061401367 579.928873062134 739.903427124023 623.036979675293 712.088697433472 677.228000640869 704.181373596191 345.568405151367 551.89026260376 614.229557037354 687.544765472412 592.451057434082 667.991315841675 713.811614990234 592.654850006104 441.537658691406 602.263689041138 631.769278526306 795.838241577148 766.486679077148 696.640106201172 669.493151664734 660.62117767334 675.589319705963 762.504920959473 687.703212738037 678.951016902924 830.574645996094 707.387137413025 830.97119140625 825.419799804688 791.026931762695 752.419898986816 773.532451629639 838.71361541748 803.624847412109 784.905973434448 806.959526062012 890.02751159668 762.302425384521 765.005438804626 713.374034881592
546.318106651306 535.722499847412 522.777019500732 458.895072937012 556.156169891357 583.555831074715 576.472793579102 561.263461589813 635.203681945801 515.001949310303 810.832321166992 1257.38160705566 587.560329437256 625.957202911377 707.107718706131 664.535526275635 689.113536834717 670.113807678223 555.638771057129 717.501373291016 585.786418914795 590.745449066162 698.784252166748 632.876057624817 562.580116271973 538.945106506348 624.769920349121 690.028648376465 724.412002563477 741.985328674316 774.107063293457 832.005920410156 862.391952514648 659.597069740295 706.150115966797 736.601860046387 666.789915084839 716.945176124573 732.800422668457 817.355758666992 739.243281841278 827.788780212402 768.431610107422 877.15754699707 801.646492004395 877.329498291016 882.586212158203 706.389451980591 649.586143493652 629.909378051758
598.49435043335 568.313683509827 618.879124641418 613.282531738281 470.452751159668 533.888793945312 687.504936218262 636.025417327881 686.381172180176 607.537172317505 483.074111938477 1146.24850082397 736.81127166748 746.949447631836 641.844951629639 575.435209274292 524.752799987793 617.820213317871 628.936218261719 657.765106201172 723.714485168457 614.814588546753 478.18342590332 511.000022888184 607.905757904053 626.598736286163 696.451240539551 503.105209350586 622.620174407959 657.072208404541 643.004497528076 833.601089477539 928.382537841797 689.879722595215 663.799450397491 687.298675537109 713.097385406494 646.927714347839 843.617752075195 799.334777832031 716.682712554932 666.187984466553 782.612022399902 885.310485839844 665.247421264648 692.204029083252 812.40544128418 739.319501459599 845.054077148438 681.36597442627
539.627090454102 513.443431854248 412.877502441406 567.771166652441 388.227569580078 578.04789352417 733.249938964844 609.472564697266 589.083418607712 660.946006774902 603.448177337646 576.686283111572 465.697692871094 599.988610267639 631.059904098511 504.836227416992 623.381795883179 598.164720535278 636.892486572266 602.440338134766 684.809349060059 650.275857925415 707.555051803589 673.398231506348 533.313522338867 651.597030639648 703.994293212891 602.050025939941 739.779800415039 683.582109451294 714.796012878418 563.242362976074 619.115406036377 702.243919372559 663.470550537109 792.262702941895 505.460525512695 625.18338394165 759.880111694336 740.989418029785 845.394683837891 691.892925262451 811.042739868164 788.755073547363 625.185417175293 652.74405670166 816.556007385254 624.051605224609 671.988220214844 739.799641609192
556.796186447144 518.823390960693 501.988792419434 460.449462890625 494.63459777832 669.372673034668 573.798234939575 683.888893127441 702.155174255371 812.095672607422 661.763534545898 596.483545303345 505.70964050293 599.236986160278 568.665372848511 687.504497528076 632.147737503052 706.95344543457 568.66344833374 776.644821166992 636.706815719604 645.965670585632 632.563251495361 635.099496841431 603.524799346924 769.496593475342 726.247566223145 663.124361038208 631.374266624451 660.57847738266 724.054538726807 545.252685546875 740.601806640625 655.502268314362 577.811599731445 747.798175811768 676.174628257751 603.778182983398 632.550651550293 619.278343200684 690.147956848145 594.417663574219 823.239852905273 666.692531585693 643.181007385254 630.135681152344 624.93318939209 646.152214050293 575.66569519043 584.240447998047
479.212936401367 574.256659507751 611.503849029541 645.3740234375 543.701324462891 673.534240722656 573.737682342529 764.898040771484 622.662029266357 705.832046508789 662.82299041748 624.455224990845 691.34903717041 490.696701049805 606.983639538288 590.976489543915 701.334434509277 677.516151428223 598.441320419312 693.673492431641 583.385858535767 540.015914916992 706.996467590332 560.604789733887 777.436584472656 589.485866546631 574.503753662109 708.861701965332 754.429191589355 698.544929504395 578.441314697266 682.323215484619 791.297164916992 702.672122955322 650.566074371338 726.806710124016 614.062240600586 691.838937520981 693.52073764801 668.770182609558 741.774826049805 731.006826400757 757.163284301758 693.049807548523 806.171482086182 751.066871643066 717.336157798767 737.63928604126 642.653919219971 713.804623246193
452.682952880859 605.878429412842 465.102935791016 633.435844421387 470.400863647461 571.981840848923 604.796081542969 729.315353393555 535.173664093018 785.849716186523 690.434112548828 420.814712524414 490.695037841797 530.313579559326 575.900821685791 421.220108032227 551.020660400391 593.336879730225 608.187299966812 529.695266723633 524.451965332031 552.072509765625 594.438789367676 631.968677520752 609.776658535004 486.795402526855 652.574861526489 706.847465515137 430.571868896484 467.414520263672 622.024585723877 726.23832321167 681.597621917725 654.657230615616 756.879119873047 621.422679901123 601.27229309082 558.947357177734 649.937274932861 624.947845458984 651.487998962402 783.154327392578 737.476722717285 720.390316009521 577.750961303711 742.189437866211 659.298111915588 510.146560668945 568.71760559082 545.059387207031
548.250820159912 644.22876739502 502.726020812988 482.293067932129 732.03254699707 653.391792297363 649.538642883301 765.352737426758 561.568470001221 741.750961303711 771.617218017578 412.762283325195 581.491698265076 642.742655754089 591.133321762085 459.142181396484 579.069608449936 564.369422912598 636.718414306641 606.002232551575 641.049385070801 490.392684936523 392.759170532227 600.727056384087 550.271789550781 594.111236572266 702.339492797852 471.715194702148 628.45831489563 688.517944335938 661.148210525513 672.441667556763 745.07039642334 659.797204971313 613.330547332764 581.271049499512 578.254409790039 496.97541809082 634.382228851318 555.824645996094 743.180641174316 740.340167999268 734.222206115723 709.86548614502 657.280578613281 646.548206329346 629.850517272949 689.320096969604 818.910865783691 651.169551849365
689.147445678711 660.982841491699 588.937986373901 478.889541625977 717.51448059082 693.140823364258 582.206918716431 569.570593833923 580.79700088501 529.979183197021 585.784530639648 660.57332611084 565.680751800537 527.990425109863 532.607048034668 418.153289794922 525.21834564209 553.201927185059 615.536140441895 498.540992736816 574.761845588684 742.323471069336 602.493555039167 564.305618286133 620.42799949646 682.477424621582 530.556900024414 506.918487548828 596.31029510498 662.112638473511 712.402557373047 725.68733215332 876.436584472656 771.519889831543 689.360946655273 444.726455688477 586.304092407227 508.252044677734 700.272983551025 703.072238922119 701.212797164917 652.911205291748 545.982437133789 721.818264007568 624.741340637207 673.925247192383 642.804969787598 691.616124629974 799.015098571777 673.688627243042
