export/dem/dem97.asc
NCOLS 350
NROWS 171
XLLCORNER 152620
YLLCORNER 418050
CELLSIZE 100
NODATA_VALUE -9999
[rows 0 to 21 of 171, columns 200 to 249 of 350]
-9999 -9999 -9999 -9999 -9999 -9999 -9999 -9999 -9999 -9999 -9999 -9999 -9999 -9999 -9999 -9999 -9999 -9999 -9999 -9999 -9999 -9999 -9999 -9999 -9999 -9999 -9999 -9999 -9999 -9999 -9999 -9999 -9999 -9999 -9999 -9999 -9999 -9999 -9999 -9999 -9999 -9999 -9999 -9999 -9999 -9999 -9999 -9999 -9999 -9999
-9999 -9999 -9999 -9999 -9999 -9999 -9999 -9999 -9999 -9999 -9999 -9999 -9999 -9999 -9999 -9999 -9999 -9999 -9999 -9999 -9999 -9999 -9999 -9999 -9999 -9999 -9999 -9999 -9999 -9999 -9999 -9999 -9999 -9999 -9999 -9999 -9999 -9999 -9999 -9999 -9999 -9999 -9999 -9999 -9999 -9999 -9999 -9999 -9999 -9999
-9999 -9999 -9999 -9999 -9999 -9999 -9999 -9999 -9999 -9999 -9999 -9999 -9999 -9999 -9999 -9999 -9999 -9999 -9999 -9999 -9999 -9999 -9999 -9999 -9999 -9999 -9999 -9999 -9999 -9999 -9999 -9999 -9999 -9999 -9999 -9999 -9999 -9999 -9999 -9999 -9999 -9999 -9999 -9999 -9999 -9999 -9999 -9999 -9999 -9999
-9999 -9999 -9999 -9999 -9999 -9999 -9999 -9999 -9999 -9999 -9999 -9999 -9999 -9999 -9999 -9999 -9999 -9999 -9999 -9999 -9999 -9999 -9999 -9999 -9999 -9999 -9999 -9999 -9999 -9999 -9999 -9999 -9999 -9999 -9999 -9999 -9999 -9999 -9999 -9999 -9999 -9999 -9999 -9999 -9999 -9999 -9999 -9999 -9999 -9999
-9999 -9999 -9999 -9999 -9999 -9999 -9999 -9999 -9999 -9999 -9999 -9999 -9999 -9999 -9999 -9999 -9999 -9999 -9999 -9999 -9999 -9999 -9999 -9999 -9999 -9999 -9999 -9999 -9999 -9999 -9999 -9999 -9999 -9999 -9999 -9999 -9999 -9999 -9999 -9999 -9999 -9999 -9999 -9999 -9999 -9999 -9999 -9999 -9999 -9999
506.568817138672 758.756774902344 694.689094543457 611.419761657715 891.907089233398 -9999 -9999 -9999 -9999 -9999 -9999 -9999 -9999 -9999 -9999 -9999 -9999 -9999 -9999 -9999 -9999 -9999 -9999 -9999 -9999 -9999 -9999 -9999 -9999 -9999 -9999 -9999 -9999 -9999 -9999 -9999 -9999 -9999 -9999 -9999 -9999 -9999 -9999 -9999 -9999 -9999 -9999 -9999 -9999 -9999
539.863830566406 535.203987121582 746.416809082031 411.517032623291 694.869926452637 800.474761962891 665.098510742188 846.586029052734 706.389175415039 717.306564331055 -9999 -9999 -9999 -9999 -9999 -9999 -9999 -9999 -9999 -9999 -9999 -9999 -9999 -9999 -9999 -9999 -9999 -9999 -9999 -9999 -9999 -9999 -9999 -9999 -9999 -9999 -9999 -9999 -9999 -9999 -9999 -9999 -9999 -9999 -9999 -9999 -9999 -9999 -9999 -9999
979.771072387695 546.990898132324 469.663571357727 518.541957855225 663.766414642334 813.957565307617 566.785110473633 670.441497802734 724.001434326172 540.777442932129 507.91854095459 675.271560668945 626.933547973633 639.890510559082 717.118721008301 766.312377929688 745.30305480957 824.521789550781 1020.06926727295 987.352916717529 1012.53233337402 906.256112098694 985.475128173828 936.882202148438 1013.67963409424 885.058853149414 926.522631168365 817.013877868652 986.087730407715 1068.1651763916 956.573642730713 737.680755615234 430.513854980469 760.692428588867 666.412628173828 659.944747924805 1036.21208190918 914.150360107422 790.332702636719 -9999 -9999 -9999 -9999 -9999 -9999 -9999 -9999 -9999 -9999 -9999
857.35669708252 1017.09774017334 851.698959350586 918.27278137207 1251.74502563477 1096.22591400146 1227.56592559814 632.005035400391 570.979034423828 534.498222351074 518.68611907959 492.925020217896 555.371788024902 535.748687744141 627.268966674805 599.697219848633 641.712997436523 453.046653747559 1131.86178588867 865.223463058472 916.486747741699 773.247333526611 734.56632232666 708.992523193359 881.21314239502 705.910415649414 753.868766784668 720.556434631348 951.519653320312 882.473382949829 763.651824951172 699.472885131836 518.047470092773 628.579818725586 700.133686065674 602.906097412109 851.000091552734 1065.78623199463 676.951126098633 604.65843963623 651.531311035156 1061.5431060791 1361.94499397278 837.927040100098 841.04447555542 -9999 -9999 -9999 -9999 -9999
994.196557998657 1069.78710174561 786.330513000488 807.707374572754 1047.63697814941 1232.46798706055 1188.13256835938 1359.02163696289 899.785161972046 847.849098205566 621.174491882324 854.026580810547 718.741470336914 591.548545837402 585.98250579834 508.994186401367 551.043090820312 601.800643920898 945.139312744141 1029.74510192871 746.574325561523 916.455284118652 730.114784240723 764.128944396973 862.30810546875 825.141540527344 813.08762550354 737.621353149414 805.123016357422 659.874618530273 752.379768371582 773.487785339355 438.606567382812 503.134033203125 530.734039306641 595.175659179688 853.126663208008 1017.18006896973 502.733772277832 332.977966308594 687.066753387451 993.671699523926 828.422534942627 818.057098388672 796.73722076416 1330.02746582031 674.747344970703 -9999 -9999 -9999
864.318328857422 692.411598205566 958.233619689941 1307.48405456543 1191.48999023438 1247.99227905273 1380.84996032715 1103.07996261865 1004.39298248291 827.595436096191 675.428031921387 771.598930358887 645.347106933594 507.415630340576 667.11051940918 778.301231384277 975.617919921875 941.342658996582 896.772827148438 1123.51972961426 939.341957092285 1182.00108337402 717.298606872559 772.250091552734 802.494491577148 803.268011987209 722.997886657715 748.169322967529 876.933097839355 755.87459564209 825.47544670105 777.831569671631 489.076156616211 444.886459350586 589.311401367188 396.623138427734 592.536092758179 791.214172363281 906.915092468262 427.895889282227 487.599151611328 680.802627563477 707.618293762207 667.015930175781 755.279798954725 1244.70937538147 816.50910949707 1375.91341781616 732.325736999512 -9999
882.658018261194 932.645706176758 1052.82400512695 1076.48502731323 1115.92212677002 1021.50908660889 1278.92758178711 1238.97346496582 997.601360321045 1072.4585723877 1040.33032226562 991.795028686523 811.804763793945 579.918930053711 578.844947814941 755.088500976562 944.927444458008 884.681999206543 874.185436248779 969.839395523071 738.457168579102 999.595718383789 658.335777282715 630.684143066406 758.860415458679 931.322166442871 686.166915893555 658.984466552734 714.63920211792 779.973655700684 732.344833374023 493.274017333984 577.638580322266 394.976867675781 539.18669128418 375.419876098633 521.657127380371 732.265106201172 818.437896728516 793.848678588867 568.167304992676 563.372985839844 755.281757354736 873.219711303711 610.186248779297 893.550483703613 852.081813812256 1360.04610824585 842.61190032959 793.574829101562
1055.22186279297 916.277975082397 916.044433116913 907.717750549316 771.248313903809 1082.86317443848 749.592708587646 746.305938720703 1033.59320640564 970.888038635254 1006.0933380127 897.930870056152 818.539440155029 624.300079345703 701.846694946289 874.204147338867 1054.13528442383 958.109184265137 935.596034049988 1106.01154708862 936.732734680176 1176.46053695679 744.77165222168 717.771659851074 859.289060592651 848.188140869141 889.403085708618 780.185928344727 872.04712677002 808.9951171875 932.305206298828 644.698760986328 649.259429931641 727.174766540527 633.614288330078 538.419830322266 651.609188079834 948.023567199707 1085.31193161011 820.847671508789 501.110992431641 588.778457641602 464.234268188477 854.313041687012 964.82453250885 864.102882385254 751.665645599365 809.525592803955 616.858245849609 665.899154663086
525.145599365234 654.611519813538 733.911563873291 805.26611328125 723.992881774902 769.439651489258 775.613906860352 716.939353942871 1108.0700302124 1013.20921325684 862.714889526367 944.737905502319 829.086112976074 809.498584747314 851.364545822144 1497.08766937256 965.661430358887 843.029512405396 1030.72557067871 1365.50594711304 898.531324386597 1317.42329823971 896.947553634644 676.478851318359 767.443641662598 782.762008666992 512.823028564453 756.872161865234 930.197463989258 1014.34720993042 834.186180114746 775.072052001953 934.425804138184 918.61124420166 897.201080322266 948.384811401367 939.259483337402 936.582099914551 1039.85387420654 842.891563415527 664.831809997559 616.728302001953 554.892906188965 797.340682983398 898.353370666504 862.758666992188 881.442611694336 747.532079696655 648.10912322998 1033.49739837646
651.425952911377 680.28604221344 674.596118927002 814.840957641602 636.027690887451 536.800521850586 706.163850784302 691.090797424316 678.735733032227 507.497100830078 1083.95695495605 904.862487792969 1271.6153793335 812.405143737793 914.938690185547 917.995620727539 711.960767745972 887.037864685059 810.617307662964 1411.68990325928 811.578910827637 851.226524353027 762.49697303772 1089.36420440674 641.276214599609 729.057422637939 709.193771362305 775.674682617188 984.197631835938 890.845905303955 906.312845230103 935.329909324646 892.48376083374 844.217639923096 821.06099319458 829.228630065918 903.36360168457 870.221836090088 953.697241783142 794.083465576172 925.118534088135 1011.03825950623 1100.06276321411 1165.89921569824 892.375381469727 830.115982055664 1086.69633483887 946.737582206726 724.042343139648 1137.22959136963
693.560605764389 682.398685455322 698.001083374023 771.184051513672 1000.19911193848 895.513824462891 810.925872802734 750.229546546936 810.997589111328 750.55428314209 597.007698059082 662.129568099976 770.225410461426 959.662841796875 919.124221801758 956.916366577148 707.174976348877 644.861938476562 832.145599365234 761.409496307373 744.432207107544 641.376823425293 712.550052642822 820.801322937012 751.510618209839 724.496208190918 945.797294616699 824.438526153564 773.9044008255 917.574851989746 840.67271232605 795.674835205078 795.521390914917 853.430668830872 774.688140869141 616.930389404297 781.602630615234 847.755439758301 814.236808776855 806.845550537109 970.938781738281 871.608825683594 890.837219238281 973.745155334473 1100.64616203308 1104.7715587616 866.245735168457 797.893539428711 877.5322265625 755.815704345703
775.598690032959 717.744667053223 656.934730529785 791.174404144287 897.307624816895 697.323385238647 667.934341430664 706.71321105957 584.397537231445 645.170059204102 1114.7092590332 951.192348480225 754.793668746948 704.501087188721 738.224201202393 668.110191345215 726.28294801712 830.13166809082 748.667499542236 793.365242004395 646.25415802002 771.291139602661 875.295700073242 675.80965423584 594.149963378906 686.120277404785 826.435054779053 1254.96510696411 872.946928024292 871.304513931274 722.974472045898 928.542251586914 631.610443115234 754.132652282715 635.394943237305 752.8056640625 816.0163230896 872.217931747437 889.388197898865 730.198272705078 832.591529846191 1043.84909820557 1027.93707275391 865.659576416016 1072.42277526855 1076.48247528076 974.018524169922 817.107604980469 973.311912536621 808.141271591187
596.655853271484 488.737899780273 1332.9161157608 687.176853179932 689.995723962784 1069.10104370117 729.729656219482 785.186069488525 751.71102142334 733.91251373291 935.580307006836 914.756851196289 771.924049377441 618.293930053711 790.691648483276 890.053070068359 731.521451950073 738.517018675804 659.764217376709 664.953902244568 727.138113021851 843.300693511963 770.944153785706 834.365386962891 671.34970664978 554.412170410156 735.019237518311 734.016306877136 720.186864852905 759.166877746582 996.374862670898 890.843204498291 585.161224365234 1398.13317298889 521.651489257812 691.875335693359 593.477233886719 651.548721313477 883.305561065674 769.046367645264 719.171619415283 865.562759399414 938.767776489258 906.72428894043 919.925323486328 817.107765197754 848.817138671875 983.619338989258 1073.68075561523 1037.5662689209
945.327102661133 576.35791015625 1325.68024921417 1172.04742741585 618.863441467285 814.988033294678 653.114059448242 781.43034362793 1164.42375183105 735.704915046692 632.462043762207 787.507446289062 729.971809387207 718.432483673096 731.793456077576 874.419662475586 773.378265380859 737.708486557007 744.143224716187 601.85888671875 787.616500854492 855.126266479492 707.563636779785 685.666337966919 628.11930847168 648.199258804321 771.634433746338 688.181213378906 664.703285217285 769.855945587158 693.541938781738 691.973304748535 618.156196594238 545.134170532227 548.991088867188 1322.51196861267 607.549880981445 714.19454574585 653.113357543945 832.323069572449 780.067169189453 687.025772094727 905.00804901123 756.648338317871 953.855224609375 793.216789245605 882.850638389587 916.025075912476 871.525459289551 916.490234375
611.17211151123 650.608070373535 841.237968444824 862.485275268555 1157.38454008102 1540.33129882812 1006.68293762207 932.711334228516 695.512546539307 772.134788513184 702.429364204407 637.621704101562 661.35888671875 641.409339904785 822.688888549805 923.856857299805 594.379150390625 699.967769622803 732.149192810059 643.834243774414 650.325317382812 716.765640258789 589.668876647949 691.987743377686 527.094360351562 703.42423248291 714.802139282227 685.954521179199 701.884784698486 734.863208770752 864.127861022949 694.567367553711 739.942461013794 779.080513000488 729.015592098236 557.840637207031 677.618991851807 1247.85091590881 592.610916137695 722.540309906006 674.729988098145 651.183288574219 876.730968475342 994.760772705078 786.941992759705 687.529487609863 964.022918701172 950.611755371094 972.590057373047 999.497817993164
603.39737701416 404.673217773438 680.179109573364 622.330253601074 560.295028686523 649.144805908203 847.526458740234 778.127311706543 725.139614105225 756.33765411377 704.923477172852 615.260719299316 611.096134185791 709.194829940796 778.239147186279 718.872179985046 811.17699432373 640.038997650146 770.267539978027 663.735317230225 665.112277984619 636.439086914062 653.818717956543 694.318737030029 497.529647827148 720.222680091858 578.858459472656 578.362449645996 653.940490722656 618.586891174316 714.582767486572 704.024251937866 668.361595153809 922.906097412109 778.019142150879 711.721488952637 686.43049621582 599.584823608398 597.961410522461 1080.51124572754 1171.42590332031 784.891228675842 692.781963348389 818.06901550293 740.131969451904 858.226566314697 834.056549072266 1060.42545700073 1206.16464042664 875.688104629517
635.528900146484 664.307456970215 689.301136016846 843.049087524414 721.411794662476 844.283645629883 717.844400405884 756.283107757568 738.945911407471 778.129112243652 542.819229125977 742.218048095703 616.767730712891 657.888798236847 669.093126296997 860.549591064453 597.786598205566 650.336151123047 888.278732299805 788.511337280273 769.180297851562 726.010856628418 670.164360046387 775.962623596191 731.877758026123 704.659204244614 741.964763641357 574.545883178711 679.48734664917 809.959728240967 699.304298400879 707.765472412109 864.940536499023 749.95533657074 699.79296875 680.891006469727 716.722560882568 809.964550018311 816.433521270752 779.529483318329 604.940689086914 844.223678588867 862.603080749512 997.283477783203 913.619400024414 942.344345092773 792.149681091309 1035.00144958496 1053.7868347168 823.518215179443
