export/dem/dem98.asc
NCOLS 350
NROWS 171
XLLCORNER 152620
YLLCORNER 418050
CELLSIZE 100
NODATA_VALUE -9999
[rows 88 to 109 of 171, columns 200 to 249 of 350]
642.190143585205 641.65092086792 498.944152832031 652.264625549316 693.938293457031 698.525272369385 616.774381637573 690.178943634033 671.969799041748 650.92742729187 640.284883499146 492.670333862305 713.752059936523 714.820178985596 636.767784118652 722.335968017578 712.745639801025 606.64289855957 625.65828704834 702.594839096069 787.734924316406 793.102851867676 631.681924819946 548.251335144043 622.130374908447 607.020393371582 655.979405403137 713.379825592041 765.602111816406 742.883270263672 712.472843170166 548.070411682129 486.635375976562 562.707313537598 832.887481689453 578.438835144043 741.861831665039 579.679425239563 719.429889678955 805.192276000977 730.742856025696 811.553944587708 864.219932556152 867.788940429688 683.334991455078 682.843070983887 805.042392730713 1019.50217437744 920.419364929199 767.052955627441
604.742866516113 728.342432022095 654.826101303101 656.388605117798 729.574573516846 594.558120727539 710.619117736816 783.409805297852 591.771766662598 577.515434265137 666.388584136963 571.948871612549 587.916534423828 574.720687866211 652.220569610596 704.435035705566 741.072540283203 735.38801574707 745.060050964355 735.99365234375 538.044158935547 528.649383544922 570.931114196777 717.200698852539 598.270736694336 810.470031738281 653.96781539917 769.351570129395 603.569282531738 583.62621307373 681.106842041016 657.319574356079 640.675206184387 617.973766326904 707.844619750977 645.349149703979 568.351367950439 670.484260559082 632.205410003662 800.417858123779 828.351669311523 924.403915405273 690.632225036621 886.864749908447 810.532863616943 738.318321228027 836.239364624023 1059.0915145874 1006.42120742798 850.608085632324
512.658004760742 1134.74878692627 671.330664634705 757.107719421387 666.169173240662 554.681976318359 678.124137878418 694.573234558105 503.048049926758 658.980779647827 614.562589645386 578.354270935059 637.492997169495 504.685676574707 615.187269210815 649.769136428833 637.207664012909 585.602844238281 688.149936676025 695.209533691406 714.309726715088 626.507968902588 666.251536369324 759.405487060547 736.458099365234 808.589256286621 788.260765075684 740.994277954102 673.909015245736 677.807271718979 549.344047546387 543.41325378418 618.610790252686 666.82706451416 529.945163726807 523.192245483398 632.106223106384 660.424575805664 821.273559570312 705.635213851929 796.067428588867 628.072891235352 841.849445343018 906.883907318115 743.450478553772 609.661682128906 615.778884887695 935.730417251587 1005.91588592529 843.126171112061
491.605628967285 444.882537841797 593.693885803223 523.776901245117 706.684455871582 552.915100097656 616.121482849121 677.317977905273 686.312782287598 575.241958618164 701.848197937012 597.579025268555 650.518928527832 717.368522644043 680.653793334961 612.281192779541 540.270233154297 571.955833435059 653.925848007202 733.270378112793 731.782554626465 529.484085083008 611.939186096191 651.93168258667 868.353713989258 675.928599357605 608.500747680664 451.001678466797 554.682510375977 748.453735351562 681.908470153809 662.273620605469 580.910224914551 695.405307769775 579.641563415527 635.703362464905 664.271808624268 649.380571842194 675.248321533203 848.8310546875 806.263473510742 706.224924087524 746.262962341309 720.70482635498 663.732627868652 598.273937225342 643.431871414185 767.081987380981 1001.1372833252 902.816215515137
708.961807250977 603.868640899658 778.467498779297 529.549530029297 585.533164978027 556.49430847168 676.455627441406 526.283157348633 687.605361938477 708.565391540527 751.582992553711 521.749412536621 569.115249633789 634.728994369507 575.819477081299 589.639862060547 703.314849853516 576.535507202148 578.029579162598 669.767841339111 601.116895675659 755.972755432129 762.707088470459 764.438941955566 646.876838684082 666.375350952148 722.611824035645 734.1103515625 564.009841918945 844.453857421875 710.922285079956 770.094657897949 772.550224304199 752.94815826416 574.949645996094 678.180044174194 551.538848876953 629.16480255127 660.418350219727 668.794761657715 638.817072868347 855.92195892334 741.597034454346 690.527442932129 712.357082366943 651.618197441101 567.478172302246 868.680717468262 762.717956542969 960.598083496094
571.451999664307 510.068328857422 689.363391876221 605.474090576172 580.544193267822 1051.48046684265 749.150566101074 608.926038742065 540.017944335938 506.32341003418 666.088146209717 605.015090942383 534.254783630371 609.851717948914 701.17204284668 530.400901794434 580.927894592285 556.853813171387 428.564834594727 684.634857177734 562.72159576416 644.635501861572 564.062469482422 674.040561676025 752.022588729858 512.540740966797 766.48655128479 561.288536071777 575.636520385742 681.88362121582 604.161239624023 691.519509613514 820.150413513184 762.960607528687 806.095764160156 686.080841064453 625.0576171875 657.139102935791 678.804744720459 692.4997215271 636.872827529907 727.473152160645 599.707859039307 813.992279052734 601.097080230713 723.857479095459 718.113052368164 863.268119812012 847.374103546143 905.43782043457
743.254249572754 865.172119140625 848.650764465332 632.857181549072 630.337142944336 618.006416320801 794.810474395752 690.609470367432 578.935165405273 616.790903091431 623.177135467529 604.467246055603 478.645431518555 507.123039245605 625.738612651825 450.980133056641 633.352003455162 594.477256774902 553.14501953125 734.350296020508 624.054534912109 529.236289978027 675.629920959473 847.915901184082 737.248620986938 615.210266113281 497.275299072266 645.713068008423 635.789964675903 692.759214401245 505.941268920898 716.506253242493 715.337553977966 691.090065956116 919.775436401367 844.309602737427 780.761619567871 908.542587280273 643.704093933105 736.545028209686 728.592290878296 696.337336540222 762.02823638916 738.630744934082 704.578371047974 810.921424865723 605.946800231934 545.068305969238 938.124969482422 822.013477325439
718.441757202148 693.02953338623 865.314407348633 865.352500915527 663.418552398682 717.11792755127 730.2177734375 622.960826873779 691.188806533813 605.655019760132 625.27850151062 650.631881713867 539.309432983398 600.573577880859 674.284748077393 711.902030944824 581.278642654419 581.142333984375 619.133121490479 539.492630004883 490.677688598633 519.982162475586 777.967918395996 634.501670837402 714.491529464722 639.900337219238 583.228042602539 570.190971374512 579.1474609375 717.211086273193 783.632781982422 721.472988128662 629.27116394043 782.629806518555 952.179901123047 782.13843536377 744.100982666016 734.307847976685 797.381866455078 630.455390930176 863.751495361328 797.420448303223 744.622900009155 592.568473815918 813.715033531189 853.755886077881 831.010848999023 541.146682739258 918.152923583984 845.296615600586
589.964973449707 672.313957214355 842.590881347656 851.135841369629 897.295471191406 576.37825012207 590.797643661499 750.139862060547 764.785179138184 606.073341369629 542.788414001465 636.180583953857 747.44344329834 653.606775283813 741.370231628418 612.784408569336 589.153717041016 654.444787979126 595.436359405518 739.679100036621 773.577033996582 726.231513977051 764.879867553711 784.983612060547 589.215347290039 744.125717163086 571.524841308594 623.157356262207 632.378192901611 676.90704536438 695.779222488403 672.551408410072 683.827224731445 648.368545532227 601.766090393066 888.694496154785 789.571768760681 712.038743019104 691.89072227478 624.368041992188 766.53396987915 635.587455749512 634.683578491211 763.228614807129 753.645091056824 654.584014892578 730.79133605957 701.074127197266 717.38477230072 701.669479370117
563.374316215515 682.375497817993 761.04888343811 795.328662872314 790.406017303467 841.051071166992 768.115348815918 890.775337219238 594.956228256226 592.547622680664 603.420768737793 627.571990966797 625.130632400513 674.549957275391 489.981536865234 749.464134216309 658.44994354248 644.177166938782 714.57511138916 701.714977264404 497.084121704102 738.756114959717 601.293479919434 545.860992431641 637.839589595795 759.556476593018 600.89706492424 522.34351348877 504.266143798828 388.472747802734 449.565032958984 517.536331176758 546.359977722168 680.302885055542 519.563140869141 729.654930114746 776.344413757324 794.783699035645 571.744232177734 710.227227687836 631.514999389648 718.990382671356 657.90991973877 714.601246356964 688.23168182373 756.117786645889 709.881824493408 794.974800109863 946.378072738647 608.415344238281
681.014087677002 497.364776611328 868.078384399414 661.787948608398 687.746276855469 744.724058151245 608.077613830566 569.742347717285 591.67781829834 631.743232727051 676.928062915802 605.770519256592 716.245346069336 635.67601776123 607.038421630859 604.155923843384 579.526809692383 495.529846191406 718.957290649414 534.278732299805 637.98878288269 449.885757446289 536.433380126953 489.911651611328 704.678028583527 729.406276702881 692.992820739746 620.61402130127 589.770240783691 681.516184806824 603.192016601562 703.06916809082 630.676141738892 527.969093322754 563.210571289062 723.535045623779 793.858917236328 751.81844329834 628.867736816406 559.267776489258 675.169695854187 556.451225280762 570.262847900391 554.542213439941 801.180568695068 752.562517166138 842.655471801758 947.260719299316 829.239753723145 800.946290969849
860.221874237061 549.819107055664 693.934997558594 661.903366088867 734.074091434479 791.644238591194 881.568771362305 597.571899414062 689.938095092773 480.590469360352 560.040878295898 526.78621673584 482.091491699219 610.702369689941 542.535354614258 616.651895523071 626.7200756073 521.529716491699 653.406055450439 624.684722900391 614.096885681152 720.564483642578 639.714643001556 609.030200958252 649.114171981812 848.776954650879 874.566482543945 857.770046234131 684.164535522461 613.267204284668 650.751323699951 590.896873474121 682.340595752001 583.603591918945 648.054664373398 679.741134643555 657.182537078857 639.338912963867 622.873176574707 604.305328369141 667.098175048828 727.204023361206 765.016334533691 597.636730194092 723.001895904541 643.248893737793 879.217727661133 1101.44464492798 920.919921875 1036.57071304321
788.068286895752 724.400382995605 601.863172531128 779.549518585205 641.041229248047 919.875534057617 737.791673660278 609.35432434082 695.33166885376 636.539360046387 679.552665531635 706.327182769775 617.174514770508 693.844984531403 669.181293487549 717.193020820618 710.462203979492 821.640243530273 477.312225341797 696.647747039795 656.326160430908 714.999069213867 769.851943969727 1019.2816696167 749.73787689209 586.575859069824 979.393016815186 771.154685974121 990.894592285156 1203.10438537598 1326.29585170746 829.444686889648 657.626953125 431.241714477539 603.871566772461 757.771282196045 921.478439331055 639.215267181396 577.935417175293 454.438262939453 795.354621887207 722.307011395693 806.83494758606 654.794742584229 821.684776306152 904.911109924316 1069.18877792358 898.090496063232 1015.01263046265 810.587975502014
914.646614074707 730.625673294067 625.38081741333 816.852577209473 748.731750011444 784.422994613647 762.525999069214 755.386384963989 554.352172851562 1011.28885650635 684.188652396202 493.67236328125 697.143226623535 780.598030090332 733.513095855713 637.856246948242 556.713417053223 631.483325958252 535.1513671875 532.705345153809 621.443061828613 544.201324462891 712.173133850098 678.621742248535 584.320030212402 701.040313720703 581.632041931152 699.913836956024 695.779469013214 603.889274597168 585.397087097168 703.490573883057 552.598327636719 1159.18478393555 835.475372314453 906.628158569336 1117.75623321533 1008.9552154541 637.677421569824 1002.19452667236 843.012992858887 666.056761741638 741.717835426331 668.548248291016 642.034378051758 850.288223266602 950.142211914062 1125.62342262268 1524.08798217773 854.042373657227
785.861465454102 793.233594894409 906.824020385742 643.230238437653 966.535491943359 739.920735359192 798.98556137085 854.931571960449 755.766731262207 893.035026550293 900.821685791016 616.753845214844 619.933769226074 599.477432250977 716.543645858765 636.394813537598 651.593299865723 564.851409912109 684.739154815674 646.831347942352 709.358047485352 594.994358062744 622.014106750488 659.943230628967 637.858406066895 582.080924987793 492.627059936523 761.741333007812 800.0283203125 694.853761672974 632.524475097656 580.836380004883 601.992919921875 558.463935852051 666.795852661133 516.118286132812 514.669082641602 925.926177978516 483.731964111328 535.189514160156 639.223155975342 585.454978942871 1115.17458343506 645.204093933105 1079.66835021973 866.147414803505 858.322105407715 970.976425170898 993.287215232849 909.227294921875
684.266605377197 884.309669494629 784.597551345825 597.546089172363 843.219200134277 818.437122344971 799.751808166504 898.474090576172 752.840423583984 744.867454528809 802.694311141968 721.230804443359 592.577362060547 623.01293182373 676.543651580811 673.537469148636 692.527709960938 845.083297729492 670.990509033203 596.189544677734 440.313049316406 441.542022705078 604.563514709473 589.622272491455 587.801864624023 407.853393554688 549.573356628418 538.525169372559 623.123229980469 586.640556335449 569.758102416992 528.377044677734 460.391510009766 570.645606994629 851.277807235718 566.567573547363 921.260543823242 970.414520263672 714.169158935547 545.212463378906 669.978179931641 691.237678527832 1022.64962387085 631.091125488281 1023.54626083374 1013.56342697144 736.699117660522 1064.21196365356 826.645380020142 1386.66528892517
-9999 699.334550261497 680.082302093506 591.864871025085 745.731018066406 876.299446105957 757.400035858154 899.316612243652 862.526634216309 665.089530944824 747.005399703979 978.36792755127 679.204870223999 610.14302444458 574.792934417725 740.363647460938 625.199537277222 625.123340129852 701.389556884766 628.313680648804 626.646404266357 476.178558349609 528.45378112793 955.933750152588 777.412994384766 569.99104309082 513.635833740234 612.087411880493 716.494709014893 610.313213348389 602.094272613525 584.28296661377 452.148956298828 468.961486816406 934.662223815918 608.271640777588 519.306762695312 595.631477355957 687.654504358768 795.417945861816 564.016723632812 615.122116088867 784.596197128296 613.154861450195 807.815088272095 989.025375366211 692.969898223877 735.667678833008 659.179588317871 1001.23719787598
-9999 565.825134277344 565.990341186523 615.256734967232 658.501821517944 791.107938766479 819.616359710693 910.458129882812 930.06120300293 784.438896179199 845.274173736572 836.165817260742 773.532943725586 588.631553649902 613.961051940918 747.29793548584 563.19844865799 475.014999389648 563.30069732666 599.084913253784 620.504514694214 539.254257202148 773.319835662842 828.946731567383 1016.88109588623 498.020248413086 518.10710144043 557.652839660645 666.480854034424 599.41764831543 516.486297607422 595.089870452881 572.977890014648 699.860008239746 1285.75640487671 570.90315246582 537.04727935791 496.91242980957 597.637046813965 768.744026184082 555.197280883789 631.925323486328 621.220733642578 665.09935760498 664.708297729492 595.771881103516 904.279487609863 630.840888977051 772.686817169189 694.447463989258
-9999 -9999 644.717071533203 616.079048156738 626.527732849121 932.698318481445 736.574115753174 783.877769470215 846.277366638184 697.024459838867 778.120758056641 769.902740478516 898.969100952148 568.586261749268 662.591451644897 579.94055557251 431.376571655273 526.276218414307 524.438743591309 639.73278594017 636.259836196899 543.747314453125 612.424266815186 479.571998596191 669.729522705078 639.588729858398 644.342357158661 463.88818359375 487.642868041992 594.116050720215 424.169357299805 570.858070373535 520.163879394531 617.640613555908 691.865936279297 513.700073242188 595.82844543457 623.754547119141 596.483703613281 662.502355575562 687.581560134888 651.973587036133 612.187484741211 621.495300292969 727.331289291382 527.185607910156 564.348663330078 704.987617492676 796.478927612305 800.926273345947
-9999 -9999 1008.21691894531 948.608476638794 643.151973724365 739.461395263672 784.983638763428 836.323036193848 747.132386684418 850.179557800293 904.99072265625 713.986557006836 726.591835021973 821.602783203125 731.787292480469 480.650009155273 515.123126983643 503.807395935059 639.115829467773 510.476856231689 515.551038742065 683.318916320801 567.776598930359 779.92650604248 630.635913848877 716.944215774536 649.993684768677 737.682518005371 700.706661224365 668.989591598511 529.132583618164 669.693266868591 809.506576538086 729.419204711914 573.878868103027 571.425811767578 670.093669891357 716.09107208252 568.553741455078 633.532020568848 812.975852966309 817.951248168945 666.062423706055 731.883499145508 586.181213378906 707.983657836914 577.39616394043 754.001106262207 1007.4456897378 804.653835296631
-9999 -9999 -9999 765.236232757568 741.704170227051 746.592300415039 747.026683807373 917.180847167969 818.95280456543 559.812408447266 539.686424255371 775.644943237305 798.011444091797 780.838096618652 505.710075378418 606.593524932861 389.951705932617 621.53288269043 557.724811553955 481.618179321289 502.050712585449 541.104518890381 408.259552001953 1499.93990325928 609.87784576416 722.205703735352 657.552417755127 470.309585571289 602.982364654541 703.647623062134 832.067811965942 655.239282608032 637.912040710449 685.789932250977 691.805490493774 709.18879699707 482.346893310547 684.188537597656 562.475082397461 502.343620300293 736.443466186523 495.573425292969 461.784484863281 490.880218505859 564.008453369141 647.950958251953 662.329040527344 513.033920288086 684.06608581543 1109.88977050781
-9999 -9999 -9999 718.997140407562 744.564224243164 753.898071289062 834.667373657227 658.231109619141 864.244934082031 1186.11985778809 773.966369628906 729.102819442749 792.626281738281 689.365232467651 748.157783508301 529.043937683105 571.930500030518 460.138458251953 637.668617248535 467.897994995117 557.156356811523 604.13436126709 599.892904281616 756.949005126953 571.572480201721 596.749694824219 574.705123901367 680.659213066101 635.349193572998 723.143520355225 617.646488189697 707.045127868652 608.098129272461 454.53059387207 747.393363952637 996.009201049805 337.418334960938 558.274307250977 506.264526367188 573.838623046875 731.082195281982 554.555419921875 486.803497314453 754.576873779297 768.908386230469 1080.60205078125 656.652618408203 838.614139556885 912.281402587891 958.728595733643
