export/dem/dem90.asc
NCOLS 350
NROWS 171
XLLCORNER 152620
YLLCORNER 418050
CELLSIZE 100
NODATA_VALUE -9999
[rows 132 to 153 of 171, columns 300 to 349 of 350]
1071.90132141113 927.946120392531 1533.26361465454 1158.10522842407 1057.05067443848 1149.4598236084 1516.58770751953 1543.81973266602 1243.51679229736 1487.28012084961 1363.27153015137 1395.16633605957 1097.25136375427 1533.89598083496 1345.79787826538 1073.25769805908 1186.26428222656 1063.08367919922 962.275321960449 860.164604187012 921.167907714844 834.370643615723 913.69543838501 864.485004425049 734.570442199707 829.731887817383 929.193702697754 862.762432098389 840.84188079834 804.732345581055 769.711982727051 795.854507446289 892.951172828674 965.141094207764 -9999 -9999 -9999 -9999 -9999 -9999 -9999 -9999 -9999 -9999 -9999 -9999 -9999 -9999 -9999 -9999
920.189842224121 809.527648925781 1041.05363464355 1376.07813262939 1027.2917766571 1068.52647399902 1437.6116027832 1681.91174316406 1173.82608795166 1334.89904785156 1081.83633232117 1375.11642456055 1041.54772567749 1124.5656452179 1509.24771118164 1872.5464630127 1727.64540100098 2222.70440673828 1794.869140625 1316.47653198242 1601.20523834229 869.885680198669 1003.19850158691 792.727355957031 815.420000076294 995.356201171875 747.935829162598 964.524471282959 920.747371673584 956.857543945312 782.02184677124 974.499591827393 926.862483978271 941.504339456558 -9999 -9999 -9999 -9999 -9999 -9999 -9999 -9999 -9999 -9999 -9999 -9999 -9999 -9999 -9999 -9999
904.141723632812 869.380630493164 723.535381317139 1034.69223022461 1312.60043334961 1110.50421142578 1408.81640625 1499.84490966797 1419.72451782227 1273.08885192871 1238.11375427246 1397.78468322754 1278.34900665283 1098.83076477051 1352.5348815918 1519.92463684082 1224.89767456055 1439.03025817871 1225.92227172852 1142.41540527344 1222.0308303833 1209.95018386841 791.611274719238 949.288101196289 803.818428039551 894.773529052734 936.148853302002 897.224294662476 1055.89517974854 959.72456741333 869.519136667252 849.814999818802 902.138359069824 857.331272125244 749.145324707031 -9999 -9999 -9999 -9999 -9999 -9999 -9999 -9999 -9999 -9999 -9999 -9999 -9999 -9999 -9999
756.893951416016 773.799457550049 1138.3221206665 1318.80250549316 1074.46343231201 1201.53723144531 1195.38842773438 1620.99842834473 1599.81767272949 1230.57493591309 1328.36306762695 1551.83323669434 1211.67446899414 1192.92318725586 1428.23947143555 1777.88714790344 1294.22961038351 1035.3272190094 1041.20984649658 1053.6155166626 982.901639938354 1013.17818927765 1314.87294006348 1016.06596565247 1003.8327255249 899.892555236816 801.622663497925 775.799217224121 1030.09288024902 915.668342590332 965.182258605957 875.081115722656 1091.06366348267 830.735975265503 915.103960037231 879.49462890625 -9999 -9999 -9999 -9999 -9999 -9999 -9999 -9999 -9999 -9999 -9999 -9999 -9999 -9999
640.85107421875 926.226894378662 903.665237426758 1132.59475708008 1027.17407226562 1300.77261352539 1226.23474121094 1125.99322509766 1274.34866333008 1257.94354248047 1216.22631835938 1079.9553604126 1354.8752746582 1567.98824691772 1009.34837341309 1134.36754226685 1140.70246887207 1183.65281677246 1090.24090576172 1153.80046081543 1137.68510437012 1051.82106781006 1123.34660339355 1168.77285385132 1126.537109375 901.440505981445 912.82349395752 827.842265129089 754.146171569824 817.863243103027 967.848308563232 1493.78715324402 953.392990112305 906.337459564209 684.120895385742 965.710948944092 -9999 -9999 -9999 -9999 -9999 -9999 -9999 -9999 -9999 -9999 -9999 -9999 -9999 -9999
838.615133285522 773.19758605957 913.070149898529 995.918815612793 964.185302734375 1218.85942077637 1196.84323120117 1242.4313659668 958.689193725586 1307.79357910156 1170.91465759277 874.19229888916 1343.10389709473 1448.60039901733 1360.45296859741 1079.51225852966 1182.85800170898 1168.93859863281 1019.89561462402 1136.72766113281 1037.79571533203 926.694583892822 930.79764175415 1159.11320495605 1077.39109802246 1191.61658477783 1769.37341308594 1067.05062866211 960.831558227539 924.251190185547 1381.68719863892 972.060272216797 917.259922027588 918.552146911621 779.603210449219 806.103645324707 939.726390838623 -9999 -9999 -9999 -9999 -9999 -9999 -9999 -9999 -9999 -9999 -9999 -9999 -9999
913.240333557129 897.565181732178 801.906524658203 847.328212738037 865.053337097168 1041.89739227295 1288.151222229 1209.16453552246 1251.19209289551 1235.75830078125 1046.11375045776 1131.39852905273 1137.17592573166 1618.64071655273 1609.14451599121 1351.36354827881 1246.04853820801 1089.82628631592 1087.97998809814 1247.30044555664 1103.13076782227 1015.95440673828 948.377506256104 987.694896697998 1157.70248413086 978.491097450256 1129.46627807617 1045.85223388672 1148.83372497559 1196.62707138062 947.370178222656 865.484886169434 887.608296394348 988.212341308594 919.832958221436 955.519813537598 864.208190917969 -9999 -9999 -9999 -9999 -9999 -9999 -9999 -9999 -9999 -9999 -9999 -9999 -9999
749.938419342041 862.734923362732 827.701248168945 808.404065132141 754.706253051758 1289.14291381836 1171.52034759521 1143.27700042725 1022.0680809021 1110.17539978027 1097.51624298096 1081.42488098145 1063.94116592407 1167.96294403076 1752.03517913818 1711.09659576416 956.73859834671 1217.34155273438 1114.34748840332 1203.10264587402 991.410835266113 1115.90766906738 1202.37582397461 746.619766235352 983.688641548157 1147.85296630859 1165.75250244141 1012.66765594482 981.258358001709 1074.07064056396 1017.11187553406 819.399703979492 902.159996032715 1051.76762390137 987.722595214844 959.898933410645 950.059471130371 936.175899505615 -9999 -9999 -9999 -9999 -9999 -9999 -9999 -9999 -9999 -9999 -9999 -9999
879.111000061035 893.854954242706 863.367456436157 818.069427490234 889.814451217651 929.532302856445 989.000230789185 1104.12920379639 1057.55449867249 1128.64168548584 1036.54402351379 1257.38368225098 1189.94996643066 1069.33395767212 1390.89009857178 1372.14426422119 1185.87431335449 1020.67310714722 1188.46391296387 1150.50659179688 1168.29879760742 932.641399383545 955.762403488159 984.321464538574 953.38850402832 875.634963989258 1085.13408660889 957.567832946777 938.421890735626 981.320320129395 1218.91479492188 813.579284667969 966.494075775146 782.369079589844 842.173118591309 1011.52378845215 920.985094547272 868.193770766258 -9999 -9999 -9999 -9999 -9999 -9999 -9999 -9999 -9999 -9999 -9999 -9999
773.58723449707 700.942665100098 768.747482299805 926.452972412109 900.638051986694 885.489082336426 975.470260620117 904.62092590332 1043.09467697144 901.307716369629 839.701225280762 1100.73172187805 1018.95435714722 1024.86294937134 1256.35223770142 1336.5574798584 1199.28410339355 1068.92331695557 1109.74312496185 1100.67474365234 956.617874145508 1187.45014953613 1026.83988952637 1052.60830688477 1087.0311126709 1092.46928405762 930.21652173996 982.70433807373 775.760467529297 1007.68617248535 1235.80926322937 845.075607299805 967.641528129578 1075.83847045898 794.505844116211 1001.96786499023 773.481246948242 744.948806762695 748.577125549316 -9999 -9999 -9999 -9999 -9999 -9999 -9999 -9999 -9999 -9999 -9999
838.946338653564 759.21263885498 815.331344604492 874.786704540253 1013.69799232483 1311.2682800293 1294.26342773438 1126.50085449219 907.073066711426 1071.6799325943 779.586250305176 985.117950439453 822.292633056641 1156.3279876709 1375.01950645447 1119.17539978027 1128.76244354248 1081.46340179443 1183.63230895996 1225.63542175293 1577.15380859375 1354.55917358398 1368.16324615479 1087.9833984375 1202.1315612793 993.719079971313 981.128471374512 842.940734863281 984.087642669678 996.176609039307 1154.76317977905 1066.42255401611 984.837137699127 976.011638641357 886.438056945801 909.673611402512 947.604464530945 841.001091003418 888.364887237549 -9999 -9999 -9999 -9999 -9999 -9999 -9999 -9999 -9999 -9999 -9999
795.966506958008 718.043956756592 714.559047698975 894.252532958984 1073.85302734375 879.568403244019 1061.68266296387 909.989952087402 880.474418640137 775.520133972168 827.628726959229 991.682563781738 928.504013061523 1078.39966773987 1000.10093688965 1239.60647583008 1203.32759094238 1034.22508239746 1054.60414123535 1133.24589538574 1175.61404418945 1199.71252441406 1277.91575622559 1462.94549560547 1104.96241378784 957.962131500244 888.173370361328 878.640403747559 1042.02879524231 1030.28503656387 994.681785583496 1121.34052085876 956.958839416504 773.917739868164 1033.5472869873 865.852493286133 823.134567260742 785.191848754883 827.85627746582 -9999 -9999 -9999 -9999 -9999 -9999 -9999 -9999 -9999 -9999 -9999
856.545700073242 739.212993621826 757.190517902374 825.043701171875 631.820365905762 835.272003173828 839.053840637207 738.589550018311 829.566452026367 778.707164764404 713.382263183594 694.503234863281 840.760543823242 1021.79989910126 950.48787689209 1175.7264251709 1460.04615783691 1151.46328735352 917.965141296387 1149.05967712402 1106.54405212402 985.464881896973 1050.75505447388 1400.63770675659 1092.20169830322 1099.09247970581 1456.11944580078 904.923797607422 1054.78322553635 871.262771606445 1088.24768257141 1000.03038024902 796.501907348633 711.924011230469 1050.00255203247 911.551124572754 894.122611999512 942.179286956787 781.728530883789 850.26921081543 -9999 -9999 -9999 -9999 -9999 -9999 -9999 -9999 -9999 -9999
802.66695022583 808.721801757812 809.616897583008 903.598129272461 791.202251434326 856.244552612305 878.31371307373 829.369941711426 893.980728149414 831.899442672729 695.997550964355 845.254554748535 851.201515197754 832.144020080566 1051.72105789185 1017.91289901733 1037.80221557617 1148.22959899902 1674.5008392334 1123.74848937988 1152.78329467773 1108.62815856934 1116.26463317871 1046.51853561401 1583.93584442139 1652.51797485352 928.756370544434 1102.77291870117 1117.26720428467 898.42862701416 1197.53772354126 890.281227111816 832.141452789307 712.861114501953 916.697677612305 935.7043800354 868.376800537109 851.489738464355 951.866703033447 966.915733337402 -9999 -9999 -9999 -9999 -9999 -9999 -9999 -9999 -9999 -9999
692.910736083984 666.833717346191 871.217086791992 908.666656494141 852.34260559082 865.254364013672 746.35034942627 819.519325256348 939.591112136841 807.542022705078 735.000762939453 790.301671981812 665.551742553711 856.002639770508 990.732063293457 1003.62715530396 888.255630493164 971.296503782272 1126.64667510986 1023.41142272949 1077.98434448242 956.09171295166 1233.31562805176 901.651435852051 1101.49576568604 1198.79866790771 1031.61219024658 1008.4522190094 1153.0224609375 955.887214660645 949.965766906738 979.976684570312 724.109237670898 1109.93556976318 777.134628295898 818.621528625488 959.946365356445 1019.21202087402 894.067031860352 1016.27447509766 -9999 -9999 -9999 -9999 -9999 -9999 -9999 -9999 -9999 -9999
765.61291885376 668.439422607422 736.397760391235 838.991302490234 838.409912109375 803.954711914062 882.674324035645 755.396520614624 651.232467651367 974.64873456955 779.650955200195 692.775054931641 679.581512451172 793.36695098877 690.126876831055 915.162803649902 968.125195980072 1062.38195800781 1316.25036621094 995.97241973877 969.423545837402 1091.66249084473 1121.81704711914 1185.59882354736 989.082901000977 976.169502258301 1114.60845184326 1365.71236419678 971.414207458496 943.020439147949 926.696899414062 625.111724853516 816.775993347168 717.182098388672 911.814933776855 935.673721313477 960.980037689209 829.035766601562 925.382062911987 720.252426147461 870.995920181274 -9999 -9999 -9999 -9999 -9999 -9999 -9999 -9999 -9999
752.853927373886 749.489772796631 806.715522766113 591.454330444336 799.965461730957 759.234802007675 788.21583366394 854.565465927124 769.297706604004 744.355247497559 856.37434387207 916.417572021484 982.9554271698 845.083099365234 827.813449859619 855.052925109863 846.240200042725 880.204742431641 937.204582214355 919.299022674561 1061.20473098755 1081.33311486244 923.023788452148 1079.73016262054 1083.71736907959 1035.52018165588 1018.61027908325 882.214721679688 872.832969665527 690.172348022461 695.237518310547 741.584487915039 705.013580322266 744.18830871582 863.546531677246 746.514297485352 872.104438781738 848.132965087891 963.131484985352 883.293315887451 849.99439239502 -9999 -9999 -9999 -9999 -9999 -9999 -9999 -9999 -9999
827.323715209961 749.050849914551 695.84880065918 805.480587005615 799.829029083252 689.046306610107 701.970260620117 695.56201171875 812.111242294312 948.985977172852 739.612377166748 771.691421508789 760.307067871094 968.432083129883 697.98551940918 772.033527374268 758.527986526489 818.469146728516 858.699638366699 732.032203674316 965.391300201416 961.796583175659 1063.961353302 1089.88301086426 1080.82192611694 982.286268234253 959.716323852539 1032.59363555908 892.413094997406 966.450088500977 747.058334350586 830.612831115723 751.682716369629 758.89323425293 940.132026672363 1050.28602170944 914.405437469482 888.40550994873 897.969821929932 905.02198600769 902.316162109375 799.288314819336 -9999 -9999 -9999 -9999 -9999 -9999 -9999 -9999
919.580902099609 604.405853271484 793.980237960815 777.127701759338 703.723003387451 672.368621826172 785.128355026245 823.863399505615 893.711090087891 880.591247558594 969.393165588379 805.163772583008 718.730056762695 770.772354125977 935.192271232605 820.123729705811 760.993190765381 712.715133666992 983.818023681641 980.260696411133 825.289890289307 778.512176513672 968.287866592407 1026.04461479187 978.475769042969 798.039932250977 966.75333404541 1245.59712219238 1046.45561981201 831.14225769043 822.231666564941 753.950622558594 813.843772888184 985.701057434082 951.12656211853 817.945892333984 936.6572265625 1009.31418800354 971.128349304199 921.316112518311 888.87247467041 692.228149414062 -9999 -9999 -9999 -9999 -9999 -9999 -9999 -9999
632.983459472656 543.568374633789 617.305557250977 821.589328765869 720.025821685791 770.583744049072 598.389038085938 664.224014282227 745.72696685791 770.511978149414 859.120223999023 936.914129257202 919.787156581879 900.971320390701 1002.20045852661 895.359909057617 930.919704437256 851.918026924133 768.505908966064 951.798843383789 780.522392272949 844.377097129822 711.027725219727 933.2548828125 864.246742248535 924.569404602051 951.520561218262 919.341793060303 1141.55279541016 997.92943572998 915.202512741089 884.245300292969 745.736953735352 753.551910400391 1160.33113861084 845.818702697754 972.713298797607 967.075206756592 924.245456695557 913.724418640137 748.663192749023 921.697204589844 880.068161010742 -9999 -9999 -9999 -9999 -9999 -9999 -9999
629.470550537109 733.787452697754 762.874633789062 749.514228820801 949.702682495117 722.559413909912 750.618312835693 691.337837219238 649.150756835938 878.011054992676 843.922241210938 925.772933959961 930.144874572754 808.58617401123 981.889343261719 1020.6388130188 1011.41116905212 940.554753303528 981.665189743042 961.500658988953 720.024917602539 676.459846496582 825.27225112915 671.915420532227 959.754005432129 859.125802993774 837.68042755127 621.214721679688 746.097213745117 847.390899658203 915.042861938477 838.528305053711 843.371192932129 885.548881530762 1180.72772979736 870.695121765137 925.50012588501 887.414688110352 839.75830078125 1103.83323669434 914.635223388672 971.488662719727 1053.92078781128 -9999 -9999 -9999 -9999 -9999 -9999 -9999
659.79768371582 757.468845367432 723.426689147949 691.165687561035 743.166625976562 715.249099731445 880.218933105469 767.79852104187 695.404258728027 755.434547424316 767.364593505859 873.40326499939 852.106628417969 847.336448669434 788.377782821655 815.059427261353 809.712669372559 881.208061218262 980.13843536377 976.580009460449 757.862670898438 846.010841369629 941.115195274353 976.610527038574 985.673789978027 847.852203369141 815.507263183594 794.718643188477 793.126495361328 736.319999694824 908.47668838501 909.497695922852 728.733642578125 740.241958618164 1051.46383666992 951.445572853088 779.248199462891 780.442138671875 995.370834589005 980.396381378174 997.779779434204 972.777683258057 965.120594024658 935.004764556885 -9999 -9999 -9999 -9999 -9999 -9999
