export/dem/dem97.asc
NCOLS 350
NROWS 171
XLLCORNER 152620
YLLCORNER 418050
CELLSIZE 100
NODATA_VALUE -9999
[rows 44 to 65 of 171, columns 50 to 99 of 350]
640.003517150879 729.225471496582 780.980830192566 726.437103271484 356.945587158203 310.831954956055 590.999206542969 584.24857711792 458.534744262695 606.294509887695 718.802688598633 410.823219299316 740.559631347656 380.433219909668 457.290370941162 511.461277008057 622.3505859375 519.536491394043 438.291159629822 399.103857040405 508.197235107422 419.839456558228 477.697906494141 443.829820632935 483.781288146973 421.753144025803 463.814720153809 481.524703979492 522.316795349121 492.189235687256 490.001419067383 395.408039093018 448.576310634613 545.446952819824 565.357948303223 471.893692016602 525.938781738281 525.251258850098 516.848930358887 408.486256599426 366.249244689941 591.525825500488 489.192428588867 443.325443923473 339.534378051758 591.077163696289 493.110446929932 409.140588760376 450.456430435181 432.252523183823
659.245704650879 628.193357467651 605.551155090332 774.881776809692 413.347244262695 488.153253555298 748.632568359375 463.303436279297 720.221267700195 661.529613494873 478.333831787109 569.006858825684 472.367498397827 479.088153839111 348.828125 382.506782531738 545.702507019043 468.967067718506 382.995891571045 545.628890991211 555.228485107422 532.634956359863 390.134037017822 510.488590240479 560.438919067383 528.625137329102 597.321075439453 514.493865966797 479.135406494141 496.220771789551 208.756500244141 525.797058105469 443.98849773407 406.77540397644 470.233184814453 515.79736328125 491.447658538818 605.88005065918 410.884802818298 451.988708496094 528.280822753906 437.469560623169 468.522281646729 429.672658920288 413.1285572052 478.397446155548 407.568450927734 541.753555297852 346.345314025879 305.715744018555
490.404586791992 428.638603210449 449.256530761719 410.832466125488 238.689697265625 444.966201782227 666.765258789062 249.244003295898 666.617946386337 489.828773498535 498.160664558411 470.016487121582 440.218132019043 420.785377502441 507.884338378906 356.901649475098 219.251403808594 466.544399261475 515.19100189209 414.997484207153 429.724647521973 535.417953491211 537.870239257812 541.507080078125 396.486176967621 512.668792724609 521.899841308594 399.401337623596 469.151542663574 464.191612243652 497.5637550354 386.540672302246 439.514907836914 392.247240066528 444.165819168091 379.388053894043 472.308917999268 490.087745666504 505.840789794922 348.804695129395 435.309196472168 589.521774291992 435.934278488159 452.507331848145 467.841941833496 534.641502380371 480.824981689453 432.859327316284 607.728454589844 344.144386291504
497.328056335449 424.084785461426 401.714710235596 299.292831420898 314.180511474609 504.287021636963 1243.83613586426 786.856819152832 597.51439666748 613.226127624512 607.770378112793 646.647674560547 475.277639389038 435.273044586182 513.540683746338 369.120193481445 392.571670532227 553.1572265625 374.428932189941 452.733875274658 417.212438583374 601.802261352539 521.04354095459 565.924346923828 457.585262298584 507.187393188477 517.783191680908 403.423325538635 388.888347625732 492.96297454834 373.044315338135 588.883674621582 411.392869949341 367.526763916016 368.531749725342 487.711948394775 382.335994720459 320.507133483887 430.354320526123 504.601943969727 496.017642974854 499.097812652588 544.76016998291 567.821571350098 445.68830871582 463.929386138916 375.174446105957 460.760528564453 379.117515563965 270.240036010742
402.626274108887 329.296432495117 302.763076782227 541.938448905945 413.033126831055 518.910606384277 536.633228302002 440.686866760254 543.395179748535 641.031677246094 514.858711659908 583.239288330078 406.525238037109 492.588167190552 235.969360351562 401.181411743164 410.122993469238 481.317810058594 449.430860519409 452.888980865479 473.47643661499 545.439056396484 456.716884613037 544.947219848633 436.045345306396 386.535606384277 361.56689453125 537.203559875488 330.60294342041 402.156231880188 407.813671112061 505.862457275391 436.010738372803 425.53225684166 471.54002571106 374.720973968506 400.324520111084 393.650279998779 317.459938049316 438.280318260193 446.78409576416 493.15588760376 733.775054931641 545.906272888184 439.871391296387 593.273971557617 456.085378170013 441.371877670288 381.199020385742 386.470195770264
489.338775634766 256.530471801758 343.602066040039 502.466621398926 529.792068481445 509.522727966309 397.707206726074 408.907897949219 479.415879249573 377.287895202637 485.323978424072 514.390060424805 332.116348266602 349.835113525391 374.531097412109 373.534873962402 566.35612487793 364.793354034424 360.34839630127 517.422645568848 485.880340576172 495.758506774902 446.553901672363 360.404672622681 438.940987348557 366.361637115479 338.487586975098 474.258758544922 433.931712627411 455.632949829102 556.519256591797 600.652816772461 479.852771759033 659.574188232422 366.744789123535 402.851808547974 513.386993408203 335.354545593262 390.457778930664 329.986351013184 387.370399475098 271.91374206543 481.053001403809 448.647179603577 485.449851989746 346.801025390625 352.518157958984 530.93724822998 420.347512245178 379.663421630859
267.599296569824 455.849243164062 373.308853149414 1171.24676513672 481.061256408691 553.885795593262 547.389945983887 456.6579246521 501.104820251465 499.46968460083 367.760696411133 534.817176818848 457.288553118706 318.897964477539 310.733413696289 325.448287963867 346.756595611572 321.613250732422 572.406036376953 491.554569244385 433.771934509277 445.854347229004 465.307495117188 475.366680145264 473.423385620117 469.518690109253 456.802604675293 324.134254455566 475.798416137695 337.490280151367 294.085395812988 508.957035064697 520.580696105957 485.03946685791 413.677408218384 334.563735961914 316.530639648438 320.751327514648 246.225158691406 381.86275100708 356.039268493652 478.33039855957 365.374904632568 532.178939819336 531.147583007812 459.898338317871 394.952043533325 462.268684387207 423.072105407715 477.568744659424
650.949569702148 436.422088623047 495.924824714661 435.936950683594 583.182788848877 562.505588531494 559.800140380859 394.294769287109 468.533086776733 402.230899810791 446.335111618042 451.680153846741 359.63215637207 373.967445373535 391.403663635254 399.293724060059 489.08332824707 472.933162689209 439.131650924683 554.723556518555 534.615547180176 433.132955551147 548.48176574707 411.318640470505 431.308058261871 476.188205718994 616.28923034668 496.289176940918 455.51383972168 475.540851593018 368.14489364624 457.84192276001 302.460235595703 499.088623046875 369.859004974365 332.130516052246 426.986954689026 289.413246154785 470.111949920654 478.475643157959 403.804347991943 641.911544799805 639.55696105957 477.129627227783 376.527805328369 384.986867904663 341.900436401367 465.874954223633 373.578056335449 376.656658172607
663.750736236572 489.249969482422 1009.20196628571 456.903602600098 542.50995016098 426.19660949707 463.182518005371 422.105167388916 528.230072021484 523.886909484863 368.020782470703 323.082054138184 526.222030639648 394.02657699585 344.831130981445 314.221832275391 476.030460357666 275.12043762207 456.156969070435 376.772628307343 438.758279800415 426.407907962799 437.768105983734 324.838302612305 367.165870666504 482.98023223877 508.654258728027 628.790420532227 353.513969421387 500.574035644531 368.941358566284 466.913398742676 578.852935791016 487.631904602051 651.74333190918 456.829933166504 205.796356201172 343.243705749512 475.250267028809 380.266414642334 443.27758026123 380.52360534668 556.043487548828 468.393829345703 421.488629341125 481.784797668457 371.240585327148 360.769641876221 439.737964630127 363.343456268311
488.328079223633 583.31587600708 624.202613830566 589.629789352417 514.122333526611 509.774495601654 653.036544799805 345.571884155273 426.462169647217 439.06381893158 374.408592224121 281.878555297852 428.073486328125 567.015823364258 405.598590612411 425.363828659058 381.534839630127 357.996757507324 410.132621765137 303.328826904297 584.203201293945 567.479721069336 443.31148147583 430.794219970703 485.375143170357 537.679672241211 511.049385070801 455.160430908203 268.177131652832 501.276481628418 400.119074821472 243.975646972656 489.788902282715 435.75053024292 426.101453781128 512.987586975098 436.584144592285 173.173522949219 380.497617721558 324.494445800781 490.155151367188 327.421195983887 504.988563537598 333.235298156738 444.278106689453 466.066661834717 247.148147583008 460.355976104736 296.084815979004 499.165153503418
620.272756695747 450.097064971924 483.060829162598 652.200794219971 566.022617340088 535.214803695679 563.712043762207 377.295845031738 521.781414031982 475.518329620361 376.117813110352 499.892200469971 334.402099609375 299.768783569336 346.883636474609 437.31004524231 519.528518676758 371.041250228882 474.107444763184 469.552188873291 523.950660705566 584.482543945312 478.519760131836 699.369583129883 724.446014404297 569.269378662109 353.267158508301 357.986410140991 365.794430732727 250.851745605469 300.464286804199 370.393476486206 416.274444580078 294.492866516113 535.395820617676 495.354133605957 424.418439865112 334.43155670166 280.197525024414 424.413078308105 436.151964187622 445.388097763062 434.276922225952 386.589689254761 244.142456054688 406.777687072754 382.786674499512 440.490480422974 477.827621459961 475.960716247559
650.81420135498 1222.4538269043 647.648880004883 591.418978691101 479.805068969727 540.067844390869 634.708053588867 564.432609558105 338.610252380371 418.611685752869 326.575912475586 419.839954376221 488.951728820801 330.619102478027 324.86483001709 536.33464050293 555.438980102539 431.740146636963 404.327548980713 497.833129882812 441.829965591431 439.574131011963 568.575698852539 567.194976806641 389.121318817139 397.266485452652 429.989303588867 521.642868041992 437.629280090332 340.76441192627 335.896068572998 441.766315460205 319.619155883789 358.103746414185 477.234252929688 452.250988006592 408.340938568115 286.994476318359 346.612339019775 343.101791381836 293.117469787598 201.395156860352 473.278091430664 350.205299377441 406.339738368988 408.288239955902 359.145797729492 393.920063018799 456.996416091919 379.396461486816
426.969854354858 650.807590484619 535.679837226868 619.57593536377 547.515759468079 660.884323120117 416.737907409668 471.959755897522 341.869529724121 471.403343200684 477.759704589844 444.127140045166 340.943408966064 566.687866210938 538.925094604492 529.14794921875 649.194458007812 439.833839416504 515.132301330566 382.357730865479 422.647234916687 457.13415145874 392.265159368515 428.018348693848 375.202123641968 378.583153247833 327.47998046875 438.681228637695 223.477935791016 135.607757568359 299.539619445801 453.777130126953 402.231727600098 268.718605041504 471.944850921631 442.320899963379 448.968334197998 349.537300109863 159.324127197266 202.758285522461 397.289666086435 301.903076171875 413.090049564838 385.407922744751 410.36480474472 359.73609161377 514.136138916016 480.537582397461 344.589462280273 329.00919342041
665.885894775391 532.097736358643 574.131776809692 624.802391052246 608.681632995605 565.161962509155 687.360717773438 491.997848510742 358.723091125488 370.410358428955 516.713706970215 575.998626708984 602.903289794922 404.115735530853 450.158351898193 630.029861450195 571.135604858398 499.147819519043 474.608966827393 538.222640991211 370.677375793457 459.969341278076 419.966896057129 374.330894470215 388.174797058105 318.182207107544 325.143919944763 318.202898979187 284.56661605835 280.212333679199 390.826641082764 340.003725886345 369.46292591095 423.633117675781 365.732940673828 362.428236484528 352.530856609344 361.69972038269 384.955430984497 375.890808105469 280.157844543457 412.549252510071 373.735816955566 555.6923828125 516.30835723877 569.979873657227 502.031440734863 549.235504150391 388.782409667969 499.303367614746
431.979080200195 620.790710449219 737.167289733887 560.402435302734 476.45711517334 489.524322509766 450.670509338379 473.449819564819 397.114049911499 456.245447158813 371.791275024414 321.204193115234 301.543983459473 362.437395095825 430.8004322052 585.128387451172 562.427558898926 488.620658874512 611.342926025391 530.224624633789 356.974536895752 419.179321289062 202.361022949219 378.127407073975 405.562889099121 574.368041992188 389.301605224609 469.416427612305 414.555641174316 254.914138793945 494.994514465332 273.720268249512 495.381156921387 570.464385986328 356.613832473755 266.234710693359 390.51744890213 363.222805023193 313.307037353516 211.653137207031 318.92064666748 278.196022033691 326.392112731934 473.877769470215 305.83911895752 573.436096191406 368.969696044922 527.571365356445 380.329200744629 538.966011047363
497.316383361816 627.361488342285 633.134943962097 663.829242706299 503.21541595459 507.372711181641 628.873588562012 482.941854476929 513.822402954102 387.149719238281 328.862289428711 261.821029663086 425.590595245361 226.174377441406 485.805114746094 443.043365478516 506.073974609375 502.068946838379 460.099647521973 361.202175140381 348.633013248444 391.559951782227 249.718544006348 472.947952270508 395.587474822998 467.729637145996 521.314178466797 505.300918579102 443.797134399414 387.134122848511 271.026573181152 393.94571685791 345.333686828613 313.791221618652 316.051727294922 479.216835021973 393.36157989502 376.969834327698 242.40788269043 204.895568847656 309.675704956055 279.444274902344 263.821258544922 324.148124694824 353.909687042236 423.029364109039 461.278400421143 461.012565612793 402.311550140381 413.78494977951
566.916831970215 633.584754943848 616.353081703186 651.363174438477 653.171800136566 853.753570556641 717.277374267578 564.797958374023 450.495041370392 325.566551208496 337.225437164307 366.261512756348 517.434577941895 456.443336486816 347.838674545288 465.811012268066 654.165802001953 330.547035217285 475.754451751709 431.527281761169 334.075996398926 407.686473846436 381.57720375061 384.778853416443 406.440616607666 574.249053955078 461.583312988281 503.613265991211 413.452369689941 325.578544616699 292.743545532227 298.931976318359 283.645965576172 340.161674499512 331.553707122803 448.23316192627 333.399848937988 334.517616271973 374.508272171021 211.301345825195 540.581756591797 109.535858154297 303.661422729492 355.23331451416 503.55171585083 215.059280395508 482.400543212891 531.243690490723 609.981964111328 382.205993652344
546.822981834412 567.124568939209 468.17406463623 504.674758911133 725.726921081543 700.06160736084 701.692432403564 547.080757141113 494.761396408081 505.44408416748 388.199734687805 553.14208984375 298.734886169434 469.418830871582 518.375785827637 487.569980621338 498.536117553711 504.844482421875 276.611679077148 457.360809326172 336.167747497559 473.257286071777 371.158411026001 471.096664428711 517.88557434082 528.200286865234 352.901726484299 474.696762084961 419.528228759766 425.584545135498 291.085517883301 301.522674560547 489.266883850098 365.230388641357 250.682281494141 249.192428588867 304.303131103516 482.068977355957 415.94797039032 528.022727966309 406.425659894943 350.767112731934 331.325965881348 380.77220916748 437.014496326447 434.927387237549 445.371490478516 415.982801437378 568.217170715332 509.828563690186
490.91153717041 417.426467895508 575.533853530884 598.342120170593 689.38948059082 625.045066833496 520.379234313965 566.647705078125 352.659423828125 449.955484390259 510.938598632812 343.347248077393 433.809879302979 418.647216796875 407.069606781006 457.450775146484 492.474395751953 415.735015869141 419.160215377808 416.605430603027 416.514595031738 274.074959516525 356.492393493652 484.377265930176 442.084800720215 642.941711425781 544.495834350586 460.49390411377 413.843215942383 400.572929382324 357.294940948486 419.598302841187 328.951148986816 381.273433685303 262.961013793945 320.156127929688 249.764610290527 427.691688537598 435.444741249084 449.918164253235 349.721782684326 464.413106918335 467.620357513428 339.015647888184 452.308252334595 540.848861694336 582.602996826172 381.447196960449 573.930137634277 598.284469604492
405.606796264648 324.718368530273 419.988128662109 426.631912231445 637.938301086426 526.125370025635 302.685943603516 417.764305114746 466.784823417664 433.869262695312 409.22449016571 471.131530642509 420.709136962891 320.58069229126 338.40093421936 442.348274230957 540.786926269531 556.711791992188 387.035999298096 532.435394287109 350.281311035156 273.984817504883 455.105312347412 332.748264312744 453.019508361816 440.674110412598 255.626670837402 490.168579101562 381.143685340881 317.810119628906 366.731905162334 445.490570068359 232.600540161133 385.266672134399 336.401279449463 275.642448425293 264.614608764648 242.321914672852 346.509307861328 417.980595827103 380.255699157715 584.199356079102 436.987833023071 351.478424072266 394.219974517822 459.310073852539 447.126797676086 516.305458068848 472.528064727783 532.973823547363
313.623519897461 496.275783538818 387.686813354492 559.706092834473 470.570114135742 544.075462341309 465.439656019211 621.862045288086 522.800872802734 491.233467102051 482.036212921143 383.772758483887 523.479934692383 384.766427993774 381.972732543945 481.84383392334 416.710628509521 502.537353515625 473.609497070312 469.527397155762 346.573766708374 384.090597964823 428.704677581787 330.490158081055 329.375 293.341312408447 342.409797668457 345.822261810303 304.415023803711 336.907764434814 172.731781005859 461.513824462891 495.911170959473 276.572792053223 289.254776000977 335.323616027832 329.059600830078 315.989562988281 521.941062927246 547.992706298828 426.587081432343 436.027722358704 475.904769897461 391.636260986328 416.277235031128 471.304378509521 466.759449005127 453.730613708496 518.330318450928 503.387897491455
533.519847869873 330.647079467773 441.992050170898 400.961563110352 327.603088378906 442.148727416992 366.467430114746 501.663146972656 442.998077392578 346.120712280273 596.583358764648 305.807373046875 371.59614944458 339.597299575806 536.211761474609 306.438953399658 422.623954772949 664.570159912109 512.712829589844 505.64225769043 414.069509506226 523.931770324707 493.23299407959 359.517486572266 393.731490135193 385.763620615005 387.752242088318 317.947822570801 243.715156555176 349.71032333374 249.948577880859 285.94970703125 362.213310241699 273.309936523438 437.550577163696 363.770908355713 385.520181655884 353.763744354248 514.48323059082 427.844858169556 367.797779083252 416.555570602417 400.201354980469 371.566082000732 482.895736694336 378.69612121582 531.796119689941 442.166752815247 528.665428161621 397.520008087158
