export/dem/dem93.asc
NCOLS 350
NROWS 171
XLLCORNER 152620
YLLCORNER 418050
CELLSIZE 100
NODATA_VALUE -9999
[rows 66 to 87 of 171, columns 250 to 299 of 350]
773.188835144043 627.570025086403 739.674346923828 699.21305847168 432.756225585938 609.092178344727 548.499084472656 558.585594177246 685.417314529419 637.31485003233 651.124359130859 606.58325958252 692.545476913452 628.148094177246 657.833475112915 566.288024902344 802.854370117188 660.732908248901 714.244853973389 616.217098236084 734.211486816406 702.061865329742 708.160953521729 833.787109375 526.286544799805 809.447654724121 690.57909488678 565.253448486328 647.875648498535 556.062454223633 590.089714050293 658.252487182617 745.274819374084 774.040878295898 883.397888183594 814.938613891602 781.476634979248 612.558410644531 873.248242855072 858.66801404953 736.582298278809 621.643135070801 794.901039123535 701.10083770752 660.088020324707 603.460647583008 809.405014038086 847.543403625488 707.435085296631 758.420166015625
728.992645263672 676.713787078857 619.804901123047 659.738980770111 702.575340270996 597.870796203613 608.072631835938 600.958198547363 683.682903289795 678.941417694092 695.073617935181 616.771413803101 598.017272949219 662.648975372314 619.828601837158 624.443713188171 688.601593017578 633.577301025391 789.741188049316 708.954551696777 776.305786132812 763.995124816895 707.88968706131 685.739231109619 680.621356964111 739.800033569336 683.015259742737 734.510375976562 674.687490463257 638.300445556641 641.990699768066 507.470947265625 797.898452758789 901.823501586914 704.429607391357 754.789854049683 570.111434936523 505.946823120117 585.641067504883 716.033575057983 955.713638305664 1052.84929656982 875.387834757566 547.637832641602 744.093242645264 619.102828979492 673.560634613037 692.436866760254 750.180160522461 542.425704956055
599.366878509521 873.886108398438 706.399269104004 543.804023742676 558.737411499023 628.899255752563 671.477396011353 575.062126159668 624.212029933929 625.588199615479 679.532299041748 735.27490234375 768.848617553711 658.842396497726 532.168899536133 691.415790557861 583.730796813965 603.651206970215 574.367706298828 611.180320739746 741.318649291992 759.522422790527 725.897161483765 781.271179199219 855.977828979492 710.389806509018 683.216255187988 676.660625457764 657.180435180664 584.54940032959 618.693603515625 601.206634521484 693.165614128113 748.378307342529 658.90299987793 783.848175048828 693.59366607666 719.598136901855 595.011917114258 809.045215606689 713.404438018799 664.450500488281 1211.18186187744 1321.48933410645 898.710914611816 527.852645874023 760.982955932617 797.641483306885 622.063331604004 700.240272521973
576.530368804932 842.430130004883 826.763519287109 608.342491149902 664.370710849762 600.662990570068 637.148129463196 634.292713165283 685.732009887695 489.466857910156 630.628891944885 578.07755279541 665.3172352314 735.553939819336 615.043003082275 730.976184844971 689.401700973511 450.50959777832 774.854530334473 538.520629882812 528.498168945312 767.574737548828 653.450443267822 856.617584228516 661.394855499268 682.915468215942 632.521659851074 757.376068115234 712.107886314392 595.709907531738 516.335678100586 828.721656799316 618.433403015137 837.198402404785 663.891265869141 657.987945556641 717.64036989212 680.639572143555 569.337219238281 789.898838043213 513.817779541016 662.846778869629 618.250282287598 661.097442626953 704.411270141602 1442.69292831421 651.54264831543 631.16251373291 649.760780334473 844.556953430176
748.547836303711 628.863431453705 711.655838012695 808.936096191406 652.223436832428 721.709518432617 702.276554107666 578.384628295898 655.688873291016 659.773843765259 590.219455718994 560.721862792969 506.95671081543 796.781265258789 595.620529174805 771.529205322266 651.988006591797 791.807716369629 731.099449157715 714.121608734131 576.316383361816 749.23193359375 771.801284790039 700.281510829926 771.138999938965 603.689010620117 667.034467697144 859.153396606445 646.270038604736 633.848114013672 688.714372634888 581.08674621582 668.450233459473 732.26655960083 813.806999206543 525.154235839844 691.338129043579 562.340805053711 650.684432983398 760.978353500366 813.992263793945 720.179416656494 838.986907958984 580.291915893555 632.728363037109 569.418914794922 814.95881652832 1125.27817344666 800.554901123047 608.268218994141
634.665953636169 647.30380153656 582.998882293701 666.764739990234 599.760536193848 571.271415710449 594.368824005127 664.748963356018 638.842906951904 644.683139562607 682.36364364624 678.806842803955 635.573591709137 552.986701965332 702.775199890137 759.67924118042 749.468662261963 654.834159851074 554.440353393555 685.973526954651 709.955680847168 678.611080169678 792.02522277832 572.979179382324 593.717216491699 689.488498687744 679.701557159424 773.067977905273 557.878868103027 768.004737854004 529.120651245117 632.056503295898 734.464815139771 801.192947387695 617.746772766113 605.08568572998 724.571883201599 660.889366149902 584.50830078125 783.804782867432 609.602279663086 574.473892211914 703.883338928223 856.525857925415 681.382923126221 1150.55699157715 575.820846557617 580.319946289062 690.402626037598 540.024169921875
661.373878479004 613.371097564697 711.148651123047 661.994245529175 791.25260925293 593.578903198242 786.396644592285 658.466878890991 634.380929946899 604.71990776062 722.01749420166 814.591247558594 657.710203170776 561.04434967041 483.053619384766 648.995227813721 770.906806945801 630.030717849731 660.240690231323 680.197410583496 775.606315612793 783.971405029297 812.958969116211 762.40665435791 611.841300964355 677.981730461121 819.894714355469 601.95565032959 707.721822738647 730.040746688843 520.637344360352 597.780204772949 658.721042633057 631.52938079834 487.305252075195 632.773368835449 626.950561523438 623.535743713379 693.332214355469 666.903713226318 678.806213378906 1119.54412841797 731.090814590454 662.190658569336 683.275421142578 882.537204742432 694.524703979492 685.194129943848 561.936660766602 679.05891418457
656.67720413208 526.161552429199 883.267547607422 740.275587081909 736.312995910645 619.950340270996 715.164267301559 730.233596801758 751.307861328125 723.411911010742 747.586853027344 606.822551727295 633.940039634705 682.710395812988 794.394729614258 714.945487976074 723.100425720215 534.643989562988 553.179595947266 765.729553222656 626.762971878052 575.715637207031 718.959848403931 671.796069741249 447.058517456055 824.949890136719 615.622100830078 746.873157501221 831.610397338867 669.072961807251 670.581488609314 708.560106277466 666.218151092529 550.338943481445 592.238689422607 648.69352722168 692.000957489014 786.098430633545 686.817722320557 774.170574188232 716.227905273438 737.060432434082 844.217060089111 1082.55057144165 862.50040435791 729.856735229492 709.521636962891 787.2458152771 1083.71641349792 698.087299346924
625.763986587524 625.520418167114 516.082855224609 471.653686523438 549.820053100586 603.23779296875 784.171760559082 901.667144775391 532.863182067871 781.757316589355 766.648187637329 593.053886413574 834.126235961914 571.478157043457 806.435882568359 683.878364562988 664.642307281494 665.951470375061 839.8486328125 697.06736946106 598.426773071289 536.164733886719 649.090156555176 802.037185668945 729.700782775879 608.372337341309 570.663497924805 661.876731872559 678.978805780411 777.186698913574 554.434715270996 570.535018920898 525.822082519531 575.908187866211 566.564804077148 454.467163085938 667.21923828125 730.463350296021 707.943841934204 675.700923919678 497.785263061523 801.751068115234 577.361267089844 969.808334350586 857.8857421875 663.49666595459 759.181304931641 687.28190612793 782.194526672363 946.423957824707
545.112991333008 544.477485656738 517.230270385742 440.330200195312 565.096992492676 685.1178855896 597.509552001953 722.281188488007 795.61808013916 867.92244720459 679.942321777344 893.323524475098 690.870170593262 641.478685379028 466.355743408203 676.610496520996 515.829750061035 696.623542785645 550.886436462402 616.697666168213 718.728355407715 613.643707275391 688.196847915649 722.688217163086 758.379402160645 829.819290161133 797.754730224609 640.981174468994 799.569068908691 689.033809661865 669.455079555511 675.487654685974 681.092582702637 598.46129989624 609.682441711426 579.819671630859 655.932571411133 702.983234405518 673.552757263184 652.170249938965 838.409004211426 905.155456542969 934.562854766846 796.155143737793 778.588012695312 1091.56994366646 699.927490234375 811.178519248962 844.818000793457 879.125869750977
677.919193267822 621.188569068909 623.686717987061 661.239887237549 648.417625427246 587.358867645264 662.226665496826 599.66455078125 675.215400695801 884.200408935547 709.397764205933 730.012035369873 824.505294799805 736.956336975098 642.659566879272 826.048980712891 647.320065021515 491.993362426758 660.221957445145 706.74821472168 597.878311157227 634.418410301208 704.041339874268 703.706462860107 697.422500610352 670.980401992798 606.590682983398 626.794773101807 757.094425201416 709.754187107086 696.661094665527 493.221862792969 736.555145263672 681.261777877808 536.536102294922 565.752304077148 509.560623168945 642.963653564453 601.768127441406 676.826192855835 553.182144165039 819.54988861084 878.182197570801 726.158500671387 826.901127815247 696.218078613281 809.672677993774 625.800170898438 730.778900146484 592.980453491211
776.372764587402 587.453792572021 584.613296508789 558.783050537109 570.062423706055 541.827209472656 458.930404663086 612.605461120605 717.247299194336 620.475662231445 669.76997756958 709.090251922607 503.844573974609 721.191417694092 696.648558616638 549.268127441406 691.768829345703 511.41535949707 706.962898254395 657.34534072876 696.041168212891 714.215022087097 648.799392700195 759.433990478516 711.066013336182 738.287357330322 673.379208564758 718.195356369019 628.7685546875 691.406893730164 553.267135620117 642.163288116455 556.675773620605 658.46435546875 511.160827636719 688.406711578369 643.518898010254 676.759708404541 660.148036003113 775.77165222168 912.356948852539 685.39478302002 704.69457244873 1014.7020111084 787.336067199707 789.318935394287 846.914697647095 788.427894592285 786.05891418457 1034.77171325684
580.914180755615 608.174195766449 710.084678649902 549.423187255859 491.492050170898 560.072685241699 549.645248413086 502.676956176758 647.417346954346 647.016136169434 591.472640991211 515.143051147461 635.080930709839 627.208129882812 700.781171619892 667.40664100647 545.439720153809 640.210391998291 664.303540229797 753.213039398193 906.021606445312 636.903942108154 549.121154785156 670.531877756119 593.67497253418 671.86088848114 752.30445098877 485.925514221191 712.974462509155 470.43701171875 520.853118896484 601.506908416748 687.475978851318 715.327412605286 684.779540061951 687.832870483398 622.469612121582 621.596580505371 702.975387573242 728.643600463867 689.11430644989 1240.90049624443 1032.49371337891 779.634660720825 799.896373033524 599.411346435547 844.384401321411 792.542282104492 1141.30563354492 807.333374023438
640.832990646362 513.92456817627 672.447021484375 617.447835922241 611.979316711426 726.623596191406 712.462913513184 724.85147857666 642.240602493286 617.657836914062 668.654792785645 789.667240142822 649.966925621033 681.464031219482 613.091896057129 641.975454330444 692.166591644287 797.668106079102 623.260787963867 780.39330291748 851.951690673828 664.297916412354 672.164173126221 678.189459085464 748.251012802124 767.329677581787 703.311290740967 730.2734375 713.529342651367 687.939598798752 774.74813079834 623.648536682129 845.85237121582 564.561897277832 775.010612487793 691.476604938507 612.141330718994 528.096061706543 512.077026367188 711.286285400391 657.845300197601 825.313277304173 1145.96683502197 988.824512481689 1061.8801651001 784.274251461029 1090.8635635376 725.246047973633 700.320327758789 679.485855102539
704.634716033936 582.386566162109 641.330669403076 608.88533782959 521.033210754395 743.177452087402 654.691758155823 658.04557800293 771.770698547363 575.800846099854 716.569239616394 776.346900939941 742.355501174927 626.684198379517 723.434749603271 639.494179725647 658.319285392761 650.491142272949 841.697845458984 637.017707824707 694.279680728912 652.823108792305 699.114608764648 716.807624816895 648.619255065918 674.629161834717 509.715545654297 674.338288784027 685.492101669312 675.235843658447 653.938217163086 678.174152374268 697.997665405273 573.932739257812 741.24044418335 501.179611206055 582.015830993652 558.410675048828 434.071533203125 830.053750038147 678.360929489136 854.314765930176 824.111936569214 982.341918945312 597.559234619141 729.046646118164 1245.41470336914 783.723521232605 750.589307785034 806.352744102478
396.987670898438 738.40958404541 575.507511138916 620.456644058228 689.769268035889 647.164836883545 814.078643798828 761.389526367188 710.735210418701 608.22146987915 585.93380355835 859.529144287109 757.618293762207 800.514068603516 768.063873291016 595.125061035156 831.412811279297 665.345429420471 672.205572128296 767.497413635254 518.880706787109 734.722221374512 591.612358093262 685.853393554688 613.798675537109 722.19441986084 728.931938171387 731.3628282547 728.867752075195 677.063209533691 818.251708984375 639.750095367432 641.241268157959 706.661368846893 673.001533508301 522.992721557617 625.043537139893 605.262893676758 539.456695556641 689.241256713867 675.511182785034 817.961933135986 672.148700714111 772.596535682678 866.604106903076 667.176391601562 991.769577026367 658.229629516602 666.499221801758 864.323589324951
733.888404846191 470.411605834961 637.832125663757 760.765670776367 486.227142333984 607.639802932739 659.155477523804 664.829355239868 737.157279968262 679.801597595215 698.303123474121 670.770084381104 547.067054748535 621.662574768066 581.528202056885 552.163330078125 740.102584838867 675.112581253052 663.45710849762 642.710899353027 676.732699990273 626.325401306152 709.119983673096 654.049125671387 587.337692260742 768.816047668457 743.788173675537 585.043846130371 701.292310714722 701.749868392944 734.229976654053 688.311122894287 652.182941436768 689.471906661987 597.83113861084 734.322336196899 590.826713562012 508.26774597168 586.587432861328 740.210906982422 823.557476043701 842.123489379883 636.310348510742 726.596878051758 882.332221984863 538.304504394531 530.611923217773 696.659523010254 829.427116394043 967.023818969727
624.679026842117 604.791576385498 636.910743713379 456.755828857422 773.797622680664 542.754234313965 581.014892578125 669.637700080872 756.546272277832 614.32124710083 563.375053405762 559.505790710449 550.127723693848 671.331941604614 528.004524230957 532.758598327637 590.756191253662 595.627624511719 712.201736450195 739.959897994995 543.196319580078 599.292957305908 532.538101196289 698.915710449219 629.201976776123 601.468063354492 547.399215698242 705.425477981567 734.108781814575 591.955345153809 666.829746246338 782.481170654297 757.971321105957 713.557594299316 706.671115875244 393.297973632812 571.123245239258 661.98709487915 621.47917175293 809.109790802002 603.661437988281 1026.74214172363 640.705711364746 730.062469482422 1059.55669403076 754.326747894287 857.41130065918 651.646377563477 851.724502563477 725.598907470703
768.475593566895 647.340003967285 487.470718383789 665.104934692383 620.330841064453 878.351333618164 575.602893829346 763.545608520508 621.364704728127 609.900102615356 663.910697937012 612.128704071045 545.770317077637 814.13737487793 897.488502502441 653.974506378174 807.170245170593 690.431610107422 735.273281097412 680.564153671265 544.038772583008 773.743423461914 704.255400031805 1014.24069213867 502.566040039062 731.201608657837 653.302923202515 542.991149902344 605.981506347656 660.529342651367 586.351898193359 543.278457641602 587.571350097656 630.643829345703 701.249779224396 549.615692138672 556.865928649902 681.839559555054 519.858154296875 910.376141548157 773.899591445923 744.425186157227 601.536773681641 544.354797363281 719.94743347168 817.190811157227 596.079299926758 702.256973266602 567.144897460938 665.13493347168
774.108352661133 556.346977233887 608.996776580811 630.359762191772 610.085137367249 640.032972335815 610.154090881348 780.750244140625 700.737083435059 746.145950317383 590.300384521484 688.58483505249 612.20792388916 837.40181350708 594.051788330078 699.654720306396 766.053016662598 630.79701757431 587.857444763184 635.501075744629 561.406898498535 582.023338317871 675.056491851807 664.611307144165 703.58145904541 653.985069274902 818.327514648438 728.763668060303 709.569940567017 692.939670562744 440.685821533203 565.034103393555 668.789863586426 862.620834350586 758.000370025635 555.321365356445 595.059524536133 620.504198074341 620.607833862305 917.927108764648 1248.14968490601 446.322784423828 1063.62590789795 757.734058380127 608.611499786377 695.682800292969 672.709533691406 591.491058349609 618.817733764648 1041.26892089844
655.753350138664 654.159353733063 717.322734832764 661.076513290405 530.926872253418 511.546508789062 699.803657531738 676.169262886047 618.172866821289 633.419969558716 598.906059265137 670.776214599609 565.204330444336 509.436225891113 639.307305335999 748.927253723145 691.775039672852 834.231407165527 653.445364952087 623.743827819824 723.635953903198 697.068725585938 1248.29407501221 722.862442016602 670.40330696106 680.198310852051 652.866944313049 873.029083251953 636.233741760254 676.681224822998 641.55094909668 805.233009338379 599.295593261719 626.411743164062 660.872507095337 688.881252288818 702.697592735291 682.951807022095 703.579405784607 935.384902954102 715.328458786011 564.949310302734 711.830276489258 1438.14447021484 854.161972045898 1721.39821624756 680.373992919922 664.596473693848 954.206993103027 690.749267578125
888.213386535645 888.047004699707 988.082534790039 686.209655761719 587.982963562012 468.520080566406 565.236862182617 705.677787780762 537.337661743164 741.930808067322 652.057901382446 877.934913635254 752.214096069336 586.202987670898 663.052139282227 1217.08667755127 1034.03241348267 829.915710449219 762.417541503906 538.321723937988 714.900539398193 598.044582366943 570.77562713623 675.248954772949 753.947347640991 746.874008178711 604.495048522949 667.283667564392 782.96981048584 663.079216003418 660.145866394043 807.631469726562 695.395214080811 794.117137908936 683.031219482422 655.079181671143 699.248636245728 722.906957626343 720.163507461548 747.610977172852 583.833312988281 557.011505126953 567.665145874023 655.974914550781 812.226745605469 887.420989990234 669.031829833984 631.501449584961 616.13639831543 589.890411376953
