export/dem/dem97.asc
NCOLS 350
NROWS 171
XLLCORNER 152620
YLLCORNER 418050
CELLSIZE 100
NODATA_VALUE -9999
[rows 132 to 153 of 171, columns 250 to 299 of 350]
782.079787254333 931.227813720703 766.788327217102 797.973802566528 855.413764953613 704.863536834717 676.875534057617 713.303733825684 892.817962646484 963.487640380859 778.576648712158 830.382225036621 795.537189483643 838.238990783691 752.477258682251 751.14247751236 665.886054992676 789.249490737915 826.241498947144 722.998322486877 675.606506347656 730.088733673096 740.581745147705 682.691641032696 890.105972290039 761.228561401367 861.620269775391 711.676975250244 644.782737731934 649.174946784973 715.397018432617 654.390208244324 790.006729125977 734.462348937988 800.430419921875 815.942306518555 754.074768066406 707.863772392273 647.203872680664 928.515335083008 924.545574188232 1035.5997543335 958.369791030884 1060.51807403564 1007.35284137726 957.341808319092 868.835380554199 855.436157226562 858.292388916016 958.983070373535
815.66870880127 715.692352294922 711.179679870605 845.239099502563 706.16446685791 660.313758850098 682.006370544434 569.312850952148 821.380714416504 905.477920532227 738.143348693848 884.300338745117 613.67106628418 800.649757385254 713.242677688599 674.717872619629 606.822288513184 803.769248962402 994.060327291489 698.487663269043 700.723236083984 885.835174560547 722.15655708313 776.34684753418 679.23410987854 621.402412414551 728.238983154297 667.985180854797 510.300323486328 604.891487121582 473.885864257812 659.588111877441 638.418104171753 731.539436340332 707.881328582764 718.72998046875 744.841522216797 682.604763031006 693.909226417542 706.882926940918 531.594711303711 829.10958480835 832.082443237305 1047.50246429443 1066.20654773712 1005.93092918396 975.808715820312 780.408441543579 756.894775390625 821.208763122559
820.566728591919 778.211399078369 857.441139221191 691.900362968445 595.439979553223 557.607351303101 630.46252822876 711.237438201904 653.830795288086 691.647979736328 832.612731933594 745.51282119751 835.813255310059 766.006259918213 657.565551757812 657.080352783203 675.05744934082 853.815162658691 1057.55035400391 783.664408683777 753.739583015442 639.971321105957 656.103385925293 769.039051055908 752.847705841064 696.821752548218 679.58295917511 727.502403259277 682.469102859497 591.060066223145 708.476779937744 586.860633850098 820.459762573242 737.37223815918 640.3798828125 712.09045791626 787.341384887695 772.079643249512 625.880325317383 648.952903747559 629.242244720459 622.346050262451 626.410350799561 860.032253265381 857.487796783447 821.227462768555 873.279823303223 753.814073562622 661.677703857422 896.46843624115
790.311441421509 795.906356811523 650.787364959717 612.700340270996 709.19075012207 510.372024536133 783.644412994385 733.446376800537 760.300399780273 741.11474609375 815.904912948608 829.056100845337 761.88969373703 791.194671630859 679.593002319336 694.676071166992 786.274578094482 748.263432502747 711.827857971191 936.945007324219 782.540814161301 805.8984375 594.591865539551 722.201541900635 712.25260925293 492.383682250977 757.363479614258 599.390731811523 691.79528427124 682.516212463379 628.56351852417 619.696708679199 684.936777114868 607.435230255127 746.540534973145 878.625961303711 713.735107421875 749.792190551758 619.997901916504 590.849853515625 530.617401123047 578.702613830566 498.444366455078 827.18962097168 743.445510864258 896.908435106277 950.025276184082 844.190796375275 915.547889709473 810.784004211426
741.971346855164 592.317817687988 738.175033569336 574.55696105957 644.657267093658 874.091850280762 784.337615966797 633.421859741211 661.912979125977 766.685752868652 764.417062759399 792.149879455566 660.304856777191 700.461772918701 799.269329071045 681.06916809082 869.737594604492 696.559951782227 910.049591064453 828.890502929688 925.778190612793 751.586936950684 756.263095855713 607.986755371094 796.531677246094 638.746463775635 608.837173461914 666.614990234375 806.088180541992 683.370784759521 556.061386108398 753.718360900879 663.541557312012 634.587066650391 763.924476623535 706.818946838379 605.239936828613 585.923095703125 711.267332077026 554.215606689453 733.389095306396 565.126312255859 712.13597869873 589.202354431152 749.902462005615 928.157485961914 897.057262420654 928.67945098877 1002.08235168457 950.540583610535
630.667495727539 635.765319824219 674.720344543457 679.120132446289 746.385929107666 791.948717445135 626.457672119141 562.647201538086 469.344055175781 664.189765930176 555.140640258789 728.692399024963 805.202438354492 680.856155395508 798.801929473877 708.159515380859 555.622024536133 994.812118530273 815.504402160645 656.038564682007 649.952425003052 581.476654052734 816.474266052246 602.927108764648 608.309436798096 657.943125724792 644.312437057495 700.450218200684 782.185623168945 565.517387390137 771.894622802734 662.881690979004 647.478107452393 732.281524658203 698.115825653076 878.102020263672 715.943977355957 617.368911743164 597.497787475586 552.817672729492 733.50736618042 511.631530761719 580.568161010742 743.814131736755 601.102630615234 596.683258056641 841.070336341858 795.754467010498 942.50106048584 827.117120742798
656.275863647461 506.368881225586 623.755340576172 754.060331344604 647.635437011719 703.249504089355 705.215087890625 717.368453979492 664.998260498047 635.079818725586 704.914344787598 849.861907958984 908.568267822266 898.854034423828 867.22575378418 706.341524839401 645.290542602539 592.213958740234 624.105003356934 773.36344909668 723.68253993988 572.350982666016 739.699851036072 762.283073425293 678.531293869019 557.974090576172 613.533950805664 606.461898803711 670.98551940918 560.273254394531 786.631072998047 584.754669189453 700.868564605713 648.887985229492 599.934715270996 575.709144592285 714.2258644104 607.464981079102 795.335922241211 569.878936767578 588.00373840332 679.181571960449 625.664695739746 722.600876808167 753.372646331787 594.668769836426 736.274829864502 634.163452148438 744.672103881836 834.867149353027
817.294212341309 675.234169006348 643.651275634766 750.300437927246 712.512512207031 807.180809020996 828.628019332886 809.119396209717 603.692840576172 819.614011764526 899.39086151123 765.486375808716 917.210632324219 769.04735994339 995.552368164062 806.423770904541 634.618110656738 741.574081420898 650.958778381348 596.01139831543 735.734232902527 646.550003051758 798.087419509888 758.006532669067 847.00764465332 633.999694824219 559.986778259277 800.540336608887 705.953628540039 870.210342407227 709.277660369873 751.078489303589 493.286468505859 690.415315628052 603.014228820801 647.769456863403 598.795425415039 755.942180633545 465.028472900391 686.407405853271 784.575294494629 747.608869552612 738.221759796143 728.490191459656 813.800407409668 961.775848388672 713.703205108643 555.464904785156 907.919227600098 825.962845802307
823.54581451416 741.211284637451 715.17098236084 754.172393798828 632.535980224609 665.9443359375 847.892501831055 589.398941040039 733.077114105225 876.026031494141 810.653356552124 1009.98133850098 812.644557952881 731.724617004395 869.06640625 946.356475830078 761.268424987793 665.164047241211 651.617225646973 695.516296386719 778.870269775391 727.184766769409 613.070831298828 715.732036590576 725.055561065674 719.13903427124 959.420196533203 764.115999221802 583.556419372559 856.746551513672 698.864479064941 709.750370025635 780.792819976807 622.862815856934 649.761360168457 687.722936630249 699.220554351807 623.766700744629 618.312599182129 612.931060791016 680.555011749268 709.61798286438 670.252506256104 703.535625457764 695.192534446716 870.874267578125 781.812728881836 720.089092254639 789.751846313477 677.508163452148
829.681594848633 808.662937164307 697.320457458496 810.931512832642 728.958053588867 731.593078613281 952.778198242188 839.172730445862 806.731596946716 739.813152313232 841.025577545166 787.903775215149 801.439548015594 820.543154716492 792.674572944641 924.164932250977 826.384111404419 792.244121551514 828.347396850586 679.211112976074 670.080348968506 703.537984848022 703.210898399353 725.547987937927 746.427708625793 902.09602355957 781.254795074463 1001.75437927246 875.483528137207 766.030567169189 756.222185134888 823.149940490723 758.550201416016 734.063934326172 896.244842529297 671.45282459259 637.448570251465 694.034235477448 693.270511627197 771.194793701172 613.827819824219 761.656776428223 783.862648010254 797.275733947754 742.14063167572 794.368095397949 840.484077453613 704.759471893311 782.801223754883 731.528248786926
700.219497680664 688.156265258789 1040.29557037354 796.821823120117 841.532657623291 802.560552597046 681.621955871582 495.192825317383 800.867442131042 789.307229995728 836.067241668701 761.096488952637 876.845703125 789.549682617188 760.239524841309 776.74284362793 841.431413650513 892.526870727539 875.492385864258 789.222034454346 544.065689086914 836.821395874023 733.596755981445 758.989528656006 821.093040466309 686.376235961914 889.024314880371 869.890441894531 731.60920715332 910.694412231445 846.732055664062 641.177795410156 652.033214569092 777.667209625244 914.783386230469 641.301280975342 566.82731628418 642.020301818848 612.622688293457 767.002353668213 635.510154724121 793.478080749512 657.548698425293 755.406635284424 705.567779064178 858.637191772461 627.076324462891 739.699506998062 824.72957611084 804.711799621582
629.226184844971 666.349277496338 1026.32085800171 749.409927368164 801.462589263916 735.369513511658 785.608675003052 987.462881565094 878.98063659668 766.282196044922 722.623641967773 754.860940933228 810.136198043823 863.635683059692 927.679611206055 796.268085479736 862.006687164307 931.544784545898 860.779483795166 761.271313667297 796.991672515869 566.31713104248 633.696060180664 679.379196166992 720.21159362793 731.188301086426 786.597047805786 878.154197692871 891.209602355957 917.406723022461 766.749757766724 776.59334564209 757.020969390869 690.377420902252 704.994859695435 799.034629821777 703.50085067749 712.97235918045 810.330009460449 795.474128723145 737.598846435547 584.13159942627 605.994918823242 774.284496307373 759.357139587402 653.714080810547 732.969093322754 754.01798248291 666.559181213379 632.171951293945
545.814926147461 769.098106384277 625.667572021484 668.623008728027 730.358959197998 555.489334106445 745.24564743042 970.483680725098 669.218775272369 801.231134414673 966.8241147995 697.107406616211 905.196548461914 877.299928665161 912.524410247803 959.96849822998 979.349456787109 985.966979980469 736.175483703613 830.042372703552 701.264389038086 806.562995910645 744.365589857101 825.245998382568 753.508586883545 696.258274078369 700.719038963318 893.986671447754 823.616691589355 834.482635498047 817.785164833069 952.744216918945 845.004669189453 659.840751647949 620.523109436035 718.855448722839 815.808547973633 649.935813903809 742.430299520493 810.361228942871 616.494735717773 690.380437850952 579.353790283203 697.631546020508 734.065350532532 781.834228515625 667.89054107666 692.378673553467 689.097305297852 847.190826416016
-9999 -9999 -9999 844.651807785034 734.591812133789 781.278930664062 743.735330581665 728.000774383545 719.278526306152 781.30078125 770.717361450195 776.252743721008 860.912281036377 1099.62657165527 930.82201385498 883.212491989136 1033.23692321777 905.730730056763 854.479929924011 790.819103240967 914.76895904541 938.999130249023 704.395988464355 818.273090362549 707.473007202148 692.403960227966 762.403938293457 726.796712875366 709.152163505554 797.915558815002 814.628082275391 765.371976852417 839.250389099121 808.99243927002 756.553070068359 742.429376602173 770.215419769287 588.299362182617 860.514091491699 848.97518157959 762.475978851318 671.780311584473 651.253517150879 668.127861022949 721.553624153137 610.38695526123 663.084583282471 599.840896606445 676.709358215332 778.411471366882
-9999 -9999 -9999 -9999 -9999 -9999 847.383140563965 879.81894826889 694.082832336426 762.696055412292 712.153656005859 644.054605484009 821.740098953247 926.344520568848 795.745277404785 929.436225891113 909.924018859863 932.175804138184 917.992599487305 892.810818195343 951.965713500977 915.039501190186 971.645050048828 894.067617416382 917.43229675293 844.20166015625 806.211059570312 827.078308105469 779.807424545288 822.100986480713 763.107231140137 875.137664794922 694.218940734863 808.645969390869 710.531690597534 846.46728515625 907.273818969727 729.399032592773 865.680177688599 847.986633300781 779.045745849609 713.257511138916 524.082794189453 739.111627578735 608.429489135742 612.276359558105 733.829082489014 632.998794555664 662.78783416748 751.287029266357
-9999 -9999 -9999 -9999 -9999 -9999 -9999 -9999 -9999 946.122924804688 639.768539428711 738.845945358276 792.675003051758 809.795299530029 775.981133460999 769.84047460556 1125.231590271 854.7926902771 1121.79667663574 887.353345870972 971.684104919434 846.153038024902 926.794647216797 902.247203826904 1043.26025390625 867.776611328125 921.91828918457 835.157012939453 1015.54092407227 887.365657806396 883.539281845093 860.534385681152 538.223068237305 662.446472167969 615.150566101074 728.579162597656 758.706237792969 785.638145446777 660.286067962646 705.589176774025 600.84105682373 694.815746307373 581.210899353027 655.731307983398 739.904428243637 669.412231445312 671.931205749512 692.641513824463 552.210372924805 702.886276245117
-9999 -9999 -9999 -9999 -9999 -9999 -9999 -9999 -9999 -9999 -9999 892.590087890625 673.979316711426 858.30672454834 797.691032409668 626.108417510986 883.598655700684 1306.79498291016 834.487678527832 844.551406860352 935.326026916504 1022.02277374268 932.461196899414 865.760124206543 1102.72622680664 787.375316619873 990.215087890625 868.549419403076 855.221138000488 970.347326278687 899.257831573486 863.495887756348 768.202529907227 654.586463928223 936.155609130859 718.5573387146 691.09981918335 658.199766159058 788.073448181152 713.194190979004 673.335556030273 697.919942855835 741.908923149109 879.568756103516 825.49243927002 828.806777954102 589.655197143555 762.171871185303 820.233253479004 703.152141571045
-9999 -9999 -9999 -9999 -9999 -9999 -9999 -9999 -9999 -9999 -9999 -9999 844.399557113647 805.326030731201 719.350936889648 592.120002746582 709.455718994141 1495.377784729 1134.49392318726 1165.35018825531 1036.69807434082 1083.02886199951 1168.72329711914 1181.60214233398 797.572341918945 752.981699943542 871.143524169922 919.707321166992 785.465690612793 826.033393859863 739.56859588623 804.367498397827 762.123641967773 683.689559936523 721.845791339874 664.927043914795 709.88178062439 592.554763793945 710.042263031006 515.020751953125 754.391155481339 747.654873490334 751.592117786407 562.232849121094 731.983924865723 697.179531097412 690.359527587891 662.895690917969 724.438659667969 844.503074645996
-9999 -9999 -9999 -9999 -9999 -9999 -9999 -9999 -9999 -9999 -9999 -9999 974.617706298828 675.656837463379 749.975297927856 481.34895324707 627.359760284424 921.390907287598 828.774225234985 814.471809387207 781.588180541992 964.118087768555 791.16429901123 965.12956237793 801.37745475769 834.197456359863 1321.86071014404 755.563541412354 930.907189369202 994.186847686768 822.013217926025 863.591575622559 818.26130181551 721.246318817139 770.515701293945 791.325302124023 669.034851074219 756.216954112053 834.852516174316 701.152034759521 751.797964096069 669.917915344238 753.041076660156 640.955825805664 794.87629032135 785.518533289433 621.862533569336 772.914688110352 737.7158203125 815.207592010498
-9999 -9999 -9999 -9999 -9999 -9999 -9999 -9999 -9999 -9999 -9999 -9999 -9999 801.995643615723 701.294662475586 582.415328979492 700.557157516479 772.775890350342 845.858905792236 916.012649536133 869.173498153687 885.950178146362 824.418834686279 929.891212463379 894.774024963379 742.024208068848 922.882354736328 772.583824157715 835.291442871094 893.865520477295 1118.69290542603 644.189002990723 862.867527008057 728.765254974365 805.957736968994 949.25609588623 895.937210083008 1046.10133361816 769.865383148193 798.091248512268 840.628326416016 731.790176391602 811.017551422119 826.264175415039 731.650955200195 678.032623291016 840.994976043701 836.269878387451 768.590805053711 835.34228515625
-9999 -9999 -9999 -9999 -9999 -9999 -9999 -9999 -9999 -9999 -9999 -9999 -9999 -9999 779.393725395203 709.437892913818 914.153396606445 877.302680969238 965.870933532715 874.759500980377 960.687072753906 1083.75645446777 1050.58477783203 906.743110656738 750.644706726074 606.121185302734 708.375862121582 807.833141326904 681.168365478516 785.311944961548 757.631778717041 825.749092102051 648.282691955566 762.506323575974 823.659072875977 719.180381774902 868.731201171875 927.6689453125 946.144454956055 740.073249816895 858.108177185059 847.140405654907 881.618198394775 949.346504211426 772.551811218262 813.927855543792 794.946312069893 820.869482040405 801.158056974411 824.621417999268
-9999 -9999 -9999 -9999 -9999 -9999 -9999 -9999 -9999 -9999 -9999 -9999 -9999 -9999 866.811289310455 751.279844284058 710.845748901367 908.32698059082 717.947540283203 802.269409179688 1163.65805053711 998.178398132324 856.774794101715 823.51025390625 815.573524475098 850.219407081604 919.729412078857 1014.8981628418 865.342538833618 658.650115966797 778.740586280823 701.50756072998 1160.94379425049 769.684539794922 677.013290405273 834.653518676758 687.860862731934 930.294189453125 894.522560119629 887.745010375977 837.303537368774 740.970878601074 783.073974609375 694.603988647461 941.180381774902 795.442855834961 765.246681213379 807.777473449707 874.120330810547 802.07866859436
