export/dem/dem94.asc
NCOLS 350
NROWS 171
XLLCORNER 152620
YLLCORNER 418050
CELLSIZE 100
NODATA_VALUE -9999
[rows 22 to 43 of 171, columns 50 to 99 of 350]
-9999 -9999 -9999 -9999 -9999 -9999 -9999 -9999 -9999 438.289047241211 646.462782382965 446.512542724609 592.121391296387 687.012719154358 415.341396331787 397.326126098633 369.219627380371 515.452507019043 681.778001785278 718.771373748779 735.72338104248 697.489730834961 723.436767578125 811.372680664062 921.984634399414 758.494415283203 590.74853515625 675.314903259277 759.457557678223 577.164138793945 705.258010864258 607.060794830322 730.306358337402 649.092041015625 568.229667663574 618.994874954224 391.09538269043 330.999267578125 545.518600463867 589.456207275391 620.842208862305 591.957778930664 1046.39126968384 665.91788482666 516.086944580078 605.189204216003 568.918907165527 627.441421508789 450.355155944824 1480.42606735229
-9999 -9999 -9999 -9999 -9999 -9999 -9999 -9999 700.426788330078 518.591552734375 519.407073974609 528.586395263672 460.133178710938 367.426803588867 393.666778564453 519.026348114014 555.539356231689 641.445283174515 499.191970825195 586.571937561035 771.470024108887 812.880725860596 659.179824829102 809.368255615234 709.951577663422 663.469974517822 534.8405418396 501.745307922363 567.384937286377 499.983291625977 642.03059387207 526.405723929405 619.144412994385 564.665816307068 448.319389343262 660.167633056641 472.987449645996 1010.02766799927 743.259586334229 1147.73453903198 899.092002868652 599.675019741058 571.296191215515 477.52751159668 472.942359924316 529.73762512207 478.566619873047 491.295883178711 577.445795536041 1142.17933654785
-9999 -9999 -9999 -9999 -9999 -9999 -9999 954.140335083008 825.630500793457 623.356201171875 597.218280792236 567.535926818848 461.295690536499 375.569156646729 422.719833374023 689.826416015625 630.735653400421 625.119121074677 570.684844970703 602.727687835693 674.777194023132 630.646306991577 636.963748931885 796.921432495117 703.180526733398 610.411447525024 652.136772155762 643.453109741211 455.927452087402 1137.98763656616 628.976707458496 698.72338104248 758.481899261475 649.764526367188 690.684211730957 698.348940372467 538.031761169434 641.552490234375 632.216760635376 516.068473815918 599.463572025299 411.767761230469 610.246002197266 547.51538848877 483.419578552246 480.633773803711 546.718414306641 402.525009155273 447.529914855957 1018.13545608521
-9999 -9999 -9999 -9999 -9999 -9999 651.219787597656 685.321838378906 842.240509033203 855.45906829834 633.402884155512 511.967239379883 212.677490234375 435.175720214844 401.611968994141 662.008085250854 524.254608154297 555.892250061035 569.363216876984 588.003662109375 637.937992095947 716.847053527832 461.963043212891 511.368263244629 567.833417892456 704.625152587891 450.30150604248 1207.15425491333 731.020252227783 838.383079528809 546.262802124023 693.668289661407 666.217666625977 792.07780456543 672.123414993286 631.015037536621 621.675249099731 733.127075195312 645.6708984375 520.458145141602 462.788543701172 512.888725280762 418.950386047363 578.794221878052 563.008613586426 503.898857116699 590.548231124878 422.41096496582 412.047332763672 672.673690795898
-9999 -9999 -9999 -9999 -9999 552.640014648438 400.052368164062 329.244491577148 371.352554321289 667.89063835144 604.805833816528 384.273498535156 687.366065979004 407.613632202148 541.922691345215 549.793106079102 493.97184753418 591.206485748291 557.803412437439 559.137810707092 690.35306429863 547.223423957825 686.91593170166 359.691070556641 636.03938293457 755.871292114258 671.451713562012 835.831563949585 972.41388130188 641.469276428223 738.891567230225 674.23601770401 580.021499633789 499.351257324219 725.425594329834 684.659744262695 523.248023986816 597.878429412842 360.275177001953 623.87996673584 473.546669006348 570.698776721954 668.766273498535 587.365899085999 515.436405181885 504.895338058472 496.055030822754 473.010795593262 547.400489807129 556.727005004883
-9999 -9999 -9999 -9999 456.882789611816 349.430908203125 227.671356201172 383.199508666992 398.785659790039 525.478080749512 630.675092935562 590.792083740234 529.541664123535 656.221168518066 550.807147979736 519.55632019043 344.636428833008 527.816883087158 469.830581665039 575.373622894287 490.034812927246 629.713836669922 640.420791625977 1006.51299858093 948.434620857239 723.240043640137 557.198440551758 868.933303833008 715.11354637146 645.737480163574 687.079322814941 615.377632141113 561.136520385742 573.037742614746 622.426908493042 682.19075012207 717.457054138184 686.033638000488 542.242136001587 455.372009277344 602.746612548828 483.316528320312 571.452970504761 550.965587615967 586.555919647217 598.757633209229 374.368881225586 475.860122680664 371.836822509766 619.224529266357
-9999 -9999 -9999 1042.96006774902 411.703765869141 411.880187988281 431.318618774414 540.283054351807 530.413063049316 569.297515869141 685.300819396973 555.510040283203 504.907363891602 521.40869140625 736.432317733765 512.031829833984 723.477642059326 610.802122592926 495.91520690918 477.432586669922 457.417045593262 594.21070098877 683.882186889648 599.626443862915 530.410163879395 675.662097930908 680.331420898438 599.142133712769 528.017307281494 485.644145965576 423.847091674805 545.963655471802 506.24528503418 619.837472915649 562.530649185181 539.135963439941 630.241214752197 572.489946365356 622.460245132446 458.474281311035 390.629592895508 446.197685241699 464.532855987549 483.815174102783 367.000228881836 500.309684753418 414.418472290039 362.259506225586 348.583984375 535.304595947266
-9999 -9999 545.943740844727 995.616775512695 273.198974609375 303.007949829102 337.773498535156 415.991539001465 465.287139892578 921.055114746094 739.158752441406 683.35050201416 507.803558349609 758.423840522766 672.478214263916 598.821190834045 783.246162414551 649.045101165771 924.786861419678 537.613464355469 1126.05270385742 503.167068481445 609.177242279053 538.059148788452 631.034210205078 576.997428894043 372.96851348877 694.898979187012 453.153778076172 493.017852783203 449.968208312988 450.360900878906 490.856674194336 707.461364746094 544.918280601501 443.020988464355 591.238552093506 521.681234359741 653.561492919922 492.766026496887 514.006086349487 392.669570922852 374.320281982422 313.782455444336 483.360883712769 568.990390777588 525.201354026794 485.242965698242 451.748519897461 773.489120483398
-9999 -9999 659.77205657959 917.490768432617 848.351501464844 348.32999420166 386.328384399414 375.695907592773 591.130748748779 573.617172241211 561.669281005859 490.333057403564 653.231292724609 749.893043518066 816.734413146973 708.479923248291 726.02628326416 608.937118530273 933.282516479492 678.728103637695 551.569717407227 606.479694366455 375.681884765625 649.722702026367 462.306017667055 475.07049369812 519.021728515625 596.791580200195 579.381256103516 389.385177612305 510.805110931396 474.190859794617 368.570892333984 553.347679138184 452.611356735229 522.323997497559 534.095859527588 627.992042541504 539.177403450012 469.337594032288 506.710012435913 541.692486286163 555.773559570312 586.776657104492 388.861404418945 632.583053588867 546.135311126709 424.072204589844 424.751358032227 663.76969909668
-9999 665.532691955566 633.805488586426 677.908599853516 572.392208099365 514.527076721191 421.96369934082 593.105003356934 494.880935668945 589.725612640381 551.762115478516 482.770233154297 735.929145812988 803.220153808594 742.42903137207 640.966822624207 596.448356628418 555.819995880127 541.7554936409 495.196361541748 514.426866531372 403.743194580078 423.334007263184 370.966377258301 452.731036663055 374.296180725098 441.373422622681 510.145957946777 470.775928497314 428.426380157471 463.582325935364 580.031127929688 527.89478302002 355.97045135498 467.929225921631 479.10488319397 455.674910068512 451.620492935181 501.852067947388 498.276222229004 507.676745414734 632.065002441406 708.590179443359 607.197807312012 479.87572479248 535.251339912415 454.109935760498 529.005125045776 324.111251831055 516.449975967407
541.391624450684 598.138000488281 620.378351986408 673.165885925293 463.513854980469 559.984350204468 446.735595703125 588.453201293945 512.885787963867 367.265899658203 613.424276351929 555.255706787109 614.670593261719 599.772605895996 686.617343902588 603.339960098267 667.5341796875 511.582848072052 532.060161590576 451.876899719238 534.675201416016 574.093399047852 435.948038101196 585.627487182617 346.562469482422 421.684101104736 483.033961296082 364.333366394043 449.896633148193 485.1946144104 481.129199624062 496.320415496826 470.757012367249 557.93628692627 356.192749023438 388.622116088867 373.42977142334 482.793350219727 444.969985961914 431.204214096069 516.862762451172 580.299694061279 521.428657531738 617.57861328125 485.651662826538 653.002052307129 496.88890838623 590.398597717285 592.295288085938 419.470108032227
481.079727172852 557.443762779236 508.151466369629 718.008842468262 528.56657409668 497.187942504883 522.980499267578 487.574859619141 536.574287414551 461.669540405273 610.01676940918 449.481399536133 610.380655288696 437.553674697876 599.070392608643 415.615943908691 568.022106170654 550.398433685303 489.244386672974 511.973501205444 657.197967529297 554.749282836914 332.262016296387 413.489208221436 619.569671630859 354.787048339844 553.406532287598 487.643154144287 349.050674438477 403.2099609375 384.272785186768 492.431720733643 545.368942260742 303.51220703125 413.785400390625 473.189520835876 381.681983947754 518.411346435547 589.661415100098 485.609954833984 546.278678894043 510.768224716187 409.304412841797 648.070175170898 610.462577819824 378.301986694336 549.941970825195 530.195789337158 267.884536743164 385.801658630371
585.234016418457 458.558605194092 483.67831993103 616.322406768799 625.541084289551 552.802375793457 611.12483215332 480.802684783936 631.525016784668 618.245750427246 514.033508300781 513.019790649414 483.799852609634 510.418479919434 441.238037109375 600.763095855713 405.323745727539 403.837249755859 453.096084594727 488.427596092224 521.085296630859 527.947288513184 370.406211853027 292.120422363281 546.924812316895 467.024061203003 451.031759262085 390.558753967285 321.039184570312 378.061058044434 398.023433685303 417.800868988037 383.782424926758 509.460350036621 360.082901000977 464.075866699219 514.183280944824 451.163475036621 463.700660705566 443.566819190979 586.777565002441 641.62703704834 503.882480621338 589.937057495117 538.80574798584 566.612609863281 368.096717834473 391.547950744629 647.177215576172 366.652931213379
432.122138977051 412.834190368652 468.091682434082 585.628303527832 515.02695941925 596.297326564789 379.358703613281 853.649107933044 549.644653320312 443.775619506836 446.204895019531 329.300369262695 532.76575088501 474.005168914795 409.098556518555 344.096298217773 272.777053833008 455.191276550293 556.22859954834 469.386737823486 381.028442382812 323.57470703125 431.387512207031 505.295761108398 483.981887817383 433.078689098358 490.144319221377 441.258983612061 403.175834655762 504.210845947266 403.631675720215 452.931740760803 544.086524963379 469.336359024048 524.349544525146 408.769542694092 486.019207000732 444.783489227295 452.857403337955 490.794567108154 501.901512145996 510.49887752533 448.586297988892 362.714447021484 477.024346351624 677.890258789062 482.066926956177 520.567481994629 498.667583465576 462.916646957397
659.182201385498 554.252265930176 336.802154541016 519.702575683594 679.861106872559 582.978750705719 594.153823852539 648.836524963379 595.731750488281 748.666515350342 381.835285186768 479.03938293457 513.467889785767 380.253372192383 469.878406524658 439.510231018066 344.038208007812 452.867530822754 359.570938110352 384.94319152832 430.665746688843 382.410083770752 504.314182281494 435.619322776794 500.959144592285 383.524318695068 411.522733688354 318.534942626953 347.977447509766 306.466094970703 436.381654262543 470.258865356445 518.771118164062 489.478729248047 551.925132751465 401.152908325195 408.961311340332 341.487419128418 372.209541320801 522.483062744141 406.37829208374 228.543899536133 326.410171508789 394.183479309082 549.145584106445 496.523097991943 452.10917699337 452.505163192749 524.59001159668 430.748073577881
668.574363708496 512.211821079254 377.735107421875 633.546241760254 671.434681892395 611.083366394043 542.475048065186 561.517936706543 558.897201538086 818.103454589844 299.791961669922 620.793113708496 542.210610613227 497.639049530029 447.533157348633 423.886283874512 372.416687011719 382.592056274414 425.482252120972 311.800567626953 464.98691368103 511.867858886719 352.113655090332 415.675464630127 469.389049530029 337.084983825684 525.35636138916 481.535329818726 497.239318847656 347.213790893555 385.326843261719 450.86474609375 274.040069580078 440.67252779007 510.085144042969 534.218139648438 405.172908782959 545.425216674805 400.61897277832 446.772332310677 435.727954864502 339.656364440918 435.130927085876 425.828300476074 433.899919509888 441.528642654419 368.199607849121 639.245864868164 676.230239868164 532.243293762207
626.16215133667 382.288955688477 560.620121002197 611.710540771484 583.132518768311 369.936210632324 578.884208679199 1024.5930480957 1023.12681770325 1137.92254114151 515.27311706543 532.95072221756 392.710083007812 428.052719116211 567.366878509521 546.010452270508 350.402839660645 422.535629272461 362.830059051514 477.103760719299 460.824239730835 293.263305664062 591.87028503418 541.500595092773 411.022413253784 394.233797073364 365.385269165039 308.462257385254 507.78475189209 502.15087890625 465.90567779541 368.517349243164 490.884696960449 354.668083190918 473.699851989746 403.276515960693 319.172927856445 508.334594726562 386.845794677734 496.063678741455 505.54341506958 397.641944885254 374.037780761719 415.962055206299 217.929641723633 643.367034912109 431.612533569336 507.951595306396 457.26492357254 527.788871765137
360.230880737305 516.855976104736 572.17814540863 667.884201049805 262.55989074707 475.397773742676 419.200355291367 638.771587371826 489.958915710449 632.138664245605 422.53490447998 568.75518321991 447.092456817627 505.51940536499 471.105791091919 448.323825836182 435.018802642822 253.890594482422 433.253328323364 544.380187988281 404.780838012695 629.168548583984 417.223503112793 420.23513507843 358.927764892578 594.549194335938 466.249443054199 417.721689224243 521.675048828125 417.269025802612 363.839088439941 327.999618530273 418.230657577515 496.760070800781 524.046310424805 477.640365600586 443.381480693817 499.094547271729 480.284259796143 584.910522460938 468.453696250916 542.976356983185 409.029933929443 390.314056396484 432.438550949097 367.92748260498 450.355010032654 508.46159362793 389.85710144043 356.899047851562
365.193298339844 735.996963500977 923.208755493164 482.402587890625 748.61682510376 475.449638366699 498.717734336853 710.758766174316 461.778251647949 506.45263671875 494.864097595215 649.551483154297 485.553276062012 528.002147674561 433.446495056152 486.344828724861 524.046855926514 461.874279975891 499.019577026367 409.208381652832 432.835113525391 310.194549560547 417.373921394348 387.917823791504 454.680375099182 395.138126373291 463.006748199463 429.314920902252 395.926849365234 353.160095214844 270.600723266602 464.212455749512 419.038343429565 578.037139892578 456.704301834106 569.632141113281 500.087821960449 551.051734924316 481.353397369385 295.16828918457 369.107040405273 466.877696037292 428.127586364746 450.965240478516 380.699981689453 506.658050537109 560.223098754883 464.57744884491 470.961923599243 451.418518066406
461.523918151855 612.211381912231 652.417714595795 621.981895446777 766.890258789062 441.936546325684 506.122709274292 706.780548095703 762.403662204742 1261.35962677002 604.08606338501 452.19123840332 556.545091629028 431.913261413574 429.588165283203 516.540584564209 513.844940185547 457.22837305069 505.832996368408 437.856369972229 402.278663635254 461.125398635864 529.787620544434 606.813232421875 498.51042175293 629.961486816406 406.005751132965 410.924697875977 590.876647949219 489.265106201172 395.401714324951 453.857574462891 508.55647277832 386.252624511719 340.670471191406 493.127403259277 583.192657470703 492.140632629395 552.475776672363 500.565971374512 487.002098083496 614.339721679688 413.338256835938 360.931777954102 351.300987243652 305.321533203125 452.618122190237 477.024402618408 415.207410812378 429.266307830811
880.067253112793 996.483665466309 959.409484863281 859.504554748535 588.016845703125 604.982627868652 620.107833862305 594.668150901794 774.581298828125 532.209426879883 654.73494720459 667.460494995117 571.027519226074 541.99028301239 531.174243927002 594.485801696777 484.465515136719 390.118118286133 525.526008605957 455.206542491913 579.514694213867 597.498611450195 576.667755126953 557.337753295898 496.651847839355 531.992820739746 552.82373046875 332.973197937012 441.023936271667 493.957206726074 406.892948150635 535.39624786377 277.609634399414 397.213515281677 419.16410779953 381.971759796143 491.044723510742 378.991905212402 378.232154846191 489.253471374512 528.404930114746 393.089553833008 473.60474395752 311.327178955078 411.938053131104 240.144454956055 465.588872909546 352.004333496094 564.559555053711 449.422187805176
668.190231323242 1012.63145446777 882.180557250977 860.341674804688 419.059392929077 566.203704833984 568.199565887451 713.595245361328 630.749977111816 679.046630859375 705.55248260498 622.195808410645 475.48740196228 511.098262786865 611.283920288086 481.557883739471 378.846969604492 565.506698608398 519.355728149414 333.319641113281 444.024568915367 541.415573120117 453.186874389648 384.121784210205 533.176605224609 380.420230865479 420.830859661102 508.176338195801 426.771977424622 358.688407897949 330.556465148926 404.121368408203 365.609161376953 496.362957000732 503.241287231445 573.484649658203 421.98118019104 490.927215576172 439.488574564457 495.269535064697 466.435485839844 646.073028564453 404.010284423828 353.279296875 307.855201721191 455.605579376221 350.063995361328 378.402465820312 566.727676391602 468.062799453735
