export/dem/dem96.asc
NCOLS 350
NROWS 171
XLLCORNER 152620
YLLCORNER 418050
CELLSIZE 100
NODATA_VALUE -9999
[rows 132 to 153 of 171, columns 300 to 349 of 350]
1043.35344696045 878.280994415283 1633.90637588501 1258.39618682861 929.388936042786 1180.9289855957 1463.72172546387 1604.06887817383 1360.88717651367 1599.97918701172 1567.66796875 1409.4786529541 1104.63747215271 1398.72952818871 1347.9299621582 1001.73022341728 1157.79908752441 1091.77124023438 992.504791259766 1041.15768432617 850.603875160217 778.56014251709 723.65592956543 914.685157775879 779.568145751953 852.899574279785 814.707790374756 937.877319335938 1007.97645568848 875.281414031982 956.039222717285 835.920978546143 893.935174226761 949.084617614746 -9999 -9999 -9999 -9999 -9999 -9999 -9999 -9999 -9999 -9999 -9999 -9999 -9999 -9999 -9999 -9999
823.62610912323 973.680572509766 1012.34622192383 1186.10762023926 1013.67026543617 937.041778564453 1391.24752807617 1855.09060668945 1360.15751647949 1415.07183837891 1230.68103027344 1355.71671295166 1196.54782104492 1137.65106391907 1519.17092514038 1830.02697372437 1449.37823104858 2132.27418518066 1733.06021118164 1527.36224365234 1653.52806091309 917.23583984375 901.909763336182 855.464220046997 784.481239318848 683.330795288086 971.711700439453 1008.32361602783 923.612887859344 999.025093078613 863.448616027832 985.890487670898 846.568958282471 875.713489532471 -9999 -9999 -9999 -9999 -9999 -9999 -9999 -9999 -9999 -9999 -9999 -9999 -9999 -9999 -9999 -9999
763.33869934082 676.63712310791 981.142318725586 1039.56858062744 1142.95048522949 1134.36790466309 1454.96008300781 1645.28701782227 1423.7600402832 1373.04348754883 1262.13566589355 1377.73176574707 1306.96156311035 1048.32557296753 1341.83992767334 1455.890625 1104.55821609497 1350.87509155273 1226.86599731445 1248.40551757812 1099.2068707943 1160.4356918335 701.224273681641 754.277740478516 974.018898010254 825.181039810181 1014.7509765625 860.894449234009 813.750335693359 765.019073486328 790.818855285645 764.897331237793 969.823154449463 813.565719604492 844.358554840088 -9999 -9999 -9999 -9999 -9999 -9999 -9999 -9999 -9999 -9999 -9999 -9999 -9999 -9999 -9999
782.072103500366 715.342012405396 994.800268173218 1379.17559814453 1036.38357543945 1148.64311218262 1157.5950012207 1756.1549987793 1710.32510375977 1358.17031860352 1171.16242980957 1451.84552764893 1150.08699798584 1152.89051818848 1335.72543334961 1812.25611209869 1502.28643798828 1071.31541442871 1164.58518981934 1042.17799377441 1032.79337310791 1061.78283309937 1213.04150009155 1000.118293643 882.977263867855 829.39262008667 648.358383178711 851.699133872986 778.415390014648 949.60803604126 909.647211074829 885.32315826416 1092.09575653076 933.623741149902 970.577690124512 849.724143981934 -9999 -9999 -9999 -9999 -9999 -9999 -9999 -9999 -9999 -9999 -9999 -9999 -9999 -9999
745.832105636597 876.240443229675 872.089809417725 1090.69509887695 1062.7769317627 1297.68409729004 1207.98301696777 1263.02236938477 1332.88662719727 1156.51293945312 1289.85861206055 1136.25566101074 1399.50812149048 1771.81675720215 1175.80083656311 1204.93888092041 1130.80170440674 1272.38868713379 989.035800933838 1165.10981750488 974.581260681152 872.540908813477 942.97350692749 1237.66354370117 923.017417907715 1055.50680541992 1037.80648803711 792.748043060303 821.213317871094 992.238899230957 1086.6732635498 1709.88920593262 872.879926204681 791.428993225098 977.081314086914 849.133018493652 -9999 -9999 -9999 -9999 -9999 -9999 -9999 -9999 -9999 -9999 -9999 -9999 -9999 -9999
895.705310821533 1008.00301361084 1012.83623504639 911.400156021118 837.42006111145 1211.54644775391 1168.53355407715 1184.16033935547 1161.78547668457 1174.15235137939 951.521764755249 1146.58229064941 1363.5295791626 1516.33251953125 1480.74964904785 1085.04417419434 1182.43518829346 977.089328765869 1132.26473999023 999.999156951904 913.831798553467 879.792676925659 810.485366821289 978.093095779419 960.022171020508 1172.39733123779 1655.03324508667 890.737405776978 846.569738388062 953.974411010742 1426.62782287598 958.362575531006 845.811954498291 947.23127746582 828.581970214844 842.745581388474 909.083724975586 -9999 -9999 -9999 -9999 -9999 -9999 -9999 -9999 -9999 -9999 -9999 -9999 -9999
745.297775268555 835.29517364502 1102.22789001465 944.560005187988 903.574661254883 1116.25651550293 1239.4599609375 1077.03735351562 967.631458282471 1220.87626647949 997.164457663894 949.191631123424 1100.39553833008 1634.1392364502 1384.14657306671 1331.18914031982 1074.90167617798 910.566635131836 839.787460327148 1063.08343505859 995.745399475098 847.23698425293 977.762575149536 976.877956390381 1066.59482574463 863.911468505859 992.811828613281 980.641111373901 1089.00732421875 1378.2036895752 1134.93293380737 1069.96653747559 739.230041503906 802.355781555176 1029.07426452637 893.005884170532 733.653858184814 -9999 -9999 -9999 -9999 -9999 -9999 -9999 -9999 -9999 -9999 -9999 -9999 -9999
854.58716583252 858.723187565804 1027.61173248291 875.942291259766 906.461631774902 1252.01094055176 1173.60594177246 1072.66011810303 1009.05696868896 1043.6908454895 1039.93642425537 1022.30842208862 929.96199798584 1014.26404571533 1793.93852233887 1931.06130981445 934.581545829773 1221.95729064941 1080.56507110596 1126.38536071777 1032.2452545166 1205.96098327637 887.593719482422 842.381355285645 1050.83263397217 980.102045059204 1034.37215423584 926.468948364258 1098.93004608154 1183.57008457184 941.384048461914 950.927711248398 951.4690990448 980.520042419434 881.531902313232 823.005744934082 910.429159164429 864.331844329834 -9999 -9999 -9999 -9999 -9999 -9999 -9999 -9999 -9999 -9999 -9999 -9999
917.368827819824 970.625122070312 869.362031936646 892.813430786133 928.039775848389 1112.25046539307 968.178194999695 1129.31530761719 964.811782836914 1015.30589199066 1102.63070678711 945.25968170166 1035.86404037476 947.47721862793 1400.03739929199 1581.46418762207 1153.42000579834 1042.84343338013 1045.67863464355 1141.15963745117 1110.65223693848 904.034459590912 945.64465713501 925.144952774048 985.47737121582 925.849166870117 1028.13220596313 926.481666564941 983.970321655273 981.464477539062 1285.35546112061 1018.48385620117 1017.19382381439 828.426788330078 748.344909667969 895.974683761597 960.710968017578 896.546182632446 -9999 -9999 -9999 -9999 -9999 -9999 -9999 -9999 -9999 -9999 -9999 -9999
811.468132019043 737.234035491943 890.187702178955 994.570220947266 976.211410522461 945.258466720581 971.757953643799 733.877571105957 1097.63117980957 866.453644275665 978.644155502319 1131.54081726074 1025.48463726044 1171.05541992188 1289.07256317139 1476.26085281372 1206.82662963867 986.20726776123 1264.49548339844 1100.11282348633 1100.97856903076 910.009958267212 1017.02754974365 1025.60511016846 994.923198699951 935.267015457153 920.781309127808 941.866455078125 806.607475280762 1034.20397949219 1146.85503387451 969.791282653809 827.839782714844 945.945083618164 887.574615478516 1026.22653961182 753.227249145508 1023.518409729 940.985244750977 -9999 -9999 -9999 -9999 -9999 -9999 -9999 -9999 -9999 -9999 -9999
644.417572021484 753.262481689453 692.437942504883 978.154640197754 1164.87306213379 1066.40351676941 1141.84333992004 1079.27556037903 993.983421325684 1054.68775081635 1002.70552062988 1068.74713134766 1093.22835540771 1188.81726074219 1445.0677947998 1173.26988983154 1081.26278305054 1117.75830078125 1062.55289840698 1199.15224456787 1365.77465057373 1094.73056221008 1418.11834716797 1048.40321540833 947.923272132874 1166.38340759277 954.108097076416 1140.25814056396 1055.92681884766 1109.92628479004 1157.37700462341 1079.60124206543 888.660339355469 845.568267822266 959.507717132568 1037.88417816162 806.167953491211 901.620162963867 912.894538879395 -9999 -9999 -9999 -9999 -9999 -9999 -9999 -9999 -9999 -9999 -9999
654.874145507812 845.69571685791 817.763725280762 782.81867980957 956.899345397949 1048.40727233887 934.559555053711 1085.23691558838 895.493621826172 907.635391235352 961.46989440918 1091.18724060059 1026.23130607605 1078.3425655365 1118.29682350159 1403.97757720947 979.518447875977 1145.48965454102 1063.84178924561 1171.47090148926 1099.62140274048 1084.23719787598 1139.795545578 1388.16484069824 1207.69578552246 1104.64218139648 1064.84568214417 1022.23231124878 988.646286010742 938.442672729492 996.654460906982 1207.83837127686 980.653018951416 794.65941619873 1000.40845108032 1002.36261987686 742.443832397461 987.448123931885 929.525321960449 -9999 -9999 -9999 -9999 -9999 -9999 -9999 -9999 -9999 -9999 -9999
710.681686103344 690.582347154617 791.847110748291 581.073379516602 735.883073806763 949.543823242188 792.261751174927 753.612632751465 784.186826229095 789.311328887939 695.352058410645 774.968641281128 858.277801513672 1087.35922241211 1082.82672119141 1019.15953063965 1624.18137359619 966.974555969238 1015.15594863892 1051.38654327393 1185.09628295898 860.145217895508 1081.63404083252 1359.05027914047 1047.85200500488 1096.18352508545 1443.37043762207 1015.11262893677 877.251403808594 974.695682525635 1006.43927764893 976.927688598633 886.913570404053 820.368934631348 957.555046081543 1012.08459472656 877.666397094727 813.983032226562 956.086845397949 943.689441680908 -9999 -9999 -9999 -9999 -9999 -9999 -9999 -9999 -9999 -9999
856.281112670898 731.364719390869 798.689270019531 600.983062744141 689.765739440918 808.998958587646 906.335647583008 861.116729736328 661.651275634766 930.263832092285 746.026973724365 761.387157440186 725.481624603271 899.984069824219 1176.63610839844 902.880661010742 1048.15419387817 1165.87350463867 1557.69716644287 1065.29319763184 1112.79898071289 1085.64904022217 859.576293945312 984.797882080078 1631.22001647949 1541.38386535645 1031.08246994019 1189.84335327148 935.90601348877 918.015731811523 980.67985534668 947.766075134277 679.892150878906 913.340309619904 975.874717712402 713.249084472656 861.376091003418 950.542205810547 1017.07015991211 877.67195892334 -9999 -9999 -9999 -9999 -9999 -9999 -9999 -9999 -9999 -9999
821.803581237793 629.703514099121 624.000343322754 695.98267364502 634.403747558594 876.861976623535 1001.61793518066 895.433303833008 1025.6641960144 786.611717224121 959.141998291016 737.079299926758 681.655853271484 1026.80400085449 987.642456054688 995.943096160889 1027.38903808594 984.845429420471 1115.73714447021 1189.26976013184 1156.00660705566 996.610870361328 1085.08913421631 952.267471313477 935.319671630859 1403.71306610107 962.519744873047 938.072456359863 1020.57559585571 768.310195922852 996.827434539795 990.257659912109 858.346599578857 1194.6322555542 996.655025482178 936.313549041748 938.485008239746 955.969563007355 766.816207885742 1025.15073394775 -9999 -9999 -9999 -9999 -9999 -9999 -9999 -9999 -9999 -9999
945.444915771484 773.145873308182 790.477184295654 735.907385826111 754.443137168884 757.086265563965 850.133911132812 857.18879699707 858.823913574219 910.767387390137 1026.17623138428 733.241607666016 722.393295288086 728.822412490845 744.84920501709 897.98462677002 1071.98135375977 1018.05002593994 1062.52556991577 1217.26485443115 1059.30674743652 1035.11994934082 1070.7261505127 1224.63664245605 1006.03551864624 976.422382354736 973.027626037598 1247.09635353088 988.482877731323 1060.17123985291 830.501205444336 936.397424697876 891.200115203857 949.252285003662 930.858860015869 947.756353378296 967.269765853882 853.190635681152 817.489303588867 744.879928588867 877.909898757935 -9999 -9999 -9999 -9999 -9999 -9999 -9999 -9999 -9999
720.566032409668 931.382751464844 725.00464630127 718.981748580933 732.530931711197 759.063253879547 808.909473419189 875.007392883301 956.111190795898 802.887317657471 712.881622314453 847.360488891602 931.938545227051 979.555267333984 773.136202812195 932.065567016602 983.888519287109 921.29044342041 830.80322265625 1165.32986450195 1190.25323486328 1219.34536743164 1081.18719291687 1104.85565376282 842.223663330078 1083.57250404358 1047.53053283691 1149.61347961426 995.154449462891 791.002922058105 811.07169342041 896.045836448669 878.250164031982 1077.06687927246 971.89519405365 885.309236526489 1007.63459777832 1021.48115158081 829.142929077148 837.743072509766 910.909326553345 -9999 -9999 -9999 -9999 -9999 -9999 -9999 -9999 -9999
1048.46029663086 739.410659790039 683.528648376465 743.140937805176 747.997308731079 760.424603462219 860.934921264648 876.255645751953 843.70157289505 795.499462127686 674.810440063477 964.562816619873 911.468340873718 1230.49208831787 822.905868530273 835.187721252441 888.619079589844 1014.20419311523 875.470536202192 863.956994056702 775.545852661133 958.394698143005 1016.11373901367 1132.32230758667 913.000427246094 942.483543395996 973.768109321594 952.600197792053 830.712608337402 984.594547271729 1042.92750549316 789.934265136719 816.388084411621 736.085906982422 935.747743606567 1017.73135566711 864.837287902832 895.656047821045 973.107158660889 836.771083831787 1019.57727241516 945.32900094986 -9999 -9999 -9999 -9999 -9999 -9999 -9999 -9999
705.462375640869 743.961814880371 760.37292098999 726.581100463867 910.444122314453 823.202011108398 735.714834213257 693.132568359375 799.366123199463 820.97053527832 787.390930175781 928.489810943604 751.970512390137 981.868515014648 880.407554626465 973.599960327148 750.523857116699 835.487919688225 802.291906356812 872.837686538696 845.3779296875 884.696586608887 834.420150756836 1114.01627731323 1080.04247283936 946.751715406775 1081.89951705933 988.509515762329 1036.92719268799 907.92684173584 980.154266357422 790.944030761719 819.084548950195 929.263610839844 927.34458732605 943.216819763184 952.163234710693 910.413162231445 799.794258117676 887.533157348633 1075.82192993164 1028.16037750244 -9999 -9999 -9999 -9999 -9999 -9999 -9999 -9999
736.892971038818 823.963977813721 762.696506500244 801.759674072266 890.791389465332 847.431198120117 676.79224395752 866.650722503662 671.592300415039 761.649192810059 994.465141296387 908.274118423462 715.909683227539 878.879243850708 1022.12913894653 1113.19683837891 894.335510253906 895.915683746338 886.625190734863 784.857418060303 636.957183837891 828.988101005554 706.246826171875 630.367553710938 799.037239074707 830.859466433525 815.919403076172 1089.22839355469 977.704253196716 1001.6869468689 951.93567943573 883.430870056152 853.337272644043 910.315658569336 1414.63299560547 866.718978881836 839.503677368164 1073.92976379395 850.517204284668 1031.91522598267 924.080766677856 1018.84201431274 978.815185546875 -9999 -9999 -9999 -9999 -9999 -9999 -9999
872.828018188477 873.300628662109 773.292739868164 601.402542114258 679.882598876953 641.567993164062 641.222610473633 568.329879760742 641.367767333984 724.761405944824 817.267158508301 991.479709625244 953.697483062744 942.520694732666 854.674953460693 1091.74029159546 1219.39250183105 969.467706680298 1009.03646469116 968.96017074585 861.931182861328 714.605461120605 795.051780700684 774.182998657227 766.168418884277 906.754461288452 873.470321655273 773.136085510254 953.246421813965 1104.04766845703 868.396301269531 946.792755126953 779.564544677734 715.247085571289 1185.03741455078 843.495468139648 875.289337158203 882.508819580078 888.808769226074 1233.75273132324 1023.18818092346 1054.56080627441 1007.65619289875 -9999 -9999 -9999 -9999 -9999 -9999 -9999
772.09008026123 693.713180541992 575.192398071289 821.600143432617 803.486110210419 640.774108886719 656.183059692383 627.707275390625 609.567733764648 819.033910751343 812.37974357605 718.944305419922 874.997741699219 848.683418273926 647.728713989258 857.04748916626 800.950904846191 910.023548126221 939.612181663513 917.120231628418 969.500637054443 866.885231018066 933.902119159698 853.742740631104 873.496428012848 932.230073928833 964.371932983398 1000.31867980957 901.606838226318 706.38264465332 747.3427734375 979.533794760704 985.188535004854 917.215362548828 1284.64630889893 842.220893859863 825.00936126709 1018.00678920746 936.688800811768 904.515693664551 1042.96929359436 1078.55234527588 972.60071182251 983.179853439331 -9999 -9999 -9999 -9999 -9999 -9999
