export/dem/dem92.asc
NCOLS 350
NROWS 171
XLLCORNER 152620
YLLCORNER 418050
CELLSIZE 100
NODATA_VALUE -9999
[rows 66 to 87 of 171, columns 250 to 299 of 350]
512.149536132812 446.931350708008 680.103459358215 649.621286392212 658.553287982941 581.375007629395 564.571701049805 498.418762207031 658.659913063049 573.071647644043 720.128738880157 645.98885345459 784.080307006836 657.458385467529 791.612632751465 701.399700164795 735.973922729492 620.869079589844 703.492443531752 691.422123908997 559.763572692871 755.968647003174 585.831077575684 708.381331443787 724.90572309494 397.453125 784.910194396973 743.190635681152 790.33016204834 657.254138946533 756.845520019531 836.481330871582 645.448585510254 742.044952392578 540.98828125 715.127181053162 868.204574584961 765.3528175354 1110.34288024902 867.353700637817 833.436491012573 734.288537979126 792.342575073242 769.134189605713 792.022632598877 610.722152709961 533.051376342773 575.071975708008 669.677719116211 806.378881931305
381.767822265625 653.358162879944 587.073867797852 487.240234375 629.986946105957 675.210065841675 719.908229827881 616.243297576904 731.170471191406 698.874599456787 706.80139541626 588.760738372803 599.47819519043 692.539123535156 723.514617919922 854.958053588867 756.126342773438 668.240165710449 610.536628723145 672.896812915802 590.50756072998 769.28914642334 634.318321228027 630.282997131348 705.978943824768 574.048751831055 692.494671344757 828.056884765625 620.482421875 828.805755615234 741.329734802246 839.757186889648 636.806571960449 657.324619293213 675.325912475586 742.98460483551 743.467344284058 936.954864501953 773.307205200195 828.214157104492 941.45499420166 1005.69610762596 839.085842132568 753.405075699091 766.657867431641 610.185989379883 731.053318858147 610.608383178711 592.969085693359 621.416931152344
510.653381347656 633.690017700195 479.82048034668 673.374416351318 558.072822570801 735.704330444336 688.684593200684 671.651103973389 544.441177368164 680.637752532959 696.670322418213 589.168533325195 682.61833190918 638.176342010498 690.565637588501 740.267669677734 793.317474365234 666.360137939453 675.619343757629 730.26405569911 689.631621837616 581.760902404785 682.470754623413 701.455231070518 629.047485351562 607.012771606445 711.916416168213 663.554016113281 649.505157470703 618.722015380859 703.030811309814 776.201377868652 774.196266174316 783.376899719238 721.778749465942 678.33177947998 715.004293441772 843.590667724609 817.882820129395 706.263271331787 794.374389648438 711.659982681274 1051.71280670166 1526.02864074707 913.982963562012 855.452667236328 701.1516456604 603.040802001953 680.816352844238 612.31217956543
626.037565231323 562.137298583984 768.871131896973 505.889068603516 660.986954450607 600.236198425293 623.895364761353 573.040504455566 528.667533874512 679.731779098511 608.662181854248 578.115669250488 602.357604980469 453.984085083008 659.366328239441 631.427169799805 727.714740753174 765.343292236328 498.1591796875 667.524868011475 640.242191314697 686.023216247559 748.508758544922 746.271141052246 639.54118347168 680.624202728271 556.871841430664 552.100952148438 701.828244686127 709.83065533638 710.660734653473 583.818725585938 690.906775474548 686.963527679443 665.14319229126 595.432678222656 642.436164855957 755.817953109741 755.013507843018 728.408416748047 578.610458374023 607.7216796875 699.140098571777 830.94474029541 852.474815368652 1547.25796508789 669.976097106934 560.653411865234 652.547958374023 774.863663673401
674.100284576416 673.29541015625 708.950569152832 717.471160888672 724.415519714355 378.451614379883 682.557540893555 595.706367492676 859.66365814209 587.998065948486 600.24662399292 670.722019195557 571.14281463623 455.009155273438 482.896438598633 641.395843505859 649.787363052368 867.736465454102 718.654479980469 825.79963684082 797.836868286133 702.199815750122 752.99259185791 669.074947357178 611.003398895264 582.594284057617 512.942596435547 710.156408309937 647.960338592529 670.973388671875 701.124296188354 680.191101074219 718.862696647644 708.949157714844 736.0361328125 693.406282424927 608.818054199219 652.73796081543 691.310661315918 676.563438415527 722.506965637207 752.806482315063 623.112380981445 632.541938781738 723.313968658447 804.143438339233 1061.40557098389 1209.08309173584 718.737838745117 661.830390930176
675.818134307861 651.736743927002 641.999296188354 722.603691101074 583.109634399414 759.720741271973 549.267250061035 510.377059936523 664.88561630249 623.107830047607 570.788581848145 723.528244018555 648.226697921753 377.566925048828 544.695594787598 753.895629882812 663.957153320312 639.461313247681 754.627113342285 726.872692108154 772.014488220215 754.757949829102 681.012815952301 731.074825286865 543.581405639648 704.314926147461 757.197940826416 725.32763004303 759.33748626709 633.124046325684 574.27864074707 672.062835693359 630.128395080566 755.729881286621 800.40372467041 689.671438694 717.335163116455 712.907464027405 740.617337465286 682.193725585938 817.263023376465 737.553647994995 822.52657699585 766.43896484375 738.794916152954 1210.89821815491 713.244213104248 702.710777282715 792.398309707642 714.096927642822
731.450798034668 767.112335205078 688.857151031494 592.436473846436 595.60311126709 831.67456817627 909.818252563477 748.381385803223 770.734588623047 640.50531578064 771.406219482422 632.250851631165 624.891662597656 743.408676147461 540.526107788086 594.27507019043 644.202385425568 748.687225341797 571.974426269531 597.394916534424 828.543930053711 886.94694519043 707.222959518433 777.902976989746 675.484013557434 728.916130065918 612.523742675781 719.380598068237 703.271677017212 682.897138595581 656.401779174805 600.197425842285 705.33504229784 745.601516723633 772.52010345459 775.574016571045 809.639495849609 892.144958496094 871.933532714844 801.574493408203 716.19594669342 1218.88312530518 784.813617706299 700.758888244629 606.889778137207 765.265853881836 676.884201049805 650.206016540527 741.60894203186 646.112907409668
699.828926086426 678.03475189209 634.065780639648 813.362342834473 747.520645141602 727.50329208374 719.899333238602 878.405784606934 683.423754692078 620.604370117188 720.142719268799 681.688068389893 463.246109008789 557.016387939453 689.616014480591 622.337188720703 615.607069015503 597.47936630249 649.825120925903 685.932036399841 623.984778404236 690.326770782471 635.654594421387 781.948783874512 713.269271850586 754.772613525391 759.772422790527 651.211620330811 671.521312713623 686.945574760437 725.371658325195 622.45238494873 570.756484985352 611.41414642334 605.245567321777 648.686996459961 641.442848205566 704.807332992554 740.750638961792 793.189666748047 627.822662353516 634.099487304688 867.149401664734 1083.17531585693 889.948017120361 863.375091552734 684.23747253418 757.080131530762 1060.3563041687 655.330848693848
669.655952453613 626.20728302002 626.857368469238 550.698322296143 471.906143188477 617.889747619629 617.748954772949 855.435417175293 665.528429031372 636.511299133301 576.321182250977 667.00287771225 672.348058700562 654.602917194366 583.370056152344 677.711734771729 708.273422241211 592.036003112793 623.240070343018 702.165088653564 693.684757232666 670.158853530884 747.09651184082 689.02826499939 731.644237518311 615.05012512207 608.314147949219 694.803741455078 587.107162475586 768.504501342773 686.181200027466 592.810409545898 710.596468925476 637.899566650391 649.407943725586 731.143619537354 602.224975585938 700.183662414551 824.125343322754 614.954154968262 716.215255737305 1037.8210144043 600.612846374512 1065.32413101196 954.914573669434 638.292709350586 692.6630859375 707.531883239746 846.406490325928 925.288047790527
624.113603591919 607.046813011169 474.592529296875 807.501876831055 603.66407585144 585.236907958984 699.301998138428 636.321014404297 572.598327636719 673.474647521973 675.865165710449 776.821420669556 764.600273132324 594.758777618408 521.629791259766 810.263961791992 727.358413696289 728.07462310791 743.391456604004 633.894428253174 666.599022388458 656.766347885132 650.96257019043 481.133209228516 591.438591003418 588.067504882812 707.745504379272 778.328140258789 552.655487060547 679.423084259033 609.47428894043 542.787750244141 549.398712158203 647.097530603409 694.199882507324 630.64867401123 721.986217498779 631.353698730469 742.83499622345 669.355429649353 890.783716201782 859.460716247559 856.712884902954 759.164939880371 815.893356323242 933.954895019531 830.150207519531 684.596542358398 948.295154571533 1050.76359176636
504.235466003418 717.316123962402 735.772033691406 673.305250167847 770.202396392822 542.404556274414 479.944473266602 548.958511352539 740.418529868126 641.778602600098 759.326278686523 791.025268554688 606.900318145752 582.930305480957 775.210723876953 758.066680908203 614.162986755371 665.472724914551 678.604076385498 567.401000976562 583.209442138672 674.851440429688 856.718338012695 757.336395263672 577.805053710938 509.446212768555 559.528198242188 595.29434967041 635.596183776855 597.043724060059 593.969619750977 815.125595092773 697.652455329895 715.450500488281 677.702404022217 714.302090644836 712.243579864502 597.506103515625 629.962650299072 663.304443359375 857.392791748047 714.473320007324 591.702453613281 790.56213760376 667.776016235352 722.868673324585 979.238647460938 766.773399353027 909.59196472168 631.406631469727
630.385372161865 639.922308921814 626.5973777771 598.841346740723 671.164936065674 605.241912841797 494.396255493164 428.850357055664 671.745376586914 609.856834411621 645.649772644043 664.776527404785 662.911575317383 673.399093151093 828.878753662109 693.850578308105 680.053565979004 694.000682830811 563.208198547363 748.771957397461 660.909220218658 726.210252285004 600.412101745605 508.857025146484 573.74195098877 536.708862304688 678.846279144287 636.293827056885 764.625686645508 568.647216796875 762.549919128418 735.909481048584 690.433834075928 796.41934967041 816.207984924316 723.607751846313 740.350780248642 661.752723693848 611.670574188232 629.171421051025 902.41820526123 662.790954589844 624.655914306641 1022.96857452393 852.683780670166 602.797378540039 838.504085540771 833.340488433838 856.17259979248 1107.55625915527
534.658615112305 603.726593971252 599.975442886353 724.312522888184 575.145721435547 685.62593460083 463.427925109863 445.19856262207 692.089627712965 766.175708770752 813.772811889648 772.983573913574 543.331520080566 706.685468673706 737.663101196289 675.122936248779 638.447078704834 749.82991027832 675.414888381958 732.375965118408 771.414166212082 573.371315002441 686.920803070068 635.56995010376 494.477600097656 492.033493041992 713.332984924316 600.101323127747 750.450720310211 567.698593139648 627.286975860596 626.76237487793 678.527538299561 769.858821868896 813.298324584961 774.73592376709 674.076354980469 598.587631225586 697.977462768555 546.635314941406 645.410552978516 1158.76952362061 891.890731811523 639.591506958008 697.904121398926 652.988021850586 760.266311645508 942.867984771729 1122.40957641602 804.613349914551
667.958770751953 728.416122436523 527.14282989502 670.601497650146 816.639083862305 803.857795715332 871.709136962891 626.576705932617 730.499366760254 748.424365997314 781.928775787354 762.743114471436 657.033863067627 697.330713272095 796.630447387695 678.632049560547 618.312774658203 811.044082641602 781.494033813477 766.984756469727 681.92419052124 597.666351318359 630.023414611816 595.33358001709 703.495644569397 440.756927490234 574.927894592285 774.643074035645 583.515113830566 794.337852478027 635.750900268555 680.964952468872 731.435794830322 513.769157409668 766.590309143066 687.547891139984 582.36563873291 734.340438842773 538.504165649414 652.7314453125 586.277725219727 715.585090637207 983.990524291992 735.836334228516 967.299621582031 720.927223205566 992.298324584961 709.374038696289 647.220504760742 676.569747924805
580.42879486084 606.541960716248 621.818379998207 660.09294128418 602.892778873444 727.849807739258 685.493984222412 752.647979736328 725.261787414551 602.724613189697 690.792858123779 631.223350524902 722.869543075562 634.408498764038 665.770359992981 668.574219703674 736.01948928833 704.49532699585 825.531524658203 771.963012695312 612.915031433105 622.40699005127 597.445304870605 622.114631652832 664.859874725342 599.401012420654 486.322326660156 661.286958694458 798.913398742676 519.448356628418 666.33625793457 889.518127441406 710.141944885254 700.418064117432 775.541160583496 598.439392089844 581.748859405518 479.306182861328 642.031879425049 849.941041946411 583.514686584473 776.106063842773 727.205604553223 922.196182250977 593.290023803711 578.966369628906 1116.34176635742 640.923568725586 406.160736083984 592.508499145508
603.824222564697 695.553100585938 635.181699752808 712.475280761719 797.741165161133 674.120380401611 816.881561279297 679.79347038269 865.765823364258 535.635955810547 677.34838104248 936.152099609375 615.605457305908 671.163684844971 687.897159576416 772.984260559082 742.01343536377 855.746078491211 877.418853759766 856.050720214844 578.641410827637 606.518617630005 550.141052246094 635.083145141602 645.677181243896 630.640905380249 674.062151908875 563.526626586914 665.183059692383 696.366439819336 608.9176902771 674.773113250732 637.258861541748 623.275093078613 667.753494262695 756.206562042236 566.931716918945 678.073506593704 760.50825881958 661.795150756836 681.660633087158 917.61967086792 625.635612487793 589.103866577148 726.077850341797 461.407958984375 1020.31517028809 706.497367858887 574.806289672852 638.438186645508
583.840682983398 686.13858795166 649.777704238892 579.505495071411 668.482351303101 635.252418518066 721.219314575195 723.084266662598 684.248210906982 599.552173614502 677.614908218384 697.738506317139 746.762702941895 528.860321044922 760.955429077148 640.587205886841 744.57625579834 750.387390136719 676.361886978149 557.629180908203 625.858409881592 595.092140197754 601.994033813477 842.860847473145 688.372950553894 479.227645874023 680.561500549316 700.28243637085 587.252990722656 846.186309814453 716.028825759888 729.143594741821 741.426723480225 662.675399780273 814.443878173828 785.6943359375 739.235649108887 607.645919799805 731.710456848145 657.983840942383 769.529964447021 775.217407226562 565.821846008301 845.626396179199 604.168518066406 578.121231079102 553.416442871094 668.466552734375 803.056327819824 980.370239257812
499.676147460938 629.725601196289 470.006568908691 632.381021499634 796.243583679199 398.382049560547 780.312995910645 761.586860656738 776.309448242188 809.030609130859 820.328002929688 653.376127243042 655.031615018845 802.743850708008 786.858993530273 739.908935546875 678.549427032471 715.46838760376 506.661376953125 538.171722412109 554.993499755859 515.166534423828 440.279647827148 644.203437805176 667.9454870224 658.138366699219 550.564453125 572.009262084961 741.892581939697 615.062000274658 755.342401504517 563.296417236328 602.647361755371 696.098297119141 626.70817565918 553.453094482422 671.412981987 658.813047409058 681.166827201843 626.198959350586 611.815002441406 1082.13298797607 657.335220336914 644.826965332031 831.6572265625 580.868911743164 970.097969055176 642.266662597656 745.541076660156 608.88330078125
363.93701171875 678.050872802734 682.526000976562 552.767204284668 641.004055023193 698.966850280762 685.819328308105 526.949714660645 554.833229064941 601.98390352726 717.922946929932 717.752265930176 817.072845458984 1151.50663757324 922.571907043457 669.914480209351 908.328262329102 627.899040222168 717.359153747559 626.233818054199 667.269351959229 685.468744635582 636.716415405273 811.312637329102 526.245376586914 721.493242263794 577.410598754883 654.799278259277 781.576709747314 717.418800354004 821.326370239258 693.309979438782 835.058456420898 844.465850830078 694.758899688721 697.822841644287 594.901092529297 612.85139465332 763.037422180176 773.584823608398 697.770973205566 635.036682128906 686.456558227539 548.088073730469 788.01224899292 886.825736999512 778.932609558105 584.248413085938 656.482116699219 549.427520751953
508.932327270508 480.584915161133 641.781895637512 706.956130981445 666.421794891357 626.021099805832 702.763633728027 590.140655517578 610.734104156494 683.628137588501 758.354049682617 675.75366973877 543.93140411377 882.179504394531 623.120658874512 822.743347167969 612.653812408447 648.823577880859 639.778593063354 563.949554443359 739.407218933105 691.864883065224 688.356466293335 527.118545532227 597.384872436523 733.242538452148 647.770172119141 596.557220458984 631.822807312012 794.821899414062 756.751678466797 818.453895568848 755.774676561356 739.527127742767 517.890808105469 654.113636016846 631.034824371338 627.428743362427 655.656890869141 906.359870910645 1143.13502502441 565.067886352539 849.730621337891 619.863265991211 490.385818481445 619.215881347656 539.249267578125 671.792953491211 636.09407043457 894.172668457031
468.887878417969 497.961135864258 773.401870727539 660.260246276855 781.468811035156 549.618179321289 584.050308227539 554.177963256836 641.417798042297 678.227334976196 760.627159118652 700.79833984375 658.53776550293 721.622817993164 592.764835357666 626.191673278809 723.044668197632 736.184425354004 714.464195251465 665.160120010376 588.500289916992 643.495908737183 1306.58311080933 800.146102905273 497.855682373047 474.639266967773 541.332962036133 709.169311523438 560.407974243164 737.576550006866 681.422451019287 711.25439453125 676.670280456543 678.459915161133 746.254699707031 652.952690124512 574.614501953125 772.017784118652 647.385181427002 845.160003662109 579.795989990234 496.891052246094 631.283233642578 1517.83383178711 627.593109130859 1575.46350097656 690.794410705566 505.421447753906 929.486618041992 613.625289916992
855.504638671875 741.049682617188 854.93888092041 941.643676757812 658.403823852539 623.795792102814 652.383907914162 582.364681243896 729.312480926514 795.455505371094 741.105541229248 945.09215927124 843.848003387451 645.000686645508 657.916557312012 1141.73104524612 953.843292236328 662.503746032715 550.268882751465 663.657923549414 558.610946655273 523.992691040039 694.766038894653 842.647323608398 693.461090087891 697.947641372681 617.775577783585 726.54528427124 659.841611862183 700.952176094055 643.455795288086 717.233028411865 859.695487976074 669.978851318359 634.068794250488 708.778764724731 675.108238220215 645.191745758057 665.017459869385 829.549102783203 394.648162841797 592.303298950195 496.607818603516 670.370697021484 863.607376098633 978.086303710938 800.585296630859 623.41259765625 590.376876831055 703.576278686523
