export/dem/dem98.asc
NCOLS 350
NROWS 171
XLLCORNER 152620
YLLCORNER 418050
CELLSIZE 100
NODATA_VALUE -9999
[rows 44 to 65 of 171, columns 50 to 99 of 350]
671.12565612793 793.952832199633 978.970169067383 626.083190917969 415.84204864502 286.29655456543 556.613364696503 516.910839080811 598.828855514526 574.112274169922 892.522399902344 386.497627258301 452.736919403076 508.133856773376 356.657836914062 383.332511901855 431.719287872314 376.717025756836 466.580856323242 402.03289604187 448.374977111816 411.601329803467 633.868667602539 435.899118423462 547.68529510498 333.79500579834 335.172225952148 457.712268829346 268.755187988281 478.958499908447 513.508590698242 529.307556152344 324.31127166748 387.107566833496 342.585502624512 307.340270996094 490.689617156982 532.448944091797 507.333351135254 358.124660491943 237.76155090332 391.16967010498 514.154266357422 304.708465576172 328.08048248291 405.075422286987 423.918603420258 478.236289978027 322.126686096191 328.208869934082
866.661949157715 728.498458862305 616.282968521118 820.677007675171 565.168788909912 437.058815002441 610.922698497772 504.602523803711 485.626714706421 814.562919616699 540.505271911621 598.805572509766 454.03911781311 494.845106840134 396.235649108887 501.579902648926 331.500045776367 415.842513561249 441.343032836914 339.845703125 454.261329650879 556.091735839844 491.083976745605 427.67734336853 406.827793121338 409.861488342285 335.336006164551 214.611251831055 382.684108734131 462.053859710693 476.083679199219 422.328126907349 418.811861991882 337.25325012207 210.094299316406 545.933624267578 369.326187133789 401.075740814209 456.482669830322 469.971446990967 274.285583496094 398.806411743164 331.597724914551 304.198875427246 342.933464050293 480.43875837326 383.466846466064 464.316310882568 296.434646606445 401.420581817627
814.545196533203 620.466835021973 484.742607116699 585.871063232422 366.10373878479 421.05876159668 635.176074981689 536.618095397949 636.32790184021 792.127578735352 612.635116577148 685.449081420898 566.031692504883 492.707155227661 475.277455806732 406.329090118408 464.459274291992 501.452819824219 446.631475448608 294.183456420898 338.529537200928 531.755821228027 545.440017700195 313.059387207031 359.022449493408 403.918875694275 425.9220495224 260.07600402832 270.58317565918 409.109815835953 457.219219207764 377.696968078613 431.754199981689 370.266933441162 392.587215423584 371.707107543945 374.785705566406 361.499053955078 336.45043182373 351.41276550293 463.437547683716 433.766609191895 418.199550792575 322.844184875488 455.762790679932 381.911499023438 545.855697631836 457.38801574707 297.721984863281 543.820663452148
597.808326482773 546.385028839111 541.207412719727 416.184772491455 442.989933013916 579.507080078125 1217.18368530273 654.031555175781 561.502593994141 590.862487792969 471.830074310303 598.316650390625 433.022727966309 532.9582862854 499.528030395508 321.570602416992 408.042921066284 566.213638305664 371.764755249023 230.636047363281 500.651016235352 495.656356811523 501.288688659668 384.978598594666 332.718688964844 421.001871109009 571.800888061523 429.996254920959 314.801231384277 476.78649520874 378.507236480713 535.621845245361 470.833766937256 502.350524902344 501.950569152832 426.733903884888 352.753189086914 361.374488830566 380.3909034729 367.107971191406 356.116241455078 517.795829772949 402.139236450195 324.742485046387 397.40686416626 498.083843231201 491.319835662842 270.183685302734 308.490859985352 284.05924987793
476.951011657715 459.026485443115 470.174074172974 516.584712982178 535.247386932373 552.439785003662 621.953758239746 447.90625 619.323226928711 532.879556655884 539.490070343018 509.698647499084 534.0133934021 546.44277381897 548.999084472656 444.511318206787 573.40397644043 472.916221618652 337.371528625488 485.570426940918 369.376796722412 494.440246582031 541.654418945312 453.402454376221 540.027877807617 530.864715576172 373.411777496338 343.996337890625 321.019317626953 490.759506225586 464.946035385132 397.096992492676 570.387786865234 410.665502548218 365.630546569824 349.671157836914 431.630157470703 238.392791748047 414.520993232727 270.348083496094 365.755836486816 399.112415313721 384.345161437988 475.230710983276 331.528656005859 478.240385055542 342.063171386719 396.77530670166 425.991481781006 244.590286254883
746.842071533203 528.715393066406 472.174266815186 345.928771972656 709.37865447998 416.566047668457 386.724655151367 536.427700042725 611.057189941406 558.711547851562 566.765853881836 645.946449279785 585.298149108887 559.406753540039 512.153881072998 470.030274391174 394.749933242798 361.065650939941 477.433666229248 341.491008758545 443.233667373657 628.427337646484 565.63655090332 460.495475769043 377.277000427246 581.529724121094 410.052435398102 529.753730773926 352.813316345215 465.253562927246 429.693005561829 414.286804199219 313.667678833008 386.298149108887 359.776107788086 314.370735168457 342.977691650391 371.089282989502 526.34122467041 499.623497009277 551.287300109863 373.034976959229 390.044719696045 527.25276184082 348.053367614746 361.412864685059 435.975082397461 498.946182250977 445.840553283691 388.532257080078
542.83659362793 501.330497741699 555.023384094238 1038.99749660492 435.127616882324 425.3271484375 354.240982055664 547.028663635254 743.414123535156 465.53149497509 340.081581115723 484.463573455811 544.903373718262 614.722595214844 475.675231933594 546.565399169922 477.797607421875 392.153913497925 631.183715820312 602.813674926758 481.808631896973 502.974258422852 452.409992218018 350.614059448242 476.830520629883 440.674467325211 438.12762260437 441.109661102295 543.215713500977 708.620971679688 421.898522138596 435.462255477905 429.086834304035 361.431137084961 409.072143554688 573.608306884766 375.058937072754 444.205646514893 427.370833873749 437.172667503357 419.395576953888 367.593170166016 488.227989196777 531.838321685791 485.81697845459 524.099678039551 405.182838439941 466.810579299927 340.167976379395 512.651435852051
747.35852432251 522.640797615051 646.884429931641 583.918025970459 585.43185043335 566.934894561768 559.100662231445 474.70629119873 324.784088134766 543.010643005371 626.135650634766 490.512268066406 452.640718460083 514.438980102539 362.373313903809 408.489435195923 298.70532989502 413.742975234985 433.072755813599 427.521955490112 557.66552734375 397.641153335571 515.302040100098 459.081218719482 488.332626342773 638.389068603516 590.377090454102 457.782291412354 465.50301361084 496.747665405273 450.861373901367 408.341069221497 414.994964599609 439.197423934937 405.408843040466 460.021759033203 494.171455383301 371.29034614563 503.573631286621 506.357086181641 509.377784729004 476.22194480896 433.74977684021 594.400787353516 553.001678466797 463.686073303223 336.257804870605 419.859996318817 359.917495727539 310.357879638672
754.161201477051 366.679931640625 1103.09790802002 625.654235839844 519.493354797363 393.503601074219 736.716064453125 530.524349212646 556.956535339355 497.941471099854 515.938522338867 446.514482498169 496.926843643188 503.036666870117 613.932800292969 570.218719482422 493.328094482422 485.904800415039 373.675685882568 427.083198547363 279.071334838867 608.307159423828 525.271362304688 313.229042053223 506.324401855469 537.814765930176 517.867553710938 340.168594360352 312.237686157227 436.467882156372 424.507984161377 508.371429443359 326.835670471191 249.651092529297 393.787677764893 468.202663421631 411.418479919434 592.759719848633 389.360933303833 477.13956451416 623.511169433594 501.851497650146 472.158393859863 518.096389770508 358.054809570312 318.66104888916 401.234511494637 381.812145233154 309.558708190918 442.020839691162
649.875242233276 609.617622375488 532.240079879761 709.057052612305 718.184722900391 421.03515625 475.269062519073 486.252194404602 505.907627105713 326.78385925293 470.036870956421 577.352508544922 481.407379150391 427.511355876923 521.549377441406 492.43970489502 599.765594482422 345.772682189941 471.753528594971 472.518306732178 550.761215209961 339.962432861328 339.867340087891 466.724899291992 615.263168334961 503.898464202881 334.433616638184 388.677129507065 440.103912353516 473.391731262207 507.396614074707 497.871147155762 589.137741088867 270.476249694824 539.174415588379 327.217155456543 423.766038894653 439.834804534912 430.82776260376 475.101203918457 460.018581390381 515.311630249023 485.161361694336 507.640274047852 521.604995727539 385.89917755127 413.511943638325 238.545822143555 289.459663391113 459.024791717529
634.27052116394 552.882961273193 754.949630737305 788.12720489502 482.091152191162 714.813446044922 393.536605834961 394.987537384033 340.723831176758 459.540088653564 457.04974937439 651.947540283203 426.311748504639 358.993713378906 703.868286132812 518.719459533691 617.953765869141 393.310273170471 398.584949493408 452.352935791016 481.333557128906 521.247688293457 474.398315429688 728.559722900391 592.904239654541 524.870315551758 410.108869552612 424.013813018799 424.952377319336 363.998338699341 358.041244506836 359.300899505615 358.919286727905 415.900938034058 506.048751831055 461.925073623657 337.238357543945 380.072700500488 374.232486724854 426.34769821167 317.873168945312 599.72526550293 482.295928955078 376.047241210938 384.176434516907 536.694107055664 265.227752685547 333.145843505859 321.190925598145 511.081390380859
654.921699523926 1192.48817825317 621.832405090332 672.415428161621 636.856925964355 629.745910644531 520.537166595459 518.738178253174 216.14599609375 384.173343658447 352.447196960449 484.579856872559 525.533248901367 402.727142333984 549.422149658203 512.335151672363 575.357376098633 451.825975418091 488.929161071777 478.019401550293 553.122970581055 332.529975891113 482.066040039062 560.595565795898 459.829479217529 442.700759887695 417.06982421875 359.866249918938 238.655647277832 455.99743270874 534.975021362305 179.5029296875 329.808158874512 330.313991546631 360.88159942627 354.27710723877 423.4580078125 311.418617248535 370.104244232178 367.705442428589 324.594375610352 366.605903625488 357.495361328125 355.862018585205 477.809997558594 334.637275695801 416.603950500488 287.026748657227 323.4736328125 303.708053588867
438.952807426453 596.083822250366 571.901113510132 679.956531047821 554.384216308594 507.529941558838 574.454513549805 457.254690170288 610.15625 350.542823791504 386.831571578979 493.897911071777 564.981002807617 328.519500732422 437.709526062012 477.97798538208 530.931411743164 430.707223892212 316.941230773926 326.473876953125 441.901849746704 556.156326293945 480.241065979004 424.037536621094 601.716171264648 311.173755645752 227.863998413086 427.850318908691 294.681324005127 396.367372751236 330.700874328613 323.549156188965 509.899337768555 243.630477905273 469.311836242676 292.525825500488 500.889053344727 386.505206108093 231.069458007812 413.406750917435 383.66596031189 499.941230773926 340.541641235352 347.719848632812 390.19285774231 381.229816436768 440.037860870361 447.097044944763 284.843887329102 391.559600830078
736.051750183105 557.775062561035 611.724403381348 606.583618164062 564.666186094284 565.971817016602 606.392974853516 342.089469909668 311.653854370117 449.173894882202 491.71537399292 297.860977172852 398.139863610268 382.333330154419 459.340137481689 548.179824829102 439.64369392395 367.197734832764 406.076872825623 576.078582763672 353.52473449707 379.892086029053 290.820495605469 232.019805908203 181.69287109375 399.457721710205 426.824745178223 396.08959197998 412.097862243652 139.324005126953 280.473194122314 340.372361421585 334.296810150146 336.222541809082 438.996994018555 309.688552856445 347.553681135178 340.628295898438 499.656951904297 451.936214447021 432.066326141357 338.814460754395 375.60232925415 378.047183990479 550.237777709961 505.179740905762 444.564220428467 518.051910400391 348.377220153809 312.550918579102
443.264686584473 459.49471282959 753.943840026855 574.307193756104 567.2381067276 551.388725280762 417.799537658691 406.03129196167 546.22575378418 417.116331100464 429.214189261198 404.082498550415 266.369384765625 359.625713348389 549.027786254883 380.47274017334 344.582847595215 412.178071171045 473.570793151855 424.056951522827 263.019920349121 397.411823272705 222.260757446289 424.078430175781 422.929580688477 433.316062927246 331.580214262009 377.820838928223 361.394193649292 416.358179092407 357.560013771057 277.338417053223 187.966751098633 316.702087402344 387.992636680603 379.183905601501 471.613739013672 478.716323852539 389.735558986664 445.36990737915 434.351104736328 434.285196304321 335.140625 464.368850708008 538.625755310059 470.938079833984 487.051959991455 399.43741607666 567.503463745117 373.49275970459
464.881736755371 525.373006820679 666.810913085938 665.636745452881 605.351228713989 628.705486297607 578.196823120117 423.164567947388 360.192932128906 494.595352172852 272.348503112793 416.910415649414 352.723213195801 405.512893676758 362.79744720459 448.556667327881 479.577568054199 506.244636535645 247.140533447266 432.480360031128 395.743881225586 300.189163208008 332.709341049194 214.370681762695 519.005874633789 428.153171539307 327.299016952515 386.784198760986 287.293884277344 313.055728912354 318.118740081787 342.680157184601 256.324981689453 294.982559204102 348.186290740967 366.82483291626 434.561538696289 368.012073516846 492.13298034668 276.71361541748 402.271597623825 283.924087524414 353.343322753906 454.791854858398 469.04997253418 407.019582748413 397.068843841553 456.69927406311 321.245246887207 278.30354309082
523.92822265625 635.94681930542 595.336068153381 464.740127563477 652.285979270935 652.139750480652 596.197023391724 515.782409667969 573.77619934082 370.612701416016 278.53101348877 431.463939666748 407.708400726318 366.057245254517 258.925903320312 528.750930786133 494.756965637207 561.449630737305 353.27067565918 305.184844970703 373.410957336426 341.588359832764 278.686599731445 310.626594543457 339.713592529297 347.869132995605 465.492584228516 282.488006591797 230.182723999023 300.44694519043 377.329519033432 521.81298828125 309.532188415527 457.265625 464.448043823242 266.162376403809 314.878456115723 382.642680168152 321.172958374023 368.793123245239 412.763063430786 424.662986755371 352.916816711426 405.651054382324 466.448363780975 571.304946899414 459.188690185547 237.314697265625 190.675216674805 330.798683166504
500.528913497925 558.981511592865 607.171157836914 541.793710708618 600.091037750244 612.385356903076 699.003978729248 537.691951751709 398.961090087891 359.531711578369 289.953956604004 404.319279074669 339.48620223999 275.841667175293 391.482490062714 437.953786849976 437.244255065918 438.924339294434 240.520401000977 396.18852353096 294.98193359375 312.967338562012 423.622241973877 336.309967041016 461.834312438965 559.801254272461 385.341720581055 450.78532409668 373.377540081739 270.45344543457 364.303888320923 472.837280273438 334.266483306885 344.290428161621 360.34171295166 402.90686416626 358.201843261719 361.834045410156 430.665502548218 700.101379394531 285.599952697754 530.721809387207 290.70955657959 559.0166015625 386.644241333008 454.207747936249 406.379751205444 384.854957580566 469.160591125488 401.399005889893
555.981615066528 640.441307067871 523.456253051758 438.311920166016 499.141693115234 702.69641494751 583.063186645508 405.110931396484 450.795299530029 294.769317626953 376.339530944824 339.240539550781 363.593147277832 181.182907104492 275.645210266113 483.083602905273 244.323776245117 410.862037658691 397.827852606773 384.566436767578 372.809177160263 166.793258666992 408.450872421265 312.625503540039 464.670074462891 196.942825317383 321.232288360596 284.888023376465 262.821014404297 419.10445022583 379.374417066574 417.218305587769 396.293464660645 258.623344421387 465.090682983398 261.013404846191 352.551488876343 417.162132263184 445.562194824219 396.840038299561 464.630123138428 519.895622253418 308.513626098633 506.336837768555 461.188142776489 497.6975440979 330.425048828125 476.862533569336 414.553764343262 321.668266296387
559.208577156067 544.546701431274 599.008033752441 631.476135253906 494.612071990967 496.338508605957 312.077407836914 533.722846984863 589.865875244141 276.677322387695 443.413352966309 293.362045288086 243.993240356445 288.482345581055 345.578859329224 332.223537445068 449.881011962891 348.914836883545 384.361978530884 285.235298156738 240.742721557617 415.217975616455 345.436115264893 338.541450500488 277.840179443359 230.07389831543 394.471008300781 224.443328857422 128.135955810547 296.293296813965 366.096114732325 561.503479003906 354.191181063652 271.94408416748 385.482254505157 395.69747877121 422.516605377197 489.519844055176 581.067840576172 459.351947784424 488.862174987793 508.638008117676 317.646423339844 453.180721282959 425.018375396729 463.824817657471 492.177921295166 438.314461231232 418.702249526978 340.874282836914
681.427368164062 555.319574356079 488.46252822876 535.730453491211 549.517286300659 581.696937561035 587.209243774414 442.958912849426 428.976522445679 408.001423358917 364.677825927734 340.893112182617 378.232677459717 213.282806396484 389.144786834717 207.098968505859 501.857711791992 386.490079879761 387.319553375244 308.903076171875 390.841222763062 361.476005554199 469.615867614746 300.014572143555 394.190818786621 73.2256469726562 323.889541625977 225.268783569336 72.3263854980469 278.623779296875 357.382308959961 300.512107849121 285.054565429688 387.691020011902 363.213157653809 566.6181640625 401.658211708069 397.247676849365 439.572566986084 419.934509277344 527.318725585938 456.63786315918 480.74494934082 488.524326324463 299.57405090332 534.102104187012 416.330272674561 428.159642219543 483.189647674561 283.805603027344
483.151016235352 543.801233291626 500.55136346817 565.618017911911 347.319717407227 424.914455413818 422.745710372925 322.040878295898 313.699142456055 366.944534301758 298.302772521973 353.555828094482 258.636405944824 288.614242553711 404.992443084717 477.27766418457 454.542335510254 408.580368041992 281.112266540527 312.557102203369 395.393048286438 488.860374450684 379.357621669769 98.2477569580078 297.538299560547 300.932304382324 142.364395141602 355.072002410889 372.288569450378 361.712344646454 211.659622192383 330.565006256104 362.554393768311 439.318963050842 502.869750976562 357.339508056641 508.682708740234 622.768478393555 573.65803527832 525.173851013184 494.816261291504 367.205520629883 496.000087738037 600.805252075195 292.781356811523 460.718217849731 535.11351776123 495.391700744629 365.456420898438 424.068982124329
