export/dem/dem95.asc
NCOLS 350
NROWS 171
XLLCORNER 152620
YLLCORNER 418050
CELLSIZE 100
NODATA_VALUE -9999
[rows 66 to 87 of 171, columns 200 to 249 of 350]
652.534008026123 771.92919921875 730.942192077637 771.734924316406 742.766578674316 868.652008056641 795.746643066406 713.692756652832 708.439582824707 699.489482879639 653.175674438477 692.458396911621 494.033508300781 497.107124328613 746.416976928711 694.993942260742 675.04829788208 567.261081695557 612.965277671814 611.445785522461 600.014595031738 556.708003997803 702.847003936768 644.173136711121 762.547286987305 752.550140380859 682.993240356445 661.41109085083 630.446365356445 537.45913028717 513.691398620605 722.740880966187 631.341951370239 482.56037902832 669.691360473633 600.247889876366 862.773971557617 631.164329528809 753.618957519531 534.261657714844 616.781482696533 573.667938232422 646.208777427673 754.030258178711 618.767604827881 806.799255371094 642.496799468994 691.608535766602 711.892910003662 668.092260360718
583.057453155518 592.665454864502 563.093521118164 636.668561339378 529.276557922363 721.09334564209 733.693206787109 696.746116638184 712.405555725098 734.374877929688 603.55708694458 605.967984199524 705.677822113037 609.819116592407 488.229070663452 701.713417053223 576.65392780304 634.704315185547 671.856491088867 810.185657501221 766.459457397461 558.019603729248 685.544822692871 657.851024627686 632.131724357605 810.401901245117 558.035091400146 634.938894271851 606.100315332413 458.151031494141 511.339775085449 629.228092193604 625.922073364258 606.322269439697 739.789098739624 825.217269897461 730.872303009033 667.835887908936 676.264453887939 670.016822814941 519.172691345215 627.837121009827 659.90824508667 689.530067443848 675.110488891602 703.809585571289 852.569351196289 783.801696777344 710.612869262695 568.803070068359
519.759841918945 605.958618164062 618.192611694336 627.12006855011 674.733057022095 740.969108581543 575.97264289856 641.862203598022 569.218223571777 616.056538581848 676.664108276367 647.629055976868 627.4778175354 617.590419769287 686.478382110596 772.253219604492 509.214786529541 485.081558227539 669.672603607178 624.019094467163 657.761880874634 709.287803649902 605.395673751831 651.932510375977 764.24690246582 557.792463302612 608.434043645859 644.900526046753 590.962543487549 624.276885986328 738.435394287109 718.179565429688 676.717376708984 653.621229171753 674.700584411621 628.272064208984 723.880942821503 713.812465667725 661.756645202637 633.828392028809 439.107727050781 611.374794006348 624.765840530396 551.136825561523 667.379219055176 628.31475186348 904.45246887207 689.217113494873 597.89949798584 641.758751869202
775.827362060547 620.400192260742 658.720363616943 620.556847989559 665.051235198975 790.322875976562 523.22282409668 693.814647674561 622.255283355713 517.4775390625 767.088943481445 537.897583007812 606.998611450195 673.977589845657 682.773555755615 665.683151245117 613.373588562012 755.173614501953 700.838607788086 649.25380897522 720.163372039795 732.709060668945 653.517520904541 605.044769287109 567.898017883301 520.305923461914 486.483497619629 597.801170349121 511.08863067627 510.730209350586 473.92903137207 578.986431121826 626.647975921631 688.914439201355 759.013149261475 699.872135162354 592.355590820312 653.213138580322 597.986808776855 623.342830657959 677.83084487915 599.12580871582 714.568908691406 549.868064880371 553.895301818848 794.934494018555 671.534976959229 755.156982421875 600.981597900391 725.078590393066
571.909538269043 610.731719970703 738.634490966797 725.817611694336 633.733736991882 554.140518188477 715.429618835449 504.558166503906 612.30525970459 672.767930984497 644.495899200439 703.314734458923 600.457559585571 815.799179077148 640.54857635498 619.867446899414 672.19771194458 555.051315307617 563.342437744141 735.480609893799 785.389633178711 765.01286315918 535.950820922852 810.376388549805 450.997894287109 615.499910354614 545.192321777344 630.808659076691 663.490686416626 584.160676956177 726.355926513672 588.53070640564 594.619045257568 717.121467590332 692.581967353821 623.653736114502 624.664201498032 647.42559877038 614.56503868103 710.696304321289 732.423095703125 601.016792297363 531.320701599121 667.97815322876 664.348098754883 589.159889221191 804.03239440918 746.484031677246 779.408233642578 657.658447265625
536.942863464355 652.222309112549 729.650550842285 553.912063598633 645.398208618164 819.989822387695 762.875694274902 549.021003723145 687.504663467407 767.101669311523 578.813104629517 663.401182174683 534.660789489746 584.899524688721 738.947601318359 715.566513061523 661.595836639404 851.90104675293 762.314895629883 777.858203887939 684.600817680359 641.721477508545 551.907779693604 742.836647033691 706.522884368896 576.197785377502 704.49242401123 639.164558410645 640.290565490723 537.453266143799 523.8505859375 694.410289764404 685.939834594727 525.46501159668 593.279487609863 666.288722991943 653.185346603394 553.096111297607 526.111602783203 560.419723510742 449.120346069336 678.885887145996 541.560928344727 683.354637145996 631.981727600098 722.955924987793 756.136711120605 719.823696136475 802.502666473389 592.593965530396
513.350563049316 587.351627349854 555.012275695801 685.272138595581 686.955116271973 459.295593261719 529.45662689209 569.446647644043 577.321441650391 787.681686401367 704.608451843262 690.509960174561 673.72501373291 686.447639465332 603.117500305176 816.898681640625 681.121517181396 757.36238861084 907.317718505859 894.813022613525 783.956920623779 762.61146736145 686.535942077637 701.200805664062 586.068405151367 685.326446533203 559.412822723389 542.135730743408 587.116729736328 474.487060546875 669.292030334473 602.480739593506 553.274166107178 516.781364440918 683.015144348145 563.397846221924 451.454345703125 507.230537414551 675.133934020996 544.723945617676 631.760273933411 677.71795463562 612.954410552979 598.451427459717 616.627865791321 523.044708251953 517.025466918945 727.018093109131 735.71460723877 652.006280899048
560.243911743164 630.575506687164 634.48955488205 670.551513671875 660.05001449585 665.051334381104 452.535003662109 651.118062973022 684.33406829834 557.354286193848 590.174373626709 633.122104644775 723.588256835938 597.92932510376 542.063346862793 725.490272521973 814.461120605469 733.181266784668 847.519760131836 894.375186920166 814.352543830872 860.50048828125 667.76801109314 465.688766479492 553.676605224609 615.317937374115 478.597297668457 571.681625366211 612.319600582123 601.657348632812 601.266361236572 569.31526184082 908.2255859375 672.639488220215 633.424903869629 535.503463745117 717.018745422363 494.491958618164 593.576217651367 587.764373779297 550.164733886719 668.400884628296 657.483057022095 687.373413085938 814.263824462891 599.878141403198 723.264976501465 631.049835681915 837.444152832031 663.180035591125
766.598724365234 596.92946434021 563.086757659912 582.43558883667 514.28409576416 696.284614562988 592.733291625977 878.235290527344 797.467933654785 733.762874603271 589.990730285645 623.121746063232 598.55689239502 712.18070602417 706.217086791992 828.162963867188 741.197372436523 798.392761230469 752.652820587158 848.282474517822 800.683483123779 787.192733764648 1023.00252532959 763.746925354004 687.064720153809 685.916687011719 636.186831474304 459.348220825195 445.374435424805 496.780311584473 657.091064453125 888.170551300049 708.486907958984 757.857040405273 774.995407104492 591.425708770752 557.797260284424 774.441665649414 507.063102722168 586.504993438721 498.467926025391 642.218647003174 558.834945678711 639.140828132629 642.571086883545 718.480102539062 734.103103637695 659.566837310791 701.125640869141 632.78621673584
525.548736572266 541.577835083008 379.416381835938 557.447769165039 578.144069671631 854.192047119141 643.312030792236 618.716819763184 744.610717773438 622.901195526123 657.608930945396 557.030334472656 637.550228118896 721.438186645508 760.173957824707 639.495436668396 781.588272094727 741.19889831543 793.740112304688 756.226815223694 609.536785125732 723.890430450439 773.218571662903 650.104228973389 828.04160118103 783.441864013672 1091.75027799606 770.332344055176 774.045867919922 592.148593902588 537.991523742676 761.555187225342 655.543792724609 647.599730491638 773.910400390625 726.512680053711 653.142246127129 658.584245681763 607.034774780273 604.231662750244 547.259216308594 665.253273010254 661.763175964355 480.618209838867 641.494518280029 650.486499786377 539.30207824707 670.673740386963 715.194030761719 547.423011779785
444.717025756836 453.809173583984 475.409896850586 558.24068069458 536.289886474609 647.187906265259 752.53084564209 628.566072463989 531.783935546875 758.504932403564 777.293197631836 647.655540466309 640.531290054321 757.945137023926 646.904340744019 828.077514648438 538.74828338623 669.557516098022 756.916672468185 739.583549499512 731.101964950562 657.633590698242 713.821187496185 679.198188781738 758.559795379639 762.661766052246 769.203308105469 801.772508621216 809.727328300476 515.235717773438 1112.02228546143 564.290054321289 609.282464027405 509.384101867676 597.831480026245 508.294784545898 618.006488800049 521.457252502441 606.748733520508 593.048183441162 684.0546875 750.446243286133 553.30689239502 649.331604003906 620.692160129547 659.574583053589 524.699119567871 684.350440979004 723.263336181641 601.596915245056
450.545883178711 538.601516723633 560.414703369141 520.469703674316 578.330360412598 584.363719940186 663.516382217407 615.317758560181 592.72435760498 662.455455780029 589.229682922363 672.602464675903 715.926750183105 596.503112792969 603.456406593323 654.845041275024 660.42501449585 626.982107162476 916.773052215576 704.516693115234 736.488059997559 766.684520721436 662.553714752197 793.441232681274 674.347724914551 663.546424865723 648.223297119141 849.596664428711 1143.46397018433 849.466254234314 729.419405937195 662.946762084961 678.276775360107 707.896297454834 700.762317657471 634.330458641052 612.313770294189 533.203475952148 634.685482025146 615.707454681396 658.183844566345 754.022537231445 705.879302978516 633.236940383911 540.602447509766 701.691360473633 478.755920410156 655.530895233154 604.127584457397 558.632499694824
596.004755496979 808.074127197266 599.788885116577 649.303718566895 484.221122741699 663.717971801758 581.156242370605 663.80442237854 674.719549179077 732.533394813538 494.337539672852 657.211438655853 725.10652923584 737.414329528809 630.382179260254 599.612480163574 632.79923248291 598.827091217041 742.284446716309 751.411964416504 921.820755004883 944.981303930283 692.374366760254 612.07836151123 768.965484619141 814.070732116699 682.448989868164 936.178544998169 1075.41371154785 1081.5954284668 761.442916870117 635.664024353027 625.499618530273 807.742156982422 707.954174041748 834.617523193359 698.574550628662 711.005908966064 621.135677337646 516.263854980469 881.949966430664 633.201725006104 680.462963104248 600.534591674805 688.283515930176 696.04483795166 636.315532684326 637.681701660156 737.353515625 816.400283813477
659.749675750732 647.382362365723 597.839487075806 550.244556427002 623.67669916153 568.819000244141 696.994476318359 744.254318237305 663.092742919922 644.450550079346 613.042701721191 718.389915466309 632.885265350342 785.064346313477 571.713859558105 551.99681854248 738.66707611084 508.289733886719 605.852230072021 698.555145263672 609.140625 692.622627258301 831.98571395874 663.512084960938 628.954299926758 570.31803894043 684.455865859985 797.002902984619 988.109298706055 931.366363525391 1160.82977294922 814.837554931641 900.112579345703 902.996200561523 721.235874176025 780.413475036621 703.916675567627 647.965950012207 534.011054992676 608.983238220215 661.404300689697 519.896514892578 679.341480255127 620.024885177612 724.957832336426 654.320307254791 685.898555755615 552.887985229492 707.403755187988 614.339652061462
576.661270141602 624.070280075073 575.427444458008 579.676784515381 637.483310699463 537.100456237793 551.392189025879 697.594917297363 711.585346221924 606.901710510254 584.907188415527 708.382362365723 765.813522338867 778.740753173828 720.174507141113 804.858711242676 774.705726623535 457.603897094727 687.914083957672 571.704078674316 496.601531982422 462.374877929688 590.016166687012 597.88249206543 570.459571838379 684.641674041748 633.641510009766 563.079849243164 730.063056945801 592.991348266602 803.36604309082 1323.78497314453 1223.49157714844 944.406509280205 1156.60683631897 742.153499603271 712.114368438721 720.324760437012 535.925514221191 712.861320495605 655.352241516113 587.256889343262 728.243495941162 702.359031677246 680.163389205933 697.821964263916 624.587873458862 650.870230197906 479.266220092773 524.765419006348
545.547660827637 578.01594543457 608.860940933228 582.729122161865 560.210754394531 664.185222625732 499.500419616699 497.185195922852 483.264678955078 560.502662658691 583.05241394043 614.523254394531 664.054956436157 611.301422119141 605.093772888184 662.906555175781 564.895851135254 663.36101436615 531.315757751465 519.140251159668 618.273831367493 609.192092895508 590.58618927002 408.722930908203 410.707305908203 582.791137695312 603.001052856445 680.490692138672 714.229583740234 939.417465209961 681.021067619324 1000.49188995361 996.60627746582 1217.82188415527 1019.24161148071 1043.61428833008 671.642084121704 712.225849151611 667.394941329956 420.898956298828 502.18669128418 740.434764862061 597.862550735474 633.227046489716 607.898414611816 801.481201171875 622.44979095459 805.309265136719 583.900638580322 605.413997650146
682.347017288208 616.406757354736 642.39955997467 550.617668151855 698.367515563965 617.243093848228 505.326477050781 556.084533691406 524.64037322998 641.043291091919 557.66820526123 700.816394805908 755.900772094727 644.317985534668 802.317077636719 758.143669128418 535.324813842773 664.619686126709 480.774719238281 521.680648803711 708.810897827148 594.653728485107 508.368011474609 646.993595123291 691.761455535889 677.73025894165 801.475631713867 701.75988483429 715.975326538086 737.311378479004 961.577575683594 845.716102600098 905.237602233887 1365.06861877441 1000.95611190796 1322.80712509155 669.059581756592 699.508261680603 572.464492797852 530.510696411133 534.756011962891 525.844787597656 872.969909667969 616.086128234863 541.040008544922 602.434097290039 663.39554977417 661.661323547363 650.456871032715 620.833642959595
780.382194519043 711.337562561035 643.975734710693 730.076736450195 636.32222288847 484.791976928711 577.988594055176 648.488636016846 501.68766784668 552.615524291992 639.003219604492 573.890357971191 779.002960205078 732.711517333984 651.200075626373 578.191188812256 632.967552185059 624.629532814026 574.236595153809 555.730857849121 634.267090797424 774.536285400391 633.914694786072 439.343521118164 700.079675674438 602.039672851562 469.764846801758 491.217971801758 706.017547607422 724.185436248779 615.898754119873 741.096221923828 958.626857757568 1144.10801696777 1081.52005767822 1044.83261489868 1027.12539672852 935.291702270508 699.349197387695 507.885974884033 672.357139587402 703.388229370117 677.550258636475 777.211038589478 838.932426452637 501.243667602539 650.668992757797 661.830509185791 629.638879776001 684.687316894531
677.569129943848 742.04402923584 667.276310443878 544.906837463379 602.722198486328 578.469360351562 511.425323486328 469.576812744141 569.68533706665 603.553203582764 510.409942626953 799.124938964844 691.889434814453 716.195846557617 778.867538452148 573.214225769043 675.795810699463 546.980155944824 505.817077636719 640.669630527496 586.023086547852 610.122875213623 626.508971214294 631.821243286133 700.708024024963 564.398536682129 552.103950500488 463.710632324219 504.887329101562 651.84203338623 675.831212043762 682.853828430176 1016.74951171875 839.059219360352 1102.23365020752 1121.46579742432 703.00910949707 826.159170746803 742.665044784546 679.398996353149 976.651519775391 695.812519073486 812.779747009277 616.328689575195 875.796197891235 937.589637756348 1052.351146698 883.799850463867 744.084945678711 674.294420719147
652.99866771698 638.296573638916 669.226233482361 789.23250579834 685.815658569336 554.920013427734 565.439598083496 620.90664768219 790.375198364258 583.174297332764 625.460704803467 761.51326751709 797.566909790039 677.993465423584 701.100532531738 819.397567749023 658.49153137207 756.54264831543 528.89582824707 700.444561004639 663.974914550781 707.615394592285 759.104278564453 645.508502244949 638.48399066925 649.940788269043 810.221656799316 674.333323597908 621.434374809265 605.39933013916 637.407581329346 734.477474212646 807.642053604126 812.166049957275 751.092151641846 788.215656280518 592.36548614502 689.557205200195 771.39754486084 815.767776489258 863.75602722168 479.372222900391 619.461929321289 799.869659423828 698.854064941406 810.247138977051 910.324636459351 903.493545532227 1044.45404243469 663.282333374023
824.581176757812 672.640913963318 653.572551727295 749.894340515137 713.931167602539 685.8655128479 580.322834014893 657.84619140625 656.317192077637 528.660675048828 599.452598571777 621.821357727051 836.275726318359 847.241073608398 656.93323302269 790.50862121582 718.035758972168 726.642669677734 696.478927612305 608.309057235718 708.60498046875 585.345272064209 687.154949188232 623.273643493652 751.181198120117 788.981384277344 553.224754333496 665.585273742676 486.882278442383 751.100471496582 590.580501556396 666.597301483154 789.502754211426 533.676406860352 758.492782592773 590.060241699219 629.67520904541 698.743436813354 611.521141052246 962.675048828125 719.48168182373 797.720249176025 756.829170227051 741.090366363525 784.128367424011 888.064257621765 855.853416442871 979.242890357971 1019.72716522217 799.105499267578
708.12207698822 670.509194374084 561.464485168457 711.0078125 652.494090497494 600.609348297119 654.120586395264 625.852272987366 669.589336395264 589.127323150635 561.228134155273 599.108810424805 741.075172424316 782.654579162598 729.381778717041 682.984327316284 773.632682800293 888.635162353516 675.795260906219 629.201923370361 705.699691772461 639.958910226822 582.935638427734 555.443389892578 632.068145930767 669.952453136444 672.643760681152 646.243583679199 1238.20732116699 773.887748718262 497.102432250977 574.44681930542 534.681327819824 598.972736358643 725.021198272705 605.158683776855 628.352955341339 712.707649230957 721.585411071777 749.428153991699 681.031462669373 846.621604919434 758.818649291992 815.767292022705 700.959228515625 1084.02056884766 925.307243704796 1190.36724090576 1067.58416748047 990.762084960938
