export/dem/dem99.asc
NCOLS 350
NROWS 171
XLLCORNER 152620
YLLCORNER 418050
CELLSIZE 100
NODATA_VALUE -9999
[rows 88 to 109 of 171, columns 0 to 49 of 350]
-9999 -9999 -9999 -9999 -9999 -9999 -9999 -9999 -9999 -9999 -9999 -9999 -9999 -9999 -9999 -9999 -9999 570.555801391602 376.414390087128 420.944213867188 399.696403503418 608.885704040527 493.841327667236 847.171051025391 544.025039672852 621.230251312256 614.749943375587 414.630863189697 780.369647979736 491.841041564941 386.279541015625 466.976821899414 615.953418731689 444.68660736084 550.960823059082 402.534410476685 522.718688964844 733.120517730713 694.73747253418 724.494380950928 677.792453765869 745.626693725586 400.266647338867 302.360877990723 444.830780029297 472.354995727539 427.891426086426 489.181548118591 713.33039855957 436.177963256836
-9999 -9999 -9999 -9999 -9999 -9999 -9999 -9999 -9999 -9999 -9999 -9999 -9999 -9999 -9999 -9999 -9999 498.642692565918 290.924270629883 255.534439086914 400.383255004883 574.95565032959 388.716812133789 661.212692260742 368.454376220703 905.73477935791 731.3671875 895.447479248047 644.88419342041 629.458038330078 337.868682861328 619.47961807251 439.709190368652 572.695129394531 669.091003417969 742.726135253906 606.057392120361 750.676147460938 761.333030700684 542.308181762695 620.67896270752 587.55241394043 593.157039642334 436.860717773438 351.542203903198 335.413817405701 724.838760375977 532.345150738955 370.21851348877 616.221740722656
-9999 -9999 -9999 -9999 -9999 -9999 -9999 -9999 -9999 -9999 -9999 -9999 -9999 -9999 -9999 -9999 560.891553878784 661.471534729004 326.058708190918 381.796607971191 597.736465454102 499.675317764282 530.868572235107 581.217155456543 505.721366882324 523.156455993652 581.494297027588 382.731536865234 590.440422058105 250.974510192871 395.758547782898 561.610237121582 417.147876739502 655.424026489258 620.238191127777 519.888259887695 808.117076873779 725.759857177734 586.991329193115 470.13215637207 259.661087036133 359.188583374023 796.714340209961 381.992467880249 392.185623168945 512.035669326782 535.754837036133 282.757871627808 390.72900390625 292.385871887207
-9999 -9999 -9999 -9999 -9999 -9999 -9999 -9999 -9999 -9999 -9999 -9999 -9999 -9999 -9999 -9999 635.256275177002 666.399765014648 542.622592926025 638.533935546875 577.896919250488 692.698181152344 601.332641601562 549.807510375977 571.64185333252 438.176677703857 517.312438964844 496.094635009766 591.807021141052 318.801498413086 622.440530776978 589.633941650391 502.403593063354 407.398643493652 619.694442749023 481.7087059021 706.105773925781 654.391761779785 679.623123168945 301.419990539551 347.555976867676 418.913116455078 497.048782348633 268.891128540039 435.131940841675 359.332023620605 421.129058837891 389.461334228516 351.057792663574 317.453393936157
-9999 -9999 -9999 -9999 -9999 -9999 -9999 -9999 -9999 -9999 -9999 -9999 -9999 -9999 -9999 633.501258850098 730.615966796875 540.291988372803 680.434906005859 654.055587768555 632.228047370911 552.979353904724 619.221374511719 719.004699707031 528.098016738892 802.812400817871 480.866729736328 517.032646179199 557.022468566895 620.312103271484 606.892501831055 745.251113891602 832.331230163574 382.960297584534 674.75416469574 806.524658203125 590.078521728516 627.997367858887 613.182102203369 338.315132141113 347.110595703125 357.677635192871 213.163063049316 243.128768920898 277.046558380127 387.23779296875 330.375091552734 394.644012451172 438.863723754883 318.327306747437
-9999 -9999 -9999 -9999 -9999 -9999 -9999 -9999 -9999 -9999 -9999 -9999 -9999 -9999 -9999 673.912628173828 448.063655853271 518.932720184326 469.699271202087 389.949638366699 613.717384338379 610.12190246582 752.58198928833 640.823402404785 1004.65950012207 575.485954284668 517.570838928223 551.46216583252 459.153007507324 324.009384155273 361.65002822876 445.234713315964 317.808166503906 400.418201446533 698.600414276123 643.801944732666 723.805866241455 684.143060684204 742.857879638672 331.411094665527 422.219696044922 366.914855957031 348.897357940674 240.901439666748 85.2706069946289 252.481618404388 238.796102523804 256.646000862122 324.503765106201 345.310428619385
-9999 -9999 -9999 -9999 -9999 -9999 -9999 -9999 -9999 -9999 -9999 -9999 -9999 -9999 497.487365722656 453.572826385498 384.28337097168 410.553985595703 479.662781715393 573.980728149414 420.211929321289 634.629844665527 626.586494445801 824.513656616211 547.253953933716 547.821678161621 661.889413833618 565.191864013672 280.255401611328 337.144508361816 501.322227478027 437.655303955078 411.409309387207 416.246360778809 195.961990356445 721.328029632568 698.571594238281 740.60676574707 -9999 -9999 515.183654785156 344.94274520874 409.22184753418 298.664657592773 100.760856628418 359.168575286865 514.553485870361 498.544293403625 461.910873413086 316.353710174561
-9999 -9999 -9999 -9999 -9999 -9999 -9999 -9999 -9999 -9999 -9999 -9999 -9999 -9999 661.020053863525 421.407257080078 616.335350036621 325.747299194336 565.962226867676 678.12663269043 586.499458312988 761.813621520996 328.869438171387 634.253293991089 642.548873901367 694.679695129395 616.514225006104 556.433715820312 774.537059783936 525.310279846191 485.604866027832 142.609092712402 299.608568191528 425.730194091797 424.829147338867 -9999 -9999 -9999 -9999 -9999 -9999 -9999 484.416931152344 345.940536499023 165.144939422607 227.422891259193 418.316864013672 548.202440261841 245.849655151367 456.299545288086
-9999 -9999 -9999 -9999 -9999 -9999 -9999 -9999 -9999 -9999 -9999 -9999 -9999 445.891983032227 668.031173706055 399.396362304688 492.434442520142 227.501888275146 277.548950195312 465.48099064827 671.929210662842 796.929061889648 1026.0987033844 612.034496307373 623.248592376709 565.362943649292 688.050254821777 513.63761138916 785.202964782715 781.991187095642 369.443054199219 469.694858551025 378.168239593506 172.650619506836 300.376281738281 -9999 -9999 -9999 -9999 -9999 -9999 -9999 -9999 229.5588722229 240.681286811829 196.202548980713 172.734550476074 393.713884353638 416.4052734375 259.961906433105
-9999 -9999 -9999 -9999 -9999 -9999 -9999 -9999 -9999 -9999 -9999 -9999 -9999 599.184650421143 383.034698486328 366.992729187012 140.494510650635 180.056581497192 227.538040161133 583.677005767822 440.010879516602 381.799034118652 608.223917007446 461.195373535156 484.734901428223 702.82991027832 653.330856323242 514.56941986084 560.032314300537 835.998924255371 392.400959014893 456.902824401855 388.873905181885 332.043807983398 -9999 -9999 -9999 -9999 -9999 -9999 -9999 -9999 -9999 -9999 196.154239654541 223.118536949158 253.333162307739 264.58078956604 396.418102264404 101.572952270508
-9999 -9999 -9999 -9999 -9999 -9999 -9999 -9999 -9999 -9999 -9999 -9999 568.857490539551 600.550140380859 459.137775421143 257.062957763672 639.565292358398 521.840740203857 661.962868928909 628.201042175293 563.555492401123 406.443520069122 513.272613525391 517.5993309021 465.057838439941 551.923511505127 493.115280151367 704.230262756348 829.256820678711 546.452308654785 406.097480773926 402.355827331543 451.10912322998 -9999 -9999 -9999 -9999 -9999 -9999 -9999 -9999 -9999 -9999 -9999 353.01528263092 220.088890075684 159.082138061523 228.368041992188 336.535766601562 578.149589538574
-9999 -9999 -9999 -9999 -9999 -9999 -9999 -9999 -9999 -9999 -9999 510.177135467529 676.073532104492 534.666374206543 416.833072662354 272.238861083984 603.538106918335 718.813453912735 637.854484558105 659.351661682129 624.303630828857 986.878101348877 353.95915222168 479.700508117676 558.635461807251 635.069311141968 576.856472015381 692.337886333466 627.482864379883 506.37496471405 443.511600494385 303.664489746094 515.762962341309 -9999 -9999 -9999 -9999 -9999 -9999 -9999 -9999 -9999 -9999 -9999 -9999 181.193954467773 242.585754394531 281.307634353638 199.047004699707 578.81156539917
-9999 -9999 -9999 -9999 -9999 -9999 -9999 -9999 -9999 -9999 -9999 657.293746948242 423.541996002197 311.014808654785 351.431381225586 394.894622802734 442.271156311035 743.747947692871 618.910377502441 610.157415390015 562.622657775879 380.767211914062 464.931930541992 501.004859924316 433.238952636719 476.545745849609 595.224914550781 512.981834411621 558.139451980591 500.14436340332 446.749919891357 427.14111328125 -9999 -9999 -9999 -9999 -9999 -9999 -9999 -9999 -9999 -9999 -9999 -9999 -9999 307.466857910156 316.480571746826 344.618007659912 249.856407165527 367.461723327637
-9999 -9999 -9999 -9999 -9999 -9999 -9999 -9999 -9999 -9999 684.177536010742 535.622985839844 411.254211425781 617.784622192383 431.903106689453 523.636684417725 600.766319274902 587.819580078125 467.861892700195 586.711761474609 554.721881866455 475.988647460938 496.999549865723 653.352600097656 652.37797164917 684.42866897583 433.24967956543 578.118566513062 524.770698547363 304.935256958008 483.375026702881 -9999 -9999 -9999 -9999 -9999 -9999 -9999 -9999 -9999 -9999 -9999 -9999 -9999 -9999 -9999 453.397048950195 285.297470092773 147.290924072266 307.284164428711
-9999 -9999 -9999 -9999 -9999 -9999 -9999 -9999 -9999 -9999 618.051567077637 491.091415405273 512.112266540527 437.052238464355 386.925750732422 575.622123718262 537.903030395508 366.919631958008 479.503547668457 425.342185974121 441.357421875 485.59008026123 435.916061401367 550.513732910156 454.476844787598 300.383590698242 438.208312988281 257.193969726562 253.864051818848 168.103446960449 -9999 -9999 -9999 -9999 -9999 -9999 -9999 -9999 -9999 -9999 -9999 -9999 -9999 -9999 -9999 -9999 -9999 607.890332221985 234.53662109375 223.43187713623
-9999 -9999 -9999 -9999 -9999 -9999 -9999 -9999 -9999 711.579956054688 402.063076019287 536.455291748047 418.13794708252 521.528366088867 455.796167373657 475.687057495117 418.136131286621 458.167892456055 459.456680297852 1002.58016967773 353.98454284668 376.746994018555 550.404262542725 607.700409889221 227.103019714355 274.549789428711 367.756093159318 159.383659362793 306.807167053223 184.169887542725 -9999 -9999 -9999 -9999 -9999 -9999 -9999 -9999 -9999 -9999 -9999 -9999 -9999 -9999 -9999 -9999 -9999 -9999 673.576782226562 455.465257644653
-9999 -9999 -9999 -9999 -9999 -9999 -9999 -9999 601.614158630371 522.35506439209 558.730247497559 608.858352661133 425.78338432312 449.727264404297 236.032608032227 623.160842895508 432.126472473145 483.584953308105 324.416946411133 604.608917236328 610.374515533447 585.553421020508 471.625328063965 342.135328173637 368.893110752106 279.866111755371 164.173927307129 223.441028594971 60.8872375488281 -9999 -9999 -9999 -9999 -9999 -9999 -9999 -9999 -9999 -9999 -9999 -9999 -9999 -9999 -9999 -9999 -9999 -9999 -9999 -9999 956.067138671875
-9999 -9999 -9999 -9999 -9999 -9999 -9999 -9999 493.580383300781 531.453422546387 618.474380493164 567.763961791992 703.63720703125 675.715209960938 484.870277404785 510.230304896832 465.587432861328 422.185207366943 755.991737365723 333.559295654297 595.936195373535 462.225624084473 586.002902984619 288.858310699463 356.803659439087 234.836828231812 98.2633666992188 313.911525726318 -9999 -9999 -9999 -9999 -9999 -9999 -9999 -9999 -9999 -9999 -9999 -9999 -9999 -9999 -9999 -9999 -9999 -9999 -9999 -9999 -9999 -9999
-9999 -9999 -9999 -9999 -9999 -9999 -9999 549.746658325195 620.965835571289 649.190231323242 761.063446044922 618.56086730957 508.174110412598 677.742095947266 470.083339691162 565.403099060059 585.14234161377 540.649913787842 531.809692382812 342.997524261475 376.478487968445 552.347101211548 308.055046066642 259.143363952637 217.66286277771 196.837158203125 268.030221939087 -17.6350708007812 -9999 -9999 -9999 -9999 -9999 -9999 -9999 -9999 -9999 -9999 -9999 -9999 -9999 -9999 -9999 -9999 -9999 -9999 -9999 -9999 -9999 -9999
-9999 -9999 -9999 -9999 -9999 -9999 520.205749511719 630.515655517578 622.790786743164 543.08260345459 660.000839233398 649.479995727539 666.250007629395 771.144882202148 602.696380615234 615.990600585938 512.391792297363 608.655957221985 414.884111404419 371.67684006691 370.813148498535 653.37043762207 450.380962371826 231.561628341675 188.732601165771 152.153289794922 -25.4118957519531 -9999 -9999 -9999 -9999 -9999 -9999 -9999 -9999 -9999 -9999 -9999 -9999 -9999 -9999 -9999 -9999 -9999 -9999 -9999 -9999 -9999 -9999 -9999
-9999 -9999 -9999 -9999 675.878875732422 505.274936676025 567.059440612793 356.41731262207 268.133735656738 631.709396362305 612.4013671875 705.345687866211 701.558120727539 676.550079345703 444.704635620117 515.185153961182 644.246679186821 407.01456451416 265.735816955566 580.983909606934 575.181907653809 705.901335954666 223.713680267334 16.7956466674805 -1.65599822998047 297.186832427979 -9999 -9999 -9999 -9999 -9999 -9999 -9999 -9999 -9999 -9999 -9999 -9999 -9999 -9999 -9999 -9999 -9999 -9999 -9999 -9999 -9999 -9999 -9999 -9999
368.009956359863 237.707260131836 366.697189331055 482.980779647827 555.845878601074 378.183685302734 582.143798828125 518.272300720215 264.677230834961 560.775108337402 563.994178771973 742.281616210938 596.282150268555 629.507720947266 688.569320678711 669.363646507263 878.301058769226 361.861669540405 256.508941650391 431.407089233398 513.414405822754 344.342487335205 181.116851806641 177.900634765625 63.0827226638794 225.412734985352 -9999 -9999 -9999 -9999 -9999 -9999 -9999 -9999 -9999 -9999 -9999 -9999 -9999 -9999 -9999 -9999 -9999 -9999 -9999 -9999 -9999 -9999 -9999 -9999
