export/output/defaultflood.asc_corrected
NCOLS 350
NROWS 171
XLLCORNER 152620
YLLCORNER 418050
CELLSIZE 100
NODATA_VALUE -9999
[rows 0 to 26 of 171, columns 122 to 182 of 350]
-9999 -9999 -9999 -9999 -9999 -9999 -9999 -9999 -9999 -9999 -9999 -9999 -9999 -9999 -9999 -9999 -9999 -9999 -9999 -9999 -9999 -9999 -9999 -9999 -9999 -9999 -9999 -9999 -9999 -9999 -9999 -9999 -9999 -9999 -9999 -9999 -9999 -9999 -9999 -9999 -9999 -9999 -9999 -9999 -9999 -9999 -9999 -9999 -9999 -9999 -9999 -9999 -9999 -9999 -9999 -9999 -9999 -9999 -9999 -9999 -9999
-9999 -9999 -9999 -9999 -9999 -9999 -9999 -9999 -9999 -9999 -9999 -9999 -9999 -9999 -9999 -9999 -9999 -9999 347.9610698979 315.3593196516 304.2445971126 406.6757023844 481.0100163177 391.7562509234 394.0453561212 467.0867169565 500 500 500 466.2623825502 373.8275651368 380.5704342209 385.3156597964 492.5142667949 497.0997024028 -9999 -9999 -9999 -9999 -9999 -9999 -9999 -9999 -9999 -9999 -9999 -9999 -9999 -9999 -9999 -9999 -9999 -9999 -9999 -9999 -9999 -9999 -9999 -9999 -9999 -9999
-9999 -9999 -9999 -9999 -9999 -9999 -9999 -9999 -9999 -9999 -9999 -9999 -9999 -9999 -9999 302.007019376 299.5079454297 380.1475068454 414.1756244015 315.5793746432 304.193824044 406.2616512229 479.3555369808 481.4939806424 491.5659705244 497.8387796734 500 500 500 500 473.0858220569 482.1784282117 489.1747387456 498.0275682765 500 500 399.3489480721 408.9386124305 406.6802717989 410.3098106778 327.2509043007 330.573848843 -9999 -9999 -9999 -9999 -9999 -9999 -9999 -9999 -9999 -9999 -9999 -9999 -9999 -9999 -9999 -9999 -9999 -9999 -9999
-9999 -9999 -9999 -9999 -9999 -9999 -9999 -9999 -9999 -9999 -9999 -9999 326.7823918036 262.0056593716 261.6261463522 417.1390426509 403.5567304391 482.43975403 500 416.5824452548 404.443600811 407.8695232049 384.2329862276 479.0383374541 488.5392217154 359.1063184605 396.2668200284 500 500 500 473.3454133758 481.869696449 493.5588222858 500 500 237.287766287 220.1868359269 200.5865460315 416.7987855516 418.5750010369 429.9727343396 432.8995224076 500 500 449.3752932223 360.7929637737 404.7691004967 500 466.4038233297 448.8169151604 412.9578587826 465.7831019261 455.1137607548 476.6267846312 458.8877408117 500 500 465.0000853851 431.804676714 395.90311218 386.9179217888
-9999 -9999 -9999 -9999 -9999 -9999 -9999 -9999 -9999 -9999 363.4353089537 364.7138210306 425.1913835266 363.161087304 364.0164918659 368.2966584807 422.4254276401 486.0696193383 500 418.4297240306 404.0617256245 406.0182070653 382.4346279392 383.7116516549 376.3356143862 356.3743367238 389.0213595096 401.6940348186 85.1593715489 433.9677573643 439.7067854787 235.4312479499 96.3519816 111.3784527592 269.5472434376 250.3835274563 233.6652312582 205.4256249245 223.7375204646 500 430.2167851697 434.6518990163 500 500 500 461.5645243277 500 500 463.6369331233 437.2457911092 402.3061436918 461.8240955136 450.5094258435 444.6229436963 453.229140395 450.4844811828 500 454.4016584752 425.8885093923 388.7965711224 481.7058931901
-9999 -9999 -9999 -9999 -9999 -9999 -9999 -9999 371.031527365 475.9454026352 458.9896520107 465.1074635897 471.1004095358 363.442180724 366.183506507 369.7934523545 401.5534019441 403.6818863435 395.9266870475 386.1453584793 405.0493692447 304.9762700473 280.1341564856 281.0123585289 273.4096941521 253.3977759868 293.3564113232 399.674177776 81.5576294676 431.4474938719 339.6841956407 135.2598281212 1.7866316299 121.7306653545 283.6532161274 266.6471982123 250.2035979259 229.0677124643 232.7955530425 500 500 500 500 500 500 463.6885396208 485.1326245404 500 500 500 500 500 500 500 500 500 500 500 500 481.8090332734 482.6979745931
-9999 -9999 -9999 -9999 -9999 474.2952239484 374.0592904206 475.7550625696 472.4351597911 476.0269127746 458.2473753206 464.288449981 472.7123318503 475.3719918299 368.8060839153 394.0050911189 401.7839009301 307.324770558 301.045588368 287.7366089041 301.6656173003 303.7310268077 441.1403367223 372.0967052081 77.2909243017 25.634619217 166.5111225955 101.3704006398 -9999 -9999 294.3437511328 318.1943137479 165.3288854139 200.8562670311 201.3264152064 186.3801894115 169.1191106759 152.3719843424 142.9547668369 460.1335153328 500 500 500 500 500 500 500 500 500 500 500 500 500 495.658930385 500 500 500 500 500 475.2633186643 500
-9999 -9999 288.4514563231 308.2081272143 430.2352672525 481.3548043981 477.1756479274 477.7883758098 474.5714476575 476.7707828835 478.7822845622 466.16720723 472.317645297 475.3263715516 404.2658227716 410.9872717689 419.3237596372 324.0503667593 288.2087147624 275.3774268262 218.6359598556 183.2696099787 243.3969286187 57.780190409 95.8155250457 19.7800714114 165.4213022611 -9999 -9999 325.309688144 356.481313142 398.399082466 170.570886192 187.463298093 213.1633655898 320.2180374946 186.5458702923 188.7238146263 162.295807942 460.0501987879 409.2350797426 500 476.3505859072 474.0131437892 500 500 500 500 379.9045870867 306.3401369979 500 500 500 500 500 500 500 484.3073720002 500 500 500
341.7922251163 295.8459538675 395.8959825886 417.0386295996 427.470216696 434.1748901653 484.807290524 475.9104155973 476.3657024109 478.4110857013 483.1625432015 467.0236643944 474.5494441863 492.7438479286 496.7468727051 378.5159297419 385.2907288543 288.2156809576 140.6161040695 385.1710086069 380.332264208 266.8907990002 392.4480429477 8.1282941776 356.4669286395 387.6214499297 378.5119211147 496.2116739208 406.7481091298 416.3608589693 424.2728586189 403.3252268803 168.2752318499 383.9780924694 162.9103878558 213.9437719135 189.8681416476 175.7615585531 431.2854568074 423.425926803 500 498.9054809475 471.7204123611 500 500 500 498.3988783995 500 283.0700598217 209.7218755735 447.1366049396 433.0149781372 500 500 488.6321879708 478.4801181375 480.8361997819 381.8502829108 414.2795973857 425.5279844026 479.7725854553
340.5541029392 392.8758697163 500 500 423.3544506215 432.1315363581 481.862626381 475.3577108569 476.6376283256 479.398253126 482.3655884105 487.3910315066 487.8115419506 494.561040698 500 500 465.3850948189 368.5101799774 400.8280473345 397.1125659706 414.6108748109 403.6744667002 414.9528613716 394.4304882569 377.8378858947 396.0888375421 390.7355319226 393.6659706525 441.025735498 399.1348279003 444.3522705949 474.8756825327 500 370.155641033 500 500 500 500 500 452.2481083098 500 500 400.1114470175 249.6406904253 244.8900318376 500 336.1483478448 500 293.2065402991 216.1770075449 102.11515247 39.9736988222 500 497.0466714723 500 500 500 500 419.9978696973 427.8488299485 500
442.8786813558 442.8064687342 500 366.127933875 364.653089935 370.3937437103 377.0399883918 380.2211154353 376.8319719356 479.681973636 487.0850726734 491.9201140748 500 500 500 500 415.23775391 412.6912971992 416.8192186834 412.5047132646 407.1397171233 411.932075221 415.1406782651 400.0576527512 421.8171210514 415.721872363 396.090670704 465.358821422 406.6888860261 388.3381424708 361.9090379283 452.9252882795 478.6119189187 500 500 500 500 500 500 485.28732297 500 492.0428538341 500 220.8261739315 210.6863721972 500 152.6765418102 500 246.2272078978 295.4589141923 500 263.3429959903 369.9315337261 166.9456524411 500 500 500 500 500 500 500
448.5327651744 418.0842778989 351.2837945557 367.9651997139 363.9877826207 366.4049824275 373.2494728207 381.0599256433 374.4094919406 486.6181777727 485.8068497047 491.1201591613 494.7869892599 500 500 500 447.1391964698 425.8694233625 407.8575053303 423.465580807 427.1375686489 423.8856600657 428.884358225 432.800400243 425.2533084229 406.1545161521 377.380080339 440.6714743163 413.428017634 426.6967996408 397.0966065489 491.8344878534 499.2449549051 500 500 500 487.9840923805 500 500 500 500 208.1877923049 429.5885064887 500 500 500 455.114474217 500 500 182.625361919 500 500 473.2539149134 500 0.1750425992 33.8844986201 187.9963772684 30.4374892843 126.7786160606 492.1958650315 500
423.1483463186 421.1158219952 352.987663234 252.0174099293 259.6864446409 364.7947884479 367.1684421478 369.380394067 483.494208078 481.1066927809 500 492.1758509895 498.5209117322 500 500 448.1752777736 468.0536851972 433.4032989215 391.752065429 423.0240538211 436.2150666833 438.1211738536 441.4890307223 468.866426841 443.7814747511 409.7904902158 423.2603617364 486.7379138646 441.917653383 496.6938568073 422.1452740628 473.5723340322 478.9538868789 388.3397414129 500 500 500 500 383.4536911954 500 -9999 308.9474165925 325.1420242695 500 500 500 353.9734162989 500 500 278.2412869004 500 473.0989272776 500 482.9786933139 201.5800514971 -9999 500 257.9643308147 59.4293165524 431.9095629808 496.5054573114
428.0656618358 328.0366889649 315.7887970825 286.3008529159 291.8967516975 255.0647035902 357.9318681727 473.6242226514 473.1695669597 500 500 500 498.6414649796 500 500 457.3323007786 465.554958022 500 447.8367487881 451.4595766098 470.3859461171 452.7353448004 443.8195192406 465.2724041572 423.9928619037 428.1630253211 480.8394954399 473.7992169763 456.6481585558 488.7725204605 494.0253512381 -9999 168.8606610852 5.1096783987 162.8936435194 493.6142810088 500 466.9735071019 455.0594556646 500 500 500 324.8316969612 500 477.9697458101 500 500 500 466.3411378871 500 289.9511272737 495.4611926537 500 381.681764492 440.573593749 448.5047681222 403.6603168946 500 -9999 500 500
352.9186361854 325.5995929568 318.6911876042 308.3288420141 275.9291185288 305.1898529993 355.1015164857 462.1191015342 500 445.4927433067 500 500 500 427.5914483279 438.8809718108 500 500 423.1754510993 453.742712083 460.3672933054 500 459.5219099711 446.8673575745 486.4572406116 477.9797238681 497.4810606148 499.209214239 376.3690245628 -9999 455.9962335962 497.6311716515 465.8528291774 468.7534188596 478.7722888619 435.0479387672 484.0171222536 481.4795376425 400.3819035517 443.4778725757 482.0834476979 488.5511521224 500 81.935434251 500 500 500 456.5637769799 500 500 500 427.7788323809 500 500 500 275.6634200593 398.3245130282 406.0400637498 500 478.2332460147 226.2254989646 -9999
440.3529229116 294.1551501173 412.623067734 389.8223888183 357.1695933634 493.8322294369 439.6083834795 420.7924660296 500 467.7858899644 500 500 500 372.2404560171 449.8091840608 460.0266433625 500 488.8237297948 462.8897818002 469.8051205192 500 458.4337823813 406.838711927 -9999 147.2295535233 325.7833947285 467.7639222008 500 497.573076876 483.973157519 476.666490053 479.1717528148 471.765432428 483.1343712943 458.9121774256 456.8704442049 483.5138496854 471.2842731195 443.9847785081 500 483.8468901448 -9999 500 319.3831859445 500 380.435095465 500 66.0071535014 134.4053672423 251.256001029 -9999 500 399.3164125022 500 275.809134876 349.5752545126 451.033031099 482.9151684852 500 500 444.4329737301
467.8469528654 390.7201630171 430.6048870594 401.3967494794 475.8687458804 313.1193696327 500 420.3582003485 398.6442651935 374.9149416626 443.8667979839 276.591938979 465.2795722702 385.7675465276 474.6267662254 500 500 480.9383346902 463.3203451603 469.155154811 284.6951725571 224.3848659065 392.9849941538 381.9087359258 428.8318693612 434.2038745694 457.1221769939 464.361749633 458.6682414239 486.3850517336 493.4896406836 487.0539265017 477.6945950465 484.9921134958 474.9477872248 449.8916411115 417.2390272102 449.45802191 465.244637493 500 -9999 -9999 465.7340874474 371.5807808637 500 500 500 500 208.0544229306 500 432.9599242253 500 500 500 -9999 225.3341215425 374.70216442 500 370.4858450248 500 500
489.7003594853 412.5707696073 397.4182231616 472.3379399217 454.6866772401 300.0218462371 353.2709636111 432.9416585706 481.3141530829 372.3757869366 450.4262110257 481.0568134555 490.3822145108 -9999 500 500 500 484.4549989274 -9999 358.3069408875 492.6053092059 500 436.6938508644 396.1326887806 337.617626575 446.9078361542 452.3467440853 500 471.3028400637 492.3656553515 486.9623358151 498.0388534594 491.2937996074 462.3028818917 472.8461363213 444.6775627399 395.8936738263 470.1670807469 489.963264136 500 500 500 500 180.2965973822 500 500 500 500 500 500 500 500 492.7881482598 207.5853115496 488.6294562181 481.7753932171 500 418.3833775603 500 328.3074311108 333.4851905748
450.7621414102 449.85507753 500 500 500 500 -9999 196.4437272976 395.5150896098 280.2049362062 24.5610556213 30.2287424279 311.0730059346 -9999 -9999 223.8643977684 500 485.1474780279 500 500 500 500 475.0177930928 462.9183460295 444.5400223424 480.0400347367 466.2990491643 492.9514314048 486.6245891774 482.7897402154 484.7064277608 482.0094446922 484.1206963145 498.7581209645 22.4075335851 240.3888112129 485.7530506072 453.0216710404 494.3670115461 500 453.6779308898 471.4386976043 500 143.4337243046 66.9452746873 67.7704854831 383.9967361728 428.8195077762 500 500 198.2669112984 500 267.3122176182 500 500 500 500 401.8129019218 460.1629716287 488.4253370638 500
477.2340209686 474.2610410337 -9999 -9999 274.0955191053 408.4210684505 473.3116667978 500 500 498.7735938094 500 500 500 -9999 500 498.9198638404 484.693797461 477.6721009785 476.8490422516 500 447.0020345498 474.2052386662 471.1321247124 466.5719628483 472.900941609 500 457.8458767197 483.0957259392 500 493.074915031 500 500 487.319963291 489.9624223575 305.4710645208 457.8141775528 441.5593312379 471.3801899519 229.2259567919 500 500 459.4106597153 495.2733703067 500 500 500 500 500 498.1217757286 500 500 492.8776680706 405.6998197853 500 500 283.8891580465 338.5954873072 500 492.1772011339 500 329.7977091748
0.0369634166 500 455.9538958927 -9999 487.5060956804 445.5389551027 500 500 500 500 500 481.0158218334 500 460.6323587695 486.1396968026 482.3827066656 451.7630779459 491.3102307675 451.6250364895 389.0772595477 461.3247866832 479.8136036551 488.169166424 414.6011534467 474.0154730974 464.7948546923 487.1687780918 500 500 500 474.1342009198 500 500 500 429.0450417368 452.3014124292 -9999 460.2131689103 500 411.2124583673 500 500 499.9110992944 500 500 500 436.3847145892 419.523799745 316.4800520931 500 500 450.6761514702 412.2639698638 394.9120406086 500 500 500 500 500 500 500
500 -9999 -9999 -9999 48.0929972174 261.4060960075 500 500 500 495.859396519 500 489.9102523143 495.039146505 500 498.5321447013 478.8203785448 441.9423510402 454.6977777886 446.0821399651 484.5692999369 472.1781171932 486.5978310169 480.3601124741 448.1009021319 453.3707271636 475.8007556197 500 457.1201025489 492.8358400632 489.3030607788 486.8554444485 462.7828769635 458.5275471635 472.4377164978 82.8683715408 500 465.6902497047 500 500 368.9233133216 500 16.4185426154 471.2626189436 464.8412491055 278.3430367026 500 164.5226301544 423.9118026149 368.2596127223 -9999 189.5033800351 500 500 351.504409146 492.633373842 500 -9999 500 500 500 500
500 500 500 500 500 500 500 500 500 486.6063361428 457.7970940214 467.8825882558 500 477.8930212918 500 491.9111843032 495.8168221971 461.9837050216 485.5481608795 469.8039512383 498.2081526245 500 464.1249415622 472.1224476454 473.7870786632 480.9716692185 489.5092290791 471.9081209593 496.3516123502 471.7940053045 472.6437861963 480.8628857324 468.4357967444 500 500 500 459.6727527161 500 500 403.5177337907 214.412578256 500 370.0531981164 455.3040876246 247.9644662115 440.3958375764 500 500 500 500 431.7758136805 500 465.0823959643 500 337.9267502356 500 489.8988829457 500 500 500 500
-9999 67.6023950736 481.1663364103 392.9656450953 500 500 500 500 486.5776191408 500 500 461.1896299528 493.5604368855 471.094585514 494.611479584 487.338517587 491.2298735486 462.4593916687 492.8099588991 482.5988053852 500 492.659638699 500 496.9405368582 492.7047046997 500 500 499.2231585656 500 475.1213082286 478.6817120834 497.9970163814 500 500 500 500 497.2136189048 500 500 443.6292910415 434.0962507273 450.168148271 500 428.6451755095 474.6061854829 219.3167630478 476.7243042236 500 462.2933307128 500 500 500 500 500 123.4411252736 500 500 456.756118065 500 500 500
500 500 343.726846706 483.7590489339 487.2058420389 500 499.2470535971 500 500 500 484.7939927384 372.2154863147 410.2917386947 440.5554616188 484.5898793886 500 486.5274010614 440.7514302875 474.5074868959 476.4522001926 484.6050342323 496.2966250931 500 500 500 500 500 496.5812251381 500 500 487.520903863 492.6841433826 489.4076331672 494.2208476436 500 500 500 484.9401373258 500 439.6250836805 171.0438007556 353.366305997 500 -9999 424.4613851978 500 500 500 438.6090836837 500 500 500 500 495.9995779448 500 500 500 500 500 492.9295851711 500
500 500 437.5951038528 500 500 500 500 462.7999723939 500 500 480.1879242381 306.5875248637 369.1519332961 447.2247854795 489.039793754 500 491.3118634308 488.7749587489 495.9961948597 500 500 500 500 500 500 500 500 500 497.7427283311 500 500 491.6691115405 496.3719810315 500 500 500 500 500 500 500 42.5575508269 500 265.0641131375 494.9591738425 500 163.3282555492 500 478.8439035258 162.0623378998 213.4015068596 500 500 500 500 464.304709377 468.7048748093 500 500 500 484.8124547253 500
408.5752114697 500 500 450.3899789282 481.2446989047 500 500 481.137779833 500 500 484.2255918124 500 490.9074997261 484.2767295923 490.8236673328 500 500 446.8591371584 500 500 500 500 500 491.3707050453 500 500 500 500 497.8022961845 495.478592231 500 475.7361070477 500 443.5873600051 494.3257615794 500 500 500 500 500 432.8886443799 457.2099198262 500 422.5732729393 487.5463403105 434.5412472461 500 498.8534395746 500 500 488.7063474192 500 488.177663943 500 279.4535108533 500 500 500 441.8432421271 500 486.7325391664
