export/output/defaultflood.asc_corrected
NCOLS 350
NROWS 171
XLLCORNER 152620
YLLCORNER 418050
CELLSIZE 100
NODATA_VALUE -9999
[rows 108 to 134 of 171, columns 244 to 304 of 350]
500 456.3233370362 500 500 500 129.4233459972 500 103.6983182322 107.8307267784 402.3448706964 258.4833852263 350.1312434706 326.4797884729 -9999 -9999 500 500 108.377873131 418.7212742508 118.8553631799 185.0364381181 194.7919244768 181.7523689999 319.5905492595 -9999 -9999 254.8482287098 344.0738480217 415.5862361147 419.7464024765 385.8332277164 317.3586280059 333.2830985158 409.4658874888 391.0868124384 234.1978990494 241.7089346438 287.5749231603 300.629985297 385.4669208906 251.9498449998 325.5835454506 279.4293396939 356.4556197813 440.2265770847 445.4504258397 320.2028289846 263.3986702381 364.1336463798 470.4348492097 500 500 417.9702681436 385.6485671272 325.5349160227 171.6815451501 404.0702738788 401.3549102867 419.4755050467 492.0479222315 418.9795688593
379.8288878419 -9999 424.9096109923 446.7500764111 183.1957589167 324.2347947875 500 500 500 315.6400981474 37.1004194001 279.455227818 473.7614396853 67.8102471078 -9999 454.6340588499 102.161994901 421.1975756992 297.4134108267 407.59562013 278.0368822159 88.2656184938 259.8385283667 282.7331962602 -9999 143.652862817 -9999 285.774068191 166.9894551269 367.1065204459 386.6998942961 356.003059616 314.7352878791 303.5470095807 337.0461612355 264.1740369316 272.4430054627 377.8829710261 311.2216162047 293.1665743989 313.1988599144 310.6797491924 287.1152105946 328.5005341117 155.3379321313 368.6924959988 361.3847481468 336.6646699856 360.8575046193 469.1219391587 500 495.7256960551 398.3301303474 224.2537288341 242.8464891377 306.8569734131 465.001266988 500 417.4006089369 393.7696300499 485.7857384514
5.8368707072 430.0275126892 297.2288865401 65.995778324 500 376.4504290472 340.7402802341 500 439.0753445292 500 47.0050124839 291.3092505527 486.1416117631 38.6424604181 289.143458362 392.0496004763 500 366.5830614815 174.7572466127 210.4722496627 248.2913366934 342.4057747651 199.8491870285 61.7572439824 264.6331819195 229.550598705 369.9148570772 323.4792508544 108.3912440795 110.9572049013 -9999 236.2013359952 401.3481069802 330.1564781803 250.888863493 307.7560874258 308.8510432346 319.7306129497 319.895224256 330.4910286389 173.3564313588 245.7321830746 186.349142662 212.6680084845 203.1970287378 313.9615247405 414.3998063007 475.8388837992 398.7685658883 399.8523465555 500 438.7162913661 399.9372085543 500 352.1668473583 425.9747727878 397.1175888948 374.3578535421 325.6465196948 428.6887150891 441.7647437664
500 393.2747136444 252.5464942366 372.3228474426 500 377.6334074906 341.2455636734 500 500 406.3900148621 500 500 500 42.5931388795 500 500 500 407.1565513098 230.9020580642 430.5737572439 330.4934486647 433.7921387327 404.3390193296 305.8372169015 285.9636469241 274.1712098615 -9999 218.0733178022 198.6642057415 297.9660998917 158.2487824949 -9999 307.3371746695 334.9685834077 249.4734323761 321.8129585897 289.268535014 320.8454948401 269.8967030536 338.5564252689 191.9813089644 210.0099738137 44.1687271434 204.7664162854 266.4358173036 243.9418957079 353.4662119498 381.3134215882 342.6595780854 379.5208667461 446.9795221755 428.5983546819 354.3938332257 483.4708965546 367.5990448202 302.1840228437 350.2808021165 500 500 418.725790918 484.3086653969
500 382.4896045902 247.9836661408 371.0548035628 491.4483223476 486.5158819844 363.0071038387 327.712633824 359.6724330856 500 131.9309348736 500 499.5015337695 419.0189832214 462.5507185622 332.0299006054 500 500 315.4143852184 208.0306607771 -9999 238.476452478 425.4419166722 408.2900029696 357.9481878382 301.1747111822 342.0733988234 338.5393540887 -9999 134.9745495476 105.4905352474 173.6468101943 259.1025692066 156.0758393246 236.4882664544 239.8808422934 288.4268988775 248.1939022852 215.1803913264 222.0355651068 309.6904740186 142.7691052906 147.1297213409 302.6552109119 361.029973611 339.6571673905 450.1599032186 478.1459352552 401.2800457006 265.3708323989 302.8704020772 344.9858717449 428.9413808382 329.5980054461 409.151598807 295.4708642752 307.2921831598 305.5013236573 165.0750293988 398.6487819731 418.6578714111
480.0461396365 495.621318706 385.5938390604 -9999 498.5239417257 401.7751876468 500 414.3104941725 500 412.5043937786 360.4905641382 39.080612377 500 500 490.9212502654 500 500 500 500 500 403.7276756898 445.6758954954 424.4521754177 422.3214956569 430.6432024253 407.9223436087 364.4668906977 292.308955884 326.4658683929 344.4832897469 301.5060175812 88.4924394726 139.3088898944 188.1296034558 -9999 -9999 208.4920484932 244.1279321772 237.9574677943 291.3382430166 408.2711532501 239.5736001986 237.3162211314 488.5895524372 486.8224593816 500 500 500 500 357.6987405992 393.666756076 434.0298804942 500 284.6996703457 324.6574355473 271.492987995 294.8556777446 315.0186971156 338.6938973979 259.5399395768 395.7349670531
488.3504974425 500 497.0356024254 410.5687110011 500 500 337.4440218543 66.9247546188 -9999 482.3873195375 500 500 -9999 500 -9999 71.9569195789 500 500 482.0927437398 500 494.944723262 218.4928496054 341.5559384144 452.2207401943 433.7000799442 438.9037621608 413.7980641656 210.0018016187 415.3686346839 458.1998007974 378.6196033581 365.3932108577 251.8226663555 144.1122302388 -9999 -9999 235.8965089958 192.6937531433 315.049358815 396.5394122609 499.330342704 485.5116690993 478.3259790965 372.4445553966 371.2159707935 412.7812567605 395.6747399231 422.5802740691 422.0269428102 403.5859173808 439.2236879963 440.6920094019 500 375.4203545822 419.3515383581 322.0887794663 337.5513728908 328.597321916 307.6503653754 388.2510951931 500
500 490.6744493586 500 500 500 497.192560025 446.9581461676 272.3481364901 454.1372212403 500 477.4135672082 77.3998458157 500 500 486.9486505035 393.9713509905 468.7734919271 500 487.1471573247 500 500 457.5922195062 454.5471943955 386.0246975759 410.9082424759 454.3503396911 372.2977879211 270.635585349 326.9982590946 321.086745855 456.687941916 405.739973487 318.1691023262 295.92983771 40.4840440213 -9999 112.3793048188 297.4202291952 391.9527982027 402.6474654162 409.9005353146 386.4456828999 372.6866260305 356.9953253405 331.792357311 356.3293289281 379.186789494 397.693530218 389.7418040683 378.3036101991 389.9494923472 408.7900425256 404.3470626303 405.7005584643 500 405.9845306076 266.8312722053 317.1495409796 341.1677212091 318.4642192311 233.2932068772
266.9090251224 230.3428291038 196.8831603288 263.1001930411 420.6197849202 318.6639174743 279.3243830488 -9999 469.1938393181 441.0053201742 -9999 500 500 -9999 500 237.8179925658 227.2449661135 500 500 500 500 475.2545458875 500 478.3557161725 451.1727634331 380.7170022664 364.9249346477 425.9597274801 352.1991552629 337.1240138911 371.4118830219 380.2782645442 203.3770191967 298.918200081 240.8683750595 214.6489904458 51.2858171828 351.9050745873 315.1445081214 420.2347752527 361.4696257443 -9999 -9999 -9999 -9999 210.9923957694 329.3992263429 268.9592722389 385.4983370227 392.0925739443 354.3870533193 380.2917173861 378.348085511 412.6939633517 424.7147223741 500 348.9989761696 401.7512206709 245.6046729818 78.0724482531 457.4108476431
500 500 493.6407544077 332.0744436479 149.1453085455 500 500 196.4498373206 476.3814975457 494.6124141565 266.2580001345 467.7262834342 179.5314626833 500 492.8907513486 335.1822693527 285.3773732422 433.0582557154 500 500 500 500 487.9358719755 455.4960473009 500 500 500 430.8485146202 379.54159283 339.0971162886 339.7259846802 301.3568840684 224.2062936752 266.643879027 350.6861524379 403.2935890129 420.8270979379 189.9476089254 316.3624384208 226.736182332 95.7639615223 283.2218393247 108.1602166139 0.528942895 -9999 -9999 -9999 102.1501196447 272.7946996287 371.9710337755 381.7727022411 376.9173697814 350.4523025371 347.7018618609 368.363729408 383.217958825 400.4331342243 500 341.0225708732 291.0623805226 -9999
429.8417246859 500 500 500 500 500 500 373.2728812334 497.0998997181 418.8304557628 158.0357378355 476.8552531752 58.5082732435 497.7284934497 397.2260291102 500 439.8566465025 402.4116168385 478.9058427008 500 500 490.8861045359 500 395.9798340531 419.0868884618 367.8933082237 409.4484761402 500 460.489950954 434.2368971107 360.6435299278 284.6005900842 238.1218324156 399.5146831589 500 493.6840236186 -9999 -9999 308.2078296188 167.8866716217 -9999 142.7449747484 53.784668467 16.2801785988 -9999 -9999 -9999 -9999 -9999 -9999 -9999 137.7279848785 144.5573419291 301.9094716232 287.1295938028 337.1263981252 380.6951936915 409.1524650242 357.3236360648 275.3323811641 196.3031095674
500 493.4911200375 500 500 479.1461293241 500 500 500 500 500 327.9015129668 82.8913736263 402.4777565424 401.5656114256 78.2230129224 500 500 415.7242538594 479.6606514449 500 500 500 500 500 384.8828423492 341.2567021451 390.1999514714 377.8736822183 469.5745139677 481.9130632241 441.2335415999 284.286099827 317.6122521532 316.8512617928 392.7141006303 488.901787517 455.4095997591 -9999 357.6790813008 252.9078704115 62.5971006643 -9999 21.5265210642 -9999 -9999 -9999 -9999 -9999 94.0987056708 78.753563489 -9999 -9999 -9999 -9999 -9999 144.8906384882 237.3974411769 313.3252050331 500 353.7913659005 163.8782967401
500 500 488.8868070732 500 500 500 500 500 500 500 305.5068395864 395.0607536167 410.818773509 387.2781780148 427.6444727531 500 437.413277441 408.3044550393 500 500 500 500 500 500 500 413.9414795815 384.0734814618 394.7665048935 407.685971427 439.613385351 494.9187754514 357.2889651248 445.8670783444 304.346293084 318.8012989095 390.9877547291 452.2600944171 434.6232695341 361.592045399 291.9601611095 257.4977232671 135.1206672999 90.0677818654 138.3123855141 -9999 -9999 -9999 -9999 45.5957952231 120.1240305349 -9999 -9999 -9999 4.9148722905 -9999 -9999 -9999 -9999 171.2872808744 25.9161289771 -9999
500 500 500 500 500 500 500 500 500 500 500 500 500 500 500 500 500 500 363.8023865276 482.4679835188 483.2096112354 500 500 500 472.2352600161 500 419.0576727706 403.269563136 383.1297976402 390.0494349379 442.2064436733 441.6219455554 348.5890282283 386.6616781674 300.0412213549 351.6722374439 481.890208823 437.050549971 344.8361443001 324.9888556653 253.6463777336 113.2455846284 67.6461357383 82.4509147288 108.917671849 138.4507490269 -9999 -9999 95.3046469526 261.9250819638 -9999 -9999 8.9830433471 101.1957231358 -9999 -9999 134.6185796143 223.8541433632 -9999 227.3320462312 -9999
500 500 500 438.3628317049 485.0609964366 468.9752074448 459.2643292996 484.8900930105 493.1774523101 500 487.9394688073 500 500 500 499.3780968299 417.4175714991 444.6075356795 456.0850460518 447.5416537158 500 491.4674589677 500 436.6629340211 452.6539430128 500 483.40524369 484.5329134481 367.9164897234 402.0982165085 373.0435319231 414.2467990464 314.714960073 462.1240720922 414.8260787091 301.9042855341 337.4379385983 324.4738376949 280.5654768419 431.2643631448 315.1748120106 219.4875591392 131.038864809 210.9122803169 188.7576905863 286.1850041161 267.5809792261 221.388205802 191.3049383332 221.4441488166 247.2392753664 228.93415969 83.9739342137 158.1440999677 165.5374004417 155.1164705533 52.3134954264 40.9775782681 99.8207819801 -9999 185.8540477051 34.6857796033
496.5687799114 477.7113437482 493.2878559308 488.5791472122 475.4879069325 399.2244140825 471.3071626334 453.0802921015 444.7632511024 487.5070673546 500 500 500 500 500 449.7504760473 447.1697751558 464.7166471234 156.0752554556 462.9954040104 67.5128173281 442.956773494 484.3941216844 500 496.3000053722 478.6466555237 486.865151156 475.1641274825 326.0903259501 342.4014335833 437.2846689388 500 417.3161179957 374.4129700127 251.0116485095 234.8360019552 307.0676195427 297.7525426306 361.1852129585 343.805054679 245.7500411595 176.3030190354 238.6932068476 263.3788715438 296.2634014748 271.1394018062 333.3021399353 318.3583396214 397.0655845302 315.0955051133 329.0329603529 293.4754618385 239.198456855 203.2852817799 346.1258529407 300.1304085646 -9999 155.4843356728 200.4091220521 183.3913454598 252.9455059924
449.2182135497 500 461.1137873827 455.397797089 450.2217850061 411.0603562536 418.0421977132 470.0607273291 389.9350987876 455.6554743991 451.1835715601 488.9496121099 447.8777359171 500 500 498.2071871645 404.7296782802 431.4936128445 435.8020101743 417.812681212 -9999 486.7142972592 480.9951570522 486.4071695899 489.2349449556 500 492.2703478967 486.0518026783 466.3657661369 420.4075183732 329.8084121758 500 383.2061303098 312.9513631752 324.0633043771 213.5847559804 295.1412998805 151.516077929 139.6667304594 337.2665090781 266.4792803794 238.1462441605 293.9338477868 285.3677487632 307.1299327576 383.0075632307 375.279959775 394.2175641297 404.5801520035 405.3475602135 390.9568779009 376.8148755989 425.9743945769 313.6269103036 372.6454489007 335.9766652647 136.4657927603 148.2409337514 211.186229376 113.674189498 168.6871211233
470.1716997179 456.9423403193 453.3142108097 496.671221903 495.7758209408 482.1699395417 438.0731951637 436.8238291699 414.7253087566 438.7489565431 445.7107217806 435.6830657758 491.3708929133 500 500 500 470.3871918542 471.3167105982 47.0878974055 374.2730956836 438.591988034 471.6380085481 423.3047156825 424.6533125189 439.3833484211 -9999 496.1767381827 500 494.1149343931 391.9017036989 438.8744628083 466.1718692752 500 429.7086521431 371.1087608645 409.3891657986 418.4090733866 337.0198207186 229.1864473925 379.5708391613 303.9016822925 354.7291910709 331.6088718222 336.2970464403 346.8508107932 394.9788548633 399.6694831152 404.8879528984 434.5646423017 386.9962354794 366.1034006325 302.4646849832 382.9898028558 404.5972074457 386.086324574 356.9863416567 215.1804908223 263.0959633639 250.1956582886 102.3343014173 -9999
452.1015371368 463.8474109611 494.7995183953 488.5345277565 479.2144892917 470.3532685982 345.8053520693 435.8440030047 459.4919713699 412.0862328891 408.8566347972 413.1913990887 456.0134163745 485.1887989185 500 500 500 -9999 434.4025170484 343.2922620311 224.7328442562 458.4384293939 435.9994302203 450.474318866 -9999 500 483.5688546661 500 500 441.8913247949 448.3816807568 461.3082120955 463.0750602887 466.6158860126 399.0105626558 366.1274729691 400.9915385073 352.100720141 327.8079409776 291.261292513 333.537882158 365.4944451455 363.2878201218 326.6427137668 379.398062007 398.1071260962 435.701301536 433.9833246665 458.6181691588 435.0892375638 414.3550789889 397.4860587353 329.9043105711 395.9276475585 421.2215186013 411.6354603278 220.4210426562 276.2878900149 -9999 -9999 98.2179760497
461.2125853401 477.9829414945 477.8131639947 494.4912467778 451.5132167035 430.228007399 414.3431381638 434.7818159368 405.3596865164 437.8887688654 374.745005668 357.4889158365 441.756021147 466.2684805155 500 500 500 500 500 -9999 400.9332447644 435.8912784173 447.416686785 278.4075140606 473.7022610038 479.8419252383 473.271702714 500 495.6565208908 466.4671587827 473.9125922052 480.1496144743 479.9279210391 486.0167513828 426.6640392026 434.0995350065 421.2221539277 408.0919724477 337.3977591033 380.2088013899 361.0723902462 360.7313672194 322.9642321099 354.4442417457 343.5894668158 316.1734210279 383.1916630143 418.4380013487 435.7234147435 461.2442374324 476.4328584678 496.4927313148 473.7736744506 307.5152432811 351.7571939639 307.1754102471 264.3396885823 189.4977631555 45.2949462251 -9999 -9999
467.9849044763 467.7581988174 495.9778793245 464.1100011208 450.8720500865 420.9864361042 358.7362407918 410.8900906297 418.6273499174 437.0656492236 397.6446365353 376.7155275692 381.3319521904 447.2102540309 500 500 500 478.8014429364 470.3909444162 459.5865753867 500 397.1787976967 500 430.125176064 494.8539721344 479.7316144596 475.7466080832 500 492.2891833241 479.107927773 458.965984379 460.5295891968 450.104663077 467.3307339609 500 400.0251156804 423.5069864533 375.1083184813 307.2752242899 392.2339594723 301.6885652222 307.3577895581 305.8528226216 388.1811486171 268.7512467087 58.5223249709 373.6758587836 427.5416376265 380.6508147923 371.1653381912 412.7485552481 477.7250685777 431.3866689455 421.2472233698 151.8811764585 255.3889993753 123.0859901944 141.5211709917 242.8530047234 -9999 -9999
468.3491912612 479.2581336584 489.3098984387 432.040163369 460.9430778575 428.9343978755 412.3007964087 403.2954561317 418.8413911997 459.3726189694 406.6032285995 389.8329749337 459.612439624 500 500 500 434.4462543328 468.4441478183 472.7773597516 472.0813251659 445.6593099324 452.0835145595 429.8110962163 449.5632745942 457.0079789979 466.2119072499 488.2109691999 470.5328364128 493.1079530344 476.5145519166 468.9033327019 449.6379666751 414.6945229834 445.3432678032 476.0078417023 420.0792625596 422.6827790373 291.7183126605 278.8136384032 389.6647472318 339.1213935043 196.7833260791 302.875906161 289.3124533573 217.2449340022 248.1238086951 233.2036580466 279.8616458609 422.0463259753 254.6545803649 341.3882874179 278.6611045048 462.6084596544 441.6537875206 397.4108162748 235.9627043829 -9999 229.205265643 232.5668300708 -9999 29.6431819824
463.4949887757 472.3799543499 484.6492929018 487.4837569025 476.5506088052 424.1667811643 407.6530825621 409.5855008623 395.6089806214 446.5861408093 406.3918230866 418.0705513669 471.5612561184 500 500 500 482.5927274966 453.6213112052 459.2484465321 444.3941184247 448.399038495 435.4099041811 426.3364987002 445.7888250835 450.8665332156 452.3341106864 500 466.2420982016 492.3843755491 481.3268864147 478.7395974309 413.3094451614 419.3556682368 344.6052051199 439.5467190035 468.3316181526 475.8312648063 445.7686763527 447.8429062635 217.2724794929 218.608742236 350.0342821671 367.2272309412 202.097757163 80.7912960599 198.3550863284 152.1154240453 6.3153630063 174.3142521133 408.8935788479 265.7348354018 294.1621691133 324.9819142639 450.583897268 445.5583065076 162.0597498855 60.44103632 172.1541232583 205.6222637305 43.8765850883 209.3776046769
456.7334021834 462.8915211885 471.2900140474 468.7848185614 458.67649215 404.78775289 392.4907460383 393.4499786472 395.9123140126 419.7460103107 392.2148429938 448.0430212123 500 500 500 476.5719611879 467.6945732941 462.5264204653 452.7952961797 434.4431557931 413.7451983565 439.1685156141 433.0399229847 458.8199982763 440.1727030251 367.161662389 462.7877721106 473.5046753365 478.1197054024 478.3526648601 476.4574883629 470.4392056285 477.5460393108 480.6021122633 495.5241101338 483.4960826513 499.6071858864 493.4172421873 500 500 500 500 483.8099415836 330.9268247676 267.8426944908 159.6214109042 107.0688396299 113.9114059845 191.0540692778 168.4726930622 343.5559509621 385.4276896063 305.6835991889 451.323716537 299.1194101759 189.750514627 301.702677708 109.1942567142 -9999 186.3550479458 202.2643319887
429.1502206044 443.4636733748 425.1916158183 422.9613792475 401.927974077 413.8440637535 378.3475426034 381.0042232894 391.8447623324 401.3409040732 377.7899420943 500 500 500 500 377.0748887927 451.9104440551 457.1911630053 432.7520666434 435.8646542657 403.3550464862 428.3849835491 453.2610888749 417.5361520999 340.2443832491 461.9952073678 457.5717519512 467.0365343295 469.8083776717 488.8439292078 468.7385647742 491.7460995621 500 485.5444536232 500 500 500 500 500 500 500 500 500 471.5676933584 487.3421772429 353.0360341083 228.4582612106 97.7070891546 266.8603654892 95.3051899072 197.8188579503 271.8854339045 249.5553060456 404.3173496048 288.4097380586 183.4164509332 229.7856368197 208.4685115023 -9999 -9999 128.5262989511
435.3239766663 425.3743809452 423.8574299835 410.4687641396 410.5727335356 392.0609347628 390.7250604857 379.3192484808 361.0877181225 358.8248968196 480.3461921957 500 500 500 435.2998219547 417.2349733839 500 430.3403817344 433.1553803187 438.2439090588 441.5739513276 444.8660913254 471.9864167981 260.8007999221 184.548882461 436.9679368048 449.2357996253 457.6748230932 482.1905338907 486.8430928781 463.0776093879 481.4415416398 500 500 500 500 500 500 500 493.4928669312 500 500 500 500 500 500 500 334.3655178067 160.1984944748 84.3248511033 152.3573271306 225.7520143771 78.9674528604 384.0121951971 291.1658217407 259.2692121773 311.6690969193 254.3194527279 196.9065617423 -9999 9.1760050662
436.5611129005 419.4263939488 405.8970775203 412.3056298029 409.2510714495 370.56549727 373.8263448108 351.3562447513 392.2295317771 497.387016199 500 500 500 424.8583124187 401.2258092217 404.3592915939 414.0388334432 410.4535203088 436.3167467236 437.0528837828 443.9414937346 437.2189501369 436.4615965718 397.0462201946 237.1958084948 399.5081261042 440.4385868859 438.5584754272 497.6086235421 458.0173205958 467.8252051062 495.509461928 500 500 500 500 500 495.0702291667 499.9228719737 500 500 500 500 489.9126335046 485.2544048178 495.4437024014 500 500 500 379.2885363451 288.6073367895 291.0728402151 284.8171103863 390.5162316463 284.6859977599 274.1796993286 315.9940286869 325.5259916323 318.8556793374 91.9055990371 -9999
