export/output/defaultflood.asc_corrected
NCOLS 350
NROWS 171
XLLCORNER 152620
YLLCORNER 418050
CELLSIZE 100
NODATA_VALUE -9999
[rows 135 to 161 of 171, columns 244 to 304 of 350]
402.4567956547 373.0197473628 406.1517150563 387.5161365778 368.1924166182 356.6122538719 408.8406341701 428.6513344547 478.7454521279 500 500 500 413.2560294958 389.8042329985 371.5807505545 366.1687663164 395.0344332736 338.5375723432 419.4244694168 444.4763699958 459.3519474124 429.1550680887 427.5175633517 445.0194853219 403.6466263363 384.3362146684 395.3596044118 425.8310739188 473.8660959946 465.920407786 500 500 500 500 500 500 500 500 491.7207086748 500 492.0009163391 500 500 480.0957107232 500 480.8723230962 467.3136954431 500 500 500 467.4477008153 272.6008296643 291.5807368914 324.8463269244 267.4867750166 222.3084802416 347.9398482312 376.4080229848 64.2592883491 -9999 37.2738746925
400.7828967889 388.4623802929 384.3880433674 390.9478835651 364.6498805741 341.8694853488 449.7715309102 462.0954853447 476.8545132383 500 500 404.4060230225 350.9237611737 374.1671928064 377.3609800145 402.6660555488 393.2483749221 420.8717138289 500 436.11747179 442.569464052 436.6774669213 369.6527171642 367.6527111831 409.1291268045 405.3186538204 360.2781246044 476.8926712324 468.1392509553 482.6309289923 500 500 500 500 493.6356681621 500 500 500 500 500 482.1084440891 500 469.4531596033 485.3766572732 485.2978537024 477.4475476226 480.9978933032 487.5214882161 475.2922318125 500 474.3984613945 363.2733403567 318.4721819935 258.2234390159 309.6465659151 214.3295920801 365.9204112546 249.6799335607 263.3163931904 71.4858016361 120.7779888682
403.3038139795 395.9205190171 403.7356166598 406.1360649746 392.1827154521 369.8339843043 442.1920404584 451.4209498941 474.1182284897 461.9779711845 387.2150439974 389.7575127031 393.2725971199 411.9519746818 435.0653203294 435.1147081628 427.3551445777 438.7792301316 435.0279547254 465.5678337454 445.7808820294 458.9182487013 457.8699782857 359.1145324621 486.3727068467 488.927073 500 478.45473037 464.1732147256 500 500 494.6101797628 495.8035776119 500 494.1373052993 490.1224020802 473.7803507244 448.7660825218 500 486.3265563385 500 468.4453099815 477.6889973685 482.8521462404 492.0560596424 478.3860835053 464.503859546 480.8123668241 449.2334239862 440.6942713407 458.9377069984 494.0353675605 308.7484968703 311.2860047462 291.9813036638 334.4222639507 279.4321478519 199.3620937807 203.5200626679 204.3829304871 205.4826878733
444.3364723126 419.8466645592 420.46596176 370.3806846289 388.9038190807 395.0815846311 410.4551302656 479.3821999898 416.0855002511 406.5545321014 393.438963579 400.7653047097 404.017105819 410.7989369357 417.886485463 404.0716701057 411.4779099905 411.8044537489 415.6435842806 337.0768373901 426.3005616822 476.4457702744 469.1231667214 458.7447693563 446.871179137 445.4125833972 468.3725259714 500 448.1332803172 471.1684990824 495.1528715669 500 500 488.2091616814 487.6338026395 500 473.2649280694 475.0811440029 489.4798138277 489.8943017996 463.1413369478 491.6039378049 500 468.6343699378 449.634801572 458.1930150087 472.9750273301 456.2229478682 472.6355592637 456.1380533472 421.3535138695 463.7621758199 454.8530859445 398.0112133287 323.2351278175 401.9058073331 255.1786990392 214.047161499 213.7890027216 287.6712979762 286.568239603
440.3056269622 471.2043736393 470.9779970474 378.5849443894 379.5905323166 383.8035819546 447.8319250132 406.4706422652 400.3386163038 383.6599976522 367.8365087635 397.7833130322 383.3924291616 395.8220378931 400.6431818692 383.1086304288 393.3665245892 394.7597864793 405.1098073076 411.0074888628 328.1244829599 411.3306477835 427.9428501493 300.6370019668 444.356393949 438.0793045766 455.1207876586 494.8228358724 395.1033718959 437.4634923388 416.6436095268 453.2604250038 500 446.9960179776 446.4963873549 459.6330916676 489.0849972082 379.8410877912 469.6815441732 486.7185109168 463.7522900519 486.2538638136 477.9508608205 454.9419164388 500 448.9622562547 460.7488585286 440.7785905902 480.1769966646 445.747299516 423.9547083744 433.2341689379 474.1353073388 431.9718694288 348.6109052264 331.2503239454 376.3383395249 291.2040292478 238.4066235659 308.0561088521 299.3074918611
469.8758630256 410.8619140571 401.539677753 370.4727874753 365.5231965824 406.6540239886 403.0401950082 388.5725112056 356.084047566 347.9117837686 372.2691951212 374.2652321347 389.7921276891 393.0966031819 379.5411878326 375.6464207087 384.5429318772 387.0327566346 428.6447393754 400.4953730231 387.1655542874 389.728980346 355.9625419604 303.7569638442 427.40841831 458.0014327674 467.7003688776 472.5952473191 420.5518587965 419.9215545941 400.2249213912 403.2932774229 361.4157301592 369.2013272225 486.6961735275 426.9166135419 445.459798597 454.2793530373 425.6843451889 489.3266795497 475.4941668074 492.0714628618 486.0155477542 453.1935374602 461.9240049932 445.7480350902 462.4111799905 446.9911375387 453.5139240117 421.7268255799 452.2639266133 411.0052616635 469.913460186 458.8325922794 437.8956948591 432.8668032628 328.3704390375 263.4055800262 299.319673602 359.4578015662 237.6162146556
407.8240750326 9.8406328975 345.8347693158 372.3448283532 369.0092842002 453.7321366261 458.2754926009 394.0256254575 361.7408066419 353.0679058844 355.318250715 377.9024347397 365.4617396925 347.198895908 375.5078643635 375.7414166994 377.3958895116 374.4026338287 385.7046165283 376.1137669598 401.7565986638 350.8937060285 383.5879923668 405.2621059259 397.2157170028 435.1504925323 473.6452930435 483.5268943575 456.288965948 433.3665775315 426.7061252311 378.8864767782 354.3011248062 262.6762629031 360.5661887604 374.0910368211 410.5240346496 438.0121440111 437.9555387021 473.5088242055 442.1995306904 471.4732378464 480.0687501774 467.9913381573 403.3024145999 450.7118408611 443.7887408638 426.11903658 432.9962023811 433.7417361294 429.5062786226 424.1530264557 430.0613711143 475.7942647419 451.5864829681 416.3854754494 420.5799510654 367.6012848589 275.9896690515 305.7562140353 258.5190013122
500 111.7999361754 391.2029039872 250.8679557295 -9999 344.7364343077 388.4411501928 377.017474142 12.9741710057 384.8163609952 331.4830455301 353.2185691992 378.0213484264 500 391.9377487845 371.5821681477 344.6676019617 373.3314610623 377.8287991323 366.6114030443 374.6773388636 350.9695681585 360.4405853106 356.4393458516 285.2535868805 435.6477182019 470.6352294405 481.8828425983 477.5696292561 409.2823540071 452.5855032227 387.9030334956 368.865385305 354.8761209318 356.6032536984 390.2831867749 403.1227146425 453.5121630156 447.7650561176 424.3088476293 414.642605556 458.8452978675 496.1378160061 472.6258173698 478.3951075409 448.2312732853 438.9640008775 461.2141157844 440.2810426966 463.2877805679 452.6373789616 451.9543740828 463.1485556506 427.7588181586 443.8819155058 464.372361369 376.6074396744 354.5545094522 314.7673587312 269.1266659647 145.4376485883
457.0362633498 492.4101951425 490.2566636179 350.7616535213 91.7335244947 446.7057480985 491.6750411313 480.9088279679 115.8448535633 486.9986631871 431.9443065598 463.7256237054 387.3557354773 187.0811550036 402.3406764239 382.9761886495 369.6153114254 393.7734701076 359.3017481887 331.3343059231 351.13231878 355.3401041386 357.2758633988 346.6572742992 300.2435421113 402.6468893421 437.0131481468 476.9647711055 451.7375413815 433.5365565442 373.773349468 469.3650715009 379.2228223283 365.2460962708 371.9338959059 374.6194802692 355.3510911421 446.173883627 446.6541181163 462.920031139 458.0113348926 446.9935797473 433.6666358695 453.0295681417 468.2104414058 460.5390433906 460.0744597179 462.745641178 470.3540709233 448.6237056957 448.9604433846 443.0689429467 454.9889276033 429.6094000775 411.1879427853 471.3135197002 451.5864170426 396.4280935544 410.8163822828 428.006872559 260.4761269599
350.5189050344 448.0578938374 500 351.1227870741 92.7042052597 448.6751165608 494.3595785117 483.6861222436 424.6226379295 425.9861321584 424.5316352556 500 489.1048473176 289.7109604709 500 382.6618314244 203.5360500866 410.4051664672 365.0403188413 331.2160377029 312.9237549011 332.4810023429 355.5052911235 316.3842042988 364.8573826539 347.3873044147 374.0895720245 394.5993292312 416.1176852665 379.0564515591 368.6763989161 481.913000755 436.854545129 363.5856984174 365.1437496653 333.3514712455 345.2851437624 360.3671989453 432.071170527 449.4264110946 461.4293439749 428.5540020347 453.7438976881 462.2898989664 421.2447615531 389.4867029732 451.33239266 441.187677287 441.7760033186 443.3764695907 437.7451949823 438.2776919101 438.8777597859 429.7976786542 410.8126437806 409.1552474482 439.8474951885 453.0719740251 397.7606479388 451.1269709123 389.7338176028
418.5678609553 416.965801538 -9999 -9999 -9999 -9999 -9999 -9999 -9999 329.3511197362 325.7447345273 318.1250427167 417.0640657607 414.8038809415 488.7905199308 486.7493410364 307.010192445 411.4411423732 287.8438435956 242.1722621918 320.5380145616 312.0608955875 295.0139891569 292.2136339486 294.4887056212 319.1436273703 328.8939504698 313.3956184935 330.6364725349 310.374645321 321.0819415241 448.7542742367 416.8297214787 438.2952701722 453.0504578659 371.8756481567 389.8505991763 384.2891546801 390.9873556798 392.9794612172 454.5097125401 448.097043867 427.4227699937 375.3592042379 347.9053227045 371.5002575046 375.9945524414 389.8131775501 435.6079629473 437.6436160727 434.6882232603 434.4149037943 446.8817821356 426.7008865941 400.5835658476 392.7689703797 409.9518327334 452.2611534432 430.5459424955 415.1507514247 404.9470550449
-9999 -9999 -9999 -9999 -9999 -9999 -9999 -9999 -9999 -9999 -9999 -9999 318.6872191818 317.0499495802 417.509651473 412.1108769766 500 500 388.6777002894 249.8003141161 311.9812494858 325.0917864628 369.3932502823 313.3589004008 328.9241171175 266.0622390388 302.516124463 299.0257226953 294.964118017 275.4885288877 309.0632330693 420.2845676499 304.9106225526 434.6015193187 397.9605650843 400.6980338853 341.2255650128 213.9308988982 397.4251731307 398.9365042516 432.716611773 444.0022390499 355.7518754543 375.6073234536 333.6625194886 268.2711332888 319.2370382548 404.8041617312 446.3011134845 435.148512125 457.9126894218 447.6592621311 467.9271560404 430.3090238981 399.5146473464 391.838303826 372.0337982338 402.3886837153 422.439215734 420.5126038808 456.7678968005
-9999 -9999 -9999 -9999 -9999 -9999 -9999 -9999 -9999 -9999 -9999 -9999 -9999 -9999 -9999 319.2350204475 416.5032451483 423.7561721465 352.3186415598 351.1944728202 420.6929002612 406.9030335492 81.5018686575 288.256453495 161.1364411045 306.9436135276 251.7592224229 271.9822271214 278.7773366282 286.3996550486 261.4579887628 328.3606801998 410.912285702 427.2766834324 311.0899635737 315.3779497438 319.8251170819 388.5063276017 454.3107441513 467.3708746935 471.8000146921 485.4644253236 458.9378067127 458.6266886947 479.8767607537 469.7419628715 464.4941599897 461.1800458199 460.6468929746 436.1360146308 422.4056179088 443.3408661979 427.1077338257 430.0140392594 417.4027330838 396.5289184156 376.7221912734 385.7610429225 404.884383002 424.4322603047 400.5872155795
-9999 -9999 -9999 -9999 -9999 -9999 -9999 -9999 -9999 -9999 -9999 -9999 -9999 -9999 -9999 -9999 -9999 326.0722462228 424.292678296 418.2423751072 500 500 371.5380865938 -9999 352.8851949316 373.9844191595 140.8109911665 210.0136619779 270.1216589742 241.2698634613 265.2814802333 395.9338628361 403.5272592174 325.8040236209 338.1027194412 223.5849682229 310.5416769967 360.5708730351 462.4153360108 443.6793438849 391.7433595753 449.5081153972 472.3399375242 496.8657397878 481.2109910546 472.1232622012 440.9881149932 444.746904172 443.1043093357 433.2434470441 423.8002274051 451.585216321 411.2947217399 420.4777809137 411.9349064699 434.739330991 411.9823909916 365.5682041691 385.7786706539 420.1062025736 438.5513326206
-9999 -9999 -9999 -9999 -9999 -9999 -9999 -9999 -9999 -9999 -9999 -9999 -9999 -9999 -9999 -9999 -9999 -9999 322.6467991505 420.4294302983 499.7950815398 496.518627482 392.3541184016 -9999 -9999 -9999 13.7536351578 5.597461908 50.4012631761 80.2524471172 314.6048205041 388.1151221142 381.3118074094 322.2630860162 329.7955785577 274.0152263652 369.3836853459 357.311253797 327.076285291 421.8205284817 451.429378204 473.170027433 463.4069278654 450.7818376599 445.9935959617 452.9893490912 423.6075532395 425.1511169553 417.072318067 409.7800206632 416.409909056 422.7281216994 414.5233649765 414.9899988648 406.0770960717 401.6243600857 407.7430741466 360.1879040595 376.5590033181 394.7369226099 419.956502162
-9999 -9999 -9999 -9999 -9999 -9999 -9999 -9999 -9999 -9999 -9999 -9999 -9999 -9999 -9999 -9999 -9999 -9999 341.4859442614 439.9187238459 424.2131959081 500 496.9987539069 372.0466732153 323.967094153 353.6729491455 320.9843931454 295.6117923807 271.1696864894 315.770530127 349.8730911837 352.4741803383 -9999 358.8084688441 217.1750755462 187.7210457949 314.122072296 226.6857983444 359.256065884 418.1174561521 405.8582216707 332.7692475385 399.8235041141 433.477141839 455.0079386026 422.5888533319 395.9218782724 418.6894639101 369.6782403653 395.2511150269 382.740443096 385.963806317 425.5443470527 408.0705287834 401.0786347697 408.475914724 414.4014366476 404.3211525832 374.6370574535 393.0577892439 414.7608716044
-9999 -9999 -9999 -9999 -9999 -9999 -9999 -9999 -9999 -9999 -9999 -9999 -9999 -9999 -9999 -9999 -9999 -9999 -9999 331.2159317808 428.3086783428 424.3489028308 478.1849299091 477.2135820099 298.8252263772 307.8311194701 316.7870250672 298.5466226919 375.7771406816 310.9188686695 337.1730854118 372.2211609688 386.7022279095 338.8678250105 388.0640516361 317.349420123 46.448825458 415.8640033728 344.4013892194 398.0687645431 433.8286191608 354.9413490803 314.2979562239 360.6196157844 363.7438393334 393.2651669022 393.5851937045 414.2585932377 402.7334474447 401.0650855442 409.2522083777 424.0811533049 381.0784791282 379.1331445512 389.7006299914 392.4211036959 394.4754686456 400.7463920543 374.28046128 409.4556602034 401.2586351428
-9999 -9999 -9999 -9999 -9999 -9999 -9999 -9999 -9999 -9999 -9999 -9999 -9999 -9999 -9999 -9999 -9999 -9999 -9999 -9999 430.7166630808 428.0313224534 371.7917012957 371.3288436726 267.2597404405 307.2107264861 303.2724959872 286.5400485104 245.7838572149 319.0552296946 347.9466950449 436.2162464519 396.0704445314 310.8548621575 347.2435795364 348.7072515033 379.6465524163 431.6759805983 411.7597054214 415.8203277964 435.2899182261 418.0286316813 258.4626513501 339.1580564153 372.4880547157 374.252734377 370.8483283472 356.3748385239 345.7442985216 338.9236409094 346.4406727839 369.2308329441 383.2128569997 369.3970964848 372.9085092462 394.0762109872 385.3571114351 383.1771703085 340.077470594 384.7773915324 397.8183564732
-9999 -9999 -9999 -9999 -9999 -9999 -9999 -9999 -9999 -9999 -9999 -9999 -9999 -9999 -9999 -9999 -9999 -9999 -9999 -9999 334.0050670652 435.545129346 436.8774909822 381.3465608463 377.8319734692 324.0623279695 292.5821264519 303.1385294765 310.3104379702 284.6292680037 302.9151251861 313.8829460634 294.9041457862 317.5306055056 320.6422238221 360.4148895039 376.0669963149 389.8606776233 101.6775168842 391.1078873076 416.2008783275 410.952774868 412.4621479741 401.5986438091 391.7213154308 355.3996884993 370.181116812 351.4599253288 369.9829127071 351.4171221366 360.3982277376 309.8277992341 339.8785874977 343.3917553594 391.7962053189 365.255260072 370.2022957139 379.8964227859 408.6499694378 394.8417648941 388.9208567363
-9999 -9999 -9999 -9999 -9999 -9999 -9999 -9999 -9999 -9999 -9999 -9999 -9999 -9999 -9999 -9999 -9999 -9999 -9999 -9999 -9999 441.9277960467 446.897448576 394.4699870074 443.1053804147 435.3803773772 331.9541712371 304.756620841 311.3391283022 295.6784641413 286.8752394733 268.858922478 272.5329879229 312.7804302869 319.7980694041 352.3972449678 358.2364083304 381.6549347341 143.135652326 395.9745927159 399.5679216206 414.6006471005 409.7580649447 295.7760485591 380.7372736631 383.9582153417 438.9619973982 416.1938762596 352.8149166239 339.1128515382 279.039333367 309.8565787503 327.0136371872 331.2371289175 336.0795119238 314.5832520375 325.5707650062 376.4973883665 373.8963354668 371.5072040651 389.0711888155
-9999 -9999 -9999 -9999 -9999 -9999 -9999 -9999 -9999 -9999 -9999 -9999 -9999 -9999 -9999 -9999 -9999 -9999 -9999 -9999 -9999 353.1614814901 462.0968636346 451.5784792414 463.2443173379 454.4060496302 343.1804736421 354.2259661896 315.9858404339 295.5904670641 260.8872616878 272.1347228369 307.5303802526 315.615128715 335.781358934 328.2201654186 328.5385221436 322.0485473263 126.9467598498 159.5301391 395.226044528 379.9333933698 376.3151703656 308.883939041 332.4880083556 390.2332503655 393.6593162561 354.3174698017 336.0110643774 321.7774856501 394.0303388195 357.8086964972 376.6612828415 343.1363761193 311.7190074594 238.9241942518 288.9597902048 329.746293904 347.0992004155 348.2513234949 412.4738747348
-9999 -9999 -9999 -9999 -9999 -9999 -9999 -9999 -9999 -9999 -9999 -9999 -9999 -9999 -9999 -9999 -9999 -9999 -9999 -9999 -9999 -9999 367.7147564019 474.0779492677 317.6513777236 467.8035229214 452.9198358323 339.9567790894 341.5688813616 313.4449411763 239.2470243315 307.8368052856 305.5892573346 322.9409749458 328.1586452781 319.3206557678 312.2024439806 323.4143816435 349.1361978772 140.4597471547 179.6637242558 361.7625206186 374.7293029811 369.7793080628 333.6807089231 388.8859652729 402.356478178 351.3661026629 373.9707316438 366.4006848323 387.1167207054 383.8462319923 307.2236133855 361.5437100571 353.2791253179 142.8349582268 371.4310318077 357.7728330307 333.4478801828 310.3725774123 326.6666392038
-9999 -9999 -9999 -9999 -9999 -9999 -9999 -9999 -9999 -9999 -9999 -9999 -9999 -9999 -9999 -9999 -9999 -9999 -9999 -9999 -9999 -9999 410.4420883451 251.8905079019 333.9810689529 -9999 337.8114996726 222.5147980262 312.6834413759 335.7441071894 268.9113873063 283.0229565177 370.9564239118 364.4721061292 313.9477210033 304.051636312 297.3880064349 309.399092264 355.4918620757 318.6708414501 382.0434012402 214.5838370194 389.0008516649 329.9961080385 323.3170335819 363.8669686491 383.5731736053 326.3444616093 390.981844978 383.4266493003 407.034345366 452.9595449261 413.7561998368 392.0400831418 171.9317024737 355.3308716459 315.9565279431 371.4865088372 333.5453511548 303.375354351 248.8126681258
-9999 -9999 -9999 -9999 -9999 -9999 -9999 -9999 -9999 -9999 -9999 -9999 -9999 -9999 -9999 -9999 -9999 -9999 -9999 -9999 -9999 -9999 -9999 -9999 -9999 -9999 328.6090946472 212.9399956523 210.5888604792 290.0782809908 288.667503889 392.8051746361 386.5794455145 373.6627476066 267.0586913636 267.0813825007 301.6599642898 307.5947826538 311.1711780224 297.5159124291 294.5493239086 361.4340278191 343.1231836126 327.5066845842 328.1597500437 359.019085775 403.6042882563 313.7100143207 335.5414364521 434.9789107072 436.2446313441 392.5117341198 20.1583299407 147.4612061926 387.8776186434 346.000616462 350.5345378112 275.9214382072 376.9252557396 364.7149972407 275.4700346441
-9999 -9999 -9999 -9999 -9999 -9999 -9999 -9999 -9999 -9999 -9999 -9999 -9999 -9999 -9999 -9999 -9999 -9999 -9999 -9999 -9999 -9999 -9999 -9999 138.9419228917 123.3104364819 325.5127035578 212.850720957 216.0031603492 309.8555242817 292.7062907844 292.9671627612 321.4644276976 384.1569732785 254.0769971375 259.5279016583 300.2971885104 299.2281603466 293.394001094 300.7918567446 265.6990474142 287.4171851323 249.5847780386 336.5280452466 312.6092323169 334.0980759841 386.7716351037 314.0718242748 362.2271803301 330.9895218789 477.2347758297 402.5629403944 479.8387186283 217.996781 122.4834192694 248.5220197372 280.9569316879 237.273102497 -9999 300.5948164456 292.418827791
-9999 -9999 -9999 -9999 -9999 -9999 -9999 -9999 -9999 -9999 -9999 -9999 -9999 -9999 -9999 -9999 -9999 -9999 -9999 -9999 -9999 -9999 -9999 -9999 -9999 -9999 314.1761729009 204.0174006158 214.3475710538 268.4711293916 257.6999943515 275.2576303719 265.298231395 255.3083336105 261.7702758313 263.0081890163 256.8176173117 286.5017978592 261.8042977032 281.9941148628 283.5174916889 283.6529851207 342.8415245407 328.3764924228 229.9753569823 346.7971300761 407.7576224602 360.2463495276 336.3199231743 333.3309080727 390.1643638082 434.0303497867 400.5523321281 481.2303685776 279.9455096558 118.8647901146 275.3812861998 171.8966697933 263.2778211767 218.5750206919 392.2447912325
-9999 -9999 -9999 -9999 -9999 -9999 -9999 -9999 -9999 -9999 -9999 -9999 -9999 -9999 -9999 -9999 -9999 -9999 -9999 -9999 -9999 -9999 -9999 -9999 -9999 -9999 76.7444951499 304.3442467157 204.1194567206 233.2344122879 210.0227544194 254.3129438827 266.1596939244 248.9715323014 240.6664749081 235.3365384143 210.2614103056 270.0720912509 261.3172201171 273.996407744 283.0223528783 278.4900416698 336.9817307994 338.4270009153 391.1094119308 363.8343597643 405.6694629225 357.1988105924 386.2976138961 362.0514169487 403.8702597814 419.6553809635 123.9670703477 372.3701686553 410.6643086035 282.1321922815 338.8521945421 77.207908618 215.2489795219 -9999 299.2603402907
