export/output/defaultflood.asc_corrected
NCOLS 350
NROWS 171
XLLCORNER 152620
YLLCORNER 418050
CELLSIZE 100
NODATA_VALUE -9999
[rows 81 to 107 of 171, columns 183 to 243 of 350]
498.4394646265 491.0815365687 462.4101095662 500 500 497.9569202997 500 500 500 500 500 500 500 500 496.9105614803 499.2418504698 485.0975105471 495.990012366 500 500 500 500 490.4691184172 498.5574005153 500 500 491.7976739019 466.9408450567 458.3990331244 500 500 500 463.1278161169 500 500 500 500 500 500 500 500 500 486.2281604823 411.0766205801 409.5881909782 308.2660650797 380.2541233926 464.8724982197 198.7524271615 266.8177729566 57.701831591 138.2030392876 157.6720564496 456.7620793449 495.7928006162 470.3686553441 493.3602090724 484.5717452935 492.437762458 500 500
500 500 495.8127225692 500 442.2214092289 500 500 500 500 493.899337845 500 498.3000402128 496.6825045186 495.2176982201 489.0371894654 495.8951166587 481.0073505456 487.3582985057 495.3406432871 493.4376094425 500 500 500 493.6917807062 500 500 499.4774496704 470.4689764516 458.556704303 500 492.5336220961 498.7685229969 500 500 500 500 500 500 494.6940494017 500 448.0647739824 500 468.9809200046 459.0586931169 482.9664030265 382.5230705401 491.3744123158 336.8501714037 372.5353512332 312.4365438899 -9999 143.4376493818 -9999 426.7863553729 482.6847045805 500 472.2336596846 500 500 466.8049776752 500
500 500 500 500 500 500 499.2275983255 500 500 500 489.0383598244 481.3839606779 479.8092354989 485.1097643947 469.6159148211 469.402155683 481.995782586 490.9630557864 497.1956076054 464.5054877799 495.5181702682 500 500 491.9535294078 500 500 500 475.2115905932 466.9940409182 500 481.511623167 494.186731487 500 497.2634544601 500 498.2936574365 500 491.1752682013 500 497.2003387872 500 495.9913556708 462.3345503075 500 500 499.990194076 410.4353062383 500 422.5612667234 219.305261615 -9999 120.1789800005 135.4805218835 156.5344976521 295.3641740882 459.7477581095 500 500 494.9940958235 448.3579380641 428.8525281186
481.387337334 493.965288781 500 500 500 500 500 496.459499828 483.3754392382 500 467.5605007006 488.7195301437 474.9663462487 466.2803621595 466.0027168242 485.3373972897 488.9912527914 462.8415624188 479.1898798174 475.6980556048 500 500 492.8238382936 500 495.0744812638 500 500 485.5382658654 485.8154167361 500 475.6328871164 488.1732533877 496.140048825 491.6130259536 500 490.6376980319 496.8393404268 500 497.0252510865 500 500 474.6009244212 500 500 500 498.7630255541 454.4460685176 493.8684173962 402.647066255 229.5056314057 286.0157145536 131.5649488727 136.6727083183 303.5508575533 346.8221635901 459.8259130325 473.8673217077 400.2406240704 431.3730141352 382.1652268698 398.2281766203
469.3013641985 500 487.7920210203 500 500 496.9137567633 500 500 486.4514379163 487.0536454497 481.7452936305 481.6886767785 478.1463792511 464.3725771654 477.9589763555 472.1730160927 474.0703586293 486.5779198135 480.3170578077 473.7945422907 469.2936361327 500 500 494.3756009109 500 465.6939572365 500 485.1658411838 462.6467551654 499.6350702862 500 500 500 500 500 500 495.9832314019 500 500 484.5126027642 500 500 498.6197740521 430.510086453 496.2267197152 500 500 473.0317099901 453.004346261 326.3694314547 402.6429889197 385.0735599736 404.3610059404 469.5396021436 344.3433960594 472.1833226653 429.1809813068 481.995049146 500 500 456.1171890759
477.844973925 480.1638683091 500 498.1453384683 499.3463367854 500 500 498.2909982131 471.835888778 487.1418533538 490.2776908885 478.959105589 442.1846679753 468.1742668141 481.7459704722 473.1431161929 487.185883479 460.8803753467 465.6582079485 471.0169570781 487.8387224332 500 493.3574236726 500 500 500 500 500 488.4721546932 465.1744229871 479.6349970143 488.5761881086 479.2551253072 489.2826244478 499.3754740104 500 500 488.5401716996 498.1771712676 500 496.8932938095 500 495.6133726183 500 418.2993790619 500 500 500 500 470.7266497645 500 471.8177113181 410.9682964622 495.5020951195 449.2751320877 459.0349939647 382.1268233581 359.348107377 428.9165796455 494.2828997743 386.6466249437
468.0881785246 472.6092305293 496.0711610014 500 498.5574899968 499.1898773048 468.3667769785 453.5386488305 458.5836579414 486.1761078091 482.7693963912 463.1215106095 495.3918786858 433.8364407414 475.9224258109 467.8980224362 496.6446934748 455.2834360988 472.7937174702 469.4126220056 481.7359828778 487.5100489593 500 500 500 500 500 500 500 484.1269397741 469.558181403 478.2325862669 478.8982172708 448.0909725952 458.636821448 477.4149227947 500 500 500 498.0255868252 500 500 480.0492901023 500 416.3792096119 -9999 500 500 500 500 500 492.1758752145 481.1820419157 500 500 466.3187346334 469.1620602663 481.8296507075 428.7899390375 416.660660129 401.7139692494
379.7938177787 88.5012243171 500 500 482.6346598943 487.049816604 471.5567959467 483.55863732 458.1452346647 458.8331104106 472.7756634408 476.842260342 476.2483856416 500 468.4902279758 479.2370456869 485.8119780773 461.1409885071 467.8426239703 469.4269223072 474.111926929 484.3365274222 496.4133787214 498.2753550765 500 500 500 500 500 486.9576641533 482.0760432659 488.3174061583 485.0652441692 466.9204500134 454.2825841786 446.4430055268 470.5768909218 500 480.8529197313 498.6978214072 498.3831636949 489.6630160359 481.8837038524 495.5536659124 490.2096927817 499.4603567863 487.9429553844 500 500 486.6269317808 500 500 500 496.2677255263 500 478.8648898037 440.757872529 450.3710480326 368.3951326961 315.8849049475 304.3597908314
500 494.4364750249 405.1724547997 376.4609630754 213.4785457985 491.9012460808 460.6144566182 446.7604171925 444.7034243687 361.352986613 396.1074077033 456.7301258872 483.8933806848 372.9736930715 469.9891955963 460.7268976454 200.2077360206 481.2154823534 462.8111473168 486.4450611907 484.0138257984 473.680197231 494.6652995334 478.0718388979 489.184055822 499.1578109606 491.9233329171 491.3864740583 500 500 500 500 500 494.8760306957 484.8272309049 461.757621435 468.9718936345 488.5491755772 482.7998310089 472.5792939085 500 479.0483942966 479.7803026388 489.6726091138 490.4444117501 500 500 500 499.4762229439 497.1918789738 500 500 498.9857297663 500 500 477.4522855884 422.5223933198 439.2359482533 388.1519164282 405.7474357123 327.1072501638
500 500 500 500 487.5009356378 470.8015845422 295.9380775181 373.244027659 318.031208688 73.3351058987 448.4925541087 124.965686144 399.0057947911 500 500 500 449.8644706739 500 127.312247602 495.7219911201 474.9145038079 492.5484880755 478.4040747766 497.775998581 490.7642723555 485.5598680665 488.0726253381 486.4257398048 486.2539871756 500 500 500 500 500 496.8247810856 481.3087674602 483.8453840464 488.0687322832 462.8716841059 489.9109816304 497.5358799494 487.3961983314 471.4072492371 479.5541100562 487.6314108347 493.3411351434 492.3571238188 500 500 500 500 500 500 500 500 416.0405119468 444.8323629251 428.0550743266 405.6720653328 377.3735153792 287.195150483
500 500 500 500 352.7863161164 341.0014623845 413.4385728755 277.0602931169 245.7761475767 360.6950294901 300.6894864337 500 500 500 498.9348590431 500 500 500 500 500 500 480.3075477843 476.8175315034 488.9185515716 495.7142172555 496.9775203312 490.9175510435 485.8604863192 499.6223396597 500 498.9253870223 497.3256780003 500 500 500 499.9494213343 488.0340163117 500 478.7553619846 467.9311655336 475.0333791856 468.7069666114 497.8055105313 432.0937007629 500 500 500 500 426.2342511603 500 500 500 500 500 500 465.8247072479 437.3505060878 416.9547633372 437.6447751852 350.7354148181 344.8886874271
500 500 500 500 465.5354916147 467.0236982658 453.6305558559 341.1697832304 129.8677619465 364.4805603641 500 378.8868727824 303.3675414235 260.4175481458 257.1763897774 402.2682855363 500 500 500 500 500 481.8691268189 490.2681432503 500 490.9560685046 500 495.7872797468 481.292644029 500 500 500 495.7173330526 498.7170842902 500 496.9676417464 491.2570861154 500 500 464.7941242769 442.8641168869 458.4371150565 474.6739677669 474.4433365533 400.9422367322 498.3759011148 500 488.7155368133 483.0411177131 452.5615112315 500 500 500 500 500 500 500 500 500 432.0157052478 459.326504312 434.4296084507
500 500 500 486.1480507045 482.8478459354 483.2415691901 469.4445675612 457.5048109175 134.2195667836 500 444.5683647689 381.7843083 364.7770694306 358.800331233 337.3804702562 266.36547127 500 500 459.8815229532 419.0610537102 500 500 100.5554432395 500 500 492.4957237309 474.0302806132 500 497.518775223 500 500 500 497.1233918255 500 500 483.7414952679 456.2455946834 500 500 432.8790014582 427.108195759 435.9821035223 480.2964599088 423.8374765482 496.0508330162 500 500 500 486.130524931 429.9544683857 444.6190013798 442.2145428327 422.1716627202 467.0381009036 482.5168853651 500 466.1049443074 500 500 500 500
500 500 500 500 500 500 500 500 242.0416384482 500 500 482.9536972633 464.1063917206 460.911612511 364.5992813586 362.2411311045 316.7823469569 500 445.307053788 403.2446741875 448.1812414158 500 447.1288316699 319.0234512883 500 488.1160907158 500 500 500 500 500 500 500 500 500 498.502315869 479.5491982027 415.6452140043 500 500 345.3404598523 427.7653210992 407.4086113033 477.7656221172 495.2001639945 500 500 500 453.7575864088 479.9017047491 500 436.1779480735 371.8703397221 484.4657489314 500 469.1671190866 461.1352520534 472.285568372 472.7493991939 500 500
500 500 500 500 500 500 500 500 456.0235940158 346.0558916291 334.453951856 370.2829142022 466.7892074543 466.3950745002 466.8745348914 463.878100939 366.7941119602 498.2767360405 500 423.2763600268 361.9522751378 447.0813165623 497.4408770598 482.3474304921 464.1946359633 475.1661742423 500 487.8860983318 454.1798214034 500 500 487.5345549044 500 500 493.8621298474 500 500 462.0296879375 457.4812812574 433.2392407864 500 472.073546166 444.8981543465 481.4858653423 487.2673664627 500 500 500 489.2747632779 500 500 454.1460505358 397.6805439879 387.6369410059 484.7153048677 500 500 499.5938271619 485.2544250074 470.3073070241 482.6024063037
292.5449595652 410.1579196786 267.7647455831 500 500 489.6022727863 461.600532218 445.4934773931 426.071043248 410.8671064746 375.5822471605 387.3232850329 389.0902381223 368.2123400437 391.6656152824 493.0984222001 468.0181438062 487.1843288344 500 397.4425310938 408.820116833 392.4543520153 448.3759701359 500 436.427705337 472.7624840766 486.7039457776 500 462.3428013971 493.9708726929 498.0200745003 500 494.1372098005 500 500 498.3162633757 498.8391472017 493.0189529697 479.4531782139 427.2463528692 453.6288626755 498.5971614159 500 488.0189471444 493.485246666 492.2484609305 495.9747493201 500 500 500 473.3744752143 500 416.214478987 402.9306524882 500 500 500 492.6561606827 477.0062364214 485.4997459162 494.9977353674
-9999 -9999 -9999 -9999 -9999 -9999 -9999 -9999 -9999 -9999 -9999 -9999 373.5290812125 360.1131720963 353.2069731542 336.0681913513 438.9901623913 500 498.7923456562 417.5718018456 394.8824753661 375.5816651103 425.1679794914 491.4512250153 147.6627211355 500 477.8359399525 480.5201590412 500 482.7330364413 488.3713075666 495.9080307098 500 500 500 500 483.1629727955 497.7705291669 474.0111608467 500 495.5576397594 500 435.3067181464 500 500 500 500 500 500 500 500 500 500 500 500 496.6772168148 500 475.2532901763 500 493.8328839284 499.2760440376
-9999 -9999 -9999 -9999 -9999 -9999 -9999 -9999 -9999 -9999 -9999 -9999 -9999 -9999 343.0649131059 320.7337829724 335.327437109 437.7385476324 500 431.4469124454 408.5417620555 407.0905291466 381.8482798719 482.461227626 479.6657309585 500 476.7256612153 479.8220341399 500 499.7124323583 473.6189549496 480.7117362988 500 499.0092447947 496.8492846606 500 500 500 496.71364099 500 500 457.230408694 410.2015925031 405.7450630286 500 500 500 500 500 500 500 500 500 500 500 500 500 500 500 500 500
-9999 -9999 -9999 -9999 -9999 -9999 -9999 -9999 -9999 -9999 -9999 -9999 -9999 -9999 -9999 327.2839578469 338.6246195437 333.8436332121 500 429.0230291343 389.1232565924 411.246083893 354.9545347786 412.7173066872 422.6989805048 368.8961762571 488.3499849176 492.0364088999 500 500 469.299776015 445.7227720956 487.3540943563 485.2674621433 500 500 500 494.4247835697 500 500 500 500 424.8525322504 183.8154427118 315.3994715716 500 500 500 500 500 500 500 500 500 500 500 500 490.3652127356 495.317880927 498.5447947533 500
-9999 -9999 -9999 -9999 -9999 -9999 -9999 -9999 -9999 -9999 -9999 -9999 -9999 -9999 -9999 -9999 343.8298636214 336.666415972 331.7837503535 500 400.6868696988 397.8895687273 393.4268957344 407.5437062547 410.129474281 428.7796511289 476.0489546005 485.2633095394 490.2885942057 493.4810333998 452.508492541 403.3879969983 411.491176162 475.3386455741 490.9211729856 500 500 500 486.8541875204 500 255.8916459641 485.5055642582 497.0416718521 172.8270874296 415.6538122383 222.470316098 -9999 -9999 487.8478833509 500 500 500 422.6066446316 225.0491000272 500 500 493.3349102148 500 500 437.6363050926 500
-9999 -9999 -9999 -9999 -9999 -9999 -9999 -9999 -9999 -9999 -9999 -9999 -9999 -9999 -9999 -9999 354.6572458416 336.5944933258 433.0055804868 500 400.7316969035 393.5820738582 390.522675202 356.0159501812 375.7822538381 408.9350694226 137.5671528695 484.2145016452 488.8048888387 492.6293370982 469.4195168226 426.0567918652 389.5058131128 493.5630560757 486.2616943295 500 500 500 500 500 455.9949950427 500 426.6265041783 500 500 500 500 500 500 500 -9999 292.4244274635 298.5917239191 18.0058681559 122.1364642121 448.3343182836 329.1403469167 289.556923078 500 500 500
-9999 -9999 -9999 -9999 -9999 -9999 -9999 -9999 -9999 -9999 -9999 -9999 -9999 -9999 -9999 -9999 -9999 334.3406463002 351.9546001249 448.0398833742 500 386.9003685057 387.6860474492 373.0756677802 331.2142538251 360.333010539 384.6263468229 79.6146967557 500 467.933558081 467.3489377112 442.3170853561 450.9933015318 467.4453169299 484.7140579313 496.9556220006 498.5707661603 500 500 500 500 492.5839169605 500 500 500 500 500 500 500 500 500 500 500 500 156.4543237239 500 500 500 500 56.893129019 500
-9999 -9999 -9999 -9999 -9999 -9999 -9999 -9999 -9999 -9999 -9999 -9999 -9999 -9999 -9999 -9999 -9999 453.1026602099 346.2726132674 341.2402324229 490.1733346904 386.6102504548 386.4770000113 381.4633353471 343.3146933196 337.3941636775 338.8590226599 379.636924448 213.7324162742 500 472.5211728432 485.9808099422 468.859109277 488.9737622041 441.2972392997 436.0713493739 500 500 500 500 500 358.4706740474 500 500 500 500 500 500 500 500 500 407.8464676407 500 259.1468836754 194.4932111001 317.5305254442 500 478.8653107316 500 182.3233885116 500
-9999 -9999 -9999 -9999 -9999 -9999 -9999 -9999 -9999 -9999 -9999 -9999 -9999 -9999 -9999 -9999 -9999 -9999 455.941416733 448.5317076683 500 488.5521091433 389.3564655437 385.4133493488 360.636308908 360.9514157765 427.2174349559 408.9433204375 76.98303172 500 500 500 500 500 500 500 500 482.6769420314 474.5136322655 500 216.8560893441 228.60518034 500 500 500 493.8324179769 500 500 500 500 500 201.9869320557 500 500 500 500 500 491.423180319 500 452.6905784373 500
-9999 -9999 -9999 -9999 -9999 -9999 -9999 -9999 -9999 -9999 -9999 -9999 -9999 -9999 -9999 -9999 -9999 -9999 418.8527235472 442.1104433925 500 490.3104424156 387.8868882476 393.2048650402 396.1137418748 357.0058604952 351.2770053825 382.0826030499 406.1302933867 478.3535129609 482.7785464342 485.0927444788 500 500 500 500 494.3207098401 477.9948972589 461.1623879562 420.5246621642 500 154.8938925861 500 500 500 500 500 500 500 500 500 -9999 500 500 500 500 500 500 500 483.2717844026 500
-9999 -9999 -9999 -9999 -9999 -9999 -9999 -9999 -9999 -9999 -9999 -9999 -9999 -9999 -9999 -9999 -9999 -9999 -9999 374.5563240794 473.1787224642 493.6362866306 391.1113499223 397.7704687458 400.6077304842 355.0491054969 357.0193087196 419.26952211 500 500 500 497.5500863502 500 500 500 483.6267532024 471.2573061038 472.2217107069 495.6618221723 470.2739838027 500 498.1220963459 500 500 500 500 500 500 500 500 500 343.1364212596 500 500 500 500 500 500 500 500 500
-9999 -9999 -9999 -9999 -9999 -9999 -9999 -9999 -9999 -9999 -9999 -9999 -9999 -9999 -9999 -9999 -9999 -9999 -9999 102.840471144 203.4905493735 496.6527064611 495.8356277744 398.3986477213 406.8837270308 423.5789024868 432.6734688861 120.2530880675 500 500 500 500 500 500 500 500 500 500 500 500 440.1629638931 500 436.7856170475 500 500 500 500 500 500 500 500 500 500 500 421.5789951921 496.3685336649 500 397.3390560294 398.8460562283 454.3154730637 415.3116097181
